6
F          0.0000000 0.1401376 0.1301725 0.1301075 0.1421738 0.1399071 
E          0.1401376 0.0000000 0.0965632 0.0965175 0.1153588 0.1055238 
A          0.1301725 0.0965632 0.0000000 0.0080322 0.0901370 0.0764855 
B          0.1301075 0.0965175 0.0080322 0.0000000 0.0900945 0.0764502 
C          0.1421738 0.1153588 0.0901370 0.0900945 0.0000000 0.0348993 
D          0.1399071 0.1055238 0.0764855 0.0764502 0.0348993 0.0000000 
