6
F          0.0000000 0.1114269 0.1212690 0.1258491 0.1162130 0.1142355 
E          0.1114269 0.0000000 0.0759962 0.0803841 0.0825764 0.0850505 
C          0.1212690 0.0759962 0.0000000 0.0540493 0.0518972 0.0541942 
D          0.1258491 0.0803841 0.0540493 0.0000000 0.0410436 0.0432694 
A          0.1162130 0.0825764 0.0518972 0.0410436 0.0000000 0.0100549 
B          0.1142355 0.0850505 0.0541942 0.0432694 0.0100549 0.0000000 
