6
F          0.0000000 0.1088448 0.1131216 0.1015298 0.1110838 0.1088066 
E          0.1088448 0.0000000 0.1177334 0.0990440 0.1084712 0.1062057 
D          0.1131216 0.1177334 0.0000000 0.0967117 0.0991944 0.0992783 
C          0.1015298 0.0990440 0.0967117 0.0000000 0.0520616 0.0499364 
A          0.1110838 0.1084712 0.0991944 0.0520616 0.0000000 0.0101037 
B          0.1088066 0.1062057 0.0992783 0.0499364 0.0101037 0.0000000 
