6
F          0.0000000 0.0944561 0.1016642 0.0993673 0.1285792 0.1112676 
E          0.0944561 0.0000000 0.0942226 0.0942527 0.1183748 0.0968638 
C          0.1016642 0.0942226 0.0000000 0.0497234 0.0719556 0.0584658 
D          0.0993673 0.0942527 0.0497234 0.0000000 0.0676289 0.0520480 
A          0.1285792 0.1183748 0.0719556 0.0676289 0.0000000 0.0350459 
B          0.1112676 0.0968638 0.0584658 0.0520480 0.0350459 0.0000000 
