6
E          0.0000000 0.1060427 0.1043600 0.1215850 0.1094914 0.0927818 
F          0.1060427 0.0000000 0.1012007 0.1253270 0.1131695 0.0965114 
A          0.1043600 0.1012007 0.0000000 0.1158954 0.1087707 0.0854538 
B          0.1215850 0.1253270 0.1158954 0.0000000 0.0701371 0.0501627 
C          0.1094914 0.1131695 0.1087707 0.0701371 0.0000000 0.0435792 
D          0.0927818 0.0965114 0.0854538 0.0501627 0.0435792 0.0000000 
