6
E          0.0000000 0.0856808 0.0826251 0.1251917 0.1105884 0.1078377 
A          0.0856808 0.0000000 0.0351007 0.1339230 0.1142683 0.1161267 
B          0.0826251 0.0351007 0.0000000 0.1330017 0.1131645 0.1057934 
F          0.1251917 0.1339230 0.1330017 0.0000000 0.1143181 0.1115021 
C          0.1105884 0.1142683 0.1131645 0.1143181 0.0000000 0.0264328 
D          0.1078377 0.1161267 0.1057934 0.1115021 0.0264328 0.0000000 
