6
F          0.0000000 0.0899890 0.1042423 0.1013221 0.0947911 0.1043037 
C          0.0899890 0.0000000 0.0604033 0.0966991 0.0922122 0.1016572 
D          0.1042423 0.0604033 0.0000000 0.1157352 0.1065086 0.1162125 
E          0.1013221 0.0966991 0.1157352 0.0000000 0.0993006 0.1135135 
A          0.0947911 0.0922122 0.1065086 0.0993006 0.0000000 0.0328871 
B          0.1043037 0.1016572 0.1162125 0.1135135 0.0328871 0.0000000 
