6
F          0.0000000 0.1019366 0.1064759 0.1089744 0.1039313 0.1071368 
E          0.1019366 0.0000000 0.0769539 0.0770346 0.0790721 0.0819870 
A          0.1064759 0.0769539 0.0000000 0.0142340 0.0633887 0.0705988 
B          0.1089744 0.0770346 0.0142340 0.0000000 0.0701392 0.0729510 
C          0.1039313 0.0790721 0.0633887 0.0701392 0.0000000 0.0350088 
D          0.1071368 0.0819870 0.0705988 0.0729510 0.0350088 0.0000000 
