6
F          0.0000000 0.0980026 0.1130303 0.1199062 0.1062534 0.1015869 
E          0.0980026 0.0000000 0.0999125 0.1093932 0.0931108 0.0884930 
A          0.1130303 0.0999125 0.0000000 0.0080406 0.0581987 0.0581646 
B          0.1199062 0.1093932 0.0080406 0.0000000 0.0669712 0.0669316 
C          0.1062534 0.0931108 0.0581987 0.0669712 0.0000000 0.0202384 
D          0.1015869 0.0884930 0.0581646 0.0669316 0.0202384 0.0000000 
