6
F          0.0000000 0.1157110 0.1235042 0.1257123 0.1362657 0.1434518 
E          0.1157110 0.0000000 0.0828840 0.0897292 0.0946559 0.1037983 
A          0.1235042 0.0828840 0.0000000 0.0100870 0.0392152 0.0477076 
B          0.1257123 0.0897292 0.0100870 0.0000000 0.0499088 0.0585195 
C          0.1362657 0.0946559 0.0392152 0.0499088 0.0000000 0.0329399 
D          0.1434518 0.1037983 0.0477076 0.0585195 0.0329399 0.0000000 
