6
F          0.0000000 0.0918203 0.0965939 0.0939692 0.1034345 0.1078495 
A          0.0918203 0.0000000 0.0453827 0.0474104 0.0805018 0.0758022 
C          0.0965939 0.0453827 0.0000000 0.0265018 0.0876116 0.0919737 
D          0.0939692 0.0474104 0.0265018 0.0000000 0.0896787 0.0940392 
B          0.1034345 0.0805018 0.0876116 0.0896787 0.0000000 0.0783490 
E          0.1078495 0.0758022 0.0919737 0.0940392 0.0783490 0.0000000 
