6
F          0.0000000 0.1380111 0.1372443 0.1542632 0.1374351 0.1396270 
E          0.1380111 0.0000000 0.0963095 0.1077793 0.0941851 0.0963095 
C          0.1372443 0.0963095 0.0000000 0.0265295 0.0583918 0.0604681 
D          0.1542632 0.1077793 0.0265295 0.0000000 0.0692973 0.0713862 
A          0.1374351 0.0941851 0.0583918 0.0692973 0.0000000 0.0100659 
B          0.1396270 0.0963095 0.0604681 0.0713862 0.0100659 0.0000000 
