6
F          0.0000000 0.1113346 0.1233996 0.1287559 0.1379335 0.1307514 
C          0.1113346 0.0000000 0.0926074 0.1115599 0.1065145 0.0996163 
E          0.1233996 0.0926074 0.0000000 0.1071035 0.0998009 0.0906331 
D          0.1287559 0.1115599 0.1071035 0.0000000 0.0655437 0.0633686 
A          0.1379335 0.1065145 0.0998009 0.0655437 0.0000000 0.0100950 
B          0.1307514 0.0996163 0.0906331 0.0633686 0.0100950 0.0000000 
