6
F          0.0000000 0.0715078 0.0832116 0.0766820 0.0990846 0.0923667 
E          0.0715078 0.0000000 0.0781809 0.0717250 0.0849154 0.0827635 
A          0.0832116 0.0781809 0.0000000 0.0141717 0.0628209 0.0649334 
B          0.0766820 0.0717250 0.0141717 0.0000000 0.0564470 0.0585553 
C          0.0990846 0.0849154 0.0628209 0.0564470 0.0000000 0.0607520 
D          0.0923667 0.0827635 0.0649334 0.0585553 0.0607520 0.0000000 
