6
F          0.0000000 0.1056935 0.1022072 0.1021813 0.1052372 0.1069317 
D          0.1056935 0.0000000 0.0522599 0.0522484 0.1102941 0.1120808 
A          0.1022072 0.0522599 0.0000000 0.0120633 0.0928712 0.0901283 
B          0.1021813 0.0522484 0.0120633 0.0000000 0.0928482 0.0901063 
C          0.1052372 0.1102941 0.0928712 0.0928482 0.0000000 0.0906046 
E          0.1069317 0.1120808 0.0901283 0.0901063 0.0906046 0.0000000 
