6
D          0.0000000 0.0630630 0.0564887 0.0564150 0.1465659 0.1445787 
C          0.0630630 0.0000000 0.0477164 0.0476541 0.1588675 0.1548986 
A          0.0564887 0.0477164 0.0000000 0.0202935 0.1537923 0.1546760 
B          0.0564150 0.0476541 0.0202935 0.0000000 0.1487572 0.1544541 
E          0.1465659 0.1588675 0.1537923 0.1487572 0.0000000 0.1172078 
F          0.1445787 0.1548986 0.1546760 0.1544541 0.1172078 0.0000000 
