6
F          0.0000000 0.1111000 0.1113746 0.1114134 0.1411781 0.1562559 
A          0.1111000 0.0000000 0.0040181 0.0499327 0.0631597 0.0720898 
B          0.1113746 0.0040181 0.0000000 0.0500471 0.0633070 0.0722599 
E          0.1114134 0.0499327 0.0500471 0.0000000 0.0680025 0.0815571 
C          0.1411781 0.0631597 0.0633070 0.0680025 0.0000000 0.0202884 
D          0.1562559 0.0720898 0.0722599 0.0815571 0.0202884 0.0000000 
