6
E          0.0000000 0.0744884 0.0789384 0.1131952 0.1131952 0.1084064 
C          0.0744884 0.0000000 0.0121149 0.1207263 0.1258189 0.1209100 
D          0.0789384 0.0121149 0.0000000 0.1254350 0.1305678 0.1256266 
F          0.1131952 0.1207263 0.1254350 0.0000000 0.0917446 0.0916098 
A          0.1131952 0.1258189 0.1305678 0.0917446 0.0000000 0.0202572 
B          0.1084064 0.1209100 0.1256266 0.0916098 0.0202572 0.0000000 
