6
F          0.0000000 0.1301542 0.1132881 0.1107576 0.1184637 0.1111549 
E          0.1301542 0.0000000 0.0894916 0.0870917 0.0921379 0.0851697 
A          0.1132881 0.0894916 0.0000000 0.0060310 0.0652264 0.0585516 
B          0.1107576 0.0870917 0.0060310 0.0000000 0.0629318 0.0562914 
C          0.1184637 0.0921379 0.0652264 0.0629318 0.0000000 0.0182749 
D          0.1111549 0.0851697 0.0585516 0.0562914 0.0182749 0.0000000 
