6
F          0.0000000 0.1305645 0.1208068 0.1182937 0.1136192 0.1162226 
E          0.1305645 0.0000000 0.1086900 0.1062365 0.1061285 0.1086811 
A          0.1208068 0.1086900 0.0000000 0.0080531 0.0541812 0.0543251 
B          0.1182937 0.1062365 0.0080531 0.0000000 0.0540872 0.0542314 
C          0.1136192 0.1061285 0.0541812 0.0540872 0.0000000 0.0100882 
D          0.1162226 0.1086811 0.0543251 0.0542314 0.0100882 0.0000000 
