6
A          0.0000000 0.0100626 0.1037427 0.1227855 0.1202539 0.1224474 
B          0.0100626 0.0000000 0.1014705 0.1181547 0.1132850 0.1154711 
F          0.1037427 0.1014705 0.0000000 0.1012981 0.0988683 0.1033289 
E          0.1227855 0.1181547 0.1012981 0.0000000 0.0287411 0.0328977 
C          0.1202539 0.1132850 0.0988683 0.0287411 0.0000000 0.0162685 
D          0.1224474 0.1154711 0.1033289 0.0328977 0.0162685 0.0000000 
