6
A          0.0000000 0.0000010 0.0610250 0.0543835 0.0968729 0.0943190 
B          0.0000010 0.0000000 0.0610250 0.0543835 0.0968729 0.0943190 
C          0.0610250 0.0610250 0.0000000 0.0100744 0.1261261 0.1093010 
D          0.0543835 0.0543835 0.0100744 0.0000000 0.1210349 0.1020937 
E          0.0968729 0.0968729 0.1261261 0.1210349 0.0000000 0.1011778 
F          0.0943190 0.0943190 0.1093010 0.1020937 0.1011778 0.0000000 
