6
F          0.0000000 0.1214214 0.1215228 0.1018408 0.1112450 0.1137941 
D          0.1214214 0.0000000 0.0287071 0.1061962 0.1132614 0.1181961 
E          0.1215228 0.0287071 0.0000000 0.1062832 0.1133547 0.1182939 
C          0.1018408 0.1061962 0.1062832 0.0000000 0.0540635 0.0563151 
A          0.1112450 0.1132614 0.1133547 0.0540635 0.0000000 0.0181663 
B          0.1137941 0.1181961 0.1182939 0.0563151 0.0181663 0.0000000 
