6
A          0.0000000 0.0060324 0.0414317 0.0391674 0.1086533 0.1132360 
B          0.0060324 0.0000000 0.0392685 0.0413506 0.1062177 0.1107844 
C          0.0414317 0.0392685 0.0000000 0.0308276 0.1162118 0.1185586 
D          0.0391674 0.0413506 0.0308276 0.0000000 0.1256009 0.1302800 
E          0.1086533 0.1062177 0.1162118 0.1256009 0.0000000 0.1136626 
F          0.1132360 0.1107844 0.1185586 0.1302800 0.1136626 0.0000000 
