6
E          0.0000000 0.1207093 0.1182102 0.1182117 0.1281504 0.1254443 
F          0.1207093 0.0000000 0.0765666 0.0765668 0.0858538 0.0833916 
C          0.1182102 0.0765666 0.0000000 0.0080596 0.0477278 0.0454881 
D          0.1182117 0.0765668 0.0080596 0.0000000 0.0477276 0.0454879 
A          0.1281504 0.0858538 0.0477278 0.0477276 0.0000000 0.0100206 
B          0.1254443 0.0833916 0.0454881 0.0454879 0.0100206 0.0000000 
