6
F          0.0000000 0.1346493 0.1321533 0.1325956 0.1252573 0.1227562 
A          0.1346493 0.0000000 0.0100673 0.1229501 0.1129707 0.1082569 
B          0.1321533 0.0100673 0.0000000 0.1275922 0.1129114 0.1082003 
E          0.1325956 0.1229501 0.1275922 0.0000000 0.0809795 0.0764631 
C          0.1252573 0.1129707 0.1129114 0.0809795 0.0000000 0.0080473 
D          0.1227562 0.1082569 0.1082003 0.0764631 0.0080473 0.0000000 
