6
F          0.0000000 0.1167056 0.1044468 0.1138149 0.0997347 0.0970322 
E          0.1167056 0.0000000 0.1145288 0.1192880 0.1104457 0.1096207 
A          0.1044468 0.1145288 0.0000000 0.0202923 0.0588645 0.0585987 
B          0.1138149 0.1192880 0.0202923 0.0000000 0.0654195 0.0629646 
C          0.0997347 0.1104457 0.0588645 0.0654195 0.0000000 0.0142123 
D          0.0970322 0.1096207 0.0585987 0.0629646 0.0142123 0.0000000 
