6
F          0.0000000 0.0878056 0.0925427 0.1105993 0.1010663 0.1184531 
A          0.0878056 0.0000000 0.0101098 0.0718510 0.0585442 0.0790582 
B          0.0925427 0.0101098 0.0000000 0.0764457 0.0630251 0.0837411 
C          0.1105993 0.0718510 0.0764457 0.0000000 0.0244190 0.0350752 
D          0.1010663 0.0585442 0.0630251 0.0244190 0.0000000 0.0308449 
E          0.1184531 0.0790582 0.0837411 0.0350752 0.0308449 0.0000000 
