6
F          0.0000000 0.1594623 0.1286417 0.1287178 0.1464123 0.1544600 
E          0.1594623 0.0000000 0.1133773 0.1018836 0.1210772 0.1216008 
C          0.1286417 0.1133773 0.0000000 0.0181989 0.0670567 0.0807924 
D          0.1287178 0.1018836 0.0181989 0.0000000 0.0649302 0.0786292 
A          0.1464123 0.1210772 0.0670567 0.0649302 0.0000000 0.0371557 
B          0.1544600 0.1216008 0.0807924 0.0786292 0.0371557 0.0000000 
