6
F          0.0000000 0.0950558 0.0991985 0.1013672 0.0994751 0.1110030 
E          0.0950558 0.0000000 0.0807908 0.0784862 0.0876888 0.0990118 
A          0.0991985 0.0807908 0.0000000 0.0454550 0.0477179 0.0584455 
B          0.1013672 0.0784862 0.0454550 0.0000000 0.0434056 0.0540679 
C          0.0994751 0.0876888 0.0477179 0.0434056 0.0000000 0.0223086 
D          0.1110030 0.0990118 0.0584455 0.0540679 0.0223086 0.0000000 
