6
F          0.0000000 0.1270235 0.1183177 0.1303597 0.1356749 0.1335334 
E          0.1270235 0.0000000 0.0759554 0.0871980 0.0875202 0.0829823 
A          0.1183177 0.0759554 0.0000000 0.0100655 0.0586779 0.0566128 
B          0.1303597 0.0871980 0.0100655 0.0000000 0.0697060 0.0676309 
C          0.1356749 0.0875202 0.0586779 0.0697060 0.0000000 0.0183164 
D          0.1335334 0.0829823 0.0566128 0.0676309 0.0183164 0.0000000 
