6
F          0.0000000 0.1400010 0.0971876 0.1018879 0.0973740 0.1020456 
E          0.1400010 0.0000000 0.0943632 0.0922178 0.0990753 0.0992167 
A          0.0971876 0.0943632 0.0000000 0.0224038 0.0496775 0.0518593 
B          0.1018879 0.0922178 0.0224038 0.0000000 0.0433622 0.0455251 
C          0.0973740 0.0990753 0.0496775 0.0433622 0.0000000 0.0182873 
D          0.1020456 0.0992167 0.0518593 0.0455251 0.0182873 0.0000000 
