6
E          0.0000000 0.1349702 0.1333481 0.1281183 0.1334417 0.1355627 
F          0.1349702 0.0000000 0.0806546 0.0759705 0.0807068 0.0873936 
C          0.1333481 0.0806546 0.0000000 0.0121078 0.0502109 0.0610380 
D          0.1281183 0.0759705 0.0121078 0.0000000 0.0457663 0.0565048 
A          0.1334417 0.0807068 0.0502109 0.0457663 0.0000000 0.0182212 
B          0.1355627 0.0873936 0.0610380 0.0565048 0.0182212 0.0000000 
