6
F          0.0000000 0.1691599 0.1760496 0.1849278 0.1688419 0.1662498 
A          0.1691599 0.0000000 0.0326462 0.1182368 0.0968684 0.0967675 
B          0.1760496 0.0326462 0.0000000 0.1226759 0.0987207 0.0986181 
E          0.1849278 0.1182368 0.1226759 0.0000000 0.0652385 0.0608258 
C          0.1688419 0.0968684 0.0987207 0.0652385 0.0000000 0.0161619 
D          0.1662498 0.0967675 0.0986181 0.0608258 0.0161619 0.0000000 
