6
F          0.0000000 0.1498186 0.1425164 0.1502354 0.1418298 0.1640138 
E          0.1498186 0.0000000 0.1196372 0.1270139 0.1126016 0.1365628 
A          0.1425164 0.1196372 0.0000000 0.0060546 0.0695149 0.0921404 
B          0.1502354 0.1270139 0.0060546 0.0000000 0.0763242 0.0992206 
C          0.1418298 0.1126016 0.0695149 0.0763242 0.0000000 0.0412017 
D          0.1640138 0.1365628 0.0921404 0.0992206 0.0412017 0.0000000 
