6
F          0.0000000 0.1181108 0.0848974 0.0782435 0.0987091 0.0986842 
E          0.1181108 0.0000000 0.0809321 0.0742686 0.0997713 0.0974908 
A          0.0848974 0.0809321 0.0000000 0.0141528 0.0628347 0.0606319 
B          0.0782435 0.0742686 0.0141528 0.0000000 0.0563477 0.0520313 
C          0.0987091 0.0997713 0.0628347 0.0563477 0.0000000 0.0434175 
D          0.0986842 0.0974908 0.0606319 0.0520313 0.0434175 0.0000000 
