6
F          0.0000000 0.1057683 0.1236143 0.1262594 0.0967030 0.1012037 
E          0.1057683 0.0000000 0.1194106 0.1245044 0.0925645 0.0970651 
A          0.1236143 0.1194106 0.0000000 0.0101466 0.0589730 0.0633113 
B          0.1262594 0.1245044 0.0101466 0.0000000 0.0612786 0.0656358 
C          0.0967030 0.0925645 0.0589730 0.0612786 0.0000000 0.0080491 
D          0.1012037 0.0970651 0.0633113 0.0656358 0.0080491 0.0000000 
