6
F          0.0000000 0.0984768 0.0787492 0.0787158 0.1114805 0.1112689 
E          0.0984768 0.0000000 0.0853385 0.0853021 0.1207486 0.1205175 
A          0.0787492 0.0853385 0.0000000 0.0080389 0.0610545 0.0609449 
B          0.0787158 0.0853021 0.0080389 0.0000000 0.0653894 0.0652716 
C          0.1114805 0.1207486 0.0610545 0.0653894 0.0000000 0.0162114 
D          0.1112689 0.1205175 0.0609449 0.0652716 0.0162114 0.0000000 
