15
A5         0.0000000 0.2166458 0.1921182 0.2182907 0.2152606 0.1956297 0.2017234 0.2012122 0.2106693 0.2097442 0.2077373 0.2086575 0.2075352 0.1971648 0.2128949 
A          0.2166458 0.0000000 0.1849494 0.1833964 0.1966042 0.1591605 0.1618536 0.1797934 0.1832043 0.2117369 0.2042504 0.1900346 0.1944231 0.1815110 0.1890506 
A4         0.1921182 0.1849494 0.0000000 0.1351953 0.1590492 0.1154723 0.1229203 0.1277557 0.1451653 0.1495492 0.1523042 0.1431512 0.1449257 0.1329486 0.1523094 
B          0.2182907 0.1833964 0.1351953 0.0000000 0.0807249 0.0834391 0.0836949 0.0953762 0.1266542 0.1190807 0.1288994 0.1245168 0.1311304 0.1098498 0.1263551 
C          0.2152606 0.1966042 0.1590492 0.0807249 0.0000000 0.0992494 0.1039091 0.1136105 0.1432256 0.1426453 0.1478681 0.1362382 0.1332251 0.1261160 0.1380464 
F          0.1956297 0.1591605 0.1154723 0.0834391 0.0992494 0.0000000 0.0544756 0.0676107 0.1116864 0.1113388 0.1091403 0.1002707 0.1091333 0.0930379 0.1044981 
D          0.2017234 0.1618536 0.1229203 0.0836949 0.1039091 0.0544756 0.0000000 0.0479192 0.1191464 0.1233986 0.1212771 0.1123019 0.1189563 0.1049041 0.1165558 
E          0.2012122 0.1797934 0.1277557 0.0953762 0.1136105 0.0676107 0.0479192 0.0000000 0.1239949 0.1235021 0.1261299 0.1147979 0.1237963 0.1096562 0.1213792 
A1         0.2106693 0.1832043 0.1451653 0.1266542 0.1432256 0.1116864 0.1191464 0.1239949 0.0000000 0.0649502 0.0649485 0.1041568 0.1176327 0.0923830 0.1083589 
A2         0.2097442 0.2117369 0.1495492 0.1190807 0.1426453 0.1113388 0.1233986 0.1235021 0.0649502 0.0000000 0.0410509 0.1040812 0.1175457 0.0968601 0.1129047 
A3         0.2077373 0.2042504 0.1523042 0.1288994 0.1478681 0.1091403 0.1212771 0.1261299 0.0649485 0.0410509 0.0000000 0.1109767 0.1221234 0.1036787 0.1198399 
H          0.2086575 0.1900346 0.1431512 0.1245168 0.1362382 0.1002707 0.1123019 0.1147979 0.1041568 0.1040812 0.1109767 0.0000000 0.0628841 0.0371992 0.0456585 
G          0.2075352 0.1944231 0.1449257 0.1311304 0.1332251 0.1091333 0.1189563 0.1237963 0.1176327 0.1175457 0.1221234 0.0628841 0.0000000 0.0497503 0.0647976 
I          0.1971648 0.1815110 0.1329486 0.1098498 0.1261160 0.0930379 0.1049041 0.1096562 0.0923830 0.0968601 0.1036787 0.0371992 0.0497503 0.0000000 0.0349498 
A0         0.2128949 0.1890506 0.1523094 0.1263551 0.1380464 0.1044981 0.1165558 0.1213792 0.1083589 0.1129047 0.1198399 0.0456585 0.0647976 0.0349498 0.0000000 
