15
A4         0.0000000 0.1674872 0.1568557 0.1438872 0.1455511 0.1628678 0.1702781 0.1574307 0.1603110 0.1765700 0.1718936 0.1563643 0.1623741 0.2428667 0.2752494 
A2         0.1674872 0.0000000 0.0162138 0.0992129 0.1010060 0.1094115 0.1189584 0.1116840 0.1516576 0.1528522 0.1482241 0.1453019 0.1536071 0.2184042 0.2777053 
A3         0.1568557 0.0162138 0.0000000 0.0942416 0.0960402 0.1042928 0.1137355 0.1065454 0.1461273 0.1472685 0.1426798 0.1398053 0.1479873 0.2172874 0.2791781 
A0         0.1438872 0.0992129 0.0942416 0.0000000 0.0286625 0.0927367 0.1018829 0.0947653 0.1410140 0.1470560 0.1424741 0.1299708 0.1356366 0.2241119 0.2523569 
A1         0.1455511 0.1010060 0.0960402 0.0286625 0.0000000 0.0945541 0.1013547 0.0965725 0.1402612 0.1462604 0.1417050 0.1292796 0.1349068 0.2194974 0.2481686 
G          0.1628678 0.1094115 0.1042928 0.0927367 0.0945541 0.0000000 0.0569753 0.0525072 0.1471045 0.1576092 0.1529694 0.1378687 0.1490008 0.2375144 0.2696411 
H          0.1702781 0.1189584 0.1137355 0.1018829 0.1013547 0.0569753 0.0000000 0.0372304 0.1421854 0.1601459 0.1554960 0.1430181 0.1439932 0.2399965 0.2773342 
I          0.1574307 0.1116840 0.1065454 0.0947653 0.0965725 0.0525072 0.0372304 0.0000000 0.1491169 0.1548360 0.1502146 0.1378463 0.1485185 0.2251419 0.2642285 
F          0.1603110 0.1516576 0.1461273 0.1410140 0.1402612 0.1471045 0.1421854 0.1491169 0.0000000 0.1462189 0.1416654 0.1221606 0.1182778 0.2483878 0.2575996 
B          0.1765700 0.1528522 0.1472685 0.1470560 0.1462604 0.1576092 0.1601459 0.1548360 0.1462189 0.0000000 0.0120252 0.0916962 0.0990554 0.2552082 0.2823355 
C          0.1718936 0.1482241 0.1426798 0.1424741 0.1417050 0.1529694 0.1554960 0.1502146 0.1416654 0.0120252 0.0000000 0.0873561 0.0946658 0.2501713 0.2798764 
D          0.1563643 0.1453019 0.1398053 0.1299708 0.1292796 0.1378687 0.1430181 0.1378463 0.1221606 0.0916962 0.0873561 0.0000000 0.0630095 0.2390266 0.2532517 
E          0.1623741 0.1536071 0.1479873 0.1356366 0.1349068 0.1490008 0.1439932 0.1485185 0.1182778 0.0990554 0.0946658 0.0630095 0.0000000 0.2492866 0.2648654 
A          0.2428667 0.2184042 0.2172874 0.2241119 0.2194974 0.2375144 0.2399965 0.2251419 0.2483878 0.2552082 0.2501713 0.2390266 0.2492866 0.0000000 0.2189495 
A5         0.2752494 0.2777053 0.2791781 0.2523569 0.2481686 0.2696411 0.2773342 0.2642285 0.2575996 0.2823355 0.2798764 0.2532517 0.2648654 0.2189495 0.0000000 
