15
A5         0.0000000 0.2063267 0.2274705 0.2309467 0.2112527 0.2192529 0.2151555 0.2021304 0.2081888 0.2073565 0.2286305 0.2133674 0.2112053 0.2183338 0.2077958 
A          0.2063267 0.0000000 0.2419484 0.2346196 0.2176199 0.2257530 0.2241657 0.2301073 0.2223052 0.2083711 0.2273175 0.1871932 0.2064651 0.2056007 0.1951814 
G          0.2274705 0.2419484 0.0000000 0.0692872 0.0454382 0.0475777 0.0761736 0.0897976 0.0764794 0.1760146 0.2174096 0.2046064 0.1999492 0.1984723 0.1882263 
H          0.2309467 0.2346196 0.0692872 0.0000000 0.0476937 0.0562542 0.0920359 0.0968539 0.0878954 0.1866744 0.2259894 0.1949797 0.1928214 0.1965434 0.1862861 
I          0.2112527 0.2176199 0.0454382 0.0476937 0.0000000 0.0265441 0.0673484 0.0763671 0.0632364 0.1733321 0.1993966 0.1839125 0.1793044 0.1780024 0.1679781 
A0         0.2192529 0.2257530 0.0475777 0.0562542 0.0265441 0.0000000 0.0761341 0.0852671 0.0720167 0.1783595 0.2152436 0.1865369 0.1895097 0.1881224 0.1779918 
A1         0.2151555 0.2241657 0.0761736 0.0920359 0.0673484 0.0761341 0.0000000 0.0713608 0.0540999 0.1741941 0.2111659 0.1901902 0.1826960 0.1844227 0.1768094 
A2         0.2021304 0.2301073 0.0897976 0.0968539 0.0763671 0.0852671 0.0713608 0.0000000 0.0605451 0.1777638 0.2111950 0.1961386 0.1833414 0.1901160 0.1799927 
A3         0.2081888 0.2223052 0.0764794 0.0878954 0.0632364 0.0720167 0.0540999 0.0605451 0.0000000 0.1655288 0.2016064 0.1732889 0.1684004 0.1725871 0.1626418 
A4         0.2073565 0.2083711 0.1760146 0.1866744 0.1733321 0.1783595 0.1741941 0.1777638 0.1655288 0.0000000 0.1846611 0.1622231 0.1577586 0.1620463 0.1522452 
F          0.2286305 0.2273175 0.2174096 0.2259894 0.1993966 0.2152436 0.2111659 0.2111950 0.2016064 0.1846611 0.0000000 0.1401642 0.1306052 0.1324390 0.1229790 
E          0.2133674 0.1871932 0.2046064 0.1949797 0.1839125 0.1865369 0.1901902 0.1961386 0.1732889 0.1622231 0.1401642 0.0000000 0.0698020 0.0630210 0.0564921 
D          0.2112053 0.2064651 0.1999492 0.1928214 0.1793044 0.1895097 0.1826960 0.1833414 0.1684004 0.1577586 0.1306052 0.0698020 0.0000000 0.0434991 0.0350471 
B          0.2183338 0.2056007 0.1984723 0.1965434 0.1780024 0.1881224 0.1844227 0.1901160 0.1725871 0.1620463 0.1324390 0.0630210 0.0434991 0.0000000 0.0080520 
C          0.2077958 0.1951814 0.1882263 0.1862861 0.1679781 0.1779918 0.1768094 0.1799927 0.1626418 0.1522452 0.1229790 0.0564921 0.0350471 0.0080520 0.0000000 
