15
A5         0.0000000 0.2502090 0.2399254 0.2399309 0.2457503 0.2534651 0.2420276 0.2393373 0.2351988 0.2590748 0.2327713 0.2486341 0.2285485 0.2354897 0.2323474 
A          0.2502090 0.0000000 0.1947035 0.1947072 0.1898449 0.1976535 0.1998194 0.1994938 0.1859898 0.1868710 0.1913550 0.2247544 0.2187273 0.1865538 0.1782275 
A2         0.2399254 0.1947035 0.0000000 0.0081202 0.1099897 0.1122160 0.1189178 0.1166915 0.0998565 0.1756813 0.1646218 0.2101559 0.1989701 0.1750474 0.1688623 
A3         0.2399309 0.1947072 0.0081202 0.0000000 0.1099910 0.1122173 0.1189193 0.1166930 0.0998576 0.1756843 0.1646245 0.2101601 0.1989738 0.1750503 0.1744385 
G          0.2457503 0.1898449 0.1099897 0.1099910 0.0000000 0.0901585 0.0966846 0.0967363 0.0783940 0.1786590 0.1704543 0.2107511 0.1996630 0.1757595 0.1777660 
A1         0.2534651 0.1976535 0.1122160 0.1122173 0.0901585 0.0000000 0.0827153 0.0805791 0.0628357 0.1759395 0.1524432 0.2104173 0.2045451 0.1756897 0.1700807 
H          0.2420276 0.1998194 0.1189178 0.1189193 0.0966846 0.0827153 0.0000000 0.0757518 0.0646974 0.1704712 0.1620478 0.2073661 0.1963626 0.1776492 0.1770349 
I          0.2393373 0.1994938 0.1166915 0.1166930 0.0967363 0.0805791 0.0757518 0.0000000 0.0454675 0.1705662 0.1546977 0.1968566 0.1911228 0.1653412 0.1695641 
A0         0.2351988 0.1859898 0.0998565 0.0998576 0.0783940 0.0628357 0.0646974 0.0454675 0.0000000 0.1622072 0.1490907 0.2010101 0.1901564 0.1596085 0.1637955 
A4         0.2590748 0.1868710 0.1756813 0.1756843 0.1786590 0.1759395 0.1704712 0.1705662 0.1622072 0.0000000 0.1446468 0.1702450 0.1622149 0.1552270 0.1498406 
F          0.2327713 0.1913550 0.1646218 0.1646245 0.1704543 0.1524432 0.1620478 0.1546977 0.1490907 0.1446468 0.0000000 0.1179253 0.1083351 0.0875550 0.0850161 
B          0.2486341 0.2247544 0.2101559 0.2101601 0.2107511 0.2104173 0.2073661 0.1968566 0.2010101 0.1702450 0.1179253 0.0000000 0.0182683 0.1135528 0.1085597 
C          0.2285485 0.2187273 0.1989701 0.1989738 0.1996630 0.2045451 0.1963626 0.1911228 0.1901564 0.1622149 0.1083351 0.0182683 0.0000000 0.1063425 0.1036675 
D          0.2354897 0.1865538 0.1750474 0.1750503 0.1757595 0.1756897 0.1776492 0.1653412 0.1596085 0.1552270 0.0875550 0.1135528 0.1063425 0.0000000 0.0785700 
E          0.2323474 0.1782275 0.1688623 0.1744385 0.1777660 0.1700807 0.1770349 0.1695641 0.1637955 0.1498406 0.0850161 0.1085597 0.1036675 0.0785700 0.0000000 
