15
A5         0.0000000 0.2119752 0.2675425 0.2400097 0.2372050 0.2382820 0.2445228 0.2409176 0.2305239 0.2190938 0.2222555 0.2249747 0.2333659 0.2348068 0.2471704 
A4         0.2119752 0.0000000 0.1884279 0.1589260 0.1612998 0.1729161 0.1812966 0.1675098 0.1681606 0.1730723 0.1652914 0.1678067 0.1756231 0.1750664 0.1741413 
A1         0.2675425 0.1884279 0.0000000 0.0608686 0.0630180 0.1017144 0.1090836 0.0922066 0.0995100 0.2069866 0.1962404 0.2041115 0.2075104 0.2091977 0.2105685 
A2         0.2400097 0.1589260 0.0608686 0.0000000 0.0020027 0.0940959 0.1013135 0.0893940 0.0874306 0.1741875 0.1790223 0.1866779 0.2001671 0.2019309 0.2006737 
A3         0.2372050 0.1612998 0.0630180 0.0020027 0.0000000 0.0963123 0.1035536 0.0915952 0.0896354 0.1766330 0.1790223 0.1866779 0.2026404 0.2044290 0.2031547 
H          0.2382820 0.1729161 0.1017144 0.0940959 0.0963123 0.0000000 0.0121054 0.0762372 0.0786925 0.1884267 0.1881502 0.1928268 0.2020461 0.2035122 0.1996939 
I          0.2445228 0.1812966 0.1090836 0.1013135 0.1035536 0.0121054 0.0000000 0.0832400 0.0857465 0.1971502 0.1937376 0.1984376 0.2110566 0.2124192 0.2084966 
G          0.2409176 0.1675098 0.0922066 0.0893940 0.0915952 0.0762372 0.0832400 0.0000000 0.0519198 0.1880866 0.1723757 0.1800152 0.1808232 0.1921598 0.1833969 
A0         0.2305239 0.1681606 0.0995100 0.0874306 0.0896354 0.0786925 0.0857465 0.0519198 0.0000000 0.1913474 0.1618195 0.1693507 0.1998155 0.2014145 0.1974618 
A          0.2190938 0.1730723 0.2069866 0.1741875 0.1766330 0.1884267 0.1971502 0.1880866 0.1913474 0.0000000 0.1579870 0.1655417 0.1736694 0.1856377 0.1923725 
B          0.2222555 0.1652914 0.1962404 0.1790223 0.1790223 0.1881502 0.1937376 0.1723757 0.1618195 0.1579870 0.0000000 0.0060320 0.1222156 0.1231090 0.1224867 
C          0.2249747 0.1678067 0.2041115 0.1866779 0.1866779 0.1928268 0.1984376 0.1800152 0.1693507 0.1655417 0.0060320 0.0000000 0.1245763 0.1254890 0.1248535 
E          0.2333659 0.1756231 0.2075104 0.2001671 0.2026404 0.2020461 0.2110566 0.1808232 0.1998155 0.1736694 0.1222156 0.1245763 0.0000000 0.1038130 0.1074751 
D          0.2348068 0.1750664 0.2091977 0.2019309 0.2044290 0.2035122 0.2124192 0.1921598 0.2014145 0.1856377 0.1231090 0.1254890 0.1038130 0.0000000 0.1109898 
F          0.2471704 0.1741413 0.2105685 0.2006737 0.2031547 0.1996939 0.2084966 0.1833969 0.1974618 0.1923725 0.1224867 0.1248535 0.1074751 0.1109898 0.0000000 
