15
A          0.0000000 0.2426387 0.2710443 0.2521448 0.2637831 0.2669239 0.2613335 0.2547434 0.2515755 0.2729260 0.2612811 0.2651378 0.2688559 0.2554004 0.2416018 
A5         0.2426387 0.0000000 0.1641296 0.1549899 0.1645888 0.1622953 0.1573695 0.1421837 0.1518846 0.1527889 0.1560806 0.1640077 0.1717479 0.1581267 0.1415362 
A4         0.2710443 0.1641296 0.0000000 0.1622219 0.1744576 0.1721171 0.1566077 0.1486622 0.1664051 0.1773704 0.1555100 0.1735409 0.1764185 0.1623267 0.1507993 
G          0.2521448 0.1549899 0.1622219 0.0000000 0.0860028 0.0906603 0.0748523 0.0679566 0.0767861 0.0906748 0.1714299 0.1925688 0.1903827 0.1683221 0.1587622 
H          0.2637831 0.1645888 0.1744576 0.0860028 0.0000000 0.0162201 0.0764468 0.0652148 0.0739445 0.0876610 0.1761923 0.1976267 0.1929472 0.1658070 0.1586716 
I          0.2669239 0.1622953 0.1721171 0.0906603 0.0162201 0.0000000 0.0765571 0.0653080 0.0784718 0.0877885 0.1764675 0.1952488 0.1957561 0.1709098 0.1563663 
A2         0.2613335 0.1573695 0.1566077 0.0748523 0.0764468 0.0765571 0.0000000 0.0308361 0.0628833 0.0719416 0.1712651 0.1925753 0.1930695 0.1709091 0.1538192 
A3         0.2547434 0.1421837 0.1486622 0.0679566 0.0652148 0.0653080 0.0308361 0.0000000 0.0519219 0.0564652 0.1557969 0.1790702 0.1795225 0.1554854 0.1410604 
A0         0.2515755 0.1518846 0.1664051 0.0767861 0.0739445 0.0784718 0.0628833 0.0519219 0.0000000 0.0389904 0.1755879 0.1891227 0.1844779 0.1652479 0.1532163 
A1         0.2729260 0.1527889 0.1773704 0.0906748 0.0876610 0.0877885 0.0719416 0.0564652 0.0389904 0.0000000 0.1764921 0.1977755 0.1982853 0.1787315 0.1639082 
F          0.2612811 0.1560806 0.1555100 0.1714299 0.1761923 0.1764675 0.1712651 0.1557969 0.1755879 0.1764921 0.0000000 0.1472380 0.1499580 0.1344483 0.1227691 
B          0.2651378 0.1640077 0.1735409 0.1925688 0.1976267 0.1952488 0.1925753 0.1790702 0.1891227 0.1977755 0.1472380 0.0000000 0.0371609 0.1417142 0.1253233 
C          0.2688559 0.1717479 0.1764185 0.1903827 0.1929472 0.1957561 0.1930695 0.1795225 0.1844779 0.1982853 0.1499580 0.0371609 0.0000000 0.1273892 0.1256270 
D          0.2554004 0.1581267 0.1623267 0.1683221 0.1658070 0.1709098 0.1709091 0.1554854 0.1652479 0.1787315 0.1344483 0.1417142 0.1273892 0.0000000 0.0650393 
E          0.2416018 0.1415362 0.1507993 0.1587622 0.1586716 0.1563663 0.1538192 0.1410604 0.1532163 0.1639082 0.1227691 0.1253233 0.1256270 0.0650393 0.0000000 
