15
A5         0.0000000 0.2192493 0.2349943 0.2573998 0.2658019 0.2253510 0.2429231 0.2442222 0.2437711 0.2145990 0.2377726 0.2422757 0.2054937 0.2154340 0.2047966 
A          0.2192493 0.0000000 0.1985101 0.2246993 0.2355835 0.1979717 0.2194663 0.2177754 0.2094898 0.1853873 0.2114485 0.2133101 0.1815628 0.1624220 0.1888956 
A1         0.2349943 0.1985101 0.0000000 0.0765091 0.0831470 0.0761027 0.0825820 0.0806724 0.0805470 0.1472220 0.1748259 0.1818494 0.1570774 0.1578451 0.1458159 
A2         0.2573998 0.2246993 0.0765091 0.0000000 0.0267045 0.0902979 0.0876513 0.0902557 0.0833101 0.1871058 0.1970130 0.2041885 0.1712486 0.1790524 0.1825451 
A3         0.2658019 0.2355835 0.0831470 0.0267045 0.0000000 0.0924992 0.0898388 0.0924561 0.0877867 0.1890928 0.2133894 0.2206501 0.1838005 0.1865712 0.1901267 
G          0.2253510 0.1979717 0.0761027 0.0902979 0.0924992 0.0000000 0.0671771 0.0652427 0.0651425 0.1643377 0.1872373 0.1840033 0.1665289 0.1596076 0.1677188 
A0         0.2429231 0.2194663 0.0825820 0.0876513 0.0898388 0.0671771 0.0000000 0.0349512 0.0348994 0.1747188 0.1900244 0.1971057 0.1717630 0.1726096 0.1752421 
H          0.2442222 0.2177754 0.0806724 0.0902557 0.0924561 0.0652427 0.0349512 0.0000000 0.0161809 0.1704627 0.1796247 0.1815274 0.1724059 0.1732644 0.1710332 
I          0.2437711 0.2094898 0.0805470 0.0833101 0.0877867 0.0651425 0.0348994 0.0161809 0.0000000 0.1726275 0.1795023 0.1814041 0.1671170 0.1729703 0.1707429 
A4         0.2145990 0.1853873 0.1472220 0.1871058 0.1890928 0.1643377 0.1747188 0.1704627 0.1726275 0.0000000 0.1596586 0.1666154 0.1373049 0.1308120 0.1458093 
B          0.2377726 0.2114485 0.1748259 0.1970130 0.2133894 0.1872373 0.1900244 0.1796247 0.1795023 0.1596586 0.0000000 0.0286994 0.1373826 0.1428770 0.1303627 
C          0.2422757 0.2133101 0.1818494 0.2041885 0.2206501 0.1840033 0.1971057 0.1815274 0.1814041 0.1666154 0.0286994 0.0000000 0.1441239 0.1448153 0.1322988 
D          0.2054937 0.1815628 0.1570774 0.1712486 0.1838005 0.1665289 0.1717630 0.1724059 0.1671170 0.1373049 0.1373826 0.1441239 0.0000000 0.0938729 0.1032837 
E          0.2154340 0.1624220 0.1578451 0.1790524 0.1865712 0.1596076 0.1726096 0.1732644 0.1729703 0.1308120 0.1428770 0.1448153 0.0938729 0.0000000 0.0946065 
F          0.2047966 0.1888956 0.1458159 0.1825451 0.1901267 0.1677188 0.1752421 0.1710332 0.1707429 0.1458093 0.1303627 0.1322988 0.1032837 0.0946065 0.0000000 
