15
A          0.0000000 0.2182036 0.2206375 0.2187708 0.2464281 0.2439535 0.2242848 0.2193075 0.2217105 0.2315487 0.2359121 0.2126424 0.2253730 0.2170217 0.2291734 
A5         0.2182036 0.0000000 0.2426956 0.2194019 0.2305825 0.2307604 0.2457442 0.2215708 0.2187736 0.2256654 0.2415618 0.2352394 0.2344377 0.2396591 0.2465816 
A4         0.2206375 0.2426956 0.0000000 0.1658461 0.1811686 0.1786843 0.1774881 0.1730458 0.1571790 0.1632485 0.2060755 0.1962894 0.2036788 0.1820567 0.1909686 
G          0.2187708 0.2194019 0.1658461 0.0000000 0.0540644 0.0475692 0.0945812 0.0767385 0.0744119 0.0771270 0.1749975 0.1659113 0.1730581 0.1602320 0.1636955 
H          0.2464281 0.2305825 0.1811686 0.0540644 0.0000000 0.0140973 0.1131850 0.0995316 0.0925485 0.0954399 0.1849387 0.1808685 0.1854745 0.1726003 0.1862176 
I          0.2439535 0.2307604 0.1786843 0.0475692 0.0140973 0.0000000 0.1060440 0.0925124 0.0901245 0.0929880 0.1800276 0.1759515 0.1831523 0.1677400 0.1812687 
A3         0.2242848 0.2457442 0.1774881 0.0945812 0.1131850 0.1060440 0.0000000 0.0900006 0.0742244 0.0859240 0.1845293 0.1807548 0.1847487 0.1697569 0.1808266 
A2         0.2193075 0.2215708 0.1730458 0.0767385 0.0995316 0.0925124 0.0900006 0.0000000 0.0476122 0.0563384 0.1772085 0.1604251 0.1674039 0.1523272 0.1656293 
A0         0.2217105 0.2187736 0.1571790 0.0744119 0.0925485 0.0901245 0.0742244 0.0476122 0.0000000 0.0307861 0.1772001 0.1633697 0.1778501 0.1600132 0.1684815 
A1         0.2315487 0.2256654 0.1632485 0.0771270 0.0954399 0.0929880 0.0859240 0.0563384 0.0307861 0.0000000 0.1731649 0.1693312 0.1788604 0.1634612 0.1720294 
F          0.2359121 0.2415618 0.2060755 0.1749975 0.1849387 0.1800276 0.1845293 0.1772085 0.1772001 0.1731649 0.0000000 0.1019799 0.1108842 0.1061009 0.1159811 
E          0.2126424 0.2352394 0.1962894 0.1659113 0.1808685 0.1759515 0.1807548 0.1604251 0.1633697 0.1693312 0.1019799 0.0000000 0.0657850 0.0656591 0.0748868 
D          0.2253730 0.2344377 0.2036788 0.1730581 0.1854745 0.1831523 0.1847487 0.1674039 0.1778501 0.1788604 0.1108842 0.0657850 0.0000000 0.0787866 0.0836815 
B          0.2170217 0.2396591 0.1820567 0.1602320 0.1726003 0.1677400 0.1697569 0.1523272 0.1600132 0.1634612 0.1061009 0.0656591 0.0787866 0.0000000 0.0286678 
C          0.2291734 0.2465816 0.1909686 0.1636955 0.1862176 0.1812687 0.1808266 0.1656293 0.1684815 0.1720294 0.1159811 0.0748868 0.0836815 0.0286678 0.0000000 
