15
A5         0.0000000 0.2480882 0.2280695 0.2248023 0.1961766 0.2171699 0.2165546 0.2056704 0.2219017 0.2280470 0.2199345 0.2274234 0.2094312 0.2095652 0.2017679 
A          0.2480882 0.0000000 0.2261488 0.2149878 0.1839987 0.2020684 0.2201949 0.1978987 0.2072264 0.2096208 0.2016635 0.2099374 0.1973239 0.2019830 0.1993612 
B          0.2280695 0.2261488 0.0000000 0.0477994 0.1117693 0.1161967 0.1389718 0.1639161 0.1678822 0.1677995 0.1602489 0.1671797 0.1496894 0.1601630 0.1651555 
C          0.2248023 0.2149878 0.0477994 0.0000000 0.0997726 0.1018999 0.1239779 0.1459964 0.1451302 0.1499176 0.1425489 0.1493596 0.1375890 0.1401377 0.1572347 
F          0.1961766 0.1839987 0.1117693 0.0997726 0.0000000 0.0605145 0.0786206 0.1210471 0.1347348 0.1346823 0.1274807 0.1341991 0.1226511 0.1251228 0.1370605 
D          0.2171699 0.2020684 0.1161967 0.1018999 0.0605145 0.0000000 0.0740377 0.1397706 0.1464648 0.1464075 0.1391191 0.1387768 0.1294912 0.1367338 0.1441424 
E          0.2165546 0.2201949 0.1389718 0.1239779 0.0786206 0.0740377 0.0000000 0.1633768 0.1702251 0.1675941 0.1600534 0.1621791 0.1525935 0.1601164 0.1647807 
A4         0.2056704 0.1978987 0.1639161 0.1459964 0.1210471 0.1397706 0.1633768 0.0000000 0.1445523 0.1327203 0.1278187 0.1420582 0.1351281 0.1207376 0.1254748 
G          0.2219017 0.2072264 0.1678822 0.1451302 0.1347348 0.1464648 0.1702251 0.1445523 0.0000000 0.0741664 0.0696808 0.0874463 0.0808985 0.0807270 0.0919550 
A2         0.2280470 0.2096208 0.1677995 0.1499176 0.1346823 0.1464075 0.1675941 0.1327203 0.0741664 0.0000000 0.0100784 0.0919083 0.0853335 0.0762709 0.0851610 
A3         0.2199345 0.2016635 0.1602489 0.1425489 0.1274807 0.1391191 0.1600534 0.1278187 0.0696808 0.0100784 0.0000000 0.0851235 0.0785898 0.0696129 0.0784314 
H          0.2274234 0.2099374 0.1671797 0.1493596 0.1341991 0.1387768 0.1621791 0.1420582 0.0874463 0.0919083 0.0851235 0.0000000 0.0265586 0.0785214 0.0851751 
I          0.2094312 0.1973239 0.1496894 0.1375890 0.1226511 0.1294912 0.1525935 0.1351281 0.0808985 0.0853335 0.0785898 0.0265586 0.0000000 0.0720183 0.0786368 
A0         0.2095652 0.2019830 0.1601630 0.1401377 0.1251228 0.1367338 0.1601164 0.1207376 0.0807270 0.0762709 0.0696129 0.0785214 0.0720183 0.0000000 0.0455148 
A1         0.2017679 0.1993612 0.1651555 0.1572347 0.1370605 0.1441424 0.1647807 0.1254748 0.0919550 0.0851610 0.0784314 0.0851751 0.0786368 0.0455148 0.0000000 
