15
B          0.0000000 0.0351406 0.1025367 0.1213393 0.1099026 0.1319944 0.1172275 0.1146585 0.1177283 0.0984374 0.1173712 0.1176424 0.1179305 0.1781781 0.2067595 
C          0.0351406 0.0000000 0.1098128 0.1288274 0.1197020 0.1495212 0.1294384 0.1268075 0.1324682 0.1127423 0.1320604 0.1323708 0.1327005 0.1806154 0.2074188 
F          0.1025367 0.1098128 0.0000000 0.1133140 0.1043918 0.1453679 0.1429404 0.1281881 0.1361293 0.1284705 0.1376933 0.1307474 0.1310686 0.1803266 0.2250167 
D          0.1213393 0.1288274 0.1133140 0.0000000 0.0808064 0.1756812 0.1626548 0.1598855 0.1582864 0.1357412 0.1603210 0.1631512 0.1635668 0.1959457 0.2359279 
E          0.1099026 0.1197020 0.1043918 0.0808064 0.0000000 0.1612123 0.1533183 0.1505837 0.1489444 0.1386225 0.1559440 0.1537840 0.1541735 0.1810485 0.2314100 
A4         0.1319944 0.1495212 0.1453679 0.1756812 0.1612123 0.0000000 0.1445907 0.1419217 0.1426498 0.1206028 0.1350236 0.1377053 0.1380453 0.2032445 0.2270476 
A2         0.1172275 0.1294384 0.1429404 0.1626548 0.1533183 0.1445907 0.0000000 0.0182608 0.0971855 0.0787855 0.0901031 0.0948571 0.0950804 0.1819576 0.2024336 
A3         0.1146585 0.1268075 0.1281881 0.1598855 0.1505837 0.1419217 0.0182608 0.0000000 0.0901902 0.0764290 0.0854129 0.0901212 0.0903320 0.1764496 0.2046841 
A1         0.1177283 0.1324682 0.1361293 0.1582864 0.1489444 0.1426498 0.0971855 0.0901902 0.0000000 0.0521179 0.0740007 0.0697395 0.0743310 0.1826545 0.2032382 
G          0.0984374 0.1127423 0.1284705 0.1357412 0.1386225 0.1206028 0.0787855 0.0764290 0.0521179 0.0000000 0.0477189 0.0499469 0.0543707 0.1641160 0.1893692 
A0         0.1173712 0.1320604 0.1376933 0.1603210 0.1559440 0.1350236 0.0901031 0.0854129 0.0740007 0.0477189 0.0000000 0.0413207 0.0414119 0.1717225 0.2052794 
H          0.1176424 0.1323708 0.1307474 0.1631512 0.1537840 0.1377053 0.0948571 0.0901212 0.0697395 0.0499469 0.0413207 0.0000000 0.0040107 0.1823854 0.2101626 
I          0.1179305 0.1327005 0.1310686 0.1635668 0.1541735 0.1380453 0.0950804 0.0903320 0.0743310 0.0543707 0.0414119 0.0040107 0.0000000 0.1802140 0.2107251 
A          0.1781781 0.1806154 0.1803266 0.1959457 0.1810485 0.2032445 0.1819576 0.1764496 0.1826545 0.1641160 0.1717225 0.1823854 0.1802140 0.0000000 0.1954798 
A5         0.2067595 0.2074188 0.2250167 0.2359279 0.2314100 0.2270476 0.2024336 0.2046841 0.2032382 0.1893692 0.2052794 0.2101626 0.2107251 0.1954798 0.0000000 
