15
A5         0.0000000 0.2352951 0.2250974 0.2182761 0.2317784 0.2293686 0.2331551 0.2176795 0.2208171 0.2230778 0.2309647 0.2461132 0.2407909 0.2377555 0.2358889 
A          0.2352951 0.0000000 0.1740860 0.1681436 0.1775497 0.1841124 0.1664115 0.1701700 0.1655467 0.1623291 0.1726391 0.2020723 0.2031077 0.1740865 0.1715047 
A4         0.2250974 0.1740860 0.0000000 0.1453818 0.1611636 0.1657914 0.1534170 0.1468287 0.1501330 0.1499090 0.1522137 0.1809083 0.1861432 0.1484943 0.1658301 
A1         0.2182761 0.1681436 0.1453818 0.0000000 0.0679307 0.0786134 0.0766377 0.0738936 0.0784716 0.0761269 0.1148000 0.1448729 0.1449874 0.1168276 0.1113224 
A2         0.2317784 0.1775497 0.1611636 0.0679307 0.0000000 0.0906840 0.0794293 0.0813605 0.0860398 0.0814120 0.1232919 0.1611257 0.1588168 0.1203210 0.1047830 
A3         0.2293686 0.1841124 0.1657914 0.0786134 0.0906840 0.0000000 0.0950256 0.0898000 0.0900433 0.0875794 0.1391962 0.1652965 0.1629928 0.1361083 0.1307074 
G          0.2331551 0.1664115 0.1534170 0.0766377 0.0794293 0.0950256 0.0000000 0.0587008 0.0631773 0.0608940 0.1133309 0.1504686 0.1481860 0.1127347 0.1094682 
I          0.2176795 0.1701700 0.1468287 0.0738936 0.0813605 0.0898000 0.0587008 0.0000000 0.0413230 0.0391450 0.1124748 0.1517597 0.1494921 0.1096278 0.1064385 
H          0.2208171 0.1655467 0.1501330 0.0784716 0.0860398 0.0900433 0.0631773 0.0413230 0.0000000 0.0350060 0.1127092 0.1569868 0.1547071 0.1144565 0.1090126 
A0         0.2230778 0.1623291 0.1499090 0.0761269 0.0814120 0.0875794 0.0608940 0.0391450 0.0350060 0.0000000 0.1148277 0.1493825 0.1471174 0.1119606 0.1041589 
F          0.2309647 0.1726391 0.1522137 0.1148000 0.1232919 0.1391962 0.1133309 0.1124748 0.1127092 0.1148277 0.0000000 0.1319836 0.1320858 0.0911735 0.1037968 
B          0.2461132 0.2020723 0.1809083 0.1448729 0.1611257 0.1652965 0.1504686 0.1517597 0.1569868 0.1493825 0.1319836 0.0000000 0.0120922 0.1219794 0.1355058 
C          0.2407909 0.2031077 0.1861432 0.1449874 0.1588168 0.1629928 0.1481860 0.1494921 0.1547071 0.1471174 0.1320858 0.0120922 0.0000000 0.1197722 0.1332510 
D          0.2377555 0.1740865 0.1484943 0.1168276 0.1203210 0.1361083 0.1127347 0.1096278 0.1144565 0.1119606 0.0911735 0.1219794 0.1197722 0.0000000 0.0761275 
E          0.2358889 0.1715047 0.1658301 0.1113224 0.1047830 0.1307074 0.1094682 0.1064385 0.1090126 0.1041589 0.1037968 0.1355058 0.1332510 0.0761275 0.0000000 
