15
A5         0.0000000 0.1963981 0.1935436 0.1866594 0.1896214 0.1984585 0.1632110 0.1601144 0.1606306 0.1734964 0.1735546 0.1693116 0.1774393 0.1990580 0.1856731 
B          0.1963981 0.0000000 0.0060202 0.2420609 0.2146099 0.2234190 0.1942683 0.2030643 0.1996575 0.2102547 0.2103292 0.2177111 0.2297191 0.2303354 0.2216198 
C          0.1935436 0.0060202 0.0000000 0.2390006 0.2116807 0.2151093 0.1863380 0.2077739 0.1968158 0.2073642 0.2074372 0.2147964 0.2267323 0.2327166 0.2239852 
A          0.1866594 0.2420609 0.2390006 0.0000000 0.2218850 0.2315977 0.2042773 0.2030772 0.1940502 0.2097845 0.2046342 0.2161538 0.2258172 0.2287259 0.2200741 
F          0.1896214 0.2146099 0.2116807 0.2218850 0.0000000 0.1187954 0.0874682 0.1450091 0.1412936 0.1515825 0.1539030 0.1597374 0.1558058 0.1661844 0.1555499 
D          0.1984585 0.2234190 0.2151093 0.2315977 0.1187954 0.0000000 0.0718420 0.1580207 0.1442708 0.1646119 0.1646667 0.1603297 0.1640045 0.1745354 0.1687191 
E          0.1632110 0.1942683 0.1863380 0.2042773 0.0874682 0.0718420 0.0000000 0.1250614 0.1211375 0.1406865 0.1407313 0.1415724 0.1353717 0.1502851 0.1399530 
A4         0.1601144 0.2030643 0.2077739 0.2030772 0.1450091 0.1580207 0.1250614 0.0000000 0.1279488 0.1450111 0.1450575 0.1363199 0.1347089 0.1396083 0.1346867 
A1         0.1606306 0.1996575 0.1968158 0.1940502 0.1412936 0.1442708 0.1211375 0.1279488 0.0000000 0.0390382 0.0390488 0.0673759 0.0744393 0.0812387 0.0699271 
A2         0.1734964 0.2102547 0.2073642 0.2097845 0.1515825 0.1646119 0.1406865 0.1450111 0.0390382 0.0000000 0.0120885 0.0874511 0.0902894 0.0948399 0.0878001 
A3         0.1735546 0.2103292 0.2074372 0.2046342 0.1539030 0.1646667 0.1407313 0.1450575 0.0390488 0.0120885 0.0000000 0.0874766 0.0948520 0.0948681 0.0878258 
G          0.1693116 0.2177111 0.2147964 0.2161538 0.1597374 0.1603297 0.1415724 0.1363199 0.0673759 0.0874511 0.0874766 0.0000000 0.0761442 0.0805855 0.0693702 
A0         0.1774393 0.2297191 0.2267323 0.2258172 0.1558058 0.1640045 0.1353717 0.1347089 0.0744393 0.0902894 0.0948520 0.0761442 0.0000000 0.0414908 0.0308514 
H          0.1990580 0.2303354 0.2327166 0.2287259 0.1661844 0.1745354 0.1502851 0.1396083 0.0812387 0.0948399 0.0948681 0.0805855 0.0414908 0.0000000 0.0141176 
I          0.1856731 0.2216198 0.2239852 0.2200741 0.1555499 0.1687191 0.1399530 0.1346867 0.0699271 0.0878001 0.0878258 0.0693702 0.0308514 0.0141176 0.0000000 
