15
A5         0.0000000 0.1815696 0.2137614 0.2048686 0.1698776 0.1786996 0.1842992 0.2108141 0.2169212 0.1953146 0.1924306 0.1786903 0.1831137 0.1884109 0.1799595 
A          0.1815696 0.0000000 0.1920275 0.1834686 0.1500523 0.1711485 0.1843482 0.2170578 0.2065119 0.1850955 0.1873884 0.1787883 0.1813647 0.1810191 0.1777289 
B          0.2137614 0.1920275 0.0000000 0.0202989 0.1606494 0.1796560 0.1906322 0.2131244 0.1827897 0.1695750 0.1692963 0.1882172 0.1881120 0.1773798 0.1768158 
C          0.2048686 0.1834686 0.0202989 0.0000000 0.1525579 0.1712465 0.1789728 0.2041615 0.1743119 0.1612980 0.1610360 0.1796537 0.1846671 0.1766427 0.1734819 
A4         0.1698776 0.1500523 0.1606494 0.1525579 0.0000000 0.1251387 0.1303959 0.1579220 0.1408199 0.1284106 0.1306126 0.1301190 0.1372621 0.1322859 0.1293558 
F          0.1786996 0.1711485 0.1796560 0.1712465 0.1251387 0.0000000 0.0787620 0.0948195 0.1438083 0.1265173 0.1287254 0.1260990 0.1404913 0.1211108 0.1229792 
D          0.1842992 0.1843482 0.1906322 0.1789728 0.1303959 0.0787620 0.0000000 0.0857401 0.1512752 0.1361594 0.1383787 0.1309444 0.1478824 0.1307199 0.1301711 
E          0.2108141 0.2170578 0.2131244 0.2041615 0.1579220 0.0948195 0.0857401 0.0000000 0.1748325 0.1641455 0.1664081 0.1507290 0.1680946 0.1528890 0.1421517 
A1         0.2169212 0.2065119 0.1827897 0.1743119 0.1408199 0.1438083 0.1512752 0.1748325 0.0000000 0.0328792 0.0328333 0.1358172 0.1528996 0.1331987 0.1350474 
A2         0.1953146 0.1850955 0.1695750 0.1612980 0.1284106 0.1265173 0.1361594 0.1641455 0.0328792 0.0000000 0.0080520 0.1211926 0.1330698 0.1162477 0.1181221 
A3         0.1924306 0.1873884 0.1692963 0.1610360 0.1306126 0.1287254 0.1383787 0.1664081 0.0328333 0.0080520 0.0000000 0.1233850 0.1352747 0.1184305 0.1202985 
A0         0.1786903 0.1787883 0.1882172 0.1796537 0.1301190 0.1260990 0.1309444 0.1507290 0.1358172 0.1211926 0.1233850 0.0000000 0.0760721 0.0628379 0.0561364 
G          0.1831137 0.1813647 0.1881120 0.1846671 0.1372621 0.1404913 0.1478824 0.1680946 0.1528996 0.1330698 0.1352747 0.0760721 0.0000000 0.0715328 0.0539459 
H          0.1884109 0.1810191 0.1773798 0.1766427 0.1322859 0.1211108 0.1307199 0.1528890 0.1331987 0.1162477 0.1184305 0.0628379 0.0715328 0.0000000 0.0475024 
I          0.1799595 0.1777289 0.1768158 0.1734819 0.1293558 0.1229792 0.1301711 0.1421517 0.1350474 0.1181221 0.1202985 0.0561364 0.0539459 0.0475024 0.0000000 
