15
A          0.0000000 0.1953842 0.2300311 0.2306470 0.2300499 0.2078014 0.2123183 0.2193793 0.2164727 0.2192963 0.2364159 0.2371476 0.2373912 0.2252359 0.2194723 
A5         0.1953842 0.0000000 0.2208158 0.2081337 0.2101168 0.1994386 0.2083962 0.2206562 0.2177612 0.2159646 0.2288229 0.2198687 0.2306835 0.2348504 0.2182467 
A1         0.2300311 0.2208158 0.0000000 0.0676549 0.0674479 0.0720240 0.0738046 0.0787450 0.0808839 0.1735467 0.1791359 0.1727529 0.1703741 0.1704623 0.1660459 
A2         0.2306470 0.2081337 0.0676549 0.0000000 0.0141942 0.0721933 0.0717659 0.0766128 0.0787513 0.1684090 0.1822482 0.1707449 0.1808776 0.1897003 0.1690204 
A3         0.2300499 0.2101168 0.0674479 0.0141942 0.0000000 0.0742064 0.0737674 0.0808779 0.0830171 0.1759929 0.1842506 0.1727403 0.1828666 0.1890496 0.1735018 
G          0.2078014 0.1994386 0.0720240 0.0721933 0.0742064 0.0000000 0.0671501 0.0697604 0.0718837 0.1633534 0.1688474 0.1626129 0.1676428 0.1762046 0.1534373 
A0         0.2123183 0.2083962 0.0738046 0.0717659 0.0737674 0.0671501 0.0000000 0.0715590 0.0736724 0.1573618 0.1727409 0.1714276 0.1740207 0.1850887 0.1622356 
H          0.2193793 0.2206562 0.0787450 0.0766128 0.0808779 0.0697604 0.0715590 0.0000000 0.0080581 0.1605219 0.1681582 0.1647185 0.1723907 0.1805055 0.1577922 
I          0.2164727 0.2177612 0.0808839 0.0787513 0.0830171 0.0718837 0.0736724 0.0080581 0.0000000 0.1529580 0.1654828 0.1620709 0.1697104 0.1777853 0.1580189 
A4         0.2192963 0.2159646 0.1735467 0.1684090 0.1759929 0.1633534 0.1573618 0.1605219 0.1529580 0.0000000 0.1526888 0.1644986 0.1597364 0.1782503 0.1554158 
B          0.2364159 0.2288229 0.1791359 0.1822482 0.1842506 0.1688474 0.1727409 0.1681582 0.1654828 0.1526888 0.0000000 0.1033830 0.1179312 0.1186410 0.0975056 
F          0.2371476 0.2198687 0.1727529 0.1707449 0.1727403 0.1626129 0.1714276 0.1647185 0.1620709 0.1644986 0.1033830 0.0000000 0.0984583 0.1013530 0.0786228 
E          0.2373912 0.2306835 0.1703741 0.1808776 0.1828666 0.1676428 0.1740207 0.1723907 0.1697104 0.1597364 0.1179312 0.0984583 0.0000000 0.1010044 0.0761975 
C          0.2252359 0.2348504 0.1704623 0.1897003 0.1890496 0.1762046 0.1850887 0.1805055 0.1777853 0.1782503 0.1186410 0.1013530 0.1010044 0.0000000 0.0697872 
D          0.2194723 0.2182467 0.1660459 0.1690204 0.1735018 0.1534373 0.1622356 0.1577922 0.1580189 0.1554158 0.0975056 0.0786228 0.0761975 0.0697872 0.0000000 
