15
A5         0.0000000 0.2251674 0.2275158 0.2328954 0.2029021 0.2341806 0.2173630 0.2324402 0.2164228 0.2266663 0.2284917 0.2045281 0.2157875 0.2195820 0.2148530 
A          0.2251674 0.0000000 0.1680396 0.1704497 0.1472925 0.1686607 0.1534265 0.1695626 0.1721487 0.1743717 0.1719670 0.1593024 0.1593628 0.1732360 0.1636353 
B          0.2275158 0.1680396 0.0000000 0.0080564 0.0949616 0.1151315 0.0895784 0.1597829 0.1598369 0.1572639 0.1597902 0.1395669 0.1472409 0.1505431 0.1466790 
C          0.2328954 0.1704497 0.0080564 0.0000000 0.0904217 0.1151288 0.0895754 0.1647047 0.1647607 0.1621704 0.1647122 0.1443582 0.1520869 0.1554335 0.1515038 
F          0.2029021 0.1472925 0.0949616 0.0904217 0.0000000 0.0872733 0.0628125 0.1497345 0.1306646 0.1328520 0.1352983 0.1157691 0.1231648 0.1313903 0.1250861 
D          0.2341806 0.1686607 0.1151315 0.1151288 0.0872733 0.0000000 0.0604800 0.1512497 0.1540743 0.1394730 0.1419301 0.1292775 0.1367908 0.1452162 0.1363756 
E          0.2173630 0.1534265 0.0895784 0.0895754 0.0628125 0.0604800 0.0000000 0.1414622 0.1440439 0.1319404 0.1343678 0.1172501 0.1246101 0.1328018 0.1265160 
A4         0.2324402 0.1695626 0.1597829 0.1647047 0.1497345 0.1512497 0.1414622 0.0000000 0.1390873 0.1365823 0.1390223 0.1339719 0.1391893 0.1447429 0.1311335 
A1         0.2164228 0.1721487 0.1598369 0.1647607 0.1306646 0.1540743 0.1440439 0.1390873 0.0000000 0.1130974 0.1154657 0.0965971 0.1014715 0.1092515 0.0943328 
A2         0.2266663 0.1743717 0.1572639 0.1621704 0.1328520 0.1394730 0.1319404 0.1365823 0.1130974 0.0000000 0.0224012 0.0634129 0.0702128 0.0794954 0.0697160 
A3         0.2284917 0.1719670 0.1597902 0.1647122 0.1352983 0.1419301 0.1343678 0.1390223 0.1154657 0.0224012 0.0000000 0.0678135 0.0769058 0.0840115 0.0763580 
H          0.2045281 0.1593024 0.1395669 0.1443582 0.1157691 0.1292775 0.1172501 0.1339719 0.0965971 0.0634129 0.0678135 0.0000000 0.0245379 0.0546293 0.0498556 
A0         0.2157875 0.1593628 0.1472409 0.1520869 0.1231648 0.1367908 0.1246101 0.1391893 0.1014715 0.0702128 0.0769058 0.0245379 0.0000000 0.0658974 0.0564478 
G          0.2195820 0.1732360 0.1505431 0.1554335 0.1313903 0.1452162 0.1328018 0.1447429 0.1092515 0.0794954 0.0840115 0.0546293 0.0658974 0.0000000 0.0501175 
I          0.2148530 0.1636353 0.1466790 0.1515038 0.1250861 0.1363756 0.1265160 0.1311335 0.0943328 0.0697160 0.0763580 0.0498556 0.0564478 0.0501175 0.0000000 
