15
A5         0.0000000 0.2157913 0.1846824 0.1952354 0.1873373 0.1895693 0.2218406 0.1710133 0.1838261 0.1934353 0.1957944 0.1921056 0.1791887 0.1834411 0.1785498 
A          0.2157913 0.0000000 0.2082360 0.2057723 0.2031618 0.2157483 0.2374905 0.1990232 0.2122854 0.2252647 0.2276672 0.2183501 0.2070927 0.2198102 0.2095209 
D          0.1846824 0.2082360 0.0000000 0.1406504 0.1333306 0.1350881 0.1613510 0.1476028 0.1479561 0.1692211 0.1715324 0.1557670 0.1483132 0.1549039 0.1452990 
B          0.1952354 0.2057723 0.1406504 0.0000000 0.0414792 0.1017938 0.1287756 0.1676286 0.1680365 0.1848710 0.1872090 0.1805570 0.1684505 0.1700993 0.1603290 
C          0.1873373 0.2031618 0.1333306 0.0414792 0.0000000 0.1040221 0.1263017 0.1650164 0.1654169 0.1821646 0.1844968 0.1752884 0.1658232 0.1674788 0.1577415 
E          0.1895693 0.2157483 0.1350881 0.1017938 0.1040221 0.0000000 0.0883606 0.1473089 0.1525278 0.1714646 0.1737754 0.1653318 0.1578099 0.1571090 0.1474976 
F          0.2218406 0.2374905 0.1613510 0.1287756 0.1263017 0.0883606 0.0000000 0.1789519 0.1814096 0.2046389 0.2070217 0.2005043 0.1849464 0.1892092 0.1791828 
A4         0.1710133 0.1990232 0.1476028 0.1676286 0.1650164 0.1473089 0.1789519 0.0000000 0.1197925 0.1399985 0.1374372 0.1319012 0.1131306 0.1172829 0.1081478 
A1         0.1838261 0.2122854 0.1479561 0.1680365 0.1654169 0.1525278 0.1814096 0.1197925 0.0000000 0.0653164 0.0630635 0.0607633 0.0499585 0.0540387 0.0455448 
A2         0.1934353 0.2252647 0.1692211 0.1848710 0.1821646 0.1714646 0.2046389 0.1399985 0.0653164 0.0000000 0.0080579 0.0809802 0.0744832 0.0786144 0.0698320 
A3         0.1957944 0.2276672 0.1715324 0.1872090 0.1844968 0.1737754 0.2070217 0.1374372 0.0630635 0.0080579 0.0000000 0.0786645 0.0721860 0.0763114 0.0675588 
G          0.1921056 0.2183501 0.1557670 0.1805570 0.1752884 0.1653318 0.2005043 0.1319012 0.0607633 0.0809802 0.0786645 0.0000000 0.0542230 0.0561784 0.0519359 
A0         0.1791887 0.2070927 0.1483132 0.1684505 0.1658232 0.1578099 0.1849464 0.1131306 0.0499585 0.0744832 0.0721860 0.0542230 0.0000000 0.0369325 0.0286138 
H          0.1834411 0.2198102 0.1549039 0.1700993 0.1674788 0.1571090 0.1892092 0.1172829 0.0540387 0.0786144 0.0763114 0.0561784 0.0369325 0.0000000 0.0181773 
I          0.1785498 0.2095209 0.1452990 0.1603290 0.1577415 0.1474976 0.1791828 0.1081478 0.0455448 0.0698320 0.0675588 0.0519359 0.0286138 0.0181773 0.0000000 
