15
A5         0.0000000 0.2296603 0.2216367 0.1928544 0.2224231 0.2197686 0.2147279 0.1979614 0.2011815 0.2062814 0.2209657 0.2093896 0.2073312 0.2212454 0.1970696 
A4         0.2296603 0.0000000 0.1916688 0.2041837 0.2347752 0.2201507 0.2212350 0.2120397 0.2126080 0.2206726 0.2380780 0.2232137 0.2219377 0.2216338 0.2139615 
A          0.2216367 0.1916688 0.0000000 0.1864239 0.2079774 0.2028258 0.1978233 0.1864465 0.1713553 0.1763402 0.2089535 0.1949878 0.2060513 0.2112732 0.1982928 
G          0.1928544 0.2041837 0.1864239 0.0000000 0.0626349 0.0604712 0.0562120 0.0716380 0.0762191 0.0806268 0.1783230 0.1675115 0.1679963 0.1705158 0.1630522 
A0         0.2224231 0.2347752 0.2079774 0.0626349 0.0000000 0.0672229 0.0629217 0.0852605 0.0877311 0.0944525 0.2100715 0.1935372 0.1941145 0.2019029 0.1890143 
H          0.2197686 0.2201507 0.2028258 0.0604712 0.0672229 0.0000000 0.0080585 0.0875035 0.0899382 0.0922063 0.2074413 0.1909650 0.1882260 0.1992999 0.1813439 
I          0.2147279 0.2212350 0.1978233 0.0562120 0.0629217 0.0080585 0.0000000 0.0831012 0.0855174 0.0877758 0.2024324 0.1860476 0.1833242 0.1943331 0.1815332 
A1         0.1979614 0.2120397 0.1864465 0.0716380 0.0852605 0.0875035 0.0831012 0.0000000 0.0499579 0.0542358 0.1858798 0.1699348 0.1604564 0.1804229 0.1604945 
A2         0.2011815 0.2126080 0.1713553 0.0762191 0.0877311 0.0899382 0.0855174 0.0499579 0.0000000 0.0202166 0.1863614 0.1703678 0.1708634 0.1751956 0.1658937 
A3         0.2062814 0.2206726 0.1763402 0.0806268 0.0944525 0.0922063 0.0877758 0.0542358 0.0202166 0.0000000 0.1965718 0.1803646 0.1808944 0.1801559 0.1708290 
B          0.2209657 0.2380780 0.2089535 0.1783230 0.2100715 0.2074413 0.2024324 0.1858798 0.1863614 0.1965718 0.0000000 0.0225579 0.0998858 0.1093528 0.0930562 
C          0.2093896 0.2232137 0.1949878 0.1675115 0.1935372 0.1909650 0.1860476 0.1699348 0.1703678 0.1803646 0.0225579 0.0000000 0.0858323 0.0974005 0.0791309 
F          0.2073312 0.2219377 0.2060513 0.1679963 0.1941145 0.1882260 0.1833242 0.1604564 0.1708634 0.1808944 0.0998858 0.0858323 0.0000000 0.0879332 0.0699411 
D          0.2212454 0.2216338 0.2112732 0.1705158 0.2019029 0.1992999 0.1943331 0.1804229 0.1751956 0.1801559 0.1093528 0.0974005 0.0879332 0.0000000 0.0631014 
E          0.1970696 0.2139615 0.1982928 0.1630522 0.1890143 0.1813439 0.1815332 0.1604945 0.1658937 0.1708290 0.0930562 0.0791309 0.0699411 0.0631014 0.0000000 
