15
A5         0.0000000 0.1834544 0.1861967 0.1859054 0.1721442 0.1956159 0.1936169 0.1975656 0.2173767 0.2170281 0.1870989 0.1972559 0.2091579 0.2142588 0.2164901 
E          0.1834544 0.0000000 0.0647007 0.0667967 0.0965152 0.1176344 0.1810278 0.1603585 0.2125370 0.2122007 0.1650488 0.1747390 0.1837469 0.1962986 0.1908771 
B          0.1861967 0.0647007 0.0000000 0.0140974 0.0990932 0.1250338 0.1863881 0.1654146 0.2042827 0.2039620 0.1603428 0.1700054 0.1838846 0.1991028 0.1936553 
C          0.1859054 0.0667967 0.0140974 0.0000000 0.1012595 0.1272421 0.1836238 0.1676996 0.2066257 0.2063012 0.1626198 0.1722914 0.1862040 0.1989417 0.1934994 
D          0.1721442 0.0965152 0.0990932 0.1012595 0.0000000 0.0999421 0.1818890 0.1766608 0.1953881 0.1950813 0.1639078 0.1736661 0.1795330 0.1972551 0.1918011 
F          0.1956159 0.1176344 0.1250338 0.1272421 0.0999421 0.0000000 0.2010041 0.1929684 0.2289551 0.2285834 0.1876555 0.1976823 0.2123382 0.2228194 0.2118402 
A          0.1936169 0.1810278 0.1863881 0.1836238 0.1818890 0.2010041 0.0000000 0.2086659 0.2346636 0.2342804 0.1982066 0.1927201 0.2125839 0.2177275 0.2120733 
A4         0.1975656 0.1603585 0.1654146 0.1676996 0.1766608 0.1929684 0.2086659 0.0000000 0.1551892 0.1549559 0.1229178 0.1180576 0.1402919 0.1473705 0.1423276 
H          0.2173767 0.2125370 0.2042827 0.2066257 0.1953881 0.2289551 0.2346636 0.1551892 0.0000000 0.0101044 0.1228363 0.1086977 0.1302405 0.1424431 0.1374360 
I          0.2170281 0.2122007 0.2039620 0.2063012 0.1950813 0.2285834 0.2342804 0.1549559 0.0101044 0.0000000 0.1203621 0.1062782 0.1277328 0.1398857 0.1349007 
G          0.1870989 0.1650488 0.1603428 0.1626198 0.1639078 0.1876555 0.1982066 0.1229178 0.1228363 0.1203621 0.0000000 0.0431936 0.0672049 0.0717257 0.0694098 
A0         0.1972559 0.1747390 0.1700054 0.1722914 0.1736661 0.1976823 0.1927201 0.1180576 0.1086977 0.1062782 0.0431936 0.0000000 0.0606216 0.0628950 0.0584803 
A1         0.2091579 0.1837469 0.1838846 0.1862040 0.1795330 0.2123382 0.2125839 0.1402919 0.1302405 0.1277328 0.0672049 0.0606216 0.0000000 0.0627285 0.0583267 
A2         0.2142588 0.1962986 0.1991028 0.1989417 0.1972551 0.2228194 0.2177275 0.1473705 0.1424431 0.1398857 0.0717257 0.0628950 0.0627285 0.0000000 0.0264646 
A3         0.2164901 0.1908771 0.1936553 0.1934994 0.1918011 0.2118402 0.2120733 0.1423276 0.1374360 0.1349007 0.0694098 0.0584803 0.0583267 0.0264646 0.0000000 
