15
A5         0.0000000 0.2049653 0.2131304 0.2015980 0.1934758 0.2247882 0.2045963 0.2122789 0.2234215 0.2199927 0.2126198 0.2212408 0.2032733 0.2241884 0.1879835 
A          0.2049653 0.0000000 0.2074673 0.1960513 0.1803257 0.2138294 0.1990168 0.2144161 0.2096988 0.2249406 0.2065734 0.2098226 0.2050098 0.2150125 0.1920240 
A2         0.2131304 0.2074673 0.0000000 0.0587441 0.0519913 0.0949827 0.0785929 0.0874889 0.0899017 0.2084321 0.1885068 0.1916430 0.1846230 0.2091947 0.1713386 
A1         0.2015980 0.1960513 0.0587441 0.0000000 0.0434236 0.0810438 0.0650735 0.0694142 0.0739157 0.1996185 0.1700020 0.1780397 0.1711162 0.1846911 0.1580039 
A3         0.1934758 0.1803257 0.0519913 0.0434236 0.0000000 0.0764800 0.0584630 0.0671139 0.0694215 0.1863733 0.1622459 0.1652024 0.1657381 0.1792920 0.1479552 
G          0.2247882 0.2138294 0.0949827 0.0810438 0.0764800 0.0000000 0.0722995 0.0810817 0.0835257 0.2176040 0.1836077 0.1816010 0.1848451 0.1774464 0.1564047 
A0         0.2045963 0.1990168 0.0785929 0.0650735 0.0584630 0.0722995 0.0000000 0.0390106 0.0433076 0.2026158 0.1702538 0.1708127 0.1764275 0.1850873 0.1505096 
H          0.2122789 0.2144161 0.0874889 0.0694142 0.0671139 0.0810817 0.0390106 0.0000000 0.0327012 0.2121415 0.1675230 0.1805848 0.1811915 0.1924244 0.1575641 
I          0.2234215 0.2096988 0.0899017 0.0739157 0.0694215 0.0835257 0.0433076 0.0327012 0.0000000 0.2101251 0.1805429 0.1887365 0.1945259 0.2034673 0.1679688 
A4         0.2199927 0.2249406 0.2084321 0.1996185 0.1863733 0.2176040 0.2026158 0.2121415 0.2101251 0.0000000 0.1912910 0.1917966 0.1916839 0.1994083 0.1669002 
B          0.2126198 0.2065734 0.1885068 0.1700020 0.1622459 0.1836077 0.1702538 0.1675230 0.1805429 0.1912910 0.0000000 0.0223968 0.1134645 0.1261526 0.1040917 
C          0.2212408 0.2098226 0.1916430 0.1780397 0.1652024 0.1816010 0.1708127 0.1805848 0.1887365 0.1917966 0.0223968 0.0000000 0.1208124 0.1313349 0.1090402 
F          0.2032733 0.2050098 0.1846230 0.1711162 0.1657381 0.1848451 0.1764275 0.1811915 0.1945259 0.1916839 0.1134645 0.1208124 0.0000000 0.1099686 0.0861296 
D          0.2241884 0.2150125 0.2091947 0.1846911 0.1792920 0.1774464 0.1850873 0.1924244 0.2034673 0.1994083 0.1261526 0.1313349 0.1099686 0.0000000 0.0655400 
E          0.1879835 0.1920240 0.1713386 0.1580039 0.1479552 0.1564047 0.1505096 0.1575641 0.1679688 0.1669002 0.1040917 0.1090402 0.0861296 0.0655400 0.0000000 
