15
A5         0.0000000 0.2005997 0.2143660 0.2062529 0.2158015 0.1924948 0.2078586 0.1890677 0.2028192 0.2046790 0.1983826 0.2008799 0.2065531 0.2014473 0.1907019 
A          0.2005997 0.0000000 0.1850980 0.1936415 0.1842306 0.1749653 0.1845423 0.1716435 0.1748395 0.1815194 0.1805775 0.1880987 0.1809278 0.1707782 0.1681053 
B          0.2143660 0.1850980 0.0000000 0.0477268 0.1138526 0.0922135 0.1140267 0.1631015 0.1768421 0.1778730 0.1695644 0.1695607 0.1747232 0.1698611 0.1596961 
C          0.2062529 0.1936415 0.0477268 0.0000000 0.1210561 0.0969061 0.1137721 0.1582842 0.1745961 0.1806684 0.1723331 0.1723294 0.1774947 0.1726123 0.1623967 
F          0.2158015 0.1842306 0.1138526 0.1210561 0.0000000 0.0859683 0.1099965 0.1589783 0.1854767 0.1835095 0.1779264 0.1777267 0.1778593 0.1604103 0.1601611 
D          0.1924948 0.1749653 0.0922135 0.0969061 0.0859683 0.0000000 0.0611834 0.1478221 0.1687291 0.1697034 0.1639267 0.1663010 0.1666186 0.1618095 0.1517798 
E          0.2078586 0.1845423 0.1140267 0.1137721 0.1099965 0.0611834 0.0000000 0.1564747 0.1807296 0.1842471 0.1782491 0.1806777 0.1759726 0.1735179 0.1657939 
A4         0.1890677 0.1716435 0.1631015 0.1582842 0.1589783 0.1478221 0.1564747 0.0000000 0.1253652 0.1260671 0.1207478 0.1207485 0.1279987 0.1186375 0.1137820 
G          0.2028192 0.1748395 0.1768421 0.1745961 0.1854767 0.1687291 0.1807296 0.1253652 0.0000000 0.0498458 0.0561726 0.0626115 0.0735796 0.0562485 0.0518876 
A0         0.2046790 0.1815194 0.1778730 0.1806684 0.1835095 0.1697034 0.1842471 0.1260671 0.0498458 0.0000000 0.0542833 0.0607390 0.0739695 0.0565438 0.0498848 
H          0.1983826 0.1805775 0.1695644 0.1723331 0.1779264 0.1639267 0.1782491 0.1207478 0.0561726 0.0542833 0.0000000 0.0140824 0.0627095 0.0498784 0.0476569 
I          0.2008799 0.1880987 0.1695607 0.1723294 0.1777267 0.1663010 0.1806777 0.1207485 0.0626115 0.0607390 0.0140824 0.0000000 0.0757952 0.0562908 0.0540430 
A1         0.2065531 0.1809278 0.1747232 0.1774947 0.1778593 0.1666186 0.1759726 0.1279987 0.0735796 0.0739695 0.0627095 0.0757952 0.0000000 0.0476528 0.0433479 
A2         0.2014473 0.1707782 0.1698611 0.1726123 0.1604103 0.1618095 0.1735179 0.1186375 0.0562485 0.0565438 0.0498784 0.0562908 0.0476528 0.0000000 0.0244615 
A3         0.1907019 0.1681053 0.1596961 0.1623967 0.1601611 0.1517798 0.1657939 0.1137820 0.0518876 0.0498848 0.0476569 0.0540430 0.0433479 0.0244615 0.0000000 
