15
A5         0.0000000 0.3064894 0.3109908 0.2975360 0.2826730 0.2840137 0.2970020 0.2471837 0.2560820 0.2470252 0.2501681 0.2475758 0.2305985 0.2482308 0.2346931 
A4         0.3064894 0.0000000 0.2409073 0.2030241 0.2175999 0.2086165 0.2120317 0.1922228 0.2019352 0.1935918 0.1991876 0.2019108 0.1920182 0.1981729 0.1853863 
F          0.3109908 0.2409073 0.0000000 0.1076995 0.1153840 0.1009677 0.1196665 0.2352382 0.2290699 0.2203069 0.2261936 0.2172140 0.2109924 0.2195516 0.2063251 
E          0.2975360 0.2030241 0.1076995 0.0000000 0.0776505 0.0684935 0.0773745 0.2029072 0.2013747 0.1930602 0.1986365 0.1927983 0.1925247 0.2007699 0.1879521 
D          0.2826730 0.2175999 0.1153840 0.0776505 0.0000000 0.0560790 0.0714363 0.2066869 0.2060101 0.1975659 0.2032305 0.1972946 0.1911611 0.1994421 0.1865632 
B          0.2840137 0.2086165 0.1009677 0.0684935 0.0560790 0.0000000 0.0305037 0.1953413 0.1971210 0.1888152 0.1891871 0.1885586 0.1825498 0.1906983 0.1779898 
C          0.2970020 0.2120317 0.1196665 0.0773745 0.0714363 0.0305037 0.0000000 0.2091692 0.2032165 0.1948103 0.1951981 0.1945435 0.1934371 0.1966900 0.1838562 
A          0.2471837 0.1922228 0.2352382 0.2029072 0.2066869 0.1953413 0.2091692 0.0000000 0.1675385 0.1649601 0.1602390 0.1778638 0.1585450 0.1618763 0.1545233 
A2         0.2560820 0.2019352 0.2290699 0.2013747 0.2060101 0.1971210 0.2032165 0.1675385 0.0000000 0.0101069 0.0415566 0.0458213 0.0743165 0.0677018 0.0589724 
A3         0.2470252 0.1935918 0.2203069 0.1930602 0.1975659 0.1888152 0.1948103 0.1649601 0.0101069 0.0000000 0.0351213 0.0393463 0.0675484 0.0609969 0.0523486 
A0         0.2501681 0.1991876 0.2261936 0.1986365 0.2032305 0.1891871 0.1951981 0.1602390 0.0415566 0.0351213 0.0000000 0.0328736 0.0742424 0.0676344 0.0589137 
A1         0.2475758 0.2019108 0.2172140 0.1927983 0.1972946 0.1885586 0.1945435 0.1778638 0.0458213 0.0393463 0.0328736 0.0000000 0.0786757 0.0698096 0.0610716 
G          0.2305985 0.1920182 0.2109924 0.1925247 0.1911611 0.1825498 0.1934371 0.1585450 0.0743165 0.0675484 0.0742424 0.0786757 0.0000000 0.0391533 0.0349597 
H          0.2482308 0.1981729 0.2195516 0.2007699 0.1994421 0.1906983 0.1966900 0.1618763 0.0677018 0.0609969 0.0676344 0.0698096 0.0391533 0.0000000 0.0161717 
I          0.2346931 0.1853863 0.2063251 0.1879521 0.1865632 0.1779898 0.1838562 0.1545233 0.0589724 0.0523486 0.0589137 0.0610716 0.0349597 0.0161717 0.0000000 
