15
B          0.0000000 0.0372669 0.1248443 0.1268848 0.1174072 0.1994846 0.2035733 0.1988403 0.2016931 0.2038238 0.2099015 0.1915155 0.1966218 0.2751034 0.2566919 
C          0.0372669 0.0000000 0.1243371 0.1311619 0.1193626 0.2039151 0.2028630 0.1954664 0.1982944 0.2004176 0.2092057 0.1855004 0.1932574 0.2741807 0.2557814 
D          0.1248443 0.1243371 0.0000000 0.1024666 0.1002389 0.2047134 0.2089067 0.1964001 0.1965124 0.2039031 0.2046727 0.1838389 0.1889110 0.2697644 0.2416866 
E          0.1268848 0.1311619 0.1024666 0.0000000 0.0954114 0.2150463 0.2005423 0.1908549 0.1909236 0.1982690 0.2041462 0.1911020 0.1961957 0.2722495 0.2530901 
F          0.1174072 0.1193626 0.1002389 0.0954114 0.0000000 0.1860466 0.1848800 0.1777708 0.1778694 0.1903112 0.1859744 0.1680409 0.1679330 0.2580510 0.2364497 
A4         0.1994846 0.2039151 0.2047134 0.2150463 0.1860466 0.0000000 0.1273013 0.1253288 0.1230645 0.1322224 0.1352036 0.1255553 0.1302303 0.2616651 0.2556399 
G          0.2035733 0.2028630 0.2089067 0.2005423 0.1848800 0.1273013 0.0000000 0.0650040 0.0650330 0.0714484 0.0993485 0.0902313 0.0924031 0.2335705 0.2318383 
A0         0.1988403 0.1954664 0.1964001 0.1908549 0.1777708 0.1253288 0.0650040 0.0000000 0.0454908 0.0475218 0.0876869 0.0720253 0.0741625 0.2255831 0.2238307 
H          0.2016931 0.1982944 0.1965124 0.1909236 0.1778694 0.1230645 0.0650330 0.0454908 0.0000000 0.0140745 0.0855024 0.0743063 0.0764488 0.2258799 0.2239645 
I          0.2038238 0.2004176 0.2039031 0.1982690 0.1903112 0.1322224 0.0714484 0.0475218 0.0140745 0.0000000 0.0920743 0.0763661 0.0829629 0.2306279 0.2315340 
A1         0.2099015 0.2092057 0.2046727 0.2041462 0.1859744 0.1352036 0.0993485 0.0876869 0.0855024 0.0920743 0.0000000 0.0541573 0.0541263 0.2169596 0.2237301 
A2         0.1915155 0.1855004 0.1838389 0.1911020 0.1680409 0.1255553 0.0902313 0.0720253 0.0743063 0.0763661 0.0541573 0.0000000 0.0120874 0.2256754 0.2183157 
A3         0.1966218 0.1932574 0.1889110 0.1961957 0.1679330 0.1302303 0.0924031 0.0741625 0.0764488 0.0829629 0.0541263 0.0120874 0.0000000 0.2201273 0.2235621 
A          0.2751034 0.2741807 0.2697644 0.2722495 0.2580510 0.2616651 0.2335705 0.2255831 0.2258799 0.2306279 0.2169596 0.2256754 0.2201273 0.0000000 0.2079998 
A5         0.2566919 0.2557814 0.2416866 0.2530901 0.2364497 0.2556399 0.2318383 0.2238307 0.2239645 0.2315340 0.2237301 0.2183157 0.2235621 0.2079998 0.0000000 
