15
A5         0.0000000 0.2184287 0.2236957 0.2207406 0.2058900 0.1927164 0.1923888 0.2180432 0.1939703 0.2008363 0.1912982 0.1894761 0.1937952 0.1920808 0.1853217 
A          0.2184287 0.0000000 0.1996770 0.1943592 0.1739645 0.1876201 0.1816698 0.1990837 0.1707668 0.1773610 0.1656448 0.1713767 0.1705831 0.1777855 0.1684416 
B          0.2236957 0.1996770 0.0000000 0.0100330 0.0897905 0.0830437 0.0919187 0.1619350 0.1201062 0.1410586 0.1297373 0.1397157 0.1416177 0.1390252 0.1348165 
C          0.2207406 0.1943592 0.0100330 0.0000000 0.0874423 0.0807210 0.0895655 0.1641869 0.1176316 0.1385084 0.1272210 0.1371521 0.1390552 0.1364765 0.1322743 
E          0.2058900 0.1739645 0.0897905 0.0874423 0.0000000 0.0811686 0.0809530 0.1550385 0.1137242 0.1370678 0.1209993 0.1309095 0.1229856 0.1278287 0.1236061 
D          0.1927164 0.1876201 0.0830437 0.0807210 0.0811686 0.0000000 0.0739734 0.1528180 0.1161882 0.1300905 0.1117355 0.1191037 0.1329560 0.1279457 0.1210576 
F          0.1923888 0.1816698 0.0919187 0.0895655 0.0809530 0.0739734 0.0000000 0.1474096 0.1205762 0.1273757 0.1161213 0.1231875 0.1326213 0.1229140 0.1207558 
A4         0.2180432 0.1990837 0.1619350 0.1641869 0.1550385 0.1528180 0.1474096 0.0000000 0.1370924 0.1389201 0.1251191 0.1374603 0.1417921 0.1390926 0.1250313 
G          0.1939703 0.1707668 0.1201062 0.1176316 0.1137242 0.1161882 0.1205762 0.1370924 0.0000000 0.0583860 0.0456949 0.0501265 0.0608605 0.0629062 0.0653417 
A0         0.2008363 0.1773610 0.1410586 0.1385084 0.1370678 0.1300905 0.1273757 0.1389201 0.0583860 0.0000000 0.0391995 0.0435648 0.0737213 0.0713841 0.0716375 
H          0.1912982 0.1656448 0.1297373 0.1272210 0.1209993 0.1117355 0.1161213 0.1251191 0.0456949 0.0391995 0.0000000 0.0246319 0.0543287 0.0585554 0.0609614 
I          0.1894761 0.1713767 0.1397157 0.1371521 0.1309095 0.1191037 0.1231875 0.1374603 0.0501265 0.0435648 0.0246319 0.0000000 0.0631895 0.0630901 0.0655338 
A1         0.1937952 0.1705831 0.1416177 0.1390552 0.1229856 0.1329560 0.1326213 0.1417921 0.0608605 0.0737213 0.0543287 0.0631895 0.0000000 0.0650582 0.0675071 
A2         0.1920808 0.1777855 0.1390252 0.1364765 0.1278287 0.1279457 0.1229140 0.1390926 0.0629062 0.0713841 0.0585554 0.0630901 0.0650582 0.0000000 0.0182736 
A3         0.1853217 0.1684416 0.1348165 0.1322743 0.1236061 0.1210576 0.1207558 0.1250313 0.0653417 0.0716375 0.0609614 0.0655338 0.0675071 0.0182736 0.0000000 
