15
A5         0.0000000 0.2666047 0.2054792 0.1938311 0.2012089 0.2005585 0.2063061 0.2286443 0.1951797 0.2063006 0.2227778 0.2281681 0.2001229 0.2055532 0.2204585 
A          0.2666047 0.0000000 0.2287251 0.2282019 0.2173657 0.2347407 0.2224790 0.2531039 0.2275719 0.2580153 0.2408682 0.2462831 0.2145425 0.2254593 0.2305593 
A4         0.2054792 0.2287251 0.0000000 0.1719533 0.1687584 0.1754100 0.1686548 0.1821214 0.1705486 0.1938686 0.1972003 0.2023999 0.1629269 0.1652486 0.1775394 
B          0.1938311 0.2282019 0.1719533 0.0000000 0.0922953 0.1049035 0.0948201 0.1611443 0.1477741 0.1754219 0.1604924 0.1654550 0.1375145 0.1525331 0.1569315 
C          0.2012089 0.2173657 0.1687584 0.0922953 0.0000000 0.0858828 0.0740649 0.1608696 0.1378618 0.1597820 0.1528917 0.1578059 0.1325174 0.1449226 0.1494148 
D          0.2005585 0.2347407 0.1754100 0.1049035 0.0858828 0.0000000 0.0811092 0.1724077 0.1531458 0.1761404 0.1587174 0.1636914 0.1385824 0.1561173 0.1631254 
E          0.2063061 0.2224790 0.1686548 0.0948201 0.0740649 0.0811092 0.0000000 0.1558078 0.1424698 0.1699889 0.1548303 0.1597391 0.1347613 0.1496660 0.1492084 
F          0.2286443 0.2531039 0.1821214 0.1611443 0.1608696 0.1724077 0.1558078 0.0000000 0.1358778 0.1557993 0.1410280 0.1458889 0.1233643 0.1381008 0.1376816 
G          0.1951797 0.2275719 0.1705486 0.1477741 0.1378618 0.1531458 0.1424698 0.1358778 0.0000000 0.0519578 0.1206094 0.1253149 0.0947784 0.1089601 0.1109067 
A0         0.2063006 0.2580153 0.1938686 0.1754219 0.1597820 0.1761404 0.1699889 0.1557993 0.0519578 0.0000000 0.1473083 0.1473069 0.1252399 0.1400826 0.1419966 
H          0.2227778 0.2408682 0.1972003 0.1604924 0.1528917 0.1587174 0.1548303 0.1410280 0.1206094 0.1473083 0.0000000 0.0120420 0.0674839 0.0807318 0.0852096 
I          0.2281681 0.2462831 0.2023999 0.1654550 0.1578059 0.1636914 0.1597391 0.1458889 0.1253149 0.1473069 0.0120420 0.0000000 0.0718748 0.0851884 0.0896893 
A1         0.2001229 0.2145425 0.1629269 0.1375145 0.1325174 0.1385824 0.1347613 0.1233643 0.0947784 0.1252399 0.0674839 0.0718748 0.0000000 0.0455340 0.0454113 
A2         0.2055532 0.2254593 0.1652486 0.1525331 0.1449226 0.1561173 0.1496660 0.1381008 0.1089601 0.1400826 0.0807318 0.0851884 0.0455340 0.0000000 0.0306546 
A3         0.2204585 0.2305593 0.1775394 0.1569315 0.1494148 0.1631254 0.1492084 0.1376816 0.1109067 0.1419966 0.0852096 0.0896893 0.0454113 0.0306546 0.0000000 
