15
A5         0.0000000 0.1933962 0.1923532 0.1965684 0.1909722 0.1854512 0.1931188 0.1830755 0.1857572 0.1831979 0.1949147 0.2067027 0.2252634 0.1822497 0.1979557 
A4         0.1933962 0.0000000 0.1625490 0.1946569 0.1943057 0.1760764 0.1937564 0.1813239 0.1839740 0.1814438 0.1702997 0.1917729 0.2021281 0.1630082 0.1725948 
A          0.1923532 0.1625490 0.0000000 0.1584837 0.1582036 0.1480641 0.1577710 0.1457954 0.1429445 0.1429290 0.1548210 0.1783505 0.1936726 0.1453756 0.1523956 
A2         0.1965684 0.1946569 0.1584837 0.0000000 0.0141854 0.0699590 0.0699083 0.0568453 0.0590544 0.0568828 0.1607791 0.1820219 0.1976645 0.1512530 0.1613024 
A3         0.1909722 0.1943057 0.1582036 0.0141854 0.0000000 0.0676652 0.0653952 0.0502737 0.0568004 0.0546369 0.1580760 0.1792100 0.1947807 0.1485843 0.1536361 
A0         0.1854512 0.1760764 0.1480641 0.0699590 0.0676652 0.0000000 0.0458148 0.0523618 0.0567002 0.0545406 0.1504712 0.1713550 0.1840975 0.1385545 0.1484192 
A1         0.1931188 0.1937564 0.1577710 0.0699083 0.0653952 0.0458148 0.0000000 0.0566530 0.0610107 0.0588424 0.1651604 0.1838401 0.1942285 0.1481807 0.1532032 
G          0.1830755 0.1813239 0.1457954 0.0568453 0.0502737 0.0523618 0.0566530 0.0000000 0.0349506 0.0328599 0.1481870 0.1690217 0.1766510 0.1362967 0.1388827 
H          0.1857572 0.1839740 0.1429445 0.0590544 0.0568004 0.0567002 0.0610107 0.0349506 0.0000000 0.0182789 0.1507125 0.1716339 0.1691245 0.1339372 0.1413734 
I          0.1831979 0.1814438 0.1429290 0.0568828 0.0546369 0.0545406 0.0588424 0.0328599 0.0182789 0.0000000 0.1482819 0.1691325 0.1666458 0.1291011 0.1389601 
B          0.1949147 0.1702997 0.1548210 0.1607791 0.1580760 0.1504712 0.1651604 0.1481870 0.1507125 0.1482819 0.0000000 0.0328065 0.1159920 0.0832000 0.0945124 
C          0.2067027 0.1917729 0.1783505 0.1820219 0.1792100 0.1713550 0.1838401 0.1690217 0.1716339 0.1691325 0.0328065 0.0000000 0.1375475 0.0969236 0.1130816 
F          0.2252634 0.2021281 0.1936726 0.1976645 0.1947807 0.1840975 0.1942285 0.1766510 0.1691245 0.1666458 0.1159920 0.1375475 0.0000000 0.0945380 0.1084273 
D          0.1822497 0.1630082 0.1453756 0.1512530 0.1485843 0.1385545 0.1481807 0.1362967 0.1339372 0.1291011 0.0832000 0.0969236 0.0945380 0.0000000 0.0586047 
E          0.1979557 0.1725948 0.1523956 0.1613024 0.1536361 0.1484192 0.1532032 0.1388827 0.1413734 0.1389601 0.0945124 0.1130816 0.1084273 0.0586047 0.0000000 
