15
D          0.0000000 0.0717370 0.1169745 0.1396551 0.1399584 0.1926762 0.1675411 0.1703376 0.1576547 0.1924111 0.1857391 0.2044041 0.1962355 0.2187993 0.2324827 
E          0.0717370 0.0000000 0.0917650 0.1135077 0.1090979 0.1667955 0.1502071 0.1430670 0.1308098 0.1701786 0.1654381 0.1785507 0.1706583 0.1815608 0.2082038 
F          0.1169745 0.0917650 0.0000000 0.0875095 0.0876889 0.1590501 0.1397204 0.1351182 0.1230393 0.1548165 0.1449509 0.1576408 0.1500029 0.1912694 0.1990800 
B          0.1396551 0.1135077 0.0875095 0.0000000 0.0163029 0.1860601 0.1630046 0.1612138 0.1437276 0.1843899 0.1765270 0.1841881 0.1762135 0.2068048 0.2200193 
C          0.1399584 0.1090979 0.0876889 0.0163029 0.0000000 0.1864864 0.1638996 0.1615756 0.1440444 0.1848136 0.1769293 0.1846108 0.1766142 0.2045793 0.2198101 
A4         0.1926762 0.1667955 0.1590501 0.1860601 0.1864864 0.0000000 0.1346565 0.1253512 0.1180985 0.1546045 0.1472188 0.1501537 0.1450600 0.2321501 0.2331339 
A1         0.1675411 0.1502071 0.1397204 0.1630046 0.1638996 0.1346565 0.0000000 0.0542825 0.0477715 0.0829313 0.0806611 0.0921192 0.0852224 0.1952461 0.2089084 
A2         0.1703376 0.1430670 0.1351182 0.1612138 0.1615756 0.1253512 0.0542825 0.0000000 0.0266450 0.0785835 0.0763238 0.0877281 0.0808636 0.1980711 0.2117811 
A3         0.1576547 0.1308098 0.1230393 0.1437276 0.1440444 0.1180985 0.0477715 0.0266450 0.0000000 0.0696081 0.0630634 0.0764321 0.0696830 0.1846486 0.1955799 
G          0.1924111 0.1701786 0.1548165 0.1843899 0.1848136 0.1546045 0.0829313 0.0785835 0.0696081 0.0000000 0.0629676 0.0763720 0.0652507 0.2194905 0.2282032 
A0         0.1857391 0.1654381 0.1449509 0.1765270 0.1769293 0.1472188 0.0806611 0.0763238 0.0630634 0.0629676 0.0000000 0.0434252 0.0328356 0.2107103 0.2253966 
H          0.2044041 0.1785507 0.1576408 0.1841881 0.1846108 0.1501537 0.0921192 0.0877281 0.0764321 0.0763720 0.0434252 0.0000000 0.0100797 0.2301308 0.2455006 
I          0.1962355 0.1706583 0.1500029 0.1762135 0.1766142 0.1450600 0.0852224 0.0808636 0.0696830 0.0652507 0.0328356 0.0100797 0.0000000 0.2216175 0.2339522 
A          0.2187993 0.1815608 0.1912694 0.2068048 0.2045793 0.2321501 0.1952461 0.1980711 0.1846486 0.2194905 0.2107103 0.2301308 0.2216175 0.0000000 0.2137253 
A5         0.2324827 0.2082038 0.1990800 0.2200193 0.2198101 0.2331339 0.2089084 0.2117811 0.1955799 0.2282032 0.2253966 0.2455006 0.2339522 0.2137253 0.0000000 
