15
A5         0.0000000 0.2584532 0.2578466 0.2667863 0.2484217 0.2539603 0.2515313 0.2570215 0.2770986 0.2780777 0.2519400 0.2655798 0.2500738 0.2635273 0.2443049 
A          0.2584532 0.0000000 0.2429611 0.2423997 0.2171125 0.2223821 0.2278941 0.2253220 0.2441654 0.2415836 0.2113360 0.2204283 0.2013709 0.2183808 0.2055084 
A4         0.2578466 0.2429611 0.0000000 0.2179963 0.2009093 0.2061393 0.2150325 0.2133862 0.2340812 0.2314873 0.2065350 0.2115050 0.1968243 0.2087762 0.2094459 
A1         0.2667863 0.2423997 0.2179963 0.0000000 0.0455008 0.0518669 0.0632080 0.0656417 0.0809495 0.0789170 0.1886147 0.1925322 0.1872838 0.1906981 0.1780888 
A2         0.2484217 0.2171125 0.2009093 0.0455008 0.0000000 0.0060241 0.0414307 0.0437135 0.0607717 0.0630993 0.1621996 0.1586345 0.1610844 0.1543173 0.1422010 
A3         0.2539603 0.2223821 0.2061393 0.0518669 0.0060241 0.0000000 0.0477944 0.0501162 0.0672708 0.0696302 0.1646215 0.1610335 0.1610844 0.1543173 0.1422010 
G          0.2515313 0.2278941 0.2150325 0.0632080 0.0414307 0.0477944 0.0000000 0.0480682 0.0652239 0.0675776 0.1750066 0.1763430 0.1712153 0.1720271 0.1571431 
A0         0.2570215 0.2253220 0.2133862 0.0656417 0.0437135 0.0501162 0.0480682 0.0000000 0.0415064 0.0437406 0.1755089 0.1794964 0.1718693 0.1700745 0.1577177 
H          0.2770986 0.2441654 0.2340812 0.0809495 0.0607717 0.0672708 0.0652239 0.0415064 0.0000000 0.0100817 0.1904837 0.2020646 0.1942745 0.1925319 0.1799477 
I          0.2780777 0.2415836 0.2314873 0.0789170 0.0630993 0.0696302 0.0675776 0.0437406 0.0100817 0.0000000 0.1879963 0.1995691 0.1917959 0.1900471 0.1774862 
D          0.2519400 0.2113360 0.2065350 0.1886147 0.1621996 0.1646215 0.1750066 0.1755089 0.1904837 0.1879963 0.0000000 0.0806183 0.1016461 0.1018020 0.0882843 
E          0.2655798 0.2204283 0.2115050 0.1925322 0.1586345 0.1610335 0.1763430 0.1794964 0.2020646 0.1995691 0.0806183 0.0000000 0.1056015 0.0989812 0.0877757 
F          0.2500738 0.2013709 0.1968243 0.1872838 0.1610844 0.1610844 0.1712153 0.1718693 0.1942745 0.1917959 0.1016461 0.1056015 0.0000000 0.0967040 0.0810484 
B          0.2635273 0.2183808 0.2087762 0.1906981 0.1543173 0.1543173 0.1720271 0.1700745 0.1925319 0.1900471 0.1018020 0.0989812 0.0967040 0.0000000 0.0285490 
C          0.2443049 0.2055084 0.2094459 0.1780888 0.1422010 0.1422010 0.1571431 0.1577177 0.1799477 0.1774862 0.0882843 0.0877757 0.0810484 0.0285490 0.0000000 
