15
A5         0.0000000 0.1841960 0.1846631 0.1876777 0.2009946 0.2036206 0.1949789 0.1961752 0.1997483 0.1983038 0.2108518 0.1793471 0.1852756 0.1598618 0.1861611 
A          0.1841960 0.0000000 0.1705459 0.1801665 0.1907028 0.2010712 0.1824339 0.1882715 0.1916739 0.1878840 0.1846508 0.1595887 0.1652352 0.1455210 0.1660022 
A4         0.1846631 0.1705459 0.0000000 0.1670023 0.1821677 0.1923893 0.1666704 0.1748958 0.1856970 0.1819846 0.1778648 0.1512481 0.1520296 0.1400745 0.1553947 
A1         0.1876777 0.1801665 0.1670023 0.0000000 0.0652267 0.0740343 0.0652097 0.0786892 0.0812337 0.0785439 0.1801349 0.1556552 0.1563340 0.1439007 0.1594544 
A2         0.2009946 0.1907028 0.1821677 0.0652267 0.0000000 0.0120532 0.0763052 0.0810436 0.0881112 0.0853578 0.1908146 0.1633390 0.1614965 0.1564264 0.1667464 
A3         0.2036206 0.2010712 0.1923893 0.0740343 0.0120532 0.0000000 0.0830499 0.0878531 0.0950078 0.0921913 0.1988336 0.1710083 0.1691781 0.1640567 0.1744883 
G          0.1949789 0.1824339 0.1666704 0.0652097 0.0763052 0.0830499 0.0000000 0.0739113 0.0741603 0.0737760 0.1845282 0.1599734 0.1606710 0.1482197 0.1564561 
H          0.1961752 0.1882715 0.1748958 0.0786892 0.0810436 0.0878531 0.0739113 0.0000000 0.0393242 0.0370057 0.1879492 0.1577086 0.1638825 0.1464321 0.1620520 
I          0.1997483 0.1916739 0.1856970 0.0812337 0.0881112 0.0950078 0.0741603 0.0393242 0.0000000 0.0308453 0.1913885 0.1663725 0.1671082 0.1544592 0.1703231 
A0         0.1983038 0.1878840 0.1819846 0.0785439 0.0853578 0.0921913 0.0737760 0.0370057 0.0308453 0.0000000 0.1875580 0.1628369 0.1635504 0.1510299 0.1667193 
F          0.2108518 0.1846508 0.1778648 0.1801349 0.1908146 0.1988336 0.1845282 0.1879492 0.1913885 0.1875580 0.0000000 0.1020612 0.1093829 0.0931437 0.1121413 
E          0.1793471 0.1595887 0.1512481 0.1556552 0.1633390 0.1710083 0.1599734 0.1577086 0.1663725 0.1628369 0.1020612 0.0000000 0.0606853 0.0434636 0.0608754 
D          0.1852756 0.1652352 0.1520296 0.1563340 0.1614965 0.1691781 0.1606710 0.1638825 0.1671082 0.1635504 0.1093829 0.0606853 0.0000000 0.0456565 0.0631582 
B          0.1598618 0.1455210 0.1400745 0.1439007 0.1564264 0.1640567 0.1482197 0.1464321 0.1544592 0.1510299 0.0931437 0.0434636 0.0456565 0.0000000 0.0330453 
C          0.1861611 0.1660022 0.1553947 0.1594544 0.1667464 0.1744883 0.1564561 0.1620520 0.1703231 0.1667193 0.1121413 0.0608754 0.0631582 0.0330453 0.0000000 
