15
A5         0.0000000 0.1699306 0.2194480 0.2182031 0.2017073 0.2181013 0.2289145 0.2068513 0.2139992 0.2261537 0.2298368 0.2068326 0.1983900 0.1916126 0.1889499 
A          0.1699306 0.0000000 0.1743102 0.1784173 0.1628110 0.1682419 0.1805693 0.1817394 0.1658157 0.1799821 0.1936562 0.1572351 0.1689010 0.1551231 0.1525977 
B          0.2194480 0.1743102 0.0000000 0.0183354 0.1021733 0.1234807 0.1276981 0.1795044 0.1947839 0.2202011 0.2183207 0.1836654 0.1953638 0.1708036 0.1732357 
C          0.2182031 0.1784173 0.0183354 0.0000000 0.1085291 0.1228527 0.1342038 0.1811518 0.2015750 0.2307440 0.2251649 0.1904010 0.1996716 0.1774992 0.1799340 
D          0.2017073 0.1628110 0.1021733 0.1085291 0.0000000 0.0924173 0.1031215 0.1811801 0.1812186 0.2095307 0.2068022 0.1751893 0.1866841 0.1674975 0.1649316 
E          0.2181013 0.1682419 0.1234807 0.1228527 0.0924173 0.0000000 0.1044485 0.1888368 0.1920088 0.2206342 0.2205156 0.1858473 0.1923768 0.1729800 0.1703899 
F          0.2289145 0.1805693 0.1276981 0.1342038 0.1031215 0.1044485 0.0000000 0.2102705 0.2022277 0.2235219 0.2233656 0.1913356 0.2059065 0.1858339 0.1831637 
A4         0.2068513 0.1817394 0.1795044 0.1811518 0.1811801 0.1888368 0.2102705 0.0000000 0.1543974 0.1659550 0.1695955 0.1344775 0.1397752 0.1221271 0.1197370 
A1         0.2139992 0.1658157 0.1947839 0.2015750 0.1812186 0.1920088 0.2022277 0.1543974 0.0000000 0.0656164 0.0694596 0.0694701 0.0677419 0.0520738 0.0499084 
A2         0.2261537 0.1799821 0.2202011 0.2307440 0.2095307 0.2206342 0.2235219 0.1659550 0.0656164 0.0000000 0.0723654 0.0813108 0.0796226 0.0635001 0.0612800 
A3         0.2298368 0.1936562 0.2183207 0.2251649 0.2068022 0.2205156 0.2233656 0.1695955 0.0694596 0.0723654 0.0000000 0.0762025 0.0834478 0.0673557 0.0651418 
G          0.2068326 0.1572351 0.1836654 0.1904010 0.1751893 0.1858473 0.1913356 0.1344775 0.0694701 0.0813108 0.0762025 0.0000000 0.0543718 0.0391046 0.0369863 
A0         0.1983900 0.1689010 0.1953638 0.1996716 0.1866841 0.1923768 0.2059065 0.1397752 0.0677419 0.0796226 0.0834478 0.0543718 0.0000000 0.0224265 0.0203551 
H          0.1916126 0.1551231 0.1708036 0.1774992 0.1674975 0.1729800 0.1858339 0.1221271 0.0520738 0.0635001 0.0673557 0.0391046 0.0224265 0.0000000 0.0019997 
I          0.1889499 0.1525977 0.1732357 0.1799340 0.1649316 0.1703899 0.1831637 0.1197370 0.0499084 0.0612800 0.0651418 0.0369863 0.0203551 0.0019997 0.0000000 
