15
B          0.0000000 0.0183726 0.1273312 0.1388338 0.1296597 0.1884939 0.1828226 0.2012648 0.1881504 0.1938143 0.2015781 0.2044078 0.2071510 0.2047547 0.2024241 
C          0.0183726 0.0000000 0.1322613 0.1413327 0.1297733 0.1939997 0.1907863 0.2014490 0.1960281 0.2017609 0.2095905 0.2124540 0.2152248 0.2075087 0.2104765 
F          0.1273312 0.1322613 0.0000000 0.1157255 0.1086889 0.1974058 0.1962068 0.2103535 0.1990629 0.2125419 0.2290310 0.2159399 0.2186998 0.2103204 0.2191170 
D          0.1388338 0.1413327 0.1157255 0.0000000 0.0967511 0.2098830 0.2172348 0.2201948 0.2141827 0.2278742 0.2338297 0.2207111 0.2234798 0.2284032 0.2260727 
E          0.1296597 0.1297733 0.1086889 0.0967511 0.0000000 0.1889489 0.1961791 0.1934109 0.1927567 0.1983848 0.2118023 0.2093869 0.2121091 0.2038328 0.2074294 
A5         0.1884939 0.1939997 0.1974058 0.2098830 0.1889489 0.0000000 0.1713772 0.1766898 0.1819586 0.1924139 0.2031719 0.1854306 0.2008174 0.1959635 0.1961744 
A          0.1828226 0.1907863 0.1962068 0.2172348 0.1961791 0.1713772 0.0000000 0.1437526 0.1367353 0.1466607 0.1543551 0.1544294 0.1569568 0.1570677 0.1499600 
A4         0.2012648 0.2014490 0.2103535 0.2201948 0.1934109 0.1766898 0.1437526 0.0000000 0.1028337 0.1144776 0.1263121 0.1125287 0.1218182 0.1196142 0.1174506 
A0         0.1881504 0.1960281 0.1990629 0.2141827 0.1927567 0.1819586 0.1367353 0.1028337 0.0000000 0.0306278 0.0628711 0.0564196 0.0629486 0.0586486 0.0522434 
A1         0.1938143 0.2017609 0.2125419 0.2278742 0.1983848 0.1924139 0.1466607 0.1144776 0.0306278 0.0000000 0.0630115 0.0608820 0.0674604 0.0631321 0.0566863 
G          0.2015781 0.2095905 0.2290310 0.2338297 0.2118023 0.2031719 0.1543551 0.1263121 0.0628711 0.0630115 0.0000000 0.0520792 0.0607140 0.0586094 0.0565214 
H          0.2044078 0.2124540 0.2159399 0.2207111 0.2093869 0.1854306 0.1544294 0.1125287 0.0564196 0.0608820 0.0520792 0.0000000 0.0349996 0.0521777 0.0500951 
I          0.2071510 0.2152248 0.2186998 0.2234798 0.2121091 0.2008174 0.1569568 0.1218182 0.0629486 0.0674604 0.0607140 0.0349996 0.0000000 0.0608298 0.0587375 
A2         0.2047547 0.2075087 0.2103204 0.2284032 0.2038328 0.1959635 0.1570677 0.1196142 0.0586486 0.0631321 0.0586094 0.0521777 0.0608298 0.0000000 0.0523066 
A3         0.2024241 0.2104765 0.2191170 0.2260727 0.2074294 0.1961744 0.1499600 0.1174506 0.0522434 0.0566863 0.0565214 0.0500951 0.0587375 0.0523066 0.0000000 
