15
A5         0.0000000 0.3128827 0.2867251 0.2895747 0.3059778 0.2758529 0.2843488 0.2991616 0.2895747 0.3324190 0.2867251 0.2867251 0.2881440 0.3035726 0.2943741 
A          0.3128827 0.0000000 0.1527208 0.1649775 0.1865697 0.1652182 0.1607566 0.1659450 0.1580631 0.1970914 0.1734228 0.1734228 0.1716824 0.1772386 0.1860136 
A2         0.2867251 0.1527208 0.0000000 0.0243756 0.0851829 0.0716180 0.0895301 0.0717129 0.0649891 0.1618079 0.1410068 0.1410068 0.1227090 0.1324842 0.1410068 
A3         0.2895747 0.1649775 0.0243756 0.0000000 0.0896507 0.0760053 0.0872967 0.0805203 0.0737106 0.1618079 0.1386356 0.1433837 0.1273988 0.1372347 0.1457664 
A0         0.3059778 0.1865697 0.0851829 0.0896507 0.0000000 0.0369468 0.0808440 0.0741039 0.0608173 0.1821287 0.1558001 0.1558001 0.1396187 0.1496413 0.1514102 
A1         0.2758529 0.1652182 0.0716180 0.0760053 0.0369468 0.0000000 0.0695237 0.0650747 0.0584223 0.1664752 0.1384408 0.1384408 0.1225379 0.1322976 0.1388311 
G          0.2843488 0.1607566 0.0895301 0.0872967 0.0808440 0.0695237 0.0000000 0.0587302 0.0564200 0.1669598 0.1340986 0.1340986 0.1322976 0.1398171 0.1536057 
H          0.2991616 0.1659450 0.0717129 0.0805203 0.0741039 0.0650747 0.0587302 0.0000000 0.0203706 0.1691810 0.1457664 0.1457664 0.1297523 0.1420086 0.1509785 
I          0.2895747 0.1580631 0.0649891 0.0737106 0.0608173 0.0584223 0.0564200 0.0203706 0.0000000 0.1613409 0.1382457 0.1382457 0.1223673 0.1344765 0.1457664 
A4         0.3324190 0.1970914 0.1618079 0.1618079 0.1821287 0.1664752 0.1669598 0.1691810 0.1613409 0.0000000 0.1628429 0.1628429 0.1465968 0.1640216 0.1686898 
B          0.2867251 0.1734228 0.1410068 0.1386356 0.1558001 0.1384408 0.1340986 0.1457664 0.1382457 0.1628429 0.0000000 0.0120780 0.0917686 0.0942671 0.1146021 
C          0.2867251 0.1734228 0.1410068 0.1433837 0.1558001 0.1384408 0.1340986 0.1457664 0.1382457 0.1628429 0.0120780 0.0000000 0.0917686 0.0942671 0.1100179 
F          0.2881440 0.1716824 0.1227090 0.1273988 0.1396187 0.1225379 0.1322976 0.1297523 0.1223673 0.1465968 0.0917686 0.0917686 0.0000000 0.0789420 0.0900147 
D          0.3035726 0.1772386 0.1324842 0.1372347 0.1496413 0.1322976 0.1398171 0.1420086 0.1344765 0.1640216 0.0942671 0.0942671 0.0789420 0.0000000 0.0897717 
E          0.2943741 0.1860136 0.1410068 0.1457664 0.1514102 0.1388311 0.1536057 0.1509785 0.1457664 0.1686898 0.1146021 0.1100179 0.0900147 0.0897717 0.0000000 
