15
A5         0.0000000 0.1906690 0.1990182 0.1881741 0.1775983 0.1827287 0.1934492 0.1693141 0.1922771 0.1922742 0.1649706 0.1776436 0.1643743 0.1622731 0.1828033 
A          0.1906690 0.0000000 0.1709910 0.1680273 0.1888942 0.1598351 0.1703398 0.1874439 0.1798125 0.1818757 0.1651912 0.1698991 0.1572819 0.1495739 0.1680087 
D          0.1990182 0.1709910 0.0000000 0.0719899 0.1065499 0.0903377 0.1020269 0.1848299 0.1815669 0.1925191 0.1577231 0.1629089 0.1450512 0.1455119 0.1604915 
E          0.1881741 0.1680273 0.0719899 0.0000000 0.0973555 0.0833703 0.0949214 0.1742610 0.1665929 0.1741867 0.1475089 0.1526085 0.1350392 0.1354633 0.1502204 
F          0.1775983 0.1888942 0.1065499 0.0973555 0.0000000 0.0904560 0.1021635 0.1825309 0.1721406 0.1771949 0.1579666 0.1580996 0.1403381 0.1455387 0.1582113 
B          0.1827287 0.1598351 0.0903377 0.0833703 0.0904560 0.0000000 0.0141712 0.1519959 0.1564246 0.1639245 0.1305731 0.1355519 0.1183858 0.1257868 0.1356446 
C          0.1934492 0.1703398 0.1020269 0.0949214 0.1021635 0.0141712 0.0000000 0.1647556 0.1694221 0.1770539 0.1429975 0.1455927 0.1305731 0.1381285 0.1433186 
A4         0.1693141 0.1874439 0.1848299 0.1742610 0.1825309 0.1519959 0.1647556 0.0000000 0.1524157 0.1553792 0.1367753 0.1413344 0.1242033 0.1343096 0.1442071 
H          0.1922771 0.1798125 0.1815669 0.1665929 0.1721406 0.1564246 0.1694221 0.1524157 0.0000000 0.0307942 0.0922807 0.0991977 0.0785690 0.0854764 0.0947127 
I          0.1922742 0.1818757 0.1925191 0.1741867 0.1771949 0.1639245 0.1770539 0.1553792 0.0307942 0.0000000 0.0877829 0.0992039 0.0785749 0.0922540 0.1015780 
A1         0.1649706 0.1651912 0.1577231 0.1475089 0.1579666 0.1305731 0.1429975 0.1367753 0.0922807 0.0877829 0.0000000 0.0518230 0.0368546 0.0605487 0.0691929 
A2         0.1776436 0.1698991 0.1629089 0.1526085 0.1580996 0.1355519 0.1455927 0.1413344 0.0991977 0.0992039 0.0518230 0.0000000 0.0182103 0.0649672 0.0629282 
A3         0.1643743 0.1572819 0.1450512 0.1350392 0.1403381 0.1183858 0.1305731 0.1242033 0.0785690 0.0785749 0.0368546 0.0182103 0.0000000 0.0517878 0.0476428 
G          0.1622731 0.1495739 0.1455119 0.1354633 0.1455387 0.1257868 0.1381285 0.1343096 0.0854764 0.0922540 0.0605487 0.0649672 0.0517878 0.0000000 0.0606337 
A0         0.1828033 0.1680087 0.1604915 0.1502204 0.1582113 0.1356446 0.1433186 0.1442071 0.0947127 0.1015780 0.0691929 0.0629282 0.0476428 0.0606337 0.0000000 
