15
A5         0.0000000 0.2336317 0.2460386 0.2656731 0.2155879 0.2306789 0.2409445 0.2767384 0.2637485 0.2527455 0.2497508 0.2581694 0.2662528 0.2644533 0.2582220 
A4         0.2336317 0.0000000 0.1707323 0.1770793 0.1475751 0.1535017 0.1554508 0.1744130 0.1645398 0.1729662 0.1728838 0.1706545 0.1806079 0.1688644 0.1760690 
C          0.2460386 0.1707323 0.0000000 0.1479930 0.1176409 0.1254453 0.1346464 0.1897520 0.2016385 0.1991517 0.1963995 0.1885201 0.1986444 0.1814132 0.1964687 
F          0.2656731 0.1770793 0.1479930 0.0000000 0.1129887 0.1207246 0.1294097 0.2021075 0.2141984 0.2009810 0.1981977 0.2110918 0.2215519 0.2066655 0.2167646 
E          0.2155879 0.1475751 0.1176409 0.1129887 0.0000000 0.0582931 0.0645861 0.1893834 0.1850492 0.1777553 0.1750966 0.1750046 0.1799215 0.1756913 0.1827842 
B          0.2306789 0.1535017 0.1254453 0.1207246 0.0582931 0.0000000 0.0606488 0.1880884 0.1889090 0.1866009 0.1838917 0.1787071 0.1887683 0.1768124 0.1865739 
D          0.2409445 0.1554508 0.1346464 0.1294097 0.0645861 0.0606488 0.0000000 0.1839333 0.1988613 0.1912810 0.1936762 0.1884437 0.1985785 0.1891966 0.1963871 
A          0.2767384 0.1744130 0.1897520 0.2021075 0.1893834 0.1880884 0.1839333 0.0000000 0.2000708 0.1975945 0.1871727 0.1950904 0.2079083 0.1906667 0.1980703 
G          0.2637485 0.1645398 0.2016385 0.2141984 0.1850492 0.1889090 0.1988613 0.2000708 0.0000000 0.0680194 0.0746224 0.1044205 0.1089874 0.0956334 0.1022953 
A2         0.2527455 0.1729662 0.1991517 0.2009810 0.1777553 0.1866009 0.1912810 0.1975945 0.0680194 0.0000000 0.0223794 0.0986585 0.1031479 0.0922339 0.1011024 
A3         0.2497508 0.1728838 0.1963995 0.1981977 0.1750966 0.1838917 0.1936762 0.1871727 0.0746224 0.0223794 0.0000000 0.1008578 0.1099244 0.1035280 0.1078820 
H          0.2581694 0.1706545 0.1885201 0.2110918 0.1750046 0.1787071 0.1884437 0.1950904 0.1044205 0.0986585 0.1008578 0.0000000 0.0243661 0.0740038 0.0782610 
I          0.2662528 0.1806079 0.1986444 0.2215519 0.1799215 0.1887683 0.1985785 0.2079083 0.1089874 0.1031479 0.1099244 0.0243661 0.0000000 0.0739625 0.0782172 
A0         0.2644533 0.1688644 0.1814132 0.2066655 0.1756913 0.1768124 0.1891966 0.1906667 0.0956334 0.0922339 0.1035280 0.0740038 0.0739625 0.0000000 0.0454989 
A1         0.2582220 0.1760690 0.1964687 0.2167646 0.1827842 0.1865739 0.1963871 0.1980703 0.1022953 0.1011024 0.1078820 0.0782610 0.0782172 0.0454989 0.0000000 
