15
A5         0.0000000 0.2141503 0.1563446 0.1787898 0.1746728 0.1744731 0.1775619 0.1636350 0.1715241 0.2120026 0.1723130 0.1701806 0.1796401 0.1966166 0.1703928 
A          0.2141503 0.0000000 0.1642575 0.1735019 0.1744244 0.1742281 0.1873321 0.1708861 0.1787265 0.2312741 0.1936798 0.1890444 0.1991749 0.2046674 0.1942948 
A1         0.1563446 0.1642575 0.0000000 0.0539410 0.0499115 0.0499751 0.0564113 0.0476243 0.0541381 0.1750543 0.1424990 0.1428496 0.1505242 0.1610109 0.1434581 
A2         0.1787898 0.1735019 0.0539410 0.0000000 0.0540176 0.0714020 0.0781942 0.0645802 0.0712291 0.1769417 0.1496941 0.1500649 0.1548427 0.1778914 0.1526462 
A3         0.1746728 0.1744244 0.0499115 0.0540176 0.0000000 0.0651669 0.0741488 0.0605596 0.0627028 0.1879967 0.1578814 0.1582778 0.1580769 0.1813304 0.1558674 
G          0.1744731 0.1742281 0.0499751 0.0714020 0.0651669 0.0000000 0.0696652 0.0561877 0.0584586 0.1850977 0.1601186 0.1605210 0.1628316 0.1735129 0.1556913 
A0         0.1775619 0.1873321 0.0564113 0.0781942 0.0741488 0.0696652 0.0000000 0.0411752 0.0518766 0.1959355 0.1655178 0.1684785 0.1652861 0.1810491 0.1551560 
H          0.1636350 0.1708861 0.0476243 0.0645802 0.0605596 0.0561877 0.0411752 0.0000000 0.0347055 0.1791933 0.1520059 0.1523830 0.1571580 0.1752322 0.1476941 
I          0.1715241 0.1787265 0.0541381 0.0712291 0.0627028 0.0584586 0.0518766 0.0347055 0.0000000 0.1821063 0.1567781 0.1571687 0.1624675 0.1807102 0.1529383 
A4         0.2120026 0.2312741 0.1750543 0.1769417 0.1879967 0.1850977 0.1959355 0.1791933 0.1821063 0.0000000 0.1992288 0.1997529 0.2048099 0.2287170 0.1998928 
B          0.1723130 0.1936798 0.1424990 0.1496941 0.1578814 0.1601186 0.1655178 0.1520059 0.1567781 0.1992288 0.0000000 0.0121346 0.1161779 0.1260764 0.1070572 
C          0.1701806 0.1890444 0.1428496 0.1500649 0.1582778 0.1605210 0.1684785 0.1523830 0.1571687 0.1997529 0.0121346 0.0000000 0.1164591 0.1287990 0.1096688 
F          0.1796401 0.1991749 0.1505242 0.1548427 0.1580769 0.1628316 0.1652861 0.1571580 0.1624675 0.2048099 0.1161779 0.1164591 0.0000000 0.0948229 0.0788334 
D          0.1966166 0.2046674 0.1610109 0.1778914 0.1813304 0.1735129 0.1810491 0.1752322 0.1807102 0.2287170 0.1260764 0.1287990 0.0948229 0.0000000 0.0811504 
E          0.1703928 0.1942948 0.1434581 0.1526462 0.1558674 0.1556913 0.1551560 0.1476941 0.1529383 0.1998928 0.1070572 0.1096688 0.0788334 0.0811504 0.0000000 
