15
A5         0.0000000 0.2139635 0.2206260 0.2301731 0.1971649 0.1967032 0.1990914 0.2447817 0.2353347 0.2347591 0.2137239 0.2324229 0.2180331 0.2398843 0.2475295 
A          0.2139635 0.0000000 0.1791697 0.1859692 0.1575433 0.1380349 0.1515561 0.1656932 0.1783824 0.1830420 0.1556909 0.1783244 0.1648969 0.1848879 0.1921679 
B          0.2206260 0.1791697 0.0000000 0.0477240 0.1189460 0.1189551 0.1185229 0.1935152 0.1794934 0.1841846 0.1694446 0.1719116 0.1685262 0.1837912 0.1807723 
C          0.2301731 0.1859692 0.0477240 0.0000000 0.1157050 0.1157139 0.1176884 0.1842039 0.1781141 0.1827663 0.1681540 0.1732111 0.1672504 0.1875033 0.1844862 
F          0.1971649 0.1575433 0.1189460 0.1157050 0.0000000 0.0805177 0.0758909 0.1630743 0.1603385 0.1649342 0.1504084 0.1553511 0.1521182 0.1742352 0.1713001 
D          0.1967032 0.1380349 0.1189551 0.1157139 0.0805177 0.0000000 0.0539832 0.1555653 0.1554079 0.1599896 0.1430234 0.1504494 0.1400609 0.1617301 0.1588627 
E          0.1990914 0.1515561 0.1185229 0.1176884 0.0758909 0.0539832 0.0000000 0.1576873 0.1573722 0.1619459 0.1451546 0.1524168 0.1492181 0.1661347 0.1632530 
A4         0.2447817 0.1656932 0.1935152 0.1842039 0.1630743 0.1555653 0.1576873 0.0000000 0.1665214 0.1711667 0.1486082 0.1688864 0.1705176 0.1827162 0.1797209 
A2         0.2353347 0.1783824 0.1794934 0.1781141 0.1603385 0.1554079 0.1573722 0.1665214 0.0000000 0.0183348 0.0588156 0.0631870 0.0696497 0.0907497 0.0882866 
A3         0.2347591 0.1830420 0.1841846 0.1827663 0.1649342 0.1599896 0.1619459 0.1711667 0.0183348 0.0000000 0.0608422 0.0652135 0.0695110 0.0905623 0.0881052 
A0         0.2137239 0.1556909 0.1694446 0.1681540 0.1504084 0.1430234 0.1451546 0.1486082 0.0588156 0.0608422 0.0000000 0.0372300 0.0608772 0.0727440 0.0770299 
A1         0.2324229 0.1783244 0.1719116 0.1732111 0.1553511 0.1504494 0.1524168 0.1688864 0.0631870 0.0652135 0.0372300 0.0000000 0.0652509 0.0817382 0.0815340 
G          0.2180331 0.1648969 0.1685262 0.1672504 0.1521182 0.1400609 0.1492181 0.1705176 0.0696497 0.0695110 0.0608772 0.0652509 0.0000000 0.0610695 0.0653376 
H          0.2398843 0.1848879 0.1837912 0.1875033 0.1742352 0.1617301 0.1661347 0.1827162 0.0907497 0.0905623 0.0727440 0.0817382 0.0610695 0.0000000 0.0183669 
I          0.2475295 0.1921679 0.1807723 0.1844862 0.1713001 0.1588627 0.1632530 0.1797209 0.0882866 0.0881052 0.0770299 0.0815340 0.0653376 0.0183669 0.0000000 
