15
A5         0.0000000 0.1936801 0.1933323 0.2094927 0.2216880 0.2047837 0.2056962 0.2051987 0.2201689 0.2167632 0.2224293 0.2092845 0.2122304 0.2154109 0.2183989 
A          0.1936801 0.0000000 0.1504457 0.1602325 0.1714177 0.1533155 0.1575308 0.1724373 0.1686995 0.1625741 0.1703287 0.1635415 0.1559124 0.1593872 0.1571571 
B          0.1933323 0.1504457 0.0000000 0.0606053 0.1116006 0.0928107 0.0901169 0.1566965 0.1705482 0.1693955 0.1773031 0.1578015 0.1580833 0.1633897 0.1611352 
C          0.2094927 0.1602325 0.0606053 0.0000000 0.1069065 0.0813257 0.0923923 0.1615024 0.1755064 0.1743870 0.1823435 0.1650781 0.1653756 0.1707343 0.1634700 
F          0.2216880 0.1714177 0.1116006 0.1069065 0.0000000 0.0933185 0.0951667 0.1563660 0.1811619 0.1800418 0.1854346 0.1731931 0.1655214 0.1682880 0.1660295 
D          0.2047837 0.1533155 0.0928107 0.0813257 0.0933185 0.0000000 0.0790863 0.1519196 0.1655223 0.1538761 0.1590509 0.1576387 0.1604474 0.1607853 0.1585351 
E          0.2056962 0.1575308 0.0901169 0.0923923 0.0951667 0.0790863 0.0000000 0.1511224 0.1676055 0.1584474 0.1692357 0.1647919 0.1674839 0.1702510 0.1679971 
A4         0.2051987 0.1724373 0.1566965 0.1615024 0.1563660 0.1519196 0.1511224 0.0000000 0.1715472 0.1778480 0.1806925 0.1661718 0.1690255 0.1793569 0.1771051 
A1         0.2201689 0.1686995 0.1705482 0.1755064 0.1811619 0.1655223 0.1676055 0.1715472 0.0000000 0.0628852 0.0673157 0.0801489 0.0827590 0.0896668 0.0875392 
A2         0.2167632 0.1625741 0.1693955 0.1743870 0.1800418 0.1538761 0.1584474 0.1778480 0.0628852 0.0000000 0.0224080 0.0876895 0.0812990 0.0882567 0.0861107 
A3         0.2224293 0.1703287 0.1773031 0.1823435 0.1854346 0.1590509 0.1692357 0.1806925 0.0673157 0.0224080 0.0000000 0.0946138 0.0905014 0.0975674 0.0954066 
G          0.2092845 0.1635415 0.1578015 0.1650781 0.1731931 0.1576387 0.1647919 0.1661718 0.0801489 0.0876895 0.0946138 0.0000000 0.0606444 0.0673177 0.0652191 
A0         0.2122304 0.1559124 0.1580833 0.1653756 0.1655214 0.1604474 0.1674839 0.1690255 0.0827590 0.0812990 0.0905014 0.0606444 0.0000000 0.0435353 0.0414651 
H          0.2154109 0.1593872 0.1633897 0.1707343 0.1682880 0.1607853 0.1702510 0.1793569 0.0896668 0.0882567 0.0975674 0.0673177 0.0435353 0.0000000 0.0141777 
I          0.2183989 0.1571571 0.1611352 0.1634700 0.1660295 0.1585351 0.1679971 0.1771051 0.0875392 0.0861107 0.0954066 0.0652191 0.0414651 0.0141777 0.0000000 
