15
A5         0.0000000 0.2719930 0.2529303 0.2699170 0.2780250 0.2729973 0.2804438 0.2701695 0.2728865 0.2927551 0.2633179 0.2622283 0.2643328 0.2890619 0.2697552 
A          0.2719930 0.0000000 0.2091773 0.2127335 0.2150958 0.2232472 0.2360807 0.2148132 0.2303043 0.2460115 0.2292992 0.2283925 0.2085643 0.2472546 0.2283035 
A4         0.2529303 0.2091773 0.0000000 0.1151471 0.1219755 0.1104292 0.1254414 0.1011537 0.1299874 0.1438645 0.1340536 0.1242257 0.1216255 0.1483509 0.1219184 
B          0.2699170 0.2127335 0.1151471 0.0000000 0.0141816 0.0967685 0.0976338 0.0853901 0.1305173 0.1396352 0.1322668 0.1224233 0.1151851 0.1418000 0.1225008 
C          0.2780250 0.2150958 0.1219755 0.0141816 0.0000000 0.1034802 0.1066844 0.0942500 0.1375135 0.1367277 0.1344857 0.1246227 0.1173706 0.1440311 0.1247016 
F          0.2729973 0.2232472 0.1104292 0.0967685 0.1034802 0.0000000 0.0926434 0.0759957 0.1257336 0.1396937 0.1322205 0.1270619 0.1244386 0.1436896 0.1271424 
D          0.2804438 0.2360807 0.1254414 0.0976338 0.1066844 0.0926434 0.0000000 0.0655697 0.1460689 0.1525190 0.1428352 0.1375456 0.1349552 0.1599321 0.1425406 
E          0.2701695 0.2148132 0.1011537 0.0853901 0.0942500 0.0759957 0.0655697 0.0000000 0.1278225 0.1393470 0.1271846 0.1174361 0.1172099 0.1343079 0.1245294 
G          0.2728865 0.2303043 0.1299874 0.1305173 0.1375135 0.1257336 0.1460689 0.1278225 0.0000000 0.1160904 0.1065766 0.1016358 0.0966445 0.1181485 0.1043246 
H          0.2927551 0.2460115 0.1438645 0.1396352 0.1367277 0.1396937 0.1525190 0.1393470 0.1160904 0.0000000 0.0520427 0.0497578 0.0649771 0.0829289 0.0675125 
I          0.2633179 0.2292992 0.1340536 0.1322668 0.1344857 0.1322205 0.1428352 0.1271846 0.1065766 0.0520427 0.0000000 0.0390796 0.0561876 0.0783421 0.0630266 
A0         0.2622283 0.2283925 0.1242257 0.1224233 0.1246227 0.1270619 0.1375456 0.1174361 0.1016358 0.0497578 0.0390796 0.0000000 0.0517693 0.0715232 0.0541874 
A1         0.2643328 0.2085643 0.1216255 0.1151851 0.1173706 0.1244386 0.1349552 0.1172099 0.0966445 0.0649771 0.0561876 0.0517693 0.0000000 0.0626588 0.0498213 
A2         0.2890619 0.2472546 0.1483509 0.1418000 0.1440311 0.1436896 0.1599321 0.1343079 0.1181485 0.0829289 0.0783421 0.0715232 0.0626588 0.0000000 0.0520357 
A3         0.2697552 0.2283035 0.1219184 0.1225008 0.1247016 0.1271424 0.1425406 0.1245294 0.1043246 0.0675125 0.0630266 0.0541874 0.0498213 0.0520357 0.0000000 
