15
A5         0.0000000 0.1962394 0.2081181 0.2046303 0.2355405 0.2275476 0.2268458 0.2437422 0.2322135 0.2093335 0.2390361 0.2360689 0.2071200 0.2199099 0.2195319 
A4         0.1962394 0.0000000 0.1329537 0.1252801 0.1401365 0.1307456 0.1422439 0.1453567 0.1446283 0.1823624 0.2036089 0.2007994 0.1830363 0.1879108 0.1851451 
A2         0.2081181 0.1329537 0.0000000 0.0181841 0.1136854 0.1019489 0.1085068 0.1163057 0.1134457 0.1944550 0.2349271 0.2319624 0.2108976 0.2002895 0.2076767 
A3         0.2046303 0.1252801 0.0181841 0.0000000 0.1062720 0.0994965 0.1060343 0.1088432 0.1060501 0.1909737 0.2285177 0.2255919 0.2020828 0.1916249 0.1989301 
I          0.2355405 0.1401365 0.1136854 0.1062720 0.0000000 0.0654140 0.0717766 0.0719446 0.0695780 0.2180064 0.2486846 0.2456598 0.2209066 0.2313201 0.2309329 
A0         0.2275476 0.1307456 0.1019489 0.0994965 0.0654140 0.0000000 0.0305989 0.0697680 0.0718292 0.2103376 0.2372494 0.2342792 0.2186008 0.2262770 0.2259003 
A1         0.2268458 0.1422439 0.1085068 0.1060343 0.0717766 0.0305989 0.0000000 0.0761445 0.0738050 0.2307333 0.2418708 0.2388903 0.2257705 0.2360498 0.2384151 
G          0.2437422 0.1453567 0.1163057 0.1088432 0.0719446 0.0697680 0.0761445 0.0000000 0.0675567 0.2318863 0.2482780 0.2452597 0.2323966 0.2375574 0.2319345 
H          0.2322135 0.1446283 0.1134457 0.1060501 0.0695780 0.0718292 0.0738050 0.0675567 0.0000000 0.2248153 0.2618606 0.2587867 0.2144872 0.2335115 0.2384597 
A          0.2093335 0.1823624 0.1944550 0.1909737 0.2180064 0.2103376 0.2307333 0.2318863 0.2248153 0.0000000 0.2181527 0.2152983 0.1958768 0.1951342 0.1974274 
B          0.2390361 0.2036089 0.2349271 0.2285177 0.2486846 0.2372494 0.2418708 0.2482780 0.2618606 0.2181527 0.0000000 0.0080589 0.1442150 0.1365263 0.1363300 
C          0.2360689 0.2007994 0.2319624 0.2255919 0.2456598 0.2342792 0.2388903 0.2452597 0.2587867 0.2152983 0.0080589 0.0000000 0.1416651 0.1340138 0.1338220 
F          0.2071200 0.1830363 0.2108976 0.2020828 0.2209066 0.2186008 0.2257705 0.2323966 0.2144872 0.1958768 0.1442150 0.1416651 0.0000000 0.1012611 0.1056816 
D          0.2199099 0.1879108 0.2002895 0.1916249 0.2313201 0.2262770 0.2360498 0.2375574 0.2335115 0.1951342 0.1365263 0.1340138 0.1012611 0.0000000 0.0825923 
E          0.2195319 0.1851451 0.2076767 0.1989301 0.2309329 0.2259003 0.2384151 0.2319345 0.2384597 0.1974274 0.1363300 0.1338220 0.1056816 0.0825923 0.0000000 
