15
A5         0.0000000 0.1935186 0.2009794 0.1722442 0.1998806 0.1643676 0.1490283 0.1593392 0.1787917 0.1720136 0.1646168 0.1725065 0.1769365 0.1638006 0.1714902 
A          0.1935186 0.0000000 0.1946630 0.1770940 0.2156689 0.1841289 0.1655441 0.1762227 0.1935371 0.1790889 0.1815436 0.1845691 0.1816562 0.1757155 0.1785340 
D          0.2009794 0.1946630 0.0000000 0.1137852 0.1310421 0.1870556 0.1860245 0.1970368 0.2044676 0.2082238 0.1918701 0.2053786 0.2053771 0.1942076 0.1971219 
E          0.1722442 0.1770940 0.1137852 0.0000000 0.1115232 0.1705565 0.1523664 0.1653182 0.1799558 0.1808034 0.1705867 0.1785900 0.1701272 0.1700126 0.1677845 
F          0.1998806 0.2156689 0.1310421 0.1115232 0.0000000 0.1954805 0.1790155 0.1951293 0.1971290 0.2033235 0.1953921 0.2037533 0.2059818 0.1896197 0.1925206 
A4         0.1643676 0.1841289 0.1870556 0.1705565 0.1954805 0.0000000 0.1440818 0.1543123 0.1737573 0.1695741 0.1620595 0.1645374 0.1719451 0.1638059 0.1665387 
B          0.1490283 0.1655441 0.1860245 0.1523664 0.1790155 0.1440818 0.0000000 0.0162132 0.1031475 0.0992894 0.0924179 0.0994795 0.1084446 0.0965918 0.0990124 
C          0.1593392 0.1762227 0.1970368 0.1653182 0.1951293 0.1543123 0.0162132 0.0000000 0.1080021 0.1065131 0.0995612 0.1067187 0.1111096 0.1037547 0.1062131 
A0         0.1787917 0.1935371 0.2044676 0.1799558 0.1971290 0.1737573 0.1031475 0.1080021 0.0000000 0.0922482 0.0832278 0.0901812 0.0945075 0.0873845 0.0897618 
G          0.1720136 0.1790889 0.2082238 0.1808034 0.2033235 0.1695741 0.0992894 0.1065131 0.0922482 0.0000000 0.0415664 0.0480867 0.0655540 0.0587456 0.0610075 
H          0.1646168 0.1815436 0.1918701 0.1705867 0.1953921 0.1620595 0.0924179 0.0995612 0.0832278 0.0415664 0.0000000 0.0101482 0.0567568 0.0458065 0.0480163 
I          0.1725065 0.1845691 0.2053786 0.1785900 0.2037533 0.1645374 0.0994795 0.1067187 0.0901812 0.0480867 0.0101482 0.0000000 0.0634447 0.0523643 0.0546051 
A1         0.1769365 0.1816562 0.2053771 0.1701272 0.2059818 0.1719451 0.1084446 0.1111096 0.0945075 0.0655540 0.0567568 0.0634447 0.0000000 0.0542224 0.0564582 
A2         0.1638006 0.1757155 0.1942076 0.1700126 0.1896197 0.1638059 0.0965918 0.1037547 0.0873845 0.0587456 0.0458065 0.0523643 0.0542224 0.0000000 0.0142044 
A3         0.1714902 0.1785340 0.1971219 0.1677845 0.1925206 0.1665387 0.0990124 0.1062131 0.0897618 0.0610075 0.0480163 0.0546051 0.0564582 0.0142044 0.0000000 
