15
A5         0.0000000 0.1711261 0.1956120 0.1880436 0.1799857 0.1839700 0.2022678 0.1838644 0.1636931 0.2127954 0.2064928 0.2082014 0.2022730 0.2137070 0.2002270 
A          0.1711261 0.0000000 0.1717863 0.1619151 0.1718371 0.1626904 0.1779309 0.1689815 0.1482686 0.1751207 0.1717285 0.1714553 0.1803998 0.1819339 0.1709039 
B          0.1956120 0.1717863 0.0000000 0.0161345 0.1456771 0.1487714 0.1610680 0.1925668 0.1610560 0.1759241 0.1751121 0.1772719 0.1862763 0.1903321 0.1618388 
C          0.1880436 0.1619151 0.0161345 0.0000000 0.1432469 0.1415352 0.1537262 0.1824442 0.1513457 0.1759536 0.1701382 0.1722966 0.1812826 0.1828002 0.1569567 
F          0.1799857 0.1718371 0.1456771 0.1432469 0.0000000 0.0807523 0.0988381 0.1671979 0.1442058 0.1678188 0.1646246 0.1643514 0.1708657 0.1821582 0.1516925 
D          0.1839700 0.1626904 0.1487714 0.1415352 0.0807523 0.0000000 0.0831771 0.1709037 0.1379870 0.1716446 0.1683974 0.1731201 0.1746843 0.1861682 0.1553017 
E          0.2022678 0.1779309 0.1610680 0.1537262 0.0988381 0.0831771 0.0000000 0.1781790 0.1625763 0.1841000 0.1807603 0.1855205 0.1870371 0.1960830 0.1674521 
A4         0.1838644 0.1689815 0.1925668 0.1824442 0.1671979 0.1709037 0.1781790 0.0000000 0.1657508 0.1984850 0.1898399 0.1946675 0.1832086 0.2079753 0.1757251 
G          0.1636931 0.1482686 0.1610560 0.1513457 0.1442058 0.1379870 0.1625763 0.1657508 0.0000000 0.1114719 0.0946838 0.0898325 0.0917766 0.1060972 0.0808160 
A0         0.2127954 0.1751207 0.1759241 0.1759536 0.1678188 0.1716446 0.1841000 0.1984850 0.1114719 0.0000000 0.0393918 0.0393370 0.0923040 0.0998420 0.0768139 
H          0.2064928 0.1717285 0.1751121 0.1701382 0.1646246 0.1683974 0.1807603 0.1898399 0.0946838 0.0393918 0.0000000 0.0244859 0.0783395 0.0810877 0.0609454 
I          0.2082014 0.1714553 0.1772719 0.1722966 0.1643514 0.1731201 0.1855205 0.1946675 0.0898325 0.0393370 0.0244859 0.0000000 0.0716049 0.0765811 0.0630539 
A1         0.2022730 0.1803998 0.1862763 0.1812826 0.1708657 0.1746843 0.1870371 0.1832086 0.0917766 0.0923040 0.0783395 0.0716049 0.0000000 0.0759345 0.0561000 
A2         0.2137070 0.1819339 0.1903321 0.1828002 0.1821582 0.1861682 0.1960830 0.2079753 0.1060972 0.0998420 0.0810877 0.0765811 0.0759345 0.0000000 0.0477336 
A3         0.2002270 0.1709039 0.1618388 0.1569567 0.1516925 0.1553017 0.1674521 0.1757251 0.0808160 0.0768139 0.0609454 0.0630539 0.0561000 0.0477336 0.0000000 
