15
A5         0.0000000 0.2019881 0.2190430 0.2109647 0.2077888 0.1996441 0.1781098 0.1961416 0.2275772 0.2361965 0.2346326 0.2225630 0.2227563 0.2249753 0.2193016 
A          0.2019881 0.0000000 0.1975026 0.1896334 0.1974088 0.1868806 0.1681235 0.1861198 0.2018382 0.2049296 0.2217418 0.2149894 0.2212511 0.2025240 0.1969854 
B          0.2190430 0.1975026 0.0000000 0.0101097 0.1220956 0.1125744 0.1003348 0.2083284 0.2030373 0.2090319 0.2393901 0.2325417 0.2309623 0.2224062 0.2220217 
C          0.2109647 0.1896334 0.0101097 0.0000000 0.1149146 0.1077792 0.0956402 0.2003496 0.2003115 0.2062762 0.2310794 0.2243406 0.2281248 0.2142738 0.2139059 
F          0.2077888 0.1974088 0.1220956 0.1149146 0.0000000 0.1097087 0.0976406 0.2021211 0.2207475 0.2205786 0.2334357 0.2273856 0.2408909 0.2286602 0.2282659 
D          0.1996441 0.1868806 0.1125744 0.1077792 0.1097087 0.0000000 0.0525059 0.1764795 0.1810506 0.1943048 0.2036092 0.1997579 0.1955718 0.1924439 0.1921206 
E          0.1781098 0.1681235 0.1003348 0.0956402 0.0976406 0.0525059 0.0000000 0.1754029 0.1799441 0.1906100 0.2102575 0.1960058 0.2047354 0.1938910 0.1935667 
A4         0.1961416 0.1861198 0.2083284 0.2003496 0.2021211 0.1764795 0.1754029 0.0000000 0.1227623 0.1301402 0.1402719 0.1299730 0.1324162 0.1303066 0.1253574 
A0         0.2275772 0.2018382 0.2030373 0.2003115 0.2207475 0.1810506 0.1799441 0.1227623 0.0000000 0.0349034 0.0922555 0.0895116 0.0875764 0.0829742 0.0828500 
A1         0.2361965 0.2049296 0.2090319 0.2062762 0.2205786 0.1943048 0.1906100 0.1301402 0.0349034 0.0000000 0.1041301 0.1012730 0.1085403 0.0968889 0.0967415 
A2         0.2346326 0.2217418 0.2393901 0.2310794 0.2334357 0.2036092 0.2102575 0.1402719 0.0922555 0.1041301 0.0000000 0.0538119 0.0875967 0.0829390 0.0828149 
A3         0.2225630 0.2149894 0.2325417 0.2243406 0.2273856 0.1997579 0.1960058 0.1299730 0.0895116 0.1012730 0.0538119 0.0000000 0.0870984 0.0758673 0.0757553 
G          0.2227563 0.2212511 0.2309623 0.2281248 0.2408909 0.1955718 0.2047354 0.1324162 0.0875764 0.1085403 0.0875967 0.0870984 0.0000000 0.0608286 0.0607393 
H          0.2249753 0.2025240 0.2224062 0.2142738 0.2286602 0.1924439 0.1938910 0.1303066 0.0829742 0.0968889 0.0829390 0.0758673 0.0608286 0.0000000 0.0080430 
I          0.2193016 0.1969854 0.2220217 0.2139059 0.2282659 0.1921206 0.1935667 0.1253574 0.0828500 0.0967415 0.0828149 0.0757553 0.0607393 0.0080430 0.0000000 
