15
G          0.0000000 0.0783931 0.0830751 0.0696348 0.0695873 0.0761175 0.0786321 0.2184764 0.1679623 0.1561069 0.1943325 0.1859282 0.1911323 0.2414907 0.2036299 
A2         0.0783931 0.0000000 0.0182620 0.0607588 0.0585651 0.0628234 0.0674501 0.2101515 0.1597994 0.1362292 0.1756677 0.1674225 0.1675147 0.2348470 0.1924359 
A3         0.0830751 0.0182620 0.0000000 0.0652936 0.0630805 0.0673666 0.0720485 0.2135409 0.1652606 0.1414185 0.1813044 0.1729589 0.1730553 0.2384579 0.1930710 
A1         0.0696348 0.0607588 0.0652936 0.0000000 0.0478465 0.0585442 0.0585829 0.2030283 0.1603135 0.1366343 0.1762238 0.1679453 0.1680381 0.2221638 0.1910128 
H          0.0695873 0.0585651 0.0630805 0.0478465 0.0000000 0.0474807 0.0497903 0.1976554 0.1552624 0.1317868 0.1660210 0.1529538 0.1530360 0.2213215 0.1960289 
I          0.0761175 0.0628234 0.0673666 0.0585442 0.0474807 0.0000000 0.0349443 0.2079002 0.1575229 0.1364064 0.1683934 0.1701894 0.1702836 0.2242640 0.1880535 
A0         0.0786321 0.0674501 0.0720485 0.0585829 0.0497903 0.0349443 0.0000000 0.2167905 0.1632158 0.1393720 0.1792324 0.1760018 0.1761007 0.2276315 0.1984726 
A4         0.2184764 0.2101515 0.2135409 0.2030283 0.1976554 0.2079002 0.2167905 0.0000000 0.1539237 0.1351032 0.1801626 0.1641461 0.1642368 0.2624436 0.2192348 
D          0.1679623 0.1597994 0.1652606 0.1603135 0.1552624 0.1575229 0.1632158 0.1539237 0.0000000 0.0585408 0.1092560 0.1041748 0.1019466 0.2184732 0.1812019 
E          0.1561069 0.1362292 0.1414185 0.1366343 0.1317868 0.1364064 0.1393720 0.1351032 0.0585408 0.0000000 0.0991509 0.0874415 0.0852612 0.2034258 0.1714032 
F          0.1943325 0.1756677 0.1813044 0.1762238 0.1660210 0.1683934 0.1792324 0.1801626 0.1092560 0.0991509 0.0000000 0.0998388 0.0976121 0.2186273 0.1815914 
B          0.1859282 0.1674225 0.1729589 0.1679453 0.1529538 0.1701894 0.1760018 0.1641461 0.1041748 0.0874415 0.0998388 0.0000000 0.0141418 0.1985827 0.1814896 
C          0.1911323 0.1675147 0.1730553 0.1680381 0.1530360 0.1702836 0.1761007 0.1642368 0.1019466 0.0852612 0.0976121 0.0141418 0.0000000 0.1986999 0.1790915 
A          0.2414907 0.2348470 0.2384579 0.2221638 0.2213215 0.2242640 0.2276315 0.2624436 0.2184732 0.2034258 0.2186273 0.1985827 0.1986999 0.0000000 0.1854402 
A5         0.2036299 0.1924359 0.1930710 0.1910128 0.1960289 0.1880535 0.1984726 0.2192348 0.1812019 0.1714032 0.1815914 0.1814896 0.1790915 0.1854402 0.0000000 
