15
F          0.0000000 0.1012944 0.1103009 0.1036372 0.0806280 0.2189975 0.2003892 0.2410987 0.1928539 0.2240957 0.2224604 0.2193160 0.2024631 0.2052781 0.2004275 
B          0.1012944 0.0000000 0.0368880 0.0964717 0.0895070 0.2399682 0.1781215 0.2289912 0.1681199 0.2066546 0.2023076 0.1992903 0.1983355 0.1954380 0.1911719 
C          0.1103009 0.0368880 0.0000000 0.1034865 0.1055406 0.2570493 0.1995196 0.2551172 0.1944002 0.2316782 0.2272965 0.2241334 0.2255943 0.2225508 0.2182627 
D          0.1036372 0.0964717 0.1034865 0.0000000 0.0651593 0.2374512 0.1847041 0.2353631 0.1901604 0.2240498 0.2196635 0.2112382 0.2069042 0.2052329 0.1951827 
E          0.0806280 0.0895070 0.1055406 0.0651593 0.0000000 0.2200611 0.1786089 0.2177742 0.1637767 0.1965596 0.1922133 0.1892440 0.1858732 0.1808860 0.1711063 
A5         0.2189975 0.2399682 0.2570493 0.2374512 0.2200611 0.0000000 0.2174117 0.2535464 0.2166989 0.2476645 0.2431468 0.2425100 0.2360483 0.2440801 0.2391273 
A          0.2003892 0.1781215 0.1995196 0.1847041 0.1786089 0.2174117 0.0000000 0.1931612 0.1505339 0.1933795 0.1864105 0.1834810 0.1903025 0.1796750 0.1728424 
A4         0.2410987 0.2289912 0.2551172 0.2353631 0.2177742 0.2535464 0.1931612 0.0000000 0.1491648 0.1826998 0.1756958 0.1727889 0.1821248 0.1771392 0.1641981 
G          0.1928539 0.1681199 0.1944002 0.1901604 0.1637767 0.2166989 0.1505339 0.1491648 0.0000000 0.1257784 0.1215122 0.1142255 0.1254205 0.1230956 0.1115250 
A0         0.2240957 0.2066546 0.2316782 0.2240498 0.1965596 0.2476645 0.1933795 0.1826998 0.1257784 0.0000000 0.0414821 0.0350686 0.0851756 0.0852253 0.0764428 
H          0.2224604 0.2023076 0.2272965 0.2196635 0.1922133 0.2431468 0.1864105 0.1756958 0.1215122 0.0414821 0.0000000 0.0308693 0.0854891 0.0832733 0.0744777 
I          0.2193160 0.1992903 0.2241334 0.2112382 0.1892440 0.2425100 0.1834810 0.1727889 0.1142255 0.0350686 0.0308693 0.0000000 0.0830924 0.0764383 0.0677146 
A1         0.2024631 0.1983355 0.2255943 0.2069042 0.1858732 0.2360483 0.1903025 0.1821248 0.1254205 0.0851756 0.0854891 0.0830924 0.0000000 0.0671187 0.0585335 
A2         0.2052781 0.1954380 0.2225508 0.2052329 0.1808860 0.2440801 0.1796750 0.1771392 0.1230956 0.0852253 0.0832733 0.0764383 0.0671187 0.0000000 0.0121166 
A3         0.2004275 0.1911719 0.2182627 0.1951827 0.1711063 0.2391273 0.1728424 0.1641981 0.1115250 0.0764428 0.0744777 0.0677146 0.0585335 0.0121166 0.0000000 
