15
A5         0.0000000 0.2445491 0.2685907 0.2828675 0.2627695 0.2720261 0.2713572 0.2796908 0.2543539 0.2468992 0.2594351 0.2609914 0.2553271 0.2513046 0.2481734 
A          0.2445491 0.0000000 0.1800123 0.2071421 0.1793241 0.1894438 0.1819559 0.1936701 0.1741048 0.1667818 0.1834895 0.1805803 0.1701066 0.1659084 0.1731683 
C          0.2685907 0.1800123 0.0000000 0.1451120 0.1246880 0.1203165 0.1156520 0.1806837 0.1557901 0.1511094 0.1626167 0.1671440 0.1594222 0.1600058 0.1549666 
F          0.2828675 0.2071421 0.1451120 0.0000000 0.1040153 0.1088635 0.1112108 0.2158475 0.1867996 0.1789471 0.1994915 0.1862530 0.1958126 0.1884168 0.1863432 
E          0.2627695 0.1793241 0.1246880 0.1040153 0.0000000 0.0849670 0.0827631 0.1851805 0.1677319 0.1580845 0.1745521 0.1667280 0.1612949 0.1620414 0.1570012 
B          0.2720261 0.1894438 0.1203165 0.1088635 0.0849670 0.0000000 0.0561321 0.1907471 0.1731249 0.1708321 0.1824405 0.1821219 0.1765416 0.1773703 0.1722255 
D          0.2713572 0.1819559 0.1156520 0.1112108 0.0827631 0.0561321 0.0000000 0.1876966 0.1652419 0.1605385 0.1721850 0.1693254 0.1613625 0.1670486 0.1619758 
A4         0.2796908 0.1936701 0.1806837 0.2158475 0.1851805 0.1907471 0.1876966 0.0000000 0.1614275 0.1541380 0.1680425 0.1575897 0.1626044 0.1707462 0.1632180 
A2         0.2543539 0.1741048 0.1557901 0.1867996 0.1677319 0.1731249 0.1652419 0.1614275 0.0000000 0.0329129 0.0790590 0.0721888 0.0831419 0.0767615 0.0700842 
A3         0.2468992 0.1667818 0.1511094 0.1789471 0.1580845 0.1708321 0.1605385 0.1541380 0.0329129 0.0000000 0.0680301 0.0656449 0.0765422 0.0701773 0.0635436 
G          0.2594351 0.1834895 0.1626167 0.1994915 0.1745521 0.1824405 0.1721850 0.1680425 0.0790590 0.0680301 0.0000000 0.0739945 0.0895525 0.0806856 0.0740214 
A1         0.2609914 0.1805803 0.1671440 0.1862530 0.1667280 0.1821219 0.1693254 0.1575897 0.0721888 0.0656449 0.0739945 0.0000000 0.0714338 0.0629963 0.0564745 
A0         0.2553271 0.1701066 0.1594222 0.1958126 0.1612949 0.1765416 0.1613625 0.1626044 0.0831419 0.0765422 0.0895525 0.0714338 0.0000000 0.0519145 0.0412754 
H          0.2513046 0.1659084 0.1600058 0.1884168 0.1620414 0.1773703 0.1670486 0.1707462 0.0767615 0.0701773 0.0806856 0.0629963 0.0519145 0.0000000 0.0223598 
I          0.2481734 0.1731683 0.1549666 0.1863432 0.1570012 0.1722255 0.1619758 0.1632180 0.0700842 0.0635436 0.0740214 0.0564745 0.0412754 0.0223598 0.0000000 
