15
A5         0.0000000 0.1874304 0.2044218 0.2102107 0.2106072 0.2375140 0.2111386 0.2051558 0.1994532 0.2098505 0.2268460 0.2317198 0.2317189 0.2252381 0.2178766 
A          0.1874304 0.0000000 0.1799388 0.1829570 0.1751403 0.1766106 0.1667875 0.1663044 0.1853404 0.1955198 0.1877091 0.1988795 0.1963710 0.1926711 0.1957066 
C          0.2044218 0.1799388 0.0000000 0.1410320 0.1355968 0.1552970 0.1374205 0.1642286 0.1808919 0.1855565 0.1992564 0.2072817 0.2047459 0.1978804 0.1931875 
F          0.2102107 0.1829570 0.1410320 0.0000000 0.0923361 0.1111790 0.0944171 0.1751280 0.1861776 0.1964090 0.2060505 0.2056306 0.2057662 0.2070908 0.2050601 
E          0.2106072 0.1751403 0.1355968 0.0923361 0.0000000 0.0944135 0.0737696 0.1650125 0.1817191 0.1841515 0.2007633 0.2030246 0.2004875 0.1993656 0.1971510 
B          0.2375140 0.1766106 0.1552970 0.1111790 0.0944135 0.0000000 0.0716091 0.1854190 0.2104313 0.2156900 0.2195399 0.2218171 0.2192330 0.2232918 0.2157604 
D          0.2111386 0.1667875 0.1374205 0.0944171 0.0737696 0.0716091 0.0000000 0.1592912 0.1832189 0.1882966 0.1970159 0.1992613 0.1967478 0.1956679 0.1934564 
A4         0.2051558 0.1663044 0.1642286 0.1751280 0.1650125 0.1854190 0.1592912 0.0000000 0.1443205 0.1467750 0.1547295 0.1594124 0.1594140 0.1513333 0.1565049 
H          0.1994532 0.1853404 0.1808919 0.1861776 0.1817191 0.2104313 0.1832189 0.1443205 0.0000000 0.0182770 0.0839161 0.0977264 0.0954892 0.0969314 0.0857779 
I          0.2098505 0.1955198 0.1855565 0.1964090 0.1841515 0.2156900 0.1882966 0.1467750 0.0182770 0.0000000 0.0907554 0.1046895 0.1024379 0.1038329 0.0926013 
G          0.2268460 0.1877091 0.1992564 0.2060505 0.2007633 0.2195399 0.1970159 0.1547295 0.0839161 0.0907554 0.0000000 0.0839805 0.0839829 0.0788222 0.0723461 
A2         0.2317198 0.1988795 0.2072817 0.2056306 0.2030246 0.2218171 0.1992613 0.1594124 0.0977264 0.1046895 0.0839805 0.0000000 0.0121942 0.0697894 0.0720921 
A3         0.2317189 0.1963710 0.2047459 0.2057662 0.2004875 0.2192330 0.1967478 0.1594140 0.0954892 0.1024379 0.0839829 0.0121942 0.0000000 0.0697917 0.0720944 
A0         0.2252381 0.1926711 0.1978804 0.2070908 0.1993656 0.2232918 0.1956679 0.1513333 0.0969314 0.1038329 0.0788222 0.0697894 0.0697917 0.0000000 0.0627019 
A1         0.2178766 0.1957066 0.1931875 0.2050601 0.1971510 0.2157604 0.1934564 0.1565049 0.0857779 0.0926013 0.0723461 0.0720921 0.0720944 0.0627019 0.0000000 
