15
A5         0.0000000 0.2196320 0.1730455 0.1699673 0.1694914 0.1646669 0.1705646 0.1726573 0.1751186 0.1757145 0.1895294 0.1849439 0.1756842 0.1675476 0.1606131 
A          0.2196320 0.0000000 0.2079294 0.1979933 0.1898288 0.1799709 0.1955713 0.2091933 0.2178395 0.2158648 0.2168354 0.2089069 0.2183857 0.1833326 0.1947014 
A4         0.1730455 0.2079294 0.0000000 0.1466009 0.1558411 0.1463755 0.1327755 0.1443536 0.1448949 0.1428890 0.1746806 0.1647096 0.1579741 0.1326707 0.1332044 
A1         0.1699673 0.1979933 0.1466009 0.0000000 0.0518778 0.0434233 0.0785227 0.0872282 0.0897513 0.0900215 0.1486453 0.1437334 0.1323539 0.1197374 0.1158561 
A2         0.1694914 0.1898288 0.1558411 0.0518778 0.0000000 0.0369047 0.0827475 0.0914606 0.0940023 0.0942855 0.1410971 0.1409911 0.1319260 0.1217685 0.1155480 
A3         0.1646669 0.1799709 0.1463755 0.0434233 0.0369047 0.0000000 0.0739922 0.0804197 0.0806917 0.0809324 0.1436206 0.1387453 0.1250425 0.1126403 0.1087015 
G          0.1705646 0.1955713 0.1327755 0.0785227 0.0827475 0.0739922 0.0000000 0.0583158 0.0606586 0.0608358 0.1348334 0.1299836 0.1210661 0.1085557 0.1139411 
A0         0.1726573 0.2091933 0.1443536 0.0872282 0.0914606 0.0804197 0.0583158 0.0000000 0.0735636 0.0737804 0.1440472 0.1391552 0.1277981 0.1152553 0.1230242 
H          0.1751186 0.2178395 0.1448949 0.0897513 0.0940023 0.0806917 0.0606586 0.0735636 0.0000000 0.0162609 0.1469475 0.1468373 0.1282556 0.1203270 0.1258002 
I          0.1757145 0.2158648 0.1428890 0.0900215 0.0942855 0.0809324 0.0608358 0.0737804 0.0162609 0.0000000 0.1469639 0.1420382 0.1259378 0.1156723 0.1187629 
B          0.1895294 0.2168354 0.1746806 0.1486453 0.1410971 0.1436206 0.1348334 0.1440472 0.1469475 0.1469639 0.0000000 0.0349330 0.1274359 0.1106389 0.1063593 
C          0.1849439 0.2089069 0.1647096 0.1437334 0.1409911 0.1387453 0.1299836 0.1391552 0.1468373 0.1420382 0.0349330 0.0000000 0.1203365 0.1036990 0.0994320 
F          0.1756842 0.2183857 0.1579741 0.1323539 0.1319260 0.1250425 0.1210661 0.1277981 0.1282556 0.1259378 0.1274359 0.1203365 0.0000000 0.0995421 0.0973460 
D          0.1675476 0.1833326 0.1326707 0.1197374 0.1217685 0.1126403 0.1085557 0.1152553 0.1203270 0.1156723 0.1106389 0.1036990 0.0995421 0.0000000 0.0678243 
E          0.1606131 0.1947014 0.1332044 0.1158561 0.1155480 0.1087015 0.1139411 0.1230242 0.1258002 0.1187629 0.1063593 0.0994320 0.0973460 0.0678243 0.0000000 
