15
B          0.0000000 0.0161876 0.1061274 0.1141673 0.1184195 0.2069745 0.2178200 0.2170319 0.1959967 0.1907942 0.2085010 0.2052319 0.1894681 0.2475220 0.2951189 
C          0.0161876 0.0000000 0.1057366 0.1137401 0.1203525 0.2061211 0.2196770 0.2188837 0.1978813 0.1951969 0.2103839 0.2071146 0.1913744 0.2464441 0.2938011 
F          0.1061274 0.1057366 0.0000000 0.0968566 0.1010447 0.1968392 0.1976949 0.1969970 0.1760607 0.1759411 0.2034859 0.1976239 0.1790720 0.2263697 0.2953067 
D          0.1141673 0.1137401 0.0968566 0.0000000 0.0855139 0.1958054 0.2096629 0.2036413 0.1925858 0.1866454 0.1989598 0.2035744 0.1821594 0.2441947 0.3022542 
E          0.1184195 0.1203525 0.1010447 0.0855139 0.0000000 0.1999465 0.2227820 0.2219739 0.2053998 0.2026943 0.2117637 0.2163761 0.2032809 0.2579180 0.3020594 
A4         0.2069745 0.2061211 0.1968392 0.1958054 0.1999465 0.0000000 0.2062634 0.2055274 0.1823150 0.1841733 0.1770782 0.1898759 0.1720491 0.2442533 0.2933346 
A2         0.2178200 0.2196770 0.1976949 0.2096629 0.2227820 0.2062634 0.0000000 0.0121800 0.0789767 0.0764397 0.1335234 0.1307698 0.1165507 0.2576178 0.2890906 
A3         0.2170319 0.2188837 0.1969970 0.2036413 0.2219739 0.2055274 0.0121800 0.0000000 0.0787298 0.0762023 0.1330812 0.1303389 0.1161712 0.2566486 0.2938019 
I          0.1959967 0.1978813 0.1760607 0.1925858 0.2053998 0.1823150 0.0789767 0.0787298 0.0000000 0.0309710 0.1071714 0.1162661 0.0976947 0.2255602 0.2667404 
A0         0.1907942 0.1951969 0.1759411 0.1866454 0.2026943 0.1841733 0.0764397 0.0762023 0.0309710 0.0000000 0.1091298 0.1111652 0.0927668 0.2307580 0.2721725 
A1         0.2085010 0.2103839 0.2034859 0.1989598 0.2117637 0.1770782 0.1335234 0.1330812 0.1071714 0.1091298 0.0000000 0.0806836 0.0586794 0.2547317 0.3026385 
G          0.2052319 0.2071146 0.1976239 0.2035744 0.2163761 0.1898759 0.1307698 0.1303389 0.1162661 0.1111652 0.0806836 0.0000000 0.0478095 0.2511923 0.3075152 
H          0.1894681 0.1913744 0.1790720 0.1821594 0.2032809 0.1720491 0.1165507 0.1161712 0.0976947 0.0927668 0.0586794 0.0478095 0.0000000 0.2291900 0.2785017 
A          0.2475220 0.2464441 0.2263697 0.2441947 0.2579180 0.2442533 0.2576178 0.2566486 0.2255602 0.2307580 0.2547317 0.2511923 0.2291900 0.0000000 0.2322897 
A5         0.2951189 0.2938011 0.2953067 0.3022542 0.3020594 0.2933346 0.2890906 0.2938019 0.2667404 0.2721725 0.3026385 0.3075152 0.2785017 0.2322897 0.0000000 
