15
A4         0.0000000 0.1881591 0.1729060 0.1860312 0.1749337 0.1834630 0.1617126 0.1697234 0.1667107 0.2055424 0.2034979 0.1780045 0.1898624 0.1639082 0.1690502 
G          0.1881591 0.0000000 0.0370155 0.0434002 0.0369352 0.1016616 0.0873479 0.0943341 0.1981864 0.2142065 0.2254669 0.1940635 0.2036014 0.1925447 0.1926794 
H          0.1729060 0.0370155 0.0000000 0.0245517 0.0223866 0.0925970 0.0784819 0.0875967 0.1956633 0.2065332 0.2202856 0.1788605 0.1908169 0.1823967 0.1825237 
I          0.1860312 0.0434002 0.0245517 0.0000000 0.0286324 0.0995831 0.0852869 0.0944999 0.2038440 0.2095209 0.2225164 0.1919571 0.2042244 0.1904262 0.1905596 
A0         0.1749337 0.0369352 0.0223866 0.0286324 0.0000000 0.0946169 0.0804921 0.0896079 0.1873046 0.2032724 0.2143438 0.1808653 0.1928308 0.1792990 0.1794232 
A1         0.1834630 0.1016616 0.0925970 0.0995831 0.0946169 0.0000000 0.0521558 0.0609307 0.2032545 0.2089260 0.2200871 0.1913938 0.2009024 0.1820782 0.1822047 
A2         0.1617126 0.0873479 0.0784819 0.0852869 0.0804921 0.0521558 0.0000000 0.0162555 0.1894089 0.1945746 0.2134890 0.1827690 0.1947352 0.1761390 0.1762604 
A3         0.1697234 0.0943341 0.0875967 0.0944999 0.0896079 0.0609307 0.0162555 0.0000000 0.2002432 0.2002454 0.2246942 0.1934230 0.2056521 0.1842864 0.1844143 
A5         0.1667107 0.1981864 0.1956633 0.2038440 0.1873046 0.2032545 0.1894089 0.2002432 0.0000000 0.1580398 0.1780217 0.1466938 0.1627406 0.1425476 0.1426430 
A          0.2055424 0.2142065 0.2065332 0.2095209 0.2032724 0.2089260 0.1945746 0.2002454 0.1580398 0.0000000 0.1785864 0.1569358 0.1658482 0.1455037 0.1456016 
F          0.2034979 0.2254669 0.2202856 0.2225164 0.2143438 0.2200871 0.2134890 0.2246942 0.1780217 0.1785864 0.0000000 0.0942247 0.1158231 0.1018512 0.1019175 
E          0.1780045 0.1940635 0.1788605 0.1919571 0.1808653 0.1913938 0.1827690 0.1934230 0.1466938 0.1569358 0.0942247 0.0000000 0.0804635 0.0672186 0.0672611 
D          0.1898624 0.2036014 0.1908169 0.2042244 0.1928308 0.2009024 0.1947352 0.2056521 0.1627406 0.1658482 0.1158231 0.0804635 0.0000000 0.0653160 0.0675808 
B          0.1639082 0.1925447 0.1823967 0.1904262 0.1792990 0.1820782 0.1761390 0.1842864 0.1425476 0.1455037 0.1018512 0.0672186 0.0653160 0.0000000 0.0040179 
C          0.1690502 0.1926794 0.1825237 0.1905596 0.1794232 0.1822047 0.1762604 0.1844143 0.1426430 0.1456016 0.1019175 0.0672611 0.0675808 0.0040179 0.0000000 
