15
A5         0.0000000 0.1913493 0.2163672 0.2093565 0.2065839 0.2037526 0.2058086 0.2114486 0.2022465 0.2099611 0.1995937 0.2099162 0.2023774 0.1857150 0.1748476 
A4         0.1913493 0.0000000 0.1282473 0.1203244 0.1226247 0.1313133 0.1357186 0.1503911 0.1303390 0.1847736 0.1647175 0.1746208 0.1622648 0.1514498 0.1485687 
G          0.2163672 0.1282473 0.0000000 0.0562770 0.0498098 0.1118470 0.1186719 0.1300442 0.1015259 0.2113990 0.2039787 0.1985757 0.1805847 0.1741357 0.1685446 
H          0.2093565 0.1203244 0.0562770 0.0000000 0.0100271 0.1015642 0.1128231 0.1194386 0.1008479 0.1993180 0.1919580 0.1893431 0.1716433 0.1653673 0.1598934 
I          0.2065839 0.1226247 0.0498098 0.0100271 0.0000000 0.0946545 0.1058345 0.1124132 0.0939912 0.2018317 0.1944603 0.1918380 0.1741012 0.1677928 0.1622994 
A2         0.2037526 0.1313133 0.1118470 0.1015642 0.0946545 0.0000000 0.0520470 0.0924113 0.0674623 0.1984187 0.2048065 0.2046875 0.1839835 0.1697677 0.1641743 
A3         0.2058086 0.1357186 0.1186719 0.1128231 0.1058345 0.0520470 0.0000000 0.0921287 0.0717024 0.2029726 0.1935448 0.1961169 0.1808197 0.1616817 0.1561815 
A0         0.2114486 0.1503911 0.1300442 0.1194386 0.1124132 0.0924113 0.0921287 0.0000000 0.0585728 0.2058024 0.2121201 0.2013823 0.1937439 0.1793428 0.1762702 
A1         0.2022465 0.1303390 0.1015259 0.1008479 0.0939912 0.0674623 0.0717024 0.0585728 0.0000000 0.1864966 0.1979513 0.1849288 0.1774294 0.1584814 0.1555490 
A          0.2099611 0.1847736 0.2113990 0.1993180 0.2018317 0.1984187 0.2029726 0.2058024 0.1864966 0.0000000 0.1905412 0.1904619 0.1803767 0.1667560 0.1587678 
F          0.1995937 0.1647175 0.2039787 0.1919580 0.1944603 0.2048065 0.1935448 0.2121201 0.1979513 0.1905412 0.0000000 0.1187236 0.1025061 0.1020037 0.0880069 
E          0.2099162 0.1746208 0.1985757 0.1893431 0.1918380 0.2046875 0.1961169 0.2013823 0.1849288 0.1904619 0.1187236 0.0000000 0.0858820 0.0762828 0.0650934 
D          0.2023774 0.1622648 0.1805847 0.1716433 0.1741012 0.1839835 0.1808197 0.1937439 0.1774294 0.1803767 0.1025061 0.0858820 0.0000000 0.0633685 0.0501566 
B          0.1857150 0.1514498 0.1741357 0.1653673 0.1677928 0.1697677 0.1616817 0.1793428 0.1584814 0.1667560 0.1020037 0.0762828 0.0633685 0.0000000 0.0162231 
C          0.1748476 0.1485687 0.1685446 0.1598934 0.1622994 0.1641743 0.1561815 0.1762702 0.1555490 0.1587678 0.0880069 0.0650934 0.0501566 0.0162231 0.0000000 
