40
Candida_glabrata                            0.0000000 0.2112653 0.3041443 0.1849236 0.0465234 0.1835370 0.0614816 0.0538777 0.1834756 0.1955950 1.9816561 0.1823084 0.1876639 0.1892693 0.1862514 0.1826278 0.1868996 0.1892693 0.2077418 0.2411628 0.2086288 0.1849050 0.2478659 0.1905553 0.1939986 0.2608728 0.2733986 0.1975204 0.1909857 0.4103300 0.2376423 0.1634256 0.2646401 0.2015173 0.2604957 0.4152263 0.2459589 0.2358632 0.2405704 0.2538000 
Kazachstania_africana                       0.2112653 0.0000000 0.2413101 0.2485499 0.2195701 0.2341973 0.2312929 0.2132966 0.1836811 0.2025461 1.9979180 0.2108977 0.2165804 0.2159685 0.2157639 0.2055016 0.2156551 0.2159685 0.1992036 0.2441125 0.2081232 0.1199932 0.1926455 0.1384683 0.1779842 0.1751233 0.2202337 0.1763467 0.1615502 0.3914854 0.1971986 0.1355738 0.2134951 0.1661631 0.2094296 0.3841699 0.2430851 0.2486914 0.2293378 0.2381758 
Kazachstania_naganishii                     0.3041443 0.2413101 0.0000000 0.3026461 0.3235581 0.3383371 0.3142227 0.3163886 0.3011144 0.3361681 2.0465787 0.2449783 0.2449126 0.2564276 0.2404296 0.2466135 0.2500490 0.2564276 0.3077107 0.3223691 0.2777120 0.2469853 0.2688492 0.2514413 0.2505155 0.2436736 0.2508488 0.2333947 0.2795578 0.3907526 0.2443667 0.2511449 0.2805963 0.2689837 0.2849627 0.3871949 0.3073956 0.3222108 0.3095049 0.3187041 
Nakaseomyces_bacillisporus                  0.1849236 0.2485499 0.3026461 0.0000000 0.1772849 0.1719087 0.1883761 0.1827993 0.1938909 0.2381426 1.9546453 0.1882877 0.1936767 0.1790810 0.1942655 0.1799226 0.1928848 0.1790810 0.2095541 0.2706538 0.2381766 0.2151638 0.2741455 0.2167724 0.2435033 0.2549027 0.2622565 0.2092433 0.2012599 0.4216634 0.2121828 0.1915212 0.2905254 0.2303756 0.2946931 0.4053831 0.2849360 0.2925854 0.2730132 0.2540098 
Nakaseomyces_bracarensis                    0.0465234 0.2195701 0.3235581 0.1772849 0.0000000 0.1795795 0.0282878 0.0212040 0.1937940 0.2037488 1.8845390 0.1876893 0.1931021 0.1902449 0.1916410 0.1835856 0.1923089 0.1902449 0.2192910 0.2457491 0.2224433 0.1811640 0.2845570 0.1968189 0.1856830 0.2674329 0.2905081 0.1898974 0.1816022 0.4319354 0.2060436 0.1853998 0.2902916 0.1973925 0.2860477 0.4368672 0.2506438 0.2513949 0.2503914 0.2600013 
Nakaseomyces_castellii                      0.1835370 0.2341973 0.3383371 0.1719087 0.1795795 0.0000000 0.1945830 0.1930579 0.2277205 0.2451168 1.8380610 0.1979013 0.2033914 0.1906724 0.1938339 0.1881717 0.1981318 0.1906724 0.2429677 0.2895839 0.2428344 0.1898197 0.2720366 0.2077692 0.2102247 0.2575874 0.2637985 0.2097896 0.2020177 0.4499153 0.2102960 0.1977586 0.2873938 0.2047183 0.2915161 0.4397641 0.2902973 0.2935726 0.2896909 0.2925745 
Nakaseomyces_delphensis                     0.0614816 0.2312929 0.3142227 0.1883761 0.0282878 0.1945830 0.0000000 0.0209610 0.2015946 0.2035307 1.8971012 0.1898946 0.1953881 0.1924660 0.1895098 0.1857386 0.1945742 0.1924660 0.2232120 0.2307433 0.2186534 0.1839477 0.2825153 0.1961859 0.1961784 0.2781490 0.3026612 0.1905879 0.1891386 0.4209855 0.2127109 0.1992131 0.2901595 0.2128618 0.2944086 0.4259154 0.2439561 0.2270461 0.2408416 0.2840072 
Nakaseomyces_nivariensis                    0.0538777 0.2132966 0.3163886 0.1827993 0.0212040 0.1930579 0.0209610 0.0000000 0.1877326 0.1910730 1.9005915 0.1834033 0.1887935 0.1859907 0.1873649 0.1793000 0.1880199 0.1859907 0.2153399 0.2302594 0.2005566 0.1868622 0.2763755 0.1910020 0.1989871 0.2676552 0.3058399 0.1810550 0.1919476 0.4123288 0.2148502 0.1860797 0.2820388 0.2031575 0.2777747 0.4173076 0.2434461 0.2440469 0.2320484 0.2664168 
Naumovozyma_castellii                       0.1834756 0.1836811 0.3011144 0.1938909 0.1937940 0.2277205 0.2015946 0.1877326 0.0000000 0.1327403 1.8498203 0.1873629 0.1927506 0.1903735 0.1932443 0.1892473 0.1919624 0.1903735 0.2251971 0.2263045 0.2035691 0.1732922 0.2335855 0.1973339 0.2207930 0.2259832 0.2596809 0.2020566 0.1798556 0.3871206 0.2192886 0.1800723 0.2441126 0.1906308 0.2399211 0.4074475 0.2221945 0.2251749 0.2173134 0.2566454 
Naumovozyma_dairenensis                     0.1955950 0.2025461 0.3361681 0.2381426 0.2037488 0.2451168 0.2035307 0.1910730 0.1327403 0.0000000 1.7785632 0.2169224 0.2226695 0.2193490 0.2234270 0.2190867 0.2217099 0.2193490 0.2328239 0.2699947 0.2452206 0.1900658 0.2566181 0.1857884 0.2151353 0.2411597 0.2824432 0.2114863 0.2152439 0.4106035 0.2323942 0.1554979 0.2788599 0.2106756 0.2746529 0.4285795 0.2834133 0.2845342 0.2800280 0.2895493 
Neurospora_crassa                           1.9816561 1.9979180 2.0465787 1.9546453 1.8845390 1.8380610 1.8971012 1.9005915 1.8498203 1.7785632 0.0000000 1.9126065 1.9028000 1.8778635 1.8982213 1.9205437 1.9185686 1.8778635 1.9520542 1.9775957 1.9229050 1.8147523 1.9259624 1.8175047 1.8085727 1.9166888 2.0722050 1.8336435 1.8898388 2.2467584 1.9186825 1.8931793 1.9216385 1.9927514 1.9402374 2.3407120 2.0404217 1.9290485 1.9997870 2.0982147 
Saccharomyces_arboricola                    0.1823084 0.2108977 0.2449783 0.1882877 0.1876893 0.1979013 0.1898946 0.1834033 0.1873629 0.2169224 1.9126065 0.0000000 0.0034727 0.0140738 0.0140194 0.0105502 0.0034632 0.0140738 0.1978013 0.2738459 0.2369797 0.1746258 0.2327954 0.1765018 0.2078142 0.2023516 0.2414935 0.1943200 0.2085029 0.4621889 0.2169291 0.1739487 0.2408229 0.1905952 0.2449865 0.4704078 0.2641847 0.2770811 0.2584735 0.2768960 
Saccharomyces_cerevisiae                    0.1876639 0.2165804 0.2449126 0.1936767 0.1931021 0.2033914 0.1953881 0.1887935 0.1927506 0.2226695 1.9028000 0.0034727 0.0000000 0.0176884 0.0176195 0.0141442 0.0069638 0.0176884 0.2033410 0.2803614 0.2369147 0.1730636 0.2387873 0.1817365 0.2134145 0.2080690 0.2476789 0.1942534 0.2140135 0.4622094 0.2226042 0.1792323 0.2469964 0.1960714 0.2511823 0.4598519 0.2706192 0.2837395 0.2648272 0.2833358 
Saccharomyces_eubayanus                     0.1892693 0.2159685 0.2564276 0.1790810 0.1902449 0.1906724 0.1924660 0.1859907 0.1903735 0.2193490 1.8778635 0.0140738 0.0176884 0.0000000 0.0261399 0.0175728 0.0176372 0.0000010 0.2023053 0.2781401 0.2409974 0.1746929 0.2276481 0.1887148 0.2019036 0.2055315 0.2527779 0.1968294 0.2030633 0.4614703 0.2113610 0.1829241 0.2438974 0.1851263 0.2480362 0.4696630 0.2715455 0.2760616 0.2657325 0.2853696 
Saccharomyces_kudriavzevii                  0.1862514 0.2157639 0.2404296 0.1942655 0.1916410 0.1938339 0.1895098 0.1873649 0.1932443 0.2234270 1.8982213 0.0140194 0.0176195 0.0261399 0.0000000 0.0176883 0.0175698 0.0261399 0.2140372 0.2705425 0.2477867 0.1723221 0.2375124 0.1824132 0.2094796 0.2088212 0.2518588 0.2041912 0.1985772 0.4672445 0.2232611 0.1782742 0.2505573 0.2047435 0.2547268 0.4604259 0.2608743 0.2774977 0.2551771 0.2871000 
Saccharomyces_mikatae                       0.1826278 0.2055016 0.2466135 0.1799226 0.1835856 0.1881717 0.1857386 0.1793000 0.1892473 0.2190867 1.9205437 0.0105502 0.0141442 0.0175728 0.0176883 0.0000000 0.0141032 0.0175728 0.2042935 0.2792405 0.2439017 0.1787067 0.2397632 0.1826508 0.2098795 0.2090472 0.2438778 0.1902107 0.2005285 0.4667271 0.2190662 0.1821535 0.2479845 0.1925279 0.2521646 0.4495668 0.2695652 0.2847047 0.2638177 0.2822116 
Saccharomyces_paradoxus                     0.1868996 0.2156551 0.2500490 0.1928848 0.1923089 0.1981318 0.1945742 0.1880199 0.1919624 0.2217099 1.9185686 0.0034632 0.0069638 0.0176372 0.0175698 0.0141032 0.0000000 0.0176372 0.2024897 0.2790274 0.2418632 0.1792583 0.2377217 0.1810115 0.2125148 0.2071716 0.2465428 0.1989475 0.2131260 0.4687501 0.2216568 0.1785099 0.2458652 0.1952575 0.2500299 0.4769827 0.2693415 0.2823619 0.2635891 0.2820052 
Saccharomyces_uvarum                        0.1892693 0.2159685 0.2564276 0.1790810 0.1902449 0.1906724 0.1924660 0.1859907 0.1903735 0.2193490 1.8778635 0.0140738 0.0176884 0.0000010 0.0261399 0.0175728 0.0176372 0.0000000 0.2023053 0.2781401 0.2409974 0.1746929 0.2276481 0.1887148 0.2019036 0.2055315 0.2527779 0.1968294 0.2030633 0.4614703 0.2113610 0.1829241 0.2438974 0.1851263 0.2480362 0.4696630 0.2715455 0.2760616 0.2657325 0.2853696 
Tetrapisispora_blattae                      0.2077418 0.1992036 0.3077107 0.2095541 0.2192910 0.2429677 0.2232120 0.2153399 0.2251971 0.2328239 1.9520542 0.1978013 0.2033410 0.2023053 0.2140372 0.2042935 0.2024897 0.2023053 0.0000000 0.2655699 0.2067358 0.1825926 0.2153231 0.1589572 0.2213699 0.2250725 0.2452201 0.1911836 0.1769523 0.4627338 0.2355566 0.1759054 0.2546751 0.1974185 0.2588315 0.4749997 0.2644106 0.2375003 0.2443231 0.1597599 
Tetrapisispora_phaffii                      0.2411628 0.2441125 0.3223691 0.2706538 0.2457491 0.2895839 0.2307433 0.2302594 0.2263045 0.2699947 1.9775957 0.2738459 0.2803614 0.2781401 0.2705425 0.2792405 0.2790274 0.2781401 0.2655699 0.0000000 0.1531468 0.2336909 0.2880150 0.2391356 0.2628502 0.2852328 0.2890118 0.2435182 0.2202576 0.4107877 0.2262611 0.2386753 0.2957852 0.2571682 0.2999728 0.4147536 0.0353120 0.0818465 0.0390516 0.2785250 
Vanderwaltozyma_polyspora                   0.2086288 0.2081232 0.2777120 0.2381766 0.2224433 0.2428344 0.2186534 0.2005566 0.2035691 0.2452206 1.9229050 0.2369797 0.2369147 0.2409974 0.2477867 0.2439017 0.2418632 0.2409974 0.2067358 0.1531468 0.0000000 0.2122778 0.2521666 0.2036372 0.2571207 0.2422311 0.2679173 0.2279717 0.1914699 0.4092349 0.2208442 0.2053450 0.2788598 0.2303388 0.2747989 0.4157537 0.1607751 0.1700518 0.1528497 0.2545092 
yHAB132_Kazachstania_martiniae              0.1849050 0.1199932 0.2469853 0.2151638 0.1811640 0.1898197 0.1839477 0.1868622 0.1732922 0.1900658 1.8147523 0.1746258 0.1730636 0.1746929 0.1723221 0.1787067 0.1792583 0.1746929 0.1825926 0.2336909 0.2122778 0.0000000 0.1511174 0.1329722 0.1321342 0.1708398 0.2166624 0.1386308 0.1453228 0.3934053 0.1699143 0.1281156 0.1641437 0.1395847 0.1683271 0.3995804 0.2302164 0.2123361 0.2301742 0.2598866 
yHAB133_Kazachstania_unispora               0.2478659 0.1926455 0.2688492 0.2741455 0.2845570 0.2720366 0.2825153 0.2763755 0.2335855 0.2566181 1.9259624 0.2327954 0.2387873 0.2276481 0.2375124 0.2397632 0.2377217 0.2276481 0.2153231 0.2880150 0.2521666 0.1511174 0.0000000 0.1716697 0.1766611 0.0483876 0.2376531 0.2099861 0.1762947 0.3727651 0.2123575 0.1748518 0.0396615 0.2035445 0.0432793 0.3867319 0.2782942 0.2797753 0.2697439 0.2542540 
yHAB134_Kazachstania_turicensis             0.1905553 0.1384683 0.2514413 0.2167724 0.1968189 0.2077692 0.1961859 0.1910020 0.1973339 0.1857884 1.8175047 0.1765018 0.1817365 0.1887148 0.1824132 0.1826508 0.1810115 0.1887148 0.1589572 0.2391356 0.2036372 0.1329722 0.1716697 0.0000000 0.1669633 0.1651903 0.2146900 0.1749495 0.1444687 0.4227261 0.1635224 0.1285489 0.1852950 0.0768901 0.1893171 0.4171140 0.2495308 0.2561948 0.2412242 0.2150109 
yHAB136_Kazachstania_bromeliacearum         0.1939986 0.1779842 0.2505155 0.2435033 0.1856830 0.2102247 0.1961784 0.1989871 0.2207930 0.2151353 1.8085727 0.2078142 0.2134145 0.2019036 0.2094796 0.2098795 0.2125148 0.2019036 0.2213699 0.2628502 0.2571207 0.1321342 0.1766611 0.1669633 0.0000000 0.1607632 0.2316994 0.1586168 0.1441080 0.3774368 0.1481719 0.1738023 0.1881826 0.1540567 0.1922443 0.3912381 0.2459641 0.2470725 0.2538389 0.2648750 
yHAB143_Kazachstania_siamensis              0.2608728 0.1751233 0.2436736 0.2549027 0.2674329 0.2575874 0.2781490 0.2676552 0.2259832 0.2411597 1.9166888 0.2023516 0.2080690 0.2055315 0.2088212 0.2090472 0.2071716 0.2055315 0.2250725 0.2852328 0.2422311 0.1708398 0.0483876 0.1651903 0.1607632 0.0000000 0.2212995 0.1869077 0.1792533 0.3647484 0.1788567 0.1738437 0.0569586 0.2068480 0.0606876 0.3786856 0.2728973 0.2878672 0.2644425 0.2478254 
yHAB147_Kazachstania_taianensis             0.2733986 0.2202337 0.2508488 0.2622565 0.2905081 0.2637985 0.3026612 0.3058399 0.2596809 0.2824432 2.0722050 0.2414935 0.2476789 0.2527779 0.2518588 0.2438778 0.2465428 0.2527779 0.2452201 0.2890118 0.2679173 0.2166624 0.2376531 0.2146900 0.2316994 0.2212995 0.0000000 0.2328592 0.2210822 0.4359431 0.2174460 0.2240814 0.2520843 0.2388342 0.2562910 0.4231680 0.2809436 0.3049388 0.2890515 0.2416935 
yHAB148_Kazachstania_intestinalis           0.1975204 0.1763467 0.2333947 0.2092433 0.1898974 0.2097896 0.1905879 0.1810550 0.2020566 0.2114863 1.8336435 0.1943200 0.1942534 0.1968294 0.2041912 0.1902107 0.1989475 0.1968294 0.1911836 0.2435182 0.2279717 0.1386308 0.2099861 0.1749495 0.1586168 0.1869077 0.2328592 0.0000000 0.1634685 0.4299726 0.1532609 0.1573528 0.2237153 0.1759860 0.2278476 0.4264097 0.2566194 0.2269755 0.2534541 0.2878779 
yHAB153_Kazachstania_rosinii                0.1909857 0.1615502 0.2795578 0.2012599 0.1816022 0.2020177 0.1891386 0.1919476 0.1798556 0.2152439 1.8898388 0.2085029 0.2140135 0.2030633 0.1985772 0.2005285 0.2131260 0.2030633 0.1769523 0.2202576 0.1914699 0.1453228 0.1762947 0.1444687 0.1441080 0.1792533 0.2210822 0.1634685 0.0000000 0.4296227 0.1688532 0.1689189 0.2060682 0.1265005 0.2100348 0.4201459 0.2166378 0.2094505 0.2167396 0.2623892 
yHAB154_Kazachstania_transvaalensis         0.4103300 0.3914854 0.3907526 0.4216634 0.4319354 0.4499153 0.4209855 0.4123288 0.3871206 0.4106035 2.2467584 0.4621889 0.4622094 0.4614703 0.4672445 0.4667271 0.4687501 0.4614703 0.4627338 0.4107877 0.4092349 0.3934053 0.3727651 0.4227261 0.3774368 0.3647484 0.4359431 0.4299726 0.4296227 0.0000000 0.3670031 0.3742563 0.3807195 0.4551427 0.3853459 0.0360305 0.4073114 0.4080580 0.3966919 0.4425403 
yHAB155_Kazachstania_spencerorum            0.2376423 0.1971986 0.2443667 0.2121828 0.2060436 0.2102960 0.2127109 0.2148502 0.2192886 0.2323942 1.9186825 0.2169291 0.2226042 0.2113610 0.2232611 0.2190662 0.2216568 0.2113610 0.2355566 0.2262611 0.2208442 0.1699143 0.2123575 0.1635224 0.1481719 0.1788567 0.2174460 0.1532609 0.1688532 0.3670031 0.0000000 0.1757098 0.2203424 0.1592269 0.2243226 0.3716051 0.2345979 0.2437279 0.2345137 0.2991055 
yHAB158_Kazachstania_viticola               0.1634256 0.1355738 0.2511449 0.1915212 0.1853998 0.1977586 0.1992131 0.1860797 0.1800723 0.1554979 1.8931793 0.1739487 0.1792323 0.1829241 0.1782742 0.1821535 0.1785099 0.1829241 0.1759054 0.2386753 0.2053450 0.1281156 0.1748518 0.1285489 0.1738023 0.1738437 0.2240814 0.1573528 0.1689189 0.3742563 0.1757098 0.0000000 0.1885794 0.1488981 0.1844810 0.3826710 0.2435504 0.2355384 0.2298497 0.2097603 
yHAB159_Kazachstania_solicola               0.2646401 0.2134951 0.2805963 0.2905254 0.2902916 0.2873938 0.2901595 0.2820388 0.2441126 0.2788599 1.9216385 0.2408229 0.2469964 0.2438974 0.2505573 0.2479845 0.2458652 0.2438974 0.2546751 0.2957852 0.2788598 0.1641437 0.0396615 0.1852950 0.1881826 0.0569586 0.2520843 0.2237153 0.2060682 0.3807195 0.2203424 0.1885794 0.0000000 0.2072011 0.0034413 0.4048108 0.2858803 0.2924378 0.2772742 0.2779399 
yHAB160_Kazachstania_kunashirensis          0.2015173 0.1661631 0.2689837 0.2303756 0.1973925 0.2047183 0.2128618 0.2031575 0.1906308 0.2106756 1.9927514 0.1905952 0.1960714 0.1851263 0.2047435 0.1925279 0.1952575 0.1851263 0.1974185 0.2571682 0.2303388 0.1395847 0.2035445 0.0768901 0.1540567 0.2068480 0.2388342 0.1759860 0.1265005 0.4551427 0.1592269 0.1488981 0.2072011 0.0000000 0.2031480 0.4531071 0.2453156 0.2552233 0.2451191 0.2637657 
yHAB164_Kazachstania_aerobia                0.2604957 0.2094296 0.2849627 0.2946931 0.2860477 0.2915161 0.2944086 0.2777747 0.2399211 0.2746529 1.9402374 0.2449865 0.2511823 0.2480362 0.2547268 0.2521646 0.2500299 0.2480362 0.2588315 0.2999728 0.2747989 0.1683271 0.0432793 0.1893171 0.1922443 0.0606876 0.2562910 0.2278476 0.2100348 0.3853459 0.2243226 0.1844810 0.0034413 0.2031480 0.0000000 0.4094664 0.2817235 0.2966898 0.2731129 0.2737612 
yHAB166_Kazachstania_yakushimaensis         0.4152263 0.3841699 0.3871949 0.4053831 0.4368672 0.4397641 0.4259154 0.4173076 0.4074475 0.4285795 2.3407120 0.4704078 0.4598519 0.4696630 0.4604259 0.4495668 0.4769827 0.4696630 0.4749997 0.4147536 0.4157537 0.3995804 0.3867319 0.4171140 0.3912381 0.3786856 0.4231680 0.4264097 0.4201459 0.0360305 0.3716051 0.3826710 0.4048108 0.4531071 0.4094664 0.0000000 0.4112015 0.4201738 0.4005031 0.4289944 
yHMPu5000034875_Tetrapisispora_fleetii      0.2459589 0.2430851 0.3073956 0.2849360 0.2506438 0.2902973 0.2439561 0.2434461 0.2221945 0.2834133 2.0404217 0.2641847 0.2706192 0.2715455 0.2608743 0.2695652 0.2693415 0.2715455 0.2644106 0.0353120 0.1607751 0.2302164 0.2782942 0.2495308 0.2459641 0.2728973 0.2809436 0.2566194 0.2166378 0.4073114 0.2345979 0.2435504 0.2858803 0.2453156 0.2817235 0.4112015 0.0000000 0.0816621 0.0173894 0.2887110 
yHMPu5000034876_Tetrapisispora_iriomotensis 0.2358632 0.2486914 0.3222108 0.2925854 0.2513949 0.2935726 0.2270461 0.2440469 0.2251749 0.2845342 1.9290485 0.2770811 0.2837395 0.2760616 0.2774977 0.2847047 0.2823619 0.2760616 0.2375003 0.0818465 0.1700518 0.2123361 0.2797753 0.2561948 0.2470725 0.2878672 0.3049388 0.2269755 0.2094505 0.4080580 0.2437279 0.2355384 0.2924378 0.2552233 0.2966898 0.4201738 0.0816621 0.0000000 0.0774434 0.3236109 
yHMPu5000034877_Tetrapisispora_namnaonensis 0.2405704 0.2293378 0.3095049 0.2730132 0.2503914 0.2896909 0.2408416 0.2320484 0.2173134 0.2800280 1.9997870 0.2584735 0.2648272 0.2657325 0.2551771 0.2638177 0.2635891 0.2657325 0.2443231 0.0390516 0.1528497 0.2301742 0.2697439 0.2412242 0.2538389 0.2644425 0.2890515 0.2534541 0.2167396 0.3966919 0.2345137 0.2298497 0.2772742 0.2451191 0.2731129 0.4005031 0.0173894 0.0774434 0.0000000 0.2796911 
yHMPu5000035629_Yueomyces_sinensis          0.2538000 0.2381758 0.3187041 0.2540098 0.2600013 0.2925745 0.2840072 0.2664168 0.2566454 0.2895493 2.0982147 0.2768960 0.2833358 0.2853696 0.2871000 0.2822116 0.2820052 0.2853696 0.1597599 0.2785250 0.2545092 0.2598866 0.2542540 0.2150109 0.2648750 0.2478254 0.2416935 0.2878779 0.2623892 0.4425403 0.2991055 0.2097603 0.2779399 0.2637657 0.2737612 0.4289944 0.2887110 0.3236109 0.2796911 0.0000000 
