40
Candida_glabrata                            0.0000000 0.2250283 0.2129432 0.1496574 0.1012524 0.1815186 0.1123980 0.1030407 0.1643879 0.1763322 0.4645368 0.1802451 0.1652948 0.1773344 0.1653621 0.1576759 0.1525664 0.1648502 0.2040384 0.1399009 0.1464543 0.2162015 0.1829951 0.2054842 0.2272489 0.3120462 0.2271525 0.1946669 0.1711954 0.2896952 0.1831416 0.1854465 0.2004729 0.1953105 0.2066026 0.2745325 0.1615577 0.1589506 0.1588346 0.2090810 
Kazachstania_africana                       0.2250283 0.0000000 0.1449824 0.2187879 0.2183559 0.2659394 0.2392765 0.2230010 0.1978592 0.2284904 0.4213085 0.2564002 0.2226438 0.2313275 0.2398694 0.2368813 0.2218158 0.2408410 0.2363259 0.2105491 0.2236702 0.1501431 0.1851238 0.1549234 0.1777522 0.2234847 0.2070194 0.1229092 0.1689502 0.2857055 0.1750996 0.1041212 0.1819585 0.1646891 0.1860759 0.2795254 0.2153724 0.2271507 0.2356616 0.2486473 
Kazachstania_naganishii                     0.2129432 0.1449824 0.0000000 0.2036948 0.2051930 0.2639825 0.2218787 0.2181799 0.2203728 0.2352823 0.4153904 0.2177077 0.1918272 0.2045557 0.2034470 0.2051302 0.1967273 0.2084622 0.2145052 0.1967236 0.2199755 0.1410184 0.2131298 0.1151603 0.1652594 0.2729541 0.2205819 0.1467745 0.1714069 0.2765824 0.1363962 0.1361120 0.2048643 0.1365333 0.2103007 0.2889731 0.2042325 0.2096895 0.2114205 0.2251635 
Nakaseomyces_bacillisporus                  0.1496574 0.2187879 0.2036948 0.0000000 0.1290281 0.2027461 0.1381204 0.1397233 0.1724794 0.1798446 0.4924786 0.1721907 0.1625472 0.1743799 0.1641334 0.1610293 0.1624144 0.1754623 0.1638947 0.1683773 0.1444867 0.2212861 0.2189502 0.1890157 0.2182764 0.2899551 0.2637413 0.2073475 0.1727746 0.3182478 0.1789927 0.1834333 0.2358366 0.1761771 0.2437788 0.3191131 0.1737903 0.1601527 0.1837033 0.1771584 
Nakaseomyces_bracarensis                    0.1012524 0.2183559 0.2051930 0.1290281 0.0000000 0.1619289 0.0414892 0.0339710 0.1496708 0.1929092 0.4444658 0.2017340 0.1720481 0.1887161 0.1880530 0.1905817 0.1714156 0.1718630 0.1933829 0.1511812 0.1461874 0.2115600 0.2065155 0.1656973 0.2296262 0.3006294 0.2324099 0.1960387 0.1677142 0.3382409 0.1801461 0.1830280 0.2081889 0.1879049 0.2095141 0.3056085 0.1532071 0.1453766 0.1548000 0.2029851 
Nakaseomyces_castellii                      0.1815186 0.2659394 0.2639825 0.2027461 0.1619289 0.0000000 0.1732921 0.1749318 0.1773132 0.2357545 0.5112977 0.2419529 0.2263349 0.2228602 0.2272167 0.2290928 0.2210638 0.2392774 0.2061186 0.2240716 0.1923362 0.2486417 0.2294732 0.2422723 0.2511811 0.2755219 0.2305654 0.2294268 0.2315287 0.3349476 0.2176494 0.2011256 0.2355132 0.2428915 0.2346320 0.3041226 0.2317494 0.2393958 0.2352729 0.2336828 
Nakaseomyces_delphensis                     0.1123980 0.2392765 0.2218787 0.1381204 0.0414892 0.1732921 0.0000000 0.0454254 0.1498146 0.1797520 0.4580681 0.1932354 0.1662246 0.1892859 0.1816429 0.1842217 0.1744116 0.1718491 0.1966546 0.1699116 0.1572849 0.2220132 0.2034333 0.1871067 0.2228596 0.2937699 0.2408693 0.1976552 0.1836829 0.3470638 0.1897585 0.2034213 0.2020387 0.1983872 0.2033543 0.3212147 0.1715837 0.1719559 0.1639181 0.2034835 
Nakaseomyces_nivariensis                    0.1030407 0.2230010 0.2181799 0.1397233 0.0339710 0.1749318 0.0454254 0.0000000 0.1471634 0.1856900 0.4361035 0.1967714 0.1728227 0.1934020 0.1834702 0.1904461 0.1755018 0.1676408 0.2119940 0.1572887 0.1522605 0.2054105 0.1997047 0.1812970 0.2084543 0.2984335 0.2421158 0.2080988 0.1799123 0.3358252 0.1902632 0.1936610 0.1965936 0.1955725 0.1978862 0.3055366 0.1590251 0.1558778 0.1636473 0.2105246 
Naumovozyma_castellii                       0.1643879 0.1978592 0.2203728 0.1724794 0.1496708 0.1773132 0.1498146 0.1471634 0.0000000 0.1264041 0.4567535 0.1748005 0.1527400 0.1537911 0.1676785 0.1635288 0.1642368 0.1609456 0.1892253 0.1549604 0.1780014 0.2160573 0.1686519 0.2105970 0.1789574 0.2547500 0.2442985 0.2046012 0.2053706 0.3170280 0.2039250 0.1979499 0.1697605 0.2120071 0.1688029 0.3038344 0.1683069 0.1601331 0.1634225 0.1837016 
Naumovozyma_dairenensis                     0.1763322 0.2284904 0.2352823 0.1798446 0.1929092 0.2357545 0.1797520 0.1856900 0.1264041 0.0000000 0.4560395 0.2173945 0.2080637 0.1978408 0.1980419 0.2042075 0.2187688 0.2166061 0.2120007 0.1898082 0.1798471 0.2145519 0.2092385 0.2158831 0.2059705 0.2754588 0.2782119 0.2082372 0.2055407 0.3017022 0.2131123 0.2354946 0.2106310 0.2166361 0.2147705 0.2989393 0.1956522 0.1890723 0.1892683 0.1891520 
Neurospora_crassa                           0.4645368 0.4213085 0.4153904 0.4924786 0.4444658 0.5112977 0.4580681 0.4361035 0.4567535 0.4560395 0.0000000 0.4716263 0.4757128 0.4727447 0.4726055 0.4810975 0.4903329 0.4779368 0.5041236 0.4116644 0.4360074 0.4436350 0.4488903 0.3648568 0.4204154 0.4740707 0.5106279 0.4637869 0.4675922 0.5122940 0.4715831 0.4325192 0.4323259 0.3949129 0.4364209 0.4688227 0.4210582 0.3994242 0.4290309 0.5096855 
Saccharomyces_arboricola                    0.1802451 0.2564002 0.2177077 0.1721907 0.2017340 0.2419529 0.1932354 0.1967714 0.1748005 0.2173945 0.4716263 0.0000000 0.0429921 0.0566409 0.0502936 0.0424239 0.0453811 0.0450916 0.1752470 0.1703073 0.1983407 0.2429114 0.2200212 0.2269193 0.2421364 0.2758074 0.2687185 0.2411818 0.2138096 0.3353632 0.1970992 0.2383652 0.2271963 0.2124682 0.2377473 0.3393755 0.1728164 0.1792671 0.1659909 0.1964162 
Saccharomyces_cerevisiae                    0.1652948 0.2226438 0.1918272 0.1625472 0.1720481 0.2263349 0.1662246 0.1728227 0.1527400 0.2080637 0.4757128 0.0429921 0.0000000 0.0402749 0.0330287 0.0306878 0.0179853 0.0287025 0.1522286 0.1442962 0.1681202 0.2090026 0.2023075 0.2116024 0.2280842 0.2708543 0.2539181 0.2183173 0.1868142 0.3142016 0.1927672 0.2084576 0.2094327 0.1910316 0.2211533 0.3139580 0.1573432 0.1583716 0.1557169 0.2005759 
Saccharomyces_eubayanus                     0.1773344 0.2313275 0.2045557 0.1743799 0.1887161 0.2228602 0.1892859 0.1934020 0.1537911 0.1978408 0.4727447 0.0566409 0.0402749 0.0000000 0.0430501 0.0354650 0.0471649 0.0355132 0.1598970 0.1614977 0.1846632 0.2194627 0.2153229 0.2206135 0.2230989 0.2817128 0.2760485 0.2256634 0.2070253 0.3197684 0.2024128 0.2110767 0.2151107 0.2093240 0.2282838 0.3029323 0.1750340 0.1760050 0.1647988 0.1833974 
Saccharomyces_kudriavzevii                  0.1653621 0.2398694 0.2034470 0.1641334 0.1880530 0.2272167 0.1816429 0.1834702 0.1676785 0.1980419 0.4726055 0.0502936 0.0330287 0.0430501 0.0000000 0.0307702 0.0398526 0.0379849 0.1682459 0.1519313 0.1631468 0.2223579 0.2120387 0.2193116 0.2242819 0.2709239 0.2731179 0.2222732 0.1968543 0.3286736 0.1968937 0.2134975 0.2226732 0.1938197 0.2344964 0.3222949 0.1666700 0.1763711 0.1629246 0.1881234 
Saccharomyces_mikatae                       0.1576759 0.2368813 0.2051302 0.1610293 0.1905817 0.2290928 0.1842217 0.1904461 0.1635288 0.2042075 0.4810975 0.0424239 0.0306878 0.0354650 0.0307702 0.0000000 0.0409950 0.0318414 0.1696129 0.1463560 0.1811488 0.2371434 0.2191366 0.2238718 0.2322743 0.2812808 0.2667300 0.2236733 0.2012257 0.3113988 0.1977027 0.2208719 0.2236627 0.1989740 0.2368889 0.3145151 0.1743483 0.1787564 0.1651217 0.1960207 
Saccharomyces_paradoxus                     0.1525664 0.2218158 0.1967273 0.1624144 0.1714156 0.2210638 0.1744116 0.1755018 0.1642368 0.2187688 0.4903329 0.0453811 0.0179853 0.0471649 0.0398526 0.0409950 0.0000000 0.0390329 0.1594379 0.1464347 0.1678090 0.2163629 0.2062178 0.2179138 0.2359265 0.2739050 0.2529794 0.2182140 0.1948371 0.3178776 0.2039644 0.2105333 0.2133111 0.1961352 0.2249681 0.3138737 0.1539660 0.1649615 0.1576763 0.2081302 
Saccharomyces_uvarum                        0.1648502 0.2408410 0.2084622 0.1754623 0.1718630 0.2392774 0.1718491 0.1676408 0.1609456 0.2166061 0.4779368 0.0450916 0.0287025 0.0355132 0.0379849 0.0318414 0.0390329 0.0000000 0.1728894 0.1568050 0.1700726 0.2250776 0.2166241 0.2072324 0.2376854 0.2783757 0.2636724 0.2328912 0.1962192 0.3241362 0.2108771 0.2236947 0.2168028 0.2054175 0.2285413 0.3142590 0.1650147 0.1660474 0.1602309 0.2006096 
Tetrapisispora_blattae                      0.2040384 0.2363259 0.2145052 0.1638947 0.1933829 0.2061186 0.1966546 0.2119940 0.1892253 0.2120007 0.5041236 0.1752470 0.1522286 0.1598970 0.1682459 0.1696129 0.1594379 0.1728894 0.0000000 0.1717211 0.1701972 0.2119087 0.1980528 0.2018002 0.2036202 0.2408173 0.2442742 0.2073769 0.1933652 0.2884213 0.2095176 0.2067868 0.2038137 0.1890232 0.2167229 0.3018146 0.1728902 0.1828616 0.1612423 0.1637212 
Tetrapisispora_phaffii                      0.1399009 0.2105491 0.1967236 0.1683773 0.1511812 0.2240716 0.1699116 0.1572887 0.1549604 0.1898082 0.4116644 0.1703073 0.1442962 0.1614977 0.1519313 0.1463560 0.1464347 0.1568050 0.1717211 0.0000000 0.0944420 0.2219339 0.2031956 0.1952834 0.2217593 0.2847802 0.2380355 0.1857878 0.1966694 0.3310552 0.1889292 0.2044466 0.2007537 0.1938013 0.2063042 0.3000661 0.0480182 0.0741564 0.0576819 0.1955269 
Vanderwaltozyma_polyspora                   0.1464543 0.2236702 0.2199755 0.1444867 0.1461874 0.1923362 0.1572849 0.1522605 0.1780014 0.1798471 0.4360074 0.1983407 0.1681202 0.1846632 0.1631468 0.1811488 0.1678090 0.1700726 0.1701972 0.0944420 0.0000000 0.2015865 0.1933851 0.1900940 0.2236798 0.2849663 0.2499365 0.1955169 0.1971944 0.3402366 0.2042063 0.2200266 0.2049059 0.1884606 0.2110736 0.3316241 0.1159788 0.1204368 0.1146421 0.2244151 
yHAB132_Kazachstania_martiniae              0.2162015 0.1501431 0.1410184 0.2212861 0.2115600 0.2486417 0.2220132 0.2054105 0.2160573 0.2145519 0.4436350 0.2429114 0.2090026 0.2194627 0.2223579 0.2371434 0.2163629 0.2250776 0.2119087 0.2219339 0.2015865 0.0000000 0.1745049 0.1607016 0.1672288 0.2314444 0.2110231 0.1652469 0.1522610 0.2784044 0.1402402 0.1261330 0.1741341 0.1682946 0.1749130 0.2690349 0.2191263 0.2175527 0.2240516 0.2208694 
yHAB133_Kazachstania_unispora               0.1829951 0.1851238 0.2131298 0.2189502 0.2065155 0.2294732 0.2034333 0.1997047 0.1686519 0.2092385 0.4488903 0.2200212 0.2023075 0.2153229 0.2120387 0.2191366 0.2062178 0.2166241 0.1980528 0.2031956 0.1933851 0.1745049 0.0000000 0.2005413 0.1614131 0.1981411 0.2019762 0.2026542 0.1793840 0.2473563 0.1679638 0.1606429 0.0438048 0.2243480 0.0437783 0.2696609 0.1965518 0.2125051 0.1860934 0.2297152 
yHAB134_Kazachstania_turicensis             0.2054842 0.1549234 0.1151603 0.1890157 0.1656973 0.2422723 0.1871067 0.1812970 0.2105970 0.2158831 0.3648568 0.2269193 0.2116024 0.2206135 0.2193116 0.2238718 0.2179138 0.2072324 0.2018002 0.1952834 0.1900940 0.1607016 0.2005413 0.0000000 0.1777292 0.2656810 0.2267358 0.1427701 0.1290094 0.3046095 0.1406729 0.1340399 0.2128276 0.0684849 0.2156439 0.2942959 0.1986405 0.2013566 0.2074517 0.2233008 
yHAB136_Kazachstania_bromeliacearum         0.2272489 0.1777522 0.1652594 0.2182764 0.2296262 0.2511811 0.2228596 0.2084543 0.1789574 0.2059705 0.4204154 0.2421364 0.2280842 0.2230989 0.2242819 0.2322743 0.2359265 0.2376854 0.2036202 0.2217593 0.2236798 0.1672288 0.1614131 0.1777292 0.0000000 0.2404137 0.2360174 0.1848298 0.2059595 0.2871948 0.1659299 0.1589859 0.1536513 0.1898681 0.1524609 0.2778719 0.2156269 0.2307690 0.2160640 0.2245914 
yHAB143_Kazachstania_siamensis              0.3120462 0.2234847 0.2729541 0.2899551 0.3006294 0.2755219 0.2937699 0.2984335 0.2547500 0.2754588 0.4740707 0.2758074 0.2708543 0.2817128 0.2709239 0.2812808 0.2739050 0.2783757 0.2408173 0.2847802 0.2849663 0.2314444 0.1981411 0.2656810 0.2404137 0.0000000 0.2227991 0.2429431 0.2581139 0.2969118 0.2290963 0.2118822 0.1950522 0.2780726 0.1952107 0.3025159 0.2829914 0.2962889 0.2772581 0.2620083 
yHAB147_Kazachstania_taianensis             0.2271525 0.2070194 0.2205819 0.2637413 0.2324099 0.2305654 0.2408693 0.2421158 0.2442985 0.2782119 0.5106279 0.2687185 0.2539181 0.2760485 0.2731179 0.2667300 0.2529794 0.2636724 0.2442742 0.2380355 0.2499365 0.2110231 0.2019762 0.2267358 0.2360174 0.2227991 0.0000000 0.2157436 0.2212289 0.2662174 0.2243270 0.1790675 0.1956224 0.2335443 0.1952755 0.2606813 0.2342619 0.2622396 0.2352814 0.2714822 
yHAB148_Kazachstania_intestinalis           0.1946669 0.1229092 0.1467745 0.2073475 0.1960387 0.2294268 0.1976552 0.2080988 0.2046012 0.2082372 0.4637869 0.2411818 0.2183173 0.2256634 0.2222732 0.2236733 0.2182140 0.2328912 0.2073769 0.1857878 0.1955169 0.1652469 0.2026542 0.1427701 0.1848298 0.2429431 0.2157436 0.0000000 0.1583957 0.2885257 0.1653178 0.1086096 0.2060545 0.1525286 0.2073850 0.2612323 0.1989496 0.2021946 0.2237362 0.2116109 
yHAB153_Kazachstania_rosinii                0.1711954 0.1689502 0.1714069 0.1727746 0.1677142 0.2315287 0.1836829 0.1799123 0.2053706 0.2055407 0.4675922 0.2138096 0.1868142 0.2070253 0.1968543 0.2012257 0.1948371 0.1962192 0.1933652 0.1966694 0.1971944 0.1522610 0.1793840 0.1290094 0.2059595 0.2581139 0.2212289 0.1583957 0.0000000 0.2897876 0.1317379 0.1182045 0.1978243 0.1564587 0.2106845 0.2727628 0.1972929 0.2011199 0.1983084 0.2406607 
yHAB154_Kazachstania_transvaalensis         0.2896952 0.2857055 0.2765824 0.3182478 0.3382409 0.3349476 0.3470638 0.3358252 0.3170280 0.3017022 0.5122940 0.3353632 0.3142016 0.3197684 0.3286736 0.3113988 0.3178776 0.3241362 0.2884213 0.3310552 0.3402366 0.2784044 0.2473563 0.3046095 0.2871948 0.2969118 0.2662174 0.2885257 0.2897876 0.0000000 0.2756812 0.2722315 0.2543445 0.2960893 0.2544717 0.0981172 0.3178749 0.3447084 0.3166033 0.3296219 
yHAB155_Kazachstania_spencerorum            0.1831416 0.1750996 0.1363962 0.1789927 0.1801461 0.2176494 0.1897585 0.1902632 0.2039250 0.2131123 0.4715831 0.1970992 0.1927672 0.2024128 0.1968937 0.1977027 0.2039644 0.2108771 0.2095176 0.1889292 0.2042063 0.1402402 0.1679638 0.1406729 0.1659299 0.2290963 0.2243270 0.1653178 0.1317379 0.2756812 0.0000000 0.1191057 0.1912884 0.1581545 0.1940334 0.2724329 0.2089920 0.1964985 0.2049590 0.2015587 
yHAB158_Kazachstania_viticola               0.1854465 0.1041212 0.1361120 0.1834333 0.1830280 0.2011256 0.2034213 0.1936610 0.1979499 0.2354946 0.4325192 0.2383652 0.2084576 0.2110767 0.2134975 0.2208719 0.2105333 0.2236947 0.2067868 0.2044466 0.2200266 0.1261330 0.1606429 0.1340399 0.1589859 0.2118822 0.1790675 0.1086096 0.1182045 0.2722315 0.1191057 0.0000000 0.1781779 0.1560939 0.1745097 0.2450311 0.2066960 0.2118196 0.2237028 0.2155897 
yHAB159_Kazachstania_solicola               0.2004729 0.1819585 0.2048643 0.2358366 0.2081889 0.2355132 0.2020387 0.1965936 0.1697605 0.2106310 0.4323259 0.2271963 0.2094327 0.2151107 0.2226732 0.2236627 0.2133111 0.2168028 0.2038137 0.2007537 0.2049059 0.1741341 0.0438048 0.2128276 0.1536513 0.1950522 0.1956224 0.2060545 0.1978243 0.2543445 0.1912884 0.1781779 0.0000000 0.2340100 0.0109926 0.2585257 0.2027407 0.2185857 0.1935145 0.2207564 
yHAB160_Kazachstania_kunashirensis          0.1953105 0.1646891 0.1365333 0.1761771 0.1879049 0.2428915 0.1983872 0.1955725 0.2120071 0.2166361 0.3949129 0.2124682 0.1910316 0.2093240 0.1938197 0.1989740 0.1961352 0.2054175 0.1890232 0.1938013 0.1884606 0.1682946 0.2243480 0.0684849 0.1898681 0.2780726 0.2335443 0.1525286 0.1564587 0.2960893 0.1581545 0.1560939 0.2340100 0.0000000 0.2421189 0.2852640 0.2104020 0.2103539 0.2062915 0.2114140 
yHAB164_Kazachstania_aerobia                0.2066026 0.1860759 0.2103007 0.2437788 0.2095141 0.2346320 0.2033543 0.1978862 0.1688029 0.2147705 0.4364209 0.2377473 0.2211533 0.2282838 0.2344964 0.2368889 0.2249681 0.2285413 0.2167229 0.2063042 0.2110736 0.1749130 0.0437783 0.2156439 0.1524609 0.1952107 0.1952755 0.2073850 0.2106845 0.2544717 0.1940334 0.1745097 0.0109926 0.2421189 0.0000000 0.2666829 0.2028216 0.2230051 0.2038618 0.2327115 
yHAB166_Kazachstania_yakushimaensis         0.2745325 0.2795254 0.2889731 0.3191131 0.3056085 0.3041226 0.3212147 0.3055366 0.3038344 0.2989393 0.4688227 0.3393755 0.3139580 0.3029323 0.3222949 0.3145151 0.3138737 0.3142590 0.3018146 0.3000661 0.3316241 0.2690349 0.2696609 0.2942959 0.2778719 0.3025159 0.2606813 0.2612323 0.2727628 0.0981172 0.2724329 0.2450311 0.2585257 0.2852640 0.2666829 0.0000000 0.3034803 0.3206294 0.2923177 0.3337585 
yHMPu5000034875_Tetrapisispora_fleetii      0.1615577 0.2153724 0.2042325 0.1737903 0.1532071 0.2317494 0.1715837 0.1590251 0.1683069 0.1956522 0.4210582 0.1728164 0.1573432 0.1750340 0.1666700 0.1743483 0.1539660 0.1650147 0.1728902 0.0480182 0.1159788 0.2191263 0.1965518 0.1986405 0.2156269 0.2829914 0.2342619 0.1989496 0.1972929 0.3178749 0.2089920 0.2066960 0.2027407 0.2104020 0.2028216 0.3034803 0.0000000 0.0813081 0.0424374 0.2005225 
yHMPu5000034876_Tetrapisispora_iriomotensis 0.1589506 0.2271507 0.2096895 0.1601527 0.1453766 0.2393958 0.1719559 0.1558778 0.1601331 0.1890723 0.3994242 0.1792671 0.1583716 0.1760050 0.1763711 0.1787564 0.1649615 0.1660474 0.1828616 0.0741564 0.1204368 0.2175527 0.2125051 0.2013566 0.2307690 0.2962889 0.2622396 0.2021946 0.2011199 0.3447084 0.1964985 0.2118196 0.2185857 0.2103539 0.2230051 0.3206294 0.0813081 0.0000000 0.0882553 0.1935443 
yHMPu5000034877_Tetrapisispora_namnaonensis 0.1588346 0.2356616 0.2114205 0.1837033 0.1548000 0.2352729 0.1639181 0.1636473 0.1634225 0.1892683 0.4290309 0.1659909 0.1557169 0.1647988 0.1629246 0.1651217 0.1576763 0.1602309 0.1612423 0.0576819 0.1146421 0.2240516 0.1860934 0.2074517 0.2160640 0.2772581 0.2352814 0.2237362 0.1983084 0.3166033 0.2049590 0.2237028 0.1935145 0.2062915 0.2038618 0.2923177 0.0424374 0.0882553 0.0000000 0.1997193 
yHMPu5000035629_Yueomyces_sinensis          0.2090810 0.2486473 0.2251635 0.1771584 0.2029851 0.2336828 0.2034835 0.2105246 0.1837016 0.1891520 0.5096855 0.1964162 0.2005759 0.1833974 0.1881234 0.1960207 0.2081302 0.2006096 0.1637212 0.1955269 0.2244151 0.2208694 0.2297152 0.2233008 0.2245914 0.2620083 0.2714822 0.2116109 0.2406607 0.3296219 0.2015587 0.2155897 0.2207564 0.2114140 0.2327115 0.3337585 0.2005225 0.1935443 0.1997193 0.0000000 
