40
Candida_glabrata                            0.0000000 0.1572398 0.1973074 0.1587864 0.0807893 0.1508255 0.0939724 0.0864260 0.1543166 0.1400917 0.7053281 0.1605204 0.1487614 0.1471714 0.1580708 0.1580138 0.1576646 0.1480489 0.1974458 0.2232871 0.1699832 0.1672924 0.1831918 0.1625901 0.1603964 0.1833783 0.1716651 0.1940670 0.1576659 0.1851558 0.1666468 0.1519981 0.1766009 0.1572889 0.1789027 0.1831176 0.2274738 0.2008428 0.2263879 0.2198156 
Kazachstania_africana                       0.1572398 0.0000000 0.1750982 0.1836923 0.1543290 0.1751590 0.1634047 0.1490673 0.1571352 0.1419341 0.7431971 0.1750686 0.1504591 0.1663737 0.1632290 0.1567247 0.1551194 0.1598510 0.2046816 0.2213659 0.1698158 0.1343859 0.1626811 0.1505053 0.1395595 0.1669314 0.1436458 0.1565528 0.1349682 0.1733731 0.1483369 0.1215520 0.1580619 0.1231092 0.1544007 0.1671303 0.2241559 0.2056387 0.2288438 0.2236571 
Kazachstania_naganishii                     0.1973074 0.1750982 0.0000000 0.2118219 0.2012766 0.2050802 0.2041349 0.1929005 0.1930503 0.1845526 0.7659807 0.2077362 0.1883296 0.2031840 0.1994440 0.1911228 0.1885519 0.1932219 0.2373614 0.2680560 0.2290607 0.1433822 0.1417302 0.1661007 0.1226602 0.1428214 0.1243795 0.1876849 0.1719097 0.1568108 0.2025375 0.1758882 0.1360741 0.1767237 0.1369617 0.1474692 0.2776537 0.2587026 0.2738391 0.2328750 
Nakaseomyces_bacillisporus                  0.1587864 0.1836923 0.2118219 0.0000000 0.1595742 0.1338459 0.1583757 0.1491697 0.1687166 0.1557150 0.7253293 0.1625084 0.1468622 0.1583125 0.1608213 0.1565451 0.1545248 0.1539613 0.2116066 0.2316272 0.1819580 0.1825354 0.2163026 0.1775806 0.1893872 0.2100163 0.1922513 0.1955852 0.1769078 0.1940335 0.1886800 0.1625384 0.1986754 0.1854760 0.2034541 0.1982819 0.2419222 0.2040954 0.2444187 0.2383159 
Nakaseomyces_bracarensis                    0.0807893 0.1543290 0.2012766 0.1595742 0.0000000 0.1421444 0.0449171 0.0309194 0.1597857 0.1451876 0.7032926 0.1502896 0.1411047 0.1531067 0.1547315 0.1541963 0.1488599 0.1459288 0.1818612 0.2168550 0.1569417 0.1722384 0.1881964 0.1769727 0.1715292 0.1919638 0.1776704 0.1926117 0.1697950 0.2080028 0.1810655 0.1525241 0.1798995 0.1720975 0.1791588 0.2053413 0.2189821 0.2023748 0.2255655 0.2209437 
Nakaseomyces_castellii                      0.1508255 0.1751590 0.2050802 0.1338459 0.1421444 0.0000000 0.1542658 0.1438635 0.1628538 0.1483770 0.7400815 0.1598830 0.1425837 0.1562050 0.1602206 0.1505625 0.1515315 0.1495226 0.2075374 0.2183387 0.1771307 0.1714277 0.2052234 0.1635942 0.1790503 0.1999757 0.1870736 0.1803754 0.1723676 0.2034277 0.1896013 0.1658748 0.1941355 0.1664890 0.1984499 0.2070302 0.2254036 0.2138553 0.2283841 0.2325382 
Nakaseomyces_delphensis                     0.0939724 0.1634047 0.2041349 0.1583757 0.0449171 0.1542658 0.0000000 0.0324350 0.1597076 0.1433503 0.7276730 0.1469180 0.1388702 0.1536117 0.1529794 0.1514011 0.1484386 0.1476628 0.1971200 0.2315509 0.1687241 0.1719322 0.1978418 0.1689494 0.1845018 0.2060007 0.1726161 0.1976380 0.1784690 0.2140259 0.1760558 0.1480106 0.1913430 0.1645724 0.1902981 0.2088906 0.2339509 0.2166543 0.2340425 0.2312742 
Nakaseomyces_nivariensis                    0.0864260 0.1490673 0.1929005 0.1491697 0.0309194 0.1438635 0.0324350 0.0000000 0.1511373 0.1381334 0.7046002 0.1498756 0.1375346 0.1525780 0.1518601 0.1485072 0.1428792 0.1422846 0.1789305 0.2157829 0.1574855 0.1674300 0.1811430 0.1679037 0.1631892 0.1873638 0.1636452 0.1799584 0.1647610 0.2020793 0.1696724 0.1377706 0.1767522 0.1634562 0.1740875 0.1987954 0.2171257 0.2000213 0.2162199 0.2172809 
Naumovozyma_castellii                       0.1543166 0.1571352 0.1930503 0.1687166 0.1597857 0.1628538 0.1597076 0.1511373 0.0000000 0.1237280 0.7294643 0.1627794 0.1546810 0.1619805 0.1594602 0.1543206 0.1623857 0.1580768 0.2192925 0.2275287 0.1783258 0.1486212 0.1917593 0.1751643 0.1576684 0.1980383 0.1802448 0.1712417 0.1501411 0.1902194 0.1755940 0.1368747 0.1821040 0.1525368 0.1847332 0.1803123 0.2477592 0.2110144 0.2420198 0.2389097 
Naumovozyma_dairenensis                     0.1400917 0.1419341 0.1845526 0.1557150 0.1451876 0.1483770 0.1433503 0.1381334 0.1237280 0.0000000 0.7429396 0.1528095 0.1359024 0.1475157 0.1502616 0.1450222 0.1430218 0.1442136 0.2090597 0.2111761 0.1671234 0.1517940 0.1784067 0.1476391 0.1467790 0.1728213 0.1524336 0.1675443 0.1424250 0.1620327 0.1630935 0.1306547 0.1672375 0.1477721 0.1695408 0.1510130 0.2193935 0.1916815 0.2137927 0.2185323 
Neurospora_crassa                           0.7053281 0.7431971 0.7659807 0.7253293 0.7032926 0.7400815 0.7276730 0.7046002 0.7294643 0.7429396 0.0000000 0.7586310 0.7255235 0.7455099 0.7492052 0.7437235 0.7460887 0.7506377 0.7479897 0.7415912 0.7079951 0.7002086 0.7828036 0.6516688 0.7319602 0.7824198 0.7455229 0.7314808 0.7557850 0.7759898 0.7659606 0.7375264 0.7505246 0.7411912 0.7574631 0.7811907 0.7366906 0.7209711 0.7283783 0.7467556 
Saccharomyces_arboricola                    0.1605204 0.1750686 0.2077362 0.1625084 0.1502896 0.1598830 0.1469180 0.1498756 0.1627794 0.1528095 0.7586310 0.0000000 0.0415640 0.0420898 0.0440548 0.0417595 0.0411319 0.0420643 0.2181006 0.2290761 0.1844760 0.1697935 0.1967428 0.1849510 0.1818058 0.1927224 0.1867187 0.1869597 0.1700784 0.1989650 0.1840893 0.1606358 0.1899898 0.1706985 0.1904254 0.1984104 0.2367811 0.2315505 0.2347974 0.2481664 
Saccharomyces_cerevisiae                    0.1487614 0.1504591 0.1883296 0.1468622 0.1411047 0.1425837 0.1388702 0.1375346 0.1546810 0.1359024 0.7255235 0.0415640 0.0000000 0.0431227 0.0381027 0.0236997 0.0168832 0.0365896 0.2075345 0.2102498 0.1703251 0.1486066 0.1797619 0.1657306 0.1651578 0.1819908 0.1715882 0.1716852 0.1531967 0.1813507 0.1681218 0.1432893 0.1732201 0.1549780 0.1740619 0.1829392 0.2137462 0.2074523 0.2184527 0.2333644 
Saccharomyces_eubayanus                     0.1471714 0.1663737 0.2031840 0.1583125 0.1531067 0.1562050 0.1536117 0.1525780 0.1619805 0.1475157 0.7455099 0.0420898 0.0431227 0.0000000 0.0374671 0.0385451 0.0416978 0.0147678 0.2129811 0.2248456 0.1849573 0.1655581 0.1817074 0.1736799 0.1807641 0.1874932 0.1758282 0.1802467 0.1670017 0.1931133 0.1792501 0.1557781 0.1756318 0.1628409 0.1768954 0.1875488 0.2363361 0.2237460 0.2402761 0.2386909 
Saccharomyces_kudriavzevii                  0.1580708 0.1632290 0.1994440 0.1608213 0.1547315 0.1602206 0.1529794 0.1518601 0.1594602 0.1502616 0.7492052 0.0440548 0.0381027 0.0374671 0.0000000 0.0377966 0.0352170 0.0302319 0.2073555 0.2257225 0.1861420 0.1673806 0.1816659 0.1629746 0.1765147 0.1856357 0.1750639 0.1865411 0.1635551 0.1930469 0.1836047 0.1537447 0.1766387 0.1541748 0.1750236 0.1868968 0.2332990 0.2238973 0.2357102 0.2333067 
Saccharomyces_mikatae                       0.1580138 0.1567247 0.1911228 0.1565451 0.1541963 0.1505625 0.1514011 0.1485072 0.1543206 0.1450222 0.7437235 0.0417595 0.0236997 0.0385451 0.0377966 0.0000000 0.0224831 0.0319982 0.2045458 0.2153646 0.1798850 0.1605931 0.1821117 0.1689516 0.1689711 0.1883820 0.1745459 0.1845885 0.1545681 0.1920574 0.1789786 0.1505484 0.1788651 0.1585615 0.1802760 0.1908439 0.2299602 0.2185125 0.2282905 0.2380773 
Saccharomyces_paradoxus                     0.1576646 0.1551194 0.1885519 0.1545248 0.1488599 0.1515315 0.1484386 0.1428792 0.1623857 0.1430218 0.7460887 0.0411319 0.0168832 0.0416978 0.0352170 0.0224831 0.0000000 0.0358988 0.2075966 0.2183379 0.1785338 0.1597537 0.1812630 0.1634480 0.1681595 0.1826025 0.1733040 0.1791632 0.1555463 0.1854842 0.1746591 0.1498483 0.1780500 0.1537267 0.1794525 0.1843592 0.2305698 0.2192694 0.2292092 0.2371056 
Saccharomyces_uvarum                        0.1480489 0.1598510 0.1932219 0.1539613 0.1459288 0.1495226 0.1476628 0.1422846 0.1580768 0.1442136 0.7506377 0.0420643 0.0365896 0.0147678 0.0302319 0.0319982 0.0358988 0.0000000 0.2058270 0.2137607 0.1754576 0.1585749 0.1764569 0.1667526 0.1737820 0.1839900 0.1715714 0.1752520 0.1556291 0.1845684 0.1721901 0.1482624 0.1721404 0.1567242 0.1733789 0.1806610 0.2291521 0.2173507 0.2310591 0.2336874 
Tetrapisispora_blattae                      0.1974458 0.2046816 0.2373614 0.2116066 0.1818612 0.2075374 0.1971200 0.1789305 0.2192925 0.2090597 0.7479897 0.2181006 0.2075345 0.2129811 0.2073555 0.2045458 0.2075966 0.2058270 0.0000000 0.2261340 0.1890761 0.2100179 0.2231922 0.2026577 0.2208977 0.2155590 0.2240599 0.2249475 0.2173162 0.2490921 0.2349120 0.1958590 0.2158337 0.2052715 0.2147115 0.2460100 0.2362233 0.2050856 0.2387528 0.1710534 
Tetrapisispora_phaffii                      0.2232871 0.2213659 0.2680560 0.2316272 0.2168550 0.2183387 0.2315509 0.2157829 0.2275287 0.2111761 0.7415912 0.2290761 0.2102498 0.2248456 0.2257225 0.2153646 0.2183379 0.2137607 0.2261340 0.0000000 0.1650939 0.2412140 0.2570778 0.2479414 0.2312156 0.2617197 0.2522055 0.2507857 0.2295174 0.2551764 0.2460089 0.2166125 0.2495274 0.2200523 0.2522263 0.2592385 0.0644755 0.0879374 0.0630825 0.2418092 
Vanderwaltozyma_polyspora                   0.1699832 0.1698158 0.2290607 0.1819580 0.1569417 0.1771307 0.1687241 0.1574855 0.1783258 0.1671234 0.7079951 0.1844760 0.1703251 0.1849573 0.1861420 0.1798850 0.1785338 0.1754576 0.1890761 0.1650939 0.0000000 0.1936527 0.2058950 0.1854679 0.1873327 0.2083884 0.1946527 0.2035861 0.1730794 0.2084749 0.2024013 0.1731901 0.1940976 0.1805265 0.1995889 0.2061073 0.1838859 0.1515078 0.1849265 0.2149157 
yHAB132_Kazachstania_martiniae              0.1672924 0.1343859 0.1433822 0.1825354 0.1722384 0.1714277 0.1719322 0.1674300 0.1486212 0.1517940 0.7002086 0.1697935 0.1486066 0.1655581 0.1673806 0.1605931 0.1597537 0.1585749 0.2100179 0.2412140 0.1936527 0.0000000 0.1519441 0.1426684 0.1241706 0.1574033 0.1350272 0.1437009 0.1397624 0.1633634 0.1538573 0.1286921 0.1492912 0.1489402 0.1512123 0.1647186 0.2460373 0.2215754 0.2494039 0.2228781 
yHAB133_Kazachstania_unispora               0.1831918 0.1626811 0.1417302 0.2163026 0.1881964 0.2052234 0.1978418 0.1811430 0.1917593 0.1784067 0.7828036 0.1967428 0.1797619 0.1817074 0.1816659 0.1821117 0.1812630 0.1764569 0.2231922 0.2570778 0.2058950 0.1519441 0.0000000 0.1577046 0.1050591 0.0572898 0.1041783 0.1755060 0.1683027 0.1374161 0.1903386 0.1609039 0.0273866 0.1662163 0.0271531 0.1245188 0.2686134 0.2327516 0.2626350 0.2353645 
yHAB134_Kazachstania_turicensis             0.1625901 0.1505053 0.1661007 0.1775806 0.1769727 0.1635942 0.1689494 0.1679037 0.1751643 0.1476391 0.6516688 0.1849510 0.1657306 0.1736799 0.1629746 0.1689516 0.1634480 0.1667526 0.2026577 0.2479414 0.1854679 0.1426684 0.1577046 0.0000000 0.1471626 0.1458408 0.1511402 0.1595439 0.1180609 0.1616795 0.1457885 0.1371936 0.1567863 0.0837455 0.1578074 0.1506806 0.2638031 0.2259743 0.2561104 0.2182954 
yHAB136_Kazachstania_bromeliacearum         0.1603964 0.1395595 0.1226602 0.1893872 0.1715292 0.1790503 0.1845018 0.1631892 0.1576684 0.1467790 0.7319602 0.1818058 0.1651578 0.1807641 0.1765147 0.1689711 0.1681595 0.1737820 0.2208977 0.2312156 0.1873327 0.1241706 0.1050591 0.1471626 0.0000000 0.0984437 0.0950548 0.1583173 0.1458245 0.1196676 0.1650915 0.1257537 0.0981437 0.1362455 0.1013827 0.1069426 0.2452761 0.2174236 0.2393611 0.2236271 
yHAB143_Kazachstania_siamensis              0.1833783 0.1669314 0.1428214 0.2100163 0.1919638 0.1999757 0.2060007 0.1873638 0.1980383 0.1728213 0.7824198 0.1927224 0.1819908 0.1874932 0.1856357 0.1883820 0.1826025 0.1839900 0.2155590 0.2617197 0.2083884 0.1574033 0.0572898 0.1458408 0.0984437 0.0000000 0.1079216 0.1699663 0.1747202 0.1329225 0.1964217 0.1702704 0.0532627 0.1647728 0.0538810 0.1242095 0.2704049 0.2305790 0.2636007 0.2234095 
yHAB147_Kazachstania_taianensis             0.1716651 0.1436458 0.1243795 0.1922513 0.1776704 0.1870736 0.1726161 0.1636452 0.1802448 0.1524336 0.7455229 0.1867187 0.1715882 0.1758282 0.1750639 0.1745459 0.1733040 0.1715714 0.2240599 0.2522055 0.1946527 0.1350272 0.1041783 0.1511402 0.0950548 0.1079216 0.0000000 0.1595325 0.1501942 0.1180809 0.1613459 0.1475016 0.1029854 0.1475842 0.1026901 0.1055046 0.2566800 0.2322198 0.2584658 0.2377156 
yHAB148_Kazachstania_intestinalis           0.1940670 0.1565528 0.1876849 0.1955852 0.1926117 0.1803754 0.1976380 0.1799584 0.1712417 0.1675443 0.7314808 0.1869597 0.1716852 0.1802467 0.1865411 0.1845885 0.1791632 0.1752520 0.2249475 0.2507857 0.2035861 0.1437009 0.1755060 0.1595439 0.1583173 0.1699663 0.1595325 0.0000000 0.1638408 0.1955707 0.1787120 0.1600065 0.1695613 0.1684639 0.1697723 0.1975668 0.2547119 0.2247942 0.2618848 0.2434758 
yHAB153_Kazachstania_rosinii                0.1576659 0.1349682 0.1719097 0.1769078 0.1697950 0.1723676 0.1784690 0.1647610 0.1501411 0.1424250 0.7557850 0.1700784 0.1531967 0.1670017 0.1635551 0.1545681 0.1555463 0.1556291 0.2173162 0.2295174 0.1730794 0.1397624 0.1683027 0.1180609 0.1458245 0.1747202 0.1501942 0.1638408 0.0000000 0.1564345 0.1244072 0.1274278 0.1579059 0.1136901 0.1581596 0.1467276 0.2536121 0.2129421 0.2506348 0.2426978 
yHAB154_Kazachstania_transvaalensis         0.1851558 0.1733731 0.1568108 0.1940335 0.2080028 0.2034277 0.2140259 0.2020793 0.1902194 0.1620327 0.7759898 0.1989650 0.1813507 0.1931133 0.1930469 0.1920574 0.1854842 0.1845684 0.2490921 0.2551764 0.2084749 0.1633634 0.1374161 0.1616795 0.1196676 0.1329225 0.1180809 0.1955707 0.1564345 0.0000000 0.1770934 0.1669191 0.1272383 0.1627948 0.1296487 0.0333848 0.2734765 0.2320415 0.2650024 0.2401522 
yHAB155_Kazachstania_spencerorum            0.1666468 0.1483369 0.2025375 0.1886800 0.1810655 0.1896013 0.1760558 0.1696724 0.1755940 0.1630935 0.7659606 0.1840893 0.1681218 0.1792501 0.1836047 0.1789786 0.1746591 0.1721901 0.2349120 0.2460089 0.2024013 0.1538573 0.1903386 0.1457885 0.1650915 0.1964217 0.1613459 0.1787120 0.1244072 0.1770934 0.0000000 0.1464089 0.1816681 0.1313152 0.1818910 0.1761241 0.2605913 0.2197623 0.2561996 0.2646505 
yHAB158_Kazachstania_viticola               0.1519981 0.1215520 0.1758882 0.1625384 0.1525241 0.1658748 0.1480106 0.1377706 0.1368747 0.1306547 0.7375264 0.1606358 0.1432893 0.1557781 0.1537447 0.1505484 0.1498483 0.1482624 0.1958590 0.2166125 0.1731901 0.1286921 0.1609039 0.1371936 0.1257537 0.1702704 0.1475016 0.1600065 0.1274278 0.1669191 0.1464089 0.0000000 0.1580073 0.1220552 0.1595440 0.1593140 0.2279562 0.1907788 0.2256403 0.2156054 
yHAB159_Kazachstania_solicola               0.1766009 0.1580619 0.1360741 0.1986754 0.1798995 0.1941355 0.1913430 0.1767522 0.1821040 0.1672375 0.7505246 0.1899898 0.1732201 0.1756318 0.1766387 0.1788651 0.1780500 0.1721404 0.2158337 0.2495274 0.1940976 0.1492912 0.0273866 0.1567863 0.0981437 0.0532627 0.1029854 0.1695613 0.1579059 0.1272383 0.1816681 0.1580073 0.0000000 0.1624849 0.0050260 0.1157190 0.2588784 0.2212238 0.2606113 0.2232981 
yHAB160_Kazachstania_kunashirensis          0.1572889 0.1231092 0.1767237 0.1854760 0.1720975 0.1664890 0.1645724 0.1634562 0.1525368 0.1477721 0.7411912 0.1706985 0.1549780 0.1628409 0.1541748 0.1585615 0.1537267 0.1567242 0.2052715 0.2200523 0.1805265 0.1489402 0.1662163 0.0837455 0.1362455 0.1647728 0.1475842 0.1684639 0.1136901 0.1627948 0.1313152 0.1220552 0.1624849 0.0000000 0.1631388 0.1552411 0.2380396 0.1997258 0.2323331 0.2309561 
yHAB164_Kazachstania_aerobia                0.1789027 0.1544007 0.1369617 0.2034541 0.1791588 0.1984499 0.1902981 0.1740875 0.1847332 0.1695408 0.7574631 0.1904254 0.1740619 0.1768954 0.1750236 0.1802760 0.1794525 0.1733789 0.2147115 0.2522263 0.1995889 0.1512123 0.0271531 0.1578074 0.1013827 0.0538810 0.1026901 0.1697723 0.1581596 0.1296487 0.1818910 0.1595440 0.0050260 0.1631388 0.0000000 0.1180165 0.2605793 0.2228537 0.2620612 0.2243936 
yHAB166_Kazachstania_yakushimaensis         0.1831176 0.1671303 0.1474692 0.1982819 0.2053413 0.2070302 0.2088906 0.1987954 0.1803123 0.1510130 0.7811907 0.1984104 0.1829392 0.1875488 0.1868968 0.1908439 0.1843592 0.1806610 0.2460100 0.2592385 0.2061073 0.1647186 0.1245188 0.1506806 0.1069426 0.1242095 0.1055046 0.1975668 0.1467276 0.0333848 0.1761241 0.1593140 0.1157190 0.1552411 0.1180165 0.0000000 0.2782398 0.2435440 0.2707460 0.2402906 
yHMPu5000034875_Tetrapisispora_fleetii      0.2274738 0.2241559 0.2776537 0.2419222 0.2189821 0.2254036 0.2339509 0.2171257 0.2477592 0.2193935 0.7366906 0.2367811 0.2137462 0.2363361 0.2332990 0.2299602 0.2305698 0.2291521 0.2362233 0.0644755 0.1838859 0.2460373 0.2686134 0.2638031 0.2452761 0.2704049 0.2566800 0.2547119 0.2536121 0.2734765 0.2605913 0.2279562 0.2588784 0.2380396 0.2605793 0.2782398 0.0000000 0.0960216 0.0330316 0.2541857 
yHMPu5000034876_Tetrapisispora_iriomotensis 0.2008428 0.2056387 0.2587026 0.2040954 0.2023748 0.2138553 0.2166543 0.2000213 0.2110144 0.1916815 0.7209711 0.2315505 0.2074523 0.2237460 0.2238973 0.2185125 0.2192694 0.2173507 0.2050856 0.0879374 0.1515078 0.2215754 0.2327516 0.2259743 0.2174236 0.2305790 0.2322198 0.2247942 0.2129421 0.2320415 0.2197623 0.1907788 0.2212238 0.1997258 0.2228537 0.2435440 0.0960216 0.0000000 0.0963511 0.2240987 
yHMPu5000034877_Tetrapisispora_namnaonensis 0.2263879 0.2288438 0.2738391 0.2444187 0.2255655 0.2283841 0.2340425 0.2162199 0.2420198 0.2137927 0.7283783 0.2347974 0.2184527 0.2402761 0.2357102 0.2282905 0.2292092 0.2310591 0.2387528 0.0630825 0.1849265 0.2494039 0.2626350 0.2561104 0.2393611 0.2636007 0.2584658 0.2618848 0.2506348 0.2650024 0.2561996 0.2256403 0.2606113 0.2323331 0.2620612 0.2707460 0.0330316 0.0963511 0.0000000 0.2447044 
yHMPu5000035629_Yueomyces_sinensis          0.2198156 0.2236571 0.2328750 0.2383159 0.2209437 0.2325382 0.2312742 0.2172809 0.2389097 0.2185323 0.7467556 0.2481664 0.2333644 0.2386909 0.2333067 0.2380773 0.2371056 0.2336874 0.1710534 0.2418092 0.2149157 0.2228781 0.2353645 0.2182954 0.2236271 0.2234095 0.2377156 0.2434758 0.2426978 0.2401522 0.2646505 0.2156054 0.2232981 0.2309561 0.2243936 0.2402906 0.2541857 0.2240987 0.2447044 0.0000000 
