40
Candida_glabrata                            0.0000000 0.3073563 0.2980376 0.2519742 0.1650883 0.3063533 0.1328337 0.1173296 0.2756178 0.2963362 1.0658861 0.2518646 0.2541672 0.2604173 0.2620436 0.2569122 0.2607244 0.2590811 0.3440864 0.3405298 0.3075162 0.3306670 0.2999373 0.2932144 0.3572750 0.3301308 0.3465413 0.3293353 0.3738434 0.3212860 0.3440493 0.2328909 0.2791713 0.2748195 0.2917190 0.3266719 0.3087043 0.3101995 0.3200266 0.4558065 
Kazachstania_africana                       0.3073563 0.0000000 0.1980404 0.2956459 0.2888371 0.3406409 0.3253510 0.3234998 0.2175328 0.2577544 1.1414588 0.3267265 0.3262499 0.3289670 0.3262072 0.3230139 0.3328604 0.3343308 0.3709096 0.3789314 0.3589898 0.1979296 0.2301059 0.1618305 0.2022241 0.2077206 0.2306172 0.2969942 0.2255387 0.2082911 0.2453486 0.1442878 0.2287239 0.1667148 0.2373617 0.2232110 0.3597434 0.3460867 0.3596749 0.3834079 
Kazachstania_naganishii                     0.2980376 0.1980404 0.0000000 0.3238781 0.2654281 0.3522639 0.2738553 0.2824728 0.2762063 0.2693998 1.1298754 0.3346470 0.3194971 0.3218455 0.3206215 0.3257231 0.3254477 0.3270669 0.3509742 0.3968264 0.3409879 0.2159027 0.1991944 0.2281831 0.2031133 0.1939492 0.2094331 0.2727395 0.2497614 0.2137120 0.2797213 0.1854502 0.1907418 0.1890667 0.1923908 0.2294043 0.3753484 0.3694479 0.3710592 0.4131759 
Nakaseomyces_bacillisporus                  0.2519742 0.2956459 0.3238781 0.0000000 0.2672606 0.2401653 0.2920024 0.2669090 0.3271450 0.3473948 1.0877169 0.2936882 0.2860774 0.2919831 0.3036416 0.2990671 0.2840582 0.2922847 0.3811306 0.2920806 0.2973119 0.3468410 0.3581618 0.3535699 0.4011221 0.3584283 0.4283180 0.2966988 0.3422192 0.3260173 0.3768141 0.2889067 0.3430506 0.2965660 0.3552772 0.3376260 0.2820711 0.2751390 0.2750654 0.4571936 
Nakaseomyces_bracarensis                    0.1650883 0.2888371 0.2654281 0.2672606 0.0000000 0.3036904 0.1068825 0.1013408 0.3180215 0.3407215 1.0334676 0.3014995 0.3048102 0.3036960 0.3136594 0.2943878 0.3027553 0.3039959 0.3534208 0.4004865 0.3592346 0.3341574 0.3452160 0.3043757 0.3519603 0.3400991 0.3593490 0.3136852 0.3400460 0.3607211 0.4108354 0.2584021 0.3283649 0.2913902 0.3375483 0.3599250 0.3673017 0.3935559 0.3845165 0.4320214 
Nakaseomyces_castellii                      0.3063533 0.3406409 0.3522639 0.2401653 0.3036904 0.0000000 0.3491329 0.3096959 0.3850352 0.3883966 1.1607321 0.3120964 0.3210385 0.3192437 0.3213800 0.3092238 0.3118702 0.3243236 0.4925915 0.3154442 0.3086692 0.4031270 0.4352163 0.3641498 0.4491558 0.4488965 0.4802551 0.3544776 0.4286213 0.4044768 0.4301476 0.3164545 0.4026423 0.3514960 0.4098888 0.4100460 0.2979123 0.2894203 0.3002855 0.5548257 
Nakaseomyces_delphensis                     0.1328337 0.3253510 0.2738553 0.2920024 0.1068825 0.3491329 0.0000000 0.0527132 0.3223032 0.3085948 1.0477479 0.3103199 0.3191082 0.3187612 0.3178162 0.3162600 0.3239155 0.3169972 0.3528517 0.4331218 0.3922317 0.3355706 0.3066352 0.3108662 0.3672463 0.3296064 0.3551326 0.3545801 0.3792898 0.3163677 0.4052702 0.2698085 0.2817644 0.2983984 0.2905983 0.3333638 0.4126473 0.4393948 0.4225745 0.4712885 
Nakaseomyces_nivariensis                    0.1173296 0.3234998 0.2824728 0.2669090 0.1013408 0.3096959 0.0527132 0.0000000 0.3108663 0.2969303 1.0691800 0.2935722 0.2980210 0.3057398 0.2999319 0.3007846 0.3040189 0.3040797 0.3267654 0.3768739 0.3544369 0.3149124 0.3125982 0.3068200 0.3742715 0.3266945 0.3585473 0.3326430 0.3805625 0.3215143 0.3919210 0.2592492 0.2791936 0.2945563 0.2887854 0.3214542 0.3607820 0.3882472 0.3689060 0.4578508 
Naumovozyma_castellii                       0.2756178 0.2175328 0.2762063 0.3271450 0.3180215 0.3850352 0.3223032 0.3108663 0.0000000 0.1709559 1.1127332 0.3736895 0.3562856 0.3652566 0.3609870 0.3743946 0.3645440 0.3707276 0.3714392 0.4188246 0.3572802 0.2554451 0.2446192 0.2248562 0.2610417 0.2770194 0.3065835 0.3099284 0.3021484 0.2280644 0.2772534 0.2053349 0.2602923 0.2063655 0.2726396 0.2343483 0.3977109 0.4032113 0.4175752 0.4892483 
Naumovozyma_dairenensis                     0.2963362 0.2577544 0.2693998 0.3473948 0.3407215 0.3883966 0.3085948 0.2969303 0.1709559 0.0000000 1.1282757 0.3126976 0.2990242 0.3079174 0.3023457 0.3050981 0.3038717 0.3128556 0.3755281 0.4130267 0.3678073 0.2863897 0.2821225 0.2504963 0.3190866 0.2769237 0.3139091 0.3169332 0.3267724 0.2605584 0.2890191 0.2015807 0.2548319 0.2303980 0.2568135 0.2583022 0.3993978 0.4027292 0.4171697 0.4851404 
Neurospora_crassa                           1.0658861 1.1414588 1.1298754 1.0877169 1.0334676 1.1607321 1.0477479 1.0691800 1.1127332 1.1282757 0.0000000 1.0551088 1.0262865 1.0363331 1.0665284 1.0477610 1.0517037 1.0490923 1.1499837 1.2651401 1.1204798 1.1709582 1.1813047 1.1152940 1.1980918 1.1683224 1.1465357 1.1113537 1.1798158 1.1731223 1.2726640 1.0622163 1.1232243 1.1299587 1.1201239 1.2014450 1.2211100 1.2090629 1.1973444 1.1829644 
Saccharomyces_arboricola                    0.2518646 0.3267265 0.3346470 0.2936882 0.3014995 0.3120964 0.3103199 0.2935722 0.3736895 0.3126976 1.0551088 0.0000000 0.0230390 0.0205663 0.0313020 0.0178432 0.0256505 0.0178964 0.3944249 0.3417595 0.3469418 0.3653198 0.3756296 0.3274661 0.4133126 0.3835500 0.4377408 0.3588637 0.3823075 0.3675606 0.3781370 0.3185191 0.3520412 0.3098393 0.3671060 0.3571894 0.3304774 0.3179141 0.3158026 0.4056079 
Saccharomyces_cerevisiae                    0.2541672 0.3262499 0.3194971 0.2860774 0.3048102 0.3210385 0.3191082 0.2980210 0.3562856 0.2990242 1.0262865 0.0230390 0.0000000 0.0179172 0.0313949 0.0203565 0.0126331 0.0205431 0.3825462 0.3240514 0.3253800 0.3490922 0.3574839 0.3257149 0.4023980 0.3540590 0.4211549 0.3482931 0.3828874 0.3419416 0.3842546 0.3082352 0.3361617 0.2994520 0.3509904 0.3320974 0.3071803 0.2992021 0.3009664 0.4100308 
Saccharomyces_eubayanus                     0.2604173 0.3289670 0.3218455 0.2919831 0.3036960 0.3192437 0.3187612 0.3057398 0.3652566 0.3079174 1.0363331 0.0205663 0.0179172 0.0000000 0.0287139 0.0152812 0.0230631 0.0025207 0.3902139 0.3351235 0.3267071 0.3640412 0.3698318 0.3352464 0.4210706 0.3744837 0.4487554 0.3711075 0.3965919 0.3618348 0.3733881 0.3143508 0.3479491 0.3116222 0.3629715 0.3515810 0.3085076 0.3142923 0.3138054 0.4043461 
Saccharomyces_kudriavzevii                  0.2620436 0.3262072 0.3206215 0.3036416 0.3136594 0.3213800 0.3178162 0.2999319 0.3609870 0.3023457 1.0665284 0.0313020 0.0313949 0.0287139 0.0000000 0.0259940 0.0313528 0.0314281 0.3910689 0.3387532 0.3286241 0.3585955 0.3785288 0.3350938 0.4093992 0.3833086 0.4325088 0.3618473 0.3923842 0.3704122 0.3666071 0.3189946 0.3562565 0.3132610 0.3714143 0.3599655 0.3233496 0.3189153 0.3201178 0.4024645 
Saccharomyces_mikatae                       0.2569122 0.3230139 0.3257231 0.2990671 0.2943878 0.3092238 0.3162600 0.3007846 0.3743946 0.3050981 1.0477610 0.0178432 0.0203565 0.0152812 0.0259940 0.0000000 0.0177719 0.0178857 0.3900899 0.3250812 0.3301414 0.3610166 0.3725482 0.3306230 0.4082538 0.3772093 0.4375775 0.3607592 0.3971932 0.3645665 0.3788921 0.3109196 0.3506880 0.3063784 0.3656531 0.3543200 0.3106099 0.3083864 0.3090298 0.4044113 
Saccharomyces_paradoxus                     0.2607244 0.3328604 0.3254477 0.2840582 0.3027553 0.3118702 0.3239155 0.3040189 0.3645440 0.3038717 1.0517037 0.0256505 0.0126331 0.0230631 0.0313528 0.0177719 0.0000000 0.0257086 0.3818907 0.3170142 0.3220242 0.3561816 0.3692800 0.3410286 0.4063539 0.3739141 0.4379178 0.3569797 0.3890488 0.3613075 0.3814602 0.3128061 0.3474693 0.3053232 0.3624501 0.3510883 0.3040377 0.2986770 0.3004265 0.4148906 
Saccharomyces_uvarum                        0.2590811 0.3343308 0.3270669 0.2922847 0.3039959 0.3243236 0.3169972 0.3040797 0.3707276 0.3128556 1.0490923 0.0178964 0.0205431 0.0025207 0.0314281 0.0178857 0.0257086 0.0000000 0.3960511 0.3403204 0.3318125 0.3696218 0.3755956 0.3405672 0.4271372 0.3803361 0.4561052 0.3769324 0.3927000 0.3675138 0.3713187 0.3194458 0.3534426 0.3166916 0.3685620 0.3571268 0.3134268 0.3192199 0.3187633 0.4102961 
Tetrapisispora_blattae                      0.3440864 0.3709096 0.3509742 0.3811306 0.3534208 0.4925915 0.3528517 0.3267654 0.3714392 0.3755281 1.1499837 0.3944249 0.3825462 0.3902139 0.3910689 0.3900899 0.3818907 0.3960511 0.0000000 0.3974916 0.3513549 0.3916358 0.3781163 0.3805141 0.3472271 0.3655340 0.3828693 0.3997733 0.4106165 0.3586362 0.4074201 0.3245210 0.3542105 0.3243196 0.3650548 0.3848683 0.4139913 0.4070854 0.4129103 0.2344658 
Tetrapisispora_phaffii                      0.3405298 0.3789314 0.3968264 0.2920806 0.4004865 0.3154442 0.4331218 0.3768739 0.4188246 0.4130267 1.2651401 0.3417595 0.3240514 0.3351235 0.3387532 0.3250812 0.3170142 0.3403204 0.3974916 0.0000000 0.1426838 0.4302101 0.4673477 0.3722425 0.4374927 0.4856654 0.4864566 0.4027011 0.4625402 0.4468311 0.3813534 0.3364947 0.4044976 0.3689435 0.4151280 0.4685049 0.0689461 0.0650966 0.0593880 0.3771761 
Vanderwaltozyma_polyspora                   0.3075162 0.3589898 0.3409879 0.2973119 0.3592346 0.3086692 0.3922317 0.3544369 0.3572802 0.3678073 1.1204798 0.3469418 0.3253800 0.3267071 0.3286241 0.3301414 0.3220242 0.3318125 0.3513549 0.1426838 0.0000000 0.4139255 0.4187886 0.3094209 0.4170225 0.4293944 0.4654554 0.3317932 0.4344176 0.4170880 0.3483114 0.2681891 0.3739712 0.3135726 0.3891197 0.4281675 0.1085877 0.1380074 0.1236585 0.3349387 
yHAB132_Kazachstania_martiniae              0.3306670 0.1979296 0.2159027 0.3468410 0.3341574 0.4031270 0.3355706 0.3149124 0.2554451 0.2863897 1.1709582 0.3653198 0.3490922 0.3640412 0.3585955 0.3610166 0.3561816 0.3696218 0.3916358 0.4302101 0.4139255 0.0000000 0.2429264 0.2266740 0.2183965 0.2086865 0.2506676 0.3236851 0.2711910 0.2222426 0.2879154 0.1709604 0.2256151 0.2257005 0.2345053 0.2358847 0.4290632 0.4275214 0.4316571 0.4316350 
yHAB133_Kazachstania_unispora               0.2999373 0.2301059 0.1991944 0.3581618 0.3452160 0.4352163 0.3066352 0.3125982 0.2446192 0.2821225 1.1813047 0.3756296 0.3574839 0.3698318 0.3785288 0.3725482 0.3692800 0.3755956 0.3781163 0.4673477 0.4187886 0.2429264 0.0000000 0.2346945 0.2228337 0.0918468 0.1842698 0.3269587 0.3099280 0.1745207 0.3233940 0.2235848 0.0552914 0.2269699 0.0609392 0.1803827 0.4464232 0.4470122 0.4548872 0.4538295 
yHAB134_Kazachstania_turicensis             0.2932144 0.1618305 0.2281831 0.3535699 0.3043757 0.3641498 0.3108662 0.3068200 0.2248562 0.2504963 1.1152940 0.3274661 0.3257149 0.3352464 0.3350938 0.3306230 0.3410286 0.3405672 0.3805141 0.3722425 0.3094209 0.2266740 0.2346945 0.0000000 0.2426568 0.2320344 0.2496020 0.3279669 0.2503450 0.2432878 0.2031361 0.1786828 0.2524631 0.1045032 0.2648677 0.2216045 0.3415951 0.3583187 0.3441822 0.3477517 
yHAB136_Kazachstania_bromeliacearum         0.3572750 0.2022241 0.2031133 0.4011221 0.3519603 0.4491558 0.3672463 0.3742715 0.2610417 0.3190866 1.1980918 0.4133126 0.4023980 0.4210706 0.4093992 0.4082538 0.4063539 0.4271372 0.3472271 0.4374927 0.4170225 0.2183965 0.2228337 0.2426568 0.0000000 0.1902452 0.1826287 0.3540265 0.3093091 0.2092432 0.3321422 0.2328605 0.1959885 0.2061327 0.2107974 0.2333021 0.4255941 0.4193765 0.4194241 0.4135535 
yHAB143_Kazachstania_siamensis              0.3301308 0.2077206 0.1939492 0.3584283 0.3400991 0.4488965 0.3296064 0.3266945 0.2770194 0.2769237 1.1683224 0.3835500 0.3540590 0.3744837 0.3833086 0.3772093 0.3739141 0.3803361 0.3655340 0.4856654 0.4293944 0.2086865 0.0918468 0.2320344 0.1902452 0.0000000 0.1829241 0.3162569 0.3241093 0.1589125 0.2950739 0.2174010 0.1001200 0.2215692 0.1101335 0.1886757 0.4562771 0.4624049 0.4637381 0.4452622 
yHAB147_Kazachstania_taianensis             0.3465413 0.2306172 0.2094331 0.4283180 0.3593490 0.4802551 0.3551326 0.3585473 0.3065835 0.3139091 1.1465357 0.4377408 0.4211549 0.4487554 0.4325088 0.4375775 0.4379178 0.4561052 0.3828693 0.4864566 0.4654554 0.2506676 0.1842698 0.2496020 0.1826287 0.1829241 0.0000000 0.4124072 0.2623859 0.2676641 0.3336018 0.2482064 0.1825495 0.2492478 0.1873778 0.2719525 0.4751868 0.4632793 0.4800925 0.4532494 
yHAB148_Kazachstania_intestinalis           0.3293353 0.2969942 0.2727395 0.2966988 0.3136852 0.3544776 0.3545801 0.3326430 0.3099284 0.3169332 1.1113537 0.3588637 0.3482931 0.3711075 0.3618473 0.3607592 0.3569797 0.3769324 0.3997733 0.4027011 0.3317932 0.3236851 0.3269587 0.3279669 0.3540265 0.3162569 0.4124072 0.0000000 0.3402252 0.2858882 0.3400642 0.2458273 0.3083120 0.2949825 0.3154320 0.3018374 0.3709130 0.3656224 0.3693579 0.4947008 
yHAB153_Kazachstania_rosinii                0.3738434 0.2255387 0.2497614 0.3422192 0.3400460 0.4286213 0.3792898 0.3805625 0.3021484 0.3267724 1.1798158 0.3823075 0.3828874 0.3965919 0.3923842 0.3971932 0.3890488 0.3927000 0.4106165 0.4625402 0.4344176 0.2711910 0.3099280 0.2503450 0.3093091 0.3241093 0.2623859 0.3402252 0.0000000 0.2706395 0.3359646 0.2486452 0.2904818 0.2347538 0.3039945 0.2617732 0.4711554 0.4451814 0.4596372 0.4341292 
yHAB154_Kazachstania_transvaalensis         0.3212860 0.2082911 0.2137120 0.3260173 0.3607211 0.4044768 0.3163677 0.3215143 0.2280644 0.2605584 1.1731223 0.3675606 0.3419416 0.3618348 0.3704122 0.3645665 0.3613075 0.3675138 0.3586362 0.4468311 0.4170880 0.2222426 0.1745207 0.2432878 0.2092432 0.1589125 0.2676641 0.2858882 0.2706395 0.0000000 0.2644266 0.2147284 0.1799836 0.2094869 0.1843785 0.0477874 0.4216416 0.4172572 0.4258819 0.4367330 
yHAB155_Kazachstania_spencerorum            0.3440493 0.2453486 0.2797213 0.3768141 0.4108354 0.4301476 0.4052702 0.3919210 0.2772534 0.2890191 1.2726640 0.3781370 0.3842546 0.3733881 0.3666071 0.3788921 0.3814602 0.3713187 0.4074201 0.3813534 0.3483114 0.2879154 0.3233940 0.2031361 0.3321422 0.2950739 0.3336018 0.3400642 0.3359646 0.2644266 0.0000000 0.2158281 0.3072384 0.2281551 0.3208030 0.2770621 0.3647724 0.3608827 0.3828056 0.4559021 
yHAB158_Kazachstania_viticola               0.2328909 0.1442878 0.1854502 0.2889067 0.2584021 0.3164545 0.2698085 0.2592492 0.2053349 0.2015807 1.0622163 0.3185191 0.3082352 0.3143508 0.3189946 0.3109196 0.3128061 0.3194458 0.3245210 0.3364947 0.2681891 0.1709604 0.2235848 0.1786828 0.2328605 0.2174010 0.2482064 0.2458273 0.2486452 0.2147284 0.2158281 0.0000000 0.1914379 0.1510222 0.1979507 0.2203807 0.2986615 0.2974496 0.3071516 0.3835577 
yHAB159_Kazachstania_solicola               0.2791713 0.2287239 0.1907418 0.3430506 0.3283649 0.4026423 0.2817644 0.2791936 0.2602923 0.2548319 1.1232243 0.3520412 0.3361617 0.3479491 0.3562565 0.3506880 0.3474693 0.3534426 0.3542105 0.4044976 0.3739712 0.2256151 0.0552914 0.2524631 0.1959885 0.1001200 0.1825495 0.3083120 0.2904818 0.1799836 0.3072384 0.1914379 0.0000000 0.2193142 0.0126609 0.2034782 0.3970417 0.3861679 0.4008783 0.4489846 
yHAB160_Kazachstania_kunashirensis          0.2748195 0.1667148 0.1890667 0.2965660 0.2913902 0.3514960 0.2983984 0.2945563 0.2063655 0.2303980 1.1299587 0.3098393 0.2994520 0.3116222 0.3132610 0.3063784 0.3053232 0.3166916 0.3243196 0.3689435 0.3135726 0.2257005 0.2269699 0.1045032 0.2061327 0.2215692 0.2492478 0.2949825 0.2347538 0.2094869 0.2281551 0.1510222 0.2193142 0.0000000 0.2312571 0.2050549 0.3295882 0.3339803 0.3400649 0.3708443 
yHAB164_Kazachstania_aerobia                0.2917190 0.2373617 0.1923908 0.3552772 0.3375483 0.4098888 0.2905983 0.2887854 0.2726396 0.2568135 1.1201239 0.3671060 0.3509904 0.3629715 0.3714143 0.3656531 0.3624501 0.3685620 0.3650548 0.4151280 0.3891197 0.2345053 0.0609392 0.2648677 0.2107974 0.1101335 0.1873778 0.3154320 0.3039945 0.1843785 0.3208030 0.1979507 0.0126609 0.2312571 0.0000000 0.2149567 0.4126223 0.3950489 0.4112932 0.4612092 
yHAB166_Kazachstania_yakushimaensis         0.3266719 0.2232110 0.2294043 0.3376260 0.3599250 0.4100460 0.3333638 0.3214542 0.2343483 0.2583022 1.2014450 0.3571894 0.3320974 0.3515810 0.3599655 0.3543200 0.3510883 0.3571268 0.3848683 0.4685049 0.4281675 0.2358847 0.1803827 0.2216045 0.2333021 0.1886757 0.2719525 0.3018374 0.2617732 0.0477874 0.2770621 0.2203807 0.2034782 0.2050549 0.2149567 0.0000000 0.4548997 0.4337449 0.4601526 0.4206112 
yHMPu5000034875_Tetrapisispora_fleetii      0.3087043 0.3597434 0.3753484 0.2820711 0.3673017 0.2979123 0.4126473 0.3607820 0.3977109 0.3993978 1.2211100 0.3304774 0.3071803 0.3085076 0.3233496 0.3106099 0.3040377 0.3134268 0.4139913 0.0689461 0.1085877 0.4290632 0.4464232 0.3415951 0.4255941 0.4562771 0.4751868 0.3709130 0.4711554 0.4216416 0.3647724 0.2986615 0.3970417 0.3295882 0.4126223 0.4548997 0.0000000 0.0745472 0.0419447 0.3770793 
yHMPu5000034876_Tetrapisispora_iriomotensis 0.3101995 0.3460867 0.3694479 0.2751390 0.3935559 0.2894203 0.4393948 0.3882472 0.4032113 0.4027292 1.2090629 0.3179141 0.2992021 0.3142923 0.3189153 0.3083864 0.2986770 0.3192199 0.4070854 0.0650966 0.1380074 0.4275214 0.4470122 0.3583187 0.4193765 0.4624049 0.4632793 0.3656224 0.4451814 0.4172572 0.3608827 0.2974496 0.3861679 0.3339803 0.3950489 0.4337449 0.0745472 0.0000000 0.0758173 0.3581230 
yHMPu5000034877_Tetrapisispora_namnaonensis 0.3200266 0.3596749 0.3710592 0.2750654 0.3845165 0.3002855 0.4225745 0.3689060 0.4175752 0.4171697 1.1973444 0.3158026 0.3009664 0.3138054 0.3201178 0.3090298 0.3004265 0.3187633 0.4129103 0.0593880 0.1236585 0.4316571 0.4548872 0.3441822 0.4194241 0.4637381 0.4800925 0.3693579 0.4596372 0.4258819 0.3828056 0.3071516 0.4008783 0.3400649 0.4112932 0.4601526 0.0419447 0.0758173 0.0000000 0.3787154 
yHMPu5000035629_Yueomyces_sinensis          0.4558065 0.3834079 0.4131759 0.4571936 0.4320214 0.5548257 0.4712885 0.4578508 0.4892483 0.4851404 1.1829644 0.4056079 0.4100308 0.4043461 0.4024645 0.4044113 0.4148906 0.4102961 0.2344658 0.3771761 0.3349387 0.4316350 0.4538295 0.3477517 0.4135535 0.4452622 0.4532494 0.4947008 0.4341292 0.4367330 0.4559021 0.3835577 0.4489846 0.3708443 0.4612092 0.4206112 0.3770793 0.3581230 0.3787154 0.0000000 
