40
Candida_glabrata                            0.0000000 0.1179184 0.1483081 0.1272204 0.0531943 0.1422787 0.0676111 0.0525323 0.1027244 0.1160149 0.4709182 0.1027090 0.0877933 0.1025378 0.0946973 0.0879442 0.0954555 0.1018998 0.1381291 0.1229440 0.1222014 0.0890025 0.1028200 0.1099516 0.1198866 0.1122820 0.1245658 0.1451164 0.0933531 0.1744687 0.1147921 0.1057638 0.0983059 0.1016109 0.0942338 0.1630266 0.1247450 0.1170584 0.1239059 0.1286684 
Kazachstania_africana                       0.1179184 0.0000000 0.1500116 0.1560197 0.0973039 0.1555010 0.1266502 0.0862782 0.0876184 0.1110029 0.4847538 0.1312893 0.1320264 0.1401914 0.1309642 0.1240075 0.1284083 0.1385540 0.1244635 0.1430609 0.1506045 0.1155683 0.1131576 0.0711523 0.1461753 0.1043180 0.1448000 0.1617399 0.0903289 0.1697316 0.1086985 0.0896215 0.1333413 0.0984294 0.1290873 0.1509792 0.1600975 0.1358053 0.1588608 0.1329102 
Kazachstania_naganishii                     0.1483081 0.1500116 0.0000000 0.1498311 0.1383950 0.1891595 0.1667458 0.1475215 0.1358504 0.1461405 0.5576195 0.1109979 0.1066174 0.1165789 0.1122116 0.0945655 0.1034856 0.1145141 0.1537270 0.1365189 0.1681000 0.0851757 0.1068384 0.1337512 0.0880912 0.1074455 0.1150743 0.1688430 0.1185936 0.1439618 0.1195246 0.0997173 0.1115344 0.1307428 0.1073340 0.1403155 0.1408594 0.1335311 0.1397093 0.1304673 
Nakaseomyces_bacillisporus                  0.1272204 0.1560197 0.1498311 0.0000000 0.1128864 0.1038567 0.1220751 0.1028990 0.1183739 0.1322241 0.5138200 0.1215356 0.1031214 0.1263137 0.1210900 0.1104478 0.1183417 0.1248459 0.1578389 0.1136273 0.1418842 0.1178412 0.1325080 0.1190329 0.1213484 0.1288064 0.1568101 0.1928195 0.1062416 0.1904098 0.1236574 0.1133714 0.1347141 0.1190640 0.1304015 0.1808533 0.1340344 0.1326491 0.1214590 0.1489580 
Nakaseomyces_bracarensis                    0.0531943 0.0973039 0.1383950 0.1128864 0.0000000 0.1288978 0.0358432 0.0187391 0.0827093 0.0812931 0.4508599 0.0813989 0.0818240 0.0895305 0.0847853 0.0743235 0.0818531 0.0884711 0.1314282 0.1157358 0.1094135 0.0891634 0.0908200 0.0718109 0.1208680 0.0789330 0.1283562 0.1404827 0.0819126 0.1524310 0.1040410 0.0794066 0.0935032 0.0939591 0.0894839 0.1480187 0.1234656 0.1140871 0.1205579 0.1136594 
Nakaseomyces_castellii                      0.1422787 0.1555010 0.1891595 0.1038567 0.1288978 0.0000000 0.1373901 0.1211156 0.1245516 0.1591816 0.5243659 0.1289713 0.1169735 0.1371057 0.1220101 0.1243739 0.1323797 0.1362640 0.1649014 0.1412346 0.1632214 0.1484659 0.1429878 0.1490396 0.1585677 0.1405959 0.1747682 0.1784158 0.1189380 0.1898678 0.1456481 0.1243195 0.1435972 0.1385765 0.1454140 0.1924970 0.1506850 0.1602460 0.1444270 0.1686920 
Nakaseomyces_delphensis                     0.0676111 0.1266502 0.1667458 0.1220751 0.0358432 0.1373901 0.0000000 0.0393422 0.0889458 0.0901147 0.4998712 0.0872780 0.0877298 0.0912523 0.0906064 0.0845446 0.0877600 0.0873906 0.1469493 0.1223415 0.1293094 0.1033178 0.1012088 0.0902627 0.1241522 0.0946085 0.1465853 0.1388554 0.0816423 0.1354638 0.1051841 0.0945506 0.0992935 0.0981174 0.0997096 0.1425142 0.1294620 0.1410685 0.1264422 0.1303751 
Nakaseomyces_nivariensis                    0.0525323 0.0862782 0.1475215 0.1028990 0.0187391 0.1211156 0.0393422 0.0000000 0.0699110 0.0797138 0.4439932 0.0833817 0.0838099 0.0913774 0.0907521 0.0764415 0.0838390 0.0903186 0.1135752 0.1084371 0.1079618 0.0918548 0.0928033 0.0637795 0.1192323 0.0811059 0.1314367 0.1467194 0.0771858 0.1552185 0.0943716 0.0741197 0.0954142 0.0921566 0.0914587 0.1491630 0.1249562 0.1152340 0.1220702 0.1160760 
Naumovozyma_castellii                       0.1027244 0.0876184 0.1358504 0.1183739 0.0827093 0.1245516 0.0889458 0.0699110 0.0000000 0.0581282 0.4830506 0.0913313 0.0924888 0.1024198 0.0988524 0.0919104 0.0994629 0.0990390 0.1100144 0.1082741 0.1446263 0.0926882 0.0966882 0.0656129 0.1019996 0.0797361 0.1335535 0.1474391 0.0689515 0.1481060 0.0918906 0.0558540 0.1034625 0.0831607 0.0994587 0.1517132 0.1252017 0.1166945 0.1250560 0.1312995 
Naumovozyma_dairenensis                     0.1160149 0.1110029 0.1461405 0.1322241 0.0812931 0.1591816 0.0901147 0.0797138 0.0581282 0.0000000 0.4518049 0.0906846 0.0990366 0.1069805 0.1019472 0.0996202 0.0990708 0.1057112 0.1329198 0.1157103 0.1350994 0.1115892 0.1218028 0.0699621 0.1209925 0.1031943 0.1515409 0.1650926 0.0832769 0.1658428 0.0989616 0.0777175 0.1200225 0.1000410 0.1244429 0.1406521 0.1382869 0.1405991 0.1290763 0.1457125 
Neurospora_crassa                           0.4709182 0.4847538 0.5576195 0.5138200 0.4508599 0.5243659 0.4998712 0.4439932 0.4830506 0.4518049 0.0000000 0.5041745 0.5128083 0.5177614 0.5262933 0.5311207 0.5173581 0.5132890 0.4477439 0.4583543 0.4547379 0.4959238 0.5231195 0.4424331 0.4967525 0.4835281 0.4905804 0.5439137 0.4789137 0.5130144 0.4562914 0.4688324 0.5117907 0.4860936 0.5127787 0.4735485 0.4708146 0.4888358 0.4494298 0.5175089 
Saccharomyces_arboricola                    0.1027090 0.1312893 0.1109979 0.1215356 0.0813989 0.1289713 0.0872780 0.0833817 0.0913313 0.0906846 0.5041745 0.0000000 0.0184689 0.0156146 0.0155110 0.0186292 0.0122960 0.0122550 0.1424123 0.1082242 0.1325104 0.0693431 0.0938524 0.0903614 0.0864592 0.0872827 0.1072254 0.1431560 0.0683107 0.1273811 0.1002391 0.0773291 0.0856363 0.1019717 0.0896990 0.1231389 0.1178446 0.1335999 0.1141514 0.1212502 
Saccharomyces_cerevisiae                    0.0877933 0.1320264 0.1066174 0.1031214 0.0818240 0.1169735 0.0877298 0.0838099 0.0924888 0.0990366 0.5128083 0.0184689 0.0000000 0.0218281 0.0216874 0.0185756 0.0122619 0.0183607 0.1465553 0.1087823 0.1332790 0.0765706 0.0942959 0.0987058 0.0860769 0.0955593 0.1112235 0.1488186 0.0613461 0.1280434 0.0925368 0.0776762 0.0930095 0.0946740 0.0971135 0.1237816 0.1096155 0.1287252 0.1147423 0.1218672 
Saccharomyces_eubayanus                     0.1025378 0.1401914 0.1165789 0.1263137 0.0895305 0.1371057 0.0912523 0.0913774 0.1024198 0.1069805 0.5177614 0.0156146 0.0218281 0.0000000 0.0188621 0.0220222 0.0155758 0.0061466 0.1537765 0.1188833 0.1343356 0.0852030 0.1105702 0.1071962 0.0901051 0.1039830 0.1249251 0.1565509 0.0720187 0.1328365 0.1043520 0.0933495 0.1020359 0.1105226 0.1062468 0.1332154 0.1199606 0.1388998 0.1249035 0.1391440 
Saccharomyces_kudriavzevii                  0.0946973 0.1309642 0.1122116 0.1210900 0.0847853 0.1220101 0.0906064 0.0907521 0.0988524 0.1019472 0.5262933 0.0155110 0.0216874 0.0188621 0.0000000 0.0188426 0.0154727 0.0154203 0.1475890 0.1219865 0.1289586 0.0841880 0.1073547 0.1016185 0.0936425 0.1008775 0.1072770 0.1455805 0.0752346 0.1393036 0.1079395 0.0905428 0.0990163 0.0974344 0.1031319 0.1351423 0.1206390 0.1299790 0.1254781 0.1355182 
Saccharomyces_mikatae                       0.0879442 0.1240075 0.0945655 0.1104478 0.0743235 0.1243739 0.0845446 0.0764415 0.0919104 0.0996202 0.5311207 0.0186292 0.0185756 0.0220222 0.0188426 0.0000000 0.0123654 0.0185190 0.1341493 0.1089628 0.1324217 0.0697682 0.0944618 0.0909517 0.0794144 0.0878482 0.1056270 0.1440691 0.0654310 0.1458613 0.0981750 0.0778097 0.0943003 0.0948361 0.0902756 0.1416401 0.1147500 0.1157373 0.1149220 0.1213752 
Saccharomyces_paradoxus                     0.0954555 0.1284083 0.1034856 0.1183417 0.0818531 0.1323797 0.0877600 0.0838390 0.0994629 0.0990708 0.5173581 0.0122960 0.0122619 0.0155758 0.0154727 0.0123654 0.0000000 0.0122256 0.1518328 0.1173093 0.1333220 0.0736994 0.0986111 0.0987399 0.0867785 0.0955925 0.1071862 0.1450048 0.0686747 0.1342949 0.1006364 0.0852835 0.0937937 0.1023542 0.0979378 0.1300254 0.1183402 0.1341762 0.1232697 0.1302267 
Saccharomyces_uvarum                        0.1018998 0.1385540 0.1145141 0.1248459 0.0884711 0.1362640 0.0873906 0.0903186 0.0990390 0.1057112 0.5132890 0.0122550 0.0183607 0.0061466 0.0154203 0.0185190 0.0122256 0.0000000 0.1511376 0.1167622 0.1327062 0.0837867 0.1087263 0.1053833 0.0864172 0.1022304 0.1188512 0.1555787 0.0751769 0.1286162 0.1001858 0.0918084 0.1003398 0.1087265 0.1044788 0.1317424 0.1177764 0.1363604 0.1226977 0.1367945 
Tetrapisispora_blattae                      0.1381291 0.1244635 0.1537270 0.1578389 0.1314282 0.1649014 0.1469493 0.1135752 0.1100144 0.1329198 0.4477439 0.1424123 0.1465553 0.1537765 0.1475890 0.1341493 0.1518328 0.1511376 0.0000000 0.1061017 0.1359332 0.1317771 0.1380935 0.1003734 0.1540935 0.1228832 0.1723003 0.1865750 0.1348544 0.2047848 0.1483976 0.1103879 0.1403603 0.1259385 0.1357437 0.1819042 0.1276171 0.0947371 0.1246250 0.1056655 
Tetrapisispora_phaffii                      0.1229440 0.1430609 0.1365189 0.1136273 0.1157358 0.1412346 0.1223415 0.1084371 0.1082741 0.1157103 0.4583543 0.1082242 0.1087823 0.1188833 0.1219865 0.1089628 0.1173093 0.1167622 0.1061017 0.0000000 0.0975820 0.1037942 0.1111675 0.1241286 0.1378923 0.1046501 0.1482388 0.1818310 0.1154853 0.1588308 0.1305622 0.1020099 0.1050006 0.1362515 0.1094038 0.1489983 0.0358375 0.0644156 0.0256832 0.0950812 
Vanderwaltozyma_polyspora                   0.1222014 0.1506045 0.1681000 0.1418842 0.1094135 0.1632214 0.1293094 0.1079618 0.1446263 0.1350994 0.4547379 0.1325104 0.1332790 0.1343356 0.1289586 0.1324217 0.1333220 0.1327062 0.1359332 0.0975820 0.0000000 0.1307807 0.1422410 0.1447184 0.1523233 0.1262207 0.1675058 0.1740497 0.1487834 0.2032488 0.1646003 0.1464832 0.1378461 0.1647989 0.1425084 0.1875359 0.1083637 0.0940148 0.1025785 0.1371365 
yHAB132_Kazachstania_martiniae              0.0890025 0.1155683 0.0851757 0.1178412 0.0891634 0.1484659 0.1033178 0.0918548 0.0926882 0.1115892 0.4959238 0.0693431 0.0765706 0.0852030 0.0841880 0.0697682 0.0736994 0.0837867 0.1317771 0.1037942 0.1307807 0.0000000 0.0417501 0.0809457 0.0597440 0.0566619 0.0683290 0.1470503 0.0660500 0.1272483 0.0886920 0.0569977 0.0423536 0.0819902 0.0389026 0.1100617 0.1116539 0.1179038 0.1037082 0.1272039 
yHAB133_Kazachstania_unispora               0.1028200 0.1131576 0.1068384 0.1325080 0.0908200 0.1429878 0.1012088 0.0928033 0.0966882 0.1218028 0.5231195 0.0938524 0.0942959 0.1105702 0.1073547 0.0944618 0.0986111 0.1087263 0.1380935 0.1111675 0.1422410 0.0417501 0.0000000 0.0861253 0.0823213 0.0127862 0.0752000 0.1594849 0.0841337 0.1248394 0.1013790 0.0647553 0.0156766 0.0870277 0.0124797 0.1200762 0.1073145 0.1152125 0.1032078 0.1216531 
yHAB134_Kazachstania_turicensis             0.1099516 0.0711523 0.1337512 0.1190329 0.0718109 0.1490396 0.0902627 0.0637795 0.0656129 0.0699621 0.4424331 0.0903614 0.0987058 0.1071962 0.1016185 0.0909517 0.0987399 0.1053833 0.1003734 0.1241286 0.1447184 0.0809457 0.0861253 0.0000000 0.1015522 0.0693855 0.1333507 0.1547407 0.0554303 0.1575310 0.0784607 0.0432897 0.0888320 0.0462384 0.0848821 0.1292420 0.1395356 0.1232719 0.1362415 0.1205560 
yHAB136_Kazachstania_bromeliacearum         0.1198866 0.1461753 0.0880912 0.1213484 0.1208680 0.1585677 0.1241522 0.1192323 0.1019996 0.1209925 0.4967525 0.0864592 0.0860769 0.0901051 0.0936425 0.0794144 0.0867785 0.0864172 0.1540935 0.1378923 0.1523233 0.0597440 0.0823213 0.1015522 0.0000000 0.0834092 0.1050888 0.1619807 0.0873157 0.1470561 0.0821673 0.0806084 0.0821921 0.0942419 0.0784090 0.1448995 0.1423434 0.1411281 0.1358636 0.1347709 
yHAB143_Kazachstania_siamensis              0.1122820 0.1043180 0.1074455 0.1288064 0.0789330 0.1405959 0.0946085 0.0811059 0.0797361 0.1031943 0.4835281 0.0872827 0.0955593 0.1039830 0.1008775 0.0878482 0.0955925 0.1022304 0.1228832 0.1046501 0.1262207 0.0566619 0.0127862 0.0693855 0.0834092 0.0000000 0.0843503 0.1681406 0.0852686 0.1296157 0.0972496 0.0610395 0.0224432 0.0881800 0.0191448 0.1248211 0.1050241 0.1092129 0.1010795 0.1107777 
yHAB147_Kazachstania_taianensis             0.1245658 0.1448000 0.1150743 0.1568101 0.1283562 0.1747682 0.1465853 0.1314367 0.1335535 0.1515409 0.4905804 0.1072254 0.1112235 0.1249251 0.1072770 0.1056270 0.1071862 0.1188512 0.1723003 0.1482388 0.1675058 0.0683290 0.0752000 0.1333507 0.1050888 0.0843503 0.0000000 0.1672269 0.1037178 0.1643450 0.1229928 0.1070542 0.0694759 0.1275417 0.0697899 0.1531175 0.1551479 0.1622997 0.1399005 0.1627408 
yHAB148_Kazachstania_intestinalis           0.1451164 0.1617399 0.1688430 0.1928195 0.1404827 0.1784158 0.1388554 0.1467194 0.1474391 0.1650926 0.5439137 0.1431560 0.1488186 0.1565509 0.1455805 0.1440691 0.1450048 0.1555787 0.1865750 0.1818310 0.1740497 0.1470503 0.1594849 0.1547407 0.1619807 0.1681406 0.1672269 0.0000000 0.1389977 0.2114710 0.1682849 0.1366973 0.1680362 0.1557150 0.1729974 0.2068843 0.1875728 0.1885280 0.1957227 0.1689819 
yHAB153_Kazachstania_rosinii                0.0933531 0.0903289 0.1185936 0.1062416 0.0819126 0.1189380 0.0816423 0.0771858 0.0689515 0.0832769 0.4789137 0.0683107 0.0613461 0.0720187 0.0752346 0.0654310 0.0686747 0.0751769 0.1348544 0.1154853 0.1487834 0.0660500 0.0841337 0.0554303 0.0873157 0.0852686 0.1037178 0.1389977 0.0000000 0.1519571 0.0601826 0.0427851 0.0838314 0.0604212 0.0841714 0.1330405 0.1356438 0.1498128 0.1265963 0.1310577 
yHAB154_Kazachstania_transvaalensis         0.1744687 0.1697316 0.1439618 0.1904098 0.1524310 0.1898678 0.1354638 0.1552185 0.1481060 0.1658428 0.5130144 0.1273811 0.1280434 0.1328365 0.1393036 0.1458613 0.1342949 0.1286162 0.2047848 0.1588308 0.2032488 0.1272483 0.1248394 0.1575310 0.1470561 0.1296157 0.1643450 0.2114710 0.1519571 0.0000000 0.1506282 0.1349631 0.1144874 0.1475856 0.1188652 0.0415704 0.1554564 0.1854118 0.1565319 0.1625324 
yHAB155_Kazachstania_spencerorum            0.1147921 0.1086985 0.1195246 0.1236574 0.1040410 0.1456481 0.1051841 0.0943716 0.0918906 0.0989616 0.4562914 0.1002391 0.0925368 0.1043520 0.1079395 0.0981750 0.1006364 0.1001858 0.1483976 0.1305622 0.1646003 0.0886920 0.1013790 0.0784607 0.0821673 0.0972496 0.1229928 0.1682849 0.0601826 0.1506282 0.0000000 0.0702890 0.1065916 0.0685117 0.1079317 0.1383420 0.1393493 0.1447902 0.1305330 0.1478803 
yHAB158_Kazachstania_viticola               0.1057638 0.0896215 0.0997173 0.1133714 0.0794066 0.1243195 0.0945506 0.0741197 0.0558540 0.0777175 0.4688324 0.0773291 0.0776762 0.0933495 0.0905428 0.0778097 0.0852835 0.0918084 0.1103879 0.1020099 0.1464832 0.0569977 0.0647553 0.0432897 0.0806084 0.0610395 0.1070542 0.1366973 0.0427851 0.1349631 0.0702890 0.0000000 0.0714236 0.0492550 0.0677063 0.1344994 0.1106539 0.1221495 0.1109407 0.1107400 
yHAB159_Kazachstania_solicola               0.0983059 0.1333413 0.1115344 0.1347141 0.0935032 0.1435972 0.0992935 0.0954142 0.1034625 0.1200225 0.5117907 0.0856363 0.0930095 0.1020359 0.0990163 0.0943003 0.0937937 0.1003398 0.1403603 0.1050006 0.1378461 0.0423536 0.0156766 0.0888320 0.0821921 0.0224432 0.0694759 0.1680362 0.0838314 0.1144874 0.1065916 0.0714236 0.0000000 0.0896409 0.0030886 0.1125737 0.1040195 0.1177863 0.0972747 0.1240767 
yHAB160_Kazachstania_kunashirensis          0.1016109 0.0984294 0.1307428 0.1190640 0.0939591 0.1385765 0.0981174 0.0921566 0.0831607 0.1000410 0.4860936 0.1019717 0.0946740 0.1105226 0.0974344 0.0948361 0.1023542 0.1087265 0.1259385 0.1362515 0.1647989 0.0819902 0.0870277 0.0462384 0.0942419 0.0881800 0.1275417 0.1557150 0.0604212 0.1475856 0.0685117 0.0492550 0.0896409 0.0000000 0.0858083 0.1405364 0.1428664 0.1407506 0.1482067 0.1277321 
yHAB164_Kazachstania_aerobia                0.0942338 0.1290873 0.1073340 0.1304015 0.0894839 0.1454140 0.0997096 0.0914587 0.0994587 0.1244429 0.5127787 0.0896990 0.0971135 0.1062468 0.1031319 0.0902756 0.0979378 0.1044788 0.1357437 0.1094038 0.1425084 0.0389026 0.0124797 0.0848821 0.0784090 0.0191448 0.0697899 0.1729974 0.0841714 0.1188652 0.1079317 0.0677063 0.0030886 0.0858083 0.0000000 0.1169023 0.1084949 0.1133171 0.1015995 0.1196841 
yHAB166_Kazachstania_yakushimaensis         0.1630266 0.1509792 0.1403155 0.1808533 0.1480187 0.1924970 0.1425142 0.1491630 0.1517132 0.1406521 0.4735485 0.1231389 0.1237816 0.1332154 0.1351423 0.1416401 0.1300254 0.1317424 0.1819042 0.1489983 0.1875359 0.1100617 0.1200762 0.1292420 0.1448995 0.1248211 0.1531175 0.2068843 0.1330405 0.0415704 0.1383420 0.1344994 0.1125737 0.1405364 0.1169023 0.0000000 0.1491110 0.1715118 0.1533766 0.1731055 
yHMPu5000034875_Tetrapisispora_fleetii      0.1247450 0.1600975 0.1408594 0.1340344 0.1234656 0.1506850 0.1294620 0.1249562 0.1252017 0.1382869 0.4708146 0.1178446 0.1096155 0.1199606 0.1206390 0.1147500 0.1183402 0.1177764 0.1276171 0.0358375 0.1083637 0.1116539 0.1073145 0.1395356 0.1423434 0.1050241 0.1551479 0.1875728 0.1356438 0.1554564 0.1393493 0.1106539 0.1040195 0.1428664 0.1084949 0.1491110 0.0000000 0.0595238 0.0225889 0.1031114 
yHMPu5000034876_Tetrapisispora_iriomotensis 0.1170584 0.1358053 0.1335311 0.1326491 0.1140871 0.1602460 0.1410685 0.1152340 0.1166945 0.1405991 0.4888358 0.1335999 0.1287252 0.1388998 0.1299790 0.1157373 0.1341762 0.1363604 0.0947371 0.0644156 0.0940148 0.1179038 0.1152125 0.1232719 0.1411281 0.1092129 0.1622997 0.1885280 0.1498128 0.1854118 0.1447902 0.1221495 0.1177863 0.1407506 0.1133171 0.1715118 0.0595238 0.0000000 0.0604634 0.1158854 
yHMPu5000034877_Tetrapisispora_namnaonensis 0.1239059 0.1588608 0.1397093 0.1214590 0.1205579 0.1444270 0.1264422 0.1220702 0.1250560 0.1290763 0.4494298 0.1141514 0.1147423 0.1249035 0.1254781 0.1149220 0.1232697 0.1226977 0.1246250 0.0256832 0.1025785 0.1037082 0.1032078 0.1362415 0.1358636 0.1010795 0.1399005 0.1957227 0.1265963 0.1565319 0.1305330 0.1109407 0.0972747 0.1482067 0.1015995 0.1533766 0.0225889 0.0604634 0.0000000 0.1108705 
yHMPu5000035629_Yueomyces_sinensis          0.1286684 0.1329102 0.1304673 0.1489580 0.1136594 0.1686920 0.1303751 0.1160760 0.1312995 0.1457125 0.5175089 0.1212502 0.1218672 0.1391440 0.1355182 0.1213752 0.1302267 0.1367945 0.1056655 0.0950812 0.1371365 0.1272039 0.1216531 0.1205560 0.1347709 0.1107777 0.1627408 0.1689819 0.1310577 0.1625324 0.1478803 0.1107400 0.1240767 0.1277321 0.1196841 0.1731055 0.1031114 0.1158854 0.1108705 0.0000000 
