40
Candida_glabrata                            0.0000000 0.3689308 0.4777318 0.4326568 0.0860298 0.5159551 0.1103192 0.1030295 0.2904339 0.4182021 1.8045016 0.3309566 0.3218649 0.3249200 0.3166452 0.3141488 0.3158702 0.3262269 0.5590031 0.4424967 0.5052301 0.3372391 0.3487197 0.5405373 0.2972762 0.3758355 0.3108048 0.3766474 0.3509452 0.4691360 0.4484829 0.4612232 0.3685427 0.4682038 0.3495609 0.4623557 0.4183809 0.4148551 0.4245967 0.5570791 
Kazachstania_africana                       0.3689308 0.0000000 0.3766745 0.3802825 0.3347177 0.4262797 0.3353012 0.3262378 0.2821804 0.3249999 1.8530946 0.3343923 0.3243486 0.3202123 0.3434799 0.3338175 0.3148327 0.3344257 0.5110736 0.4660959 0.4277674 0.3497688 0.2943768 0.4698348 0.2591598 0.3154562 0.2988467 0.2957689 0.3103435 0.3631559 0.3889937 0.3959343 0.3483474 0.3775153 0.3357201 0.3546786 0.4642628 0.4185477 0.4408661 0.4912856 
Kazachstania_naganishii                     0.4777318 0.3766745 0.0000000 0.4619741 0.4540000 0.5173983 0.4412818 0.4694358 0.4060450 0.4898271 2.0272207 0.4451450 0.4078363 0.4102026 0.4203458 0.4222075 0.4019232 0.4301495 0.5748950 0.5770501 0.5641979 0.3996975 0.4424477 0.6336693 0.4211380 0.4761538 0.3807257 0.4051840 0.4794169 0.5066392 0.4963249 0.5229427 0.4674526 0.5298919 0.4579309 0.4738324 0.5878542 0.5543822 0.5561494 0.5385912 
Nakaseomyces_bacillisporus                  0.4326568 0.3802825 0.4619741 0.0000000 0.3975336 0.4358725 0.4028019 0.4050666 0.4069517 0.4421704 1.9299989 0.4222006 0.4028678 0.3997366 0.4129535 0.3983420 0.4040350 0.3966502 0.5616389 0.5189493 0.4888333 0.4232906 0.3882155 0.5668279 0.3944249 0.4774880 0.3891985 0.3811330 0.4711243 0.4791444 0.4593795 0.5342782 0.4130685 0.4917454 0.4083536 0.4358970 0.5311533 0.4821230 0.5269513 0.5829158 
Nakaseomyces_bracarensis                    0.0860298 0.3347177 0.4540000 0.3975336 0.0000000 0.4918782 0.0589053 0.0411702 0.2805915 0.3888569 1.7654915 0.3390102 0.3266285 0.3256057 0.3295828 0.3324806 0.3287055 0.3132635 0.5138583 0.4380962 0.4705685 0.3370101 0.3380500 0.5401855 0.2801133 0.3538678 0.3151524 0.3395675 0.3435170 0.4656957 0.4028555 0.4319454 0.3535668 0.4394305 0.3400990 0.4375761 0.4122671 0.4011362 0.4131247 0.5068586 
Nakaseomyces_castellii                      0.5159551 0.4262797 0.5173983 0.4358725 0.4918782 0.0000000 0.4698527 0.4729188 0.4313850 0.5011789 2.0228678 0.4728491 0.4406276 0.4498532 0.4433990 0.4392412 0.4347072 0.4395661 0.5670015 0.5672451 0.5341293 0.4316068 0.4451874 0.5958768 0.4055572 0.4891644 0.4111772 0.4083127 0.5105490 0.4995604 0.5672215 0.5432082 0.4847654 0.5024571 0.4738827 0.4537810 0.5373712 0.5087236 0.5325777 0.5994492 
Nakaseomyces_delphensis                     0.1103192 0.3353012 0.4412818 0.4028019 0.0589053 0.4698527 0.0000000 0.0370164 0.2760917 0.3808150 1.7677029 0.3450404 0.3244944 0.3330351 0.3112222 0.3187347 0.3238944 0.3206071 0.4767932 0.4247869 0.4652629 0.3229127 0.3265784 0.5528213 0.2945650 0.3646923 0.3303927 0.3828586 0.3411473 0.4573190 0.3973107 0.4428503 0.3294924 0.4366093 0.3264834 0.4242882 0.4270671 0.3957564 0.4249998 0.4795196 
Nakaseomyces_nivariensis                    0.1030295 0.3262378 0.4694358 0.4050666 0.0411702 0.4729188 0.0370164 0.0000000 0.2853133 0.3827101 1.8188814 0.3273859 0.3187444 0.3260085 0.3209897 0.3132784 0.3184590 0.3135969 0.5178683 0.4490917 0.4616165 0.3251999 0.3223002 0.5478321 0.2863270 0.3627008 0.3394272 0.3521637 0.3444566 0.4614435 0.3951691 0.4440742 0.3446006 0.4375685 0.3313013 0.4245068 0.4408954 0.4045486 0.4321977 0.5147492 
Naumovozyma_castellii                       0.2904339 0.2821804 0.4060450 0.4069517 0.2805915 0.4313850 0.2760917 0.2853133 0.0000000 0.2309419 1.7350949 0.3106947 0.2895534 0.3040218 0.3039817 0.2872416 0.2800223 0.2997159 0.4469298 0.4429409 0.4534446 0.2790743 0.2489786 0.5379814 0.2605120 0.3080486 0.2220472 0.2950174 0.2651471 0.3526924 0.3484774 0.4243108 0.2772537 0.3910326 0.2627951 0.3373163 0.4153006 0.3995940 0.4099051 0.4722687 
Naumovozyma_dairenensis                     0.4182021 0.3249999 0.4898271 0.4421704 0.3888569 0.5011789 0.3808150 0.3827101 0.2309419 0.0000000 1.8224918 0.3905709 0.3747789 0.3805369 0.3878620 0.3744177 0.3741699 0.3764965 0.5194602 0.5348692 0.4753826 0.3179999 0.2808906 0.5567884 0.3152396 0.3137664 0.2933485 0.3546987 0.3330000 0.3636815 0.3731299 0.4499972 0.3124375 0.4237442 0.2965059 0.3768274 0.4767809 0.5193198 0.4957665 0.4835682 
Neurospora_crassa                           1.8045016 1.8530946 2.0272207 1.9299989 1.7654915 2.0228678 1.7677029 1.8188814 1.7350949 1.8224918 0.0000000 1.8714766 1.8875478 1.8896819 1.8962038 1.8489894 1.8668588 1.8686029 2.0788400 1.7028893 1.8431432 1.6831674 1.7239064 1.9754053 1.8005386 1.6381907 1.8742392 1.8199928 1.7246845 2.0600692 1.8897304 1.8693671 1.7961223 1.8000435 1.7657815 1.9535344 1.6624878 1.6074067 1.6557575 1.8029061 
Saccharomyces_arboricola                    0.3309566 0.3343923 0.4451450 0.4222006 0.3390102 0.4728491 0.3450404 0.3273859 0.3106947 0.3905709 1.8714766 0.0000000 0.0486017 0.0700763 0.0677515 0.0535009 0.0487341 0.0654082 0.4964013 0.4131879 0.4525610 0.3645462 0.3223391 0.5027766 0.3559855 0.3497971 0.3191583 0.3685009 0.3727275 0.4432940 0.3732872 0.4571750 0.3719851 0.4617580 0.3600819 0.3918009 0.4132548 0.4187226 0.3864041 0.4822427 
Saccharomyces_cerevisiae                    0.3218649 0.3243486 0.4078363 0.4028678 0.3266285 0.4406276 0.3244944 0.3187444 0.2895534 0.3747789 1.8875478 0.0486017 0.0000000 0.0683948 0.0489587 0.0270072 0.0201825 0.0716767 0.4845132 0.4327275 0.4361984 0.3464945 0.3138145 0.5020259 0.3345690 0.3381178 0.3001362 0.3626957 0.3601353 0.4170292 0.3501476 0.4243572 0.3623561 0.4637249 0.3507579 0.3608683 0.4313730 0.4276669 0.4043897 0.4591613 
Saccharomyces_eubayanus                     0.3249200 0.3202123 0.4102026 0.3997366 0.3256057 0.4498532 0.3330351 0.3260085 0.3040218 0.3805369 1.8896819 0.0700763 0.0683948 0.0000000 0.0770674 0.0690825 0.0651521 0.0305913 0.4998663 0.4303514 0.4489314 0.3664019 0.3233893 0.4918794 0.3422828 0.3461872 0.2989603 0.3435962 0.3613630 0.4413149 0.3647949 0.4433771 0.3721167 0.4341438 0.3618157 0.3907871 0.4262102 0.4314697 0.3939022 0.4922070 
Saccharomyces_kudriavzevii                  0.3166452 0.3434799 0.4203458 0.4129535 0.3295828 0.4433990 0.3112222 0.3209897 0.3039817 0.3878620 1.8962038 0.0677515 0.0489587 0.0770674 0.0000000 0.0487416 0.0416359 0.0803691 0.5064412 0.4309042 0.4685341 0.3560227 0.3190112 0.5124288 0.3446457 0.3307442 0.3049357 0.3651855 0.3761948 0.4402534 0.3551451 0.4198533 0.3397531 0.4557971 0.3410135 0.3719143 0.4276080 0.4436063 0.3954529 0.4617276 
Saccharomyces_mikatae                       0.3141488 0.3338175 0.4222075 0.3983420 0.3324806 0.4392412 0.3187347 0.3132784 0.2872416 0.3744177 1.8489894 0.0535009 0.0270072 0.0690825 0.0487416 0.0000000 0.0200955 0.0723899 0.4729421 0.4360244 0.4346604 0.3474710 0.3081006 0.4971886 0.3423508 0.3401264 0.2896201 0.3649696 0.3684231 0.4290378 0.3519989 0.4460077 0.3563429 0.4528874 0.3448422 0.3557574 0.4346449 0.4299427 0.4026739 0.4720156 
Saccharomyces_paradoxus                     0.3158702 0.3148327 0.4019232 0.4040350 0.3287055 0.4347072 0.3238944 0.3184590 0.2800223 0.3741699 1.8668588 0.0487341 0.0201825 0.0651521 0.0416359 0.0200955 0.0000000 0.0684647 0.4683214 0.4261629 0.4301229 0.3472355 0.3132160 0.5033212 0.3292669 0.3398895 0.2855062 0.3621616 0.3545448 0.4287801 0.3527190 0.4360574 0.3617506 0.4480483 0.3501546 0.3707709 0.4248638 0.4261592 0.3931521 0.4511584 
Saccharomyces_uvarum                        0.3262269 0.3344257 0.4301495 0.3966502 0.3132635 0.4395661 0.3206071 0.3135969 0.2997159 0.3764965 1.8686029 0.0654082 0.0716767 0.0305913 0.0803691 0.0723899 0.0684647 0.0000000 0.5108586 0.4166587 0.4360908 0.3908154 0.3336826 0.4935530 0.3412213 0.3564144 0.3021431 0.3392964 0.3813331 0.4428645 0.3724689 0.4492708 0.3823594 0.4504785 0.3720451 0.3961436 0.4165314 0.4331217 0.3836887 0.4953203 
Tetrapisispora_blattae                      0.5590031 0.5110736 0.5748950 0.5616389 0.5138583 0.5670015 0.4767932 0.5178683 0.4469298 0.5194602 2.0788400 0.4964013 0.4845132 0.4998663 0.5064412 0.4729421 0.4683214 0.5108586 0.0000000 0.5440707 0.6181568 0.4688619 0.5093761 0.7209359 0.5304111 0.5873518 0.4413519 0.5171739 0.5155579 0.5751812 0.5379441 0.6336821 0.5313907 0.6094792 0.5299968 0.5370749 0.5659773 0.5281503 0.5887702 0.4652080 
Tetrapisispora_phaffii                      0.4424967 0.4660959 0.5770501 0.5189493 0.4380962 0.5672451 0.4247869 0.4490917 0.4429409 0.5348692 1.7028893 0.4131879 0.4327275 0.4303514 0.4309042 0.4360244 0.4261629 0.4166587 0.5440707 0.0000000 0.4989124 0.4439737 0.4444387 0.5864025 0.4779614 0.5202765 0.4174961 0.4675045 0.5259884 0.5476925 0.5621582 0.5738201 0.5134974 0.4729354 0.4972506 0.5062936 0.1136603 0.1474775 0.1035504 0.5768344 
Vanderwaltozyma_polyspora                   0.5052301 0.4277674 0.5641979 0.4888333 0.4705685 0.5341293 0.4652629 0.4616165 0.4534446 0.4753826 1.8431432 0.4525610 0.4361984 0.4489314 0.4685341 0.4346604 0.4301229 0.4360908 0.6181568 0.4989124 0.0000000 0.4819513 0.4250968 0.5758130 0.4150740 0.4520441 0.4411270 0.4414537 0.4868098 0.5061733 0.4963372 0.6130097 0.4981907 0.5461020 0.4773553 0.4266133 0.4757383 0.4343897 0.4572933 0.5440831 
yHAB132_Kazachstania_martiniae              0.3372391 0.3497688 0.3996975 0.4232906 0.3370101 0.4316068 0.3229127 0.3251999 0.2790743 0.3179999 1.6831674 0.3645462 0.3464945 0.3664019 0.3560227 0.3474710 0.3472355 0.3908154 0.4688619 0.4439737 0.4819513 0.0000000 0.2980014 0.5194510 0.2860053 0.3168792 0.3084150 0.3050103 0.2908923 0.3992032 0.3465942 0.4456137 0.3350398 0.3999684 0.3236549 0.3533820 0.4416478 0.4532102 0.4075951 0.4471238 
yHAB133_Kazachstania_unispora               0.3487197 0.2943768 0.4424477 0.3882155 0.3380500 0.4451874 0.3265784 0.3223002 0.2489786 0.2808906 1.7239064 0.3223391 0.3138145 0.3233893 0.3190112 0.3081006 0.3132160 0.3336826 0.5093761 0.4444387 0.4250968 0.2980014 0.0000000 0.4862547 0.2469260 0.1261883 0.2225870 0.3136541 0.3127485 0.3106195 0.3747813 0.3572967 0.0672999 0.4191192 0.0634169 0.3213315 0.4362763 0.3921557 0.4122613 0.4495702 
yHAB134_Kazachstania_turicensis             0.5405373 0.4698348 0.6336693 0.5668279 0.5401855 0.5958768 0.5528213 0.5478321 0.5379814 0.5567884 1.9754053 0.5027766 0.5020259 0.4918794 0.5124288 0.4971886 0.5033212 0.4935530 0.7209359 0.5864025 0.5758130 0.5194510 0.4862547 0.0000000 0.4924681 0.4920492 0.5139585 0.4842601 0.4705455 0.5312437 0.5402545 0.5767454 0.5469852 0.2727862 0.5266686 0.4966814 0.5696558 0.5715306 0.5672161 0.6660007 
yHAB136_Kazachstania_bromeliacearum         0.2972762 0.2591598 0.4211380 0.3944249 0.2801133 0.4055572 0.2945650 0.2863270 0.2605120 0.3152396 1.8005386 0.3559855 0.3345690 0.3422828 0.3446457 0.3423508 0.3292669 0.3412213 0.5304111 0.4779614 0.4150740 0.2860053 0.2469260 0.4924681 0.0000000 0.2767143 0.2642984 0.2837756 0.2904646 0.3653550 0.3791769 0.3894796 0.2848723 0.3812433 0.2728862 0.3431639 0.4377873 0.4242538 0.4116833 0.4367797 
yHAB143_Kazachstania_siamensis              0.3758355 0.3154562 0.4761538 0.4774880 0.3538678 0.4891644 0.3646923 0.3627008 0.3080486 0.3137664 1.6381907 0.3497971 0.3381178 0.3461872 0.3307442 0.3401264 0.3398895 0.3564144 0.5873518 0.5202765 0.4520441 0.3168792 0.1261883 0.4920492 0.2767143 0.0000000 0.2704173 0.3554334 0.3628920 0.2956799 0.3558383 0.3722399 0.1438212 0.4321412 0.1301817 0.3258597 0.5072174 0.4658921 0.4750705 0.5017804 
yHAB147_Kazachstania_taianensis             0.3108048 0.2988467 0.3807257 0.3891985 0.3151524 0.4111772 0.3303927 0.3394272 0.2220472 0.2933485 1.8742392 0.3191583 0.3001362 0.2989603 0.3049357 0.2896201 0.2855062 0.3021431 0.4413519 0.4174961 0.4411270 0.3084150 0.2225870 0.5139585 0.2642984 0.2704173 0.0000000 0.3022439 0.3178539 0.3558692 0.3534297 0.4033002 0.2627401 0.4068890 0.2511312 0.3016712 0.4360887 0.4405271 0.4380481 0.4818259 
yHAB148_Kazachstania_intestinalis           0.3766474 0.2957689 0.4051840 0.3811330 0.3395675 0.4083127 0.3828586 0.3521637 0.2950174 0.3546987 1.8199928 0.3685009 0.3626957 0.3435962 0.3651855 0.3649696 0.3621616 0.3392964 0.5171739 0.4675045 0.4414537 0.3050103 0.3136541 0.4842601 0.2837756 0.3554334 0.3022439 0.0000000 0.3922049 0.4297010 0.4085776 0.4390162 0.3410304 0.4016938 0.3321704 0.4072068 0.4693561 0.4556992 0.4084641 0.4495603 
yHAB153_Kazachstania_rosinii                0.3509452 0.3103435 0.4794169 0.4711243 0.3435170 0.5105490 0.3411473 0.3444566 0.2651471 0.3330000 1.7246845 0.3727275 0.3601353 0.3613630 0.3761948 0.3684231 0.3545448 0.3813331 0.5155579 0.5259884 0.4868098 0.2908923 0.3127485 0.4705455 0.2904646 0.3628920 0.3178539 0.3922049 0.0000000 0.4217948 0.3559235 0.4498456 0.3426160 0.3563289 0.3215031 0.3778294 0.5023284 0.4869392 0.5029523 0.4987048 
yHAB154_Kazachstania_transvaalensis         0.4691360 0.3631559 0.5066392 0.4791444 0.4656957 0.4995604 0.4573190 0.4614435 0.3526924 0.3636815 2.0600692 0.4432940 0.4170292 0.4413149 0.4402534 0.4290378 0.4287801 0.4428645 0.5751812 0.5476925 0.5061733 0.3992032 0.3106195 0.5312437 0.3653550 0.2956799 0.3558692 0.4297010 0.4217948 0.0000000 0.4744359 0.4715530 0.3434029 0.4802244 0.3359492 0.1415443 0.5333561 0.4874684 0.5022446 0.5283576 
yHAB155_Kazachstania_spencerorum            0.4484829 0.3889937 0.4963249 0.4593795 0.4028555 0.5672215 0.3973107 0.3951691 0.3484774 0.3731299 1.8897304 0.3732872 0.3501476 0.3647949 0.3551451 0.3519989 0.3527190 0.3724689 0.5379441 0.5621582 0.4963372 0.3465942 0.3747813 0.5402545 0.3791769 0.3558383 0.3534297 0.4085776 0.3559235 0.4744359 0.0000000 0.5554524 0.3913573 0.4924655 0.3777880 0.4299229 0.5613099 0.5183726 0.5369241 0.5161092 
yHAB158_Kazachstania_viticola               0.4612232 0.3959343 0.5229427 0.5342782 0.4319454 0.5432082 0.4428503 0.4440742 0.4243108 0.4499972 1.8693671 0.4571750 0.4243572 0.4433771 0.4198533 0.4460077 0.4360574 0.4492708 0.6336821 0.5738201 0.6130097 0.4456137 0.3572967 0.5767454 0.3894796 0.3722399 0.4033002 0.4390162 0.4498456 0.4715530 0.5554524 0.0000000 0.3826542 0.4845218 0.3733234 0.4370828 0.5317261 0.5263564 0.5285821 0.6058573 
yHAB159_Kazachstania_solicola               0.3685427 0.3483474 0.4674526 0.4130685 0.3535668 0.4847654 0.3294924 0.3446006 0.2772537 0.3124375 1.7961223 0.3719851 0.3623561 0.3721167 0.3397531 0.3563429 0.3617506 0.3823594 0.5313907 0.5134974 0.4981907 0.3350398 0.0672999 0.5469852 0.2848723 0.1438212 0.2627401 0.3410304 0.3426160 0.3434029 0.3913573 0.3826542 0.0000000 0.4834595 0.0167157 0.3674577 0.5037336 0.4619838 0.4645414 0.4801446 
yHAB160_Kazachstania_kunashirensis          0.4682038 0.3775153 0.5298919 0.4917454 0.4394305 0.5024571 0.4366093 0.4375685 0.3910326 0.4237442 1.8000435 0.4617580 0.4637249 0.4341438 0.4557971 0.4528874 0.4480483 0.4504785 0.6094792 0.4729354 0.5461020 0.3999684 0.4191192 0.2727862 0.3812433 0.4321412 0.4068890 0.4016938 0.3563289 0.4802244 0.4924655 0.4845218 0.4834595 0.0000000 0.4702933 0.4052229 0.5085797 0.4986546 0.4783925 0.5550330 
yHAB164_Kazachstania_aerobia                0.3495609 0.3357201 0.4579309 0.4083536 0.3400990 0.4738827 0.3264834 0.3313013 0.2627951 0.2965059 1.7657815 0.3600819 0.3507579 0.3618157 0.3410135 0.3448422 0.3501546 0.3720451 0.5299968 0.4972506 0.4773553 0.3236549 0.0634169 0.5266686 0.2728862 0.1301817 0.2511312 0.3321704 0.3215031 0.3359492 0.3777880 0.3733234 0.0167157 0.4702933 0.0000000 0.3599949 0.4878737 0.4475790 0.4493623 0.5009817 
yHAB166_Kazachstania_yakushimaensis         0.4623557 0.3546786 0.4738324 0.4358970 0.4375761 0.4537810 0.4242882 0.4245068 0.3373163 0.3768274 1.9535344 0.3918009 0.3608683 0.3907871 0.3719143 0.3557574 0.3707709 0.3961436 0.5370749 0.5062936 0.4266133 0.3533820 0.3213315 0.4966814 0.3431639 0.3258597 0.3016712 0.4072068 0.3778294 0.1415443 0.4299229 0.4370828 0.3674577 0.4052229 0.3599949 0.0000000 0.4975805 0.4187594 0.4621601 0.5071423 
yHMPu5000034875_Tetrapisispora_fleetii      0.4183809 0.4642628 0.5878542 0.5311533 0.4122671 0.5373712 0.4270671 0.4408954 0.4153006 0.4767809 1.6624878 0.4132548 0.4313730 0.4262102 0.4276080 0.4346449 0.4248638 0.4165314 0.5659773 0.1136603 0.4757383 0.4416478 0.4362763 0.5696558 0.4377873 0.5072174 0.4360887 0.4693561 0.5023284 0.5333561 0.5613099 0.5317261 0.5037336 0.5085797 0.4878737 0.4975805 0.0000000 0.1611065 0.0747963 0.5802823 
yHMPu5000034876_Tetrapisispora_iriomotensis 0.4148551 0.4185477 0.5543822 0.4821230 0.4011362 0.5087236 0.3957564 0.4045486 0.3995940 0.5193198 1.6074067 0.4187226 0.4276669 0.4314697 0.4436063 0.4299427 0.4261592 0.4331217 0.5281503 0.1474775 0.4343897 0.4532102 0.3921557 0.5715306 0.4242538 0.4658921 0.4405271 0.4556992 0.4869392 0.4874684 0.5183726 0.5263564 0.4619838 0.4986546 0.4475790 0.4187594 0.1611065 0.0000000 0.1627987 0.5627642 
yHMPu5000034877_Tetrapisispora_namnaonensis 0.4245967 0.4408661 0.5561494 0.5269513 0.4131247 0.5325777 0.4249998 0.4321977 0.4099051 0.4957665 1.6557575 0.3864041 0.4043897 0.3939022 0.3954529 0.4026739 0.3931521 0.3836887 0.5887702 0.1035504 0.4572933 0.4075951 0.4122613 0.5672161 0.4116833 0.4750705 0.4380481 0.4084641 0.5029523 0.5022446 0.5369241 0.5285821 0.4645414 0.4783925 0.4493623 0.4621601 0.0747963 0.1627987 0.0000000 0.5709408 
yHMPu5000035629_Yueomyces_sinensis          0.5570791 0.4912856 0.5385912 0.5829158 0.5068586 0.5994492 0.4795196 0.5147492 0.4722687 0.4835682 1.8029061 0.4822427 0.4591613 0.4922070 0.4617276 0.4720156 0.4511584 0.4953203 0.4652080 0.5768344 0.5440831 0.4471238 0.4495702 0.6660007 0.4367797 0.5017804 0.4818259 0.4495603 0.4987048 0.5283576 0.5161092 0.6058573 0.4801446 0.5550330 0.5009817 0.5071423 0.5802823 0.5627642 0.5709408 0.0000000 
