40
Candida_glabrata                            0.0000000 0.5846704 0.7784502 0.7366872 0.2052883 0.7444638 0.2110316 0.1864115 0.6766852 0.6583183 1.8770426 0.5069144 0.5066920 0.4997367 0.5405456 0.5045986 0.5216860 0.4969792 0.5685581 0.6930361 1.1285541 0.5368495 0.6045227 0.7150447 0.5910830 0.5936763 0.6390555 0.6728179 0.5950501 0.8899951 0.6352947 0.5526213 0.6372460 0.5817840 0.6574015 0.8557695 0.7303681 0.7545530 0.7099426 0.5952068 
Kazachstania_africana                       0.5846704 0.0000000 0.5982869 0.5644590 0.6035882 0.6469007 0.6673241 0.6230995 0.5438953 0.4648099 1.6812998 0.3648005 0.3628120 0.3690514 0.3926215 0.3758784 0.3769966 0.3584666 0.4302849 0.6390063 0.9799744 0.2821166 0.4029418 0.5261200 0.3568861 0.4241613 0.4499487 0.5488153 0.3439069 0.6503992 0.3948886 0.3871292 0.4225263 0.3631002 0.4589095 0.5908585 0.6839041 0.6712008 0.6909295 0.4530974 
Kazachstania_naganishii                     0.7784502 0.5982869 0.0000000 0.8885738 0.7575256 0.8802408 0.8193882 0.7589641 0.7918200 0.7258868 2.0348230 0.5833336 0.5769488 0.6004838 0.5852915 0.5935634 0.5852568 0.5856166 0.6990738 0.7812068 1.2760732 0.5331501 0.6055909 0.7964717 0.4930310 0.5748909 0.6031621 0.7446160 0.6349558 0.8307740 0.6513954 0.5678644 0.6209622 0.6485985 0.6522887 0.7763098 0.9029356 0.7890289 0.9070513 0.6740615 
Nakaseomyces_bacillisporus                  0.7366872 0.5644590 0.8885738 0.0000000 0.7032824 0.6844132 0.8080341 0.7577212 0.6971067 0.7286964 1.8008973 0.6105843 0.5847868 0.5923524 0.6099498 0.5939816 0.5898312 0.5841873 0.6727410 0.7995826 1.1605464 0.6114818 0.7028180 0.7822643 0.5969109 0.7057490 0.7156794 0.8279758 0.6366079 0.8268559 0.6262697 0.6655700 0.7001089 0.6354758 0.7386004 0.8094487 0.8388804 0.8073046 0.8557498 0.7084361 
Nakaseomyces_bracarensis                    0.2052883 0.6035882 0.7575256 0.7032824 0.0000000 0.7663931 0.0943675 0.0611163 0.7235297 0.6760005 1.9314552 0.5019190 0.5068936 0.4963152 0.5233725 0.5063664 0.5108753 0.4960662 0.5892405 0.6862798 1.0967423 0.5440350 0.6010711 0.7671264 0.5833984 0.5852734 0.6242969 0.6867652 0.6032825 0.8027692 0.6372899 0.6102388 0.6244282 0.6217715 0.6185968 0.7703507 0.6984620 0.7806110 0.7030090 0.5943286 
Nakaseomyces_castellii                      0.7444638 0.6469007 0.8802408 0.6844132 0.7663931 0.0000000 0.7886735 0.7570496 0.7122530 0.6948072 1.8810928 0.5689066 0.5299726 0.5596921 0.5720262 0.5452412 0.5366683 0.5592611 0.6326798 0.8492695 1.2294224 0.5857491 0.6650776 0.7009878 0.6589572 0.7060139 0.6899332 0.7977010 0.6302804 0.9359401 0.6616862 0.5925536 0.7228254 0.5905428 0.7728234 0.9383624 0.8914906 0.8801830 0.9150441 0.6466141 
Nakaseomyces_delphensis                     0.2110316 0.6673241 0.8193882 0.8080341 0.0943675 0.7886735 0.0000000 0.1078998 0.7372931 0.6837172 1.9977037 0.5460069 0.5573798 0.5481022 0.5617154 0.5592391 0.5627139 0.5475346 0.6304317 0.7891106 1.1802201 0.5955130 0.6684360 0.7707039 0.6472803 0.6657513 0.6789536 0.6996704 0.6480364 0.8936712 0.7416155 0.6560635 0.6981081 0.6628259 0.6902797 0.8635375 0.7806097 0.8703128 0.7843172 0.6392487 
Nakaseomyces_nivariensis                    0.1864115 0.6230995 0.7589641 0.7577212 0.0611163 0.7570496 0.1078998 0.0000000 0.7130408 0.6709399 1.9543874 0.5170496 0.5194307 0.5099514 0.5419489 0.5208288 0.5338151 0.5048929 0.6043919 0.7311644 1.1537728 0.5460778 0.6014215 0.7251784 0.5941998 0.5899401 0.6171921 0.6810528 0.6127393 0.8590365 0.6880485 0.6067768 0.6511897 0.6182224 0.6533505 0.8325560 0.7409973 0.8375480 0.7377653 0.6180945 
Naumovozyma_castellii                       0.6766852 0.5438953 0.7918200 0.6971067 0.7235297 0.7122530 0.7372931 0.7130408 0.0000000 0.5139458 1.9062905 0.5379404 0.5126336 0.5388094 0.5372294 0.5385632 0.5122260 0.5274703 0.5767133 0.8204769 1.1174870 0.4619458 0.5807793 0.5865331 0.5048076 0.6121171 0.5947818 0.7011225 0.5137429 0.7771047 0.5614855 0.5116472 0.5947274 0.4830305 0.6070094 0.7504223 0.8196760 0.7323870 0.8271332 0.5797733 
Naumovozyma_dairenensis                     0.6583183 0.4648099 0.7258868 0.7286964 0.6760005 0.6948072 0.6837172 0.6709399 0.5139458 0.0000000 1.8563368 0.4687342 0.4664907 0.4724074 0.4840910 0.4678645 0.4778996 0.4734311 0.5864352 0.7648023 0.9680530 0.4614613 0.5770678 0.5892251 0.5117214 0.5889467 0.6116878 0.6174882 0.4386837 0.7783652 0.5160191 0.5315458 0.6143284 0.4497705 0.6236975 0.7532020 0.7411424 0.7974012 0.7698142 0.5847407 
Neurospora_crassa                           1.8770426 1.6812998 2.0348230 1.8008973 1.9314552 1.8810928 1.9977037 1.9543874 1.9062905 1.8563368 0.0000000 1.7116183 1.7112013 1.6983485 1.7508625 1.6948346 1.7213470 1.7255216 1.6462158 2.1345760 2.4436415 1.6723874 1.7143665 1.8538093 1.6561892 1.6881487 1.7724386 1.6707253 1.6042405 2.1651748 1.9371717 1.6996868 1.7222191 1.7334221 1.6858630 2.0741296 1.9881615 2.3600606 2.0162929 1.6597821 
Saccharomyces_arboricola                    0.5069144 0.3648005 0.5833336 0.6105843 0.5019190 0.5689066 0.5460069 0.5170496 0.5379404 0.4687342 1.7116183 0.0000000 0.0697516 0.0610142 0.0671653 0.0681383 0.0783312 0.0532160 0.3936583 0.6395510 0.8568749 0.3498068 0.4273365 0.5436833 0.3798812 0.4575108 0.4774685 0.5414714 0.4051780 0.6442021 0.4047668 0.3962738 0.4604896 0.3826209 0.4925623 0.6102007 0.6841844 0.6468605 0.6665328 0.4142578 
Saccharomyces_cerevisiae                    0.5066920 0.3628120 0.5769488 0.5847868 0.5068936 0.5299726 0.5573798 0.5194307 0.5126336 0.4664907 1.7112013 0.0697516 0.0000000 0.0653489 0.0609972 0.0419543 0.0270656 0.0534789 0.3974261 0.6243611 0.8570873 0.3582901 0.4252807 0.5174365 0.3583423 0.4670527 0.4688668 0.5542213 0.4075712 0.6305278 0.4180702 0.3795793 0.4576036 0.3695894 0.4990926 0.6037067 0.6732921 0.6438506 0.6672467 0.4235117 
Saccharomyces_eubayanus                     0.4997367 0.3690514 0.6004838 0.5923524 0.4963152 0.5596921 0.5481022 0.5099514 0.5388094 0.4724074 1.6983485 0.0610142 0.0653489 0.0000000 0.0681673 0.0622550 0.0779164 0.0232982 0.3891931 0.6275147 0.8501887 0.3545780 0.4314351 0.5490952 0.3723888 0.4634384 0.4808112 0.5385238 0.4060669 0.6428442 0.3928424 0.3933774 0.4598220 0.3913502 0.4831309 0.6032902 0.6735859 0.6482527 0.6601146 0.4110034 
Saccharomyces_kudriavzevii                  0.5405456 0.3926215 0.5852915 0.6099498 0.5233725 0.5720262 0.5617154 0.5419489 0.5372294 0.4840910 1.7508625 0.0671653 0.0609972 0.0681673 0.0000000 0.0608343 0.0615376 0.0579262 0.4164836 0.6501555 0.8493404 0.3731758 0.4312964 0.5502315 0.3619117 0.4718418 0.4762405 0.5767208 0.4068413 0.6423913 0.3962045 0.4070625 0.4689136 0.4003749 0.4993613 0.6365555 0.6817302 0.6565267 0.6774306 0.4300379 
Saccharomyces_mikatae                       0.5045986 0.3758784 0.5935634 0.5939816 0.5063664 0.5452412 0.5592391 0.5208288 0.5385632 0.4678645 1.6948346 0.0681383 0.0419543 0.0622550 0.0608343 0.0000000 0.0498090 0.0543471 0.3976848 0.6387823 0.8555896 0.3549690 0.4296951 0.5171021 0.3553153 0.4650461 0.4743033 0.5376260 0.4027873 0.6377355 0.4139783 0.3777568 0.4632044 0.3726652 0.5058581 0.6090831 0.6736791 0.6670564 0.6731641 0.4265224 
Saccharomyces_paradoxus                     0.5216860 0.3769966 0.5852568 0.5898312 0.5108753 0.5366683 0.5627139 0.5338151 0.5122260 0.4778996 1.7213470 0.0783312 0.0270656 0.0779164 0.0615376 0.0498090 0.0000000 0.0656929 0.4025015 0.6479749 0.8430018 0.3634528 0.4271395 0.5329876 0.3538602 0.4637814 0.4687603 0.5658953 0.4186124 0.6376596 0.4125121 0.3910059 0.4609486 0.3687998 0.4982539 0.6177261 0.6709975 0.6664021 0.6819035 0.4142032 
Saccharomyces_uvarum                        0.4969792 0.3584666 0.5856166 0.5841873 0.4960662 0.5592611 0.5475346 0.5048929 0.5274703 0.4734311 1.7255216 0.0532160 0.0534789 0.0232982 0.0579262 0.0543471 0.0656929 0.0000000 0.3875778 0.6239358 0.8604705 0.3440311 0.4293769 0.5434072 0.3673895 0.4686953 0.4699599 0.5493869 0.4127320 0.6454357 0.4022595 0.3966548 0.4566861 0.3845967 0.4831490 0.6066172 0.6685169 0.6383349 0.6551594 0.4075003 
Tetrapisispora_blattae                      0.5685581 0.4302849 0.6990738 0.6727410 0.5892405 0.6326798 0.6304317 0.6043919 0.5767133 0.5864352 1.6462158 0.3936583 0.3974261 0.3891931 0.4164836 0.3976848 0.4025015 0.3875778 0.0000000 0.6399332 0.8763731 0.3985736 0.4979557 0.5961301 0.4676766 0.5254566 0.5646154 0.5909935 0.4590219 0.7850468 0.4712181 0.4360499 0.5453266 0.4206838 0.5963308 0.7408657 0.6519543 0.6649465 0.6704994 0.1946685 
Tetrapisispora_phaffii                      0.6930361 0.6390063 0.7812068 0.7995826 0.6862798 0.8492695 0.7891106 0.7311644 0.8204769 0.7648023 2.1345760 0.6395510 0.6243611 0.6275147 0.6501555 0.6387823 0.6479749 0.6239358 0.6399332 0.0000000 0.9933179 0.6328614 0.7504635 0.8245936 0.6929284 0.7363292 0.7556905 0.7615671 0.6588318 0.7918709 0.7609235 0.5953007 0.7364341 0.6898166 0.7987679 0.7896801 0.1220054 0.2438456 0.1061126 0.5874693 
Vanderwaltozyma_polyspora                   1.1285541 0.9799744 1.2760732 1.1605464 1.0967423 1.2294224 1.1802201 1.1537728 1.1174870 0.9680530 2.4436415 0.8568749 0.8570873 0.8501887 0.8493404 0.8555896 0.8430018 0.8604705 0.8763731 0.9933179 0.0000000 0.9384755 0.9805561 1.1690411 0.9741368 0.9614136 1.0417720 1.1347778 1.0295052 1.1244349 0.9631949 1.0754601 0.9773215 0.9866289 0.9860681 1.1233735 1.0540059 1.1078683 1.0583316 0.8960839 
yHAB132_Kazachstania_martiniae              0.5368495 0.2821166 0.5331501 0.6114818 0.5440350 0.5857491 0.5955130 0.5460778 0.4619458 0.4614613 1.6723874 0.3498068 0.3582901 0.3545780 0.3731758 0.3549690 0.3634528 0.3440311 0.3985736 0.6328614 0.9384755 0.0000000 0.3330611 0.4586049 0.3170535 0.3602764 0.3901528 0.4435308 0.3251915 0.5483154 0.3359244 0.2956943 0.3634104 0.2771538 0.4044591 0.5119761 0.6739166 0.6601712 0.6602492 0.4062080 
yHAB133_Kazachstania_unispora               0.6045227 0.4029418 0.6055909 0.7028180 0.6010711 0.6650776 0.6684360 0.6014215 0.5807793 0.5770678 1.7143665 0.4273365 0.4252807 0.4314351 0.4312964 0.4296951 0.4271395 0.4293769 0.4979557 0.7504635 0.9805561 0.3330611 0.0000000 0.5684096 0.3086996 0.1165839 0.3676639 0.5753406 0.4697746 0.4993298 0.5098360 0.4127757 0.0953346 0.4218939 0.1079305 0.4510200 0.7778833 0.7147524 0.7720333 0.5095705 
yHAB134_Kazachstania_turicensis             0.7150447 0.5261200 0.7964717 0.7822643 0.7671264 0.7009878 0.7707039 0.7251784 0.5865331 0.5892251 1.8538093 0.5436833 0.5174365 0.5490952 0.5502315 0.5171021 0.5329876 0.5434072 0.5961301 0.8245936 1.1690411 0.4586049 0.5684096 0.0000000 0.5286397 0.6224712 0.5904437 0.6772300 0.4589158 0.8547351 0.4934373 0.5228460 0.6098430 0.3001202 0.6756684 0.8318425 0.8483554 0.7777884 0.8465259 0.5904407 
yHAB136_Kazachstania_bromeliacearum         0.5910830 0.3568861 0.4930310 0.5969109 0.5833984 0.6589572 0.6472803 0.5941998 0.5048076 0.5117214 1.6561892 0.3798812 0.3583423 0.3723888 0.3619117 0.3553153 0.3538602 0.3673895 0.4676766 0.6929284 0.9741368 0.3170535 0.3086996 0.5286397 0.0000000 0.3250655 0.3274005 0.5555804 0.4326632 0.5208190 0.4151991 0.3872998 0.3361013 0.3754010 0.3555794 0.4875434 0.7339473 0.6720726 0.7406991 0.4736894 
yHAB143_Kazachstania_siamensis              0.5936763 0.4241613 0.5748909 0.7057490 0.5852734 0.7060139 0.6657513 0.5899401 0.6121171 0.5889467 1.6881487 0.4575108 0.4670527 0.4634384 0.4718418 0.4650461 0.4637814 0.4686953 0.5254566 0.7363292 0.9614136 0.3602764 0.1165839 0.6224712 0.3250655 0.0000000 0.3504393 0.5928939 0.4459340 0.4893981 0.5221225 0.4302408 0.1419085 0.4466690 0.1516760 0.4523162 0.7787335 0.7216711 0.7556712 0.5173988 
yHAB147_Kazachstania_taianensis             0.6390555 0.4499487 0.6031621 0.7156794 0.6242969 0.6899332 0.6789536 0.6171921 0.5947818 0.6116878 1.7724386 0.4774685 0.4688668 0.4808112 0.4762405 0.4743033 0.4687603 0.4699599 0.5646154 0.7556905 1.0417720 0.3901528 0.3676639 0.5904437 0.3274005 0.3504393 0.0000000 0.5724311 0.4646727 0.5364512 0.4965812 0.4482829 0.3987585 0.4641618 0.3976688 0.5266778 0.8133583 0.8104444 0.8214482 0.5371957 
yHAB148_Kazachstania_intestinalis           0.6728179 0.5488153 0.7446160 0.8279758 0.6867652 0.7977010 0.6996704 0.6810528 0.7011225 0.6174882 1.6707253 0.5414714 0.5542213 0.5385238 0.5767208 0.5376260 0.5658953 0.5493869 0.5909935 0.7615671 1.1347778 0.4435308 0.5753406 0.6772300 0.5555804 0.5928939 0.5724311 0.0000000 0.4918903 0.7600342 0.5810859 0.5175924 0.5987103 0.5336609 0.6214676 0.7340840 0.8052263 0.7548051 0.8062815 0.5844117 
yHAB153_Kazachstania_rosinii                0.5950501 0.3439069 0.6349558 0.6366079 0.6032825 0.6302804 0.6480364 0.6127393 0.5137429 0.4386837 1.6042405 0.4051780 0.4075712 0.4060669 0.4068413 0.4027873 0.4186124 0.4127320 0.4590219 0.6588318 1.0295052 0.3251915 0.4697746 0.4589158 0.4326632 0.4459340 0.4646727 0.4918903 0.0000000 0.7138203 0.3322742 0.3361621 0.4789310 0.2907736 0.5136211 0.6727514 0.6887259 0.6329361 0.6809645 0.4612648 
yHAB154_Kazachstania_transvaalensis         0.8899951 0.6503992 0.8307740 0.8268559 0.8027692 0.9359401 0.8936712 0.8590365 0.7771047 0.7783652 2.1651748 0.6442021 0.6305278 0.6428442 0.6423913 0.6377355 0.6376596 0.6454357 0.7850468 0.7918709 1.1244349 0.5483154 0.4993298 0.8547351 0.5208190 0.4893981 0.5364512 0.7600342 0.7138203 0.0000000 0.6389939 0.6982678 0.4855645 0.6700915 0.4970072 0.1208298 0.9208578 0.8004570 0.9071887 0.7751733 
yHAB155_Kazachstania_spencerorum            0.6352947 0.3948886 0.6513954 0.6262697 0.6372899 0.6616862 0.7416155 0.6880485 0.5614855 0.5160191 1.9371717 0.4047668 0.4180702 0.3928424 0.3962045 0.4139783 0.4125121 0.4022595 0.4712181 0.7609235 0.9631949 0.3359244 0.5098360 0.4934373 0.4151991 0.5221225 0.4965812 0.5810859 0.3322742 0.6389939 0.0000000 0.3919222 0.5532295 0.3203006 0.6102286 0.6172369 0.6928789 0.7131454 0.7247460 0.4804798 
yHAB158_Kazachstania_viticola               0.5526213 0.3871292 0.5678644 0.6655700 0.6102388 0.5925536 0.6560635 0.6067768 0.5116472 0.5315458 1.6996868 0.3962738 0.3795793 0.3933774 0.4070625 0.3777568 0.3910059 0.3966548 0.4360499 0.5953007 1.0754601 0.2956943 0.4127757 0.5228460 0.3872998 0.4302408 0.4482829 0.5175924 0.3361621 0.6982678 0.3919222 0.0000000 0.4561907 0.3559603 0.5064959 0.6486027 0.6820721 0.5737550 0.6791308 0.4493873 
yHAB159_Kazachstania_solicola               0.6372460 0.4225263 0.6209622 0.7001089 0.6244282 0.7228254 0.6981081 0.6511897 0.5947274 0.6143284 1.7222191 0.4604896 0.4576036 0.4598220 0.4689136 0.4632044 0.4609486 0.4566861 0.5453266 0.7364341 0.9773215 0.3634104 0.0953346 0.6098430 0.3361013 0.1419085 0.3987585 0.5987103 0.4789310 0.4855645 0.5532295 0.4561907 0.0000000 0.4746781 0.0322962 0.4430967 0.7694615 0.7186448 0.7695500 0.5592857 
yHAB160_Kazachstania_kunashirensis          0.5817840 0.3631002 0.6485985 0.6354758 0.6217715 0.5905428 0.6628259 0.6182224 0.4830305 0.4497705 1.7334221 0.3826209 0.3695894 0.3913502 0.4003749 0.3726652 0.3687998 0.3845967 0.4206838 0.6898166 0.9866289 0.2771538 0.4218939 0.3001202 0.3754010 0.4466690 0.4641618 0.5336609 0.2907736 0.6700915 0.3203006 0.3559603 0.4746781 0.0000000 0.5336818 0.6365119 0.6758120 0.6588023 0.6833693 0.4559074 
yHAB164_Kazachstania_aerobia                0.6574015 0.4589095 0.6522887 0.7386004 0.6185968 0.7728234 0.6902797 0.6533505 0.6070094 0.6236975 1.6858630 0.4925623 0.4990926 0.4831309 0.4993613 0.5058581 0.4982539 0.4831490 0.5963308 0.7987679 0.9860681 0.4044591 0.1079305 0.6756684 0.3555794 0.1516760 0.3976688 0.6214676 0.5136211 0.4970072 0.6102286 0.5064959 0.0322962 0.5336818 0.0000000 0.4623980 0.8009507 0.7300308 0.8136985 0.5952048 
yHAB166_Kazachstania_yakushimaensis         0.8557695 0.5908585 0.7763098 0.8094487 0.7703507 0.9383624 0.8635375 0.8325560 0.7504223 0.7532020 2.0741296 0.6102007 0.6037067 0.6032902 0.6365555 0.6090831 0.6177261 0.6066172 0.7408657 0.7896801 1.1233735 0.5119761 0.4510200 0.8318425 0.4875434 0.4523162 0.5266778 0.7340840 0.6727514 0.1208298 0.6172369 0.6486027 0.4430967 0.6365119 0.4623980 0.0000000 0.8973156 0.7853435 0.8900823 0.7110473 
yHMPu5000034875_Tetrapisispora_fleetii      0.7303681 0.6839041 0.9029356 0.8388804 0.6984620 0.8914906 0.7806097 0.7409973 0.8196760 0.7411424 1.9881615 0.6841844 0.6732921 0.6735859 0.6817302 0.6736791 0.6709975 0.6685169 0.6519543 0.1220054 1.0540059 0.6739166 0.7778833 0.8483554 0.7339473 0.7787335 0.8133583 0.8052263 0.6887259 0.9208578 0.6928789 0.6820721 0.7694615 0.6758120 0.8009507 0.8973156 0.0000000 0.2273219 0.0772892 0.6512360 
yHMPu5000034876_Tetrapisispora_iriomotensis 0.7545530 0.6712008 0.7890289 0.8073046 0.7806110 0.8801830 0.8703128 0.8375480 0.7323870 0.7974012 2.3600606 0.6468605 0.6438506 0.6482527 0.6565267 0.6670564 0.6664021 0.6383349 0.6649465 0.2438456 1.1078683 0.6601712 0.7147524 0.7777884 0.6720726 0.7216711 0.8104444 0.7548051 0.6329361 0.8004570 0.7131454 0.5737550 0.7186448 0.6588023 0.7300308 0.7853435 0.2273219 0.0000000 0.2226455 0.6179587 
yHMPu5000034877_Tetrapisispora_namnaonensis 0.7099426 0.6909295 0.9070513 0.8557498 0.7030090 0.9150441 0.7843172 0.7377653 0.8271332 0.7698142 2.0162929 0.6665328 0.6672467 0.6601146 0.6774306 0.6731641 0.6819035 0.6551594 0.6704994 0.1061126 1.0583316 0.6602492 0.7720333 0.8465259 0.7406991 0.7556712 0.8214482 0.8062815 0.6809645 0.9071887 0.7247460 0.6791308 0.7695500 0.6833693 0.8136985 0.8900823 0.0772892 0.2226455 0.0000000 0.6439135 
yHMPu5000035629_Yueomyces_sinensis          0.5952068 0.4530974 0.6740615 0.7084361 0.5943286 0.6466141 0.6392487 0.6180945 0.5797733 0.5847407 1.6597821 0.4142578 0.4235117 0.4110034 0.4300379 0.4265224 0.4142032 0.4075003 0.1946685 0.5874693 0.8960839 0.4062080 0.5095705 0.5904407 0.4736894 0.5173988 0.5371957 0.5844117 0.4612648 0.7751733 0.4804798 0.4493873 0.5592857 0.4559074 0.5952048 0.7110473 0.6512360 0.6179587 0.6439135 0.0000000 
