40
Candida_glabrata                            0.0000000 0.0651971 0.0879207 0.0903766 0.0323646 0.1269835 0.0353906 0.0319366 0.0650527 0.0808135 0.9229614 0.0688666 0.0630782 0.0667325 0.0696568 0.0720768 0.0663490 0.0667325 0.0749564 0.0846492 0.0811594 0.0896492 0.0705210 0.0965165 0.0933188 0.0673356 0.0790039 0.0786765 0.0699816 0.0838251 0.0769513 0.0643918 0.0646242 0.0800142 0.0646242 0.0840962 0.0713542 0.0917743 0.0643256 0.1014311 
Kazachstania_africana                       0.0651971 0.0000000 0.0893465 0.0962869 0.0641630 0.1264331 0.0649282 0.0607808 0.0929633 0.1056201 0.9635454 0.0711288 0.0745549 0.0748664 0.0764262 0.0866422 0.0743800 0.0748664 0.1121623 0.0974234 0.0892687 0.0918665 0.0754858 0.0929788 0.0986828 0.0857224 0.0792171 0.0990122 0.0709632 0.0882899 0.0760742 0.0630771 0.0823235 0.0750948 0.0823235 0.0796142 0.0981052 0.1032677 0.0864203 0.1367808 
Kazachstania_naganishii                     0.0879207 0.0893465 0.0000000 0.0871403 0.0823016 0.1415590 0.0823734 0.0806404 0.0859898 0.0894661 1.0261246 0.0721300 0.0729379 0.0662334 0.0735685 0.0816373 0.0696124 0.0662334 0.1005455 0.0895420 0.0853141 0.1050984 0.0699224 0.0933480 0.0730184 0.0769282 0.0776579 0.0950594 0.0806316 0.0864436 0.0790943 0.0749143 0.0769492 0.0846884 0.0769492 0.0767463 0.0874906 0.0864994 0.0791531 0.1100349 
Nakaseomyces_bacillisporus                  0.0903766 0.0962869 0.0871403 0.0000000 0.0884806 0.1172606 0.0862040 0.0760494 0.0973845 0.0783919 1.0419257 0.0681920 0.0568201 0.0746144 0.0713562 0.0592679 0.0596416 0.0746144 0.0879377 0.0935764 0.0800234 0.0890286 0.0746877 0.0800763 0.0658627 0.0691450 0.0805863 0.0988703 0.0748170 0.1015187 0.0834824 0.0631284 0.0727579 0.0703896 0.0727579 0.0712178 0.0810636 0.0902887 0.0864169 0.1071217 
Nakaseomyces_bracarensis                    0.0323646 0.0641630 0.0823016 0.0884806 0.0000000 0.1311807 0.0253996 0.0168263 0.0651013 0.0790981 0.9612581 0.0740089 0.0645758 0.0718574 0.0748628 0.0710500 0.0651643 0.0718574 0.0871433 0.0832192 0.0759591 0.0875910 0.0620786 0.0944432 0.0841769 0.0650433 0.0714838 0.0849801 0.0699819 0.0741997 0.0693844 0.0725084 0.0621033 0.0843769 0.0621033 0.0703382 0.0657428 0.0828472 0.0591171 0.1073985 
Nakaseomyces_castellii                      0.1269835 0.1264331 0.1415590 0.1172606 0.1311807 0.0000000 0.1207967 0.1180885 0.1398764 0.1266851 0.9904094 0.0903475 0.0968629 0.0940869 0.0975601 0.0973347 0.0959368 0.0940869 0.1509599 0.1350330 0.1152285 0.1168607 0.1164206 0.1261861 0.1203360 0.1152088 0.1092994 0.1495141 0.1151309 0.1310197 0.1202369 0.1126854 0.1196113 0.1122783 0.1196113 0.1130528 0.1199654 0.1260912 0.1206951 0.1616487 
Nakaseomyces_delphensis                     0.0353906 0.0649282 0.0823734 0.0862040 0.0253996 0.1207967 0.0000000 0.0103688 0.0752648 0.0819185 0.9887466 0.0666727 0.0641929 0.0644924 0.0674553 0.0761564 0.0641104 0.0644924 0.0935397 0.0906402 0.0792083 0.0926712 0.0684163 0.1055226 0.0905513 0.0721613 0.0725918 0.0847647 0.0767818 0.0940761 0.0766995 0.0686815 0.0658782 0.0840673 0.0658782 0.0771291 0.0694687 0.0907095 0.0714793 0.1083763 
Nakaseomyces_nivariensis                    0.0319366 0.0607808 0.0806404 0.0760494 0.0168263 0.1180885 0.0103688 0.0000000 0.0708454 0.0744345 0.9855961 0.0627144 0.0542176 0.0605329 0.0634539 0.0659210 0.0541515 0.0605329 0.0822903 0.0794390 0.0746322 0.0878498 0.0581866 0.0956635 0.0828412 0.0617407 0.0681929 0.0802671 0.0695677 0.0855405 0.0679186 0.0659698 0.0556199 0.0796440 0.0556199 0.0698907 0.0590420 0.0794922 0.0609236 0.1089230 
Naumovozyma_castellii                       0.0650527 0.0929633 0.0859898 0.0973845 0.0651013 0.1398764 0.0752648 0.0708454 0.0000000 0.0464830 0.8909865 0.0644655 0.0621031 0.0647697 0.0625115 0.0675900 0.0619696 0.0647697 0.0932966 0.0786446 0.0656855 0.0959762 0.0653538 0.0950238 0.0723285 0.0689778 0.0830084 0.1008584 0.0796291 0.0778942 0.0839763 0.0900472 0.0629908 0.0875430 0.0629908 0.0745493 0.0759460 0.0918637 0.0776989 0.1107825 
Naumovozyma_dairenensis                     0.0808135 0.1056201 0.0894661 0.0783919 0.0790981 0.1266851 0.0819185 0.0744345 0.0464830 0.0000000 0.9808245 0.0497136 0.0443980 0.0557839 0.0496225 0.0469198 0.0413812 0.0557839 0.0817982 0.0674240 0.0587295 0.0807402 0.0541905 0.0899045 0.0526769 0.0607880 0.0656445 0.0990159 0.0645081 0.0738143 0.0652862 0.0853651 0.0574807 0.0774376 0.0574807 0.0592792 0.0716962 0.0786269 0.0748815 0.1022198 
Neurospora_crassa                           0.9229614 0.9635454 1.0261246 1.0419257 0.9612581 0.9904094 0.9887466 0.9855961 0.8909865 0.9808245 0.0000000 0.9293361 0.9492242 0.9631717 0.9527794 0.9429627 0.9546179 0.9631717 0.9782784 0.9654212 0.9453448 0.9492986 1.0498149 1.0084483 1.0352451 1.0712764 0.9386007 0.9090355 0.9647872 0.9964963 1.0316073 1.0290087 1.0630834 1.0179970 1.0630834 1.0065259 0.9950606 1.0260312 0.9451002 0.9559054 
Saccharomyces_arboricola                    0.0688666 0.0711288 0.0721300 0.0681920 0.0740089 0.0903475 0.0666727 0.0627144 0.0644655 0.0497136 0.9293361 0.0000000 0.0155471 0.0103364 0.0077096 0.0129352 0.0128830 0.0103364 0.0755886 0.0554542 0.0477613 0.0680660 0.0493013 0.0760236 0.0577069 0.0555851 0.0389029 0.0858017 0.0519845 0.0762597 0.0620213 0.0665464 0.0524329 0.0590548 0.0524329 0.0584722 0.0568200 0.0636550 0.0581715 0.0891206 
Saccharomyces_cerevisiae                    0.0630782 0.0745549 0.0729379 0.0568201 0.0645758 0.0968629 0.0641929 0.0542176 0.0621031 0.0443980 0.9492242 0.0155471 0.0000000 0.0209349 0.0182179 0.0129445 0.0077511 0.0209349 0.0635691 0.0440239 0.0482627 0.0583394 0.0440231 0.0572357 0.0466897 0.0383928 0.0411888 0.0826649 0.0405050 0.0679405 0.0503946 0.0546942 0.0410773 0.0474674 0.0410773 0.0501723 0.0451078 0.0575447 0.0467475 0.0832003 
Saccharomyces_eubayanus                     0.0667325 0.0748664 0.0662334 0.0746144 0.0718574 0.0940869 0.0644924 0.0605329 0.0647697 0.0557839 0.9631717 0.0103364 0.0209349 0.0000000 0.0105624 0.0182902 0.0182144 0.0000010 0.0804860 0.0530476 0.0539392 0.0728489 0.0468816 0.0764147 0.0579715 0.0531760 0.0421921 0.0835648 0.0580228 0.0810346 0.0622152 0.0667601 0.0500165 0.0592394 0.0500165 0.0628185 0.0570895 0.0639655 0.0525085 0.0959461 
Saccharomyces_kudriavzevii                  0.0696568 0.0764262 0.0735685 0.0713562 0.0748628 0.0975601 0.0674553 0.0634539 0.0625115 0.0496225 0.9527794 0.0077096 0.0182179 0.0105624 0.0000000 0.0155905 0.0155264 0.0105624 0.0723818 0.0565645 0.0508076 0.0590672 0.0502920 0.0775910 0.0532896 0.0566994 0.0418565 0.0865809 0.0549618 0.0675900 0.0651284 0.0697271 0.0534857 0.0621436 0.0534857 0.0499293 0.0579824 0.0649572 0.0593256 0.0867314 
Saccharomyces_mikatae                       0.0720768 0.0866422 0.0816373 0.0592679 0.0710500 0.0973347 0.0761564 0.0659210 0.0675900 0.0469198 0.9429627 0.0129352 0.0129445 0.0182902 0.0155905 0.0000000 0.0155369 0.0182902 0.0789346 0.0585473 0.0568319 0.0670483 0.0523196 0.0730551 0.0549650 0.0469140 0.0439754 0.0955998 0.0492465 0.0734266 0.0651939 0.0697992 0.0495957 0.0622053 0.0495957 0.0615941 0.0599961 0.0669270 0.0612741 0.0989655 
Saccharomyces_paradoxus                     0.0663490 0.0743800 0.0696124 0.0596416 0.0651643 0.0959368 0.0641104 0.0541515 0.0619696 0.0413812 0.9546179 0.0128830 0.0077511 0.0182144 0.0155264 0.0155369 0.0000000 0.0182144 0.0668804 0.0470805 0.0425136 0.0612145 0.0410315 0.0638173 0.0470898 0.0471984 0.0382270 0.0833363 0.0491821 0.0677911 0.0511749 0.0640048 0.0441006 0.0506395 0.0441006 0.0500695 0.0482455 0.0575537 0.0498156 0.0866748 
Saccharomyces_uvarum                        0.0667325 0.0748664 0.0662334 0.0746144 0.0718574 0.0940869 0.0644924 0.0605329 0.0647697 0.0557839 0.9631717 0.0103364 0.0209349 0.0000010 0.0105624 0.0182902 0.0182144 0.0000000 0.0804860 0.0530476 0.0539392 0.0728489 0.0468816 0.0764147 0.0579715 0.0531760 0.0421921 0.0835648 0.0580228 0.0810346 0.0622152 0.0667601 0.0500165 0.0592394 0.0500165 0.0628185 0.0570895 0.0639655 0.0525085 0.0959461 
Tetrapisispora_blattae                      0.0749564 0.1121623 0.1005455 0.0879377 0.0871433 0.1509599 0.0935397 0.0822903 0.0932966 0.0817982 0.9782784 0.0755886 0.0635691 0.0804860 0.0723818 0.0789346 0.0668804 0.0804860 0.0000000 0.0788150 0.0764098 0.0898627 0.0742969 0.0956328 0.0849848 0.0745375 0.0792021 0.1125499 0.0801652 0.0902707 0.0888068 0.0905689 0.0718242 0.0951061 0.0718242 0.0726398 0.0605092 0.0672687 0.0637786 0.0680372 
Tetrapisispora_phaffii                      0.0846492 0.0974234 0.0895420 0.0935764 0.0832192 0.1350330 0.0906402 0.0794390 0.0786446 0.0674240 0.9654212 0.0554542 0.0440239 0.0530476 0.0565645 0.0585473 0.0470805 0.0530476 0.0788150 0.0000000 0.0470141 0.0684331 0.0563635 0.0781057 0.0672238 0.0591484 0.0683443 0.0832836 0.0467859 0.0763657 0.0687603 0.0903666 0.0535213 0.0750090 0.0535213 0.0761226 0.0302300 0.0451543 0.0213429 0.0897794 
Vanderwaltozyma_polyspora                   0.0811594 0.0892687 0.0853141 0.0800234 0.0759591 0.1152285 0.0792083 0.0746322 0.0656855 0.0587295 0.9453448 0.0477613 0.0482627 0.0539392 0.0508076 0.0568319 0.0425136 0.0539392 0.0764098 0.0470141 0.0000000 0.0650747 0.0697424 0.0703982 0.0662249 0.0767272 0.0618579 0.0705381 0.0558389 0.0857514 0.0675852 0.0787729 0.0733206 0.0619395 0.0733206 0.0761265 0.0484166 0.0525533 0.0531267 0.0782202 
yHAB132_Kazachstania_martiniae              0.0896492 0.0918665 0.1050984 0.0890286 0.0875910 0.1168607 0.0926712 0.0878498 0.0959762 0.0807402 0.9492986 0.0680660 0.0583394 0.0728489 0.0590672 0.0670483 0.0612145 0.0728489 0.0898627 0.0684331 0.0650747 0.0000000 0.0755380 0.0694233 0.0621532 0.0826126 0.0625444 0.0946568 0.0563501 0.0785328 0.0796701 0.0870792 0.0827959 0.0821857 0.0827959 0.0630853 0.0725936 0.0692888 0.0709158 0.1061118 
yHAB133_Kazachstania_unispora               0.0705210 0.0754858 0.0699224 0.0746877 0.0620786 0.1164206 0.0684163 0.0581866 0.0653538 0.0541905 1.0498149 0.0493013 0.0440231 0.0468816 0.0502920 0.0523196 0.0410315 0.0468816 0.0742969 0.0563635 0.0697424 0.0755380 0.0000000 0.0840340 0.0478270 0.0156579 0.0500069 0.0939553 0.0701318 0.0810263 0.0665639 0.0644569 0.0156804 0.0769400 0.0156804 0.0569081 0.0538125 0.0606995 0.0500409 0.1055299 
yHAB134_Kazachstania_turicensis             0.0965165 0.0929788 0.0933480 0.0800763 0.0944432 0.1261861 0.1055226 0.0956635 0.0950238 0.0899045 1.0084483 0.0760236 0.0572357 0.0764147 0.0775910 0.0730551 0.0638173 0.0764147 0.0956328 0.0781057 0.0703982 0.0694233 0.0840340 0.0000000 0.0637454 0.0776996 0.0732028 0.1069929 0.0524964 0.0889646 0.0612385 0.0511032 0.0831215 0.0451001 0.0831215 0.0780807 0.0761285 0.0703937 0.0806073 0.1051264 
yHAB136_Kazachstania_bromeliacearum         0.0933188 0.0986828 0.0730184 0.0658627 0.0841769 0.1203360 0.0905513 0.0828412 0.0723285 0.0526769 1.0352451 0.0577069 0.0466897 0.0579715 0.0532896 0.0549650 0.0470898 0.0579715 0.0849848 0.0672238 0.0662249 0.0621532 0.0478270 0.0637454 0.0000000 0.0482781 0.0683551 0.0966729 0.0592516 0.0789830 0.0617161 0.0808112 0.0519691 0.0716916 0.0519691 0.0516223 0.0648510 0.0678565 0.0637507 0.0893520 
yHAB143_Kazachstania_siamensis              0.0673356 0.0857224 0.0769282 0.0691450 0.0650433 0.1152088 0.0721613 0.0617407 0.0689778 0.0607880 1.0712764 0.0555851 0.0383928 0.0531760 0.0566994 0.0469140 0.0471984 0.0531760 0.0745375 0.0591484 0.0767272 0.0826126 0.0156579 0.0776996 0.0482781 0.0000000 0.0563793 0.0934659 0.0643800 0.0814166 0.0698183 0.0584911 0.0130350 0.0710986 0.0130350 0.0604367 0.0507680 0.0639436 0.0527967 0.1059254 
yHAB147_Kazachstania_taianensis             0.0790039 0.0792171 0.0776579 0.0805863 0.0714838 0.1092994 0.0725918 0.0681929 0.0830084 0.0656445 0.9386007 0.0389029 0.0411888 0.0421921 0.0418565 0.0439754 0.0382270 0.0421921 0.0792021 0.0683443 0.0618579 0.0625444 0.0500069 0.0732028 0.0683551 0.0563793 0.0000000 0.0960713 0.0552800 0.0770313 0.0699677 0.0655500 0.0563912 0.0655289 0.0563912 0.0619577 0.0701773 0.0798407 0.0712140 0.0972839 
yHAB148_Kazachstania_intestinalis           0.0786765 0.0990122 0.0950594 0.0988703 0.0849801 0.1495141 0.0847647 0.0802671 0.1008584 0.0990159 0.9090355 0.0858017 0.0826649 0.0835648 0.0865809 0.0955998 0.0833363 0.0835648 0.1125499 0.0832836 0.0705381 0.0946568 0.0939553 0.1069929 0.0966729 0.0934659 0.0960713 0.0000000 0.0933524 0.1190270 0.1082469 0.0988702 0.0940911 0.0931258 0.0940911 0.1026085 0.0811692 0.0919963 0.0764207 0.1273283 
yHAB153_Kazachstania_rosinii                0.0699816 0.0709632 0.0806316 0.0748170 0.0699819 0.1151309 0.0767818 0.0695677 0.0796291 0.0645081 0.9647872 0.0519845 0.0405050 0.0580228 0.0549618 0.0492465 0.0491821 0.0580228 0.0801652 0.0467859 0.0558389 0.0563501 0.0701318 0.0524964 0.0592516 0.0643800 0.0552800 0.0933524 0.0000000 0.0648421 0.0470836 0.0495554 0.0644799 0.0477928 0.0644799 0.0651797 0.0529756 0.0619041 0.0550176 0.0907564 
yHAB154_Kazachstania_transvaalensis         0.0838251 0.0882899 0.0864436 0.1015187 0.0741997 0.1310197 0.0940761 0.0855405 0.0778942 0.0738143 0.9964963 0.0762597 0.0679405 0.0810346 0.0675900 0.0734266 0.0677911 0.0810346 0.0902707 0.0763657 0.0857514 0.0785328 0.0810263 0.0889646 0.0789830 0.0814166 0.0770313 0.1190270 0.0648421 0.0000000 0.0812856 0.0886470 0.0852427 0.0944729 0.0852427 0.0347748 0.0725460 0.0927912 0.0752153 0.1202760 
yHAB155_Kazachstania_spencerorum            0.0769513 0.0760742 0.0790943 0.0834824 0.0693844 0.1202369 0.0766995 0.0679186 0.0839763 0.0652862 1.0316073 0.0620213 0.0503946 0.0622152 0.0651284 0.0651939 0.0511749 0.0622152 0.0888068 0.0687603 0.0675852 0.0796701 0.0665639 0.0612385 0.0617161 0.0698183 0.0699677 0.1082469 0.0470836 0.0812856 0.0000000 0.0589725 0.0588465 0.0486142 0.0588465 0.0690576 0.0695500 0.0674175 0.0615612 0.0982603 
yHAB158_Kazachstania_viticola               0.0643918 0.0630771 0.0749143 0.0631284 0.0725084 0.1126854 0.0686815 0.0659698 0.0900472 0.0853651 1.0290087 0.0665464 0.0546942 0.0667601 0.0697271 0.0697992 0.0640048 0.0667601 0.0905689 0.0903666 0.0787729 0.0870792 0.0644569 0.0511032 0.0808112 0.0584911 0.0655500 0.0988702 0.0495554 0.0886470 0.0589725 0.0000000 0.0646279 0.0388553 0.0646279 0.0745360 0.0747699 0.0846249 0.0736943 0.1074690 
yHAB159_Kazachstania_solicola               0.0646242 0.0823235 0.0769492 0.0727579 0.0621033 0.1196113 0.0658782 0.0556199 0.0629908 0.0574807 1.0630834 0.0524329 0.0410773 0.0500165 0.0534857 0.0495957 0.0441006 0.0500165 0.0718242 0.0535213 0.0733206 0.0827959 0.0156804 0.0831215 0.0519691 0.0130350 0.0563912 0.0940911 0.0644799 0.0852427 0.0588465 0.0646279 0.0000000 0.0745911 0.0000010 0.0606995 0.0480438 0.0574056 0.0472298 0.1004815 
yHAB160_Kazachstania_kunashirensis          0.0800142 0.0750948 0.0846884 0.0703896 0.0843769 0.1122783 0.0840673 0.0796440 0.0875430 0.0774376 1.0179970 0.0590548 0.0474674 0.0592394 0.0621436 0.0622053 0.0506395 0.0592394 0.0951061 0.0750090 0.0619395 0.0821857 0.0769400 0.0451001 0.0716916 0.0710986 0.0655289 0.0931258 0.0477928 0.0944729 0.0486142 0.0388553 0.0745911 0.0000000 0.0745911 0.0773184 0.0765155 0.0744976 0.0711726 0.1015325 
yHAB164_Kazachstania_aerobia                0.0646242 0.0823235 0.0769492 0.0727579 0.0621033 0.1196113 0.0658782 0.0556199 0.0629908 0.0574807 1.0630834 0.0524329 0.0410773 0.0500165 0.0534857 0.0495957 0.0441006 0.0500165 0.0718242 0.0535213 0.0733206 0.0827959 0.0156804 0.0831215 0.0519691 0.0130350 0.0563912 0.0940911 0.0644799 0.0852427 0.0588465 0.0646279 0.0000010 0.0745911 0.0000000 0.0606995 0.0480438 0.0574056 0.0472298 0.1004815 
yHAB166_Kazachstania_yakushimaensis         0.0840962 0.0796142 0.0767463 0.0712178 0.0703382 0.1130528 0.0771291 0.0698907 0.0745493 0.0592792 1.0065259 0.0584722 0.0501723 0.0628185 0.0499293 0.0615941 0.0500695 0.0628185 0.0726398 0.0761226 0.0761265 0.0630853 0.0569081 0.0780807 0.0516223 0.0604367 0.0619577 0.1026085 0.0651797 0.0347748 0.0690576 0.0745360 0.0606995 0.0773184 0.0606995 0.0000000 0.0639935 0.0748212 0.0662494 0.0996902 
yHMPu5000034875_Tetrapisispora_fleetii      0.0713542 0.0981052 0.0874906 0.0810636 0.0657428 0.1199654 0.0694687 0.0590420 0.0759460 0.0716962 0.9950606 0.0568200 0.0451078 0.0570895 0.0579824 0.0599961 0.0482455 0.0570895 0.0605092 0.0302300 0.0484166 0.0725936 0.0538125 0.0761285 0.0648510 0.0507680 0.0701773 0.0811692 0.0529756 0.0725460 0.0695500 0.0747699 0.0480438 0.0765155 0.0480438 0.0639935 0.0000000 0.0328547 0.0185420 0.0839515 
yHMPu5000034876_Tetrapisispora_iriomotensis 0.0917743 0.1032677 0.0864994 0.0902887 0.0828472 0.1260912 0.0907095 0.0794922 0.0918637 0.0786269 1.0260312 0.0636550 0.0575447 0.0639655 0.0649572 0.0669270 0.0575537 0.0639655 0.0672687 0.0451543 0.0525533 0.0692888 0.0606995 0.0703937 0.0678565 0.0639436 0.0798407 0.0919963 0.0619041 0.0927912 0.0674175 0.0846249 0.0574056 0.0744976 0.0574056 0.0748212 0.0328547 0.0000000 0.0357445 0.0906405 
yHMPu5000034877_Tetrapisispora_namnaonensis 0.0643256 0.0864203 0.0791531 0.0864169 0.0591171 0.1206951 0.0714793 0.0609236 0.0776989 0.0748815 0.9451002 0.0581715 0.0467475 0.0525085 0.0593256 0.0612741 0.0498156 0.0525085 0.0637786 0.0213429 0.0531267 0.0709158 0.0500409 0.0806073 0.0637507 0.0527967 0.0712140 0.0764207 0.0550176 0.0752153 0.0615612 0.0736943 0.0472298 0.0711726 0.0472298 0.0662494 0.0185420 0.0357445 0.0000000 0.0835396 
yHMPu5000035629_Yueomyces_sinensis          0.1014311 0.1367808 0.1100349 0.1071217 0.1073985 0.1616487 0.1083763 0.1089230 0.1107825 0.1022198 0.9559054 0.0891206 0.0832003 0.0959461 0.0867314 0.0989655 0.0866748 0.0959461 0.0680372 0.0897794 0.0782202 0.1061118 0.1055299 0.1051264 0.0893520 0.1059254 0.0972839 0.1273283 0.0907564 0.1202760 0.0982603 0.1074690 0.1004815 0.1015325 0.1004815 0.0996902 0.0839515 0.0906405 0.0835396 0.0000000 
