40
Candida_glabrata                            0.0000000 0.7106863 0.6541144 0.5703742 0.3046594 0.6929144 0.3365623 0.2908439 0.5668922 0.5014144 1.1916639 0.4489340 0.4417503 0.4493416 0.4686133 0.4622520 0.4436609 0.4451398 0.6923922 0.5326462 0.5558584 0.6118654 0.8548327 0.5484773 0.6140360 0.9317401 0.7693973 0.6837300 0.5281714 0.8743786 0.5081849 0.6601949 0.7527689 0.5510371 0.8192148 0.9335642 0.5698068 0.5165319 0.5440727 0.8517622 
Kazachstania_africana                       0.7106863 0.0000000 0.6655932 0.7146820 0.6750805 0.9065254 0.6658793 0.6835177 0.6204547 0.6702821 1.3986945 0.6288818 0.6295066 0.6253695 0.6441894 0.6164383 0.6220075 0.6265471 0.8412638 0.6739708 0.7469733 0.5896480 0.7525746 0.5676677 0.5495283 0.7276018 0.7306042 0.6116102 0.5263132 0.8000696 0.5364904 0.6071714 0.6974418 0.5919975 0.7536319 0.7771164 0.7172484 0.6898679 0.7316720 0.9060802 
Kazachstania_naganishii                     0.6541144 0.6655932 0.0000000 0.6389210 0.6595020 0.8457898 0.6540190 0.6329301 0.5926490 0.6804862 1.3653745 0.5587361 0.5443170 0.5417547 0.5475787 0.5633525 0.5483299 0.5402417 0.8490412 0.6736684 0.6270826 0.4868651 0.7577402 0.5365852 0.3586627 0.8041827 0.5878674 0.5507285 0.5000239 0.7279182 0.4990152 0.7097536 0.7232067 0.5055766 0.7613657 0.7486939 0.7315465 0.6954515 0.7198738 0.9537021 
Nakaseomyces_bacillisporus                  0.5703742 0.7146820 0.6389210 0.0000000 0.5401280 0.5315101 0.5773131 0.5437556 0.4629589 0.4678229 1.1901248 0.4113213 0.4136535 0.3981800 0.4078581 0.4250912 0.3950834 0.3955024 0.7075362 0.5153643 0.4868692 0.5925747 0.7657743 0.5454896 0.5200030 0.8191302 0.6374511 0.6172118 0.5331692 0.7815082 0.5695692 0.6727030 0.7310591 0.5693202 0.7662854 0.8330626 0.5448559 0.4828766 0.5424457 0.8119498 
Nakaseomyces_bracarensis                    0.3046594 0.6750805 0.6595020 0.5401280 0.0000000 0.6944282 0.1741901 0.1211852 0.5008924 0.4661789 1.2346678 0.4201719 0.4224243 0.4173902 0.4525280 0.4392671 0.4284706 0.4151891 0.6622862 0.4819285 0.5012754 0.5590648 0.8625232 0.5275112 0.5788396 0.8528944 0.7473238 0.6383464 0.4878930 0.8881130 0.4997286 0.6460969 0.7997787 0.5269005 0.8306862 0.9346295 0.5307623 0.5074153 0.5201618 0.8476793 
Nakaseomyces_castellii                      0.6929144 0.9065254 0.8457898 0.5315101 0.6944282 0.0000000 0.7604556 0.7042980 0.6780015 0.6886047 1.2001764 0.6247023 0.6492489 0.6404781 0.6690023 0.6670376 0.6392733 0.6294235 0.8316992 0.6793743 0.6487881 0.8119768 0.8912193 0.7525494 0.6991154 0.9556282 0.8488155 0.7853374 0.6909143 1.0082075 0.7641431 0.8257894 0.8508359 0.7372714 0.9203373 1.0278333 0.6896491 0.6431361 0.6802010 0.8982968 
Nakaseomyces_delphensis                     0.3365623 0.6658793 0.6540190 0.5773131 0.1741901 0.7604556 0.0000000 0.1412623 0.5495951 0.5113747 1.2381918 0.4379064 0.4454485 0.4412318 0.4738242 0.4574626 0.4487830 0.4574458 0.7209008 0.5434391 0.5579982 0.5626593 0.8399732 0.5559853 0.5650671 0.8344863 0.7766779 0.6635529 0.5365150 0.8952407 0.5218263 0.6900795 0.7965856 0.5444082 0.8138035 0.9552172 0.5519865 0.5513300 0.5516301 0.9257253 
Nakaseomyces_nivariensis                    0.2908439 0.6835177 0.6329301 0.5437556 0.1211852 0.7042980 0.1412623 0.0000000 0.5099803 0.4901659 1.2218762 0.4148668 0.4350385 0.4170433 0.4392349 0.4428565 0.4262939 0.4231794 0.6796860 0.5146185 0.5099574 0.5376850 0.8339833 0.5342981 0.5513423 0.8490769 0.7599297 0.6382801 0.4950091 0.9039674 0.4926713 0.6608600 0.7864123 0.5129928 0.8118914 0.9559698 0.5187256 0.5062815 0.5016088 0.8679228 
Naumovozyma_castellii                       0.5668922 0.6204547 0.5926490 0.4629589 0.5008924 0.6780015 0.5495951 0.5099803 0.0000000 0.3232833 1.1794458 0.3946053 0.3970408 0.3946214 0.3893219 0.4021213 0.3944907 0.3850435 0.6147539 0.4813090 0.4378453 0.5178938 0.7332850 0.4944470 0.4780577 0.7673276 0.6521702 0.6044380 0.4896720 0.8196077 0.5053633 0.6224761 0.6851936 0.5160819 0.7500622 0.8369704 0.4770776 0.4480797 0.4875262 0.8451341 
Naumovozyma_dairenensis                     0.5014144 0.6702821 0.6804862 0.4678229 0.4661789 0.6886047 0.5113747 0.4901659 0.3232833 0.0000000 1.2088700 0.3740954 0.3860734 0.3713141 0.3883527 0.3850078 0.3719044 0.3721634 0.6415303 0.4800005 0.4275333 0.5318888 0.7994014 0.4979885 0.5234870 0.8313940 0.7270489 0.6205021 0.5130140 0.8666018 0.5168855 0.6895505 0.7236884 0.5387905 0.7670103 0.8714674 0.5041957 0.4706214 0.4806484 0.8317489 
Neurospora_crassa                           1.1916639 1.3986945 1.3653745 1.1901248 1.2346678 1.2001764 1.2381918 1.2218762 1.1794458 1.2088700 0.0000000 1.1882900 1.2173167 1.2461894 1.2639378 1.2378702 1.2467073 1.2356557 1.2831812 1.2135561 1.1998055 1.3030098 1.3567725 1.2923721 1.2336205 1.4313947 1.2294827 1.3272395 1.3171565 1.4071170 1.2527982 1.3585571 1.3811999 1.3140915 1.3582288 1.4073995 1.2096505 1.1737641 1.2306493 1.2912988 
Saccharomyces_arboricola                    0.4489340 0.6288818 0.5587361 0.4113213 0.4201719 0.6247023 0.4379064 0.4148668 0.3946053 0.3740954 1.1882900 0.0000000 0.1129116 0.0924924 0.1075371 0.1274491 0.1030939 0.0857020 0.6507145 0.4731214 0.4277958 0.5011843 0.7679965 0.4685194 0.4720618 0.8174035 0.6703072 0.5988838 0.4645543 0.8471505 0.4269328 0.6031352 0.7207154 0.4828796 0.7735042 0.8795461 0.4660974 0.4361615 0.4541785 0.8007866 
Saccharomyces_cerevisiae                    0.4417503 0.6295066 0.5443170 0.4136535 0.4224243 0.6492489 0.4454485 0.4350385 0.3970408 0.3860734 1.2173167 0.1129116 0.0000000 0.0878438 0.0936737 0.0834743 0.0586265 0.0814228 0.6310800 0.4786505 0.4364253 0.4978672 0.7957272 0.4645782 0.4871530 0.8448912 0.7174481 0.6124861 0.4660030 0.8659094 0.4208690 0.6142444 0.7696049 0.4701091 0.8124708 0.9289857 0.4642172 0.4297976 0.4630191 0.8168354 
Saccharomyces_eubayanus                     0.4493416 0.6253695 0.5417547 0.3981800 0.4173902 0.6404781 0.4412318 0.4170433 0.3946214 0.3713141 1.2461894 0.0924924 0.0878438 0.0000000 0.0897175 0.1002835 0.0824276 0.0306486 0.6663529 0.4570898 0.4366566 0.5111218 0.7911906 0.4601521 0.4678479 0.8275176 0.6961423 0.6069250 0.4428395 0.8441517 0.4055913 0.6158883 0.7413437 0.4745836 0.7769438 0.9126199 0.4621837 0.4146889 0.4622792 0.7975832 
Saccharomyces_kudriavzevii                  0.4686133 0.6441894 0.5475787 0.4078581 0.4525280 0.6690023 0.4738242 0.4392349 0.3893219 0.3883527 1.2639378 0.1075371 0.0936737 0.0897175 0.0000000 0.1138944 0.0917343 0.0831264 0.6595676 0.5022934 0.4432083 0.5342137 0.7993040 0.4613509 0.4830849 0.8316646 0.6878113 0.6286001 0.4624826 0.8645927 0.4249871 0.6191102 0.7534547 0.4880063 0.7984368 0.9329509 0.4696588 0.4417976 0.4790496 0.8207160 
Saccharomyces_mikatae                       0.4622520 0.6164383 0.5633525 0.4250912 0.4392671 0.6670376 0.4574626 0.4428565 0.4021213 0.3850078 1.2378702 0.1274491 0.0834743 0.1002835 0.1138944 0.0000000 0.0727229 0.0900407 0.6489968 0.4850657 0.4380861 0.5004901 0.7954785 0.4597589 0.4786390 0.8312840 0.7061843 0.6000128 0.4536769 0.8673158 0.4227111 0.6267890 0.7539335 0.4718010 0.7999486 0.9153046 0.4691248 0.4493976 0.4811067 0.8143577 
Saccharomyces_paradoxus                     0.4436609 0.6220075 0.5483299 0.3950834 0.4284706 0.6392733 0.4487830 0.4262939 0.3944907 0.3719044 1.2467073 0.1030939 0.0586265 0.0824276 0.0917343 0.0727229 0.0000000 0.0709942 0.6302289 0.4660432 0.4267243 0.4917160 0.7941428 0.4443810 0.4538424 0.8272448 0.7009554 0.5859750 0.4541630 0.8505826 0.4166872 0.6063775 0.7501579 0.4567732 0.7847450 0.9211567 0.4557368 0.4167515 0.4553925 0.8142285 
Saccharomyces_uvarum                        0.4451398 0.6265471 0.5402417 0.3955024 0.4151891 0.6294235 0.4574458 0.4231794 0.3850435 0.3721634 1.2356557 0.0857020 0.0814228 0.0306486 0.0831264 0.0900407 0.0709942 0.0000000 0.6276516 0.4498360 0.4172280 0.4948312 0.7894900 0.4434419 0.4587872 0.8246804 0.6925529 0.6007784 0.4414130 0.8608724 0.4044825 0.6047956 0.7303131 0.4639277 0.7666362 0.9077075 0.4501152 0.4080405 0.4584646 0.7991376 
Tetrapisispora_blattae                      0.6923922 0.8412638 0.8490412 0.7075362 0.6622862 0.8316992 0.7209008 0.6796860 0.6147539 0.6415303 1.2831812 0.6507145 0.6310800 0.6663529 0.6595676 0.6489968 0.6302289 0.6276516 0.0000000 0.6714872 0.7182291 0.7756523 0.9420556 0.7047074 0.7561035 0.9966963 0.9376016 0.8590144 0.7208630 0.9669829 0.7030363 0.8323616 0.8831641 0.7687812 0.9227003 0.9674767 0.6771545 0.6533794 0.6989279 0.5720823 
Tetrapisispora_phaffii                      0.5326462 0.6739708 0.6736684 0.5153643 0.4819285 0.6793743 0.5434391 0.5146185 0.4813090 0.4800005 1.2135561 0.4731214 0.4786505 0.4570898 0.5022934 0.4850657 0.4660432 0.4498360 0.6714872 0.0000000 0.4218014 0.6180232 0.7782241 0.5639554 0.5640009 0.8241882 0.6909087 0.6711359 0.5141296 0.8096162 0.5292489 0.6967516 0.7377931 0.5941796 0.7714055 0.8507342 0.1804250 0.2433459 0.1891151 0.7929382 
Vanderwaltozyma_polyspora                   0.5558584 0.7469733 0.6270826 0.4868692 0.5012754 0.6487881 0.5579982 0.5099574 0.4378453 0.4275333 1.1998055 0.4277958 0.4364253 0.4366566 0.4432083 0.4380861 0.4267243 0.4172280 0.7182291 0.4218014 0.0000000 0.5735167 0.8151445 0.5527052 0.5419089 0.8069479 0.6931376 0.6150686 0.5325541 0.8182469 0.5158409 0.7243462 0.7355052 0.5660060 0.8101107 0.8825141 0.4597148 0.3879975 0.4494098 0.8477765 
yHAB132_Kazachstania_martiniae              0.6118654 0.5896480 0.4868651 0.5925747 0.5590648 0.8119768 0.5626593 0.5376850 0.5178938 0.5318888 1.3030098 0.5011843 0.4978672 0.5111218 0.5342137 0.5004901 0.4917160 0.4948312 0.7756523 0.6180232 0.5735167 0.0000000 0.6782149 0.4901073 0.3275026 0.7637397 0.5926999 0.4174192 0.3994277 0.6943887 0.3991936 0.6028627 0.6272670 0.4447096 0.6804385 0.6738219 0.6503800 0.6376727 0.6238757 0.9056414 
yHAB133_Kazachstania_unispora               0.8548327 0.7525746 0.7577402 0.7657743 0.8625232 0.8912193 0.8399732 0.8339833 0.7332850 0.7994014 1.3567725 0.7679965 0.7957272 0.7911906 0.7993040 0.7954785 0.7941428 0.7894900 0.9420556 0.7782241 0.8151445 0.6782149 0.0000000 0.6646113 0.6803606 0.2095918 0.6083361 0.7381076 0.7342864 0.7665814 0.7159656 0.8508159 0.1103100 0.7550171 0.1158592 0.7297296 0.8036346 0.8005204 0.7907903 1.0015556 
yHAB134_Kazachstania_turicensis             0.5484773 0.5676677 0.5365852 0.5454896 0.5275112 0.7525494 0.5559853 0.5342981 0.4944470 0.4979885 1.2923721 0.4685194 0.4645782 0.4601521 0.4613509 0.4597589 0.4443810 0.4434419 0.7047074 0.5639554 0.5527052 0.4901073 0.6646113 0.0000000 0.4500103 0.7341211 0.6340691 0.5613141 0.3280158 0.7803213 0.3235401 0.5569631 0.6220091 0.2423510 0.6607590 0.8017975 0.5928502 0.5393123 0.5898356 0.8610457 
yHAB136_Kazachstania_bromeliacearum         0.6140360 0.5495283 0.3586627 0.5200030 0.5788396 0.6991154 0.5650671 0.5513423 0.4780577 0.5234870 1.2336205 0.4720618 0.4871530 0.4678479 0.4830849 0.4786390 0.4538424 0.4587872 0.7561035 0.5640009 0.5419089 0.3275026 0.6803606 0.4500103 0.0000000 0.7185245 0.5448555 0.4240505 0.3738780 0.6418814 0.4047794 0.5898539 0.6092048 0.4213531 0.6435005 0.6370214 0.6149732 0.5966326 0.6039708 0.8476208 
yHAB143_Kazachstania_siamensis              0.9317401 0.7276018 0.8041827 0.8191302 0.8528944 0.9556282 0.8344863 0.8490769 0.7673276 0.8313940 1.4313947 0.8174035 0.8448912 0.8275176 0.8316646 0.8312840 0.8272448 0.8246804 0.9966963 0.8241882 0.8069479 0.7637397 0.2095918 0.7341211 0.7185245 0.0000000 0.6170199 0.8023311 0.7754750 0.7497860 0.7183082 0.8528670 0.2378283 0.7685279 0.2220868 0.7173349 0.8126885 0.8061346 0.8317666 1.0687228 
yHAB147_Kazachstania_taianensis             0.7693973 0.7306042 0.5878674 0.6374511 0.7473238 0.8488155 0.7766779 0.7599297 0.6521702 0.7270489 1.2294827 0.6703072 0.7174481 0.6961423 0.6878113 0.7061843 0.7009554 0.6925529 0.9376016 0.6909087 0.6931376 0.5926999 0.6083361 0.6340691 0.5448555 0.6170199 0.0000000 0.5530094 0.6183239 0.6047289 0.6036515 0.7338853 0.5429860 0.6304693 0.5927827 0.6257882 0.7264486 0.7257121 0.7295097 1.0280803 
yHAB148_Kazachstania_intestinalis           0.6837300 0.6116102 0.5507285 0.6172118 0.6383464 0.7853374 0.6635529 0.6382801 0.6044380 0.6205021 1.3272395 0.5988838 0.6124861 0.6069250 0.6286001 0.6000128 0.5859750 0.6007784 0.8590144 0.6711359 0.6150686 0.4174192 0.7381076 0.5613141 0.4240505 0.8023311 0.5530094 0.0000000 0.4561340 0.7239371 0.5107347 0.6574925 0.6832014 0.5255163 0.7274274 0.7131999 0.7049678 0.7048880 0.6842401 0.9179687 
yHAB153_Kazachstania_rosinii                0.5281714 0.5263132 0.5000239 0.5331692 0.4878930 0.6909143 0.5365150 0.4950091 0.4896720 0.5130140 1.3171565 0.4645543 0.4660030 0.4428395 0.4624826 0.4536769 0.4541630 0.4414130 0.7208630 0.5141296 0.5325541 0.3994277 0.7342864 0.3280158 0.3738780 0.7754750 0.6183239 0.4561340 0.0000000 0.7214389 0.2389536 0.4973305 0.7098014 0.2847759 0.7338601 0.7923734 0.5534526 0.4798560 0.5415930 0.8418282 
yHAB154_Kazachstania_transvaalensis         0.8743786 0.8000696 0.7279182 0.7815082 0.8881130 1.0082075 0.8952407 0.9039674 0.8196077 0.8666018 1.4071170 0.8471505 0.8659094 0.8441517 0.8645927 0.8673158 0.8505826 0.8608724 0.9669829 0.8096162 0.8182469 0.6943887 0.7665814 0.7803213 0.6418814 0.7497860 0.6047289 0.7239371 0.7214389 0.0000000 0.6855757 0.8984034 0.7649128 0.7440014 0.7252480 0.2079977 0.8509336 0.7981724 0.8228936 0.9777943 
yHAB155_Kazachstania_spencerorum            0.5081849 0.5364904 0.4990152 0.5695692 0.4997286 0.7641431 0.5218263 0.4926713 0.5053633 0.5168855 1.2527982 0.4269328 0.4208690 0.4055913 0.4249871 0.4227111 0.4166872 0.4044825 0.7030363 0.5292489 0.5158409 0.3991936 0.7159656 0.3235401 0.4047794 0.7183082 0.6036515 0.5107347 0.2389536 0.6855757 0.0000000 0.5370918 0.7001750 0.2677767 0.6976854 0.7289446 0.5467689 0.4691858 0.5436551 0.8433428 
yHAB158_Kazachstania_viticola               0.6601949 0.6071714 0.7097536 0.6727030 0.6460969 0.8257894 0.6900795 0.6608600 0.6224761 0.6895505 1.3585571 0.6031352 0.6142444 0.6158883 0.6191102 0.6267890 0.6063775 0.6047956 0.8323616 0.6967516 0.7243462 0.6028627 0.8508159 0.5569631 0.5898539 0.8528670 0.7338853 0.6574925 0.4973305 0.8984034 0.5370918 0.0000000 0.7692083 0.5713488 0.8494266 0.9238884 0.7017413 0.6614628 0.7002934 0.9216203 
yHAB159_Kazachstania_solicola               0.7527689 0.6974418 0.7232067 0.7310591 0.7997787 0.8508359 0.7965856 0.7864123 0.6851936 0.7236884 1.3811999 0.7207154 0.7696049 0.7413437 0.7534547 0.7539335 0.7501579 0.7303131 0.8831641 0.7377931 0.7355052 0.6272670 0.1103100 0.6220091 0.6092048 0.2378283 0.5429860 0.6832014 0.7098014 0.7649128 0.7001750 0.7692083 0.0000000 0.7064507 0.0569900 0.7216732 0.7597370 0.7654197 0.7842715 0.9700213 
yHAB160_Kazachstania_kunashirensis          0.5510371 0.5919975 0.5055766 0.5693202 0.5269005 0.7372714 0.5444082 0.5129928 0.5160819 0.5387905 1.3140915 0.4828796 0.4701091 0.4745836 0.4880063 0.4718010 0.4567732 0.4639277 0.7687812 0.5941796 0.5660060 0.4447096 0.7550171 0.2423510 0.4213531 0.7685279 0.6304693 0.5255163 0.2847759 0.7440014 0.2677767 0.5713488 0.7064507 0.0000000 0.7383693 0.7772126 0.5964793 0.5374805 0.5922783 0.8931921 
yHAB164_Kazachstania_aerobia                0.8192148 0.7536319 0.7613657 0.7662854 0.8306862 0.9203373 0.8138035 0.8118914 0.7500622 0.7670103 1.3582288 0.7735042 0.8124708 0.7769438 0.7984368 0.7999486 0.7847450 0.7666362 0.9227003 0.7714055 0.8101107 0.6804385 0.1158592 0.6607590 0.6435005 0.2220868 0.5927827 0.7274274 0.7338601 0.7252480 0.6976854 0.8494266 0.0569900 0.7383693 0.0000000 0.6891010 0.7936603 0.8005248 0.8108538 1.0141611 
yHAB166_Kazachstania_yakushimaensis         0.9335642 0.7771164 0.7486939 0.8330626 0.9346295 1.0278333 0.9552172 0.9559698 0.8369704 0.8714674 1.4073995 0.8795461 0.9289857 0.9126199 0.9329509 0.9153046 0.9211567 0.9077075 0.9674767 0.8507342 0.8825141 0.6738219 0.7297296 0.8017975 0.6370214 0.7173349 0.6257882 0.7131999 0.7923734 0.2079977 0.7289446 0.9238884 0.7216732 0.7772126 0.6891010 0.0000000 0.8886626 0.8606400 0.8739755 1.0162718 
yHMPu5000034875_Tetrapisispora_fleetii      0.5698068 0.7172484 0.7315465 0.5448559 0.5307623 0.6896491 0.5519865 0.5187256 0.4770776 0.5041957 1.2096505 0.4660974 0.4642172 0.4621837 0.4696588 0.4691248 0.4557368 0.4501152 0.6771545 0.1804250 0.4597148 0.6503800 0.8036346 0.5928502 0.6149732 0.8126885 0.7264486 0.7049678 0.5534526 0.8509336 0.5467689 0.7017413 0.7597370 0.5964793 0.7936603 0.8886626 0.0000000 0.2361344 0.0841315 0.8311455 
yHMPu5000034876_Tetrapisispora_iriomotensis 0.5165319 0.6898679 0.6954515 0.4828766 0.5074153 0.6431361 0.5513300 0.5062815 0.4480797 0.4706214 1.1737641 0.4361615 0.4297976 0.4146889 0.4417976 0.4493976 0.4167515 0.4080405 0.6533794 0.2433459 0.3879975 0.6376727 0.8005204 0.5393123 0.5966326 0.8061346 0.7257121 0.7048880 0.4798560 0.7981724 0.4691858 0.6614628 0.7654197 0.5374805 0.8005248 0.8606400 0.2361344 0.0000000 0.2295447 0.7983094 
yHMPu5000034877_Tetrapisispora_namnaonensis 0.5440727 0.7316720 0.7198738 0.5424457 0.5201618 0.6802010 0.5516301 0.5016088 0.4875262 0.4806484 1.2306493 0.4541785 0.4630191 0.4622792 0.4790496 0.4811067 0.4553925 0.4584646 0.6989279 0.1891151 0.4494098 0.6238757 0.7907903 0.5898356 0.6039708 0.8317666 0.7295097 0.6842401 0.5415930 0.8228936 0.5436551 0.7002934 0.7842715 0.5922783 0.8108538 0.8739755 0.0841315 0.2295447 0.0000000 0.8345315 
yHMPu5000035629_Yueomyces_sinensis          0.8517622 0.9060802 0.9537021 0.8119498 0.8476793 0.8982968 0.9257253 0.8679228 0.8451341 0.8317489 1.2912988 0.8007866 0.8168354 0.7975832 0.8207160 0.8143577 0.8142285 0.7991376 0.5720823 0.7929382 0.8477765 0.9056414 1.0015556 0.8610457 0.8476208 1.0687228 1.0280803 0.9179687 0.8418282 0.9777943 0.8433428 0.9216203 0.9700213 0.8931921 1.0141611 1.0162718 0.8311455 0.7983094 0.8345315 0.0000000 
