40
Candida_glabrata                            0.0000000 0.2491663 0.2745599 0.3061876 0.1191784 0.3260449 0.1384082 0.1324338 0.1675985 0.1923625 1.4753905 0.2470652 0.2136989 0.2176509 0.2291086 0.2574461 0.2258458 0.2329063 0.3028624 0.2714303 0.2761129 0.2283543 0.2237019 0.2236714 0.2173369 0.1998025 0.2473423 0.2887700 0.2153363 0.2686692 0.2634006 0.2151561 0.2176504 0.2600607 0.2180496 0.2632187 0.2674026 0.2940829 0.2587016 0.3606080 
Kazachstania_africana                       0.2491663 0.0000000 0.2247990 0.2897652 0.2172888 0.3142799 0.2279422 0.2348845 0.1636566 0.1865428 1.4556007 0.2272726 0.1987833 0.2145231 0.2049745 0.2303470 0.2155147 0.2217047 0.2841414 0.2466870 0.2652683 0.2096186 0.2179562 0.2186709 0.2051312 0.2225922 0.2348751 0.2553943 0.1854772 0.2683020 0.2333723 0.1892906 0.2096788 0.2508641 0.2104666 0.2684521 0.2432047 0.2596557 0.2435377 0.3625610 
Kazachstania_naganishii                     0.2745599 0.2247990 0.0000000 0.3009657 0.2554050 0.3237770 0.2744527 0.2684696 0.1910404 0.2025274 1.4563646 0.2330957 0.2064221 0.2130391 0.2040722 0.2229522 0.2137292 0.2096528 0.3115543 0.2745317 0.2538724 0.1862221 0.1977096 0.2334540 0.1556509 0.1842316 0.1807052 0.2874161 0.2175195 0.2174104 0.2152291 0.2144903 0.1878020 0.2371738 0.1926245 0.2001050 0.2802830 0.2984979 0.2682833 0.3459290 
Nakaseomyces_bacillisporus                  0.3061876 0.2897652 0.3009657 0.0000000 0.2185440 0.2473895 0.2558767 0.2398501 0.2327541 0.2537791 1.3767259 0.2871887 0.2565591 0.2594123 0.2601607 0.2929680 0.2753165 0.2744836 0.3225299 0.2806189 0.2702265 0.2954814 0.2596874 0.2767502 0.2912023 0.2561438 0.2862441 0.3221952 0.2692558 0.3207120 0.2796474 0.2640230 0.2400347 0.3074633 0.2377318 0.3195092 0.2734591 0.3164511 0.2541802 0.3574048 
Nakaseomyces_bracarensis                    0.1191784 0.2172888 0.2554050 0.2185440 0.0000000 0.3140740 0.0776233 0.0433369 0.1643762 0.1617195 1.3297816 0.1890782 0.1885646 0.1915173 0.2011361 0.2026062 0.1879367 0.1919792 0.2642340 0.2399686 0.2336453 0.2090470 0.2243567 0.2178218 0.2073390 0.2151161 0.2098273 0.2700554 0.1885853 0.2464278 0.2234369 0.2320132 0.2312296 0.2372512 0.2309948 0.2462139 0.2537672 0.2447322 0.2269719 0.3228185 
Nakaseomyces_castellii                      0.3260449 0.3142799 0.3237770 0.2473895 0.3140740 0.0000000 0.3320791 0.3156007 0.2807387 0.2995447 1.3994476 0.3402850 0.2930386 0.3086762 0.3076807 0.3215384 0.3038899 0.3065476 0.3666708 0.3415600 0.3247062 0.3474090 0.2936276 0.2872740 0.3126749 0.3012825 0.3428192 0.3356213 0.3068683 0.3625703 0.3636273 0.3219417 0.2993372 0.3292888 0.2961699 0.3613192 0.3457467 0.3874870 0.3247738 0.3857864 
Nakaseomyces_delphensis                     0.1384082 0.2279422 0.2744527 0.2558767 0.0776233 0.3320791 0.0000000 0.0702809 0.1972051 0.1933132 1.3708454 0.2099358 0.2091763 0.2124000 0.2189332 0.2128686 0.2029198 0.2115851 0.2674148 0.2621799 0.2417344 0.2200675 0.2442912 0.2271027 0.2351733 0.2337773 0.2487152 0.2867258 0.2023203 0.2613183 0.2469444 0.2453547 0.2571328 0.2681055 0.2512713 0.2627448 0.2678633 0.2741366 0.2384344 0.3127498 
Nakaseomyces_nivariensis                    0.1324338 0.2348845 0.2684696 0.2398501 0.0433369 0.3156007 0.0702809 0.0000000 0.1858349 0.1898321 1.3182546 0.1990406 0.1930105 0.1937393 0.2108779 0.2035865 0.1923699 0.1927592 0.2832917 0.2631688 0.2406390 0.2265968 0.2427693 0.2280010 0.2257129 0.2290691 0.2347384 0.2856259 0.2044402 0.2731372 0.2453441 0.2514989 0.2531155 0.2561430 0.2472449 0.2756026 0.2645655 0.2740795 0.2366569 0.3346424 
Naumovozyma_castellii                       0.1675985 0.1636566 0.1910404 0.2327541 0.1643762 0.2807387 0.1972051 0.1858349 0.0000000 0.0944531 1.3660965 0.1838496 0.1673694 0.1618252 0.1746212 0.1804415 0.1635051 0.1691688 0.2791247 0.2373534 0.2412604 0.1732458 0.1837072 0.2050150 0.1529509 0.1766775 0.1958964 0.2505131 0.1351501 0.2110191 0.1597798 0.1787917 0.1933263 0.1874109 0.1936105 0.1972941 0.2408440 0.2341565 0.2233333 0.3264448 
Naumovozyma_dairenensis                     0.1923625 0.1865428 0.2025274 0.2537791 0.1617195 0.2995447 0.1933132 0.1898321 0.0944531 0.0000000 1.4979478 0.1996702 0.1588577 0.1706716 0.1725860 0.1726003 0.1690659 0.1763166 0.2943842 0.2484276 0.2270958 0.1802076 0.1823627 0.2045972 0.1551657 0.1782235 0.2034806 0.2735870 0.1691099 0.2383206 0.1909093 0.1660247 0.1780002 0.1992372 0.1802011 0.2212569 0.2483927 0.2661937 0.2399028 0.3086892 
Neurospora_crassa                           1.4753905 1.4556007 1.4563646 1.3767259 1.3297816 1.3994476 1.3708454 1.3182546 1.3660965 1.4979478 0.0000000 1.4510439 1.3083258 1.4113481 1.3368018 1.4084972 1.4250829 1.4651097 1.5376806 1.3343117 1.4227584 1.5393249 1.4509132 1.3981858 1.4932059 1.4407703 1.4679456 1.4334134 1.4661608 1.4541978 1.5054332 1.3979313 1.3977358 1.5337663 1.3805051 1.5039983 1.3106202 1.4661120 1.3565626 1.5642924 
Saccharomyces_arboricola                    0.2470652 0.2272726 0.2330957 0.2871887 0.1890782 0.3402850 0.2099358 0.1990406 0.1838496 0.1996702 1.4510439 0.0000000 0.0503408 0.0576707 0.0630569 0.0584460 0.0495002 0.0623629 0.2875670 0.2514479 0.2529327 0.2289346 0.2432122 0.2446774 0.2282536 0.2312903 0.2208756 0.2827882 0.2123976 0.2611463 0.2270124 0.2257310 0.2355250 0.2564838 0.2414874 0.2582767 0.2751112 0.2912581 0.2384282 0.3356199 
Saccharomyces_cerevisiae                    0.2136989 0.1987833 0.2064221 0.2565591 0.1885646 0.2930386 0.2091763 0.1930105 0.1673694 0.1588577 1.3083258 0.0503408 0.0000000 0.0410659 0.0475287 0.0276583 0.0083515 0.0392046 0.2703900 0.2525248 0.2374491 0.2135924 0.2194545 0.2059489 0.2058167 0.2031764 0.2042514 0.2863723 0.1811622 0.2395103 0.2006467 0.2067990 0.2208849 0.2185830 0.2281848 0.2309443 0.2705979 0.2675817 0.2360114 0.3051589 
Saccharomyces_eubayanus                     0.2176509 0.2145231 0.2130391 0.2594123 0.1915173 0.3086762 0.2124000 0.1937393 0.1618252 0.1706716 1.4113481 0.0576707 0.0410659 0.0000000 0.0508790 0.0516757 0.0365380 0.0118175 0.2814519 0.2507152 0.2340008 0.2122025 0.2140939 0.2192650 0.1984016 0.1994499 0.2102000 0.2791582 0.1896045 0.2529439 0.2089597 0.2156330 0.2168815 0.2357290 0.2170582 0.2424889 0.2596544 0.2793037 0.2331921 0.3208247 
Saccharomyces_kudriavzevii                  0.2291086 0.2049745 0.2040722 0.2601607 0.2011361 0.3076807 0.2189332 0.2108779 0.1746212 0.1725860 1.3368018 0.0630569 0.0475287 0.0508790 0.0000000 0.0525200 0.0408634 0.0513558 0.2741610 0.2420723 0.2454600 0.2191317 0.2264260 0.2270834 0.2115377 0.2116970 0.2188337 0.2874298 0.1888613 0.2637559 0.2005087 0.2287463 0.2279752 0.2323432 0.2352536 0.2549066 0.2593893 0.2633831 0.2366605 0.3168944 
Saccharomyces_mikatae                       0.2574461 0.2303470 0.2229522 0.2929680 0.2026062 0.3215384 0.2128686 0.2035865 0.1804415 0.1726003 1.4084972 0.0584460 0.0276583 0.0516757 0.0525200 0.0000000 0.0282805 0.0539917 0.2807601 0.2478593 0.2543383 0.2339532 0.2433368 0.2252170 0.2227855 0.2298110 0.2346245 0.3009773 0.2042649 0.2664909 0.2222448 0.2180449 0.2315951 0.2402323 0.2389366 0.2580961 0.2671583 0.2911362 0.2389330 0.3233615 
Saccharomyces_paradoxus                     0.2258458 0.2155147 0.2137292 0.2753165 0.1879367 0.3038899 0.2029198 0.1923699 0.1635051 0.1690659 1.4250829 0.0495002 0.0083515 0.0365380 0.0408634 0.0282805 0.0000000 0.0347574 0.2752462 0.2462318 0.2401498 0.2197801 0.2273256 0.2139482 0.2081895 0.2114155 0.2061417 0.2820760 0.1932096 0.2462779 0.2057036 0.2057499 0.2174287 0.2276882 0.2247407 0.2353678 0.2635807 0.2862176 0.2322901 0.3037211 
Saccharomyces_uvarum                        0.2329063 0.2217047 0.2096528 0.2744836 0.1919792 0.3065476 0.2115851 0.1927592 0.1691688 0.1763166 1.4651097 0.0623629 0.0392046 0.0118175 0.0513558 0.0539917 0.0347574 0.0000000 0.2840769 0.2571596 0.2411447 0.2267863 0.2201172 0.2361347 0.2055359 0.2108955 0.2187119 0.2821364 0.1986520 0.2712435 0.2218244 0.2219503 0.2159355 0.2502737 0.2161128 0.2575521 0.2697857 0.2957791 0.2440008 0.3230459 
Tetrapisispora_blattae                      0.3028624 0.2841414 0.3115543 0.3225299 0.2642340 0.3666708 0.2674148 0.2832917 0.2791247 0.2943842 1.5376806 0.2875670 0.2703900 0.2814519 0.2741610 0.2807601 0.2752462 0.2840769 0.0000000 0.2526235 0.2498703 0.2931447 0.3160166 0.2595320 0.2470704 0.2915696 0.3011023 0.3167208 0.2676838 0.3399822 0.2749930 0.2634247 0.3145397 0.2835960 0.3149536 0.3381336 0.2531042 0.2740476 0.2576628 0.2405336 
Tetrapisispora_phaffii                      0.2714303 0.2466870 0.2745317 0.2806189 0.2399686 0.3415600 0.2621799 0.2631688 0.2373534 0.2484276 1.3343117 0.2514479 0.2525248 0.2507152 0.2420723 0.2478593 0.2462318 0.2571596 0.2526235 0.0000000 0.2112606 0.2440581 0.2722479 0.2442473 0.2587120 0.2836571 0.2718537 0.3000375 0.2325848 0.2858739 0.2424824 0.2310953 0.2952563 0.2762712 0.2861840 0.2846255 0.0459429 0.0479653 0.0450463 0.3259806 
Vanderwaltozyma_polyspora                   0.2761129 0.2652683 0.2538724 0.2702265 0.2336453 0.3247062 0.2417344 0.2406390 0.2412604 0.2270958 1.4227584 0.2529327 0.2374491 0.2340008 0.2454600 0.2543383 0.2401498 0.2411447 0.2498703 0.2112606 0.0000000 0.2317334 0.2715946 0.2372394 0.2591399 0.2528275 0.2629735 0.2918896 0.2391376 0.2673095 0.2420768 0.2187389 0.2579636 0.2902551 0.2616031 0.2639435 0.1907134 0.2227936 0.1798375 0.2860677 
yHAB132_Kazachstania_martiniae              0.2283543 0.2096186 0.1862221 0.2954814 0.2090470 0.3474090 0.2200675 0.2265968 0.1732458 0.1802076 1.5393249 0.2289346 0.2135924 0.2122025 0.2191317 0.2339532 0.2197801 0.2267863 0.2931447 0.2440581 0.2317334 0.0000000 0.1966810 0.2267247 0.1603250 0.1864010 0.1824639 0.2311232 0.1649212 0.2298288 0.1786785 0.1818594 0.1796951 0.2389639 0.1825429 0.2283672 0.2452331 0.2576470 0.2145137 0.3150486 
yHAB133_Kazachstania_unispora               0.2237019 0.2179562 0.1977096 0.2596874 0.2243567 0.2936276 0.2442912 0.2427693 0.1837072 0.1823627 1.4509132 0.2432122 0.2194545 0.2140939 0.2264260 0.2433368 0.2273256 0.2201172 0.3160166 0.2722479 0.2715946 0.1966810 0.0000000 0.2359864 0.1772783 0.0418902 0.1487727 0.2600430 0.1857719 0.1844199 0.2112270 0.1756754 0.0383728 0.2223006 0.0341079 0.1771323 0.2728204 0.2904439 0.2640223 0.3177313 
yHAB134_Kazachstania_turicensis             0.2236714 0.2186709 0.2334540 0.2767502 0.2178218 0.2872740 0.2271027 0.2280010 0.2050150 0.2045972 1.3981858 0.2446774 0.2059489 0.2192650 0.2270834 0.2252170 0.2139482 0.2361347 0.2595320 0.2442473 0.2372394 0.2267247 0.2359864 0.0000000 0.2198717 0.2261981 0.2167319 0.2612009 0.1529110 0.2482531 0.1702744 0.1938656 0.2356084 0.1138728 0.2397715 0.2266186 0.2480543 0.2440309 0.2524429 0.3262865 
yHAB136_Kazachstania_bromeliacearum         0.2173369 0.2051312 0.1556509 0.2912023 0.2073390 0.3126749 0.2351733 0.2257129 0.1529509 0.1551657 1.4932059 0.2282536 0.2058167 0.1984016 0.2115377 0.2227855 0.2081895 0.2055359 0.2470704 0.2587120 0.2591399 0.1603250 0.1772783 0.2198717 0.0000000 0.1631054 0.1808357 0.2370128 0.1671788 0.2087801 0.1846613 0.2042820 0.1813802 0.2180400 0.1787484 0.1964411 0.2485665 0.2747824 0.2523163 0.3438431 
yHAB143_Kazachstania_siamensis              0.1998025 0.2225922 0.1842316 0.2561438 0.2151161 0.3012825 0.2337773 0.2290691 0.1766775 0.1782235 1.4407703 0.2312903 0.2031764 0.1994499 0.2116970 0.2298110 0.2114155 0.2108955 0.2915696 0.2836571 0.2528275 0.1864010 0.0418902 0.2261981 0.1631054 0.0000000 0.1382221 0.2535964 0.1689518 0.1825738 0.1934934 0.1731322 0.0558626 0.2149513 0.0515777 0.1731439 0.2700008 0.3012470 0.2638090 0.3051993 
yHAB147_Kazachstania_taianensis             0.2473423 0.2348751 0.1807052 0.2862441 0.2098273 0.3428192 0.2487152 0.2347384 0.1958964 0.2034806 1.4679456 0.2208756 0.2042514 0.2102000 0.2188337 0.2346245 0.2061417 0.2187119 0.3011023 0.2718537 0.2629735 0.1824639 0.1487727 0.2167319 0.1808357 0.1382221 0.0000000 0.2471604 0.1898600 0.1839605 0.1903356 0.1901706 0.1383088 0.2200537 0.1415442 0.1810580 0.2772696 0.2954014 0.2727200 0.3288764 
yHAB148_Kazachstania_intestinalis           0.2887700 0.2553943 0.2874161 0.3221952 0.2700554 0.3356213 0.2867258 0.2856259 0.2505131 0.2735870 1.4334134 0.2827882 0.2863723 0.2791582 0.2874298 0.3009773 0.2820760 0.2821364 0.3167208 0.3000375 0.2918896 0.2311232 0.2600430 0.2612009 0.2370128 0.2535964 0.2471604 0.0000000 0.2590390 0.2739841 0.2604644 0.2764121 0.2677195 0.2871133 0.2680124 0.2748465 0.3055412 0.3023629 0.2887161 0.3536148 
yHAB153_Kazachstania_rosinii                0.2153363 0.1854772 0.2175195 0.2692558 0.1885853 0.3068683 0.2023203 0.2044402 0.1351501 0.1691099 1.4661608 0.2123976 0.1811622 0.1896045 0.1888613 0.2042649 0.1932096 0.1986520 0.2676838 0.2325848 0.2391376 0.1649212 0.1857719 0.1529110 0.1671788 0.1689518 0.1898600 0.2590390 0.0000000 0.2261368 0.1318380 0.1600703 0.1985849 0.1596572 0.1959921 0.2246537 0.2259311 0.2451435 0.2204796 0.3088342 
yHAB154_Kazachstania_transvaalensis         0.2686692 0.2683020 0.2174104 0.3207120 0.2464278 0.3625703 0.2613183 0.2731372 0.2110191 0.2383206 1.4541978 0.2611463 0.2395103 0.2529439 0.2637559 0.2664909 0.2462779 0.2712435 0.3399822 0.2858739 0.2673095 0.2298288 0.1844199 0.2482531 0.2087801 0.1825738 0.1839605 0.2739841 0.2261368 0.0000000 0.2433547 0.2152863 0.1819765 0.2954939 0.1827288 0.0487973 0.2922682 0.3003395 0.2495865 0.3686868 
yHAB155_Kazachstania_spencerorum            0.2634006 0.2333723 0.2152291 0.2796474 0.2234369 0.3636273 0.2469444 0.2453441 0.1597798 0.1909093 1.5054332 0.2270124 0.2006467 0.2089597 0.2005087 0.2222448 0.2057036 0.2218244 0.2749930 0.2424824 0.2420768 0.1786785 0.2112270 0.1702744 0.1846613 0.1934934 0.1903356 0.2604644 0.1318380 0.2433547 0.0000000 0.1906185 0.2044587 0.1956913 0.2066653 0.2304529 0.2393041 0.2534073 0.2263007 0.3218836 
yHAB158_Kazachstania_viticola               0.2151561 0.1892906 0.2144903 0.2640230 0.2320132 0.3219417 0.2453547 0.2514989 0.1787917 0.1660247 1.3979313 0.2257310 0.2067990 0.2156330 0.2287463 0.2180449 0.2057499 0.2219503 0.2634247 0.2310953 0.2187389 0.1818594 0.1756754 0.1938656 0.2042820 0.1731322 0.1901706 0.2764121 0.1600703 0.2152863 0.1906185 0.0000000 0.1967168 0.2037991 0.1981156 0.2087561 0.2133945 0.2106875 0.2299138 0.2771569 
yHAB159_Kazachstania_solicola               0.2176504 0.2096788 0.1878020 0.2400347 0.2312296 0.2993372 0.2571328 0.2531155 0.1933263 0.1780002 1.3977358 0.2355250 0.2208849 0.2168815 0.2279752 0.2315951 0.2174287 0.2159355 0.3145397 0.2952563 0.2579636 0.1796951 0.0383728 0.2356084 0.1813802 0.0558626 0.1383088 0.2677195 0.1985849 0.1819765 0.2044587 0.1967168 0.0000000 0.2196095 0.0083424 0.1619370 0.2879203 0.2794558 0.2784609 0.3301836 
yHAB160_Kazachstania_kunashirensis          0.2600607 0.2508641 0.2371738 0.3074633 0.2372512 0.3292888 0.2681055 0.2561430 0.1874109 0.1992372 1.5337663 0.2564838 0.2185830 0.2357290 0.2323432 0.2402323 0.2276882 0.2502737 0.2835960 0.2762712 0.2902551 0.2389639 0.2223006 0.1138728 0.2180400 0.2149513 0.2200537 0.2871133 0.1596572 0.2954939 0.1956913 0.2037991 0.2196095 0.0000000 0.2248660 0.2747144 0.2758601 0.2797879 0.2799513 0.3574514 
yHAB164_Kazachstania_aerobia                0.2180496 0.2104666 0.1926245 0.2377318 0.2309948 0.2961699 0.2512713 0.2472449 0.1936105 0.1802011 1.3805051 0.2414874 0.2281848 0.2170582 0.2352536 0.2389366 0.2247407 0.2161128 0.3149536 0.2861840 0.2616031 0.1825429 0.0341079 0.2397715 0.1787484 0.0515777 0.1415442 0.2680124 0.1959921 0.1827288 0.2066653 0.1981156 0.0083424 0.2248660 0.0000000 0.1625433 0.2804025 0.2855774 0.2721427 0.3206282 
yHAB166_Kazachstania_yakushimaensis         0.2632187 0.2684521 0.2001050 0.3195092 0.2462139 0.3613192 0.2627448 0.2756026 0.1972941 0.2212569 1.5039983 0.2582767 0.2309443 0.2424889 0.2549066 0.2580961 0.2353678 0.2575521 0.3381336 0.2846255 0.2639435 0.2283672 0.1771323 0.2266186 0.1964411 0.1731439 0.1810580 0.2748465 0.2246537 0.0487973 0.2304529 0.2087561 0.1619370 0.2747144 0.1625433 0.0000000 0.2762792 0.2912084 0.2478744 0.3653665 
yHMPu5000034875_Tetrapisispora_fleetii      0.2674026 0.2432047 0.2802830 0.2734591 0.2537672 0.3457467 0.2678633 0.2645655 0.2408440 0.2483927 1.3106202 0.2751112 0.2705979 0.2596544 0.2593893 0.2671583 0.2635807 0.2697857 0.2531042 0.0459429 0.1907134 0.2452331 0.2728204 0.2480543 0.2485665 0.2700008 0.2772696 0.3055412 0.2259311 0.2922682 0.2393041 0.2133945 0.2879203 0.2758601 0.2804025 0.2762792 0.0000000 0.0530723 0.0181277 0.3215713 
yHMPu5000034876_Tetrapisispora_iriomotensis 0.2940829 0.2596557 0.2984979 0.3164511 0.2447322 0.3874870 0.2741366 0.2740795 0.2341565 0.2661937 1.4661120 0.2912581 0.2675817 0.2793037 0.2633831 0.2911362 0.2862176 0.2957791 0.2740476 0.0479653 0.2227936 0.2576470 0.2904439 0.2440309 0.2747824 0.3012470 0.2954014 0.3023629 0.2451435 0.3003395 0.2534073 0.2106875 0.2794558 0.2797879 0.2855774 0.2912084 0.0530723 0.0000000 0.0617445 0.3806521 
yHMPu5000034877_Tetrapisispora_namnaonensis 0.2587016 0.2435377 0.2682833 0.2541802 0.2269719 0.3247738 0.2384344 0.2366569 0.2233333 0.2399028 1.3565626 0.2384282 0.2360114 0.2331921 0.2366605 0.2389330 0.2322901 0.2440008 0.2576628 0.0450463 0.1798375 0.2145137 0.2640223 0.2524429 0.2523163 0.2638090 0.2727200 0.2887161 0.2204796 0.2495865 0.2263007 0.2299138 0.2784609 0.2799513 0.2721427 0.2478744 0.0181277 0.0617445 0.0000000 0.2877598 
yHMPu5000035629_Yueomyces_sinensis          0.3606080 0.3625610 0.3459290 0.3574048 0.3228185 0.3857864 0.3127498 0.3346424 0.3264448 0.3086892 1.5642924 0.3356199 0.3051589 0.3208247 0.3168944 0.3233615 0.3037211 0.3230459 0.2405336 0.3259806 0.2860677 0.3150486 0.3177313 0.3262865 0.3438431 0.3051993 0.3288764 0.3536148 0.3088342 0.3686868 0.3218836 0.2771569 0.3301836 0.3574514 0.3206282 0.3653665 0.3215713 0.3806521 0.2877598 0.0000000 
