40
Candida_glabrata                            0.0000000 0.3644629 0.4901179 0.4293068 0.0833121 0.4017175 0.0911347 0.0844802 0.3566508 0.4131431 1.5678551 0.3259189 0.2871244 0.3130248 0.3093140 0.3127707 0.3028835 0.3159421 0.6998770 0.4324259 0.4657381 0.3722081 0.3608291 0.3717872 0.3804115 0.3704174 0.3821694 0.4075292 0.4294973 0.3688998 0.4270608 0.4285585 0.3676659 0.4566920 0.3887004 0.4303399 0.4339004 0.4210840 0.4576898 0.7348355 
Kazachstania_africana                       0.3644629 0.0000000 0.3147494 0.3663027 0.3327104 0.4645247 0.3398984 0.3373453 0.2257900 0.2585881 1.8482363 0.2380206 0.2250408 0.2472058 0.1965696 0.2452708 0.2314837 0.2532533 0.9080149 0.3147568 0.3595179 0.1866140 0.2504752 0.2867941 0.1829320 0.2729919 0.2138145 0.2599923 0.2337833 0.2606193 0.2544550 0.2422375 0.3162168 0.2980997 0.2859282 0.2765311 0.2901287 0.3068583 0.2817301 0.7703552 
Kazachstania_naganishii                     0.4901179 0.3147494 0.0000000 0.5307927 0.4863253 0.4624055 0.4903154 0.4874256 0.4238680 0.4617418 1.9711572 0.3848551 0.3803773 0.4027909 0.3766021 0.3872345 0.3911977 0.4174472 0.9189637 0.3211103 0.4107363 0.3658289 0.3615288 0.4507307 0.3097462 0.3660522 0.3727208 0.4150534 0.3735468 0.3604125 0.4433777 0.4198666 0.3785555 0.4855359 0.3755286 0.3814113 0.2963807 0.3238464 0.3059535 0.8097972 
Nakaseomyces_bacillisporus                  0.4293068 0.3663027 0.5307927 0.0000000 0.4030105 0.3793216 0.4176641 0.4307614 0.3268854 0.4331007 1.7980365 0.3113820 0.2805157 0.2962857 0.2568581 0.2768109 0.2956028 0.3023923 0.8589245 0.3836793 0.3844782 0.3892747 0.3056514 0.4049559 0.3349991 0.3859836 0.3532838 0.4526475 0.4141774 0.4454447 0.4088393 0.3868619 0.3927212 0.4470123 0.3611336 0.4441661 0.3954248 0.3590984 0.3930902 0.7304071 
Nakaseomyces_bracarensis                    0.0833121 0.3327104 0.4863253 0.4030105 0.0000000 0.4213697 0.0704313 0.0340763 0.3021384 0.3456173 1.6060307 0.3273929 0.2840360 0.3250043 0.2958666 0.2978019 0.2963793 0.3278570 0.6950569 0.4573782 0.4472510 0.3497701 0.3340319 0.3714894 0.3494659 0.3560753 0.3698557 0.3770952 0.3865638 0.3518200 0.3952906 0.3866716 0.3281169 0.4174056 0.3474777 0.3851184 0.4336155 0.4471575 0.4567195 0.7363710 
Nakaseomyces_castellii                      0.4017175 0.4645247 0.4624055 0.3793216 0.4213697 0.0000000 0.4446924 0.4352359 0.3678211 0.4168180 1.4802765 0.3797496 0.3554420 0.3624633 0.3639437 0.3439197 0.3723448 0.3768185 0.7110250 0.4172585 0.4531583 0.4694723 0.3917078 0.4301136 0.3635679 0.4023426 0.3418290 0.4281670 0.4649075 0.3841240 0.4247510 0.4045549 0.3858513 0.4787832 0.3670377 0.4281969 0.3847417 0.4196819 0.3865382 0.7251091 
Nakaseomyces_delphensis                     0.0911347 0.3398984 0.4903154 0.4176641 0.0704313 0.4446924 0.0000000 0.0531329 0.3326010 0.3692041 1.6554125 0.3084901 0.2839917 0.3116801 0.2972128 0.3070069 0.2960106 0.3145297 0.6733305 0.4472104 0.4620933 0.3837117 0.3687875 0.3856650 0.3737543 0.3969612 0.3748048 0.3955092 0.4008741 0.3759168 0.4096794 0.4245500 0.3888879 0.4453903 0.3913336 0.4397964 0.4332468 0.4487809 0.4565802 0.7543101 
Nakaseomyces_nivariensis                    0.0844802 0.3373453 0.4874256 0.4307614 0.0340763 0.4352359 0.0531329 0.0000000 0.3264611 0.3459806 1.6250805 0.3461937 0.3161907 0.3358426 0.3279725 0.3301729 0.3289302 0.3387369 0.6850555 0.4481064 0.4550563 0.3656471 0.3532137 0.3914219 0.3645567 0.3622533 0.3857377 0.3936694 0.4032738 0.3668147 0.4016009 0.4063173 0.3475535 0.4343142 0.3673690 0.4107670 0.4346845 0.4482291 0.4578026 0.7553252 
Naumovozyma_castellii                       0.3566508 0.2257900 0.4238680 0.3268854 0.3021384 0.3678211 0.3326010 0.3264611 0.0000000 0.2092703 1.7442850 0.2185801 0.2023590 0.2117644 0.1648114 0.1952443 0.1992599 0.2097532 0.7160053 0.3514357 0.2537263 0.2028182 0.2298454 0.2770835 0.2218535 0.2668600 0.2539729 0.2655609 0.1714457 0.2611438 0.2712975 0.2298729 0.2817653 0.2409460 0.2612798 0.2870743 0.3221726 0.3251279 0.3122149 0.7693490 
Naumovozyma_dairenensis                     0.4131431 0.2585881 0.4617418 0.4331007 0.3456173 0.4168180 0.3692041 0.3459806 0.2092703 0.0000000 1.7726095 0.2956178 0.2765995 0.3217679 0.2437377 0.2963077 0.2856258 0.3247752 0.8145598 0.4339560 0.4357122 0.3078308 0.3129053 0.3491445 0.2577486 0.3576970 0.2770649 0.2919167 0.3271264 0.3296280 0.3269308 0.3040635 0.3296771 0.3645551 0.3040956 0.3661781 0.3728894 0.4158887 0.3805499 0.8224771 
Neurospora_crassa                           1.5678551 1.8482363 1.9711572 1.7980365 1.6060307 1.4802765 1.6554125 1.6250805 1.7442850 1.7726095 0.0000000 1.6816814 1.5968479 1.6369989 1.6202874 1.6264117 1.6379596 1.6203510 2.0742323 1.7434854 1.9484246 1.8187252 1.6750907 1.6589413 1.6473541 1.6693390 1.5595428 1.6602619 1.8466382 1.5316153 2.1002205 1.8051887 1.6942873 1.6248018 1.8349646 1.8012389 1.7438723 1.7915200 1.6983090 2.0230786 
Saccharomyces_arboricola                    0.3259189 0.2380206 0.3848551 0.3113820 0.3273929 0.3797496 0.3084901 0.3461937 0.2185801 0.2956178 1.6816814 0.0000000 0.0531556 0.0579653 0.0366648 0.0598029 0.0531502 0.0641015 0.7348262 0.3643688 0.3125514 0.2788302 0.2425317 0.2755793 0.2420530 0.2698363 0.2460627 0.3153386 0.2887814 0.2621318 0.3028645 0.2913290 0.2961683 0.3233890 0.2675630 0.3093178 0.3211976 0.3394862 0.3287627 0.7121304 
Saccharomyces_cerevisiae                    0.2871244 0.2250408 0.3803773 0.2805157 0.2840360 0.3554420 0.2839917 0.3161907 0.2023590 0.2765995 1.5968479 0.0531556 0.0000000 0.0819389 0.0348199 0.0477409 0.0114853 0.0878793 0.7502490 0.3559204 0.3163734 0.2398052 0.2311646 0.2710323 0.2083145 0.2419331 0.2266590 0.2620034 0.2750633 0.2506340 0.2976095 0.2716890 0.2723751 0.2963820 0.2605497 0.2824475 0.3204776 0.3387812 0.3276056 0.7133380 
Saccharomyces_eubayanus                     0.3130248 0.2472058 0.4027909 0.2962857 0.3250043 0.3624633 0.3116801 0.3358426 0.2117644 0.3217679 1.6369989 0.0579653 0.0819389 0.0000000 0.0599279 0.0790720 0.0819106 0.0057108 0.6936013 0.3454446 0.3031284 0.2753420 0.2340571 0.2700344 0.2441260 0.2392847 0.2513392 0.3138432 0.2891450 0.2697901 0.3058915 0.2849981 0.2950742 0.3113356 0.2674876 0.3114608 0.2976037 0.3280822 0.3093058 0.6768789 
Saccharomyces_kudriavzevii                  0.3093140 0.1965696 0.3766021 0.2568581 0.2958666 0.3639437 0.2972128 0.3279725 0.1648114 0.2437377 1.6202874 0.0366648 0.0348199 0.0599279 0.0000000 0.0409871 0.0348214 0.0657285 0.7258780 0.3280149 0.2880919 0.2210244 0.1966498 0.2409906 0.1893389 0.2219097 0.1961574 0.2842067 0.2385668 0.2465062 0.2710131 0.2393807 0.2555598 0.2734360 0.2279291 0.2790900 0.2885582 0.3063255 0.2955713 0.7111501 
Saccharomyces_mikatae                       0.3127707 0.2452708 0.3872345 0.2768109 0.2978019 0.3439197 0.3070069 0.3301729 0.1952443 0.2963077 1.6264117 0.0598029 0.0477409 0.0790720 0.0409871 0.0000000 0.0477381 0.0848969 0.7315625 0.3671087 0.3134221 0.2717741 0.2199920 0.2695055 0.2173095 0.2460405 0.2355519 0.3075906 0.2561906 0.2514737 0.2920685 0.2631988 0.2746206 0.2915750 0.2466218 0.2743719 0.3311638 0.3706493 0.3589243 0.6748613 
Saccharomyces_paradoxus                     0.3028835 0.2314837 0.3911977 0.2956028 0.2963793 0.3723448 0.2960106 0.3289302 0.1992599 0.2856258 1.6379596 0.0531502 0.0114853 0.0819106 0.0348214 0.0477381 0.0000000 0.0878447 0.7368638 0.3728976 0.3179779 0.2449231 0.2282142 0.2728708 0.2127873 0.2440645 0.2278137 0.2687608 0.2715477 0.2472718 0.2941091 0.2749931 0.2689540 0.2928709 0.2574276 0.2791603 0.3414665 0.3603638 0.3435154 0.7051674 
Saccharomyces_uvarum                        0.3159421 0.2532533 0.4174472 0.3023923 0.3278570 0.3768185 0.3145297 0.3387369 0.2097532 0.3247752 1.6203510 0.0641015 0.0878793 0.0057108 0.0657285 0.0848969 0.0878447 0.0000000 0.6980164 0.3604666 0.3001273 0.2646888 0.2398669 0.2834206 0.2500501 0.2540436 0.2573038 0.3199841 0.2863606 0.2756858 0.3116926 0.2953809 0.2978039 0.3084743 0.2701477 0.3173935 0.3090352 0.3429092 0.3170603 0.6973498 
Tetrapisispora_blattae                      0.6998770 0.9080149 0.9189637 0.8589245 0.6950569 0.7110250 0.6733305 0.6850555 0.7160053 0.8145598 2.0742323 0.7348262 0.7502490 0.6936013 0.7258780 0.7315625 0.7368638 0.6980164 0.0000000 0.8154497 0.7775778 0.8728712 0.7540712 0.8218923 0.7953838 0.7324725 0.8074577 0.8612829 0.7601150 0.7665260 0.8298166 0.9127153 0.7656081 0.7643793 0.7886682 0.8372119 0.7654432 0.8491015 0.7977640 0.6207267 
Tetrapisispora_phaffii                      0.4324259 0.3147568 0.3211103 0.3836793 0.4573782 0.4172585 0.4472104 0.4481064 0.3514357 0.4339560 1.7434854 0.3643688 0.3559204 0.3454446 0.3280149 0.3671087 0.3728976 0.3604666 0.8154497 0.0000000 0.2904235 0.3810064 0.3494874 0.3908257 0.2870891 0.3400210 0.3022034 0.3884001 0.3692992 0.3152016 0.4003670 0.4333852 0.3440926 0.3903758 0.3641262 0.4117427 0.1276180 0.1414152 0.1064845 0.7453682 
Vanderwaltozyma_polyspora                   0.4657381 0.3595179 0.4107363 0.3844782 0.4472510 0.4531583 0.4620933 0.4550563 0.2537263 0.4357122 1.9484246 0.3125514 0.3163734 0.3031284 0.2880919 0.3134221 0.3179779 0.3001273 0.7775778 0.2904235 0.0000000 0.3680664 0.3006808 0.3355982 0.3251861 0.3218306 0.3297912 0.4251751 0.3694301 0.3256735 0.4216961 0.4453415 0.3076171 0.3518466 0.2778801 0.3893498 0.2866003 0.2666063 0.3017755 0.7236322 
yHAB132_Kazachstania_martiniae              0.3722081 0.1866140 0.3658289 0.3892747 0.3497701 0.4694723 0.3837117 0.3656471 0.2028182 0.3078308 1.8187252 0.2788302 0.2398052 0.2753420 0.2210244 0.2717741 0.2449231 0.2646888 0.8728712 0.3810064 0.3680664 0.0000000 0.2601893 0.3215763 0.1678356 0.2821015 0.2579865 0.2632742 0.2031019 0.2988523 0.2427184 0.2416640 0.2913316 0.2931588 0.2939783 0.3078578 0.3245135 0.3360946 0.3204878 0.8566264 
yHAB133_Kazachstania_unispora               0.3608291 0.2504752 0.3615288 0.3056514 0.3340319 0.3917078 0.3687875 0.3532137 0.2298454 0.3129053 1.6750907 0.2425317 0.2311646 0.2340571 0.1966498 0.2199920 0.2282142 0.2398669 0.7540712 0.3494874 0.3006808 0.2601893 0.0000000 0.2892675 0.2095027 0.0811122 0.2272165 0.3205353 0.2567016 0.2466452 0.2421975 0.2620777 0.0955087 0.3267290 0.0612701 0.2362026 0.3045793 0.3289149 0.3133912 0.7270604 
yHAB134_Kazachstania_turicensis             0.3717872 0.2867941 0.4507307 0.4049559 0.3714894 0.4301136 0.3856650 0.3914219 0.2770835 0.3491445 1.6589413 0.2755793 0.2710323 0.2700344 0.2409906 0.2695055 0.2728708 0.2834206 0.8218923 0.3908257 0.3355982 0.3215763 0.2892675 0.0000000 0.2875003 0.2905026 0.2906836 0.3794178 0.2543153 0.2684333 0.2888108 0.3109108 0.3289440 0.1853307 0.2958850 0.3070127 0.3334450 0.3264810 0.3672258 0.6080545 
yHAB136_Kazachstania_bromeliacearum         0.3804115 0.1829320 0.3097462 0.3349991 0.3494659 0.3635679 0.3737543 0.3645567 0.2218535 0.2577486 1.6473541 0.2420530 0.2083145 0.2441260 0.1893389 0.2173095 0.2127873 0.2500501 0.7953838 0.2870891 0.3251861 0.1678356 0.2095027 0.2875003 0.0000000 0.2297252 0.1923632 0.2725937 0.2234303 0.2321997 0.2507145 0.2300332 0.2834715 0.2698195 0.2449350 0.2364496 0.2691294 0.2842787 0.2730762 0.7666619 
yHAB143_Kazachstania_siamensis              0.3704174 0.2729919 0.3660522 0.3859836 0.3560753 0.4023426 0.3969612 0.3622533 0.2668600 0.3576970 1.6693390 0.2698363 0.2419331 0.2392847 0.2219097 0.2460405 0.2440645 0.2540436 0.7324725 0.3400210 0.3218306 0.2821015 0.0811122 0.2905026 0.2297252 0.0000000 0.2542464 0.3278728 0.2885462 0.2944757 0.2713661 0.2728268 0.1431643 0.3341949 0.1301183 0.2730936 0.3203724 0.3470124 0.3327396 0.7087330 
yHAB147_Kazachstania_taianensis             0.3821694 0.2138145 0.3727208 0.3532838 0.3698557 0.3418290 0.3748048 0.3857377 0.2539729 0.2770649 1.5595428 0.2460627 0.2266590 0.2513392 0.1961574 0.2355519 0.2278137 0.2573038 0.8074577 0.3022034 0.3297912 0.2579865 0.2272165 0.2906836 0.1923632 0.2542464 0.0000000 0.2886829 0.2553851 0.2602178 0.2781863 0.2894192 0.2598802 0.3187547 0.2377877 0.2778391 0.2928465 0.2995633 0.3021005 0.7000781 
yHAB148_Kazachstania_intestinalis           0.4075292 0.2599923 0.4150534 0.4526475 0.3770952 0.4281670 0.3955092 0.3936694 0.2655609 0.2919167 1.6602619 0.3153386 0.2620034 0.3138432 0.2842067 0.3075906 0.2687608 0.3199841 0.8612829 0.3884001 0.4251751 0.2632742 0.3205353 0.3794178 0.2725937 0.3278728 0.2886829 0.0000000 0.3020909 0.3174269 0.3017572 0.3040490 0.3258155 0.3606106 0.3614830 0.3724707 0.3830445 0.4135059 0.3865370 0.8057513 
yHAB153_Kazachstania_rosinii                0.4294973 0.2337833 0.3735468 0.4141774 0.3865638 0.4649075 0.4008741 0.4032738 0.1714457 0.3271264 1.8466382 0.2887814 0.2750633 0.2891450 0.2385668 0.2561906 0.2715477 0.2863606 0.7601150 0.3692992 0.3694301 0.2031019 0.2567016 0.2543153 0.2234303 0.2885462 0.2553851 0.3020909 0.0000000 0.2899875 0.2263490 0.2257720 0.3047020 0.2477536 0.2838472 0.2994264 0.2987751 0.3398162 0.3076515 0.7572364 
yHAB154_Kazachstania_transvaalensis         0.3688998 0.2606193 0.3604125 0.4454447 0.3518200 0.3841240 0.3759168 0.3668147 0.2611438 0.3296280 1.5316153 0.2621318 0.2506340 0.2697901 0.2465062 0.2514737 0.2472718 0.2756858 0.7665260 0.3152016 0.3256735 0.2988523 0.2466452 0.2684333 0.2321997 0.2944757 0.2602178 0.3174269 0.2899875 0.0000000 0.3151019 0.3270865 0.2865722 0.3323641 0.2785440 0.1019307 0.2968698 0.3358918 0.3005005 0.6565787 
yHAB155_Kazachstania_spencerorum            0.4270608 0.2544550 0.4433777 0.4088393 0.3952906 0.4247510 0.4096794 0.4016009 0.2712975 0.3269308 2.1002205 0.3028645 0.2976095 0.3058915 0.2710131 0.2920685 0.2941091 0.3116926 0.8298166 0.4003670 0.4216961 0.2427184 0.2421975 0.2888108 0.2507145 0.2713661 0.2781863 0.3017572 0.2263490 0.3151019 0.0000000 0.2121632 0.2811375 0.2808359 0.2615458 0.3279137 0.3769358 0.4021811 0.3700217 0.7787967 
yHAB158_Kazachstania_viticola               0.4285585 0.2422375 0.4198666 0.3868619 0.3866716 0.4045549 0.4245500 0.4063173 0.2298729 0.3040635 1.8051887 0.2913290 0.2716890 0.2849981 0.2393807 0.2631988 0.2749931 0.2953809 0.9127153 0.4333852 0.4453415 0.2416640 0.2620777 0.3109108 0.2300332 0.2728268 0.2894192 0.3040490 0.2257720 0.3270865 0.2121632 0.0000000 0.3311961 0.3247185 0.3110796 0.3507462 0.3692540 0.4090784 0.3811328 0.8237139 
yHAB159_Kazachstania_solicola               0.3676659 0.3162168 0.3785555 0.3927212 0.3281169 0.3858513 0.3888879 0.3475535 0.2817653 0.3296771 1.6942873 0.2961683 0.2723751 0.2950742 0.2555598 0.2746206 0.2689540 0.2978039 0.7656081 0.3440926 0.3076171 0.2913316 0.0955087 0.3289440 0.2834715 0.1431643 0.2598802 0.3258155 0.3047020 0.2865722 0.2811375 0.3311961 0.0000000 0.3437444 0.0350617 0.2917958 0.3539880 0.3647599 0.3596301 0.7232546 
yHAB160_Kazachstania_kunashirensis          0.4566920 0.2980997 0.4855359 0.4470123 0.4174056 0.4787832 0.4453903 0.4343142 0.2409460 0.3645551 1.6248018 0.3233890 0.2963820 0.3113356 0.2734360 0.2915750 0.2928709 0.3084743 0.7643793 0.3903758 0.3518466 0.2931588 0.3267290 0.1853307 0.2698195 0.3341949 0.3187547 0.3606106 0.2477536 0.3323641 0.2808359 0.3247185 0.3437444 0.0000000 0.3343469 0.3433135 0.3636067 0.3776855 0.3639243 0.6761502 
yHAB164_Kazachstania_aerobia                0.3887004 0.2859282 0.3755286 0.3611336 0.3474777 0.3670377 0.3913336 0.3673690 0.2612798 0.3040956 1.8349646 0.2675630 0.2605497 0.2674876 0.2279291 0.2466218 0.2574276 0.2701477 0.7886682 0.3641262 0.2778801 0.2939783 0.0612701 0.2958850 0.2449350 0.1301183 0.2377877 0.3614830 0.2838472 0.2785440 0.2615458 0.3110796 0.0350617 0.3343469 0.0000000 0.2689477 0.3259694 0.3508823 0.3409081 0.7605989 
yHAB166_Kazachstania_yakushimaensis         0.4303399 0.2765311 0.3814113 0.4441661 0.3851184 0.4281969 0.4397964 0.4107670 0.2870743 0.3661781 1.8012389 0.3093178 0.2824475 0.3114608 0.2790900 0.2743719 0.2791603 0.3173935 0.8372119 0.4117427 0.3893498 0.3078578 0.2362026 0.3070127 0.2364496 0.2730936 0.2778391 0.3724707 0.2994264 0.1019307 0.3279137 0.3507462 0.2917958 0.3433135 0.2689477 0.0000000 0.3331783 0.3921333 0.3469593 0.7316140 
yHMPu5000034875_Tetrapisispora_fleetii      0.4339004 0.2901287 0.2963807 0.3954248 0.4336155 0.3847417 0.4332468 0.4346845 0.3221726 0.3728894 1.7438723 0.3211976 0.3204776 0.2976037 0.2885582 0.3311638 0.3414665 0.3090352 0.7654432 0.1276180 0.2866003 0.3245135 0.3045793 0.3334450 0.2691294 0.3203724 0.2928465 0.3830445 0.2987751 0.2968698 0.3769358 0.3692540 0.3539880 0.3636067 0.3259694 0.3331783 0.0000000 0.1160326 0.0590424 0.7263152 
yHMPu5000034876_Tetrapisispora_iriomotensis 0.4210840 0.3068583 0.3238464 0.3590984 0.4471575 0.4196819 0.4487809 0.4482291 0.3251279 0.4158887 1.7915200 0.3394862 0.3387812 0.3280822 0.3063255 0.3706493 0.3603638 0.3429092 0.8491015 0.1414152 0.2666063 0.3360946 0.3289149 0.3264810 0.2842787 0.3470124 0.2995633 0.4135059 0.3398162 0.3358918 0.4021811 0.4090784 0.3647599 0.3776855 0.3508823 0.3921333 0.1160326 0.0000000 0.1133352 0.7278198 
yHMPu5000034877_Tetrapisispora_namnaonensis 0.4576898 0.2817301 0.3059535 0.3930902 0.4567195 0.3865382 0.4565802 0.4578026 0.3122149 0.3805499 1.6983090 0.3287627 0.3276056 0.3093058 0.2955713 0.3589243 0.3435154 0.3170603 0.7977640 0.1064845 0.3017755 0.3204878 0.3133912 0.3672258 0.2730762 0.3327396 0.3021005 0.3865370 0.3076515 0.3005005 0.3700217 0.3811328 0.3596301 0.3639243 0.3409081 0.3469593 0.0590424 0.1133352 0.0000000 0.7726682 
yHMPu5000035629_Yueomyces_sinensis          0.7348355 0.7703552 0.8097972 0.7304071 0.7363710 0.7251091 0.7543101 0.7553252 0.7693490 0.8224771 2.0230786 0.7121304 0.7133380 0.6768789 0.7111501 0.6748613 0.7051674 0.6973498 0.6207267 0.7453682 0.7236322 0.8566264 0.7270604 0.6080545 0.7666619 0.7087330 0.7000781 0.8057513 0.7572364 0.6565787 0.7787967 0.8237139 0.7232546 0.6761502 0.7605989 0.7316140 0.7263152 0.7278198 0.7726682 0.0000000 
