40
Candida_glabrata                            0.0000000 0.3265617 0.3947666 0.3445233 0.0978135 0.3530548 0.1156844 0.0910938 0.2854440 0.3072601 3.4385567 0.2973985 0.2917361 0.2939841 0.2850697 0.2885070 0.2855328 0.2936973 0.3943746 0.3639932 0.2778045 0.3126997 0.4019964 0.4004621 0.3258872 0.3865197 0.3392681 0.3910420 0.4037867 0.4015038 0.4077686 0.4029773 0.3988756 0.3783697 0.3969832 0.4234489 0.3826674 0.3429228 0.3955607 0.3418918 
Kazachstania_africana                       0.3265617 0.0000000 0.3146377 0.3962238 0.3530044 0.4132036 0.3606272 0.3462704 0.2864358 0.2675268 3.4410311 0.3309497 0.3064885 0.3158529 0.3166400 0.3015983 0.3111333 0.3113356 0.3786678 0.3586186 0.3179719 0.2198052 0.2877322 0.3114937 0.2219479 0.2705221 0.2975097 0.2934999 0.2763139 0.3177680 0.2600010 0.2745717 0.3009473 0.2504233 0.3073854 0.3378815 0.3600123 0.3459230 0.3523396 0.3243731 
Kazachstania_naganishii                     0.3947666 0.3146377 0.0000000 0.3943748 0.3913284 0.4187268 0.4223212 0.3850747 0.3633736 0.3621643 3.3367182 0.4136214 0.3999158 0.3831242 0.4114326 0.3902011 0.4043363 0.3814257 0.5343528 0.4429957 0.4176797 0.2842741 0.2876329 0.3934619 0.2128052 0.2968136 0.2733639 0.3224179 0.3428452 0.3424494 0.3659752 0.3839917 0.2910048 0.3415818 0.2864771 0.3834718 0.4252934 0.4304088 0.4413947 0.4942384 
Nakaseomyces_bacillisporus                  0.3445233 0.3962238 0.3943748 0.0000000 0.3224097 0.2957790 0.3584614 0.3298790 0.3729836 0.4105515 3.6480105 0.3687222 0.3577976 0.3483777 0.3724509 0.3449557 0.3552348 0.3478785 0.4649251 0.4006596 0.3764553 0.3572823 0.4246804 0.4937768 0.3612261 0.4204570 0.3846855 0.4613238 0.4384672 0.4123884 0.4492261 0.4278973 0.4437878 0.4603331 0.4380298 0.4511855 0.4094402 0.3925462 0.4085584 0.4784939 
Nakaseomyces_bracarensis                    0.0978135 0.3530044 0.3913284 0.3224097 0.0000000 0.3353623 0.0695460 0.0393383 0.2826634 0.2968590 3.5690466 0.3155329 0.2984130 0.2895756 0.2952583 0.3005898 0.3023038 0.2920301 0.3823389 0.3571933 0.2865054 0.3027745 0.4067458 0.4191913 0.3223313 0.4039755 0.3455671 0.3954486 0.4013879 0.3739955 0.4060579 0.4269286 0.4007611 0.3747057 0.4028740 0.4301967 0.3699463 0.3393964 0.3787141 0.3600052 
Nakaseomyces_castellii                      0.3530548 0.4132036 0.4187268 0.2957790 0.3353623 0.0000000 0.3640286 0.3545680 0.3482482 0.3978212 3.5161745 0.3676067 0.3684896 0.3661250 0.3663063 0.3577335 0.3586062 0.3656206 0.4869146 0.4103136 0.4216614 0.3990593 0.3832054 0.4477997 0.3974046 0.3945269 0.4323268 0.4205753 0.4305161 0.4346543 0.4211165 0.4757818 0.3784337 0.4217773 0.3941242 0.4901920 0.4073679 0.3993136 0.4221949 0.4459181 
Nakaseomyces_delphensis                     0.1156844 0.3606272 0.4223212 0.3584614 0.0695460 0.3640286 0.0000000 0.0592475 0.3159880 0.3322308 3.5205048 0.3499993 0.3080726 0.3257679 0.3252667 0.3162000 0.3049707 0.3254194 0.4087527 0.3860125 0.3012369 0.3317359 0.4233002 0.4281790 0.3624344 0.4123024 0.3803308 0.3963244 0.4457335 0.4004500 0.4083326 0.4399608 0.4281193 0.4078185 0.4237185 0.4455862 0.3735188 0.3594145 0.3826825 0.3525379 
Nakaseomyces_nivariensis                    0.0910938 0.3462704 0.3850747 0.3298790 0.0393383 0.3545680 0.0592475 0.0000000 0.2813867 0.3170712 3.5259551 0.3156825 0.2943894 0.2996577 0.2950819 0.2950022 0.2983082 0.3021292 0.3918380 0.3626456 0.3063130 0.3136339 0.4008135 0.4091722 0.3255461 0.4021746 0.3389223 0.3890418 0.4086755 0.3650144 0.4022339 0.4243169 0.4047280 0.3642159 0.4006020 0.4229295 0.3643272 0.3411562 0.3748432 0.3636103 
Naumovozyma_castellii                       0.2854440 0.2864358 0.3633736 0.3729836 0.2826634 0.3482482 0.3159880 0.2813867 0.0000000 0.2133673 3.4996670 0.2960120 0.2817334 0.2704998 0.2930518 0.2804913 0.2851284 0.2710892 0.3542535 0.2960421 0.2822107 0.2729507 0.3385449 0.3650872 0.2734719 0.3328935 0.3489991 0.3764270 0.3380350 0.3838490 0.3420612 0.3104520 0.3429848 0.3416207 0.3460419 0.3965133 0.2945236 0.2802482 0.3049684 0.3148051 
Naumovozyma_dairenensis                     0.3072601 0.2675268 0.3621643 0.4105515 0.2968590 0.3978212 0.3322308 0.3170712 0.2133673 0.0000000 3.3427981 0.2919241 0.2812545 0.2733784 0.2829328 0.2809054 0.2741138 0.2740346 0.3482855 0.3495851 0.2981356 0.2960040 0.3591806 0.3553921 0.3031971 0.3423504 0.3298660 0.3632604 0.3331334 0.3868144 0.3422908 0.3411133 0.3635619 0.3536124 0.3662588 0.3985796 0.3579169 0.3462015 0.3518300 0.3253251 
Neurospora_crassa                           3.4385567 3.4410311 3.3367182 3.6480105 3.5690466 3.5161745 3.5205048 3.5259551 3.4996670 3.3427981 0.0000000 3.5330806 3.4351206 3.4420356 3.4863474 3.4079172 3.3824939 3.4725916 3.8072698 3.3249737 3.4383178 3.6635544 3.3387519 3.5882737 3.5926065 3.3581513 3.4156748 3.2333756 3.3933122 3.7731144 3.6927852 3.3473626 3.5255142 3.4421616 3.4894214 3.9651364 3.3328123 3.3503995 3.3781409 3.4516890 
Saccharomyces_arboricola                    0.2973985 0.3309497 0.4136214 0.3687222 0.3155329 0.3676067 0.3499993 0.3156825 0.2960120 0.2919241 3.5330806 0.0000000 0.0535098 0.0471803 0.0351709 0.0431855 0.0488465 0.0432290 0.3667848 0.3506052 0.3311124 0.3026042 0.3923957 0.3834707 0.3445797 0.3851005 0.3775954 0.4153961 0.3645877 0.4084919 0.3559821 0.3879574 0.4018535 0.3685079 0.4035723 0.4312652 0.3474958 0.3319385 0.3598261 0.3153125 
Saccharomyces_cerevisiae                    0.2917361 0.3064885 0.3999158 0.3577976 0.2984130 0.3684896 0.3080726 0.2943894 0.2817334 0.2812545 3.4351206 0.0535098 0.0000000 0.0527703 0.0398985 0.0239678 0.0127266 0.0488070 0.3335935 0.3364181 0.3049277 0.2844936 0.3861873 0.3808965 0.3273038 0.3531831 0.3707563 0.3974986 0.3574404 0.4011694 0.3430389 0.3788291 0.3914761 0.3508529 0.3860877 0.4389057 0.3412813 0.3456742 0.3404715 0.3022411 
Saccharomyces_eubayanus                     0.2939841 0.3158529 0.3831242 0.3483777 0.2895756 0.3661250 0.3257679 0.2996577 0.2704998 0.2733784 3.4420356 0.0471803 0.0527703 0.0000000 0.0428708 0.0334331 0.0486982 0.0035887 0.3480001 0.3386980 0.3057789 0.2803984 0.3795355 0.3595254 0.3107424 0.3633925 0.3535176 0.3911747 0.3381964 0.3882019 0.3429202 0.3715547 0.3727483 0.3402226 0.3808037 0.4262394 0.3233135 0.3204720 0.3340524 0.3006984 
Saccharomyces_kudriavzevii                  0.2850697 0.3166400 0.4114326 0.3724509 0.2952583 0.3663063 0.3252667 0.2950819 0.2930518 0.2829328 3.4863474 0.0351709 0.0398985 0.0428708 0.0000000 0.0282885 0.0319690 0.0389848 0.3315702 0.3431325 0.3200301 0.2993225 0.3878772 0.3847788 0.3372567 0.3714855 0.3737314 0.4040684 0.3509166 0.4132891 0.3583425 0.3809535 0.3948073 0.3489885 0.3956849 0.4424248 0.3442250 0.3462178 0.3486025 0.3138614 
Saccharomyces_mikatae                       0.2885070 0.3015983 0.3902011 0.3449557 0.3005898 0.3577335 0.3162000 0.2950022 0.2804913 0.2809054 3.4079172 0.0431855 0.0239678 0.0334331 0.0282885 0.0000000 0.0181963 0.0295976 0.3294024 0.3318801 0.3067206 0.2854573 0.3869517 0.3712855 0.3190901 0.3577907 0.3654631 0.3998109 0.3470149 0.4052910 0.3406568 0.3587480 0.3849039 0.3524550 0.3790939 0.4326865 0.3360017 0.3359850 0.3373991 0.3176376 
Saccharomyces_paradoxus                     0.2855328 0.3111333 0.4043363 0.3552348 0.3023038 0.3586062 0.3049707 0.2983082 0.2851284 0.2741138 3.3824939 0.0488465 0.0127266 0.0486982 0.0319690 0.0181963 0.0000000 0.0447741 0.3274540 0.3359795 0.3053029 0.2988138 0.3917381 0.3778049 0.3343627 0.3500772 0.3752512 0.4002004 0.3592859 0.4007255 0.3419993 0.3784032 0.3959585 0.3566756 0.3905653 0.4392701 0.3351446 0.3452838 0.3425051 0.3040381 
Saccharomyces_uvarum                        0.2936973 0.3113356 0.3814257 0.3478785 0.2920301 0.3656206 0.3254194 0.3021292 0.2710892 0.2740346 3.4725916 0.0432290 0.0488070 0.0035887 0.0389848 0.0295976 0.0447741 0.0000000 0.3474968 0.3340979 0.3013549 0.2792115 0.3805364 0.3560967 0.3093567 0.3643391 0.3502292 0.3939289 0.3367003 0.3909549 0.3396679 0.3680381 0.3737462 0.3387162 0.3818231 0.4292482 0.3187493 0.3158855 0.3294763 0.3027139 
Tetrapisispora_blattae                      0.3943746 0.3786678 0.5343528 0.4649251 0.3823389 0.4869146 0.4087527 0.3918380 0.3542535 0.3482855 3.8072698 0.3667848 0.3335935 0.3480001 0.3315702 0.3294024 0.3274540 0.3474968 0.0000000 0.4184080 0.3575978 0.4025244 0.5060173 0.5199229 0.4055042 0.4698077 0.4575639 0.4800301 0.4302695 0.4960878 0.4244126 0.4597281 0.5165217 0.4315592 0.5024164 0.5337076 0.4266596 0.4197313 0.4202111 0.2523505 
Tetrapisispora_phaffii                      0.3639932 0.3586186 0.4429957 0.4006596 0.3571933 0.4103136 0.3860125 0.3626456 0.2960421 0.3495851 3.3249737 0.3506052 0.3364181 0.3386980 0.3431325 0.3318801 0.3359795 0.3340979 0.4184080 0.0000000 0.2581098 0.3416493 0.4360414 0.4787887 0.3526987 0.3894838 0.3992925 0.4318720 0.3934230 0.4511519 0.4403304 0.4075383 0.4345891 0.4130755 0.4219714 0.4740699 0.0672338 0.0880260 0.0727511 0.4105775 
Vanderwaltozyma_polyspora                   0.2778045 0.3179719 0.4176797 0.3764553 0.2865054 0.4216614 0.3012369 0.3063130 0.2822107 0.2981356 3.4383178 0.3311124 0.3049277 0.3057789 0.3200301 0.3067206 0.3053029 0.3013549 0.3575978 0.2581098 0.0000000 0.2909429 0.3853862 0.4164551 0.3062825 0.3590903 0.3537637 0.4287554 0.3447487 0.4045267 0.3774026 0.3904889 0.3734277 0.3275459 0.3816055 0.4316834 0.2553816 0.2471689 0.2569490 0.3052938 
yHAB132_Kazachstania_martiniae              0.3126997 0.2198052 0.2842741 0.3572823 0.3027745 0.3990593 0.3317359 0.3136339 0.2729507 0.2960040 3.6635544 0.3026042 0.2844936 0.2803984 0.2993225 0.2854573 0.2988138 0.2792115 0.4025244 0.3416493 0.2909429 0.0000000 0.2709678 0.2758878 0.1738730 0.2853902 0.2532151 0.2609942 0.2560341 0.2457524 0.2762866 0.2601715 0.2803580 0.2184071 0.2848430 0.2825074 0.3688821 0.3190411 0.3636213 0.3363351 
yHAB133_Kazachstania_unispora               0.4019964 0.2877322 0.2876329 0.4246804 0.4067458 0.3832054 0.4233002 0.4008135 0.3385449 0.3591806 3.3387519 0.3923957 0.3861873 0.3795355 0.3878772 0.3869517 0.3917381 0.3805364 0.5060173 0.4360414 0.3853862 0.2709678 0.0000000 0.3514764 0.2370253 0.1373554 0.2366091 0.3223390 0.3340918 0.2993108 0.3345160 0.3426027 0.0740351 0.3205859 0.0700126 0.3081564 0.4592997 0.4257311 0.4551733 0.4297575 
yHAB134_Kazachstania_turicensis             0.4004621 0.3114937 0.3934619 0.4937768 0.4191913 0.4477997 0.4281790 0.4091722 0.3650872 0.3553921 3.5882737 0.3834707 0.3808965 0.3595254 0.3847788 0.3712855 0.3778049 0.3560967 0.5199229 0.4787887 0.4164551 0.2758878 0.3514764 0.0000000 0.2947013 0.3507777 0.3133195 0.3881711 0.3003432 0.3333482 0.3058612 0.4107537 0.3617827 0.2539564 0.3599945 0.3433043 0.4762687 0.4376219 0.4822036 0.4482478 
yHAB136_Kazachstania_bromeliacearum         0.3258872 0.2219479 0.2128052 0.3612261 0.3223313 0.3974046 0.3624344 0.3255461 0.2734719 0.3031971 3.5926065 0.3445797 0.3273038 0.3107424 0.3372567 0.3190901 0.3343627 0.3093567 0.4055042 0.3526987 0.3062825 0.1738730 0.2370253 0.2947013 0.0000000 0.2294797 0.2005459 0.2575378 0.2467963 0.2585161 0.2795191 0.2996139 0.2163074 0.2515180 0.2195954 0.2785198 0.3742369 0.3314029 0.3770087 0.3719261 
yHAB143_Kazachstania_siamensis              0.3865197 0.2705221 0.2968136 0.4204570 0.4039755 0.3945269 0.4123024 0.4021746 0.3328935 0.3423504 3.3581513 0.3851005 0.3531831 0.3633925 0.3714855 0.3577907 0.3500772 0.3643391 0.4698077 0.3894838 0.3590903 0.2853902 0.1373554 0.3507777 0.2294797 0.0000000 0.2665357 0.3185151 0.3348496 0.3127524 0.3143108 0.3516643 0.1239752 0.2899339 0.1172094 0.3429595 0.4169862 0.3906043 0.4151197 0.4516922 
yHAB147_Kazachstania_taianensis             0.3392681 0.2975097 0.2733639 0.3846855 0.3455671 0.4323268 0.3803308 0.3389223 0.3489991 0.3298660 3.4156748 0.3775954 0.3707563 0.3535176 0.3737314 0.3654631 0.3752512 0.3502292 0.4575639 0.3992925 0.3537637 0.2532151 0.2366091 0.3133195 0.2005459 0.2665357 0.0000000 0.3248772 0.3167164 0.2930316 0.3315175 0.3504753 0.2438451 0.3081463 0.2517343 0.2905121 0.4240999 0.3572156 0.4426319 0.4522101 
yHAB148_Kazachstania_intestinalis           0.3910420 0.2934999 0.3224179 0.4613238 0.3954486 0.4205753 0.3963244 0.3890418 0.3764270 0.3632604 3.2333756 0.4153961 0.3974986 0.3911747 0.4040684 0.3998109 0.4002004 0.3939289 0.4800301 0.4318720 0.4287554 0.2609942 0.3223390 0.3881711 0.2575378 0.3185151 0.3248772 0.0000000 0.3598679 0.3741836 0.3666732 0.3865492 0.3098022 0.3129958 0.3095365 0.4164102 0.4759444 0.4344404 0.4863420 0.4231361 
yHAB153_Kazachstania_rosinii                0.4037867 0.2763139 0.3428452 0.4384672 0.4013879 0.4305161 0.4457335 0.4086755 0.3380350 0.3331334 3.3933122 0.3645877 0.3574404 0.3381964 0.3509166 0.3470149 0.3592859 0.3367003 0.4302695 0.3934230 0.3447487 0.2560341 0.3340918 0.3003432 0.2467963 0.3348496 0.3167164 0.3598679 0.0000000 0.3754927 0.2635923 0.3794540 0.3509025 0.2052692 0.3524072 0.4092891 0.4073277 0.3667204 0.3969145 0.3622321 
yHAB154_Kazachstania_transvaalensis         0.4015038 0.3177680 0.3424494 0.4123884 0.3739955 0.4346543 0.4004500 0.3650144 0.3838490 0.3868144 3.7731144 0.4084919 0.4011694 0.3882019 0.4132891 0.4052910 0.4007255 0.3909549 0.4960878 0.4511519 0.4045267 0.2457524 0.2993108 0.3333482 0.2585161 0.3127524 0.2930316 0.3741836 0.3754927 0.0000000 0.3984853 0.3648729 0.2927286 0.3244079 0.3095150 0.0981723 0.4996092 0.4139694 0.4972065 0.4529412 
yHAB155_Kazachstania_spencerorum            0.4077686 0.2600010 0.3659752 0.4492261 0.4060579 0.4211165 0.4083326 0.4022339 0.3420612 0.3422908 3.6927852 0.3559821 0.3430389 0.3429202 0.3583425 0.3406568 0.3419993 0.3396679 0.4244126 0.4403304 0.3774026 0.2762866 0.3345160 0.3058612 0.2795191 0.3143108 0.3315175 0.3666732 0.2635923 0.3984853 0.0000000 0.3602225 0.3546902 0.2128169 0.3626218 0.4364823 0.4315588 0.4139533 0.4310909 0.3730147 
yHAB158_Kazachstania_viticola               0.4029773 0.2745717 0.3839917 0.4278973 0.4269286 0.4757818 0.4399608 0.4243169 0.3104520 0.3411133 3.3473626 0.3879574 0.3788291 0.3715547 0.3809535 0.3587480 0.3784032 0.3680381 0.4597281 0.4075383 0.3904889 0.2601715 0.3426027 0.4107537 0.2996139 0.3516643 0.3504753 0.3865492 0.3794540 0.3648729 0.3602225 0.0000000 0.3467372 0.3387425 0.3486602 0.4036818 0.4306488 0.3908758 0.4327305 0.4569476 
yHAB159_Kazachstania_solicola               0.3988756 0.3009473 0.2910048 0.4437878 0.4007611 0.3784337 0.4281193 0.4047280 0.3429848 0.3635619 3.5255142 0.4018535 0.3914761 0.3727483 0.3948073 0.3849039 0.3959585 0.3737462 0.5165217 0.4345891 0.3734277 0.2803580 0.0740351 0.3617827 0.2163074 0.1239752 0.2438451 0.3098022 0.3509025 0.2927286 0.3546902 0.3467372 0.0000000 0.3144579 0.0182435 0.3039380 0.4589630 0.4290217 0.4611819 0.4571195 
yHAB160_Kazachstania_kunashirensis          0.3783697 0.2504233 0.3415818 0.4603331 0.3747057 0.4217773 0.4078185 0.3642159 0.3416207 0.3536124 3.4421616 0.3685079 0.3508529 0.3402226 0.3489885 0.3524550 0.3566756 0.3387162 0.4315592 0.4130755 0.3275459 0.2184071 0.3205859 0.2539564 0.2515180 0.2899339 0.3081463 0.3129958 0.2052692 0.3244079 0.2128169 0.3387425 0.3144579 0.0000000 0.3264946 0.3657930 0.4341014 0.3687544 0.4354412 0.3948174 
yHAB164_Kazachstania_aerobia                0.3969832 0.3073854 0.2864771 0.4380298 0.4028740 0.3941242 0.4237185 0.4006020 0.3460419 0.3662588 3.4894214 0.4035723 0.3860877 0.3808037 0.3956849 0.3790939 0.3905653 0.3818231 0.5024164 0.4219714 0.3816055 0.2848430 0.0700126 0.3599945 0.2195954 0.1172094 0.2517343 0.3095365 0.3524072 0.3095150 0.3626218 0.3486602 0.0182435 0.3264946 0.0000000 0.3112317 0.4499271 0.4211246 0.4522415 0.4546633 
yHAB166_Kazachstania_yakushimaensis         0.4234489 0.3378815 0.3834718 0.4511855 0.4301967 0.4901920 0.4455862 0.4229295 0.3965133 0.3985796 3.9651364 0.4312652 0.4389057 0.4262394 0.4424248 0.4326865 0.4392701 0.4292482 0.5337076 0.4740699 0.4316834 0.2825074 0.3081564 0.3433043 0.2785198 0.3429595 0.2905121 0.4164102 0.4092891 0.0981723 0.4364823 0.4036818 0.3039380 0.3657930 0.3112317 0.0000000 0.5138107 0.4382873 0.5037348 0.4853500 
yHMPu5000034875_Tetrapisispora_fleetii      0.3826674 0.3600123 0.4252934 0.4094402 0.3699463 0.4073679 0.3735188 0.3643272 0.2945236 0.3579169 3.3328123 0.3474958 0.3412813 0.3233135 0.3442250 0.3360017 0.3351446 0.3187493 0.4266596 0.0672338 0.2553816 0.3688821 0.4592997 0.4762687 0.3742369 0.4169862 0.4240999 0.4759444 0.4073277 0.4996092 0.4315588 0.4306488 0.4589630 0.4341014 0.4499271 0.5138107 0.0000000 0.1000827 0.0295074 0.3921196 
yHMPu5000034876_Tetrapisispora_iriomotensis 0.3429228 0.3459230 0.4304088 0.3925462 0.3393964 0.3993136 0.3594145 0.3411562 0.2802482 0.3462015 3.3503995 0.3319385 0.3456742 0.3204720 0.3462178 0.3359850 0.3452838 0.3158855 0.4197313 0.0880260 0.2471689 0.3190411 0.4257311 0.4376219 0.3314029 0.3906043 0.3572156 0.4344404 0.3667204 0.4139694 0.4139533 0.3908758 0.4290217 0.3687544 0.4211246 0.4382873 0.1000827 0.0000000 0.1151597 0.3673507 
yHMPu5000034877_Tetrapisispora_namnaonensis 0.3955607 0.3523396 0.4413947 0.4085584 0.3787141 0.4221949 0.3826825 0.3748432 0.3049684 0.3518300 3.3781409 0.3598261 0.3404715 0.3340524 0.3486025 0.3373991 0.3425051 0.3294763 0.4202111 0.0727511 0.2569490 0.3636213 0.4551733 0.4822036 0.3770087 0.4151197 0.4426319 0.4863420 0.3969145 0.4972065 0.4310909 0.4327305 0.4611819 0.4354412 0.4522415 0.5037348 0.0295074 0.1151597 0.0000000 0.3976139 
yHMPu5000035629_Yueomyces_sinensis          0.3418918 0.3243731 0.4942384 0.4784939 0.3600052 0.4459181 0.3525379 0.3636103 0.3148051 0.3253251 3.4516890 0.3153125 0.3022411 0.3006984 0.3138614 0.3176376 0.3040381 0.3027139 0.2523505 0.4105775 0.3052938 0.3363351 0.4297575 0.4482478 0.3719261 0.4516922 0.4522101 0.4231361 0.3622321 0.4529412 0.3730147 0.4569476 0.4571195 0.3948174 0.4546633 0.4853500 0.3921196 0.3673507 0.3976139 0.0000000 
