40
Candida_glabrata                            0.0000000 0.1277449 0.1412375 0.1086763 0.1147578 0.1812738 0.1169409 0.0893285 0.1232613 0.0988972 0.6526177 0.1495557 0.1465434 0.1519382 0.1531190 0.1423674 0.1466710 0.1563821 0.2201321 0.1218856 0.1357093 0.1097002 0.1406619 0.1602597 0.1103620 0.1382183 0.1443351 0.1783702 0.1699536 0.1394421 0.1908751 0.1487363 0.1378102 0.1609544 0.1381688 0.1436508 0.1381237 0.1114091 0.1236268 0.1690934 
Kazachstania_africana                       0.1277449 0.0000000 0.1524075 0.1456150 0.1637769 0.2118377 0.1563252 0.1558009 0.1204715 0.1762048 0.6792581 0.1920887 0.1908568 0.1937185 0.2107444 0.1872213 0.1910246 0.1928226 0.2047018 0.1750149 0.1055879 0.1258886 0.1422642 0.2114994 0.1462364 0.1350660 0.1784186 0.2244836 0.1748704 0.1400871 0.1923959 0.1129731 0.1421956 0.2113125 0.1375162 0.1564531 0.1564878 0.1699933 0.1506296 0.1754801 
Kazachstania_naganishii                     0.1412375 0.1524075 0.0000000 0.1389391 0.1396415 0.1872976 0.1651313 0.1420626 0.1603015 0.1331857 0.6464524 0.1610743 0.1648625 0.1664025 0.1927975 0.1640803 0.1727033 0.1795768 0.2131681 0.1769452 0.1302165 0.1323087 0.1633359 0.2026006 0.1387604 0.1726222 0.1342671 0.2043856 0.1618157 0.1956929 0.1814248 0.1090254 0.1644613 0.1909465 0.1693651 0.2056347 0.1835117 0.1448110 0.1702596 0.2018468 
Nakaseomyces_bacillisporus                  0.1086763 0.1456150 0.1389391 0.0000000 0.1258789 0.1463578 0.1446047 0.1215291 0.1610063 0.1461100 0.6517120 0.2007115 0.1880290 0.1768199 0.1868272 0.1835121 0.1800398 0.1902044 0.2332013 0.1368118 0.1264581 0.1269506 0.1657249 0.2249356 0.1240494 0.1666812 0.1830617 0.2081388 0.2021918 0.2018668 0.2044278 0.1420140 0.1655370 0.1964305 0.1754374 0.2084324 0.1525167 0.1438839 0.1419109 0.2064850 
Nakaseomyces_bracarensis                    0.1147578 0.1637769 0.1396415 0.1258789 0.0000000 0.1803639 0.0526347 0.0325462 0.1612002 0.1396406 0.6455625 0.1778893 0.1710835 0.1727039 0.2002791 0.1708250 0.1792410 0.1864647 0.2201697 0.1267420 0.1686159 0.1144863 0.1673168 0.1963112 0.1187761 0.1700633 0.1500539 0.2314471 0.1458309 0.1699664 0.1642685 0.1496622 0.1592727 0.1630169 0.1607574 0.1806205 0.1187758 0.1218227 0.0996844 0.2384375 
Nakaseomyces_castellii                      0.1812738 0.2118377 0.1872976 0.1463578 0.1803639 0.0000000 0.1723160 0.1627481 0.1938312 0.1968300 0.6579665 0.2192712 0.2132073 0.2092419 0.2323890 0.2043877 0.2133976 0.2177259 0.2550663 0.1509523 0.1736034 0.1622911 0.2069983 0.2263379 0.1872071 0.2286662 0.2277346 0.2681348 0.2447045 0.2590784 0.2351252 0.1759860 0.2169105 0.2242492 0.2171519 0.2654854 0.1569986 0.1794326 0.1491338 0.2613025 
Nakaseomyces_delphensis                     0.1169409 0.1563252 0.1651313 0.1446047 0.0526347 0.1723160 0.0000000 0.0351015 0.1408193 0.1612353 0.6313465 0.1825075 0.1756136 0.1867518 0.1856800 0.1753427 0.1839219 0.1910269 0.2271708 0.1231510 0.1651550 0.1219621 0.1823346 0.1794777 0.1423171 0.2042091 0.1659232 0.2246067 0.1573481 0.1810313 0.1572534 0.1463631 0.1807063 0.1824219 0.1681734 0.2044378 0.1032818 0.1294388 0.1047874 0.2254041 
Nakaseomyces_nivariensis                    0.0893285 0.1558009 0.1420626 0.1215291 0.0325462 0.1627481 0.0351015 0.0000000 0.1477541 0.1281929 0.6377961 0.1523789 0.1454202 0.1560138 0.1738669 0.1452043 0.1535170 0.1695971 0.2101397 0.1019910 0.1476387 0.0972566 0.1523113 0.1828401 0.1041036 0.1665109 0.1387935 0.2134745 0.1424149 0.1521637 0.1459474 0.1355620 0.1560516 0.1666017 0.1488584 0.1659217 0.0985191 0.1109731 0.0876531 0.2056155 
Naumovozyma_castellii                       0.1232613 0.1204715 0.1603015 0.1610063 0.1612002 0.1938312 0.1408193 0.1477541 0.0000000 0.1160308 0.6908208 0.1034054 0.1004330 0.1025479 0.1079629 0.0966355 0.0930849 0.1020123 0.1957952 0.1121070 0.1142627 0.1279324 0.1503268 0.1635152 0.1119714 0.1076399 0.1168475 0.2144512 0.1281341 0.1313074 0.1338553 0.1262239 0.1439190 0.1574371 0.1318141 0.1528594 0.1023387 0.1063739 0.0891252 0.1591380 
Naumovozyma_dairenensis                     0.0988972 0.1762048 0.1331857 0.1461100 0.1396406 0.1968300 0.1612353 0.1281929 0.1160308 0.0000000 0.6209641 0.1186235 0.1193435 0.1054240 0.1298838 0.1117240 0.1117470 0.1176530 0.1682359 0.1070363 0.1645216 0.1241203 0.1493658 0.1485651 0.1164909 0.1356333 0.1443980 0.2030776 0.1381064 0.1676910 0.0982338 0.1323369 0.1559463 0.1204848 0.1572018 0.1669367 0.1186968 0.0698080 0.1085252 0.2000363 
Neurospora_crassa                           0.6526177 0.6792581 0.6464524 0.6517120 0.6455625 0.6579665 0.6313465 0.6377961 0.6908208 0.6209641 0.0000000 0.6947637 0.6800306 0.7184527 0.6938177 0.6702476 0.6939014 0.7080535 0.5889435 0.6408566 0.6274788 0.6161775 0.6233363 0.6865874 0.6486045 0.6599286 0.6988780 0.7146794 0.6620947 0.6402356 0.6617159 0.6400157 0.6094704 0.6460841 0.6132064 0.6523819 0.6434936 0.6553409 0.6323837 0.6926405 
Saccharomyces_arboricola                    0.1495557 0.1920887 0.1610743 0.2007115 0.1778893 0.2192712 0.1825075 0.1523789 0.1034054 0.1186235 0.6947637 0.0000000 0.0188428 0.0353501 0.0389776 0.0124869 0.0188525 0.0386608 0.2138694 0.1389239 0.1314355 0.1445624 0.1384745 0.1610255 0.1275277 0.1206468 0.1347987 0.2195176 0.1564025 0.1666766 0.1458679 0.1363353 0.1448398 0.1439839 0.1463749 0.1791509 0.1242634 0.1165634 0.1332674 0.1936457 
Saccharomyces_cerevisiae                    0.1465434 0.1908568 0.1648625 0.1880290 0.1710835 0.2132073 0.1756136 0.1454202 0.1004330 0.1193435 0.6800306 0.0188428 0.0000000 0.0253262 0.0290808 0.0124749 0.0062169 0.0285633 0.2281639 0.1397954 0.1281218 0.1415525 0.1393701 0.1620794 0.1245136 0.1176985 0.1197081 0.2089070 0.1498312 0.1677650 0.1510302 0.1326609 0.1457687 0.1448900 0.1473146 0.1803276 0.1175450 0.1172697 0.1264692 0.1949585 
Saccharomyces_eubayanus                     0.1519382 0.1937185 0.1664025 0.1768199 0.1727039 0.2092419 0.1867518 0.1560138 0.1025479 0.1054240 0.7184527 0.0353501 0.0253262 0.0000000 0.0292867 0.0317722 0.0189382 0.0094019 0.2314018 0.1341861 0.1470746 0.1440281 0.1506945 0.1729315 0.1104603 0.1278984 0.1264629 0.2228380 0.1568253 0.1703893 0.1558419 0.1593489 0.1570652 0.1559630 0.1586418 0.1751733 0.1276809 0.1115660 0.1283560 0.2086988 
Saccharomyces_kudriavzevii                  0.1531190 0.2107444 0.1927975 0.1868272 0.2002791 0.2323890 0.1856800 0.1738669 0.1079629 0.1298838 0.6938177 0.0389776 0.0290808 0.0292867 0.0000000 0.0322582 0.0225563 0.0255020 0.2478296 0.1484726 0.1542960 0.1562759 0.1566334 0.1782899 0.1307816 0.1370153 0.1404194 0.2122730 0.1531685 0.1819613 0.1566231 0.1621125 0.1547320 0.1602456 0.1609836 0.1903579 0.1332370 0.1277552 0.1426666 0.2085178 
Saccharomyces_mikatae                       0.1423674 0.1872213 0.1640803 0.1835121 0.1708250 0.2043877 0.1753427 0.1452043 0.0966355 0.1117240 0.6702476 0.0124869 0.0124749 0.0317722 0.0322582 0.0000000 0.0124812 0.0350373 0.2150208 0.1319734 0.1245908 0.1374142 0.1313047 0.1539805 0.1204871 0.1138089 0.1231728 0.2127401 0.1496198 0.1675179 0.1388282 0.1317741 0.1377884 0.1446843 0.1393330 0.1722447 0.1173828 0.1096554 0.1262905 0.1866512 
Saccharomyces_paradoxus                     0.1466710 0.1910246 0.1727033 0.1800398 0.1792410 0.2133976 0.1839219 0.1535170 0.0930849 0.1117470 0.6939014 0.0188525 0.0062169 0.0189382 0.0225563 0.0124812 0.0000000 0.0221505 0.2283685 0.1320035 0.1282250 0.1416743 0.1394897 0.1622202 0.1246162 0.1177916 0.1271079 0.2170204 0.1575120 0.1679102 0.1511592 0.1402398 0.1458929 0.1450111 0.1474402 0.1804840 0.1174074 0.1096779 0.1263186 0.1951318 
Saccharomyces_uvarum                        0.1563821 0.1928226 0.1795768 0.1902044 0.1864647 0.2177259 0.1910269 0.1695971 0.1020123 0.1176530 0.7080535 0.0386608 0.0285633 0.0094019 0.0255020 0.0350373 0.0221505 0.0000000 0.2304025 0.1420251 0.1463540 0.1573543 0.1499243 0.1801962 0.1230964 0.1272512 0.1384782 0.2312306 0.1552985 0.1695659 0.1629944 0.1585901 0.1562837 0.1630667 0.1578548 0.1743345 0.1270287 0.1239008 0.1276905 0.2077511 
Tetrapisispora_blattae                      0.2201321 0.2047018 0.2131681 0.2332013 0.2201697 0.2550663 0.2271708 0.2101397 0.1957952 0.1682359 0.5889435 0.2138694 0.2281639 0.2314018 0.2478296 0.2150208 0.2283685 0.2304025 0.0000000 0.2204096 0.1903907 0.1887984 0.1531826 0.2769077 0.1803320 0.1750310 0.2420664 0.2856300 0.1725586 0.1595056 0.1933045 0.1819805 0.1589840 0.2614679 0.1470221 0.1679420 0.2029983 0.2196266 0.1917589 0.1912620 
Tetrapisispora_phaffii                      0.1218856 0.1750149 0.1769452 0.1368118 0.1267420 0.1509523 0.1231510 0.1019910 0.1121070 0.1070363 0.6408566 0.1389239 0.1397954 0.1341861 0.1484726 0.1319734 0.1320035 0.1420251 0.2204096 0.0000000 0.1494093 0.1076595 0.1417972 0.1556136 0.1132673 0.1524115 0.1572060 0.2119093 0.1661243 0.1671826 0.1397509 0.1624372 0.1413890 0.1368910 0.1428755 0.1673247 0.0484845 0.0651210 0.0668827 0.1800907 
Vanderwaltozyma_polyspora                   0.1357093 0.1055879 0.1302165 0.1264581 0.1686159 0.1736034 0.1651550 0.1476387 0.1142627 0.1645216 0.6274788 0.1314355 0.1281218 0.1470746 0.1542960 0.1245908 0.1282250 0.1463540 0.1903907 0.1494093 0.0000000 0.1215005 0.1293915 0.1856927 0.1340249 0.1173159 0.1634192 0.1987723 0.1757234 0.1525412 0.1875968 0.1000633 0.1280820 0.1863244 0.1265388 0.1712149 0.1405168 0.1379417 0.1459912 0.1524856 
yHAB132_Kazachstania_martiniae              0.1097002 0.1258886 0.1323087 0.1269506 0.1144863 0.1622911 0.1219621 0.0972566 0.1279324 0.1241203 0.6161775 0.1445624 0.1415525 0.1440281 0.1562759 0.1374142 0.1416743 0.1573543 0.1887984 0.1076595 0.1215005 0.0000000 0.1059497 0.1634003 0.0597051 0.1215173 0.1276449 0.1845746 0.1446223 0.1454480 0.1308152 0.1287524 0.1063924 0.1329912 0.1025780 0.1587456 0.1067249 0.1145821 0.1100084 0.1737202 
yHAB133_Kazachstania_unispora               0.1406619 0.1422642 0.1633359 0.1657249 0.1673168 0.2069983 0.1823346 0.1523113 0.1503268 0.1493658 0.6233363 0.1384745 0.1393701 0.1506945 0.1566334 0.1313047 0.1394897 0.1499243 0.1531826 0.1417972 0.1293915 0.1059497 0.0000000 0.1873223 0.0993728 0.0577709 0.1555386 0.2183438 0.1595914 0.0995507 0.1892075 0.1272211 0.0325712 0.1811877 0.0394208 0.1033794 0.1338463 0.1439500 0.1437318 0.1268526 
yHAB134_Kazachstania_turicensis             0.1602597 0.2114994 0.2026006 0.2249356 0.1963112 0.2263379 0.1794777 0.1828401 0.1635152 0.1485651 0.6865874 0.1610255 0.1620794 0.1729315 0.1782899 0.1539805 0.1622202 0.1801962 0.2769077 0.1556136 0.1856927 0.1634003 0.1873223 0.0000000 0.1704849 0.1898874 0.1871505 0.2257315 0.1857064 0.2055611 0.1724401 0.1935210 0.2004171 0.0922134 0.2021901 0.2072698 0.1801258 0.1306869 0.1876003 0.2051185 
yHAB136_Kazachstania_bromeliacearum         0.1103620 0.1462364 0.1387604 0.1240494 0.1187761 0.1872071 0.1423171 0.1041036 0.1119714 0.1164909 0.6486045 0.1275277 0.1245136 0.1104603 0.1307816 0.1204871 0.1246162 0.1230964 0.1803320 0.1132673 0.1340249 0.0597051 0.0993728 0.1704849 0.0000000 0.0962655 0.1062487 0.2067646 0.1223137 0.1155463 0.1293176 0.1424578 0.0975214 0.1387007 0.0980211 0.1147365 0.1222595 0.1234123 0.1187968 0.1685622 
yHAB143_Kazachstania_siamensis              0.1382183 0.1350660 0.1726222 0.1666812 0.1700633 0.2286662 0.2042091 0.1665109 0.1076399 0.1356333 0.6599286 0.1206468 0.1176985 0.1278984 0.1370153 0.1138089 0.1177916 0.1272512 0.1750310 0.1524115 0.1173159 0.1215173 0.0577709 0.1898874 0.0962655 0.0000000 0.1452830 0.2148143 0.1500057 0.0839791 0.1666496 0.1181762 0.0813876 0.1749682 0.0781754 0.0867909 0.1349093 0.1435717 0.1355375 0.1536885 
yHAB147_Kazachstania_taianensis             0.1443351 0.1784186 0.1342671 0.1830617 0.1500539 0.2277346 0.1659232 0.1387935 0.1168475 0.1443980 0.6988780 0.1347987 0.1197081 0.1264629 0.1404194 0.1231728 0.1271079 0.1384782 0.2420664 0.1572060 0.1634192 0.1276449 0.1555386 0.1871505 0.1062487 0.1452830 0.0000000 0.1931608 0.1590257 0.1826177 0.1701646 0.1670900 0.1567024 0.1646677 0.1622125 0.1913756 0.1479272 0.1417790 0.1655713 0.2059433 
yHAB148_Kazachstania_intestinalis           0.1783702 0.2244836 0.2043856 0.2081388 0.2314471 0.2681348 0.2246067 0.2134745 0.2144512 0.2030776 0.7146794 0.2195176 0.2089070 0.2228380 0.2122730 0.2127401 0.2170204 0.2312306 0.2856300 0.2119093 0.1987723 0.1845746 0.2183438 0.2257315 0.2067646 0.2148143 0.1931608 0.0000000 0.2206752 0.2531926 0.2470623 0.1983459 0.2181622 0.2245901 0.2297683 0.2474234 0.1977998 0.1925373 0.2261282 0.2146005 
yHAB153_Kazachstania_rosinii                0.1699536 0.1748704 0.1618157 0.2021918 0.1458309 0.2447045 0.1573481 0.1424149 0.1281341 0.1381064 0.6620947 0.1564025 0.1498312 0.1568253 0.1531685 0.1496198 0.1575120 0.1552985 0.1725586 0.1661243 0.1757234 0.1446223 0.1595914 0.1857064 0.1223137 0.1500057 0.1590257 0.2206752 0.0000000 0.1513331 0.1198755 0.1370371 0.1523803 0.1492154 0.1531779 0.1653245 0.1356932 0.1534938 0.1312879 0.1718947 
yHAB154_Kazachstania_transvaalensis         0.1394421 0.1400871 0.1956929 0.2018668 0.1699664 0.2590784 0.1810313 0.1521637 0.1313074 0.1676910 0.6402356 0.1666766 0.1677650 0.1703893 0.1819613 0.1675179 0.1679102 0.1695659 0.1595056 0.1671826 0.1525412 0.1454480 0.0995507 0.2055611 0.1155463 0.0839791 0.1826177 0.2531926 0.1513331 0.0000000 0.1788322 0.1451046 0.0986393 0.2004465 0.0794202 0.0218200 0.1628894 0.1726321 0.1489017 0.1543906 
yHAB155_Kazachstania_spencerorum            0.1908751 0.1923959 0.1814248 0.2044278 0.1642685 0.2351252 0.1572534 0.1459474 0.1338553 0.0982338 0.6617159 0.1458679 0.1510302 0.1558419 0.1566231 0.1388282 0.1511592 0.1629944 0.1933045 0.1397509 0.1875968 0.1308152 0.1892075 0.1724401 0.1293176 0.1666496 0.1701646 0.2470623 0.1198755 0.1788322 0.0000000 0.1493609 0.1910292 0.1391187 0.1789453 0.1939254 0.1348476 0.1315047 0.1404590 0.2265905 
yHAB158_Kazachstania_viticola               0.1487363 0.1129731 0.1090254 0.1420140 0.1496622 0.1759860 0.1463631 0.1355620 0.1262239 0.1323369 0.6400157 0.1363353 0.1326609 0.1593489 0.1621125 0.1317741 0.1402398 0.1585901 0.1819805 0.1624372 0.1000633 0.1287524 0.1272211 0.1935210 0.1424578 0.1181762 0.1670900 0.1983459 0.1370371 0.1451046 0.1493609 0.0000000 0.1422788 0.1745431 0.1406260 0.1629681 0.1292923 0.1396112 0.1219696 0.1554184 
yHAB159_Kazachstania_solicola               0.1378102 0.1421956 0.1644613 0.1655370 0.1592727 0.2169105 0.1807063 0.1560516 0.1439190 0.1559463 0.6094704 0.1448398 0.1457687 0.1570652 0.1547320 0.1377884 0.1458929 0.1562837 0.1589840 0.1413890 0.1280820 0.1063924 0.0325712 0.2004171 0.0975214 0.0813876 0.1567024 0.2181622 0.1523803 0.0986393 0.1910292 0.1422788 0.0000000 0.1749438 0.0155826 0.0991624 0.1335825 0.1378977 0.1432232 0.1172760 
yHAB160_Kazachstania_kunashirensis          0.1609544 0.2113125 0.1909465 0.1964305 0.1630169 0.2242492 0.1824219 0.1666017 0.1574371 0.1204848 0.6460841 0.1439839 0.1448900 0.1559630 0.1602456 0.1446843 0.1450111 0.1630667 0.2614679 0.1368910 0.1863244 0.1329912 0.1811877 0.0922134 0.1387007 0.1749682 0.1646677 0.2245901 0.1492154 0.2004465 0.1391187 0.1745431 0.1749438 0.0000000 0.1769279 0.2070407 0.1438120 0.1216372 0.1475621 0.1963023 
yHAB164_Kazachstania_aerobia                0.1381688 0.1375162 0.1693651 0.1754374 0.1607574 0.2171519 0.1681734 0.1488584 0.1318141 0.1572018 0.6132064 0.1463749 0.1473146 0.1586418 0.1609836 0.1393330 0.1474402 0.1578548 0.1470221 0.1428755 0.1265388 0.1025780 0.0394208 0.2021901 0.0980211 0.0781754 0.1622125 0.2297683 0.1531779 0.0794202 0.1789453 0.1406260 0.0155826 0.1769279 0.0000000 0.0882834 0.1350601 0.1438377 0.1360928 0.1055432 
yHAB166_Kazachstania_yakushimaensis         0.1436508 0.1564531 0.2056347 0.2084324 0.1806205 0.2654854 0.2044378 0.1659217 0.1528594 0.1669367 0.6523819 0.1791509 0.1803276 0.1751733 0.1903579 0.1722447 0.1804840 0.1743345 0.1679420 0.1673247 0.1712149 0.1587456 0.1033794 0.2072698 0.1147365 0.0867909 0.1913756 0.2474234 0.1653245 0.0218200 0.1939254 0.1629681 0.0991624 0.2070407 0.0882834 0.0000000 0.1713649 0.1671281 0.1622827 0.1608564 
yHMPu5000034875_Tetrapisispora_fleetii      0.1381237 0.1564878 0.1835117 0.1525167 0.1187758 0.1569986 0.1032818 0.0985191 0.1023387 0.1186968 0.6434936 0.1242634 0.1175450 0.1276809 0.1332370 0.1173828 0.1174074 0.1270287 0.2029983 0.0484845 0.1405168 0.1067249 0.1338463 0.1801258 0.1222595 0.1349093 0.1479272 0.1977998 0.1356932 0.1628894 0.1348476 0.1292923 0.1335825 0.1438120 0.1350601 0.1713649 0.0000000 0.0672827 0.0322394 0.1922228 
yHMPu5000034876_Tetrapisispora_iriomotensis 0.1114091 0.1699933 0.1448110 0.1438839 0.1218227 0.1794326 0.1294388 0.1109731 0.1063739 0.0698080 0.6553409 0.1165634 0.1172697 0.1115660 0.1277552 0.1096554 0.1096779 0.1239008 0.2196266 0.0651210 0.1379417 0.1145821 0.1439500 0.1306869 0.1234123 0.1435717 0.1417790 0.1925373 0.1534938 0.1726321 0.1315047 0.1396112 0.1378977 0.1216372 0.1438377 0.1671281 0.0672827 0.0000000 0.0822074 0.1772219 
yHMPu5000034877_Tetrapisispora_namnaonensis 0.1236268 0.1506296 0.1702596 0.1419109 0.0996844 0.1491338 0.1047874 0.0876531 0.0891252 0.1085252 0.6323837 0.1332674 0.1264692 0.1283560 0.1426666 0.1262905 0.1263186 0.1276905 0.1917589 0.0668827 0.1459912 0.1100084 0.1437318 0.1876003 0.1187968 0.1355375 0.1655713 0.2261282 0.1312879 0.1489017 0.1404590 0.1219696 0.1432232 0.1475621 0.1360928 0.1622827 0.0322394 0.0822074 0.0000000 0.1928902 
yHMPu5000035629_Yueomyces_sinensis          0.1690934 0.1754801 0.2018468 0.2064850 0.2384375 0.2613025 0.2254041 0.2056155 0.1591380 0.2000363 0.6926405 0.1936457 0.1949585 0.2086988 0.2085178 0.1866512 0.1951318 0.2077511 0.1912620 0.1800907 0.1524856 0.1737202 0.1268526 0.2051185 0.1685622 0.1536885 0.2059433 0.2146005 0.1718947 0.1543906 0.2265905 0.1554184 0.1172760 0.1963023 0.1055432 0.1608564 0.1922228 0.1772219 0.1928902 0.0000000 
