40
Candida_glabrata                            0.0000000 0.3915038 0.4712824 0.3637992 0.1792295 0.4122890 0.2451696 0.2047808 0.3084789 0.3518620 1.5461687 0.3400201 0.3353572 0.3378356 0.3683845 0.3700786 0.3377636 0.3511093 0.3584851 0.3637530 0.3564770 0.3348313 0.3261021 0.3465656 0.3725589 0.3501655 0.3978226 0.3973695 0.3772381 0.3946090 0.4352053 0.3448877 0.3404284 0.3300122 0.3424917 0.3894001 0.3739395 0.3936839 0.3761818 0.3934263 
Kazachstania_africana                       0.3915038 0.0000000 0.3608278 0.3154955 0.3151407 0.3444908 0.3218647 0.3094173 0.2759174 0.3184414 1.6942370 0.2943753 0.3010110 0.2898653 0.3400314 0.3138258 0.3051435 0.2946651 0.3318099 0.3062383 0.3310083 0.2208385 0.2792146 0.2921235 0.3030883 0.2770790 0.3674941 0.3691090 0.2312917 0.2999758 0.3021696 0.2630404 0.2886889 0.2716017 0.2929782 0.3121125 0.3054232 0.3448707 0.3008830 0.3099993 
Kazachstania_naganishii                     0.4712824 0.3608278 0.0000000 0.4374422 0.4524277 0.4904744 0.4513353 0.4094447 0.3496435 0.4105966 1.7121230 0.4026794 0.4287307 0.3993858 0.4622607 0.4387003 0.4357921 0.4102139 0.4225170 0.3840993 0.3651538 0.2877832 0.3097682 0.3696233 0.2898978 0.3248945 0.4149746 0.3818952 0.3111249 0.3481667 0.3331378 0.3376638 0.3280323 0.3300219 0.3221038 0.3509604 0.3841894 0.4072841 0.3993827 0.4088432 
Nakaseomyces_bacillisporus                  0.3637992 0.3154955 0.4374422 0.0000000 0.3341398 0.3657800 0.3517865 0.3098751 0.3197832 0.3332408 1.4713575 0.3254544 0.3469647 0.3254596 0.3726591 0.3513109 0.3271902 0.3361539 0.3362116 0.3575197 0.3597845 0.3494271 0.2815161 0.3206074 0.3425929 0.3037691 0.3775755 0.4007963 0.3146773 0.3568135 0.3557957 0.3112303 0.2868616 0.2877990 0.2904795 0.3786732 0.3502446 0.3319695 0.3266507 0.3293353 
Nakaseomyces_bracarensis                    0.1792295 0.3151407 0.4524277 0.3341398 0.0000000 0.3948378 0.1250791 0.0626453 0.2777789 0.3115463 1.6463966 0.2782308 0.2793745 0.2765792 0.3003417 0.3059125 0.2968674 0.2895735 0.3245383 0.3207388 0.3347501 0.2734935 0.3029613 0.3361868 0.3228159 0.3187051 0.4057576 0.3601796 0.3257631 0.3289147 0.3936602 0.3067863 0.3270021 0.3193897 0.3234971 0.3533639 0.3201215 0.3392209 0.3250586 0.3770262 
Nakaseomyces_castellii                      0.4122890 0.3444908 0.4904744 0.3657800 0.3948378 0.0000000 0.4146313 0.3843774 0.3919107 0.4161866 1.5998434 0.4068789 0.4156127 0.3991349 0.4631675 0.4254353 0.4117612 0.4032689 0.4498413 0.4043748 0.4283372 0.3611685 0.3727538 0.3658541 0.4315632 0.3666109 0.4013649 0.4420252 0.3682186 0.4436435 0.4549532 0.3553027 0.3732137 0.3616675 0.3765380 0.4395549 0.4013867 0.4133233 0.4118252 0.4386543 
Nakaseomyces_delphensis                     0.2451696 0.3218647 0.4513353 0.3517865 0.1250791 0.4146313 0.0000000 0.1077584 0.3110439 0.3219109 1.6486349 0.2838331 0.3058514 0.2882362 0.3236553 0.3230849 0.3146454 0.3012166 0.3753999 0.3575173 0.3655609 0.2688058 0.3180095 0.3423036 0.3546203 0.3465484 0.4323209 0.4026619 0.3432797 0.3755796 0.3902778 0.3265453 0.3356877 0.3079011 0.3343546 0.3717681 0.3573554 0.3926009 0.3518197 0.3889968 
Nakaseomyces_nivariensis                    0.2047808 0.3094173 0.4094447 0.3098751 0.0626453 0.3843774 0.1077584 0.0000000 0.2670946 0.2933436 1.6938428 0.2419071 0.2533840 0.2478200 0.2713525 0.2827890 0.2764433 0.2599582 0.3054234 0.2980763 0.3106005 0.2514728 0.2795709 0.3065209 0.3149562 0.2788182 0.3896593 0.3658862 0.3112819 0.3339038 0.3665284 0.2966687 0.2959499 0.2972363 0.2967700 0.3509757 0.3145126 0.3221932 0.3165300 0.3591105 
Naumovozyma_castellii                       0.3084789 0.2759174 0.3496435 0.3197832 0.2777789 0.3919107 0.3110439 0.2670946 0.0000000 0.2231737 1.5210191 0.2814933 0.2854510 0.2800645 0.3180173 0.3188179 0.2973862 0.2827942 0.2812468 0.3174771 0.2789895 0.2508271 0.2408473 0.2636430 0.2691261 0.2442925 0.3531259 0.3273241 0.2890244 0.3013421 0.2972614 0.2747915 0.2418825 0.2435723 0.2469412 0.2995052 0.3294025 0.2885428 0.3201254 0.3150578 
Naumovozyma_dairenensis                     0.3518620 0.3184414 0.4105966 0.3332408 0.3115463 0.4161866 0.3219109 0.2933436 0.2231737 0.0000000 1.6222661 0.2893963 0.2849212 0.2851105 0.3460576 0.3328827 0.2902203 0.2927594 0.3235361 0.3232443 0.3384145 0.2765731 0.3184454 0.2889923 0.3300244 0.3172433 0.3812217 0.3749232 0.3074584 0.3354835 0.3277629 0.3035145 0.3104245 0.2728354 0.3109339 0.3343001 0.3269671 0.3256852 0.3319147 0.3340499 
Neurospora_crassa                           1.5461687 1.6942370 1.7121230 1.4713575 1.6463966 1.5998434 1.6486349 1.6938428 1.5210191 1.6222661 0.0000000 1.5558786 1.5301149 1.5651013 1.5859332 1.5521277 1.5273244 1.6122309 1.6745727 1.7258810 1.6426345 1.5363516 1.4607817 1.6284032 1.5320818 1.5062206 1.5605725 1.7844822 1.6571704 1.6165603 1.7341541 1.7461389 1.4452876 1.5472928 1.4620344 1.6032739 1.7297192 1.6955961 1.7091535 1.6841614 
Saccharomyces_arboricola                    0.3400201 0.2943753 0.4026794 0.3254544 0.2782308 0.4068789 0.2838331 0.2419071 0.2814933 0.2893963 1.5558786 0.0000000 0.0657209 0.0538071 0.0734906 0.0647793 0.0665303 0.0664365 0.3057108 0.3166121 0.3241981 0.2687156 0.2807207 0.3295381 0.2628518 0.2990075 0.3239174 0.3549189 0.2832782 0.3204518 0.3185368 0.2951406 0.2899424 0.2691415 0.2884290 0.3147241 0.3396972 0.3560107 0.3336399 0.3573109 
Saccharomyces_cerevisiae                    0.3353572 0.3010110 0.4287307 0.3469647 0.2793745 0.4156127 0.3058514 0.2533840 0.2854510 0.2849212 1.5301149 0.0657209 0.0000000 0.0694415 0.0857220 0.0682635 0.0302259 0.0823968 0.3198539 0.3438435 0.3298958 0.2768508 0.2860749 0.3425057 0.2576873 0.2982993 0.3301658 0.3828639 0.3061849 0.3385861 0.3402133 0.3115575 0.2944453 0.2916038 0.2989717 0.3286710 0.3575651 0.3700705 0.3439465 0.3425514 
Saccharomyces_eubayanus                     0.3378356 0.2898653 0.3993858 0.3254596 0.2765792 0.3991349 0.2882362 0.2478200 0.2800645 0.2851105 1.5651013 0.0538071 0.0694415 0.0000000 0.0897998 0.0804528 0.0693979 0.0092047 0.3073244 0.3486318 0.3490860 0.2713503 0.2657609 0.3381867 0.2567586 0.2871833 0.3291510 0.3676542 0.2889535 0.3188272 0.3192538 0.2940461 0.2792151 0.2890974 0.2776694 0.3186554 0.3485734 0.3790386 0.3562719 0.3535019 
Saccharomyces_kudriavzevii                  0.3683845 0.3400314 0.4622607 0.3726591 0.3003417 0.4631675 0.3236553 0.2713525 0.3180173 0.3460576 1.5859332 0.0734906 0.0857220 0.0897998 0.0000000 0.0874898 0.0873952 0.1032349 0.3441334 0.3858005 0.3742643 0.3004157 0.3087524 0.3779716 0.3045513 0.3318243 0.3694964 0.4140865 0.3254042 0.3613787 0.3632866 0.3338724 0.3199305 0.3123340 0.3199448 0.3754960 0.3919344 0.4216391 0.3885036 0.4047745 
Saccharomyces_mikatae                       0.3700786 0.3138258 0.4387003 0.3513109 0.3059125 0.4254353 0.3230849 0.2827890 0.3188179 0.3328827 1.5521277 0.0647793 0.0682635 0.0804528 0.0874898 0.0000000 0.0626364 0.0936304 0.3411881 0.3499751 0.3689189 0.2962321 0.2824174 0.3541546 0.2649486 0.3185130 0.3493338 0.3765924 0.3020037 0.3381635 0.3341607 0.3031432 0.2988181 0.3029778 0.2973120 0.3345294 0.3606493 0.3848694 0.3608828 0.3737854 
Saccharomyces_paradoxus                     0.3377636 0.3051435 0.4357921 0.3271902 0.2968674 0.4117612 0.3146454 0.2764433 0.2973862 0.2902203 1.5273244 0.0665303 0.0302259 0.0693979 0.0873952 0.0626364 0.0000000 0.0823448 0.3254764 0.3587660 0.3405914 0.2739610 0.2800606 0.3461702 0.2513154 0.2966887 0.3399769 0.3759012 0.3130626 0.3360975 0.3445910 0.3040321 0.2922332 0.2860905 0.2959928 0.3243829 0.3626545 0.3848879 0.3537756 0.3497987 
Saccharomyces_uvarum                        0.3511093 0.2946651 0.4102139 0.3361539 0.2895735 0.4032689 0.3012166 0.2599582 0.2827942 0.2927594 1.6122309 0.0664365 0.0823968 0.0092047 0.1032349 0.0936304 0.0823448 0.0000000 0.3179898 0.3554660 0.3536391 0.2816253 0.2754627 0.3407771 0.2668263 0.2960794 0.3427628 0.3559947 0.2977507 0.3284540 0.3308347 0.2973816 0.2877483 0.2929557 0.2862305 0.3284109 0.3551096 0.3863285 0.3629803 0.3547898 
Tetrapisispora_blattae                      0.3584851 0.3318099 0.4225170 0.3362116 0.3245383 0.4498413 0.3753999 0.3054234 0.2812468 0.3235361 1.6745727 0.3057108 0.3198539 0.3073244 0.3441334 0.3411881 0.3254764 0.3179898 0.0000000 0.3081812 0.3373215 0.3007178 0.3120893 0.3321397 0.3343312 0.3129481 0.3800226 0.4180658 0.3284959 0.3684186 0.3494137 0.3024142 0.3306155 0.3007305 0.3346877 0.3761499 0.3060150 0.3126208 0.3052315 0.3095351 
Tetrapisispora_phaffii                      0.3637530 0.3062383 0.3840993 0.3575197 0.3207388 0.4043748 0.3575173 0.2980763 0.3174771 0.3232443 1.7258810 0.3166121 0.3438435 0.3486318 0.3858005 0.3499751 0.3587660 0.3554660 0.3081812 0.0000000 0.2803792 0.2942103 0.3095559 0.3118462 0.3297116 0.3308528 0.3924130 0.3723797 0.2766626 0.3402413 0.3221143 0.2743378 0.3046530 0.2901037 0.3059158 0.3347552 0.1519149 0.1679326 0.1418667 0.3210751 
Vanderwaltozyma_polyspora                   0.3564770 0.3310083 0.3651538 0.3597845 0.3347501 0.4283372 0.3655609 0.3106005 0.2789895 0.3384145 1.6426345 0.3241981 0.3298958 0.3490860 0.3742643 0.3689189 0.3405914 0.3536391 0.3373215 0.2803792 0.0000000 0.2636261 0.3236652 0.3234776 0.2923347 0.3033719 0.3794457 0.3856680 0.2787898 0.3430860 0.3477635 0.3297903 0.3172484 0.2781530 0.3185028 0.3204163 0.3081551 0.2851697 0.3048656 0.3271832 
yHAB132_Kazachstania_martiniae              0.3348313 0.2208385 0.2877832 0.3494271 0.2734935 0.3611685 0.2688058 0.2514728 0.2508271 0.2765731 1.5363516 0.2687156 0.2768508 0.2713503 0.3004157 0.2962321 0.2739610 0.2816253 0.3007178 0.2942103 0.2636261 0.0000000 0.2475981 0.2637643 0.1913926 0.2243210 0.2742129 0.2833010 0.2130226 0.2816283 0.2536766 0.2251510 0.2577152 0.1954386 0.2571774 0.2639894 0.2885570 0.3064853 0.2779892 0.3407534 
yHAB133_Kazachstania_unispora               0.3261021 0.2792146 0.3097682 0.2815161 0.3029613 0.3727538 0.3180095 0.2795709 0.2408473 0.3184454 1.4607817 0.2807207 0.2860749 0.2657609 0.3087524 0.2824174 0.2800606 0.2754627 0.3120893 0.3095559 0.3236652 0.2475981 0.0000000 0.2686301 0.2148036 0.0614889 0.2613287 0.2966053 0.2354399 0.2182364 0.2654423 0.2375102 0.0353419 0.2521852 0.0352684 0.2281739 0.3154226 0.3034961 0.3284549 0.3179821 
yHAB134_Kazachstania_turicensis             0.3465656 0.2921235 0.3696233 0.3206074 0.3361868 0.3658541 0.3423036 0.3065209 0.2636430 0.2889923 1.6284032 0.3295381 0.3425057 0.3381867 0.3779716 0.3541546 0.3461702 0.3407771 0.3321397 0.3118462 0.3234776 0.2637643 0.2686301 0.0000000 0.3089846 0.2796708 0.3202383 0.3246625 0.2619653 0.3067229 0.2813350 0.2939162 0.2801422 0.2075966 0.2857816 0.3368621 0.3199433 0.3046402 0.3388857 0.3725956 
yHAB136_Kazachstania_bromeliacearum         0.3725589 0.3030883 0.2898978 0.3425929 0.3228159 0.4315632 0.3546203 0.3149562 0.2691261 0.3300244 1.5320818 0.2628518 0.2576873 0.2567586 0.3045513 0.2649486 0.2513154 0.2668263 0.3343312 0.3297116 0.2923347 0.1913926 0.2148036 0.3089846 0.0000000 0.2215486 0.2975331 0.3225071 0.2647664 0.2666515 0.2714533 0.2474858 0.2394547 0.2263319 0.2418149 0.2281180 0.3451205 0.3493208 0.3427036 0.3434432 
yHAB143_Kazachstania_siamensis              0.3501655 0.2770790 0.3248945 0.3037691 0.3187051 0.3666109 0.3465484 0.2788182 0.2442925 0.3172433 1.5062206 0.2990075 0.2982993 0.2871833 0.3318243 0.3185130 0.2966887 0.2960794 0.3129481 0.3308528 0.3033719 0.2243210 0.0614889 0.2796708 0.2215486 0.0000000 0.2798678 0.3101995 0.2439269 0.2222346 0.2891343 0.2490161 0.0647225 0.2399792 0.0649688 0.2377189 0.3126979 0.3200952 0.3268728 0.3360366 
yHAB147_Kazachstania_taianensis             0.3978226 0.3674941 0.4149746 0.3775755 0.4057576 0.4013649 0.4323209 0.3896593 0.3531259 0.3812217 1.5605725 0.3239174 0.3301658 0.3291510 0.3694964 0.3493338 0.3399769 0.3427628 0.3800226 0.3924130 0.3794457 0.2742129 0.2613287 0.3202383 0.2975331 0.2798678 0.0000000 0.3521222 0.3266123 0.3419686 0.3486650 0.3428995 0.2734613 0.3373008 0.2684067 0.3433405 0.4019669 0.4123311 0.4015962 0.3803116 
yHAB148_Kazachstania_intestinalis           0.3973695 0.3691090 0.3818952 0.4007963 0.3601796 0.4420252 0.4026619 0.3658862 0.3273241 0.3749232 1.7844822 0.3549189 0.3828639 0.3676542 0.4140865 0.3765924 0.3759012 0.3559947 0.4180658 0.3723797 0.3856680 0.2833010 0.2966053 0.3246625 0.3225071 0.3101995 0.3521222 0.0000000 0.3167774 0.3463471 0.3232588 0.2900422 0.3160221 0.3246240 0.3098123 0.3678523 0.4231982 0.4213095 0.3885082 0.4104840 
yHAB153_Kazachstania_rosinii                0.3772381 0.2312917 0.3111249 0.3146773 0.3257631 0.3682186 0.3432797 0.3112819 0.2890244 0.3074584 1.6571704 0.2832782 0.3061849 0.2889535 0.3254042 0.3020037 0.3130626 0.2977507 0.3284959 0.2766626 0.2787898 0.2130226 0.2354399 0.2619653 0.2647664 0.2439269 0.3266123 0.3167774 0.0000000 0.2903708 0.1996409 0.2238991 0.2365304 0.2172538 0.2402033 0.3253281 0.3162253 0.3041128 0.3242354 0.3385635 
yHAB154_Kazachstania_transvaalensis         0.3946090 0.2999758 0.3481667 0.3568135 0.3289147 0.4436435 0.3755796 0.3339038 0.3013421 0.3354835 1.6165603 0.3204518 0.3385861 0.3188272 0.3613787 0.3381635 0.3360975 0.3284540 0.3684186 0.3402413 0.3430860 0.2816283 0.2182364 0.3067229 0.2666515 0.2222346 0.3419686 0.3463471 0.2903708 0.0000000 0.2984809 0.2992833 0.2340639 0.2983653 0.2384763 0.1199150 0.3464050 0.3455175 0.3607023 0.3336390 
yHAB155_Kazachstania_spencerorum            0.4352053 0.3021696 0.3331378 0.3557957 0.3936602 0.4549532 0.3902778 0.3665284 0.2972614 0.3277629 1.7341541 0.3185368 0.3402133 0.3192538 0.3632866 0.3341607 0.3445910 0.3308347 0.3494137 0.3221143 0.3477635 0.2536766 0.2654423 0.2813350 0.2714533 0.2891343 0.3486650 0.3232588 0.1996409 0.2984809 0.0000000 0.2319002 0.2894973 0.2635213 0.2843448 0.3166367 0.3290033 0.3379330 0.3318084 0.3488857 
yHAB158_Kazachstania_viticola               0.3448877 0.2630404 0.3376638 0.3112303 0.3067863 0.3553027 0.3265453 0.2966687 0.2747915 0.3035145 1.7461389 0.2951406 0.3115575 0.2940461 0.3338724 0.3031432 0.3040321 0.2973816 0.3024142 0.2743378 0.3297903 0.2251510 0.2375102 0.2939162 0.2474858 0.2490161 0.3428995 0.2900422 0.2238991 0.2992833 0.2319002 0.0000000 0.2635493 0.2242001 0.2612645 0.2896652 0.3143603 0.2998819 0.3056597 0.3199707 
yHAB159_Kazachstania_solicola               0.3404284 0.2886889 0.3280323 0.2868616 0.3270021 0.3732137 0.3356877 0.2959499 0.2418825 0.3104245 1.4452876 0.2899424 0.2944453 0.2792151 0.3199305 0.2988181 0.2922332 0.2877483 0.3306155 0.3046530 0.3172484 0.2577152 0.0353419 0.2801422 0.2394547 0.0647225 0.2734613 0.3160221 0.2365304 0.2340639 0.2894973 0.2635493 0.0000000 0.2660105 0.0054506 0.2376888 0.3193610 0.2994481 0.3292381 0.3128108 
yHAB160_Kazachstania_kunashirensis          0.3300122 0.2716017 0.3300219 0.2877990 0.3193897 0.3616675 0.3079011 0.2972363 0.2435723 0.2728354 1.5472928 0.2691415 0.2916038 0.2890974 0.3123340 0.3029778 0.2860905 0.2929557 0.3007305 0.2901037 0.2781530 0.1954386 0.2521852 0.2075966 0.2263319 0.2399792 0.3373008 0.3246240 0.2172538 0.2983653 0.2635213 0.2242001 0.2660105 0.0000000 0.2700684 0.2889741 0.3300486 0.3044246 0.3114365 0.3303060 
yHAB164_Kazachstania_aerobia                0.3424917 0.2929782 0.3221038 0.2904795 0.3234971 0.3765380 0.3343546 0.2967700 0.2469412 0.3109339 1.4620344 0.2884290 0.2989717 0.2776694 0.3199448 0.2973120 0.2959928 0.2862305 0.3346877 0.3059158 0.3185028 0.2571774 0.0352684 0.2857816 0.2418149 0.0649688 0.2684067 0.3098123 0.2402033 0.2384763 0.2843448 0.2612645 0.0054506 0.2700684 0.0000000 0.2420555 0.3135297 0.3000179 0.3244489 0.3128078 
yHAB166_Kazachstania_yakushimaensis         0.3894001 0.3121125 0.3509604 0.3786732 0.3533639 0.4395549 0.3717681 0.3509757 0.2995052 0.3343001 1.6032739 0.3147241 0.3286710 0.3186554 0.3754960 0.3345294 0.3243829 0.3284109 0.3761499 0.3347552 0.3204163 0.2639894 0.2281739 0.3368621 0.2281180 0.2377189 0.3433405 0.3678523 0.3253281 0.1199150 0.3166367 0.2896652 0.2376888 0.2889741 0.2420555 0.0000000 0.3522638 0.3177020 0.3563608 0.3350938 
yHMPu5000034875_Tetrapisispora_fleetii      0.3739395 0.3054232 0.3841894 0.3502446 0.3201215 0.4013867 0.3573554 0.3145126 0.3294025 0.3269671 1.7297192 0.3396972 0.3575651 0.3485734 0.3919344 0.3606493 0.3626545 0.3551096 0.3060150 0.1519149 0.3081551 0.2885570 0.3154226 0.3199433 0.3451205 0.3126979 0.4019669 0.4231982 0.3162253 0.3464050 0.3290033 0.3143603 0.3193610 0.3300486 0.3135297 0.3522638 0.0000000 0.1874261 0.0651110 0.3548868 
yHMPu5000034876_Tetrapisispora_iriomotensis 0.3936839 0.3448707 0.4072841 0.3319695 0.3392209 0.4133233 0.3926009 0.3221932 0.2885428 0.3256852 1.6955961 0.3560107 0.3700705 0.3790386 0.4216391 0.3848694 0.3848879 0.3863285 0.3126208 0.1679326 0.2851697 0.3064853 0.3034961 0.3046402 0.3493208 0.3200952 0.4123311 0.4213095 0.3041128 0.3455175 0.3379330 0.2998819 0.2994481 0.3044246 0.3000179 0.3177020 0.1874261 0.0000000 0.1772884 0.3239821 
yHMPu5000034877_Tetrapisispora_namnaonensis 0.3761818 0.3008830 0.3993827 0.3266507 0.3250586 0.4118252 0.3518197 0.3165300 0.3201254 0.3319147 1.7091535 0.3336399 0.3439465 0.3562719 0.3885036 0.3608828 0.3537756 0.3629803 0.3052315 0.1418667 0.3048656 0.2779892 0.3284549 0.3388857 0.3427036 0.3268728 0.4015962 0.3885082 0.3242354 0.3607023 0.3318084 0.3056597 0.3292381 0.3114365 0.3244489 0.3563608 0.0651110 0.1772884 0.0000000 0.3598844 
yHMPu5000035629_Yueomyces_sinensis          0.3934263 0.3099993 0.4088432 0.3293353 0.3770262 0.4386543 0.3889968 0.3591105 0.3150578 0.3340499 1.6841614 0.3573109 0.3425514 0.3535019 0.4047745 0.3737854 0.3497987 0.3547898 0.3095351 0.3210751 0.3271832 0.3407534 0.3179821 0.3725956 0.3434432 0.3360366 0.3803116 0.4104840 0.3385635 0.3336390 0.3488857 0.3199707 0.3128108 0.3303060 0.3128078 0.3350938 0.3548868 0.3239821 0.3598844 0.0000000 
