40
Candida_glabrata                            0.0000000 0.4711149 0.5513821 0.5031455 0.1503224 0.5934155 0.1534559 0.1468147 0.5358203 0.6174007 0.8020242 0.5133736 0.4961890 0.5265291 0.5200413 0.5334581 0.5059592 0.5293353 0.6318911 0.5317490 0.5525449 0.5503786 0.6139301 0.4945707 0.5327566 0.5319340 0.6269086 0.5606880 0.4717615 0.5960520 0.5006123 0.4546840 0.5904571 0.5218503 0.5790806 0.5812079 0.4918302 0.4812780 0.4972845 0.7261230 
Kazachstania_africana                       0.4711149 0.0000000 0.2818418 0.5114364 0.4422691 0.4829184 0.4323886 0.4554832 0.3718905 0.3786824 0.7790960 0.3643338 0.3424931 0.3381821 0.3538292 0.3426339 0.3477395 0.3401141 0.5526400 0.3628348 0.3777843 0.3374480 0.3062516 0.2600381 0.2826202 0.2814985 0.3034923 0.3128252 0.1934506 0.3365739 0.2849205 0.2687961 0.3300340 0.2562813 0.3343531 0.3353184 0.3843839 0.3896213 0.3786150 0.6187080 
Kazachstania_naganishii                     0.5513821 0.2818418 0.0000000 0.4919178 0.4668034 0.4782437 0.4893196 0.5202886 0.3462670 0.3661765 0.7881607 0.3053850 0.2807516 0.2816552 0.2967149 0.2923643 0.2835402 0.2822864 0.5819571 0.3121125 0.2749517 0.2335201 0.2651085 0.2401246 0.2050084 0.2672967 0.2494836 0.2914266 0.1862758 0.2930744 0.2076345 0.2256415 0.2616267 0.2447780 0.2978736 0.3211948 0.3314328 0.3196741 0.3191629 0.5981178 
Nakaseomyces_bacillisporus                  0.5031455 0.5114364 0.4919178 0.0000000 0.4907769 0.4880828 0.5152290 0.5138321 0.5200187 0.5374974 0.7668439 0.4628754 0.4482388 0.4186951 0.4632344 0.4471727 0.4331925 0.4155465 0.5020863 0.4313551 0.4285378 0.5028954 0.5020861 0.5503849 0.5025616 0.4985250 0.5083185 0.5698473 0.4918208 0.5199314 0.4661231 0.5271193 0.5250574 0.5405648 0.5374122 0.5152707 0.4493979 0.4284821 0.4461021 0.6652110 
Nakaseomyces_bracarensis                    0.1503224 0.4422691 0.4668034 0.4907769 0.0000000 0.5569616 0.0557021 0.0817412 0.5219112 0.5822886 0.7510275 0.4790530 0.4670272 0.4652021 0.4883771 0.4799326 0.4797169 0.4660445 0.5971681 0.4614216 0.4694994 0.5179258 0.5520810 0.4823420 0.4880430 0.4849548 0.5688184 0.5305101 0.4179945 0.5686657 0.4831578 0.4985618 0.5126793 0.5024861 0.5133351 0.5771736 0.4550453 0.4263019 0.4214981 0.6408077 
Nakaseomyces_castellii                      0.5934155 0.4829184 0.4782437 0.4880828 0.5569616 0.0000000 0.5668763 0.5767649 0.5241328 0.5911107 0.7769100 0.4930867 0.4681253 0.4771401 0.4643838 0.4949573 0.4716494 0.4759664 0.5498860 0.4562436 0.4568667 0.5400103 0.5272848 0.5046097 0.4731899 0.4786657 0.5082329 0.5087086 0.4609188 0.4822118 0.4634924 0.5460701 0.5369525 0.5147903 0.5633462 0.5137143 0.4518720 0.4423789 0.4432669 0.6590093 
Nakaseomyces_delphensis                     0.1534559 0.4323886 0.4893196 0.5152290 0.0557021 0.5668763 0.0000000 0.0625545 0.5397958 0.6036389 0.7285805 0.4806511 0.4674725 0.4669609 0.4895632 0.4873670 0.4801619 0.4616050 0.5842732 0.4817664 0.4959925 0.5112640 0.5650563 0.4850772 0.5117029 0.5165182 0.6002589 0.5474410 0.4355423 0.5843207 0.4934727 0.5304136 0.5422489 0.5043437 0.5443308 0.5819661 0.4794797 0.4501388 0.4462750 0.6435846 
Nakaseomyces_nivariensis                    0.1468147 0.4554832 0.5202886 0.5138321 0.0817412 0.5767649 0.0625545 0.0000000 0.5550912 0.6128791 0.7934914 0.5076026 0.4927995 0.4943942 0.4867943 0.4908007 0.5058199 0.4942036 0.5990884 0.4730357 0.5152126 0.5310275 0.5595914 0.4992098 0.5430691 0.5127487 0.5767237 0.5476344 0.4461700 0.5996200 0.4737417 0.5161460 0.5636515 0.5031634 0.5597298 0.5876682 0.4674931 0.4541871 0.4493667 0.6456256 
Naumovozyma_castellii                       0.5358203 0.3718905 0.3462670 0.5200187 0.5219112 0.5241328 0.5397958 0.5550912 0.0000000 0.2563140 0.8186475 0.3190117 0.3181135 0.3299887 0.3112494 0.3332945 0.3205214 0.3268882 0.5362436 0.3948751 0.3602575 0.3163760 0.3870047 0.3589869 0.3346900 0.3843071 0.3967566 0.3555279 0.2932061 0.3685443 0.2955255 0.3426454 0.4090578 0.3499717 0.4182722 0.3999948 0.3882074 0.3372649 0.4086257 0.7337583 
Naumovozyma_dairenensis                     0.6174007 0.3786824 0.3661765 0.5374974 0.5822886 0.5911107 0.6036389 0.6128791 0.2563140 0.0000000 0.9431751 0.4169203 0.4132413 0.4310763 0.4327548 0.4232447 0.4200743 0.4279043 0.6144145 0.4123602 0.4031936 0.3720556 0.3741595 0.4063443 0.3462665 0.3609362 0.4188405 0.3868565 0.3389746 0.3905216 0.3652910 0.4009303 0.4025596 0.3945130 0.3916026 0.4232858 0.4219043 0.3938015 0.4283501 0.7726842 
Neurospora_crassa                           0.8020242 0.7790960 0.7881607 0.7668439 0.7510275 0.7769100 0.7285805 0.7934914 0.8186475 0.9431751 0.0000000 0.7928605 0.7620116 0.7710154 0.7395443 0.7670502 0.7675690 0.7726999 0.9842821 0.7737935 0.7472470 0.8353576 0.8847445 0.8569082 0.8501272 0.9002501 0.7682564 0.8407817 0.7726091 0.8250432 0.8364386 0.8180443 0.8488355 0.8862482 0.8801520 0.8065142 0.7910642 0.7763316 0.7325483 0.8144763 
Saccharomyces_arboricola                    0.5133736 0.3643338 0.3053850 0.4628754 0.4790530 0.4930867 0.4806511 0.5076026 0.3190117 0.4169203 0.7928605 0.0000000 0.0412858 0.0649079 0.0661620 0.0754962 0.0504580 0.0620631 0.4795502 0.2637770 0.2488932 0.2806204 0.3500056 0.3098542 0.3361016 0.3363393 0.3301019 0.3539934 0.2587880 0.2869254 0.2462809 0.3487733 0.3646460 0.3086545 0.3903667 0.3398473 0.2804859 0.2603729 0.3001085 0.5203918 
Saccharomyces_cerevisiae                    0.4961890 0.3424931 0.2807516 0.4482388 0.4670272 0.4681253 0.4674725 0.4927995 0.3181135 0.4132413 0.7620116 0.0412858 0.0000000 0.0530794 0.0350568 0.0475350 0.0084908 0.0502134 0.4858846 0.2355012 0.2342655 0.2592811 0.3257945 0.2749456 0.3245068 0.3224959 0.3008890 0.3428332 0.2422178 0.2671395 0.2114695 0.3230046 0.3346959 0.2805401 0.3722730 0.3121586 0.2561179 0.2383005 0.2652417 0.5088712 
Saccharomyces_eubayanus                     0.5265291 0.3381821 0.2816552 0.4186951 0.4652021 0.4771401 0.4669609 0.4943942 0.3299887 0.4310763 0.7710154 0.0649079 0.0530794 0.0000000 0.0845437 0.0692245 0.0501581 0.0056183 0.4780535 0.2275283 0.2262730 0.2600378 0.3311206 0.2732362 0.3319994 0.3456467 0.2960133 0.3615387 0.2488422 0.2818986 0.2345093 0.3359675 0.3471834 0.2910381 0.3906355 0.3252073 0.2560054 0.2265599 0.2681613 0.5289547 
Saccharomyces_kudriavzevii                  0.5200413 0.3538292 0.2967149 0.4632344 0.4883771 0.4643838 0.4895632 0.4867943 0.3112494 0.4327548 0.7395443 0.0661620 0.0350568 0.0845437 0.0000000 0.0661931 0.0441069 0.0816756 0.4619257 0.2495861 0.2429284 0.2820220 0.3187122 0.2807676 0.3409362 0.3349267 0.2998226 0.3546689 0.2452517 0.2740107 0.2279759 0.3454341 0.3543251 0.2872120 0.3814386 0.3189621 0.2742705 0.2384492 0.2827247 0.5148487 
Saccharomyces_mikatae                       0.5334581 0.3426339 0.2923643 0.4471727 0.4799326 0.4949573 0.4873670 0.4908007 0.3332945 0.4232447 0.7670502 0.0754962 0.0475350 0.0692245 0.0661931 0.0000000 0.0476993 0.0663301 0.4889040 0.2507376 0.2370067 0.2787121 0.3327340 0.2762265 0.3410069 0.3326852 0.3118644 0.3400716 0.2459763 0.2805050 0.2161054 0.3286575 0.3475597 0.2804992 0.3774829 0.3327316 0.2775153 0.2472233 0.2859700 0.5350326 
Saccharomyces_paradoxus                     0.5059592 0.3477395 0.2835402 0.4331925 0.4797169 0.4716494 0.4801619 0.5058199 0.3205214 0.4200743 0.7675690 0.0504580 0.0084908 0.0501581 0.0441069 0.0476993 0.0000000 0.0472848 0.4902633 0.2358118 0.2221724 0.2530755 0.3302090 0.2714992 0.3257220 0.3317768 0.3033690 0.3395820 0.2462142 0.2718101 0.2082050 0.3245250 0.3392185 0.2766259 0.3807661 0.3171375 0.2658354 0.2476376 0.2749461 0.5097746 
Saccharomyces_uvarum                        0.5293353 0.3401141 0.2822864 0.4155465 0.4660445 0.4759664 0.4616050 0.4942036 0.3268882 0.4279043 0.7726999 0.0620631 0.0502134 0.0056183 0.0816756 0.0663301 0.0472848 0.0000000 0.4806661 0.2325065 0.2265870 0.2616219 0.3321005 0.2740910 0.3329369 0.3410587 0.2968856 0.3637052 0.2503625 0.2813079 0.2315266 0.3379499 0.3485437 0.2919147 0.3929106 0.3245079 0.2612227 0.2315474 0.2734144 0.5232492 
Tetrapisispora_blattae                      0.6318911 0.5526400 0.5819571 0.5020863 0.5971681 0.5498860 0.5842732 0.5990884 0.5362436 0.6144145 0.9842821 0.4795502 0.4858846 0.4780535 0.4619257 0.4889040 0.4902633 0.4806661 0.0000000 0.5199517 0.4891401 0.5601586 0.6537712 0.5988528 0.5986538 0.6136583 0.6276639 0.5376053 0.5244523 0.6163557 0.5165585 0.5969211 0.6512341 0.5549861 0.6273009 0.6045073 0.5593673 0.5110932 0.5650768 0.6398171 
Tetrapisispora_phaffii                      0.5317490 0.3628348 0.3121125 0.4313551 0.4614216 0.4562436 0.4817664 0.4730357 0.3948751 0.4123602 0.7737935 0.2637770 0.2355012 0.2275283 0.2495861 0.2507376 0.2358118 0.2325065 0.5199517 0.0000000 0.2189122 0.3317129 0.3309646 0.3128811 0.3491861 0.3505497 0.3470725 0.3500255 0.2836677 0.2914216 0.2721860 0.3745214 0.3606103 0.3327464 0.3640352 0.3139173 0.1208047 0.1441939 0.1101892 0.5172639 
Vanderwaltozyma_polyspora                   0.5525449 0.3777843 0.2749517 0.4285378 0.4694994 0.4568667 0.4959925 0.5152126 0.3602575 0.4031936 0.7472470 0.2488932 0.2342655 0.2262730 0.2429284 0.2370067 0.2221724 0.2265870 0.4891401 0.2189122 0.0000000 0.3010050 0.3111130 0.3139481 0.3640966 0.3179552 0.3244516 0.3633118 0.2898342 0.3307712 0.2699043 0.3734915 0.3571174 0.3243446 0.3714584 0.3309702 0.2354047 0.1626343 0.2407164 0.5503646 
yHAB132_Kazachstania_martiniae              0.5503786 0.3374480 0.2335201 0.5028954 0.5179258 0.5400103 0.5112640 0.5310275 0.3163760 0.3720556 0.8353576 0.2806204 0.2592811 0.2600378 0.2820220 0.2787121 0.2530755 0.2616219 0.5601586 0.3317129 0.3010050 0.0000000 0.2758402 0.2276407 0.2555693 0.3143530 0.2870435 0.2454827 0.2253931 0.2586501 0.2016040 0.2670040 0.2803982 0.2296748 0.2964915 0.2701934 0.3588222 0.3144890 0.3520519 0.6044333 
yHAB133_Kazachstania_unispora               0.6139301 0.3062516 0.2651085 0.5020861 0.5520810 0.5272848 0.5650563 0.5595914 0.3870047 0.3741595 0.8847445 0.3500056 0.3257945 0.3311206 0.3187122 0.3327340 0.3302090 0.3321005 0.6537712 0.3309646 0.3111130 0.2758402 0.0000000 0.2624726 0.2984411 0.0878640 0.2318472 0.3126584 0.2560674 0.1957658 0.2859733 0.2858731 0.1309200 0.2830415 0.1022664 0.1934771 0.3113448 0.2761974 0.3186471 0.5824368 
yHAB134_Kazachstania_turicensis             0.4945707 0.2600381 0.2401246 0.5503849 0.4823420 0.5046097 0.4850772 0.4992098 0.3589869 0.4063443 0.8569082 0.3098542 0.2749456 0.2732362 0.2807676 0.2762265 0.2714992 0.2740910 0.5988528 0.3128811 0.3139481 0.2276407 0.2624726 0.0000000 0.2743377 0.2742230 0.2609167 0.2785555 0.1542139 0.2305016 0.2058421 0.2017417 0.2941674 0.1291724 0.3166573 0.2568303 0.3204959 0.3359883 0.3030698 0.6665589 
yHAB136_Kazachstania_bromeliacearum         0.5327566 0.2826202 0.2050084 0.5025616 0.4880430 0.4731899 0.5117029 0.5430691 0.3346900 0.3462665 0.8501272 0.3361016 0.3245068 0.3319994 0.3409362 0.3410069 0.3257220 0.3329369 0.5986538 0.3491861 0.3640966 0.2555693 0.2984411 0.2743377 0.0000000 0.2885915 0.2686763 0.3236958 0.2155231 0.2722503 0.2334891 0.2422655 0.3054959 0.2729795 0.3178551 0.2959110 0.3866188 0.3686646 0.3651522 0.6588925 
yHAB143_Kazachstania_siamensis              0.5319340 0.2814985 0.2672967 0.4985250 0.4849548 0.4786657 0.5165182 0.5127487 0.3843071 0.3609362 0.9002501 0.3363393 0.3224959 0.3456467 0.3349267 0.3326852 0.3317768 0.3410587 0.6136583 0.3505497 0.3179552 0.3143530 0.0878640 0.2742230 0.2885915 0.0000000 0.2476050 0.3559508 0.2555942 0.1994719 0.3141271 0.2826317 0.1486422 0.3003720 0.1299565 0.2119926 0.3330566 0.2837099 0.3362357 0.5750834 
yHAB147_Kazachstania_taianensis             0.6269086 0.3034923 0.2494836 0.5083185 0.5688184 0.5082329 0.6002589 0.5767237 0.3967566 0.4188405 0.7682564 0.3301019 0.3008890 0.2960133 0.2998226 0.3118644 0.3033690 0.2968856 0.6276639 0.3470725 0.3244516 0.2870435 0.2318472 0.2609167 0.2686763 0.2476050 0.0000000 0.3487183 0.2887565 0.2230323 0.2909759 0.2978569 0.2557563 0.2908036 0.2857031 0.2438674 0.3652292 0.3411111 0.3703649 0.6312918 
yHAB148_Kazachstania_intestinalis           0.5606880 0.3128252 0.2914266 0.5698473 0.5305101 0.5087086 0.5474410 0.5476344 0.3555279 0.3868565 0.8407817 0.3539934 0.3428332 0.3615387 0.3546689 0.3400716 0.3395820 0.3637052 0.5376053 0.3500255 0.3633118 0.2454827 0.3126584 0.2785555 0.3236958 0.3559508 0.3487183 0.0000000 0.2577305 0.2948184 0.2849152 0.2813628 0.3318880 0.2865337 0.3080101 0.3057378 0.3420853 0.3437291 0.3661086 0.5710848 
yHAB153_Kazachstania_rosinii                0.4717615 0.1934506 0.1862758 0.4918208 0.4179945 0.4609188 0.4355423 0.4461700 0.2932061 0.3389746 0.7726091 0.2587880 0.2422178 0.2488422 0.2452517 0.2459763 0.2462142 0.2503625 0.5244523 0.2836677 0.2898342 0.2253931 0.2560674 0.1542139 0.2155231 0.2555942 0.2887565 0.2577305 0.0000000 0.2798628 0.1677268 0.1820307 0.2637569 0.1692094 0.2760754 0.2760062 0.2836418 0.3029051 0.2820819 0.5506218 
yHAB154_Kazachstania_transvaalensis         0.5960520 0.3365739 0.2930744 0.5199314 0.5686657 0.4822118 0.5843207 0.5996200 0.3685443 0.3905216 0.8250432 0.2869254 0.2671395 0.2818986 0.2740107 0.2805050 0.2718101 0.2813079 0.6163557 0.2914216 0.3307712 0.2586501 0.1957658 0.2305016 0.2722503 0.1994719 0.2230323 0.2948184 0.2798628 0.0000000 0.2579838 0.2909707 0.2739665 0.2810025 0.2653744 0.0763117 0.3058023 0.2836270 0.3280716 0.5637088 
yHAB155_Kazachstania_spencerorum            0.5006123 0.2849205 0.2076345 0.4661231 0.4831578 0.4634924 0.4934727 0.4737417 0.2955255 0.3652910 0.8364386 0.2462809 0.2114695 0.2345093 0.2279759 0.2161054 0.2082050 0.2315266 0.5165585 0.2721860 0.2699043 0.2016040 0.2859733 0.2058421 0.2334891 0.3141271 0.2909759 0.2849152 0.1677268 0.2579838 0.0000000 0.2388807 0.3204003 0.2226287 0.3580466 0.2900476 0.2989930 0.3011502 0.3170770 0.6115781 
yHAB158_Kazachstania_viticola               0.4546840 0.2687961 0.2256415 0.5271193 0.4985618 0.5460701 0.5304136 0.5161460 0.3426454 0.4009303 0.8180443 0.3487733 0.3230046 0.3359675 0.3454341 0.3286575 0.3245250 0.3379499 0.5969211 0.3745214 0.3734915 0.2670040 0.2858731 0.2017417 0.2422655 0.2826317 0.2978569 0.2813628 0.1820307 0.2909707 0.2388807 0.0000000 0.3175239 0.2043778 0.3237986 0.2715332 0.3755916 0.3849286 0.3713696 0.6363216 
yHAB159_Kazachstania_solicola               0.5904571 0.3300340 0.2616267 0.5250574 0.5126793 0.5369525 0.5422489 0.5636515 0.4090578 0.4025596 0.8488355 0.3646460 0.3346959 0.3471834 0.3543251 0.3475597 0.3392185 0.3485437 0.6512341 0.3606103 0.3571174 0.2803982 0.1309200 0.2941674 0.3054959 0.1486422 0.2557563 0.3318880 0.2637569 0.2739665 0.3204003 0.3175239 0.0000000 0.3045876 0.0713509 0.2635111 0.3638836 0.3217095 0.3355903 0.6029637 
yHAB160_Kazachstania_kunashirensis          0.5218503 0.2562813 0.2447780 0.5405648 0.5024861 0.5147903 0.5043437 0.5031634 0.3499717 0.3945130 0.8862482 0.3086545 0.2805401 0.2910381 0.2872120 0.2804992 0.2766259 0.2919147 0.5549861 0.3327464 0.3243446 0.2296748 0.2830415 0.1291724 0.2729795 0.3003720 0.2908036 0.2865337 0.1692094 0.2810025 0.2226287 0.2043778 0.3045876 0.0000000 0.3012050 0.2980702 0.3356514 0.3383839 0.3458291 0.6787059 
yHAB164_Kazachstania_aerobia                0.5790806 0.3343531 0.2978736 0.5374122 0.5133351 0.5633462 0.5443308 0.5597298 0.4182722 0.3916026 0.8801520 0.3903667 0.3722730 0.3906355 0.3814386 0.3774829 0.3807661 0.3929106 0.6273009 0.3640352 0.3714584 0.2964915 0.1022664 0.3166573 0.3178551 0.1299565 0.2857031 0.3080101 0.2760754 0.2653744 0.3580466 0.3237986 0.0713509 0.3012050 0.0000000 0.2526873 0.3740252 0.3247706 0.3476119 0.5936706 
yHAB166_Kazachstania_yakushimaensis         0.5812079 0.3353184 0.3211948 0.5152707 0.5771736 0.5137143 0.5819661 0.5876682 0.3999948 0.4232858 0.8065142 0.3398473 0.3121586 0.3252073 0.3189621 0.3327316 0.3171375 0.3245079 0.6045073 0.3139173 0.3309702 0.2701934 0.1934771 0.2568303 0.2959110 0.2119926 0.2438674 0.3057378 0.2760062 0.0763117 0.2900476 0.2715332 0.2635111 0.2980702 0.2526873 0.0000000 0.3247981 0.3073475 0.3359767 0.5945329 
yHMPu5000034875_Tetrapisispora_fleetii      0.4918302 0.3843839 0.3314328 0.4493979 0.4550453 0.4518720 0.4794797 0.4674931 0.3882074 0.4219043 0.7910642 0.2804859 0.2561179 0.2560054 0.2742705 0.2775153 0.2658354 0.2612227 0.5593673 0.1208047 0.2354047 0.3588222 0.3113448 0.3204959 0.3866188 0.3330566 0.3652292 0.3420853 0.2836418 0.3058023 0.2989930 0.3755916 0.3638836 0.3356514 0.3740252 0.3247981 0.0000000 0.1229184 0.0537312 0.5684381 
yHMPu5000034876_Tetrapisispora_iriomotensis 0.4812780 0.3896213 0.3196741 0.4284821 0.4263019 0.4423789 0.4501388 0.4541871 0.3372649 0.3938015 0.7763316 0.2603729 0.2383005 0.2265599 0.2384492 0.2472233 0.2476376 0.2315474 0.5110932 0.1441939 0.1626343 0.3144890 0.2761974 0.3359883 0.3686646 0.2837099 0.3411111 0.3437291 0.3029051 0.2836270 0.3011502 0.3849286 0.3217095 0.3383839 0.3247706 0.3073475 0.1229184 0.0000000 0.1274408 0.5549441 
yHMPu5000034877_Tetrapisispora_namnaonensis 0.4972845 0.3786150 0.3191629 0.4461021 0.4214981 0.4432669 0.4462750 0.4493667 0.4086257 0.4283501 0.7325483 0.3001085 0.2652417 0.2681613 0.2827247 0.2859700 0.2749461 0.2734144 0.5650768 0.1101892 0.2407164 0.3520519 0.3186471 0.3030698 0.3651522 0.3362357 0.3703649 0.3661086 0.2820819 0.3280716 0.3170770 0.3713696 0.3355903 0.3458291 0.3476119 0.3359767 0.0537312 0.1274408 0.0000000 0.5535714 
yHMPu5000035629_Yueomyces_sinensis          0.7261230 0.6187080 0.5981178 0.6652110 0.6408077 0.6590093 0.6435846 0.6456256 0.7337583 0.7726842 0.8144763 0.5203918 0.5088712 0.5289547 0.5148487 0.5350326 0.5097746 0.5232492 0.6398171 0.5172639 0.5503646 0.6044333 0.5824368 0.6665589 0.6588925 0.5750834 0.6312918 0.5710848 0.5506218 0.5637088 0.6115781 0.6363216 0.6029637 0.6787059 0.5936706 0.5945329 0.5684381 0.5549441 0.5535714 0.0000000 
