40
Candida_glabrata                            0.0000000 0.4681163 0.4500104 0.4104426 0.2603214 0.5691790 0.3018875 0.2482010 0.3651917 0.3898975 3.6258187 0.3755397 0.3386816 0.3445654 0.4564068 0.2988698 0.2933204 0.3477733 0.4511647 0.4477313 0.4103054 0.3424926 0.4030520 0.4301981 0.4105943 0.3864588 0.4007388 0.5567086 0.4176968 0.3977003 0.3149157 0.4165629 0.3946569 0.3390711 0.3946569 0.3678597 0.4726459 0.4951685 0.4478481 0.5020812 
Kazachstania_africana                       0.4681163 0.0000000 0.3674797 0.3932917 0.4561494 0.4439560 0.4843640 0.4985955 0.5103107 0.4270700 3.9245888 0.3998786 0.3958994 0.4056540 0.4568890 0.3833549 0.3753293 0.3833083 0.4877558 0.5673254 0.5367949 0.3521768 0.3417509 0.4037477 0.3103800 0.2937761 0.2691956 0.4472122 0.3919024 0.3081565 0.3057545 0.4270243 0.3295439 0.3001956 0.3295439 0.2877853 0.5367780 0.5226742 0.5541609 0.5374896 
Kazachstania_naganishii                     0.4500104 0.3674797 0.0000000 0.4146486 0.3595375 0.5042436 0.4116696 0.3857903 0.4607133 0.3817378 3.8429830 0.3716806 0.3416434 0.3934756 0.4759497 0.3337938 0.3523472 0.3821971 0.4187644 0.3990391 0.3695511 0.2419008 0.1909000 0.3556849 0.1852115 0.1797143 0.1875223 0.4334541 0.4610470 0.2539475 0.3110903 0.3768547 0.1680377 0.2871243 0.1680377 0.2638315 0.4157056 0.3790511 0.4318233 0.4230477 
Nakaseomyces_bacillisporus                  0.4104426 0.3932917 0.4146486 0.0000000 0.4077758 0.4216246 0.4517737 0.3839621 0.4663591 0.4419106 3.3742270 0.2955096 0.3008870 0.2852919 0.3754828 0.2723073 0.2934279 0.2909574 0.3377727 0.3793965 0.3349145 0.3676264 0.3322639 0.3829230 0.3900562 0.3330441 0.3050837 0.4348057 0.3982074 0.3446026 0.3897905 0.3673142 0.3344932 0.3773829 0.3344932 0.3213188 0.3372100 0.3593246 0.3867570 0.4198495 
Nakaseomyces_bracarensis                    0.2603214 0.4561494 0.3595375 0.4077758 0.0000000 0.5255026 0.1004128 0.0649820 0.4055483 0.4216969 3.2591452 0.3484954 0.3577113 0.3509239 0.4739427 0.2937723 0.3378806 0.3271177 0.4024436 0.3835831 0.3659691 0.3304272 0.3222864 0.4022630 0.3530872 0.3171039 0.3464407 0.5252867 0.4174791 0.4117771 0.3776925 0.4255255 0.3347017 0.3744070 0.3347017 0.3822875 0.3852767 0.3894992 0.3884339 0.4429904 
Nakaseomyces_castellii                      0.5691790 0.4439560 0.5042436 0.4216246 0.5255026 0.0000000 0.6015632 0.5420043 0.5868060 0.5943682 3.6966312 0.5296483 0.5095319 0.5198115 0.6197816 0.4856231 0.4670828 0.5166125 0.5241050 0.6186288 0.5830189 0.4557800 0.4219414 0.4835157 0.4868132 0.4254488 0.4708908 0.4341752 0.5129571 0.4866455 0.5835745 0.4748918 0.4402893 0.4936091 0.4402893 0.4737916 0.5950322 0.5852476 0.6147586 0.4903445 
Nakaseomyces_delphensis                     0.3018875 0.4843640 0.4116696 0.4517737 0.1004128 0.6015632 0.0000000 0.0724549 0.4244379 0.3941486 2.8139574 0.3504122 0.3447973 0.3575291 0.4963582 0.3289847 0.3609965 0.3557764 0.4840272 0.4164333 0.4138107 0.3878367 0.3844542 0.4994990 0.3698629 0.3794842 0.3721733 0.4775817 0.4083491 0.4446813 0.3657436 0.3927604 0.3688445 0.4431698 0.3688445 0.4236167 0.4165492 0.4327287 0.4211399 0.5315781 
Nakaseomyces_nivariensis                    0.2482010 0.4985955 0.3857903 0.3839621 0.0649820 0.5420043 0.0724549 0.0000000 0.3789471 0.3607960 3.1423145 0.3335005 0.3368971 0.3446888 0.4865965 0.3063554 0.3503980 0.3185177 0.4263427 0.3768841 0.3539719 0.3521701 0.3469988 0.4110451 0.3710593 0.3756843 0.3779650 0.4929842 0.4184606 0.4289852 0.3639778 0.3819223 0.3543305 0.4034216 0.3543305 0.4094286 0.3769560 0.3878083 0.3815990 0.4515387 
Naumovozyma_castellii                       0.3651917 0.5103107 0.4607133 0.4663591 0.4055483 0.5868060 0.4244379 0.3789471 0.0000000 0.2877860 3.5143919 0.3335885 0.2997327 0.3107213 0.4328078 0.3138186 0.2615793 0.3196980 0.4102746 0.3618069 0.3964490 0.4080195 0.3847234 0.4670203 0.3363793 0.3846242 0.3814880 0.5468132 0.4511246 0.3968845 0.3986612 0.4056972 0.3882738 0.4450206 0.3882738 0.4291630 0.3714456 0.4237023 0.3871265 0.4526935 
Naumovozyma_dairenensis                     0.3898975 0.4270700 0.3817378 0.4419106 0.4216969 0.5943682 0.3941486 0.3607960 0.2877860 0.0000000 3.5574946 0.3302624 0.3371394 0.3252147 0.4391579 0.3364808 0.3129684 0.3300088 0.4197996 0.3711593 0.3566587 0.3151779 0.3307037 0.4240487 0.3865315 0.3508924 0.3438237 0.5106383 0.3800107 0.3313604 0.2970028 0.3681455 0.3478070 0.3901832 0.3478070 0.3245044 0.3689340 0.3894362 0.4011251 0.4066379 
Neurospora_crassa                           3.6258187 3.9245888 3.8429830 3.3742270 3.2591452 3.6966312 2.8139574 3.1423145 3.5143919 3.5574946 0.0000000 3.3246252 3.3273337 3.5549682 3.5757845 3.3762275 3.4053823 3.5938131 3.7471245 3.7229015 3.3747609 3.5863823 3.5669759 3.7048377 3.3971001 3.5897344 3.5602141 3.2934872 3.2838645 3.8519047 3.3772721 3.4061705 3.4853756 3.5661775 3.4853756 3.6459280 3.5113004 3.5723502 3.5445928 3.5582897 
Saccharomyces_arboricola                    0.3755397 0.3998786 0.3716806 0.2955096 0.3484954 0.5296483 0.3504122 0.3335005 0.3335885 0.3302624 3.3246252 0.0000000 0.1137743 0.0788852 0.1681109 0.1148261 0.0928156 0.0635553 0.3287174 0.3600037 0.3460467 0.3680085 0.2714350 0.4231260 0.3045938 0.2728625 0.2611117 0.4185386 0.3907526 0.2776606 0.2534189 0.2696020 0.2438225 0.3488580 0.2438225 0.2590448 0.3330252 0.3676880 0.3630974 0.3448085 
Saccharomyces_cerevisiae                    0.3386816 0.3958994 0.3416434 0.3008870 0.3577113 0.5095319 0.3447973 0.3368971 0.2997327 0.3371394 3.3273337 0.1137743 0.0000000 0.1221117 0.1959333 0.0991268 0.0608493 0.1082408 0.3202019 0.3312759 0.3635700 0.3349914 0.2916745 0.3869838 0.3447893 0.2859947 0.2840796 0.4606301 0.3912213 0.3003344 0.2766630 0.3300012 0.2762250 0.3175196 0.2762250 0.2795029 0.3235413 0.3204427 0.3392732 0.3598014 
Saccharomyces_eubayanus                     0.3445654 0.4056540 0.3934756 0.2852919 0.3509239 0.5198115 0.3575291 0.3446888 0.3107213 0.3252147 3.5549682 0.0788852 0.1221117 0.0000000 0.2132946 0.1151230 0.0779450 0.0346134 0.3178113 0.3292783 0.3443417 0.3806451 0.2770040 0.4558539 0.3064744 0.2557224 0.2568078 0.4270518 0.3807242 0.2736071 0.2921430 0.2933771 0.2489359 0.3521291 0.2489359 0.2542269 0.3310414 0.3611276 0.3708232 0.3448265 
Saccharomyces_kudriavzevii                  0.4564068 0.4568890 0.4759497 0.3754828 0.4739427 0.6197816 0.4963582 0.4865965 0.4328078 0.4391579 3.5757845 0.1681109 0.1959333 0.2132946 0.0000000 0.1789109 0.1696897 0.2016540 0.3355258 0.5149712 0.5277062 0.4289591 0.3535611 0.4894891 0.4329453 0.3428802 0.3426331 0.5452819 0.4106730 0.3844286 0.3140414 0.3570568 0.3322137 0.3879683 0.3322137 0.3397032 0.4862210 0.5041618 0.5259952 0.4165943 
Saccharomyces_mikatae                       0.2988698 0.3833549 0.3337938 0.2723073 0.2937723 0.4856231 0.3289847 0.3063554 0.3138186 0.3364808 3.3762275 0.1148261 0.0991268 0.1151230 0.1789109 0.0000000 0.0688605 0.0958305 0.2433238 0.2935021 0.3047167 0.3067021 0.2820580 0.3932915 0.3296346 0.2536415 0.2784470 0.4042677 0.3420502 0.2810307 0.2703914 0.3141368 0.2844328 0.3167044 0.2844328 0.2637286 0.2834222 0.2962439 0.3159715 0.3003283 
Saccharomyces_paradoxus                     0.2933204 0.3753293 0.3523472 0.2934279 0.3378806 0.4670828 0.3609965 0.3503980 0.2615793 0.3129684 3.4053823 0.0928156 0.0608493 0.0779450 0.1696897 0.0688605 0.0000000 0.0652878 0.2828314 0.3191485 0.3364819 0.3522877 0.2702198 0.3903520 0.2992627 0.2424884 0.2525831 0.4175929 0.3554105 0.2667775 0.2831091 0.3182011 0.2550633 0.3058200 0.2550633 0.2509973 0.2987943 0.3149773 0.3318735 0.3255829 
Saccharomyces_uvarum                        0.3477733 0.3833083 0.3821971 0.2909574 0.3271177 0.5166125 0.3557764 0.3185177 0.3196980 0.3300088 3.5938131 0.0635553 0.1082408 0.0346134 0.2016540 0.0958305 0.0652878 0.0000000 0.2954078 0.3511371 0.3345634 0.3702403 0.2663675 0.4507914 0.3059910 0.2453919 0.2559834 0.4121093 0.3797927 0.2657118 0.2871441 0.2888012 0.2480699 0.3354241 0.2480699 0.2463580 0.3296743 0.3445046 0.3647008 0.3355047 
Tetrapisispora_blattae                      0.4511647 0.4877558 0.4187644 0.3377727 0.4024436 0.5241050 0.4840272 0.4263427 0.4102746 0.4197996 3.7471245 0.3287174 0.3202019 0.3178113 0.3355258 0.2433238 0.2828314 0.2954078 0.0000000 0.3312779 0.3372150 0.3406480 0.3243955 0.5107008 0.3840932 0.3182084 0.3440846 0.5677069 0.3833214 0.3852311 0.3975990 0.3792843 0.3434943 0.4293353 0.3434943 0.3604906 0.3118097 0.3500137 0.3446227 0.1968888 
Tetrapisispora_phaffii                      0.4477313 0.5673254 0.3990391 0.3793965 0.3835831 0.6186288 0.4164333 0.3768841 0.3618069 0.3711593 3.7229015 0.3600037 0.3312759 0.3292783 0.5149712 0.2935021 0.3191485 0.3511371 0.3312779 0.0000000 0.1953857 0.3332308 0.3735364 0.5502309 0.3650156 0.3776051 0.3387556 0.5260625 0.3589299 0.4292663 0.3874860 0.4034538 0.3702653 0.4597566 0.3702653 0.4164622 0.0562864 0.0947363 0.0429888 0.3201083 
Vanderwaltozyma_polyspora                   0.4103054 0.5367949 0.3695511 0.3349145 0.3659691 0.5830189 0.4138107 0.3539719 0.3964490 0.3566587 3.3747609 0.3460467 0.3635700 0.3443417 0.5277062 0.3047167 0.3364819 0.3345634 0.3372150 0.1953857 0.0000000 0.2918915 0.3625798 0.5130642 0.3559727 0.3641162 0.3253683 0.4770477 0.3713517 0.3734668 0.3924734 0.4130579 0.3514913 0.4365143 0.3514913 0.4098842 0.1803222 0.2094465 0.2168287 0.3382565 
yHAB132_Kazachstania_martiniae              0.3424926 0.3521768 0.2419008 0.3676264 0.3304272 0.4557800 0.3878367 0.3521701 0.4080195 0.3151779 3.5863823 0.3680085 0.3349914 0.3806451 0.4289591 0.3067021 0.3522877 0.3702403 0.3406480 0.3332308 0.2918915 0.0000000 0.2118462 0.2953172 0.2460794 0.2239295 0.2371117 0.3906116 0.3215189 0.2391285 0.2084027 0.2780198 0.2184712 0.2273561 0.2184712 0.2648438 0.3196497 0.3438849 0.3521191 0.3599620 
yHAB133_Kazachstania_unispora               0.4030520 0.3417509 0.1909000 0.3322639 0.3222864 0.4219414 0.3844542 0.3469988 0.3847234 0.3307037 3.5669759 0.2714350 0.2916745 0.2770040 0.3535611 0.2820580 0.2702198 0.2663675 0.3243955 0.3735364 0.3625798 0.2118462 0.0000000 0.2967681 0.1291500 0.0340494 0.1217127 0.4392358 0.3249296 0.2133357 0.2228446 0.3088798 0.0408572 0.2246807 0.0408572 0.2016236 0.3495170 0.3697700 0.3911262 0.3176706 
yHAB134_Kazachstania_turicensis             0.4301981 0.4037477 0.3556849 0.3829230 0.4022630 0.4835157 0.4994990 0.4110451 0.4670203 0.4240487 3.7048377 0.4231260 0.3869838 0.4558539 0.4894891 0.3932915 0.3903520 0.4507914 0.5107008 0.5502309 0.5130642 0.2953172 0.2967681 0.0000000 0.3912515 0.3048199 0.3525932 0.5392343 0.4312636 0.2758001 0.2943957 0.3861826 0.3038909 0.2191071 0.3038909 0.2914722 0.5080340 0.5047062 0.5084235 0.5316244 
yHAB136_Kazachstania_bromeliacearum         0.4105943 0.3103800 0.1852115 0.3900562 0.3530872 0.4868132 0.3698629 0.3710593 0.3363793 0.3865315 3.3971001 0.3045938 0.3447893 0.3064744 0.4329453 0.3296346 0.2992627 0.3059910 0.3840932 0.3650156 0.3559727 0.2460794 0.1291500 0.3912515 0.0000000 0.1094887 0.1308330 0.4139837 0.3409068 0.2384402 0.2571304 0.3101763 0.1013177 0.2622714 0.1013177 0.2412944 0.3384101 0.3649080 0.3820723 0.3848229 
yHAB143_Kazachstania_siamensis              0.3864588 0.2937761 0.1797143 0.3330441 0.3171039 0.4254488 0.3794842 0.3756843 0.3846242 0.3508924 3.5897344 0.2728625 0.2859947 0.2557224 0.3428802 0.2536415 0.2424884 0.2453919 0.3182084 0.3776051 0.3641162 0.2239295 0.0340494 0.3048199 0.1094887 0.0000000 0.0935391 0.4110262 0.3227659 0.1938427 0.2173255 0.3112418 0.0333749 0.1867720 0.0333749 0.1741249 0.3534752 0.3680745 0.3952507 0.3210394 
yHAB147_Kazachstania_taianensis             0.4007388 0.2691956 0.1875223 0.3050837 0.3464407 0.4708908 0.3721733 0.3779650 0.3814880 0.3438237 3.5602141 0.2611117 0.2840796 0.2568078 0.3426331 0.2784470 0.2525831 0.2559834 0.3440846 0.3387556 0.3253683 0.2371117 0.1217127 0.3525932 0.1308330 0.0935391 0.0000000 0.4022751 0.3303349 0.1955992 0.2456775 0.2847864 0.1027954 0.2195736 0.1027954 0.1644699 0.3210155 0.3585468 0.3557696 0.3531633 
yHAB148_Kazachstania_intestinalis           0.5567086 0.4472122 0.4334541 0.4348057 0.5252867 0.4341752 0.4775817 0.4929842 0.5468132 0.5106383 3.2934872 0.4185386 0.4606301 0.4270518 0.5452819 0.4042677 0.4175929 0.4121093 0.5677069 0.5260625 0.4770477 0.3906116 0.4392358 0.5392343 0.4139837 0.4110262 0.4022751 0.0000000 0.4959669 0.3971900 0.4062458 0.4280178 0.4400394 0.4757704 0.4400394 0.3861610 0.4969018 0.5093945 0.5236813 0.5175296 
yHAB153_Kazachstania_rosinii                0.4176968 0.3919024 0.4610470 0.3982074 0.4174791 0.5129571 0.4083491 0.4184606 0.4511246 0.3800107 3.2838645 0.3907526 0.3912213 0.3807242 0.4106730 0.3420502 0.3554105 0.3797927 0.3833214 0.3589299 0.3713517 0.3215189 0.3249296 0.4312636 0.3409068 0.3227659 0.3303349 0.4959669 0.0000000 0.4123314 0.3490469 0.3178299 0.3002442 0.3214775 0.3002442 0.3864930 0.3778381 0.3693643 0.3885361 0.3467508 
yHAB154_Kazachstania_transvaalensis         0.3977003 0.3081565 0.2539475 0.3446026 0.4117771 0.4866455 0.4446813 0.4289852 0.3968845 0.3313604 3.8519047 0.2776606 0.3003344 0.2736071 0.3844286 0.2810307 0.2667775 0.2657118 0.3852311 0.4292663 0.3734668 0.2391285 0.2133357 0.2758001 0.2384402 0.1938427 0.1955992 0.3971900 0.4123314 0.0000000 0.2328769 0.2903878 0.2213601 0.1892060 0.2213601 0.0704086 0.3938502 0.4099802 0.4247182 0.4253109 
yHAB155_Kazachstania_spencerorum            0.3149157 0.3057545 0.3110903 0.3897905 0.3776925 0.5835745 0.3657436 0.3639778 0.3986612 0.2970028 3.3772721 0.2534189 0.2766630 0.2921430 0.3140414 0.2703914 0.2831091 0.2871441 0.3975990 0.3874860 0.3924734 0.2084027 0.2228446 0.2943957 0.2571304 0.2173255 0.2456775 0.4062458 0.3490469 0.2328769 0.0000000 0.2529872 0.1983731 0.1400443 0.1983731 0.2355139 0.3921456 0.4142795 0.3700800 0.3846028 
yHAB158_Kazachstania_viticola               0.4165629 0.4270243 0.3768547 0.3673142 0.4255255 0.4748918 0.3927604 0.3819223 0.4056972 0.3681455 3.4061705 0.2696020 0.3300012 0.2933771 0.3570568 0.3141368 0.3182011 0.2888012 0.3792843 0.4034538 0.4130579 0.2780198 0.3088798 0.3861826 0.3101763 0.3112418 0.2847864 0.4280178 0.3178299 0.2903878 0.2529872 0.0000000 0.2786084 0.2826011 0.2786084 0.2867986 0.4133014 0.3950038 0.4280293 0.3723779 
yHAB159_Kazachstania_solicola               0.3946569 0.3295439 0.1680377 0.3344932 0.3347017 0.4402893 0.3688445 0.3543305 0.3882738 0.3478070 3.4853756 0.2438225 0.2762250 0.2489359 0.3322137 0.2844328 0.2550633 0.2480699 0.3434943 0.3702653 0.3514913 0.2184712 0.0408572 0.3038909 0.1013177 0.0333749 0.1027954 0.4400394 0.3002442 0.2213601 0.1983731 0.2786084 0.0000000 0.1933884 0.0000010 0.2008701 0.3568442 0.3748884 0.3880668 0.3459692 
yHAB160_Kazachstania_kunashirensis          0.3390711 0.3001956 0.2871243 0.3773829 0.3744070 0.4936091 0.4431698 0.4034216 0.4450206 0.3901832 3.5661775 0.3488580 0.3175196 0.3521291 0.3879683 0.3167044 0.3058200 0.3354241 0.4293353 0.4597566 0.4365143 0.2273561 0.2246807 0.2191071 0.2622714 0.1867720 0.2195736 0.4757704 0.3214775 0.1892060 0.1400443 0.2826011 0.1933884 0.0000000 0.1933884 0.2189622 0.4597527 0.4355609 0.4556537 0.4162348 
yHAB164_Kazachstania_aerobia                0.3946569 0.3295439 0.1680377 0.3344932 0.3347017 0.4402893 0.3688445 0.3543305 0.3882738 0.3478070 3.4853756 0.2438225 0.2762250 0.2489359 0.3322137 0.2844328 0.2550633 0.2480699 0.3434943 0.3702653 0.3514913 0.2184712 0.0408572 0.3038909 0.1013177 0.0333749 0.1027954 0.4400394 0.3002442 0.2213601 0.1983731 0.2786084 0.0000010 0.1933884 0.0000000 0.2008701 0.3568442 0.3748884 0.3880668 0.3459692 
yHAB166_Kazachstania_yakushimaensis         0.3678597 0.2877853 0.2638315 0.3213188 0.3822875 0.4737916 0.4236167 0.4094286 0.4291630 0.3245044 3.6459280 0.2590448 0.2795029 0.2542269 0.3397032 0.2637286 0.2509973 0.2463580 0.3604906 0.4164622 0.4098842 0.2648438 0.2016236 0.2914722 0.2412944 0.1741249 0.1644699 0.3861610 0.3864930 0.0704086 0.2355139 0.2867986 0.2008701 0.2189622 0.2008701 0.0000000 0.3942522 0.3898342 0.4077700 0.4042760 
yHMPu5000034875_Tetrapisispora_fleetii      0.4726459 0.5367780 0.4157056 0.3372100 0.3852767 0.5950322 0.4165492 0.3769560 0.3714456 0.3689340 3.5113004 0.3330252 0.3235413 0.3310414 0.4862210 0.2834222 0.2987943 0.3296743 0.3118097 0.0562864 0.1803222 0.3196497 0.3495170 0.5080340 0.3384101 0.3534752 0.3210155 0.4969018 0.3778381 0.3938502 0.3921456 0.4133014 0.3568442 0.4597527 0.3568442 0.3942522 0.0000000 0.0925001 0.0352699 0.3367599 
yHMPu5000034876_Tetrapisispora_iriomotensis 0.4951685 0.5226742 0.3790511 0.3593246 0.3894992 0.5852476 0.4327287 0.3878083 0.4237023 0.3894362 3.5723502 0.3676880 0.3204427 0.3611276 0.5041618 0.2962439 0.3149773 0.3445046 0.3500137 0.0947363 0.2094465 0.3438849 0.3697700 0.5047062 0.3649080 0.3680745 0.3585468 0.5093945 0.3693643 0.4099802 0.4142795 0.3950038 0.3748884 0.4355609 0.3748884 0.3898342 0.0925001 0.0000000 0.1042306 0.3527769 
yHMPu5000034877_Tetrapisispora_namnaonensis 0.4478481 0.5541609 0.4318233 0.3867570 0.3884339 0.6147586 0.4211399 0.3815990 0.3871265 0.4011251 3.5445928 0.3630974 0.3392732 0.3708232 0.5259952 0.3159715 0.3318735 0.3647008 0.3446227 0.0429888 0.2168287 0.3521191 0.3911262 0.5084235 0.3820723 0.3952507 0.3557696 0.5236813 0.3885361 0.4247182 0.3700800 0.4280293 0.3880668 0.4556537 0.3880668 0.4077700 0.0352699 0.1042306 0.0000000 0.3572555 
yHMPu5000035629_Yueomyces_sinensis          0.5020812 0.5374896 0.4230477 0.4198495 0.4429904 0.4903445 0.5315781 0.4515387 0.4526935 0.4066379 3.5582897 0.3448085 0.3598014 0.3448265 0.4165943 0.3003283 0.3255829 0.3355047 0.1968888 0.3201083 0.3382565 0.3599620 0.3176706 0.5316244 0.3848229 0.3210394 0.3531633 0.5175296 0.3467508 0.4253109 0.3846028 0.3723779 0.3459692 0.4162348 0.3459692 0.4042760 0.3367599 0.3527769 0.3572555 0.0000000 
