40
Candida_glabrata                            0.0000000 0.0719730 0.0827265 0.0750463 0.0215784 0.0812399 0.0260117 0.0217394 0.0512902 0.0806677 0.3496879 0.0487281 0.0539392 0.0483134 0.0564548 0.0524703 0.0524703 0.0483134 0.0753968 0.0512315 0.0512059 0.0529298 0.0506072 0.0537851 0.0594346 0.0589008 0.0617531 0.0782347 0.0675968 0.0751472 0.0564662 0.0605431 0.0610250 0.0540511 0.0610250 0.0699739 0.0592879 0.0467296 0.0551605 0.0602120 
Kazachstania_africana                       0.0719730 0.0000000 0.0622200 0.0936467 0.0633732 0.0896757 0.0652489 0.0655313 0.0558261 0.0573766 0.3241607 0.0508219 0.0559285 0.0504006 0.0506329 0.0544644 0.0544644 0.0504006 0.0696670 0.0457893 0.0557842 0.0318039 0.0388408 0.0443892 0.0546574 0.0464588 0.0595228 0.0707169 0.0362935 0.0620845 0.0560224 0.0433274 0.0404256 0.0365227 0.0404256 0.0540071 0.0534702 0.0458627 0.0495419 0.0577473 
Kazachstania_naganishii                     0.0827265 0.0622200 0.0000000 0.0878105 0.0714359 0.1101195 0.0665716 0.0676098 0.0430835 0.0748509 0.3512121 0.0548400 0.0600344 0.0543829 0.0624162 0.0584965 0.0584965 0.0543829 0.0638613 0.0551456 0.0511736 0.0425311 0.0464581 0.0550575 0.0639301 0.0465518 0.0596325 0.0745016 0.0634304 0.0718999 0.0486897 0.0473215 0.0561055 0.0558263 0.0561055 0.0638798 0.0552890 0.0468424 0.0512182 0.0620621 
Nakaseomyces_bacillisporus                  0.0750463 0.0936467 0.0878105 0.0000000 0.0669987 0.0554304 0.0727075 0.0641448 0.0637815 0.0786464 0.3448599 0.0645597 0.0624307 0.0566276 0.0648213 0.0608286 0.0608286 0.0566276 0.0725612 0.0721190 0.0637862 0.0658475 0.0692301 0.0767025 0.0878403 0.0693807 0.0784064 0.0937124 0.0799004 0.0948072 0.0631467 0.0787590 0.0767604 0.0652319 0.0767604 0.0894983 0.0723143 0.0659927 0.0679246 0.0681582 
Nakaseomyces_bracarensis                    0.0215784 0.0633732 0.0714359 0.0669987 0.0000000 0.0569236 0.0101419 0.0033353 0.0393023 0.0726202 0.3340447 0.0316135 0.0362104 0.0313613 0.0388521 0.0351532 0.0351532 0.0313613 0.0587954 0.0405713 0.0440283 0.0387781 0.0460790 0.0475083 0.0434709 0.0537979 0.0510179 0.0702583 0.0629529 0.0619299 0.0510837 0.0459960 0.0556529 0.0475979 0.0556529 0.0571388 0.0485673 0.0362222 0.0444832 0.0565860 
Nakaseomyces_castellii                      0.0812399 0.0896757 0.1101195 0.0554304 0.0569236 0.0000000 0.0646027 0.0589928 0.0835657 0.1035580 0.3706397 0.0670261 0.0724906 0.0664575 0.0747682 0.0707363 0.0707363 0.0664575 0.0897785 0.0727291 0.0804309 0.0680026 0.0796849 0.0890649 0.0901594 0.0882427 0.0903413 0.1116613 0.0961635 0.1029142 0.0880716 0.0866720 0.0875564 0.0771358 0.0875564 0.0972272 0.0813127 0.0684246 0.0768902 0.0784345 
Nakaseomyces_delphensis                     0.0260117 0.0652489 0.0665716 0.0727075 0.0101419 0.0646027 0.0000000 0.0067467 0.0391049 0.0709177 0.3420211 0.0389040 0.0436810 0.0385901 0.0462203 0.0424667 0.0424667 0.0385901 0.0665533 0.0449075 0.0407897 0.0385852 0.0424481 0.0453304 0.0469816 0.0501157 0.0595345 0.0684712 0.0589063 0.0537320 0.0478567 0.0461126 0.0518673 0.0436445 0.0518673 0.0490887 0.0530199 0.0404428 0.0488720 0.0586059 
Nakaseomyces_nivariensis                    0.0217394 0.0655313 0.0676098 0.0641448 0.0033353 0.0589928 0.0067467 0.0000000 0.0429898 0.0687441 0.3355673 0.0352234 0.0399061 0.0349408 0.0424926 0.0387707 0.0387707 0.0349408 0.0626005 0.0443772 0.0402918 0.0424138 0.0463357 0.0437927 0.0472200 0.0540982 0.0513882 0.0662888 0.0591717 0.0579995 0.0473512 0.0423980 0.0559714 0.0438704 0.0559714 0.0532658 0.0524340 0.0399519 0.0483144 0.0570082 
Naumovozyma_castellii                       0.0512902 0.0558261 0.0430835 0.0637815 0.0393023 0.0835657 0.0391049 0.0429898 0.0000000 0.0450854 0.3241724 0.0313716 0.0359247 0.0311230 0.0385496 0.0348821 0.0348821 0.0311230 0.0316583 0.0261506 0.0362545 0.0276062 0.0346988 0.0336148 0.0322584 0.0347665 0.0533503 0.0566130 0.0507592 0.0466775 0.0406978 0.0423694 0.0436251 0.0394594 0.0436251 0.0391765 0.0262196 0.0215114 0.0223370 0.0375917 
Naumovozyma_dairenensis                     0.0806677 0.0573766 0.0748509 0.0786464 0.0726202 0.1035580 0.0709177 0.0687441 0.0450854 0.0000000 0.3313242 0.0549095 0.0628457 0.0627683 0.0547030 0.0585713 0.0585713 0.0627683 0.0470900 0.0647362 0.0474504 0.0534511 0.0612686 0.0442732 0.0689426 0.0613996 0.0800040 0.0757777 0.0363326 0.0705050 0.0568277 0.0518707 0.0637219 0.0479293 0.0637219 0.0623276 0.0649073 0.0589349 0.0606857 0.0586879 
Neurospora_crassa                           0.3496879 0.3241607 0.3512121 0.3448599 0.3340447 0.3706397 0.3420211 0.3355673 0.3241724 0.3313242 0.0000000 0.3169622 0.3304040 0.3304630 0.3159889 0.3222302 0.3222302 0.3304630 0.3344892 0.3036064 0.3292373 0.3210582 0.3222859 0.3341934 0.3325731 0.3132704 0.3401456 0.3329977 0.3146743 0.3364802 0.3204506 0.3315003 0.3344789 0.3323117 0.3344789 0.3542165 0.3002660 0.3055539 0.2983175 0.2876771 
Saccharomyces_arboricola                    0.0487281 0.0508219 0.0548400 0.0645597 0.0316135 0.0670261 0.0389040 0.0352234 0.0313716 0.0549095 0.3169622 0.0000000 0.0067059 0.0066963 0.0066686 0.0033177 0.0033177 0.0066963 0.0424706 0.0285217 0.0355591 0.0274670 0.0345229 0.0464170 0.0466054 0.0419155 0.0580514 0.0594368 0.0504813 0.0625958 0.0397046 0.0405826 0.0433950 0.0356490 0.0433950 0.0548265 0.0361025 0.0245236 0.0322457 0.0473218 
Saccharomyces_cerevisiae                    0.0539392 0.0559285 0.0600344 0.0624307 0.0362104 0.0724906 0.0436810 0.0399061 0.0359247 0.0628457 0.3304040 0.0067059 0.0000000 0.0034727 0.0067275 0.0033468 0.0033468 0.0034727 0.0473172 0.0331148 0.0402899 0.0318667 0.0319812 0.0513696 0.0515924 0.0395000 0.0632537 0.0635546 0.0555526 0.0679542 0.0445895 0.0454384 0.0409389 0.0403927 0.0409389 0.0600363 0.0409193 0.0289415 0.0369449 0.0523743 
Saccharomyces_eubayanus                     0.0483134 0.0504006 0.0543829 0.0566276 0.0313613 0.0664575 0.0385901 0.0349408 0.0311230 0.0627683 0.3304630 0.0066963 0.0034727 0.0000000 0.0067179 0.0033419 0.0033419 0.0000010 0.0421272 0.0282910 0.0352706 0.0272530 0.0273448 0.0460385 0.0462231 0.0345895 0.0575705 0.0629654 0.0500652 0.0620691 0.0393777 0.0402513 0.0358418 0.0353593 0.0358418 0.0543683 0.0358057 0.0243291 0.0319831 0.0469300 
Saccharomyces_kudriavzevii                  0.0564548 0.0506329 0.0624162 0.0648213 0.0388521 0.0747682 0.0462203 0.0424926 0.0385496 0.0547030 0.3159889 0.0066686 0.0067275 0.0067179 0.0000000 0.0033281 0.0033281 0.0067179 0.0498045 0.0358480 0.0428922 0.0345233 0.0346474 0.0538175 0.0540527 0.0420709 0.0655778 0.0671830 0.0502947 0.0702625 0.0471626 0.0479703 0.0435610 0.0429993 0.0435610 0.0624259 0.0435518 0.0317040 0.0396236 0.0548475 
Saccharomyces_mikatae                       0.0524703 0.0544644 0.0584965 0.0608286 0.0351532 0.0707363 0.0424667 0.0387707 0.0348821 0.0585713 0.3222302 0.0033177 0.0033468 0.0033419 0.0033281 0.0000000 0.0000010 0.0033419 0.0460347 0.0321103 0.0391371 0.0309257 0.0310336 0.0500056 0.0502157 0.0383827 0.0616765 0.0631643 0.0541033 0.0662792 0.0433341 0.0441802 0.0397592 0.0392344 0.0397592 0.0584937 0.0397357 0.0280489 0.0358520 0.0509698 
Saccharomyces_paradoxus                     0.0524703 0.0544644 0.0584965 0.0608286 0.0351532 0.0707363 0.0424667 0.0387707 0.0348821 0.0585713 0.3222302 0.0033177 0.0033468 0.0033419 0.0033281 0.0000010 0.0000000 0.0033419 0.0460347 0.0321103 0.0391371 0.0309257 0.0310336 0.0500056 0.0502157 0.0383827 0.0616765 0.0631643 0.0541033 0.0662792 0.0433341 0.0441802 0.0397592 0.0392344 0.0397592 0.0584937 0.0397357 0.0280489 0.0358520 0.0509698 
Saccharomyces_uvarum                        0.0483134 0.0504006 0.0543829 0.0566276 0.0313613 0.0664575 0.0385901 0.0349408 0.0311230 0.0627683 0.3304630 0.0066963 0.0034727 0.0000010 0.0067179 0.0033419 0.0033419 0.0000000 0.0421272 0.0282910 0.0352706 0.0272530 0.0273448 0.0460385 0.0462231 0.0345895 0.0575705 0.0629654 0.0500652 0.0620691 0.0393777 0.0402513 0.0358418 0.0353593 0.0358418 0.0543683 0.0358057 0.0243291 0.0319831 0.0469300 
Tetrapisispora_blattae                      0.0753968 0.0696670 0.0638613 0.0725612 0.0587954 0.0897785 0.0665533 0.0626005 0.0316583 0.0470900 0.3344892 0.0424706 0.0473172 0.0421272 0.0498045 0.0460347 0.0460347 0.0421272 0.0000000 0.0487809 0.0510970 0.0460873 0.0534649 0.0555868 0.0601334 0.0535722 0.0693015 0.0771013 0.0614573 0.0754014 0.0629782 0.0539442 0.0578006 0.0599508 0.0578006 0.0684969 0.0450346 0.0434201 0.0448353 0.0469371 
Tetrapisispora_phaffii                      0.0512315 0.0457893 0.0551456 0.0721190 0.0405713 0.0727291 0.0449075 0.0443772 0.0261506 0.0647362 0.3036064 0.0285217 0.0331148 0.0282910 0.0358480 0.0321103 0.0321103 0.0282910 0.0487809 0.0000000 0.0351088 0.0286364 0.0359538 0.0388663 0.0397975 0.0436205 0.0590329 0.0557939 0.0497633 0.0572798 0.0480618 0.0456364 0.0452022 0.0425350 0.0452022 0.0493004 0.0066957 0.0067399 0.0033226 0.0323656 
Vanderwaltozyma_polyspora                   0.0512059 0.0557842 0.0511736 0.0637862 0.0440283 0.0804309 0.0407897 0.0402918 0.0362545 0.0474504 0.3292373 0.0355591 0.0402899 0.0352706 0.0428922 0.0391371 0.0391371 0.0352706 0.0510970 0.0351088 0.0000000 0.0358732 0.0397747 0.0462238 0.0594591 0.0398553 0.0480797 0.0622512 0.0423309 0.0617569 0.0395387 0.0455873 0.0492302 0.0426277 0.0492302 0.0569951 0.0351968 0.0310561 0.0314380 0.0474816 
yHAB132_Kazachstania_martiniae              0.0529298 0.0318039 0.0425311 0.0658475 0.0387781 0.0680026 0.0385852 0.0424138 0.0276062 0.0534511 0.3210582 0.0274670 0.0318667 0.0272530 0.0345233 0.0309257 0.0309257 0.0272530 0.0460873 0.0286364 0.0358732 0.0000000 0.0133300 0.0292358 0.0351093 0.0202354 0.0456496 0.0490933 0.0316083 0.0356941 0.0356318 0.0220827 0.0175621 0.0245093 0.0175621 0.0283181 0.0362081 0.0210743 0.0323573 0.0370087 
yHAB133_Kazachstania_unispora               0.0506072 0.0388408 0.0464581 0.0692301 0.0460790 0.0796849 0.0424481 0.0463357 0.0346988 0.0612686 0.3222859 0.0345229 0.0319812 0.0273448 0.0346474 0.0310336 0.0310336 0.0273448 0.0534649 0.0359538 0.0397747 0.0133300 0.0000000 0.0365483 0.0423729 0.0066594 0.0508374 0.0532808 0.0388572 0.0430691 0.0395346 0.0293538 0.0069329 0.0316945 0.0069329 0.0355996 0.0436435 0.0282203 0.0397234 0.0498304 
yHAB134_Kazachstania_turicensis             0.0537851 0.0443892 0.0550575 0.0767025 0.0475083 0.0890649 0.0453304 0.0437927 0.0336148 0.0442732 0.3341934 0.0464170 0.0513696 0.0460385 0.0538175 0.0500056 0.0500056 0.0460385 0.0555868 0.0388663 0.0462238 0.0292358 0.0365483 0.0000000 0.0354410 0.0441870 0.0600924 0.0506230 0.0311603 0.0372728 0.0355518 0.0280715 0.0380659 0.0135589 0.0380659 0.0297256 0.0465020 0.0348629 0.0426051 0.0511024 
yHAB136_Kazachstania_bromeliacearum         0.0594346 0.0546574 0.0639301 0.0878403 0.0434709 0.0901594 0.0469816 0.0472200 0.0322584 0.0689426 0.3325731 0.0466054 0.0515924 0.0462231 0.0540527 0.0502157 0.0502157 0.0462231 0.0601334 0.0397975 0.0594591 0.0351093 0.0423729 0.0354410 0.0000000 0.0500353 0.0513751 0.0547680 0.0541655 0.0548530 0.0467407 0.0426194 0.0517841 0.0428368 0.0517841 0.0471487 0.0476308 0.0398602 0.0436311 0.0640127 
yHAB143_Kazachstania_siamensis              0.0589008 0.0464588 0.0465518 0.0693807 0.0537979 0.0882427 0.0501157 0.0540982 0.0347665 0.0613996 0.3132704 0.0419155 0.0395000 0.0345895 0.0420709 0.0383827 0.0383827 0.0345895 0.0535722 0.0436205 0.0398553 0.0202354 0.0066594 0.0441870 0.0500353 0.0000000 0.0544608 0.0615213 0.0464831 0.0508495 0.0473021 0.0368893 0.0140189 0.0392113 0.0140189 0.0432390 0.0437327 0.0356581 0.0398039 0.0499357 
yHAB147_Kazachstania_taianensis             0.0617531 0.0595228 0.0596325 0.0784064 0.0510179 0.0903413 0.0595345 0.0513882 0.0533503 0.0800040 0.3401456 0.0580514 0.0632537 0.0575705 0.0655778 0.0616765 0.0616765 0.0575705 0.0693015 0.0590329 0.0480797 0.0456496 0.0508374 0.0600924 0.0513751 0.0544608 0.0000000 0.0845582 0.0679104 0.0762172 0.0602171 0.0499315 0.0607205 0.0602349 0.0607205 0.0713047 0.0627702 0.0581478 0.0586483 0.0703636 
yHAB148_Kazachstania_intestinalis           0.0782347 0.0707169 0.0745016 0.0937124 0.0702583 0.1116613 0.0684712 0.0662888 0.0566130 0.0757777 0.3329977 0.0594368 0.0635546 0.0629654 0.0671830 0.0631643 0.0631643 0.0629654 0.0771013 0.0557939 0.0622512 0.0490933 0.0532808 0.0506230 0.0547680 0.0615213 0.0845582 0.0000000 0.0626505 0.0578961 0.0598088 0.0543495 0.0636981 0.0542323 0.0636981 0.0498569 0.0640300 0.0473708 0.0598046 0.0693091 
yHAB153_Kazachstania_rosinii                0.0675968 0.0362935 0.0634304 0.0799004 0.0629529 0.0961635 0.0589063 0.0591717 0.0507592 0.0363326 0.3146743 0.0504813 0.0555526 0.0500652 0.0502947 0.0541033 0.0541033 0.0500652 0.0614573 0.0497633 0.0423309 0.0316083 0.0388572 0.0311603 0.0541655 0.0464831 0.0679104 0.0626505 0.0000000 0.0511055 0.0314441 0.0300737 0.0404441 0.0238716 0.0404441 0.0434498 0.0575711 0.0455907 0.0535727 0.0632180 
yHAB154_Kazachstania_transvaalensis         0.0751472 0.0620845 0.0718999 0.0948072 0.0619299 0.1029142 0.0537320 0.0579995 0.0466775 0.0705050 0.3364802 0.0625958 0.0679542 0.0620691 0.0702625 0.0662792 0.0662792 0.0620691 0.0754014 0.0572798 0.0617569 0.0356941 0.0430691 0.0372728 0.0548530 0.0508495 0.0762172 0.0578961 0.0511055 0.0000000 0.0599124 0.0458132 0.0448243 0.0396830 0.0448243 0.0101181 0.0572174 0.0486708 0.0613686 0.0635292 
yHAB155_Kazachstania_spencerorum            0.0564662 0.0560224 0.0486897 0.0631467 0.0510837 0.0880716 0.0478567 0.0473512 0.0406978 0.0568277 0.3204506 0.0397046 0.0445895 0.0393777 0.0471626 0.0433341 0.0433341 0.0393777 0.0629782 0.0480618 0.0395387 0.0356318 0.0395346 0.0355518 0.0467407 0.0473021 0.0602171 0.0598088 0.0314441 0.0599124 0.0000000 0.0392273 0.0490064 0.0276978 0.0490064 0.0520072 0.0561131 0.0437713 0.0519931 0.0640466 
yHAB158_Kazachstania_viticola               0.0605431 0.0433274 0.0473215 0.0787590 0.0459960 0.0866720 0.0461126 0.0423980 0.0423694 0.0518707 0.3315003 0.0405826 0.0454384 0.0402513 0.0479703 0.0441802 0.0441802 0.0402513 0.0539442 0.0456364 0.0455873 0.0220827 0.0293538 0.0280715 0.0426194 0.0368893 0.0499315 0.0543495 0.0300737 0.0458132 0.0392273 0.0000000 0.0306094 0.0302666 0.0306094 0.0380766 0.0536636 0.0374695 0.0495614 0.0544024 
yHAB159_Kazachstania_solicola               0.0610250 0.0404256 0.0561055 0.0767604 0.0556529 0.0875564 0.0518673 0.0559714 0.0436251 0.0637219 0.3344789 0.0433950 0.0409389 0.0358418 0.0435610 0.0397592 0.0397592 0.0358418 0.0578006 0.0452022 0.0492302 0.0175621 0.0069329 0.0380659 0.0517841 0.0140189 0.0607205 0.0636981 0.0404441 0.0448243 0.0490064 0.0306094 0.0000000 0.0330242 0.0000010 0.0370838 0.0533078 0.0369744 0.0491645 0.0563677 
yHAB160_Kazachstania_kunashirensis          0.0540511 0.0365227 0.0558263 0.0652319 0.0475979 0.0771358 0.0436445 0.0438704 0.0394594 0.0479293 0.3323117 0.0356490 0.0403927 0.0353593 0.0429993 0.0392344 0.0392344 0.0353593 0.0599508 0.0425350 0.0426277 0.0245093 0.0316945 0.0135589 0.0428368 0.0392113 0.0602349 0.0542323 0.0238716 0.0396830 0.0276978 0.0302666 0.0330242 0.0000000 0.0330242 0.0321909 0.0502352 0.0384714 0.0463011 0.0556680 
yHAB164_Kazachstania_aerobia                0.0610250 0.0404256 0.0561055 0.0767604 0.0556529 0.0875564 0.0518673 0.0559714 0.0436251 0.0637219 0.3344789 0.0433950 0.0409389 0.0358418 0.0435610 0.0397592 0.0397592 0.0358418 0.0578006 0.0452022 0.0492302 0.0175621 0.0069329 0.0380659 0.0517841 0.0140189 0.0607205 0.0636981 0.0404441 0.0448243 0.0490064 0.0306094 0.0000010 0.0330242 0.0000000 0.0370838 0.0533078 0.0369744 0.0491645 0.0563677 
yHAB166_Kazachstania_yakushimaensis         0.0699739 0.0540071 0.0638798 0.0894983 0.0571388 0.0972272 0.0490887 0.0532658 0.0391765 0.0623276 0.3542165 0.0548265 0.0600363 0.0543683 0.0624259 0.0584937 0.0584937 0.0543683 0.0684969 0.0493004 0.0569951 0.0283181 0.0355996 0.0297256 0.0471487 0.0432390 0.0713047 0.0498569 0.0434498 0.0101181 0.0520072 0.0380766 0.0370838 0.0321909 0.0370838 0.0000000 0.0531985 0.0408965 0.0533315 0.0563258 
yHMPu5000034875_Tetrapisispora_fleetii      0.0592879 0.0534702 0.0552890 0.0723143 0.0485673 0.0813127 0.0530199 0.0524340 0.0262196 0.0649073 0.3002660 0.0361025 0.0409193 0.0358057 0.0435518 0.0397357 0.0397357 0.0358057 0.0450346 0.0066957 0.0351968 0.0362081 0.0436435 0.0465020 0.0476308 0.0437327 0.0627702 0.0640300 0.0575711 0.0572174 0.0561131 0.0536636 0.0533078 0.0502352 0.0533078 0.0531985 0.0000000 0.0136523 0.0033306 0.0287512 
yHMPu5000034876_Tetrapisispora_iriomotensis 0.0467296 0.0458627 0.0468424 0.0659927 0.0362222 0.0684246 0.0404428 0.0399519 0.0215114 0.0589349 0.3055539 0.0245236 0.0289415 0.0243291 0.0317040 0.0280489 0.0280489 0.0243291 0.0434201 0.0067399 0.0310561 0.0210743 0.0282203 0.0348629 0.0398602 0.0356581 0.0581478 0.0473708 0.0455907 0.0486708 0.0437713 0.0374695 0.0369744 0.0384714 0.0369744 0.0408965 0.0136523 0.0000000 0.0101613 0.0246826 
yHMPu5000034877_Tetrapisispora_namnaonensis 0.0551605 0.0495419 0.0512182 0.0679246 0.0444832 0.0768902 0.0488720 0.0483144 0.0223370 0.0606857 0.2983175 0.0322457 0.0369449 0.0319831 0.0396236 0.0358520 0.0358520 0.0319831 0.0448353 0.0033226 0.0314380 0.0323573 0.0397234 0.0426051 0.0436311 0.0398039 0.0586483 0.0598046 0.0535727 0.0613686 0.0519931 0.0495614 0.0491645 0.0463011 0.0491645 0.0533315 0.0033306 0.0101613 0.0000000 0.0286312 
yHMPu5000035629_Yueomyces_sinensis          0.0602120 0.0577473 0.0620621 0.0681582 0.0565860 0.0784345 0.0586059 0.0570082 0.0375917 0.0586879 0.2876771 0.0473218 0.0523743 0.0469300 0.0548475 0.0509698 0.0509698 0.0469300 0.0469371 0.0323656 0.0474816 0.0370087 0.0498304 0.0511024 0.0640127 0.0499357 0.0703636 0.0693091 0.0632180 0.0635292 0.0640466 0.0544024 0.0563677 0.0556680 0.0563677 0.0563258 0.0287512 0.0246826 0.0286312 0.0000000 
