40
Candida_glabrata                            0.0000000 0.4347792 0.4452711 0.3022946 0.1471295 0.3686547 0.1469560 0.1199640 0.3340859 0.3604945 1.6147169 0.3230044 0.3086269 0.3744492 0.3036204 0.3058962 0.3032024 0.3769035 0.3061025 0.3873844 0.2648479 0.3315071 0.6364077 0.3415304 0.2710438 0.6084755 0.6470620 0.3719144 0.3054371 0.5689188 0.2563031 0.3227677 0.5508237 0.2910485 0.5702655 0.6994454 0.3589885 0.3413736 0.3648484 0.3056249 
Kazachstania_africana                       0.4347792 0.0000000 0.4226397 0.3606167 0.4632609 0.5180623 0.4329166 0.4663236 0.3928835 0.4072353 1.9430149 0.4573557 0.4263223 0.4619866 0.4268921 0.4290584 0.4221717 0.4671439 0.4128605 0.3673633 0.3957657 0.3367236 0.6009730 0.3151918 0.3580268 0.5855909 0.6209802 0.3429852 0.3329228 0.5149539 0.3169872 0.3151103 0.5498995 0.2951494 0.5440032 0.6435257 0.3505475 0.3851968 0.3561135 0.4607474 
Kazachstania_naganishii                     0.4452711 0.4226397 0.0000000 0.4415295 0.4885809 0.5443436 0.4820294 0.4928291 0.4031191 0.3825272 2.0220369 0.4684119 0.4635126 0.4842579 0.4692374 0.4503143 0.4586523 0.4894331 0.3478666 0.4549874 0.3842050 0.4210391 0.5081843 0.3595309 0.3214566 0.5211136 0.4794234 0.3820724 0.3759220 0.4057702 0.3683567 0.4087804 0.4681158 0.3231290 0.4499853 0.5646845 0.3960183 0.4071427 0.4034608 0.3916702 
Nakaseomyces_bacillisporus                  0.3022946 0.3606167 0.4415295 0.0000000 0.3324458 0.3041787 0.3108939 0.3006619 0.3254494 0.3458992 1.7180970 0.3188115 0.3089079 0.3762905 0.3093697 0.3182040 0.2928800 0.3641700 0.3190158 0.4026978 0.3345726 0.2947846 0.5607202 0.3085635 0.2966742 0.4900687 0.6625356 0.3111297 0.2064472 0.4978340 0.2834470 0.3526126 0.4969578 0.2697514 0.5155378 0.6118501 0.3932178 0.4277116 0.3892510 0.3589093 
Nakaseomyces_bracarensis                    0.1471295 0.4632609 0.4885809 0.3324458 0.0000000 0.3398478 0.0315523 0.0589248 0.3580787 0.3971826 1.6131449 0.3709578 0.3418117 0.3999414 0.3559990 0.3295026 0.3492508 0.4024192 0.2948582 0.4599799 0.3138023 0.3373845 0.5980471 0.3701221 0.3632837 0.5771652 0.6374662 0.4056849 0.3538709 0.6139328 0.2588474 0.3727392 0.5251432 0.3118440 0.5444794 0.7319528 0.4256259 0.4375933 0.4285253 0.3500158 
Nakaseomyces_castellii                      0.3686547 0.5180623 0.5443436 0.3041787 0.3398478 0.0000000 0.3358936 0.3494729 0.4330572 0.4610467 1.5736267 0.4365051 0.4159382 0.4942177 0.4234478 0.4285520 0.4253527 0.4802162 0.4034912 0.4199930 0.4220682 0.4183323 0.5585619 0.4682459 0.4192490 0.5182809 0.7544055 0.4784175 0.4203745 0.5996363 0.4005785 0.4942110 0.5253371 0.4187209 0.5259346 0.6707009 0.4592616 0.4571780 0.4176746 0.4958224 
Nakaseomyces_delphensis                     0.1469560 0.4329166 0.4820294 0.3108939 0.0315523 0.3358936 0.0000000 0.0477650 0.3425053 0.3746348 1.6005181 0.3658236 0.3366595 0.3947591 0.3509113 0.3243665 0.3441231 0.3972518 0.3111078 0.4344180 0.3086919 0.2950490 0.5900067 0.3495125 0.3276234 0.5876984 0.6135890 0.3902225 0.3229345 0.5760771 0.2211310 0.3545785 0.5282835 0.2920568 0.5476197 0.7067824 0.4012840 0.4123897 0.4036213 0.3672513 
Nakaseomyces_nivariensis                    0.1199640 0.4663236 0.4928291 0.3006619 0.0589248 0.3494729 0.0477650 0.0000000 0.3433737 0.3967659 1.5653625 0.3547400 0.3463552 0.4003532 0.3551106 0.3339876 0.3538029 0.4028377 0.3176332 0.4279303 0.3083743 0.2851150 0.6209632 0.3962607 0.3126875 0.6180444 0.6533327 0.4174787 0.3298551 0.6052976 0.2446011 0.3593687 0.5565208 0.3027122 0.5761306 0.7422338 0.3901821 0.3984508 0.3971323 0.3539739 
Naumovozyma_castellii                       0.3340859 0.3928835 0.4031191 0.3254494 0.3580787 0.4330572 0.3425053 0.3433737 0.0000000 0.2086105 1.9414636 0.3867103 0.3780436 0.4037778 0.3698202 0.3728616 0.3608391 0.4091092 0.3886377 0.3871097 0.3065580 0.1663469 0.5314501 0.2481238 0.2028297 0.5060295 0.5801821 0.2965855 0.2768023 0.5368683 0.2032312 0.2516174 0.5103515 0.1859255 0.5291777 0.6882767 0.3996191 0.4384765 0.3705490 0.4262043 
Naumovozyma_dairenensis                     0.3604945 0.4072353 0.3825272 0.3458992 0.3971826 0.4610467 0.3746348 0.3967659 0.2086105 0.0000000 1.8949240 0.3857137 0.3685611 0.3803825 0.3749378 0.3633999 0.3576398 0.3856890 0.3624761 0.3884602 0.2740085 0.2438956 0.4469384 0.2882050 0.2304500 0.4120640 0.5477886 0.3319595 0.2498776 0.4347816 0.2144656 0.2495364 0.4097164 0.2481363 0.4268248 0.5409013 0.3758416 0.4130875 0.3427914 0.3945425 
Neurospora_crassa                           1.6147169 1.9430149 2.0220369 1.7180970 1.6131449 1.5736267 1.6005181 1.5653625 1.9414636 1.8949240 0.0000000 1.7125404 1.6334925 1.7559922 1.6350166 1.6870130 1.6563609 1.8014191 1.5695769 1.8703389 1.6508076 1.6316015 2.0275054 1.7620614 1.8447106 1.9692022 2.1716999 1.7034394 1.7609365 1.9333333 1.6734426 1.9256131 2.0050792 1.7306464 2.0068168 2.0441785 1.7507083 1.7813801 1.7991977 1.7535828 
Saccharomyces_arboricola                    0.3230044 0.4573557 0.4684119 0.3188115 0.3709578 0.4365051 0.3658236 0.3547400 0.3867103 0.3857137 1.7125404 0.0000000 0.0266675 0.0443982 0.0266487 0.0380317 0.0375814 0.0383864 0.3679803 0.4129581 0.3841118 0.3337464 0.6523886 0.3471870 0.3244728 0.6236121 0.5094500 0.4144060 0.3276146 0.5249446 0.3569606 0.3646444 0.5758340 0.2973490 0.5958551 0.6673293 0.4284470 0.4430004 0.3803398 0.3789270 
Saccharomyces_cerevisiae                    0.3086269 0.4263223 0.4635126 0.3089079 0.3418117 0.4159382 0.3366595 0.3463552 0.3780436 0.3685611 1.6334925 0.0266675 0.0000000 0.0561526 0.0103963 0.0105440 0.0104251 0.0499324 0.3513283 0.4312541 0.3711117 0.3354174 0.6347067 0.3385456 0.3237491 0.6129580 0.4947804 0.3841329 0.3332173 0.5150855 0.3510538 0.3539780 0.5765107 0.2891043 0.5965447 0.6552729 0.4149530 0.4305748 0.3885888 0.3708091 
Saccharomyces_eubayanus                     0.3744492 0.4619866 0.4842579 0.3762905 0.3999414 0.4942177 0.3947591 0.4003532 0.4037778 0.3803825 1.7559922 0.0443982 0.0561526 0.0000000 0.0561069 0.0686905 0.0678197 0.0052902 0.3926465 0.4550002 0.4273329 0.3494199 0.6923061 0.3636598 0.3337088 0.6526086 0.4928765 0.4190757 0.3626283 0.5346940 0.3749247 0.3817222 0.6160405 0.3094248 0.6366091 0.6558325 0.4777456 0.4788855 0.4271660 0.4114850 
Saccharomyces_kudriavzevii                  0.3036204 0.4268921 0.4692374 0.3093697 0.3559990 0.4234478 0.3509113 0.3551106 0.3698202 0.3749378 1.6350166 0.0266487 0.0103963 0.0561069 0.0000000 0.0211726 0.0104379 0.0498929 0.3575664 0.4218801 0.3774251 0.3441131 0.6425685 0.3447886 0.3323621 0.6204100 0.5118674 0.3896730 0.3396740 0.5209986 0.3572050 0.3603680 0.5835424 0.2943483 0.6036273 0.6626551 0.4214740 0.4365263 0.3951357 0.3771225 
Saccharomyces_mikatae                       0.3058962 0.4290584 0.4503143 0.3182040 0.3295026 0.4285520 0.3243665 0.3339876 0.3728616 0.3633999 1.6870130 0.0380317 0.0105440 0.0686905 0.0211726 0.0000000 0.0157054 0.0622023 0.3532162 0.4282184 0.3732477 0.3439576 0.6514315 0.3332752 0.3213390 0.6285362 0.5173796 0.3791338 0.3277209 0.5370309 0.3459516 0.3486941 0.5728411 0.2836279 0.5930457 0.6842028 0.4119593 0.4274548 0.3856032 0.3729419 
Saccharomyces_paradoxus                     0.3032024 0.4221717 0.4586523 0.2928800 0.3492508 0.4253527 0.3441231 0.3538029 0.3608391 0.3576398 1.6563609 0.0375814 0.0104251 0.0678197 0.0104379 0.0157054 0.0000000 0.0614262 0.3527211 0.4320560 0.3726062 0.3557060 0.6188621 0.3282059 0.3327768 0.5980083 0.5146055 0.3723252 0.3225781 0.5236938 0.3407221 0.3432053 0.5625613 0.2787172 0.5823997 0.6661484 0.4156784 0.4305672 0.3892079 0.3723024 
Saccharomyces_uvarum                        0.3769035 0.4671439 0.4894331 0.3641700 0.4024192 0.4802162 0.3972518 0.4028377 0.4091092 0.3856890 1.8014191 0.0383864 0.0499324 0.0052902 0.0498929 0.0622023 0.0614262 0.0000000 0.3804235 0.4575249 0.4298014 0.3483160 0.6817971 0.3519632 0.3390915 0.6430641 0.5020639 0.4215631 0.3507111 0.5268868 0.3660128 0.3842020 0.6073108 0.3147732 0.6276414 0.6488286 0.4802418 0.4814906 0.4297028 0.3989408 
Tetrapisispora_blattae                      0.3061025 0.4128605 0.3478666 0.3190158 0.2948582 0.4034912 0.3111078 0.3176332 0.3886377 0.3624761 1.5695769 0.3679803 0.3513283 0.3926465 0.3575664 0.3532162 0.3527211 0.3804235 0.0000000 0.3532179 0.2432330 0.2949257 0.4567520 0.3058329 0.2998917 0.4200666 0.5565403 0.3262958 0.2790872 0.4410431 0.2387983 0.3507576 0.4022493 0.2465282 0.4196032 0.5154248 0.3218613 0.3329366 0.3027534 0.0862708 
Tetrapisispora_phaffii                      0.3873844 0.3673633 0.4549874 0.4026978 0.4599799 0.4199930 0.4344180 0.4279303 0.3871097 0.3884602 1.8703389 0.4129581 0.4312541 0.4550002 0.4218801 0.4282184 0.4320560 0.4575249 0.3532179 0.0000000 0.2569500 0.3648369 0.5645291 0.3474335 0.3189027 0.5265175 0.6843431 0.3657565 0.3315750 0.5571162 0.3263305 0.2817760 0.4847578 0.3121559 0.5009027 0.6564761 0.0990627 0.1341209 0.0479814 0.3737690 
Vanderwaltozyma_polyspora                   0.2648479 0.3957657 0.3842050 0.3345726 0.3138023 0.4220682 0.3086919 0.3083743 0.3065580 0.2740085 1.6508076 0.3841118 0.3711117 0.4273329 0.3774251 0.3732477 0.3726062 0.4298014 0.2432330 0.2569500 0.0000000 0.2660713 0.5297311 0.3162884 0.3000860 0.4837149 0.5698745 0.3231540 0.2908281 0.5211570 0.2589226 0.2700386 0.4960185 0.2587901 0.5144457 0.6777987 0.2272577 0.2694469 0.2258116 0.2607899 
yHAB132_Kazachstania_martiniae              0.3315071 0.3367236 0.4210391 0.2947846 0.3373845 0.4183323 0.2950490 0.2851150 0.1663469 0.2438956 1.6316015 0.3337464 0.3354174 0.3494199 0.3441131 0.3439576 0.3557060 0.3483160 0.2949257 0.3648369 0.2660713 0.0000000 0.4336488 0.2157657 0.1880618 0.4620871 0.5730772 0.3006553 0.1889930 0.4570818 0.1553295 0.1857463 0.4688495 0.1615385 0.4909736 0.6215614 0.3783166 0.3847217 0.3301390 0.3322789 
yHAB133_Kazachstania_unispora               0.6364077 0.6009730 0.5081843 0.5607202 0.5980471 0.5585619 0.5900067 0.6209632 0.5314501 0.4469384 2.0275054 0.6523886 0.6347067 0.6923061 0.6425685 0.6514315 0.6188621 0.6817971 0.4567520 0.5645291 0.5297311 0.4336488 0.0000000 0.5066490 0.4950526 0.0823875 0.5995727 0.5022873 0.5373259 0.3458369 0.4180973 0.4765656 0.1074473 0.4917233 0.1074358 0.5160403 0.5076676 0.5872309 0.5255146 0.5624022 
yHAB134_Kazachstania_turicensis             0.3415304 0.3151918 0.3595309 0.3085635 0.3701221 0.4682459 0.3495125 0.3962607 0.2481238 0.2882050 1.7620614 0.3471870 0.3385456 0.3636598 0.3447886 0.3332752 0.3282059 0.3519632 0.3058329 0.3474335 0.3162884 0.2157657 0.5066490 0.0000000 0.2332853 0.4950488 0.5615609 0.2927179 0.1847972 0.4136626 0.1678238 0.1832032 0.4623474 0.1298369 0.4620767 0.5691169 0.3509086 0.3695498 0.3222485 0.3255404 
yHAB136_Kazachstania_bromeliacearum         0.2710438 0.3580268 0.3214566 0.2966742 0.3632837 0.4192490 0.3276234 0.3126875 0.2028297 0.2304500 1.8447106 0.3244728 0.3237491 0.3337088 0.3323621 0.3213390 0.3327768 0.3390915 0.2998917 0.3189027 0.3000860 0.1880618 0.4950526 0.2332853 0.0000000 0.4778261 0.4543483 0.3046473 0.2578473 0.3857353 0.1899552 0.2300277 0.4397102 0.2021775 0.4401785 0.4994446 0.3366821 0.3662632 0.3083888 0.3046394 
yHAB143_Kazachstania_siamensis              0.6084755 0.5855909 0.5211136 0.4900687 0.5771652 0.5182809 0.5876984 0.6180444 0.5060295 0.4120640 1.9692022 0.6236121 0.6129580 0.6526086 0.6204100 0.6285362 0.5980083 0.6430641 0.4200666 0.5265175 0.4837149 0.4620871 0.0823875 0.4950488 0.4778261 0.0000000 0.5862713 0.4259928 0.5156067 0.3334810 0.4019243 0.4444920 0.0750264 0.4526191 0.0872507 0.4730512 0.4783979 0.5319204 0.4894904 0.5446449 
yHAB147_Kazachstania_taianensis             0.6470620 0.6209802 0.4794234 0.6625356 0.6374662 0.7544055 0.6135890 0.6533327 0.5801821 0.5477886 2.1716999 0.5094500 0.4947804 0.4928765 0.5118674 0.5173796 0.5146055 0.5020639 0.5565403 0.6843431 0.5698745 0.5730772 0.5995727 0.5615609 0.4543483 0.5862713 0.0000000 0.5974973 0.5972255 0.4798925 0.5030597 0.5105026 0.5317669 0.5298495 0.5401471 0.6190433 0.6609149 0.6860171 0.6290089 0.6143091 
yHAB148_Kazachstania_intestinalis           0.3719144 0.3429852 0.3820724 0.3111297 0.4056849 0.4784175 0.3902225 0.4174787 0.2965855 0.3319595 1.7034394 0.4144060 0.3841329 0.4190757 0.3896730 0.3791338 0.3723252 0.4215631 0.3262958 0.3657565 0.3231540 0.3006553 0.5022873 0.2927179 0.3046473 0.4259928 0.5974973 0.0000000 0.3226531 0.4216087 0.2488794 0.3189629 0.4316327 0.2539809 0.4496518 0.5780828 0.3778562 0.3906162 0.3729882 0.4063035 
yHAB153_Kazachstania_rosinii                0.3054371 0.3329228 0.3759220 0.2064472 0.3538709 0.4203745 0.3229345 0.3298551 0.2768023 0.2498776 1.7609365 0.3276146 0.3332173 0.3626283 0.3396740 0.3277209 0.3225781 0.3507111 0.2790872 0.3315750 0.2908281 0.1889930 0.5373259 0.1847972 0.2578473 0.5156067 0.5972255 0.3226531 0.0000000 0.4511657 0.1697462 0.2132126 0.4869127 0.1564199 0.4891662 0.5634956 0.3374567 0.3407126 0.3034478 0.2909090 
yHAB154_Kazachstania_transvaalensis         0.5689188 0.5149539 0.4057702 0.4978340 0.6139328 0.5996363 0.5760771 0.6052976 0.5368683 0.4347816 1.9333333 0.5249446 0.5150855 0.5346940 0.5209986 0.5370309 0.5236938 0.5268868 0.4410431 0.5571162 0.5211570 0.4570818 0.3458369 0.4136626 0.3857353 0.3334810 0.4798925 0.4216087 0.4511657 0.0000000 0.4436403 0.4486220 0.3022961 0.4521617 0.2863998 0.1605233 0.5097078 0.5753680 0.4773192 0.4681642 
yHAB155_Kazachstania_spencerorum            0.2563031 0.3169872 0.3683567 0.2834470 0.2588474 0.4005785 0.2211310 0.2446011 0.2032312 0.2144656 1.6734426 0.3569606 0.3510538 0.3749247 0.3572050 0.3459516 0.3407221 0.3660128 0.2387983 0.3263305 0.2589226 0.1553295 0.4180973 0.1678238 0.1899552 0.4019243 0.5030597 0.2488794 0.1697462 0.4436403 0.0000000 0.1708929 0.3693382 0.1406393 0.3855711 0.5368674 0.3198750 0.3448003 0.2996635 0.3068823 
yHAB158_Kazachstania_viticola               0.3227677 0.3151103 0.4087804 0.3526126 0.3727392 0.4942110 0.3545785 0.3593687 0.2516174 0.2495364 1.9256131 0.3646444 0.3539780 0.3817222 0.3603680 0.3486941 0.3432053 0.3842020 0.3507576 0.2817760 0.2700386 0.1857463 0.4765656 0.1832032 0.2300277 0.4444920 0.5105026 0.3189629 0.2132126 0.4486220 0.1708929 0.0000000 0.4068970 0.1402992 0.4214503 0.6256975 0.2980710 0.3404269 0.2718405 0.3598418 
yHAB159_Kazachstania_solicola               0.5508237 0.5498995 0.4681158 0.4969578 0.5251432 0.5253371 0.5282835 0.5565208 0.5103515 0.4097164 2.0050792 0.5758340 0.5765107 0.6160405 0.5835424 0.5728411 0.5625613 0.6073108 0.4022493 0.4847578 0.4960185 0.4688495 0.1074473 0.4623474 0.4397102 0.0750264 0.5317669 0.4316327 0.4869127 0.3022961 0.3693382 0.4068970 0.0000000 0.4342070 0.0103954 0.4268363 0.4513009 0.5570340 0.4619513 0.4917656 
yHAB160_Kazachstania_kunashirensis          0.2910485 0.2951494 0.3231290 0.2697514 0.3118440 0.4187209 0.2920568 0.3027122 0.1859255 0.2481363 1.7306464 0.2973490 0.2891043 0.3094248 0.2943483 0.2836279 0.2787172 0.3147732 0.2465282 0.3121559 0.2587901 0.1615385 0.4917233 0.1298369 0.2021775 0.4526191 0.5298495 0.2539809 0.1564199 0.4521617 0.1406393 0.1402992 0.4342070 0.0000000 0.4517695 0.5456879 0.3193677 0.3452551 0.2881944 0.2796917 
yHAB164_Kazachstania_aerobia                0.5702655 0.5440032 0.4499853 0.5155378 0.5444794 0.5259346 0.5476197 0.5761306 0.5291777 0.4268248 2.0068168 0.5958551 0.5965447 0.6366091 0.6036273 0.5930457 0.5823997 0.6276414 0.4196032 0.5009027 0.5144457 0.4909736 0.1074358 0.4620767 0.4401785 0.0872507 0.5401471 0.4496518 0.4891662 0.2863998 0.3855711 0.4214503 0.0103954 0.4517695 0.0000000 0.4366821 0.4629279 0.5750948 0.4778462 0.4914650 
yHAB166_Kazachstania_yakushimaensis         0.6994454 0.6435257 0.5646845 0.6118501 0.7319528 0.6707009 0.7067824 0.7422338 0.6882767 0.5409013 2.0441785 0.6673293 0.6552729 0.6558325 0.6626551 0.6842028 0.6661484 0.6488286 0.5154248 0.6564761 0.6777987 0.6215614 0.5160403 0.5691169 0.4994446 0.4730512 0.6190433 0.5780828 0.5634956 0.1605233 0.5368674 0.6256975 0.4268363 0.5456879 0.4366821 0.0000000 0.6169389 0.7038192 0.5728878 0.5759096 
yHMPu5000034875_Tetrapisispora_fleetii      0.3589885 0.3505475 0.3960183 0.3932178 0.4256259 0.4592616 0.4012840 0.3901821 0.3996191 0.3758416 1.7507083 0.4284470 0.4149530 0.4777456 0.4214740 0.4119593 0.4156784 0.4802418 0.3218613 0.0990627 0.2272577 0.3783166 0.5076676 0.3509086 0.3366821 0.4783979 0.6609149 0.3778562 0.3374567 0.5097078 0.3198750 0.2980710 0.4513009 0.3193677 0.4629279 0.6169389 0.0000000 0.1358519 0.0506855 0.3341392 
yHMPu5000034876_Tetrapisispora_iriomotensis 0.3413736 0.3851968 0.4071427 0.4277116 0.4375933 0.4571780 0.4123897 0.3984508 0.4384765 0.4130875 1.7813801 0.4430004 0.4305748 0.4788855 0.4365263 0.4274548 0.4305672 0.4814906 0.3329366 0.1341209 0.2694469 0.3847217 0.5872309 0.3695498 0.3662632 0.5319204 0.6860171 0.3906162 0.3407126 0.5753680 0.3448003 0.3404269 0.5570340 0.3452551 0.5750948 0.7038192 0.1358519 0.0000000 0.0924168 0.3851673 
yHMPu5000034877_Tetrapisispora_namnaonensis 0.3648484 0.3561135 0.4034608 0.3892510 0.4285253 0.4176746 0.4036213 0.3971323 0.3705490 0.3427914 1.7991977 0.3803398 0.3885888 0.4271660 0.3951357 0.3856032 0.3892079 0.4297028 0.3027534 0.0479814 0.2258116 0.3301390 0.5255146 0.3222485 0.3083888 0.4894904 0.6290089 0.3729882 0.3034478 0.4773192 0.2996635 0.2718405 0.4619513 0.2881944 0.4778462 0.5728878 0.0506855 0.0924168 0.0000000 0.3226102 
yHMPu5000035629_Yueomyces_sinensis          0.3056249 0.4607474 0.3916702 0.3589093 0.3500158 0.4958224 0.3672513 0.3539739 0.4262043 0.3945425 1.7535828 0.3789270 0.3708091 0.4114850 0.3771225 0.3729419 0.3723024 0.3989408 0.0862708 0.3737690 0.2607899 0.3322789 0.5624022 0.3255404 0.3046394 0.5446449 0.6143091 0.4063035 0.2909090 0.4681642 0.3068823 0.3598418 0.4917656 0.2796917 0.4914650 0.5759096 0.3341392 0.3851673 0.3226102 0.0000000 
