40
Candida_glabrata                            0.0000000 0.0650679 0.1016999 0.1196191 0.0346109 0.1222417 0.0348381 0.0257507 0.0945638 0.0923185 0.3452604 0.1026240 0.1010993 0.0968645 0.0993035 0.1020273 0.1002397 0.0985731 0.1278663 0.1015722 0.0830220 0.1079662 0.1281681 0.1007325 0.0868211 0.1100347 0.1051228 0.0949391 0.0886754 0.1086456 0.0937893 0.0844836 0.1419369 0.0971905 0.1328273 0.1130511 0.0947379 0.1064257 0.1025565 0.1163773 
Kazachstania_africana                       0.0650679 0.0000000 0.0909731 0.1167157 0.0810381 0.1277624 0.0712541 0.0702881 0.0839645 0.0768090 0.3562349 0.0996916 0.1046697 0.1029590 0.1028254 0.1052435 0.1037928 0.1010836 0.1103935 0.0957539 0.0760336 0.0830518 0.1160546 0.0935823 0.0665428 0.0945552 0.0929302 0.0821827 0.0818648 0.1000121 0.0695642 0.0647263 0.1293327 0.0964757 0.1205349 0.0948517 0.0988842 0.0942255 0.1043701 0.1107570 
Kazachstania_naganishii                     0.1016999 0.0909731 0.0000000 0.1522431 0.1062010 0.1658304 0.0966562 0.0992510 0.1200113 0.0964696 0.3594555 0.1170811 0.1173174 0.1142885 0.1173494 0.1175104 0.1163529 0.1188716 0.1350358 0.1359200 0.1163045 0.0933941 0.1267698 0.1268419 0.1068894 0.1056499 0.1145001 0.1102710 0.1045588 0.1330998 0.1206881 0.1085227 0.1282347 0.1313459 0.1219668 0.1321106 0.1408081 0.1429987 0.1408999 0.1267932 
Nakaseomyces_bacillisporus                  0.1196191 0.1167157 0.1522431 0.0000000 0.1051458 0.1182006 0.1049412 0.1210974 0.1158662 0.1175329 0.3628846 0.1246150 0.1238386 0.1265794 0.1235164 0.1268596 0.1228259 0.1275999 0.1710701 0.1385012 0.1361639 0.1432974 0.1813675 0.1345221 0.1467165 0.1822314 0.1681161 0.1368732 0.1222116 0.1690468 0.1222699 0.1299564 0.1861278 0.1298430 0.1792730 0.1718295 0.1320749 0.1335059 0.1361874 0.1599773 
Nakaseomyces_bracarensis                    0.0346109 0.0810381 0.1062010 0.1051458 0.0000000 0.1151938 0.0289475 0.0288885 0.0825210 0.0841371 0.3451643 0.0938443 0.0923271 0.0839455 0.0905422 0.0906723 0.0915323 0.0858290 0.1432786 0.1013913 0.0854393 0.1073798 0.1419923 0.0897901 0.0888797 0.1208397 0.1120192 0.1155175 0.0864529 0.1041580 0.0877051 0.0924133 0.1559861 0.0891782 0.1467437 0.1084330 0.0958830 0.0982794 0.1017056 0.1241983 
Nakaseomyces_castellii                      0.1222417 0.1277624 0.1658304 0.1182006 0.1151938 0.0000000 0.1222328 0.1236438 0.1235763 0.1293254 0.3081775 0.1192291 0.1203526 0.1184496 0.1185478 0.1231074 0.1208976 0.1141845 0.1855250 0.1399714 0.1243584 0.1638219 0.1753135 0.1225771 0.1304421 0.1576370 0.1507825 0.1419583 0.1279234 0.1633887 0.1267339 0.1133720 0.1754402 0.1261438 0.1706375 0.1689480 0.1402786 0.1333277 0.1426488 0.1808580 
Nakaseomyces_delphensis                     0.0348381 0.0712541 0.0966562 0.1049412 0.0289475 0.1222328 0.0000000 0.0235143 0.0853579 0.0779545 0.3501724 0.0944981 0.0928958 0.0855105 0.0911029 0.0924352 0.0920926 0.0883781 0.1295561 0.1097440 0.0856676 0.1021418 0.1408776 0.0919191 0.0796032 0.1196461 0.1110328 0.1052518 0.0893949 0.1102858 0.0908989 0.0826846 0.1549351 0.0906475 0.1456496 0.1146854 0.1058375 0.1111160 0.1117619 0.1097483 
Nakaseomyces_nivariensis                    0.0257507 0.0702881 0.0992510 0.1210974 0.0288885 0.1236438 0.0235143 0.0000000 0.0896192 0.0867628 0.3437664 0.1075081 0.1059643 0.0974577 0.1041824 0.1035187 0.1050710 0.1004462 0.1300853 0.1030283 0.0767156 0.1040275 0.1321591 0.0975082 0.0855292 0.1103102 0.1077632 0.1061313 0.0863810 0.0994963 0.0882962 0.0803433 0.1460783 0.0920889 0.1368744 0.1047558 0.1023540 0.1044350 0.1086026 0.1113602 
Naumovozyma_castellii                       0.0945638 0.0839645 0.1200113 0.1158662 0.0825210 0.1235763 0.0853579 0.0896192 0.0000000 0.0540487 0.3393592 0.0780842 0.0751234 0.0852404 0.0737978 0.0788427 0.0749244 0.0824055 0.1225336 0.1032504 0.1008477 0.1004066 0.1425565 0.0589251 0.1004328 0.1210180 0.1070553 0.1155513 0.0732544 0.1118819 0.0733958 0.0998077 0.1426197 0.0550774 0.1381305 0.1050423 0.1022961 0.0924697 0.1087495 0.1207645 
Naumovozyma_dairenensis                     0.0923185 0.0768090 0.0964696 0.1175329 0.0841371 0.1293254 0.0779545 0.0867628 0.0540487 0.0000000 0.3291902 0.0922720 0.0940250 0.0910122 0.0940428 0.0934989 0.0961081 0.0899522 0.1322430 0.1252473 0.1033099 0.0900786 0.1325408 0.0793240 0.0884869 0.1098090 0.1093762 0.1062602 0.0794069 0.1043906 0.0734246 0.0940370 0.1274299 0.0816761 0.1230073 0.1062368 0.1273279 0.1143697 0.1247674 0.1165757 
Neurospora_crassa                           0.3452604 0.3562349 0.3594555 0.3628846 0.3451643 0.3081775 0.3501724 0.3437664 0.3393592 0.3291902 0.0000000 0.3666615 0.3662859 0.3560905 0.3650321 0.3741196 0.3688061 0.3593277 0.3218950 0.3484673 0.3552520 0.3396330 0.3458986 0.3104847 0.3545047 0.3444710 0.3471172 0.3652203 0.3360629 0.3635631 0.3168095 0.3387492 0.3509813 0.3110101 0.3482611 0.3711980 0.3509903 0.3587380 0.3426175 0.3395411 
Saccharomyces_arboricola                    0.1026240 0.0996916 0.1170811 0.1246150 0.0938443 0.1192291 0.0944981 0.1075081 0.0780842 0.0922720 0.3666615 0.0000000 0.0116104 0.0252341 0.0082673 0.0149751 0.0117340 0.0217983 0.1522365 0.1075624 0.0987507 0.1269314 0.1450502 0.0933339 0.1225701 0.1198358 0.1296775 0.1247531 0.0937408 0.1235698 0.0938842 0.1019301 0.1386943 0.0970889 0.1364604 0.1245402 0.1107033 0.1064119 0.1131870 0.1450501 
Saccharomyces_cerevisiae                    0.1010993 0.1046697 0.1173174 0.1238386 0.0923271 0.1203526 0.0928958 0.1059643 0.0751234 0.0940250 0.3662859 0.0116104 0.0000000 0.0251167 0.0032822 0.0132755 0.0016387 0.0216985 0.1527291 0.1052285 0.0966472 0.1316128 0.1443027 0.0944072 0.1238879 0.1197727 0.1249992 0.1248870 0.0913030 0.1301748 0.0955885 0.1040376 0.1351132 0.0977966 0.1373943 0.1311200 0.1080814 0.1056915 0.1081816 0.1460050 
Saccharomyces_eubayanus                     0.0968645 0.1029590 0.1142885 0.1265794 0.0839455 0.1184496 0.0855105 0.0974577 0.0852404 0.0910122 0.3560905 0.0252341 0.0251167 0.0000000 0.0217021 0.0251867 0.0268405 0.0049492 0.1514611 0.1117421 0.1034075 0.1253021 0.1398465 0.0921687 0.1175416 0.1170292 0.1284575 0.1297743 0.0843741 0.1293729 0.0877699 0.0953082 0.1335339 0.0960775 0.1313233 0.1303169 0.1099064 0.1152432 0.1163029 0.1495218 
Saccharomyces_kudriavzevii                  0.0993035 0.1028254 0.1173494 0.1235164 0.0905422 0.1185478 0.0911029 0.1041824 0.0737978 0.0940428 0.3650321 0.0082673 0.0032822 0.0217021 0.0000000 0.0099258 0.0049326 0.0183038 0.1508821 0.1033857 0.0930790 0.1304450 0.1440454 0.0931158 0.1227163 0.1198065 0.1250376 0.1249251 0.0900394 0.1283503 0.0943174 0.1040609 0.1393314 0.0965287 0.1371136 0.1293049 0.1076977 0.1034690 0.1101738 0.1441194 
Saccharomyces_mikatae                       0.1020273 0.1052435 0.1175104 0.1268596 0.0906723 0.1231074 0.0924352 0.1035187 0.0788427 0.0934989 0.3741196 0.0149751 0.0132755 0.0251867 0.0099258 0.0000000 0.0149629 0.0252008 0.1589083 0.1119913 0.1011797 0.1302605 0.1468459 0.0969387 0.1253049 0.1223625 0.1279568 0.1257301 0.0953496 0.1310692 0.0985791 0.1043524 0.1421018 0.1003316 0.1398680 0.1320184 0.1161178 0.1117629 0.1185791 0.1521600 
Saccharomyces_paradoxus                     0.1002397 0.1037928 0.1163529 0.1228259 0.0915323 0.1208976 0.0920926 0.1050710 0.0749244 0.0961081 0.3688061 0.0117340 0.0016387 0.0268405 0.0049326 0.0149629 0.0000000 0.0234107 0.1534018 0.1073355 0.0945584 0.1305366 0.1420075 0.0941450 0.1244444 0.1203133 0.1255699 0.1271016 0.0905195 0.1298163 0.0947603 0.1045135 0.1328408 0.0982555 0.1351157 0.1307605 0.1059410 0.1035650 0.1060407 0.1436730 
Saccharomyces_uvarum                        0.0985731 0.1010836 0.1188716 0.1275999 0.0858290 0.1141845 0.0883781 0.1004462 0.0824055 0.0899522 0.3593277 0.0217983 0.0216985 0.0049492 0.0183038 0.0252008 0.0234107 0.0000000 0.1538906 0.1118183 0.0992959 0.1301073 0.1390267 0.0949108 0.1178348 0.1151372 0.1237412 0.1268205 0.0858994 0.1251701 0.0925449 0.0955439 0.1327369 0.0990424 0.1305358 0.1261301 0.1109179 0.1096390 0.1173391 0.1464117 
Tetrapisispora_blattae                      0.1278663 0.1103935 0.1350358 0.1710701 0.1432786 0.1855250 0.1295561 0.1300853 0.1225336 0.1322430 0.3218950 0.1522365 0.1527291 0.1514611 0.1508821 0.1589083 0.1534018 0.1538906 0.0000000 0.1209523 0.1204642 0.1155893 0.1621208 0.1348718 0.1159832 0.1448175 0.1276103 0.1424248 0.1252265 0.1434450 0.1362514 0.1193746 0.1767220 0.1327006 0.1671027 0.1374372 0.1312171 0.1351109 0.1217548 0.0751974 
Tetrapisispora_phaffii                      0.1015722 0.0957539 0.1359200 0.1385012 0.1013913 0.1399714 0.1097440 0.1030283 0.1032504 0.1252473 0.3484673 0.1075624 0.1052285 0.1117421 0.1033857 0.1119913 0.1073355 0.1118183 0.1209523 0.0000000 0.0903671 0.1298508 0.1620778 0.1070475 0.1136017 0.1498726 0.1354313 0.1171096 0.1089374 0.1525703 0.1106911 0.0888514 0.1765935 0.1043956 0.1671901 0.1537774 0.0315191 0.0472244 0.0277315 0.1293932 
Vanderwaltozyma_polyspora                   0.0830220 0.0760336 0.1163045 0.1361639 0.0854393 0.1243584 0.0856676 0.0767156 0.1008477 0.1033099 0.3552520 0.0987507 0.0966472 0.1034075 0.0930790 0.1011797 0.0945584 0.0992959 0.1204642 0.0903671 0.0000000 0.1123486 0.1387980 0.1064546 0.1026648 0.1252717 0.1169389 0.1113404 0.1097330 0.1250927 0.1099023 0.0798509 0.1528761 0.1096335 0.1482718 0.1297205 0.0902641 0.0873501 0.0903102 0.0877192 
yHAB132_Kazachstania_martiniae              0.1079662 0.0830518 0.0933941 0.1432974 0.1073798 0.1638219 0.1021418 0.1040275 0.1004066 0.0900786 0.3396330 0.1269314 0.1316128 0.1253021 0.1304450 0.1302605 0.1305366 0.1301073 0.1155893 0.1298508 0.1123486 0.0000000 0.1300956 0.0961620 0.0868475 0.1261639 0.1120447 0.1006305 0.0854574 0.1061617 0.0905298 0.0895184 0.1358844 0.0901421 0.1295836 0.1069029 0.1362334 0.1378099 0.1311529 0.1103700 
yHAB133_Kazachstania_unispora               0.1281681 0.1160546 0.1267698 0.1813675 0.1419923 0.1753135 0.1408776 0.1321591 0.1425565 0.1325408 0.3458986 0.1450502 0.1443027 0.1398465 0.1440454 0.1468459 0.1420075 0.1390267 0.1621208 0.1620778 0.1387980 0.1300956 0.0000000 0.1423467 0.1224344 0.0311480 0.0750092 0.1358367 0.1520254 0.1142603 0.1454589 0.1149481 0.0166116 0.1450460 0.0098971 0.1129275 0.1563726 0.1558101 0.1616424 0.1743477 
yHAB134_Kazachstania_turicensis             0.1007325 0.0935823 0.1268419 0.1345221 0.0897901 0.1225771 0.0919191 0.0975082 0.0589251 0.0793240 0.3104847 0.0933339 0.0944072 0.0921687 0.0931158 0.0969387 0.0941450 0.0949108 0.1348718 0.1070475 0.1064546 0.0961620 0.1423467 0.0000000 0.0953076 0.1227822 0.1153038 0.1169086 0.0666643 0.1209763 0.0597316 0.0877487 0.1472236 0.0256465 0.1425476 0.1195564 0.1057132 0.1105624 0.1123682 0.1384451 
yHAB136_Kazachstania_bromeliacearum         0.0868211 0.0665428 0.1068894 0.1467165 0.0888797 0.1304421 0.0796032 0.0855292 0.1004328 0.0884869 0.3545047 0.1225701 0.1238879 0.1175416 0.1227163 0.1253049 0.1244444 0.1178348 0.1159832 0.1136017 0.1026648 0.0868475 0.1224344 0.0953076 0.0000000 0.1020331 0.0829319 0.0989733 0.0902880 0.0823992 0.0968756 0.0688639 0.1308497 0.0937031 0.1219495 0.0893414 0.1157184 0.1264852 0.1155632 0.1273312 
yHAB143_Kazachstania_siamensis              0.1100347 0.0945552 0.1056499 0.1822314 0.1208397 0.1576370 0.1196461 0.1103102 0.1210180 0.1098090 0.3444710 0.1198358 0.1197727 0.1170292 0.1198065 0.1223625 0.1203133 0.1151372 0.1448175 0.1498726 0.1252717 0.1261639 0.0311480 0.1227822 0.1020331 0.0000000 0.0720199 0.1194314 0.1362943 0.0956486 0.1254426 0.1040182 0.0456413 0.1244751 0.0383641 0.0908569 0.1473562 0.1448894 0.1508357 0.1591524 
yHAB147_Kazachstania_taianensis             0.1051228 0.0929302 0.1145001 0.1681161 0.1120192 0.1507825 0.1110328 0.1077632 0.1070553 0.1093762 0.3471172 0.1296775 0.1249992 0.1284575 0.1250376 0.1279568 0.1255699 0.1237412 0.1276103 0.1354313 0.1169389 0.1120447 0.0750092 0.1153038 0.0829319 0.0720199 0.0000000 0.1160537 0.1176240 0.0807697 0.1185850 0.0929119 0.0955446 0.1171743 0.0872161 0.0807179 0.1342022 0.1251124 0.1339203 0.1371489 
yHAB148_Kazachstania_intestinalis           0.0949391 0.0821827 0.1102710 0.1368732 0.1155175 0.1419583 0.1052518 0.1061313 0.1155513 0.1062602 0.3652203 0.1247531 0.1248870 0.1297743 0.1249251 0.1257301 0.1271016 0.1268205 0.1424248 0.1171096 0.1113404 0.1006305 0.1358367 0.1169086 0.0989733 0.1194314 0.1160537 0.0000000 0.1113667 0.1400619 0.1186719 0.0841719 0.1518748 0.1198379 0.1427834 0.1373008 0.1135576 0.1204233 0.1200277 0.1393317 
yHAB153_Kazachstania_rosinii                0.0886754 0.0818648 0.1045588 0.1222116 0.0864529 0.1279234 0.0893949 0.0863810 0.0732544 0.0794069 0.3360629 0.0937408 0.0913030 0.0843741 0.0900394 0.0953496 0.0905195 0.0858994 0.1252265 0.1089374 0.1097330 0.0854574 0.1520254 0.0666643 0.0902880 0.1362943 0.1176240 0.1113667 0.0000000 0.1248637 0.0420231 0.0860658 0.1444298 0.0710258 0.1421986 0.1166952 0.1168273 0.1153858 0.1139256 0.1277991 
yHAB154_Kazachstania_transvaalensis         0.1086456 0.1000121 0.1330998 0.1690468 0.1041580 0.1633887 0.1102858 0.0994963 0.1118819 0.1043906 0.3635631 0.1235698 0.1301748 0.1293729 0.1283503 0.1310692 0.1298163 0.1251701 0.1434450 0.1525703 0.1250927 0.1061617 0.1142603 0.1209763 0.0823992 0.0956486 0.0807697 0.1400619 0.1248637 0.0000000 0.1183334 0.0993524 0.1318505 0.1214127 0.1228862 0.0168778 0.1535514 0.1546491 0.1518464 0.1480462 
yHAB155_Kazachstania_spencerorum            0.0937893 0.0695642 0.1206881 0.1222699 0.0877051 0.1267339 0.0908989 0.0882962 0.0733958 0.0734246 0.3168095 0.0938842 0.0955885 0.0877699 0.0943174 0.0985791 0.0947603 0.0925449 0.1362514 0.1106911 0.1099023 0.0905298 0.1454589 0.0597316 0.0968756 0.1254426 0.1185850 0.1186719 0.0420231 0.1183334 0.0000000 0.0934157 0.1424845 0.0560751 0.1355804 0.1145884 0.1098146 0.1094325 0.1135197 0.1346521 
yHAB158_Kazachstania_viticola               0.0844836 0.0647263 0.1085227 0.1299564 0.0924133 0.1133720 0.0826846 0.0803433 0.0998077 0.0940370 0.3387492 0.1019301 0.1040376 0.0953082 0.1040609 0.1043524 0.1045135 0.0955439 0.1193746 0.0888514 0.0798509 0.0895184 0.1149481 0.0877487 0.0688639 0.1040182 0.0929119 0.0841719 0.0860658 0.0993524 0.0934157 0.0000000 0.1283392 0.0922542 0.1239414 0.0986237 0.0902623 0.1001295 0.0979873 0.1268775 
yHAB159_Kazachstania_solicola               0.1419369 0.1293327 0.1282347 0.1861278 0.1559861 0.1754402 0.1549351 0.1460783 0.1426197 0.1274299 0.3509813 0.1386943 0.1351132 0.1335339 0.1393314 0.1421018 0.1328408 0.1327369 0.1767220 0.1765935 0.1528761 0.1358844 0.0166116 0.1472236 0.1308497 0.0456413 0.0955446 0.1518748 0.1444298 0.1318505 0.1424845 0.1283392 0.0000000 0.1498936 0.0065634 0.1301166 0.1709422 0.1700598 0.1714930 0.1844336 
yHAB160_Kazachstania_kunashirensis          0.0971905 0.0964757 0.1313459 0.1298430 0.0891782 0.1261438 0.0906475 0.0920889 0.0550774 0.0816761 0.3110101 0.0970889 0.0977966 0.0960775 0.0965287 0.1003316 0.0982555 0.0990424 0.1327006 0.1043956 0.1096335 0.0901421 0.1450460 0.0256465 0.0937031 0.1244751 0.1171743 0.1198379 0.0710258 0.1214127 0.0560751 0.0922542 0.1498936 0.0000000 0.1404484 0.1199900 0.1054088 0.1103908 0.1114453 0.1327740 
yHAB164_Kazachstania_aerobia                0.1328273 0.1205349 0.1219668 0.1792730 0.1467437 0.1706375 0.1456496 0.1368744 0.1381305 0.1230073 0.3482611 0.1364604 0.1373943 0.1313233 0.1371136 0.1398680 0.1351157 0.1305358 0.1671027 0.1671901 0.1482718 0.1295836 0.0098971 0.1425476 0.1219495 0.0383641 0.0872161 0.1427834 0.1421986 0.1228862 0.1355804 0.1239414 0.0065634 0.1404484 0.0000000 0.1213561 0.1614926 0.1608171 0.1667636 0.1795205 
yHAB166_Kazachstania_yakushimaensis         0.1130511 0.0948517 0.1321106 0.1718295 0.1084330 0.1689480 0.1146854 0.1047558 0.1050423 0.1062368 0.3711980 0.1245402 0.1311200 0.1303169 0.1293049 0.1320184 0.1307605 0.1261301 0.1374372 0.1537774 0.1297205 0.1069029 0.1129275 0.1195564 0.0893414 0.0908569 0.0807179 0.1373008 0.1166952 0.0168778 0.1145884 0.0986237 0.1301166 0.1199900 0.1213561 0.0000000 0.1551471 0.1525540 0.1534972 0.1543535 
yHMPu5000034875_Tetrapisispora_fleetii      0.0947379 0.0988842 0.1408081 0.1320749 0.0958830 0.1402786 0.1058375 0.1023540 0.1022961 0.1273279 0.3509903 0.1107033 0.1080814 0.1099064 0.1076977 0.1161178 0.1059410 0.1109179 0.1312171 0.0315191 0.0902641 0.1362334 0.1563726 0.1057132 0.1157184 0.1473562 0.1342022 0.1135576 0.1168273 0.1535514 0.1098146 0.0902623 0.1709422 0.1054088 0.1614926 0.1551471 0.0000000 0.0400415 0.0185351 0.1260960 
yHMPu5000034876_Tetrapisispora_iriomotensis 0.1064257 0.0942255 0.1429987 0.1335059 0.0982794 0.1333277 0.1111160 0.1044350 0.0924697 0.1143697 0.3587380 0.1064119 0.1056915 0.1152432 0.1034690 0.1117629 0.1035650 0.1096390 0.1351109 0.0472244 0.0873501 0.1378099 0.1558101 0.1105624 0.1264852 0.1448894 0.1251124 0.1204233 0.1153858 0.1546491 0.1094325 0.1001295 0.1700598 0.1103908 0.1608171 0.1525540 0.0400415 0.0000000 0.0431986 0.1211361 
yHMPu5000034877_Tetrapisispora_namnaonensis 0.1025565 0.1043701 0.1408999 0.1361874 0.1017056 0.1426488 0.1117619 0.1086026 0.1087495 0.1247674 0.3426175 0.1131870 0.1081816 0.1163029 0.1101738 0.1185791 0.1060407 0.1173391 0.1217548 0.0277315 0.0903102 0.1311529 0.1616424 0.1123682 0.1155632 0.1508357 0.1339203 0.1200277 0.1139256 0.1518464 0.1135197 0.0979873 0.1714930 0.1114453 0.1667636 0.1534972 0.0185351 0.0431986 0.0000000 0.1255661 
yHMPu5000035629_Yueomyces_sinensis          0.1163773 0.1107570 0.1267932 0.1599773 0.1241983 0.1808580 0.1097483 0.1113602 0.1207645 0.1165757 0.3395411 0.1450501 0.1460050 0.1495218 0.1441194 0.1521600 0.1436730 0.1464117 0.0751974 0.1293932 0.0877192 0.1103700 0.1743477 0.1384451 0.1273312 0.1591524 0.1371489 0.1393317 0.1277991 0.1480462 0.1346521 0.1268775 0.1844336 0.1327740 0.1795205 0.1543535 0.1260960 0.1211361 0.1255661 0.0000000 
