40
Candida_glabrata                            0.0000000 0.2631022 0.2023730 0.2400047 0.1316519 0.2423985 0.1359396 0.1309889 0.1956645 0.1886529 0.4664641 0.2051633 0.2077019 0.1865966 0.1857557 0.2055806 0.2152262 0.1916442 0.2053707 0.2443279 0.2102335 0.1685659 0.1985147 0.1878736 0.1972195 0.2039707 0.1690628 0.2495768 0.2405027 0.1789892 0.1904152 0.2133757 0.2076078 0.2257419 0.2049660 0.2031196 0.2292322 0.2200438 0.2393843 0.2383944 
Kazachstania_africana                       0.2631022 0.0000000 0.2116784 0.2623333 0.2328268 0.2751881 0.2177371 0.2322299 0.1700271 0.1868073 0.4295147 0.1868915 0.1779555 0.1760703 0.1876444 0.1874251 0.1896043 0.1651621 0.2248753 0.2139952 0.2182524 0.1672955 0.1629397 0.1726414 0.2129744 0.1660599 0.1959092 0.2863514 0.1884973 0.2255251 0.2032679 0.1668242 0.1634845 0.2041930 0.1611847 0.2307004 0.2660207 0.1975735 0.2345915 0.2190015 
Kazachstania_naganishii                     0.2023730 0.2116784 0.0000000 0.1911220 0.1709826 0.2259954 0.1819338 0.1841938 0.1438223 0.1690745 0.4332479 0.1612683 0.1690768 0.1641611 0.1539942 0.1690491 0.1754484 0.1710958 0.2013818 0.2202426 0.2146513 0.1270089 0.1409873 0.1583953 0.1584121 0.1416795 0.1346657 0.2431146 0.1593789 0.1443017 0.1433251 0.1382812 0.1525717 0.1905060 0.1504711 0.1702367 0.2199045 0.1831863 0.2243496 0.1912373 
Nakaseomyces_bacillisporus                  0.2400047 0.2623333 0.1911220 0.0000000 0.2500803 0.1711083 0.2362330 0.2475286 0.2182016 0.2138223 0.5489579 0.2336725 0.2354813 0.2267160 0.2198432 0.2124850 0.2204851 0.2303422 0.2134475 0.2171885 0.2324826 0.2086333 0.2423661 0.2492873 0.2299740 0.2487803 0.2132270 0.2861859 0.2297512 0.1768234 0.2471304 0.2469226 0.2357346 0.2477403 0.2326988 0.2386645 0.2178225 0.1950957 0.2041776 0.2366700 
Nakaseomyces_bracarensis                    0.1316519 0.2328268 0.1709826 0.2500803 0.0000000 0.2318673 0.0385791 0.0455485 0.1436500 0.1436665 0.4478890 0.1899080 0.1913545 0.1885301 0.1715214 0.1995218 0.1972683 0.1960071 0.1726118 0.2462027 0.2068790 0.1268877 0.1845100 0.1459268 0.1888074 0.1815289 0.1622951 0.2620770 0.1933745 0.1497090 0.1592831 0.1796195 0.1804510 0.1833429 0.1780421 0.1685576 0.2505076 0.1758991 0.2627623 0.1978824 
Nakaseomyces_castellii                      0.2423985 0.2751881 0.2259954 0.1711083 0.2318673 0.0000000 0.2347041 0.2526157 0.2341280 0.2329231 0.5272910 0.2413075 0.2294598 0.2266154 0.2154212 0.2382601 0.2159990 0.2236829 0.2261917 0.2328065 0.2470395 0.2177919 0.2440785 0.2518240 0.2108140 0.2456389 0.2313595 0.2858605 0.2508780 0.2009196 0.2692922 0.2307416 0.2301744 0.2796430 0.2272691 0.2227703 0.2406854 0.1974814 0.2342174 0.2103150 
Nakaseomyces_delphensis                     0.1359396 0.2177371 0.1819338 0.2362330 0.0385791 0.2347041 0.0000000 0.0386558 0.1474956 0.1470067 0.4257055 0.1981651 0.1894485 0.1959159 0.1847252 0.2040569 0.1961613 0.1942556 0.1577403 0.2364116 0.2140060 0.1314091 0.1945264 0.1606985 0.1925703 0.1827762 0.1685159 0.2551458 0.1780126 0.1565557 0.1660607 0.1759702 0.1783231 0.1865330 0.1759543 0.1691323 0.2329042 0.1677348 0.2335923 0.2081341 
Nakaseomyces_nivariensis                    0.1309889 0.2322299 0.1841938 0.2475286 0.0455485 0.2526157 0.0386558 0.0000000 0.1515529 0.1666132 0.4470349 0.2027361 0.2012843 0.1931879 0.1969917 0.2146289 0.2197682 0.1981400 0.1771535 0.2484075 0.2101514 0.1434711 0.2007643 0.1739362 0.1877638 0.1960061 0.1729141 0.2625616 0.1850959 0.1631286 0.1648354 0.1808685 0.1871341 0.1931474 0.1846882 0.1926872 0.2445333 0.1813333 0.2505610 0.2041258 
Naumovozyma_castellii                       0.1956645 0.1700271 0.1438223 0.2182016 0.1436500 0.2341280 0.1474956 0.1515529 0.0000000 0.0613625 0.4556741 0.1523804 0.1341766 0.1397308 0.1326617 0.1414612 0.1430517 0.1375253 0.1824358 0.1936683 0.1623120 0.1067216 0.1142530 0.1336355 0.1423444 0.1049937 0.0948652 0.2730209 0.1585555 0.1285628 0.1435851 0.1387524 0.1122144 0.1428879 0.1109633 0.1406134 0.2135083 0.1542907 0.2106578 0.1733373 
Naumovozyma_dairenensis                     0.1886529 0.1868073 0.1690745 0.2138223 0.1436665 0.2329231 0.1470067 0.1666132 0.0613625 0.0000000 0.4885823 0.1665050 0.1736696 0.1709037 0.1572864 0.1579914 0.1755370 0.1689422 0.1733683 0.2088702 0.1863833 0.1147728 0.1373867 0.1319277 0.1741845 0.1387165 0.1314189 0.2882046 0.1817380 0.1443142 0.1527959 0.1419025 0.1386353 0.1531953 0.1370366 0.1490201 0.2216638 0.1629838 0.2247553 0.1814391 
Neurospora_crassa                           0.4664641 0.4295147 0.4332479 0.5489579 0.4478890 0.5272910 0.4257055 0.4470349 0.4556741 0.4885823 0.0000000 0.5096306 0.4882363 0.4995503 0.4972661 0.4976377 0.4996138 0.5003813 0.4229456 0.5310396 0.4734642 0.4097028 0.4729640 0.4558654 0.4948378 0.4594431 0.4298344 0.5510437 0.4224125 0.4584867 0.4680293 0.4132979 0.4686475 0.5246089 0.4633001 0.4912730 0.5065732 0.4444462 0.5107746 0.4841209 
Saccharomyces_arboricola                    0.2051633 0.1868915 0.1612683 0.2336725 0.1899080 0.2413075 0.1981651 0.2027361 0.1523804 0.1665050 0.5096306 0.0000000 0.0459169 0.0392497 0.0425769 0.0474707 0.0575820 0.0388583 0.1624411 0.2277823 0.1648888 0.1615997 0.1585961 0.1443955 0.1772482 0.1586093 0.1784550 0.2432549 0.1540611 0.1702212 0.1503990 0.1318728 0.1471639 0.1688564 0.1451716 0.2011158 0.2230771 0.1850393 0.2080265 0.1939546 
Saccharomyces_cerevisiae                    0.2077019 0.1779555 0.1690768 0.2354813 0.1913545 0.2294598 0.1894485 0.2012843 0.1341766 0.1736696 0.4882363 0.0459169 0.0000000 0.0387563 0.0318250 0.0384964 0.0293198 0.0317266 0.1734265 0.2145618 0.1676539 0.1579524 0.1534036 0.1336754 0.1743591 0.1465376 0.1559126 0.2514104 0.1523056 0.1750026 0.1482852 0.1571754 0.1419624 0.1659016 0.1399854 0.1806069 0.2131045 0.1741298 0.2012342 0.1947438 
Saccharomyces_eubayanus                     0.1865966 0.1760703 0.1641611 0.2267160 0.1885301 0.2266154 0.1959159 0.1931879 0.1397308 0.1709037 0.4995503 0.0392497 0.0387563 0.0000000 0.0422486 0.0532353 0.0546518 0.0061309 0.1579455 0.2053228 0.1470504 0.1496314 0.1343936 0.1309529 0.1691560 0.1429432 0.1646068 0.2387506 0.1555859 0.1687532 0.1475174 0.1437342 0.1317873 0.1555288 0.1298971 0.1899992 0.2047019 0.1693313 0.1996978 0.1902693 
Saccharomyces_kudriavzevii                  0.1857557 0.1876444 0.1539942 0.2198432 0.1715214 0.2154212 0.1847252 0.1969917 0.1326617 0.1572864 0.4972661 0.0425769 0.0318250 0.0422486 0.0000000 0.0476580 0.0377412 0.0418268 0.1801689 0.2125889 0.1611497 0.1501267 0.1257219 0.1320824 0.1484545 0.1269184 0.1442032 0.2253068 0.1471353 0.1450835 0.1407030 0.1378814 0.1219187 0.1564881 0.1199196 0.1782679 0.2048850 0.1605521 0.1938959 0.1918960 
Saccharomyces_mikatae                       0.2055806 0.1874251 0.1690491 0.2124850 0.1995218 0.2382601 0.2040569 0.2146289 0.1414612 0.1579914 0.4976377 0.0474707 0.0384964 0.0532353 0.0476580 0.0000000 0.0421285 0.0492123 0.1637532 0.1960555 0.1740944 0.1479895 0.1472618 0.1362099 0.1642596 0.1476408 0.1581970 0.2444834 0.1392484 0.1653737 0.1393184 0.1643635 0.1414854 0.1601639 0.1395391 0.1832664 0.2015737 0.1711260 0.1910482 0.2074301 
Saccharomyces_paradoxus                     0.2152262 0.1896043 0.1754484 0.2204851 0.1972683 0.2159990 0.1961613 0.2197682 0.1430517 0.1755370 0.4996138 0.0575820 0.0293198 0.0546518 0.0377412 0.0421285 0.0000000 0.0469595 0.1823990 0.2153756 0.1744880 0.1629890 0.1620027 0.1310035 0.1876443 0.1552407 0.1609164 0.2460159 0.1429058 0.1750181 0.1558936 0.1557031 0.1537288 0.1589872 0.1515751 0.1875907 0.2187102 0.1648135 0.2122354 0.2115289 
Saccharomyces_uvarum                        0.1916442 0.1651621 0.1710958 0.2303422 0.1960071 0.2236829 0.1942556 0.1981400 0.1375253 0.1689422 0.5003813 0.0388583 0.0317266 0.0061309 0.0418268 0.0492123 0.0469595 0.0000000 0.1637277 0.2026378 0.1535688 0.1552681 0.1399726 0.1286609 0.1670042 0.1486310 0.1617131 0.2413418 0.1527339 0.1758919 0.1445285 0.1419587 0.1372430 0.1534914 0.1352938 0.1871951 0.2020516 0.1752344 0.1970421 0.1879058 
Tetrapisispora_blattae                      0.2053707 0.2248753 0.2013818 0.2134475 0.1726118 0.2261917 0.1577403 0.1771535 0.1824358 0.1733683 0.4229456 0.1624411 0.1734265 0.1579455 0.1801689 0.1637532 0.1823990 0.1637277 0.0000000 0.2187782 0.1817765 0.1395209 0.1832203 0.1624225 0.1844155 0.1710826 0.1738629 0.2506327 0.1969604 0.1592500 0.1888011 0.1661061 0.1782693 0.1848306 0.1758385 0.1754745 0.2008264 0.1599922 0.1981049 0.1619045 
Tetrapisispora_phaffii                      0.2443279 0.2139952 0.2202426 0.2171885 0.2462027 0.2328065 0.2364116 0.2484075 0.1936683 0.2088702 0.5310396 0.2277823 0.2145618 0.2053228 0.2125889 0.1960555 0.2153756 0.2026378 0.2187782 0.0000000 0.1777958 0.1852620 0.1714786 0.2079431 0.2191086 0.1744700 0.1872393 0.2665717 0.2160875 0.1812135 0.2120718 0.2219499 0.1854936 0.2203798 0.1830250 0.1875765 0.0757972 0.1087795 0.0583333 0.2073929 
Vanderwaltozyma_polyspora                   0.2102335 0.2182524 0.2146513 0.2324826 0.2068790 0.2470395 0.2140060 0.2101514 0.1623120 0.1863833 0.4734642 0.1648888 0.1676539 0.1470504 0.1611497 0.1740944 0.1744880 0.1535688 0.1817765 0.1777958 0.0000000 0.1561521 0.1847323 0.1637293 0.2030949 0.1708573 0.2088146 0.2612920 0.1809840 0.1887709 0.2128612 0.1584526 0.1856784 0.1850138 0.1832590 0.2133039 0.2086323 0.1334250 0.2068147 0.2116080 
yHAB132_Kazachstania_martiniae              0.1685659 0.1672955 0.1270089 0.2086333 0.1268877 0.2177919 0.1314091 0.1434711 0.1067216 0.1147728 0.4097028 0.1615997 0.1579524 0.1496314 0.1501267 0.1479895 0.1629890 0.1552681 0.1395209 0.1852620 0.1561521 0.0000000 0.0866202 0.1292039 0.1127366 0.0765486 0.0964960 0.2044064 0.1351020 0.1112499 0.1454395 0.1203693 0.0920376 0.1560557 0.0914964 0.1230892 0.1919019 0.1254672 0.1955716 0.1788938 
yHAB133_Kazachstania_unispora               0.1985147 0.1629397 0.1409873 0.2423661 0.1845100 0.2440785 0.1945264 0.2007643 0.1142530 0.1373867 0.4729640 0.1585961 0.1534036 0.1343936 0.1257219 0.1472618 0.1620027 0.1399726 0.1832203 0.1714786 0.1847323 0.0866202 0.0000000 0.1316515 0.1036294 0.0093938 0.0847051 0.2392154 0.1732487 0.1456086 0.1303966 0.1330678 0.0190203 0.1461361 0.0222911 0.1367717 0.1941616 0.1263161 0.1794539 0.1963374 
yHAB134_Kazachstania_turicensis             0.1878736 0.1726414 0.1583953 0.2492873 0.1459268 0.2518240 0.1606985 0.1739362 0.1336355 0.1319277 0.4558654 0.1443955 0.1336754 0.1309529 0.1320824 0.1362099 0.1310035 0.1286609 0.1624225 0.2079431 0.1637293 0.1292039 0.1316515 0.0000000 0.1708739 0.1267872 0.1462035 0.2348786 0.1355828 0.1622428 0.1178657 0.1408969 0.1254208 0.0496406 0.1235492 0.1676253 0.1919336 0.1710826 0.1999929 0.1874684 
yHAB136_Kazachstania_bromeliacearum         0.1972195 0.2129744 0.1584121 0.2299740 0.1888074 0.2108140 0.1925703 0.1877638 0.1423444 0.1741845 0.4948378 0.1772482 0.1743591 0.1691560 0.1484545 0.1642596 0.1876443 0.1670042 0.1844155 0.2191086 0.2030949 0.1127366 0.1036294 0.1708739 0.0000000 0.1019359 0.1191474 0.2801841 0.1645808 0.1624679 0.1433456 0.1522530 0.1096475 0.1809004 0.1080701 0.1542434 0.2145878 0.1789276 0.2131714 0.2146638 
yHAB143_Kazachstania_siamensis              0.2039707 0.1660599 0.1416795 0.2487803 0.1815289 0.2456389 0.1827762 0.1960061 0.1049937 0.1387165 0.4594431 0.1586093 0.1465376 0.1429432 0.1269184 0.1476408 0.1552407 0.1486310 0.1710826 0.1744700 0.1708573 0.0765486 0.0093938 0.1267872 0.1019359 0.0000000 0.0766597 0.2357091 0.1688567 0.1411671 0.1321787 0.1317149 0.0190503 0.1413022 0.0223244 0.1261681 0.1938186 0.1227812 0.1760843 0.1989626 
yHAB147_Kazachstania_taianensis             0.1690628 0.1959092 0.1346657 0.2132270 0.1622951 0.2313595 0.1685159 0.1729141 0.0948652 0.1314189 0.4298344 0.1784550 0.1559126 0.1646068 0.1442032 0.1581970 0.1609164 0.1617131 0.1738629 0.1872393 0.2088146 0.0964960 0.0847051 0.1462035 0.1191474 0.0766597 0.0000000 0.2517984 0.1724312 0.1178349 0.1319073 0.1590995 0.0934904 0.1571965 0.0924956 0.1283223 0.1925182 0.1668477 0.1885564 0.2227864 
yHAB148_Kazachstania_intestinalis           0.2495768 0.2863514 0.2431146 0.2861859 0.2620770 0.2858605 0.2551458 0.2625616 0.2730209 0.2882046 0.5510437 0.2432549 0.2514104 0.2387506 0.2253068 0.2444834 0.2460159 0.2413418 0.2506327 0.2665717 0.2612920 0.2044064 0.2392154 0.2348786 0.2801841 0.2357091 0.2517984 0.0000000 0.2244690 0.2003140 0.2533450 0.2362505 0.2347509 0.2409471 0.2315296 0.2207157 0.2417127 0.2528523 0.2694359 0.2496989 
yHAB153_Kazachstania_rosinii                0.2405027 0.1884973 0.1593789 0.2297512 0.1933745 0.2508780 0.1780126 0.1850959 0.1585555 0.1817380 0.4224125 0.1540611 0.1523056 0.1555859 0.1471353 0.1392484 0.1429058 0.1527339 0.1969604 0.2160875 0.1809840 0.1351020 0.1732487 0.1355828 0.1645808 0.1688567 0.1724312 0.2244690 0.0000000 0.1885590 0.1119506 0.1359338 0.1650298 0.1408122 0.1628321 0.1834709 0.2136495 0.1907196 0.2269125 0.2218668 
yHAB154_Kazachstania_transvaalensis         0.1789892 0.2255251 0.1443017 0.1768234 0.1497090 0.2009196 0.1565557 0.1631286 0.1285628 0.1443142 0.4584867 0.1702212 0.1750026 0.1687532 0.1450835 0.1653737 0.1750181 0.1758919 0.1592500 0.1812135 0.1887709 0.1112499 0.1456086 0.1622428 0.1624679 0.1411671 0.1178349 0.2003140 0.1885590 0.0000000 0.1547643 0.1840254 0.1478943 0.1758598 0.1456035 0.0920265 0.1802101 0.1523466 0.1775456 0.1586440 
yHAB155_Kazachstania_spencerorum            0.1904152 0.2032679 0.1433251 0.2471304 0.1592831 0.2692922 0.1660607 0.1648354 0.1435851 0.1527959 0.4680293 0.1503990 0.1482852 0.1475174 0.1407030 0.1393184 0.1558936 0.1445285 0.1888011 0.2120718 0.2128612 0.1454395 0.1303966 0.1178657 0.1433456 0.1321787 0.1319073 0.2533450 0.1119506 0.1547643 0.0000000 0.1396157 0.1247477 0.1253726 0.1228907 0.1543074 0.1938066 0.1774510 0.1969696 0.2217572 
yHAB158_Kazachstania_viticola               0.2133757 0.1668242 0.1382812 0.2469226 0.1796195 0.2307416 0.1759702 0.1808685 0.1387524 0.1419025 0.4132979 0.1318728 0.1571754 0.1437342 0.1378814 0.1643635 0.1557031 0.1419587 0.1661061 0.2219499 0.1584526 0.1203693 0.1330678 0.1408969 0.1522530 0.1317149 0.1590995 0.2362505 0.1359338 0.1840254 0.1396157 0.0000000 0.1388525 0.1625429 0.1368004 0.1759539 0.2256065 0.1610043 0.2335705 0.2068931 
yHAB159_Kazachstania_solicola               0.2076078 0.1634845 0.1525717 0.2357346 0.1804510 0.2301744 0.1783231 0.1871341 0.1122144 0.1386353 0.4686475 0.1471639 0.1419624 0.1317873 0.1219187 0.1414854 0.1537288 0.1372430 0.1782693 0.1854936 0.1856784 0.0920376 0.0190203 0.1254208 0.1096475 0.0190503 0.0934904 0.2347509 0.1650298 0.1478943 0.1247477 0.1388525 0.0000000 0.1314532 0.0030477 0.1379905 0.2023170 0.1350013 0.1808704 0.1883331 
yHAB160_Kazachstania_kunashirensis          0.2257419 0.2041930 0.1905060 0.2477403 0.1833429 0.2796430 0.1865330 0.1931474 0.1428879 0.1531953 0.5246089 0.1688564 0.1659016 0.1555288 0.1564881 0.1601639 0.1589872 0.1534914 0.1848306 0.2203798 0.1850138 0.1560557 0.1461361 0.0496406 0.1809004 0.1413022 0.1571965 0.2409471 0.1408122 0.1758598 0.1253726 0.1625429 0.1314532 0.0000000 0.1295496 0.1857419 0.1961295 0.1953341 0.1998180 0.2143700 
yHAB164_Kazachstania_aerobia                0.2049660 0.1611847 0.1504711 0.2326988 0.1780421 0.2272691 0.1759543 0.1846882 0.1109633 0.1370366 0.4633001 0.1451716 0.1399854 0.1298971 0.1199196 0.1395391 0.1515751 0.1352938 0.1758385 0.1830250 0.1832590 0.0914964 0.0222911 0.1235492 0.1080701 0.0223244 0.0924956 0.2315296 0.1628321 0.1456035 0.1228907 0.1368004 0.0030477 0.1295496 0.0000000 0.1361243 0.1996753 0.1330163 0.1785023 0.1857993 
yHAB166_Kazachstania_yakushimaensis         0.2031196 0.2307004 0.1702367 0.2386645 0.1685576 0.2227703 0.1691323 0.1926872 0.1406134 0.1490201 0.4912730 0.2011158 0.1806069 0.1899992 0.1782679 0.1832664 0.1875907 0.1871951 0.1754745 0.1875765 0.2133039 0.1230892 0.1367717 0.1676253 0.1542434 0.1261681 0.1283223 0.2207157 0.1834709 0.0920265 0.1543074 0.1759539 0.1379905 0.1857419 0.1361243 0.0000000 0.1906309 0.1675057 0.1876683 0.1651175 
yHMPu5000034875_Tetrapisispora_fleetii      0.2292322 0.2660207 0.2199045 0.2178225 0.2505076 0.2406854 0.2329042 0.2445333 0.2135083 0.2216638 0.5065732 0.2230771 0.2131045 0.2047019 0.2048850 0.2015737 0.2187102 0.2020516 0.2008264 0.0757972 0.2086323 0.1919019 0.1941616 0.1919336 0.2145878 0.1938186 0.1925182 0.2417127 0.2136495 0.1802101 0.1938066 0.2256065 0.2023170 0.1961295 0.1996753 0.1906309 0.0000000 0.1183203 0.0345248 0.2280343 
yHMPu5000034876_Tetrapisispora_iriomotensis 0.2200438 0.1975735 0.1831863 0.1950957 0.1758991 0.1974814 0.1677348 0.1813333 0.1542907 0.1629838 0.4444462 0.1850393 0.1741298 0.1693313 0.1605521 0.1711260 0.1648135 0.1752344 0.1599922 0.1087795 0.1334250 0.1254672 0.1263161 0.1710826 0.1789276 0.1227812 0.1668477 0.2528523 0.1907196 0.1523466 0.1774510 0.1610043 0.1350013 0.1953341 0.1330163 0.1675057 0.1183203 0.0000000 0.1166236 0.2107309 
yHMPu5000034877_Tetrapisispora_namnaonensis 0.2393843 0.2345915 0.2243496 0.2041776 0.2627623 0.2342174 0.2335923 0.2505610 0.2106578 0.2247553 0.5107746 0.2080265 0.2012342 0.1996978 0.1938959 0.1910482 0.2122354 0.1970421 0.1981049 0.0583333 0.2068147 0.1955716 0.1794539 0.1999929 0.2131714 0.1760843 0.1885564 0.2694359 0.2269125 0.1775456 0.1969696 0.2335705 0.1808704 0.1998180 0.1785023 0.1876683 0.0345248 0.1166236 0.0000000 0.2142277 
yHMPu5000035629_Yueomyces_sinensis          0.2383944 0.2190015 0.1912373 0.2366700 0.1978824 0.2103150 0.2081341 0.2041258 0.1733373 0.1814391 0.4841209 0.1939546 0.1947438 0.1902693 0.1918960 0.2074301 0.2115289 0.1879058 0.1619045 0.2073929 0.2116080 0.1788938 0.1963374 0.1874684 0.2146638 0.1989626 0.2227864 0.2496989 0.2218668 0.1586440 0.2217572 0.2068931 0.1883331 0.2143700 0.1857993 0.1651175 0.2280343 0.2107309 0.2142277 0.0000000 
