40
Candida_glabrata                            0.0000000 0.1605446 0.2500865 0.2319479 0.0411456 0.1494236 0.0475891 0.0544238 0.1571417 0.1599871 0.8226122 0.1546853 0.1512763 0.1470088 0.1424834 0.1545595 0.1553880 0.1467807 0.1840526 0.1838576 0.1750495 0.1847066 0.1402922 0.1455412 0.1719448 0.1352615 0.1846026 0.2490034 0.1839882 0.1625374 0.3474189 0.1821548 0.1445589 0.1505620 0.1472517 0.1458890 0.1764653 0.1787907 0.1756118 0.1725123 
Kazachstania_africana                       0.1605446 0.0000000 0.2336263 0.2403397 0.1745808 0.1617856 0.1822431 0.1830669 0.1791908 0.1828280 0.7852272 0.1756233 0.1742961 0.1750894 0.1728018 0.1748564 0.1770546 0.1695624 0.1850805 0.1830543 0.1759178 0.1693573 0.1388426 0.1479068 0.1472575 0.1477286 0.1550151 0.2306580 0.2113544 0.1492730 0.3313740 0.1801913 0.1526361 0.1476641 0.1486344 0.1370354 0.1758123 0.1719046 0.1720645 0.1729677 
Kazachstania_naganishii                     0.2500865 0.2336263 0.0000000 0.2809724 0.2415654 0.1919285 0.2628904 0.2634379 0.1724893 0.2193103 0.7965587 0.1970423 0.1959592 0.2003314 0.1885600 0.1879935 0.1918382 0.1922515 0.2482777 0.2433350 0.1991194 0.2218264 0.1940768 0.2051306 0.1776720 0.1981396 0.1557138 0.2977563 0.2288300 0.2234572 0.3175203 0.2145891 0.1791308 0.2309303 0.1803481 0.2268315 0.2386067 0.2327903 0.2375975 0.2453692 
Nakaseomyces_bacillisporus                  0.2319479 0.2403397 0.2809724 0.0000000 0.2247656 0.2239846 0.2368781 0.2266591 0.2442576 0.2282864 0.7977323 0.2062445 0.2166426 0.2012178 0.2011793 0.2101004 0.2015483 0.1998207 0.2547142 0.2524787 0.2428787 0.2462065 0.2049631 0.1990483 0.2488984 0.2133595 0.2633717 0.2633427 0.2718028 0.2032810 0.3466279 0.2359337 0.1978271 0.1918091 0.1958069 0.1881811 0.2432572 0.2406817 0.2350600 0.2714043 
Nakaseomyces_bracarensis                    0.0411456 0.1745808 0.2415654 0.2247656 0.0000000 0.1513612 0.0238047 0.0176679 0.1488757 0.1425474 0.7889854 0.1483445 0.1665247 0.1483155 0.1499480 0.1617702 0.1567249 0.1538521 0.1758001 0.1600095 0.1602544 0.1827039 0.1230826 0.1704112 0.1565988 0.1177837 0.1714213 0.2656171 0.1764256 0.1719393 0.3561712 0.1618393 0.1273792 0.1386454 0.1253399 0.1548904 0.1453981 0.1572133 0.1520344 0.1847070 
Nakaseomyces_castellii                      0.1494236 0.1617856 0.1919285 0.2239846 0.1513612 0.0000000 0.1589825 0.1659183 0.1474986 0.1610942 0.7769304 0.1453734 0.1430134 0.1303568 0.1347164 0.1377285 0.1384652 0.1301627 0.2069675 0.1613615 0.1487895 0.1719203 0.1280837 0.1469409 0.1533931 0.1361682 0.1596048 0.2510064 0.1887622 0.1828295 0.3166923 0.1778450 0.1225295 0.1466945 0.1249046 0.1662403 0.1620925 0.1637315 0.1612947 0.1939920 
Nakaseomyces_delphensis                     0.0475891 0.1822431 0.2628904 0.2368781 0.0238047 0.1589825 0.0000000 0.0300060 0.1584350 0.1444931 0.8386938 0.1580689 0.1605657 0.1580232 0.1519406 0.1718370 0.1666497 0.1637362 0.1863696 0.1784060 0.1787029 0.1928632 0.1321479 0.1668670 0.1643469 0.1264517 0.1817996 0.2745609 0.1867458 0.1637805 0.3700510 0.1716321 0.1363465 0.1429069 0.1343364 0.1469852 0.1631893 0.1756258 0.1702346 0.1869707 
Nakaseomyces_nivariensis                    0.0544238 0.1830669 0.2634379 0.2266591 0.0176679 0.1659183 0.0300060 0.0000000 0.1585568 0.1461482 0.7942644 0.1500853 0.1640046 0.1500569 0.1612173 0.1731111 0.1583908 0.1555498 0.1874503 0.1743840 0.1736562 0.1820940 0.1374192 0.1736841 0.1702252 0.1174396 0.1922627 0.2631530 0.1899655 0.1752080 0.3728704 0.1651159 0.1380567 0.1488694 0.1395361 0.1581508 0.1609068 0.1706534 0.1654299 0.1918223 
Naumovozyma_castellii                       0.1571417 0.1791908 0.1724893 0.2442576 0.1488757 0.1474986 0.1584350 0.1585568 0.0000000 0.0996306 0.8051921 0.1349739 0.1427653 0.1277901 0.1172404 0.1280697 0.1355474 0.1276077 0.1682018 0.1666090 0.1308912 0.1485376 0.1222821 0.1474749 0.1266189 0.1234470 0.1475279 0.2303493 0.1408283 0.1506450 0.3094096 0.1525958 0.1216893 0.1436036 0.1199726 0.1413224 0.1669161 0.1668862 0.1524746 0.1738194 
Naumovozyma_dairenensis                     0.1599871 0.1828280 0.2193103 0.2282864 0.1425474 0.1610942 0.1444931 0.1461482 0.0996306 0.0000000 0.8405200 0.1262191 0.1419385 0.1188553 0.1174815 0.1261779 0.1269355 0.1261092 0.1712275 0.1453582 0.1232521 0.1430307 0.1017785 0.1362280 0.1111190 0.1140671 0.1475945 0.2256587 0.1521983 0.1302488 0.3016058 0.1422910 0.1004561 0.1292225 0.1076398 0.1194486 0.1486242 0.1370523 0.1449496 0.1746035 
Neurospora_crassa                           0.8226122 0.7852272 0.7965587 0.7977323 0.7889854 0.7769304 0.8386938 0.7942644 0.8051921 0.8405200 0.0000000 0.7680125 0.7881221 0.7619579 0.7726452 0.7937075 0.7759416 0.7585093 0.7928691 0.8210856 0.7584987 0.7398520 0.7601162 0.7686806 0.7521507 0.7472148 0.7793051 0.8821721 0.8102025 0.7872867 0.9639853 0.7513000 0.7263052 0.7644960 0.7354455 0.7871013 0.8097707 0.8135414 0.8199109 0.8474681 
Saccharomyces_arboricola                    0.1546853 0.1756233 0.1970423 0.2062445 0.1483445 0.1453734 0.1580689 0.1500853 0.1349739 0.1262191 0.7680125 0.0000000 0.0236624 0.0116318 0.0177225 0.0268762 0.0176362 0.0116513 0.1891164 0.1460350 0.1412140 0.1375787 0.1247143 0.1273402 0.1437938 0.1152152 0.1549808 0.2331186 0.1798393 0.1356127 0.2942290 0.1429786 0.1234559 0.1353939 0.1269651 0.1288144 0.1221802 0.1396786 0.1185398 0.1904132 
Saccharomyces_cerevisiae                    0.1512763 0.1742961 0.1959592 0.2166426 0.1665247 0.1430134 0.1605657 0.1640046 0.1427653 0.1419385 0.7881221 0.0236624 0.0000000 0.0296313 0.0238202 0.0267337 0.0116493 0.0236076 0.2081153 0.1648444 0.1649067 0.1481247 0.1339461 0.1238445 0.1636929 0.1250900 0.1414651 0.2313614 0.1907129 0.1440246 0.2925413 0.1538842 0.1367126 0.1495715 0.1372385 0.1371644 0.1431385 0.1616581 0.1394346 0.1935435 
Saccharomyces_eubayanus                     0.1470088 0.1750894 0.2003314 0.2012178 0.1483155 0.1303568 0.1580232 0.1500569 0.1277901 0.1188553 0.7619579 0.0116318 0.0296313 0.0000000 0.0236713 0.0268062 0.0175902 0.0057793 0.1885311 0.1460062 0.1411847 0.1336111 0.1101669 0.1269707 0.1437643 0.1151844 0.1473303 0.2276354 0.1640695 0.1352154 0.2855305 0.1408947 0.1091408 0.1280069 0.1126049 0.1284372 0.1221493 0.1320662 0.1185085 0.1898210 
Saccharomyces_kudriavzevii                  0.1424834 0.1728018 0.1885600 0.2011793 0.1499480 0.1347164 0.1519406 0.1612173 0.1172404 0.1174815 0.7726452 0.0177225 0.0238202 0.0236713 0.0000000 0.0206635 0.0238123 0.0176809 0.1820328 0.1508434 0.1436051 0.1379145 0.1210908 0.1159290 0.1421517 0.1194980 0.1391141 0.2260277 0.1664920 0.1390698 0.2794340 0.1507932 0.1206179 0.1371683 0.1241344 0.1322621 0.1298514 0.1439100 0.1262030 0.1804229 
Saccharomyces_mikatae                       0.1545595 0.1748564 0.1879935 0.2101004 0.1617702 0.1377285 0.1718370 0.1731111 0.1280697 0.1261779 0.7937075 0.0268762 0.0267337 0.0268062 0.0206635 0.0000000 0.0206954 0.0207643 0.1855264 0.1592308 0.1493970 0.1448626 0.1299118 0.1178659 0.1457752 0.1309266 0.1338477 0.2241726 0.1678221 0.1403495 0.2667439 0.1462443 0.1285542 0.1299454 0.1321099 0.1335079 0.1347647 0.1528880 0.1310822 0.1779486 
Saccharomyces_paradoxus                     0.1553880 0.1770546 0.1918382 0.2015483 0.1567249 0.1384652 0.1666497 0.1583908 0.1355474 0.1269355 0.7759416 0.0176362 0.0116493 0.0175902 0.0238123 0.0206954 0.0000000 0.0176202 0.1980417 0.1542741 0.1524822 0.1457064 0.1254174 0.1240501 0.1568240 0.1230010 0.1347571 0.2296980 0.1838180 0.1367010 0.2787285 0.1484363 0.1241412 0.1364861 0.1276691 0.1298549 0.1331631 0.1510813 0.1295116 0.1949731 
Saccharomyces_uvarum                        0.1467807 0.1695624 0.1922515 0.1998207 0.1538521 0.1301627 0.1637362 0.1555498 0.1276077 0.1261092 0.7585093 0.0116513 0.0236076 0.0057793 0.0176809 0.0207643 0.0176202 0.0000000 0.1828014 0.1514417 0.1485814 0.1387706 0.1151105 0.1199223 0.1456681 0.1200968 0.1501092 0.2212012 0.1668108 0.1354959 0.2860279 0.1462520 0.1139978 0.1331824 0.1175029 0.1287030 0.1272557 0.1373950 0.1235840 0.1840526 
Tetrapisispora_blattae                      0.1840526 0.1850805 0.2482777 0.2547142 0.1758001 0.2069675 0.1863696 0.1874503 0.1682018 0.1712275 0.7928691 0.1891164 0.2081153 0.1885311 0.1820328 0.1855264 0.1980417 0.1828014 0.0000000 0.1986583 0.1240181 0.1589291 0.1752585 0.1650754 0.1510108 0.1786802 0.1870098 0.2369028 0.1642803 0.1632169 0.3223955 0.1560860 0.1496916 0.1793145 0.1680279 0.1658073 0.1939891 0.2027152 0.1940504 0.1179274 
Tetrapisispora_phaffii                      0.1838576 0.1830543 0.2433350 0.2524787 0.1600095 0.1613615 0.1784060 0.1743840 0.1666090 0.1453582 0.8210856 0.1460350 0.1648444 0.1460062 0.1508434 0.1592308 0.1542741 0.1514417 0.1986583 0.0000000 0.0932764 0.1372252 0.1222848 0.1671068 0.1315917 0.1261762 0.1701531 0.2640050 0.1874009 0.1924237 0.3105444 0.1548263 0.1414294 0.1321277 0.1301614 0.1746890 0.0394937 0.0550294 0.0300528 0.2150546 
Vanderwaltozyma_polyspora                   0.1750495 0.1759178 0.1991194 0.2428787 0.1602544 0.1487895 0.1787029 0.1736562 0.1308912 0.1232521 0.7584987 0.1412140 0.1649067 0.1411847 0.1436051 0.1493970 0.1524822 0.1485814 0.1240181 0.0932764 0.0000000 0.1039247 0.1158685 0.1270469 0.1076617 0.1291218 0.1586034 0.2314206 0.1577521 0.1724264 0.2983826 0.1260378 0.1183737 0.1153030 0.1244629 0.1609172 0.0865468 0.0898566 0.0834767 0.1617582 
yHAB132_Kazachstania_martiniae              0.1847066 0.1693573 0.2218264 0.2462065 0.1827039 0.1719203 0.1928632 0.1820940 0.1485376 0.1430307 0.7398520 0.1375787 0.1481247 0.1336111 0.1379145 0.1448626 0.1457064 0.1387706 0.1589291 0.1372252 0.1039247 0.0000000 0.1251259 0.1181841 0.1240193 0.1125804 0.1598692 0.2038574 0.1363340 0.1689819 0.2890553 0.1211385 0.1154836 0.1234579 0.1117274 0.1718615 0.1365671 0.1165182 0.1306307 0.2075878 
yHAB133_Kazachstania_unispora               0.1402922 0.1388426 0.1940768 0.2049631 0.1230826 0.1280837 0.1321479 0.1374192 0.1222821 0.1017785 0.7601162 0.1247143 0.1339461 0.1101669 0.1210908 0.1299118 0.1254174 0.1151105 0.1752585 0.1222848 0.1158685 0.1251259 0.0000000 0.1110047 0.0939742 0.0460524 0.1017929 0.2127989 0.1461261 0.1197543 0.3223052 0.1266571 0.0272456 0.0864856 0.0273829 0.1043798 0.1095598 0.0974270 0.1034736 0.1832660 
yHAB134_Kazachstania_turicensis             0.1455412 0.1479068 0.2051306 0.1990483 0.1704112 0.1469409 0.1668670 0.1736841 0.1474749 0.1362280 0.7686806 0.1273402 0.1238445 0.1269707 0.1159290 0.1178659 0.1240501 0.1199223 0.1650754 0.1671068 0.1270469 0.1181841 0.1110047 0.0000000 0.1322192 0.1205911 0.1488195 0.2104465 0.1606554 0.1218541 0.2817972 0.1421263 0.0971559 0.0654235 0.1068594 0.1143848 0.1727642 0.1586438 0.1690113 0.1775091 
yHAB136_Kazachstania_bromeliacearum         0.1719448 0.1472575 0.1776720 0.2488984 0.1565988 0.1533931 0.1643469 0.1702252 0.1266189 0.1111190 0.7521507 0.1437938 0.1636929 0.1437643 0.1421517 0.1457752 0.1568240 0.1456681 0.1510108 0.1315917 0.1076617 0.1240193 0.0939742 0.1322192 0.0000000 0.1019307 0.1012536 0.2364082 0.1551455 0.1383904 0.3050133 0.1362318 0.1008436 0.0982556 0.1076782 0.1350330 0.1290672 0.1284822 0.1287614 0.1681589 
yHAB143_Kazachstania_siamensis              0.1352615 0.1477286 0.1981396 0.2133595 0.1177837 0.1361682 0.1264517 0.1174396 0.1234470 0.1140671 0.7472148 0.1152152 0.1250900 0.1151844 0.1194980 0.1309266 0.1230010 0.1200968 0.1786802 0.1261762 0.1291218 0.1125804 0.0460524 0.1205911 0.1019307 0.0000000 0.1195185 0.2113204 0.1562201 0.1166386 0.3371934 0.1166091 0.0483773 0.1073082 0.0428471 0.1136089 0.1201552 0.1205793 0.1126909 0.1812551 
yHAB147_Kazachstania_taianensis             0.1846026 0.1550151 0.1557138 0.2633717 0.1714213 0.1596048 0.1817996 0.1922627 0.1475279 0.1475945 0.7793051 0.1549808 0.1414651 0.1473303 0.1391141 0.1338477 0.1347571 0.1501092 0.1870098 0.1701531 0.1586034 0.1598692 0.1017929 0.1488195 0.1012536 0.1195185 0.0000000 0.2426599 0.1647527 0.1466497 0.2966504 0.1651645 0.0967107 0.1486746 0.0986708 0.1505755 0.1696277 0.1718031 0.1685559 0.2033716 
yHAB148_Kazachstania_intestinalis           0.2490034 0.2306580 0.2977563 0.2633427 0.2656171 0.2510064 0.2745609 0.2631530 0.2303493 0.2256587 0.8821721 0.2331186 0.2313614 0.2276354 0.2260277 0.2241726 0.2296980 0.2212012 0.2369028 0.2640050 0.2314206 0.2038574 0.2127989 0.2104465 0.2364082 0.2113204 0.2426599 0.0000000 0.2600206 0.2101518 0.3538443 0.2111118 0.2075201 0.2147274 0.2047754 0.2109025 0.2559564 0.2501874 0.2548770 0.2724719 
yHAB153_Kazachstania_rosinii                0.1839882 0.2113544 0.2288300 0.2718028 0.1764256 0.1887622 0.1867458 0.1899655 0.1408283 0.1521983 0.8102025 0.1798393 0.1907129 0.1640695 0.1664920 0.1678221 0.1838180 0.1668108 0.1642803 0.1874009 0.1577521 0.1363340 0.1461261 0.1606554 0.1551455 0.1562201 0.1647527 0.2600206 0.0000000 0.2086792 0.2749465 0.1759626 0.1356316 0.1587710 0.1412304 0.2003553 0.1820056 0.1640454 0.1781606 0.1880799 
yHAB154_Kazachstania_transvaalensis         0.1625374 0.1492730 0.2234572 0.2032810 0.1719393 0.1828295 0.1637805 0.1752080 0.1506450 0.1302488 0.7872867 0.1356127 0.1440246 0.1352154 0.1390698 0.1403495 0.1367010 0.1354959 0.1632169 0.1924237 0.1724264 0.1689819 0.1197543 0.1218541 0.1383904 0.1166386 0.1466497 0.2101518 0.2086792 0.0000000 0.3187433 0.1463671 0.1048066 0.1326927 0.1143759 0.0237456 0.1876386 0.1878534 0.1897019 0.1670520 
yHAB155_Kazachstania_spencerorum            0.3474189 0.3313740 0.3175203 0.3466279 0.3561712 0.3166923 0.3700510 0.3728704 0.3094096 0.3016058 0.9639853 0.2942290 0.2925413 0.2855305 0.2794340 0.2667439 0.2787285 0.2860279 0.3223955 0.3105444 0.2983826 0.2890553 0.3223052 0.2817972 0.3050133 0.3371934 0.2966504 0.3538443 0.2749465 0.3187433 0.0000000 0.2774868 0.2972364 0.2966727 0.3018135 0.3248079 0.3370319 0.3128059 0.3274821 0.3423884 
yHAB158_Kazachstania_viticola               0.1821548 0.1801913 0.2145891 0.2359337 0.1618393 0.1778450 0.1716321 0.1651159 0.1525958 0.1422910 0.7513000 0.1429786 0.1538842 0.1408947 0.1507932 0.1462443 0.1484363 0.1462520 0.1560860 0.1548263 0.1260378 0.1211385 0.1266571 0.1421263 0.1362318 0.1166091 0.1651645 0.2111118 0.1759626 0.1463671 0.2774868 0.0000000 0.1127988 0.1124233 0.1220364 0.1544164 0.1436596 0.1368018 0.1399350 0.1521931 
yHAB159_Kazachstania_solicola               0.1445589 0.1526361 0.1791308 0.1978271 0.1273792 0.1225295 0.1363465 0.1380567 0.1216893 0.1004561 0.7263052 0.1234559 0.1367126 0.1091408 0.1206179 0.1285542 0.1241412 0.1139978 0.1496916 0.1414294 0.1183737 0.1154836 0.0272456 0.0971559 0.1008436 0.0483773 0.0967107 0.2075201 0.1356316 0.1048066 0.2972364 0.1127988 0.0000000 0.0851435 0.0118951 0.1011354 0.1304923 0.1202699 0.1268163 0.1801250 
yHAB160_Kazachstania_kunashirensis          0.1505620 0.1476641 0.2309303 0.1918091 0.1386454 0.1466945 0.1429069 0.1488694 0.1436036 0.1292225 0.7644960 0.1353939 0.1495715 0.1280069 0.1371683 0.1299454 0.1364861 0.1331824 0.1793145 0.1321277 0.1153030 0.1234579 0.0864856 0.0654235 0.0982556 0.1073082 0.1486746 0.2147274 0.1587710 0.1326927 0.2966727 0.1124233 0.0851435 0.0000000 0.0898397 0.1141853 0.1235819 0.1240337 0.1205369 0.1694731 
yHAB164_Kazachstania_aerobia                0.1472517 0.1486344 0.1803481 0.1958069 0.1253399 0.1249046 0.1343364 0.1395361 0.1199726 0.1076398 0.7354455 0.1269651 0.1372385 0.1126049 0.1241344 0.1321099 0.1276691 0.1175029 0.1680279 0.1301614 0.1244629 0.1117274 0.0273829 0.1068594 0.1076782 0.0428471 0.0986708 0.2047754 0.1412304 0.1143759 0.3018135 0.1220364 0.0118951 0.0898397 0.0000000 0.1105981 0.1299224 0.1138638 0.1207800 0.1893290 
yHAB166_Kazachstania_yakushimaensis         0.1458890 0.1370354 0.2268315 0.1881811 0.1548904 0.1662403 0.1469852 0.1581508 0.1413224 0.1194486 0.7871013 0.1288144 0.1371644 0.1284372 0.1322621 0.1335079 0.1298549 0.1287030 0.1658073 0.1746890 0.1609172 0.1718615 0.1043798 0.1143848 0.1350330 0.1136089 0.1505755 0.2109025 0.2003553 0.0237456 0.3248079 0.1544164 0.1011354 0.1141853 0.1105981 0.0000000 0.1704094 0.1774035 0.1706230 0.1554291 
yHMPu5000034875_Tetrapisispora_fleetii      0.1764653 0.1758123 0.2386067 0.2432572 0.1453981 0.1620925 0.1631893 0.1609068 0.1669161 0.1486242 0.8097707 0.1221802 0.1431385 0.1221493 0.1298514 0.1347647 0.1331631 0.1272557 0.1939891 0.0394937 0.0865468 0.1365671 0.1095598 0.1727642 0.1290672 0.1201552 0.1696277 0.2559564 0.1820056 0.1876386 0.3370319 0.1436596 0.1304923 0.1235819 0.1299224 0.1704094 0.0000000 0.0463207 0.0146223 0.2036161 
yHMPu5000034876_Tetrapisispora_iriomotensis 0.1787907 0.1719046 0.2327903 0.2406817 0.1572133 0.1637315 0.1756258 0.1706534 0.1668862 0.1370523 0.8135414 0.1396786 0.1616581 0.1320662 0.1439100 0.1528880 0.1510813 0.1373950 0.2027152 0.0550294 0.0898566 0.1165182 0.0974270 0.1586438 0.1284822 0.1205793 0.1718031 0.2501874 0.1640454 0.1878534 0.3128059 0.1368018 0.1202699 0.1240337 0.1138638 0.1774035 0.0463207 0.0000000 0.0433156 0.2082703 
yHMPu5000034877_Tetrapisispora_namnaonensis 0.1756118 0.1720645 0.2375975 0.2350600 0.1520344 0.1612947 0.1702346 0.1654299 0.1524746 0.1449496 0.8199109 0.1185398 0.1394346 0.1185085 0.1262030 0.1310822 0.1295116 0.1235840 0.1940504 0.0300528 0.0834767 0.1306307 0.1034736 0.1690113 0.1287614 0.1126909 0.1685559 0.2548770 0.1781606 0.1897019 0.3274821 0.1399350 0.1268163 0.1205369 0.1207800 0.1706230 0.0146223 0.0433156 0.0000000 0.1997164 
yHMPu5000035629_Yueomyces_sinensis          0.1725123 0.1729677 0.2453692 0.2714043 0.1847070 0.1939920 0.1869707 0.1918223 0.1738194 0.1746035 0.8474681 0.1904132 0.1935435 0.1898210 0.1804229 0.1779486 0.1949731 0.1840526 0.1179274 0.2150546 0.1617582 0.2075878 0.1832660 0.1775091 0.1681589 0.1812551 0.2033716 0.2724719 0.1880799 0.1670520 0.3423884 0.1521931 0.1801250 0.1694731 0.1893290 0.1554291 0.2036161 0.2082703 0.1997164 0.0000000 
