40
Candida_glabrata                            0.0000000 0.1699714 0.1771469 0.1546297 0.0623488 0.1996803 0.0787391 0.0645004 0.1406185 0.1528415 0.4827613 0.1162087 0.1144419 0.1137254 0.1154415 0.1123577 0.1190068 0.1129687 0.1780091 0.1234686 0.1288275 0.1589941 0.1438170 0.1540435 0.1503587 0.1443184 0.1388923 0.1762469 0.1456321 0.1589663 0.1584658 0.1553597 0.1390454 0.1428436 0.1396580 0.1559097 0.1228490 0.1139573 0.1251444 0.1815958 
Kazachstania_africana                       0.1699714 0.0000000 0.1402756 0.1950365 0.1691681 0.2113538 0.1757599 0.1635593 0.1083803 0.1359621 0.5125682 0.1338025 0.1251017 0.1261176 0.1338453 0.1246890 0.1323933 0.1261162 0.1787243 0.1512899 0.1348340 0.1083377 0.1069488 0.1271451 0.1125249 0.0989832 0.1206364 0.1469875 0.1184129 0.1236478 0.1046399 0.0919960 0.1022191 0.1109175 0.1060135 0.1301436 0.1438470 0.1292329 0.1519244 0.1958335 
Kazachstania_naganishii                     0.1771469 0.1402756 0.0000000 0.1980240 0.1621703 0.1984304 0.1766888 0.1763602 0.1476273 0.1570968 0.5392360 0.1531585 0.1431267 0.1448954 0.1515986 0.1426191 0.1493892 0.1438028 0.1879064 0.1653816 0.1484728 0.1185083 0.1213488 0.1356286 0.1151356 0.1083720 0.1200759 0.1513632 0.1318230 0.1322421 0.1373642 0.1320752 0.1058487 0.1298363 0.1094152 0.1270905 0.1634055 0.1561839 0.1725351 0.2293153 
Nakaseomyces_bacillisporus                  0.1546297 0.1950365 0.1980240 0.0000000 0.1480166 0.1855632 0.1590793 0.1446958 0.1638704 0.1617997 0.5775695 0.1346810 0.1273103 0.1296722 0.1310856 0.1201455 0.1264637 0.1294816 0.2105068 0.1466545 0.1666704 0.1675463 0.1922980 0.1717601 0.1719641 0.1652503 0.1736257 0.2068924 0.1414010 0.1983976 0.1671200 0.1665988 0.1855775 0.1445895 0.1867330 0.2011116 0.1629623 0.1450895 0.1594634 0.2196111 
Nakaseomyces_bracarensis                    0.0623488 0.1691681 0.1621703 0.1480166 0.0000000 0.1845726 0.0469914 0.0355588 0.1515875 0.1516465 0.5191401 0.1138722 0.1119063 0.1054123 0.1103191 0.1071565 0.1134007 0.1069517 0.1807708 0.1243234 0.1242645 0.1378354 0.1387575 0.1400563 0.1457455 0.1405285 0.1320283 0.1838373 0.1389218 0.1493972 0.1430829 0.1447658 0.1287084 0.1376187 0.1314018 0.1453962 0.1296882 0.1166725 0.1296928 0.1800411 
Nakaseomyces_castellii                      0.1996803 0.2113538 0.1984304 0.1855632 0.1845726 0.0000000 0.2005752 0.1849833 0.1718852 0.1891674 0.6582244 0.1866244 0.1784955 0.1873846 0.1779311 0.1727751 0.1843969 0.1880678 0.2283560 0.1957896 0.1893556 0.1824917 0.1851961 0.1799789 0.1830034 0.1759796 0.2060022 0.2248389 0.1863807 0.2154965 0.1564309 0.1757939 0.1749428 0.1967268 0.1771322 0.2074072 0.2006138 0.1880113 0.1959566 0.2444703 
Nakaseomyces_delphensis                     0.0787391 0.1757599 0.1766888 0.1590793 0.0469914 0.2005752 0.0000000 0.0305986 0.1611129 0.1691882 0.5168635 0.1159679 0.1148543 0.1130050 0.1166019 0.1122924 0.1145027 0.1107467 0.1830770 0.1352848 0.1415566 0.1626335 0.1395851 0.1518107 0.1571246 0.1440334 0.1441368 0.2007610 0.1553743 0.1599244 0.1555764 0.1521654 0.1367939 0.1583112 0.1410126 0.1595751 0.1413535 0.1204174 0.1309725 0.2088956 
Nakaseomyces_nivariensis                    0.0645004 0.1635593 0.1763602 0.1446958 0.0355588 0.1849833 0.0305986 0.0000000 0.1508185 0.1513198 0.5311397 0.1079399 0.1038414 0.1086165 0.1053091 0.1034520 0.1082227 0.1064072 0.1724695 0.1168734 0.1244587 0.1488864 0.1301505 0.1425095 0.1431945 0.1301079 0.1291091 0.1928151 0.1316983 0.1472116 0.1368172 0.1373167 0.1268351 0.1340500 0.1309459 0.1444720 0.1211189 0.1050182 0.1136946 0.1869721 
Naumovozyma_castellii                       0.1406185 0.1083803 0.1476273 0.1638704 0.1515875 0.1718852 0.1611129 0.1508185 0.0000000 0.0802033 0.4972139 0.1156767 0.1133130 0.1084778 0.1189620 0.1119540 0.1138921 0.1090285 0.1741807 0.1350326 0.1275841 0.1188031 0.1256215 0.1221326 0.1023410 0.1088377 0.1394350 0.1619133 0.1078659 0.1375840 0.1310776 0.1084842 0.1191898 0.1199813 0.1224357 0.1363974 0.1388631 0.1203622 0.1403468 0.1800761 
Naumovozyma_dairenensis                     0.1528415 0.1359621 0.1570968 0.1617997 0.1516465 0.1891674 0.1691882 0.1513198 0.0802033 0.0000000 0.5285113 0.1246444 0.1215171 0.1204575 0.1284941 0.1188729 0.1252964 0.1183749 0.1896563 0.1466591 0.1340752 0.1363907 0.1431972 0.1255982 0.1237858 0.1307993 0.1483439 0.1684994 0.1127740 0.1430537 0.1374400 0.1313698 0.1407253 0.1150254 0.1395875 0.1436448 0.1503158 0.1284953 0.1541855 0.1819623 
Neurospora_crassa                           0.4827613 0.5125682 0.5392360 0.5775695 0.5191401 0.6582244 0.5168635 0.5311397 0.4972139 0.5285113 0.0000000 0.4947639 0.4871592 0.4778985 0.5023870 0.4920613 0.4902873 0.4805670 0.5823675 0.5147333 0.4917279 0.5085535 0.5483630 0.5785348 0.5494535 0.5085730 0.5273271 0.5489610 0.5645504 0.5340509 0.5809592 0.5525746 0.5311293 0.5723328 0.5317662 0.5586002 0.5186392 0.4887595 0.5165129 0.5226909 
Saccharomyces_arboricola                    0.1162087 0.1338025 0.1531585 0.1346810 0.1138722 0.1866244 0.1159679 0.1079399 0.1156767 0.1246444 0.4947639 0.0000000 0.0264478 0.0281791 0.0236241 0.0281128 0.0264437 0.0223632 0.1872880 0.1157164 0.1189319 0.1317150 0.1366935 0.1406034 0.1285880 0.1164413 0.1358951 0.1777444 0.1179610 0.1474413 0.1404847 0.1301785 0.1336104 0.1291831 0.1324524 0.1447520 0.1252423 0.1040641 0.1274239 0.1968817 
Saccharomyces_cerevisiae                    0.1144419 0.1251017 0.1431267 0.1273103 0.1119063 0.1784955 0.1148543 0.1038414 0.1133130 0.1215171 0.4871592 0.0264478 0.0000000 0.0322891 0.0247098 0.0128170 0.0102156 0.0266752 0.1786152 0.1121421 0.1097122 0.1196916 0.1286537 0.1296570 0.1218857 0.1149788 0.1325512 0.1725537 0.1093352 0.1414634 0.1301799 0.1279766 0.1225428 0.1142473 0.1213757 0.1374619 0.1159992 0.0965376 0.1182235 0.1824511 
Saccharomyces_eubayanus                     0.1137254 0.1261176 0.1448954 0.1296722 0.1054123 0.1873846 0.1130050 0.1086165 0.1084778 0.1204575 0.4778985 0.0281791 0.0322891 0.0000000 0.0334432 0.0280968 0.0325087 0.0076899 0.1812155 0.1055063 0.1109758 0.1181866 0.1388830 0.1301136 0.1188241 0.1114870 0.1356523 0.1705834 0.1077561 0.1414828 0.1304429 0.1246259 0.1283709 0.1262233 0.1272276 0.1406497 0.1114759 0.0913764 0.1124694 0.1839245 
Saccharomyces_kudriavzevii                  0.1154415 0.1338453 0.1515986 0.1310856 0.1103191 0.1779311 0.1166019 0.1053091 0.1189620 0.1284941 0.5023870 0.0236241 0.0247098 0.0334432 0.0000000 0.0234436 0.0247127 0.0303756 0.1797496 0.1144825 0.1151203 0.1297677 0.1313020 0.1403190 0.1266125 0.1145657 0.1341903 0.1789010 0.1139823 0.1485361 0.1281606 0.1387360 0.1296376 0.1243758 0.1284852 0.1477554 0.1249331 0.1010386 0.1264579 0.1813557 
Saccharomyces_mikatae                       0.1123577 0.1246890 0.1426191 0.1201455 0.1071565 0.1727751 0.1122924 0.1034520 0.1119540 0.1188729 0.4920613 0.0281128 0.0128170 0.0280968 0.0234436 0.0000000 0.0168804 0.0253805 0.1722706 0.1108056 0.1073145 0.1181395 0.1271468 0.1281844 0.1130686 0.1078947 0.1239607 0.1663839 0.1088445 0.1434187 0.1242522 0.1251346 0.1211052 0.1151145 0.1199451 0.1399773 0.1155627 0.0931475 0.1172843 0.1799707 
Saccharomyces_paradoxus                     0.1190068 0.1323933 0.1493892 0.1264637 0.1134007 0.1843969 0.1145027 0.1082227 0.1138921 0.1252964 0.4902873 0.0264437 0.0102156 0.0325087 0.0247127 0.0168804 0.0000000 0.0268612 0.1831804 0.1125970 0.1125994 0.1206134 0.1365835 0.1337356 0.1219064 0.1214182 0.1389107 0.1784993 0.1151393 0.1507141 0.1375851 0.1293537 0.1304253 0.1247342 0.1261019 0.1476904 0.1209603 0.0964545 0.1223510 0.1892892 
Saccharomyces_uvarum                        0.1129687 0.1261162 0.1438028 0.1294816 0.1069517 0.1880678 0.1107467 0.1064072 0.1090285 0.1183749 0.4805670 0.0223632 0.0266752 0.0076899 0.0303756 0.0253805 0.0268612 0.0000000 0.1828729 0.1089590 0.1120820 0.1208080 0.1387241 0.1284515 0.1198436 0.1096339 0.1315989 0.1683174 0.1080671 0.1453194 0.1308570 0.1261003 0.1303917 0.1254797 0.1292454 0.1423300 0.1130825 0.0910161 0.1130348 0.1871946 
Tetrapisispora_blattae                      0.1780091 0.1787243 0.1879064 0.2105068 0.1807708 0.2283560 0.1830770 0.1724695 0.1741807 0.1896563 0.5823675 0.1872880 0.1786152 0.1812155 0.1797496 0.1722706 0.1831804 0.1828729 0.0000000 0.1815698 0.1749370 0.1811446 0.1577797 0.1928661 0.1944511 0.1725902 0.1844952 0.1933755 0.1777162 0.1839937 0.1799649 0.1773991 0.1638475 0.1821030 0.1644111 0.1790303 0.1777691 0.1599241 0.1790658 0.1345693 
Tetrapisispora_phaffii                      0.1234686 0.1512899 0.1653816 0.1466545 0.1243234 0.1957896 0.1352848 0.1168734 0.1350326 0.1466591 0.5147333 0.1157164 0.1121421 0.1055063 0.1144825 0.1108056 0.1125970 0.1089590 0.1815698 0.0000000 0.1025504 0.1313634 0.1453716 0.1366216 0.1402864 0.1278894 0.1506364 0.1916341 0.1135510 0.1464918 0.1453743 0.1254082 0.1413388 0.1084376 0.1438264 0.1480495 0.0344173 0.0562766 0.0346215 0.1776368 
Vanderwaltozyma_polyspora                   0.1288275 0.1348340 0.1484728 0.1666704 0.1242645 0.1893556 0.1415566 0.1244587 0.1275841 0.1340752 0.4917279 0.1189319 0.1097122 0.1109758 0.1151203 0.1073145 0.1125994 0.1120820 0.1749370 0.1025504 0.0000000 0.1177559 0.1361388 0.1394009 0.1289063 0.1218045 0.1459822 0.1708090 0.1115186 0.1458147 0.1187700 0.1435936 0.1337956 0.1175476 0.1322741 0.1409047 0.1105971 0.1017554 0.1138621 0.1730735 
yHAB132_Kazachstania_martiniae              0.1589941 0.1083377 0.1185083 0.1675463 0.1378354 0.1824917 0.1626335 0.1488864 0.1188031 0.1363907 0.5085535 0.1317150 0.1196916 0.1181866 0.1297677 0.1181395 0.1206134 0.1208080 0.1811446 0.1313634 0.1177559 0.0000000 0.1108392 0.1181348 0.1075619 0.1063346 0.1355478 0.1406458 0.1122833 0.1172023 0.1194595 0.0966307 0.0948957 0.1096653 0.0958576 0.1228597 0.1370645 0.1289935 0.1466206 0.1946747 
yHAB133_Kazachstania_unispora               0.1438170 0.1069488 0.1213488 0.1922980 0.1387575 0.1851961 0.1395851 0.1301505 0.1256215 0.1431972 0.5483630 0.1366935 0.1286537 0.1388830 0.1313020 0.1271468 0.1365835 0.1387241 0.1577797 0.1453716 0.1361388 0.1108392 0.0000000 0.1278312 0.0997439 0.0471468 0.1043133 0.1474358 0.1136047 0.0820426 0.1166885 0.1103400 0.0237253 0.1059260 0.0264338 0.0871433 0.1393847 0.1249426 0.1511934 0.1820608 
yHAB134_Kazachstania_turicensis             0.1540435 0.1271451 0.1356286 0.1717601 0.1400563 0.1799789 0.1518107 0.1425095 0.1221326 0.1255982 0.5785348 0.1406034 0.1296570 0.1301136 0.1403190 0.1281844 0.1337356 0.1284515 0.1928661 0.1366216 0.1394009 0.1181348 0.1278312 0.0000000 0.1148260 0.1090091 0.1407760 0.1416804 0.0975717 0.1340630 0.0919233 0.1127113 0.1206718 0.0592834 0.1246594 0.1370147 0.1474592 0.1291291 0.1544234 0.2090033 
yHAB136_Kazachstania_bromeliacearum         0.1503587 0.1125249 0.1151356 0.1719641 0.1457455 0.1830034 0.1571246 0.1431945 0.1023410 0.1237858 0.5494535 0.1285880 0.1218857 0.1188241 0.1266125 0.1130686 0.1219064 0.1198436 0.1944511 0.1402864 0.1289063 0.1075619 0.0997439 0.1148260 0.0000000 0.0859075 0.1212057 0.1600089 0.1148240 0.1132057 0.1045800 0.1016968 0.0854964 0.1195923 0.0902452 0.1132992 0.1438370 0.1210050 0.1416524 0.2068106 
yHAB143_Kazachstania_siamensis              0.1443184 0.0989832 0.1083720 0.1652503 0.1405285 0.1759796 0.1440334 0.1301079 0.1088377 0.1307993 0.5085730 0.1164413 0.1149788 0.1114870 0.1145657 0.1078947 0.1214182 0.1096339 0.1725902 0.1278894 0.1218045 0.1063346 0.0471468 0.1090091 0.0859075 0.0000000 0.0903171 0.1345288 0.1028489 0.0874694 0.0967656 0.0944732 0.0468432 0.1016300 0.0480605 0.0869440 0.1257816 0.1086894 0.1293759 0.1821082 
yHAB147_Kazachstania_taianensis             0.1388923 0.1206364 0.1200759 0.1736257 0.1320283 0.2060022 0.1441368 0.1291091 0.1394350 0.1483439 0.5273271 0.1358951 0.1325512 0.1356523 0.1341903 0.1239607 0.1389107 0.1315989 0.1844952 0.1506364 0.1459822 0.1355478 0.1043133 0.1407760 0.1212057 0.0903171 0.0000000 0.1627165 0.1281663 0.1165758 0.1233091 0.1258229 0.1052003 0.1165706 0.1076990 0.1148709 0.1488341 0.1416525 0.1537565 0.2103980 
yHAB148_Kazachstania_intestinalis           0.1762469 0.1469875 0.1513632 0.2068924 0.1838373 0.2248389 0.2007610 0.1928151 0.1619133 0.1684994 0.5489610 0.1777444 0.1725537 0.1705834 0.1789010 0.1663839 0.1784993 0.1683174 0.1933755 0.1916341 0.1708090 0.1406458 0.1474358 0.1416804 0.1600089 0.1345288 0.1627165 0.0000000 0.1620628 0.1527718 0.1602908 0.1499005 0.1349736 0.1381014 0.1362751 0.1542158 0.1957918 0.1695164 0.1988315 0.2191030 
yHAB153_Kazachstania_rosinii                0.1456321 0.1184129 0.1318230 0.1414010 0.1389218 0.1863807 0.1553743 0.1316983 0.1078659 0.1127740 0.5645504 0.1179610 0.1093352 0.1077561 0.1139823 0.1088445 0.1151393 0.1080671 0.1777162 0.1135510 0.1115186 0.1122833 0.1136047 0.0975717 0.1148240 0.1028489 0.1281663 0.1620628 0.0000000 0.1187460 0.0893040 0.1050263 0.1071921 0.0898347 0.1100736 0.1203481 0.1136524 0.1047220 0.1181296 0.1977089 
yHAB154_Kazachstania_transvaalensis         0.1589663 0.1236478 0.1322421 0.1983976 0.1493972 0.2154965 0.1599244 0.1472116 0.1375840 0.1430537 0.5340509 0.1474413 0.1414634 0.1414828 0.1485361 0.1434187 0.1507141 0.1453194 0.1839937 0.1464918 0.1458147 0.1172023 0.0820426 0.1340630 0.1132057 0.0874694 0.1165758 0.1527718 0.1187460 0.0000000 0.1425552 0.1236170 0.0839063 0.1219970 0.0850001 0.0254984 0.1456173 0.1367200 0.1481660 0.1972043 
yHAB155_Kazachstania_spencerorum            0.1584658 0.1046399 0.1373642 0.1671200 0.1430829 0.1564309 0.1555764 0.1368172 0.1310776 0.1374400 0.5809592 0.1404847 0.1301799 0.1304429 0.1281606 0.1242522 0.1375851 0.1308570 0.1799649 0.1453743 0.1187700 0.1194595 0.1166885 0.0919233 0.1045800 0.0967656 0.1233091 0.1602908 0.0893040 0.1425552 0.0000000 0.0991921 0.1064294 0.0966962 0.1116600 0.1406338 0.1496092 0.1246890 0.1529996 0.1910172 
yHAB158_Kazachstania_viticola               0.1553597 0.0919960 0.1320752 0.1665988 0.1447658 0.1757939 0.1521654 0.1373167 0.1084842 0.1313698 0.5525746 0.1301785 0.1279766 0.1246259 0.1387360 0.1251346 0.1293537 0.1261003 0.1773991 0.1254082 0.1435936 0.0966307 0.1103400 0.1127113 0.1016968 0.0944732 0.1258229 0.1499005 0.1050263 0.1236170 0.0991921 0.0000000 0.0976818 0.1140135 0.0994655 0.1234829 0.1317590 0.1207720 0.1381652 0.2005837 
yHAB159_Kazachstania_solicola               0.1390454 0.1022191 0.1058487 0.1855775 0.1287084 0.1749428 0.1367939 0.1268351 0.1191898 0.1407253 0.5311293 0.1336104 0.1225428 0.1283709 0.1296376 0.1211052 0.1304253 0.1303917 0.1638475 0.1413388 0.1337956 0.0948957 0.0237253 0.1206718 0.0854964 0.0468432 0.1052003 0.1349736 0.1071921 0.0839063 0.1064294 0.0976818 0.0000000 0.1045610 0.0063478 0.0859188 0.1375007 0.1211861 0.1479528 0.1877164 
yHAB160_Kazachstania_kunashirensis          0.1428436 0.1109175 0.1298363 0.1445895 0.1376187 0.1967268 0.1583112 0.1340500 0.1199813 0.1150254 0.5723328 0.1291831 0.1142473 0.1262233 0.1243758 0.1151145 0.1247342 0.1254797 0.1821030 0.1084376 0.1175476 0.1096653 0.1059260 0.0592834 0.1195923 0.1016300 0.1165706 0.1381014 0.0898347 0.1219970 0.0966962 0.1140135 0.1045610 0.0000000 0.1064000 0.1209320 0.1123473 0.1125739 0.1195543 0.1851125 
yHAB164_Kazachstania_aerobia                0.1396580 0.1060135 0.1094152 0.1867330 0.1314018 0.1771322 0.1410126 0.1309459 0.1224357 0.1395875 0.5317662 0.1324524 0.1213757 0.1272276 0.1284852 0.1199451 0.1261019 0.1292454 0.1644111 0.1438264 0.1322741 0.0958576 0.0264338 0.1246594 0.0902452 0.0480605 0.1076990 0.1362751 0.1100736 0.0850001 0.1116600 0.0994655 0.0063478 0.1064000 0.0000000 0.0892671 0.1373002 0.1203068 0.1505071 0.1871497 
yHAB166_Kazachstania_yakushimaensis         0.1559097 0.1301436 0.1270905 0.2011116 0.1453962 0.2074072 0.1595751 0.1444720 0.1363974 0.1436448 0.5586002 0.1447520 0.1374619 0.1406497 0.1477554 0.1399773 0.1476904 0.1423300 0.1790303 0.1480495 0.1409047 0.1228597 0.0871433 0.1370147 0.1132992 0.0869440 0.1148709 0.1542158 0.1203481 0.0254984 0.1406338 0.1234829 0.0859188 0.1209320 0.0892671 0.0000000 0.1448249 0.1329820 0.1484597 0.1999278 
yHMPu5000034875_Tetrapisispora_fleetii      0.1228490 0.1438470 0.1634055 0.1629623 0.1296882 0.2006138 0.1413535 0.1211189 0.1388631 0.1503158 0.5186392 0.1252423 0.1159992 0.1114759 0.1249331 0.1155627 0.1209603 0.1130825 0.1777691 0.0344173 0.1105971 0.1370645 0.1393847 0.1474592 0.1438370 0.1257816 0.1488341 0.1957918 0.1136524 0.1456173 0.1496092 0.1317590 0.1375007 0.1123473 0.1373002 0.1448249 0.0000000 0.0564417 0.0290503 0.1788803 
yHMPu5000034876_Tetrapisispora_iriomotensis 0.1139573 0.1292329 0.1561839 0.1450895 0.1166725 0.1880113 0.1204174 0.1050182 0.1203622 0.1284953 0.4887595 0.1040641 0.0965376 0.0913764 0.1010386 0.0931475 0.0964545 0.0910161 0.1599241 0.0562766 0.1017554 0.1289935 0.1249426 0.1291291 0.1210050 0.1086894 0.1416525 0.1695164 0.1047220 0.1367200 0.1246890 0.1207720 0.1211861 0.1125739 0.1203068 0.1329820 0.0564417 0.0000000 0.0507668 0.1683333 
yHMPu5000034877_Tetrapisispora_namnaonensis 0.1251444 0.1519244 0.1725351 0.1594634 0.1296928 0.1959566 0.1309725 0.1136946 0.1403468 0.1541855 0.5165129 0.1274239 0.1182235 0.1124694 0.1264579 0.1172843 0.1223510 0.1130348 0.1790658 0.0346215 0.1138621 0.1466206 0.1511934 0.1544234 0.1416524 0.1293759 0.1537565 0.1988315 0.1181296 0.1481660 0.1529996 0.1381652 0.1479528 0.1195543 0.1505071 0.1484597 0.0290503 0.0507668 0.0000000 0.1792740 
yHMPu5000035629_Yueomyces_sinensis          0.1815958 0.1958335 0.2293153 0.2196111 0.1800411 0.2444703 0.2088956 0.1869721 0.1800761 0.1819623 0.5226909 0.1968817 0.1824511 0.1839245 0.1813557 0.1799707 0.1892892 0.1871946 0.1345693 0.1776368 0.1730735 0.1946747 0.1820608 0.2090033 0.2068106 0.1821082 0.2103980 0.2191030 0.1977089 0.1972043 0.1910172 0.2005837 0.1877164 0.1851125 0.1871497 0.1999278 0.1788803 0.1683333 0.1792740 0.0000000 
