40
Candida_glabrata                            0.0000000 0.0256052 0.0261348 0.0201725 0.0111279 0.0276888 0.0090527 0.0090385 0.0164941 0.0185169 0.1806870 0.0234925 0.0202012 0.0213547 0.0212680 0.0223731 0.0212680 0.0213547 0.0393573 0.0320852 0.0275874 0.0204155 0.0190109 0.0223537 0.0204082 0.0202958 0.0258299 0.0288736 0.0237477 0.0312761 0.0248474 0.0273395 0.0268396 0.0284450 0.0257119 0.0313938 0.0427339 0.0318504 0.0420478 0.0381032 
Kazachstania_africana                       0.0256052 0.0000000 0.0260474 0.0324813 0.0203257 0.0314396 0.0209393 0.0201132 0.0286172 0.0273658 0.1836246 0.0303113 0.0313758 0.0335964 0.0324674 0.0313285 0.0324674 0.0335964 0.0487382 0.0378871 0.0363237 0.0245325 0.0175044 0.0184714 0.0207985 0.0163324 0.0219133 0.0308282 0.0208419 0.0272591 0.0220631 0.0232031 0.0218080 0.0247891 0.0228903 0.0252432 0.0495440 0.0376397 0.0444768 0.0516508 
Kazachstania_naganishii                     0.0261348 0.0260474 0.0000000 0.0300033 0.0255369 0.0344471 0.0244462 0.0252690 0.0238546 0.0297558 0.1999582 0.0339458 0.0327934 0.0335584 0.0339214 0.0327423 0.0339214 0.0335584 0.0439552 0.0415939 0.0373501 0.0203600 0.0203526 0.0204032 0.0209524 0.0192042 0.0259595 0.0278312 0.0201778 0.0295237 0.0210228 0.0250064 0.0265380 0.0237791 0.0276779 0.0296366 0.0522043 0.0407700 0.0524711 0.0474666 
Nakaseomyces_bacillisporus                  0.0201725 0.0324813 0.0300033 0.0000000 0.0211783 0.0304295 0.0222593 0.0211932 0.0299246 0.0298362 0.1944588 0.0373013 0.0337789 0.0350509 0.0349025 0.0360916 0.0349025 0.0350509 0.0480806 0.0464168 0.0357608 0.0340396 0.0266029 0.0289992 0.0281105 0.0301567 0.0338775 0.0326185 0.0315927 0.0352274 0.0325722 0.0403998 0.0346033 0.0355628 0.0334523 0.0331934 0.0581922 0.0477382 0.0548548 0.0473517 
Nakaseomyces_bracarensis                    0.0111279 0.0203257 0.0255369 0.0211783 0.0000000 0.0290244 0.0019778 0.0019813 0.0194427 0.0193857 0.1768046 0.0226293 0.0204855 0.0216439 0.0215558 0.0226646 0.0215558 0.0216439 0.0432218 0.0283845 0.0266006 0.0229709 0.0147553 0.0203889 0.0205207 0.0159028 0.0191838 0.0266519 0.0229920 0.0273125 0.0241327 0.0241381 0.0236065 0.0266459 0.0224958 0.0252379 0.0387590 0.0304717 0.0348844 0.0415335 
Nakaseomyces_castellii                      0.0276888 0.0314396 0.0344471 0.0304295 0.0290244 0.0000000 0.0274419 0.0273933 0.0288264 0.0332931 0.1945582 0.0408231 0.0379971 0.0395785 0.0384074 0.0396042 0.0384074 0.0395785 0.0516252 0.0413197 0.0391002 0.0287375 0.0269096 0.0224906 0.0304112 0.0260042 0.0315116 0.0345383 0.0258588 0.0383684 0.0257345 0.0285828 0.0342782 0.0316257 0.0331082 0.0370488 0.0532822 0.0413171 0.0516239 0.0473056 
Nakaseomyces_delphensis                     0.0090527 0.0209393 0.0244462 0.0222593 0.0019778 0.0274419 0.0000000 0.0019725 0.0173019 0.0192987 0.1773936 0.0225246 0.0203903 0.0215432 0.0214558 0.0225596 0.0214558 0.0215432 0.0408107 0.0285013 0.0276927 0.0219022 0.0154225 0.0188869 0.0190116 0.0144734 0.0198066 0.0277473 0.0214394 0.0257228 0.0225592 0.0225696 0.0241927 0.0250396 0.0230904 0.0258223 0.0389217 0.0305966 0.0373013 0.0391524 
Nakaseomyces_nivariensis                    0.0090385 0.0201132 0.0252690 0.0211932 0.0019813 0.0273933 0.0019725 0.0000000 0.0185367 0.0184819 0.1774183 0.0225700 0.0204312 0.0215867 0.0214990 0.0226052 0.0214990 0.0215867 0.0431142 0.0307677 0.0255003 0.0227305 0.0145566 0.0200133 0.0203068 0.0156991 0.0189730 0.0265783 0.0226344 0.0265321 0.0237250 0.0239222 0.0233941 0.0259854 0.0222831 0.0244863 0.0412959 0.0305403 0.0373830 0.0403800 
Naumovozyma_castellii                       0.0164941 0.0286172 0.0238546 0.0299246 0.0194427 0.0288264 0.0173019 0.0185367 0.0000000 0.0068857 0.1826735 0.0267714 0.0203289 0.0224999 0.0214030 0.0225160 0.0214030 0.0224999 0.0372535 0.0313884 0.0267460 0.0193307 0.0176343 0.0166965 0.0189873 0.0178498 0.0219470 0.0276762 0.0200433 0.0289469 0.0212737 0.0207508 0.0253438 0.0249035 0.0242352 0.0290567 0.0418290 0.0317559 0.0409989 0.0391975 
Naumovozyma_dairenensis                     0.0185169 0.0273658 0.0297558 0.0298362 0.0193857 0.0332931 0.0192987 0.0184819 0.0068857 0.0000000 0.1792332 0.0266919 0.0202672 0.0224320 0.0213383 0.0224481 0.0213383 0.0224320 0.0390210 0.0339645 0.0290397 0.0213379 0.0165159 0.0210058 0.0199721 0.0188247 0.0219648 0.0275940 0.0224583 0.0288017 0.0256921 0.0231525 0.0241717 0.0285535 0.0230703 0.0289778 0.0445729 0.0340406 0.0416201 0.0392702 
Neurospora_crassa                           0.1806870 0.1836246 0.1999582 0.1944588 0.1768046 0.1945582 0.1773936 0.1774183 0.1826735 0.1792332 0.0000000 0.1879684 0.1867897 0.1865245 0.1866552 0.1867476 0.1866552 0.1865245 0.1845476 0.1972953 0.1882157 0.1794979 0.1857064 0.1800907 0.1855404 0.1849723 0.1814964 0.1850661 0.1837159 0.1906874 0.1842120 0.1713571 0.1920662 0.1877461 0.1919738 0.1868628 0.1993942 0.1986978 0.1930779 0.1793982 
Saccharomyces_arboricola                    0.0234925 0.0303113 0.0339458 0.0373013 0.0226293 0.0408231 0.0225246 0.0225700 0.0267714 0.0266919 0.1879684 0.0000000 0.0069202 0.0069272 0.0059284 0.0049303 0.0059284 0.0069272 0.0470145 0.0360019 0.0316083 0.0270345 0.0245485 0.0292955 0.0292011 0.0280858 0.0315326 0.0369207 0.0319399 0.0379723 0.0313457 0.0335194 0.0280754 0.0348439 0.0292089 0.0346140 0.0459001 0.0356583 0.0409744 0.0512520 
Saccharomyces_cerevisiae                    0.0202012 0.0313758 0.0327934 0.0337789 0.0204855 0.0379971 0.0203903 0.0204312 0.0203289 0.0202672 0.1867897 0.0069202 0.0000000 0.0019649 0.0009809 0.0019663 0.0009809 0.0019649 0.0458395 0.0356716 0.0291392 0.0276518 0.0223908 0.0261079 0.0284573 0.0258989 0.0293297 0.0331612 0.0263100 0.0379459 0.0288626 0.0320156 0.0308996 0.0314766 0.0297468 0.0358438 0.0456015 0.0378403 0.0407102 0.0476423 
Saccharomyces_eubayanus                     0.0213547 0.0335964 0.0335584 0.0350509 0.0216439 0.0395785 0.0215432 0.0215867 0.0224999 0.0224320 0.1865245 0.0069272 0.0019649 0.0000000 0.0009818 0.0019682 0.0009818 0.0000010 0.0469998 0.0380019 0.0291772 0.0281307 0.0245686 0.0283336 0.0292232 0.0281074 0.0315555 0.0347043 0.0285441 0.0402357 0.0311345 0.0335433 0.0309394 0.0314224 0.0297849 0.0368785 0.0480279 0.0401719 0.0430953 0.0487948 
Saccharomyces_kudriavzevii                  0.0212680 0.0324674 0.0339214 0.0349025 0.0215558 0.0384074 0.0214558 0.0214990 0.0214030 0.0213383 0.1866552 0.0059284 0.0009809 0.0009818 0.0000000 0.0009825 0.0000010 0.0009818 0.0469814 0.0368145 0.0280234 0.0270155 0.0234669 0.0272054 0.0281007 0.0269881 0.0304252 0.0335417 0.0274117 0.0390671 0.0299811 0.0323870 0.0298055 0.0326048 0.0286542 0.0357139 0.0467841 0.0389822 0.0418760 0.0487757 
Saccharomyces_mikatae                       0.0223731 0.0313285 0.0327423 0.0360916 0.0226646 0.0396042 0.0225596 0.0226052 0.0225160 0.0224481 0.1867476 0.0049303 0.0019663 0.0019682 0.0009825 0.0000000 0.0009825 0.0019682 0.0457662 0.0380273 0.0291979 0.0258917 0.0245860 0.0271513 0.0292434 0.0281270 0.0315770 0.0347278 0.0285641 0.0402616 0.0301505 0.0335662 0.0286619 0.0326408 0.0298055 0.0369030 0.0480579 0.0377802 0.0431233 0.0500005 
Saccharomyces_paradoxus                     0.0212680 0.0324674 0.0339214 0.0349025 0.0215558 0.0384074 0.0214558 0.0214990 0.0214030 0.0213383 0.1866552 0.0059284 0.0009809 0.0009818 0.0000010 0.0009825 0.0000000 0.0009818 0.0469814 0.0368145 0.0280234 0.0270155 0.0234669 0.0272054 0.0281007 0.0269881 0.0304252 0.0335417 0.0274117 0.0390671 0.0299811 0.0323870 0.0298055 0.0326048 0.0286542 0.0357139 0.0467841 0.0389822 0.0418760 0.0487757 
Saccharomyces_uvarum                        0.0213547 0.0335964 0.0335584 0.0350509 0.0216439 0.0395785 0.0215432 0.0215867 0.0224999 0.0224320 0.1865245 0.0069272 0.0019649 0.0000010 0.0009818 0.0019682 0.0009818 0.0000000 0.0469998 0.0380019 0.0291772 0.0281307 0.0245686 0.0283336 0.0292232 0.0281074 0.0315555 0.0347043 0.0285441 0.0402357 0.0311345 0.0335433 0.0309394 0.0314224 0.0297849 0.0368785 0.0480279 0.0401719 0.0430953 0.0487948 
Tetrapisispora_blattae                      0.0393573 0.0487382 0.0439552 0.0480806 0.0432218 0.0516252 0.0408107 0.0431142 0.0372535 0.0390210 0.1845476 0.0470145 0.0458395 0.0469998 0.0469814 0.0457662 0.0469814 0.0469998 0.0000000 0.0404888 0.0421996 0.0422250 0.0427497 0.0445125 0.0407375 0.0433091 0.0449304 0.0523326 0.0416600 0.0515085 0.0436651 0.0494613 0.0473074 0.0487961 0.0485297 0.0529436 0.0514835 0.0411349 0.0504686 0.0202620 
Tetrapisispora_phaffii                      0.0320852 0.0378871 0.0415939 0.0464168 0.0283845 0.0413197 0.0285013 0.0307677 0.0313884 0.0339645 0.1972953 0.0360019 0.0356716 0.0380019 0.0368145 0.0380273 0.0368145 0.0380019 0.0404888 0.0000000 0.0199270 0.0350515 0.0317797 0.0341426 0.0359005 0.0297768 0.0368914 0.0475401 0.0327057 0.0419607 0.0357116 0.0349316 0.0402193 0.0391415 0.0390077 0.0433360 0.0113113 0.0071208 0.0101896 0.0461702 
Vanderwaltozyma_polyspora                   0.0275874 0.0363237 0.0373501 0.0357608 0.0266006 0.0391002 0.0276927 0.0255003 0.0267460 0.0290397 0.1882157 0.0316083 0.0291392 0.0291772 0.0280234 0.0291979 0.0280234 0.0291772 0.0421996 0.0199270 0.0000000 0.0329302 0.0296986 0.0332754 0.0307022 0.0310034 0.0344299 0.0387344 0.0319025 0.0401298 0.0346319 0.0359501 0.0363510 0.0416980 0.0351567 0.0379490 0.0296295 0.0188681 0.0268335 0.0443250 
yHAB132_Kazachstania_martiniae              0.0204155 0.0245325 0.0203600 0.0340396 0.0229709 0.0287375 0.0219022 0.0227305 0.0193307 0.0213379 0.1794979 0.0270345 0.0276518 0.0281307 0.0270155 0.0258917 0.0270155 0.0281307 0.0422250 0.0350515 0.0329302 0.0000000 0.0179812 0.0160422 0.0179779 0.0182028 0.0235709 0.0246731 0.0194341 0.0260738 0.0161700 0.0217073 0.0223513 0.0231257 0.0234491 0.0244139 0.0442258 0.0332797 0.0437500 0.0434454 
yHAB133_Kazachstania_unispora               0.0190109 0.0175044 0.0203526 0.0266029 0.0147553 0.0269096 0.0154225 0.0145566 0.0176343 0.0165159 0.1857064 0.0245485 0.0223908 0.0245686 0.0234669 0.0245860 0.0234669 0.0245686 0.0427497 0.0317797 0.0296986 0.0179812 0.0000000 0.0122842 0.0122868 0.0029627 0.0122556 0.0205848 0.0124487 0.0207307 0.0167928 0.0190550 0.0079945 0.0204228 0.0069790 0.0197906 0.0431329 0.0339163 0.0383197 0.0409477 
yHAB134_Kazachstania_turicensis             0.0223537 0.0184714 0.0204032 0.0289992 0.0203889 0.0224906 0.0188869 0.0200133 0.0166965 0.0210058 0.1800907 0.0292955 0.0261079 0.0283336 0.0272054 0.0271513 0.0272054 0.0283336 0.0445125 0.0341426 0.0332754 0.0160422 0.0122842 0.0000000 0.0145380 0.0112140 0.0176499 0.0222135 0.0081026 0.0197001 0.0080694 0.0187465 0.0198157 0.0100385 0.0198564 0.0197772 0.0458521 0.0340465 0.0427562 0.0428076 
yHAB136_Kazachstania_bromeliacearum         0.0204082 0.0207985 0.0209524 0.0281105 0.0205207 0.0304112 0.0190116 0.0203068 0.0189873 0.0199721 0.1855404 0.0292011 0.0284573 0.0292232 0.0281007 0.0292434 0.0281007 0.0292232 0.0407375 0.0359005 0.0307022 0.0179779 0.0122868 0.0145380 0.0000000 0.0112180 0.0166946 0.0218502 0.0169603 0.0208782 0.0180594 0.0178227 0.0196133 0.0217385 0.0185394 0.0195959 0.0469711 0.0359856 0.0447931 0.0438900 
yHAB143_Kazachstania_siamensis              0.0202958 0.0163324 0.0192042 0.0301567 0.0159028 0.0260042 0.0144734 0.0156991 0.0178498 0.0188247 0.1849723 0.0280858 0.0258989 0.0281074 0.0269881 0.0281270 0.0269881 0.0281074 0.0433091 0.0297768 0.0310034 0.0182028 0.0029627 0.0112140 0.0112180 0.0000000 0.0133642 0.0229420 0.0113669 0.0174517 0.0156767 0.0157298 0.0111263 0.0192736 0.0100916 0.0185854 0.0411576 0.0319307 0.0386337 0.0414795 
yHAB147_Kazachstania_taianensis             0.0258299 0.0219133 0.0259595 0.0338775 0.0191838 0.0315116 0.0198066 0.0189730 0.0219470 0.0219648 0.1814964 0.0315326 0.0293297 0.0315555 0.0304252 0.0315770 0.0304252 0.0315555 0.0449304 0.0368914 0.0344299 0.0235709 0.0122556 0.0176499 0.0166946 0.0133642 0.0000000 0.0279579 0.0187054 0.0265129 0.0200631 0.0197758 0.0208996 0.0234458 0.0198111 0.0244707 0.0459718 0.0371761 0.0432851 0.0460400 
yHAB148_Kazachstania_intestinalis           0.0288736 0.0308282 0.0278312 0.0326185 0.0266519 0.0345383 0.0277473 0.0265783 0.0276762 0.0275940 0.1850661 0.0369207 0.0331612 0.0347043 0.0335417 0.0347278 0.0335417 0.0347043 0.0523326 0.0475401 0.0387344 0.0246731 0.0205848 0.0222135 0.0218502 0.0229420 0.0279579 0.0000000 0.0237485 0.0308971 0.0263418 0.0280509 0.0287399 0.0300543 0.0276192 0.0275295 0.0588051 0.0488396 0.0545078 0.0512435 
yHAB153_Kazachstania_rosinii                0.0237477 0.0208419 0.0201778 0.0315927 0.0229920 0.0258588 0.0214394 0.0226344 0.0200433 0.0224583 0.1837159 0.0319399 0.0263100 0.0285441 0.0274117 0.0285641 0.0274117 0.0285441 0.0416600 0.0327057 0.0319025 0.0194341 0.0124487 0.0081026 0.0169603 0.0113669 0.0187054 0.0237485 0.0000000 0.0210752 0.0123094 0.0176453 0.0183396 0.0144111 0.0172380 0.0222536 0.0440580 0.0363491 0.0424937 0.0406870 
yHAB154_Kazachstania_transvaalensis         0.0312761 0.0272591 0.0295237 0.0352274 0.0273125 0.0383684 0.0257228 0.0265321 0.0289469 0.0288017 0.1906874 0.0379723 0.0379459 0.0402357 0.0390671 0.0402616 0.0390671 0.0402357 0.0515085 0.0419607 0.0401298 0.0260738 0.0207307 0.0197001 0.0208782 0.0174517 0.0265129 0.0308971 0.0210752 0.0000000 0.0243884 0.0279916 0.0275346 0.0266201 0.0264187 0.0039399 0.0535792 0.0441002 0.0510620 0.0476214 
yHAB155_Kazachstania_spencerorum            0.0248474 0.0220631 0.0210228 0.0325722 0.0241327 0.0257345 0.0225592 0.0237250 0.0212737 0.0256921 0.1842120 0.0313457 0.0288626 0.0311345 0.0299811 0.0301505 0.0299811 0.0311345 0.0436651 0.0357116 0.0346319 0.0161700 0.0167928 0.0080694 0.0180594 0.0156767 0.0200631 0.0263418 0.0123094 0.0243884 0.0000000 0.0226396 0.0240740 0.0156599 0.0239390 0.0244829 0.0458654 0.0348815 0.0444494 0.0416552 
yHAB158_Kazachstania_viticola               0.0273395 0.0232031 0.0250064 0.0403998 0.0241381 0.0285828 0.0225696 0.0239222 0.0207508 0.0231525 0.1713571 0.0335194 0.0320156 0.0335433 0.0323870 0.0335662 0.0323870 0.0335433 0.0494613 0.0349316 0.0359501 0.0217073 0.0190550 0.0187465 0.0178227 0.0157298 0.0197758 0.0280509 0.0176453 0.0279916 0.0226396 0.0000000 0.0273668 0.0234833 0.0262219 0.0267729 0.0463881 0.0375649 0.0447968 0.0516856 
yHAB159_Kazachstania_solicola               0.0268396 0.0218080 0.0265380 0.0346033 0.0236065 0.0342782 0.0241927 0.0233941 0.0253438 0.0241717 0.1920662 0.0280754 0.0308996 0.0309394 0.0298055 0.0286619 0.0298055 0.0309394 0.0473074 0.0402193 0.0363510 0.0223513 0.0079945 0.0198157 0.0196133 0.0111263 0.0208996 0.0287399 0.0183396 0.0275346 0.0240740 0.0273668 0.0000000 0.0284803 0.0009770 0.0254386 0.0504193 0.0399646 0.0470477 0.0478525 
yHAB160_Kazachstania_kunashirensis          0.0284450 0.0247891 0.0237791 0.0355628 0.0266459 0.0316257 0.0250396 0.0259854 0.0249035 0.0285535 0.1877461 0.0348439 0.0314766 0.0314224 0.0326048 0.0326408 0.0326048 0.0314224 0.0487961 0.0391415 0.0416980 0.0231257 0.0204228 0.0100385 0.0217385 0.0192736 0.0234458 0.0300543 0.0144111 0.0266201 0.0156599 0.0234833 0.0284803 0.0000000 0.0284491 0.0267218 0.0498787 0.0403805 0.0492762 0.0509070 
yHAB164_Kazachstania_aerobia                0.0257119 0.0228903 0.0276779 0.0334523 0.0224958 0.0331082 0.0230904 0.0222831 0.0242352 0.0230703 0.1919738 0.0292089 0.0297468 0.0297849 0.0286542 0.0298055 0.0286542 0.0297849 0.0485297 0.0390077 0.0351567 0.0234491 0.0069790 0.0198564 0.0185394 0.0100916 0.0198111 0.0276192 0.0172380 0.0264187 0.0239390 0.0262219 0.0009770 0.0284491 0.0000000 0.0243256 0.0491663 0.0411653 0.0457956 0.0466315 
yHAB166_Kazachstania_yakushimaensis         0.0313938 0.0252432 0.0296366 0.0331934 0.0252379 0.0370488 0.0258223 0.0244863 0.0290567 0.0289778 0.1868628 0.0346140 0.0358438 0.0368785 0.0357139 0.0369030 0.0357139 0.0368785 0.0529436 0.0433360 0.0379490 0.0244139 0.0197906 0.0197772 0.0195959 0.0185854 0.0244707 0.0275295 0.0222536 0.0039399 0.0244829 0.0267729 0.0254386 0.0267218 0.0243256 0.0000000 0.0550531 0.0454862 0.0501545 0.0490097 
yHMPu5000034875_Tetrapisispora_fleetii      0.0427339 0.0495440 0.0522043 0.0581922 0.0387590 0.0532822 0.0389217 0.0412959 0.0418290 0.0445729 0.1993942 0.0459001 0.0456015 0.0480279 0.0467841 0.0480579 0.0467841 0.0480279 0.0514835 0.0113113 0.0296295 0.0442258 0.0431329 0.0458521 0.0469711 0.0411576 0.0459718 0.0588051 0.0440580 0.0535792 0.0458654 0.0463881 0.0504193 0.0498787 0.0491663 0.0550531 0.0000000 0.0147720 0.0081190 0.0546746 
yHMPu5000034876_Tetrapisispora_iriomotensis 0.0318504 0.0376397 0.0407700 0.0477382 0.0304717 0.0413171 0.0305966 0.0305403 0.0317559 0.0340406 0.1986978 0.0356583 0.0378403 0.0401719 0.0389822 0.0377802 0.0389822 0.0401719 0.0411349 0.0071208 0.0188681 0.0332797 0.0339163 0.0340465 0.0359856 0.0319307 0.0371761 0.0488396 0.0363491 0.0441002 0.0348815 0.0375649 0.0399646 0.0403805 0.0411653 0.0454862 0.0147720 0.0000000 0.0146016 0.0474608 
yHMPu5000034877_Tetrapisispora_namnaonensis 0.0420478 0.0444768 0.0524711 0.0548548 0.0348844 0.0516239 0.0373013 0.0373830 0.0409989 0.0416201 0.1930779 0.0409744 0.0407102 0.0430953 0.0418760 0.0431233 0.0418760 0.0430953 0.0504686 0.0101896 0.0268335 0.0437500 0.0383197 0.0427562 0.0447931 0.0386337 0.0432851 0.0545078 0.0424937 0.0510620 0.0444494 0.0447968 0.0470477 0.0492762 0.0457956 0.0501545 0.0081190 0.0146016 0.0000000 0.0537752 
yHMPu5000035629_Yueomyces_sinensis          0.0381032 0.0516508 0.0474666 0.0473517 0.0415335 0.0473056 0.0391524 0.0403800 0.0391975 0.0392702 0.1793982 0.0512520 0.0476423 0.0487948 0.0487757 0.0500005 0.0487757 0.0487948 0.0202620 0.0461702 0.0443250 0.0434454 0.0409477 0.0428076 0.0438900 0.0414795 0.0460400 0.0512435 0.0406870 0.0476214 0.0416552 0.0516856 0.0478525 0.0509070 0.0466315 0.0490097 0.0546746 0.0474608 0.0537752 0.0000000 
