40
Candida_glabrata                            0.0000000 0.0938939 0.0728343 0.0811615 0.0149577 0.0939312 0.0251739 0.0148343 0.0646674 0.0640306 0.2430767 0.0702482 0.0691822 0.0737102 0.0692945 0.0664119 0.0662612 0.0737102 0.0898844 0.0977558 0.0846405 0.0601313 0.0748547 0.0914759 0.0715054 0.0735349 0.0667276 0.0758825 0.0773592 0.1032156 0.0819532 0.0687224 0.0746438 0.0727048 0.0716105 0.1015613 0.0993599 0.0943791 0.1029155 0.0793715 
Kazachstania_africana                       0.0938939 0.0000000 0.0910222 0.1137492 0.0912528 0.1330035 0.0982665 0.0914974 0.0737448 0.0764210 0.2712646 0.0958744 0.0908220 0.0957448 0.0926542 0.0912103 0.0907466 0.0957448 0.0993006 0.1046842 0.1117407 0.0900420 0.0940828 0.1020666 0.0933766 0.0930201 0.0970788 0.0974858 0.0929601 0.1114371 0.0990759 0.0763363 0.1005933 0.0806412 0.1038156 0.1136172 0.1125743 0.0992112 0.1124298 0.1011278 
Kazachstania_naganishii                     0.0728343 0.0910222 0.0000000 0.0922362 0.0740698 0.1007423 0.0775320 0.0758112 0.0687409 0.0621455 0.2528563 0.0802451 0.0779049 0.0855186 0.0784890 0.0789185 0.0779966 0.0855186 0.0932236 0.0960837 0.0941698 0.0526928 0.0502013 0.0692270 0.0390612 0.0519152 0.0372318 0.0828666 0.0796361 0.0587273 0.0868040 0.0684274 0.0525468 0.0667752 0.0512090 0.0571927 0.0986454 0.0951917 0.1003116 0.0739286 
Nakaseomyces_bacillisporus                  0.0811615 0.1137492 0.0922362 0.0000000 0.0779369 0.1115464 0.0799692 0.0780835 0.0927780 0.0937247 0.2708594 0.0862083 0.0807522 0.0900577 0.0829760 0.0818162 0.0838261 0.0900577 0.1158067 0.1055795 0.1077708 0.0822718 0.0888227 0.1023521 0.0920442 0.0851614 0.0963611 0.0924997 0.0956950 0.1195204 0.0989867 0.0845788 0.0857177 0.0892311 0.0857177 0.1167591 0.1066734 0.1012623 0.1027643 0.1136405 
Nakaseomyces_bracarensis                    0.0149577 0.0912528 0.0740698 0.0779369 0.0000000 0.0925475 0.0159678 0.0060321 0.0599099 0.0625295 0.2382301 0.0680472 0.0649222 0.0714708 0.0650947 0.0622565 0.0605142 0.0714708 0.0866849 0.0889119 0.0779169 0.0556080 0.0718854 0.0822230 0.0687066 0.0705265 0.0644666 0.0734929 0.0695912 0.1005914 0.0767958 0.0714688 0.0702447 0.0631858 0.0702447 0.0989516 0.0882234 0.0858982 0.0942683 0.0757040 
Nakaseomyces_castellii                      0.0939312 0.1330035 0.1007423 0.1115464 0.0925475 0.0000000 0.0929512 0.0893853 0.1066777 0.0967136 0.2887087 0.1024574 0.1054988 0.1083280 0.1058385 0.1063933 0.1053289 0.1083280 0.1331868 0.1211749 0.1209398 0.0895995 0.1116721 0.1117307 0.1010779 0.0986895 0.0890688 0.1105146 0.1063567 0.1187420 0.1116699 0.1199383 0.1034453 0.1017143 0.1034453 0.1158366 0.1300978 0.1226618 0.1322030 0.1187433 
Nakaseomyces_delphensis                     0.0251739 0.0982665 0.0775320 0.0799692 0.0159678 0.0929512 0.0000000 0.0122287 0.0664373 0.0692234 0.2420972 0.0613719 0.0624875 0.0660832 0.0613702 0.0598473 0.0581097 0.0660832 0.0914069 0.0890675 0.0799274 0.0590254 0.0766799 0.0872287 0.0720631 0.0757227 0.0722807 0.0743770 0.0730087 0.1078747 0.0784381 0.0781394 0.0736682 0.0708641 0.0736682 0.1062017 0.0852398 0.0944487 0.0912113 0.0800232 
Nakaseomyces_nivariensis                    0.0148343 0.0914974 0.0758112 0.0780835 0.0060321 0.0893853 0.0122287 0.0000000 0.0600558 0.0613426 0.2360816 0.0623004 0.0620846 0.0656587 0.0622987 0.0594684 0.0577444 0.0656587 0.0834691 0.0907056 0.0769332 0.0584747 0.0720045 0.0857164 0.0675004 0.0706435 0.0631958 0.0757447 0.0697343 0.0992324 0.0769372 0.0716524 0.0690223 0.0633421 0.0690223 0.1009126 0.0899862 0.0893719 0.0960875 0.0765577 
Naumovozyma_castellii                       0.0646674 0.0737448 0.0687409 0.0927780 0.0599099 0.1066777 0.0664373 0.0600558 0.0000000 0.0396772 0.2584890 0.0646165 0.0647980 0.0693471 0.0645968 0.0616003 0.0675879 0.0693471 0.0764503 0.0825297 0.0824037 0.0498281 0.0725371 0.0743329 0.0562573 0.0642480 0.0613803 0.0736126 0.0699426 0.0847440 0.0713255 0.0555678 0.0696265 0.0584592 0.0726606 0.0832724 0.0887402 0.0838299 0.0896217 0.0744712 
Naumovozyma_dairenensis                     0.0640306 0.0764210 0.0621455 0.0937247 0.0625295 0.0967136 0.0692234 0.0613426 0.0396772 0.0000000 0.2699005 0.0577693 0.0592832 0.0654589 0.0561536 0.0590471 0.0605727 0.0654589 0.0878231 0.0812305 0.0706017 0.0496985 0.0723750 0.0782202 0.0637820 0.0756177 0.0573747 0.0687780 0.0618264 0.0859691 0.0828970 0.0568172 0.0710598 0.0654839 0.0741123 0.0844969 0.0895773 0.0872686 0.0882161 0.0748329 
Neurospora_crassa                           0.2430767 0.2712646 0.2528563 0.2708594 0.2382301 0.2887087 0.2420972 0.2360816 0.2584890 0.2699005 0.0000000 0.2790806 0.2827821 0.2834597 0.2794079 0.2778441 0.2727837 0.2834597 0.2604621 0.2584484 0.2556519 0.2604268 0.2595021 0.2785885 0.2452886 0.2656607 0.2498300 0.2567562 0.2736992 0.2901544 0.2621311 0.2700540 0.2583751 0.2533729 0.2583751 0.2877251 0.2518958 0.2512287 0.2585814 0.2486513 
Saccharomyces_arboricola                    0.0702482 0.0958744 0.0802451 0.0862083 0.0680472 0.1024574 0.0613719 0.0623004 0.0646165 0.0577693 0.2790806 0.0000000 0.0073263 0.0085598 0.0024025 0.0048191 0.0085082 0.0085598 0.0896630 0.0808304 0.0759194 0.0619637 0.0828802 0.0802268 0.0780967 0.0797161 0.0721570 0.0791632 0.0654393 0.1002122 0.0734122 0.0664993 0.0765142 0.0691966 0.0765142 0.0993306 0.0848384 0.0930186 0.0818912 0.0833289 
Saccharomyces_cerevisiae                    0.0691822 0.0908220 0.0779049 0.0807522 0.0649222 0.1054988 0.0624875 0.0620846 0.0647980 0.0592832 0.2827821 0.0073263 0.0000000 0.0073353 0.0048663 0.0036909 0.0048737 0.0073353 0.0872284 0.0791554 0.0746707 0.0604611 0.0780778 0.0810655 0.0762746 0.0779881 0.0724847 0.0778172 0.0677078 0.0988372 0.0725357 0.0636404 0.0747956 0.0632865 0.0747956 0.0979599 0.0817776 0.0867659 0.0788444 0.0833805 
Saccharomyces_eubayanus                     0.0737102 0.0957448 0.0855186 0.0900577 0.0714708 0.1083280 0.0660832 0.0656587 0.0693471 0.0654589 0.2834597 0.0085598 0.0073353 0.0000000 0.0110419 0.0073011 0.0110592 0.0000010 0.0913533 0.0829282 0.0809801 0.0657408 0.0846135 0.0836289 0.0827682 0.0814489 0.0734725 0.0844838 0.0724238 0.1038876 0.0770387 0.0713921 0.0782300 0.0727958 0.0782300 0.1030132 0.0856300 0.0938674 0.0826604 0.0887247 
Saccharomyces_kudriavzevii                  0.0692945 0.0926542 0.0784890 0.0829760 0.0650947 0.1058385 0.0613702 0.0622987 0.0645968 0.0561536 0.2794079 0.0024025 0.0048663 0.0110419 0.0000000 0.0048180 0.0060551 0.0110419 0.0878349 0.0808042 0.0741753 0.0590132 0.0811208 0.0801984 0.0763617 0.0810642 0.0734680 0.0770213 0.0654377 0.1016117 0.0733889 0.0634366 0.0778632 0.0661948 0.0778632 0.1007354 0.0848104 0.0898094 0.0818643 0.0825170 
Saccharomyces_mikatae                       0.0664119 0.0912103 0.0789185 0.0818162 0.0622565 0.1063933 0.0598473 0.0594684 0.0616003 0.0590471 0.2778441 0.0048191 0.0036909 0.0073011 0.0048180 0.0000000 0.0060510 0.0073011 0.0846651 0.0781496 0.0754281 0.0616148 0.0790126 0.0782421 0.0756053 0.0758419 0.0700836 0.0769333 0.0688545 0.0984922 0.0702710 0.0633769 0.0726712 0.0667878 0.0726712 0.0976086 0.0807664 0.0889359 0.0778268 0.0824192 
Saccharomyces_paradoxus                     0.0662612 0.0907466 0.0779966 0.0838261 0.0605142 0.1053289 0.0581097 0.0577444 0.0675879 0.0605727 0.2727837 0.0085082 0.0048737 0.0110592 0.0060551 0.0060510 0.0000000 0.0110592 0.0871007 0.0823596 0.0704189 0.0602611 0.0770432 0.0794082 0.0756741 0.0769415 0.0689202 0.0750295 0.0656524 0.1009673 0.0717453 0.0631138 0.0737491 0.0628603 0.0737491 0.1000890 0.0815194 0.0895025 0.0820852 0.0817857 
Saccharomyces_uvarum                        0.0737102 0.0957448 0.0855186 0.0900577 0.0714708 0.1083280 0.0660832 0.0656587 0.0693471 0.0654589 0.2834597 0.0085598 0.0073353 0.0000010 0.0110419 0.0073011 0.0110592 0.0000000 0.0913533 0.0829282 0.0809801 0.0657408 0.0846135 0.0836289 0.0827682 0.0814489 0.0734725 0.0844838 0.0724238 0.1038876 0.0770387 0.0713921 0.0782300 0.0727958 0.0782300 0.1030132 0.0856300 0.0938674 0.0826604 0.0887247 
Tetrapisispora_blattae                      0.0898844 0.0993006 0.0932236 0.1158067 0.0866849 0.1331868 0.0914069 0.0834691 0.0764503 0.0878231 0.2604621 0.0896630 0.0872284 0.0913533 0.0878349 0.0846651 0.0871007 0.0913533 0.0000000 0.0972723 0.0805738 0.0832717 0.0946749 0.1089434 0.0895368 0.0890007 0.0902182 0.0920706 0.0988905 0.1004636 0.1091972 0.0944671 0.0886172 0.0924989 0.0900991 0.1038002 0.1016362 0.0956119 0.0990396 0.0449171 
Tetrapisispora_phaffii                      0.0977558 0.1046842 0.0960837 0.1055795 0.0889119 0.1211749 0.0890675 0.0907056 0.0825297 0.0812305 0.2584484 0.0808304 0.0791554 0.0829282 0.0808042 0.0781496 0.0823596 0.0829282 0.0972723 0.0000000 0.0573805 0.0847053 0.0957868 0.1140158 0.0895529 0.0958043 0.0872274 0.0972802 0.0848727 0.1155908 0.1059828 0.0899167 0.0934370 0.1008128 0.0934370 0.1106049 0.0136139 0.0271187 0.0097652 0.0941040 
Vanderwaltozyma_polyspora                   0.0846405 0.1117407 0.0941698 0.1077708 0.0779169 0.1209398 0.0799274 0.0769332 0.0824037 0.0706017 0.2556519 0.0759194 0.0746707 0.0809801 0.0741753 0.0754281 0.0704189 0.0809801 0.0805738 0.0573805 0.0000000 0.0786275 0.0946395 0.1107441 0.0830340 0.0916285 0.0829083 0.0846289 0.0707481 0.0990638 0.0916253 0.0820062 0.0900261 0.0895650 0.0900261 0.0976387 0.0657550 0.0563693 0.0623086 0.0820020 
yHAB132_Kazachstania_martiniae              0.0601313 0.0900420 0.0526928 0.0822718 0.0556080 0.0895995 0.0590254 0.0584747 0.0498281 0.0496985 0.2604268 0.0619637 0.0604611 0.0657408 0.0590132 0.0616148 0.0602611 0.0657408 0.0832717 0.0847053 0.0786275 0.0000000 0.0562429 0.0608035 0.0510471 0.0515342 0.0469418 0.0603091 0.0587512 0.0815453 0.0696640 0.0596178 0.0575026 0.0525618 0.0604404 0.0766029 0.0894592 0.0901859 0.0924941 0.0718536 
yHAB133_Kazachstania_unispora               0.0748547 0.0940828 0.0502013 0.0888227 0.0718854 0.1116721 0.0766799 0.0720045 0.0725371 0.0723750 0.2595021 0.0828802 0.0780778 0.0846135 0.0811208 0.0790126 0.0770432 0.0846135 0.0946749 0.0957868 0.0946395 0.0562429 0.0000000 0.0747364 0.0451843 0.0188713 0.0431034 0.0850121 0.0805132 0.0688022 0.0850756 0.0787630 0.0185914 0.0730284 0.0211426 0.0658520 0.0999502 0.1040732 0.1004869 0.0792621 
yHAB134_Kazachstania_turicensis             0.0914759 0.1020666 0.0692270 0.1023521 0.0822230 0.1117307 0.0872287 0.0857164 0.0743329 0.0782202 0.2785885 0.0802268 0.0810655 0.0836289 0.0801984 0.0782421 0.0794082 0.0836289 0.1089434 0.1140158 0.1107441 0.0608035 0.0747364 0.0000000 0.0749601 0.0639004 0.0670367 0.0899852 0.0621321 0.0947029 0.0638606 0.0882968 0.0725403 0.0436359 0.0725819 0.0948557 0.1163824 0.1177290 0.1183426 0.1021952 
yHAB136_Kazachstania_bromeliacearum         0.0715054 0.0933766 0.0390612 0.0920442 0.0687066 0.1010779 0.0720631 0.0675004 0.0562573 0.0637820 0.2452886 0.0780967 0.0762746 0.0827682 0.0763617 0.0756053 0.0756741 0.0827682 0.0895368 0.0895529 0.0830340 0.0510471 0.0451843 0.0749601 0.0000000 0.0459230 0.0346950 0.0776774 0.0710827 0.0699550 0.0796250 0.0708746 0.0459848 0.0695301 0.0459848 0.0654472 0.0937571 0.0909027 0.0956794 0.0697782 
yHAB143_Kazachstania_siamensis              0.0735349 0.0930201 0.0519152 0.0851614 0.0705265 0.0986895 0.0757227 0.0706435 0.0642480 0.0756177 0.2656607 0.0797161 0.0779881 0.0814489 0.0810642 0.0758419 0.0769415 0.0814489 0.0890007 0.0958043 0.0916285 0.0515342 0.0188713 0.0639004 0.0459230 0.0000000 0.0422380 0.0821353 0.0773108 0.0636322 0.0771950 0.0807704 0.0200171 0.0744035 0.0225952 0.0608276 0.1019826 0.1016348 0.1009154 0.0720760 
yHAB147_Kazachstania_taianensis             0.0667276 0.0970788 0.0372318 0.0963611 0.0644666 0.0890688 0.0722807 0.0631958 0.0613803 0.0573747 0.2498300 0.0721570 0.0724847 0.0734725 0.0734680 0.0700836 0.0689202 0.0734725 0.0902182 0.0872274 0.0829083 0.0469418 0.0431034 0.0670367 0.0346950 0.0422380 0.0000000 0.0761166 0.0777834 0.0559324 0.0780848 0.0725587 0.0404918 0.0688476 0.0404918 0.0573956 0.0914938 0.0934260 0.0946498 0.0749939 
yHAB148_Kazachstania_intestinalis           0.0758825 0.0974858 0.0828666 0.0924997 0.0734929 0.1105146 0.0743770 0.0757447 0.0736126 0.0687780 0.2567562 0.0791632 0.0778172 0.0844838 0.0770213 0.0769333 0.0750295 0.0844838 0.0920706 0.0972802 0.0846289 0.0603091 0.0850121 0.0899852 0.0776774 0.0821353 0.0761166 0.0000000 0.0780805 0.0950457 0.0760002 0.0791727 0.0793299 0.0780816 0.0809620 0.0915894 0.1033240 0.0910876 0.1017678 0.0862469 
yHAB153_Kazachstania_rosinii                0.0773592 0.0929601 0.0796361 0.0956950 0.0695912 0.1063567 0.0730087 0.0697343 0.0699426 0.0618264 0.2736992 0.0654393 0.0677078 0.0724238 0.0654377 0.0688545 0.0656524 0.0724238 0.0988905 0.0848727 0.0707481 0.0587512 0.0805132 0.0621321 0.0710827 0.0773108 0.0777834 0.0780805 0.0000000 0.0932702 0.0604476 0.0636827 0.0789222 0.0466670 0.0789222 0.0918478 0.0897817 0.0880007 0.0929316 0.0868198 
yHAB154_Kazachstania_transvaalensis         0.1032156 0.1114371 0.0587273 0.1195204 0.1005914 0.1187420 0.1078747 0.0992324 0.0847440 0.0859691 0.2901544 0.1002122 0.0988372 0.1038876 0.1016117 0.0984922 0.1009673 0.1038876 0.1004636 0.1155908 0.0990638 0.0815453 0.0688022 0.0947029 0.0699550 0.0636322 0.0559324 0.0950457 0.0932702 0.0000000 0.1043852 0.0848338 0.0680935 0.0998539 0.0651052 0.0086863 0.1273796 0.1094266 0.1239271 0.0951000 
yHAB155_Kazachstania_spencerorum            0.0819532 0.0990759 0.0868040 0.0989867 0.0767958 0.1116699 0.0784381 0.0769372 0.0713255 0.0828970 0.2621311 0.0734122 0.0725357 0.0770387 0.0733889 0.0702710 0.0717453 0.0770387 0.1091972 0.1059828 0.0916253 0.0696640 0.0850756 0.0638606 0.0796250 0.0771950 0.0780848 0.0760002 0.0604476 0.1043852 0.0000000 0.0842911 0.0784510 0.0516353 0.0784510 0.1007629 0.1098637 0.1009869 0.1065065 0.0969415 
yHAB158_Kazachstania_viticola               0.0687224 0.0763363 0.0684274 0.0845788 0.0714688 0.1199383 0.0781394 0.0716524 0.0555678 0.0568172 0.2700540 0.0664993 0.0636404 0.0713921 0.0634366 0.0633769 0.0631138 0.0713921 0.0944671 0.0899167 0.0820062 0.0596178 0.0787630 0.0882968 0.0708746 0.0807704 0.0725587 0.0791727 0.0636827 0.0848338 0.0842911 0.0000000 0.0819485 0.0652550 0.0788558 0.0815567 0.0960860 0.0937953 0.0989544 0.0885762 
yHAB159_Kazachstania_solicola               0.0746438 0.1005933 0.0525468 0.0857177 0.0702447 0.1034453 0.0736682 0.0690223 0.0696265 0.0710598 0.2583751 0.0765142 0.0747956 0.0782300 0.0778632 0.0726712 0.0737491 0.0782300 0.0886172 0.0934370 0.0900261 0.0575026 0.0185914 0.0725403 0.0459848 0.0200171 0.0404918 0.0793299 0.0789222 0.0680935 0.0784510 0.0819485 0.0000000 0.0731638 0.0023868 0.0625556 0.0992201 0.0999939 0.0981355 0.0758949 
yHAB160_Kazachstania_kunashirensis          0.0727048 0.0806412 0.0667752 0.0892311 0.0631858 0.1017143 0.0708641 0.0633421 0.0584592 0.0654839 0.2533729 0.0691966 0.0632865 0.0727958 0.0661948 0.0667878 0.0628603 0.0727958 0.0924989 0.1008128 0.0895650 0.0525618 0.0730284 0.0436359 0.0695301 0.0744035 0.0688476 0.0780816 0.0466670 0.0998539 0.0516353 0.0652550 0.0731638 0.0000000 0.0762191 0.0981578 0.1036204 0.0992181 0.1077841 0.0953206 
yHAB164_Kazachstania_aerobia                0.0716105 0.1038156 0.0512090 0.0857177 0.0702447 0.1034453 0.0736682 0.0690223 0.0726606 0.0741123 0.2583751 0.0765142 0.0747956 0.0782300 0.0778632 0.0726712 0.0737491 0.0782300 0.0900991 0.0934370 0.0900261 0.0604404 0.0211426 0.0725819 0.0459848 0.0225952 0.0404918 0.0809620 0.0789222 0.0651052 0.0784510 0.0788558 0.0023868 0.0762191 0.0000000 0.0595895 0.0992201 0.0999939 0.0981355 0.0758949 
yHAB166_Kazachstania_yakushimaensis         0.1015613 0.1136172 0.0571927 0.1167591 0.0989516 0.1158366 0.1062017 0.1009126 0.0832724 0.0844969 0.2877251 0.0993306 0.0979599 0.1030132 0.1007354 0.0976086 0.1000890 0.1030132 0.1038002 0.1106049 0.0976387 0.0766029 0.0658520 0.0948557 0.0654472 0.0608276 0.0573956 0.0915894 0.0918478 0.0086863 0.1007629 0.0815567 0.0625556 0.0981578 0.0595895 0.0000000 0.1223155 0.1079776 0.1188422 0.0917024 
yHMPu5000034875_Tetrapisispora_fleetii      0.0993599 0.1125743 0.0986454 0.1066734 0.0882234 0.1300978 0.0852398 0.0899862 0.0887402 0.0895773 0.2518958 0.0848384 0.0817776 0.0856300 0.0848104 0.0807664 0.0815194 0.0856300 0.1016362 0.0136139 0.0657550 0.0894592 0.0999502 0.1163824 0.0937571 0.1019826 0.0914938 0.1033240 0.0897817 0.1273796 0.1098637 0.0960860 0.0992201 0.1036204 0.0992201 0.1223155 0.0000000 0.0371422 0.0072934 0.1016910 
yHMPu5000034876_Tetrapisispora_iriomotensis 0.0943791 0.0992112 0.0951917 0.1012623 0.0858982 0.1226618 0.0944487 0.0893719 0.0838299 0.0872686 0.2512287 0.0930186 0.0867659 0.0938674 0.0898094 0.0889359 0.0895025 0.0938674 0.0956119 0.0271187 0.0563693 0.0901859 0.1040732 0.1177290 0.0909027 0.1016348 0.0934260 0.0910876 0.0880007 0.1094266 0.1009869 0.0937953 0.0999939 0.0992181 0.0999939 0.1079776 0.0371422 0.0000000 0.0354409 0.0903541 
yHMPu5000034877_Tetrapisispora_namnaonensis 0.1029155 0.1124298 0.1003116 0.1027643 0.0942683 0.1322030 0.0912113 0.0960875 0.0896217 0.0882161 0.2585814 0.0818912 0.0788444 0.0826604 0.0818643 0.0778268 0.0820852 0.0826604 0.0990396 0.0097652 0.0623086 0.0924941 0.1004869 0.1183426 0.0956794 0.1009154 0.0946498 0.1017678 0.0929316 0.1239271 0.1065065 0.0989544 0.0981355 0.1077841 0.0981355 0.1188422 0.0072934 0.0354409 0.0000000 0.0990884 
yHMPu5000035629_Yueomyces_sinensis          0.0793715 0.1011278 0.0739286 0.1136405 0.0757040 0.1187433 0.0800232 0.0765577 0.0744712 0.0748329 0.2486513 0.0833289 0.0833805 0.0887247 0.0825170 0.0824192 0.0817857 0.0887247 0.0449171 0.0941040 0.0820020 0.0718536 0.0792621 0.1021952 0.0697782 0.0720760 0.0749939 0.0862469 0.0868198 0.0951000 0.0969415 0.0885762 0.0758949 0.0953206 0.0758949 0.0917024 0.1016910 0.0903541 0.0990884 0.0000000 
