40
Candida_glabrata                            0.0000000 0.1333372 0.1197269 0.1486854 0.0511253 0.1750071 0.0531564 0.0524883 0.1001280 0.1083713 0.5056589 0.1103495 0.0987543 0.0977295 0.1080190 0.0989142 0.0958614 0.0982289 0.2261750 0.1337040 0.1356415 0.1209239 0.1317447 0.1291240 0.1195913 0.1296791 0.1565519 0.1422214 0.1310989 0.1297804 0.1490490 0.1389531 0.1259002 0.1511279 0.1264799 0.1291524 0.1358811 0.1243385 0.1247967 0.2634491 
Kazachstania_africana                       0.1333372 0.0000000 0.1211376 0.1445277 0.1228169 0.1719388 0.1305064 0.1203968 0.1312068 0.1326160 0.5340154 0.1323347 0.1243581 0.1209102 0.1326334 0.1241271 0.1189040 0.1146635 0.2443213 0.1346897 0.1354710 0.1154260 0.1342727 0.1214905 0.1157413 0.1474832 0.1601728 0.1488642 0.1374590 0.1236047 0.1563515 0.1221130 0.1446811 0.1270740 0.1391012 0.1315554 0.1407648 0.1199293 0.1360385 0.2472561 
Kazachstania_naganishii                     0.1197269 0.1211376 0.0000000 0.1304549 0.1200347 0.1595597 0.1238195 0.1230963 0.1047488 0.1026104 0.4909961 0.1014422 0.0943429 0.0952466 0.0929901 0.0917828 0.0937634 0.0901638 0.2380912 0.1217421 0.1304186 0.1121961 0.1148605 0.1117400 0.0920132 0.1035616 0.1246750 0.1420943 0.1247023 0.1091260 0.1394924 0.1137494 0.1099092 0.1259524 0.1064855 0.1089560 0.1308920 0.1223911 0.1295531 0.2570449 
Nakaseomyces_bacillisporus                  0.1486854 0.1445277 0.1304549 0.0000000 0.1451757 0.1714144 0.1424196 0.1431628 0.1451462 0.1458520 0.5026768 0.1560224 0.1456705 0.1425394 0.1506576 0.1446607 0.1440979 0.1393670 0.2317297 0.1518426 0.1624861 0.1417604 0.1376801 0.1398098 0.1383393 0.1374573 0.1558851 0.1501016 0.1694548 0.1341305 0.1679536 0.1371459 0.1424328 0.1480340 0.1467322 0.1363768 0.1588637 0.1482047 0.1568655 0.2744432 
Nakaseomyces_bracarensis                    0.0511253 0.1228169 0.1200347 0.1451757 0.0000000 0.1672945 0.0240236 0.0216041 0.1023646 0.1112435 0.5269696 0.1227155 0.1133298 0.1094905 0.1206409 0.1117305 0.1084363 0.1127649 0.2265336 0.1287612 0.1403230 0.1218405 0.1166288 0.1168331 0.1161224 0.1205645 0.1512050 0.1485778 0.1335451 0.1254186 0.1616854 0.1278055 0.1082500 0.1422972 0.1079272 0.1297216 0.1334023 0.1188486 0.1273898 0.2533221 
Nakaseomyces_castellii                      0.1750071 0.1719388 0.1595597 0.1714144 0.1672945 0.0000000 0.1730203 0.1672275 0.1622783 0.1551887 0.5067868 0.1622639 0.1458871 0.1538913 0.1590241 0.1589285 0.1479119 0.1496016 0.2747384 0.1806333 0.1583189 0.1586521 0.1740201 0.1661475 0.1564084 0.1713590 0.1669572 0.1825101 0.1800457 0.1342861 0.1881272 0.1756421 0.1708865 0.1865645 0.1710917 0.1416885 0.1806929 0.1743382 0.1779691 0.3028935 
Nakaseomyces_delphensis                     0.0531564 0.1305064 0.1238195 0.1424196 0.0240236 0.1730203 0.0000000 0.0296322 0.1093865 0.1166537 0.5086868 0.1196756 0.1151873 0.1102754 0.1233480 0.1141565 0.1089678 0.1110181 0.2222394 0.1299349 0.1407518 0.1222322 0.1248050 0.1280037 0.1228645 0.1246764 0.1534281 0.1492047 0.1326211 0.1281095 0.1604848 0.1322615 0.1187736 0.1430119 0.1177794 0.1312006 0.1322129 0.1183110 0.1273905 0.2475399 
Nakaseomyces_nivariensis                    0.0524883 0.1203968 0.1230963 0.1431628 0.0216041 0.1672275 0.0296322 0.0000000 0.1048494 0.1115867 0.5071097 0.1193608 0.1113184 0.1099476 0.1200513 0.1095441 0.1082029 0.1063091 0.2321255 0.1222394 0.1342219 0.1258057 0.1187697 0.1299172 0.1145227 0.1255167 0.1481050 0.1378980 0.1389318 0.1254829 0.1628036 0.1339249 0.1142732 0.1433517 0.1124408 0.1255071 0.1354237 0.1206356 0.1282564 0.2620111 
Naumovozyma_castellii                       0.1001280 0.1312068 0.1047488 0.1451462 0.1023646 0.1622783 0.1093865 0.1048494 0.0000000 0.0638711 0.5337547 0.0990981 0.0857982 0.0920266 0.0876578 0.0873342 0.0824151 0.0865487 0.2333780 0.1317161 0.1073236 0.0902566 0.1277976 0.1172518 0.1012621 0.1258593 0.1382018 0.1278052 0.1233770 0.1064643 0.1308048 0.1079541 0.1224574 0.1293900 0.1194769 0.1094555 0.1308225 0.1187146 0.1248713 0.2604215 
Naumovozyma_dairenensis                     0.1083713 0.1326160 0.1026104 0.1458520 0.1112435 0.1551887 0.1166537 0.1115867 0.0638711 0.0000000 0.5198904 0.0842037 0.0812836 0.0779114 0.0840197 0.0802516 0.0823184 0.0770575 0.2380904 0.1164246 0.1015946 0.0797295 0.1265490 0.1286217 0.0955390 0.1232478 0.1259149 0.1304321 0.1212474 0.1129969 0.1354133 0.1045874 0.1235002 0.1406921 0.1199985 0.1058612 0.1249565 0.1156045 0.1178319 0.2605440 
Neurospora_crassa                           0.5056589 0.5340154 0.4909961 0.5026768 0.5269696 0.5067868 0.5086868 0.5071097 0.5337547 0.5198904 0.0000000 0.5179924 0.5016154 0.5143474 0.5324663 0.5122043 0.5056535 0.5081937 0.5126246 0.5006342 0.5150976 0.5334765 0.5043015 0.5415217 0.4987080 0.5008178 0.5114077 0.5123723 0.5321501 0.5354246 0.5431556 0.5239246 0.5103441 0.5450122 0.5078101 0.5099869 0.5237084 0.5136240 0.5128444 0.5619903 
Saccharomyces_arboricola                    0.1103495 0.1323347 0.1014422 0.1560224 0.1227155 0.1622639 0.1196756 0.1193608 0.0990981 0.0842037 0.5179924 0.0000000 0.0313978 0.0352636 0.0364952 0.0308199 0.0313681 0.0319239 0.2357408 0.1197429 0.1121540 0.0988635 0.1431694 0.1244865 0.1150327 0.1303774 0.1396422 0.1334543 0.1144919 0.1122551 0.1445179 0.1047003 0.1335125 0.1339564 0.1336474 0.1117932 0.1284387 0.1238587 0.1208019 0.2581611 
Saccharomyces_cerevisiae                    0.0987543 0.1243581 0.0943429 0.1456705 0.1133298 0.1458871 0.1151873 0.1113184 0.0857982 0.0812836 0.5016154 0.0313978 0.0000000 0.0325896 0.0325600 0.0270674 0.0137177 0.0238161 0.2231419 0.1086270 0.0989506 0.0996276 0.1300196 0.1162839 0.0980051 0.1175187 0.1283211 0.1271131 0.1088224 0.1056729 0.1341500 0.1037672 0.1215987 0.1228187 0.1200558 0.1073571 0.1180339 0.1100726 0.1073436 0.2428151 
Saccharomyces_eubayanus                     0.0977295 0.1209102 0.0952466 0.1425394 0.1094905 0.1538913 0.1102754 0.1099476 0.0920266 0.0779114 0.5143474 0.0352636 0.0325896 0.0000000 0.0379362 0.0363822 0.0342184 0.0142340 0.2215733 0.1077600 0.1038951 0.0929122 0.1321838 0.1103558 0.0982203 0.1223236 0.1386605 0.1186920 0.1151870 0.1145114 0.1404461 0.0945942 0.1205416 0.1267886 0.1234336 0.1076523 0.1211195 0.1066692 0.1126560 0.2346207 
Saccharomyces_kudriavzevii                  0.1080190 0.1326334 0.0929901 0.1506576 0.1206409 0.1590241 0.1233480 0.1200513 0.0876578 0.0840197 0.5324663 0.0364952 0.0325600 0.0379362 0.0000000 0.0253014 0.0311881 0.0304901 0.2311665 0.1086860 0.1057271 0.0985589 0.1283105 0.1233092 0.1059525 0.1165070 0.1378340 0.1245080 0.1176298 0.1056075 0.1418171 0.0967661 0.1250994 0.1289716 0.1197130 0.1084111 0.1211223 0.1181182 0.1119732 0.2508984 
Saccharomyces_mikatae                       0.0989142 0.1241271 0.0917828 0.1446607 0.1117305 0.1589285 0.1141565 0.1095441 0.0873342 0.0802516 0.5122043 0.0308199 0.0270674 0.0363822 0.0253014 0.0000000 0.0257211 0.0277052 0.2158590 0.1070362 0.1067566 0.0914161 0.1289240 0.1118418 0.1021993 0.1186782 0.1356902 0.1264034 0.1028431 0.1019576 0.1312440 0.0991432 0.1243439 0.1229397 0.1199394 0.1031998 0.1195808 0.1120572 0.1077338 0.2285591 
Saccharomyces_paradoxus                     0.0958614 0.1189040 0.0937634 0.1440979 0.1084363 0.1479119 0.1089678 0.1082029 0.0824151 0.0823184 0.5056535 0.0313681 0.0137177 0.0342184 0.0311881 0.0257211 0.0000000 0.0264327 0.2161467 0.1078598 0.0995978 0.0975808 0.1299636 0.1140846 0.0960860 0.1177097 0.1340167 0.1300868 0.1053343 0.1045396 0.1314025 0.1005713 0.1250054 0.1193404 0.1236763 0.1084905 0.1145206 0.1061661 0.1025076 0.2398280 
Saccharomyces_uvarum                        0.0982289 0.1146635 0.0901638 0.1393670 0.1127649 0.1496016 0.1110181 0.1063091 0.0865487 0.0770575 0.5081937 0.0319239 0.0238161 0.0142340 0.0304901 0.0277052 0.0264327 0.0000000 0.2192269 0.1033160 0.0999093 0.0942996 0.1278569 0.1136657 0.0946485 0.1189817 0.1326538 0.1114933 0.1077705 0.1027412 0.1268338 0.0979127 0.1255365 0.1209039 0.1237764 0.1023835 0.1140075 0.1023066 0.1037407 0.2374947 
Tetrapisispora_blattae                      0.2261750 0.2443213 0.2380912 0.2317297 0.2265336 0.2747384 0.2222394 0.2321255 0.2333780 0.2380904 0.5126246 0.2357408 0.2231419 0.2215733 0.2311665 0.2158590 0.2161467 0.2192269 0.0000000 0.2346496 0.2252984 0.2469538 0.2714895 0.2596577 0.2509291 0.2585132 0.2822870 0.2635064 0.2459384 0.2126085 0.2405052 0.2436553 0.2689886 0.2527886 0.2639414 0.2173626 0.2283511 0.2269632 0.2270788 0.1438321 
Tetrapisispora_phaffii                      0.1337040 0.1346897 0.1217421 0.1518426 0.1287612 0.1806333 0.1299349 0.1222394 0.1317161 0.1164246 0.5006342 0.1197429 0.1086270 0.1077600 0.1086860 0.1070362 0.1078598 0.1033160 0.2346496 0.0000000 0.1099359 0.1243153 0.1313760 0.1352524 0.1200859 0.1230945 0.1386578 0.1315467 0.1284139 0.1304815 0.1499216 0.1358267 0.1282183 0.1511776 0.1319702 0.1339875 0.0322572 0.0465419 0.0303538 0.2410795 
Vanderwaltozyma_polyspora                   0.1356415 0.1354710 0.1304186 0.1624861 0.1403230 0.1583189 0.1407518 0.1342219 0.1073236 0.1015946 0.5150976 0.1121540 0.0989506 0.1038951 0.1057271 0.1067566 0.0995978 0.0999093 0.2252984 0.1099359 0.0000000 0.1180933 0.1501459 0.1412161 0.1176343 0.1386121 0.1379864 0.1494338 0.1324902 0.1169630 0.1437919 0.1368928 0.1407154 0.1334475 0.1391286 0.1136758 0.1114459 0.1011803 0.1110089 0.2460948 
yHAB132_Kazachstania_martiniae              0.1209239 0.1154260 0.1121961 0.1417604 0.1218405 0.1586521 0.1222322 0.1258057 0.0902566 0.0797295 0.5334765 0.0988635 0.0996276 0.0929122 0.0985589 0.0914161 0.0975808 0.0942996 0.2469538 0.1243153 0.1180933 0.0000000 0.1009350 0.1154773 0.0994919 0.1066345 0.1412326 0.1209967 0.1180120 0.1051983 0.1368385 0.1016264 0.1075768 0.1157304 0.1081783 0.1106147 0.1303300 0.1191625 0.1203431 0.2583413 
yHAB133_Kazachstania_unispora               0.1317447 0.1342727 0.1148605 0.1376801 0.1166288 0.1740201 0.1248050 0.1187697 0.1277976 0.1265490 0.5043015 0.1431694 0.1300196 0.1321838 0.1283105 0.1289240 0.1299636 0.1278569 0.2714895 0.1313760 0.1501459 0.1009350 0.0000000 0.1271926 0.0981915 0.0417661 0.1412870 0.1340485 0.1511090 0.1169083 0.1726797 0.1390243 0.0257161 0.1392118 0.0257815 0.1247548 0.1401551 0.1246948 0.1319769 0.2689986 
yHAB134_Kazachstania_turicensis             0.1291240 0.1214905 0.1117400 0.1398098 0.1168331 0.1661475 0.1280037 0.1299172 0.1172518 0.1286217 0.5415217 0.1244865 0.1162839 0.1103558 0.1233092 0.1118418 0.1140846 0.1136657 0.2596577 0.1352524 0.1412161 0.1154773 0.1271926 0.0000000 0.1063452 0.1265019 0.1501816 0.1457884 0.0775084 0.1141846 0.1069398 0.1098215 0.1313162 0.0651079 0.1270699 0.1201714 0.1521514 0.1408455 0.1472840 0.2658391 
yHAB136_Kazachstania_bromeliacearum         0.1195913 0.1157413 0.0920132 0.1383393 0.1161224 0.1564084 0.1228645 0.1145227 0.1012621 0.0955390 0.4987080 0.1150327 0.0980051 0.0982203 0.1059525 0.1021993 0.0960860 0.0946485 0.2509291 0.1200859 0.1176343 0.0994919 0.0981915 0.1063452 0.0000000 0.1057606 0.1272359 0.1351461 0.1102642 0.1099879 0.1360090 0.1106981 0.1059344 0.1188775 0.1026934 0.1147705 0.1312245 0.1169367 0.1278473 0.2658875 
yHAB143_Kazachstania_siamensis              0.1296791 0.1474832 0.1035616 0.1374573 0.1205645 0.1713590 0.1246764 0.1255167 0.1258593 0.1232478 0.5008178 0.1303774 0.1175187 0.1223236 0.1165070 0.1186782 0.1177097 0.1189817 0.2585132 0.1230945 0.1386121 0.1066345 0.0417661 0.1265019 0.1057606 0.0000000 0.1487536 0.1435070 0.1433331 0.1218790 0.1709017 0.1377323 0.0424829 0.1429710 0.0409140 0.1279607 0.1336863 0.1222085 0.1287386 0.2594432 
yHAB147_Kazachstania_taianensis             0.1565519 0.1601728 0.1246750 0.1558851 0.1512050 0.1669572 0.1534281 0.1481050 0.1382018 0.1259149 0.5114077 0.1396422 0.1283211 0.1386605 0.1378340 0.1356902 0.1340167 0.1326538 0.2822870 0.1386578 0.1379864 0.1412326 0.1412870 0.1501816 0.1272359 0.1487536 0.0000000 0.1650712 0.1473066 0.1464780 0.1627821 0.1426150 0.1355491 0.1394999 0.1364088 0.1422779 0.1523021 0.1482663 0.1515455 0.2813508 
yHAB148_Kazachstania_intestinalis           0.1422214 0.1488642 0.1420943 0.1501016 0.1485778 0.1825101 0.1492047 0.1378980 0.1278052 0.1304321 0.5123723 0.1334543 0.1271131 0.1186920 0.1245080 0.1264034 0.1300868 0.1114933 0.2635064 0.1315467 0.1494338 0.1209967 0.1340485 0.1457884 0.1351461 0.1435070 0.1650712 0.0000000 0.1477392 0.1587607 0.1666704 0.1517237 0.1470904 0.1569644 0.1467474 0.1560627 0.1381355 0.1358772 0.1449581 0.2738887 
yHAB153_Kazachstania_rosinii                0.1310989 0.1374590 0.1247023 0.1694548 0.1335451 0.1800457 0.1326211 0.1389318 0.1233770 0.1212474 0.5321501 0.1144919 0.1088224 0.1151870 0.1176298 0.1028431 0.1053343 0.1077705 0.2459384 0.1284139 0.1324902 0.1180120 0.1511090 0.0775084 0.1102642 0.1433331 0.1473066 0.1477392 0.0000000 0.1439318 0.1061090 0.1345873 0.1501443 0.0852385 0.1433705 0.1506270 0.1307157 0.1324398 0.1272705 0.2749422 
yHAB154_Kazachstania_transvaalensis         0.1297804 0.1236047 0.1091260 0.1341305 0.1254186 0.1342861 0.1281095 0.1254829 0.1064643 0.1129969 0.5354246 0.1122551 0.1056729 0.1145114 0.1056075 0.1019576 0.1045396 0.1027412 0.2126085 0.1304815 0.1169630 0.1051983 0.1169083 0.1141846 0.1099879 0.1218790 0.1464780 0.1587607 0.1439318 0.0000000 0.1466473 0.1158278 0.1240422 0.1353063 0.1238363 0.0415481 0.1360679 0.1243379 0.1332987 0.2496900 
yHAB155_Kazachstania_spencerorum            0.1490490 0.1563515 0.1394924 0.1679536 0.1616854 0.1881272 0.1604848 0.1628036 0.1308048 0.1354133 0.5431556 0.1445179 0.1341500 0.1404461 0.1418171 0.1312440 0.1314025 0.1268338 0.2405052 0.1499216 0.1437919 0.1368385 0.1726797 0.1069398 0.1360090 0.1709017 0.1627821 0.1666704 0.1061090 0.1466473 0.0000000 0.1574227 0.1637925 0.1354382 0.1618555 0.1384221 0.1545663 0.1505937 0.1523780 0.2513653 
yHAB158_Kazachstania_viticola               0.1389531 0.1221130 0.1137494 0.1371459 0.1278055 0.1756421 0.1322615 0.1339249 0.1079541 0.1045874 0.5239246 0.1047003 0.1037672 0.0945942 0.0967661 0.0991432 0.1005713 0.0979127 0.2436553 0.1358267 0.1368928 0.1016264 0.1390243 0.1098215 0.1106981 0.1377323 0.1426150 0.1517237 0.1345873 0.1158278 0.1574227 0.0000000 0.1394460 0.1152066 0.1377442 0.1171110 0.1515618 0.1410257 0.1464466 0.2618581 
yHAB159_Kazachstania_solicola               0.1259002 0.1446811 0.1099092 0.1424328 0.1082500 0.1708865 0.1187736 0.1142732 0.1224574 0.1235002 0.5103441 0.1335125 0.1215987 0.1205416 0.1250994 0.1243439 0.1250054 0.1255365 0.2689886 0.1282183 0.1407154 0.1075768 0.0257161 0.1313162 0.1059344 0.0424829 0.1355491 0.1470904 0.1501443 0.1240422 0.1637925 0.1394460 0.0000000 0.1424568 0.0096159 0.1292191 0.1382859 0.1203395 0.1301477 0.2726465 
yHAB160_Kazachstania_kunashirensis          0.1511279 0.1270740 0.1259524 0.1480340 0.1422972 0.1865645 0.1430119 0.1433517 0.1293900 0.1406921 0.5450122 0.1339564 0.1228187 0.1267886 0.1289716 0.1229397 0.1193404 0.1209039 0.2527886 0.1511776 0.1334475 0.1157304 0.1392118 0.0651079 0.1188775 0.1429710 0.1394999 0.1569644 0.0852385 0.1353063 0.1354382 0.1152066 0.1424568 0.0000000 0.1340992 0.1394550 0.1602440 0.1489271 0.1512451 0.2548169 
yHAB164_Kazachstania_aerobia                0.1264799 0.1391012 0.1064855 0.1467322 0.1079272 0.1710917 0.1177794 0.1124408 0.1194769 0.1199985 0.5078101 0.1336474 0.1200558 0.1234336 0.1197130 0.1199394 0.1236763 0.1237764 0.2639414 0.1319702 0.1391286 0.1081783 0.0257815 0.1270699 0.1026934 0.0409140 0.1364088 0.1467474 0.1433705 0.1238363 0.1618555 0.1377442 0.0096159 0.1340992 0.0000000 0.1278396 0.1430315 0.1276345 0.1372760 0.2653380 
yHAB166_Kazachstania_yakushimaensis         0.1291524 0.1315554 0.1089560 0.1363768 0.1297216 0.1416885 0.1312006 0.1255071 0.1094555 0.1058612 0.5099869 0.1117932 0.1073571 0.1076523 0.1084111 0.1031998 0.1084905 0.1023835 0.2173626 0.1339875 0.1136758 0.1106147 0.1247548 0.1201714 0.1147705 0.1279607 0.1422779 0.1560627 0.1506270 0.0415481 0.1384221 0.1171110 0.1292191 0.1394550 0.1278396 0.0000000 0.1411954 0.1282351 0.1391042 0.2463888 
yHMPu5000034875_Tetrapisispora_fleetii      0.1358811 0.1407648 0.1308920 0.1588637 0.1334023 0.1806929 0.1322129 0.1354237 0.1308225 0.1249565 0.5237084 0.1284387 0.1180339 0.1211195 0.1211223 0.1195808 0.1145206 0.1140075 0.2283511 0.0322572 0.1114459 0.1303300 0.1401551 0.1521514 0.1312245 0.1336863 0.1523021 0.1381355 0.1307157 0.1360679 0.1545663 0.1515618 0.1382859 0.1602440 0.1430315 0.1411954 0.0000000 0.0521763 0.0224775 0.2348496 
yHMPu5000034876_Tetrapisispora_iriomotensis 0.1243385 0.1199293 0.1223911 0.1482047 0.1188486 0.1743382 0.1183110 0.1206356 0.1187146 0.1156045 0.5136240 0.1238587 0.1100726 0.1066692 0.1181182 0.1120572 0.1061661 0.1023066 0.2269632 0.0465419 0.1011803 0.1191625 0.1246948 0.1408455 0.1169367 0.1222085 0.1482663 0.1358772 0.1324398 0.1243379 0.1505937 0.1410257 0.1203395 0.1489271 0.1276345 0.1282351 0.0521763 0.0000000 0.0429567 0.2205479 
yHMPu5000034877_Tetrapisispora_namnaonensis 0.1247967 0.1360385 0.1295531 0.1568655 0.1273898 0.1779691 0.1273905 0.1282564 0.1248713 0.1178319 0.5128444 0.1208019 0.1073436 0.1126560 0.1119732 0.1077338 0.1025076 0.1037407 0.2270788 0.0303538 0.1110089 0.1203431 0.1319769 0.1472840 0.1278473 0.1287386 0.1515455 0.1449581 0.1272705 0.1332987 0.1523780 0.1464466 0.1301477 0.1512451 0.1372760 0.1391042 0.0224775 0.0429567 0.0000000 0.2256525 
yHMPu5000035629_Yueomyces_sinensis          0.2634491 0.2472561 0.2570449 0.2744432 0.2533221 0.3028935 0.2475399 0.2620111 0.2604215 0.2605440 0.5619903 0.2581611 0.2428151 0.2346207 0.2508984 0.2285591 0.2398280 0.2374947 0.1438321 0.2410795 0.2460948 0.2583413 0.2689986 0.2658391 0.2658875 0.2594432 0.2813508 0.2738887 0.2749422 0.2496900 0.2513653 0.2618581 0.2726465 0.2548169 0.2653380 0.2463888 0.2348496 0.2205479 0.2256525 0.0000000 
