40
Candida_glabrata                            0.0000000 0.2683494 0.2807718 0.3110328 0.0997409 0.2416863 0.0737909 0.0856759 0.3037550 0.2307907 1.8290048 0.2182710 0.2260549 0.1962472 0.1869315 0.2345881 0.2235934 0.1962472 0.3215033 0.4063914 0.2960004 0.2853112 0.3448830 0.2784229 0.2745483 0.3514838 0.4085256 0.3273296 0.3519261 0.3442545 0.2780000 0.2664601 0.4079781 0.2881503 0.3316954 0.3332203 0.3793951 0.3071866 0.3990407 0.3359911 
Kazachstania_africana                       0.2683494 0.0000000 0.2553995 0.3235316 0.2857909 0.2716755 0.2626375 0.2948185 0.2359685 0.2302557 1.7795011 0.2189364 0.2368817 0.2334958 0.2428251 0.2366581 0.2306489 0.2334958 0.3203361 0.3223902 0.2731070 0.2105343 0.3850016 0.2451085 0.2498846 0.3948148 0.4202666 0.2922550 0.2647247 0.3058949 0.2226159 0.2379304 0.4472968 0.2248455 0.3858555 0.3421113 0.2945576 0.3062089 0.2860487 0.3136794 
Kazachstania_naganishii                     0.2807718 0.2553995 0.0000000 0.3291080 0.2887412 0.2661583 0.2698464 0.3049243 0.2543067 0.2236687 1.7311843 0.2571117 0.2309514 0.2537864 0.2132881 0.2510368 0.2390245 0.2537864 0.3091326 0.3233240 0.2913617 0.2290026 0.3061049 0.2853178 0.1878755 0.3272808 0.3152944 0.2894137 0.3469615 0.2899938 0.3021345 0.2731388 0.3855028 0.2939259 0.3281839 0.2903304 0.3120694 0.3192030 0.3047461 0.2999863 
Nakaseomyces_bacillisporus                  0.3110328 0.3235316 0.3291080 0.0000000 0.3409491 0.1809222 0.3006937 0.3201941 0.2869016 0.2645756 1.8196749 0.2410701 0.2269909 0.2034808 0.1988966 0.2371403 0.2258410 0.2034808 0.4180350 0.3603817 0.2597607 0.2525393 0.3316923 0.3386413 0.2204938 0.3548512 0.4103292 0.3571033 0.3509089 0.4171752 0.3404399 0.2784357 0.4292530 0.2613835 0.3541633 0.3934516 0.3343850 0.3656235 0.3288929 0.4090102 
Nakaseomyces_bracarensis                    0.0997409 0.2857909 0.2887412 0.3409491 0.0000000 0.2425712 0.0662686 0.0272879 0.2790053 0.2353187 1.9224043 0.2040621 0.2084693 0.1953998 0.1876105 0.2201337 0.2064937 0.1953998 0.3291799 0.3900238 0.2743926 0.2897272 0.3881396 0.2945495 0.2851186 0.3724092 0.4145332 0.3438945 0.3296908 0.3335367 0.3289851 0.2321637 0.4562751 0.2801751 0.3668850 0.3341291 0.3462163 0.2696762 0.3571234 0.3344550 
Nakaseomyces_castellii                      0.2416863 0.2716755 0.2661583 0.1809222 0.2425712 0.0000000 0.2060454 0.2412769 0.2363006 0.1500505 1.7581218 0.1922396 0.1768845 0.1674987 0.1424987 0.1915861 0.1845634 0.1674987 0.3267540 0.3244257 0.2132614 0.2071654 0.3046923 0.2689763 0.1881043 0.3192765 0.3479024 0.3126672 0.2738941 0.3480715 0.2913035 0.1900337 0.3950220 0.2505393 0.3272353 0.3504434 0.2930895 0.2743000 0.3038361 0.3140555 
Nakaseomyces_delphensis                     0.0737909 0.2626375 0.2698464 0.3006937 0.0662686 0.2060454 0.0000000 0.0422633 0.2682709 0.2203034 1.8800662 0.1879463 0.1965713 0.1865697 0.1684963 0.2041421 0.2040601 0.1865697 0.3229069 0.3918641 0.2749926 0.2784393 0.3617864 0.2688960 0.2511408 0.3467400 0.3803075 0.3493153 0.3321818 0.2931601 0.3110423 0.2221017 0.4227362 0.2530622 0.3385367 0.2891751 0.3420357 0.2976393 0.3618190 0.2879962 
Nakaseomyces_nivariensis                    0.0856759 0.2948185 0.3049243 0.3201941 0.0272879 0.2412769 0.0422633 0.0000000 0.2898682 0.2411528 1.9481200 0.2147997 0.2246039 0.2106227 0.1922186 0.2317024 0.2307376 0.2106227 0.3456480 0.4073310 0.2985183 0.2663032 0.3840624 0.2960986 0.2841253 0.3683894 0.4239056 0.3538843 0.3608580 0.3317247 0.3496848 0.2353859 0.4492546 0.2922202 0.3609526 0.3116334 0.3629106 0.3009043 0.3738782 0.3356094 
Naumovozyma_castellii                       0.3037550 0.2359685 0.2543067 0.2869016 0.2790053 0.2363006 0.2682709 0.2898682 0.0000000 0.1186594 1.6891138 0.2197457 0.2171924 0.1951988 0.1931009 0.2251190 0.2129662 0.1951988 0.3473443 0.3004011 0.2177897 0.2609851 0.3187748 0.2626748 0.2492527 0.3092040 0.3513258 0.3231325 0.2309941 0.3882860 0.2072243 0.1929356 0.4089669 0.1971225 0.3341203 0.3695527 0.2773721 0.2757961 0.2731666 0.3455001 
Naumovozyma_dairenensis                     0.2307907 0.2302557 0.2236687 0.2645756 0.2353187 0.1500505 0.2203034 0.2411528 0.1186594 0.0000000 1.7147076 0.1585050 0.1618484 0.1548739 0.1236588 0.1616633 0.1558628 0.1548739 0.3620356 0.3040261 0.1729950 0.2061330 0.2717620 0.2199426 0.1899887 0.2949032 0.3679452 0.2740770 0.2073473 0.3047106 0.2072146 0.1617498 0.3558316 0.2058417 0.2940228 0.3136347 0.3091190 0.2638857 0.2903595 0.3296640 
Neurospora_crassa                           1.8290048 1.7795011 1.7311843 1.8196749 1.9224043 1.7581218 1.8800662 1.9481200 1.6891138 1.7147076 0.0000000 1.8824104 1.7245902 1.6758115 1.6843616 1.8008060 1.7314812 1.6758115 2.1444424 1.8874845 1.7609389 1.7107636 2.1295317 1.7384733 1.6493113 2.2012554 2.2688389 1.7087336 1.8410939 1.6988658 1.8823395 1.9547639 2.6840803 1.6233375 2.2122984 1.8102398 1.9564889 2.0199356 1.9433678 1.9970489 
Saccharomyces_arboricola                    0.2182710 0.2189364 0.2571117 0.2410701 0.2040621 0.1922396 0.1879463 0.2147997 0.2197457 0.1585050 1.8824104 0.0000000 0.0263393 0.0335301 0.0442893 0.0157453 0.0158007 0.0335301 0.3469789 0.2965240 0.1749453 0.2158586 0.2883289 0.2308162 0.1840541 0.3244905 0.3601129 0.3238579 0.2097043 0.2794343 0.2409319 0.2155938 0.3835486 0.2125647 0.3027903 0.2967299 0.2820261 0.2606150 0.2962081 0.2861710 
Saccharomyces_cerevisiae                    0.2260549 0.2368817 0.2309514 0.2269909 0.2084693 0.1768845 0.1965713 0.2246039 0.2171924 0.1618484 1.7245902 0.0263393 0.0000000 0.0269120 0.0327613 0.0208552 0.0051939 0.0269120 0.3583572 0.3284137 0.1785179 0.1936180 0.2580985 0.2485205 0.1575157 0.2932050 0.3378582 0.3213025 0.2147017 0.2824815 0.2466770 0.2082307 0.3486857 0.2298115 0.2746899 0.3043135 0.3122497 0.2699718 0.3269024 0.2785177 
Saccharomyces_eubayanus                     0.1962472 0.2334958 0.2537864 0.2034808 0.1953998 0.1674987 0.1865697 0.2106227 0.1951988 0.1548739 1.6758115 0.0335301 0.0269120 0.0000000 0.0386745 0.0276517 0.0215403 0.0000010 0.3247383 0.3226225 0.1803355 0.1789159 0.2436482 0.2439722 0.1705746 0.2767969 0.3397960 0.3239929 0.2148335 0.2807015 0.2539474 0.1999040 0.3368855 0.2148950 0.2664115 0.2837826 0.2828184 0.2508091 0.2969952 0.2590625 
Saccharomyces_kudriavzevii                  0.1869315 0.2428251 0.2132881 0.1988966 0.1876105 0.1424987 0.1684963 0.1922186 0.1931009 0.1236588 1.6843616 0.0442893 0.0327613 0.0386745 0.0000000 0.0383378 0.0273183 0.0386745 0.3637442 0.3113180 0.1732380 0.1808575 0.2476118 0.2564349 0.1254863 0.2814774 0.2829227 0.3111531 0.2114700 0.2613624 0.2484276 0.1702855 0.3333796 0.2285529 0.2636665 0.2616195 0.2960616 0.2890090 0.3104644 0.2896035 
Saccharomyces_mikatae                       0.2345881 0.2366581 0.2510368 0.2371403 0.2201337 0.1915861 0.2041421 0.2317024 0.2251190 0.1616633 1.8008060 0.0157453 0.0208552 0.0276517 0.0383378 0.0000000 0.0104229 0.0276517 0.3689899 0.3237744 0.1851502 0.2069836 0.2590090 0.2399658 0.1756007 0.2940268 0.3461951 0.3422295 0.2059188 0.2813755 0.2464537 0.2202862 0.3468194 0.2212955 0.2730848 0.2984030 0.3077991 0.2872527 0.3224411 0.2971256 
Saccharomyces_paradoxus                     0.2235934 0.2306489 0.2390245 0.2258410 0.2064937 0.1845634 0.2040601 0.2307376 0.2129662 0.1558628 1.7314812 0.0158007 0.0051939 0.0215403 0.0273183 0.0104229 0.0000000 0.0215403 0.3652391 0.3223202 0.1728585 0.1867950 0.2646858 0.2548245 0.1633455 0.2998008 0.3313289 0.3278602 0.2083484 0.2698846 0.2404636 0.2144657 0.3562809 0.2359773 0.2812402 0.2917916 0.3064204 0.2675020 0.3210431 0.2873234 
Saccharomyces_uvarum                        0.1962472 0.2334958 0.2537864 0.2034808 0.1953998 0.1674987 0.1865697 0.2106227 0.1951988 0.1548739 1.6758115 0.0335301 0.0269120 0.0000010 0.0386745 0.0276517 0.0215403 0.0000000 0.3247383 0.3226225 0.1803355 0.1789159 0.2436482 0.2439722 0.1705746 0.2767969 0.3397960 0.3239929 0.2148335 0.2807015 0.2539474 0.1999040 0.3368855 0.2148950 0.2664115 0.2837826 0.2828184 0.2508091 0.2969952 0.2590625 
Tetrapisispora_blattae                      0.3215033 0.3203361 0.3091326 0.4180350 0.3291799 0.3267540 0.3229069 0.3456480 0.3473443 0.3620356 2.1444424 0.3469789 0.3583572 0.3247383 0.3637442 0.3689899 0.3652391 0.3247383 0.0000000 0.3900985 0.3412757 0.2968656 0.5276126 0.3991872 0.3360394 0.5209636 0.4825815 0.4363851 0.4109215 0.4521146 0.3960739 0.3334551 0.6264046 0.3831882 0.5084489 0.4625512 0.3825706 0.2852414 0.3650635 0.1248319 
Tetrapisispora_phaffii                      0.4063914 0.3223902 0.3233240 0.3603817 0.3900238 0.3244257 0.3918641 0.4073310 0.3004011 0.3040261 1.8874845 0.2965240 0.3284137 0.3226225 0.3113180 0.3237744 0.3223202 0.3226225 0.3900985 0.0000000 0.1913062 0.2339182 0.4487992 0.4005757 0.2911754 0.4796659 0.4903674 0.3634581 0.3432759 0.3786176 0.3475981 0.3290356 0.5107545 0.3475266 0.4559634 0.4195354 0.0730905 0.1826478 0.0723227 0.3773901 
Vanderwaltozyma_polyspora                   0.2960004 0.2731070 0.2913617 0.2597607 0.2743926 0.2132614 0.2749926 0.2985183 0.2177897 0.1729950 1.7609389 0.1749453 0.1785179 0.1803355 0.1732380 0.1851502 0.1728585 0.1803355 0.3412757 0.1913062 0.0000000 0.2479245 0.3383894 0.3020994 0.2193619 0.3626151 0.4029933 0.3171330 0.2423038 0.3662743 0.2639367 0.2637686 0.3995853 0.2687504 0.3161553 0.3933655 0.1983514 0.1990390 0.1932550 0.2926625 
yHAB132_Kazachstania_martiniae              0.2853112 0.2105343 0.2290026 0.2525393 0.2897272 0.2071654 0.2784393 0.2663032 0.2609851 0.2061330 1.7107636 0.2158586 0.1936180 0.1789159 0.1808575 0.2069836 0.1867950 0.1789159 0.2968656 0.2339182 0.2479245 0.0000000 0.2761504 0.2856804 0.1812363 0.3104724 0.3153949 0.2433442 0.3245248 0.2561139 0.3189878 0.2193304 0.3426306 0.2878640 0.2894299 0.2656655 0.2453737 0.2507753 0.2364454 0.3407819 
yHAB133_Kazachstania_unispora               0.3448830 0.3850016 0.3061049 0.3316923 0.3881396 0.3046923 0.3617864 0.3840624 0.3187748 0.2717620 2.1295317 0.2883289 0.2580985 0.2436482 0.2476118 0.2590090 0.2646858 0.2436482 0.5276126 0.4487992 0.3383894 0.2761504 0.0000000 0.3116815 0.2714146 0.0259875 0.2507659 0.3487807 0.4043279 0.3625634 0.4165977 0.2809563 0.0482601 0.3215105 0.0316430 0.3368237 0.4514717 0.4801762 0.4435241 0.4230904 
yHAB134_Kazachstania_turicensis             0.2784229 0.2451085 0.2853178 0.3386413 0.2945495 0.2689763 0.2688960 0.2960986 0.2626748 0.2199426 1.7384733 0.2308162 0.2485205 0.2439722 0.2564349 0.2399658 0.2548245 0.2439722 0.3991872 0.4005757 0.3020994 0.2856804 0.3116815 0.0000000 0.2656259 0.3111150 0.4638870 0.3141850 0.2328330 0.3577209 0.2060239 0.2566624 0.3598140 0.1402965 0.3055738 0.3743383 0.3779966 0.3820767 0.3812360 0.3982322 
yHAB136_Kazachstania_bromeliacearum         0.2745483 0.2498846 0.1878755 0.2204938 0.2851186 0.1881043 0.2511408 0.2841253 0.2492527 0.1899887 1.6493113 0.1840541 0.1575157 0.1705746 0.1254863 0.1756007 0.1633455 0.1705746 0.3360394 0.2911754 0.2193619 0.1812363 0.2714146 0.2656259 0.0000000 0.3061054 0.2708143 0.2587937 0.3010772 0.2734699 0.2617290 0.2042200 0.3538696 0.2521450 0.2929970 0.2936302 0.2815002 0.3159120 0.2749905 0.3116142 
yHAB143_Kazachstania_siamensis              0.3514838 0.3948148 0.3272808 0.3548512 0.3724092 0.3192765 0.3467400 0.3683894 0.3092040 0.2949032 2.2012554 0.3244905 0.2932050 0.2767969 0.2814774 0.2940268 0.2998008 0.2767969 0.5209636 0.4796659 0.3626151 0.3104724 0.0259875 0.3111150 0.3061054 0.0000000 0.2504943 0.3770092 0.4115025 0.3775756 0.4202386 0.2814587 0.0731369 0.3123453 0.0371402 0.3623224 0.4939457 0.4937464 0.4848806 0.4462999 
yHAB147_Kazachstania_taianensis             0.4085256 0.4202666 0.3152944 0.4103292 0.4145332 0.3479024 0.3803075 0.4239056 0.3513258 0.3679452 2.2688389 0.3601129 0.3378582 0.3397960 0.2829227 0.3461951 0.3313289 0.3397960 0.4825815 0.4903674 0.4029933 0.3153949 0.2507659 0.4638870 0.2708143 0.2504943 0.0000000 0.3927301 0.4793641 0.2793933 0.4941000 0.3248446 0.2961711 0.4558239 0.2298677 0.2651028 0.4887809 0.5293727 0.4969946 0.4505727 
yHAB148_Kazachstania_intestinalis           0.3273296 0.2922550 0.2894137 0.3571033 0.3438945 0.3126672 0.3493153 0.3538843 0.3231325 0.2740770 1.7087336 0.3238579 0.3213025 0.3239929 0.3111531 0.3422295 0.3278602 0.3239929 0.4363851 0.3634581 0.3171330 0.2433442 0.3487807 0.3141850 0.2587937 0.3770092 0.3927301 0.0000000 0.4224251 0.3309905 0.4134309 0.2883449 0.4608198 0.3583943 0.3803708 0.3634605 0.3578170 0.3562898 0.3511217 0.4739474 
yHAB153_Kazachstania_rosinii                0.3519261 0.2647247 0.3469615 0.3509089 0.3296908 0.2738941 0.3321818 0.3608580 0.2309941 0.2073473 1.8410939 0.2097043 0.2147017 0.2148335 0.2114700 0.2059188 0.2083484 0.2148335 0.4109215 0.3432759 0.2423038 0.3245248 0.4043279 0.2328330 0.3010772 0.4115025 0.4793641 0.4224251 0.0000000 0.3525415 0.2326449 0.3024535 0.5081119 0.1810987 0.3929203 0.3981212 0.3546814 0.3394434 0.3458075 0.3726899 
yHAB154_Kazachstania_transvaalensis         0.3442545 0.3058949 0.2899938 0.4171752 0.3335367 0.3480715 0.2931601 0.3317247 0.3882860 0.3047106 1.6988658 0.2794343 0.2824815 0.2807015 0.2613624 0.2813755 0.2698846 0.2807015 0.4521146 0.3786176 0.3662743 0.2561139 0.3625634 0.3577209 0.2734699 0.3775756 0.2793933 0.3309905 0.3525415 0.0000000 0.3805021 0.3645100 0.4223420 0.3212950 0.3801124 0.0367318 0.3943826 0.4171307 0.3816957 0.4375402 
yHAB155_Kazachstania_spencerorum            0.2780000 0.2226159 0.3021345 0.3404399 0.3289851 0.2913035 0.3110423 0.3496848 0.2072243 0.2072146 1.8823395 0.2409319 0.2466770 0.2539474 0.2484276 0.2464537 0.2404636 0.2539474 0.3960739 0.3475981 0.2639367 0.3189878 0.4165977 0.2060239 0.2617290 0.4202386 0.4941000 0.4134309 0.2326449 0.3805021 0.0000000 0.2930268 0.4629680 0.1353954 0.3999000 0.3903111 0.3403618 0.3367840 0.3555783 0.3786984 
yHAB158_Kazachstania_viticola               0.2664601 0.2379304 0.2731388 0.2784357 0.2321637 0.1900337 0.2221017 0.2353859 0.1929356 0.1617498 1.9547639 0.2155938 0.2082307 0.1999040 0.1702855 0.2202862 0.2144657 0.1999040 0.3334551 0.3290356 0.2637686 0.2193304 0.2809563 0.2566624 0.2042200 0.2814587 0.3248446 0.2883449 0.3024535 0.3645100 0.2930268 0.0000000 0.3472015 0.2670650 0.2701954 0.3644532 0.2967325 0.3151953 0.2872268 0.3649269 
yHAB159_Kazachstania_solicola               0.4079781 0.4472968 0.3855028 0.4292530 0.4562751 0.3950220 0.4227362 0.4492546 0.4089669 0.3558316 2.6840803 0.3835486 0.3486857 0.3368855 0.3333796 0.3468194 0.3562809 0.3368855 0.6264046 0.5107545 0.3995853 0.3426306 0.0482601 0.3598140 0.3538696 0.0731369 0.2961711 0.4608198 0.5081119 0.4223420 0.4629680 0.3472015 0.0000000 0.3748965 0.0350922 0.3883514 0.5151019 0.5869727 0.5064783 0.5564333 
yHAB160_Kazachstania_kunashirensis          0.2881503 0.2248455 0.2939259 0.2613835 0.2801751 0.2505393 0.2530622 0.2922202 0.1971225 0.2058417 1.6233375 0.2125647 0.2298115 0.2148950 0.2285529 0.2212955 0.2359773 0.2148950 0.3831882 0.3475266 0.2687504 0.2878640 0.3215105 0.1402965 0.2521450 0.3123453 0.4558239 0.3583943 0.1810987 0.3212950 0.1353954 0.2670650 0.3748965 0.0000000 0.3310916 0.3254541 0.3152881 0.3149513 0.3151184 0.3485233 
yHAB164_Kazachstania_aerobia                0.3316954 0.3858555 0.3281839 0.3541633 0.3668850 0.3272353 0.3385367 0.3609526 0.3341203 0.2940228 2.2122984 0.3027903 0.2746899 0.2664115 0.2636665 0.2730848 0.2812402 0.2664115 0.5084489 0.4559634 0.3161553 0.2894299 0.0316430 0.3055738 0.2929970 0.0371402 0.2298677 0.3803708 0.3929203 0.3801124 0.3999000 0.2701954 0.0350922 0.3310916 0.0000000 0.3517385 0.4605812 0.4709548 0.4540810 0.4390277 
yHAB166_Kazachstania_yakushimaensis         0.3332203 0.3421113 0.2903304 0.3934516 0.3341291 0.3504434 0.2891751 0.3116334 0.3695527 0.3136347 1.8102398 0.2967299 0.3043135 0.2837826 0.2616195 0.2984030 0.2917916 0.2837826 0.4625512 0.4195354 0.3933655 0.2656655 0.3368237 0.3743383 0.2936302 0.3623224 0.2651028 0.3634605 0.3981212 0.0367318 0.3903111 0.3644532 0.3883514 0.3254541 0.3517385 0.0000000 0.4080260 0.4260730 0.3949398 0.4260894 
yHMPu5000034875_Tetrapisispora_fleetii      0.3793951 0.2945576 0.3120694 0.3343850 0.3462163 0.2930895 0.3420357 0.3629106 0.2773721 0.3091190 1.9564889 0.2820261 0.3122497 0.2828184 0.2960616 0.3077991 0.3064204 0.2828184 0.3825706 0.0730905 0.1983514 0.2453737 0.4514717 0.3779966 0.2815002 0.4939457 0.4887809 0.3578170 0.3546814 0.3943826 0.3403618 0.2967325 0.5151019 0.3152881 0.4605812 0.4080260 0.0000000 0.1492467 0.0263056 0.3400632 
yHMPu5000034876_Tetrapisispora_iriomotensis 0.3071866 0.3062089 0.3192030 0.3656235 0.2696762 0.2743000 0.2976393 0.3009043 0.2757961 0.2638857 2.0199356 0.2606150 0.2699718 0.2508091 0.2890090 0.2872527 0.2675020 0.2508091 0.2852414 0.1826478 0.1990390 0.2507753 0.4801762 0.3820767 0.3159120 0.4937464 0.5293727 0.3562898 0.3394434 0.4171307 0.3367840 0.3151953 0.5869727 0.3149513 0.4709548 0.4260730 0.1492467 0.0000000 0.1470466 0.3198973 
yHMPu5000034877_Tetrapisispora_namnaonensis 0.3990407 0.2860487 0.3047461 0.3288929 0.3571234 0.3038361 0.3618190 0.3738782 0.2731666 0.2903595 1.9433678 0.2962081 0.3269024 0.2969952 0.3104644 0.3224411 0.3210431 0.2969952 0.3650635 0.0723227 0.1932550 0.2364454 0.4435241 0.3812360 0.2749905 0.4848806 0.4969946 0.3511217 0.3458075 0.3816957 0.3555783 0.2872268 0.5064783 0.3151184 0.4540810 0.3949398 0.0263056 0.1470466 0.0000000 0.3440159 
yHMPu5000035629_Yueomyces_sinensis          0.3359911 0.3136794 0.2999863 0.4090102 0.3344550 0.3140555 0.2879962 0.3356094 0.3455001 0.3296640 1.9970489 0.2861710 0.2785177 0.2590625 0.2896035 0.2971256 0.2873234 0.2590625 0.1248319 0.3773901 0.2926625 0.3407819 0.4230904 0.3982322 0.3116142 0.4462999 0.4505727 0.4739474 0.3726899 0.4375402 0.3786984 0.3649269 0.5564333 0.3485233 0.4390277 0.4260894 0.3400632 0.3198973 0.3440159 0.0000000 
