40
Candida_glabrata                            0.0000000 0.2761776 0.3619631 0.4252308 0.1162703 0.4256539 0.1674512 0.1388466 0.3185658 0.3066459 1.6198278 0.3283664 0.3225996 0.3218152 0.3241622 0.3178679 0.3233550 0.3240583 0.2705953 0.3216591 0.3039320 0.2976857 0.3883364 0.3785510 0.2831415 0.3454149 0.2882531 0.5131035 0.3002582 0.4556548 0.3019207 0.3154290 0.3574296 0.3095761 0.3829324 0.4142167 0.3361710 0.3275066 0.3555337 0.2591987 
Kazachstania_africana                       0.2761776 0.0000000 0.2867569 0.4770990 0.3180162 0.4216570 0.3679308 0.3526308 0.3118536 0.3190300 1.6127012 0.3154431 0.2856850 0.2960990 0.3126890 0.2985894 0.2800909 0.3033533 0.2698427 0.3024918 0.2402993 0.2895069 0.2875825 0.3611767 0.2616257 0.2842780 0.2648067 0.3798995 0.2318926 0.3300299 0.1951592 0.2609759 0.2722474 0.2731255 0.2809261 0.3456536 0.3179170 0.3264662 0.3147761 0.2778230 
Kazachstania_naganishii                     0.3619631 0.2867569 0.0000000 0.4648911 0.3565097 0.4678870 0.4246002 0.3903350 0.3289628 0.3541619 1.6379123 0.3971867 0.3831657 0.3805686 0.3980335 0.4063322 0.3754480 0.3848562 0.3401925 0.3565866 0.3441640 0.3176940 0.2467454 0.3992721 0.2210081 0.2427267 0.2179147 0.4069064 0.3085058 0.3216570 0.2888709 0.3193015 0.2445056 0.3338286 0.2559624 0.3080403 0.3746037 0.4191386 0.3645884 0.3196941 
Nakaseomyces_bacillisporus                  0.4252308 0.4770990 0.4648911 0.0000000 0.4110231 0.6131973 0.4502885 0.4639170 0.3833774 0.3899184 1.5997844 0.5100385 0.4767995 0.4811167 0.5298394 0.4840554 0.4801802 0.4844320 0.4087302 0.4772568 0.4159971 0.3847280 0.5432997 0.4566220 0.4418201 0.4873438 0.4518980 0.6184348 0.4809969 0.5281024 0.4936188 0.4751443 0.5511972 0.4456516 0.5591344 0.5171710 0.4895287 0.5212601 0.4858687 0.4154710 
Nakaseomyces_bracarensis                    0.1162703 0.3180162 0.3565097 0.4110231 0.0000000 0.4166066 0.0488584 0.0450276 0.2974625 0.3283299 1.6393438 0.3762525 0.3657806 0.3748336 0.3660332 0.3628911 0.3553861 0.3784626 0.3052145 0.3465908 0.3045060 0.3184333 0.3868174 0.4002919 0.3322564 0.3739913 0.3031392 0.4853151 0.3002843 0.4796280 0.3099982 0.3676178 0.3541922 0.3266713 0.3762306 0.4498981 0.3452734 0.3947251 0.3657665 0.3163798 
Nakaseomyces_castellii                      0.4256539 0.4216570 0.4678870 0.6131973 0.4166066 0.0000000 0.4676183 0.4699545 0.3968798 0.4095014 1.5295215 0.4395885 0.4230282 0.4532703 0.4164980 0.4544948 0.4231318 0.4584478 0.4469779 0.4796095 0.4703457 0.4096193 0.4951330 0.5990271 0.4491858 0.4736072 0.4496008 0.5385782 0.4061271 0.5601186 0.4006807 0.4353923 0.4996749 0.4883526 0.5371341 0.5786427 0.5132189 0.5224813 0.5006496 0.3824752 
Nakaseomyces_delphensis                     0.1674512 0.3679308 0.4246002 0.4502885 0.0488584 0.4676183 0.0000000 0.0401355 0.3429553 0.3646048 1.6979609 0.4299055 0.4290085 0.4310298 0.4301520 0.4231094 0.4116543 0.4350315 0.3419393 0.3897181 0.3526095 0.3495541 0.4265148 0.4453646 0.3770979 0.4324082 0.3680029 0.5258786 0.3484601 0.5019289 0.3425467 0.4084248 0.4160411 0.3747905 0.4296439 0.4766155 0.4043830 0.4217492 0.4056818 0.3793133 
Nakaseomyces_nivariensis                    0.1388466 0.3526308 0.3903350 0.4639170 0.0450276 0.4699545 0.0401355 0.0000000 0.3343044 0.3458329 1.6906001 0.4191389 0.4137359 0.4143437 0.4106034 0.4019218 0.4029309 0.4183258 0.3312587 0.3840174 0.3439677 0.3495322 0.4304111 0.4589076 0.3663521 0.4136089 0.3496025 0.5311915 0.3396075 0.4988439 0.3488692 0.3768626 0.4160690 0.3643749 0.4305345 0.4796027 0.4132186 0.4306914 0.4170940 0.3600744 
Naumovozyma_castellii                       0.3185658 0.3118536 0.3289628 0.3833774 0.2974625 0.3968798 0.3429553 0.3343044 0.0000000 0.1563405 1.5516285 0.3807445 0.3759287 0.3801231 0.3984014 0.3938570 0.3833192 0.3850583 0.2831308 0.3240341 0.2612047 0.2702321 0.3636694 0.3920263 0.3104028 0.3227657 0.2933582 0.5052845 0.2587520 0.3896779 0.2687501 0.3019534 0.3435169 0.3137486 0.3527648 0.3469085 0.3597870 0.3256009 0.3330656 0.3034918 
Naumovozyma_dairenensis                     0.3066459 0.3190300 0.3541619 0.3899184 0.3283299 0.4095014 0.3646048 0.3458329 0.1563405 0.0000000 1.4835612 0.3551141 0.3376481 0.3592526 0.3573859 0.3573294 0.3472617 0.3686632 0.2801977 0.3384144 0.3392941 0.2762044 0.4105275 0.3848272 0.2990607 0.3132379 0.3288133 0.4871193 0.2825286 0.3961017 0.2912628 0.2998824 0.3628703 0.3399890 0.3701735 0.3546296 0.3642029 0.3253979 0.3542476 0.2828244 
Neurospora_crassa                           1.6198278 1.6127012 1.6379123 1.5997844 1.6393438 1.5295215 1.6979609 1.6906001 1.5516285 1.4835612 0.0000000 1.7272941 1.6236019 1.6602799 1.6620888 1.6264562 1.6548895 1.6795110 1.5168979 1.5417849 1.6206352 1.5857788 1.7397048 1.6652731 1.6483819 1.5911290 1.6814693 1.5409048 1.4970680 1.5832127 1.4854194 1.5293665 1.7599010 1.6151074 1.7766848 1.5646795 1.5447168 1.6017655 1.5986144 1.4580858 
Saccharomyces_arboricola                    0.3283664 0.3154431 0.3971867 0.5100385 0.3762525 0.4395885 0.4299055 0.4191389 0.3807445 0.3551141 1.7272941 0.0000000 0.0548521 0.0358357 0.0447136 0.0551228 0.0586156 0.0358255 0.3421306 0.3570809 0.2974658 0.4211312 0.4057350 0.4171164 0.3809795 0.3908124 0.3910877 0.4396777 0.3057143 0.4906551 0.2966702 0.3634563 0.4196085 0.3316868 0.4352074 0.4782072 0.3853990 0.3578530 0.3749533 0.3423596 
Saccharomyces_cerevisiae                    0.3225996 0.2856850 0.3831657 0.4767995 0.3657806 0.4230282 0.4290085 0.4137359 0.3759287 0.3376481 1.6236019 0.0548521 0.0000000 0.0465536 0.0464781 0.0350217 0.0269385 0.0523485 0.3102934 0.3432634 0.2830465 0.4121675 0.3907810 0.4138534 0.3478179 0.3537736 0.3696613 0.4298498 0.2821206 0.4894924 0.2798012 0.3421762 0.3900522 0.3371423 0.3996414 0.4618610 0.3641200 0.3690876 0.3592368 0.3090120 
Saccharomyces_eubayanus                     0.3218152 0.2960990 0.3805686 0.4811167 0.3748336 0.4532703 0.4310298 0.4143437 0.3801231 0.3592526 1.6602799 0.0358357 0.0465536 0.0000000 0.0444284 0.0348524 0.0501829 0.0051379 0.3320971 0.3714434 0.2819381 0.4254504 0.4038804 0.4159820 0.3655261 0.3648542 0.3776044 0.4406087 0.3091422 0.4760163 0.2840252 0.3506262 0.4061431 0.3261462 0.4037995 0.4622013 0.3821378 0.3762216 0.3926501 0.3373453 
Saccharomyces_kudriavzevii                  0.3241622 0.3126890 0.3980335 0.5298394 0.3660332 0.4164980 0.4301520 0.4106034 0.3984014 0.3573859 1.6620888 0.0447136 0.0464781 0.0444284 0.0000000 0.0527448 0.0526380 0.0444158 0.3261760 0.3683178 0.3026182 0.4420332 0.4108920 0.4225989 0.3770677 0.3910938 0.3868293 0.4333928 0.3130819 0.4888908 0.2848817 0.3597793 0.4140152 0.3535465 0.4251148 0.4877655 0.3807591 0.3801079 0.3777389 0.3402863 
Saccharomyces_mikatae                       0.3178679 0.2985894 0.4063322 0.4840554 0.3628911 0.4544948 0.4231094 0.4019218 0.3938570 0.3573294 1.6264562 0.0551228 0.0350217 0.0348524 0.0527448 0.0000000 0.0329639 0.0404781 0.3333757 0.3700911 0.2835400 0.4196089 0.4195319 0.4392344 0.3585378 0.3712582 0.3827190 0.4484567 0.3109247 0.4843353 0.2911909 0.3530341 0.4172488 0.3453731 0.4197798 0.4946880 0.3921555 0.3837500 0.3912471 0.3357359 
Saccharomyces_paradoxus                     0.3233550 0.2800909 0.3754480 0.4801802 0.3553861 0.4231318 0.4116543 0.4029309 0.3833192 0.3472617 1.6548895 0.0586156 0.0269385 0.0501829 0.0526380 0.0329639 0.0000000 0.0560850 0.3071884 0.3410470 0.2802094 0.3964588 0.3889069 0.4162829 0.3464668 0.3517829 0.3680448 0.4014962 0.2860167 0.4897859 0.2759108 0.3368221 0.3865381 0.3425024 0.3978024 0.4721675 0.3503352 0.3540163 0.3543067 0.3049377 
Saccharomyces_uvarum                        0.3240583 0.3033533 0.3848562 0.4844320 0.3784626 0.4584478 0.4350315 0.4183258 0.3850583 0.3686632 1.6795110 0.0358255 0.0523485 0.0051379 0.0444158 0.0404781 0.0560850 0.0000000 0.3394950 0.3756345 0.2858363 0.4210330 0.4121326 0.4136106 0.3752638 0.3743538 0.3724762 0.4481817 0.3049905 0.4815449 0.2928642 0.3553177 0.4136029 0.3246398 0.4112371 0.4676623 0.3864169 0.3803991 0.3969469 0.3447661 
Tetrapisispora_blattae                      0.2705953 0.2698427 0.3401925 0.4087302 0.3052145 0.4469779 0.3419393 0.3312587 0.2831308 0.2801977 1.5168979 0.3421306 0.3102934 0.3320971 0.3261760 0.3333757 0.3071884 0.3394950 0.0000000 0.3476981 0.2577769 0.2844434 0.3733994 0.3933598 0.2943618 0.3431381 0.3221834 0.4785222 0.2744036 0.4196101 0.2726170 0.2930198 0.3572095 0.3233799 0.3634159 0.3791675 0.3627480 0.3581495 0.3479971 0.1270680 
Tetrapisispora_phaffii                      0.3216591 0.3024918 0.3565866 0.4772568 0.3465908 0.4796095 0.3897181 0.3840174 0.3240341 0.3384144 1.5417849 0.3570809 0.3432634 0.3714434 0.3683178 0.3700911 0.3410470 0.3756345 0.3476981 0.0000000 0.2192129 0.3078233 0.4058051 0.3866379 0.3586543 0.3989683 0.3645911 0.4461123 0.2712125 0.4037667 0.3173201 0.3512574 0.3836691 0.3184172 0.4030088 0.3757159 0.0677282 0.1478985 0.0452793 0.3490944 
Vanderwaltozyma_polyspora                   0.3039320 0.2402993 0.3441640 0.4159971 0.3045060 0.4703457 0.3526095 0.3439677 0.2612047 0.3392941 1.6206352 0.2974658 0.2830465 0.2819381 0.3026182 0.2835400 0.2802094 0.2858363 0.2577769 0.2192129 0.0000000 0.3474705 0.3598768 0.3489535 0.3260378 0.3450421 0.3084231 0.4093697 0.2543227 0.3888805 0.2428795 0.3114640 0.3347250 0.2651587 0.3538976 0.3555915 0.2268316 0.2504769 0.2353896 0.3002762 
yHAB132_Kazachstania_martiniae              0.2976857 0.2895069 0.3176940 0.3847280 0.3184333 0.4096193 0.3495541 0.3495322 0.2702321 0.2762044 1.5857788 0.4211312 0.4121675 0.4254504 0.4420332 0.4196089 0.3964588 0.4210330 0.2844434 0.3078233 0.3474705 0.0000000 0.3547895 0.4056382 0.2593017 0.3178269 0.2684497 0.4467721 0.2738579 0.3675923 0.3071313 0.3184963 0.3398375 0.3392463 0.3615980 0.3584786 0.3685124 0.3379596 0.3283274 0.2643715 
yHAB133_Kazachstania_unispora               0.3883364 0.2875825 0.2467454 0.5432997 0.3868174 0.4951330 0.4265148 0.4304111 0.3636694 0.4105275 1.7397048 0.4057350 0.3907810 0.4038804 0.4108920 0.4195319 0.3889069 0.4121326 0.3733994 0.4058051 0.3598768 0.3547895 0.0000000 0.3665269 0.2190053 0.0940193 0.2228386 0.4139292 0.3228925 0.2992913 0.2866160 0.3779548 0.0751120 0.3450890 0.0894144 0.3166472 0.4157090 0.4316938 0.4309882 0.3606424 
yHAB134_Kazachstania_turicensis             0.3785510 0.3611767 0.3992721 0.4566220 0.4002919 0.5990271 0.4453646 0.4589076 0.3920263 0.3848272 1.6652731 0.4171164 0.4138534 0.4159820 0.4225989 0.4392344 0.4162829 0.4136106 0.3933598 0.3866379 0.3489535 0.4056382 0.3665269 0.0000000 0.3737634 0.3588042 0.3458245 0.4566633 0.3576033 0.4261918 0.3236249 0.3617981 0.3744234 0.1818419 0.3950939 0.4179001 0.3972302 0.3884659 0.4159839 0.4453735 
yHAB136_Kazachstania_bromeliacearum         0.2831415 0.2616257 0.2210081 0.4418201 0.3322564 0.4491858 0.3770979 0.3663521 0.3104028 0.2990607 1.6483819 0.3809795 0.3478179 0.3655261 0.3770677 0.3585378 0.3464668 0.3752638 0.2943618 0.3586543 0.3260378 0.2593017 0.2190053 0.3737634 0.0000000 0.1784901 0.1366739 0.3761728 0.2449168 0.3065795 0.2509173 0.3038691 0.2069204 0.3243815 0.2064066 0.2957151 0.3724403 0.3686129 0.3668883 0.2607399 
yHAB143_Kazachstania_siamensis              0.3454149 0.2842780 0.2427267 0.4873438 0.3739913 0.4736072 0.4324082 0.4136089 0.3227657 0.3132379 1.5911290 0.3908124 0.3537736 0.3648542 0.3910938 0.3712582 0.3517829 0.3743538 0.3431381 0.3989683 0.3450421 0.3178269 0.0940193 0.3588042 0.1784901 0.0000000 0.1696941 0.3956502 0.3063622 0.3014008 0.2861725 0.3602051 0.0792620 0.3575312 0.0911102 0.2738099 0.4019778 0.3774389 0.4048885 0.3092747 
yHAB147_Kazachstania_taianensis             0.2882531 0.2648067 0.2179147 0.4518980 0.3031392 0.4496008 0.3680029 0.3496025 0.2933582 0.3288133 1.6814693 0.3910877 0.3696613 0.3776044 0.3868293 0.3827190 0.3680448 0.3724762 0.3221834 0.3645911 0.3084231 0.2684497 0.2228386 0.3458245 0.1366739 0.1696941 0.0000000 0.3711365 0.2803042 0.3165274 0.2778406 0.3264341 0.2012403 0.3463628 0.2216597 0.2978203 0.3743610 0.3756538 0.3830474 0.3163538 
yHAB148_Kazachstania_intestinalis           0.5131035 0.3798995 0.4069064 0.6184348 0.4853151 0.5385782 0.5258786 0.5311915 0.5052845 0.4871193 1.5409048 0.4396777 0.4298498 0.4406087 0.4333928 0.4484567 0.4014962 0.4481817 0.4785222 0.4461123 0.4093697 0.4467721 0.4139292 0.4566633 0.3761728 0.3956502 0.3711365 0.0000000 0.3785260 0.4847397 0.3699686 0.4261588 0.4081450 0.4122249 0.4201185 0.4756558 0.4404986 0.4755602 0.4363591 0.4429694 
yHAB153_Kazachstania_rosinii                0.3002582 0.2318926 0.3085058 0.4809969 0.3002843 0.4061271 0.3484601 0.3396075 0.2587520 0.2825286 1.4970680 0.3057143 0.2821206 0.3091422 0.3130819 0.3109247 0.2860167 0.3049905 0.2744036 0.2712125 0.2543227 0.2738579 0.3228925 0.3576033 0.2449168 0.3063622 0.2803042 0.3785260 0.0000000 0.3956417 0.1735970 0.2367009 0.3387492 0.2317672 0.3411062 0.3512761 0.3159496 0.3276171 0.2783368 0.2459902 
yHAB154_Kazachstania_transvaalensis         0.4556548 0.3300299 0.3216570 0.5281024 0.4796280 0.5601186 0.5019289 0.4988439 0.3896779 0.3961017 1.5832127 0.4906551 0.4894924 0.4760163 0.4888908 0.4843353 0.4897859 0.4815449 0.4196101 0.4037667 0.3888805 0.3675923 0.2992913 0.4261918 0.3065795 0.3014008 0.3165274 0.4847397 0.3956417 0.0000000 0.4006710 0.4451146 0.3001168 0.4018839 0.3149679 0.1018826 0.4362220 0.4337045 0.4304134 0.4302838 
yHAB155_Kazachstania_spencerorum            0.3019207 0.1951592 0.2888709 0.4936188 0.3099982 0.4006807 0.3425467 0.3488692 0.2687501 0.2912628 1.4854194 0.2966702 0.2798012 0.2840252 0.2848817 0.2911909 0.2759108 0.2928642 0.2726170 0.3173201 0.2428795 0.3071313 0.2866160 0.3236249 0.2509173 0.2861725 0.2778406 0.3699686 0.1735970 0.4006710 0.0000000 0.3064607 0.3016418 0.2218041 0.3122170 0.3389292 0.3154490 0.3306546 0.3249615 0.2773206 
yHAB158_Kazachstania_viticola               0.3154290 0.2609759 0.3193015 0.4751443 0.3676178 0.4353923 0.4084248 0.3768626 0.3019534 0.2998824 1.5293665 0.3634563 0.3421762 0.3506262 0.3597793 0.3530341 0.3368221 0.3553177 0.2930198 0.3512574 0.3114640 0.3184963 0.3779548 0.3617981 0.3038691 0.3602051 0.3264341 0.4261588 0.2367009 0.4451146 0.3064607 0.0000000 0.3800647 0.3289654 0.3947068 0.4323426 0.3881372 0.3697637 0.3753382 0.3086583 
yHAB159_Kazachstania_solicola               0.3574296 0.2722474 0.2445056 0.5511972 0.3541922 0.4996749 0.4160411 0.4160690 0.3435169 0.3628703 1.7599010 0.4196085 0.3900522 0.4061431 0.4140152 0.4172488 0.3865381 0.4136029 0.3572095 0.3836691 0.3347250 0.3398375 0.0751120 0.3744234 0.2069204 0.0792620 0.2012403 0.4081450 0.3387492 0.3001168 0.3016418 0.3800647 0.0000000 0.3683590 0.0312665 0.2874450 0.3862952 0.3984464 0.4067453 0.3451664 
yHAB160_Kazachstania_kunashirensis          0.3095761 0.2731255 0.3338286 0.4456516 0.3266713 0.4883526 0.3747905 0.3643749 0.3137486 0.3399890 1.6151074 0.3316868 0.3371423 0.3261462 0.3535465 0.3453731 0.3425024 0.3246398 0.3233799 0.3184172 0.2651587 0.3392463 0.3450890 0.1818419 0.3243815 0.3575312 0.3463628 0.4122249 0.2317672 0.4018839 0.2218041 0.3289654 0.3683590 0.0000000 0.3757964 0.3717102 0.3352409 0.3355853 0.3344764 0.3152197 
yHAB164_Kazachstania_aerobia                0.3829324 0.2809261 0.2559624 0.5591344 0.3762306 0.5371341 0.4296439 0.4305345 0.3527648 0.3701735 1.7766848 0.4352074 0.3996414 0.4037995 0.4251148 0.4197798 0.3978024 0.4112371 0.3634159 0.4030088 0.3538976 0.3615980 0.0894144 0.3950939 0.2064066 0.0911102 0.2216597 0.4201185 0.3411062 0.3149679 0.3122170 0.3947068 0.0312665 0.3757964 0.0000000 0.2929626 0.4008756 0.4162028 0.4193642 0.3640255 
yHAB166_Kazachstania_yakushimaensis         0.4142167 0.3456536 0.3080403 0.5171710 0.4498981 0.5786427 0.4766155 0.4796027 0.3469085 0.3546296 1.5646795 0.4782072 0.4618610 0.4622013 0.4877655 0.4946880 0.4721675 0.4676623 0.3791675 0.3757159 0.3555915 0.3584786 0.3166472 0.4179001 0.2957151 0.2738099 0.2978203 0.4756558 0.3512761 0.1018826 0.3389292 0.4323426 0.2874450 0.3717102 0.2929626 0.0000000 0.3925718 0.4219925 0.3947940 0.4078802 
yHMPu5000034875_Tetrapisispora_fleetii      0.3361710 0.3179170 0.3746037 0.4895287 0.3452734 0.5132189 0.4043830 0.4132186 0.3597870 0.3642029 1.5447168 0.3853990 0.3641200 0.3821378 0.3807591 0.3921555 0.3503352 0.3864169 0.3627480 0.0677282 0.2268316 0.3685124 0.4157090 0.3972302 0.3724403 0.4019778 0.3743610 0.4404986 0.3159496 0.4362220 0.3154490 0.3881372 0.3862952 0.3352409 0.4008756 0.3925718 0.0000000 0.1802101 0.0644344 0.3758606 
yHMPu5000034876_Tetrapisispora_iriomotensis 0.3275066 0.3264662 0.4191386 0.5212601 0.3947251 0.5224813 0.4217492 0.4306914 0.3256009 0.3253979 1.6017655 0.3578530 0.3690876 0.3762216 0.3801079 0.3837500 0.3540163 0.3803991 0.3581495 0.1478985 0.2504769 0.3379596 0.4316938 0.3884659 0.3686129 0.3774389 0.3756538 0.4755602 0.3276171 0.4337045 0.3306546 0.3697637 0.3984464 0.3355853 0.4162028 0.4219925 0.1802101 0.0000000 0.1541965 0.3716446 
yHMPu5000034877_Tetrapisispora_namnaonensis 0.3555337 0.3147761 0.3645884 0.4858687 0.3657665 0.5006496 0.4056818 0.4170940 0.3330656 0.3542476 1.5986144 0.3749533 0.3592368 0.3926501 0.3777389 0.3912471 0.3543067 0.3969469 0.3479971 0.0452793 0.2353896 0.3283274 0.4309882 0.4159839 0.3668883 0.4048885 0.3830474 0.4363591 0.2783368 0.4304134 0.3249615 0.3753382 0.4067453 0.3344764 0.4193642 0.3947940 0.0644344 0.1541965 0.0000000 0.3580959 
yHMPu5000035629_Yueomyces_sinensis          0.2591987 0.2778230 0.3196941 0.4154710 0.3163798 0.3824752 0.3793133 0.3600744 0.3034918 0.2828244 1.4580858 0.3423596 0.3090120 0.3373453 0.3402863 0.3357359 0.3049377 0.3447661 0.1270680 0.3490944 0.3002762 0.2643715 0.3606424 0.4453735 0.2607399 0.3092747 0.3163538 0.4429694 0.2459902 0.4302838 0.2773206 0.3086583 0.3451664 0.3152197 0.3640255 0.4078802 0.3758606 0.3716446 0.3580959 0.0000000 
