40
Candida_glabrata                            0.0000000 0.0562490 0.1103734 0.2096171 0.0631312 0.1974657 0.0422977 0.0233155 0.0888138 0.1303009 0.7513348 0.0868262 0.0927744 0.1000599 0.0881836 0.0779089 0.0916649 0.0789058 0.1484444 0.1256091 0.1238509 0.2086196 0.0938327 0.1383850 0.1012361 0.0838645 0.0971706 0.1120130 0.1125587 0.1317768 0.1102730 0.0867475 0.1170095 0.1075689 0.1000709 0.1183816 0.1222202 0.1213630 0.1172092 0.1192199 
Kazachstania_africana                       0.0562490 0.0000000 0.0940000 0.2221636 0.1175401 0.2483231 0.0790572 0.0662937 0.0946307 0.1192023 0.7922763 0.1269560 0.1310484 0.1478541 0.1389887 0.1186887 0.1323720 0.1307820 0.1656411 0.1354865 0.1519222 0.1703948 0.0949746 0.0903393 0.1164231 0.0810253 0.1052702 0.0941443 0.1303688 0.1197492 0.1213092 0.0977305 0.0933418 0.0594245 0.1002535 0.1068966 0.1333161 0.1295848 0.1375753 0.1337657 
Kazachstania_naganishii                     0.1103734 0.0940000 0.0000000 0.2139576 0.1411198 0.2216577 0.1220403 0.0995504 0.1104221 0.1000921 0.7651236 0.1165703 0.1273417 0.1390623 0.1272366 0.1229552 0.1258927 0.1359034 0.1530263 0.0802712 0.1166910 0.1427017 0.0470336 0.1022761 0.0651862 0.0823153 0.0984346 0.0981813 0.0915074 0.0953835 0.1210179 0.1009938 0.0648155 0.1105808 0.0524352 0.0831670 0.0904464 0.1114582 0.1010893 0.1050233 
Nakaseomyces_bacillisporus                  0.2096171 0.2221636 0.2139576 0.0000000 0.1620204 0.1400946 0.2022220 0.1976632 0.2035150 0.2299207 0.9840414 0.1992669 0.1725142 0.2233018 0.2240422 0.1980653 0.1795730 0.2164359 0.1704551 0.2014730 0.1345677 0.2047403 0.1935918 0.1887747 0.1805079 0.2050186 0.2099853 0.1807002 0.1844699 0.2241721 0.2086831 0.1599254 0.1844115 0.1985914 0.2007945 0.2102078 0.1809771 0.2106345 0.1987811 0.1965307 
Nakaseomyces_bracarensis                    0.0631312 0.1175401 0.1411198 0.1620204 0.0000000 0.1755251 0.0812263 0.0603146 0.0942978 0.1406761 0.7788458 0.1129629 0.1041908 0.1235723 0.1242481 0.0876775 0.1096760 0.1344178 0.1368270 0.1344911 0.1194038 0.2123413 0.1010363 0.1644300 0.1136890 0.1207058 0.1202259 0.1455306 0.1448838 0.1521415 0.1312579 0.1170221 0.1156673 0.1269033 0.1066034 0.1519802 0.1226689 0.1847032 0.1181153 0.1595634 
Nakaseomyces_castellii                      0.1974657 0.2483231 0.2216577 0.1400946 0.1755251 0.0000000 0.2104601 0.1990984 0.2087143 0.2070709 0.8914437 0.1750434 0.1794470 0.2176516 0.2393624 0.1896932 0.1869323 0.2336916 0.1885975 0.2085655 0.1331642 0.2488880 0.2238706 0.2306992 0.2126219 0.2090064 0.2052014 0.1824247 0.1856385 0.2028586 0.2198323 0.1684630 0.1985062 0.2190693 0.2251479 0.1880542 0.1633024 0.1854244 0.1716772 0.2205247 
Nakaseomyces_delphensis                     0.0422977 0.0790572 0.1220403 0.2022220 0.0812263 0.2104601 0.0000000 0.0222734 0.0847468 0.1245935 0.7539907 0.0872295 0.0822558 0.1076790 0.1108200 0.0651133 0.0877759 0.0867087 0.1508342 0.1248099 0.1206189 0.2115276 0.0852573 0.1662152 0.0985237 0.0686789 0.1003578 0.1266420 0.1063820 0.1104212 0.1091019 0.0840852 0.1098875 0.1244016 0.0904663 0.0979264 0.1347132 0.1364866 0.1355333 0.1309234 
Nakaseomyces_nivariensis                    0.0233155 0.0662937 0.0995504 0.1976632 0.0603146 0.1990984 0.0222734 0.0000000 0.0713538 0.1026861 0.7349358 0.0938414 0.0886150 0.1142957 0.1118182 0.0715303 0.0876004 0.0932900 0.1413208 0.1066177 0.1140930 0.1884254 0.0649316 0.1391449 0.0776046 0.0546762 0.0922852 0.1230029 0.0998657 0.1106135 0.1180414 0.0768956 0.0862646 0.1004536 0.0701808 0.0980952 0.1157338 0.1323030 0.1164339 0.1212063 
Naumovozyma_castellii                       0.0888138 0.0946307 0.1104221 0.2035150 0.0942978 0.2087143 0.0847468 0.0713538 0.0000000 0.0768834 0.6787227 0.0706612 0.0568818 0.1112507 0.0861599 0.0570822 0.0500924 0.0949535 0.1544444 0.0971163 0.1030330 0.1567163 0.0757502 0.1474593 0.0762884 0.0813116 0.0932022 0.1158938 0.1266650 0.0874787 0.1093296 0.0958029 0.0909304 0.1157968 0.0690255 0.0814334 0.1298016 0.1549014 0.1305727 0.1307439 
Naumovozyma_dairenensis                     0.1303009 0.1192023 0.1000921 0.2299207 0.1406761 0.2070709 0.1245935 0.1026861 0.0768834 0.0000000 0.7445752 0.1520030 0.1107217 0.1598677 0.1645387 0.1367368 0.1094495 0.1511994 0.1453856 0.1047362 0.1175786 0.1650884 0.0850364 0.1745749 0.0921554 0.0874510 0.1072104 0.1050113 0.1313370 0.1094741 0.1411907 0.0964489 0.1028801 0.1472866 0.0778886 0.1031309 0.1080401 0.1357812 0.1014112 0.1414598 
Neurospora_crassa                           0.7513348 0.7922763 0.7651236 0.9840414 0.7788458 0.8914437 0.7539907 0.7349358 0.6787227 0.7445752 0.0000000 0.6649436 0.6981625 0.7093049 0.7551154 0.6466287 0.6948570 0.7433961 0.7960845 0.7969787 0.7000705 1.0861817 0.7939224 0.8516429 0.8130033 0.7703813 0.7565017 0.7836947 0.7638775 0.6973876 0.7452393 0.7611701 0.9469449 0.8349212 0.7897586 0.6728487 0.7579339 0.8183319 0.7298858 0.8413337 
Saccharomyces_arboricola                    0.0868262 0.1269560 0.1165703 0.1992669 0.1129629 0.1750434 0.0872295 0.0938414 0.0706612 0.1520030 0.6649436 0.0000000 0.0491734 0.0224502 0.0228647 0.0228532 0.0485289 0.0240390 0.1508032 0.1265830 0.1057800 0.1938207 0.1118773 0.1508108 0.1208652 0.1106380 0.1016188 0.1241306 0.1040044 0.1140924 0.1172831 0.0990617 0.1130986 0.1450057 0.1182519 0.1011238 0.1430005 0.1303671 0.1487096 0.1078476 
Saccharomyces_cerevisiae                    0.0927744 0.1310484 0.1273417 0.1725142 0.1041908 0.1794470 0.0822558 0.0886150 0.0568818 0.1107217 0.6981625 0.0491734 0.0000000 0.0590632 0.0630101 0.0364245 0.0111307 0.0467942 0.1271068 0.1188437 0.1022532 0.1465760 0.1022712 0.1652466 0.1047432 0.1024950 0.0844591 0.1208558 0.1158365 0.1110076 0.1271594 0.0998927 0.1139588 0.1489760 0.0956561 0.1042839 0.1195041 0.1135457 0.1321131 0.1186155 
Saccharomyces_eubayanus                     0.1000599 0.1478541 0.1390623 0.2233018 0.1235723 0.2176516 0.1076790 0.1142957 0.1112507 0.1598677 0.7093049 0.0224502 0.0590632 0.0000000 0.0524285 0.0465176 0.0641810 0.0337810 0.1692317 0.1568846 0.1360413 0.2060720 0.1413474 0.1926490 0.1501655 0.1316331 0.1173515 0.1514823 0.1182395 0.1357844 0.1400211 0.1062908 0.1364453 0.1870761 0.1477959 0.1354573 0.1448463 0.1382251 0.1498280 0.1154394 
Saccharomyces_kudriavzevii                  0.0881836 0.1389887 0.1272366 0.2240422 0.1242481 0.2393624 0.1108200 0.1118182 0.0861599 0.1645387 0.7551154 0.0228647 0.0630101 0.0524285 0.0000000 0.0352697 0.0560311 0.0428891 0.1613097 0.1377429 0.1308312 0.1871834 0.1223249 0.1740191 0.1314851 0.1313309 0.1181532 0.1432846 0.1142877 0.1311757 0.1263608 0.1076508 0.1152254 0.1681324 0.1289024 0.1177470 0.1642651 0.1402456 0.1610806 0.1186728 
Saccharomyces_mikatae                       0.0779089 0.1186887 0.1229552 0.1980653 0.0876775 0.1896932 0.0651133 0.0715303 0.0570822 0.1367368 0.6466287 0.0228532 0.0364245 0.0465176 0.0352697 0.0000000 0.0359566 0.0368949 0.1351402 0.1192756 0.0956320 0.1751283 0.1046972 0.1496457 0.1137802 0.1030883 0.0945621 0.1231952 0.0967725 0.1070455 0.1163785 0.0982524 0.1073640 0.1347479 0.1110799 0.0941126 0.1353942 0.1227029 0.1411911 0.1105495 
Saccharomyces_paradoxus                     0.0916649 0.1323720 0.1258927 0.1795730 0.1096760 0.1869323 0.0877759 0.0876004 0.0500924 0.1094495 0.6948570 0.0485289 0.0111307 0.0641810 0.0560311 0.0359566 0.0000000 0.0462007 0.1255998 0.1174945 0.1010340 0.1463574 0.1031812 0.1631490 0.1035485 0.1012744 0.0834803 0.1194628 0.1144754 0.1098945 0.1257097 0.0987816 0.1125659 0.1470669 0.0965049 0.0968680 0.1193468 0.1121597 0.1319453 0.1171685 
Saccharomyces_uvarum                        0.0789058 0.1307820 0.1359034 0.2164359 0.1344178 0.2336916 0.0867087 0.0932900 0.0949535 0.1511994 0.7433961 0.0240390 0.0467942 0.0337810 0.0428891 0.0368949 0.0462007 0.0000000 0.1600884 0.1538334 0.1472638 0.2029649 0.1382194 0.1748042 0.1471467 0.1234407 0.1186826 0.1354512 0.1148935 0.1329083 0.1368370 0.0984961 0.1330649 0.1690036 0.1447310 0.1195332 0.1506954 0.1296341 0.1479206 0.1072195 
Tetrapisispora_blattae                      0.1484444 0.1656411 0.1530263 0.1704551 0.1368270 0.1885975 0.1508342 0.1413208 0.1544444 0.1453856 0.7960845 0.1508032 0.1271068 0.1692317 0.1613097 0.1351402 0.1255998 0.1600884 0.0000000 0.1571031 0.0932928 0.1759852 0.1205125 0.1426746 0.1286993 0.1343507 0.1186599 0.1297266 0.1234002 0.1623575 0.1414962 0.1009161 0.1168517 0.1485884 0.1393807 0.1480670 0.1177897 0.1485440 0.1183610 0.1273058 
Tetrapisispora_phaffii                      0.1256091 0.1354865 0.0802712 0.2014730 0.1344911 0.2085655 0.1248099 0.1066177 0.0971163 0.1047362 0.7969787 0.1265830 0.1188437 0.1568846 0.1377429 0.1192756 0.1174945 0.1538334 0.1571031 0.0000000 0.1006114 0.1406451 0.0517111 0.1684963 0.0708251 0.0884128 0.0907085 0.1108064 0.0755911 0.1082531 0.1348033 0.0980530 0.0645605 0.1448765 0.0575028 0.0898967 0.0469347 0.0599344 0.0597343 0.1010215 
Vanderwaltozyma_polyspora                   0.1238509 0.1519222 0.1166910 0.1345677 0.1194038 0.1331642 0.1206189 0.1140930 0.1030330 0.1175786 0.7000705 0.1057800 0.1022532 0.1360413 0.1308312 0.0956320 0.1010340 0.1472638 0.0932928 0.1006114 0.0000000 0.1629319 0.1036924 0.1451774 0.1047988 0.1357481 0.0941536 0.1095165 0.0801753 0.1488525 0.1256760 0.0919663 0.1064135 0.1320039 0.1101419 0.1282767 0.0884476 0.1205197 0.0954190 0.0991123 
yHAB132_Kazachstania_martiniae              0.2086196 0.1703948 0.1427017 0.2047403 0.2123413 0.2488880 0.2115276 0.1884254 0.1567163 0.1650884 1.0861817 0.1938207 0.1465760 0.2060720 0.1871834 0.1751283 0.1463574 0.2029649 0.1759852 0.1406451 0.1629319 0.0000000 0.1147565 0.1830557 0.1230244 0.1182464 0.1357351 0.1790810 0.1472438 0.1455769 0.2014587 0.1581873 0.1080528 0.1919091 0.1067398 0.1299827 0.1573480 0.1620120 0.1625420 0.1518955 
yHAB133_Kazachstania_unispora               0.0938327 0.0949746 0.0470336 0.1935918 0.1010363 0.2238706 0.0852573 0.0649316 0.0757502 0.0850364 0.7939224 0.1118773 0.1022712 0.1413474 0.1223249 0.1046972 0.1031812 0.1382194 0.1205125 0.0517111 0.1036924 0.1147565 0.0000000 0.1267555 0.0392943 0.0353479 0.0763359 0.1027785 0.0850147 0.0816247 0.1181166 0.0841711 0.0182716 0.1033391 0.0053568 0.0697746 0.0795959 0.1041441 0.0938071 0.1097394 
yHAB134_Kazachstania_turicensis             0.1383850 0.0903393 0.1022761 0.1887747 0.1644300 0.2306992 0.1662152 0.1391449 0.1474593 0.1745749 0.8516429 0.1508108 0.1652466 0.1926490 0.1740191 0.1496457 0.1631490 0.1748042 0.1426746 0.1684963 0.1451774 0.1830557 0.1267555 0.0000000 0.1432722 0.1371617 0.1646369 0.1556869 0.1458677 0.1660141 0.1734577 0.1479510 0.1290327 0.0317781 0.1329100 0.1516263 0.1583684 0.1868825 0.1676988 0.1402912 
yHAB136_Kazachstania_bromeliacearum         0.1012361 0.1164231 0.0651862 0.1805079 0.1136890 0.2126219 0.0985237 0.0776046 0.0762884 0.0921554 0.8130033 0.1208652 0.1047432 0.1501655 0.1314851 0.1137802 0.1035485 0.1471467 0.1286993 0.0708251 0.1047988 0.1230244 0.0392943 0.1432722 0.0000000 0.0550923 0.0778835 0.1217978 0.0940971 0.1067595 0.1257197 0.0982244 0.0563573 0.1175093 0.0333364 0.0947089 0.1007585 0.1235748 0.1158003 0.1230499 
yHAB143_Kazachstania_siamensis              0.0838645 0.0810253 0.0823153 0.2050186 0.1207058 0.2090064 0.0686789 0.0546762 0.0813116 0.0874510 0.7703813 0.1106380 0.1024950 0.1316331 0.1313309 0.1030883 0.1012744 0.1234407 0.1343507 0.0884128 0.1357481 0.1182464 0.0353479 0.1371617 0.0550923 0.0000000 0.0681282 0.1063253 0.0968071 0.0871216 0.1304597 0.0799013 0.0530260 0.1056646 0.0294272 0.0744639 0.0899984 0.1051383 0.0985107 0.1140561 
yHAB147_Kazachstania_taianensis             0.0971706 0.1052702 0.0984346 0.2099853 0.1202259 0.2052014 0.1003578 0.0922852 0.0932022 0.1072104 0.7565017 0.1016188 0.0844591 0.1173515 0.1181532 0.0945621 0.0834803 0.1186826 0.1186599 0.0907085 0.0941536 0.1357351 0.0763359 0.1646369 0.0778835 0.0681282 0.0000000 0.0908564 0.0640995 0.1112543 0.0995366 0.0972162 0.0851824 0.1390233 0.0702092 0.0985720 0.0618431 0.0818104 0.0744190 0.0566145 
yHAB148_Kazachstania_intestinalis           0.1120130 0.0941443 0.0981813 0.1807002 0.1455306 0.1824247 0.1266420 0.1230029 0.1158938 0.1050113 0.7836947 0.1241306 0.1208558 0.1514823 0.1432846 0.1231952 0.1194628 0.1354512 0.1297266 0.1108064 0.1095165 0.1790810 0.1027785 0.1556869 0.1217978 0.1063253 0.0908564 0.0000000 0.1125821 0.1292408 0.1171990 0.0879000 0.1151432 0.1282393 0.1081153 0.1104142 0.0881908 0.1217400 0.0881908 0.1198332 
yHAB153_Kazachstania_rosinii                0.1125587 0.1303688 0.0915074 0.1844699 0.1448838 0.1856385 0.1063820 0.0998657 0.1266650 0.1313370 0.7638775 0.1040044 0.1158365 0.1182395 0.1142877 0.0967725 0.1144754 0.1148935 0.1234002 0.0755911 0.0801753 0.1472438 0.0850147 0.1458677 0.0940971 0.0968071 0.0640995 0.1125821 0.0000000 0.1223431 0.1239392 0.0849687 0.0822865 0.1343905 0.0904992 0.1026528 0.0801492 0.0734771 0.0751524 0.0581550 
yHAB154_Kazachstania_transvaalensis         0.1317768 0.1197492 0.0953835 0.2241721 0.1521415 0.2028586 0.1104212 0.1106135 0.0874787 0.1094741 0.6973876 0.1140924 0.1110076 0.1357844 0.1311757 0.1070455 0.1098945 0.1329083 0.1623575 0.1082531 0.1488525 0.1455769 0.0816247 0.1660141 0.1067595 0.0871216 0.1112543 0.1292408 0.1223431 0.0000000 0.1310305 0.1226509 0.1045510 0.1316890 0.0866325 0.0159194 0.1151871 0.1310877 0.1158819 0.1439326 
yHAB155_Kazachstania_spencerorum            0.1102730 0.1213092 0.1210179 0.2086831 0.1312579 0.2198323 0.1091019 0.1180414 0.1093296 0.1411907 0.7452393 0.1172831 0.1271594 0.1400211 0.1263608 0.1163785 0.1257097 0.1368370 0.1414962 0.1348033 0.1256760 0.2014587 0.1181166 0.1734577 0.1257197 0.1304597 0.0995366 0.1171990 0.1239392 0.1310305 0.0000000 0.0840821 0.1318716 0.1376056 0.1242477 0.1245367 0.1338131 0.1361194 0.1346296 0.1336450 
yHAB158_Kazachstania_viticola               0.0867475 0.0977305 0.1009938 0.1599254 0.1170221 0.1684630 0.0840852 0.0768956 0.0958029 0.0964489 0.7611701 0.0990617 0.0998927 0.1062908 0.1076508 0.0982524 0.0987816 0.0984961 0.1009161 0.0980530 0.0919663 0.1581873 0.0841711 0.1479510 0.0982244 0.0799013 0.0972162 0.0879000 0.0849687 0.1226509 0.0840821 0.0000000 0.0937482 0.1161389 0.0901972 0.1039213 0.1067993 0.0939426 0.1074416 0.1103158 
yHAB159_Kazachstania_solicola               0.1170095 0.0933418 0.0648155 0.1844115 0.1156673 0.1985062 0.1098875 0.0862646 0.0909304 0.1028801 0.9469449 0.1130986 0.1139588 0.1364453 0.1152254 0.1073640 0.1125659 0.1330649 0.1168517 0.0645605 0.1064135 0.1080528 0.0182716 0.1290327 0.0563573 0.0530260 0.0851824 0.1151432 0.0822865 0.1045510 0.1318716 0.0937482 0.0000000 0.1183285 0.0244729 0.0912881 0.0911422 0.1064730 0.0970970 0.1019718 
yHAB160_Kazachstania_kunashirensis          0.1075689 0.0594245 0.1105808 0.1985914 0.1269033 0.2190693 0.1244016 0.1004536 0.1157968 0.1472866 0.8349212 0.1450057 0.1489760 0.1870761 0.1681324 0.1347479 0.1470669 0.1690036 0.1485884 0.1448765 0.1320039 0.1919091 0.1033391 0.0317781 0.1175093 0.1056646 0.1390233 0.1282393 0.1343905 0.1316890 0.1376056 0.1161389 0.1183285 0.0000000 0.1089220 0.1177618 0.1431433 0.1719578 0.1424802 0.1470957 
yHAB164_Kazachstania_aerobia                0.1000709 0.1002535 0.0524352 0.2007945 0.1066034 0.2251479 0.0904663 0.0701808 0.0690255 0.0778886 0.7897586 0.1182519 0.0956561 0.1477959 0.1289024 0.1110799 0.0965049 0.1447310 0.1393807 0.0575028 0.1101419 0.1067398 0.0053568 0.1329100 0.0333364 0.0294272 0.0702092 0.1081153 0.0904992 0.0866325 0.1242477 0.0901972 0.0244729 0.1089220 0.0000000 0.0748927 0.0860264 0.1092392 0.1000666 0.1168257 
yHAB166_Kazachstania_yakushimaensis         0.1183816 0.1068966 0.0831670 0.2102078 0.1519802 0.1880542 0.0979264 0.0980952 0.0814334 0.1031309 0.6728487 0.1011238 0.1042839 0.1354573 0.1177470 0.0941126 0.0968680 0.1195332 0.1480670 0.0898967 0.1282767 0.1299827 0.0697746 0.1516263 0.0947089 0.0744639 0.0985720 0.1104142 0.1026528 0.0159194 0.1245367 0.1039213 0.0912881 0.1177618 0.0748927 0.0000000 0.1020416 0.1111146 0.1026710 0.1231246 
yHMPu5000034875_Tetrapisispora_fleetii      0.1222202 0.1333161 0.0904464 0.1809771 0.1226689 0.1633024 0.1347132 0.1157338 0.1298016 0.1080401 0.7579339 0.1430005 0.1195041 0.1448463 0.1642651 0.1353942 0.1193468 0.1506954 0.1177897 0.0469347 0.0884476 0.1573480 0.0795959 0.1583684 0.1007585 0.0899984 0.0618431 0.0881908 0.0801492 0.1151871 0.1338131 0.1067993 0.0911422 0.1431433 0.0860264 0.1020416 0.0000000 0.0588035 0.0285014 0.0915633 
yHMPu5000034876_Tetrapisispora_iriomotensis 0.1213630 0.1295848 0.1114582 0.2106345 0.1847032 0.1854244 0.1364866 0.1323030 0.1549014 0.1357812 0.8183319 0.1303671 0.1135457 0.1382251 0.1402456 0.1227029 0.1121597 0.1296341 0.1485440 0.0599344 0.1205197 0.1620120 0.1041441 0.1868825 0.1235748 0.1051383 0.0818104 0.1217400 0.0734771 0.1310877 0.1361194 0.0939426 0.1064730 0.1719578 0.1092392 0.1111146 0.0588035 0.0000000 0.0582958 0.0943901 
yHMPu5000034877_Tetrapisispora_namnaonensis 0.1172092 0.1375753 0.1010893 0.1987811 0.1181153 0.1716772 0.1355333 0.1164339 0.1305727 0.1014112 0.7298858 0.1487096 0.1321131 0.1498280 0.1610806 0.1411911 0.1319453 0.1479206 0.1183610 0.0597343 0.0954190 0.1625420 0.0938071 0.1676988 0.1158003 0.0985107 0.0744190 0.0881908 0.0751524 0.1158819 0.1346296 0.1074416 0.0970970 0.1424802 0.1000666 0.1026710 0.0285014 0.0582958 0.0000000 0.0926250 
yHMPu5000035629_Yueomyces_sinensis          0.1192199 0.1337657 0.1050233 0.1965307 0.1595634 0.2205247 0.1309234 0.1212063 0.1307439 0.1414598 0.8413337 0.1078476 0.1186155 0.1154394 0.1186728 0.1105495 0.1171685 0.1072195 0.1273058 0.1010215 0.0991123 0.1518955 0.1097394 0.1402912 0.1230499 0.1140561 0.0566145 0.1198332 0.0581550 0.1439326 0.1336450 0.1103158 0.1019718 0.1470957 0.1168257 0.1231246 0.0915633 0.0943901 0.0926250 0.0000000 
