40
Candida_glabrata                            0.0000000 0.4248891 0.5281124 0.2163499 0.1362434 0.3111887 0.2144616 0.1657809 0.2700968 0.2756169 0.7010977 0.1891978 0.1829723 0.1914961 0.2009577 0.1944451 0.1991123 0.2077065 0.4285384 0.2236571 0.2151243 0.3471006 0.4992971 0.3450862 0.4320272 0.4988842 0.6128593 0.3844720 0.3620747 0.6982134 0.4114421 0.3800641 0.4676335 0.4283477 0.4977911 0.7353810 0.2272104 0.2356408 0.2219928 0.4989411 
Kazachstania_africana                       0.4248891 0.0000000 0.4859121 0.4892713 0.4358439 0.6193205 0.4217416 0.4083889 0.4622782 0.4169586 0.7170840 0.3941188 0.3909359 0.3937674 0.4149436 0.4001987 0.3854678 0.4177856 0.5392938 0.4527883 0.4161075 0.2410028 0.2901842 0.2444075 0.2755011 0.3100334 0.5268618 0.1925208 0.1807097 0.6128424 0.1677450 0.1608535 0.3282114 0.2114994 0.3167481 0.6231043 0.4473017 0.4691876 0.4491091 0.6488887 
Kazachstania_naganishii                     0.5281124 0.4859121 0.0000000 0.5509643 0.5094257 0.5791830 0.4554093 0.5103361 0.4798885 0.4988313 0.8833670 0.4465474 0.4391546 0.4568112 0.4422725 0.4513747 0.4643536 0.4535192 0.6223439 0.5005963 0.5429902 0.4358730 0.5423999 0.4277741 0.5086389 0.5479321 0.5228928 0.4243243 0.4218087 0.8345830 0.4434994 0.4466798 0.5160772 0.4548184 0.5351266 0.8743453 0.5293594 0.4733907 0.4880905 0.7463938 
Nakaseomyces_bacillisporus                  0.2163499 0.4892713 0.5509643 0.0000000 0.1797537 0.3493136 0.2032560 0.1912020 0.2352482 0.3310639 0.6810394 0.2412343 0.2379541 0.2272367 0.2360455 0.2419226 0.2406458 0.2279015 0.3872429 0.2016622 0.2384181 0.4009184 0.4971384 0.4188715 0.4538658 0.5222380 0.6454740 0.3766093 0.4423959 0.7496318 0.4139132 0.4098682 0.4504421 0.4762857 0.5055294 0.7840325 0.2410397 0.2623615 0.2162695 0.5910237 
Nakaseomyces_bracarensis                    0.1362434 0.4358439 0.5094257 0.1797537 0.0000000 0.3591934 0.1058331 0.0555453 0.2620384 0.2837902 0.5755082 0.2090234 0.2068252 0.2105511 0.2280992 0.2126138 0.2070305 0.2276251 0.3945837 0.2053842 0.2382875 0.3738601 0.4492356 0.3766843 0.4492777 0.4333831 0.6594147 0.3938531 0.3823840 0.6545721 0.3966787 0.3872053 0.4217938 0.4283343 0.4528099 0.7481965 0.2080745 0.2172761 0.2120687 0.4786377 
Nakaseomyces_castellii                      0.3111887 0.6193205 0.5791830 0.3493136 0.3591934 0.0000000 0.3720614 0.3934147 0.3445328 0.4253681 0.8608761 0.3835113 0.3524898 0.3524786 0.3729692 0.3544175 0.3636335 0.3688037 0.4837056 0.3710865 0.3772354 0.5090407 0.5478800 0.5071022 0.6482622 0.5382575 0.6138911 0.5325398 0.5295861 0.8433912 0.5374344 0.4867304 0.5117190 0.5745830 0.5198640 0.8675046 0.3541667 0.3346790 0.3379625 0.6231104 
Nakaseomyces_delphensis                     0.2144616 0.4217416 0.4554093 0.2032560 0.1058331 0.3720614 0.0000000 0.0723292 0.2468370 0.2574166 0.5888043 0.2313674 0.2238170 0.2304961 0.2207780 0.2269556 0.2226337 0.2372342 0.3114715 0.2146240 0.2346093 0.3430219 0.3743402 0.3995627 0.4249925 0.3971772 0.6173024 0.3756410 0.3691134 0.7077110 0.3432020 0.3874753 0.3742576 0.4050020 0.3987372 0.7747012 0.2209797 0.2245323 0.1952976 0.4438805 
Nakaseomyces_nivariensis                    0.1657809 0.4083889 0.5103361 0.1912020 0.0555453 0.3934147 0.0723292 0.0000000 0.2583029 0.2411738 0.5554324 0.2258501 0.2321874 0.2388996 0.2495917 0.2404158 0.2169543 0.2543902 0.3673458 0.1996069 0.2354872 0.3923404 0.4189737 0.4118293 0.4069489 0.3973394 0.6202274 0.3601913 0.3660767 0.6715880 0.3773100 0.3698015 0.4225745 0.4248957 0.4532988 0.7482768 0.1993473 0.2292123 0.2030488 0.4524073 
Naumovozyma_castellii                       0.2700968 0.4622782 0.4798885 0.2352482 0.2620384 0.3445328 0.2468370 0.2583029 0.0000000 0.3028299 0.6370772 0.2196018 0.2411368 0.2243084 0.2325274 0.2478601 0.2429169 0.2304456 0.4085106 0.2506457 0.2675397 0.3979265 0.4942363 0.4088467 0.4437907 0.5435263 0.6220665 0.3593674 0.3869651 0.7024415 0.4203591 0.3979567 0.5038571 0.4224058 0.5350658 0.7934648 0.2789204 0.2615253 0.2514287 0.5890859 
Naumovozyma_dairenensis                     0.2756169 0.4169586 0.4988313 0.3310639 0.2837902 0.4253681 0.2574166 0.2411738 0.3028299 0.0000000 0.6322763 0.2724829 0.2468891 0.2498007 0.2640594 0.2534476 0.2482693 0.2528493 0.4075306 0.2383540 0.2735150 0.3910543 0.4060067 0.4042136 0.4429455 0.4112773 0.5609133 0.3962241 0.3431097 0.7499905 0.3987679 0.3481738 0.4003109 0.4017538 0.4112644 0.8462824 0.2581283 0.2532360 0.2354328 0.4679704 
Neurospora_crassa                           0.7010977 0.7170840 0.8833670 0.6810394 0.5755082 0.8608761 0.5888043 0.5554324 0.6370772 0.6322763 0.0000000 0.6318166 0.6428475 0.6448976 0.6622620 0.6622512 0.6373526 0.6419654 0.6451327 0.5920941 0.6072337 0.7457049 0.8293100 0.8833920 0.7207748 0.9352289 0.9947018 0.7461807 0.6287959 0.9966584 0.7401884 0.7045308 0.9285889 0.7010405 0.9226867 0.9341916 0.6169331 0.6050127 0.6322226 0.8151732 
Saccharomyces_arboricola                    0.1891978 0.3941188 0.4465474 0.2412343 0.2090234 0.3835113 0.2313674 0.2258501 0.2196018 0.2724829 0.6318166 0.0000000 0.0622711 0.0575780 0.0490944 0.0556021 0.0721553 0.0532342 0.3620509 0.2036326 0.2213190 0.3288887 0.4353389 0.3142732 0.4103351 0.4757160 0.5912589 0.3445798 0.3389508 0.6402658 0.3571304 0.3234442 0.3830508 0.3165324 0.4144222 0.7019266 0.2179606 0.1872836 0.2290216 0.4435470 
Saccharomyces_cerevisiae                    0.1829723 0.3909359 0.4391546 0.2379541 0.2068252 0.3524898 0.2238170 0.2321874 0.2411368 0.2468891 0.6428475 0.0622711 0.0000000 0.0218245 0.0522968 0.0221082 0.0127091 0.0347011 0.3582308 0.2071405 0.2201956 0.2882283 0.3949397 0.2897398 0.4074678 0.4543402 0.5783895 0.3243671 0.3093337 0.6387268 0.3207274 0.3085656 0.3383280 0.3163052 0.3708787 0.7138613 0.2115772 0.1729648 0.2140456 0.3949474 
Saccharomyces_eubayanus                     0.1914961 0.3937674 0.4568112 0.2272367 0.2105511 0.3524786 0.2304961 0.2388996 0.2243084 0.2498007 0.6448976 0.0575780 0.0218245 0.0000000 0.0431934 0.0370328 0.0309435 0.0166940 0.3528150 0.2023974 0.2032435 0.2873609 0.4015977 0.2893906 0.4114879 0.4643023 0.5791645 0.3405950 0.3139978 0.6451243 0.3198473 0.3153683 0.3552620 0.3251510 0.3900975 0.7037322 0.2201744 0.1717945 0.2148783 0.3989850 
Saccharomyces_kudriavzevii                  0.2009577 0.4149436 0.4422725 0.2360455 0.2280992 0.3729692 0.2207780 0.2495917 0.2325274 0.2640594 0.6622620 0.0490944 0.0522968 0.0431934 0.0000000 0.0495880 0.0618729 0.0439828 0.3578962 0.2119121 0.2069931 0.3187773 0.4032354 0.3297709 0.4179320 0.4662622 0.5756971 0.3676092 0.3597976 0.6485446 0.3390235 0.3241973 0.3730359 0.3406846 0.4036875 0.7138570 0.2261691 0.1829549 0.2248986 0.4417484 
Saccharomyces_mikatae                       0.1944451 0.4001987 0.4513747 0.2419226 0.2126138 0.3544175 0.2269556 0.2404158 0.2478601 0.2534476 0.6622512 0.0556021 0.0221082 0.0370328 0.0495880 0.0000000 0.0313224 0.0411112 0.3683655 0.2160599 0.2484665 0.3103671 0.4128229 0.2987794 0.4118064 0.4634512 0.5918541 0.3435761 0.3251334 0.6379276 0.3305458 0.3162087 0.3574332 0.3176172 0.3815506 0.7119292 0.2182841 0.1691922 0.2191693 0.4261748 
Saccharomyces_paradoxus                     0.1991123 0.3854678 0.4643536 0.2406458 0.2070305 0.3636335 0.2226337 0.2169543 0.2429169 0.2482693 0.6373526 0.0721553 0.0127091 0.0309435 0.0618729 0.0313224 0.0000000 0.0439966 0.3563118 0.2128964 0.2125146 0.3023648 0.3806420 0.2973817 0.4090746 0.4395625 0.5833620 0.3324297 0.3158460 0.6378854 0.3174718 0.3039318 0.3257050 0.3275348 0.3573348 0.7105457 0.2135314 0.1690914 0.2160648 0.4090494 
Saccharomyces_uvarum                        0.2077065 0.4177856 0.4535192 0.2279015 0.2276251 0.3688037 0.2372342 0.2543902 0.2304456 0.2528493 0.6419654 0.0532342 0.0347011 0.0166940 0.0439828 0.0411112 0.0439966 0.0000000 0.3535133 0.2129041 0.2256117 0.3105155 0.4304376 0.3178548 0.4193961 0.4827094 0.6044705 0.3527256 0.3439763 0.6545112 0.3403607 0.3281840 0.3804869 0.3255893 0.4097735 0.7135548 0.2335212 0.1804169 0.2256668 0.4259976 
Tetrapisispora_blattae                      0.4285384 0.5392938 0.6223439 0.3872429 0.3945837 0.4837056 0.3114715 0.3673458 0.4085106 0.4075306 0.6451327 0.3620509 0.3582308 0.3528150 0.3578962 0.3683655 0.3563118 0.3535133 0.0000000 0.3639182 0.3761079 0.5010665 0.5278564 0.5513640 0.5247806 0.5932665 0.6234056 0.4771304 0.5037541 0.7359545 0.4978001 0.4276188 0.5399948 0.5024700 0.5485423 0.7269436 0.3781409 0.4057104 0.3468801 0.4869839 
Tetrapisispora_phaffii                      0.2236571 0.4527883 0.5005963 0.2016622 0.2053842 0.3710865 0.2146240 0.1996069 0.2506457 0.2383540 0.5920941 0.2036326 0.2071405 0.2023974 0.2119121 0.2160599 0.2128964 0.2129041 0.3639182 0.0000000 0.1441288 0.4093252 0.4725834 0.4040382 0.4527132 0.5033002 0.5965537 0.4032379 0.4099993 0.7153269 0.3944183 0.4030549 0.4307099 0.4542903 0.4760978 0.7253365 0.0689974 0.1207452 0.0399824 0.4569199 
Vanderwaltozyma_polyspora                   0.2151243 0.4161075 0.5429902 0.2384181 0.2382875 0.3772354 0.2346093 0.2354872 0.2675397 0.2735150 0.6072337 0.2213190 0.2201956 0.2032435 0.2069931 0.2484665 0.2125146 0.2256117 0.3761079 0.1441288 0.0000000 0.3685741 0.4474333 0.4212017 0.5113295 0.4576504 0.5652680 0.4432983 0.4093297 0.7846145 0.3656967 0.3696816 0.4243551 0.4357425 0.4544652 0.7827170 0.1480730 0.1752781 0.1414815 0.4130039 
yHAB132_Kazachstania_martiniae              0.3471006 0.2410028 0.4358730 0.4009184 0.3738601 0.5090407 0.3430219 0.3923404 0.3979265 0.3910543 0.7457049 0.3288887 0.2882283 0.2873609 0.3187773 0.3103671 0.3023648 0.3105155 0.5010665 0.4093252 0.3685741 0.0000000 0.3308722 0.2120125 0.3205477 0.3379745 0.4766092 0.1790490 0.1735326 0.6480850 0.1714006 0.2294915 0.3780959 0.1854706 0.3784862 0.6883555 0.3775842 0.3945722 0.3723062 0.6072364 
yHAB133_Kazachstania_unispora               0.4992971 0.2901842 0.5423999 0.4971384 0.4492356 0.5478800 0.3743402 0.4189737 0.4942363 0.4060067 0.8293100 0.4353389 0.3949397 0.4015977 0.4032354 0.4128229 0.3806420 0.4304376 0.5278564 0.4725834 0.4474333 0.3308722 0.0000000 0.3410561 0.2987277 0.1344120 0.4489636 0.2985611 0.2846163 0.5321035 0.2750440 0.2923091 0.0907810 0.3281505 0.1024067 0.5901876 0.4273627 0.4620743 0.4612592 0.5927327 
yHAB134_Kazachstania_turicensis             0.3450862 0.2444075 0.4277741 0.4188715 0.3766843 0.5071022 0.3995627 0.4118293 0.4088467 0.4042136 0.8833920 0.3142732 0.2897398 0.2893906 0.3297709 0.2987794 0.2973817 0.3178548 0.5513640 0.4040382 0.4212017 0.2120125 0.3410561 0.0000000 0.3227194 0.3722644 0.4827993 0.2213936 0.2554762 0.5740346 0.2215089 0.2355338 0.2982365 0.1579032 0.3292948 0.5692076 0.3933258 0.3873080 0.4013282 0.5962208 
yHAB136_Kazachstania_bromeliacearum         0.4320272 0.2755011 0.5086389 0.4538658 0.4492777 0.6482622 0.4249925 0.4069489 0.4437907 0.4429455 0.7207748 0.4103351 0.4074678 0.4114879 0.4179320 0.4118064 0.4090746 0.4193961 0.5247806 0.4527132 0.5113295 0.3205477 0.2987277 0.3227194 0.0000000 0.3630993 0.4100199 0.2298279 0.2828496 0.6440976 0.2870975 0.2586709 0.3270719 0.2797051 0.3474320 0.6541521 0.4902900 0.4758440 0.4811191 0.6636389 
yHAB143_Kazachstania_siamensis              0.4988842 0.3100334 0.5479321 0.5222380 0.4333831 0.5382575 0.3971772 0.3973394 0.5435263 0.4112773 0.9352289 0.4757160 0.4543402 0.4643023 0.4662622 0.4634512 0.4395625 0.4827094 0.5932665 0.5033002 0.4576504 0.3379745 0.1344120 0.3722644 0.3630993 0.0000000 0.4464177 0.3688760 0.3173272 0.6072478 0.3435714 0.3181562 0.1692137 0.3508371 0.1914676 0.6610232 0.4784130 0.5169921 0.5034265 0.6346258 
yHAB147_Kazachstania_taianensis             0.6128593 0.5268618 0.5228928 0.6454740 0.6594147 0.6138911 0.6173024 0.6202274 0.6220665 0.5609133 0.9947018 0.5912589 0.5783895 0.5791645 0.5756971 0.5918541 0.5833620 0.6044705 0.6234056 0.5965537 0.5652680 0.4766092 0.4489636 0.4827993 0.4100199 0.4464177 0.0000000 0.5334575 0.5536524 0.7316382 0.5274936 0.5201001 0.4360761 0.5170802 0.4713967 0.7817600 0.5826588 0.6194674 0.6013148 0.7473194 
yHAB148_Kazachstania_intestinalis           0.3844720 0.1925208 0.4243243 0.3766093 0.3938531 0.5325398 0.3756410 0.3601913 0.3593674 0.3962241 0.7461807 0.3445798 0.3243671 0.3405950 0.3676092 0.3435761 0.3324297 0.3527256 0.4771304 0.4032379 0.4432983 0.1790490 0.2985611 0.2213936 0.2298279 0.3688760 0.5334575 0.0000000 0.1904842 0.6637133 0.1810815 0.1524735 0.3013638 0.1793930 0.3173503 0.7075062 0.3944466 0.4012951 0.4011370 0.6098866 
yHAB153_Kazachstania_rosinii                0.3620747 0.1807097 0.4218087 0.4423959 0.3823840 0.5295861 0.3691134 0.3660767 0.3869651 0.3431097 0.6287959 0.3389508 0.3093337 0.3139978 0.3597976 0.3251334 0.3158460 0.3439763 0.5037541 0.4099993 0.4093297 0.1735326 0.2846163 0.2554762 0.2828496 0.3173272 0.5536524 0.1904842 0.0000000 0.6472798 0.1724694 0.1846969 0.3504826 0.1892369 0.3588698 0.7149089 0.4070818 0.4106742 0.3937368 0.5988651 
yHAB154_Kazachstania_transvaalensis         0.6982134 0.6128424 0.8345830 0.7496318 0.6545721 0.8433912 0.7077110 0.6715880 0.7024415 0.7499905 0.9966584 0.6402658 0.6387268 0.6451243 0.6485446 0.6379276 0.6378854 0.6545112 0.7359545 0.7153269 0.7846145 0.6480850 0.5321035 0.5740346 0.6440976 0.6072478 0.7316382 0.6637133 0.6472798 0.0000000 0.5986012 0.6542069 0.5606871 0.5939555 0.5388069 0.0965196 0.7066803 0.7205821 0.7423598 0.8672768 
yHAB155_Kazachstania_spencerorum            0.4114421 0.1677450 0.4434994 0.4139132 0.3966787 0.5374344 0.3432020 0.3773100 0.4203591 0.3987679 0.7401884 0.3571304 0.3207274 0.3198473 0.3390235 0.3305458 0.3174718 0.3403607 0.4978001 0.3944183 0.3656967 0.1714006 0.2750440 0.2215089 0.2870975 0.3435714 0.5274936 0.1810815 0.1724694 0.5986012 0.0000000 0.1735333 0.3178404 0.1315895 0.3216513 0.5963742 0.4086370 0.3707517 0.3712967 0.5085597 
yHAB158_Kazachstania_viticola               0.3800641 0.1608535 0.4466798 0.4098682 0.3872053 0.4867304 0.3874753 0.3698015 0.3979567 0.3481738 0.7045308 0.3234442 0.3085656 0.3153683 0.3241973 0.3162087 0.3039318 0.3281840 0.4276188 0.4030549 0.3696816 0.2294915 0.2923091 0.2355338 0.2586709 0.3181562 0.5201001 0.1524735 0.1846969 0.6542069 0.1735333 0.0000000 0.3186213 0.1840235 0.3170438 0.6569183 0.4293169 0.3981246 0.4171644 0.5837510 
yHAB159_Kazachstania_solicola               0.4676335 0.3282114 0.5160772 0.4504421 0.4217938 0.5117190 0.3742576 0.4225745 0.5038571 0.4003109 0.9285889 0.3830508 0.3383280 0.3552620 0.3730359 0.3574332 0.3257050 0.3804869 0.5399948 0.4307099 0.4243551 0.3780959 0.0907810 0.2982365 0.3270719 0.1692137 0.4360761 0.3013638 0.3504826 0.5606871 0.3178404 0.3186213 0.0000000 0.3467671 0.0423172 0.5944348 0.4105866 0.4152925 0.4464750 0.5209299 
yHAB160_Kazachstania_kunashirensis          0.4283477 0.2114994 0.4548184 0.4762857 0.4283343 0.5745830 0.4050020 0.4248957 0.4224058 0.4017538 0.7010405 0.3165324 0.3163052 0.3251510 0.3406846 0.3176172 0.3275348 0.3255893 0.5024700 0.4542903 0.4357425 0.1854706 0.3281505 0.1579032 0.2797051 0.3508371 0.5170802 0.1793930 0.1892369 0.5939555 0.1315895 0.1840235 0.3467671 0.0000000 0.3501366 0.6425384 0.4486911 0.4262900 0.4411994 0.5039048 
yHAB164_Kazachstania_aerobia                0.4977911 0.3167481 0.5351266 0.5055294 0.4528099 0.5198640 0.3987372 0.4532988 0.5350658 0.4112644 0.9226867 0.4144222 0.3708787 0.3900975 0.4036875 0.3815506 0.3573348 0.4097735 0.5485423 0.4760978 0.4544652 0.3784862 0.1024067 0.3292948 0.3474320 0.1914676 0.4713967 0.3173503 0.3588698 0.5388069 0.3216513 0.3170438 0.0423172 0.3501366 0.0000000 0.5629771 0.4523429 0.4489131 0.4929045 0.5646207 
yHAB166_Kazachstania_yakushimaensis         0.7353810 0.6231043 0.8743453 0.7840325 0.7481965 0.8675046 0.7747012 0.7482768 0.7934648 0.8462824 0.9341916 0.7019266 0.7138613 0.7037322 0.7138570 0.7119292 0.7105457 0.7135548 0.7269436 0.7253365 0.7827170 0.6883555 0.5901876 0.5692076 0.6541521 0.6610232 0.7817600 0.7075062 0.7149089 0.0965196 0.5963742 0.6569183 0.5944348 0.6425384 0.5629771 0.0000000 0.7473147 0.7686944 0.7990454 0.8991352 
yHMPu5000034875_Tetrapisispora_fleetii      0.2272104 0.4473017 0.5293594 0.2410397 0.2080745 0.3541667 0.2209797 0.1993473 0.2789204 0.2581283 0.6169331 0.2179606 0.2115772 0.2201744 0.2261691 0.2182841 0.2135314 0.2335212 0.3781409 0.0689974 0.1480730 0.3775842 0.4273627 0.3933258 0.4902900 0.4784130 0.5826588 0.3944466 0.4070818 0.7066803 0.4086370 0.4293169 0.4105866 0.4486911 0.4523429 0.7473147 0.0000000 0.1134378 0.0591638 0.4587299 
yHMPu5000034876_Tetrapisispora_iriomotensis 0.2356408 0.4691876 0.4733907 0.2623615 0.2172761 0.3346790 0.2245323 0.2292123 0.2615253 0.2532360 0.6050127 0.1872836 0.1729648 0.1717945 0.1829549 0.1691922 0.1690914 0.1804169 0.4057104 0.1207452 0.1752781 0.3945722 0.4620743 0.3873080 0.4758440 0.5169921 0.6194674 0.4012951 0.4106742 0.7205821 0.3707517 0.3981246 0.4152925 0.4262900 0.4489131 0.7686944 0.1134378 0.0000000 0.1098059 0.4609027 
yHMPu5000034877_Tetrapisispora_namnaonensis 0.2219928 0.4491091 0.4880905 0.2162695 0.2120687 0.3379625 0.1952976 0.2030488 0.2514287 0.2354328 0.6322226 0.2290216 0.2140456 0.2148783 0.2248986 0.2191693 0.2160648 0.2256668 0.3468801 0.0399824 0.1414815 0.3723062 0.4612592 0.4013282 0.4811191 0.5034265 0.6013148 0.4011370 0.3937368 0.7423598 0.3712967 0.4171644 0.4464750 0.4411994 0.4929045 0.7990454 0.0591638 0.1098059 0.0000000 0.4324507 
yHMPu5000035629_Yueomyces_sinensis          0.4989411 0.6488887 0.7463938 0.5910237 0.4786377 0.6231104 0.4438805 0.4524073 0.5890859 0.4679704 0.8151732 0.4435470 0.3949474 0.3989850 0.4417484 0.4261748 0.4090494 0.4259976 0.4869839 0.4569199 0.4130039 0.6072364 0.5927327 0.5962208 0.6636389 0.6346258 0.7473194 0.6098866 0.5988651 0.8672768 0.5085597 0.5837510 0.5209299 0.5039048 0.5646207 0.8991352 0.4587299 0.4609027 0.4324507 0.0000000 
