40
Candida_glabrata                            0.0000000 0.1757222 0.1786821 0.2126380 0.1367052 0.2105014 0.0902347 0.0859877 0.1593935 0.1683872 0.4145750 0.1295040 0.1181970 0.1303962 0.1277187 0.1205378 0.1219877 0.1265617 0.3967394 0.2128166 0.1663657 0.1421320 0.2266331 0.1736872 0.1782383 0.2243208 0.1812195 0.2337113 0.1621750 0.2089315 0.1814801 0.2121829 0.2438665 0.1809533 0.2418956 0.2079957 0.2030093 0.1882154 0.2144670 0.3629115 
Kazachstania_africana                       0.1757222 0.0000000 0.1512552 0.2595832 0.2398779 0.2509929 0.2079246 0.2028187 0.1297095 0.1565865 0.4841254 0.1601858 0.1579951 0.1585237 0.1618807 0.1519563 0.1482024 0.1558548 0.3845112 0.2137399 0.1915218 0.1271711 0.2004176 0.1482053 0.1528634 0.2065289 0.1723968 0.2101740 0.1386942 0.2005648 0.1335001 0.1785537 0.2216643 0.1437208 0.2197458 0.1916456 0.2155938 0.2014203 0.2168193 0.3603091 
Kazachstania_naganishii                     0.1786821 0.1512552 0.0000000 0.2468955 0.2392541 0.2564027 0.1941809 0.1954628 0.1135143 0.1237775 0.4808667 0.1443607 0.1370812 0.1460165 0.1417157 0.1391110 0.1342860 0.1401925 0.3849557 0.2011126 0.1670857 0.1084178 0.1680656 0.1309312 0.1062188 0.1585076 0.1074657 0.2006839 0.1257564 0.1682613 0.1141701 0.2052538 0.1659741 0.1332422 0.1640173 0.1588540 0.1935679 0.1899183 0.2037530 0.3715719 
Nakaseomyces_bacillisporus                  0.2126380 0.2595832 0.2468955 0.0000000 0.2886492 0.2698356 0.2374509 0.2450489 0.2412258 0.2569936 0.5218800 0.2216403 0.2139229 0.2157210 0.2164644 0.2114711 0.2092440 0.2181821 0.4527580 0.2729217 0.2539269 0.2168236 0.2975665 0.2338837 0.2387155 0.2930644 0.2448709 0.2590254 0.2593616 0.2883251 0.2446909 0.2589743 0.2984409 0.2407931 0.2954195 0.2800913 0.2646180 0.2719476 0.2646066 0.4320520 
Nakaseomyces_bracarensis                    0.1367052 0.2398779 0.2392541 0.2886492 0.0000000 0.2867427 0.1136798 0.1103990 0.2366607 0.2496281 0.5253817 0.2060946 0.2032616 0.2078376 0.2074109 0.2029791 0.2014494 0.2038175 0.4837011 0.2789109 0.2285831 0.2321751 0.3136926 0.2364824 0.2475371 0.2877264 0.2548086 0.2925199 0.2347616 0.2863493 0.2630948 0.2997356 0.3278956 0.2689350 0.3256217 0.2668080 0.2625739 0.2551420 0.2816856 0.4387784 
Nakaseomyces_castellii                      0.2105014 0.2509929 0.2564027 0.2698356 0.2867427 0.0000000 0.2248160 0.2243926 0.2237537 0.2409876 0.4758903 0.2117359 0.2028905 0.2153694 0.2082164 0.2049705 0.2009831 0.2119293 0.4292520 0.2779954 0.2170131 0.2084435 0.2910545 0.2351367 0.2572146 0.3166068 0.2595021 0.2432071 0.2216978 0.2865698 0.2409747 0.2556525 0.3054711 0.2354777 0.2995402 0.2878748 0.2689090 0.2702576 0.2636273 0.4178485 
Nakaseomyces_delphensis                     0.0902347 0.2079246 0.1941809 0.2374509 0.1136798 0.2248160 0.0000000 0.0415520 0.1867294 0.1996817 0.4881490 0.1503823 0.1460529 0.1579943 0.1452916 0.1439625 0.1430846 0.1528022 0.4102530 0.2355385 0.1952168 0.1816114 0.2640213 0.1984799 0.2019790 0.2479090 0.1984119 0.2430701 0.1904562 0.2348845 0.2101290 0.2428116 0.2704808 0.2097540 0.2684815 0.2283198 0.2280084 0.2219105 0.2428729 0.3908112 
Nakaseomyces_nivariensis                    0.0859877 0.2028187 0.1954628 0.2450489 0.1103990 0.2243926 0.0415520 0.0000000 0.1893378 0.1991490 0.4660246 0.1623502 0.1554912 0.1672844 0.1573207 0.1618004 0.1541750 0.1637426 0.4069812 0.2416100 0.1950788 0.1782195 0.2675481 0.2075824 0.2101171 0.2583318 0.2031628 0.2522766 0.1952835 0.2370388 0.2109106 0.2465876 0.2831336 0.2178048 0.2811528 0.2347929 0.2224675 0.2211772 0.2420086 0.3854600 
Naumovozyma_castellii                       0.1593935 0.1297095 0.1135143 0.2412258 0.2366607 0.2237537 0.1867294 0.1893378 0.0000000 0.0878170 0.4517532 0.1484138 0.1420878 0.1344651 0.1361468 0.1402852 0.1364834 0.1319649 0.3314404 0.2108785 0.1568135 0.1169622 0.1875693 0.1273185 0.1369021 0.1853012 0.1531455 0.1990686 0.1142523 0.1811248 0.1021156 0.1955042 0.1949417 0.1274724 0.1930072 0.1725833 0.1886533 0.1877545 0.1989636 0.3183223 
Naumovozyma_dairenensis                     0.1683872 0.1565865 0.1237775 0.2569936 0.2496281 0.2409876 0.1996817 0.1991490 0.0878170 0.0000000 0.4676069 0.1467856 0.1359348 0.1335693 0.1353210 0.1334812 0.1313341 0.1286561 0.3587220 0.1930811 0.1739531 0.1214069 0.1918222 0.1217931 0.1418514 0.1875612 0.1559801 0.2107516 0.1103654 0.2067407 0.1108027 0.1999159 0.1900817 0.1247130 0.1885729 0.1790008 0.1714419 0.1841128 0.1943952 0.3441100 
Neurospora_crassa                           0.4145750 0.4841254 0.4808667 0.5218800 0.5253817 0.4758903 0.4881490 0.4660246 0.4517532 0.4676069 0.0000000 0.4528434 0.4400110 0.4394196 0.4196788 0.4414022 0.4257062 0.4366780 0.6230353 0.4648356 0.4326656 0.4682157 0.5026603 0.4607333 0.4829284 0.5029837 0.4719317 0.4630867 0.4644020 0.4663418 0.4780355 0.4871265 0.4959162 0.4919825 0.5011106 0.4422317 0.4677907 0.4649170 0.4786174 0.5707709 
Saccharomyces_arboricola                    0.1295040 0.1601858 0.1443607 0.2216403 0.2060946 0.2117359 0.1503823 0.1623502 0.1484138 0.1467856 0.4528434 0.0000000 0.0240256 0.0321043 0.0292494 0.0343596 0.0175507 0.0223980 0.3637561 0.2004764 0.1596795 0.1180032 0.2174780 0.1448957 0.1439840 0.2147571 0.1579536 0.1994633 0.1310699 0.1865549 0.1454368 0.2050823 0.2238700 0.1543556 0.2219071 0.1640811 0.1876033 0.1903977 0.1850951 0.3258785 
Saccharomyces_cerevisiae                    0.1181970 0.1579951 0.1370812 0.2139229 0.2032616 0.2028905 0.1460529 0.1554912 0.1420878 0.1359348 0.4400110 0.0240256 0.0000000 0.0352200 0.0257137 0.0292488 0.0158552 0.0303529 0.3680292 0.1965694 0.1546384 0.1127080 0.2099652 0.1425107 0.1398216 0.2132913 0.1530606 0.1865968 0.1216511 0.1910119 0.1375744 0.1998612 0.2230944 0.1476573 0.2211396 0.1621540 0.1812976 0.1865120 0.1813839 0.3333549 
Saccharomyces_eubayanus                     0.1303962 0.1585237 0.1460165 0.2157210 0.2078376 0.2153694 0.1579943 0.1672844 0.1344651 0.1335693 0.4394196 0.0321043 0.0352200 0.0000000 0.0286257 0.0376339 0.0337372 0.0108850 0.3753789 0.2091256 0.1595251 0.1163013 0.2082260 0.1271367 0.1478117 0.2187203 0.1542493 0.1942969 0.1320944 0.1841849 0.1374643 0.2019598 0.2245236 0.1513385 0.2225944 0.1632494 0.1950432 0.1958978 0.1904417 0.3328367 
Saccharomyces_kudriavzevii                  0.1277187 0.1618807 0.1417157 0.2164644 0.2074109 0.2082164 0.1452916 0.1573207 0.1361468 0.1353210 0.4196788 0.0292494 0.0257137 0.0286257 0.0000000 0.0345448 0.0225706 0.0270539 0.3574419 0.1976376 0.1589702 0.1147662 0.2139001 0.1348840 0.1324439 0.2065873 0.1531387 0.1929582 0.1235757 0.1730160 0.1370683 0.2035081 0.2217121 0.1496256 0.2197555 0.1626210 0.1867786 0.1888832 0.1867990 0.3213018 
Saccharomyces_mikatae                       0.1205378 0.1519563 0.1391110 0.2114711 0.2029791 0.2049705 0.1439625 0.1618004 0.1402852 0.1334812 0.4414022 0.0343596 0.0292488 0.0376339 0.0345448 0.0000000 0.0258655 0.0327852 0.3566727 0.1890097 0.1561269 0.1174435 0.2104565 0.1305429 0.1408517 0.2078539 0.1482794 0.1856122 0.1231801 0.1844416 0.1317716 0.2014990 0.2185871 0.1454455 0.2166352 0.1633060 0.1821930 0.1830341 0.1851903 0.3239923 
Saccharomyces_paradoxus                     0.1219877 0.1482024 0.1342860 0.2092440 0.2014494 0.2009831 0.1430846 0.1541750 0.1364834 0.1313341 0.4257062 0.0175507 0.0158552 0.0337372 0.0225706 0.0258655 0.0000000 0.0255520 0.3496642 0.1912068 0.1498526 0.1112230 0.1985771 0.1318075 0.1334876 0.2065908 0.1481217 0.1836531 0.1143189 0.1747416 0.1289600 0.1949937 0.2064210 0.1299999 0.2044661 0.1458429 0.1768327 0.1797932 0.1745942 0.3103942 
Saccharomyces_uvarum                        0.1265617 0.1558548 0.1401925 0.2181821 0.2038175 0.2119293 0.1528022 0.1637426 0.1319649 0.1286561 0.4366780 0.0223980 0.0303529 0.0108850 0.0270539 0.0327852 0.0255520 0.0000000 0.3695372 0.2042017 0.1607012 0.1112180 0.2082505 0.1317852 0.1424918 0.2113817 0.1525575 0.1915766 0.1252386 0.1867805 0.1311596 0.2019242 0.2134376 0.1464318 0.2115019 0.1590630 0.1933105 0.1915575 0.1887028 0.3243847 
Tetrapisispora_blattae                      0.3967394 0.3845112 0.3849557 0.4527580 0.4837011 0.4292520 0.4102530 0.4069812 0.3314404 0.3587220 0.6230353 0.3637561 0.3680292 0.3753789 0.3574419 0.3566727 0.3496642 0.3695372 0.0000000 0.4459307 0.3847833 0.3645751 0.4214453 0.3876442 0.3680874 0.4231597 0.3748862 0.4374608 0.3609007 0.4350650 0.3658501 0.3984915 0.4208390 0.3860143 0.4139772 0.4065269 0.4175489 0.4014683 0.4361050 0.2654726 
Tetrapisispora_phaffii                      0.2128166 0.2137399 0.2011126 0.2729217 0.2789109 0.2779954 0.2355385 0.2416100 0.2108785 0.1930811 0.4648356 0.2004764 0.1965694 0.2091256 0.1976376 0.1890097 0.1912068 0.2042017 0.4459307 0.0000000 0.2113584 0.1662244 0.2254859 0.1936326 0.1827377 0.2140641 0.1950679 0.2637571 0.1705290 0.2486147 0.1727440 0.2214559 0.2296891 0.1698255 0.2294621 0.2203206 0.0479847 0.0779716 0.0497662 0.4108524 
Vanderwaltozyma_polyspora                   0.1663657 0.1915218 0.1670857 0.2539269 0.2285831 0.2170131 0.1952168 0.1950788 0.1568135 0.1739531 0.4326656 0.1596795 0.1546384 0.1595251 0.1589702 0.1561269 0.1498526 0.1607012 0.3847833 0.2113584 0.0000000 0.1578046 0.2157672 0.1731682 0.1788385 0.2168404 0.1958077 0.2333915 0.1633113 0.2177713 0.1760363 0.2164847 0.2334658 0.1941645 0.2314075 0.2030544 0.2021654 0.1778538 0.2050719 0.3436357 
yHAB132_Kazachstania_martiniae              0.1421320 0.1271711 0.1084178 0.2168236 0.2321751 0.2084435 0.1816114 0.1782195 0.1169622 0.1214069 0.4682157 0.1180032 0.1127080 0.1163013 0.1147662 0.1174435 0.1112230 0.1112180 0.3645751 0.1662244 0.1578046 0.0000000 0.1689919 0.1210817 0.1092723 0.1550166 0.1070662 0.1660474 0.0967267 0.1532561 0.0883908 0.1567534 0.1818374 0.1027162 0.1799220 0.1415001 0.1655422 0.1624156 0.1688048 0.3447715 
yHAB133_Kazachstania_unispora               0.2266331 0.2004176 0.1680656 0.2975665 0.3136926 0.2910545 0.2640213 0.2675481 0.1875693 0.1918222 0.5026603 0.2174780 0.2099652 0.2082260 0.2139001 0.2104565 0.1985771 0.2082505 0.4214453 0.2254859 0.2157672 0.1689919 0.0000000 0.1970218 0.1763836 0.0698538 0.1671468 0.2460072 0.1914027 0.2286908 0.1508712 0.2396197 0.0446839 0.1955411 0.0447381 0.2060449 0.2054215 0.2198879 0.2203949 0.3805223 
yHAB134_Kazachstania_turicensis             0.1736872 0.1482053 0.1309312 0.2338837 0.2364824 0.2351367 0.1984799 0.2075824 0.1273185 0.1217931 0.4607333 0.1448957 0.1425107 0.1271367 0.1348840 0.1305429 0.1318075 0.1317852 0.3876442 0.1936326 0.1731682 0.1210817 0.1970218 0.0000000 0.1391404 0.1870478 0.1456492 0.1795620 0.1103039 0.1647815 0.0999320 0.2069548 0.2027809 0.0947793 0.2008790 0.1532877 0.1982959 0.1744080 0.1979782 0.3498591 
yHAB136_Kazachstania_bromeliacearum         0.1782383 0.1528634 0.1062188 0.2387155 0.2475371 0.2572146 0.2019790 0.2101171 0.1369021 0.1418514 0.4829284 0.1439840 0.1398216 0.1478117 0.1324439 0.1408517 0.1334876 0.1424918 0.3680874 0.1827377 0.1788385 0.1092723 0.1763836 0.1391404 0.0000000 0.1656365 0.1066925 0.2117929 0.1189061 0.1622022 0.1206076 0.1950224 0.1796340 0.1342142 0.1776559 0.1525452 0.1927034 0.1692300 0.1963827 0.3494911 
yHAB143_Kazachstania_siamensis              0.2243208 0.2065289 0.1585076 0.2930644 0.2877264 0.3166068 0.2479090 0.2583318 0.1853012 0.1875612 0.5029837 0.2147571 0.2132913 0.2187203 0.2065873 0.2078539 0.2065908 0.2113817 0.4231597 0.2140641 0.2168404 0.1550166 0.0698538 0.1870478 0.1656365 0.0000000 0.1500727 0.2236909 0.1838125 0.2355615 0.1500722 0.2341036 0.0604983 0.1872952 0.0587765 0.2117733 0.1936938 0.2090550 0.2103946 0.3963121 
yHAB147_Kazachstania_taianensis             0.1812195 0.1723968 0.1074657 0.2448709 0.2548086 0.2595021 0.1984119 0.2031628 0.1531455 0.1559801 0.4719317 0.1579536 0.1530606 0.1542493 0.1531387 0.1482794 0.1481217 0.1525575 0.3748862 0.1950679 0.1958077 0.1070662 0.1671468 0.1456492 0.1066925 0.1500727 0.0000000 0.1932137 0.1425596 0.1551735 0.1166317 0.2097734 0.1732790 0.1410191 0.1713602 0.1606263 0.1948679 0.1906693 0.2038424 0.3688550 
yHAB148_Kazachstania_intestinalis           0.2337113 0.2101740 0.2006839 0.2590254 0.2925199 0.2432071 0.2430701 0.2522766 0.1990686 0.2107516 0.4630867 0.1994633 0.1865968 0.1942969 0.1929582 0.1856122 0.1836531 0.1915766 0.4374608 0.2637571 0.2333915 0.1660474 0.2460072 0.1795620 0.2117929 0.2236909 0.1932137 0.0000000 0.1914224 0.2051777 0.1888866 0.2237699 0.2446672 0.1958473 0.2418438 0.2012636 0.2410690 0.2496032 0.2348375 0.3769138 
yHAB153_Kazachstania_rosinii                0.1621750 0.1386942 0.1257564 0.2593616 0.2347616 0.2216978 0.1904562 0.1952835 0.1142523 0.1103654 0.4644020 0.1310699 0.1216511 0.1320944 0.1235757 0.1231801 0.1143189 0.1252386 0.3609007 0.1705290 0.1633113 0.0967267 0.1914027 0.1103039 0.1189061 0.1838125 0.1425596 0.1914224 0.0000000 0.1800467 0.0857435 0.1737752 0.1914739 0.0789301 0.1895435 0.1660353 0.1664847 0.1547791 0.1741150 0.3453296 
yHAB154_Kazachstania_transvaalensis         0.2089315 0.2005648 0.1682613 0.2883251 0.2863493 0.2865698 0.2348845 0.2370388 0.1811248 0.2067407 0.4663418 0.1865549 0.1910119 0.1841849 0.1730160 0.1844416 0.1747416 0.1867805 0.4350650 0.2486147 0.2177713 0.1532561 0.2286908 0.1647815 0.1622022 0.2355615 0.1551735 0.2051777 0.1800467 0.0000000 0.1695834 0.2464989 0.2357039 0.1960294 0.2360865 0.0710119 0.2383429 0.2335576 0.2431663 0.3586419 
yHAB155_Kazachstania_spencerorum            0.1814801 0.1335001 0.1141701 0.2446909 0.2630948 0.2409747 0.2101290 0.2109106 0.1021156 0.1108027 0.4780355 0.1454368 0.1375744 0.1374643 0.1370683 0.1317716 0.1289600 0.1311596 0.3658501 0.1727440 0.1760363 0.0883908 0.1508712 0.0999320 0.1206076 0.1500722 0.1166317 0.1888866 0.0857435 0.1695834 0.0000000 0.1628107 0.1619671 0.0860200 0.1600798 0.1577904 0.1777049 0.1766086 0.1714266 0.3389075 
yHAB158_Kazachstania_viticola               0.2121829 0.1785537 0.2052538 0.2589743 0.2997356 0.2556525 0.2428116 0.2465876 0.1955042 0.1999159 0.4871265 0.2050823 0.1998612 0.2019598 0.2035081 0.2014990 0.1949937 0.2019242 0.3984915 0.2214559 0.2164847 0.1567534 0.2396197 0.2069548 0.1950224 0.2341036 0.2097734 0.2237699 0.1737752 0.2464989 0.1628107 0.0000000 0.2357474 0.1844823 0.2361346 0.2398074 0.2303331 0.2489854 0.2197270 0.4187598 
yHAB159_Kazachstania_solicola               0.2438665 0.2216643 0.1659741 0.2984409 0.3278956 0.3054711 0.2704808 0.2831336 0.1949417 0.1900817 0.4959162 0.2238700 0.2230944 0.2245236 0.2217121 0.2185871 0.2064210 0.2134376 0.4208390 0.2296891 0.2334658 0.1818374 0.0446839 0.2027809 0.1796340 0.0604983 0.1732790 0.2446672 0.1914739 0.2357039 0.1619671 0.2357474 0.0000000 0.1926460 0.0030666 0.2046326 0.2125245 0.2273763 0.2276255 0.3809320 
yHAB160_Kazachstania_kunashirensis          0.1809533 0.1437208 0.1332422 0.2407931 0.2689350 0.2354777 0.2097540 0.2178048 0.1274724 0.1247130 0.4919825 0.1543556 0.1476573 0.1513385 0.1496256 0.1454455 0.1299999 0.1464318 0.3860143 0.1698255 0.1941645 0.1027162 0.1955411 0.0947793 0.1342142 0.1872952 0.1410191 0.1958473 0.0789301 0.1960294 0.0860200 0.1844823 0.1926460 0.0000000 0.1907131 0.1804986 0.1709141 0.1659930 0.1734281 0.3591250 
yHAB164_Kazachstania_aerobia                0.2418956 0.2197458 0.1640173 0.2954195 0.3256217 0.2995402 0.2684815 0.2811528 0.1930072 0.1885729 0.5011106 0.2219071 0.2211396 0.2225944 0.2197555 0.2166352 0.2044661 0.2115019 0.4139772 0.2294621 0.2314075 0.1799220 0.0447381 0.2008790 0.1776559 0.0587765 0.1713602 0.2418438 0.1895435 0.2360865 0.1600798 0.2361346 0.0030666 0.1907131 0.0000000 0.2026890 0.2123075 0.2271501 0.2273979 0.3814901 
yHAB166_Kazachstania_yakushimaensis         0.2079957 0.1916456 0.1588540 0.2800913 0.2668080 0.2878748 0.2283198 0.2347929 0.1725833 0.1790008 0.4422317 0.1640811 0.1621540 0.1632494 0.1626210 0.1633060 0.1458429 0.1590630 0.4065269 0.2203206 0.2030544 0.1415001 0.2060449 0.1532877 0.1525452 0.2117733 0.1606263 0.2012636 0.1660353 0.0710119 0.1577904 0.2398074 0.2046326 0.1804986 0.2026890 0.0000000 0.2186237 0.2074028 0.2122771 0.3548499 
yHMPu5000034875_Tetrapisispora_fleetii      0.2030093 0.2155938 0.1935679 0.2646180 0.2625739 0.2689090 0.2280084 0.2224675 0.1886533 0.1714419 0.4677907 0.1876033 0.1812976 0.1950432 0.1867786 0.1821930 0.1768327 0.1933105 0.4175489 0.0479847 0.2021654 0.1655422 0.2054215 0.1982959 0.1927034 0.1936938 0.1948679 0.2410690 0.1664847 0.2383429 0.1777049 0.2303331 0.2125245 0.1709141 0.2123075 0.2186237 0.0000000 0.0713417 0.0237905 0.4029114 
yHMPu5000034876_Tetrapisispora_iriomotensis 0.1882154 0.2014203 0.1899183 0.2719476 0.2551420 0.2702576 0.2219105 0.2211772 0.1877545 0.1841128 0.4649170 0.1903977 0.1865120 0.1958978 0.1888832 0.1830341 0.1797932 0.1915575 0.4014683 0.0779716 0.1778538 0.1624156 0.2198879 0.1744080 0.1692300 0.2090550 0.1906693 0.2496032 0.1547791 0.2335576 0.1766086 0.2489854 0.2273763 0.1659930 0.2271501 0.2074028 0.0713417 0.0000000 0.0819983 0.3980499 
yHMPu5000034877_Tetrapisispora_namnaonensis 0.2144670 0.2168193 0.2037530 0.2646066 0.2816856 0.2636273 0.2428729 0.2420086 0.1989636 0.1943952 0.4786174 0.1850951 0.1813839 0.1904417 0.1867990 0.1851903 0.1745942 0.1887028 0.4361050 0.0497662 0.2050719 0.1688048 0.2203949 0.1979782 0.1963827 0.2103946 0.2038424 0.2348375 0.1741150 0.2431663 0.1714266 0.2197270 0.2276255 0.1734281 0.2273979 0.2122771 0.0237905 0.0819983 0.0000000 0.4258034 
yHMPu5000035629_Yueomyces_sinensis          0.3629115 0.3603091 0.3715719 0.4320520 0.4387784 0.4178485 0.3908112 0.3854600 0.3183223 0.3441100 0.5707709 0.3258785 0.3333549 0.3328367 0.3213018 0.3239923 0.3103942 0.3243847 0.2654726 0.4108524 0.3436357 0.3447715 0.3805223 0.3498591 0.3494911 0.3963121 0.3688550 0.3769138 0.3453296 0.3586419 0.3389075 0.4187598 0.3809320 0.3591250 0.3814901 0.3548499 0.4029114 0.3980499 0.4258034 0.0000000 
