40
Candida_glabrata                            0.0000000 0.2010156 0.3633060 0.1834463 0.1185564 0.2567149 0.1338132 0.1156485 0.1531705 0.1835067 0.8948159 0.1745412 0.1579683 0.1570474 0.1537132 0.1650234 0.1694272 0.1578681 0.6369016 0.2739842 0.1795449 0.2397491 0.3316755 0.2265356 0.2233352 0.3550212 0.4362834 0.3585510 0.1523853 0.4248686 0.1956527 0.1558670 0.3570814 0.1870470 0.3496257 0.3897749 0.3038775 0.2771688 0.2849751 0.6414562 
Kazachstania_africana                       0.2010156 0.0000000 0.3553461 0.1841397 0.2256929 0.2613091 0.2334702 0.2209138 0.2101051 0.2156412 0.9605216 0.2200601 0.2002381 0.1783063 0.2023234 0.2047752 0.2088948 0.1812150 0.6713850 0.3462590 0.2094667 0.2186561 0.3102398 0.2189296 0.2224443 0.3217407 0.3624954 0.3559575 0.1993720 0.3382977 0.2137650 0.2049344 0.3000089 0.2052582 0.2938483 0.3163574 0.3491166 0.3384818 0.3405582 0.6562088 
Kazachstania_naganishii                     0.3633060 0.3553461 0.0000000 0.3579521 0.3665040 0.4015373 0.3875670 0.3661230 0.3471599 0.4338615 0.8719057 0.3722234 0.3643481 0.3420090 0.3650010 0.3618452 0.3672788 0.3445356 0.5702601 0.4200317 0.4068389 0.3967229 0.3909254 0.3649581 0.3353506 0.3816207 0.3470550 0.3494567 0.3556945 0.4307562 0.4129029 0.3992999 0.4085242 0.3964046 0.3996062 0.4190056 0.4467510 0.4272892 0.4397960 0.6636410 
Nakaseomyces_bacillisporus                  0.1834463 0.1841397 0.3579521 0.0000000 0.1886702 0.2538558 0.2017155 0.1954976 0.1734621 0.1781628 0.8747163 0.1751107 0.1773521 0.1728132 0.1862122 0.1747721 0.1764138 0.1706859 0.6393994 0.2918701 0.1974515 0.1730511 0.3071868 0.2317389 0.2180729 0.3131618 0.3814686 0.3769731 0.1869806 0.3676987 0.1939047 0.1950996 0.3146182 0.2032740 0.3131321 0.3394942 0.2847234 0.2554467 0.2621830 0.6030608 
Nakaseomyces_bracarensis                    0.1185564 0.2256929 0.3665040 0.1886702 0.0000000 0.2821583 0.0694389 0.0406368 0.1721876 0.2081641 0.8779131 0.1887870 0.1779685 0.1704165 0.1912234 0.1924328 0.1834506 0.1675581 0.6294937 0.2897149 0.1737278 0.2331031 0.3580279 0.2250196 0.2320900 0.3625541 0.3975321 0.3548793 0.1773319 0.4219448 0.2092267 0.1708989 0.3696495 0.2196916 0.3505507 0.3894557 0.3176634 0.2953259 0.3064146 0.6165061 
Nakaseomyces_castellii                      0.2567149 0.2613091 0.4015373 0.2538558 0.2821583 0.0000000 0.2902243 0.2934938 0.2468553 0.2841666 0.9335534 0.2674481 0.2755426 0.2533411 0.2636145 0.2838616 0.2742557 0.2489528 0.6265459 0.3774685 0.2611787 0.2816328 0.3425075 0.3171455 0.2950569 0.3622561 0.4463903 0.3835045 0.2868108 0.4024136 0.3090575 0.3213829 0.3502649 0.3023789 0.3436005 0.3900886 0.3559347 0.3391220 0.3540699 0.6795250 
Nakaseomyces_delphensis                     0.1338132 0.2334702 0.3875670 0.2017155 0.0694389 0.2902243 0.0000000 0.0607333 0.1959285 0.2249237 0.9105173 0.1961785 0.1863184 0.1763874 0.1985765 0.1985349 0.1942021 0.1777466 0.6349267 0.3114409 0.1896148 0.2353902 0.3580329 0.2339660 0.2328890 0.3592994 0.4180993 0.3543836 0.1892602 0.4106845 0.2341880 0.1846844 0.3486434 0.2060735 0.3542804 0.3804160 0.3437263 0.2976816 0.3209246 0.6564026 
Nakaseomyces_nivariensis                    0.1156485 0.2209138 0.3661230 0.1954976 0.0406368 0.2934938 0.0607333 0.0000000 0.1718558 0.2141265 0.9014992 0.1848606 0.1740937 0.1665745 0.1835845 0.1944926 0.1854086 0.1593062 0.6087102 0.3024131 0.1837099 0.2229455 0.3528971 0.2247914 0.2401203 0.3552964 0.3955743 0.3544038 0.1699859 0.4393442 0.2171593 0.1705664 0.3455712 0.2026186 0.3337571 0.4017735 0.3157733 0.2951977 0.3035303 0.6453856 
Naumovozyma_castellii                       0.1531705 0.2101051 0.3471599 0.1734621 0.1721876 0.2468553 0.1959285 0.1718558 0.0000000 0.1402020 0.8518072 0.1691309 0.1735915 0.1681922 0.1591629 0.1750024 0.1683938 0.1692910 0.6388009 0.2871184 0.1550112 0.1915034 0.3048929 0.1782914 0.2131578 0.3598993 0.3906221 0.3286508 0.1170138 0.3535325 0.1755463 0.1755444 0.3189689 0.1422106 0.2965427 0.3488526 0.2796754 0.2261000 0.2609632 0.6855863 
Naumovozyma_dairenensis                     0.1835067 0.2156412 0.4338615 0.1781628 0.2081641 0.2841666 0.2249237 0.2141265 0.1402020 0.0000000 0.8804099 0.1876520 0.1833633 0.2089018 0.1932088 0.2119556 0.1924062 0.2048809 0.6619668 0.2731634 0.1860498 0.2336345 0.3256050 0.2177062 0.2655009 0.3556943 0.4370866 0.3841001 0.1528488 0.3403753 0.2162152 0.1935506 0.3540533 0.1725961 0.3509728 0.3287966 0.2799650 0.2503260 0.2622969 0.7034438 
Neurospora_crassa                           0.8948159 0.9605216 0.8719057 0.8747163 0.8779131 0.9335534 0.9105173 0.9014992 0.8518072 0.8804099 0.0000000 0.9503346 0.8958936 0.9201090 0.9297609 0.9190495 0.9163842 0.9279089 0.9677469 0.9389379 0.8896577 0.9299646 0.9410623 0.8544785 0.8228805 0.9216801 0.7438832 0.9688036 0.8709791 1.0063561 0.9227453 0.9220680 0.9663418 0.9332675 0.9565874 1.0432122 0.9813544 0.9720809 0.9880794 1.0198848 
Saccharomyces_arboricola                    0.1745412 0.2200601 0.3722234 0.1751107 0.1887870 0.2674481 0.1961785 0.1848606 0.1691309 0.1876520 0.9503346 0.0000000 0.0593969 0.0682647 0.0587839 0.0778901 0.0623930 0.0673996 0.6807222 0.3236368 0.1961836 0.2024310 0.3621124 0.2207981 0.1957977 0.3864676 0.4325960 0.3615566 0.1861464 0.3645012 0.2084175 0.1992205 0.3640880 0.1972018 0.3645258 0.3279581 0.3214631 0.2942129 0.3024135 0.6632716 
Saccharomyces_cerevisiae                    0.1579683 0.2002381 0.3643481 0.1773521 0.1779685 0.2755426 0.1863184 0.1740937 0.1735915 0.1833633 0.8958936 0.0593969 0.0000000 0.0634139 0.0483722 0.0543251 0.0259419 0.0672649 0.6610782 0.3013054 0.1982302 0.2132125 0.3324918 0.2193183 0.1950729 0.3641055 0.4024920 0.3795769 0.1830153 0.3887062 0.2075337 0.1893805 0.3439198 0.2132439 0.3371581 0.3456841 0.3023252 0.2794091 0.2880697 0.6461128 
Saccharomyces_eubayanus                     0.1570474 0.1783063 0.3420090 0.1728132 0.1704165 0.2533411 0.1763874 0.1665745 0.1681922 0.2089018 0.9201090 0.0682647 0.0634139 0.0000000 0.0596544 0.0680825 0.0689029 0.0149494 0.5963170 0.2922055 0.1907801 0.2118624 0.3425455 0.2093128 0.1918754 0.3774036 0.3916588 0.3589704 0.1875330 0.3883892 0.2114905 0.1866474 0.3586231 0.2069914 0.3479387 0.3537094 0.3040036 0.2882027 0.2773115 0.6193499 
Saccharomyces_kudriavzevii                  0.1537132 0.2023234 0.3650010 0.1862122 0.1912234 0.2636145 0.1985765 0.1835845 0.1591629 0.1932088 0.9297609 0.0587839 0.0483722 0.0596544 0.0000000 0.0587795 0.0460520 0.0588957 0.6556261 0.3098428 0.1859376 0.2107617 0.3397166 0.2200802 0.1989116 0.3715571 0.4333436 0.3771947 0.1870263 0.3770559 0.2161739 0.1822220 0.3587744 0.1989061 0.3545553 0.3422875 0.3083873 0.2916854 0.3049545 0.6563954 
Saccharomyces_mikatae                       0.1650234 0.2047752 0.3618452 0.1747721 0.1924328 0.2838616 0.1985349 0.1944926 0.1750024 0.2119556 0.9190495 0.0778901 0.0543251 0.0680825 0.0587795 0.0000000 0.0517686 0.0740370 0.7024381 0.2955935 0.2113949 0.2237710 0.3638217 0.2155661 0.2005265 0.3935921 0.4332879 0.3967221 0.1823958 0.4069724 0.2157110 0.1991198 0.3518715 0.2254024 0.3542180 0.3590797 0.3089464 0.2825488 0.2890002 0.6766168 
Saccharomyces_paradoxus                     0.1694272 0.2088948 0.3672788 0.1764138 0.1834506 0.2742557 0.1942021 0.1854086 0.1683938 0.1924062 0.9163842 0.0623930 0.0259419 0.0689029 0.0460520 0.0517686 0.0000000 0.0700373 0.6597411 0.2950988 0.2016671 0.2132691 0.3274573 0.2137232 0.1963589 0.3659970 0.4183309 0.3972382 0.1868764 0.3916753 0.2006256 0.1784460 0.3529499 0.2036234 0.3460536 0.3469016 0.3028977 0.2752912 0.2883164 0.6552933 
Saccharomyces_uvarum                        0.1578681 0.1812150 0.3445356 0.1706859 0.1675581 0.2489528 0.1777466 0.1593062 0.1692910 0.2048809 0.9279089 0.0673996 0.0672649 0.0149494 0.0588957 0.0740370 0.0700373 0.0000000 0.6047426 0.2834225 0.1871039 0.2004720 0.3310219 0.2041287 0.1845916 0.3618408 0.3921793 0.3511053 0.1858367 0.3800864 0.2044414 0.1772243 0.3463211 0.1970817 0.3358353 0.3421294 0.2923059 0.2882665 0.2724889 0.6197941 
Tetrapisispora_blattae                      0.6369016 0.6713850 0.5702601 0.6393994 0.6294937 0.6265459 0.6349267 0.6087102 0.6388009 0.6619668 0.9677469 0.6807222 0.6610782 0.5963170 0.6556261 0.7024381 0.6597411 0.6047426 0.0000000 0.6892093 0.6135281 0.6349761 0.5829044 0.6690689 0.6503549 0.6439677 0.5283739 0.5225778 0.6666523 0.6621048 0.6830192 0.6243373 0.6474292 0.6885276 0.6446447 0.6867636 0.6998523 0.7031464 0.7028649 0.3137300 
Tetrapisispora_phaffii                      0.2739842 0.3462590 0.4200317 0.2918701 0.2897149 0.3774685 0.3114409 0.3024131 0.2871184 0.2731634 0.9389379 0.3236368 0.3013054 0.2922055 0.3098428 0.2955935 0.2950988 0.2834225 0.6892093 0.0000000 0.2721645 0.3460374 0.3384786 0.2894507 0.3214477 0.3159382 0.4555519 0.4332729 0.2906966 0.3960851 0.2770235 0.2723349 0.3281655 0.3091969 0.3283507 0.4004112 0.1088489 0.1543974 0.0961209 0.6774516 
Vanderwaltozyma_polyspora                   0.1795449 0.2094667 0.4068389 0.1974515 0.1737278 0.2611787 0.1896148 0.1837099 0.1550112 0.1860498 0.8896577 0.1961836 0.1982302 0.1907801 0.1859376 0.2113949 0.2016671 0.1871039 0.6135281 0.2721645 0.0000000 0.2097665 0.3260265 0.2242327 0.2416166 0.3377337 0.4531976 0.3390961 0.1779055 0.3461044 0.1882216 0.1703686 0.3477875 0.1916921 0.3507461 0.3696997 0.2801181 0.2594301 0.2682545 0.6635034 
yHAB132_Kazachstania_martiniae              0.2397491 0.2186561 0.3967229 0.1730511 0.2331031 0.2816328 0.2353902 0.2229455 0.1915034 0.2336345 0.9299646 0.2024310 0.2132125 0.2118624 0.2107617 0.2237710 0.2132691 0.2004720 0.6349761 0.3460374 0.2097665 0.0000000 0.3472302 0.2138902 0.2304650 0.3704824 0.3959290 0.3482341 0.1858252 0.3804710 0.1776294 0.1839345 0.3530312 0.2024200 0.3478076 0.3572132 0.3501813 0.3162342 0.3262239 0.6510757 
yHAB133_Kazachstania_unispora               0.3316755 0.3102398 0.3909254 0.3071868 0.3580279 0.3425075 0.3580329 0.3528971 0.3048929 0.3256050 0.9410623 0.3621124 0.3324918 0.3425455 0.3397166 0.3638217 0.3274573 0.3310219 0.5829044 0.3384786 0.3260265 0.3472302 0.0000000 0.3125191 0.2953470 0.1060234 0.3988194 0.3795444 0.3247991 0.3680225 0.2761157 0.3030265 0.0698486 0.3025691 0.0640989 0.3569903 0.3375672 0.3507807 0.3249720 0.6191663 
yHAB134_Kazachstania_turicensis             0.2265356 0.2189296 0.3649581 0.2317389 0.2250196 0.3171455 0.2339660 0.2247914 0.1782914 0.2177062 0.8544785 0.2207981 0.2193183 0.2093128 0.2200802 0.2155661 0.2137232 0.2041287 0.6690689 0.2894507 0.2242327 0.2138902 0.3125191 0.0000000 0.2174185 0.3447155 0.3738839 0.3455661 0.1399543 0.3337253 0.1762440 0.2003638 0.3055320 0.1355576 0.3028677 0.3048970 0.3044839 0.2682717 0.2776064 0.6478001 
yHAB136_Kazachstania_bromeliacearum         0.2233352 0.2224443 0.3353506 0.2180729 0.2320900 0.2950569 0.2328890 0.2401203 0.2131578 0.2655009 0.8228805 0.1957977 0.1950729 0.1918754 0.1989116 0.2005265 0.1963589 0.1845916 0.6503549 0.3214477 0.2416166 0.2304650 0.2953470 0.2174185 0.0000000 0.3389221 0.3862812 0.3364851 0.2183218 0.3373788 0.2311505 0.2201652 0.2978010 0.2224769 0.2953224 0.3021600 0.3469004 0.3345542 0.3224230 0.6548069 
yHAB143_Kazachstania_siamensis              0.3550212 0.3217407 0.3816207 0.3131618 0.3625541 0.3622561 0.3592994 0.3552964 0.3598993 0.3556943 0.9216801 0.3864676 0.3641055 0.3774036 0.3715571 0.3935921 0.3659970 0.3618408 0.6439677 0.3159382 0.3377337 0.3704824 0.1060234 0.3447155 0.3389221 0.0000000 0.4145490 0.4018401 0.3605099 0.4038472 0.3027692 0.3237218 0.1089331 0.3155220 0.1116993 0.3806327 0.3260414 0.3453753 0.3229453 0.6074282 
yHAB147_Kazachstania_taianensis             0.4362834 0.3624954 0.3470550 0.3814686 0.3975321 0.4463903 0.4180993 0.3955743 0.3906221 0.4370866 0.7438832 0.4325960 0.4024920 0.3916588 0.4333436 0.4332879 0.4183309 0.3921793 0.5283739 0.4555519 0.4531976 0.3959290 0.3988194 0.3738839 0.3862812 0.4145490 0.0000000 0.3648020 0.3878576 0.4830963 0.3873845 0.4124876 0.4014812 0.3842355 0.4020642 0.5044870 0.4546812 0.4348441 0.4490927 0.5557940 
yHAB148_Kazachstania_intestinalis           0.3585510 0.3559575 0.3494567 0.3769731 0.3548793 0.3835045 0.3543836 0.3544038 0.3286508 0.3841001 0.9688036 0.3615566 0.3795769 0.3589704 0.3771947 0.3967221 0.3972382 0.3511053 0.5225778 0.4332729 0.3390961 0.3482341 0.3795444 0.3455661 0.3364851 0.4018401 0.3648020 0.0000000 0.3581093 0.4141851 0.3567989 0.3436747 0.3907232 0.3377173 0.3940909 0.4143034 0.4363422 0.4315337 0.4463232 0.5904399 
yHAB153_Kazachstania_rosinii                0.1523853 0.1993720 0.3556945 0.1869806 0.1773319 0.2868108 0.1892602 0.1699859 0.1170138 0.1528488 0.8709791 0.1861464 0.1830153 0.1875330 0.1870263 0.1823958 0.1868764 0.1858367 0.6666523 0.2906966 0.1779055 0.1858252 0.3247991 0.1399543 0.2183218 0.3605099 0.3878576 0.3581093 0.0000000 0.3477632 0.1487775 0.1573698 0.3276814 0.1177127 0.3204593 0.3315103 0.3155373 0.2537206 0.2771124 0.6843991 
yHAB154_Kazachstania_transvaalensis         0.4248686 0.3382977 0.4307562 0.3676987 0.4219448 0.4024136 0.4106845 0.4393442 0.3535325 0.3403753 1.0063561 0.3645012 0.3887062 0.3883892 0.3770559 0.4069724 0.3916753 0.3800864 0.6621048 0.3960851 0.3461044 0.3804710 0.3680225 0.3337253 0.3373788 0.4038472 0.4830963 0.4141851 0.3477632 0.0000000 0.3912454 0.3835430 0.3641084 0.3325381 0.3637054 0.0773585 0.4159185 0.4037650 0.4024414 0.6482577 
yHAB155_Kazachstania_spencerorum            0.1956527 0.2137650 0.4129029 0.1939047 0.2092267 0.3090575 0.2341880 0.2171593 0.1755463 0.2162152 0.9227453 0.2084175 0.2075337 0.2114905 0.2161739 0.2157110 0.2006256 0.2044414 0.6830192 0.2770235 0.1882216 0.1776294 0.2761157 0.1762440 0.2311505 0.3027692 0.3873845 0.3567989 0.1487775 0.3912454 0.0000000 0.1532464 0.2993747 0.1578167 0.2990506 0.3668230 0.3429905 0.3030168 0.3113609 0.6502771 
yHAB158_Kazachstania_viticola               0.1558670 0.2049344 0.3992999 0.1950996 0.1708989 0.3213829 0.1846844 0.1705664 0.1755444 0.1935506 0.9220680 0.1992205 0.1893805 0.1866474 0.1822220 0.1991198 0.1784460 0.1772243 0.6243373 0.2723349 0.1703686 0.1839345 0.3030265 0.2003638 0.2201652 0.3237218 0.4124876 0.3436747 0.1573698 0.3835430 0.1532464 0.0000000 0.3296389 0.1598612 0.3247647 0.3568995 0.3315326 0.2845754 0.3055539 0.6354228 
yHAB159_Kazachstania_solicola               0.3570814 0.3000089 0.4085242 0.3146182 0.3696495 0.3502649 0.3486434 0.3455712 0.3189689 0.3540533 0.9663418 0.3640880 0.3439198 0.3586231 0.3587744 0.3518715 0.3529499 0.3463211 0.6474292 0.3281655 0.3477875 0.3530312 0.0698486 0.3055320 0.2978010 0.1089331 0.4014812 0.3907232 0.3276814 0.3641084 0.2993747 0.3296389 0.0000000 0.3138743 0.0239496 0.3488379 0.3394895 0.3571745 0.3297875 0.6313530 
yHAB160_Kazachstania_kunashirensis          0.1870470 0.2052582 0.3964046 0.2032740 0.2196916 0.3023789 0.2060735 0.2026186 0.1422106 0.1725961 0.9332675 0.1972018 0.2132439 0.2069914 0.1989061 0.2254024 0.2036234 0.1970817 0.6885276 0.3091969 0.1916921 0.2024200 0.3025691 0.1355576 0.2224769 0.3155220 0.3842355 0.3377173 0.1177127 0.3325381 0.1578167 0.1598612 0.3138743 0.0000000 0.3084501 0.3003528 0.3247117 0.2903423 0.3009863 0.6326542 
yHAB164_Kazachstania_aerobia                0.3496257 0.2938483 0.3996062 0.3131321 0.3505507 0.3436005 0.3542804 0.3337571 0.2965427 0.3509728 0.9565874 0.3645258 0.3371581 0.3479387 0.3545553 0.3542180 0.3460536 0.3358353 0.6446447 0.3283507 0.3507461 0.3478076 0.0640989 0.3028677 0.2953224 0.1116993 0.4020642 0.3940909 0.3204593 0.3637054 0.2990506 0.3247647 0.0239496 0.3084501 0.0000000 0.3502923 0.3330840 0.3542275 0.3232182 0.6361667 
yHAB166_Kazachstania_yakushimaensis         0.3897749 0.3163574 0.4190056 0.3394942 0.3894557 0.3900886 0.3804160 0.4017735 0.3488526 0.3287966 1.0432122 0.3279581 0.3456841 0.3537094 0.3422875 0.3590797 0.3469016 0.3421294 0.6867636 0.4004112 0.3696997 0.3572132 0.3569903 0.3048970 0.3021600 0.3806327 0.5044870 0.4143034 0.3315103 0.0773585 0.3668230 0.3568995 0.3488379 0.3003528 0.3502923 0.0000000 0.4211825 0.4238130 0.4083513 0.6690667 
yHMPu5000034875_Tetrapisispora_fleetii      0.3038775 0.3491166 0.4467510 0.2847234 0.3176634 0.3559347 0.3437263 0.3157733 0.2796754 0.2799650 0.9813544 0.3214631 0.3023252 0.3040036 0.3083873 0.3089464 0.3028977 0.2923059 0.6998523 0.1088489 0.2801181 0.3501813 0.3375672 0.3044839 0.3469004 0.3260414 0.4546812 0.4363422 0.3155373 0.4159185 0.3429905 0.3315326 0.3394895 0.3247117 0.3330840 0.4211825 0.0000000 0.1434704 0.0502070 0.7335685 
yHMPu5000034876_Tetrapisispora_iriomotensis 0.2771688 0.3384818 0.4272892 0.2554467 0.2953259 0.3391220 0.2976816 0.2951977 0.2261000 0.2503260 0.9720809 0.2942129 0.2794091 0.2882027 0.2916854 0.2825488 0.2752912 0.2882665 0.7031464 0.1543974 0.2594301 0.3162342 0.3507807 0.2682717 0.3345542 0.3453753 0.4348441 0.4315337 0.2537206 0.4037650 0.3030168 0.2845754 0.3571745 0.2903423 0.3542275 0.4238130 0.1434704 0.0000000 0.1418111 0.7045898 
yHMPu5000034877_Tetrapisispora_namnaonensis 0.2849751 0.3405582 0.4397960 0.2621830 0.3064146 0.3540699 0.3209246 0.3035303 0.2609632 0.2622969 0.9880794 0.3024135 0.2880697 0.2773115 0.3049545 0.2890002 0.2883164 0.2724889 0.7028649 0.0961209 0.2682545 0.3262239 0.3249720 0.2776064 0.3224230 0.3229453 0.4490927 0.4463232 0.2771124 0.4024414 0.3113609 0.3055539 0.3297875 0.3009863 0.3232182 0.4083513 0.0502070 0.1418111 0.0000000 0.7443344 
yHMPu5000035629_Yueomyces_sinensis          0.6414562 0.6562088 0.6636410 0.6030608 0.6165061 0.6795250 0.6564026 0.6453856 0.6855863 0.7034438 1.0198848 0.6632716 0.6461128 0.6193499 0.6563954 0.6766168 0.6552933 0.6197941 0.3137300 0.6774516 0.6635034 0.6510757 0.6191663 0.6478001 0.6548069 0.6074282 0.5557940 0.5904399 0.6843991 0.6482577 0.6502771 0.6354228 0.6313530 0.6326542 0.6361667 0.6690667 0.7335685 0.7045898 0.7443344 0.0000000 
