40
Candida_glabrata                            0.0000000 0.2145991 0.2662639 0.2539104 0.1128392 0.2976575 0.1275061 0.1072070 0.2058929 0.2475194 0.6881548 0.2100662 0.2115711 0.1998063 0.2169385 0.2043213 0.2047865 0.2020998 0.3079001 0.3242612 0.2650113 0.2196109 0.3307146 0.3581787 0.2166621 0.3226203 0.2552339 0.2581869 0.2524234 0.3340475 0.2873333 0.2426068 0.3171190 0.2599295 0.3368495 0.3577883 0.3182361 0.2800127 0.3294570 0.5210970 
Kazachstania_africana                       0.2145991 0.0000000 0.2251363 0.2322738 0.2015039 0.2568350 0.2116768 0.1940191 0.1508287 0.2059577 0.6734736 0.1727114 0.1811307 0.1739543 0.1839261 0.1632658 0.1794382 0.1774671 0.2606512 0.2749339 0.2170497 0.1651295 0.2485082 0.2878493 0.1668365 0.3105430 0.2403806 0.2184170 0.1902515 0.3044731 0.2135059 0.2042472 0.2364355 0.1786105 0.2634568 0.3478239 0.2636305 0.2569679 0.2730923 0.5311930 
Kazachstania_naganishii                     0.2662639 0.2251363 0.0000000 0.2335356 0.2515470 0.3377363 0.2625643 0.2477582 0.2204436 0.2506597 0.7016082 0.2429419 0.2466024 0.2394135 0.2648796 0.2465639 0.2425336 0.2430877 0.2598511 0.3559217 0.2497888 0.1946730 0.2429991 0.3846967 0.1812987 0.2832589 0.2201080 0.2413983 0.2397606 0.2805057 0.2729799 0.2358968 0.2581226 0.2346108 0.2790355 0.2752745 0.3435255 0.3231517 0.3306460 0.4903910 
Nakaseomyces_bacillisporus                  0.2539104 0.2322738 0.2335356 0.0000000 0.2211558 0.2258211 0.2422243 0.2063135 0.1995370 0.2276238 0.6388413 0.2017758 0.2058165 0.2046881 0.2216136 0.2018211 0.2026426 0.2021513 0.3145173 0.3506413 0.2697641 0.2299463 0.2772855 0.3705180 0.2030220 0.3017521 0.2265796 0.2814722 0.2606857 0.3017965 0.2962618 0.2182012 0.2681549 0.2656674 0.2804502 0.2973389 0.3268333 0.2951435 0.3200495 0.5407901 
Nakaseomyces_bracarensis                    0.1128392 0.2015039 0.2515470 0.2211558 0.0000000 0.3093271 0.0443713 0.0276699 0.1965397 0.2547516 0.7160360 0.2105261 0.2122638 0.2109939 0.2128281 0.2024149 0.2067935 0.2134387 0.3305289 0.3355091 0.2298417 0.2109638 0.3033187 0.3660058 0.1836046 0.3212626 0.2408142 0.2566109 0.2345096 0.3131927 0.2727899 0.2293340 0.3209984 0.2490323 0.3259131 0.3291730 0.3191839 0.2879780 0.3344310 0.5133460 
Nakaseomyces_castellii                      0.2976575 0.2568350 0.3377363 0.2258211 0.3093271 0.0000000 0.3156554 0.2952694 0.2591285 0.2657027 0.7507364 0.2473029 0.2559806 0.2379543 0.2399115 0.2411601 0.2483241 0.2473185 0.3439416 0.3976215 0.3099925 0.2845873 0.3635469 0.4293501 0.2799471 0.3821441 0.3316605 0.3203207 0.3043136 0.3937922 0.3556083 0.2860112 0.3450652 0.3172692 0.3659817 0.4169958 0.3639020 0.3774505 0.3706486 0.6240776 
Nakaseomyces_delphensis                     0.1275061 0.2116768 0.2625643 0.2422243 0.0443713 0.3156554 0.0000000 0.0375136 0.2135500 0.2613864 0.7452492 0.2171813 0.2265899 0.2180699 0.2169031 0.2144325 0.2210013 0.2218308 0.3423192 0.3422484 0.2363920 0.2186743 0.3222432 0.4022073 0.1971533 0.3303455 0.2521147 0.2634595 0.2537625 0.3357255 0.2819743 0.2435423 0.3359056 0.2678172 0.3456840 0.3585859 0.3374034 0.3006773 0.3411076 0.4984314 
Nakaseomyces_nivariensis                    0.1072070 0.1940191 0.2477582 0.2063135 0.0276699 0.2952694 0.0375136 0.0000000 0.1872200 0.2427329 0.7110676 0.1943955 0.2044165 0.1962855 0.1981707 0.1927584 0.1990465 0.1971384 0.3223545 0.3340975 0.2204709 0.1957183 0.2904823 0.3601605 0.1687035 0.3156265 0.2339610 0.2457541 0.2343081 0.3015985 0.2721206 0.2213084 0.3050169 0.2532015 0.3099674 0.3283226 0.3190780 0.2838437 0.3256999 0.4954983 
Naumovozyma_castellii                       0.2058929 0.1508287 0.2204436 0.1995370 0.1965397 0.2591285 0.2135500 0.1872200 0.0000000 0.1292021 0.7011429 0.1526518 0.1464221 0.1481930 0.1676818 0.1476028 0.1504270 0.1517328 0.2732173 0.2876638 0.1990245 0.1660057 0.2489613 0.2678318 0.1688140 0.3060223 0.2358815 0.1819875 0.1942267 0.3159311 0.2126785 0.1820458 0.2558812 0.1962728 0.2714991 0.3406581 0.2820764 0.2517411 0.2911032 0.4974782 
Naumovozyma_dairenensis                     0.2475194 0.2059577 0.2506597 0.2276238 0.2547516 0.2657027 0.2613864 0.2427329 0.1292021 0.0000000 0.7030854 0.1567339 0.1570007 0.1536118 0.1770243 0.1641135 0.1584434 0.1539622 0.3233865 0.3318043 0.2173997 0.2141663 0.2981219 0.3220029 0.2285619 0.3259500 0.2595367 0.2010220 0.2326092 0.3425210 0.2371320 0.2173487 0.3049030 0.2184735 0.3212962 0.3446360 0.3096259 0.2862953 0.3097084 0.5252148 
Neurospora_crassa                           0.6881548 0.6734736 0.7016082 0.6388413 0.7160360 0.7507364 0.7452492 0.7110676 0.7011429 0.7030854 0.0000000 0.6821477 0.6903650 0.6615688 0.6686177 0.7108657 0.7026086 0.6679261 0.7096612 0.7355513 0.7101521 0.6602874 0.7153594 1.0602072 0.6344000 0.7513765 0.6576838 0.6750915 0.7698101 0.7375482 0.7407114 0.6790648 0.6988850 0.7311101 0.7244347 0.7274091 0.7042165 0.7636313 0.7150124 0.9451942 
Saccharomyces_arboricola                    0.2100662 0.1727114 0.2429419 0.2017758 0.2105261 0.2473029 0.2171813 0.1943955 0.1526518 0.1567339 0.6821477 0.0000000 0.0287175 0.0307552 0.0373328 0.0467879 0.0316806 0.0308292 0.2912164 0.3166492 0.2125049 0.2120776 0.2857563 0.3593867 0.2121026 0.3489215 0.2465350 0.2407047 0.2383471 0.3181584 0.2660616 0.1896217 0.2813732 0.2214489 0.3018298 0.3434956 0.3002765 0.2738208 0.3066215 0.5284022 
Saccharomyces_cerevisiae                    0.2115711 0.1811307 0.2466024 0.2058165 0.2122638 0.2559806 0.2265899 0.2044165 0.1464221 0.1570007 0.6903650 0.0287175 0.0000000 0.0351376 0.0417497 0.0374411 0.0120897 0.0352244 0.2895047 0.3003657 0.2252755 0.2071569 0.2883984 0.3548909 0.2052879 0.3482687 0.2406486 0.2349255 0.2345796 0.3142092 0.2564456 0.1840481 0.2771872 0.2176436 0.2983120 0.3390819 0.2883169 0.2687756 0.3039031 0.5199304 
Saccharomyces_eubayanus                     0.1998063 0.1739543 0.2394135 0.2046881 0.2109939 0.2379543 0.2180699 0.1962855 0.1481930 0.1536118 0.6615688 0.0307552 0.0351376 0.0000000 0.0404035 0.0371771 0.0315832 0.0059892 0.2812000 0.2961144 0.2102663 0.1931989 0.2753923 0.3518661 0.2073922 0.3304978 0.2296492 0.2320236 0.2277665 0.3155115 0.2528181 0.1932073 0.2716283 0.2167139 0.2925036 0.3329925 0.2890632 0.2712047 0.3010865 0.5406387 
Saccharomyces_kudriavzevii                  0.2169385 0.1839261 0.2648796 0.2216136 0.2128281 0.2399115 0.2169031 0.1981707 0.1676818 0.1770243 0.6686177 0.0373328 0.0417497 0.0404035 0.0000000 0.0536529 0.0415746 0.0469398 0.2971983 0.3101656 0.2301602 0.2251556 0.2758582 0.3518592 0.2261781 0.3304883 0.2464200 0.2275509 0.2512970 0.3248855 0.2655670 0.2007847 0.2617501 0.2270961 0.2826472 0.3493531 0.3007139 0.2872326 0.3117209 0.5198879 
Saccharomyces_mikatae                       0.2043213 0.1632658 0.2465639 0.2018211 0.2024149 0.2411601 0.2144325 0.1927584 0.1476028 0.1641135 0.7108657 0.0467879 0.0374411 0.0371771 0.0536529 0.0000000 0.0309201 0.0403218 0.2923498 0.2965480 0.2218173 0.2116924 0.2795787 0.3174928 0.2131433 0.3352591 0.2464255 0.2462123 0.2151266 0.3171099 0.2435383 0.1828822 0.2686246 0.1985126 0.2843645 0.3442871 0.2842315 0.2575041 0.3058898 0.5475770 
Saccharomyces_paradoxus                     0.2047865 0.1794382 0.2425336 0.2026426 0.2067935 0.2483241 0.2210013 0.1990465 0.1504270 0.1584434 0.7026086 0.0316806 0.0120897 0.0315832 0.0415746 0.0309201 0.0000000 0.0316608 0.2888395 0.3003166 0.2144627 0.2069852 0.2821000 0.3529065 0.1995756 0.3432810 0.2447635 0.2324908 0.2281225 0.3087576 0.2539023 0.1849151 0.2679476 0.2169821 0.2889361 0.3351776 0.2882211 0.2572406 0.3038692 0.5216829 
Saccharomyces_uvarum                        0.2020998 0.1774671 0.2430877 0.2021513 0.2134387 0.2473185 0.2218308 0.1971384 0.1517328 0.1539622 0.6679261 0.0308292 0.0352244 0.0059892 0.0469398 0.0403218 0.0316608 0.0000000 0.2849864 0.3059431 0.2107144 0.1982074 0.2850078 0.3494402 0.2049977 0.3409349 0.2387097 0.2411000 0.2333067 0.3194636 0.2622891 0.1885896 0.2812525 0.2220914 0.3023013 0.3370244 0.2985637 0.2717377 0.3048366 0.5414081 
Tetrapisispora_blattae                      0.3079001 0.2606512 0.2598511 0.3145173 0.3305289 0.3439416 0.3423192 0.3223545 0.2732173 0.3233865 0.7096612 0.2912164 0.2895047 0.2812000 0.2971983 0.2923498 0.2888395 0.2849864 0.0000000 0.3820333 0.2881033 0.2483325 0.3490516 0.4521754 0.2807910 0.3971097 0.3019926 0.3003619 0.3058432 0.3177048 0.3123932 0.2991150 0.3308141 0.2916181 0.3577833 0.3502999 0.3875572 0.3602055 0.3812510 0.4980437 
Tetrapisispora_phaffii                      0.3242612 0.2749339 0.3559217 0.3506413 0.3355091 0.3976215 0.3422484 0.3340975 0.2876638 0.3318043 0.7355513 0.3166492 0.3003657 0.2961144 0.3101656 0.2965480 0.3003166 0.3059431 0.3820333 0.0000000 0.2886609 0.2848559 0.3526716 0.4145826 0.3274172 0.4339131 0.3420579 0.3513669 0.3104212 0.3822582 0.3310628 0.3136771 0.3489107 0.3198494 0.3714407 0.4473664 0.1137626 0.1254971 0.1087096 0.5659937 
Vanderwaltozyma_polyspora                   0.2650113 0.2170497 0.2497888 0.2697641 0.2298417 0.3099925 0.2363920 0.2204709 0.1990245 0.2173997 0.7101521 0.2125049 0.2252755 0.2102663 0.2301602 0.2218173 0.2144627 0.2107144 0.2881033 0.2886609 0.0000000 0.2119735 0.2751423 0.3520863 0.2195286 0.3349821 0.2458176 0.2506186 0.2314385 0.3090722 0.2556227 0.2322412 0.2934914 0.2292469 0.3045420 0.3409147 0.3102402 0.2666041 0.3080154 0.4747434 
yHAB132_Kazachstania_martiniae              0.2196109 0.1651295 0.1946730 0.2299463 0.2109638 0.2845873 0.2186743 0.1957183 0.1660057 0.2141663 0.6602874 0.2120776 0.2071569 0.1931989 0.2251556 0.2116924 0.2069852 0.1982074 0.2483325 0.2848559 0.2119735 0.0000000 0.2557464 0.3105382 0.1651785 0.2993651 0.2334191 0.1952697 0.1755793 0.2551009 0.2195310 0.2105849 0.2595942 0.1760066 0.2739445 0.2961111 0.2941511 0.2497586 0.2771310 0.4792534 
yHAB133_Kazachstania_unispora               0.3307146 0.2485082 0.2429991 0.2772855 0.3033187 0.3635469 0.3222432 0.2904823 0.2489613 0.2981219 0.7153594 0.2857563 0.2883984 0.2753923 0.2758582 0.2795787 0.2821000 0.2850078 0.3490516 0.3526716 0.2751423 0.2557464 0.0000000 0.3521389 0.1927271 0.1263012 0.2190210 0.2653080 0.2524006 0.3229764 0.3136697 0.2689661 0.0406888 0.2854944 0.0402468 0.3456108 0.3736523 0.3581364 0.3784464 0.5545309 
yHAB134_Kazachstania_turicensis             0.3581787 0.2878493 0.3846967 0.3705180 0.3660058 0.4293501 0.4022073 0.3601605 0.2678318 0.3220029 1.0602072 0.3593867 0.3548909 0.3518661 0.3518592 0.3174928 0.3529065 0.3494402 0.4521754 0.4145826 0.3520863 0.3105382 0.3521389 0.0000000 0.3144709 0.4438573 0.3780968 0.2547357 0.2613615 0.4813025 0.2876656 0.2886555 0.3631380 0.2304248 0.3815467 0.5274091 0.4048497 0.3838844 0.4361439 0.6795259 
yHAB136_Kazachstania_bromeliacearum         0.2166621 0.1668365 0.1812987 0.2030220 0.1836046 0.2799471 0.1971533 0.1687035 0.1688140 0.2285619 0.6344000 0.2121026 0.2052879 0.2073922 0.2261781 0.2131433 0.1995756 0.2049977 0.2807910 0.3274172 0.2195286 0.1651785 0.1927271 0.3144709 0.0000000 0.2245001 0.1819158 0.1767391 0.1833017 0.2683281 0.2346206 0.1906012 0.2076691 0.2112598 0.2154403 0.2899061 0.3130768 0.2725996 0.3249834 0.4838450 
yHAB143_Kazachstania_siamensis              0.3226203 0.3105430 0.2832589 0.3017521 0.3212626 0.3821441 0.3303455 0.3156265 0.3060223 0.3259500 0.7513765 0.3489215 0.3482687 0.3304978 0.3304883 0.3352591 0.3432810 0.3409349 0.3971097 0.4339131 0.3349821 0.2993651 0.1263012 0.4438573 0.2245001 0.0000000 0.2526166 0.2926737 0.2826017 0.3477762 0.3650937 0.3156006 0.1350694 0.3393955 0.1496625 0.3819384 0.4166432 0.4036398 0.4329712 0.5337787 
yHAB147_Kazachstania_taianensis             0.2552339 0.2403806 0.2201080 0.2265796 0.2408142 0.3316605 0.2521147 0.2339610 0.2358815 0.2595367 0.6576838 0.2465350 0.2406486 0.2296492 0.2464200 0.2464255 0.2447635 0.2387097 0.3019926 0.3420579 0.2458176 0.2334191 0.2190210 0.3780968 0.1819158 0.2526166 0.0000000 0.2252228 0.2387966 0.2823129 0.2818315 0.2298913 0.2086153 0.2518197 0.2245755 0.2969924 0.3283985 0.3108203 0.3466380 0.5499811 
yHAB148_Kazachstania_intestinalis           0.2581869 0.2184170 0.2413983 0.2814722 0.2566109 0.3203207 0.2634595 0.2457541 0.1819875 0.2010220 0.6750915 0.2407047 0.2349255 0.2320236 0.2275509 0.2462123 0.2324908 0.2411000 0.3003619 0.3513669 0.2506186 0.1952697 0.2653080 0.2547357 0.1767391 0.2926737 0.2252228 0.0000000 0.1996070 0.3074993 0.2330012 0.2494950 0.2629723 0.2131836 0.2772753 0.3114919 0.3354538 0.3389484 0.3632270 0.4844871 
yHAB153_Kazachstania_rosinii                0.2524234 0.1902515 0.2397606 0.2606857 0.2345096 0.3043136 0.2537625 0.2343081 0.1942267 0.2326092 0.7698101 0.2383471 0.2345796 0.2277665 0.2512970 0.2151266 0.2281225 0.2333067 0.3058432 0.3104212 0.2314385 0.1755793 0.2524006 0.2613615 0.1833017 0.2826017 0.2387966 0.1996070 0.0000000 0.3392272 0.1697854 0.2070663 0.2572510 0.1320758 0.2731938 0.3612679 0.3031937 0.3067655 0.3016366 0.5264173 
yHAB154_Kazachstania_transvaalensis         0.3340475 0.3044731 0.2805057 0.3017965 0.3131927 0.3937922 0.3357255 0.3015985 0.3159311 0.3425210 0.7375482 0.3181584 0.3142092 0.3155115 0.3248855 0.3171099 0.3087576 0.3194636 0.3177048 0.3822582 0.3090722 0.2551009 0.3229764 0.4813025 0.2683281 0.3477762 0.2823129 0.3074993 0.3392272 0.0000000 0.3817213 0.3313636 0.3126485 0.3232231 0.3339908 0.0790336 0.3575469 0.3378052 0.3620603 0.5436370 
yHAB155_Kazachstania_spencerorum            0.2873333 0.2135059 0.2729799 0.2962618 0.2727899 0.3556083 0.2819743 0.2721206 0.2126785 0.2371320 0.7407114 0.2660616 0.2564456 0.2528181 0.2655670 0.2435383 0.2539023 0.2622891 0.3123932 0.3310628 0.2556227 0.2195310 0.3136697 0.2876656 0.2346206 0.3650937 0.2818315 0.2330012 0.1697854 0.3817213 0.0000000 0.2430028 0.3018517 0.1747845 0.3140686 0.3957616 0.3428875 0.3304341 0.3462957 0.5890499 
yHAB158_Kazachstania_viticola               0.2426068 0.2042472 0.2358968 0.2182012 0.2293340 0.2860112 0.2435423 0.2213084 0.1820458 0.2173487 0.6790648 0.1896217 0.1840481 0.1932073 0.2007847 0.1828822 0.1849151 0.1885896 0.2991150 0.3136771 0.2322412 0.2105849 0.2689661 0.2886555 0.1906012 0.3156006 0.2298913 0.2494950 0.2070663 0.3313636 0.2430028 0.0000000 0.2649118 0.2442569 0.2860662 0.3577067 0.3183554 0.2965332 0.3411834 0.4815147 
yHAB159_Kazachstania_solicola               0.3171190 0.2364355 0.2581226 0.2681549 0.3209984 0.3450652 0.3359056 0.3050169 0.2558812 0.3049030 0.6988850 0.2813732 0.2771872 0.2716283 0.2617501 0.2686246 0.2679476 0.2812525 0.3308141 0.3489107 0.2934914 0.2595942 0.0406888 0.3631380 0.2076691 0.1350694 0.2086153 0.2629723 0.2572510 0.3126485 0.3018517 0.2649118 0.0000000 0.2810014 0.0091080 0.3402277 0.3641622 0.3513727 0.3734246 0.5433467 
yHAB160_Kazachstania_kunashirensis          0.2599295 0.1786105 0.2346108 0.2656674 0.2490323 0.3172692 0.2678172 0.2532015 0.1962728 0.2184735 0.7311101 0.2214489 0.2176436 0.2167139 0.2270961 0.1985126 0.2169821 0.2220914 0.2916181 0.3198494 0.2292469 0.1760066 0.2854944 0.2304248 0.2112598 0.3393955 0.2518197 0.2131836 0.1320758 0.3232231 0.1747845 0.2442569 0.2810014 0.0000000 0.3024345 0.3404023 0.3265760 0.3041478 0.3215711 0.5131825 
yHAB164_Kazachstania_aerobia                0.3368495 0.2634568 0.2790355 0.2804502 0.3259131 0.3659817 0.3456840 0.3099674 0.2714991 0.3212962 0.7244347 0.3018298 0.2983120 0.2925036 0.2826472 0.2843645 0.2889361 0.3023013 0.3577833 0.3714407 0.3045420 0.2739445 0.0402468 0.3815467 0.2154403 0.1496625 0.2245755 0.2772753 0.2731938 0.3339908 0.3140686 0.2860662 0.0091080 0.3024345 0.0000000 0.3645717 0.3882118 0.3738967 0.3977193 0.5725087 
yHAB166_Kazachstania_yakushimaensis         0.3577883 0.3478239 0.2752745 0.2973389 0.3291730 0.4169958 0.3585859 0.3283226 0.3406581 0.3446360 0.7274091 0.3434956 0.3390819 0.3329925 0.3493531 0.3442871 0.3351776 0.3370244 0.3502999 0.4473664 0.3409147 0.2961111 0.3456108 0.5274091 0.2899061 0.3819384 0.2969924 0.3114919 0.3612679 0.0790336 0.3957616 0.3577067 0.3402277 0.3404023 0.3645717 0.0000000 0.4227319 0.3848704 0.4200167 0.5670839 
yHMPu5000034875_Tetrapisispora_fleetii      0.3182361 0.2636305 0.3435255 0.3268333 0.3191839 0.3639020 0.3374034 0.3190780 0.2820764 0.3096259 0.7042165 0.3002765 0.2883169 0.2890632 0.3007139 0.2842315 0.2882211 0.2985637 0.3875572 0.1137626 0.3102402 0.2941511 0.3736523 0.4048497 0.3130768 0.4166432 0.3283985 0.3354538 0.3031937 0.3575469 0.3428875 0.3183554 0.3641622 0.3265760 0.3882118 0.4227319 0.0000000 0.1236631 0.0506669 0.5417344 
yHMPu5000034876_Tetrapisispora_iriomotensis 0.2800127 0.2569679 0.3231517 0.2951435 0.2879780 0.3774505 0.3006773 0.2838437 0.2517411 0.2862953 0.7636313 0.2738208 0.2687756 0.2712047 0.2872326 0.2575041 0.2572406 0.2717377 0.3602055 0.1254971 0.2666041 0.2497586 0.3581364 0.3838844 0.2725996 0.4036398 0.3108203 0.3389484 0.3067655 0.3378052 0.3304341 0.2965332 0.3513727 0.3041478 0.3738967 0.3848704 0.1236631 0.0000000 0.1351041 0.5745035 
yHMPu5000034877_Tetrapisispora_namnaonensis 0.3294570 0.2730923 0.3306460 0.3200495 0.3344310 0.3706486 0.3411076 0.3256999 0.2911032 0.3097084 0.7150124 0.3066215 0.3039031 0.3010865 0.3117209 0.3058898 0.3038692 0.3048366 0.3812510 0.1087096 0.3080154 0.2771310 0.3784464 0.4361439 0.3249834 0.4329712 0.3466380 0.3632270 0.3016366 0.3620603 0.3462957 0.3411834 0.3734246 0.3215711 0.3977193 0.4200167 0.0506669 0.1351041 0.0000000 0.5532626 
yHMPu5000035629_Yueomyces_sinensis          0.5210970 0.5311930 0.4903910 0.5407901 0.5133460 0.6240776 0.4984314 0.4954983 0.4974782 0.5252148 0.9451942 0.5284022 0.5199304 0.5406387 0.5198879 0.5475770 0.5216829 0.5414081 0.4980437 0.5659937 0.4747434 0.4792534 0.5545309 0.6795259 0.4838450 0.5337787 0.5499811 0.4844871 0.5264173 0.5436370 0.5890499 0.4815147 0.5433467 0.5131825 0.5725087 0.5670839 0.5417344 0.5745035 0.5532626 0.0000000 
