40
Candida_glabrata                            0.0000000 0.1007968 0.1219672 0.0902314 0.0807201 0.1068873 0.0937415 0.0802171 0.1146187 0.1105823 0.4526719 0.1103245 0.1091071 0.1147640 0.1111553 0.1089881 0.1116494 0.1125169 0.1354390 0.1278757 0.0898909 0.1059564 0.1084486 0.0959441 0.1022959 0.1141560 0.1051458 0.1087657 0.1063110 0.1194872 0.1173609 0.1042705 0.1132545 0.1061157 0.1074440 0.1173609 0.1230426 0.1221054 0.1263716 0.1889870 
Kazachstania_africana                       0.1007968 0.0000000 0.0876699 0.0763765 0.0993111 0.0896659 0.1074319 0.0906190 0.0957220 0.0858776 0.4181841 0.0729701 0.0685561 0.0706938 0.0761923 0.0730310 0.0732899 0.0660212 0.1273099 0.1007935 0.0794230 0.0631164 0.0900251 0.0695679 0.0798382 0.0850108 0.0759565 0.0807538 0.0782919 0.0833711 0.0813435 0.0607315 0.0870374 0.0762913 0.0868103 0.0774935 0.1018940 0.0948506 0.0980715 0.1843083 
Kazachstania_naganishii                     0.1219672 0.0876699 0.0000000 0.0912986 0.1241270 0.1017643 0.1283644 0.1136295 0.0774046 0.0836384 0.4256614 0.0791493 0.0795583 0.0833888 0.0842174 0.0806351 0.0793884 0.0827610 0.1509299 0.1092147 0.0861315 0.0627661 0.0866885 0.0816371 0.0598172 0.0855595 0.0704795 0.1021983 0.0745184 0.0752332 0.0694818 0.0813099 0.0931798 0.0730342 0.0861471 0.0794577 0.1161402 0.1054093 0.1134525 0.2219777 
Nakaseomyces_bacillisporus                  0.0902314 0.0763765 0.0912986 0.0000000 0.0774245 0.0792497 0.0904748 0.0859595 0.0964383 0.0915716 0.4375208 0.0850171 0.0787480 0.0825998 0.0883287 0.0791254 0.0776899 0.0844010 0.1431883 0.1126244 0.0859689 0.0742871 0.1083790 0.0834234 0.0738994 0.0974495 0.0782386 0.0733504 0.0717313 0.0909865 0.0921609 0.0738353 0.1081276 0.0830657 0.1022097 0.0888386 0.1051144 0.1116514 0.1067188 0.2010167 
Nakaseomyces_bracarensis                    0.0807201 0.0993111 0.1241270 0.0774245 0.0000000 0.1068216 0.0451564 0.0397187 0.0968901 0.1081664 0.4429497 0.1028637 0.0960985 0.1034698 0.1022336 0.0986333 0.0988631 0.1041548 0.1422156 0.1189726 0.0983050 0.0931453 0.1222487 0.1000873 0.1112646 0.1178666 0.1173556 0.1097250 0.1039679 0.1171481 0.1120807 0.1115381 0.1207858 0.1083789 0.1154780 0.1149129 0.1222494 0.1217035 0.1223321 0.1989189 
Nakaseomyces_castellii                      0.1068873 0.0896659 0.1017643 0.0792497 0.1068216 0.0000000 0.1135124 0.1113985 0.1089398 0.0864093 0.4182594 0.0878307 0.0848440 0.0855526 0.0866429 0.0854803 0.0846985 0.0879955 0.1457704 0.1170173 0.0954287 0.0852198 0.1221384 0.0905547 0.0974591 0.1050227 0.0948429 0.1053728 0.0733701 0.1027957 0.0941393 0.0782459 0.1201208 0.0856490 0.1177575 0.0956344 0.1153379 0.1124741 0.1152281 0.2044772 
Nakaseomyces_delphensis                     0.0937415 0.1074319 0.1283644 0.0904748 0.0451564 0.1135124 0.0000000 0.0444103 0.1002056 0.1080453 0.4520517 0.1094956 0.1064592 0.1065698 0.1139860 0.1106136 0.1108481 0.1076131 0.1498091 0.1323063 0.1085566 0.1046801 0.1236541 0.1103734 0.1148828 0.1226252 0.1182937 0.1173939 0.1084868 0.1173692 0.1168831 0.1163772 0.1197318 0.1168945 0.1167384 0.1183185 0.1283871 0.1231299 0.1294240 0.1902667 
Nakaseomyces_nivariensis                    0.0802171 0.0906190 0.1136295 0.0859595 0.0397187 0.1113985 0.0444103 0.0000000 0.0952166 0.0940667 0.4440226 0.0973522 0.0906924 0.0936331 0.1027073 0.0953459 0.0949870 0.0919821 0.1230983 0.1063891 0.0850544 0.0864812 0.1103039 0.0922495 0.1030582 0.1070212 0.1081238 0.1056326 0.0951243 0.1062608 0.0992975 0.0938075 0.1087257 0.0990060 0.1016974 0.1063513 0.1133401 0.1111860 0.1129018 0.1847559 
Naumovozyma_castellii                       0.1146187 0.0957220 0.0774046 0.0964383 0.0968901 0.1089398 0.1002056 0.0952166 0.0000000 0.0652367 0.4389825 0.0763474 0.0829774 0.0850580 0.0876310 0.0800229 0.0828035 0.0856430 0.1412294 0.1098909 0.0897540 0.0756310 0.0803029 0.0793263 0.0771534 0.0723818 0.0933280 0.0976177 0.0884801 0.0877587 0.0779010 0.0886551 0.0907957 0.0757030 0.0882177 0.0859494 0.1165131 0.1147067 0.1174565 0.2146733 
Naumovozyma_dairenensis                     0.1105823 0.0858776 0.0836384 0.0915716 0.1081664 0.0864093 0.1080453 0.0940667 0.0652367 0.0000000 0.4411495 0.0845656 0.0831228 0.0924595 0.0895885 0.0886763 0.0834936 0.0870823 0.1391215 0.1037876 0.0822372 0.0704877 0.0875929 0.0720471 0.0813699 0.0802070 0.0895238 0.0942331 0.0789711 0.0911384 0.0782456 0.0829282 0.0868946 0.0641332 0.0812649 0.0871414 0.0965009 0.1018419 0.0972984 0.2187289 
Neurospora_crassa                           0.4526719 0.4181841 0.4256614 0.4375208 0.4429497 0.4182594 0.4520517 0.4440226 0.4389825 0.4411495 0.0000000 0.4332353 0.4223566 0.4184080 0.4334930 0.4225139 0.4255534 0.4191782 0.4678586 0.4319173 0.4157645 0.4327838 0.4551899 0.4555801 0.4413812 0.4529062 0.4289367 0.4494237 0.4342419 0.4290405 0.4406191 0.4333702 0.4436214 0.4412248 0.4442918 0.4362028 0.4485367 0.4487934 0.4457660 0.5106102 
Saccharomyces_arboricola                    0.1103245 0.0729701 0.0791493 0.0850171 0.1028637 0.0878307 0.1094956 0.0973522 0.0763474 0.0845656 0.4332353 0.0000000 0.0173912 0.0250228 0.0185089 0.0196012 0.0162712 0.0251665 0.1422692 0.1068135 0.0848960 0.0598862 0.1052944 0.0781933 0.0862796 0.1008633 0.0872449 0.0966870 0.0753173 0.0941120 0.0796708 0.0798005 0.1140240 0.0778192 0.1129034 0.0929216 0.1117539 0.0884500 0.1053354 0.1921102 
Saccharomyces_cerevisiae                    0.1091071 0.0685561 0.0795583 0.0787480 0.0960985 0.0848440 0.1064592 0.0906924 0.0829774 0.0831228 0.4223566 0.0173912 0.0000000 0.0239450 0.0195187 0.0141272 0.0052962 0.0240001 0.1347707 0.1030699 0.0788403 0.0607522 0.1045815 0.0797345 0.0867750 0.0984546 0.0809200 0.0862383 0.0738223 0.0932333 0.0722732 0.0763890 0.1134397 0.0786101 0.1105368 0.0915452 0.1078826 0.0872436 0.1016316 0.1916946 
Saccharomyces_eubayanus                     0.1147640 0.0706938 0.0833888 0.0825998 0.1034698 0.0855526 0.1065698 0.0936331 0.0850580 0.0924595 0.4184080 0.0250228 0.0239450 0.0000000 0.0284627 0.0318377 0.0261269 0.0095964 0.1382535 0.1025918 0.0885929 0.0680468 0.1130345 0.0872732 0.0914650 0.1027371 0.0790651 0.0867878 0.0824977 0.0982993 0.0812036 0.0800217 0.1201932 0.0832668 0.1164662 0.0922149 0.1056407 0.0899293 0.0995682 0.1915923 
Saccharomyces_kudriavzevii                  0.1111553 0.0761923 0.0842174 0.0883287 0.1022336 0.0866429 0.1139860 0.1027073 0.0876310 0.0895885 0.4334930 0.0185089 0.0195187 0.0284627 0.0000000 0.0262960 0.0217092 0.0295799 0.1456192 0.1154516 0.0882192 0.0669195 0.1089150 0.0837658 0.0868655 0.1054373 0.0889176 0.0987847 0.0817219 0.1012417 0.0857665 0.0825182 0.1215174 0.0824201 0.1185600 0.0945942 0.1124513 0.0948671 0.1098057 0.1963396 
Saccharomyces_mikatae                       0.1089881 0.0730310 0.0806351 0.0791254 0.0986333 0.0854803 0.1106136 0.0953459 0.0800229 0.0886763 0.4225139 0.0196012 0.0141272 0.0318377 0.0262960 0.0000000 0.0130175 0.0331138 0.1379233 0.1036140 0.0827384 0.0631245 0.1081619 0.0742032 0.0865851 0.1016982 0.0847899 0.0871049 0.0750138 0.0933932 0.0781812 0.0793866 0.1149212 0.0754043 0.1125603 0.0941321 0.1085476 0.0872692 0.1022217 0.1926904 
Saccharomyces_paradoxus                     0.1116494 0.0732899 0.0793884 0.0776899 0.0988631 0.0846985 0.1108481 0.0949870 0.0828035 0.0834936 0.4255534 0.0162712 0.0052962 0.0261269 0.0217092 0.0130175 0.0000000 0.0261870 0.1384612 0.1066819 0.0850534 0.0619290 0.1096079 0.0808818 0.0880552 0.1033748 0.0838850 0.0887036 0.0746644 0.0946510 0.0747589 0.0806398 0.1185844 0.0784458 0.1156310 0.0932153 0.1105017 0.0901587 0.1040890 0.1935274 
Saccharomyces_uvarum                        0.1125169 0.0660212 0.0827610 0.0844010 0.1041548 0.0879955 0.1076131 0.0919821 0.0856430 0.0870823 0.4191782 0.0251665 0.0240001 0.0095964 0.0295799 0.0331138 0.0261870 0.0000000 0.1394428 0.1019057 0.0844123 0.0620705 0.1077247 0.0835536 0.0907223 0.1034391 0.0807128 0.0860155 0.0815990 0.0974413 0.0773255 0.0773192 0.1160886 0.0821796 0.1123791 0.0924575 0.1048002 0.0907731 0.0959319 0.1930321 
Tetrapisispora_blattae                      0.1354390 0.1273099 0.1509299 0.1431883 0.1422156 0.1457704 0.1498091 0.1230983 0.1412294 0.1391215 0.4678586 0.1422692 0.1347707 0.1382535 0.1456192 0.1379233 0.1384612 0.1394428 0.0000000 0.1327051 0.1293372 0.1225445 0.1466038 0.1229564 0.1521408 0.1388995 0.1433394 0.1308919 0.1424508 0.1482894 0.1533271 0.1381768 0.1439319 0.1362225 0.1362618 0.1488273 0.1352179 0.1391302 0.1356624 0.1351073 
Tetrapisispora_phaffii                      0.1278757 0.1007935 0.1092147 0.1126244 0.1189726 0.1170173 0.1323063 0.1063891 0.1098909 0.1037876 0.4319173 0.1068135 0.1030699 0.1025918 0.1154516 0.1036140 0.1066819 0.1019057 0.1327051 0.0000000 0.0939609 0.1026439 0.1105887 0.1013013 0.1169351 0.1117098 0.1065650 0.1179239 0.1137818 0.1086040 0.0985035 0.1134349 0.1130740 0.1048474 0.1094475 0.1066649 0.0456684 0.0531892 0.0394598 0.1837338 
Vanderwaltozyma_polyspora                   0.0898909 0.0794230 0.0861315 0.0859689 0.0983050 0.0954287 0.1085566 0.0850544 0.0897540 0.0822372 0.4157645 0.0848960 0.0788403 0.0885929 0.0882192 0.0827384 0.0850534 0.0844123 0.1293372 0.0939609 0.0000000 0.0706921 0.1061461 0.0743597 0.0873960 0.0970954 0.0896568 0.1030459 0.0821046 0.0923595 0.0857811 0.0791343 0.1067621 0.0827371 0.1006962 0.0969305 0.0930389 0.0955989 0.0923593 0.1991107 
yHAB132_Kazachstania_martiniae              0.1059564 0.0631164 0.0627661 0.0742871 0.0931453 0.0852198 0.1046801 0.0864812 0.0756310 0.0704877 0.4327838 0.0598862 0.0607522 0.0680468 0.0669195 0.0631245 0.0619290 0.0620705 0.1225445 0.1026439 0.0706921 0.0000000 0.0938930 0.0642591 0.0647683 0.0909406 0.0642312 0.0752081 0.0495543 0.0800026 0.0676068 0.0595087 0.0935498 0.0551065 0.0875652 0.0808967 0.1020035 0.1046628 0.1010010 0.2038760 
yHAB133_Kazachstania_unispora               0.1084486 0.0900251 0.0866885 0.1083790 0.1222487 0.1221384 0.1236541 0.1103039 0.0803029 0.0875929 0.4551899 0.1052944 0.1045815 0.1130345 0.1089150 0.1081619 0.1096079 0.1077247 0.1466038 0.1105887 0.1061461 0.0938930 0.0000000 0.0790210 0.0930560 0.0466956 0.0811175 0.1026546 0.1049552 0.0847993 0.0972465 0.0945142 0.0283330 0.0894349 0.0280438 0.0837196 0.1257203 0.1144657 0.1168998 0.2126323 
yHAB134_Kazachstania_turicensis             0.0959441 0.0695679 0.0816371 0.0834234 0.1000873 0.0905547 0.1103734 0.0922495 0.0793263 0.0720471 0.4555801 0.0781933 0.0797345 0.0872732 0.0837658 0.0742032 0.0808818 0.0835536 0.1229564 0.1013013 0.0743597 0.0642591 0.0790210 0.0000000 0.0740654 0.0739411 0.0784399 0.0813005 0.0606620 0.0811854 0.0718094 0.0675321 0.0861925 0.0423637 0.0802022 0.0798184 0.1060274 0.0990514 0.1037142 0.1986089 
yHAB136_Kazachstania_bromeliacearum         0.1022959 0.0798382 0.0598172 0.0738994 0.1112646 0.0974591 0.1148828 0.1030582 0.0771534 0.0813699 0.4413812 0.0862796 0.0867750 0.0914650 0.0868655 0.0865851 0.0880552 0.0907223 0.1521408 0.1169351 0.0873960 0.0647683 0.0930560 0.0740654 0.0000000 0.0855279 0.0598996 0.0845769 0.0660282 0.0707710 0.0798846 0.0634912 0.0979028 0.0682413 0.0921014 0.0690075 0.1128519 0.1097994 0.1145423 0.2184046 
yHAB143_Kazachstania_siamensis              0.1141560 0.0850108 0.0855595 0.0974495 0.1178666 0.1050227 0.1226252 0.1070212 0.0723818 0.0802070 0.4529062 0.1008633 0.0984546 0.1027371 0.1054373 0.1016982 0.1033748 0.1034391 0.1388995 0.1117098 0.0970954 0.0909406 0.0466956 0.0739411 0.0855279 0.0000000 0.0907837 0.0844913 0.0996826 0.0837989 0.0872279 0.0803511 0.0426579 0.0888917 0.0412456 0.0878534 0.1124751 0.1111501 0.1084199 0.2041132 
yHAB147_Kazachstania_taianensis             0.1051458 0.0759565 0.0704795 0.0782386 0.1173556 0.0948429 0.1182937 0.1081238 0.0933280 0.0895238 0.4289367 0.0872449 0.0809200 0.0790651 0.0889176 0.0847899 0.0838850 0.0807128 0.1433394 0.1065650 0.0896568 0.0642312 0.0811175 0.0784399 0.0598996 0.0907837 0.0000000 0.0845598 0.0671351 0.0695816 0.0811633 0.0783880 0.0887820 0.0817487 0.0799679 0.0667416 0.1135787 0.1081359 0.1133750 0.2237225 
yHAB148_Kazachstania_intestinalis           0.1087657 0.0807538 0.1021983 0.0733504 0.1097250 0.1053728 0.1173939 0.1056326 0.0976177 0.0942331 0.4494237 0.0966870 0.0862383 0.0867878 0.0987847 0.0871049 0.0887036 0.0860155 0.1308919 0.1179239 0.1030459 0.0752081 0.1026546 0.0813005 0.0845769 0.0844913 0.0845598 0.0000000 0.0830529 0.1069749 0.0982159 0.0764655 0.1030374 0.0822657 0.0984141 0.0985993 0.1083546 0.1239183 0.1118108 0.1960262 
yHAB153_Kazachstania_rosinii                0.1063110 0.0782919 0.0745184 0.0717313 0.1039679 0.0733701 0.1084868 0.0951243 0.0884801 0.0789711 0.4342419 0.0753173 0.0738223 0.0824977 0.0817219 0.0750138 0.0746644 0.0815990 0.1424508 0.1137818 0.0821046 0.0495543 0.1049552 0.0606620 0.0660282 0.0996826 0.0671351 0.0830529 0.0000000 0.0811350 0.0725661 0.0657030 0.1033047 0.0563432 0.0975138 0.0827317 0.1104430 0.1141628 0.1124347 0.2137473 
yHAB154_Kazachstania_transvaalensis         0.1194872 0.0833711 0.0752332 0.0909865 0.1171481 0.1027957 0.1173692 0.1062608 0.0877587 0.0911384 0.4290405 0.0941120 0.0932333 0.0982993 0.1012417 0.0933932 0.0946510 0.0974413 0.1482894 0.1086040 0.0923595 0.0800026 0.0847993 0.0811854 0.0707710 0.0837989 0.0695816 0.1069749 0.0811350 0.0000000 0.0760376 0.0764383 0.0857093 0.0761148 0.0788536 0.0256735 0.1148322 0.1092391 0.1092910 0.2009024 
yHAB155_Kazachstania_spencerorum            0.1173609 0.0813435 0.0694818 0.0921609 0.1120807 0.0941393 0.1168831 0.0992975 0.0779010 0.0782456 0.4406191 0.0796708 0.0722732 0.0812036 0.0857665 0.0781812 0.0747589 0.0773255 0.1533271 0.0985035 0.0857811 0.0676068 0.0972465 0.0718094 0.0798846 0.0872279 0.0811633 0.0982159 0.0725661 0.0760376 0.0000000 0.0798193 0.1040392 0.0712403 0.0977459 0.0794923 0.0962405 0.0959022 0.0953059 0.2235057 
yHAB158_Kazachstania_viticola               0.1042705 0.0607315 0.0813099 0.0738353 0.1115381 0.0782459 0.1163772 0.0938075 0.0886551 0.0829282 0.4333702 0.0798005 0.0763890 0.0800217 0.0825182 0.0793866 0.0806398 0.0773192 0.1381768 0.1134349 0.0791343 0.0595087 0.0945142 0.0675321 0.0634912 0.0803511 0.0783880 0.0764655 0.0657030 0.0764383 0.0798193 0.0000000 0.0915792 0.0717358 0.0877825 0.0743828 0.1158297 0.1181479 0.1127921 0.1985245 
yHAB159_Kazachstania_solicola               0.1132545 0.0870374 0.0931798 0.1081276 0.1207858 0.1201208 0.1197318 0.1087257 0.0907957 0.0868946 0.4436214 0.1140240 0.1134397 0.1201932 0.1215174 0.1149212 0.1185844 0.1160886 0.1439319 0.1130740 0.1067621 0.0935498 0.0283330 0.0861925 0.0979028 0.0426579 0.0887820 0.1030374 0.1033047 0.0857093 0.1040392 0.0915792 0.0000000 0.0996107 0.0108870 0.0853804 0.1222924 0.1189266 0.1139053 0.2032558 
yHAB160_Kazachstania_kunashirensis          0.1061157 0.0762913 0.0730342 0.0830657 0.1083789 0.0856490 0.1168945 0.0990060 0.0757030 0.0641332 0.4412248 0.0778192 0.0786101 0.0832668 0.0824201 0.0754043 0.0784458 0.0821796 0.1362225 0.1048474 0.0827371 0.0551065 0.0894349 0.0423637 0.0682413 0.0888917 0.0817487 0.0822657 0.0563432 0.0761148 0.0712403 0.0717358 0.0996107 0.0000000 0.0963212 0.0739605 0.1094386 0.1025271 0.1072562 0.2179354 
yHAB164_Kazachstania_aerobia                0.1074440 0.0868103 0.0861471 0.1022097 0.1154780 0.1177575 0.1167384 0.1016974 0.0882177 0.0812649 0.4442918 0.1129034 0.1105368 0.1164662 0.1185600 0.1125603 0.1156310 0.1123791 0.1362618 0.1094475 0.1006962 0.0875652 0.0280438 0.0802022 0.0921014 0.0412456 0.0799679 0.0984141 0.0975138 0.0788536 0.0977459 0.0877825 0.0108870 0.0963212 0.0000000 0.0778286 0.1152606 0.1158354 0.1070563 0.1990241 
yHAB166_Kazachstania_yakushimaensis         0.1173609 0.0774935 0.0794577 0.0888386 0.1149129 0.0956344 0.1183185 0.1063513 0.0859494 0.0871414 0.4362028 0.0929216 0.0915452 0.0922149 0.0945942 0.0941321 0.0932153 0.0924575 0.1488273 0.1066649 0.0969305 0.0808967 0.0837196 0.0798184 0.0690075 0.0878534 0.0667416 0.0985993 0.0827317 0.0256735 0.0794923 0.0743828 0.0853804 0.0739605 0.0778286 0.0000000 0.1087894 0.1105630 0.1088231 0.2107885 
yHMPu5000034875_Tetrapisispora_fleetii      0.1230426 0.1018940 0.1161402 0.1051144 0.1222494 0.1153379 0.1283871 0.1133401 0.1165131 0.0965009 0.4485367 0.1117539 0.1078826 0.1056407 0.1124513 0.1085476 0.1105017 0.1048002 0.1352179 0.0456684 0.0930389 0.1020035 0.1257203 0.1060274 0.1128519 0.1124751 0.1135787 0.1083546 0.1104430 0.1148322 0.0962405 0.1158297 0.1222924 0.1094386 0.1152606 0.1087894 0.0000000 0.0538045 0.0174894 0.1820921 
yHMPu5000034876_Tetrapisispora_iriomotensis 0.1221054 0.0948506 0.1054093 0.1116514 0.1217035 0.1124741 0.1231299 0.1111860 0.1147067 0.1018419 0.4487934 0.0884500 0.0872436 0.0899293 0.0948671 0.0872692 0.0901587 0.0907731 0.1391302 0.0531892 0.0955989 0.1046628 0.1144657 0.0990514 0.1097994 0.1111501 0.1081359 0.1239183 0.1141628 0.1092391 0.0959022 0.1181479 0.1189266 0.1025271 0.1158354 0.1105630 0.0538045 0.0000000 0.0520799 0.1893252 
yHMPu5000034877_Tetrapisispora_namnaonensis 0.1263716 0.0980715 0.1134525 0.1067188 0.1223321 0.1152281 0.1294240 0.1129018 0.1174565 0.0972984 0.4457660 0.1053354 0.1016316 0.0995682 0.1098057 0.1022217 0.1040890 0.0959319 0.1356624 0.0394598 0.0923593 0.1010010 0.1168998 0.1037142 0.1145423 0.1084199 0.1133750 0.1118108 0.1124347 0.1092910 0.0953059 0.1127921 0.1139053 0.1072562 0.1070563 0.1088231 0.0174894 0.0520799 0.0000000 0.1808163 
yHMPu5000035629_Yueomyces_sinensis          0.1889870 0.1843083 0.2219777 0.2010167 0.1989189 0.2044772 0.1902667 0.1847559 0.2146733 0.2187289 0.5106102 0.1921102 0.1916946 0.1915923 0.1963396 0.1926904 0.1935274 0.1930321 0.1351073 0.1837338 0.1991107 0.2038760 0.2126323 0.1986089 0.2184046 0.2041132 0.2237225 0.1960262 0.2137473 0.2009024 0.2235057 0.1985245 0.2032558 0.2179354 0.1990241 0.2107885 0.1820921 0.1893252 0.1808163 0.0000000 
