40
Candida_glabrata                            0.0000000 0.1942188 0.3243815 0.2082443 0.1508519 0.1627123 0.1968176 0.3162182 0.1931395 0.2089871 2.3754283 0.1811528 0.1935353 0.1838260 0.1768009 0.1881799 0.1920706 0.1729947 0.2474583 0.2848154 0.2215236 0.1854841 0.3300545 0.2201681 0.3929873 0.3588193 0.3181387 0.2436493 0.2275783 0.3314336 0.2153083 0.2161504 0.3363618 0.1956301 0.3496182 0.3565008 0.2606210 0.2829150 0.2832812 0.2850843 
Kazachstania_africana                       0.1942188 0.0000000 0.2922054 0.1983148 0.2457001 0.1719176 0.2863939 0.4572435 0.1843783 0.1858174 2.4461715 0.1903097 0.1846381 0.1805449 0.1812494 0.1732984 0.1743818 0.1776584 0.2635738 0.2830095 0.2565693 0.2023176 0.3575391 0.1933983 0.4212598 0.3866595 0.3191591 0.2386305 0.2251633 0.3440735 0.2139754 0.2097169 0.3600938 0.2089466 0.3661965 0.3702753 0.2890690 0.2763944 0.2986866 0.2715238 
Kazachstania_naganishii                     0.3243815 0.2922054 0.0000000 0.2623597 0.3318446 0.2792690 0.3665165 0.5301081 0.2441455 0.2321735 2.4545828 0.2317606 0.2304446 0.2244657 0.2197424 0.2096533 0.2150454 0.2278513 0.3181285 0.3353010 0.2708839 0.2693128 0.1631948 0.2603158 0.2485026 0.1672859 0.1326371 0.3128764 0.2761444 0.1629403 0.2899636 0.2733824 0.1640424 0.2589596 0.1735394 0.1653673 0.3255675 0.3355961 0.3398276 0.3293796 
Nakaseomyces_bacillisporus                  0.2082443 0.1983148 0.2623597 0.0000000 0.2525652 0.1414677 0.2722220 0.3991336 0.1637437 0.1418374 2.3542387 0.1490220 0.1492211 0.1377694 0.1484016 0.1399397 0.1460663 0.1349405 0.2056982 0.2352056 0.2181256 0.1356596 0.3129338 0.1592161 0.3640910 0.3199657 0.2870500 0.2028595 0.1816916 0.3034862 0.1844753 0.1444428 0.3027441 0.1519569 0.3171510 0.3432956 0.2329708 0.2249280 0.2300241 0.2434634 
Nakaseomyces_bracarensis                    0.1508519 0.2457001 0.3318446 0.2525652 0.0000000 0.2139345 0.1164683 0.2257213 0.2219711 0.2391852 2.3656099 0.2050539 0.2268177 0.2002013 0.2089817 0.2098832 0.2160796 0.2010607 0.2819303 0.3127096 0.2549643 0.2401583 0.3609548 0.2357983 0.4579697 0.3840878 0.3595210 0.2571375 0.2533685 0.3537639 0.2470290 0.2564993 0.3792940 0.2119513 0.3875025 0.3869091 0.3003225 0.2923078 0.3021517 0.3117132 
Nakaseomyces_castellii                      0.1627123 0.1719176 0.2792690 0.1414677 0.2139345 0.0000000 0.2355019 0.3793283 0.1374840 0.1380564 2.6759144 0.1117678 0.1168991 0.1152945 0.1158299 0.1193694 0.1197259 0.1132894 0.1722786 0.2186199 0.2302251 0.1371953 0.3029550 0.1232189 0.3773856 0.3293842 0.2802368 0.1716762 0.1513523 0.3074275 0.1528187 0.1781284 0.2930867 0.1184060 0.3031617 0.3439950 0.2362525 0.2410807 0.2277357 0.2200480 
Nakaseomyces_delphensis                     0.1968176 0.2863939 0.3665165 0.2722220 0.1164683 0.2355019 0.0000000 0.1310858 0.2456954 0.2611919 2.5048048 0.2264382 0.2317274 0.2152905 0.2280980 0.2301473 0.2265617 0.2123880 0.2627547 0.3161531 0.2803523 0.2535264 0.4017791 0.2453813 0.5083936 0.3971253 0.3955610 0.2532946 0.2741330 0.3663762 0.2849169 0.2733776 0.4143155 0.2252792 0.4049848 0.3860954 0.3024713 0.3167340 0.2941484 0.3384266 
Nakaseomyces_nivariensis                    0.3162182 0.4572435 0.5301081 0.3991336 0.2257213 0.3793283 0.1310858 0.0000000 0.4010403 0.3902683 2.5000928 0.3719244 0.3918933 0.3559658 0.3778407 0.3745725 0.3851222 0.3581730 0.4085431 0.4272203 0.3913672 0.3991984 0.5630627 0.4034135 0.6139505 0.5575322 0.5795358 0.3813008 0.4246304 0.5223117 0.4045127 0.3892887 0.5500228 0.3660957 0.5397623 0.5439321 0.4147114 0.4215381 0.4160490 0.4922951 
Naumovozyma_castellii                       0.1931395 0.1843783 0.2441455 0.1637437 0.2219711 0.1374840 0.2456954 0.4010403 0.0000000 0.1001221 2.4366397 0.1081977 0.1086571 0.1063858 0.1120704 0.0988323 0.0982700 0.1012182 0.1730088 0.2246877 0.1945758 0.1084240 0.3052786 0.1614325 0.3615769 0.3102513 0.2640739 0.1998609 0.1601620 0.2737319 0.1536077 0.1683342 0.3100412 0.1383469 0.3099704 0.3160071 0.2271865 0.2367373 0.2319309 0.2249971 
Naumovozyma_dairenensis                     0.2089871 0.1858174 0.2321735 0.1418374 0.2391852 0.1380564 0.2611919 0.3902683 0.1001221 0.0000000 2.4504830 0.1351934 0.1307455 0.1330722 0.1393631 0.1267888 0.1288417 0.1248316 0.2110068 0.2300765 0.2065875 0.1510388 0.2781432 0.1481208 0.3470805 0.2979740 0.2677441 0.1953461 0.1595821 0.2845726 0.1540953 0.1638256 0.2855068 0.1541575 0.2922834 0.3031108 0.2441732 0.2577546 0.2378053 0.2488645 
Neurospora_crassa                           2.3754283 2.4461715 2.4545828 2.3542387 2.3656099 2.6759144 2.5048048 2.5000928 2.4366397 2.4504830 0.0000000 2.4795057 2.4129435 2.4152916 2.5473385 2.5314886 2.5041292 2.4159373 2.3783027 2.5256470 2.5679040 2.2875328 2.4775642 2.3991807 2.4039624 2.4622607 2.5775523 2.2599417 2.5374631 2.5321576 2.3307211 2.4145104 2.3866107 2.3197896 2.3958227 2.4177279 2.6007041 2.6516803 2.4613340 2.5170868 
Saccharomyces_arboricola                    0.1811528 0.1903097 0.2317606 0.1490220 0.2050539 0.1117678 0.2264382 0.3719244 0.1081977 0.1351934 2.4795057 0.0000000 0.0402229 0.0358873 0.0426373 0.0299386 0.0246823 0.0273196 0.1648141 0.1811804 0.2101300 0.1225583 0.2708444 0.1167928 0.3470393 0.2776270 0.2518676 0.1813698 0.1412772 0.2767382 0.1328190 0.1580340 0.2610531 0.1100551 0.2705010 0.3043782 0.1868215 0.2129369 0.2095547 0.1944697 
Saccharomyces_cerevisiae                    0.1935353 0.1846381 0.2304446 0.1492211 0.2268177 0.1168991 0.2317274 0.3918933 0.1086571 0.1307455 2.4129435 0.0402229 0.0000000 0.0515257 0.0625676 0.0375907 0.0220212 0.0423972 0.1533471 0.1943640 0.1893898 0.1123344 0.2670997 0.1114834 0.3450409 0.2876813 0.2570949 0.1800601 0.1372557 0.2824315 0.1389538 0.1560862 0.2596040 0.1116684 0.2758943 0.3051768 0.2114070 0.2247770 0.2243006 0.2229511 
Saccharomyces_eubayanus                     0.1838260 0.1805449 0.2244657 0.1377694 0.2002013 0.1152945 0.2152905 0.3559658 0.1063858 0.1330722 2.4152916 0.0358873 0.0515257 0.0000000 0.0516747 0.0444457 0.0463492 0.0097252 0.1687205 0.1979359 0.2085519 0.1278805 0.2655490 0.1226003 0.3379345 0.2756647 0.2469810 0.1747066 0.1377248 0.2561790 0.1440236 0.1552707 0.2605566 0.1092151 0.2768686 0.2832185 0.2080052 0.2270566 0.2155736 0.1949563 
Saccharomyces_kudriavzevii                  0.1768009 0.1812494 0.2197424 0.1484016 0.2089817 0.1158299 0.2280980 0.3778407 0.1120704 0.1393631 2.5473385 0.0426373 0.0625676 0.0516747 0.0000000 0.0436646 0.0479671 0.0460226 0.1791972 0.1948885 0.1936771 0.1243391 0.2858800 0.1244210 0.3745824 0.2806091 0.2555378 0.2015195 0.1361368 0.2781240 0.1618930 0.1601213 0.2718587 0.1161839 0.2785191 0.2989111 0.2187066 0.2281474 0.2203883 0.1975602 
Saccharomyces_mikatae                       0.1881799 0.1732984 0.2096533 0.1399397 0.2098832 0.1193694 0.2301473 0.3745725 0.0988323 0.1267888 2.5314886 0.0299386 0.0375907 0.0444457 0.0436646 0.0000000 0.0245019 0.0408510 0.1609852 0.1930144 0.1984037 0.1110683 0.2666740 0.1135012 0.3383304 0.2655374 0.2424214 0.1850097 0.1452933 0.2514324 0.1472000 0.1501281 0.2607987 0.1089611 0.2674146 0.2807581 0.2029567 0.2201059 0.2218714 0.2154281 
Saccharomyces_paradoxus                     0.1920706 0.1743818 0.2150454 0.1460663 0.2160796 0.1197259 0.2265617 0.3851222 0.0982700 0.1288417 2.5041292 0.0246823 0.0220212 0.0463492 0.0479671 0.0245019 0.0000000 0.0352714 0.1542418 0.1866320 0.2026338 0.1172359 0.2744981 0.1037669 0.3568275 0.2702167 0.2523459 0.1851502 0.1332596 0.2657969 0.1374498 0.1517852 0.2686402 0.1039881 0.2685431 0.3000305 0.1956318 0.2234103 0.2122313 0.2096168 
Saccharomyces_uvarum                        0.1729947 0.1776584 0.2278513 0.1349405 0.2010607 0.1132894 0.2123880 0.3581730 0.1012182 0.1248316 2.4159373 0.0273196 0.0423972 0.0097252 0.0460226 0.0408510 0.0352714 0.0000000 0.1623891 0.1937228 0.2041919 0.1246810 0.2692277 0.1187227 0.3392650 0.2819045 0.2505763 0.1747774 0.1352715 0.2597814 0.1362604 0.1524529 0.2618275 0.1042140 0.2782279 0.2869703 0.2050124 0.2269715 0.2155038 0.1988181 
Tetrapisispora_blattae                      0.2474583 0.2635738 0.3181285 0.2056982 0.2819303 0.1722786 0.2627547 0.4085431 0.1730088 0.2110068 2.3783027 0.1648141 0.1533471 0.1687205 0.1791972 0.1609852 0.1542418 0.1623891 0.0000000 0.2222463 0.2653866 0.1885252 0.3485026 0.2164002 0.4021748 0.3757051 0.3419513 0.2332738 0.2282488 0.3405125 0.2253618 0.2423290 0.3393120 0.1706482 0.3358088 0.3567453 0.2369529 0.2626791 0.2473707 0.1893393 
Tetrapisispora_phaffii                      0.2848154 0.2830095 0.3353010 0.2352056 0.3127096 0.2186199 0.3161531 0.4272203 0.2246877 0.2300765 2.5256470 0.1811804 0.1943640 0.1979359 0.1948885 0.1930144 0.1866320 0.1937228 0.2222463 0.0000000 0.2201473 0.2417547 0.3564904 0.2271356 0.4018125 0.3703904 0.3380830 0.2399665 0.2751044 0.3523769 0.2622563 0.2628964 0.3439196 0.2226834 0.3464452 0.3712141 0.0732208 0.1069528 0.0744171 0.2679757 
Vanderwaltozyma_polyspora                   0.2215236 0.2565693 0.2708839 0.2181256 0.2549643 0.2302251 0.2803523 0.3913672 0.1945758 0.2065875 2.5679040 0.2101300 0.1893898 0.2085519 0.1936771 0.1984037 0.2026338 0.2041919 0.2653866 0.2201473 0.0000000 0.2084153 0.3699084 0.2322864 0.3965182 0.3806545 0.3343726 0.2473214 0.2292318 0.3288643 0.2406760 0.2391584 0.3684545 0.2252202 0.3658496 0.3411083 0.2030190 0.2166016 0.2040559 0.2921769 
yHAB132_Kazachstania_martiniae              0.1854841 0.2023176 0.2693128 0.1356596 0.2401583 0.1371953 0.2535264 0.3991984 0.1084240 0.1510388 2.2875328 0.1225583 0.1123344 0.1278805 0.1243391 0.1110683 0.1172359 0.1246810 0.1885252 0.2417547 0.2084153 0.0000000 0.2922621 0.1490131 0.3457453 0.3094772 0.2864268 0.1926823 0.1558262 0.2944552 0.1626482 0.1433538 0.2743552 0.1383480 0.2839872 0.3384062 0.2555002 0.2547332 0.2626801 0.2390442 
yHAB133_Kazachstania_unispora               0.3300545 0.3575391 0.1631948 0.3129338 0.3609548 0.3029550 0.4017791 0.5630627 0.3052786 0.2781432 2.4775642 0.2708444 0.2670997 0.2655490 0.2858800 0.2666740 0.2744981 0.2692277 0.3485026 0.3564904 0.3699084 0.2922621 0.0000000 0.3133564 0.2387679 0.0891478 0.1158159 0.3376763 0.3230946 0.1694958 0.3543801 0.3112714 0.0449073 0.3026120 0.0546917 0.1747885 0.3544688 0.3674383 0.3749005 0.3626865 
yHAB134_Kazachstania_turicensis             0.2201681 0.1933983 0.2603158 0.1592161 0.2357983 0.1232189 0.2453813 0.4034135 0.1614325 0.1481208 2.3991807 0.1167928 0.1114834 0.1226003 0.1244210 0.1135012 0.1037669 0.1187227 0.2164002 0.2271356 0.2322864 0.1490131 0.3133564 0.0000000 0.3899870 0.3247892 0.2841390 0.2020227 0.1587102 0.3182330 0.1389223 0.1681479 0.3194271 0.1120294 0.3233420 0.3434448 0.2464951 0.2502496 0.2507005 0.2467387 
yHAB136_Kazachstania_bromeliacearum         0.3929873 0.4212598 0.2485026 0.3640910 0.4579697 0.3773856 0.5083936 0.6139505 0.3615769 0.3470805 2.4039624 0.3470393 0.3450409 0.3379345 0.3745824 0.3383304 0.3568275 0.3392650 0.4021748 0.4018125 0.3965182 0.3457453 0.2387679 0.3899870 0.0000000 0.2670123 0.2453347 0.3967266 0.3828657 0.2604088 0.4203396 0.3798322 0.2427493 0.3895785 0.2676016 0.2885762 0.3913461 0.3925094 0.4305810 0.4329394 
yHAB143_Kazachstania_siamensis              0.3588193 0.3866595 0.1672859 0.3199657 0.3840878 0.3293842 0.3971253 0.5575322 0.3102513 0.2979740 2.4622607 0.2776270 0.2876813 0.2756647 0.2806091 0.2655374 0.2702167 0.2819045 0.3757051 0.3703904 0.3806545 0.3094772 0.0891478 0.3247892 0.2670123 0.0000000 0.1386246 0.3512254 0.3331267 0.1835788 0.3712038 0.3138667 0.0819138 0.3075670 0.0861189 0.1804821 0.3582479 0.3613348 0.3839103 0.4072981 
yHAB147_Kazachstania_taianensis             0.3181387 0.3191591 0.1326371 0.2870500 0.3595210 0.2802368 0.3955610 0.5795358 0.2640739 0.2677441 2.5775523 0.2518676 0.2570949 0.2469810 0.2555378 0.2424214 0.2523459 0.2505763 0.3419513 0.3380830 0.3343726 0.2864268 0.1158159 0.2841390 0.2453347 0.1386246 0.0000000 0.3154072 0.3142909 0.1453640 0.3358326 0.3046823 0.1213387 0.2696865 0.1267464 0.1677142 0.3296965 0.3463959 0.3549733 0.3526074 
yHAB148_Kazachstania_intestinalis           0.2436493 0.2386305 0.3128764 0.2028595 0.2571375 0.1716762 0.2532946 0.3813008 0.1998609 0.1953461 2.2599417 0.1813698 0.1800601 0.1747066 0.2015195 0.1850097 0.1851502 0.1747774 0.2332738 0.2399665 0.2473214 0.1926823 0.3376763 0.2020227 0.3967266 0.3512254 0.3154072 0.0000000 0.2149830 0.3283939 0.2361009 0.2246190 0.3161599 0.1747302 0.3255997 0.3519156 0.2345133 0.2678546 0.2340173 0.2754746 
yHAB153_Kazachstania_rosinii                0.2275783 0.2251633 0.2761444 0.1816916 0.2533685 0.1513523 0.2741330 0.4246304 0.1601620 0.1595821 2.5374631 0.1412772 0.1372557 0.1377248 0.1361368 0.1452933 0.1332596 0.1352715 0.2282488 0.2751044 0.2292318 0.1558262 0.3230946 0.1587102 0.3828657 0.3331267 0.3142909 0.2149830 0.0000000 0.3215801 0.1896517 0.1636643 0.3090962 0.1533127 0.3144012 0.3467097 0.2754133 0.2906655 0.2781438 0.2603044 
yHAB154_Kazachstania_transvaalensis         0.3314336 0.3440735 0.1629403 0.3034862 0.3537639 0.3074275 0.3663762 0.5223117 0.2737319 0.2845726 2.5321576 0.2767382 0.2824315 0.2561790 0.2781240 0.2514324 0.2657969 0.2597814 0.3405125 0.3523769 0.3288643 0.2944552 0.1694958 0.3182330 0.2604088 0.1835788 0.1453640 0.3283939 0.3215801 0.0000000 0.3640181 0.2796717 0.1569570 0.2953596 0.1569282 0.0643629 0.3254765 0.3413231 0.3398052 0.4022570 
yHAB155_Kazachstania_spencerorum            0.2153083 0.2139754 0.2899636 0.1844753 0.2470290 0.1528187 0.2849169 0.4045127 0.1536077 0.1540953 2.3307211 0.1328190 0.1389538 0.1440236 0.1618930 0.1472000 0.1374498 0.1362604 0.2253618 0.2622563 0.2406760 0.1626482 0.3543801 0.1389223 0.4203396 0.3712038 0.3358326 0.2361009 0.1896517 0.3640181 0.0000000 0.1643382 0.3493936 0.1320988 0.3614994 0.3854261 0.2490558 0.2935665 0.2573554 0.2504127 
yHAB158_Kazachstania_viticola               0.2161504 0.2097169 0.2733824 0.1444428 0.2564993 0.1781284 0.2733776 0.3892887 0.1683342 0.1638256 2.4145104 0.1580340 0.1560862 0.1552707 0.1601213 0.1501281 0.1517852 0.1524529 0.2423290 0.2628964 0.2391584 0.1433538 0.3112714 0.1681479 0.3798322 0.3138667 0.3046823 0.2246190 0.1636643 0.2796717 0.1643382 0.0000000 0.2879793 0.1590886 0.3031304 0.3159117 0.2608996 0.2885339 0.2742497 0.2544681 
yHAB159_Kazachstania_solicola               0.3363618 0.3600938 0.1640424 0.3027441 0.3792940 0.2930867 0.4143155 0.5500228 0.3100412 0.2855068 2.3866107 0.2610531 0.2596040 0.2605566 0.2718587 0.2607987 0.2686402 0.2618275 0.3393120 0.3439196 0.3684545 0.2743552 0.0449073 0.3194271 0.2427493 0.0819138 0.1213387 0.3161599 0.3090962 0.1569570 0.3493936 0.2879793 0.0000000 0.2911656 0.0144391 0.1691586 0.3309541 0.3227913 0.3629869 0.3726678 
yHAB160_Kazachstania_kunashirensis          0.1956301 0.2089466 0.2589596 0.1519569 0.2119513 0.1184060 0.2252792 0.3660957 0.1383469 0.1541575 2.3197896 0.1100551 0.1116684 0.1092151 0.1161839 0.1089611 0.1039881 0.1042140 0.1706482 0.2226834 0.2252202 0.1383480 0.3026120 0.1120294 0.3895785 0.3075670 0.2696865 0.1747302 0.1533127 0.2953596 0.1320988 0.1590886 0.2911656 0.0000000 0.2911035 0.3145635 0.2384193 0.2569590 0.2232903 0.2359073 
yHAB164_Kazachstania_aerobia                0.3496182 0.3661965 0.1735394 0.3171510 0.3875025 0.3031617 0.4049848 0.5397623 0.3099704 0.2922834 2.3958227 0.2705010 0.2758943 0.2768686 0.2785191 0.2674146 0.2685431 0.2782279 0.3358088 0.3464452 0.3658496 0.2839872 0.0546917 0.3233420 0.2676016 0.0861189 0.1267464 0.3255997 0.3144012 0.1569282 0.3614994 0.3031304 0.0144391 0.2911035 0.0000000 0.1712536 0.3382741 0.3282498 0.3606776 0.3767051 
yHAB166_Kazachstania_yakushimaensis         0.3565008 0.3702753 0.1653673 0.3432956 0.3869091 0.3439950 0.3860954 0.5439321 0.3160071 0.3031108 2.4177279 0.3043782 0.3051768 0.2832185 0.2989111 0.2807581 0.3000305 0.2869703 0.3567453 0.3712141 0.3411083 0.3384062 0.1747885 0.3434448 0.2885762 0.1804821 0.1677142 0.3519156 0.3467097 0.0643629 0.3854261 0.3159117 0.1691586 0.3145635 0.1712536 0.0000000 0.3559715 0.3669999 0.3738763 0.4051791 
yHMPu5000034875_Tetrapisispora_fleetii      0.2606210 0.2890690 0.3255675 0.2329708 0.3003225 0.2362525 0.3024713 0.4147114 0.2271865 0.2441732 2.6007041 0.1868215 0.2114070 0.2080052 0.2187066 0.2029567 0.1956318 0.2050124 0.2369529 0.0732208 0.2030190 0.2555002 0.3544688 0.2464951 0.3913461 0.3582479 0.3296965 0.2345133 0.2754133 0.3254765 0.2490558 0.2608996 0.3309541 0.2384193 0.3382741 0.3559715 0.0000000 0.1318564 0.0465802 0.2782949 
yHMPu5000034876_Tetrapisispora_iriomotensis 0.2829150 0.2763944 0.3355961 0.2249280 0.2923078 0.2410807 0.3167340 0.4215381 0.2367373 0.2577546 2.6516803 0.2129369 0.2247770 0.2270566 0.2281474 0.2201059 0.2234103 0.2269715 0.2626791 0.1069528 0.2166016 0.2547332 0.3674383 0.2502496 0.3925094 0.3613348 0.3463959 0.2678546 0.2906655 0.3413231 0.2935665 0.2885339 0.3227913 0.2569590 0.3282498 0.3669999 0.1318564 0.0000000 0.1293963 0.3120408 
yHMPu5000034877_Tetrapisispora_namnaonensis 0.2832812 0.2986866 0.3398276 0.2300241 0.3021517 0.2277357 0.2941484 0.4160490 0.2319309 0.2378053 2.4613340 0.2095547 0.2243006 0.2155736 0.2203883 0.2218714 0.2122313 0.2155038 0.2473707 0.0744171 0.2040559 0.2626801 0.3749005 0.2507005 0.4305810 0.3839103 0.3549733 0.2340173 0.2781438 0.3398052 0.2573554 0.2742497 0.3629869 0.2232903 0.3606776 0.3738763 0.0465802 0.1293963 0.0000000 0.2796465 
yHMPu5000035629_Yueomyces_sinensis          0.2850843 0.2715238 0.3293796 0.2434634 0.3117132 0.2200480 0.3384266 0.4922951 0.2249971 0.2488645 2.5170868 0.1944697 0.2229511 0.1949563 0.1975602 0.2154281 0.2096168 0.1988181 0.1893393 0.2679757 0.2921769 0.2390442 0.3626865 0.2467387 0.4329394 0.4072981 0.3526074 0.2754746 0.2603044 0.4022570 0.2504127 0.2544681 0.3726678 0.2359073 0.3767051 0.4051791 0.2782949 0.3120408 0.2796465 0.0000000 
