40
Candida_glabrata                            0.0000000 0.1136034 0.0814707 0.0667119 0.0264363 0.0707932 0.0286636 0.0247993 0.0607061 0.0811585 0.5540665 0.0587036 0.0651382 0.0595976 0.0628398 0.0566129 0.0586132 0.0617219 0.1263021 0.1262762 0.1267294 0.0633153 0.0758493 0.0710641 0.0627991 0.0732317 0.0786597 0.0917634 0.0871989 0.0834496 0.0695543 0.0686274 0.0830649 0.0994223 0.0854396 0.0848784 0.1379651 0.1175461 0.1350418 0.1208623 
Kazachstania_africana                       0.1136034 0.0000000 0.1044196 0.1236114 0.1128740 0.1197205 0.0997403 0.1028465 0.1118669 0.1208976 0.5439500 0.1009964 0.1068826 0.1049701 0.0991531 0.0955713 0.0992084 0.1055286 0.1768568 0.1501964 0.1555181 0.0939223 0.1038105 0.0945510 0.0966501 0.0946640 0.1115881 0.1069799 0.1007519 0.1143531 0.0815317 0.0817259 0.1133392 0.1008910 0.1139524 0.1190367 0.1630003 0.1597409 0.1596370 0.1643107 
Kazachstania_naganishii                     0.0814707 0.1044196 0.0000000 0.0946780 0.0879714 0.0991477 0.0831016 0.0867724 0.0790001 0.0822535 0.5722878 0.0514528 0.0587026 0.0553844 0.0533275 0.0549765 0.0552651 0.0595671 0.1725814 0.1510753 0.1480611 0.0725573 0.0774082 0.0773126 0.0577323 0.0660288 0.0721926 0.1045438 0.1068114 0.0812326 0.0712872 0.0770355 0.0808139 0.0982921 0.0808617 0.0789680 0.1605835 0.1497029 0.1577021 0.1400326 
Nakaseomyces_bacillisporus                  0.0667119 0.1236114 0.0946780 0.0000000 0.0775538 0.0551362 0.0734979 0.0722170 0.0820447 0.0999901 0.5716097 0.0707121 0.0720734 0.0756277 0.0697926 0.0687559 0.0706028 0.0778917 0.1501521 0.1393270 0.1376792 0.0834156 0.0922523 0.0926369 0.0829381 0.0970664 0.0937692 0.1135842 0.1243252 0.1154223 0.0968338 0.0847876 0.1042228 0.1202870 0.1068209 0.1214601 0.1462845 0.1288383 0.1433047 0.1303806 
Nakaseomyces_bracarensis                    0.0264363 0.1128740 0.0879714 0.0775538 0.0000000 0.0827977 0.0271330 0.0197374 0.0719339 0.0899830 0.5642274 0.0634512 0.0680548 0.0681375 0.0677003 0.0633345 0.0613819 0.0685789 0.1298401 0.1345166 0.1286752 0.0749212 0.0814235 0.0786064 0.0664464 0.0767730 0.0810592 0.0930386 0.0954251 0.0854649 0.0740092 0.0788475 0.0904120 0.1077272 0.0907868 0.0905190 0.1465271 0.1276357 0.1435928 0.1271667 
Nakaseomyces_castellii                      0.0707932 0.1197205 0.0991477 0.0551362 0.0827977 0.0000000 0.0735613 0.0737693 0.0807204 0.1022671 0.5614367 0.0720076 0.0710080 0.0714299 0.0761187 0.0733337 0.0695746 0.0736463 0.1537132 0.1386520 0.1395942 0.0825352 0.0891701 0.0865042 0.0844402 0.0847127 0.0917550 0.1028827 0.1135815 0.1142333 0.0886571 0.0940496 0.0944652 0.1081650 0.0969292 0.1204961 0.1424821 0.1291627 0.1388732 0.1366396 
Nakaseomyces_delphensis                     0.0286636 0.0997403 0.0831016 0.0734979 0.0271330 0.0735613 0.0000000 0.0181340 0.0647990 0.0786782 0.5486514 0.0553752 0.0618826 0.0599196 0.0578418 0.0546694 0.0553786 0.0620570 0.1287285 0.1225239 0.1169919 0.0598383 0.0799427 0.0633469 0.0676129 0.0741217 0.0765737 0.0939658 0.0848644 0.0854775 0.0555430 0.0756713 0.0876321 0.0882434 0.0900528 0.0867681 0.1334453 0.1167263 0.1305308 0.1197793 
Nakaseomyces_nivariensis                    0.0247993 0.1028465 0.0867724 0.0722170 0.0197374 0.0737693 0.0181340 0.0000000 0.0654459 0.0760464 0.5518421 0.0595350 0.0656747 0.0641583 0.0637290 0.0593477 0.0590929 0.0645727 0.1239903 0.1264549 0.1152439 0.0604126 0.0848958 0.0674847 0.0674806 0.0728095 0.0800548 0.0921235 0.0943027 0.0871818 0.0642549 0.0731093 0.0917081 0.0996824 0.0941524 0.0865072 0.1330501 0.1178164 0.1301475 0.1168327 
Naumovozyma_castellii                       0.0607061 0.1118669 0.0790001 0.0820447 0.0719339 0.0807204 0.0647990 0.0654459 0.0000000 0.0654176 0.5054195 0.0588596 0.0685443 0.0630916 0.0630052 0.0586487 0.0608609 0.0635111 0.1462760 0.1147805 0.1066735 0.0646968 0.0822117 0.0705054 0.0588611 0.0723338 0.0746735 0.0921831 0.0934552 0.0951029 0.0782781 0.0701886 0.0758387 0.0973292 0.0799534 0.0951051 0.1255788 0.1140007 0.1223968 0.1267581 
Naumovozyma_dairenensis                     0.0811585 0.1208976 0.0822535 0.0999901 0.0899830 0.1022671 0.0786782 0.0760464 0.0654176 0.0000000 0.5614591 0.0741405 0.0810557 0.0755826 0.0763864 0.0728292 0.0735916 0.0818491 0.1472879 0.1389467 0.1329014 0.0718516 0.1050875 0.0803872 0.0757521 0.0935136 0.0971874 0.1040826 0.1166025 0.1005146 0.0857754 0.0918337 0.1102237 0.1134634 0.1129395 0.1053035 0.1456770 0.1347775 0.1408449 0.1278735 
Neurospora_crassa                           0.5540665 0.5439500 0.5722878 0.5716097 0.5642274 0.5614367 0.5486514 0.5518421 0.5054195 0.5614591 0.0000000 0.5213257 0.5354059 0.5281673 0.5268980 0.5231842 0.5208841 0.5312174 0.5856309 0.5807858 0.5643047 0.5164990 0.5498819 0.5611232 0.5429581 0.5487703 0.5162703 0.5633978 0.5607335 0.5430095 0.5485796 0.5363028 0.5677666 0.5601124 0.5731250 0.5627446 0.5934369 0.5742905 0.5971007 0.5973343 
Saccharomyces_arboricola                    0.0587036 0.1009964 0.0514528 0.0707121 0.0634512 0.0720076 0.0553752 0.0595350 0.0588596 0.0741405 0.5213257 0.0000000 0.0096501 0.0079322 0.0063628 0.0063516 0.0047551 0.0112147 0.1325152 0.1098266 0.1062724 0.0696032 0.0663827 0.0620064 0.0510875 0.0672454 0.0602163 0.0930168 0.0884008 0.0767090 0.0726509 0.0578582 0.0803497 0.0944843 0.0803971 0.0874097 0.1201673 0.1083251 0.1178036 0.1031041 
Saccharomyces_cerevisiae                    0.0651382 0.1068826 0.0587026 0.0720734 0.0680548 0.0710080 0.0618826 0.0656747 0.0685443 0.0810557 0.5354059 0.0096501 0.0000000 0.0145331 0.0147823 0.0129367 0.0080368 0.0179399 0.1421673 0.1156369 0.1185794 0.0745907 0.0751161 0.0729817 0.0597518 0.0758824 0.0695040 0.0971589 0.1000499 0.0845666 0.0826994 0.0642411 0.0895394 0.1065145 0.0895945 0.0970196 0.1230119 0.1140229 0.1206405 0.1071248 
Saccharomyces_eubayanus                     0.0595976 0.1049701 0.0553844 0.0756277 0.0681375 0.0714299 0.0599196 0.0641583 0.0630916 0.0755826 0.5281673 0.0079322 0.0145331 0.0000000 0.0144372 0.0111624 0.0127891 0.0063674 0.1398674 0.1172878 0.1134938 0.0740928 0.0722712 0.0695994 0.0555876 0.0731662 0.0667181 0.0993434 0.0913239 0.0827745 0.0785315 0.0614390 0.0865351 0.0968579 0.0865872 0.0930880 0.1278029 0.1156714 0.1254427 0.1122650 
Saccharomyces_kudriavzevii                  0.0628398 0.0991531 0.0533275 0.0697926 0.0677003 0.0761187 0.0578418 0.0637290 0.0630052 0.0763864 0.5268980 0.0063628 0.0147823 0.0144372 0.0000000 0.0096170 0.0112205 0.0178203 0.1378442 0.1148988 0.1112248 0.0699563 0.0745091 0.0662368 0.0552435 0.0752768 0.0682426 0.0954515 0.0929781 0.0809687 0.0767496 0.0619411 0.0887976 0.0927048 0.0888517 0.0961763 0.1253812 0.1133719 0.1230150 0.1080526 
Saccharomyces_mikatae                       0.0566129 0.0955713 0.0549765 0.0687559 0.0633345 0.0733337 0.0546694 0.0593477 0.0586487 0.0728292 0.5231842 0.0063516 0.0129367 0.0111624 0.0096170 0.0000000 0.0079685 0.0144935 0.1318733 0.1039906 0.1076995 0.0685922 0.0688612 0.0635352 0.0490064 0.0687640 0.0627094 0.0890234 0.0913346 0.0797952 0.0749117 0.0535875 0.0818690 0.0954807 0.0819173 0.0898842 0.1142783 0.1041964 0.1118903 0.1023890 
Saccharomyces_paradoxus                     0.0586132 0.0992084 0.0552651 0.0706028 0.0613819 0.0695746 0.0553786 0.0590929 0.0608609 0.0735916 0.5208841 0.0047551 0.0080368 0.0127891 0.0112205 0.0079685 0.0000000 0.0128672 0.1327341 0.1075045 0.1090048 0.0688706 0.0704047 0.0660725 0.0546827 0.0712205 0.0608436 0.0909175 0.0923825 0.0789407 0.0747997 0.0580211 0.0804158 0.0989350 0.0845820 0.0897781 0.1170297 0.1081587 0.1146715 0.1009535 
Saccharomyces_uvarum                        0.0617219 0.1055286 0.0595671 0.0778917 0.0685789 0.0736463 0.0620570 0.0645727 0.0635111 0.0818491 0.5312174 0.0112147 0.0179399 0.0063674 0.0178203 0.0144935 0.0128672 0.0000000 0.1395062 0.1198836 0.1146847 0.0761289 0.0767851 0.0721342 0.0598252 0.0776347 0.0677064 0.0973924 0.0937737 0.0855472 0.0811795 0.0638125 0.0871276 0.0997890 0.0913671 0.0960631 0.1304821 0.1183806 0.1281171 0.1119807 
Tetrapisispora_blattae                      0.1263021 0.1768568 0.1725814 0.1501521 0.1298401 0.1537132 0.1287285 0.1239903 0.1462760 0.1472879 0.5856309 0.1325152 0.1421673 0.1398674 0.1378442 0.1318733 0.1327341 0.1395062 0.0000000 0.1381845 0.1379564 0.1441914 0.1380652 0.1578720 0.1427476 0.1346801 0.1472961 0.1689368 0.1627579 0.1453623 0.1504125 0.1500722 0.1455893 0.1767415 0.1468892 0.1498088 0.1481458 0.1428412 0.1526137 0.0712973 
Tetrapisispora_phaffii                      0.1262762 0.1501964 0.1510753 0.1393270 0.1345166 0.1386520 0.1225239 0.1264549 0.1147805 0.1389467 0.5807858 0.1098266 0.1156369 0.1172878 0.1148988 0.1039906 0.1075045 0.1198836 0.1381845 0.0000000 0.0532195 0.1233219 0.1299612 0.1147801 0.1242055 0.1300294 0.1237212 0.1462303 0.1447778 0.1529218 0.1289795 0.1122751 0.1323026 0.1418629 0.1353885 0.1589561 0.0160242 0.0374978 0.0161253 0.1165396 
Vanderwaltozyma_polyspora                   0.1267294 0.1555181 0.1480611 0.1376792 0.1286752 0.1395942 0.1169919 0.1152439 0.1066735 0.1329014 0.5643047 0.1062724 0.1185794 0.1134938 0.1112248 0.1076995 0.1090048 0.1146847 0.1379564 0.0532195 0.0000000 0.1262137 0.1249471 0.1104238 0.1275016 0.1146234 0.1155095 0.1559762 0.1452393 0.1416574 0.1272853 0.1203194 0.1235125 0.1366202 0.1278395 0.1381017 0.0622404 0.0479363 0.0599364 0.1247760 
yHAB132_Kazachstania_martiniae              0.0633153 0.0939223 0.0725573 0.0834156 0.0749212 0.0825352 0.0598383 0.0604126 0.0646968 0.0718516 0.5164990 0.0696032 0.0745907 0.0740928 0.0699563 0.0685922 0.0688706 0.0761289 0.1441914 0.1233219 0.1262137 0.0000000 0.0734234 0.0729757 0.0598385 0.0651319 0.0699734 0.0900401 0.0832051 0.0871974 0.0587730 0.0625448 0.0759475 0.0997690 0.0785179 0.0882892 0.1295086 0.1255532 0.1271486 0.1297120 
yHAB133_Kazachstania_unispora               0.0758493 0.1038105 0.0774082 0.0922523 0.0814235 0.0891701 0.0799427 0.0848958 0.0822117 0.1050875 0.5498819 0.0663827 0.0751161 0.0722712 0.0745091 0.0688612 0.0704047 0.0767851 0.1380652 0.1299612 0.1249471 0.0734234 0.0000000 0.0811662 0.0592663 0.0184311 0.0651110 0.0978421 0.0999929 0.0661348 0.0729896 0.0739470 0.0183443 0.1037517 0.0149331 0.0683447 0.1391878 0.1189289 0.1358281 0.1365183 
yHAB134_Kazachstania_turicensis             0.0710641 0.0945510 0.0773126 0.0926369 0.0786064 0.0865042 0.0633469 0.0674847 0.0705054 0.0803872 0.5611232 0.0620064 0.0729817 0.0695994 0.0662368 0.0635352 0.0660725 0.0721342 0.1578720 0.1147801 0.1104238 0.0729757 0.0811662 0.0000000 0.0713341 0.0741724 0.0842300 0.0935563 0.0694496 0.0892121 0.0477303 0.0585350 0.0840611 0.0480218 0.0860650 0.0899023 0.1219949 0.1078867 0.1209357 0.1224037 
yHAB136_Kazachstania_bromeliacearum         0.0627991 0.0966501 0.0577323 0.0829381 0.0664464 0.0844402 0.0676129 0.0674806 0.0588611 0.0757521 0.5429581 0.0510875 0.0597518 0.0555876 0.0552435 0.0490064 0.0546827 0.0598252 0.1427476 0.1242055 0.1275016 0.0598385 0.0592663 0.0713341 0.0000000 0.0599061 0.0598572 0.0882562 0.0921677 0.0731559 0.0649274 0.0576091 0.0745912 0.0993485 0.0726219 0.0771115 0.1360467 0.1250488 0.1330682 0.1265138 
yHAB143_Kazachstania_siamensis              0.0732317 0.0946640 0.0660288 0.0970664 0.0767730 0.0847127 0.0741217 0.0728095 0.0723338 0.0935136 0.5487703 0.0672454 0.0758824 0.0731662 0.0752768 0.0687640 0.0712205 0.0776347 0.1346801 0.1300294 0.1146234 0.0651319 0.0184311 0.0741724 0.0599061 0.0000000 0.0579877 0.0919153 0.0925008 0.0573835 0.0667975 0.0729530 0.0238183 0.1045980 0.0203287 0.0544721 0.1391362 0.1200450 0.1367747 0.1345434 
yHAB147_Kazachstania_taianensis             0.0786597 0.1115881 0.0721926 0.0937692 0.0810592 0.0917550 0.0765737 0.0800548 0.0746735 0.0971874 0.5162703 0.0602163 0.0695040 0.0667181 0.0682426 0.0627094 0.0608436 0.0677064 0.1472961 0.1237212 0.1155095 0.0699734 0.0651110 0.0842300 0.0598572 0.0579877 0.0000000 0.1075221 0.0851609 0.0873497 0.0756040 0.0670835 0.0703412 0.1144530 0.0718956 0.0844746 0.1323366 0.1160149 0.1299629 0.1237486 
yHAB148_Kazachstania_intestinalis           0.0917634 0.1069799 0.1045438 0.1135842 0.0930386 0.1028827 0.0939658 0.0921235 0.0921831 0.1040826 0.5633978 0.0930168 0.0971589 0.0993434 0.0954515 0.0890234 0.0909175 0.0973924 0.1689368 0.1462303 0.1559762 0.0900401 0.0978421 0.0935563 0.0882562 0.0919153 0.1075221 0.0000000 0.1050041 0.1135428 0.0982478 0.0918988 0.1046338 0.1189355 0.1072538 0.1190217 0.1601393 0.1446657 0.1567053 0.1448349 
yHAB153_Kazachstania_rosinii                0.0871989 0.1007519 0.1068114 0.1243252 0.0954251 0.1135815 0.0848644 0.0943027 0.0934552 0.1166025 0.5607335 0.0884008 0.1000499 0.0913239 0.0929781 0.0913346 0.0923825 0.0937737 0.1627579 0.1447778 0.1452393 0.0832051 0.0999929 0.0694496 0.0921677 0.0925008 0.0851609 0.1050041 0.0000000 0.1084499 0.0667845 0.0762302 0.1075692 0.0891705 0.1079956 0.1094437 0.1568079 0.1393354 0.1534856 0.1600429 
yHAB154_Kazachstania_transvaalensis         0.0834496 0.1143531 0.0812326 0.1154223 0.0854649 0.1142333 0.0854775 0.0871818 0.0951029 0.1005146 0.5430095 0.0767090 0.0845666 0.0827745 0.0809687 0.0797952 0.0789407 0.0855472 0.1453623 0.1529218 0.1416574 0.0871974 0.0661348 0.0892121 0.0731559 0.0573835 0.0873497 0.1135428 0.1084499 0.0000000 0.0770324 0.0846298 0.0677941 0.1101222 0.0681010 0.0230270 0.1644425 0.1455251 0.1614308 0.1410976 
yHAB155_Kazachstania_spencerorum            0.0695543 0.0815317 0.0712872 0.0968338 0.0740092 0.0886571 0.0555430 0.0642549 0.0782781 0.0857754 0.5485796 0.0726509 0.0826994 0.0785315 0.0767496 0.0749117 0.0747997 0.0811795 0.1504125 0.1289795 0.1272853 0.0587730 0.0729896 0.0477303 0.0649274 0.0667975 0.0756040 0.0982478 0.0667845 0.0770324 0.0000000 0.0594875 0.0786306 0.0699603 0.0806022 0.0762293 0.1386123 0.1310227 0.1375823 0.1368519 
yHAB158_Kazachstania_viticola               0.0686274 0.0817259 0.0770355 0.0847876 0.0788475 0.0940496 0.0756713 0.0731093 0.0701886 0.0918337 0.5363028 0.0578582 0.0642411 0.0614390 0.0619411 0.0535875 0.0580211 0.0638125 0.1500722 0.1122751 0.1203194 0.0625448 0.0739470 0.0585350 0.0576091 0.0729530 0.0670835 0.0918988 0.0762302 0.0846298 0.0594875 0.0000000 0.0806767 0.0913920 0.0826422 0.0832122 0.1236183 0.1107023 0.1201466 0.1243845 
yHAB159_Kazachstania_solicola               0.0830649 0.1133392 0.0808139 0.1042228 0.0904120 0.0944652 0.0876321 0.0917081 0.0758387 0.1102237 0.5677666 0.0803497 0.0895394 0.0865351 0.0887976 0.0818690 0.0804158 0.0871276 0.1455893 0.1323026 0.1235125 0.0759475 0.0183443 0.0840611 0.0745912 0.0238183 0.0703412 0.1046338 0.1075692 0.0677941 0.0786306 0.0806767 0.0000000 0.1089906 0.0031365 0.0688527 0.1415107 0.1244516 0.1381604 0.1404313 
yHAB160_Kazachstania_kunashirensis          0.0994223 0.1008910 0.0982921 0.1202870 0.1077272 0.1081650 0.0882434 0.0996824 0.0973292 0.1134634 0.5601124 0.0944843 0.1065145 0.0968579 0.0927048 0.0954807 0.0989350 0.0997890 0.1767415 0.1418629 0.1366202 0.0997690 0.1037517 0.0480218 0.0993485 0.1045980 0.1144530 0.1189355 0.0891705 0.1101222 0.0699603 0.0913920 0.1089906 0.0000000 0.1110303 0.1101687 0.1495702 0.1348776 0.1462497 0.1491672 
yHAB164_Kazachstania_aerobia                0.0854396 0.1139524 0.0808617 0.1068209 0.0907868 0.0969292 0.0900528 0.0941524 0.0799534 0.1129395 0.5731250 0.0803971 0.0895945 0.0865872 0.0888517 0.0819173 0.0845820 0.0913671 0.1468892 0.1353885 0.1278395 0.0785179 0.0149331 0.0860650 0.0726219 0.0203287 0.0718956 0.1072538 0.1079956 0.0681010 0.0806022 0.0826422 0.0031365 0.1110303 0.0000000 0.0691727 0.1446634 0.1272757 0.1412930 0.1434294 
yHAB166_Kazachstania_yakushimaensis         0.0848784 0.1190367 0.0789680 0.1214601 0.0905190 0.1204961 0.0867681 0.0865072 0.0951051 0.1053035 0.5627446 0.0874097 0.0970196 0.0930880 0.0961763 0.0898842 0.0897781 0.0960631 0.1498088 0.1589561 0.1381017 0.0882892 0.0683447 0.0899023 0.0771115 0.0544721 0.0844746 0.1190217 0.1094437 0.0230270 0.0762293 0.0832122 0.0688527 0.1101687 0.0691727 0.0000000 0.1690165 0.1469707 0.1659808 0.1516530 
yHMPu5000034875_Tetrapisispora_fleetii      0.1379651 0.1630003 0.1605835 0.1462845 0.1465271 0.1424821 0.1334453 0.1330501 0.1255788 0.1456770 0.5934369 0.1201673 0.1230119 0.1278029 0.1253812 0.1142783 0.1170297 0.1304821 0.1481458 0.0160242 0.0622404 0.1295086 0.1391878 0.1219949 0.1360467 0.1391362 0.1323366 0.1601393 0.1568079 0.1644425 0.1386123 0.1236183 0.1415107 0.1495702 0.1446634 0.1690165 0.0000000 0.0332102 0.0079442 0.1181453 
yHMPu5000034876_Tetrapisispora_iriomotensis 0.1175461 0.1597409 0.1497029 0.1288383 0.1276357 0.1291627 0.1167263 0.1178164 0.1140007 0.1347775 0.5742905 0.1083251 0.1140229 0.1156714 0.1133719 0.1041964 0.1081587 0.1183806 0.1428412 0.0374978 0.0479363 0.1255532 0.1189289 0.1078867 0.1250488 0.1200450 0.1160149 0.1446657 0.1393354 0.1455251 0.1310227 0.1107023 0.1244516 0.1348776 0.1272757 0.1469707 0.0332102 0.0000000 0.0332325 0.1190045 
yHMPu5000034877_Tetrapisispora_namnaonensis 0.1350418 0.1596370 0.1577021 0.1433047 0.1435928 0.1388732 0.1305308 0.1301475 0.1223968 0.1408449 0.5971007 0.1178036 0.1206405 0.1254427 0.1230150 0.1118903 0.1146715 0.1281171 0.1526137 0.0161253 0.0599364 0.1271486 0.1358281 0.1209357 0.1330682 0.1367747 0.1299629 0.1567053 0.1534856 0.1614308 0.1375823 0.1201466 0.1381604 0.1462497 0.1412930 0.1659808 0.0079442 0.0332325 0.0000000 0.1224536 
yHMPu5000035629_Yueomyces_sinensis          0.1208623 0.1643107 0.1400326 0.1303806 0.1271667 0.1366396 0.1197793 0.1168327 0.1267581 0.1278735 0.5973343 0.1031041 0.1071248 0.1122650 0.1080526 0.1023890 0.1009535 0.1119807 0.0712973 0.1165396 0.1247760 0.1297120 0.1365183 0.1224037 0.1265138 0.1345434 0.1237486 0.1448349 0.1600429 0.1410976 0.1368519 0.1243845 0.1404313 0.1491672 0.1434294 0.1516530 0.1181453 0.1190045 0.1224536 0.0000000 
