40
Candida_glabrata                            0.0000000 0.2397985 0.2722388 0.2526835 0.0896615 0.2805904 0.1161762 0.0945965 0.2109364 0.2581820 1.6112611 0.2780815 0.2693314 0.2748463 0.2796667 0.2710241 0.2711744 0.2783991 0.3096769 0.3017725 0.2783325 0.2455762 0.2356844 0.3157233 0.2422422 0.2404002 0.2250605 0.2573511 0.2719600 0.2584255 0.2720134 0.2636112 0.2781849 0.2863926 0.2693158 0.2504716 0.2791297 0.2678376 0.2602749 0.2749970 
Kazachstania_africana                       0.2397985 0.0000000 0.1997798 0.2296917 0.2432008 0.2386797 0.2404732 0.2372400 0.1440037 0.1554917 1.4430536 0.2238363 0.2045103 0.2106886 0.2134876 0.2063792 0.2064828 0.2073710 0.2340912 0.2850147 0.2471206 0.1586522 0.1525716 0.2220871 0.1527952 0.1582680 0.1530436 0.1989328 0.1319134 0.2032370 0.1486062 0.1527351 0.1813831 0.1939519 0.1790212 0.2032027 0.2842123 0.2529825 0.2733076 0.2365158 
Kazachstania_naganishii                     0.2722388 0.1997798 0.0000000 0.2719258 0.2656021 0.2663068 0.2997564 0.2726507 0.1944778 0.1989147 1.6805401 0.2527540 0.2565458 0.2523703 0.2552344 0.2502236 0.2584545 0.2488725 0.2570643 0.3043351 0.2536402 0.1938789 0.1267994 0.2543516 0.1580492 0.1414663 0.1183236 0.2227001 0.2072047 0.1770761 0.2163550 0.2257688 0.1626071 0.2446978 0.1656405 0.1791598 0.3048259 0.2998036 0.2956251 0.2933419 
Nakaseomyces_bacillisporus                  0.2526835 0.2296917 0.2719258 0.0000000 0.2377366 0.1853125 0.2517592 0.2319931 0.1899386 0.2169442 1.6466751 0.2323935 0.2293974 0.2334752 0.2390959 0.2234245 0.2275794 0.2300429 0.2158677 0.2838725 0.2698084 0.2320994 0.2054165 0.2776612 0.2165049 0.2249902 0.2203811 0.2404997 0.2253915 0.2572576 0.2367514 0.2380044 0.2342633 0.2531396 0.2378857 0.2656026 0.2815546 0.2728858 0.2602858 0.2615966 
Nakaseomyces_bracarensis                    0.0896615 0.2432008 0.2656021 0.2377366 0.0000000 0.2635578 0.0532992 0.0216810 0.2149785 0.2398739 1.6156950 0.2227491 0.2331377 0.2312156 0.2411619 0.2256328 0.2334818 0.2320163 0.2810026 0.2681968 0.2474627 0.2447621 0.2166738 0.2843057 0.2259927 0.2189347 0.2099648 0.2617853 0.2420383 0.2453070 0.2476743 0.2552355 0.2505858 0.2798294 0.2540524 0.2475299 0.2557763 0.2474302 0.2378079 0.2647512 
Nakaseomyces_castellii                      0.2805904 0.2386797 0.2663068 0.1853125 0.2635578 0.0000000 0.2712401 0.2547110 0.2383009 0.2459087 1.5406630 0.2730773 0.2658900 0.2712703 0.2766467 0.2676733 0.2637818 0.2676579 0.2872144 0.3106207 0.2703526 0.2435480 0.2413094 0.2706745 0.2355566 0.2404228 0.2317035 0.2580997 0.2476925 0.2867798 0.2683379 0.2702582 0.2503065 0.2560322 0.2642387 0.2784012 0.3147974 0.3170939 0.2996296 0.2958571 
Nakaseomyces_delphensis                     0.1161762 0.2404732 0.2997564 0.2517592 0.0532992 0.2712401 0.0000000 0.0415866 0.2460079 0.2697646 1.6479832 0.2500028 0.2360088 0.2486027 0.2441448 0.2362336 0.2363594 0.2494543 0.2938732 0.2922893 0.2709682 0.2458271 0.2495971 0.3064495 0.2491861 0.2546604 0.2409198 0.2721369 0.2591692 0.2724930 0.2749570 0.2709552 0.2770513 0.2888947 0.2882682 0.2671117 0.2794173 0.2756767 0.2604401 0.2820231 
Nakaseomyces_nivariensis                    0.0945965 0.2372400 0.2726507 0.2319931 0.0216810 0.2547110 0.0415866 0.0000000 0.2088169 0.2378161 1.6462313 0.2226265 0.2136865 0.2319384 0.2212948 0.2138900 0.2140005 0.2327429 0.2719738 0.2778294 0.2629483 0.2288746 0.2258436 0.2897002 0.2267270 0.2205101 0.2065384 0.2608664 0.2388274 0.2433559 0.2588846 0.2495676 0.2527725 0.2729151 0.2636274 0.2456419 0.2653296 0.2601036 0.2471043 0.2509307 
Naumovozyma_castellii                       0.2109364 0.1440037 0.1944778 0.1899386 0.2149785 0.2383009 0.2460079 0.2088169 0.0000000 0.0794407 1.4905079 0.1881192 0.1722760 0.1914920 0.1790560 0.1724420 0.1725279 0.1881870 0.2095680 0.2847721 0.2476549 0.1700703 0.1524950 0.2381111 0.1898352 0.1548450 0.1332107 0.1899304 0.1825345 0.1960521 0.1793239 0.1886091 0.1661125 0.2171809 0.1609676 0.2028756 0.2736729 0.2692736 0.2621114 0.2329891 
Naumovozyma_dairenensis                     0.2581820 0.1554917 0.1989147 0.2169442 0.2398739 0.2459087 0.2697646 0.2378161 0.0794407 0.0000000 1.6419118 0.1957462 0.1940701 0.1880725 0.2014877 0.1865602 0.1943625 0.1846489 0.2040377 0.2558203 0.2380852 0.1695283 0.1719795 0.2334375 0.1908830 0.1865319 0.1561231 0.2320428 0.1674205 0.2074384 0.1700175 0.1833539 0.1866471 0.2094728 0.1811645 0.2094845 0.2567915 0.2518174 0.2364076 0.2257717 
Neurospora_crassa                           1.6112611 1.4430536 1.6805401 1.6466751 1.6156950 1.5406630 1.6479832 1.6462313 1.4905079 1.6419118 0.0000000 1.5282081 1.5069857 1.5242582 1.5508713 1.5266398 1.5175284 1.5111240 1.4199737 1.5912555 1.5468784 1.6584638 1.5405035 1.5116094 1.5353536 1.4921631 1.5132257 1.4621582 1.6368073 1.5782450 1.6264362 1.6199174 1.4959797 1.5366049 1.5194194 1.5890492 1.5685402 1.5409697 1.5844408 1.4662418 
Saccharomyces_arboricola                    0.2780815 0.2238363 0.2527540 0.2323935 0.2227491 0.2730773 0.2500028 0.2226265 0.1881192 0.1957462 1.5282081 0.0000000 0.0247748 0.0269535 0.0280174 0.0191937 0.0248044 0.0242351 0.2612511 0.3129259 0.2727321 0.2251604 0.2159276 0.2979966 0.2252276 0.2131114 0.2245744 0.2595496 0.2438475 0.2545340 0.2410569 0.2440472 0.2303838 0.2844584 0.2428122 0.2657035 0.3157462 0.3176122 0.3120005 0.2864123 
Saccharomyces_cerevisiae                    0.2693314 0.2045103 0.2565458 0.2293974 0.2331377 0.2658900 0.2360088 0.2136865 0.1722760 0.1940701 1.5069857 0.0247748 0.0000000 0.0352892 0.0080768 0.0052962 0.0052981 0.0325452 0.2525989 0.3169637 0.2719567 0.2027165 0.2111687 0.2827130 0.2166669 0.2015468 0.2080705 0.2429446 0.2419950 0.2411245 0.2471611 0.2454753 0.2221531 0.2615758 0.2381648 0.2509039 0.3132079 0.3075265 0.3112539 0.2782473 
Saccharomyces_eubayanus                     0.2748463 0.2106886 0.2523703 0.2334752 0.2312156 0.2712703 0.2486027 0.2319384 0.1914920 0.1880725 1.5242582 0.0269535 0.0352892 0.0000000 0.0386705 0.0297400 0.0353310 0.0026342 0.2628609 0.3066601 0.2719235 0.2241224 0.2188833 0.2968171 0.2191959 0.2231306 0.2255093 0.2587945 0.2501878 0.2617786 0.2473920 0.2480335 0.2324235 0.2834435 0.2412185 0.2637217 0.3092478 0.3196696 0.3054830 0.2932679 
Saccharomyces_kudriavzevii                  0.2796667 0.2134876 0.2552344 0.2390959 0.2411619 0.2766467 0.2441448 0.2212948 0.1790560 0.2014877 1.5508713 0.0280174 0.0080768 0.0386705 0.0000000 0.0080832 0.0080862 0.0358767 0.2627234 0.3144089 0.2706516 0.2116398 0.2203288 0.2860264 0.2259607 0.2105301 0.2175025 0.2530586 0.2502741 0.2511941 0.2555070 0.2551925 0.2313721 0.2670488 0.2477273 0.2609043 0.3106423 0.3094401 0.3086717 0.2889520 
Saccharomyces_mikatae                       0.2710241 0.2063792 0.2502236 0.2234245 0.2256328 0.2676733 0.2362336 0.2138900 0.1724420 0.1865602 1.5266398 0.0191937 0.0052962 0.0297400 0.0080832 0.0000000 0.0053022 0.0270113 0.2463780 0.3172497 0.2655972 0.2045867 0.2055212 0.2761796 0.2109398 0.2034378 0.2100070 0.2447684 0.2343809 0.2429513 0.2395590 0.2394976 0.2164694 0.2632907 0.2322756 0.2526555 0.3134910 0.3123138 0.3115367 0.2717040 
Saccharomyces_paradoxus                     0.2711744 0.2064828 0.2584545 0.2275794 0.2334818 0.2637818 0.2363594 0.2140005 0.1725279 0.1943625 1.5175284 0.0248044 0.0052981 0.0353310 0.0080862 0.0053022 0.0000000 0.0325837 0.2504439 0.3134658 0.2689065 0.2046890 0.2131369 0.2845428 0.2186272 0.2035403 0.2101175 0.2449033 0.2423555 0.2430848 0.2475277 0.2473426 0.2205140 0.2634352 0.2364338 0.2527925 0.3097192 0.3074164 0.3077550 0.2750860 
Saccharomyces_uvarum                        0.2783991 0.2073710 0.2488725 0.2300429 0.2320163 0.2676579 0.2494543 0.2327429 0.1881870 0.1846489 1.5111240 0.0242351 0.0325452 0.0026342 0.0358767 0.0270113 0.0325837 0.0000000 0.2593711 0.3032020 0.2684379 0.2207975 0.2155496 0.2932768 0.2158606 0.2198156 0.2220813 0.2552844 0.2467090 0.2582932 0.2439671 0.2446896 0.2291311 0.2799646 0.2378815 0.2602735 0.3128215 0.3161272 0.3090664 0.2896972 
Tetrapisispora_blattae                      0.3096769 0.2340912 0.2570643 0.2158677 0.2810026 0.2872144 0.2938732 0.2719738 0.2095680 0.2040377 1.4199737 0.2612511 0.2525989 0.2628609 0.2627234 0.2463780 0.2504439 0.2593711 0.0000000 0.2210755 0.2001034 0.2217437 0.2261816 0.2510894 0.2352742 0.2371506 0.1976161 0.2551816 0.2270097 0.2660908 0.2266532 0.2210754 0.2432075 0.2409462 0.2450794 0.2668476 0.2321578 0.2188471 0.2176417 0.1087332 
Tetrapisispora_phaffii                      0.3017725 0.2850147 0.3043351 0.2838725 0.2681968 0.3106207 0.2922893 0.2778294 0.2847721 0.2558203 1.5912555 0.3129259 0.3169637 0.3066601 0.3144089 0.3172497 0.3134658 0.3032020 0.2210755 0.0000000 0.1893801 0.2724965 0.2864029 0.2789990 0.2823472 0.2875343 0.2489854 0.2764520 0.2679485 0.3106740 0.2488387 0.2808519 0.3031268 0.2852181 0.3062662 0.3108443 0.0360819 0.0857759 0.0330473 0.2389419 
Vanderwaltozyma_polyspora                   0.2783325 0.2471206 0.2536402 0.2698084 0.2474627 0.2703526 0.2709682 0.2629483 0.2476549 0.2380852 1.5468784 0.2727321 0.2719567 0.2719235 0.2706516 0.2655972 0.2689065 0.2684379 0.2001034 0.1893801 0.0000000 0.2388371 0.2234478 0.2383350 0.2538959 0.2293334 0.2120200 0.2602373 0.2506857 0.2678409 0.2591303 0.2802954 0.2446527 0.2573536 0.2469802 0.2655398 0.1999570 0.1750897 0.1919596 0.2395358 
yHAB132_Kazachstania_martiniae              0.2455762 0.1586522 0.1938789 0.2320994 0.2447621 0.2435480 0.2458271 0.2288746 0.1700703 0.1695283 1.6584638 0.2251604 0.2027165 0.2241224 0.2116398 0.2045867 0.2046890 0.2207975 0.2217437 0.2724965 0.2388371 0.0000000 0.1722703 0.2412252 0.1712421 0.1782371 0.1676167 0.2034318 0.1872430 0.2011248 0.1652199 0.1744743 0.1876568 0.2249386 0.1920656 0.2011067 0.2650332 0.2495017 0.2546536 0.2414276 
yHAB133_Kazachstania_unispora               0.2356844 0.1525716 0.1267994 0.2054165 0.2166738 0.2413094 0.2495971 0.2258436 0.1524950 0.1719795 1.5405035 0.2159276 0.2111687 0.2188833 0.2203288 0.2055212 0.2131369 0.2155496 0.2261816 0.2864029 0.2234478 0.1722703 0.0000000 0.2126183 0.1132862 0.0239034 0.0911529 0.1803098 0.1700209 0.1379273 0.1878386 0.1793732 0.0386917 0.2069037 0.0386378 0.1339432 0.2802981 0.2495637 0.2612804 0.2634447 
yHAB134_Kazachstania_turicensis             0.3157233 0.2220871 0.2543516 0.2776612 0.2843057 0.2706745 0.3064495 0.2897002 0.2381111 0.2334375 1.5116094 0.2979966 0.2827130 0.2968171 0.2860264 0.2761796 0.2845428 0.2932768 0.2510894 0.2789990 0.2383350 0.2412252 0.2126183 0.0000000 0.2104809 0.2230159 0.2019999 0.2474142 0.1706662 0.2671058 0.1659291 0.2292536 0.2058555 0.0877406 0.2147540 0.2636854 0.2841928 0.2429738 0.2666288 0.2731823 
yHAB136_Kazachstania_bromeliacearum         0.2422422 0.1527952 0.1580492 0.2165049 0.2259927 0.2355566 0.2491861 0.2267270 0.1898352 0.1908830 1.5353536 0.2252276 0.2166669 0.2191959 0.2259607 0.2109398 0.2186272 0.2158606 0.2352742 0.2823472 0.2538959 0.1712421 0.1132862 0.2104809 0.0000000 0.1247113 0.1224486 0.1939676 0.1944945 0.1815740 0.1805586 0.1891149 0.1454156 0.1969451 0.1424710 0.1754599 0.2885672 0.2775965 0.2696496 0.2746607 
yHAB143_Kazachstania_siamensis              0.2404002 0.1582680 0.1414663 0.2249902 0.2189347 0.2404228 0.2546604 0.2205101 0.1548450 0.1865319 1.4921631 0.2131114 0.2015468 0.2231306 0.2105301 0.2034378 0.2035403 0.2198156 0.2371506 0.2875343 0.2293334 0.1782371 0.0239034 0.2230159 0.1247113 0.0000000 0.0973576 0.1774445 0.1827248 0.1345888 0.2007805 0.1970311 0.0498237 0.2142394 0.0529800 0.1334390 0.2856256 0.2602716 0.2744451 0.2671737 
yHAB147_Kazachstania_taianensis             0.2250605 0.1530436 0.1183236 0.2203811 0.2099648 0.2317035 0.2409198 0.2065384 0.1332107 0.1561231 1.5132257 0.2245744 0.2080705 0.2255093 0.2175025 0.2100070 0.2101175 0.2220813 0.1976161 0.2489854 0.2120200 0.1676167 0.0911529 0.2019999 0.1224486 0.0973576 0.0000000 0.1703414 0.1578755 0.1206351 0.1576295 0.1846024 0.1172876 0.1904156 0.1178773 0.1359509 0.2436140 0.2339273 0.2305364 0.2297822 
yHAB148_Kazachstania_intestinalis           0.2573511 0.1989328 0.2227001 0.2404997 0.2617853 0.2580997 0.2721369 0.2608664 0.1899304 0.2320428 1.4621582 0.2595496 0.2429446 0.2587945 0.2530586 0.2447684 0.2449033 0.2552844 0.2551816 0.2764520 0.2602373 0.2034318 0.1803098 0.2474142 0.1939676 0.1774445 0.1703414 0.0000000 0.2309712 0.2235346 0.2130305 0.2326126 0.2124283 0.2462064 0.2061637 0.2393005 0.2817767 0.2719321 0.2663734 0.2748876 
yHAB153_Kazachstania_rosinii                0.2719600 0.1319134 0.2072047 0.2253915 0.2420383 0.2476925 0.2591692 0.2388274 0.1825345 0.1674205 1.6368073 0.2438475 0.2419950 0.2501878 0.2502741 0.2343809 0.2423555 0.2467090 0.2270097 0.2679485 0.2506857 0.1872430 0.1700209 0.1706662 0.1944945 0.1827248 0.1578755 0.2309712 0.0000000 0.2042431 0.0766833 0.1708571 0.1937575 0.1544846 0.1958370 0.2097792 0.2652097 0.2508666 0.2519533 0.2336634 
yHAB154_Kazachstania_transvaalensis         0.2584255 0.2032370 0.1770761 0.2572576 0.2453070 0.2867798 0.2724930 0.2433559 0.1960521 0.2074384 1.5782450 0.2545340 0.2411245 0.2617786 0.2511941 0.2429513 0.2430848 0.2582932 0.2660908 0.3106740 0.2678409 0.2011248 0.1379273 0.2671058 0.1815740 0.1345888 0.1206351 0.2235346 0.2042431 0.0000000 0.2041658 0.2370723 0.1643765 0.2470168 0.1704510 0.0380762 0.3173025 0.2859885 0.2928563 0.2904674 
yHAB155_Kazachstania_spencerorum            0.2720134 0.1486062 0.2163550 0.2367514 0.2476743 0.2683379 0.2749570 0.2588846 0.1793239 0.1700175 1.6264362 0.2410569 0.2471611 0.2473920 0.2555070 0.2395590 0.2475277 0.2439671 0.2266532 0.2488387 0.2591303 0.1652199 0.1878386 0.1659291 0.1805586 0.2007805 0.1576295 0.2130305 0.0766833 0.2041658 0.0000000 0.1857589 0.2103770 0.1566784 0.2096737 0.2087760 0.2562827 0.2412351 0.2371789 0.2599037 
yHAB158_Kazachstania_viticola               0.2636112 0.1527351 0.2257688 0.2380044 0.2552355 0.2702582 0.2709552 0.2495676 0.1886091 0.1833539 1.6199174 0.2440472 0.2454753 0.2480335 0.2551925 0.2394976 0.2473426 0.2446896 0.2210754 0.2808519 0.2802954 0.1744743 0.1793732 0.2292536 0.1891149 0.1970311 0.1846024 0.2326126 0.1708571 0.2370723 0.1857589 0.0000000 0.1976712 0.1945382 0.2020721 0.2297214 0.2860288 0.2666160 0.2790929 0.2225621 
yHAB159_Kazachstania_solicola               0.2781849 0.1813831 0.1626071 0.2342633 0.2505858 0.2503065 0.2770513 0.2527725 0.1661125 0.1866471 1.4959797 0.2303838 0.2221531 0.2324235 0.2313721 0.2164694 0.2205140 0.2291311 0.2432075 0.3031268 0.2446527 0.1876568 0.0386917 0.2058555 0.1454156 0.0498237 0.1172876 0.2124283 0.1937575 0.1643765 0.2103770 0.1976712 0.0000000 0.2158015 0.0106103 0.1669786 0.3047537 0.2699646 0.2933228 0.2794977 
yHAB160_Kazachstania_kunashirensis          0.2863926 0.1939519 0.2446978 0.2531396 0.2798294 0.2560322 0.2888947 0.2729151 0.2171809 0.2094728 1.5366049 0.2844584 0.2615758 0.2834435 0.2670488 0.2632907 0.2634352 0.2799646 0.2409462 0.2852181 0.2573536 0.2249386 0.2069037 0.0877406 0.1969451 0.2142394 0.1904156 0.2462064 0.1544846 0.2470168 0.1566784 0.1945382 0.2158015 0.0000000 0.2166097 0.2444282 0.2948678 0.2431831 0.2729757 0.2661936 
yHAB164_Kazachstania_aerobia                0.2693158 0.1790212 0.1656405 0.2378857 0.2540524 0.2642387 0.2882682 0.2636274 0.1609676 0.1811645 1.5194194 0.2428122 0.2381648 0.2412185 0.2477273 0.2322756 0.2364338 0.2378815 0.2450794 0.3062662 0.2469802 0.1920656 0.0386378 0.2147540 0.1424710 0.0529800 0.1178773 0.2061637 0.1958370 0.1704510 0.2096737 0.2020721 0.0106103 0.2166097 0.0000000 0.1730536 0.3046438 0.2763659 0.2931696 0.2900335 
yHAB166_Kazachstania_yakushimaensis         0.2504716 0.2032027 0.1791598 0.2656026 0.2475299 0.2784012 0.2671117 0.2456419 0.2028756 0.2094845 1.5890492 0.2657035 0.2509039 0.2637217 0.2609043 0.2526555 0.2527925 0.2602735 0.2668476 0.3108443 0.2655398 0.2011067 0.1339432 0.2636854 0.1754599 0.1334390 0.1359509 0.2393005 0.2097792 0.0380762 0.2087760 0.2297214 0.1669786 0.2444282 0.1730536 0.0000000 0.3219671 0.2836245 0.2975186 0.3026564 
yHMPu5000034875_Tetrapisispora_fleetii      0.2791297 0.2842123 0.3048259 0.2815546 0.2557763 0.3147974 0.2794173 0.2653296 0.2736729 0.2567915 1.5685402 0.3157462 0.3132079 0.3092478 0.3106423 0.3134910 0.3097192 0.3128215 0.2321578 0.0360819 0.1999570 0.2650332 0.2802981 0.2841928 0.2885672 0.2856256 0.2436140 0.2817767 0.2652097 0.3173025 0.2562827 0.2860288 0.3047537 0.2948678 0.3046438 0.3219671 0.0000000 0.0881627 0.0269273 0.2283665 
yHMPu5000034876_Tetrapisispora_iriomotensis 0.2678376 0.2529825 0.2998036 0.2728858 0.2474302 0.3170939 0.2756767 0.2601036 0.2692736 0.2518174 1.5409697 0.3176122 0.3075265 0.3196696 0.3094401 0.3123138 0.3074164 0.3161272 0.2188471 0.0857759 0.1750897 0.2495017 0.2495637 0.2429738 0.2775965 0.2602716 0.2339273 0.2719321 0.2508666 0.2859885 0.2412351 0.2666160 0.2699646 0.2431831 0.2763659 0.2836245 0.0881627 0.0000000 0.0670742 0.2102618 
yHMPu5000034877_Tetrapisispora_namnaonensis 0.2602749 0.2733076 0.2956251 0.2602858 0.2378079 0.2996296 0.2604401 0.2471043 0.2621114 0.2364076 1.5844408 0.3120005 0.3112539 0.3054830 0.3086717 0.3115367 0.3077550 0.3090664 0.2176417 0.0330473 0.1919596 0.2546536 0.2612804 0.2666288 0.2696496 0.2744451 0.2305364 0.2663734 0.2519533 0.2928563 0.2371789 0.2790929 0.2933228 0.2729757 0.2931696 0.2975186 0.0269273 0.0670742 0.0000000 0.2223509 
yHMPu5000035629_Yueomyces_sinensis          0.2749970 0.2365158 0.2933419 0.2615966 0.2647512 0.2958571 0.2820231 0.2509307 0.2329891 0.2257717 1.4662418 0.2864123 0.2782473 0.2932679 0.2889520 0.2717040 0.2750860 0.2896972 0.1087332 0.2389419 0.2395358 0.2414276 0.2634447 0.2731823 0.2746607 0.2671737 0.2297822 0.2748876 0.2336634 0.2904674 0.2599037 0.2225621 0.2794977 0.2661936 0.2900335 0.3026564 0.2283665 0.2102618 0.2223509 0.0000000 
