40
Candida_glabrata                            0.0000000 0.3592681 0.5170640 0.3926651 0.1450115 0.5367725 0.1790409 0.1594860 0.3530928 0.3904973 1.0148271 0.2843280 0.2611320 0.3155007 0.2782381 0.2717120 0.2671103 0.2793079 0.4486751 0.3852737 0.3713158 0.3025804 0.4850102 0.4153951 0.4373551 0.4539978 0.4389091 0.3724828 0.3120245 0.5382346 0.3232237 0.3122489 0.4593377 0.3587884 0.4608379 0.5675659 0.3928462 0.3841352 0.3915282 0.7237891 
Kazachstania_africana                       0.3592681 0.0000000 0.4657575 0.4887071 0.3685081 0.5567240 0.3919998 0.3507464 0.3855709 0.3644708 1.0995503 0.3291634 0.3352309 0.3466388 0.3305896 0.3455232 0.3414986 0.3257323 0.4197632 0.4573296 0.4037133 0.3140067 0.4951908 0.4205718 0.4341518 0.5000560 0.5120276 0.3547364 0.3467315 0.5689153 0.3429316 0.2566671 0.4908126 0.3821993 0.5001517 0.5842907 0.4445776 0.4167273 0.4631436 0.7821282 
Kazachstania_naganishii                     0.5170640 0.4657575 0.0000000 0.5612266 0.5148666 0.7064256 0.5863886 0.5232885 0.5231959 0.4686889 1.0673881 0.4473927 0.4335708 0.4573723 0.4707129 0.4402915 0.4339388 0.4339878 0.6186715 0.6480460 0.4736905 0.4314760 0.5580330 0.5246785 0.4081179 0.5343365 0.5074765 0.4532021 0.4374594 0.5255048 0.4745534 0.4204618 0.5235728 0.5346018 0.5246086 0.5301385 0.6560525 0.5952608 0.6561458 0.9170793 
Nakaseomyces_bacillisporus                  0.3926651 0.4887071 0.5612266 0.0000000 0.4135584 0.4265625 0.4350591 0.4133443 0.3754319 0.3787977 1.0200661 0.3684400 0.3621599 0.3946656 0.3700839 0.3844565 0.3687810 0.3880296 0.4167438 0.3943796 0.3514994 0.3434753 0.4890519 0.4874991 0.4108119 0.5064436 0.5564321 0.3909502 0.3806055 0.6003702 0.4132708 0.3694837 0.4954225 0.4800869 0.4925709 0.6220714 0.3947492 0.3767032 0.4095940 0.7250393 
Nakaseomyces_bracarensis                    0.1450115 0.3685081 0.5148666 0.4135584 0.0000000 0.5025174 0.0842488 0.0389408 0.3542314 0.3954765 1.0639741 0.2728197 0.2690114 0.3039852 0.2862115 0.2839550 0.2827200 0.2870282 0.4091131 0.3612921 0.3519285 0.3175792 0.4890291 0.3857186 0.4026441 0.4756018 0.4636748 0.3533009 0.3388175 0.5482505 0.3080258 0.2981140 0.4643771 0.3352451 0.4655805 0.5869140 0.3727449 0.3583560 0.3855532 0.6724809 
Nakaseomyces_castellii                      0.5367725 0.5567240 0.7064256 0.4265625 0.5025174 0.0000000 0.5150967 0.4900239 0.5162224 0.4860340 1.2415136 0.5033653 0.5177222 0.5130973 0.4970463 0.5150349 0.5209580 0.5161930 0.5303139 0.5139552 0.5061042 0.5173605 0.6128696 0.6181412 0.6336951 0.5818031 0.6322644 0.5020795 0.5323004 0.7901280 0.5393987 0.4672775 0.5933664 0.6061365 0.5911597 0.7533485 0.5001594 0.4681740 0.5169452 0.8671000 
Nakaseomyces_delphensis                     0.1790409 0.3919998 0.5863886 0.4350591 0.0842488 0.5150967 0.0000000 0.0843233 0.3722371 0.4299863 1.0271191 0.3088640 0.3046030 0.3187530 0.3255605 0.3198345 0.3190748 0.3235980 0.4588206 0.3950879 0.3748316 0.3461374 0.5030010 0.3822386 0.4458974 0.5030653 0.5221573 0.4061151 0.3547524 0.6082151 0.3398470 0.3293828 0.4824054 0.3452614 0.4867223 0.6420950 0.3817356 0.3676975 0.3948981 0.7026698 
Nakaseomyces_nivariensis                    0.1594860 0.3507464 0.5232885 0.4133443 0.0389408 0.4900239 0.0843233 0.0000000 0.3542960 0.3823195 1.0002105 0.2744620 0.2706718 0.3055712 0.2758309 0.2855657 0.2843566 0.2886562 0.4106158 0.3628782 0.3577135 0.2999509 0.4554032 0.3695227 0.3950543 0.4669799 0.4662616 0.3604179 0.3389604 0.5454377 0.3073323 0.2892967 0.4319590 0.3368788 0.4271282 0.5854466 0.3680391 0.3495617 0.3869776 0.6916189 
Naumovozyma_castellii                       0.3530928 0.3855709 0.5231959 0.3754319 0.3542314 0.5162224 0.3722371 0.3542960 0.0000000 0.1747636 0.9988641 0.2558244 0.2807107 0.2605823 0.2821554 0.2605228 0.2747584 0.2953837 0.3709569 0.4531659 0.3779074 0.2623723 0.5183403 0.3519480 0.3778805 0.5118011 0.4187260 0.3608782 0.2679625 0.4878250 0.3039283 0.2734551 0.4972550 0.3184696 0.4944551 0.5172663 0.4621820 0.4046698 0.4781937 0.6878292 
Naumovozyma_dairenensis                     0.3904973 0.3644708 0.4686889 0.3787977 0.3954765 0.4860340 0.4299863 0.3823195 0.1747636 0.0000000 0.9988934 0.2561935 0.2760795 0.2710666 0.2761466 0.2765850 0.2701996 0.2890976 0.4027674 0.4660632 0.3486624 0.2603663 0.5432818 0.3372807 0.3824062 0.5190069 0.4692392 0.3493236 0.3161504 0.4928394 0.2799309 0.2430115 0.5282034 0.3158144 0.5184773 0.5111701 0.4642308 0.3915107 0.4648780 0.7019714 
Neurospora_crassa                           1.0148271 1.0995503 1.0673881 1.0200661 1.0639741 1.2415136 1.0271191 1.0002105 0.9988641 0.9988934 0.0000000 1.0637785 1.0372886 1.0769482 1.0636784 1.0326928 1.0613565 1.0934194 1.1678064 1.1580886 1.0511187 0.9996160 1.1631348 1.0598287 1.1020001 1.1659923 1.1194519 1.0217065 0.9708137 1.0596727 0.9280470 1.0309066 1.1525040 1.0071892 1.1326796 1.0404669 1.2030569 1.1279655 1.1706647 1.3165040 
Saccharomyces_arboricola                    0.2843280 0.3291634 0.4473927 0.3684400 0.2728197 0.5033653 0.3088640 0.2744620 0.2558244 0.2561935 1.0637785 0.0000000 0.0419897 0.0730974 0.0421676 0.0511705 0.0376588 0.0509093 0.3676889 0.3480195 0.3306383 0.2528037 0.4594405 0.3396454 0.3704033 0.4470931 0.4571666 0.3245044 0.2754066 0.4938418 0.2746150 0.2022263 0.4331532 0.2893236 0.4282729 0.5169384 0.3564038 0.3199483 0.3700290 0.6801237 
Saccharomyces_cerevisiae                    0.2611320 0.3352309 0.4335708 0.3621599 0.2690114 0.5177222 0.3046030 0.2706718 0.2807107 0.2760795 1.0372886 0.0419897 0.0000000 0.0728590 0.0420759 0.0336932 0.0123710 0.0420791 0.3646349 0.3536030 0.3374811 0.2581199 0.4514397 0.3241703 0.3799880 0.4442990 0.4458625 0.3180165 0.2495569 0.5064700 0.2543314 0.2050554 0.4253089 0.2931453 0.4204764 0.5149915 0.3640283 0.3278712 0.3686715 0.6973630 
Saccharomyces_eubayanus                     0.3155007 0.3466388 0.4573723 0.3946656 0.3039852 0.5130973 0.3187530 0.3055712 0.2605823 0.2710666 1.0769482 0.0730974 0.0728590 0.0000000 0.0731611 0.0869972 0.0683414 0.0552040 0.3911839 0.3668081 0.3492271 0.2686896 0.4543871 0.3344255 0.3826693 0.4561931 0.4571569 0.3311943 0.2597931 0.5044714 0.2744294 0.2032084 0.4318598 0.3074927 0.4254748 0.5054830 0.3660571 0.3306399 0.3719433 0.6924717 
Saccharomyces_kudriavzevii                  0.2782381 0.3305896 0.4707129 0.3700839 0.2862115 0.4970463 0.3255605 0.2758309 0.2821554 0.2761466 1.0636784 0.0421676 0.0420759 0.0731611 0.0000000 0.0555090 0.0377364 0.0597921 0.3602517 0.3614026 0.3428983 0.2707339 0.4693775 0.3427760 0.3818330 0.4572035 0.4396585 0.3169389 0.2788211 0.5056675 0.2722065 0.2088914 0.4427658 0.2847133 0.4240091 0.5104809 0.3698465 0.3329556 0.3758065 0.6825837 
Saccharomyces_mikatae                       0.2717120 0.3455232 0.4402915 0.3844565 0.2839550 0.5150349 0.3198345 0.2855657 0.2605228 0.2765850 1.0326928 0.0511705 0.0336932 0.0869972 0.0555090 0.0000000 0.0293785 0.0688894 0.3587932 0.3682859 0.3576596 0.2606444 0.4682685 0.3290122 0.3629825 0.4572488 0.4085332 0.3342046 0.2367685 0.5116702 0.2613382 0.1871999 0.4407379 0.3004565 0.4370918 0.5201980 0.3730791 0.3387892 0.3790382 0.7036299 
Saccharomyces_paradoxus                     0.2671103 0.3414986 0.4339388 0.3687810 0.2827200 0.5209580 0.3190748 0.2843566 0.2747584 0.2701996 1.0613565 0.0376588 0.0123710 0.0683414 0.0377364 0.0293785 0.0000000 0.0463894 0.3665073 0.3628067 0.3438341 0.2639440 0.4543282 0.3257296 0.3734727 0.4471820 0.4311916 0.3118426 0.2552568 0.5139873 0.2602612 0.1952168 0.4280157 0.3034864 0.4231426 0.5183109 0.3713060 0.3341440 0.3773199 0.6968136 
Saccharomyces_uvarum                        0.2793079 0.3257323 0.4339878 0.3880296 0.2870282 0.5161930 0.3235980 0.2886562 0.2953837 0.2890976 1.0934194 0.0509093 0.0420791 0.0552040 0.0597921 0.0688894 0.0463894 0.0000000 0.3908376 0.3531942 0.3401583 0.2735395 0.4700981 0.3621735 0.3833021 0.4547718 0.4830859 0.3411207 0.2703853 0.5139579 0.2747623 0.2082243 0.4432557 0.3054821 0.4382480 0.5189887 0.3617527 0.3114835 0.3677194 0.6935263 
Tetrapisispora_blattae                      0.4486751 0.4197632 0.6186715 0.4167438 0.4091131 0.5303139 0.4588206 0.4106158 0.3709569 0.4027674 1.1678064 0.3676889 0.3646349 0.3911839 0.3602517 0.3587932 0.3665073 0.3908376 0.0000000 0.4575048 0.4026453 0.3678490 0.5832659 0.4305869 0.4407670 0.5963770 0.5062894 0.4128222 0.3613315 0.6144455 0.3788379 0.3714083 0.5468845 0.3851398 0.5500804 0.6176974 0.4335276 0.4030469 0.4441679 0.5408487 
Tetrapisispora_phaffii                      0.3852737 0.4573296 0.6480460 0.3943796 0.3612921 0.5139552 0.3950879 0.3628782 0.4531659 0.4660632 1.1580886 0.3480195 0.3536030 0.3668081 0.3614026 0.3682859 0.3628067 0.3531942 0.4575048 0.0000000 0.2927109 0.4405008 0.4824163 0.5271205 0.5338119 0.4898510 0.5177679 0.4514512 0.4058536 0.5641312 0.3963034 0.3687090 0.4803184 0.4357086 0.4747414 0.5438570 0.0516740 0.1190905 0.0540959 0.6401267 
Vanderwaltozyma_polyspora                   0.3713158 0.4037133 0.4736905 0.3514994 0.3519285 0.5061042 0.3748316 0.3577135 0.3779074 0.3486624 1.0511187 0.3306383 0.3374811 0.3492271 0.3428983 0.3576596 0.3438341 0.3401583 0.4026453 0.2927109 0.0000000 0.3111380 0.4808843 0.3734093 0.4589703 0.4739232 0.5058456 0.3677923 0.3641191 0.5731726 0.3499136 0.3378811 0.4636019 0.3712946 0.4608812 0.5662917 0.2989764 0.2704675 0.3084988 0.6184398 
yHAB132_Kazachstania_martiniae              0.3025804 0.3140067 0.4314760 0.3434753 0.3175792 0.5173605 0.3461374 0.2999509 0.2623723 0.2603663 0.9996160 0.2528037 0.2581199 0.2686896 0.2707339 0.2606444 0.2639440 0.2735395 0.3678490 0.4405008 0.3111380 0.0000000 0.4443149 0.2849208 0.3333148 0.4365420 0.4247816 0.3016433 0.2672179 0.4357135 0.2456398 0.2172274 0.4053446 0.2897052 0.4136045 0.4882177 0.4355235 0.3933475 0.4583947 0.6934443 
yHAB133_Kazachstania_unispora               0.4850102 0.4951908 0.5580330 0.4890519 0.4890291 0.6128696 0.5030010 0.4554032 0.5183403 0.5432818 1.1631348 0.4594405 0.4514397 0.4543871 0.4693775 0.4682685 0.4543282 0.4700981 0.5832659 0.4824163 0.4808843 0.4443149 0.0000000 0.5384311 0.3947780 0.1019076 0.3771499 0.4565404 0.4700461 0.4149575 0.4858692 0.4378309 0.0457368 0.5345873 0.0541753 0.3886983 0.4670388 0.4468304 0.4909728 0.7898716 
yHAB134_Kazachstania_turicensis             0.4153951 0.4205718 0.5246785 0.4874991 0.3857186 0.6181412 0.3822386 0.3695227 0.3519480 0.3372807 1.0598287 0.3396454 0.3241703 0.3344255 0.3427760 0.3290122 0.3257296 0.3621735 0.4305869 0.5271205 0.3734093 0.2849208 0.5384311 0.0000000 0.4433580 0.5567932 0.4567405 0.4631248 0.2400138 0.5274009 0.2500931 0.2861948 0.5170265 0.1776464 0.5131018 0.5360191 0.5112384 0.4890881 0.5131635 0.6842434 
yHAB136_Kazachstania_bromeliacearum         0.4373551 0.4341518 0.4081179 0.4108119 0.4026441 0.6336951 0.4458974 0.3950543 0.3778805 0.3824062 1.1020001 0.3704033 0.3799880 0.3826693 0.3818330 0.3629825 0.3734727 0.3833021 0.4407670 0.5338119 0.4589703 0.3333148 0.3947780 0.4433580 0.0000000 0.4148616 0.3458770 0.4104186 0.3595908 0.4400368 0.3680920 0.2999523 0.3696599 0.4162363 0.3711678 0.4784519 0.5434704 0.5023592 0.5590571 0.7533299 
yHAB143_Kazachstania_siamensis              0.4539978 0.5000560 0.5343365 0.5064436 0.4756018 0.5818031 0.5030653 0.4669799 0.5118011 0.5190069 1.1659923 0.4470931 0.4442990 0.4561931 0.4572035 0.4572488 0.4471820 0.4547718 0.5963770 0.4898510 0.4739232 0.4365420 0.1019076 0.5567932 0.4148616 0.0000000 0.3750125 0.4865262 0.4650741 0.4187736 0.4739198 0.4134438 0.0742198 0.5092996 0.0782116 0.3814734 0.4883087 0.4581823 0.5053440 0.7995437 
yHAB147_Kazachstania_taianensis             0.4389091 0.5120276 0.5074765 0.5564321 0.4636748 0.6322644 0.5221573 0.4662616 0.4187260 0.4692392 1.1194519 0.4571666 0.4458625 0.4571569 0.4396585 0.4085332 0.4311916 0.4830859 0.5062894 0.5177679 0.5058456 0.4247816 0.3771499 0.4567405 0.3458770 0.3750125 0.0000000 0.4838517 0.3867653 0.3630262 0.4083747 0.3732720 0.3473536 0.4055895 0.3316761 0.3704369 0.5393991 0.5147290 0.5455854 0.6779866 
yHAB148_Kazachstania_intestinalis           0.3724828 0.3547364 0.4532021 0.3909502 0.3533009 0.5020795 0.4061151 0.3604179 0.3608782 0.3493236 1.0217065 0.3245044 0.3180165 0.3311943 0.3169389 0.3342046 0.3118426 0.3411207 0.4128222 0.4514512 0.3677923 0.3016433 0.4565404 0.4631248 0.4104186 0.4865262 0.4838517 0.0000000 0.2924622 0.5104283 0.3546694 0.2899841 0.4498858 0.4124147 0.4517470 0.5184109 0.4367001 0.4596690 0.4591758 0.7228173 
yHAB153_Kazachstania_rosinii                0.3120245 0.3467315 0.4374594 0.3806055 0.3388175 0.5323004 0.3547524 0.3389604 0.2679625 0.3161504 0.9708137 0.2754066 0.2495569 0.2597931 0.2788211 0.2367685 0.2552568 0.2703853 0.3613315 0.4058536 0.3641191 0.2672179 0.4700461 0.2400138 0.3595908 0.4650741 0.3867653 0.2924622 0.0000000 0.4290161 0.2088203 0.2151478 0.4446752 0.2350487 0.4459215 0.4345275 0.3990910 0.4183609 0.3913086 0.6476277 
yHAB154_Kazachstania_transvaalensis         0.5382346 0.5689153 0.5255048 0.6003702 0.5482505 0.7901280 0.6082151 0.5454377 0.4878250 0.4928394 1.0596727 0.4938418 0.5064700 0.5044714 0.5056675 0.5116702 0.5139873 0.5139579 0.6144455 0.5641312 0.5731726 0.4357135 0.4149575 0.5274009 0.4400368 0.4187736 0.3630262 0.5104283 0.4290161 0.0000000 0.4780023 0.4778745 0.4083165 0.4915360 0.4103468 0.1144560 0.5965373 0.6003509 0.5866173 0.7858197 
yHAB155_Kazachstania_spencerorum            0.3232237 0.3429316 0.4745534 0.4132708 0.3080258 0.5393987 0.3398470 0.3073323 0.3039283 0.2799309 0.9280470 0.2746150 0.2543314 0.2744294 0.2722065 0.2613382 0.2602612 0.2747623 0.3788379 0.3963034 0.3499136 0.2456398 0.4858692 0.2500931 0.3680920 0.4739198 0.4083747 0.3546694 0.2088203 0.4780023 0.0000000 0.2285831 0.4529637 0.2366607 0.4410101 0.4903576 0.3999036 0.3648740 0.3830983 0.6578821 
yHAB158_Kazachstania_viticola               0.3122489 0.2566671 0.4204618 0.3694837 0.2981140 0.4672775 0.3293828 0.2892967 0.2734551 0.2430115 1.0309066 0.2022263 0.2050554 0.2032084 0.2088914 0.1871999 0.1952168 0.2082243 0.3714083 0.3687090 0.3378811 0.2172274 0.4378309 0.2861948 0.2999523 0.4134438 0.3732720 0.2899841 0.2151478 0.4778745 0.2285831 0.0000000 0.4112410 0.2587304 0.4155832 0.4781793 0.3761579 0.3550973 0.3879499 0.7177614 
yHAB159_Kazachstania_solicola               0.4593377 0.4908126 0.5235728 0.4954225 0.4643771 0.5933664 0.4824054 0.4319590 0.4972550 0.5282034 1.1525040 0.4331532 0.4253089 0.4318598 0.4427658 0.4407379 0.4280157 0.4432557 0.5468845 0.4803184 0.4636019 0.4053446 0.0457368 0.5170265 0.3696599 0.0742198 0.3473536 0.4498858 0.4446752 0.4083165 0.4529637 0.4112410 0.0000000 0.5255571 0.0161714 0.3693958 0.4729092 0.4388915 0.4967380 0.7701681 
yHAB160_Kazachstania_kunashirensis          0.3587884 0.3821993 0.5346018 0.4800869 0.3352451 0.6061365 0.3452614 0.3368788 0.3184696 0.3158144 1.0071892 0.2893236 0.2931453 0.3074927 0.2847133 0.3004565 0.3034864 0.3054821 0.3851398 0.4357086 0.3712946 0.2897052 0.5345873 0.1776464 0.4162363 0.5092996 0.4055895 0.4124147 0.2350487 0.4915360 0.2366607 0.2587304 0.5255571 0.0000000 0.5299149 0.4899470 0.4500183 0.4262695 0.4452625 0.7212089 
yHAB164_Kazachstania_aerobia                0.4608379 0.5001517 0.5246086 0.4925709 0.4655805 0.5911597 0.4867223 0.4271282 0.4944551 0.5184773 1.1326796 0.4282729 0.4204764 0.4254748 0.4240091 0.4370918 0.4231426 0.4382480 0.5500804 0.4747414 0.4608812 0.4136045 0.0541753 0.5131018 0.3711678 0.0782116 0.3316761 0.4517470 0.4459215 0.4103468 0.4410101 0.4155832 0.0161714 0.5299149 0.0000000 0.3670930 0.4617121 0.4301782 0.4871764 0.7583035 
yHAB166_Kazachstania_yakushimaensis         0.5675659 0.5842907 0.5301385 0.6220714 0.5869140 0.7533485 0.6420950 0.5854466 0.5172663 0.5111701 1.0404669 0.5169384 0.5149915 0.5054830 0.5104809 0.5201980 0.5183109 0.5189887 0.6176974 0.5438570 0.5662917 0.4882177 0.3886983 0.5360191 0.4784519 0.3814734 0.3704369 0.5184109 0.4345275 0.1144560 0.4903576 0.4781793 0.3693958 0.4899470 0.3670930 0.0000000 0.5788300 0.5604852 0.5741610 0.7217928 
yHMPu5000034875_Tetrapisispora_fleetii      0.3928462 0.4445776 0.6560525 0.3947492 0.3727449 0.5001594 0.3817356 0.3680391 0.4621820 0.4642308 1.2030569 0.3564038 0.3640283 0.3660571 0.3698465 0.3730791 0.3713060 0.3617527 0.4335276 0.0516740 0.2989764 0.4355235 0.4670388 0.5112384 0.5434704 0.4883087 0.5393991 0.4367001 0.3990910 0.5965373 0.3999036 0.3761579 0.4729092 0.4500183 0.4617121 0.5788300 0.0000000 0.1035486 0.0208752 0.6420788 
yHMPu5000034876_Tetrapisispora_iriomotensis 0.3841352 0.4167273 0.5952608 0.3767032 0.3583560 0.4681740 0.3676975 0.3495617 0.4046698 0.3915107 1.1279655 0.3199483 0.3278712 0.3306399 0.3329556 0.3387892 0.3341440 0.3114835 0.4030469 0.1190905 0.2704675 0.3933475 0.4468304 0.4890881 0.5023592 0.4581823 0.5147290 0.4596690 0.4183609 0.6003509 0.3648740 0.3550973 0.4388915 0.4262695 0.4301782 0.5604852 0.1035486 0.0000000 0.1118584 0.6207000 
yHMPu5000034877_Tetrapisispora_namnaonensis 0.3915282 0.4631436 0.6561458 0.4095940 0.3855532 0.5169452 0.3948981 0.3869776 0.4781937 0.4648780 1.1706647 0.3700290 0.3686715 0.3719433 0.3758065 0.3790382 0.3773199 0.3677194 0.4441679 0.0540959 0.3084988 0.4583947 0.4909728 0.5131635 0.5590571 0.5053440 0.5455854 0.4591758 0.3913086 0.5866173 0.3830983 0.3879499 0.4967380 0.4452625 0.4871764 0.5741610 0.0208752 0.1118584 0.0000000 0.6555181 
yHMPu5000035629_Yueomyces_sinensis          0.7237891 0.7821282 0.9170793 0.7250393 0.6724809 0.8671000 0.7026698 0.6916189 0.6878292 0.7019714 1.3165040 0.6801237 0.6973630 0.6924717 0.6825837 0.7036299 0.6968136 0.6935263 0.5408487 0.6401267 0.6184398 0.6934443 0.7898716 0.6842434 0.7533299 0.7995437 0.6779866 0.7228173 0.6476277 0.7858197 0.6578821 0.7177614 0.7701681 0.7212089 0.7583035 0.7217928 0.6420788 0.6207000 0.6555181 0.0000000 
