40
Candida_glabrata                            0.0000000 0.2156276 0.2060534 0.1775508 0.0796300 0.2091773 0.0965140 0.0772740 0.1642927 0.2203142 0.7750950 0.2051436 0.1978034 0.1887926 0.1932179 0.2139208 0.2066777 0.1831056 0.3058564 0.3230090 0.2503705 0.2413981 0.2624836 0.3098137 0.2358473 0.2979609 0.2963394 0.3143221 0.2521916 0.2400537 0.2703044 0.3177644 0.2716018 0.2709128 0.2762578 0.2751561 0.3255817 0.2861232 0.3014748 0.2446358 
Kazachstania_africana                       0.2156276 0.0000000 0.2746413 0.2524677 0.2557944 0.2676073 0.2656386 0.2375360 0.2157319 0.2485225 0.8404083 0.3111423 0.2836224 0.2692582 0.2779376 0.2984968 0.2932848 0.2555157 0.3588783 0.3597463 0.3307729 0.2926488 0.2932047 0.3393568 0.2714837 0.3549775 0.3534204 0.3347894 0.2707604 0.2760234 0.2530381 0.2932908 0.3233960 0.2944027 0.3318521 0.2755402 0.3833083 0.3735794 0.3415130 0.3423303 
Kazachstania_naganishii                     0.2060534 0.2746413 0.0000000 0.2125142 0.2138612 0.1999190 0.2262504 0.2233187 0.2131779 0.2287063 0.8346780 0.2549739 0.2418497 0.2290532 0.2358749 0.2533994 0.2495348 0.2161535 0.3263695 0.3237062 0.3332592 0.1890911 0.2033059 0.3015807 0.1641392 0.2240581 0.2561376 0.2910896 0.2189847 0.1836788 0.2443172 0.3259535 0.2079569 0.2528878 0.2111354 0.1724973 0.3347116 0.3371163 0.3299270 0.2834514 
Nakaseomyces_bacillisporus                  0.1775508 0.2524677 0.2125142 0.0000000 0.2054424 0.1860892 0.1856470 0.1947367 0.1849208 0.2408948 0.7969291 0.2122388 0.1958570 0.2054500 0.2025387 0.2061121 0.1949572 0.1931145 0.3426724 0.3079037 0.2616679 0.1857003 0.2408963 0.3102649 0.2375164 0.2632611 0.3062457 0.3033072 0.2482184 0.2458128 0.2815699 0.2873379 0.2507947 0.2833683 0.2493892 0.2442352 0.3152208 0.2870559 0.3032556 0.2792524 
Nakaseomyces_bracarensis                    0.0796300 0.2557944 0.2138612 0.2054424 0.0000000 0.2203830 0.0642148 0.0344116 0.1889382 0.2393436 0.7777853 0.2318435 0.2187449 0.2077262 0.2116382 0.2433237 0.2342185 0.1935958 0.3135994 0.3460703 0.2834302 0.2542993 0.2783307 0.3333991 0.2592408 0.3052985 0.2819773 0.3013496 0.2849819 0.2761349 0.2941287 0.3490897 0.2903686 0.2925347 0.2969200 0.2781086 0.3499515 0.3178384 0.3546882 0.2624378 
Nakaseomyces_castellii                      0.2091773 0.2676073 0.1999190 0.1860892 0.2203830 0.0000000 0.2080367 0.2135397 0.1969804 0.2315469 0.7697802 0.2594872 0.2399833 0.2307374 0.2499183 0.2558917 0.2528587 0.2168342 0.2969112 0.3308715 0.2862052 0.2391632 0.2908202 0.3288449 0.2775371 0.2953121 0.3064149 0.3234945 0.2417666 0.2534996 0.2867500 0.3212988 0.3112321 0.2788265 0.3240978 0.2757976 0.3336783 0.3227980 0.3224576 0.2996105 
Nakaseomyces_delphensis                     0.0965140 0.2656386 0.2262504 0.1856470 0.0642148 0.2080367 0.0000000 0.0456030 0.1966524 0.2705319 0.7822915 0.2111559 0.2279637 0.1900078 0.2032808 0.2329814 0.2319555 0.1870516 0.3144976 0.3434321 0.2627738 0.2624511 0.2863657 0.3614350 0.2608264 0.3014396 0.3177896 0.3108309 0.2677476 0.2845878 0.3173043 0.3430424 0.2989272 0.3032619 0.3041297 0.2895282 0.3471825 0.3286074 0.3455257 0.2760849 
Nakaseomyces_nivariensis                    0.0772740 0.2375360 0.2233187 0.1947367 0.0344116 0.2135397 0.0456030 0.0000000 0.1759418 0.2425090 0.7580294 0.2225075 0.2208178 0.1997487 0.2087903 0.2402124 0.2330218 0.1940447 0.3102641 0.3428070 0.2770762 0.2510386 0.2810148 0.3425310 0.2582477 0.3069699 0.3013702 0.3033576 0.2833008 0.2776821 0.3081955 0.3445812 0.2967612 0.2919480 0.3034314 0.2835293 0.3406066 0.3081699 0.3370621 0.2758082 
Naumovozyma_castellii                       0.1642927 0.2157319 0.2131779 0.1849208 0.1889382 0.1969804 0.1966524 0.1759418 0.0000000 0.1519541 0.8608029 0.1978596 0.1977845 0.1700597 0.1741636 0.1981865 0.2009189 0.1562213 0.3276416 0.3188919 0.2543902 0.2020472 0.2227372 0.2881129 0.2174003 0.2416123 0.2954604 0.3263197 0.2123275 0.2427498 0.2360314 0.2345563 0.2280101 0.2414770 0.2238980 0.2513614 0.3313458 0.3064954 0.3060397 0.2538061 
Naumovozyma_dairenensis                     0.2203142 0.2485225 0.2287063 0.2408948 0.2393436 0.2315469 0.2705319 0.2425090 0.1519541 0.0000000 0.8247054 0.2627420 0.2433230 0.2226133 0.2431732 0.2634503 0.2496095 0.2132126 0.3604814 0.3442450 0.3369890 0.2504768 0.2519469 0.3141676 0.2483221 0.2879923 0.2956412 0.3544230 0.2769043 0.2769088 0.2675653 0.2931526 0.2678984 0.2938588 0.2758422 0.2891998 0.3624436 0.3447041 0.3681950 0.2943679 
Neurospora_crassa                           0.7750950 0.8404083 0.8346780 0.7969291 0.7777853 0.7697802 0.7822915 0.7580294 0.8608029 0.8247054 0.0000000 0.8034792 0.8287145 0.7952272 0.8245426 0.8211892 0.8532767 0.7854047 0.8126184 0.7445176 0.8421517 0.8167903 0.8943030 0.7472752 0.8004753 0.8577180 0.7794091 0.7834283 0.7374822 0.8634502 0.7695816 0.7866919 0.8902397 0.8499203 0.8801034 0.8579997 0.7648079 0.7491687 0.7650324 0.7303568 
Saccharomyces_arboricola                    0.2051436 0.3111423 0.2549739 0.2122388 0.2318435 0.2594872 0.2111559 0.2225075 0.1978596 0.2627420 0.8034792 0.0000000 0.0603423 0.0752310 0.0487030 0.0572416 0.0631095 0.0692025 0.3255036 0.3046012 0.2508432 0.2975050 0.2815871 0.3153674 0.2463966 0.3123108 0.3325101 0.3559540 0.2470732 0.2675693 0.3221455 0.3068258 0.2827492 0.2935481 0.2802460 0.2672126 0.3216719 0.2972691 0.3017612 0.2744493 
Saccharomyces_cerevisiae                    0.1978034 0.2836224 0.2418497 0.1958570 0.2187449 0.2399833 0.2279637 0.2208178 0.1977845 0.2433230 0.8287145 0.0603423 0.0000000 0.0942531 0.0541142 0.0328661 0.0198226 0.0885354 0.3213271 0.3026453 0.2559009 0.2934566 0.2704124 0.2879372 0.2448962 0.2831150 0.3019623 0.3170725 0.2620184 0.2428764 0.2818264 0.3141533 0.2814071 0.2821950 0.2789322 0.2515048 0.3189592 0.3029565 0.3017806 0.2711314 
Saccharomyces_eubayanus                     0.1887926 0.2692582 0.2290532 0.2054500 0.2077262 0.2307374 0.1900078 0.1997487 0.1700597 0.2226133 0.7952272 0.0752310 0.0942531 0.0000000 0.0652630 0.0921667 0.0860144 0.0253737 0.2929151 0.2799601 0.2190883 0.2680264 0.2553380 0.3014097 0.2349300 0.2785225 0.2796176 0.3165144 0.2180691 0.2276095 0.2740855 0.2666335 0.2548252 0.2707804 0.2517620 0.2265269 0.3051569 0.2737155 0.2828396 0.2327034 
Saccharomyces_kudriavzevii                  0.1932179 0.2779376 0.2358749 0.2025387 0.2116382 0.2499183 0.2032808 0.2087903 0.1741636 0.2431732 0.8245426 0.0487030 0.0541142 0.0652630 0.0000000 0.0433274 0.0489339 0.0620783 0.3217480 0.2937111 0.2341042 0.2653867 0.2593676 0.3014651 0.2414280 0.2970462 0.2997144 0.3228718 0.2404596 0.2490987 0.2905314 0.2921039 0.2764077 0.2725012 0.2699961 0.2571094 0.3277345 0.2949700 0.3015433 0.2588287 
Saccharomyces_mikatae                       0.2139208 0.2984968 0.2533994 0.2061121 0.2433237 0.2558917 0.2329814 0.2402124 0.1981865 0.2634503 0.8211892 0.0572416 0.0328661 0.0921667 0.0433274 0.0000000 0.0328885 0.0771724 0.3252637 0.3026599 0.2508761 0.2861266 0.2806650 0.3097397 0.2604655 0.2992032 0.3268524 0.3406569 0.2517632 0.2606572 0.2998166 0.3159115 0.2833998 0.2906440 0.2808955 0.2592487 0.3295244 0.3094417 0.3077886 0.2844068 
Saccharomyces_paradoxus                     0.2066777 0.2932848 0.2495348 0.1949572 0.2342185 0.2528587 0.2319555 0.2330218 0.2009189 0.2496095 0.8532767 0.0631095 0.0198226 0.0860144 0.0489339 0.0328885 0.0000000 0.0891057 0.3291410 0.3123522 0.2657946 0.2978291 0.2706356 0.2972127 0.2471561 0.2933171 0.3050568 0.3253821 0.2724967 0.2448157 0.2959450 0.3203999 0.2848674 0.2963453 0.2824191 0.2481401 0.3289927 0.3114957 0.3091103 0.2853763 
Saccharomyces_uvarum                        0.1831056 0.2555157 0.2161535 0.1931145 0.1935958 0.2168342 0.1870516 0.1940447 0.1562213 0.2132126 0.7854047 0.0692025 0.0885354 0.0253737 0.0620783 0.0771724 0.0891057 0.0000000 0.2936693 0.2758625 0.2167232 0.2467007 0.2334757 0.2962947 0.2346799 0.2628315 0.2740615 0.3141445 0.2076346 0.2149240 0.2695943 0.2488577 0.2378678 0.2567879 0.2347765 0.2115676 0.3009876 0.2826261 0.2771063 0.2279911 
Tetrapisispora_blattae                      0.3058564 0.3588783 0.3263695 0.3426724 0.3135994 0.2969112 0.3144976 0.3102641 0.3276416 0.3604814 0.8126184 0.3255036 0.3213271 0.2929151 0.3217480 0.3252637 0.3291410 0.2936693 0.0000000 0.3604641 0.3535446 0.3679642 0.3770917 0.4415313 0.3366508 0.3758309 0.4309140 0.4189160 0.4039798 0.3250001 0.3852676 0.4225329 0.3633740 0.4067181 0.3588461 0.3067228 0.3702665 0.3561472 0.3688012 0.3023735 
Tetrapisispora_phaffii                      0.3230090 0.3597463 0.3237062 0.3079037 0.3460703 0.3308715 0.3434321 0.3428070 0.3188919 0.3442450 0.7445176 0.3046012 0.3026453 0.2799601 0.2937111 0.3026599 0.3123522 0.2758625 0.3604641 0.0000000 0.2551949 0.3649203 0.3024334 0.4025128 0.3056128 0.3285041 0.3859200 0.4469999 0.3597831 0.3132518 0.3433177 0.3560969 0.3141877 0.3989827 0.3199583 0.3182637 0.0899371 0.1037083 0.0688261 0.3129309 
Vanderwaltozyma_polyspora                   0.2503705 0.3307729 0.3332592 0.2616679 0.2834302 0.2862052 0.2627738 0.2770762 0.2543902 0.3369890 0.8421517 0.2508432 0.2559009 0.2190883 0.2341042 0.2508761 0.2657946 0.2167232 0.3535446 0.2551949 0.0000000 0.3106515 0.3412920 0.3668687 0.2873377 0.3526298 0.4332625 0.4105197 0.3303389 0.3209542 0.3310498 0.3150484 0.3507453 0.3510251 0.3534965 0.3150075 0.2924368 0.2571089 0.2904980 0.3179172 
yHAB132_Kazachstania_martiniae              0.2413981 0.2926488 0.1890911 0.1857003 0.2542993 0.2391632 0.2624511 0.2510386 0.2020472 0.2504768 0.8167903 0.2975050 0.2934566 0.2680264 0.2653867 0.2861266 0.2978291 0.2467007 0.3679642 0.3649203 0.3106515 0.0000000 0.2131779 0.3079813 0.2196509 0.2138278 0.2911961 0.3527685 0.2595803 0.2408977 0.2768368 0.3433579 0.2149424 0.2845379 0.2167725 0.2329526 0.3649318 0.3713927 0.3590607 0.3052660 
yHAB133_Kazachstania_unispora               0.2624836 0.2932047 0.2033059 0.2408963 0.2783307 0.2908202 0.2863657 0.2810148 0.2227372 0.2519469 0.8943030 0.2815871 0.2704124 0.2553380 0.2593676 0.2806650 0.2706356 0.2334757 0.3770917 0.3024334 0.3412920 0.2131779 0.0000000 0.3286045 0.2004240 0.0702906 0.2837156 0.3419010 0.2787493 0.1930872 0.2923110 0.3150554 0.0645131 0.2973347 0.0625440 0.1869834 0.3617839 0.3751480 0.3562642 0.3160085 
yHAB134_Kazachstania_turicensis             0.3098137 0.3393568 0.3015807 0.3102649 0.3333991 0.3288449 0.3614350 0.3425310 0.2881129 0.3141676 0.7472752 0.3153674 0.2879372 0.3014097 0.3014651 0.3097397 0.2972127 0.2962947 0.4415313 0.4025128 0.3668687 0.3079813 0.3286045 0.0000000 0.2835721 0.3484585 0.3360285 0.3936432 0.2765092 0.3409768 0.2486898 0.3543476 0.3341459 0.2129398 0.3364211 0.3391440 0.3987306 0.3932875 0.4057318 0.3668044 
yHAB136_Kazachstania_bromeliacearum         0.2358473 0.2714837 0.1641392 0.2375164 0.2592408 0.2775371 0.2608264 0.2582477 0.2174003 0.2483221 0.8004753 0.2463966 0.2448962 0.2349300 0.2414280 0.2604655 0.2471561 0.2346799 0.3366508 0.3056128 0.2873377 0.2196509 0.2004240 0.2835721 0.0000000 0.2165761 0.2822087 0.2809654 0.2656072 0.2192893 0.2792963 0.3339222 0.2096867 0.2720826 0.2180381 0.2166481 0.3264702 0.3044993 0.3260647 0.3002533 
yHAB143_Kazachstania_siamensis              0.2979609 0.3549775 0.2240581 0.2632611 0.3052985 0.2953121 0.3014396 0.3069699 0.2416123 0.2879923 0.8577180 0.3123108 0.2831150 0.2785225 0.2970462 0.2992032 0.2933171 0.2628315 0.3758309 0.3285041 0.3526298 0.2138278 0.0702906 0.3484585 0.2165761 0.0000000 0.2822325 0.3265729 0.3004145 0.2131753 0.2899065 0.3391684 0.0979763 0.3047132 0.0924330 0.2123547 0.3764308 0.3848923 0.3930796 0.3339700 
yHAB147_Kazachstania_taianensis             0.2963394 0.3534204 0.2561376 0.3062457 0.2819773 0.3064149 0.3177896 0.3013702 0.2954604 0.2956412 0.7794091 0.3325101 0.3019623 0.2796176 0.2997144 0.3268524 0.3050568 0.2740615 0.4309140 0.3859200 0.4332625 0.2911961 0.2837156 0.3360285 0.2822087 0.2822325 0.0000000 0.3534801 0.3129841 0.2952973 0.3314176 0.4118250 0.2773141 0.3389787 0.2759904 0.3038468 0.3861994 0.4080430 0.3956611 0.3116096 
yHAB148_Kazachstania_intestinalis           0.3143221 0.3347894 0.2910896 0.3033072 0.3013496 0.3234945 0.3108309 0.3033576 0.3263197 0.3544230 0.7834283 0.3559540 0.3170725 0.3165144 0.3228718 0.3406569 0.3253821 0.3141445 0.4189160 0.4469999 0.4105197 0.3527685 0.3419010 0.3936432 0.2809654 0.3265729 0.3534801 0.0000000 0.3771901 0.3343403 0.3227979 0.3855273 0.3556095 0.3696768 0.3545653 0.3318804 0.4765564 0.4339435 0.4595592 0.4002728 
yHAB153_Kazachstania_rosinii                0.2521916 0.2707604 0.2189847 0.2482184 0.2849819 0.2417666 0.2677476 0.2833008 0.2123275 0.2769043 0.7374822 0.2470732 0.2620184 0.2180691 0.2404596 0.2517632 0.2724967 0.2076346 0.4039798 0.3597831 0.3303389 0.2595803 0.2787493 0.2765092 0.2656072 0.3004145 0.3129841 0.3771901 0.0000000 0.2703793 0.2064296 0.2691528 0.2932810 0.2020481 0.2987908 0.2540709 0.3659645 0.3627569 0.3695228 0.3123278 
yHAB154_Kazachstania_transvaalensis         0.2400537 0.2760234 0.1836788 0.2458128 0.2761349 0.2534996 0.2845878 0.2776821 0.2427498 0.2769088 0.8634502 0.2675693 0.2428764 0.2276095 0.2490987 0.2606572 0.2448157 0.2149240 0.3250001 0.3132518 0.3209542 0.2408977 0.1930872 0.3409768 0.2192893 0.2131753 0.2952973 0.3343403 0.2703793 0.0000000 0.2870987 0.3317902 0.1939699 0.2858078 0.1922395 0.0663240 0.3472698 0.3624830 0.3295431 0.2859552 
yHAB155_Kazachstania_spencerorum            0.2703044 0.2530381 0.2443172 0.2815699 0.2941287 0.2867500 0.3173043 0.3081955 0.2360314 0.2675653 0.7695816 0.3221455 0.2818264 0.2740855 0.2905314 0.2998166 0.2959450 0.2695943 0.3852676 0.3433177 0.3310498 0.2768368 0.2923110 0.2486898 0.2792963 0.2899065 0.3314176 0.3227979 0.2064296 0.2870987 0.0000000 0.2921212 0.2924646 0.2379626 0.2925683 0.2866228 0.3684710 0.3628908 0.3577617 0.2913542 
yHAB158_Kazachstania_viticola               0.3177644 0.2932908 0.3259535 0.2873379 0.3490897 0.3212988 0.3430424 0.3445812 0.2345563 0.2931526 0.7866919 0.3068258 0.3141533 0.2666335 0.2921039 0.3159115 0.3203999 0.2488577 0.4225329 0.3560969 0.3150484 0.3433579 0.3150554 0.3543476 0.3339222 0.3391684 0.4118250 0.3855273 0.2691528 0.3317902 0.2921212 0.0000000 0.3436622 0.3243519 0.3384997 0.3123402 0.3991764 0.3777562 0.3764165 0.3012896 
yHAB159_Kazachstania_solicola               0.2716018 0.3233960 0.2079569 0.2507947 0.2903686 0.3112321 0.2989272 0.2967612 0.2280101 0.2678984 0.8902397 0.2827492 0.2814071 0.2548252 0.2764077 0.2833998 0.2848674 0.2378678 0.3633740 0.3141877 0.3507453 0.2149424 0.0645131 0.3341459 0.2096867 0.0979763 0.2773141 0.3556095 0.2932810 0.1939699 0.2924646 0.3436622 0.0000000 0.3088988 0.0204842 0.1908867 0.3750651 0.3783393 0.3663592 0.2984880 
yHAB160_Kazachstania_kunashirensis          0.2709128 0.2944027 0.2528878 0.2833683 0.2925347 0.2788265 0.3032619 0.2919480 0.2414770 0.2938588 0.8499203 0.2935481 0.2821950 0.2707804 0.2725012 0.2906440 0.2963453 0.2567879 0.4067181 0.3989827 0.3510251 0.2845379 0.2973347 0.2129398 0.2720826 0.3047132 0.3389787 0.3696768 0.2020481 0.2858078 0.2379626 0.3243519 0.3088988 0.0000000 0.3190388 0.2769892 0.3957954 0.3781989 0.3982051 0.3221288 
yHAB164_Kazachstania_aerobia                0.2762578 0.3318521 0.2111354 0.2493892 0.2969200 0.3240978 0.3041297 0.3034314 0.2238980 0.2758422 0.8801034 0.2802460 0.2789322 0.2517620 0.2699961 0.2808955 0.2824191 0.2347765 0.3588461 0.3199583 0.3534965 0.2167725 0.0625440 0.3364211 0.2180381 0.0924330 0.2759904 0.3545653 0.2987908 0.1922395 0.2925683 0.3384997 0.0204842 0.3190388 0.0000000 0.1933720 0.3787310 0.3874631 0.3739008 0.2921721 
yHAB166_Kazachstania_yakushimaensis         0.2751561 0.2755402 0.1724973 0.2442352 0.2781086 0.2757976 0.2895282 0.2835293 0.2513614 0.2891998 0.8579997 0.2672126 0.2515048 0.2265269 0.2571094 0.2592487 0.2481401 0.2115676 0.3067228 0.3182637 0.3150075 0.2329526 0.1869834 0.3391440 0.2166481 0.2123547 0.3038468 0.3318804 0.2540709 0.0663240 0.2866228 0.3123402 0.1908867 0.2769892 0.1933720 0.0000000 0.3568439 0.3622186 0.3466755 0.2868999 
yHMPu5000034875_Tetrapisispora_fleetii      0.3255817 0.3833083 0.3347116 0.3152208 0.3499515 0.3336783 0.3471825 0.3406066 0.3313458 0.3624436 0.7648079 0.3216719 0.3189592 0.3051569 0.3277345 0.3295244 0.3289927 0.3009876 0.3702665 0.0899371 0.2924368 0.3649318 0.3617839 0.3987306 0.3264702 0.3764308 0.3861994 0.4765564 0.3659645 0.3472698 0.3684710 0.3991764 0.3750651 0.3957954 0.3787310 0.3568439 0.0000000 0.1244061 0.0408989 0.3256741 
yHMPu5000034876_Tetrapisispora_iriomotensis 0.2861232 0.3735794 0.3371163 0.2870559 0.3178384 0.3227980 0.3286074 0.3081699 0.3064954 0.3447041 0.7491687 0.2972691 0.3029565 0.2737155 0.2949700 0.3094417 0.3114957 0.2826261 0.3561472 0.1037083 0.2571089 0.3713927 0.3751480 0.3932875 0.3044993 0.3848923 0.4080430 0.4339435 0.3627569 0.3624830 0.3628908 0.3777562 0.3783393 0.3781989 0.3874631 0.3622186 0.1244061 0.0000000 0.1122904 0.3102302 
yHMPu5000034877_Tetrapisispora_namnaonensis 0.3014748 0.3415130 0.3299270 0.3032556 0.3546882 0.3224576 0.3455257 0.3370621 0.3060397 0.3681950 0.7650324 0.3017612 0.3017806 0.2828396 0.3015433 0.3077886 0.3091103 0.2771063 0.3688012 0.0688261 0.2904980 0.3590607 0.3562642 0.4057318 0.3260647 0.3930796 0.3956611 0.4595592 0.3695228 0.3295431 0.3577617 0.3764165 0.3663592 0.3982051 0.3739008 0.3466755 0.0408989 0.1122904 0.0000000 0.3028184 
yHMPu5000035629_Yueomyces_sinensis          0.2446358 0.3423303 0.2834514 0.2792524 0.2624378 0.2996105 0.2760849 0.2758082 0.2538061 0.2943679 0.7303568 0.2744493 0.2711314 0.2327034 0.2588287 0.2844068 0.2853763 0.2279911 0.3023735 0.3129309 0.3179172 0.3052660 0.3160085 0.3668044 0.3002533 0.3339700 0.3116096 0.4002728 0.3123278 0.2859552 0.2913542 0.3012896 0.2984880 0.3221288 0.2921721 0.2868999 0.3256741 0.3102302 0.3028184 0.0000000 
