40
Candida_glabrata                            0.0000000 0.2555977 0.1980086 0.2219785 0.1053508 0.3044909 0.1125513 0.0879112 0.1990357 0.1940089 0.7193020 0.1912979 0.1732911 0.1889422 0.1783644 0.1742636 0.1754860 0.1883570 0.3574957 0.2605464 0.2067880 0.2343764 0.2001087 0.2019259 0.2073511 0.2109664 0.1869148 0.2876280 0.1954517 0.2361242 0.2094370 0.2744589 0.1987293 0.1949000 0.2022349 0.2199043 0.2819991 0.2424018 0.2853840 0.3864417 
Kazachstania_africana                       0.2555977 0.0000000 0.1675794 0.1952168 0.2593819 0.3068621 0.2590387 0.2583320 0.1998772 0.1848129 0.6850416 0.1895646 0.1795441 0.1931965 0.1856602 0.1773214 0.1883374 0.1914509 0.3412149 0.2481365 0.2083611 0.1752625 0.1931956 0.1632197 0.1734686 0.1890306 0.1694063 0.2156556 0.1488417 0.1806075 0.1474767 0.1790605 0.1909766 0.1409362 0.1924581 0.1597361 0.2801786 0.2273515 0.2587056 0.3806320 
Kazachstania_naganishii                     0.1980086 0.1675794 0.0000000 0.1688805 0.2425111 0.3142784 0.2167296 0.2146487 0.1775452 0.1621959 0.6378285 0.1567532 0.1435073 0.1532125 0.1403299 0.1449142 0.1426698 0.1477811 0.3277445 0.2100373 0.1769650 0.1542356 0.1285432 0.1583487 0.1089401 0.1115278 0.1017267 0.1880763 0.1442504 0.1499081 0.1207736 0.1846523 0.1253793 0.1510707 0.1208440 0.1313161 0.2287017 0.2076695 0.2396484 0.3236654 
Nakaseomyces_bacillisporus                  0.2219785 0.1952168 0.1688805 0.0000000 0.2373065 0.2703154 0.2535301 0.2363912 0.1793610 0.1742160 0.6482130 0.1649320 0.1702624 0.1723174 0.1734412 0.1659703 0.1661400 0.1721175 0.3307443 0.2165598 0.1594988 0.1611343 0.1947643 0.1895601 0.1778950 0.1999742 0.1983229 0.2476723 0.1767098 0.2021991 0.1754935 0.1960689 0.2055005 0.1764130 0.2061651 0.1863525 0.2411713 0.2081786 0.2299351 0.3160398 
Nakaseomyces_bracarensis                    0.1053508 0.2593819 0.2425111 0.2373065 0.0000000 0.3464683 0.0921980 0.0554192 0.2209492 0.2162341 0.7335575 0.2168590 0.2213517 0.2179179 0.2199094 0.2193858 0.2204663 0.2185382 0.3533364 0.2536145 0.1946398 0.2353651 0.2072197 0.2113130 0.2172902 0.2247208 0.2084270 0.3236322 0.2385282 0.2403190 0.2232242 0.3034324 0.2025979 0.2187066 0.2054863 0.2266233 0.2759666 0.2362533 0.2650592 0.3856687 
Nakaseomyces_castellii                      0.3044909 0.3068621 0.3142784 0.2703154 0.3464683 0.0000000 0.3399866 0.3109627 0.2944299 0.3165731 0.5873769 0.2794152 0.2893224 0.2883774 0.2704806 0.2824335 0.2926515 0.2862295 0.3364156 0.3328683 0.2497559 0.2911988 0.3183091 0.2896680 0.2994385 0.3082040 0.3039070 0.3389857 0.3272784 0.3205327 0.3241232 0.3562335 0.3130236 0.2937029 0.3136419 0.3370231 0.3643025 0.2926356 0.3549961 0.3872727 
Nakaseomyces_delphensis                     0.1125513 0.2590387 0.2167296 0.2535301 0.0921980 0.3399866 0.0000000 0.0669408 0.2204933 0.2078844 0.6924562 0.1898977 0.1942896 0.1888129 0.1961639 0.1917545 0.1913309 0.1895457 0.3232653 0.2556583 0.2069400 0.2330722 0.2077162 0.1999112 0.2158747 0.2254818 0.2126340 0.3221663 0.2339603 0.2541544 0.2141688 0.2841706 0.2024484 0.2229579 0.1991984 0.2386908 0.2882979 0.2538544 0.2899319 0.3886159 
Nakaseomyces_nivariensis                    0.0879112 0.2583320 0.2146487 0.2363912 0.0554192 0.3109627 0.0669408 0.0000000 0.2133186 0.2165351 0.6880048 0.1984502 0.1975878 0.1972304 0.2028275 0.1966114 0.1968041 0.1973799 0.3229556 0.2510104 0.1965808 0.2449948 0.1948507 0.1970732 0.2185186 0.2072079 0.2057161 0.3166703 0.2275210 0.2439757 0.2016750 0.2956720 0.1923197 0.2115396 0.1857156 0.2358869 0.2737791 0.2357906 0.2741501 0.3568814 
Naumovozyma_castellii                       0.1990357 0.1998772 0.1775452 0.1793610 0.2209492 0.2944299 0.2204933 0.2133186 0.0000000 0.1535818 0.6361300 0.1824056 0.1867818 0.1959934 0.1955140 0.1845742 0.1912540 0.1880446 0.2786625 0.2400033 0.2046412 0.1953644 0.2013472 0.1864369 0.1786894 0.2022797 0.1746927 0.2341190 0.1678747 0.2116833 0.1495034 0.2384125 0.2048535 0.1844575 0.2070401 0.1958764 0.2572445 0.2397061 0.2487561 0.3321457 
Naumovozyma_dairenensis                     0.1940089 0.1848129 0.1621959 0.1742160 0.2162341 0.3165731 0.2078844 0.2165351 0.1535818 0.0000000 0.6182033 0.1617239 0.1615547 0.1610193 0.1665084 0.1728694 0.1705727 0.1567547 0.3276633 0.1977293 0.1602796 0.1634415 0.1754806 0.1891240 0.1503512 0.1700708 0.1677157 0.2421880 0.1888672 0.1872669 0.1633364 0.2084729 0.1798368 0.1707997 0.1860741 0.1722816 0.2176379 0.1958415 0.2125909 0.3153085 
Neurospora_crassa                           0.7193020 0.6850416 0.6378285 0.6482130 0.7335575 0.5873769 0.6924562 0.6880048 0.6361300 0.6182033 0.0000000 0.6385246 0.6652219 0.6575292 0.6432087 0.6678712 0.6539616 0.6586608 0.6998760 0.7036829 0.6202277 0.7227363 0.6467620 0.6533139 0.6590384 0.6466665 0.6272857 0.6827896 0.6264798 0.6759174 0.6111654 0.7213853 0.6461478 0.7019292 0.6480274 0.7268369 0.6794044 0.6470698 0.7005030 0.7679796 
Saccharomyces_arboricola                    0.1912979 0.1895646 0.1567532 0.1649320 0.2168590 0.2794152 0.1898977 0.1984502 0.1824056 0.1617239 0.6385246 0.0000000 0.0279368 0.0345866 0.0412459 0.0344045 0.0324498 0.0321908 0.3274255 0.2005238 0.1419497 0.1463309 0.1571075 0.1491242 0.1380754 0.1543072 0.1511061 0.2266122 0.1583118 0.1565575 0.1460536 0.2183094 0.1545592 0.1539453 0.1432537 0.1546087 0.2212693 0.1804014 0.2122721 0.3695746 
Saccharomyces_cerevisiae                    0.1732911 0.1795441 0.1435073 0.1702624 0.2213517 0.2893224 0.1942896 0.1975878 0.1867818 0.1615547 0.6652219 0.0279368 0.0000000 0.0282180 0.0329085 0.0130071 0.0125987 0.0236308 0.3228605 0.1962147 0.1571260 0.1505459 0.1531720 0.1505688 0.1302049 0.1452972 0.1382781 0.2142411 0.1525761 0.1512103 0.1506525 0.2218597 0.1593642 0.1422220 0.1514205 0.1557597 0.2109023 0.1764715 0.2039505 0.3616422 
Saccharomyces_eubayanus                     0.1889422 0.1931965 0.1532125 0.1723174 0.2179179 0.2883774 0.1888129 0.1972304 0.1959934 0.1610193 0.6575292 0.0345866 0.0282180 0.0000000 0.0339688 0.0348194 0.0301669 0.0130266 0.3227702 0.1923152 0.1450222 0.1527411 0.1669762 0.1533261 0.1438068 0.1572779 0.1457742 0.2181344 0.1715393 0.1680931 0.1640304 0.2227646 0.1569014 0.1497258 0.1500442 0.1686805 0.2175273 0.1701384 0.2047270 0.3576402 
Saccharomyces_kudriavzevii                  0.1783644 0.1856602 0.1403299 0.1734412 0.2199094 0.2704806 0.1961639 0.2028275 0.1955140 0.1665084 0.6432087 0.0412459 0.0329085 0.0339688 0.0000000 0.0372797 0.0303659 0.0363951 0.3091706 0.1988103 0.1511141 0.1529695 0.1638003 0.1592346 0.1389352 0.1518589 0.1433283 0.2218765 0.1667340 0.1631256 0.1702576 0.2338932 0.1616215 0.1667863 0.1608802 0.1638169 0.2212680 0.1760651 0.2178215 0.3541088 
Saccharomyces_mikatae                       0.1742636 0.1773214 0.1449142 0.1659703 0.2193858 0.2824335 0.1917545 0.1966114 0.1845742 0.1728694 0.6678712 0.0344045 0.0130071 0.0348194 0.0372797 0.0000000 0.0232362 0.0335361 0.3233534 0.1987516 0.1565472 0.1516551 0.1592837 0.1483177 0.1359003 0.1505259 0.1430948 0.2199049 0.1510657 0.1416337 0.1504390 0.2223196 0.1655052 0.1468262 0.1575443 0.1529132 0.2273676 0.1782795 0.2203056 0.3593383 
Saccharomyces_paradoxus                     0.1754860 0.1883374 0.1426698 0.1661400 0.2204663 0.2926515 0.1913309 0.1968041 0.1912540 0.1705727 0.6539616 0.0324498 0.0125987 0.0301669 0.0303659 0.0232362 0.0000000 0.0303633 0.3194048 0.2111973 0.1515274 0.1488568 0.1587235 0.1478985 0.1404612 0.1507007 0.1396005 0.2159905 0.1547626 0.1612494 0.1571800 0.2232489 0.1541559 0.1523683 0.1501681 0.1643605 0.2310812 0.1838292 0.2238721 0.3751958 
Saccharomyces_uvarum                        0.1883570 0.1914509 0.1477811 0.1721175 0.2185382 0.2862295 0.1895457 0.1973799 0.1880446 0.1567547 0.6586608 0.0321908 0.0236308 0.0130266 0.0363951 0.0335361 0.0303633 0.0000000 0.3120806 0.1895513 0.1497396 0.1500963 0.1608348 0.1505483 0.1343049 0.1517716 0.1420873 0.2168172 0.1683372 0.1631654 0.1586066 0.2230687 0.1571538 0.1510554 0.1473650 0.1644305 0.2151711 0.1753501 0.2081531 0.3501793 
Tetrapisispora_blattae                      0.3574957 0.3412149 0.3277445 0.3307443 0.3533364 0.3364156 0.3232653 0.3229556 0.2786625 0.3276633 0.6998760 0.3274255 0.3228605 0.3227702 0.3091706 0.3233534 0.3194048 0.3120806 0.0000000 0.3111454 0.2980288 0.3118116 0.3374813 0.3410396 0.3012936 0.3394089 0.3406524 0.4049508 0.3116798 0.3152428 0.3279290 0.3486292 0.3258513 0.3163594 0.3365022 0.3191083 0.3384614 0.2929453 0.3429351 0.2677908 
Tetrapisispora_phaffii                      0.2605464 0.2481365 0.2100373 0.2165598 0.2536145 0.3328683 0.2556583 0.2510104 0.2400033 0.1977293 0.7036829 0.2005238 0.1962147 0.1923152 0.1988103 0.1987516 0.2111973 0.1895513 0.3111454 0.0000000 0.1637025 0.2375845 0.2125494 0.2277965 0.1800071 0.2112512 0.2097680 0.2897441 0.2301119 0.2318498 0.2128583 0.2460639 0.2027479 0.2270439 0.2069040 0.2147432 0.0676396 0.0916276 0.0560732 0.3233656 
Vanderwaltozyma_polyspora                   0.2067880 0.2083611 0.1769650 0.1594988 0.1946398 0.2497559 0.2069400 0.1965808 0.2046412 0.1602796 0.6202277 0.1419497 0.1571260 0.1450222 0.1511141 0.1565472 0.1515274 0.1497396 0.2980288 0.1637025 0.0000000 0.1926183 0.1871152 0.2027998 0.1564345 0.1885209 0.1783855 0.2841583 0.2125535 0.2041393 0.1920008 0.2460732 0.1747270 0.1992952 0.1771365 0.1934421 0.1706173 0.1437555 0.1712034 0.3060782 
yHAB132_Kazachstania_martiniae              0.2343764 0.1752625 0.1542356 0.1611343 0.2353651 0.2911988 0.2330722 0.2449948 0.1953644 0.1634415 0.7227363 0.1463309 0.1505459 0.1527411 0.1529695 0.1516551 0.1488568 0.1500963 0.3118116 0.2375845 0.1926183 0.0000000 0.1405795 0.1346757 0.1276963 0.1349943 0.1536173 0.1729796 0.1482524 0.1699345 0.1341578 0.1877852 0.1427494 0.1235167 0.1398301 0.1492182 0.2576632 0.2275014 0.2603482 0.3286608 
yHAB133_Kazachstania_unispora               0.2001087 0.1931956 0.1285432 0.1947643 0.2072197 0.3183091 0.2077162 0.1948507 0.2013472 0.1754806 0.6467620 0.1571075 0.1531720 0.1669762 0.1638003 0.1592837 0.1587235 0.1608348 0.3374813 0.2125494 0.1871152 0.1405795 0.0000000 0.1498841 0.0910998 0.0370567 0.0919985 0.2029299 0.1608899 0.1541369 0.1329686 0.1985506 0.0348001 0.1373770 0.0350300 0.1435347 0.2245713 0.2059852 0.2210484 0.3474973 
yHAB134_Kazachstania_turicensis             0.2019259 0.1632197 0.1583487 0.1895601 0.2113130 0.2896680 0.1999112 0.1970732 0.1864369 0.1891240 0.6533139 0.1491242 0.1505688 0.1533261 0.1592346 0.1483177 0.1478985 0.1505483 0.3410396 0.2277965 0.2027998 0.1346757 0.1498841 0.0000000 0.1362117 0.1555785 0.1433080 0.2074244 0.1384029 0.1823480 0.1121445 0.1948255 0.1396348 0.1031096 0.1392783 0.1625722 0.2637850 0.2236463 0.2554255 0.3691808 
yHAB136_Kazachstania_bromeliacearum         0.2073511 0.1734686 0.1089401 0.1778950 0.2172902 0.2994385 0.2158747 0.2185186 0.1786894 0.1503512 0.6590384 0.1380754 0.1302049 0.1438068 0.1389352 0.1359003 0.1404612 0.1343049 0.3012936 0.1800071 0.1564345 0.1276963 0.0910998 0.1362117 0.0000000 0.0945891 0.0877805 0.2019906 0.1343458 0.1313259 0.1193570 0.1992152 0.0954727 0.1385810 0.0989171 0.1230427 0.2038031 0.1687317 0.2041323 0.3289840 
yHAB143_Kazachstania_siamensis              0.2109664 0.1890306 0.1115278 0.1999742 0.2247208 0.3082040 0.2254818 0.2072079 0.2022797 0.1700708 0.6466665 0.1543072 0.1452972 0.1572779 0.1518589 0.1505259 0.1507007 0.1517716 0.3394089 0.2112512 0.1885209 0.1349943 0.0370567 0.1555785 0.0945891 0.0000000 0.0743088 0.2018280 0.1699613 0.1571190 0.1354395 0.2008850 0.0554192 0.1466232 0.0492522 0.1458374 0.2278674 0.1878720 0.2233322 0.3320696 
yHAB147_Kazachstania_taianensis             0.1869148 0.1694063 0.1017267 0.1983229 0.2084270 0.3039070 0.2126340 0.2057161 0.1746927 0.1677157 0.6272857 0.1511061 0.1382781 0.1457742 0.1433283 0.1430948 0.1396005 0.1420873 0.3406524 0.2097680 0.1783855 0.1536173 0.0919985 0.1433080 0.0877805 0.0743088 0.0000000 0.1918849 0.1461751 0.1411844 0.1187038 0.2072102 0.0906565 0.1325017 0.0902970 0.1300799 0.2280116 0.1739773 0.2315810 0.2968397 
yHAB148_Kazachstania_intestinalis           0.2876280 0.2156556 0.1880763 0.2476723 0.3236322 0.3389857 0.3221663 0.3166703 0.2341190 0.2421880 0.6827896 0.2266122 0.2142411 0.2181344 0.2218765 0.2199049 0.2159905 0.2168172 0.4049508 0.2897441 0.2841583 0.1729796 0.2029299 0.2074244 0.2019906 0.2018280 0.1918849 0.0000000 0.1878846 0.2247377 0.2090285 0.2454140 0.2057206 0.1763790 0.1984201 0.2239346 0.3246400 0.2423178 0.3061520 0.3770451 
yHAB153_Kazachstania_rosinii                0.1954517 0.1488417 0.1442504 0.1767098 0.2385282 0.3272784 0.2339603 0.2275210 0.1678747 0.1888672 0.6264798 0.1583118 0.1525761 0.1715393 0.1667340 0.1510657 0.1547626 0.1683372 0.3116798 0.2301119 0.2125535 0.1482524 0.1608899 0.1384029 0.1343458 0.1699613 0.1461751 0.1878846 0.0000000 0.1774043 0.1206697 0.1800642 0.1643176 0.1308695 0.1593174 0.1546425 0.2326248 0.2290657 0.2280241 0.3598263 
yHAB154_Kazachstania_transvaalensis         0.2361242 0.1806075 0.1499081 0.2021991 0.2403190 0.3205327 0.2541544 0.2439757 0.2116833 0.1872669 0.6759174 0.1565575 0.1512103 0.1680931 0.1631256 0.1416337 0.1612494 0.1631654 0.3152428 0.2318498 0.2041393 0.1699345 0.1541369 0.1823480 0.1313259 0.1571190 0.1411844 0.2247377 0.1774043 0.0000000 0.1694309 0.1972297 0.1655285 0.1566591 0.1661488 0.0761176 0.2642113 0.2069954 0.2631593 0.2921653 
yHAB155_Kazachstania_spencerorum            0.2094370 0.1474767 0.1207736 0.1754935 0.2232242 0.3241232 0.2141688 0.2016750 0.1495034 0.1633364 0.6111654 0.1460536 0.1506525 0.1640304 0.1702576 0.1504390 0.1571800 0.1586066 0.3279290 0.2128583 0.1920008 0.1341578 0.1329686 0.1121445 0.1193570 0.1354395 0.1187038 0.2090285 0.1206697 0.1694309 0.0000000 0.1789629 0.1441317 0.0957257 0.1403605 0.1556568 0.2329180 0.2185043 0.2394728 0.3574521 
yHAB158_Kazachstania_viticola               0.2744589 0.1790605 0.1846523 0.1960689 0.3034324 0.3562335 0.2841706 0.2956720 0.2384125 0.2084729 0.7213853 0.2183094 0.2218597 0.2227646 0.2338932 0.2223196 0.2232489 0.2230687 0.3486292 0.2460639 0.2460732 0.1877852 0.1985506 0.1948255 0.1992152 0.2008850 0.2072102 0.2454140 0.1800642 0.1972297 0.1789629 0.0000000 0.2008220 0.1708692 0.2008405 0.1807152 0.2850497 0.2530926 0.2735017 0.3517355 
yHAB159_Kazachstania_solicola               0.1987293 0.1909766 0.1253793 0.2055005 0.2025979 0.3130236 0.2024484 0.1923197 0.2048535 0.1798368 0.6461478 0.1545592 0.1593642 0.1569014 0.1616215 0.1655052 0.1541559 0.1571538 0.3258513 0.2027479 0.1747270 0.1427494 0.0348001 0.1396348 0.0954727 0.0554192 0.0906565 0.2057206 0.1643176 0.1655285 0.1441317 0.2008220 0.0000000 0.1507539 0.0175359 0.1583917 0.2127705 0.2061987 0.2176317 0.3512969 
yHAB160_Kazachstania_kunashirensis          0.1949000 0.1409362 0.1510707 0.1764130 0.2187066 0.2937029 0.2229579 0.2115396 0.1844575 0.1707997 0.7019292 0.1539453 0.1422220 0.1497258 0.1667863 0.1468262 0.1523683 0.1510554 0.3163594 0.2270439 0.1992952 0.1235167 0.1373770 0.1031096 0.1385810 0.1466232 0.1325017 0.1763790 0.1308695 0.1566591 0.0957257 0.1708692 0.1507539 0.0000000 0.1539197 0.1416303 0.2538003 0.2420895 0.2504404 0.3594768 
yHAB164_Kazachstania_aerobia                0.2022349 0.1924581 0.1208440 0.2061651 0.2054863 0.3136419 0.1991984 0.1857156 0.2070401 0.1860741 0.6480274 0.1432537 0.1514205 0.1500442 0.1608802 0.1575443 0.1501681 0.1473650 0.3365022 0.2069040 0.1771365 0.1398301 0.0350300 0.1392783 0.0989171 0.0492522 0.0902970 0.1984201 0.1593174 0.1661488 0.1403605 0.2008405 0.0175359 0.1539197 0.0000000 0.1608427 0.2213976 0.2045437 0.2251710 0.3449856 
yHAB166_Kazachstania_yakushimaensis         0.2199043 0.1597361 0.1313161 0.1863525 0.2266233 0.3370231 0.2386908 0.2358869 0.1958764 0.1722816 0.7268369 0.1546087 0.1557597 0.1686805 0.1638169 0.1529132 0.1643605 0.1644305 0.3191083 0.2147432 0.1934421 0.1492182 0.1435347 0.1625722 0.1230427 0.1458374 0.1300799 0.2239346 0.1546425 0.0761176 0.1556568 0.1807152 0.1583917 0.1416303 0.1608427 0.0000000 0.2502509 0.1920666 0.2455204 0.3340542 
yHMPu5000034875_Tetrapisispora_fleetii      0.2819991 0.2801786 0.2287017 0.2411713 0.2759666 0.3643025 0.2882979 0.2737791 0.2572445 0.2176379 0.6794044 0.2212693 0.2109023 0.2175273 0.2212680 0.2273676 0.2310812 0.2151711 0.3384614 0.0676396 0.1706173 0.2576632 0.2245713 0.2637850 0.2038031 0.2278674 0.2280116 0.3246400 0.2326248 0.2642113 0.2329180 0.2850497 0.2127705 0.2538003 0.2213976 0.2502509 0.0000000 0.1079296 0.0294136 0.3605347 
yHMPu5000034876_Tetrapisispora_iriomotensis 0.2424018 0.2273515 0.2076695 0.2081786 0.2362533 0.2926356 0.2538544 0.2357906 0.2397061 0.1958415 0.6470698 0.1804014 0.1764715 0.1701384 0.1760651 0.1782795 0.1838292 0.1753501 0.2929453 0.0916276 0.1437555 0.2275014 0.2059852 0.2236463 0.1687317 0.1878720 0.1739773 0.2423178 0.2290657 0.2069954 0.2185043 0.2530926 0.2061987 0.2420895 0.2045437 0.1920666 0.1079296 0.0000000 0.0990114 0.3236522 
yHMPu5000034877_Tetrapisispora_namnaonensis 0.2853840 0.2587056 0.2396484 0.2299351 0.2650592 0.3549961 0.2899319 0.2741501 0.2487561 0.2125909 0.7005030 0.2122721 0.2039505 0.2047270 0.2178215 0.2203056 0.2238721 0.2081531 0.3429351 0.0560732 0.1712034 0.2603482 0.2210484 0.2554255 0.2041323 0.2233322 0.2315810 0.3061520 0.2280241 0.2631593 0.2394728 0.2735017 0.2176317 0.2504404 0.2251710 0.2455204 0.0294136 0.0990114 0.0000000 0.3598388 
yHMPu5000035629_Yueomyces_sinensis          0.3864417 0.3806320 0.3236654 0.3160398 0.3856687 0.3872727 0.3886159 0.3568814 0.3321457 0.3153085 0.7679796 0.3695746 0.3616422 0.3576402 0.3541088 0.3593383 0.3751958 0.3501793 0.2677908 0.3233656 0.3060782 0.3286608 0.3474973 0.3691808 0.3289840 0.3320696 0.2968397 0.3770451 0.3598263 0.2921653 0.3574521 0.3517355 0.3512969 0.3594768 0.3449856 0.3340542 0.3605347 0.3236522 0.3598388 0.0000000 
