40
Candida_glabrata                            0.0000000 0.0847707 0.1719951 0.1019370 0.0242958 0.1064735 0.0410633 0.0136030 0.0637206 0.0530736 0.3451244 0.0797414 0.0809334 0.0816032 0.0830826 0.0792051 0.0792051 0.0820309 0.1086910 0.1118160 0.0804244 0.0690398 0.0861107 0.0870197 0.0849564 0.0731292 0.1272508 0.0918291 0.0788060 0.1476810 0.1003055 0.0937676 0.0854918 0.0945450 0.0882528 0.1490515 0.1078150 0.0959606 0.1050465 0.1005933 
Kazachstania_africana                       0.0847707 0.0000000 0.1471976 0.1207753 0.0939167 0.1298150 0.0936881 0.0824292 0.0881003 0.0837791 0.3592988 0.0738299 0.0782561 0.0765272 0.0824653 0.0782989 0.0782989 0.0769402 0.1125183 0.1135988 0.1005916 0.0910657 0.0747383 0.0887014 0.0916722 0.0748398 0.1265819 0.0997223 0.0795380 0.1432429 0.0991887 0.0764311 0.0850407 0.0959046 0.0797236 0.1392230 0.1087207 0.0990423 0.1085997 0.1202125 
Kazachstania_naganishii                     0.1719951 0.1471976 0.0000000 0.1543130 0.1840770 0.1983441 0.1924781 0.1741973 0.1571483 0.1579246 0.3847001 0.1460660 0.1481153 0.1492217 0.1478274 0.1501505 0.1501505 0.1494109 0.2050651 0.1826197 0.1631389 0.1536238 0.1551904 0.1638346 0.1704047 0.1632240 0.2051973 0.1763207 0.1599621 0.1870292 0.1743961 0.1648418 0.1614341 0.1910842 0.1619179 0.1937470 0.1800758 0.1806782 0.1804199 0.2081125 
Nakaseomyces_bacillisporus                  0.1019370 0.1207753 0.1543130 0.0000000 0.1057656 0.1281810 0.1016782 0.1030757 0.0901806 0.1010919 0.3589737 0.0919997 0.0962134 0.0939841 0.0963026 0.0938587 0.0938587 0.0931662 0.1332803 0.1385334 0.1258796 0.1101254 0.1062164 0.1150122 0.1140884 0.1135188 0.1572002 0.1241169 0.1049776 0.1622077 0.1171332 0.1113751 0.1057599 0.1245059 0.1068258 0.1593967 0.1385715 0.1482135 0.1374244 0.1453138 
Nakaseomyces_bracarensis                    0.0242958 0.0939167 0.1840770 0.1057656 0.0000000 0.1138499 0.0337278 0.0119747 0.0605266 0.0612942 0.3355202 0.0833272 0.0829476 0.0834815 0.0867213 0.0812156 0.0812156 0.0839232 0.1071244 0.1164323 0.0916052 0.0664151 0.0828747 0.0940252 0.0909663 0.0808373 0.1423840 0.0919397 0.0773054 0.1568781 0.1040387 0.0957691 0.0846158 0.0936756 0.0892779 0.1589864 0.1087594 0.0989871 0.1060195 0.1019796 
Nakaseomyces_castellii                      0.1064735 0.1298150 0.1983441 0.1281810 0.1138499 0.0000000 0.1229991 0.1091560 0.1165174 0.1052905 0.3690905 0.1135624 0.1127609 0.1105741 0.1190274 0.1111089 0.1111089 0.1130884 0.1382506 0.1594262 0.1329246 0.1184747 0.1207198 0.1130418 0.1439408 0.1160355 0.1729543 0.1350469 0.1010810 0.1822184 0.1260919 0.1235682 0.1232449 0.1192978 0.1272125 0.2015126 0.1534678 0.1468980 0.1492976 0.1392703 
Nakaseomyces_delphensis                     0.0410633 0.0936881 0.1924781 0.1016782 0.0337278 0.1229991 0.0000000 0.0301726 0.0670189 0.0740480 0.3603731 0.0854141 0.0893804 0.0873910 0.0931619 0.0876556 0.0876556 0.0878404 0.1039902 0.1181638 0.1058082 0.0756537 0.0893643 0.1001782 0.0966491 0.0851696 0.1404509 0.0996325 0.0890637 0.1582025 0.1099686 0.0984396 0.0851230 0.1006470 0.0898610 0.1557035 0.1148136 0.1087804 0.1115718 0.1122217 
Nakaseomyces_nivariensis                    0.0136030 0.0824292 0.1741973 0.1030757 0.0119747 0.1091560 0.0301726 0.0000000 0.0557672 0.0487921 0.3339041 0.0756331 0.0752746 0.0774402 0.0789822 0.0735589 0.0735589 0.0778573 0.1034039 0.1114916 0.0850881 0.0581525 0.0822658 0.0820254 0.0843359 0.0670015 0.1305291 0.0835763 0.0708402 0.1468634 0.0969960 0.0889933 0.0816718 0.0841761 0.0844087 0.1491748 0.1062771 0.0922990 0.1035445 0.0964918 
Naumovozyma_castellii                       0.0637206 0.0881003 0.1571483 0.0901806 0.0605266 0.1165174 0.0670189 0.0557672 0.0000000 0.0508837 0.3303956 0.0580026 0.0613569 0.0552209 0.0664757 0.0603531 0.0603531 0.0559218 0.1097337 0.1069390 0.0859151 0.0564554 0.0689097 0.0755980 0.0861283 0.0745316 0.1312370 0.0958203 0.0674837 0.1545287 0.1004396 0.0875316 0.0759141 0.0865713 0.0788133 0.1684721 0.0956254 0.0970165 0.0978944 0.0934395 
Naumovozyma_dairenensis                     0.0530736 0.0837791 0.1579246 0.1010919 0.0612942 0.1052905 0.0740480 0.0487921 0.0508837 0.0000000 0.3419557 0.0592882 0.0637304 0.0630395 0.0656852 0.0615735 0.0615735 0.0624868 0.1088489 0.1057085 0.0819724 0.0637424 0.0884141 0.0740015 0.0885422 0.0774351 0.1358628 0.0868161 0.0658771 0.1613785 0.0896772 0.0811136 0.0891551 0.0826328 0.0881718 0.1657047 0.1031927 0.0976531 0.0975249 0.1072770 
Neurospora_crassa                           0.3451244 0.3592988 0.3847001 0.3589737 0.3355202 0.3690905 0.3603731 0.3339041 0.3303956 0.3419557 0.0000000 0.3274092 0.3314110 0.3286001 0.3310710 0.3271313 0.3271313 0.3258044 0.3510216 0.3803745 0.3729928 0.3388383 0.3478880 0.3305218 0.3795413 0.3519158 0.3891598 0.3709327 0.3431976 0.3972325 0.3533655 0.3331449 0.3485183 0.3865643 0.3487340 0.4103240 0.3620326 0.3602796 0.3607016 0.3465587 
Saccharomyces_arboricola                    0.0797414 0.0738299 0.1460660 0.0919997 0.0833272 0.1135624 0.0854141 0.0756331 0.0580026 0.0592882 0.3274092 0.0000000 0.0083644 0.0154225 0.0118569 0.0050049 0.0050049 0.0136540 0.0945681 0.1099745 0.0854579 0.0833740 0.0810354 0.0786363 0.0879277 0.0800685 0.1322315 0.1029490 0.0752285 0.1460483 0.0829336 0.0688117 0.0814815 0.0907107 0.0820374 0.1516809 0.1039755 0.1110948 0.1064499 0.1033119 
Saccharomyces_cerevisiae                    0.0809334 0.0782561 0.1481153 0.0962134 0.0829476 0.1127609 0.0893804 0.0752746 0.0613569 0.0637304 0.3314110 0.0083644 0.0000000 0.0188303 0.0135464 0.0033246 0.0033246 0.0188446 0.0910354 0.1124433 0.0873851 0.0820354 0.0838763 0.0791184 0.0891372 0.0834613 0.1343101 0.1053079 0.0738215 0.1438591 0.0860792 0.0734473 0.0843353 0.0899327 0.0848586 0.1527881 0.1020113 0.1135222 0.1044852 0.0993189 
Saccharomyces_eubayanus                     0.0816032 0.0765272 0.1492217 0.0939841 0.0834815 0.1105741 0.0873910 0.0774402 0.0552209 0.0630395 0.3286001 0.0154225 0.0188303 0.0000000 0.0230383 0.0171554 0.0171554 0.0016709 0.1032416 0.1179308 0.0965015 0.0807097 0.0785473 0.0834921 0.0917717 0.0835074 0.1375506 0.0928063 0.0806892 0.1524952 0.0897146 0.0789873 0.0789934 0.0998292 0.0818275 0.1591652 0.1068144 0.1080257 0.1073646 0.1100765 
Saccharomyces_kudriavzevii                  0.0830826 0.0824653 0.1478274 0.0963026 0.0867213 0.1190274 0.0931619 0.0789822 0.0664757 0.0656852 0.3310710 0.0118569 0.0135464 0.0230383 0.0000000 0.0101331 0.0101331 0.0211895 0.0977564 0.1154389 0.0851586 0.0901859 0.0880664 0.0829876 0.0948608 0.0877870 0.1394426 0.1032979 0.0776934 0.1492499 0.0896242 0.0783129 0.0906152 0.0980794 0.0867698 0.1552862 0.1071717 0.1188449 0.1096806 0.1081423 
Saccharomyces_mikatae                       0.0792051 0.0782989 0.1501505 0.0938587 0.0812156 0.1111089 0.0876556 0.0735589 0.0603531 0.0615735 0.3271313 0.0050049 0.0033246 0.0171554 0.0101331 0.0000000 0.0000010 0.0153784 0.0909523 0.1098627 0.0850148 0.0838475 0.0838976 0.0784988 0.0884333 0.0828786 0.1355906 0.1053434 0.0738372 0.1459360 0.0870441 0.0728705 0.0843569 0.0891996 0.0848802 0.1548546 0.0995526 0.1109867 0.1020101 0.1017140 
Saccharomyces_paradoxus                     0.0792051 0.0782989 0.1501505 0.0938587 0.0812156 0.1111089 0.0876556 0.0735589 0.0603531 0.0615735 0.3271313 0.0050049 0.0033246 0.0171554 0.0101331 0.0000010 0.0000000 0.0153784 0.0909523 0.1098627 0.0850148 0.0838475 0.0838976 0.0784988 0.0884333 0.0828786 0.1355906 0.1053434 0.0738372 0.1459360 0.0870441 0.0728705 0.0843569 0.0891996 0.0848802 0.1548546 0.0995526 0.1109867 0.1020101 0.1017140 
Saccharomyces_uvarum                        0.0820309 0.0769402 0.1494109 0.0931662 0.0839232 0.1130884 0.0878404 0.0778573 0.0559218 0.0624868 0.3258044 0.0136540 0.0188446 0.0016709 0.0211895 0.0153784 0.0153784 0.0000000 0.1009107 0.1177325 0.0963471 0.0807902 0.0808769 0.0833598 0.0916230 0.0848053 0.1388719 0.0952047 0.0829859 0.1523443 0.0907215 0.0788611 0.0813325 0.0996597 0.0841516 0.1590082 0.1066414 0.1078496 0.1071898 0.1125844 
Tetrapisispora_blattae                      0.1086910 0.1125183 0.2050651 0.1332803 0.1071244 0.1382506 0.1039902 0.1034039 0.1097337 0.1088489 0.3510216 0.0945681 0.0910354 0.1032416 0.0977564 0.0909523 0.0909523 0.1009107 0.0000000 0.1168903 0.0965619 0.0989932 0.1010705 0.1122699 0.1199990 0.1026714 0.1642039 0.1316559 0.1088679 0.1630012 0.1355060 0.1062741 0.1021792 0.1102467 0.1015715 0.1743975 0.1076862 0.1149221 0.1042016 0.0667173 
Tetrapisispora_phaffii                      0.1118160 0.1135988 0.1826197 0.1385334 0.1164323 0.1594262 0.1181638 0.1114916 0.1069390 0.1057085 0.3803745 0.1099745 0.1124433 0.1179308 0.1154389 0.1098627 0.1098627 0.1177325 0.1168903 0.0000000 0.0746000 0.1095715 0.0993452 0.0943423 0.1046044 0.1037123 0.1249993 0.1175490 0.1150085 0.1722530 0.1242853 0.1027958 0.1064775 0.1191483 0.1031693 0.1813540 0.0278512 0.0380914 0.0335899 0.1200659 
Vanderwaltozyma_polyspora                   0.0804244 0.1005916 0.1631389 0.1258796 0.0916052 0.1329246 0.1058082 0.0850881 0.0859151 0.0819724 0.3729928 0.0854579 0.0873851 0.0965015 0.0851586 0.0850148 0.0850148 0.0963471 0.0965619 0.0746000 0.0000000 0.1047890 0.0887658 0.0983127 0.1085060 0.0800632 0.1455147 0.1309233 0.0971832 0.1651135 0.1115996 0.0846920 0.0898744 0.1044637 0.0925231 0.1708270 0.0644748 0.0628955 0.0628240 0.0819165 
yHAB132_Kazachstania_martiniae              0.0690398 0.0910657 0.1536238 0.1101254 0.0664151 0.1184747 0.0756537 0.0581525 0.0564554 0.0637424 0.3388383 0.0833740 0.0820354 0.0807097 0.0901859 0.0838475 0.0838475 0.0807902 0.0989932 0.1095715 0.1047890 0.0000000 0.0605239 0.0518863 0.0621696 0.0619023 0.1366345 0.0738014 0.0583068 0.1473631 0.0899908 0.0823084 0.0645802 0.0628745 0.0664014 0.1606887 0.1071115 0.0932911 0.1000806 0.1079637 
yHAB133_Kazachstania_unispora               0.0861107 0.0747383 0.1551904 0.1062164 0.0828747 0.1207198 0.0893643 0.0822658 0.0689097 0.0884141 0.3478880 0.0810354 0.0838763 0.0785473 0.0880664 0.0838976 0.0838976 0.0808769 0.1010705 0.0993452 0.0887658 0.0605239 0.0000000 0.0628837 0.0534795 0.0259594 0.1113756 0.0794572 0.0603945 0.1456444 0.0739600 0.0597249 0.0153420 0.0710928 0.0170007 0.1502322 0.0855222 0.0898561 0.0875135 0.1028309 
yHAB134_Kazachstania_turicensis             0.0870197 0.0887014 0.1638346 0.1150122 0.0940252 0.1130418 0.1001782 0.0820254 0.0755980 0.0740015 0.3305218 0.0786363 0.0791184 0.0834921 0.0829876 0.0784988 0.0784988 0.0833598 0.1122699 0.0943423 0.0983127 0.0518863 0.0628837 0.0000000 0.0650193 0.0641595 0.1220074 0.0720321 0.0552773 0.1425777 0.0657373 0.0616879 0.0647532 0.0430848 0.0666184 0.1582746 0.0967306 0.0925430 0.0945092 0.1215815 
yHAB136_Kazachstania_bromeliacearum         0.0849564 0.0916722 0.1704047 0.1140884 0.0909663 0.1439408 0.0966491 0.0843359 0.0861283 0.0885422 0.3795413 0.0879277 0.0891372 0.0917717 0.0948608 0.0884333 0.0884333 0.0916230 0.1199990 0.1046044 0.1085060 0.0621696 0.0534795 0.0650193 0.0000000 0.0664965 0.1146028 0.0847990 0.0672577 0.1528822 0.0751027 0.0771299 0.0616772 0.0727450 0.0586290 0.1545806 0.1035658 0.0983293 0.1056652 0.1369982 
yHAB143_Kazachstania_siamensis              0.0731292 0.0748398 0.1632240 0.1135188 0.0808373 0.1160355 0.0851696 0.0670015 0.0745316 0.0774351 0.3519158 0.0800685 0.0834613 0.0835074 0.0877870 0.0828786 0.0828786 0.0848053 0.1026714 0.1037123 0.0800632 0.0619023 0.0259594 0.0641595 0.0664965 0.0000000 0.1075764 0.0840090 0.0619210 0.1404890 0.0808128 0.0657889 0.0241169 0.0711700 0.0279575 0.1389299 0.0941372 0.0903728 0.0907676 0.0977004 
yHAB147_Kazachstania_taianensis             0.1272508 0.1265819 0.2051973 0.1572002 0.1423840 0.1729543 0.1404509 0.1305291 0.1312370 0.1358628 0.3891598 0.1322315 0.1343101 0.1375506 0.1394426 0.1355906 0.1355906 0.1388719 0.1642039 0.1249993 0.1455147 0.1366345 0.1113756 0.1220074 0.1146028 0.1075764 0.0000000 0.1386270 0.1219616 0.1905484 0.1269585 0.1260060 0.1105444 0.1347290 0.1122607 0.1942997 0.1363160 0.1391625 0.1452790 0.1804526 
yHAB148_Kazachstania_intestinalis           0.0918291 0.0997223 0.1763207 0.1241169 0.0919397 0.1350469 0.0996325 0.0835763 0.0958203 0.0868161 0.3709327 0.1029490 0.1053079 0.0928063 0.1032979 0.1053434 0.1053434 0.0952047 0.1316559 0.1175490 0.1309233 0.0738014 0.0794572 0.0720321 0.0847990 0.0840090 0.1386270 0.0000000 0.0800151 0.1519322 0.0956993 0.1009213 0.0745057 0.0959221 0.0785318 0.1542463 0.1215024 0.1140313 0.1205267 0.1398222 
yHAB153_Kazachstania_rosinii                0.0788060 0.0795380 0.1599621 0.1049776 0.0773054 0.1010810 0.0890637 0.0708402 0.0674837 0.0658771 0.3431976 0.0752285 0.0738215 0.0806892 0.0776934 0.0738372 0.0738372 0.0829859 0.1088679 0.1150085 0.0971832 0.0583068 0.0603945 0.0552773 0.0672577 0.0619210 0.1219616 0.0800151 0.0000000 0.1584384 0.0629093 0.0653292 0.0672387 0.0482666 0.0658987 0.1651844 0.1007002 0.1018099 0.1061137 0.1076490 
yHAB154_Kazachstania_transvaalensis         0.1476810 0.1432429 0.1870292 0.1622077 0.1568781 0.1822184 0.1582025 0.1468634 0.1545287 0.1613785 0.3972325 0.1460483 0.1438591 0.1524952 0.1492499 0.1459360 0.1459360 0.1523443 0.1630012 0.1722530 0.1651135 0.1473631 0.1456444 0.1425777 0.1528822 0.1404890 0.1905484 0.1519322 0.1584384 0.0000000 0.1576587 0.1585504 0.1435778 0.1672465 0.1473824 0.0362764 0.1751139 0.1783995 0.1742817 0.1711154 
yHAB155_Kazachstania_spencerorum            0.1003055 0.0991887 0.1743961 0.1171332 0.1040387 0.1260919 0.1099686 0.0969960 0.1004396 0.0896772 0.3533655 0.0829336 0.0860792 0.0897146 0.0896242 0.0870441 0.0870441 0.0907215 0.1355060 0.1242853 0.1115996 0.0899908 0.0739600 0.0657373 0.0751027 0.0808128 0.1269585 0.0956993 0.0629093 0.1576587 0.0000000 0.0715491 0.0780426 0.0847285 0.0755590 0.1650268 0.1212506 0.1106659 0.1247864 0.1434439 
yHAB158_Kazachstania_viticola               0.0937676 0.0764311 0.1648418 0.1113751 0.0957691 0.1235682 0.0984396 0.0889933 0.0875316 0.0811136 0.3331449 0.0688117 0.0734473 0.0789873 0.0783129 0.0728705 0.0728705 0.0788611 0.1062741 0.1027958 0.0846920 0.0823084 0.0597249 0.0616879 0.0771299 0.0657889 0.1260060 0.1009213 0.0653292 0.1585504 0.0715491 0.0000000 0.0635366 0.0759001 0.0611781 0.1625471 0.0964713 0.0930468 0.0960442 0.1152544 
yHAB159_Kazachstania_solicola               0.0854918 0.0850407 0.1614341 0.1057599 0.0846158 0.1232449 0.0851230 0.0816718 0.0759141 0.0891551 0.3485183 0.0814815 0.0843353 0.0789934 0.0906152 0.0843569 0.0843569 0.0813325 0.1021792 0.1064775 0.0898744 0.0645802 0.0153420 0.0647532 0.0616772 0.0241169 0.1105444 0.0745057 0.0672387 0.1435778 0.0780426 0.0635366 0.0000000 0.0763484 0.0100464 0.1422028 0.0922821 0.0967284 0.0927818 0.1030737 
yHAB160_Kazachstania_kunashirensis          0.0945450 0.0959046 0.1910842 0.1245059 0.0936756 0.1192978 0.1006470 0.0841761 0.0865713 0.0826328 0.3865643 0.0907107 0.0899327 0.0998292 0.0980794 0.0891996 0.0891996 0.0996597 0.1102467 0.1191483 0.1044637 0.0628745 0.0710928 0.0430848 0.0727450 0.0711700 0.1347290 0.0959221 0.0482666 0.1672465 0.0847285 0.0759001 0.0763484 0.0000000 0.0747468 0.1753939 0.1126987 0.1060718 0.1189157 0.1300636 
yHAB164_Kazachstania_aerobia                0.0882528 0.0797236 0.1619179 0.1068258 0.0892779 0.1272125 0.0898610 0.0844087 0.0788133 0.0881718 0.3487340 0.0820374 0.0848586 0.0818275 0.0867698 0.0848802 0.0848802 0.0841516 0.1015715 0.1031693 0.0925231 0.0664014 0.0170007 0.0666184 0.0586290 0.0279575 0.1122607 0.0785318 0.0658987 0.1473824 0.0755590 0.0611781 0.0100464 0.0747468 0.0000000 0.1495473 0.0932391 0.0977349 0.0952623 0.1075703 
yHAB166_Kazachstania_yakushimaensis         0.1490515 0.1392230 0.1937470 0.1593967 0.1589864 0.2015126 0.1557035 0.1491748 0.1684721 0.1657047 0.4103240 0.1516809 0.1527881 0.1591652 0.1552862 0.1548546 0.1548546 0.1590082 0.1743975 0.1813540 0.1708270 0.1606887 0.1502322 0.1582746 0.1545806 0.1389299 0.1942997 0.1542463 0.1651844 0.0362764 0.1650268 0.1625471 0.1422028 0.1753939 0.1495473 0.0000000 0.1879270 0.1865561 0.1870326 0.1858847 
yHMPu5000034875_Tetrapisispora_fleetii      0.1078150 0.1087207 0.1800758 0.1385715 0.1087594 0.1534678 0.1148136 0.1062771 0.0956254 0.1031927 0.3620326 0.1039755 0.1020113 0.1068144 0.1071717 0.0995526 0.0995526 0.1066414 0.1076862 0.0278512 0.0644748 0.1071115 0.0855222 0.0967306 0.1035658 0.0941372 0.1363160 0.1215024 0.1007002 0.1751139 0.1212506 0.0964713 0.0922821 0.1126987 0.0932391 0.1879270 0.0000000 0.0279887 0.0117198 0.1023345 
yHMPu5000034876_Tetrapisispora_iriomotensis 0.0959606 0.0990423 0.1806782 0.1482135 0.0989871 0.1468980 0.1087804 0.0922990 0.0970165 0.0976531 0.3602796 0.1110948 0.1135222 0.1080257 0.1188449 0.1109867 0.1109867 0.1078496 0.1149221 0.0380914 0.0628955 0.0932911 0.0898561 0.0925430 0.0983293 0.0903728 0.1391625 0.1140313 0.1018099 0.1783995 0.1106659 0.0930468 0.0967284 0.1060718 0.0977349 0.1865561 0.0279887 0.0000000 0.0271749 0.1067079 
yHMPu5000034877_Tetrapisispora_namnaonensis 0.1050465 0.1085997 0.1804199 0.1374244 0.1060195 0.1492976 0.1115718 0.1035445 0.0978944 0.0975249 0.3607016 0.1064499 0.1044852 0.1073646 0.1096806 0.1020101 0.1020101 0.1071898 0.1042016 0.0335899 0.0628240 0.1000806 0.0875135 0.0945092 0.1056652 0.0907676 0.1452790 0.1205267 0.1061137 0.1742817 0.1247864 0.0960442 0.0927818 0.1189157 0.0952623 0.1870326 0.0117198 0.0271749 0.0000000 0.1032825 
yHMPu5000035629_Yueomyces_sinensis          0.1005933 0.1202125 0.2081125 0.1453138 0.1019796 0.1392703 0.1122217 0.0964918 0.0934395 0.1072770 0.3465587 0.1033119 0.0993189 0.1100765 0.1081423 0.1017140 0.1017140 0.1125844 0.0667173 0.1200659 0.0819165 0.1079637 0.1028309 0.1215815 0.1369982 0.0977004 0.1804526 0.1398222 0.1076490 0.1711154 0.1434439 0.1152544 0.1030737 0.1300636 0.1075703 0.1858847 0.1023345 0.1067079 0.1032825 0.0000000 
