40
Candida_glabrata                            0.0000000 0.3886537 0.5036882 0.3834579 0.1401917 0.4408412 0.1318075 0.1376011 0.5047910 0.4595712 2.9306933 0.4225236 0.4064468 0.4673407 0.4240884 0.4518754 0.4432561 0.4534375 0.9567169 0.5717173 0.4745444 0.4616264 0.4456810 0.3871670 0.5379096 0.5051765 0.5113923 0.5261434 0.4433137 0.5794559 0.4539375 0.5889565 0.4464726 0.3671548 0.4473460 0.6117121 0.6325647 0.6805755 0.6091534 1.4859554 
Kazachstania_africana                       0.3886537 0.0000000 0.4115170 0.4185935 0.4228256 0.5162590 0.3981860 0.4078694 0.4132588 0.3612731 2.5044497 0.3469698 0.3785789 0.3838648 0.3700703 0.3665420 0.3708360 0.3631688 0.8945031 0.5323598 0.4178375 0.3503802 0.4300925 0.3953675 0.3810396 0.4079397 0.3419714 0.4072127 0.3678743 0.4636356 0.3488392 0.5145997 0.4311379 0.3698881 0.4352269 0.4925691 0.5494233 0.5426753 0.5195570 1.3403751 
Kazachstania_naganishii                     0.5036882 0.4115170 0.0000000 0.4334531 0.5097937 0.4408899 0.5049566 0.4802012 0.4466089 0.4221154 3.3117792 0.4097328 0.3880867 0.4158520 0.4369015 0.3880473 0.3746515 0.4083757 0.8695917 0.5543509 0.4816310 0.2654529 0.3363623 0.3672076 0.2088551 0.3056327 0.2934899 0.4452169 0.2772921 0.4495455 0.3269064 0.5553080 0.3577950 0.3528390 0.3596702 0.4290136 0.5501507 0.5644936 0.4802066 1.4360073 
Nakaseomyces_bacillisporus                  0.3834579 0.4185935 0.4334531 0.0000000 0.3798123 0.4108767 0.3676694 0.3477505 0.4388492 0.4151089 3.1063093 0.3851551 0.3808103 0.4044152 0.4265525 0.4152931 0.3917224 0.3835271 0.8872383 0.5685785 0.5117849 0.3702371 0.4048854 0.4299616 0.4937252 0.4057087 0.4507391 0.3992316 0.3539170 0.6049950 0.3908256 0.6329991 0.4109765 0.3752250 0.4083480 0.5487047 0.6365629 0.6157291 0.5825811 1.3383265 
Nakaseomyces_bracarensis                    0.1401917 0.4228256 0.5097937 0.3798123 0.0000000 0.4336714 0.0691242 0.0801610 0.4504060 0.4244840 3.2152585 0.4196885 0.4079412 0.4580279 0.4396927 0.4457879 0.4385311 0.4405939 0.8553228 0.5343089 0.4507244 0.4412286 0.4689328 0.3522111 0.5452771 0.5061955 0.4516606 0.4915011 0.4453129 0.5815729 0.4234954 0.5805032 0.4484873 0.3620187 0.4574108 0.6509439 0.5815971 0.6445615 0.5614081 1.4317551 
Nakaseomyces_castellii                      0.4408412 0.5162590 0.4408899 0.4108767 0.4336714 0.0000000 0.4217251 0.4004239 0.4436479 0.3946236 3.1575507 0.4187223 0.3683561 0.4184112 0.3908802 0.3934772 0.3702926 0.4055826 0.9433576 0.5839321 0.4661849 0.4520680 0.4903664 0.4776664 0.5452043 0.4954482 0.4911120 0.5722522 0.4683044 0.6780872 0.4365080 0.5737795 0.4786708 0.4800515 0.4809641 0.6181922 0.5390858 0.5557187 0.5083564 1.3990570 
Nakaseomyces_delphensis                     0.1318075 0.3981860 0.5049566 0.3676694 0.0691242 0.4217251 0.0000000 0.0728259 0.4355252 0.3934419 3.0350859 0.3960761 0.3758761 0.4252215 0.4157076 0.4159874 0.4057919 0.4077388 0.8681811 0.5306941 0.4576080 0.4263552 0.4727905 0.3507184 0.5343931 0.5103835 0.4210369 0.4692787 0.4208793 0.5605092 0.4193088 0.5664649 0.4387987 0.3617865 0.4396230 0.6332790 0.6014186 0.6389644 0.5639733 1.4130329 
Nakaseomyces_nivariensis                    0.1376011 0.4078694 0.4802012 0.3477505 0.0801610 0.4004239 0.0728259 0.0000000 0.4373172 0.4208718 3.1175004 0.4186562 0.4099992 0.4463906 0.4377314 0.4257801 0.4408494 0.4429336 0.8733078 0.5125436 0.5021575 0.4240077 0.4580259 0.3593582 0.5392338 0.4958491 0.4655292 0.4544926 0.4364196 0.5607890 0.4546759 0.5618182 0.4330002 0.3595304 0.4338025 0.5951630 0.6116095 0.6892528 0.5628522 1.4614986 
Naumovozyma_castellii                       0.5047910 0.4132588 0.4466089 0.4388492 0.4504060 0.4436479 0.4355252 0.4373172 0.0000000 0.1998321 3.2119286 0.3117746 0.2680631 0.3172019 0.3075366 0.3165460 0.2940508 0.2944824 0.9079765 0.4685971 0.4478247 0.4324571 0.4299087 0.4212415 0.5372439 0.4083024 0.4219908 0.4872467 0.3533822 0.5948960 0.3912825 0.5315932 0.4359321 0.3959085 0.4383506 0.5426437 0.4299574 0.4655370 0.4071083 1.3836125 
Naumovozyma_dairenensis                     0.4595712 0.3612731 0.4221154 0.4151089 0.4244840 0.3946236 0.3934419 0.4208718 0.1998321 0.0000000 3.0528807 0.3398804 0.3020502 0.3216027 0.3337831 0.3383773 0.3210519 0.3250375 0.8502191 0.4802425 0.3779085 0.3849968 0.4377937 0.3841931 0.4833151 0.4635469 0.3749053 0.4577975 0.3570377 0.5710536 0.3985052 0.4958251 0.4418741 0.3853828 0.4442698 0.5560920 0.4598503 0.4183603 0.4272846 1.2940619 
Neurospora_crassa                           2.9306933 2.5044497 3.3117792 3.1063093 3.2152585 3.1575507 3.0350859 3.1175004 3.2119286 3.0528807 0.0000000 2.7722686 2.6181466 2.8363246 2.5600717 2.8189249 2.7830013 2.7390104 3.0842499 3.0225957 2.9117152 3.1468209 3.0557101 2.4914573 2.9397424 2.8709995 3.1069141 3.2271842 2.8904298 3.1298452 3.0488846 2.8086133 3.0721769 2.6963465 3.0601291 3.4647477 3.2258106 3.0502117 2.9877531 3.1184386 
Saccharomyces_arboricola                    0.4225236 0.3469698 0.4097328 0.3851551 0.4196885 0.4187223 0.3960761 0.4186562 0.3117746 0.3398804 2.7722686 0.0000000 0.0903549 0.0615265 0.0697648 0.0836577 0.0517405 0.0568215 0.9588627 0.4596915 0.3837858 0.3548682 0.4529617 0.3875213 0.4456078 0.4574059 0.3711653 0.4348365 0.3424900 0.5483856 0.3713843 0.4995956 0.4435734 0.4109778 0.4440667 0.5482241 0.4890250 0.4918927 0.4480795 1.2134839 
Saccharomyces_cerevisiae                    0.4064468 0.3785789 0.3880867 0.3808103 0.4079412 0.3683561 0.3758761 0.4099992 0.2680631 0.3020502 2.6181466 0.0903549 0.0000000 0.0737522 0.0769625 0.0788117 0.0409052 0.0731925 0.8711278 0.4665606 0.3756784 0.3808695 0.4437273 0.3899863 0.4170556 0.4289693 0.3557583 0.4281354 0.3330478 0.6141327 0.3642591 0.5045434 0.4376818 0.4132092 0.4400122 0.5608389 0.4790204 0.4563764 0.4562799 1.1876921 
Saccharomyces_eubayanus                     0.4673407 0.3838648 0.4158520 0.4044152 0.4580279 0.4184112 0.4252215 0.4463906 0.3172019 0.3216027 2.8363246 0.0615265 0.0737522 0.0000000 0.0660538 0.0795484 0.0359285 0.0247599 0.9192761 0.5208647 0.3760561 0.3668239 0.4304160 0.4212550 0.4370465 0.4356685 0.3746400 0.4410168 0.3407708 0.5949918 0.3856591 0.5240874 0.4457950 0.4374016 0.4480931 0.5706295 0.5074567 0.4814863 0.4978537 1.2032703 
Saccharomyces_kudriavzevii                  0.4240884 0.3700703 0.4369015 0.4265525 0.4396927 0.3908802 0.4157076 0.4377314 0.3075366 0.3337831 2.5600717 0.0697648 0.0769625 0.0660538 0.0000000 0.0814516 0.0532556 0.0655204 0.9201332 0.4911380 0.3715834 0.4050373 0.4440125 0.4328413 0.4334102 0.4293934 0.3755357 0.4790921 0.3462299 0.5720883 0.3872397 0.4958585 0.4504073 0.4299434 0.4526844 0.5899756 0.4910980 0.4915334 0.4588473 1.2276426 
Saccharomyces_mikatae                       0.4518754 0.3665420 0.3880473 0.4152931 0.4457879 0.3934772 0.4159874 0.4257801 0.3165460 0.3383773 2.8189249 0.0836577 0.0788117 0.0795484 0.0814516 0.0000000 0.0516385 0.0734530 0.9403462 0.5273515 0.3819084 0.3351015 0.4608569 0.4485852 0.4218594 0.4653385 0.3537386 0.4500180 0.3366722 0.6227661 0.3928951 0.5003304 0.4546789 0.4486233 0.4569835 0.5579088 0.4905549 0.5206823 0.4713612 1.2708841 
Saccharomyces_paradoxus                     0.4432561 0.3708360 0.3746515 0.3917224 0.4385311 0.3702926 0.4057919 0.4408494 0.2940508 0.3210519 2.7830013 0.0517405 0.0409052 0.0359285 0.0532556 0.0516385 0.0000000 0.0355959 0.9163607 0.4914174 0.3491310 0.3546901 0.4457127 0.4089368 0.4200779 0.4379745 0.3506069 0.4346870 0.3254243 0.5701413 0.3640346 0.4985776 0.4396239 0.4255920 0.4419695 0.5586435 0.4865284 0.4919979 0.4696267 1.2311830 
Saccharomyces_uvarum                        0.4534375 0.3631688 0.4083757 0.3835271 0.4405939 0.4055826 0.4077388 0.4429336 0.2944824 0.3250375 2.7390104 0.0568215 0.0731925 0.0247599 0.0655204 0.0734530 0.0355959 0.0000000 0.9254436 0.4946619 0.3553662 0.3409611 0.4245912 0.3952393 0.4403125 0.4256056 0.3643111 0.4276273 0.3330564 0.5920496 0.3563121 0.5008879 0.4413956 0.4118756 0.4437142 0.5552222 0.4878854 0.4697997 0.4764921 1.2120724 
Tetrapisispora_blattae                      0.9567169 0.8945031 0.8695917 0.8872383 0.8553228 0.9433576 0.8681811 0.8733078 0.9079765 0.8502191 3.0842499 0.9588627 0.8711278 0.9192761 0.9201332 0.9403462 0.9163607 0.9254436 0.0000000 0.8701349 0.7266390 0.9421338 0.8022427 0.8156585 0.9092562 0.7684660 0.8518536 0.8935428 0.7747340 1.0638320 0.8545913 0.9680179 0.7770253 0.7817401 0.7770386 0.9779383 0.9316827 0.8956403 0.8128896 1.2257828 
Tetrapisispora_phaffii                      0.5717173 0.5323598 0.5543509 0.5685785 0.5343089 0.5839321 0.5306941 0.5125436 0.4685971 0.4802425 3.0225957 0.4596915 0.4665606 0.5208647 0.4911380 0.5273515 0.4914174 0.4946619 0.8701349 0.0000000 0.4180130 0.5126082 0.5385465 0.4533523 0.6170317 0.4883936 0.5580387 0.5587069 0.5143250 0.6706726 0.5041131 0.6257478 0.5099265 0.4126305 0.5121808 0.7108374 0.2893165 0.3189767 0.2650307 1.5753903 
Vanderwaltozyma_polyspora                   0.4745444 0.4178375 0.4816310 0.5117849 0.4507244 0.4661849 0.4576080 0.5021575 0.4478247 0.3779085 2.9117152 0.3837858 0.3756784 0.3760561 0.3715834 0.3819084 0.3491310 0.3553662 0.7266390 0.4180130 0.0000000 0.4240963 0.4943379 0.4310824 0.4605301 0.5075464 0.4430801 0.4512521 0.4410211 0.6111271 0.4512752 0.5199841 0.5204308 0.4111148 0.5225592 0.6199580 0.3908090 0.3537521 0.3487439 1.4502166 
yHAB132_Kazachstania_martiniae              0.4616264 0.3503802 0.2654529 0.3702371 0.4412286 0.4520680 0.4263552 0.4240077 0.4324571 0.3849968 3.1468209 0.3548682 0.3808695 0.3668239 0.4050373 0.3351015 0.3546901 0.3409611 0.9421338 0.5126082 0.4240963 0.0000000 0.3462206 0.3393222 0.3295408 0.3443085 0.3418838 0.3070874 0.3021695 0.4430820 0.2953606 0.4660052 0.3446419 0.2705457 0.3417984 0.4307289 0.5029586 0.5384342 0.5218464 1.3722521 
yHAB133_Kazachstania_unispora               0.4456810 0.4300925 0.3363623 0.4048854 0.4689328 0.4903664 0.4727905 0.4580259 0.4299087 0.4377937 3.0557101 0.4529617 0.4437273 0.4304160 0.4440125 0.4608569 0.4457127 0.4245912 0.8022427 0.5385465 0.4943379 0.3462206 0.0000000 0.4062465 0.3843475 0.1614471 0.3112096 0.4521529 0.3165907 0.4721333 0.3334061 0.5542548 0.0775672 0.3427456 0.0882217 0.4158367 0.5719494 0.5994438 0.5702350 1.4413568 
yHAB134_Kazachstania_turicensis             0.3871670 0.3953675 0.3672076 0.4299616 0.3522111 0.4776664 0.3507184 0.3593582 0.4212415 0.3841931 2.4914573 0.3875213 0.3899863 0.4212550 0.4328413 0.4485852 0.4089368 0.3952393 0.8156585 0.4533523 0.4310824 0.3393222 0.4062465 0.0000000 0.4357123 0.4012997 0.4141044 0.3444506 0.2730248 0.4604266 0.3079558 0.4601772 0.3740237 0.1646147 0.3715936 0.4866202 0.5314505 0.5466352 0.5174516 1.3262536 
yHAB136_Kazachstania_bromeliacearum         0.5379096 0.3810396 0.2088551 0.4937252 0.5452771 0.5452043 0.5343931 0.5392338 0.5372439 0.4833151 2.9397424 0.4456078 0.4170556 0.4370465 0.4334102 0.4218594 0.4200779 0.4403125 0.9092562 0.6170317 0.4605301 0.3295408 0.3843475 0.4357123 0.0000000 0.3680172 0.2261084 0.3783491 0.3503456 0.4457774 0.3567404 0.5454264 0.3865846 0.4229543 0.3903882 0.4831857 0.6147186 0.6145447 0.5407578 1.3495677 
yHAB143_Kazachstania_siamensis              0.5051765 0.4079397 0.3056327 0.4057087 0.5061955 0.4954482 0.5103835 0.4958491 0.4083024 0.4635469 2.8709995 0.4574059 0.4289693 0.4356685 0.4293934 0.4653385 0.4379745 0.4256056 0.7684660 0.4883936 0.5075464 0.3443085 0.1614471 0.4012997 0.3680172 0.0000000 0.2927819 0.4142158 0.3133968 0.4970750 0.3045574 0.5281816 0.1786462 0.3281254 0.1823500 0.4107277 0.5016579 0.5709945 0.5379856 1.3707565 
yHAB147_Kazachstania_taianensis             0.5113923 0.3419714 0.2934899 0.4507391 0.4516606 0.4911120 0.4210369 0.4655292 0.4219908 0.3749053 3.1069141 0.3711653 0.3557583 0.3746400 0.3755357 0.3537386 0.3506069 0.3643111 0.8518536 0.5580387 0.4430801 0.3418838 0.3112096 0.4141044 0.2261084 0.2927819 0.0000000 0.3490871 0.3129012 0.4450056 0.3604172 0.4957274 0.3078916 0.3946335 0.2996934 0.4207780 0.5323167 0.5460203 0.4978443 1.4191259 
yHAB148_Kazachstania_intestinalis           0.5261434 0.4072127 0.4452169 0.3992316 0.4915011 0.5722522 0.4692787 0.4544926 0.4872467 0.4577975 3.2271842 0.4348365 0.4281354 0.4410168 0.4790921 0.4500180 0.4346870 0.4276273 0.8935428 0.5587069 0.4512521 0.3070874 0.4521529 0.3444506 0.3783491 0.4142158 0.3490871 0.0000000 0.3664085 0.4522312 0.3125786 0.5815450 0.4453092 0.3474294 0.4465923 0.4561219 0.6290820 0.6484227 0.5638436 1.5438869 
yHAB153_Kazachstania_rosinii                0.4433137 0.3678743 0.2772921 0.3539170 0.4453129 0.4683044 0.4208793 0.4364196 0.3533822 0.3570377 2.8904298 0.3424900 0.3330478 0.3407708 0.3462299 0.3366722 0.3254243 0.3330564 0.7747340 0.5143250 0.4410211 0.3021695 0.3165907 0.2730248 0.3503456 0.3133968 0.3129012 0.3664085 0.0000000 0.4393860 0.2278851 0.4455178 0.3002669 0.2662259 0.2982580 0.4116516 0.5550826 0.5310959 0.5263210 1.3427535 
yHAB154_Kazachstania_transvaalensis         0.5794559 0.4636356 0.4495455 0.6049950 0.5815729 0.6780872 0.5605092 0.5607890 0.5948960 0.5710536 3.1298452 0.5483856 0.6141327 0.5949918 0.5720883 0.6227661 0.5701413 0.5920496 1.0638320 0.6706726 0.6111271 0.4430820 0.4721333 0.4604266 0.4457774 0.4970750 0.4450056 0.4522312 0.4393860 0.0000000 0.4544627 0.6741621 0.4468018 0.4731639 0.4441586 0.2335039 0.7209882 0.7846579 0.6713022 1.5032204 
yHAB155_Kazachstania_spencerorum            0.4539375 0.3488392 0.3269064 0.3908256 0.4234954 0.4365080 0.4193088 0.4546759 0.3912825 0.3985052 3.0488846 0.3713843 0.3642591 0.3856591 0.3872397 0.3928951 0.3640346 0.3563121 0.8545913 0.5041131 0.4512752 0.2953606 0.3334061 0.3079558 0.3567404 0.3045574 0.3604172 0.3125786 0.2278851 0.4544627 0.0000000 0.4866708 0.3348818 0.2872316 0.3325865 0.4603266 0.5402800 0.5127844 0.5101086 1.3643904 
yHAB158_Kazachstania_viticola               0.5889565 0.5145997 0.5553080 0.6329991 0.5805032 0.5737795 0.5664649 0.5618182 0.5315932 0.4958251 2.8086133 0.4995956 0.5045434 0.5240874 0.4958585 0.5003304 0.4985776 0.5008879 0.9680179 0.6257478 0.5199841 0.4660052 0.5542548 0.4601772 0.5454264 0.5281816 0.4957274 0.5815450 0.4455178 0.6741621 0.4866708 0.0000000 0.5564426 0.4975060 0.5646185 0.6693036 0.5997483 0.7285702 0.6248299 1.4478462 
yHAB159_Kazachstania_solicola               0.4464726 0.4311379 0.3577950 0.4109765 0.4484873 0.4786708 0.4387987 0.4330002 0.4359321 0.4418741 3.0721769 0.4435734 0.4376818 0.4457950 0.4504073 0.4546789 0.4396239 0.4413956 0.7770253 0.5099265 0.5204308 0.3446419 0.0775672 0.3740237 0.3865846 0.1786462 0.3078916 0.4453092 0.3002669 0.4468018 0.3348818 0.5564426 0.0000000 0.3312151 0.0096131 0.4116193 0.5670561 0.5979358 0.5433087 1.4528195 
yHAB160_Kazachstania_kunashirensis          0.3671548 0.3698881 0.3528390 0.3752250 0.3620187 0.4800515 0.3617865 0.3595304 0.3959085 0.3853828 2.6963465 0.4109778 0.4132092 0.4374016 0.4299434 0.4486233 0.4255920 0.4118756 0.7817401 0.4126305 0.4111148 0.2705457 0.3427456 0.1646147 0.4229543 0.3281254 0.3946335 0.3474294 0.2662259 0.4731639 0.2872316 0.4975060 0.3312151 0.0000000 0.3336277 0.4591726 0.5282244 0.5355206 0.5208268 1.3577305 
yHAB164_Kazachstania_aerobia                0.4473460 0.4352269 0.3596702 0.4083480 0.4574108 0.4809641 0.4396230 0.4338025 0.4383506 0.4442698 3.0601291 0.4440667 0.4400122 0.4480931 0.4526844 0.4569835 0.4419695 0.4437142 0.7770386 0.5121808 0.5225592 0.3417984 0.0882217 0.3715936 0.3903882 0.1823500 0.2996934 0.4465923 0.2982580 0.4441586 0.3325865 0.5646185 0.0096131 0.3336277 0.0000000 0.4089637 0.5690870 0.5999526 0.5500396 1.4398296 
yHAB166_Kazachstania_yakushimaensis         0.6117121 0.4925691 0.4290136 0.5487047 0.6509439 0.6181922 0.6332790 0.5951630 0.5426437 0.5560920 3.4647477 0.5482241 0.5608389 0.5706295 0.5899756 0.5579088 0.5586435 0.5552222 0.9779383 0.7108374 0.6199580 0.4307289 0.4158367 0.4866202 0.4831857 0.4107277 0.4207780 0.4561219 0.4116516 0.2335039 0.4603266 0.6693036 0.4116193 0.4591726 0.4089637 0.0000000 0.7231279 0.8210065 0.7043327 1.5147403 
yHMPu5000034875_Tetrapisispora_fleetii      0.6325647 0.5494233 0.5501507 0.6365629 0.5815971 0.5390858 0.6014186 0.6116095 0.4299574 0.4598503 3.2258106 0.4890250 0.4790204 0.5074567 0.4910980 0.4905549 0.4865284 0.4878854 0.9316827 0.2893165 0.3908090 0.5029586 0.5719494 0.5314505 0.6147186 0.5016579 0.5323167 0.6290820 0.5550826 0.7209882 0.5402800 0.5997483 0.5670561 0.5282244 0.5690870 0.7231279 0.0000000 0.3119436 0.1663982 1.6939711 
yHMPu5000034876_Tetrapisispora_iriomotensis 0.6805755 0.5426753 0.5644936 0.6157291 0.6445615 0.5557187 0.6389644 0.6892528 0.4655370 0.4183603 3.0502117 0.4918927 0.4563764 0.4814863 0.4915334 0.5206823 0.4919979 0.4697997 0.8956403 0.3189767 0.3537521 0.5384342 0.5994438 0.5466352 0.6145447 0.5709945 0.5460203 0.6484227 0.5310959 0.7846579 0.5127844 0.7285702 0.5979358 0.5355206 0.5999526 0.8210065 0.3119436 0.0000000 0.2734053 1.5216630 
yHMPu5000034877_Tetrapisispora_namnaonensis 0.6091534 0.5195570 0.4802066 0.5825811 0.5614081 0.5083564 0.5639733 0.5628522 0.4071083 0.4272846 2.9877531 0.4480795 0.4562799 0.4978537 0.4588473 0.4713612 0.4696267 0.4764921 0.8128896 0.2650307 0.3487439 0.5218464 0.5702350 0.5174516 0.5407578 0.5379856 0.4978443 0.5638436 0.5263210 0.6713022 0.5101086 0.6248299 0.5433087 0.5208268 0.5500396 0.7043327 0.1663982 0.2734053 0.0000000 1.5833247 
yHMPu5000035629_Yueomyces_sinensis          1.4859554 1.3403751 1.4360073 1.3383265 1.4317551 1.3990570 1.4130329 1.4614986 1.3836125 1.2940619 3.1184386 1.2134839 1.1876921 1.2032703 1.2276426 1.2708841 1.2311830 1.2120724 1.2257828 1.5753903 1.4502166 1.3722521 1.4413568 1.3262536 1.3495677 1.3707565 1.4191259 1.5438869 1.3427535 1.5032204 1.3643904 1.4478462 1.4528195 1.3577305 1.4398296 1.5147403 1.6939711 1.5216630 1.5833247 0.0000000 
