40
Candida_glabrata                            0.0000000 0.6997346 0.6930497 0.7125577 0.3981636 0.7457763 0.4313158 0.3881649 0.6779736 0.7062639 2.2022321 0.6939449 0.6730154 0.6965971 0.6869884 0.6772750 0.6551235 0.6850236 0.7071887 0.7319384 0.7156727 0.7304510 0.7320229 0.7439445 0.6188134 0.7220675 0.8015815 0.7594672 0.6853908 0.7817401 0.7489641 0.7093007 0.7269189 0.7210883 0.7328052 0.7848969 0.7421842 0.7453283 0.7299757 0.8892505 
Kazachstania_africana                       0.6997346 0.0000000 0.4457116 0.5055995 0.6631340 0.6844500 0.6918881 0.6371606 0.4807454 0.4860394 2.2488057 0.4259555 0.4418967 0.4374650 0.4409258 0.4517660 0.4356562 0.4308581 0.5339010 0.6109478 0.5325829 0.4260982 0.4860426 0.4356199 0.4103364 0.4910308 0.5274054 0.4714051 0.3746552 0.5227483 0.4206078 0.4259623 0.4774830 0.4243653 0.4772115 0.5000809 0.5851601 0.5781737 0.5816998 0.5643874 
Kazachstania_naganishii                     0.6930497 0.4457116 0.0000000 0.5473230 0.6566778 0.6515705 0.7255204 0.6463014 0.4346559 0.5147946 2.2372867 0.4135207 0.4260058 0.4363012 0.4226359 0.4444918 0.4400812 0.4328496 0.5232459 0.6304614 0.5836973 0.3849435 0.4010837 0.5148652 0.3080588 0.3855915 0.4974976 0.4410310 0.4324704 0.4522978 0.4414738 0.4410986 0.3954400 0.4572082 0.4002097 0.4119191 0.6087179 0.6267935 0.6108932 0.5736595 
Nakaseomyces_bacillisporus                  0.7125577 0.5055995 0.5473230 0.0000000 0.7058537 0.5429998 0.6914912 0.6401477 0.5187940 0.5582345 2.1640097 0.4654954 0.4706918 0.4572427 0.4618266 0.4723650 0.4745007 0.4514837 0.5531486 0.5762435 0.5931217 0.5168772 0.5109383 0.4759451 0.4637753 0.5352923 0.5757767 0.5779108 0.4929704 0.6027068 0.5184581 0.4553226 0.5240943 0.4946762 0.5260208 0.5983440 0.5926485 0.5872032 0.5549836 0.6309362 
Nakaseomyces_bracarensis                    0.3981636 0.6631340 0.6566778 0.7058537 0.0000000 0.7459303 0.1816047 0.1372248 0.6839369 0.6918830 2.2113537 0.6876532 0.6736032 0.6843474 0.6653219 0.6778358 0.6652018 0.6745657 0.7281390 0.7590404 0.7215762 0.7100871 0.6921772 0.7628559 0.6461983 0.6755295 0.7982470 0.7395295 0.7014292 0.7301420 0.7503568 0.7052742 0.6911190 0.7467602 0.7002110 0.7326023 0.7508999 0.7423074 0.7230373 0.8760575 
Nakaseomyces_castellii                      0.7457763 0.6844500 0.6515705 0.5429998 0.7459303 0.0000000 0.7848615 0.7139713 0.6037614 0.6425162 2.2330805 0.6640757 0.6733742 0.6777130 0.6484269 0.6576088 0.6762498 0.6757735 0.6382855 0.7194285 0.7271879 0.6592671 0.6355732 0.6472762 0.6068290 0.6302913 0.6675076 0.6536630 0.6571116 0.6422197 0.6839162 0.6468474 0.6201632 0.6555440 0.6384293 0.7124508 0.7011630 0.7054889 0.6953556 0.7095382 
Nakaseomyces_delphensis                     0.4313158 0.6918881 0.7255204 0.6914912 0.1816047 0.7848615 0.0000000 0.1241801 0.7257948 0.7335608 2.2961176 0.7485641 0.7424503 0.7688314 0.7406810 0.7447657 0.7335172 0.7315634 0.7347282 0.8468015 0.7986282 0.7559931 0.6993373 0.7807373 0.6772744 0.6968299 0.8093241 0.7724239 0.7373479 0.7996133 0.8010931 0.7600898 0.7181116 0.7795495 0.7180539 0.7707907 0.8491606 0.8270082 0.8190912 0.8953941 
Nakaseomyces_nivariensis                    0.3881649 0.6371606 0.6463014 0.6401477 0.1372248 0.7139713 0.1241801 0.0000000 0.6771952 0.7107056 2.1839645 0.6871803 0.6773291 0.6965920 0.6828231 0.6816893 0.6735957 0.6784315 0.6744914 0.7559540 0.7039286 0.7174586 0.6954875 0.7193256 0.6277916 0.6665343 0.7690032 0.7143535 0.6732404 0.7236541 0.7214011 0.6980700 0.7108834 0.7264566 0.7060822 0.7241303 0.7462781 0.7600577 0.7384270 0.8352945 
Naumovozyma_castellii                       0.6779736 0.4807454 0.4346559 0.5187940 0.6839369 0.6037614 0.7257948 0.6771952 0.0000000 0.4625609 2.1800984 0.3973444 0.4106138 0.4122254 0.4147790 0.4340300 0.4135311 0.4146069 0.5372194 0.6290347 0.5785864 0.3914391 0.4316237 0.5034434 0.3893975 0.4438855 0.5160668 0.4725120 0.4567785 0.4945655 0.4876884 0.4534341 0.4346000 0.4995135 0.4405351 0.4849800 0.6458830 0.6151787 0.6335432 0.5921259 
Naumovozyma_dairenensis                     0.7062639 0.4860394 0.5147946 0.5582345 0.6918830 0.6425162 0.7335608 0.7107056 0.4625609 0.0000000 2.2995704 0.4825525 0.4944360 0.5060318 0.4917076 0.5022754 0.5112082 0.5002741 0.5694375 0.6792293 0.5939648 0.4976230 0.4948617 0.5021396 0.4644693 0.5071643 0.5960094 0.5517421 0.4859680 0.5350365 0.4750382 0.5325002 0.4923359 0.5251841 0.4924687 0.5132629 0.6595588 0.6910695 0.6559600 0.7203237 
Neurospora_crassa                           2.2022321 2.2488057 2.2372867 2.1640097 2.2113537 2.2330805 2.2961176 2.1839645 2.1800984 2.2995704 0.0000000 2.0627587 2.0355260 2.1618512 2.0597075 2.0066132 2.0284792 2.1083357 2.1326669 2.0241220 2.1034535 2.2610059 2.0194822 2.1470939 2.1656878 2.0307970 2.2086823 2.0173194 2.1344871 2.2671122 2.1742425 2.0714267 2.0815507 2.2031069 2.0832029 2.1865105 1.9445010 2.0560163 1.9665103 2.1539549 
Saccharomyces_arboricola                    0.6939449 0.4259555 0.4135207 0.4654954 0.6876532 0.6640757 0.7485641 0.6871803 0.3973444 0.4825525 2.0627587 0.0000000 0.0763709 0.0734560 0.0625589 0.0673495 0.0784869 0.0729935 0.4874897 0.6141323 0.5374380 0.3732618 0.4119291 0.4761454 0.3449785 0.4364697 0.4742816 0.4655821 0.3796150 0.4765440 0.4167942 0.3881091 0.4249954 0.4540799 0.4234222 0.4726182 0.5888463 0.5994211 0.5747133 0.5722722 
Saccharomyces_cerevisiae                    0.6730154 0.4418967 0.4260058 0.4706918 0.6736032 0.6733742 0.7424503 0.6773291 0.4106138 0.4944360 2.0355260 0.0763709 0.0000000 0.0876991 0.0724183 0.0637960 0.0280595 0.0866593 0.5230969 0.6234891 0.5366612 0.4066460 0.4596432 0.4915577 0.3772627 0.4650247 0.4937181 0.4795321 0.4071302 0.5010039 0.4410800 0.4113173 0.4638795 0.4928194 0.4629884 0.4978842 0.6019383 0.5868826 0.5769482 0.6087685 
Saccharomyces_eubayanus                     0.6965971 0.4374650 0.4363012 0.4572427 0.6843474 0.6777130 0.7688314 0.6965920 0.4122254 0.5060318 2.1618512 0.0734560 0.0876991 0.0000000 0.0771397 0.1002866 0.0872900 0.0195372 0.5080785 0.6168055 0.5520210 0.3940270 0.4494904 0.4812533 0.3668049 0.4537552 0.4859859 0.4826613 0.4057085 0.4768057 0.4327055 0.4038738 0.4582664 0.4700610 0.4567057 0.4972395 0.5840080 0.5930319 0.5647385 0.5982378 
Saccharomyces_kudriavzevii                  0.6869884 0.4409258 0.4226359 0.4618266 0.6653219 0.6484269 0.7406810 0.6828231 0.4147790 0.4917076 2.0597075 0.0625589 0.0724183 0.0771397 0.0000000 0.0776390 0.0770147 0.0737535 0.5041065 0.6183314 0.5347892 0.3929952 0.4519571 0.4942580 0.3690547 0.4566577 0.4839410 0.4924931 0.3931312 0.4832125 0.4341459 0.3973548 0.4551498 0.4748251 0.4572067 0.4949202 0.5898270 0.5710724 0.5664496 0.5869718 
Saccharomyces_mikatae                       0.6772750 0.4517660 0.4444918 0.4723650 0.6778358 0.6576088 0.7447657 0.6816893 0.4340300 0.5022754 2.0066132 0.0673495 0.0637960 0.1002866 0.0776390 0.0000000 0.0674380 0.0928293 0.5003397 0.6112504 0.5665877 0.4153761 0.4440816 0.5029246 0.3786626 0.4593987 0.4988550 0.4863951 0.4171008 0.4951043 0.4567320 0.4201302 0.4580577 0.4858883 0.4564345 0.5033865 0.5979465 0.6012646 0.5819757 0.5946371 
Saccharomyces_paradoxus                     0.6551235 0.4356562 0.4400812 0.4745007 0.6652018 0.6762498 0.7335172 0.6735957 0.4135311 0.5112082 2.0284792 0.0784869 0.0280595 0.0872900 0.0770147 0.0674380 0.0000000 0.0834288 0.5183487 0.6221535 0.5657312 0.4073402 0.4640905 0.4880452 0.3855373 0.4809841 0.5016016 0.5038599 0.4153010 0.4866028 0.4489376 0.4171611 0.4719542 0.4791080 0.4710681 0.4861173 0.6099754 0.5770312 0.5879702 0.6115613 
Saccharomyces_uvarum                        0.6850236 0.4308581 0.4328496 0.4514837 0.6745657 0.6757735 0.7315634 0.6784315 0.4146069 0.5002741 2.1083357 0.0729935 0.0866593 0.0195372 0.0737535 0.0928293 0.0834288 0.0000000 0.4943121 0.6196354 0.5502615 0.3964981 0.4403001 0.4739393 0.3786000 0.4542415 0.4857613 0.4860658 0.4022150 0.4768149 0.4301278 0.4056369 0.4526157 0.4608799 0.4510515 0.4923482 0.5895961 0.5825476 0.5702994 0.5969853 
Tetrapisispora_blattae                      0.7071887 0.5339010 0.5232459 0.5531486 0.7281390 0.6382855 0.7347282 0.6744914 0.5372194 0.5694375 2.1326669 0.4874897 0.5230969 0.5080785 0.5041065 0.5003397 0.5183487 0.4943121 0.0000000 0.6415328 0.5807042 0.5183957 0.4844347 0.5474286 0.4488321 0.5112806 0.5555611 0.5718834 0.4586109 0.5648394 0.5143242 0.4822769 0.4924496 0.5356111 0.5122197 0.5403663 0.6161172 0.6071176 0.6197372 0.3787008 
Tetrapisispora_phaffii                      0.7319384 0.6109478 0.6304614 0.5762435 0.7590404 0.7194285 0.8468015 0.7559540 0.6290347 0.6792293 2.0241220 0.6141323 0.6234891 0.6168055 0.6183314 0.6112504 0.6221535 0.6196354 0.6415328 0.0000000 0.5251883 0.6765647 0.6686965 0.6530563 0.5778306 0.6528459 0.6554366 0.6320058 0.6000593 0.7275560 0.6570123 0.6077295 0.6762550 0.6277129 0.6664161 0.7287665 0.1630172 0.2819356 0.1580534 0.7145407 
Vanderwaltozyma_polyspora                   0.7156727 0.5325829 0.5836973 0.5931217 0.7215762 0.7271879 0.7986282 0.7039286 0.5785864 0.5939648 2.1034535 0.5374380 0.5366612 0.5520210 0.5347892 0.5665877 0.5657312 0.5502615 0.5807042 0.5251883 0.0000000 0.5483695 0.6142515 0.5839429 0.5307709 0.6195588 0.6328245 0.5562927 0.5452413 0.6686271 0.5830707 0.5870638 0.5872204 0.5867474 0.5916782 0.6426619 0.5427995 0.4784587 0.5182067 0.6747079 
yHAB132_Kazachstania_martiniae              0.7304510 0.4260982 0.3849435 0.5168772 0.7100871 0.6592671 0.7559931 0.7174586 0.3914391 0.4976230 2.2610059 0.3732618 0.4066460 0.3940270 0.3929952 0.4153761 0.4073402 0.3964981 0.5183957 0.6765647 0.5483695 0.0000000 0.3780388 0.4457994 0.3032000 0.3889453 0.5229710 0.4331736 0.4025769 0.4866159 0.4025280 0.3914976 0.3866975 0.4120460 0.3820910 0.4465906 0.6267298 0.6728801 0.6164989 0.5600013 
yHAB133_Kazachstania_unispora               0.7320229 0.4860426 0.4010837 0.5109383 0.6921772 0.6355732 0.6993373 0.6954875 0.4316237 0.4948617 2.0194822 0.4119291 0.4596432 0.4494904 0.4519571 0.4440816 0.4640905 0.4403001 0.4844347 0.6686965 0.6142515 0.3780388 0.0000000 0.4689769 0.3249117 0.1326190 0.3892081 0.4762152 0.4049064 0.3665187 0.4299465 0.4710669 0.0570347 0.4641934 0.0601267 0.3322424 0.6669440 0.6185495 0.6624536 0.5695907 
yHAB134_Kazachstania_turicensis             0.7439445 0.4356199 0.5148652 0.4759451 0.7628559 0.6472762 0.7807373 0.7193256 0.5034434 0.5021396 2.1470939 0.4761454 0.4915577 0.4812533 0.4942580 0.5029246 0.4880452 0.4739393 0.5474286 0.6530563 0.5839429 0.4457994 0.4689769 0.0000000 0.4527338 0.4946478 0.5261430 0.5370422 0.3319893 0.5556172 0.3563046 0.4481743 0.4760970 0.2521035 0.4773930 0.5344053 0.6108212 0.6238880 0.6212261 0.6625514 
yHAB136_Kazachstania_bromeliacearum         0.6188134 0.4103364 0.3080588 0.4637753 0.6461983 0.6068290 0.6772744 0.6277916 0.3893975 0.4644693 2.1656878 0.3449785 0.3772627 0.3668049 0.3690547 0.3786626 0.3855373 0.3786000 0.4488321 0.5778306 0.5307709 0.3032000 0.3249117 0.4527338 0.0000000 0.3116482 0.3971650 0.4144962 0.3452506 0.3994738 0.3784269 0.3898188 0.3283528 0.4094990 0.3231049 0.3768688 0.5560928 0.5831584 0.5471412 0.5190139 
yHAB143_Kazachstania_siamensis              0.7220675 0.4910308 0.3855915 0.5352923 0.6755295 0.6302913 0.6968299 0.6665343 0.4438855 0.5071643 2.0307970 0.4364697 0.4650247 0.4537552 0.4566577 0.4593987 0.4809841 0.4542415 0.5112806 0.6528459 0.6195588 0.3889453 0.1326190 0.4946478 0.3116482 0.0000000 0.3945930 0.4653442 0.4170495 0.3656388 0.4647896 0.4781048 0.1272866 0.4930719 0.1280113 0.3424738 0.6160225 0.6095682 0.6075894 0.5681072 
yHAB147_Kazachstania_taianensis             0.8015815 0.5274054 0.4974976 0.5757767 0.7982470 0.6675076 0.8093241 0.7690032 0.5160668 0.5960094 2.2086823 0.4742816 0.4937181 0.4859859 0.4839410 0.4988550 0.5016016 0.4857613 0.5555611 0.6554366 0.6328245 0.5229710 0.3892081 0.5261430 0.3971650 0.3945930 0.0000000 0.5310956 0.4417895 0.4812217 0.4906961 0.5464891 0.3914886 0.5279412 0.3948172 0.4792555 0.6623671 0.6456672 0.6484440 0.6367367 
yHAB148_Kazachstania_intestinalis           0.7594672 0.4714051 0.4410310 0.5779108 0.7395295 0.6536630 0.7724239 0.7143535 0.4725120 0.5517421 2.0173194 0.4655821 0.4795321 0.4826613 0.4924931 0.4863951 0.5038599 0.4860658 0.5718834 0.6320058 0.5562927 0.4331736 0.4762152 0.5370422 0.4144962 0.4653442 0.5310956 0.0000000 0.4402939 0.5488305 0.4755633 0.4724160 0.4860390 0.4887830 0.4981422 0.5116531 0.5865394 0.6250395 0.5592474 0.5929504 
yHAB153_Kazachstania_rosinii                0.6853908 0.3746552 0.4324704 0.4929704 0.7014292 0.6571116 0.7373479 0.6732404 0.4567785 0.4859680 2.1344871 0.3796150 0.4071302 0.4057085 0.3931312 0.4171008 0.4153010 0.4022150 0.4586109 0.6000593 0.5452413 0.4025769 0.4049064 0.3319893 0.3452506 0.4170495 0.4417895 0.4402939 0.0000000 0.4940280 0.2814330 0.3985975 0.4186122 0.2979245 0.4220470 0.4685448 0.5589164 0.5848221 0.5459223 0.5671880 
yHAB154_Kazachstania_transvaalensis         0.7817401 0.5227483 0.4522978 0.6027068 0.7301420 0.6422197 0.7996133 0.7236541 0.4945655 0.5350365 2.2671122 0.4765440 0.5010039 0.4768057 0.4832125 0.4951043 0.4866028 0.4768149 0.5648394 0.7275560 0.6686271 0.4866159 0.3665187 0.5556172 0.3994738 0.3656388 0.4812217 0.5488305 0.4940280 0.0000000 0.5205915 0.5608666 0.3504866 0.5360561 0.3565405 0.1392500 0.6963289 0.7311126 0.6862107 0.6232023 
yHAB155_Kazachstania_spencerorum            0.7489641 0.4206078 0.4414738 0.5184581 0.7503568 0.6839162 0.8010931 0.7214011 0.4876884 0.4750382 2.1742425 0.4167942 0.4410800 0.4327055 0.4341459 0.4567320 0.4489376 0.4301278 0.5143242 0.6570123 0.5830707 0.4025280 0.4299465 0.3563046 0.3784269 0.4647896 0.4906961 0.4755633 0.2814330 0.5205915 0.0000000 0.4244696 0.4575913 0.3057803 0.4613811 0.4957157 0.6344346 0.6012310 0.6457748 0.5831411 
yHAB158_Kazachstania_viticola               0.7093007 0.4259623 0.4410986 0.4553226 0.7052742 0.6468474 0.7600898 0.6980700 0.4534341 0.5325002 2.0714267 0.3881091 0.4113173 0.4038738 0.3973548 0.4201302 0.4171611 0.4056369 0.4822769 0.6077295 0.5870638 0.3914976 0.4710669 0.4481743 0.3898188 0.4781048 0.5464891 0.4724160 0.3985975 0.5608666 0.4244696 0.0000000 0.4971931 0.4351359 0.5026655 0.5200745 0.5877703 0.5697158 0.5788266 0.5573656 
yHAB159_Kazachstania_solicola               0.7269189 0.4774830 0.3954400 0.5240943 0.6911190 0.6201632 0.7181116 0.7108834 0.4346000 0.4923359 2.0815507 0.4249954 0.4638795 0.4582664 0.4551498 0.4580577 0.4719542 0.4526157 0.4924496 0.6762550 0.5872204 0.3866975 0.0570347 0.4760970 0.3283528 0.1272866 0.3914886 0.4860390 0.4186122 0.3504866 0.4575913 0.4971931 0.0000000 0.4840371 0.0190837 0.3446868 0.6391448 0.6312252 0.6390614 0.5837963 
yHAB160_Kazachstania_kunashirensis          0.7210883 0.4243653 0.4572082 0.4946762 0.7467602 0.6555440 0.7795495 0.7264566 0.4995135 0.5251841 2.2031069 0.4540799 0.4928194 0.4700610 0.4748251 0.4858883 0.4791080 0.4608799 0.5356111 0.6277129 0.5867474 0.4120460 0.4641934 0.2521035 0.4094990 0.4930719 0.5279412 0.4887830 0.2979245 0.5360561 0.3057803 0.4351359 0.4840371 0.0000000 0.4891960 0.5034515 0.6144196 0.5846079 0.6131688 0.5949405 
yHAB164_Kazachstania_aerobia                0.7328052 0.4772115 0.4002097 0.5260208 0.7002110 0.6384293 0.7180539 0.7060822 0.4405351 0.4924687 2.0832029 0.4234222 0.4629884 0.4567057 0.4572067 0.4564345 0.4710681 0.4510515 0.5122197 0.6664161 0.5916782 0.3820910 0.0601267 0.4773930 0.3231049 0.1280113 0.3948172 0.4981422 0.4220470 0.3565405 0.4613811 0.5026655 0.0190837 0.4891960 0.0000000 0.3494149 0.6345513 0.6270723 0.6328360 0.5938155 
yHAB166_Kazachstania_yakushimaensis         0.7848969 0.5000809 0.4119191 0.5983440 0.7326023 0.7124508 0.7707907 0.7241303 0.4849800 0.5132629 2.1865105 0.4726182 0.4978842 0.4972395 0.4949202 0.5033865 0.4861173 0.4923482 0.5403663 0.7287665 0.6426619 0.4465906 0.3322424 0.5344053 0.3768688 0.3424738 0.4792555 0.5116531 0.4685448 0.1392500 0.4957157 0.5200745 0.3446868 0.5034515 0.3494149 0.0000000 0.6890119 0.6938436 0.6904963 0.6186007 
yHMPu5000034875_Tetrapisispora_fleetii      0.7421842 0.5851601 0.6087179 0.5926485 0.7508999 0.7011630 0.8491606 0.7462781 0.6458830 0.6595588 1.9445010 0.5888463 0.6019383 0.5840080 0.5898270 0.5979465 0.6099754 0.5895961 0.6161172 0.1630172 0.5427995 0.6267298 0.6669440 0.6108212 0.5560928 0.6160225 0.6623671 0.5865394 0.5589164 0.6963289 0.6344346 0.5877703 0.6391448 0.6144196 0.6345513 0.6890119 0.0000000 0.2683349 0.0469402 0.6481645 
yHMPu5000034876_Tetrapisispora_iriomotensis 0.7453283 0.5781737 0.6267935 0.5872032 0.7423074 0.7054889 0.8270082 0.7600577 0.6151787 0.6910695 2.0560163 0.5994211 0.5868826 0.5930319 0.5710724 0.6012646 0.5770312 0.5825476 0.6071176 0.2819356 0.4784587 0.6728801 0.6185495 0.6238880 0.5831584 0.6095682 0.6456672 0.6250395 0.5848221 0.7311126 0.6012310 0.5697158 0.6312252 0.5846079 0.6270723 0.6938436 0.2683349 0.0000000 0.2584780 0.6929001 
yHMPu5000034877_Tetrapisispora_namnaonensis 0.7299757 0.5816998 0.6108932 0.5549836 0.7230373 0.6953556 0.8190912 0.7384270 0.6335432 0.6559600 1.9665103 0.5747133 0.5769482 0.5647385 0.5664496 0.5819757 0.5879702 0.5702994 0.6197372 0.1580534 0.5182067 0.6164989 0.6624536 0.6212261 0.5471412 0.6075894 0.6484440 0.5592474 0.5459223 0.6862107 0.6457748 0.5788266 0.6390614 0.6131688 0.6328360 0.6904963 0.0469402 0.2584780 0.0000000 0.6547881 
yHMPu5000035629_Yueomyces_sinensis          0.8892505 0.5643874 0.5736595 0.6309362 0.8760575 0.7095382 0.8953941 0.8352945 0.5921259 0.7203237 2.1539549 0.5722722 0.6087685 0.5982378 0.5869718 0.5946371 0.6115613 0.5969853 0.3787008 0.7145407 0.6747079 0.5600013 0.5695907 0.6625514 0.5190139 0.5681072 0.6367367 0.5929504 0.5671880 0.6232023 0.5831411 0.5573656 0.5837963 0.5949405 0.5938155 0.6186007 0.6481645 0.6929001 0.6547881 0.0000000 
