40
Candida_glabrata                            0.0000000 0.1098633 0.1413430 0.1087044 0.0359434 0.1296781 0.0434197 0.0329880 0.1152365 0.1981537 0.6088541 0.1253203 0.1200172 0.1200170 0.1214577 0.1162031 0.1191217 0.1201885 0.1264167 0.1602259 0.1337315 0.1163138 0.1235738 0.1264875 0.1248565 0.1404124 0.1963422 0.1341967 0.1234173 0.2340248 0.1147438 0.1191765 0.1370921 0.1187898 0.1334029 0.2302010 0.1673968 0.1563958 0.1617357 0.1327329 
Kazachstania_africana                       0.1098633 0.0000000 0.0958143 0.1053072 0.1082711 0.1179713 0.1066912 0.1038710 0.0899627 0.1594041 0.6085709 0.1068825 0.0976840 0.1043587 0.1044614 0.1029593 0.1013543 0.1043998 0.1157717 0.1318508 0.1048965 0.0780072 0.0872847 0.0867704 0.0769492 0.0925782 0.1512195 0.0899262 0.0713582 0.2012208 0.0824040 0.0677746 0.0938285 0.0794639 0.0962052 0.1975543 0.1359328 0.1210352 0.1378304 0.1108933 
Kazachstania_naganishii                     0.1413430 0.0958143 0.0000000 0.1253468 0.1466967 0.1494388 0.1486208 0.1422832 0.1175366 0.1971212 0.6159808 0.1246039 0.1166530 0.1225183 0.1246811 0.1200697 0.1203798 0.1206217 0.1313358 0.1689716 0.1338860 0.1082073 0.0962370 0.1212827 0.0880727 0.1029748 0.1693721 0.1021395 0.0987048 0.2067665 0.1044422 0.1002234 0.1069047 0.1127421 0.1046578 0.2028470 0.1755908 0.1554619 0.1729133 0.1405405 
Nakaseomyces_bacillisporus                  0.1087044 0.1053072 0.1253468 0.0000000 0.1070689 0.0823021 0.1093002 0.1047041 0.1069595 0.1784640 0.6648408 0.0932168 0.0884731 0.0896411 0.0907852 0.0936168 0.0923069 0.0929679 0.1143183 0.1444552 0.1157396 0.1135532 0.1260995 0.1231891 0.1175466 0.1346123 0.1874714 0.1244578 0.1039463 0.2494053 0.1068539 0.1077574 0.1358050 0.1136591 0.1355462 0.2407957 0.1549909 0.1340336 0.1560646 0.1217721 
Nakaseomyces_bracarensis                    0.0359434 0.1082711 0.1466967 0.1070689 0.0000000 0.1278423 0.0202235 0.0140344 0.1165479 0.2047868 0.5868328 0.1245845 0.1183323 0.1198462 0.1172656 0.1130962 0.1174489 0.1200177 0.1213822 0.1607240 0.1351597 0.1173443 0.1288782 0.1193092 0.1268146 0.1408261 0.2005573 0.1361891 0.1196467 0.2446821 0.1123423 0.1174470 0.1391670 0.1156347 0.1390431 0.2387086 0.1707442 0.1577527 0.1645043 0.1278178 
Nakaseomyces_castellii                      0.1296781 0.1179713 0.1494388 0.0823021 0.1278423 0.0000000 0.1250576 0.1200013 0.1260618 0.1998367 0.6349056 0.1059172 0.1024315 0.1062653 0.1063350 0.1094284 0.1043953 0.1052545 0.1306868 0.1692978 0.1442445 0.1245036 0.1469462 0.1253019 0.1315465 0.1544805 0.2197708 0.1528724 0.1200769 0.2421653 0.1150734 0.1151577 0.1535602 0.1168148 0.1551509 0.2409640 0.1777286 0.1545630 0.1765738 0.1414811 
Nakaseomyces_delphensis                     0.0434197 0.1066912 0.1486208 0.1093002 0.0202235 0.1250576 0.0000000 0.0139009 0.1215905 0.2057750 0.5985309 0.1232345 0.1166803 0.1186639 0.1198775 0.1123924 0.1158061 0.1188394 0.1270917 0.1601728 0.1332478 0.1166312 0.1316229 0.1191143 0.1252704 0.1410545 0.1918921 0.1376018 0.1211639 0.2396053 0.1143245 0.1149245 0.1443423 0.1198009 0.1441934 0.2328892 0.1733769 0.1633729 0.1676861 0.1306204 
Nakaseomyces_nivariensis                    0.0329880 0.1038710 0.1422832 0.1047041 0.0140344 0.1200013 0.0139009 0.0000000 0.1121898 0.1988004 0.5903686 0.1160661 0.1112985 0.1116080 0.1124385 0.1071176 0.1104429 0.1118134 0.1211535 0.1618253 0.1313868 0.1108260 0.1236108 0.1195158 0.1197858 0.1344787 0.1911616 0.1330452 0.1174576 0.2353713 0.1081190 0.1094766 0.1356306 0.1148471 0.1337524 0.2284908 0.1699291 0.1559537 0.1654037 0.1256558 
Naumovozyma_castellii                       0.1152365 0.0899627 0.1175366 0.1069595 0.1165479 0.1260618 0.1215905 0.1121898 0.0000000 0.1491388 0.6044418 0.0934084 0.0941529 0.0928084 0.0966040 0.0961852 0.0970928 0.0919520 0.1138929 0.1403592 0.1191037 0.1027398 0.1036091 0.1048018 0.0976065 0.1165969 0.1782275 0.1098101 0.0861938 0.2270881 0.0950651 0.0965657 0.1145275 0.0982150 0.1096218 0.2129039 0.1422808 0.1315546 0.1412775 0.1254851 
Naumovozyma_dairenensis                     0.1981537 0.1594041 0.1971212 0.1784640 0.2047868 0.1998367 0.2057750 0.1988004 0.1491388 0.0000000 0.6729370 0.1850192 0.1836748 0.1829543 0.1842013 0.1887641 0.1885534 0.1838327 0.2017445 0.2024040 0.1946188 0.1784933 0.1857349 0.1724976 0.1726282 0.1969077 0.2489398 0.1900882 0.1599763 0.2971320 0.1622552 0.1618512 0.1951768 0.1682511 0.1922526 0.2964108 0.2087724 0.2080698 0.2090621 0.2101261 
Neurospora_crassa                           0.6088541 0.6085709 0.6159808 0.6648408 0.5868328 0.6349056 0.5985309 0.5903686 0.6044418 0.6729370 0.0000000 0.6556300 0.6344475 0.6363120 0.6479390 0.6388418 0.6381104 0.6397650 0.6481107 0.6574493 0.6548451 0.6094790 0.5982273 0.6411729 0.6412869 0.6125925 0.6319825 0.6312639 0.6424403 0.6638067 0.6263305 0.6279552 0.5933822 0.6423004 0.6010459 0.6753730 0.6499766 0.6510582 0.6601867 0.6428014 
Saccharomyces_arboricola                    0.1253203 0.1068825 0.1246039 0.0932168 0.1245845 0.1059172 0.1232345 0.1160661 0.0934084 0.1850192 0.6556300 0.0000000 0.0122108 0.0130116 0.0134864 0.0185525 0.0133750 0.0117082 0.1136649 0.1387740 0.1177044 0.1083820 0.1131168 0.1108674 0.1080067 0.1216609 0.1904272 0.1263664 0.0963550 0.2286015 0.0928278 0.0985477 0.1283665 0.1016850 0.1253213 0.2210274 0.1425887 0.1185176 0.1409431 0.1193923 
Saccharomyces_cerevisiae                    0.1200172 0.0976840 0.1166530 0.0884731 0.1183323 0.1024315 0.1166803 0.1112985 0.0941529 0.1836748 0.6344475 0.0122108 0.0000000 0.0141828 0.0127641 0.0134852 0.0045151 0.0116678 0.1084017 0.1400568 0.1118554 0.1034258 0.1062284 0.1049623 0.1014196 0.1133465 0.1867536 0.1197821 0.0893492 0.2218208 0.0893405 0.0924606 0.1204767 0.0987494 0.1188449 0.2143802 0.1453667 0.1232891 0.1410113 0.1110560 
Saccharomyces_eubayanus                     0.1200170 0.1043587 0.1225183 0.0896411 0.1198462 0.1062653 0.1186639 0.1116080 0.0928084 0.1829543 0.6363120 0.0130116 0.0141828 0.0000000 0.0143186 0.0173664 0.0141654 0.0028349 0.1129467 0.1408201 0.1176008 0.1047305 0.1140048 0.1019808 0.1060089 0.1216779 0.1897952 0.1236283 0.0912541 0.2243166 0.0912935 0.0919208 0.1276337 0.0965556 0.1245459 0.2187798 0.1431678 0.1240741 0.1404503 0.1141813 
Saccharomyces_kudriavzevii                  0.1214577 0.1044614 0.1246811 0.0907852 0.1172656 0.1063350 0.1198775 0.1124385 0.0966040 0.1842013 0.6479390 0.0134864 0.0127641 0.0143186 0.0000000 0.0165832 0.0127272 0.0136130 0.1114171 0.1432998 0.1167109 0.1100780 0.1118577 0.1095720 0.1070240 0.1207091 0.1936815 0.1260636 0.0961450 0.2310513 0.0903970 0.0975966 0.1249337 0.1046098 0.1229029 0.2228555 0.1511263 0.1262082 0.1483815 0.1131333 
Saccharomyces_mikatae                       0.1162031 0.1029593 0.1200697 0.0936168 0.1130962 0.1094284 0.1123924 0.1071176 0.0961852 0.1887641 0.6388418 0.0185525 0.0134852 0.0173664 0.0165832 0.0000000 0.0110505 0.0172375 0.1129019 0.1458737 0.1164846 0.1060753 0.1098681 0.1093687 0.1068966 0.1154934 0.1972844 0.1221531 0.0934922 0.2204693 0.0935742 0.0975406 0.1238054 0.1005378 0.1221369 0.2136260 0.1490448 0.1275956 0.1454688 0.1199344 
Saccharomyces_paradoxus                     0.1191217 0.1013543 0.1203798 0.0923069 0.1174489 0.1043953 0.1158061 0.1104429 0.0970928 0.1885534 0.6381104 0.0133750 0.0045151 0.0141654 0.0127272 0.0110505 0.0000000 0.0116537 0.1124630 0.1440545 0.1160170 0.1076102 0.1114354 0.1080895 0.1031329 0.1174125 0.1907534 0.1237315 0.0941008 0.2248718 0.0934544 0.0953275 0.1246092 0.1026990 0.1229373 0.2172640 0.1489319 0.1271757 0.1435014 0.1128494 
Saccharomyces_uvarum                        0.1201885 0.1043998 0.1206217 0.0929679 0.1200177 0.1052545 0.1188394 0.1118134 0.0919520 0.1838327 0.6397650 0.0117082 0.0116678 0.0028349 0.0136130 0.0172375 0.0116537 0.0000000 0.1107890 0.1426014 0.1167198 0.1057169 0.1136439 0.1063231 0.1060897 0.1225688 0.1896849 0.1252614 0.0904894 0.2252859 0.0923003 0.0951713 0.1279178 0.0981163 0.1248404 0.2172984 0.1449948 0.1258963 0.1422622 0.1126737 
Tetrapisispora_blattae                      0.1264167 0.1157717 0.1313358 0.1143183 0.1213822 0.1306868 0.1270917 0.1211535 0.1138929 0.2017445 0.6481107 0.1136649 0.1084017 0.1129467 0.1114171 0.1129019 0.1124630 0.1107890 0.0000000 0.1376495 0.1008855 0.1224063 0.1286107 0.1184911 0.1239115 0.1327138 0.1940664 0.1458102 0.1132893 0.2427101 0.1224006 0.1110905 0.1309441 0.1191929 0.1329241 0.2330471 0.1463160 0.1216707 0.1408889 0.0529222 
Tetrapisispora_phaffii                      0.1602259 0.1318508 0.1689716 0.1444552 0.1607240 0.1692978 0.1601728 0.1618253 0.1403592 0.2024040 0.6574493 0.1387740 0.1400568 0.1408201 0.1432998 0.1458737 0.1440545 0.1426014 0.1376495 0.0000000 0.0930202 0.1375856 0.1651108 0.1488176 0.1457106 0.1716283 0.2156943 0.1554071 0.1427786 0.2623443 0.1414147 0.1286913 0.1683000 0.1428661 0.1661686 0.2577419 0.0338830 0.0563806 0.0352908 0.1413798 
Vanderwaltozyma_polyspora                   0.1337315 0.1048965 0.1338860 0.1157396 0.1351597 0.1442445 0.1332478 0.1313868 0.1191037 0.1946188 0.6548451 0.1177044 0.1118554 0.1176008 0.1167109 0.1164846 0.1160170 0.1167198 0.1008855 0.0930202 0.0000000 0.1286132 0.1366136 0.1348036 0.1233136 0.1431223 0.1803226 0.1310104 0.1143494 0.2299025 0.1184414 0.1076844 0.1418465 0.1271831 0.1381276 0.2311508 0.0965512 0.0855484 0.0950093 0.1087577 
yHAB132_Kazachstania_martiniae              0.1163138 0.0780072 0.1082073 0.1135532 0.1173443 0.1245036 0.1166312 0.1108260 0.1027398 0.1784933 0.6094790 0.1083820 0.1034258 0.1047305 0.1100780 0.1060753 0.1076102 0.1057169 0.1224063 0.1375856 0.1286132 0.0000000 0.0997918 0.0821297 0.0759217 0.1023315 0.1653731 0.0911320 0.0765143 0.2142325 0.0870053 0.0767831 0.1118919 0.0720436 0.1108928 0.2110202 0.1486903 0.1286441 0.1425985 0.1325974 
yHAB133_Kazachstania_unispora               0.1235738 0.0872847 0.0962370 0.1260995 0.1288782 0.1469462 0.1316229 0.1236108 0.1036091 0.1857349 0.5982273 0.1131168 0.1062284 0.1140048 0.1118577 0.1098681 0.1114354 0.1136439 0.1286107 0.1651108 0.1366136 0.0997918 0.0000000 0.1071602 0.0847743 0.0260172 0.1664884 0.0978653 0.0920865 0.1856215 0.0970468 0.0959970 0.0229448 0.0984814 0.0210111 0.1777223 0.1710970 0.1399872 0.1651031 0.1415751 
yHAB134_Kazachstania_turicensis             0.1264875 0.0867704 0.1212827 0.1231891 0.1193092 0.1253019 0.1191143 0.1195158 0.1048018 0.1724976 0.6411729 0.1108674 0.1049623 0.1019808 0.1095720 0.1093687 0.1080895 0.1063231 0.1184911 0.1488176 0.1348036 0.0821297 0.1071602 0.0000000 0.0945467 0.1107882 0.1735101 0.1089797 0.0671956 0.2127822 0.0672041 0.0788321 0.1166864 0.0385562 0.1174475 0.2088882 0.1526558 0.1427568 0.1465018 0.1235404 
yHAB136_Kazachstania_bromeliacearum         0.1248565 0.0769492 0.0880727 0.1175466 0.1268146 0.1315465 0.1252704 0.1197858 0.0976065 0.1726282 0.6412869 0.1080067 0.1014196 0.1060089 0.1070240 0.1068966 0.1031329 0.1060897 0.1239115 0.1457106 0.1233136 0.0759217 0.0847743 0.0945467 0.0000000 0.0888914 0.1453890 0.0827611 0.0745411 0.1955195 0.0776515 0.0738835 0.0928949 0.0909727 0.0922636 0.1899093 0.1559467 0.1353946 0.1532871 0.1241786 
yHAB143_Kazachstania_siamensis              0.1404124 0.0925782 0.1029748 0.1346123 0.1408261 0.1544805 0.1410545 0.1344787 0.1165969 0.1969077 0.6125925 0.1216609 0.1133465 0.1216779 0.1207091 0.1154934 0.1174125 0.1225688 0.1327138 0.1716283 0.1431223 0.1023315 0.0260172 0.1107882 0.0888914 0.0000000 0.1640201 0.0991782 0.0962060 0.1889318 0.1002900 0.0932012 0.0382678 0.1064534 0.0370972 0.1810213 0.1755846 0.1462688 0.1702520 0.1538077 
yHAB147_Kazachstania_taianensis             0.1963422 0.1512195 0.1693721 0.1874714 0.2005573 0.2197708 0.1918921 0.1911616 0.1782275 0.2489398 0.6319825 0.1904272 0.1867536 0.1897952 0.1936815 0.1972844 0.1907534 0.1896849 0.1940664 0.2156943 0.1803226 0.1653731 0.1664884 0.1735101 0.1453890 0.1640201 0.0000000 0.1690486 0.1630560 0.2317952 0.1755394 0.1684646 0.1696288 0.1836152 0.1693165 0.2279795 0.2160246 0.2042876 0.2152493 0.2012421 
yHAB148_Kazachstania_intestinalis           0.1341967 0.0899262 0.1021395 0.1244578 0.1361891 0.1528724 0.1376018 0.1330452 0.1098101 0.1900882 0.6312639 0.1263664 0.1197821 0.1236283 0.1260636 0.1221531 0.1237315 0.1252614 0.1458102 0.1554071 0.1310104 0.0911320 0.0978653 0.1089797 0.0827611 0.0991782 0.1690486 0.0000000 0.0960662 0.2071564 0.0878952 0.0969709 0.1050051 0.1069187 0.1017353 0.2026837 0.1589995 0.1387267 0.1552815 0.1538613 
yHAB153_Kazachstania_rosinii                0.1234173 0.0713582 0.0987048 0.1039463 0.1196467 0.1200769 0.1211639 0.1174576 0.0861938 0.1599763 0.6424403 0.0963550 0.0893492 0.0912541 0.0961450 0.0934922 0.0941008 0.0904894 0.1132893 0.1427786 0.1143494 0.0765143 0.0920865 0.0671956 0.0745411 0.0962060 0.1630560 0.0960662 0.0000000 0.2122367 0.0550222 0.0700819 0.0997668 0.0610259 0.0981273 0.2002073 0.1497127 0.1299860 0.1448607 0.1148537 
yHAB154_Kazachstania_transvaalensis         0.2340248 0.2012208 0.2067665 0.2494053 0.2446821 0.2421653 0.2396053 0.2353713 0.2270881 0.2971320 0.6638067 0.2286015 0.2218208 0.2243166 0.2310513 0.2204693 0.2248718 0.2252859 0.2427101 0.2623443 0.2299025 0.2142325 0.1856215 0.2127822 0.1955195 0.1889318 0.2317952 0.2071564 0.2122367 0.0000000 0.2044339 0.1986862 0.1841852 0.1975330 0.1851938 0.0243708 0.2676652 0.2581382 0.2601697 0.2548574 
yHAB155_Kazachstania_spencerorum            0.1147438 0.0824040 0.1044422 0.1068539 0.1123423 0.1150734 0.1143245 0.1081190 0.0950651 0.1622552 0.6263305 0.0928278 0.0893405 0.0912935 0.0903970 0.0935742 0.0934544 0.0923003 0.1224006 0.1414147 0.1184414 0.0870053 0.0970468 0.0672041 0.0776515 0.1002900 0.1755394 0.0878952 0.0550222 0.2044339 0.0000000 0.0763204 0.1062834 0.0647693 0.1053576 0.1957694 0.1441875 0.1311961 0.1401580 0.1197273 
yHAB158_Kazachstania_viticola               0.1191765 0.0677746 0.1002234 0.1077574 0.1174470 0.1151577 0.1149245 0.1094766 0.0965657 0.1618512 0.6279552 0.0985477 0.0924606 0.0919208 0.0975966 0.0975406 0.0953275 0.0951713 0.1110905 0.1286913 0.1076844 0.0767831 0.0959970 0.0788321 0.0738835 0.0932012 0.1684646 0.0969709 0.0700819 0.1986862 0.0763204 0.0000000 0.1039192 0.0716875 0.1033979 0.1960832 0.1388611 0.1175082 0.1333820 0.1135480 
yHAB159_Kazachstania_solicola               0.1370921 0.0938285 0.1069047 0.1358050 0.1391670 0.1535602 0.1443423 0.1356306 0.1145275 0.1951768 0.5933822 0.1283665 0.1204767 0.1276337 0.1249337 0.1238054 0.1246092 0.1279178 0.1309441 0.1683000 0.1418465 0.1118919 0.0229448 0.1166864 0.0928949 0.0382678 0.1696288 0.1050051 0.0997668 0.1841852 0.1062834 0.1039192 0.0000000 0.1059726 0.0061800 0.1774802 0.1759975 0.1468672 0.1693414 0.1463893 
yHAB160_Kazachstania_kunashirensis          0.1187898 0.0794639 0.1127421 0.1136591 0.1156347 0.1168148 0.1198009 0.1148471 0.0982150 0.1682511 0.6423004 0.1016850 0.0987494 0.0965556 0.1046098 0.1005378 0.1026990 0.0981163 0.1191929 0.1428661 0.1271831 0.0720436 0.0984814 0.0385562 0.0909727 0.1064534 0.1836152 0.1069187 0.0610259 0.1975330 0.0647693 0.0716875 0.1059726 0.0000000 0.1068397 0.1977072 0.1460713 0.1361028 0.1417908 0.1244062 
yHAB164_Kazachstania_aerobia                0.1334029 0.0962052 0.1046578 0.1355462 0.1390431 0.1551509 0.1441934 0.1337524 0.1096218 0.1922526 0.6010459 0.1253213 0.1188449 0.1245459 0.1229029 0.1221369 0.1229373 0.1248404 0.1329241 0.1661686 0.1381276 0.1108928 0.0210111 0.1174475 0.0922636 0.0370972 0.1693165 0.1017353 0.0981273 0.1851938 0.1053576 0.1033979 0.0061800 0.1068397 0.0000000 0.1774542 0.1737891 0.1447228 0.1671832 0.1466102 
yHAB166_Kazachstania_yakushimaensis         0.2302010 0.1975543 0.2028470 0.2407957 0.2387086 0.2409640 0.2328892 0.2284908 0.2129039 0.2964108 0.6753730 0.2210274 0.2143802 0.2187798 0.2228555 0.2136260 0.2172640 0.2172984 0.2330471 0.2577419 0.2311508 0.2110202 0.1777223 0.2088882 0.1899093 0.1810213 0.2279795 0.2026837 0.2002073 0.0243708 0.1957694 0.1960832 0.1774802 0.1977072 0.1774542 0.0000000 0.2657955 0.2496631 0.2558943 0.2495502 
yHMPu5000034875_Tetrapisispora_fleetii      0.1673968 0.1359328 0.1755908 0.1549909 0.1707442 0.1777286 0.1733769 0.1699291 0.1422808 0.2087724 0.6499766 0.1425887 0.1453667 0.1431678 0.1511263 0.1490448 0.1489319 0.1449948 0.1463160 0.0338830 0.0965512 0.1486903 0.1710970 0.1526558 0.1559467 0.1755846 0.2160246 0.1589995 0.1497127 0.2676652 0.1441875 0.1388611 0.1759975 0.1460713 0.1737891 0.2657955 0.0000000 0.0508435 0.0133075 0.1496701 
yHMPu5000034876_Tetrapisispora_iriomotensis 0.1563958 0.1210352 0.1554619 0.1340336 0.1577527 0.1545630 0.1633729 0.1559537 0.1315546 0.2080698 0.6510582 0.1185176 0.1232891 0.1240741 0.1262082 0.1275956 0.1271757 0.1258963 0.1216707 0.0563806 0.0855484 0.1286441 0.1399872 0.1427568 0.1353946 0.1462688 0.2042876 0.1387267 0.1299860 0.2581382 0.1311961 0.1175082 0.1468672 0.1361028 0.1447228 0.2496631 0.0508435 0.0000000 0.0432890 0.1376771 
yHMPu5000034877_Tetrapisispora_namnaonensis 0.1617357 0.1378304 0.1729133 0.1560646 0.1645043 0.1765738 0.1676861 0.1654037 0.1412775 0.2090621 0.6601867 0.1409431 0.1410113 0.1404503 0.1483815 0.1454688 0.1435014 0.1422622 0.1408889 0.0352908 0.0950093 0.1425985 0.1651031 0.1465018 0.1532871 0.1702520 0.2152493 0.1552815 0.1448607 0.2601697 0.1401580 0.1333820 0.1693414 0.1417908 0.1671832 0.2558943 0.0133075 0.0432890 0.0000000 0.1431099 
yHMPu5000035629_Yueomyces_sinensis          0.1327329 0.1108933 0.1405405 0.1217721 0.1278178 0.1414811 0.1306204 0.1256558 0.1254851 0.2101261 0.6428014 0.1193923 0.1110560 0.1141813 0.1131333 0.1199344 0.1128494 0.1126737 0.0529222 0.1413798 0.1087577 0.1325974 0.1415751 0.1235404 0.1241786 0.1538077 0.2012421 0.1538613 0.1148537 0.2548574 0.1197273 0.1135480 0.1463893 0.1244062 0.1466102 0.2495502 0.1496701 0.1376771 0.1431099 0.0000000 
