40
Candida_glabrata                            0.0000000 0.2159550 0.2133785 0.2960279 0.1055223 0.3581314 0.1197608 0.0955631 0.2475117 0.2561674 1.3407722 0.2686215 0.2502457 0.2500870 0.2558913 0.2700261 0.2595813 0.2495450 0.2932036 0.3121803 0.3103195 0.2310639 0.2288327 0.2895193 0.2400783 0.2237361 0.2226448 0.3596773 0.2079787 0.2840000 0.2188187 0.2081488 0.2244499 0.2887043 0.2249989 0.3087554 0.2946022 0.2999372 0.2932814 0.4201371 
Kazachstania_africana                       0.2159550 0.0000000 0.2029368 0.2712090 0.1945607 0.3047636 0.2034943 0.1874006 0.2066337 0.2026209 1.3149816 0.1798093 0.1675533 0.1548356 0.1891244 0.1758367 0.1745323 0.1545114 0.2702593 0.2480852 0.2350970 0.1845686 0.2215522 0.2548546 0.1788586 0.2082827 0.2153694 0.3500552 0.1909295 0.2246823 0.1976839 0.2000739 0.2151928 0.2606087 0.2084062 0.2512699 0.2483173 0.2556652 0.2333173 0.3868469 
Kazachstania_naganishii                     0.2133785 0.2029368 0.0000000 0.2707443 0.1922037 0.3115093 0.2187728 0.1835822 0.2452896 0.2275031 1.3334722 0.2168708 0.1925722 0.2069943 0.2071996 0.2193362 0.2065176 0.2069974 0.2694658 0.2564639 0.2839761 0.1887593 0.1736819 0.2375783 0.1575143 0.1771185 0.1561365 0.2890016 0.1821246 0.1778873 0.1921108 0.1684350 0.1700081 0.2083741 0.1704035 0.1919185 0.2492459 0.2768550 0.2665900 0.3311590 
Nakaseomyces_bacillisporus                  0.2960279 0.2712090 0.2707443 0.0000000 0.3050299 0.3156956 0.3155302 0.2933044 0.3230869 0.3206344 1.4367799 0.2813023 0.2745680 0.2732287 0.2986958 0.2796058 0.2941336 0.2731765 0.3245009 0.3433569 0.3006211 0.2937584 0.2948147 0.3202609 0.3173774 0.3210393 0.2947941 0.3893742 0.2780707 0.3302536 0.3083749 0.2674564 0.2978246 0.3116152 0.2924923 0.3391411 0.3229503 0.3348135 0.3057601 0.4490166 
Nakaseomyces_bracarensis                    0.1055223 0.1945607 0.1922037 0.3050299 0.0000000 0.3854379 0.0750421 0.0462172 0.2297321 0.2317306 1.2926651 0.2147466 0.2118380 0.2217880 0.2357592 0.2287126 0.2214833 0.2179358 0.2932500 0.2927931 0.3030339 0.2237404 0.2201626 0.2819755 0.2119610 0.2275044 0.2118252 0.3204833 0.2087452 0.2739392 0.2154796 0.2081411 0.2220411 0.2754832 0.2225768 0.2773223 0.2794721 0.2927422 0.2788131 0.4168617 
Nakaseomyces_castellii                      0.3581314 0.3047636 0.3115093 0.3156956 0.3854379 0.0000000 0.3884072 0.3623124 0.3470280 0.3187578 1.5655911 0.3272328 0.3237084 0.3457642 0.3332354 0.3270333 0.3270738 0.3456268 0.3971712 0.4050650 0.3573811 0.3624645 0.3552339 0.3836203 0.3463756 0.3422772 0.3401847 0.4666596 0.3315976 0.3700929 0.3533234 0.3515602 0.3509048 0.3951822 0.3428911 0.4060574 0.4091535 0.3960667 0.4185849 0.4869825 
Nakaseomyces_delphensis                     0.1197608 0.2034943 0.2187728 0.3155302 0.0750421 0.3884072 0.0000000 0.0734846 0.2503273 0.2526412 1.3145888 0.2422240 0.2278003 0.2348868 0.2318468 0.2513757 0.2349767 0.2309124 0.3280633 0.3044046 0.3206079 0.2186864 0.2295025 0.2795939 0.2455881 0.2251067 0.2289156 0.3522266 0.2261559 0.2844186 0.2286694 0.2180885 0.2251183 0.2929488 0.2256724 0.3151015 0.2916697 0.3134505 0.2908986 0.4292092 
Nakaseomyces_nivariensis                    0.0955631 0.1874006 0.1835822 0.2933044 0.0462172 0.3623124 0.0734846 0.0000000 0.2202000 0.2219343 1.3019304 0.2134349 0.2026136 0.2151635 0.2240029 0.2160688 0.2100426 0.2113421 0.2766650 0.2862062 0.3087899 0.2146594 0.1929504 0.2683452 0.1856651 0.2016132 0.1882723 0.3335758 0.2014472 0.2614551 0.2034330 0.1965691 0.1923465 0.2689716 0.1928039 0.2620902 0.2622000 0.2728065 0.2716627 0.4026445 
Naumovozyma_castellii                       0.2475117 0.2066337 0.2452896 0.3230869 0.2297321 0.3470280 0.2503273 0.2202000 0.0000000 0.0926667 1.2912767 0.1827186 0.1878812 0.1925648 0.2180840 0.2009819 0.1813609 0.1923622 0.2875522 0.2718729 0.2742541 0.1957377 0.1908320 0.2842124 0.2137827 0.2063827 0.2078035 0.3658013 0.1809358 0.2658783 0.1696543 0.2032637 0.2042669 0.2385750 0.1975320 0.2803454 0.2554618 0.2377365 0.2638142 0.3960291 
Naumovozyma_dairenensis                     0.2561674 0.2026209 0.2275031 0.3206344 0.2317306 0.3187578 0.2526412 0.2219343 0.0926667 0.0000000 1.3014232 0.1557076 0.1535498 0.1529650 0.1873516 0.1687557 0.1541633 0.1527918 0.2702144 0.2318162 0.2491760 0.2006741 0.1819554 0.2525633 0.1853824 0.1944091 0.1928271 0.3541451 0.1679175 0.2469235 0.1885660 0.2028653 0.1941069 0.2259271 0.1874025 0.2448575 0.2064097 0.2176755 0.2176044 0.3822700 
Neurospora_crassa                           1.3407722 1.3149816 1.3334722 1.4367799 1.2926651 1.5655911 1.3145888 1.3019304 1.2912767 1.3014232 0.0000000 1.3938913 1.3856517 1.3449265 1.3969297 1.3941067 1.3739803 1.3511172 1.3228495 1.3626298 1.4799625 1.3372560 1.3039126 1.3891924 1.3415158 1.2959444 1.2880219 1.4710584 1.2308114 1.3974293 1.2721420 1.3169628 1.3291202 1.4181971 1.3156609 1.3721080 1.2774651 1.3179263 1.3466333 1.4201491 
Saccharomyces_arboricola                    0.2686215 0.1798093 0.2168708 0.2813023 0.2147466 0.3272328 0.2422240 0.2134349 0.1827186 0.1557076 1.3938913 0.0000000 0.0539319 0.0625415 0.0768172 0.0564182 0.0483131 0.0596339 0.2879698 0.2634794 0.2640576 0.1703084 0.1890304 0.2560155 0.1825022 0.2018686 0.1866853 0.3261851 0.1436908 0.2572144 0.1815743 0.1953924 0.2094412 0.2126504 0.2027245 0.2495053 0.2361364 0.2400272 0.2445555 0.3825678 
Saccharomyces_cerevisiae                    0.2502457 0.1675533 0.1925722 0.2745680 0.2118380 0.3237084 0.2278003 0.2026136 0.1878812 0.1535498 1.3856517 0.0539319 0.0000000 0.0514427 0.0482876 0.0341543 0.0236202 0.0542915 0.2818380 0.2578071 0.2556582 0.1620106 0.1908364 0.2533216 0.1733004 0.1806598 0.1836535 0.3231247 0.1584186 0.2332560 0.1847562 0.1757381 0.1924351 0.2307345 0.1857890 0.2490276 0.2359506 0.2536479 0.2438327 0.3519299 
Saccharomyces_eubayanus                     0.2500870 0.1548356 0.2069943 0.2732287 0.2217880 0.3457642 0.2348868 0.2151635 0.1925648 0.1529650 1.3449265 0.0625415 0.0514427 0.0000000 0.0685031 0.0593310 0.0541899 0.0025858 0.2675070 0.2610254 0.2492294 0.1725850 0.1902963 0.2726005 0.1749215 0.1846886 0.1912214 0.3351498 0.1499641 0.2461532 0.1767957 0.1802796 0.1895744 0.2365785 0.1829262 0.2420533 0.2433139 0.2647487 0.2441088 0.3596983 
Saccharomyces_kudriavzevii                  0.2558913 0.1891244 0.2071996 0.2986958 0.2357592 0.3332354 0.2318468 0.2240029 0.2180840 0.1873516 1.3969297 0.0768172 0.0482876 0.0685031 0.0000000 0.0617478 0.0565579 0.0714310 0.3104759 0.2573660 0.2624002 0.1877374 0.2077212 0.2569438 0.1862039 0.1963547 0.1999508 0.3519625 0.1771303 0.2498009 0.1933351 0.1855355 0.2033512 0.2468854 0.1966179 0.2760883 0.2419063 0.2547956 0.2421272 0.3625564 
Saccharomyces_mikatae                       0.2700261 0.1758367 0.2193362 0.2796058 0.2287126 0.3270333 0.2513757 0.2160688 0.2009819 0.1687557 1.3941067 0.0564182 0.0341543 0.0593310 0.0617478 0.0000000 0.0422029 0.0621876 0.2855632 0.2640506 0.2577201 0.1751568 0.2029706 0.2689871 0.1831973 0.2057848 0.1936043 0.3466232 0.1576988 0.2624531 0.1935303 0.1953399 0.2036388 0.2467990 0.1970062 0.2721837 0.2377878 0.2473495 0.2436599 0.3759494 
Saccharomyces_paradoxus                     0.2595813 0.1745323 0.2065176 0.2941336 0.2214833 0.3270738 0.2349767 0.2100426 0.1813609 0.1541633 1.3739803 0.0483131 0.0236202 0.0541899 0.0565579 0.0422029 0.0000000 0.0570470 0.2875452 0.2512416 0.2655791 0.1846046 0.1838266 0.2629376 0.1826455 0.1832568 0.1795506 0.3282519 0.1605898 0.2365052 0.1934686 0.1824763 0.1980273 0.2267532 0.1913786 0.2484532 0.2297561 0.2447141 0.2449417 0.3651454 
Saccharomyces_uvarum                        0.2495450 0.1545114 0.2069974 0.2731765 0.2179358 0.3456268 0.2309124 0.2113421 0.1923622 0.1527918 1.3511172 0.0596339 0.0542915 0.0025858 0.0714310 0.0621876 0.0570470 0.0000000 0.2674612 0.2594317 0.2486995 0.1722237 0.1866913 0.2720098 0.1713161 0.1810231 0.1875642 0.3324557 0.1466160 0.2421803 0.1764297 0.1814611 0.1859345 0.2360713 0.1793148 0.2381264 0.2418398 0.2606551 0.2401421 0.3595431 
Tetrapisispora_blattae                      0.2932036 0.2702593 0.2694658 0.3245009 0.2932500 0.3971712 0.3280633 0.2766650 0.2875522 0.2702144 1.3228495 0.2879698 0.2818380 0.2675070 0.3104759 0.2855632 0.2875452 0.2674612 0.0000000 0.3268735 0.3309203 0.2673327 0.2717631 0.2874987 0.2699140 0.3030753 0.2645007 0.3975043 0.2565800 0.3073426 0.2818043 0.2654400 0.2747955 0.2898645 0.2754778 0.3169269 0.2909943 0.3039192 0.3003002 0.3620277 
Tetrapisispora_phaffii                      0.3121803 0.2480852 0.2564639 0.3433569 0.2927931 0.4050650 0.3044046 0.2862062 0.2718729 0.2318162 1.3626298 0.2634794 0.2578071 0.2610254 0.2573660 0.2640506 0.2512416 0.2594317 0.3268735 0.0000000 0.2660764 0.2509081 0.2637870 0.3163917 0.2628239 0.2618372 0.2532332 0.4077500 0.2419294 0.2794054 0.2761825 0.2588847 0.2667760 0.2871807 0.2674424 0.2903406 0.0911509 0.1216613 0.0850727 0.4296647 
Vanderwaltozyma_polyspora                   0.3103195 0.2350970 0.2839761 0.3006211 0.3030339 0.3573811 0.3206079 0.3087899 0.2742541 0.2491760 1.4799625 0.2640576 0.2556582 0.2492294 0.2624002 0.2577201 0.2655791 0.2486995 0.3309203 0.2660764 0.0000000 0.2686872 0.2804723 0.2941154 0.2482026 0.2944259 0.2673287 0.3507939 0.2512297 0.2971818 0.2673470 0.2555999 0.2745519 0.2926422 0.2736477 0.2997450 0.2752487 0.2642334 0.2725873 0.4083275 
yHAB132_Kazachstania_martiniae              0.2310639 0.1845686 0.1887593 0.2937584 0.2237404 0.3624645 0.2186864 0.2146594 0.1957377 0.2006741 1.3372560 0.1703084 0.1620106 0.1725850 0.1877374 0.1751568 0.1846046 0.1722237 0.2673327 0.2509081 0.2686872 0.0000000 0.1568941 0.2445028 0.1735926 0.1745257 0.1574499 0.3283623 0.1481120 0.2324360 0.1458181 0.1841194 0.1697131 0.2137883 0.1632763 0.2520218 0.2444603 0.2589025 0.2488286 0.3684209 
yHAB133_Kazachstania_unispora               0.2288327 0.2215522 0.1736819 0.2948147 0.2201626 0.3552339 0.2295025 0.1929504 0.1908320 0.1819554 1.3039126 0.1890304 0.1908364 0.1902963 0.2077212 0.2029706 0.1838266 0.1866913 0.2717631 0.2637870 0.2804723 0.1568941 0.0000000 0.2628787 0.1604670 0.0966724 0.1221010 0.3172320 0.1483683 0.1999575 0.1524637 0.1659701 0.0555541 0.2081976 0.0500785 0.1974845 0.2511676 0.2585125 0.2652272 0.4057090 
yHAB134_Kazachstania_turicensis             0.2895193 0.2548546 0.2375783 0.3202609 0.2819755 0.3836203 0.2795939 0.2683452 0.2842124 0.2525633 1.3891924 0.2560155 0.2533216 0.2726005 0.2569438 0.2689871 0.2629376 0.2720098 0.2874987 0.3163917 0.2941154 0.2445028 0.2628787 0.0000000 0.2638835 0.2569365 0.2321032 0.4026360 0.2278697 0.2902620 0.2376046 0.2755048 0.2633456 0.1518259 0.2639811 0.3112783 0.2881178 0.2892145 0.3012520 0.4190380 
yHAB136_Kazachstania_bromeliacearum         0.2400783 0.1788586 0.1575143 0.3173774 0.2119610 0.3463756 0.2455881 0.1856651 0.2137827 0.1853824 1.3415158 0.1825022 0.1733004 0.1749215 0.1862039 0.1831973 0.1826455 0.1713161 0.2699140 0.2628239 0.2482026 0.1735926 0.1604670 0.2638835 0.0000000 0.1618224 0.1208332 0.3424784 0.1435357 0.2396002 0.1720970 0.1755560 0.1650345 0.2307863 0.1645111 0.2318937 0.2454353 0.2466462 0.2601453 0.3650066 
yHAB143_Kazachstania_siamensis              0.2237361 0.2082827 0.1771185 0.3210393 0.2275044 0.3422772 0.2251067 0.2016132 0.2063827 0.1944091 1.2959444 0.2018686 0.1806598 0.1846886 0.1963547 0.2057848 0.1832568 0.1810231 0.3030753 0.2618372 0.2944259 0.1745257 0.0966724 0.2569365 0.1618224 0.0000000 0.1452291 0.3451710 0.1791286 0.2011849 0.1768328 0.1516668 0.1026405 0.2403739 0.0967482 0.2142554 0.2696925 0.2622694 0.2853116 0.3834723 
yHAB147_Kazachstania_taianensis             0.2226448 0.2153694 0.1561365 0.2947941 0.2118252 0.3401847 0.2289156 0.1882723 0.2078035 0.1928271 1.2880219 0.1866853 0.1836535 0.1912214 0.1999508 0.1936043 0.1795506 0.1875642 0.2645007 0.2532332 0.2673287 0.1574499 0.1221010 0.2321032 0.1208332 0.1452291 0.0000000 0.2942635 0.1303595 0.1715086 0.1689102 0.1658085 0.1378765 0.2202130 0.1315730 0.1870452 0.2334355 0.2350736 0.2569300 0.3322369 
yHAB148_Kazachstania_intestinalis           0.3596773 0.3500552 0.2890016 0.3893742 0.3204833 0.4666596 0.3522266 0.3335758 0.3658013 0.3541451 1.4710584 0.3261851 0.3231247 0.3351498 0.3519625 0.3466232 0.3282519 0.3324557 0.3975043 0.4077500 0.3507939 0.3283623 0.3172320 0.4026360 0.3424784 0.3451710 0.2942635 0.0000000 0.3083238 0.3548859 0.3472608 0.2941648 0.3085862 0.3881114 0.3035057 0.3459133 0.4024144 0.4038151 0.4091691 0.4710378 
yHAB153_Kazachstania_rosinii                0.2079787 0.1909295 0.1821246 0.2780707 0.2087452 0.3315976 0.2261559 0.2014472 0.1809358 0.1679175 1.2308114 0.1436908 0.1584186 0.1499641 0.1771303 0.1576988 0.1605898 0.1466160 0.2565800 0.2419294 0.2512297 0.1481120 0.1483683 0.2278697 0.1435357 0.1791286 0.1303595 0.3083238 0.0000000 0.2269520 0.1182572 0.1828880 0.1714514 0.1833867 0.1650337 0.2203641 0.2361740 0.2255408 0.2465246 0.3457128 
yHAB154_Kazachstania_transvaalensis         0.2840000 0.2246823 0.1778873 0.3302536 0.2739392 0.3700929 0.2844186 0.2614551 0.2658783 0.2469235 1.3974293 0.2572144 0.2332560 0.2461532 0.2498009 0.2624531 0.2365052 0.2421803 0.3073426 0.2794054 0.2971818 0.2324360 0.1999575 0.2902620 0.2396002 0.2011849 0.1715086 0.3548859 0.2269520 0.0000000 0.2549423 0.2299278 0.2050122 0.2544754 0.1981348 0.0689203 0.2878829 0.2747028 0.2917155 0.3603668 
yHAB155_Kazachstania_spencerorum            0.2188187 0.1976839 0.1921108 0.3083749 0.2154796 0.3533234 0.2286694 0.2034330 0.1696543 0.1885660 1.2721420 0.1815743 0.1847562 0.1767957 0.1933351 0.1935303 0.1934686 0.1764297 0.2818043 0.2761825 0.2673470 0.1458181 0.1524637 0.2376046 0.1720970 0.1768328 0.1689102 0.3472608 0.1182572 0.2549423 0.0000000 0.1760623 0.1585864 0.2037472 0.1522407 0.2607871 0.2528899 0.2524886 0.2718135 0.3767474 
yHAB158_Kazachstania_viticola               0.2081488 0.2000739 0.1684350 0.2674564 0.2081411 0.3515602 0.2180885 0.1965691 0.2032637 0.2028653 1.3169628 0.1953924 0.1757381 0.1802796 0.1855355 0.1953399 0.1824763 0.1814611 0.2654400 0.2588847 0.2555999 0.1841194 0.1659701 0.2755048 0.1755560 0.1516668 0.1658085 0.2941648 0.1828880 0.2299278 0.1760623 0.0000000 0.1618204 0.2212966 0.1554508 0.2402739 0.2323247 0.2455466 0.2446819 0.3510703 
yHAB159_Kazachstania_solicola               0.2244499 0.2151928 0.1700081 0.2978246 0.2220411 0.3509048 0.2251183 0.1923465 0.2042669 0.1941069 1.3291202 0.2094412 0.1924351 0.1895744 0.2033512 0.2036388 0.1980273 0.1859345 0.2747955 0.2667760 0.2745519 0.1697131 0.0555541 0.2633456 0.1650345 0.1026405 0.1378765 0.3085862 0.1714514 0.2050122 0.1585864 0.1618204 0.0000000 0.2218021 0.0051441 0.2136377 0.2409587 0.2587735 0.2652897 0.3832660 
yHAB160_Kazachstania_kunashirensis          0.2887043 0.2606087 0.2083741 0.3116152 0.2754832 0.3951822 0.2929488 0.2689716 0.2385750 0.2259271 1.4181971 0.2126504 0.2307345 0.2365785 0.2468854 0.2467990 0.2267532 0.2360713 0.2898645 0.2871807 0.2926422 0.2137883 0.2081976 0.1518259 0.2307863 0.2403739 0.2202130 0.3881114 0.1833867 0.2544754 0.2037472 0.2212966 0.2218021 0.0000000 0.2247176 0.2626892 0.2807030 0.2899375 0.2963604 0.3771822 
yHAB164_Kazachstania_aerobia                0.2249989 0.2084062 0.1704035 0.2924923 0.2225768 0.3428911 0.2256724 0.1928039 0.1975320 0.1874025 1.3156609 0.2027245 0.1857890 0.1829262 0.1966179 0.1970062 0.1913786 0.1793148 0.2754778 0.2674424 0.2736477 0.1632763 0.0500785 0.2639811 0.1645111 0.0967482 0.1315730 0.3035057 0.1650337 0.1981348 0.1522407 0.1554508 0.0051441 0.2247176 0.0000000 0.2067967 0.2415563 0.2594058 0.2659472 0.3773969 
yHAB166_Kazachstania_yakushimaensis         0.3087554 0.2512699 0.1919185 0.3391411 0.2773223 0.4060574 0.3151015 0.2620902 0.2803454 0.2448575 1.3721080 0.2495053 0.2490276 0.2420533 0.2760883 0.2721837 0.2484532 0.2381264 0.3169269 0.2903406 0.2997450 0.2520218 0.1974845 0.3112783 0.2318937 0.2142554 0.1870452 0.3459133 0.2203641 0.0689203 0.2607871 0.2402739 0.2136377 0.2626892 0.2067967 0.0000000 0.2805179 0.2721337 0.2914624 0.3846567 
yHMPu5000034875_Tetrapisispora_fleetii      0.2946022 0.2483173 0.2492459 0.3229503 0.2794721 0.4091535 0.2916697 0.2622000 0.2554618 0.2064097 1.2774651 0.2361364 0.2359506 0.2433139 0.2419063 0.2377878 0.2297561 0.2418398 0.2909943 0.0911509 0.2752487 0.2444603 0.2511676 0.2881178 0.2454353 0.2696925 0.2334355 0.4024144 0.2361740 0.2878829 0.2528899 0.2323247 0.2409587 0.2807030 0.2415563 0.2805179 0.0000000 0.1379170 0.0479674 0.4009024 
yHMPu5000034876_Tetrapisispora_iriomotensis 0.2999372 0.2556652 0.2768550 0.3348135 0.2927422 0.3960667 0.3134505 0.2728065 0.2377365 0.2176755 1.3179263 0.2400272 0.2536479 0.2647487 0.2547956 0.2473495 0.2447141 0.2606551 0.3039192 0.1216613 0.2642334 0.2589025 0.2585125 0.2892145 0.2466462 0.2622694 0.2350736 0.4038151 0.2255408 0.2747028 0.2524886 0.2455466 0.2587735 0.2899375 0.2594058 0.2721337 0.1379170 0.0000000 0.1377771 0.4101491 
yHMPu5000034877_Tetrapisispora_namnaonensis 0.2932814 0.2333173 0.2665900 0.3057601 0.2788131 0.4185849 0.2908986 0.2716627 0.2638142 0.2176044 1.3466333 0.2445555 0.2438327 0.2441088 0.2421272 0.2436599 0.2449417 0.2401421 0.3003002 0.0850727 0.2725873 0.2488286 0.2652272 0.3012520 0.2601453 0.2853116 0.2569300 0.4091691 0.2465246 0.2917155 0.2718135 0.2446819 0.2652897 0.2963604 0.2659472 0.2914624 0.0479674 0.1377771 0.0000000 0.4007420 
yHMPu5000035629_Yueomyces_sinensis          0.4201371 0.3868469 0.3311590 0.4490166 0.4168617 0.4869825 0.4292092 0.4026445 0.3960291 0.3822700 1.4201491 0.3825678 0.3519299 0.3596983 0.3625564 0.3759494 0.3651454 0.3595431 0.3620277 0.4296647 0.4083275 0.3684209 0.4057090 0.4190380 0.3650066 0.3834723 0.3322369 0.4710378 0.3457128 0.3603668 0.3767474 0.3510703 0.3832660 0.3771822 0.3773969 0.3846567 0.4009024 0.4101491 0.4007420 0.0000000 
