40
Candida_glabrata                            0.0000000 0.2692626 0.3594407 0.3495772 0.1602303 0.4081849 0.1644681 0.1514583 0.2662259 0.3175266 0.8556381 0.2953731 0.3138020 0.3015353 0.3337618 0.2915786 0.2768627 0.3198495 0.3825955 0.2394289 0.2471185 0.2391862 0.2151023 0.2729005 0.2748401 0.2127143 0.6196434 0.2819162 0.2683256 0.3538541 0.2836462 0.2379201 0.2117223 0.2554112 0.2292477 0.3481485 0.2383470 0.2351597 0.2855825 0.4666001 
Kazachstania_africana                       0.2692626 0.0000000 0.2430345 0.2539556 0.2411802 0.4757165 0.2468808 0.2519635 0.1932166 0.2140718 0.8492247 0.3593878 0.3282730 0.3424143 0.3369332 0.3335505 0.3403396 0.3547801 0.3192815 0.2226250 0.2174787 0.1477898 0.1501420 0.2604331 0.1550038 0.1177013 0.5954233 0.2343612 0.1767484 0.3490351 0.2085522 0.1524457 0.1624033 0.1853665 0.1438876 0.3666210 0.2200595 0.2577618 0.2382764 0.5027950 
Kazachstania_naganishii                     0.3594407 0.2430345 0.0000000 0.3365955 0.3091922 0.4772973 0.3304931 0.3097573 0.2524411 0.2739637 0.8271631 0.3882226 0.3895123 0.4085824 0.3956458 0.4016986 0.3691817 0.4200062 0.3623735 0.2856354 0.2917687 0.2419542 0.3044012 0.3219765 0.2718379 0.2576599 0.6867570 0.2644209 0.2958466 0.3676663 0.3043197 0.2813328 0.3078196 0.2646462 0.2959339 0.3472979 0.2470291 0.2816481 0.2774259 0.4774384 
Nakaseomyces_bacillisporus                  0.3495772 0.2539556 0.3365955 0.0000000 0.3252435 0.5659716 0.3626529 0.3525485 0.2337177 0.2541497 0.8304789 0.4701216 0.4201817 0.4405264 0.4210749 0.4174403 0.4381451 0.4707433 0.2872009 0.2014417 0.2154716 0.2744120 0.2650268 0.3409045 0.2963008 0.2567831 0.6460694 0.3212994 0.2867467 0.3631597 0.2748739 0.2574637 0.2786907 0.2553652 0.2571617 0.3203698 0.2359919 0.2154299 0.2259654 0.4699708 
Nakaseomyces_bracarensis                    0.1602303 0.2411802 0.3091922 0.3252435 0.0000000 0.4011205 0.0600973 0.0257679 0.2176728 0.2650570 0.8529795 0.2830893 0.2931109 0.2968225 0.2921901 0.2906770 0.2669868 0.3070717 0.3194128 0.1865706 0.2286556 0.2459387 0.2272457 0.2653133 0.2295145 0.2264916 0.6647549 0.2683493 0.2891228 0.3345532 0.2797422 0.2040627 0.2191908 0.2396048 0.2273401 0.2974653 0.2096385 0.1845465 0.2049925 0.4458451 
Nakaseomyces_castellii                      0.4081849 0.4757165 0.4772973 0.5659716 0.4011205 0.0000000 0.4251760 0.3895800 0.5489873 0.5129991 0.9246492 0.5000352 0.5098813 0.5117184 0.5040582 0.5087012 0.4885421 0.5087560 0.6304227 0.4360987 0.5231889 0.4699874 0.4763648 0.4309151 0.5600133 0.4978929 0.7907112 0.4991593 0.5192962 0.5940704 0.5216208 0.4589492 0.4734859 0.5074367 0.4942428 0.6008931 0.4338991 0.4700946 0.4414130 0.6281849 
Nakaseomyces_delphensis                     0.1644681 0.2468808 0.3304931 0.3626529 0.0600973 0.4251760 0.0000000 0.0542384 0.2868049 0.3250396 0.8751687 0.3423935 0.3527021 0.3210477 0.3348114 0.3447016 0.3242612 0.3451839 0.3524671 0.2430655 0.2747913 0.2351333 0.2302757 0.2988630 0.2217258 0.2373501 0.7090964 0.2644696 0.2992518 0.3279190 0.2967083 0.2319537 0.2170315 0.2944089 0.2156376 0.3424022 0.2622571 0.2696602 0.2758302 0.4824032 
Nakaseomyces_nivariensis                    0.1514583 0.2519635 0.3097573 0.3525485 0.0257679 0.3895800 0.0542384 0.0000000 0.2268407 0.2685167 0.8136683 0.2985608 0.3085258 0.3047972 0.3077050 0.3055509 0.2777265 0.3221941 0.2949023 0.1992222 0.2282342 0.2454588 0.2108255 0.2658022 0.2466083 0.2260918 0.6388195 0.2769600 0.2878878 0.3439706 0.2747318 0.2322577 0.2020251 0.2391490 0.2109096 0.3151248 0.2146622 0.2111683 0.2272414 0.4232780 
Naumovozyma_castellii                       0.2662259 0.1932166 0.2524411 0.2337177 0.2176728 0.5489873 0.2868049 0.2268407 0.0000000 0.1493923 0.7883444 0.2871950 0.2703875 0.2944991 0.3030250 0.2642069 0.2660100 0.3062970 0.2697351 0.1394667 0.1302236 0.1859000 0.2063349 0.2372202 0.1813309 0.1693095 0.6468990 0.2331026 0.1883105 0.3146049 0.2052128 0.2059535 0.2196092 0.1580349 0.2134335 0.2745026 0.1483986 0.1488441 0.1731613 0.4618387 
Naumovozyma_dairenensis                     0.3175266 0.2140718 0.2739637 0.2541497 0.2650570 0.5129991 0.3250396 0.2685167 0.1493923 0.0000000 0.8109437 0.2874955 0.2754514 0.2985833 0.3182171 0.2734060 0.2708502 0.3246166 0.2976941 0.1871199 0.1636539 0.2190722 0.2260293 0.1965687 0.1971272 0.1677436 0.6260406 0.2493750 0.2228280 0.3543654 0.2074053 0.2626902 0.2248970 0.1530535 0.2328996 0.3000205 0.1696724 0.2069654 0.1993205 0.4291920 
Neurospora_crassa                           0.8556381 0.8492247 0.8271631 0.8304789 0.8529795 0.9246492 0.8751687 0.8136683 0.7883444 0.8109437 0.0000000 0.9463205 0.9468472 0.8961295 0.9265787 0.9255655 0.9042184 0.9253100 0.8053248 0.8210711 0.7203610 0.8848189 0.7969386 0.7512952 0.9316493 0.8416459 1.0619400 0.9712924 0.7903735 0.7243125 0.8539661 0.9085174 0.8199404 0.7684269 0.7869970 0.6768347 0.8654881 0.8596065 0.8569000 0.8612393 
Saccharomyces_arboricola                    0.2953731 0.3593878 0.3882226 0.4701216 0.2830893 0.5000352 0.3423935 0.2985608 0.2871950 0.2874955 0.9463205 0.0000000 0.0570955 0.0463076 0.0410573 0.0804165 0.0405509 0.0459331 0.4169183 0.3628290 0.3022007 0.3432338 0.3491786 0.3373097 0.3619483 0.2933199 0.6322183 0.3799597 0.3747915 0.4398181 0.3447745 0.3115450 0.3584511 0.2999773 0.3658903 0.4182834 0.3819812 0.3694918 0.3717213 0.5852589 
Saccharomyces_cerevisiae                    0.3138020 0.3282730 0.3895123 0.4201817 0.2931109 0.5098813 0.3527021 0.3085258 0.2703875 0.2754514 0.9468472 0.0570955 0.0000000 0.0460893 0.0571021 0.0466367 0.0249449 0.0670868 0.3968188 0.3336070 0.2640663 0.3023198 0.3133115 0.3500604 0.3326350 0.2685667 0.5977614 0.3400500 0.3803064 0.4426124 0.3504941 0.3000834 0.3223326 0.2741094 0.3291959 0.4050967 0.3559388 0.3536930 0.3397271 0.5918372 
Saccharomyces_eubayanus                     0.3015353 0.3424143 0.4085824 0.4405264 0.2968225 0.5117184 0.3210477 0.3047972 0.2944991 0.2985833 0.8961295 0.0463076 0.0460893 0.0000000 0.0464861 0.0700219 0.0510346 0.0251304 0.4156867 0.3677145 0.2984897 0.3174766 0.3493090 0.3454611 0.3508602 0.3020110 0.5661338 0.3531885 0.3687723 0.4214133 0.3474519 0.3183787 0.3533041 0.3045769 0.3485907 0.3846706 0.3847220 0.3928004 0.3776128 0.5789193 
Saccharomyces_kudriavzevii                  0.3337618 0.3369332 0.3956458 0.4210749 0.2921901 0.5040582 0.3348114 0.3077050 0.3030250 0.3182171 0.9265787 0.0410573 0.0571021 0.0464861 0.0000000 0.0928072 0.0515983 0.0461086 0.4228408 0.3922070 0.3114126 0.3335104 0.3483692 0.3687614 0.3695229 0.3004943 0.5908540 0.3798403 0.3637627 0.4301967 0.3340511 0.3056545 0.3576307 0.3272188 0.3476427 0.4145602 0.4097526 0.4000020 0.3993907 0.5735933 
Saccharomyces_mikatae                       0.2915786 0.3335505 0.4016986 0.4174403 0.2906770 0.5087012 0.3447016 0.3055509 0.2642069 0.2734060 0.9255655 0.0804165 0.0466367 0.0700219 0.0928072 0.0000000 0.0516989 0.0861187 0.4069243 0.3257039 0.2553195 0.2942469 0.3188758 0.3254841 0.3222297 0.2646683 0.6152607 0.3396975 0.3640327 0.4282686 0.3475257 0.3031352 0.3114326 0.2893673 0.3344804 0.3917394 0.3495064 0.3459275 0.3370217 0.5788117 
Saccharomyces_paradoxus                     0.2768627 0.3403396 0.3691817 0.4381451 0.2669868 0.4885421 0.3242612 0.2777265 0.2660100 0.2708502 0.9042184 0.0405509 0.0249449 0.0510346 0.0515983 0.0516989 0.0000000 0.0615559 0.4012740 0.3423919 0.2799496 0.3199309 0.3174083 0.3319738 0.3369481 0.2719407 0.5869637 0.3593904 0.3610520 0.4308589 0.3319107 0.3116491 0.3265058 0.2987742 0.3334750 0.4094156 0.3604784 0.3480020 0.3506947 0.5628224 
Saccharomyces_uvarum                        0.3198495 0.3547801 0.4200062 0.4707433 0.3070717 0.5087560 0.3451839 0.3221941 0.3062970 0.3246166 0.9253100 0.0459331 0.0670868 0.0251304 0.0461086 0.0861187 0.0615559 0.0000000 0.4260470 0.3953917 0.3250993 0.3407166 0.3618950 0.3604979 0.3780543 0.3138068 0.5900647 0.3577114 0.3694061 0.4376446 0.3603031 0.3238500 0.3567018 0.3215110 0.3611647 0.4218336 0.4129719 0.4063893 0.4056496 0.6083353 
Tetrapisispora_blattae                      0.3825955 0.3192815 0.3623735 0.2872009 0.3194128 0.6304227 0.3524671 0.2949023 0.2697351 0.2976941 0.8053248 0.4169183 0.3968188 0.4156867 0.4228408 0.4069243 0.4012740 0.4260470 0.0000000 0.2406194 0.2400102 0.3265544 0.3370008 0.3683842 0.3725916 0.2992484 0.5803056 0.3385725 0.3022141 0.3944924 0.3605218 0.3293401 0.3361365 0.2527336 0.3223328 0.3752179 0.2946887 0.2790216 0.2825895 0.3962281 
Tetrapisispora_phaffii                      0.2394289 0.2226250 0.2856354 0.2014417 0.1865706 0.4360987 0.2430655 0.1992222 0.1394667 0.1871199 0.8210711 0.3628290 0.3336070 0.3677145 0.3922070 0.3257039 0.3423919 0.3953917 0.2406194 0.0000000 0.1204161 0.2087737 0.2396696 0.2530460 0.2409015 0.2132131 0.6101086 0.2409692 0.2476024 0.3565563 0.2311935 0.2157203 0.2461147 0.1793115 0.2397694 0.3198352 0.0512896 0.0742918 0.0576448 0.5041635 
Vanderwaltozyma_polyspora                   0.2471185 0.2174787 0.2917687 0.2154716 0.2286556 0.5231889 0.2747913 0.2282342 0.1302236 0.1636539 0.7203610 0.3022007 0.2640663 0.2984897 0.3114126 0.2553195 0.2799496 0.3250993 0.2400102 0.1204161 0.0000000 0.1855214 0.2058963 0.2053339 0.1918897 0.1581387 0.5229231 0.2302818 0.2235591 0.2732636 0.2158143 0.2219201 0.2117526 0.1599299 0.2197808 0.2401453 0.1578137 0.1287362 0.1468784 0.4259584 
yHAB132_Kazachstania_martiniae              0.2391862 0.1477898 0.2419542 0.2744120 0.2459387 0.4699874 0.2351333 0.2454588 0.1859000 0.2190722 0.8848189 0.3432338 0.3023198 0.3174766 0.3335104 0.2942469 0.3199309 0.3407166 0.3265544 0.2087737 0.1855214 0.0000000 0.1796448 0.2342509 0.1554084 0.1197710 0.6357888 0.2183142 0.1772981 0.3789544 0.2302685 0.1591706 0.1851531 0.1636790 0.1792536 0.3669648 0.2026352 0.2353916 0.2279355 0.5507476 
yHAB133_Kazachstania_unispora               0.2151023 0.1501420 0.3044012 0.2650268 0.2272457 0.4763648 0.2302757 0.2108255 0.2063349 0.2260293 0.7969386 0.3491786 0.3133115 0.3493090 0.3483692 0.3188758 0.3174083 0.3618950 0.3370008 0.2396696 0.2058963 0.1796448 0.0000000 0.2632297 0.1266598 0.0523753 0.5862558 0.2473925 0.2286975 0.3796038 0.2764673 0.1933076 0.0148524 0.2072810 0.0098886 0.3794963 0.2177801 0.2758454 0.2650966 0.4821478 
yHAB134_Kazachstania_turicensis             0.2729005 0.2604331 0.3219765 0.3409045 0.2653133 0.4309151 0.2988630 0.2658022 0.2372202 0.1965687 0.7512952 0.3373097 0.3500604 0.3454611 0.3687614 0.3254841 0.3319738 0.3604979 0.3683842 0.2530460 0.2053339 0.2342509 0.2632297 0.0000000 0.2338294 0.2129318 0.6303596 0.2882027 0.2629577 0.3142787 0.2602913 0.2725240 0.2569170 0.1391221 0.2704004 0.2971526 0.2475442 0.2544770 0.2453481 0.4921863 
yHAB136_Kazachstania_bromeliacearum         0.2748401 0.1550038 0.2718379 0.2963008 0.2295145 0.5600133 0.2217258 0.2466083 0.1813309 0.1971272 0.9316493 0.3619483 0.3326350 0.3508602 0.3695229 0.3222297 0.3369481 0.3780543 0.3725916 0.2409015 0.1918897 0.1554084 0.1266598 0.2338294 0.0000000 0.0693394 0.6509479 0.2162393 0.2326123 0.3152192 0.2409468 0.2051970 0.1150982 0.2097770 0.1266889 0.3237763 0.2187983 0.2393132 0.2521090 0.5325333 
yHAB143_Kazachstania_siamensis              0.2127143 0.1177013 0.2576599 0.2567831 0.2264916 0.4978929 0.2373501 0.2260918 0.1693095 0.1677436 0.8416459 0.2933199 0.2685667 0.3020110 0.3004943 0.2646683 0.2719407 0.3138068 0.2992484 0.2132131 0.1581387 0.1197710 0.0523753 0.2129318 0.0693394 0.0000000 0.6028457 0.1982593 0.1750776 0.3372992 0.2371412 0.1584443 0.0575465 0.1719095 0.0632314 0.3404707 0.1949083 0.2399267 0.2324161 0.5059878 
yHAB147_Kazachstania_taianensis             0.6196434 0.5954233 0.6867570 0.6460694 0.6647549 0.7907112 0.7090964 0.6388195 0.6468990 0.6260406 1.0619400 0.6322183 0.5977614 0.5661338 0.5908540 0.6152607 0.5869637 0.5900647 0.5803056 0.6101086 0.5229231 0.6357888 0.5862558 0.6303596 0.6509479 0.6028457 0.0000000 0.6366328 0.7371254 0.6806320 0.6305101 0.6701667 0.6001712 0.6490519 0.5855312 0.6352616 0.6233207 0.6200158 0.6101127 0.6154214 
yHAB148_Kazachstania_intestinalis           0.2819162 0.2343612 0.2644209 0.3212994 0.2683493 0.4991593 0.2644696 0.2769600 0.2331026 0.2493750 0.9712924 0.3799597 0.3400500 0.3531885 0.3798403 0.3396975 0.3593904 0.3577114 0.3385725 0.2409692 0.2302818 0.2183142 0.2473925 0.2882027 0.2162393 0.1982593 0.6366328 0.0000000 0.2591328 0.3670946 0.2710856 0.2552301 0.2461161 0.2552745 0.2429187 0.3581132 0.2208890 0.2718789 0.2636947 0.5232856 
yHAB153_Kazachstania_rosinii                0.2683256 0.1767484 0.2958466 0.2867467 0.2891228 0.5192962 0.2992518 0.2878878 0.1883105 0.2228280 0.7903735 0.3747915 0.3803064 0.3687723 0.3637627 0.3640327 0.3610520 0.3694061 0.3022141 0.2476024 0.2235591 0.1772981 0.2286975 0.2629577 0.2326123 0.1750776 0.7371254 0.2591328 0.0000000 0.3398415 0.1852877 0.2205335 0.2293470 0.1879978 0.2211490 0.3600937 0.2378745 0.2848851 0.2724736 0.4788546 
yHAB154_Kazachstania_transvaalensis         0.3538541 0.3490351 0.3676663 0.3631597 0.3345532 0.5940704 0.3279190 0.3439706 0.3146049 0.3543654 0.7243125 0.4398181 0.4426124 0.4214133 0.4301967 0.4282686 0.4308589 0.4376446 0.3944924 0.3565563 0.2732636 0.3789544 0.3796038 0.3142787 0.3152192 0.3372992 0.6806320 0.3670946 0.3398415 0.0000000 0.2975627 0.3474135 0.3752082 0.3203270 0.3697752 0.0578042 0.3804770 0.3180367 0.3792420 0.3986197 
yHAB155_Kazachstania_spencerorum            0.2836462 0.2085522 0.3043197 0.2748739 0.2797422 0.5216208 0.2967083 0.2747318 0.2052128 0.2074053 0.8539661 0.3447745 0.3504941 0.3474519 0.3340511 0.3475257 0.3319107 0.3603031 0.3605218 0.2311935 0.2158143 0.2302685 0.2764673 0.2602913 0.2409468 0.2371412 0.6305101 0.2710856 0.1852877 0.2975627 0.0000000 0.2669380 0.2926129 0.2182824 0.2704898 0.3036913 0.2155992 0.2263625 0.2453450 0.5121595 
yHAB158_Kazachstania_viticola               0.2379201 0.1524457 0.2813328 0.2574637 0.2040627 0.4589492 0.2319537 0.2322577 0.2059535 0.2626902 0.9085174 0.3115450 0.3000834 0.3183787 0.3056545 0.3031352 0.3116491 0.3238500 0.3293401 0.2157203 0.2219201 0.1591706 0.1933076 0.2725240 0.2051970 0.1584443 0.6701667 0.2552301 0.2205335 0.3474135 0.2669380 0.0000000 0.1926935 0.2067030 0.1866836 0.3518525 0.2204672 0.2299008 0.2329900 0.4979021 
yHAB159_Kazachstania_solicola               0.2117223 0.1624033 0.3078196 0.2786907 0.2191908 0.4734859 0.2170315 0.2020251 0.2196092 0.2248970 0.8199404 0.3584511 0.3223326 0.3533041 0.3576307 0.3114326 0.3265058 0.3567018 0.3361365 0.2461147 0.2117526 0.1851531 0.0148524 0.2569170 0.1150982 0.0575465 0.6001712 0.2461161 0.2293470 0.3752082 0.2926129 0.1926935 0.0000000 0.2062871 0.0148505 0.3751235 0.2241197 0.2819297 0.2716700 0.4790703 
yHAB160_Kazachstania_kunashirensis          0.2554112 0.1853665 0.2646462 0.2553652 0.2396048 0.5074367 0.2944089 0.2391490 0.1580349 0.1530535 0.7684269 0.2999773 0.2741094 0.3045769 0.3272188 0.2893673 0.2987742 0.3215110 0.2527336 0.1793115 0.1599299 0.1636790 0.2072810 0.1391221 0.2097770 0.1719095 0.6490519 0.2552745 0.1879978 0.3203270 0.2182824 0.2067030 0.2062871 0.0000000 0.2139195 0.2951614 0.1994623 0.2056211 0.2087417 0.4540705 
yHAB164_Kazachstania_aerobia                0.2292477 0.1438876 0.2959339 0.2571617 0.2273401 0.4942428 0.2156376 0.2109096 0.2134335 0.2328996 0.7869970 0.3658903 0.3291959 0.3485907 0.3476427 0.3344804 0.3334750 0.3611647 0.3223328 0.2397694 0.2197808 0.1792536 0.0098886 0.2704004 0.1266889 0.0632314 0.5855312 0.2429187 0.2211490 0.3697752 0.2704898 0.1866836 0.0148505 0.2139195 0.0000000 0.3697187 0.2178670 0.2908860 0.2652093 0.4717102 
yHAB166_Kazachstania_yakushimaensis         0.3481485 0.3666210 0.3472979 0.3203698 0.2974653 0.6008931 0.3424022 0.3151248 0.2745026 0.3000205 0.6768347 0.4182834 0.4050967 0.3846706 0.4145602 0.3917394 0.4094156 0.4218336 0.3752179 0.3198352 0.2401453 0.3669648 0.3794963 0.2971526 0.3237763 0.3404707 0.6352616 0.3581132 0.3600937 0.0578042 0.3036913 0.3518525 0.3751235 0.2951614 0.3697187 0.0000000 0.3425755 0.2960697 0.3462400 0.4180578 
yHMPu5000034875_Tetrapisispora_fleetii      0.2383470 0.2200595 0.2470291 0.2359919 0.2096385 0.4338991 0.2622571 0.2146622 0.1483986 0.1696724 0.8654881 0.3819812 0.3559388 0.3847220 0.4097526 0.3495064 0.3604784 0.4129719 0.2946887 0.0512896 0.1578137 0.2026352 0.2177801 0.2475442 0.2187983 0.1949083 0.6233207 0.2208890 0.2378745 0.3804770 0.2155992 0.2204672 0.2241197 0.1994623 0.2178670 0.3425755 0.0000000 0.1162828 0.0578742 0.5274609 
yHMPu5000034876_Tetrapisispora_iriomotensis 0.2351597 0.2577618 0.2816481 0.2154299 0.1845465 0.4700946 0.2696602 0.2111683 0.1488441 0.2069654 0.8596065 0.3694918 0.3536930 0.3928004 0.4000020 0.3459275 0.3480020 0.4063893 0.2790216 0.0742918 0.1287362 0.2353916 0.2758454 0.2544770 0.2393132 0.2399267 0.6200158 0.2718789 0.2848851 0.3180367 0.2263625 0.2299008 0.2819297 0.2056211 0.2908860 0.2960697 0.1162828 0.0000000 0.1137728 0.4841732 
yHMPu5000034877_Tetrapisispora_namnaonensis 0.2855825 0.2382764 0.2774259 0.2259654 0.2049925 0.4414130 0.2758302 0.2272414 0.1731613 0.1993205 0.8569000 0.3717213 0.3397271 0.3776128 0.3993907 0.3370217 0.3506947 0.4056496 0.2825895 0.0576448 0.1468784 0.2279355 0.2650966 0.2453481 0.2521090 0.2324161 0.6101127 0.2636947 0.2724736 0.3792420 0.2453450 0.2329900 0.2716700 0.2087417 0.2652093 0.3462400 0.0578742 0.1137728 0.0000000 0.5346434 
yHMPu5000035629_Yueomyces_sinensis          0.4666001 0.5027950 0.4774384 0.4699708 0.4458451 0.6281849 0.4824032 0.4232780 0.4618387 0.4291920 0.8612393 0.5852589 0.5918372 0.5789193 0.5735933 0.5788117 0.5628224 0.6083353 0.3962281 0.5041635 0.4259584 0.5507476 0.4821478 0.4921863 0.5325333 0.5059878 0.6154214 0.5232856 0.4788546 0.3986197 0.5121595 0.4979021 0.4790703 0.4540705 0.4717102 0.4180578 0.5274609 0.4841732 0.5346434 0.0000000 
