40
Candida_glabrata                            0.0000000 0.0594574 0.0559891 0.0667499 0.0183839 0.0632754 0.0201516 0.0156255 0.0437446 0.0462031 0.5880777 0.0525933 0.0507933 0.0523966 0.0532388 0.0505865 0.0529679 0.0527311 0.0765320 0.0640683 0.0493137 1.8954173 0.0566248 0.0558582 0.0597857 0.0540021 0.0546900 0.0596808 0.0596880 0.0575010 0.0655788 0.0547067 0.0590445 0.0605869 0.0583359 0.0569252 0.0616325 0.0536350 0.0597096 0.0726544 
Kazachstania_africana                       0.0594574 0.0000000 0.0515361 0.0653228 0.0568429 0.0779318 0.0593697 0.0526954 0.0553069 0.0610994 0.5963189 0.0574413 0.0569151 0.0576771 0.0549617 0.0563400 0.0563152 0.0581615 0.0791593 0.0643958 0.0535434 1.9027910 0.0487123 0.0520809 0.0555794 0.0520509 0.0537679 0.0627295 0.0548356 0.0556784 0.0550221 0.0461002 0.0500587 0.0584330 0.0491875 0.0529276 0.0658007 0.0579509 0.0644450 0.0724166 
Kazachstania_naganishii                     0.0559891 0.0515361 0.0000000 0.0730124 0.0538789 0.0777453 0.0569961 0.0584197 0.0459121 0.0484228 0.5985024 0.0514273 0.0487767 0.0508360 0.0508155 0.0470388 0.0475850 0.0494869 0.0684900 0.0596771 0.0460936 1.8752008 0.0393033 0.0531554 0.0379238 0.0439449 0.0428795 0.0571247 0.0482697 0.0474405 0.0553562 0.0455337 0.0420208 0.0549773 0.0420304 0.0466678 0.0618182 0.0578393 0.0584714 0.0670276 
Nakaseomyces_bacillisporus                  0.0667499 0.0653228 0.0730124 0.0000000 0.0670249 0.0715338 0.0653255 0.0633949 0.0672663 0.0633020 0.5927142 0.0692319 0.0655775 0.0662705 0.0675547 0.0647579 0.0666551 0.0662440 0.0818706 0.0749747 0.0617137 1.8745641 0.0641746 0.0686565 0.0701112 0.0647980 0.0678963 0.0729182 0.0713086 0.0680917 0.0800772 0.0641668 0.0658801 0.0778067 0.0640036 0.0643827 0.0715755 0.0690192 0.0736231 0.0840141 
Nakaseomyces_bracarensis                    0.0183839 0.0568429 0.0538789 0.0670249 0.0000000 0.0623690 0.0148202 0.0098809 0.0429533 0.0443027 0.5917343 0.0500094 0.0483784 0.0498704 0.0502657 0.0471084 0.0505069 0.0503365 0.0775458 0.0599623 0.0469989 1.9061575 0.0589564 0.0547664 0.0586897 0.0593886 0.0531140 0.0553542 0.0582686 0.0597674 0.0581750 0.0525942 0.0580186 0.0561366 0.0566222 0.0599786 0.0601580 0.0546907 0.0555823 0.0758812 
Nakaseomyces_castellii                      0.0632754 0.0779318 0.0777453 0.0715338 0.0623690 0.0000000 0.0660577 0.0616437 0.0683284 0.0698660 0.5918527 0.0647644 0.0653561 0.0640077 0.0669587 0.0649076 0.0644131 0.0667178 0.0860924 0.0809606 0.0717738 1.8041979 0.0748561 0.0812835 0.0763483 0.0743642 0.0709858 0.0807249 0.0775679 0.0752812 0.0842767 0.0708687 0.0780591 0.0835628 0.0768161 0.0726573 0.0829125 0.0769366 0.0800004 0.0882513 
Nakaseomyces_delphensis                     0.0201516 0.0593697 0.0569961 0.0653255 0.0148202 0.0660577 0.0000000 0.0094042 0.0464393 0.0502641 0.5922470 0.0536323 0.0531947 0.0553633 0.0558833 0.0526852 0.0553932 0.0552892 0.0779818 0.0649297 0.0491950 1.9094915 0.0573216 0.0558216 0.0625822 0.0568192 0.0561469 0.0572757 0.0596564 0.0601205 0.0616766 0.0552797 0.0577826 0.0586968 0.0566814 0.0593009 0.0656757 0.0581081 0.0624583 0.0798087 
Nakaseomyces_nivariensis                    0.0156255 0.0526954 0.0584197 0.0633949 0.0098809 0.0616437 0.0094042 0.0000000 0.0451226 0.0472483 0.5897649 0.0532107 0.0508367 0.0543514 0.0534164 0.0508831 0.0529980 0.0548135 0.0738105 0.0612359 0.0452660 1.8898956 0.0591060 0.0546767 0.0592117 0.0573529 0.0556208 0.0550096 0.0588640 0.0588391 0.0592671 0.0530535 0.0576848 0.0566149 0.0565830 0.0594350 0.0617136 0.0540760 0.0590997 0.0742560 
Naumovozyma_castellii                       0.0437446 0.0553069 0.0459121 0.0672663 0.0429533 0.0683284 0.0464393 0.0451226 0.0000000 0.0209278 0.6006243 0.0488620 0.0462972 0.0487387 0.0494723 0.0444780 0.0468177 0.0480508 0.0700288 0.0601482 0.0518542 1.8661754 0.0491669 0.0531073 0.0513027 0.0493722 0.0447207 0.0590581 0.0485535 0.0525687 0.0520534 0.0481531 0.0458546 0.0588313 0.0464942 0.0535329 0.0604159 0.0553201 0.0561880 0.0695698 
Naumovozyma_dairenensis                     0.0462031 0.0610994 0.0484228 0.0633020 0.0443027 0.0698660 0.0502641 0.0472483 0.0209278 0.0000000 0.5889159 0.0522621 0.0477408 0.0503119 0.0519407 0.0469810 0.0487901 0.0491749 0.0717969 0.0638585 0.0497612 1.9075551 0.0488406 0.0535078 0.0567010 0.0489324 0.0490311 0.0598959 0.0515950 0.0549714 0.0558150 0.0496255 0.0469734 0.0573379 0.0462132 0.0548970 0.0651041 0.0573915 0.0605490 0.0655711 
Neurospora_crassa                           0.5880777 0.5963189 0.5985024 0.5927142 0.5917343 0.5918527 0.5922470 0.5897649 0.6006243 0.5889159 0.0000000 0.5954942 0.5840519 0.5880866 0.5879691 0.5839019 0.5896892 0.5888269 0.6180808 0.5973463 0.6081401 2.0723636 0.5873558 0.5749775 0.6263206 0.6055255 0.5945192 0.5982593 0.6024440 0.6139335 0.6043854 0.6088390 0.5895318 0.5856082 0.5922458 0.6196569 0.5967660 0.5763932 0.5896803 0.5948883 
Saccharomyces_arboricola                    0.0525933 0.0574413 0.0514273 0.0692319 0.0500094 0.0647644 0.0536323 0.0532107 0.0488620 0.0522621 0.5954942 0.0000000 0.0110484 0.0099557 0.0110361 0.0106853 0.0105233 0.0105240 0.0662876 0.0604225 0.0530791 1.9108944 0.0526274 0.0598396 0.0547521 0.0531779 0.0450042 0.0604445 0.0553830 0.0535578 0.0611515 0.0436740 0.0538677 0.0613501 0.0517523 0.0567642 0.0664674 0.0580541 0.0653931 0.0694091 
Saccharomyces_cerevisiae                    0.0507933 0.0569151 0.0487767 0.0655775 0.0483784 0.0653561 0.0531947 0.0508367 0.0462972 0.0477408 0.5840519 0.0110484 0.0000000 0.0088779 0.0077759 0.0056892 0.0030840 0.0093793 0.0652847 0.0598542 0.0526243 1.8707368 0.0498263 0.0550271 0.0547054 0.0501975 0.0440865 0.0607669 0.0512171 0.0546124 0.0590411 0.0428589 0.0522522 0.0580318 0.0501083 0.0549433 0.0618433 0.0561750 0.0600154 0.0683187 
Saccharomyces_eubayanus                     0.0523966 0.0576771 0.0508360 0.0662705 0.0498704 0.0640077 0.0553633 0.0543514 0.0487387 0.0503119 0.5880866 0.0099557 0.0088779 0.0000000 0.0104706 0.0117298 0.0099802 0.0025705 0.0657283 0.0615322 0.0545868 1.8694040 0.0527216 0.0575066 0.0548862 0.0542648 0.0457475 0.0623640 0.0536436 0.0537027 0.0605504 0.0430422 0.0539624 0.0618031 0.0518472 0.0569168 0.0644814 0.0585021 0.0632848 0.0706697 
Saccharomyces_kudriavzevii                  0.0532388 0.0549617 0.0508155 0.0675547 0.0502657 0.0669587 0.0558833 0.0534164 0.0494723 0.0519407 0.5879691 0.0110361 0.0077759 0.0104706 0.0000000 0.0089977 0.0094092 0.0099075 0.0688148 0.0631111 0.0547840 1.9024626 0.0531052 0.0581712 0.0560615 0.0534147 0.0468599 0.0617920 0.0538795 0.0558361 0.0622713 0.0454539 0.0546491 0.0612528 0.0529319 0.0582762 0.0668037 0.0596523 0.0637964 0.0690433 
Saccharomyces_mikatae                       0.0505865 0.0563400 0.0470388 0.0647579 0.0471084 0.0649076 0.0526852 0.0508831 0.0444780 0.0469810 0.5839019 0.0106853 0.0056892 0.0117298 0.0089977 0.0000000 0.0062580 0.0111545 0.0654585 0.0594727 0.0515871 1.8699576 0.0506039 0.0545957 0.0534928 0.0506011 0.0445876 0.0579470 0.0495613 0.0542882 0.0581718 0.0441867 0.0531047 0.0600642 0.0510030 0.0551491 0.0615110 0.0571284 0.0610968 0.0676759 
Saccharomyces_paradoxus                     0.0529679 0.0563152 0.0475850 0.0666551 0.0505069 0.0644131 0.0553932 0.0529980 0.0468177 0.0487901 0.5896892 0.0105233 0.0030840 0.0099802 0.0094092 0.0062580 0.0000000 0.0115541 0.0657107 0.0597977 0.0533274 1.8691981 0.0513720 0.0560568 0.0555853 0.0512566 0.0459067 0.0602110 0.0512579 0.0563436 0.0586180 0.0445165 0.0538127 0.0603480 0.0516613 0.0566770 0.0621276 0.0583607 0.0607634 0.0687602 
Saccharomyces_uvarum                        0.0527311 0.0581615 0.0494869 0.0662440 0.0503365 0.0667178 0.0552892 0.0548135 0.0480508 0.0491749 0.5888269 0.0105240 0.0093793 0.0025705 0.0099075 0.0111545 0.0115541 0.0000000 0.0692670 0.0623971 0.0558452 1.8672880 0.0505789 0.0567125 0.0545539 0.0521074 0.0456876 0.0594241 0.0528660 0.0538556 0.0604687 0.0439376 0.0517870 0.0626995 0.0497001 0.0570773 0.0658410 0.0592278 0.0639830 0.0714877 
Tetrapisispora_blattae                      0.0765320 0.0791593 0.0684900 0.0818706 0.0775458 0.0860924 0.0779818 0.0738105 0.0700288 0.0717969 0.6180808 0.0662876 0.0652847 0.0657283 0.0688148 0.0654585 0.0657107 0.0692670 0.0000000 0.0720545 0.0579452 1.9128679 0.0678204 0.0798727 0.0803139 0.0727893 0.0706671 0.0804414 0.0715561 0.0657468 0.0777071 0.0757358 0.0713139 0.0780031 0.0698455 0.0680602 0.0700318 0.0693746 0.0706388 0.0513159 
Tetrapisispora_phaffii                      0.0640683 0.0643958 0.0596771 0.0749747 0.0599623 0.0809606 0.0649297 0.0612359 0.0601482 0.0638585 0.5973463 0.0604225 0.0598542 0.0615322 0.0631111 0.0594727 0.0597977 0.0623971 0.0720545 0.0000000 0.0516115 1.8027377 0.0605498 0.0617000 0.0621619 0.0646840 0.0593693 0.0660859 0.0611915 0.0614336 0.0662020 0.0602744 0.0598530 0.0678473 0.0589218 0.0584130 0.0230248 0.0294330 0.0185649 0.0726594 
Vanderwaltozyma_polyspora                   0.0493137 0.0535434 0.0460936 0.0617137 0.0469989 0.0717738 0.0491950 0.0452660 0.0518542 0.0497612 0.6081401 0.0530791 0.0526243 0.0545868 0.0547840 0.0515871 0.0533274 0.0558452 0.0579452 0.0516115 0.0000000 1.9264601 0.0503263 0.0617438 0.0517479 0.0554933 0.0561882 0.0571529 0.0514363 0.0524288 0.0607797 0.0527797 0.0514787 0.0624840 0.0502088 0.0500149 0.0517401 0.0444252 0.0494543 0.0561989 
yHAB132_Kazachstania_martiniae              1.8954173 1.9027910 1.8752008 1.8745641 1.9061575 1.8041979 1.9094915 1.8898956 1.8661754 1.9075551 2.0723636 1.9108944 1.8707368 1.8694040 1.9024626 1.8699576 1.8691981 1.8672880 1.9128679 1.8027377 1.9264601 0.0000000 1.8337272 1.8407344 1.8551630 1.8406777 1.8385887 1.8747167 1.8585561 1.8889135 1.8974169 1.8298336 1.8479294 1.8810361 1.8461814 1.8940340 1.8404168 1.8765412 1.8236521 1.8774818 
yHAB133_Kazachstania_unispora               0.0566248 0.0487123 0.0393033 0.0641746 0.0589564 0.0748561 0.0573216 0.0591060 0.0491669 0.0488406 0.5873558 0.0526274 0.0498263 0.0527216 0.0531052 0.0506039 0.0513720 0.0505789 0.0678204 0.0605498 0.0503263 1.8337272 0.0000000 0.0516714 0.0374290 0.0195960 0.0306552 0.0562733 0.0453902 0.0432725 0.0550065 0.0424375 0.0130527 0.0548895 0.0103478 0.0407907 0.0617493 0.0578399 0.0608849 0.0599347 
yHAB134_Kazachstania_turicensis             0.0558582 0.0520809 0.0531554 0.0686565 0.0547664 0.0812835 0.0558216 0.0546767 0.0531073 0.0535078 0.5749775 0.0598396 0.0550271 0.0575066 0.0581712 0.0545957 0.0560568 0.0567125 0.0798727 0.0617000 0.0617438 1.8407344 0.0516714 0.0000000 0.0526470 0.0472093 0.0470214 0.0596748 0.0456677 0.0601512 0.0435660 0.0530591 0.0482213 0.0374679 0.0486634 0.0601176 0.0599965 0.0575855 0.0567390 0.0698916 
yHAB136_Kazachstania_bromeliacearum         0.0597857 0.0555794 0.0379238 0.0701112 0.0586897 0.0763483 0.0625822 0.0592117 0.0513027 0.0567010 0.6263206 0.0547521 0.0547054 0.0548862 0.0560615 0.0534928 0.0555853 0.0545539 0.0803139 0.0621619 0.0517479 1.8551630 0.0374290 0.0526470 0.0000000 0.0422480 0.0329688 0.0628566 0.0531625 0.0516398 0.0613951 0.0452871 0.0411103 0.0583345 0.0403741 0.0526862 0.0607280 0.0630214 0.0615082 0.0698963 
yHAB143_Kazachstania_siamensis              0.0540021 0.0520509 0.0439449 0.0647980 0.0593886 0.0743642 0.0568192 0.0573529 0.0493722 0.0489324 0.6055255 0.0531779 0.0501975 0.0542648 0.0534147 0.0506011 0.0512566 0.0521074 0.0727893 0.0646840 0.0554933 1.8406777 0.0195960 0.0472093 0.0422480 0.0000000 0.0268284 0.0575472 0.0545875 0.0440082 0.0610121 0.0457222 0.0236730 0.0592575 0.0218161 0.0417353 0.0671466 0.0587847 0.0661858 0.0624539 
yHAB147_Kazachstania_taianensis             0.0546900 0.0537679 0.0428795 0.0678963 0.0531140 0.0709858 0.0561469 0.0556208 0.0447207 0.0490311 0.5945192 0.0450042 0.0440865 0.0457475 0.0468599 0.0445876 0.0459067 0.0456876 0.0706671 0.0593693 0.0561882 1.8385887 0.0306552 0.0470214 0.0329688 0.0268284 0.0000000 0.0559450 0.0499603 0.0402220 0.0534741 0.0412239 0.0276913 0.0488766 0.0293110 0.0414420 0.0615837 0.0585473 0.0590068 0.0607102 
yHAB148_Kazachstania_intestinalis           0.0596808 0.0627295 0.0571247 0.0729182 0.0553542 0.0807249 0.0572757 0.0550096 0.0590581 0.0598959 0.5982593 0.0604445 0.0607669 0.0623640 0.0617920 0.0579470 0.0602110 0.0594241 0.0804414 0.0660859 0.0571529 1.8747167 0.0562733 0.0596748 0.0628566 0.0575472 0.0559450 0.0000000 0.0636361 0.0600334 0.0629662 0.0517557 0.0553923 0.0626554 0.0550385 0.0573594 0.0688275 0.0627794 0.0668101 0.0827167 
yHAB153_Kazachstania_rosinii                0.0596880 0.0548356 0.0482697 0.0713086 0.0582686 0.0775679 0.0596564 0.0588640 0.0485535 0.0515950 0.6024440 0.0553830 0.0512171 0.0536436 0.0538795 0.0495613 0.0512579 0.0528660 0.0715561 0.0611915 0.0514363 1.8585561 0.0453902 0.0456677 0.0531625 0.0545875 0.0499603 0.0636361 0.0000000 0.0568408 0.0402377 0.0475289 0.0468737 0.0529053 0.0461961 0.0560364 0.0622359 0.0653878 0.0609142 0.0757032 
yHAB154_Kazachstania_transvaalensis         0.0575010 0.0556784 0.0474405 0.0680917 0.0597674 0.0752812 0.0601205 0.0588391 0.0525687 0.0549714 0.6139335 0.0535578 0.0546124 0.0537027 0.0558361 0.0542882 0.0563436 0.0538556 0.0657468 0.0614336 0.0524288 1.8889135 0.0432725 0.0601512 0.0516398 0.0440082 0.0402220 0.0600334 0.0568408 0.0000000 0.0616629 0.0466631 0.0402810 0.0628639 0.0420768 0.0094040 0.0645323 0.0623145 0.0629318 0.0694872 
yHAB155_Kazachstania_spencerorum            0.0655788 0.0550221 0.0553562 0.0800772 0.0581750 0.0842767 0.0616766 0.0592671 0.0520534 0.0558150 0.6043854 0.0611515 0.0590411 0.0605504 0.0622713 0.0581718 0.0586180 0.0604687 0.0777071 0.0662020 0.0607797 1.8974169 0.0550065 0.0435660 0.0613951 0.0610121 0.0534741 0.0629662 0.0402377 0.0616629 0.0000000 0.0522691 0.0528303 0.0506592 0.0526192 0.0617197 0.0658753 0.0634804 0.0647571 0.0791294 
yHAB158_Kazachstania_viticola               0.0547067 0.0461002 0.0455337 0.0641668 0.0525942 0.0708687 0.0552797 0.0530535 0.0481531 0.0496255 0.6088390 0.0436740 0.0428589 0.0430422 0.0454539 0.0441867 0.0445165 0.0439376 0.0757358 0.0602744 0.0527797 1.8298336 0.0424375 0.0530591 0.0452871 0.0457222 0.0412239 0.0517557 0.0475289 0.0466631 0.0522691 0.0000000 0.0410089 0.0545240 0.0395940 0.0469928 0.0599955 0.0516812 0.0593948 0.0703456 
yHAB159_Kazachstania_solicola               0.0590445 0.0500587 0.0420208 0.0658801 0.0580186 0.0780591 0.0577826 0.0576848 0.0458546 0.0469734 0.5895318 0.0538677 0.0522522 0.0539624 0.0546491 0.0531047 0.0538127 0.0517870 0.0713139 0.0598530 0.0514787 1.8479294 0.0130527 0.0482213 0.0411103 0.0236730 0.0276913 0.0553923 0.0468737 0.0402810 0.0528303 0.0410089 0.0000000 0.0535507 0.0035713 0.0397899 0.0642405 0.0584803 0.0621109 0.0651655 
yHAB160_Kazachstania_kunashirensis          0.0605869 0.0584330 0.0549773 0.0778067 0.0561366 0.0835628 0.0586968 0.0566149 0.0588313 0.0573379 0.5856082 0.0613501 0.0580318 0.0618031 0.0612528 0.0600642 0.0603480 0.0626995 0.0780031 0.0678473 0.0624840 1.8810361 0.0548895 0.0374679 0.0583345 0.0592575 0.0488766 0.0626554 0.0529053 0.0628639 0.0506592 0.0545240 0.0535507 0.0000000 0.0539521 0.0626002 0.0704590 0.0663619 0.0674916 0.0747893 
yHAB164_Kazachstania_aerobia                0.0583359 0.0491875 0.0420304 0.0640036 0.0566222 0.0768161 0.0566814 0.0565830 0.0464942 0.0462132 0.5922458 0.0517523 0.0501083 0.0518472 0.0529319 0.0510030 0.0516613 0.0497001 0.0698455 0.0589218 0.0502088 1.8461814 0.0103478 0.0486634 0.0403741 0.0218161 0.0293110 0.0550385 0.0461961 0.0420768 0.0526192 0.0395940 0.0035713 0.0539521 0.0000000 0.0403571 0.0629179 0.0585722 0.0608142 0.0631098 
yHAB166_Kazachstania_yakushimaensis         0.0569252 0.0529276 0.0466678 0.0643827 0.0599786 0.0726573 0.0593009 0.0594350 0.0535329 0.0548970 0.6196569 0.0567642 0.0549433 0.0569168 0.0582762 0.0551491 0.0566770 0.0570773 0.0680602 0.0584130 0.0500149 1.8940340 0.0407907 0.0601176 0.0526862 0.0417353 0.0414420 0.0573594 0.0560364 0.0094040 0.0617197 0.0469928 0.0397899 0.0626002 0.0403571 0.0000000 0.0596085 0.0580746 0.0592402 0.0681996 
yHMPu5000034875_Tetrapisispora_fleetii      0.0616325 0.0658007 0.0618182 0.0715755 0.0601580 0.0829125 0.0656757 0.0617136 0.0604159 0.0651041 0.5967660 0.0664674 0.0618433 0.0644814 0.0668037 0.0615110 0.0621276 0.0658410 0.0700318 0.0230248 0.0517401 1.8404168 0.0617493 0.0599965 0.0607280 0.0671466 0.0615837 0.0688275 0.0622359 0.0645323 0.0658753 0.0599955 0.0642405 0.0704590 0.0629179 0.0596085 0.0000000 0.0268054 0.0114196 0.0717869 
yHMPu5000034876_Tetrapisispora_iriomotensis 0.0536350 0.0579509 0.0578393 0.0690192 0.0546907 0.0769366 0.0581081 0.0540760 0.0553201 0.0573915 0.5763932 0.0580541 0.0561750 0.0585021 0.0596523 0.0571284 0.0583607 0.0592278 0.0693746 0.0294330 0.0444252 1.8765412 0.0578399 0.0575855 0.0630214 0.0587847 0.0585473 0.0627794 0.0653878 0.0623145 0.0634804 0.0516812 0.0584803 0.0663619 0.0585722 0.0580746 0.0268054 0.0000000 0.0260864 0.0643632 
yHMPu5000034877_Tetrapisispora_namnaonensis 0.0597096 0.0644450 0.0584714 0.0736231 0.0555823 0.0800004 0.0624583 0.0590997 0.0561880 0.0605490 0.5896803 0.0653931 0.0600154 0.0632848 0.0637964 0.0610968 0.0607634 0.0639830 0.0706388 0.0185649 0.0494543 1.8236521 0.0608849 0.0567390 0.0615082 0.0661858 0.0590068 0.0668101 0.0609142 0.0629318 0.0647571 0.0593948 0.0621109 0.0674916 0.0608142 0.0592402 0.0114196 0.0260864 0.0000000 0.0715357 
yHMPu5000035629_Yueomyces_sinensis          0.0726544 0.0724166 0.0670276 0.0840141 0.0758812 0.0882513 0.0798087 0.0742560 0.0695698 0.0655711 0.5948883 0.0694091 0.0683187 0.0706697 0.0690433 0.0676759 0.0687602 0.0714877 0.0513159 0.0726594 0.0561989 1.8774818 0.0599347 0.0698916 0.0698963 0.0624539 0.0607102 0.0827167 0.0757032 0.0694872 0.0791294 0.0703456 0.0651655 0.0747893 0.0631098 0.0681996 0.0717869 0.0643632 0.0715357 0.0000000 
