40
Candida_glabrata                            0.0000000 0.2621346 0.2547479 0.2682383 0.0705334 0.3450057 0.0746815 0.0731725 0.2565400 0.2781867 0.6593845 0.2293103 0.2311586 0.2317722 0.2265911 0.2278508 0.2314708 0.2337973 0.2827166 0.2729447 0.2600265 0.2304016 0.2589018 0.2510930 0.2297653 0.2473003 0.2575776 0.2916382 0.2396024 0.3054110 0.2557179 0.2484092 0.2715487 0.2492028 0.2785263 0.2954888 0.2858424 0.2913723 0.2905537 0.3521263 
Kazachstania_africana                       0.2621346 0.0000000 0.1627552 0.2248637 0.2571907 0.3038207 0.2671122 0.2636308 0.1872543 0.2167081 0.6364058 0.1606978 0.1562802 0.1607763 0.1609817 0.1546313 0.1596789 0.1573454 0.2253515 0.2724694 0.2030971 0.1494650 0.1683581 0.1770862 0.1408101 0.1757801 0.1630134 0.2198345 0.1460627 0.2177700 0.1575797 0.1892502 0.1806626 0.1827154 0.1862997 0.2097970 0.2702351 0.2648054 0.2722069 0.2867687 
Kazachstania_naganishii                     0.2547479 0.1627552 0.0000000 0.2063358 0.2490270 0.2835964 0.2583556 0.2508443 0.1859905 0.2061245 0.6169789 0.1593713 0.1589439 0.1592978 0.1562808 0.1600955 0.1610064 0.1571925 0.1992151 0.2544570 0.1842056 0.1239550 0.1438716 0.1566350 0.1131817 0.1404082 0.1177813 0.2070026 0.1350940 0.1871142 0.1454367 0.1698623 0.1540194 0.1668224 0.1551075 0.1718363 0.2629319 0.2519422 0.2671285 0.2838596 
Nakaseomyces_bacillisporus                  0.2682383 0.2248637 0.2063358 0.0000000 0.2598601 0.2365821 0.2726887 0.2634449 0.2062320 0.2246062 0.6689002 0.1714127 0.1726354 0.1634928 0.1716605 0.1680355 0.1740463 0.1620576 0.2486707 0.2908293 0.2225030 0.1988701 0.2249784 0.2209580 0.1838579 0.2232843 0.2103084 0.2652085 0.1943736 0.2667806 0.1992663 0.2173971 0.2388931 0.2170787 0.2426875 0.2521181 0.2977551 0.2845113 0.3038434 0.3125736 
Nakaseomyces_bracarensis                    0.0705334 0.2571907 0.2490270 0.2598601 0.0000000 0.3219347 0.0317465 0.0185460 0.2347496 0.2662624 0.6391421 0.2267326 0.2247617 0.2246675 0.2237487 0.2220051 0.2246019 0.2271318 0.2682112 0.2640313 0.2384926 0.2218273 0.2506528 0.2292853 0.2302391 0.2359903 0.2406747 0.2928901 0.2177887 0.2825571 0.2380545 0.2352595 0.2628884 0.2427847 0.2630932 0.2785812 0.2713869 0.2826417 0.2774598 0.3181611 
Nakaseomyces_castellii                      0.3450057 0.3038207 0.2835964 0.2365821 0.3219347 0.0000000 0.3416605 0.3257291 0.2682391 0.2909983 0.6878779 0.2455520 0.2470226 0.2418128 0.2423544 0.2445384 0.2484114 0.2396003 0.2993528 0.3342577 0.2961049 0.2753607 0.2821026 0.2878222 0.2708623 0.2667176 0.2918465 0.3468704 0.2583277 0.3191064 0.2742981 0.3078066 0.2847686 0.2993366 0.2863812 0.3107444 0.3470521 0.3579887 0.3560713 0.3524930 
Nakaseomyces_delphensis                     0.0746815 0.2671122 0.2583556 0.2726887 0.0317465 0.3416605 0.0000000 0.0268410 0.2409608 0.2822549 0.6485571 0.2346167 0.2326700 0.2340706 0.2349767 0.2338037 0.2340516 0.2350070 0.2809865 0.2707477 0.2479242 0.2336183 0.2635474 0.2358698 0.2394066 0.2493139 0.2553867 0.3015012 0.2247436 0.2940291 0.2361267 0.2433042 0.2757102 0.2447595 0.2758869 0.2890418 0.2818680 0.2906412 0.2932497 0.3403859 
Nakaseomyces_nivariensis                    0.0731725 0.2636308 0.2508443 0.2634449 0.0185460 0.3257291 0.0268410 0.0000000 0.2333573 0.2698218 0.6486698 0.2324462 0.2293499 0.2291786 0.2316452 0.2272120 0.2291805 0.2316732 0.2665247 0.2604820 0.2333346 0.2263822 0.2541684 0.2335058 0.2298520 0.2373570 0.2428549 0.2977029 0.2216709 0.2821959 0.2405682 0.2379750 0.2643624 0.2448484 0.2645652 0.2805100 0.2706664 0.2793737 0.2731043 0.3249552 
Naumovozyma_castellii                       0.2565400 0.1872543 0.1859905 0.2062320 0.2347496 0.2682391 0.2409608 0.2333573 0.0000000 0.1272777 0.6421474 0.1464668 0.1435115 0.1437861 0.1374724 0.1415054 0.1401942 0.1437556 0.2159389 0.2384495 0.1920937 0.1590708 0.1982542 0.2095485 0.1557427 0.1958338 0.1591209 0.2550322 0.1573767 0.2287447 0.1852997 0.1934793 0.2141287 0.1965082 0.2188131 0.2145560 0.2609152 0.2482560 0.2634427 0.2825686 
Naumovozyma_dairenensis                     0.2781867 0.2167081 0.2061245 0.2246062 0.2662624 0.2909983 0.2822549 0.2698218 0.1272777 0.0000000 0.6505923 0.1579459 0.1610600 0.1566847 0.1594448 0.1594940 0.1593359 0.1549177 0.2362371 0.2588232 0.2020481 0.1883806 0.2167614 0.2045854 0.1852699 0.2188553 0.1870839 0.2794293 0.1881887 0.2498172 0.2078225 0.2152151 0.2252447 0.2064538 0.2318882 0.2424624 0.2670882 0.2680138 0.2705173 0.2891396 
Neurospora_crassa                           0.6593845 0.6364058 0.6169789 0.6689002 0.6391421 0.6878779 0.6485571 0.6486698 0.6421474 0.6505923 0.0000000 0.6134768 0.6167783 0.6089319 0.6097216 0.6097607 0.6134539 0.6125974 0.6421305 0.5831050 0.5771270 0.6123339 0.6558818 0.6220494 0.6402524 0.6736422 0.6820419 0.6187874 0.6072849 0.7045120 0.6392984 0.6312397 0.6613346 0.6336030 0.6722323 0.6840458 0.5887826 0.6173004 0.5865785 0.6736184 
Saccharomyces_arboricola                    0.2293103 0.1606978 0.1593713 0.1714127 0.2267326 0.2455520 0.2346167 0.2324462 0.1464668 0.1579459 0.6134768 0.0000000 0.0097736 0.0160813 0.0146953 0.0123071 0.0122504 0.0160831 0.1851108 0.2199123 0.1666341 0.1511012 0.1589164 0.1589321 0.1380036 0.1643221 0.1433753 0.2213763 0.1271458 0.1987665 0.1460043 0.1633425 0.1773691 0.1707682 0.1843183 0.1922349 0.2311493 0.2254588 0.2304687 0.2600164 
Saccharomyces_cerevisiae                    0.2311586 0.1562802 0.1589439 0.1726354 0.2247617 0.2470226 0.2326700 0.2293499 0.1435115 0.1610600 0.6167783 0.0097736 0.0000000 0.0148327 0.0121930 0.0060524 0.0024146 0.0148344 0.1874095 0.2203459 0.1652395 0.1465283 0.1597826 0.1551117 0.1365523 0.1617630 0.1419376 0.2218781 0.1265826 0.1934377 0.1413798 0.1597787 0.1746481 0.1650004 0.1803887 0.1870182 0.2346510 0.2240357 0.2342151 0.2597226 
Saccharomyces_eubayanus                     0.2317722 0.1607763 0.1592978 0.1634928 0.2246675 0.2418128 0.2340706 0.2291786 0.1437861 0.1566847 0.6089319 0.0160813 0.0148327 0.0000000 0.0160829 0.0148996 0.0148328 0.0024150 0.1834284 0.2195249 0.1623243 0.1464641 0.1548662 0.1576648 0.1357298 0.1604833 0.1483713 0.2281826 0.1288220 0.1973484 0.1432417 0.1574204 0.1751347 0.1644965 0.1829226 0.1883735 0.2328830 0.2230516 0.2322238 0.2524244 
Saccharomyces_kudriavzevii                  0.2265911 0.1609817 0.1562808 0.1716605 0.2237487 0.2423544 0.2349767 0.2316452 0.1374724 0.1594448 0.6097216 0.0146953 0.0121930 0.0160829 0.0000000 0.0147206 0.0146709 0.0160847 0.1893703 0.2201526 0.1671045 0.1483413 0.1614156 0.1617161 0.1374477 0.1645110 0.1431589 0.2235713 0.1258869 0.1986931 0.1428985 0.1608002 0.1789809 0.1685656 0.1859451 0.1921653 0.2334141 0.2240367 0.2310405 0.2607994 
Saccharomyces_mikatae                       0.2278508 0.1546313 0.1600955 0.1680355 0.2220051 0.2445384 0.2338037 0.2272120 0.1415054 0.1594940 0.6097607 0.0123071 0.0060524 0.0148996 0.0147206 0.0000000 0.0084962 0.0149012 0.1808717 0.2142947 0.1584086 0.1449300 0.1547257 0.1551629 0.1359780 0.1603508 0.1412309 0.2233211 0.1239751 0.1928878 0.1387409 0.1548466 0.1729226 0.1640739 0.1786519 0.1864901 0.2285895 0.2211292 0.2311078 0.2542323 
Saccharomyces_paradoxus                     0.2314708 0.1596789 0.1610064 0.1740463 0.2246019 0.2484114 0.2340516 0.2291805 0.1401942 0.1593359 0.6134539 0.0122504 0.0024146 0.0148328 0.0146709 0.0084962 0.0000000 0.0173536 0.1883455 0.2192418 0.1617802 0.1472775 0.1632692 0.1557856 0.1356244 0.1651051 0.1454111 0.2229832 0.1271798 0.1971642 0.1439771 0.1587241 0.1782041 0.1643234 0.1839676 0.1855297 0.2336281 0.2214844 0.2330828 0.2609213 
Saccharomyces_uvarum                        0.2337973 0.1573454 0.1571925 0.1620576 0.2271318 0.2396003 0.2350070 0.2316732 0.1437556 0.1549177 0.6125974 0.0160831 0.0148344 0.0024150 0.0160847 0.0149012 0.0173536 0.0000000 0.1816100 0.2233944 0.1622911 0.1447894 0.1513826 0.1597568 0.1357009 0.1571277 0.1448392 0.2262020 0.1307544 0.1935761 0.1432787 0.1608854 0.1715507 0.1679389 0.1793052 0.1861797 0.2368540 0.2269432 0.2362430 0.2504199 
Tetrapisispora_blattae                      0.2827166 0.2253515 0.1992151 0.2486707 0.2682112 0.2993528 0.2809865 0.2665247 0.2159389 0.2362371 0.6421305 0.1851108 0.1874095 0.1834284 0.1893703 0.1808717 0.1883455 0.1816100 0.0000000 0.2419154 0.1604444 0.2083936 0.2188341 0.2183336 0.1953990 0.2254161 0.2128251 0.2806915 0.1940118 0.2773367 0.2150787 0.2234591 0.2245957 0.2297725 0.2293017 0.2732760 0.2517552 0.2410384 0.2597043 0.1533873 
Tetrapisispora_phaffii                      0.2729447 0.2724694 0.2544570 0.2908293 0.2640313 0.3342577 0.2707477 0.2604820 0.2384495 0.2588232 0.5831050 0.2199123 0.2203459 0.2195249 0.2201526 0.2142947 0.2192418 0.2233944 0.2419154 0.0000000 0.1663885 0.2355068 0.2662575 0.2436202 0.2292858 0.2486632 0.2583194 0.2939199 0.2341914 0.3068797 0.2558284 0.2526123 0.2749452 0.2459248 0.2834479 0.3021857 0.0556458 0.0919806 0.0579915 0.3054819 
Vanderwaltozyma_polyspora                   0.2600265 0.2030971 0.1842056 0.2225030 0.2384926 0.2961049 0.2479242 0.2333346 0.1920937 0.2020481 0.5771270 0.1666341 0.1652395 0.1623243 0.1671045 0.1584086 0.1617802 0.1622911 0.1604444 0.1663885 0.0000000 0.1717978 0.2092308 0.1930610 0.1799347 0.2048074 0.1824929 0.2372052 0.1841279 0.2429765 0.1810987 0.1947808 0.2179139 0.1870794 0.2201102 0.2359981 0.1778238 0.1773979 0.1848462 0.2383262 
yHAB132_Kazachstania_martiniae              0.2304016 0.1494650 0.1239550 0.1988701 0.2218273 0.2753607 0.2336183 0.2263822 0.1590708 0.1883806 0.6123339 0.1511012 0.1465283 0.1464641 0.1483413 0.1449300 0.1472775 0.1447894 0.2083936 0.2355068 0.1717978 0.0000000 0.1289614 0.1619364 0.1218206 0.1320514 0.1255837 0.1865990 0.1284719 0.1799351 0.1403729 0.1510594 0.1401549 0.1577447 0.1435935 0.1678006 0.2524882 0.2442764 0.2601738 0.2807682 
yHAB133_Kazachstania_unispora               0.2589018 0.1683581 0.1438716 0.2249784 0.2506528 0.2821026 0.2635474 0.2541684 0.1982542 0.2167614 0.6558818 0.1589164 0.1597826 0.1548662 0.1614156 0.1547257 0.1632692 0.1513826 0.2188341 0.2662575 0.2092308 0.1289614 0.0000000 0.1801537 0.1173627 0.0391190 0.1080959 0.2347313 0.1653754 0.1440705 0.1712788 0.1866402 0.0364857 0.1839950 0.0409203 0.1441654 0.2782407 0.2772111 0.2741160 0.2911786 
yHAB134_Kazachstania_turicensis             0.2510930 0.1770862 0.1566350 0.2209580 0.2292853 0.2878222 0.2358698 0.2335058 0.2095485 0.2045854 0.6220494 0.1589321 0.1551117 0.1576648 0.1617161 0.1551629 0.1557856 0.1597568 0.2183336 0.2436202 0.1930610 0.1619364 0.1801537 0.0000000 0.1528970 0.1842736 0.1666424 0.2348795 0.1089424 0.2110988 0.1261844 0.1713597 0.1783834 0.0949927 0.1802846 0.1967259 0.2476884 0.2599858 0.2595691 0.2819432 
yHAB136_Kazachstania_bromeliacearum         0.2297653 0.1408101 0.1131817 0.1838579 0.2302391 0.2708623 0.2394066 0.2298520 0.1557427 0.1852699 0.6402524 0.1380036 0.1365523 0.1357298 0.1374477 0.1359780 0.1356244 0.1357009 0.1953990 0.2292858 0.1799347 0.1218206 0.1173627 0.1528970 0.0000000 0.1183872 0.0940909 0.1981032 0.1357457 0.1655573 0.1502654 0.1620359 0.1377187 0.1528168 0.1433608 0.1524572 0.2352569 0.2273289 0.2437553 0.2808200 
yHAB143_Kazachstania_siamensis              0.2473003 0.1757801 0.1404082 0.2232843 0.2359903 0.2667176 0.2493139 0.2373570 0.1958338 0.2188553 0.6736422 0.1643221 0.1617630 0.1604833 0.1645110 0.1603508 0.1651051 0.1571277 0.2254161 0.2486632 0.2048074 0.1320514 0.0391190 0.1842736 0.1183872 0.0000000 0.1191602 0.2286824 0.1694069 0.1515262 0.1802317 0.1931239 0.0620641 0.1895578 0.0638484 0.1470958 0.2643664 0.2578516 0.2682974 0.2878825 
yHAB147_Kazachstania_taianensis             0.2575776 0.1630134 0.1177813 0.2103084 0.2406747 0.2918465 0.2553867 0.2428549 0.1591209 0.1870839 0.6820419 0.1433753 0.1419376 0.1483713 0.1431589 0.1412309 0.1454111 0.1448392 0.2128251 0.2583194 0.1824929 0.1255837 0.1080959 0.1666424 0.0940909 0.1191602 0.0000000 0.2150197 0.1435447 0.1375673 0.1627352 0.1792229 0.1164487 0.1743561 0.1173345 0.1307021 0.2659305 0.2509866 0.2600331 0.2934811 
yHAB148_Kazachstania_intestinalis           0.2916382 0.2198345 0.2070026 0.2652085 0.2928901 0.3468704 0.3015012 0.2977029 0.2550322 0.2794293 0.6187874 0.2213763 0.2218781 0.2281826 0.2235713 0.2233211 0.2229832 0.2262020 0.2806915 0.2939199 0.2372052 0.1865990 0.2347313 0.2348795 0.1981032 0.2286824 0.2150197 0.0000000 0.2076153 0.2870614 0.2214857 0.2362455 0.2464428 0.2326885 0.2463016 0.2721294 0.3096184 0.3090640 0.3081298 0.3343846 
yHAB153_Kazachstania_rosinii                0.2396024 0.1460627 0.1350940 0.1943736 0.2177887 0.2583277 0.2247436 0.2216709 0.1573767 0.1881887 0.6072849 0.1271458 0.1265826 0.1288220 0.1258869 0.1239751 0.1271798 0.1307544 0.1940118 0.2341914 0.1841279 0.1284719 0.1653754 0.1089424 0.1357457 0.1694069 0.1435447 0.2076153 0.0000000 0.2018825 0.0711594 0.1579306 0.1828150 0.1012601 0.1862819 0.1926672 0.2429549 0.2356954 0.2510610 0.2651161 
yHAB154_Kazachstania_transvaalensis         0.3054110 0.2177700 0.1871142 0.2667806 0.2825571 0.3191064 0.2940291 0.2821959 0.2287447 0.2498172 0.7045120 0.1987665 0.1934377 0.1973484 0.1986931 0.1928878 0.1971642 0.1935761 0.2773367 0.3068797 0.2429765 0.1799351 0.1440705 0.2110988 0.1655573 0.1515262 0.1375673 0.2870614 0.2018825 0.0000000 0.2158843 0.2279042 0.1467576 0.2278628 0.1487016 0.0296030 0.3111345 0.3348162 0.3076234 0.3541042 
yHAB155_Kazachstania_spencerorum            0.2557179 0.1575797 0.1454367 0.1992663 0.2380545 0.2742981 0.2361267 0.2405682 0.1852997 0.2078225 0.6392984 0.1460043 0.1413798 0.1432417 0.1428985 0.1387409 0.1439771 0.1432787 0.2150787 0.2558284 0.1810987 0.1403729 0.1712788 0.1261844 0.1502654 0.1802317 0.1627352 0.2214857 0.0711594 0.2158843 0.0000000 0.1765427 0.1828480 0.1269400 0.1869246 0.2059964 0.2641278 0.2514892 0.2745633 0.2809032 
yHAB158_Kazachstania_viticola               0.2484092 0.1892502 0.1698623 0.2173971 0.2352595 0.3078066 0.2433042 0.2379750 0.1934793 0.2152151 0.6312397 0.1633425 0.1597787 0.1574204 0.1608002 0.1548466 0.1587241 0.1608854 0.2234591 0.2526123 0.1947808 0.1510594 0.1866402 0.1713597 0.1620359 0.1931239 0.1792229 0.2362455 0.1579306 0.2279042 0.1765427 0.0000000 0.2012012 0.1838629 0.2031939 0.2137252 0.2630742 0.2689091 0.2626520 0.2903163 
yHAB159_Kazachstania_solicola               0.2715487 0.1806626 0.1540194 0.2388931 0.2628884 0.2847686 0.2757102 0.2643624 0.2141287 0.2252447 0.6613346 0.1773691 0.1746481 0.1751347 0.1789809 0.1729226 0.1782041 0.1715507 0.2245957 0.2749452 0.2179139 0.1401549 0.0364857 0.1783834 0.1377187 0.0620641 0.1164487 0.2464428 0.1828150 0.1467576 0.1828480 0.2012012 0.0000000 0.1939987 0.0086965 0.1421158 0.2905464 0.2898036 0.2853157 0.2954353 
yHAB160_Kazachstania_kunashirensis          0.2492028 0.1827154 0.1668224 0.2170787 0.2427847 0.2993366 0.2447595 0.2448484 0.1965082 0.2064538 0.6336030 0.1707682 0.1650004 0.1644965 0.1685656 0.1640739 0.1643234 0.1679389 0.2297725 0.2459248 0.1870794 0.1577447 0.1839950 0.0949927 0.1528168 0.1895578 0.1743561 0.2326885 0.1012601 0.2278628 0.1269400 0.1838629 0.1939987 0.0000000 0.2006570 0.2164434 0.2573883 0.2604106 0.2658858 0.2794308 
yHAB164_Kazachstania_aerobia                0.2785263 0.1862997 0.1551075 0.2426875 0.2630932 0.2863812 0.2758869 0.2645652 0.2188131 0.2318882 0.6722323 0.1843183 0.1803887 0.1829226 0.1859451 0.1786519 0.1839676 0.1793052 0.2293017 0.2834479 0.2201102 0.1435935 0.0409203 0.1802846 0.1433608 0.0638484 0.1173345 0.2463016 0.1862819 0.1487016 0.1869246 0.2031939 0.0086965 0.2006570 0.0000000 0.1439607 0.3017894 0.3006021 0.2974190 0.2980341 
yHAB166_Kazachstania_yakushimaensis         0.2954888 0.2097970 0.1718363 0.2521181 0.2785812 0.3107444 0.2890418 0.2805100 0.2145560 0.2424624 0.6840458 0.1922349 0.1870182 0.1883735 0.1921653 0.1864901 0.1855297 0.1861797 0.2732760 0.3021857 0.2359981 0.1678006 0.1441654 0.1967259 0.1524572 0.1470958 0.1307021 0.2721294 0.1926672 0.0296030 0.2059964 0.2137252 0.1421158 0.2164434 0.1439607 0.0000000 0.3171799 0.3178314 0.3148621 0.3457783 
yHMPu5000034875_Tetrapisispora_fleetii      0.2858424 0.2702351 0.2629319 0.2977551 0.2713869 0.3470521 0.2818680 0.2706664 0.2609152 0.2670882 0.5887826 0.2311493 0.2346510 0.2328830 0.2334141 0.2285895 0.2336281 0.2368540 0.2517552 0.0556458 0.1778238 0.2524882 0.2782407 0.2476884 0.2352569 0.2643664 0.2659305 0.3096184 0.2429549 0.3111345 0.2641278 0.2630742 0.2905464 0.2573883 0.3017894 0.3171799 0.0000000 0.0919741 0.0352463 0.2995016 
yHMPu5000034876_Tetrapisispora_iriomotensis 0.2913723 0.2648054 0.2519422 0.2845113 0.2826417 0.3579887 0.2906412 0.2793737 0.2482560 0.2680138 0.6173004 0.2254588 0.2240357 0.2230516 0.2240367 0.2211292 0.2214844 0.2269432 0.2410384 0.0919806 0.1773979 0.2442764 0.2772111 0.2599858 0.2273289 0.2578516 0.2509866 0.3090640 0.2356954 0.3348162 0.2514892 0.2689091 0.2898036 0.2604106 0.3006021 0.3178314 0.0919741 0.0000000 0.0962495 0.2821242 
yHMPu5000034877_Tetrapisispora_namnaonensis 0.2905537 0.2722069 0.2671285 0.3038434 0.2774598 0.3560713 0.2932497 0.2731043 0.2634427 0.2705173 0.5865785 0.2304687 0.2342151 0.2322238 0.2310405 0.2311078 0.2330828 0.2362430 0.2597043 0.0579915 0.1848462 0.2601738 0.2741160 0.2595691 0.2437553 0.2682974 0.2600331 0.3081298 0.2510610 0.3076234 0.2745633 0.2626520 0.2853157 0.2658858 0.2974190 0.3148621 0.0352463 0.0962495 0.0000000 0.3174816 
yHMPu5000035629_Yueomyces_sinensis          0.3521263 0.2867687 0.2838596 0.3125736 0.3181611 0.3524930 0.3403859 0.3249552 0.2825686 0.2891396 0.6736184 0.2600164 0.2597226 0.2524244 0.2607994 0.2542323 0.2609213 0.2504199 0.1533873 0.3054819 0.2383262 0.2807682 0.2911786 0.2819432 0.2808200 0.2878825 0.2934811 0.3343846 0.2651161 0.3541042 0.2809032 0.2903163 0.2954353 0.2794308 0.2980341 0.3457783 0.2995016 0.2821242 0.3174816 0.0000000 
