39
Candida_glabrata                            0.0000000 0.1247895 0.0956283 0.1063969 0.0499305 0.0993936 0.0463967 0.0493542 0.1222544 0.1365264 0.7873425 0.0999156 0.0999156 0.1028034 0.1004219 0.1020049 0.1028034 0.1338393 0.1331746 0.0909781 0.0900709 0.1044410 0.1196227 0.0846581 0.1120652 0.0700660 0.1175838 0.0991053 0.0826842 0.1199854 0.1102054 0.1141749 0.1257311 0.1232071 0.0821297 0.1418105 0.1253481 0.1380444 0.1858589 
Kazachstania_africana                       0.1247895 0.0000000 0.0979201 0.1215117 0.1000038 0.1187025 0.1092460 0.1016702 0.0791230 0.1253345 0.8756136 0.0936723 0.0936723 0.0892583 0.0891260 0.0975061 0.0892583 0.1011739 0.1092359 0.0950235 0.0583920 0.0812938 0.0464774 0.0604513 0.0752881 0.0709090 0.0945596 0.0668606 0.0796988 0.0619311 0.0859895 0.0919196 0.0731644 0.0879552 0.0726268 0.1148294 0.0995744 0.1134724 0.1806353 
Kazachstania_naganishii                     0.0956283 0.0979201 0.0000000 0.1349071 0.1186172 0.1119604 0.1157068 0.1109690 0.0983394 0.1467972 0.8245745 0.1105417 0.1105417 0.1136192 0.1111426 0.1135640 0.1136192 0.1113389 0.1410544 0.1075747 0.0734985 0.0821162 0.0966410 0.0739163 0.0881087 0.0608679 0.1268887 0.0869667 0.0790491 0.0908867 0.0957983 0.1076405 0.1112712 0.0982308 0.0687403 0.1467370 0.1302672 0.1410082 0.1747495 
Nakaseomyces_bacillisporus                  0.1063969 0.1215117 0.1349071 0.0000000 0.1004935 0.1049249 0.1043560 0.1049016 0.1148646 0.1269134 0.8601789 0.0969053 0.0969053 0.0997322 0.1009310 0.0937080 0.0997322 0.1305398 0.1421785 0.1234041 0.1105589 0.1173843 0.1156208 0.1024744 0.1194539 0.1029880 0.1378756 0.1125908 0.1135747 0.1193715 0.1218846 0.1204100 0.1217295 0.1285561 0.1030351 0.1402685 0.1407360 0.1453910 0.1852606 
Nakaseomyces_bracarensis                    0.0499305 0.1000038 0.1186172 0.1004935 0.0000000 0.0917202 0.0089905 0.0090014 0.1032873 0.1358943 0.8461557 0.0936842 0.0936842 0.0930142 0.0909339 0.0939880 0.0930142 0.1227479 0.1285411 0.0998669 0.0947854 0.1142573 0.1021409 0.0997685 0.1137886 0.0833179 0.1051364 0.0940156 0.1092903 0.1002452 0.1201442 0.1337638 0.1156165 0.1293630 0.1011267 0.1348206 0.1275818 0.1312645 0.1772790 
Nakaseomyces_castellii                      0.0993936 0.1187025 0.1119604 0.1049249 0.0917202 0.0000000 0.0922316 0.0868975 0.0941065 0.1365936 0.8126800 0.1057179 0.1057179 0.1091438 0.1051165 0.1027047 0.1091438 0.1359035 0.1384852 0.1085514 0.1015861 0.1197539 0.1082068 0.1097780 0.1137593 0.1125589 0.1345582 0.1072613 0.1201160 0.1063713 0.1322474 0.1432328 0.1230429 0.1393262 0.1165658 0.1472366 0.1265131 0.1398048 0.1784163 
Nakaseomyces_delphensis                     0.0463967 0.1092460 0.1157068 0.1043560 0.0089905 0.0922316 0.0000000 0.0058887 0.1031426 0.1297849 0.8099419 0.0949271 0.0949271 0.0942447 0.0921553 0.0969311 0.0942447 0.1227817 0.1236303 0.0997747 0.0888135 0.1085931 0.1028975 0.0969489 0.1083885 0.0812638 0.1071557 0.0890549 0.1061995 0.0979139 0.1175702 0.1264377 0.1104686 0.1263325 0.0987798 0.1273082 0.1232376 0.1272126 0.1735795 
Nakaseomyces_nivariensis                    0.0493542 0.1016702 0.1109690 0.1049016 0.0090014 0.0868975 0.0058887 0.0000000 0.0959476 0.1249867 0.8244131 0.0982788 0.0982788 0.0975880 0.0955518 0.0985965 0.0975880 0.1178704 0.1188634 0.0925312 0.0820527 0.1039377 0.0972022 0.0925391 0.1039410 0.0841571 0.1107820 0.0846763 0.1016387 0.0935685 0.1101448 0.1271922 0.1059868 0.1245090 0.0944201 0.1225215 0.1183893 0.1207245 0.1678208 
Naumovozyma_castellii                       0.1222544 0.0791230 0.0983394 0.1148646 0.1032873 0.0941065 0.1031426 0.0959476 0.0000000 0.0798633 0.8122606 0.0882562 0.0882562 0.0912900 0.0911969 0.0909136 0.0912900 0.0933046 0.1038588 0.0797804 0.0806012 0.1000585 0.0902901 0.0897104 0.0953197 0.0977740 0.1297131 0.0955688 0.0992383 0.0853826 0.0947518 0.1103661 0.1018302 0.1000119 0.0878970 0.1081159 0.0960457 0.1064173 0.1657623 
Naumovozyma_dairenensis                     0.1365264 0.1253345 0.1467972 0.1269134 0.1358943 0.1365936 0.1297849 0.1249867 0.0798633 0.0000000 0.8270322 0.0952629 0.0952629 0.0949493 0.1036131 0.1016270 0.0949493 0.0988711 0.1326240 0.1101797 0.1062607 0.0980012 0.1097599 0.0935139 0.1070670 0.1142629 0.1343377 0.1016793 0.1085367 0.0915529 0.0893377 0.0984646 0.0907468 0.0983849 0.0934334 0.1315127 0.1168795 0.1440542 0.1526232 
Neurospora_crassa                           0.7873425 0.8756136 0.8245745 0.8601789 0.8461557 0.8126800 0.8099419 0.8244131 0.8122606 0.8270322 0.0000000 0.8832818 0.8832818 0.8632956 0.8609494 0.8787646 0.8632956 0.8662930 0.8703032 0.8195733 0.8137933 0.8294001 0.8807158 0.7968088 0.8615901 0.8219332 0.8285084 0.8134905 0.8369763 0.8511102 0.8794235 0.8398258 0.8361308 0.8677342 0.8194002 0.8892726 0.8444466 0.8881057 0.8431511 
Saccharomyces_arboricola                    0.0999156 0.0936723 0.1105417 0.0969053 0.0936842 0.1057179 0.0949271 0.0982788 0.0882562 0.0952629 0.8832818 0.0000000 0.0000010 0.0058744 0.0088487 0.0089553 0.0058744 0.1032512 0.1215103 0.0856749 0.0885350 0.0960978 0.0922253 0.0805592 0.0943344 0.0834546 0.1158607 0.1021688 0.0960157 0.0878644 0.0920397 0.1061319 0.0904771 0.1138259 0.0885685 0.1250248 0.1063126 0.1258244 0.1590371 
Saccharomyces_cerevisiae                    0.0999156 0.0936723 0.1105417 0.0969053 0.0936842 0.1057179 0.0949271 0.0982788 0.0882562 0.0952629 0.8832818 0.0000010 0.0000000 0.0058744 0.0088487 0.0089553 0.0058744 0.1032512 0.1215103 0.0856749 0.0885350 0.0960978 0.0922253 0.0805592 0.0943344 0.0834546 0.1158607 0.1021688 0.0960157 0.0878644 0.0920397 0.1061319 0.0904771 0.1138259 0.0885685 0.1250248 0.1063126 0.1258244 0.1590371 
Saccharomyces_eubayanus                     0.1028034 0.0892583 0.1136192 0.0997322 0.0930142 0.1091438 0.0942447 0.0975880 0.0912900 0.0949493 0.8632956 0.0058744 0.0058744 0.0000000 0.0088480 0.0149909 0.0000010 0.0986731 0.1220500 0.0892177 0.0915296 0.0990813 0.0878973 0.0834972 0.0981098 0.0863789 0.1111660 0.1051024 0.0989504 0.0836100 0.0950681 0.1091612 0.0862136 0.1168851 0.0915045 0.1255779 0.1099120 0.1263926 0.1563771 
Saccharomyces_kudriavzevii                  0.1004219 0.0891260 0.1111426 0.1009310 0.0909339 0.1051165 0.0921553 0.0955518 0.0911969 0.1036131 0.8609494 0.0088487 0.0088487 0.0088480 0.0000000 0.0180629 0.0088480 0.0918842 0.1228235 0.0968080 0.0878918 0.1003392 0.0861762 0.0839937 0.0956383 0.0842327 0.1108576 0.1026955 0.1045764 0.0884529 0.1036537 0.1179778 0.0942613 0.1231079 0.0997675 0.1263747 0.1178483 0.1248961 0.1674206 
Saccharomyces_mikatae                       0.1020049 0.0975061 0.1135640 0.0937080 0.0939880 0.1027047 0.0969311 0.0985965 0.0909136 0.1016270 0.8787646 0.0089553 0.0089553 0.0149909 0.0180629 0.0000000 0.0149909 0.1097595 0.1233981 0.0886911 0.0839911 0.0994204 0.0944733 0.0858055 0.0975375 0.0889949 0.1153453 0.1050534 0.1016446 0.0919571 0.0952021 0.1131223 0.0971690 0.1172901 0.0940136 0.1268897 0.1108691 0.1302941 0.1606442 
Saccharomyces_uvarum                        0.1028034 0.0892583 0.1136192 0.0997322 0.0930142 0.1091438 0.0942447 0.0975880 0.0912900 0.0949493 0.8632956 0.0058744 0.0058744 0.0000010 0.0088480 0.0149909 0.0000000 0.0986731 0.1220500 0.0892177 0.0915296 0.0990813 0.0878973 0.0834972 0.0981098 0.0863789 0.1111660 0.1051024 0.0989504 0.0836100 0.0950681 0.1091612 0.0862136 0.1168851 0.0915045 0.1255779 0.1099120 0.1263926 0.1563771 
Tetrapisispora_blattae                      0.1338393 0.1011739 0.1113389 0.1305398 0.1227479 0.1359035 0.1227817 0.1178704 0.0933046 0.0988711 0.8662930 0.1032512 0.1032512 0.0986731 0.0918842 0.1097595 0.0986731 0.0000000 0.1104731 0.0963532 0.1090990 0.1156706 0.1027813 0.0935417 0.1155696 0.1090688 0.1365366 0.1129248 0.1133872 0.0856480 0.1235421 0.1310004 0.1154698 0.1301301 0.1069489 0.1121704 0.1051649 0.1147973 0.1007743 
Tetrapisispora_phaffii                      0.1331746 0.1092359 0.1410544 0.1421785 0.1285411 0.1384852 0.1236303 0.1188634 0.1038588 0.1326240 0.8703032 0.1215103 0.1215103 0.1220500 0.1228235 0.1233981 0.1220500 0.1104731 0.0000000 0.0641449 0.1050303 0.1265323 0.1160489 0.1205748 0.1204706 0.1229260 0.1561368 0.1292705 0.1311956 0.1286459 0.1463184 0.1484595 0.1185593 0.1410126 0.1239058 0.0211657 0.0290794 0.0329007 0.1687704 
Vanderwaltozyma_polyspora                   0.0909781 0.0950235 0.1075747 0.1234041 0.0998669 0.1085514 0.0997747 0.0925312 0.0797804 0.1101797 0.8195733 0.0856749 0.0856749 0.0892177 0.0968080 0.0886911 0.0892177 0.0963532 0.0641449 0.0000000 0.1001805 0.0991988 0.1018057 0.0817549 0.1075613 0.0876341 0.1244130 0.1061541 0.0876235 0.1069490 0.0933519 0.1117104 0.0952597 0.1138399 0.0835221 0.0708327 0.0547365 0.0757968 0.1511838 
yHAB132_Kazachstania_martiniae              0.0900709 0.0583920 0.0734985 0.1105589 0.0947854 0.1015861 0.0888135 0.0820527 0.0806012 0.1062607 0.8137933 0.0885350 0.0885350 0.0915296 0.0878918 0.0839911 0.0915296 0.1090990 0.1050303 0.1001805 0.0000000 0.0746701 0.0597048 0.0623300 0.0727527 0.0558879 0.0977530 0.0562366 0.0798857 0.0661383 0.0701777 0.0880355 0.0781834 0.0830992 0.0696502 0.1132725 0.0999422 0.1164773 0.1811333 
yHAB133_Kazachstania_unispora               0.1044410 0.0812938 0.0821162 0.1173843 0.1142573 0.1197539 0.1085931 0.1039377 0.1000585 0.0980012 0.8294001 0.0960978 0.0960978 0.0990813 0.1003392 0.0994204 0.0990813 0.1156706 0.1265323 0.0991988 0.0746701 0.0000000 0.0786150 0.0507169 0.0272451 0.0562802 0.1032909 0.0641558 0.0582599 0.0714502 0.0724353 0.0308000 0.0795857 0.0345061 0.0488515 0.1254758 0.1180234 0.1369962 0.1776760 
yHAB134_Kazachstania_turicensis             0.1196227 0.0464774 0.0966410 0.1156208 0.1021409 0.1082068 0.1028975 0.0972022 0.0902901 0.1097599 0.8807158 0.0922253 0.0922253 0.0878973 0.0861762 0.0944733 0.0878973 0.1027813 0.1160489 0.1018057 0.0597048 0.0786150 0.0000000 0.0730880 0.0722778 0.0638208 0.0865484 0.0552977 0.0842260 0.0495650 0.0841775 0.0902221 0.0346325 0.0845475 0.0747865 0.1158148 0.1106864 0.1114141 0.1701634 
yHAB136_Kazachstania_bromeliacearum         0.0846581 0.0604513 0.0739163 0.1024744 0.0997685 0.1097780 0.0969489 0.0925391 0.0897104 0.0935139 0.7968088 0.0805592 0.0805592 0.0834972 0.0839937 0.0858055 0.0834972 0.0935417 0.1205748 0.0817549 0.0623300 0.0507169 0.0730880 0.0000000 0.0549926 0.0518263 0.0991115 0.0621982 0.0309315 0.0648221 0.0663330 0.0504844 0.0705581 0.0545887 0.0302841 0.1247075 0.0984834 0.1335561 0.1670148 
yHAB143_Kazachstania_siamensis              0.1120652 0.0752881 0.0881087 0.1194539 0.1137886 0.1137593 0.1083885 0.1039410 0.0953197 0.1070670 0.8615901 0.0943344 0.0943344 0.0981098 0.0956383 0.0975375 0.0981098 0.1155696 0.1204706 0.1075613 0.0727527 0.0272451 0.0722778 0.0549926 0.0000000 0.0599808 0.1084249 0.0729650 0.0582814 0.0662332 0.0729435 0.0437364 0.0740234 0.0371431 0.0548177 0.1171220 0.1110282 0.1263249 0.1731174 
yHAB147_Kazachstania_taianensis             0.0700660 0.0709090 0.0608679 0.1029880 0.0833179 0.1125589 0.0812638 0.0841571 0.0977740 0.1142629 0.8219332 0.0834546 0.0834546 0.0863789 0.0842327 0.0889949 0.0863789 0.1090688 0.1229260 0.0876341 0.0558879 0.0562802 0.0638208 0.0518263 0.0599808 0.0000000 0.0880013 0.0643654 0.0410939 0.0675088 0.0700233 0.0701953 0.0791818 0.0748543 0.0475100 0.1215659 0.1151846 0.1255358 0.1750042 
yHAB148_Kazachstania_intestinalis           0.1175838 0.0945596 0.1268887 0.1378756 0.1051364 0.1345582 0.1071557 0.1107820 0.1297131 0.1343377 0.8285084 0.1158607 0.1158607 0.1111660 0.1108576 0.1153453 0.1111660 0.1365366 0.1561368 0.1244130 0.0977530 0.1032909 0.0865484 0.0991115 0.1084249 0.0880013 0.0000000 0.0934114 0.1144116 0.0911094 0.1124668 0.1224876 0.1052288 0.1180456 0.1092123 0.1608758 0.1501449 0.1598192 0.2042277 
yHAB153_Kazachstania_rosinii                0.0991053 0.0668606 0.0869667 0.1125908 0.0940156 0.1072613 0.0890549 0.0846763 0.0955688 0.1016793 0.8134905 0.1021688 0.1021688 0.1051024 0.1026955 0.1050534 0.1051024 0.1129248 0.1292705 0.1061541 0.0562366 0.0641558 0.0552977 0.0621982 0.0729650 0.0643654 0.0934114 0.0000000 0.0853024 0.0673556 0.0927071 0.0846837 0.0569009 0.0806802 0.0711533 0.1321336 0.1177121 0.1324808 0.1707353 
yHAB154_Kazachstania_transvaalensis         0.0826842 0.0796988 0.0790491 0.1135747 0.1092903 0.1201160 0.1061995 0.1016387 0.0992383 0.1085367 0.8369763 0.0960157 0.0960157 0.0989504 0.1045764 0.1016446 0.0989504 0.1133872 0.1311956 0.0876235 0.0798857 0.0582599 0.0842260 0.0309315 0.0582814 0.0410939 0.1144116 0.0853024 0.0000000 0.0718166 0.0710749 0.0623394 0.0898928 0.0618667 0.0179306 0.1308147 0.1112373 0.1410638 0.1778046 
yHAB155_Kazachstania_spencerorum            0.1199854 0.0619311 0.0908867 0.1193715 0.1002452 0.1063713 0.0979139 0.0935685 0.0853826 0.0915529 0.8511102 0.0878644 0.0878644 0.0836100 0.0884529 0.0919571 0.0836100 0.0856480 0.1286459 0.1069490 0.0661383 0.0714502 0.0495650 0.0648221 0.0662332 0.0675088 0.0911094 0.0673556 0.0718166 0.0000000 0.0685182 0.0795586 0.0535159 0.0803402 0.0687691 0.1251824 0.0977801 0.1312183 0.1490637 
yHAB158_Kazachstania_viticola               0.1102054 0.0859895 0.0957983 0.1218846 0.1201442 0.1322474 0.1175702 0.1101448 0.0947518 0.0893377 0.8794235 0.0920397 0.0920397 0.0950681 0.1036537 0.0952021 0.0950681 0.1235421 0.1463184 0.0933519 0.0701777 0.0724353 0.0841775 0.0663330 0.0729435 0.0700233 0.1124668 0.0927071 0.0710749 0.0685182 0.0000000 0.0674239 0.0847204 0.0677532 0.0572390 0.1426184 0.1263636 0.1542423 0.1699147 
yHAB159_Kazachstania_solicola               0.1141749 0.0919196 0.1076405 0.1204100 0.1337638 0.1432328 0.1264377 0.1271922 0.1103661 0.0984646 0.8398258 0.1061319 0.1061319 0.1091612 0.1179778 0.1131223 0.1091612 0.1310004 0.1484595 0.1117104 0.0880355 0.0308000 0.0902221 0.0504844 0.0437364 0.0701953 0.1224876 0.0846837 0.0623394 0.0795586 0.0674239 0.0000000 0.0822787 0.0213086 0.0555079 0.1471815 0.1267464 0.1613135 0.1727045 
yHAB160_Kazachstania_kunashirensis          0.1257311 0.0731644 0.1112712 0.1217295 0.1156165 0.1230429 0.1104686 0.1059868 0.1018302 0.0907468 0.8361308 0.0904771 0.0904771 0.0862136 0.0942613 0.0971690 0.0862136 0.1154698 0.1185593 0.0952597 0.0781834 0.0795857 0.0346325 0.0705581 0.0740234 0.0791818 0.1052288 0.0569009 0.0898928 0.0535159 0.0847204 0.0822787 0.0000000 0.0883933 0.0790766 0.1152895 0.1013472 0.1255297 0.1690983 
yHAB164_Kazachstania_aerobia                0.1232071 0.0879552 0.0982308 0.1285561 0.1293630 0.1393262 0.1263325 0.1245090 0.1000119 0.0983849 0.8677342 0.1138259 0.1138259 0.1168851 0.1231079 0.1172901 0.1168851 0.1301301 0.1410126 0.1138399 0.0830992 0.0345061 0.0845475 0.0545887 0.0371431 0.0748543 0.1180456 0.0806802 0.0618667 0.0803402 0.0677532 0.0213086 0.0883933 0.0000000 0.0510839 0.1439235 0.1276910 0.1525699 0.1863599 
yHAB166_Kazachstania_yakushimaensis         0.0821297 0.0726268 0.0687403 0.1030351 0.1011267 0.1165658 0.0987798 0.0944201 0.0878970 0.0934334 0.8194002 0.0885685 0.0885685 0.0915045 0.0997675 0.0940136 0.0915045 0.1069489 0.1239058 0.0835221 0.0696502 0.0488515 0.0747865 0.0302841 0.0548177 0.0475100 0.1092123 0.0711533 0.0179306 0.0687691 0.0572390 0.0555079 0.0790766 0.0510839 0.0000000 0.1244131 0.1027384 0.1350515 0.1706148 
yHMPu5000034875_Tetrapisispora_fleetii      0.1418105 0.1148294 0.1467370 0.1402685 0.1348206 0.1472366 0.1273082 0.1225215 0.1081159 0.1315127 0.8892726 0.1250248 0.1250248 0.1255779 0.1263747 0.1268897 0.1255779 0.1121704 0.0211657 0.0708327 0.1132725 0.1254758 0.1158148 0.1247075 0.1171220 0.1215659 0.1608758 0.1321336 0.1308147 0.1251824 0.1426184 0.1471815 0.1152895 0.1439235 0.1244131 0.0000000 0.0355266 0.0290766 0.1756655 
yHMPu5000034876_Tetrapisispora_iriomotensis 0.1253481 0.0995744 0.1302672 0.1407360 0.1275818 0.1265131 0.1232376 0.1183893 0.0960457 0.1168795 0.8444466 0.1063126 0.1063126 0.1099120 0.1178483 0.1108691 0.1099120 0.1051649 0.0290794 0.0547365 0.0999422 0.1180234 0.1106864 0.0984834 0.1110282 0.1151846 0.1501449 0.1177121 0.1112373 0.0977801 0.1263636 0.1267464 0.1013472 0.1276910 0.1027384 0.0355266 0.0000000 0.0429248 0.1690547 
yHMPu5000034877_Tetrapisispora_namnaonensis 0.1380444 0.1134724 0.1410082 0.1453910 0.1312645 0.1398048 0.1272126 0.1207245 0.1064173 0.1440542 0.8881057 0.1258244 0.1258244 0.1263926 0.1248961 0.1302941 0.1263926 0.1147973 0.0329007 0.0757968 0.1164773 0.1369962 0.1114141 0.1335561 0.1263249 0.1255358 0.1598192 0.1324808 0.1410638 0.1312183 0.1542423 0.1613135 0.1255297 0.1525699 0.1350515 0.0290766 0.0429248 0.0000000 0.1884454 
yHMPu5000035629_Yueomyces_sinensis          0.1858589 0.1806353 0.1747495 0.1852606 0.1772790 0.1784163 0.1735795 0.1678208 0.1657623 0.1526232 0.8431511 0.1590371 0.1590371 0.1563771 0.1674206 0.1606442 0.1563771 0.1007743 0.1687704 0.1511838 0.1811333 0.1776760 0.1701634 0.1670148 0.1731174 0.1750042 0.2042277 0.1707353 0.1778046 0.1490637 0.1699147 0.1727045 0.1690983 0.1863599 0.1706148 0.1756655 0.1690547 0.1884454 0.0000000 
