40
Candida_glabrata                            0.0000000 0.4392220 0.4390922 0.3947685 0.1642073 0.5034637 0.1733921 0.1699821 0.3565630 0.3860859 1.5630243 0.4288576 0.4329446 0.4004582 0.4229983 0.4188987 0.4222879 0.4598386 0.5499596 0.5513985 0.4352664 0.4344312 0.4639596 0.4365619 0.4797211 0.4860623 0.3936514 0.5748274 0.3828000 0.6540872 0.3598815 0.4441164 0.5064888 0.4701080 0.4889018 0.6545109 0.5195511 0.4977521 0.5396339 0.7591302 
Kazachstania_africana                       0.4392220 0.0000000 0.3756743 0.4046683 0.3745417 0.4358513 0.3982714 0.3683842 0.3609651 0.3527347 1.4723492 0.3611989 0.4049441 0.3951745 0.3824665 0.3968043 0.3948437 0.4229344 0.5447025 0.3901373 0.3676774 0.3233081 0.4285173 0.3020029 0.4164926 0.4715595 0.3322307 0.4360062 0.3037004 0.4887269 0.2638650 0.3376813 0.5417857 0.2961448 0.4918772 0.4900125 0.4528066 0.4106102 0.4433249 0.6317212 
Kazachstania_naganishii                     0.4390922 0.3756743 0.0000000 0.3052939 0.4530615 0.4442753 0.4741213 0.4432961 0.3102007 0.3033821 1.3693601 0.4162017 0.3901128 0.3835210 0.4018407 0.3858136 0.3803491 0.4316731 0.5109187 0.4529856 0.4462508 0.2400712 0.2766513 0.3708196 0.2630970 0.2802466 0.2237766 0.4145741 0.3019943 0.4386216 0.3091920 0.3638314 0.3553797 0.3473295 0.3133855 0.4591367 0.4681081 0.4209169 0.4680865 0.6092037 
Nakaseomyces_bacillisporus                  0.3947685 0.4046683 0.3052939 0.0000000 0.3645747 0.3888121 0.3883022 0.3663378 0.3273016 0.2674638 1.3057083 0.3951549 0.3603013 0.3839979 0.3631087 0.3482057 0.3510140 0.4208695 0.4776465 0.3939377 0.3647439 0.2901506 0.4095151 0.3016270 0.4331882 0.4002083 0.3745429 0.4334143 0.2352357 0.5578405 0.2770893 0.4164505 0.4518402 0.2928900 0.4178972 0.5473339 0.3940735 0.3905463 0.3860908 0.6254221 
Nakaseomyces_bracarensis                    0.1642073 0.3745417 0.4530615 0.3645747 0.0000000 0.5034082 0.0622294 0.0500900 0.3660580 0.4058299 1.4901875 0.4842830 0.4954577 0.4711500 0.4572207 0.4806816 0.4843080 0.5132816 0.5945682 0.5428808 0.4602177 0.4147964 0.4536423 0.4681376 0.4602859 0.5209013 0.4372169 0.5594394 0.3662401 0.6734170 0.3680865 0.4570757 0.5899410 0.4842140 0.5635867 0.6562783 0.5430214 0.5755044 0.5468702 0.8105178 
Nakaseomyces_castellii                      0.5034637 0.4358513 0.4442753 0.3888121 0.5034082 0.0000000 0.5100641 0.4989567 0.4292468 0.4061216 1.5661509 0.4670403 0.4771099 0.4792359 0.4736180 0.4684825 0.4662755 0.5364488 0.6116253 0.4420573 0.4769299 0.4423899 0.4426848 0.4405410 0.4894702 0.4403015 0.3931218 0.5988890 0.4556339 0.7159949 0.4334696 0.5359319 0.5075330 0.4871309 0.4667570 0.7047085 0.5118251 0.5465861 0.4857247 0.6272717 
Nakaseomyces_delphensis                     0.1733921 0.3982714 0.4741213 0.3883022 0.0622294 0.5100641 0.0000000 0.0491937 0.4114986 0.4389188 1.5023386 0.4916674 0.5029474 0.4852833 0.4740613 0.4879950 0.4916689 0.5208895 0.6166151 0.5946195 0.5152344 0.4394502 0.4442702 0.4561622 0.5154004 0.5102588 0.4256140 0.5576004 0.3875723 0.6823675 0.3690057 0.4691978 0.5836060 0.4666496 0.5576664 0.6532020 0.6015558 0.6046475 0.5952856 0.8029900 
Nakaseomyces_nivariensis                    0.1699821 0.3683842 0.4432961 0.3663378 0.0500900 0.4989567 0.0491937 0.0000000 0.3803096 0.4143836 1.4959076 0.4653099 0.4860871 0.4675580 0.4484198 0.4715496 0.4751119 0.5091587 0.6010885 0.5503479 0.5006379 0.3996932 0.4434299 0.4504006 0.4830923 0.4997245 0.4347736 0.5469853 0.3567138 0.6834493 0.3526573 0.4646265 0.5711771 0.4559478 0.5473467 0.6449946 0.5540737 0.5682997 0.5543770 0.7942055 
Naumovozyma_castellii                       0.3565630 0.3609651 0.3102007 0.3273016 0.3660580 0.4292468 0.4114986 0.3803096 0.0000000 0.1997744 1.3867160 0.3211080 0.3505911 0.3245882 0.3104417 0.3430294 0.3413289 0.3383052 0.5003520 0.3763031 0.3592648 0.2307117 0.3518767 0.2802650 0.3773571 0.3537017 0.2576465 0.5224082 0.2952611 0.5548768 0.2519248 0.3353533 0.4282026 0.2830611 0.4210834 0.5416686 0.3615318 0.3710478 0.3673371 0.6599314 
Naumovozyma_dairenensis                     0.3860859 0.3527347 0.3033821 0.2674638 0.4058299 0.4061216 0.4389188 0.4143836 0.1997744 0.0000000 1.4652865 0.3431978 0.3548416 0.3681830 0.3422567 0.3430905 0.3458076 0.3795270 0.4689244 0.2944522 0.3704143 0.2627692 0.3263335 0.2893508 0.3706524 0.2974143 0.2746745 0.4521211 0.2685329 0.4424666 0.2670529 0.3616503 0.3915824 0.3037454 0.3460605 0.4441085 0.3352886 0.3189660 0.3190030 0.5797959 
Neurospora_crassa                           1.5630243 1.4723492 1.3693601 1.3057083 1.4901875 1.5661509 1.5023386 1.4959076 1.3867160 1.4652865 0.0000000 1.5524466 1.5042806 1.5145318 1.4494660 1.4950038 1.4756223 1.4763591 1.5542689 1.4956746 1.6513014 1.3592176 1.5019648 1.4791764 1.5192829 1.4852752 1.4965480 1.7717523 1.4442194 1.5802429 1.4386836 1.5035286 1.5549508 1.4629958 1.6366940 1.5336096 1.5095687 1.6244073 1.5105443 1.6237024 
Saccharomyces_arboricola                    0.4288576 0.3611989 0.4162017 0.3951549 0.4842830 0.4670403 0.4916674 0.4653099 0.3211080 0.3431978 1.5524466 0.0000000 0.0672954 0.0549548 0.0657946 0.0671735 0.0613206 0.0601078 0.5123882 0.4534812 0.4889100 0.2499093 0.3852719 0.2813810 0.4555455 0.4304205 0.3154445 0.5179787 0.3360867 0.5763573 0.2832414 0.3687626 0.4760278 0.2976447 0.4589957 0.5632288 0.4682115 0.4417356 0.4650956 0.6321316 
Saccharomyces_cerevisiae                    0.4329446 0.4049441 0.3901128 0.3603013 0.4954577 0.4771099 0.5029474 0.4860871 0.3505911 0.3548416 1.5042806 0.0672954 0.0000000 0.0544710 0.0544418 0.0104792 0.0052183 0.0706032 0.5353950 0.4778840 0.4713653 0.2980512 0.3901182 0.3143216 0.4440088 0.4182584 0.3329632 0.5211035 0.3291826 0.5452401 0.2887644 0.3844020 0.4836105 0.3294924 0.4446875 0.5505840 0.4930367 0.4407883 0.4870095 0.6682627 
Saccharomyces_eubayanus                     0.4004582 0.3951745 0.3835210 0.3839979 0.4711500 0.4792359 0.4852833 0.4675580 0.3245882 0.3681830 1.5145318 0.0549548 0.0544710 0.0000000 0.0590778 0.0543769 0.0487412 0.0344483 0.5292109 0.4941488 0.4978930 0.2677805 0.3646890 0.3075004 0.4486513 0.4167759 0.3277898 0.5247756 0.3264047 0.5840600 0.2962080 0.3779596 0.4821249 0.3219344 0.4456746 0.5840383 0.5099620 0.4748548 0.4981351 0.6624003 
Saccharomyces_kudriavzevii                  0.4229983 0.3824665 0.4018407 0.3631087 0.4572207 0.4736180 0.4740613 0.4484198 0.3104417 0.3422567 1.4494660 0.0657946 0.0544418 0.0590778 0.0000000 0.0543479 0.0487188 0.0752348 0.5381669 0.4770285 0.4889846 0.2734017 0.3974328 0.3116994 0.4576885 0.4133232 0.3404308 0.5330002 0.3526526 0.5672703 0.3016372 0.3717966 0.4810336 0.3282611 0.4418641 0.5725280 0.5077041 0.4533019 0.5013861 0.7012614 
Saccharomyces_mikatae                       0.4188987 0.3968043 0.3858136 0.3482057 0.4806816 0.4684825 0.4879950 0.4715496 0.3430294 0.3430905 1.4950038 0.0671735 0.0104792 0.0543769 0.0543479 0.0000000 0.0052103 0.0704705 0.5306317 0.4637574 0.4572306 0.2938796 0.3858822 0.3024856 0.4396335 0.4139533 0.3286693 0.5165067 0.3173367 0.5406026 0.2815677 0.3767527 0.4790507 0.3174700 0.4403713 0.5459589 0.4783928 0.4519560 0.4726710 0.6574994 
Saccharomyces_paradoxus                     0.4222879 0.3948437 0.3803491 0.3510140 0.4843080 0.4662755 0.4916689 0.4751119 0.3413289 0.3458076 1.4756223 0.0613206 0.0052183 0.0487412 0.0487188 0.0052103 0.0000000 0.0644055 0.5237379 0.4672124 0.4606833 0.2895211 0.3804990 0.3051222 0.4336717 0.4082583 0.3237761 0.5098891 0.3200149 0.5338697 0.2800390 0.3747288 0.4726219 0.3201891 0.4344863 0.5392359 0.4819845 0.4429358 0.4761843 0.6546034 
Saccharomyces_uvarum                        0.4598386 0.4229344 0.4316731 0.4208695 0.5132816 0.5364488 0.5208895 0.5091587 0.3383052 0.3795270 1.4763591 0.0601078 0.0706032 0.0344483 0.0752348 0.0704705 0.0644055 0.0000000 0.5670233 0.5257273 0.5347494 0.2917050 0.4038241 0.3251163 0.5006592 0.4592814 0.3487259 0.5481134 0.3624791 0.6039478 0.3196513 0.4150168 0.4695671 0.3516143 0.4896210 0.6092348 0.5419888 0.5060492 0.5356863 0.6747161 
Tetrapisispora_blattae                      0.5499596 0.5447025 0.5109187 0.4776465 0.5945682 0.6116253 0.6166151 0.6010885 0.5003520 0.4689244 1.5542689 0.5123882 0.5353950 0.5292109 0.5381669 0.5306317 0.5237379 0.5670233 0.0000000 0.5315178 0.5021188 0.4437911 0.5238697 0.4876259 0.5038001 0.4942424 0.4684344 0.6241166 0.4681997 0.6439565 0.3975164 0.5726673 0.5651582 0.5391812 0.5340544 0.6462820 0.5325843 0.4788701 0.5351485 0.4084862 
Tetrapisispora_phaffii                      0.5513985 0.3901373 0.4529856 0.3939377 0.5428808 0.4420573 0.5946195 0.5503479 0.3763031 0.2944522 1.4956746 0.4534812 0.4778840 0.4941488 0.4770285 0.4637574 0.4672124 0.5257273 0.5315178 0.0000000 0.2899914 0.3753406 0.5015291 0.3754507 0.4065848 0.5265133 0.4429979 0.5673820 0.3645889 0.5629146 0.3238414 0.4551964 0.5539681 0.3633999 0.5108507 0.5418396 0.1326911 0.2279106 0.0885841 0.7422799 
Vanderwaltozyma_polyspora                   0.4352664 0.3676774 0.4462508 0.3647439 0.4602177 0.4769299 0.5152344 0.5006379 0.3592648 0.3704143 1.6513014 0.4889100 0.4713653 0.4978930 0.4889846 0.4572306 0.4606833 0.5347494 0.5021188 0.2899914 0.0000000 0.3865028 0.5139818 0.2958260 0.4089719 0.5260592 0.4002302 0.5514460 0.3494491 0.5931780 0.3307498 0.3975151 0.6041675 0.3302100 0.5712096 0.5955294 0.2979088 0.3559605 0.2827823 0.6998648 
yHAB132_Kazachstania_martiniae              0.4344312 0.3233081 0.2400712 0.2901506 0.4147964 0.4423899 0.4394502 0.3996932 0.2307117 0.2627692 1.3592176 0.2499093 0.2980512 0.2677805 0.2734017 0.2938796 0.2895211 0.2917050 0.4437911 0.3753406 0.3865028 0.0000000 0.2851142 0.2554426 0.3278505 0.3063242 0.2232865 0.4017070 0.2056819 0.4770106 0.2280317 0.3063814 0.4076618 0.2571085 0.3860222 0.4420058 0.3753045 0.3543462 0.3863786 0.5867384 
yHAB133_Kazachstania_unispora               0.4639596 0.4285173 0.2766513 0.4095151 0.4536423 0.4426848 0.4442702 0.4434299 0.3518767 0.3263335 1.5019648 0.3852719 0.3901182 0.3646890 0.3974328 0.3858822 0.3804990 0.4038241 0.5238697 0.5015291 0.5139818 0.2851142 0.0000000 0.3110801 0.2765646 0.0732854 0.1711362 0.4776960 0.3184245 0.3784330 0.2897806 0.4073668 0.1243508 0.3509240 0.1039015 0.3707011 0.5086707 0.4580533 0.5058715 0.5669145 
yHAB134_Kazachstania_turicensis             0.4365619 0.3020029 0.3708196 0.3016270 0.4681376 0.4405410 0.4561622 0.4504006 0.2802650 0.2893508 1.4791764 0.2813810 0.3143216 0.3075004 0.3116994 0.3024856 0.3051222 0.3251163 0.4876259 0.3754507 0.2958260 0.2554426 0.3110801 0.0000000 0.3584711 0.3726761 0.2740500 0.4490938 0.2534135 0.4804658 0.1927767 0.2982443 0.4420297 0.0871475 0.4010865 0.4555046 0.3731007 0.3085541 0.3658930 0.6137737 
yHAB136_Kazachstania_bromeliacearum         0.4797211 0.4164926 0.2630970 0.4331882 0.4602859 0.4894702 0.5154004 0.4830923 0.3773571 0.3706524 1.5192829 0.4555455 0.4440088 0.4486513 0.4576885 0.4396335 0.4336717 0.5006592 0.5038001 0.4065848 0.4089719 0.3278505 0.2765646 0.3584711 0.0000000 0.2670858 0.2198444 0.5022074 0.3302365 0.4389831 0.3413155 0.4266578 0.3554258 0.3855325 0.2947222 0.4422387 0.4420124 0.4151535 0.4325861 0.6209946 
yHAB143_Kazachstania_siamensis              0.4860623 0.4715595 0.2802466 0.4002083 0.5209013 0.4403015 0.5102588 0.4997245 0.3537017 0.2974143 1.4852752 0.4304205 0.4182584 0.4167759 0.4133232 0.4139533 0.4082583 0.4592814 0.4942424 0.5265133 0.5260592 0.3063242 0.0732854 0.3726761 0.2670858 0.0000000 0.1687733 0.4749659 0.3587105 0.3698180 0.3573178 0.4635194 0.1273820 0.3896099 0.1067229 0.3620380 0.5396475 0.4727921 0.5425329 0.5516724 
yHAB147_Kazachstania_taianensis             0.3936514 0.3322307 0.2237766 0.3745429 0.4372169 0.3931218 0.4256140 0.4347736 0.2576465 0.2746745 1.4965480 0.3154445 0.3329632 0.3277898 0.3404308 0.3286693 0.3237761 0.3487259 0.4684344 0.4429979 0.4002302 0.2232865 0.1711362 0.2740500 0.2198444 0.1687733 0.0000000 0.4221907 0.2730705 0.3938032 0.2520230 0.3576519 0.2448745 0.3197107 0.2307622 0.3814218 0.4415646 0.4326649 0.4479874 0.5183228 
yHAB148_Kazachstania_intestinalis           0.5748274 0.4360062 0.4145741 0.4334143 0.5594394 0.5988890 0.5576004 0.5469853 0.5224082 0.4521211 1.7717523 0.5179787 0.5211035 0.5247756 0.5330002 0.5165067 0.5098891 0.5481134 0.6241166 0.5673820 0.5514460 0.4017070 0.4776960 0.4490938 0.5022074 0.4749659 0.4221907 0.0000000 0.4246811 0.5483940 0.4444783 0.5316052 0.5406050 0.4448304 0.4853941 0.5541567 0.6083731 0.5438993 0.5753949 0.7925174 
yHAB153_Kazachstania_rosinii                0.3828000 0.3037004 0.3019943 0.2352357 0.3662401 0.4556339 0.3875723 0.3567138 0.2952611 0.2685329 1.4442194 0.3360867 0.3291826 0.3264047 0.3526526 0.3173367 0.3200149 0.3624791 0.4681997 0.3645889 0.3494491 0.2056819 0.3184245 0.2534135 0.3302365 0.3587105 0.2730705 0.4246811 0.0000000 0.4969622 0.2222270 0.3508724 0.4184538 0.2651412 0.4038530 0.4773477 0.3794631 0.3752493 0.3776954 0.5708753 
yHAB154_Kazachstania_transvaalensis         0.6540872 0.4887269 0.4386216 0.5578405 0.6734170 0.7159949 0.6823675 0.6834493 0.5548768 0.4424666 1.5802429 0.5763573 0.5452401 0.5840600 0.5672703 0.5406026 0.5338697 0.6039478 0.6439565 0.5629146 0.5931780 0.4770106 0.3784330 0.4804658 0.4389831 0.3698180 0.3938032 0.5483940 0.4969622 0.0000000 0.5026815 0.5723668 0.4863259 0.4827516 0.4372950 0.0383864 0.6179167 0.5611956 0.5823426 0.7403136 
yHAB155_Kazachstania_spencerorum            0.3598815 0.2638650 0.3091920 0.2770893 0.3680865 0.4334696 0.3690057 0.3526573 0.2519248 0.2670529 1.4386836 0.2832414 0.2887644 0.2962080 0.3016372 0.2815677 0.2800390 0.3196513 0.3975164 0.3238414 0.3307498 0.2280317 0.2897806 0.1927767 0.3413155 0.3573178 0.2520230 0.4444783 0.2222270 0.5026815 0.0000000 0.3015129 0.4070632 0.2045989 0.3808604 0.5154670 0.3045918 0.3075177 0.3209714 0.6027290 
yHAB158_Kazachstania_viticola               0.4441164 0.3376813 0.3638314 0.4164505 0.4570757 0.5359319 0.4691978 0.4646265 0.3353533 0.3616503 1.5035286 0.3687626 0.3844020 0.3779596 0.3717966 0.3767527 0.3747288 0.4150168 0.5726673 0.4551964 0.3975151 0.3063814 0.4073668 0.2982443 0.4266578 0.4635194 0.3576519 0.5316052 0.3508724 0.5723668 0.3015129 0.0000000 0.5312762 0.3259870 0.4764695 0.5658160 0.5253723 0.4021183 0.4950187 0.6571982 
yHAB159_Kazachstania_solicola               0.5064888 0.5417857 0.3553797 0.4518402 0.5899410 0.5075330 0.5836060 0.5711771 0.4282026 0.3915824 1.5549508 0.4760278 0.4836105 0.4821249 0.4810336 0.4790507 0.4726219 0.4695671 0.5651582 0.5539681 0.6041675 0.4076618 0.1243508 0.4420297 0.3554258 0.1273820 0.2448745 0.5406050 0.4184538 0.4863259 0.4070632 0.5312762 0.0000000 0.4682665 0.0399965 0.4899395 0.5530445 0.5175275 0.5616907 0.6523903 
yHAB160_Kazachstania_kunashirensis          0.4701080 0.2961448 0.3473295 0.2928900 0.4842140 0.4871309 0.4666496 0.4559478 0.2830611 0.3037454 1.4629958 0.2976447 0.3294924 0.3219344 0.3282611 0.3174700 0.3201891 0.3516143 0.5391812 0.3633999 0.3302100 0.2571085 0.3509240 0.0871475 0.3855325 0.3896099 0.3197107 0.4448304 0.2651412 0.4827516 0.2045989 0.3259870 0.4682665 0.0000000 0.4105562 0.4550538 0.3516966 0.3257228 0.3447558 0.5867477 
yHAB164_Kazachstania_aerobia                0.4889018 0.4918772 0.3133855 0.4178972 0.5635867 0.4667570 0.5576664 0.5473467 0.4210834 0.3460605 1.6366940 0.4589957 0.4446875 0.4456746 0.4418641 0.4403713 0.4344863 0.4896210 0.5340544 0.5108507 0.5712096 0.3860222 0.1039015 0.4010865 0.2947222 0.1067229 0.2307622 0.4853941 0.4038530 0.4372950 0.3808604 0.4764695 0.0399965 0.4105562 0.0000000 0.4408203 0.5376460 0.4698549 0.5185046 0.6447057 
yHAB166_Kazachstania_yakushimaensis         0.6545109 0.4900125 0.4591367 0.5473339 0.6562783 0.7047085 0.6532020 0.6449946 0.5416686 0.4441085 1.5336096 0.5632288 0.5505840 0.5840383 0.5725280 0.5459589 0.5392359 0.6092348 0.6462820 0.5418396 0.5955294 0.4420058 0.3707011 0.4555046 0.4422387 0.3620380 0.3814218 0.5541567 0.4773477 0.0383864 0.5154670 0.5658160 0.4899395 0.4550538 0.4408203 0.0000000 0.6052872 0.5628367 0.5559444 0.7359931 
yHMPu5000034875_Tetrapisispora_fleetii      0.5195511 0.4528066 0.4681081 0.3940735 0.5430214 0.5118251 0.6015558 0.5540737 0.3615318 0.3352886 1.5095687 0.4682115 0.4930367 0.5099620 0.5077041 0.4783928 0.4819845 0.5419888 0.5325843 0.1326911 0.2979088 0.3753045 0.5086707 0.3731007 0.4420124 0.5396475 0.4415646 0.6083731 0.3794631 0.6179167 0.3045918 0.5253723 0.5530445 0.3516966 0.5376460 0.6052872 0.0000000 0.2020271 0.0423433 0.7370678 
yHMPu5000034876_Tetrapisispora_iriomotensis 0.4977521 0.4106102 0.4209169 0.3905463 0.5755044 0.5465861 0.6046475 0.5682997 0.3710478 0.3189660 1.6244073 0.4417356 0.4407883 0.4748548 0.4533019 0.4519560 0.4429358 0.5060492 0.4788701 0.2279106 0.3559605 0.3543462 0.4580533 0.3085541 0.4151535 0.4727921 0.4326649 0.5438993 0.3752493 0.5611956 0.3075177 0.4021183 0.5175275 0.3257228 0.4698549 0.5628367 0.2020271 0.0000000 0.2109401 0.6927069 
yHMPu5000034877_Tetrapisispora_namnaonensis 0.5396339 0.4433249 0.4680865 0.3860908 0.5468702 0.4857247 0.5952856 0.5543770 0.3673371 0.3190030 1.5105443 0.4650956 0.4870095 0.4981351 0.5013861 0.4726710 0.4761843 0.5356863 0.5351485 0.0885841 0.2827823 0.3863786 0.5058715 0.3658930 0.4325861 0.5425329 0.4479874 0.5753949 0.3776954 0.5823426 0.3209714 0.4950187 0.5616907 0.3447558 0.5185046 0.5559444 0.0423433 0.2109401 0.0000000 0.7568706 
yHMPu5000035629_Yueomyces_sinensis          0.7591302 0.6317212 0.6092037 0.6254221 0.8105178 0.6272717 0.8029900 0.7942055 0.6599314 0.5797959 1.6237024 0.6321316 0.6682627 0.6624003 0.7012614 0.6574994 0.6546034 0.6747161 0.4084862 0.7422799 0.6998648 0.5867384 0.5669145 0.6137737 0.6209946 0.5516724 0.5183228 0.7925174 0.5708753 0.7403136 0.6027290 0.6571982 0.6523903 0.5867477 0.6447057 0.7359931 0.7370678 0.6927069 0.7568706 0.0000000 
