40
Candida_glabrata                            0.0000000 0.3592955 0.3823378 0.6921890 0.1024750 0.4338853 0.1228215 0.1073771 0.2633050 0.2844804 2.1985233 0.2308967 0.2040653 0.2250592 0.2311213 0.2196564 0.2224911 0.2286406 0.3734191 0.3822855 0.2769109 0.3435032 0.4081794 0.4980780 0.3557642 0.3758193 0.3704862 0.4523997 0.3481176 0.4461304 0.3731475 0.3553654 0.3805251 0.4676359 0.3831928 0.4336004 0.3842597 0.3585498 0.3708330 0.4562969 
Kazachstania_africana                       0.3592955 0.0000000 0.2848478 0.8013940 0.3458676 0.4610412 0.3524047 0.3481060 0.3132650 0.2914485 2.2939448 0.3211348 0.3045565 0.3005482 0.3169004 0.2849362 0.2896126 0.2999810 0.4168412 0.3822241 0.4032878 0.2528979 0.3669101 0.3644611 0.3081287 0.3497019 0.3181784 0.3527227 0.2512959 0.4186609 0.2741244 0.2954171 0.3465030 0.3520758 0.3443817 0.3848577 0.3555898 0.3844794 0.3472274 0.5190115 
Kazachstania_naganishii                     0.3823378 0.2848478 0.0000000 0.8604771 0.3631627 0.4854656 0.3514165 0.3500279 0.2998410 0.2571827 2.5480443 0.3284677 0.2928912 0.3048962 0.2962114 0.3070809 0.2952151 0.2984099 0.4273975 0.4352950 0.4061062 0.2641238 0.3014710 0.4380302 0.1824528 0.2692400 0.2690736 0.4024750 0.2667974 0.2980631 0.3457754 0.2840861 0.2945121 0.3888727 0.2934860 0.2530360 0.4063016 0.4068756 0.3847233 0.5328068 
Nakaseomyces_bacillisporus                  0.6921890 0.8013940 0.8604771 0.0000000 0.7600878 0.8024196 0.7581674 0.7743708 0.7322540 0.7441044 2.9831313 0.7773082 0.7271067 0.7453741 0.7534815 0.7431556 0.7308108 0.7573862 0.7463001 0.8385950 0.7866336 0.7701743 0.7996772 0.9380128 0.7764442 0.7297615 0.8770871 0.7356534 0.7439752 0.9268980 0.7805779 0.7600878 0.7798574 0.8405964 0.7917413 0.8979276 0.8627805 0.9371092 0.8271323 0.7289194 
Nakaseomyces_bracarensis                    0.1024750 0.3458676 0.3631627 0.7600878 0.0000000 0.4396337 0.0513335 0.0339297 0.2742258 0.2984258 2.2274407 0.2841513 0.2564251 0.2666861 0.2759075 0.2604172 0.2634796 0.2707204 0.3732581 0.3693288 0.2932578 0.3541581 0.3788308 0.4500582 0.3465823 0.3611985 0.3692873 0.4486474 0.3643308 0.4482261 0.3760142 0.3685466 0.3885285 0.4254211 0.3912139 0.4415193 0.3885043 0.3576872 0.3417169 0.5104490 
Nakaseomyces_castellii                      0.4338853 0.4610412 0.4854656 0.8024196 0.4396337 0.0000000 0.4620889 0.4471399 0.4580846 0.4207893 2.3296813 0.4169536 0.4091234 0.4065792 0.4442417 0.3939308 0.3995044 0.4056922 0.4562876 0.4719844 0.4135931 0.4220651 0.5047938 0.6379577 0.4698731 0.4883647 0.4734754 0.5895011 0.4649523 0.5339476 0.4894521 0.4701677 0.4831911 0.6346895 0.5010426 0.5053851 0.4609995 0.5357133 0.4679870 0.6365469 
Nakaseomyces_delphensis                     0.1228215 0.3524047 0.3514165 0.7581674 0.0513335 0.4620889 0.0000000 0.0468699 0.2459230 0.2767311 2.1470914 0.2821944 0.2603110 0.2648432 0.2798430 0.2586498 0.2616845 0.2688342 0.3866796 0.3931021 0.3017305 0.3632324 0.3922416 0.4467302 0.3524736 0.3680388 0.3637721 0.4445825 0.3321069 0.4541134 0.3634775 0.3568565 0.3888258 0.4084886 0.3915372 0.4457132 0.4024759 0.3641764 0.3712082 0.4930248 
Nakaseomyces_nivariensis                    0.1073771 0.3481060 0.3500279 0.7743708 0.0339297 0.4471399 0.0468699 0.0000000 0.2596255 0.2831901 2.1947192 0.2811268 0.2533283 0.2635768 0.2728897 0.2573317 0.2603984 0.2676044 0.3767974 0.3714038 0.2796521 0.3648622 0.3827273 0.4543713 0.3401810 0.3651866 0.3644561 0.4443767 0.3474816 0.4422018 0.3470433 0.3530699 0.3927470 0.4059948 0.3954612 0.4307884 0.3891261 0.3448450 0.3557019 0.4997670 
Naumovozyma_castellii                       0.2633050 0.3132650 0.2998410 0.7322540 0.2742258 0.4580846 0.2459230 0.2596255 0.0000000 0.1862838 2.4126828 0.2317774 0.2097783 0.2130239 0.2299440 0.1976877 0.1972019 0.2071505 0.4338779 0.4420145 0.3402629 0.3135625 0.3227166 0.3267909 0.3066435 0.3069210 0.3419558 0.4110395 0.2660853 0.4058739 0.2966279 0.3123763 0.3130283 0.3105417 0.3045844 0.3570441 0.4166574 0.4336141 0.3928987 0.3926796 
Naumovozyma_dairenensis                     0.2844804 0.2914485 0.2571827 0.7441044 0.2984258 0.4207893 0.2767311 0.2831901 0.1862838 0.0000000 2.3060634 0.2090455 0.1932154 0.1925175 0.2129144 0.1815621 0.1821768 0.1909328 0.3903348 0.3775816 0.2941723 0.2750110 0.3104927 0.3702489 0.2953882 0.2739158 0.2928002 0.4364166 0.2602203 0.3610637 0.3252521 0.2504420 0.3049514 0.3512621 0.3072774 0.3020407 0.3638674 0.3600886 0.3422807 0.4876382 
Neurospora_crassa                           2.1985233 2.2939448 2.5480443 2.9831313 2.2274407 2.3296813 2.1470914 2.1947192 2.4126828 2.3060634 0.0000000 2.5717474 2.5695584 2.6910834 2.6014535 2.5339929 2.5853816 2.6841163 2.5038170 2.4523644 2.3338140 2.3539939 2.4391389 2.3833375 2.4906919 2.3749061 2.3315851 2.4575944 2.4166302 2.3208154 2.4998874 2.2174572 2.4104707 2.6298174 2.4356988 2.3514716 2.4887454 2.3823820 2.4140115 2.2148288 
Saccharomyces_arboricola                    0.2308967 0.3211348 0.3284677 0.7773082 0.2841513 0.4169536 0.2821944 0.2811268 0.2317774 0.2090455 2.5717474 0.0000000 0.0436901 0.0430529 0.0708763 0.0522452 0.0580947 0.0433991 0.3141286 0.3365902 0.2689966 0.2860366 0.3550889 0.4203644 0.3451040 0.3523846 0.3495863 0.4699610 0.2526949 0.4461443 0.3383967 0.3211889 0.3527179 0.4140341 0.3626053 0.3904006 0.3566141 0.3479592 0.3472790 0.4237622 
Saccharomyces_cerevisiae                    0.2040653 0.3045565 0.2928912 0.7271067 0.2564251 0.4091234 0.2603110 0.2533283 0.2097783 0.1932154 2.5695584 0.0436901 0.0000000 0.0346572 0.0479055 0.0385757 0.0346464 0.0349388 0.2842374 0.3207451 0.2669582 0.2648119 0.3235387 0.4010803 0.3126146 0.3066804 0.3235433 0.4433745 0.2441358 0.4201017 0.3342856 0.2997876 0.3286239 0.3711965 0.3310834 0.3500574 0.3305387 0.3124864 0.3220248 0.3997709 
Saccharomyces_eubayanus                     0.2250592 0.3005482 0.3048962 0.7453741 0.2666861 0.4065792 0.2648432 0.2635768 0.2130239 0.1925175 2.6910834 0.0430529 0.0346572 0.0000000 0.0434111 0.0268975 0.0304847 0.0041741 0.2966986 0.3406298 0.2780178 0.2837618 0.3390438 0.4161255 0.3131855 0.3214176 0.3308867 0.4544745 0.2316986 0.4322665 0.3353240 0.3121574 0.3440175 0.3912031 0.3465910 0.3701384 0.3612314 0.3351599 0.3516020 0.4205396 
Saccharomyces_kudriavzevii                  0.2311213 0.3169004 0.2962114 0.7534815 0.2759075 0.4442417 0.2798430 0.2728897 0.2299440 0.2129144 2.6014535 0.0708763 0.0479055 0.0434111 0.0000000 0.0519221 0.0527892 0.0479706 0.3142595 0.3488505 0.2947769 0.2846911 0.3462655 0.4124526 0.3246009 0.3421212 0.3543780 0.4614419 0.2599399 0.4367062 0.3530067 0.3040434 0.3544525 0.3844305 0.3547129 0.3808752 0.3547910 0.3283410 0.3457214 0.4204086 
Saccharomyces_mikatae                       0.2196564 0.2849362 0.3070809 0.7431556 0.2604172 0.3939308 0.2586498 0.2573317 0.1976877 0.1815621 2.5339929 0.0522452 0.0385757 0.0268975 0.0519221 0.0000000 0.0256975 0.0270698 0.3008903 0.3282508 0.2673298 0.2654502 0.3304764 0.4057150 0.2993091 0.3133687 0.3073590 0.4436100 0.2135123 0.4234452 0.3115400 0.3048231 0.3353686 0.3817233 0.3268996 0.3569889 0.3506354 0.3206205 0.3413797 0.3982855 
Saccharomyces_paradoxus                     0.2224911 0.2896126 0.2952151 0.7308108 0.2634796 0.3995044 0.2616845 0.2603984 0.1972019 0.1821768 2.5853816 0.0580947 0.0346464 0.0304847 0.0527892 0.0256975 0.0000000 0.0260343 0.3058336 0.3300412 0.2760881 0.2736524 0.3236054 0.3766416 0.2929110 0.3001493 0.3163412 0.4288081 0.2195920 0.4242757 0.3173942 0.2884574 0.3284688 0.3496974 0.3309185 0.3579186 0.3487242 0.3251139 0.3394649 0.3947372 
Saccharomyces_uvarum                        0.2286406 0.2999810 0.2984099 0.7573862 0.2707204 0.4056922 0.2688342 0.2676044 0.2071505 0.1909328 2.6841163 0.0433991 0.0349388 0.0041741 0.0479706 0.0270698 0.0260343 0.0000000 0.2961390 0.3435544 0.2804031 0.2861591 0.3383551 0.4083183 0.3064665 0.3207828 0.3298034 0.4467102 0.2256801 0.4312956 0.3285664 0.3056745 0.3433189 0.3838481 0.3458841 0.3693415 0.3643433 0.3380731 0.3546099 0.4127996 
Tetrapisispora_blattae                      0.3734191 0.4168412 0.4273975 0.7463001 0.3732581 0.4562876 0.3866796 0.3767974 0.4338779 0.3903348 2.5038170 0.3141286 0.2842374 0.2966986 0.3142595 0.3008903 0.3058336 0.2961390 0.0000000 0.4062034 0.3961232 0.3963013 0.4860100 0.5950432 0.4211304 0.4550149 0.5076996 0.4556789 0.4058913 0.5021773 0.3861556 0.4756227 0.4710310 0.5482095 0.4864947 0.4570281 0.4512878 0.4455813 0.4338920 0.3630570 
Tetrapisispora_phaffii                      0.3822855 0.3822241 0.4352950 0.8385950 0.3693288 0.4719844 0.3931021 0.3714038 0.4420145 0.3775816 2.4523644 0.3365902 0.3207451 0.3406298 0.3488505 0.3282508 0.3300412 0.3435544 0.4062034 0.0000000 0.2992995 0.3729996 0.4083676 0.4396455 0.3799639 0.4146076 0.4444812 0.4494553 0.3915075 0.4308713 0.3815795 0.3841446 0.3983361 0.4525601 0.4182404 0.3981138 0.0757006 0.1919333 0.0746678 0.6068415 
Vanderwaltozyma_polyspora                   0.2769109 0.4032878 0.4061062 0.7866336 0.2932578 0.4135931 0.3017305 0.2796521 0.3402629 0.2941723 2.3338140 0.2689966 0.2669582 0.2780178 0.2947769 0.2673298 0.2760881 0.2804031 0.3961232 0.2992995 0.0000000 0.3401457 0.3827342 0.4416106 0.4185512 0.3822202 0.4406444 0.4741736 0.3355072 0.4439532 0.3873502 0.3298894 0.4118151 0.3973024 0.4257686 0.3850057 0.3013989 0.2762848 0.3072916 0.4795462 
yHAB132_Kazachstania_martiniae              0.3435032 0.2528979 0.2641238 0.7701743 0.3541581 0.4220651 0.3632324 0.3648622 0.3135625 0.2750110 2.3539939 0.2860366 0.2648119 0.2837618 0.2846911 0.2654502 0.2736524 0.2861591 0.3963013 0.3729996 0.3401457 0.0000000 0.2726140 0.3506838 0.2485058 0.2632299 0.3453291 0.3275360 0.2684244 0.4317065 0.3205152 0.2418461 0.2740580 0.3286333 0.2747780 0.3546171 0.3482122 0.3892573 0.3518311 0.4517542 
yHAB133_Kazachstania_unispora               0.4081794 0.3669101 0.3014710 0.7996772 0.3788308 0.5047938 0.3922416 0.3827273 0.3227166 0.3104927 2.4391389 0.3550889 0.3235387 0.3390438 0.3462655 0.3304764 0.3236054 0.3383551 0.4860100 0.4083676 0.3827342 0.2726140 0.0000000 0.4186231 0.2534291 0.0923579 0.2870799 0.4123459 0.3503344 0.3502142 0.4024039 0.3137216 0.0521948 0.4066645 0.0572671 0.3071034 0.4046262 0.4089681 0.3808344 0.6327343 
yHAB134_Kazachstania_turicensis             0.4980780 0.3644611 0.4380302 0.9380128 0.4500582 0.6379577 0.4467302 0.4543713 0.3267909 0.3702489 2.3833375 0.4203644 0.4010803 0.4161255 0.4124526 0.4057150 0.3766416 0.4083183 0.5950432 0.4396455 0.4416106 0.3506838 0.4186231 0.0000000 0.3948013 0.4164348 0.4470973 0.4739010 0.3213756 0.5099609 0.3839852 0.3923142 0.4386723 0.1669966 0.4500201 0.4751668 0.3956099 0.4646662 0.3935789 0.6391378 
yHAB136_Kazachstania_bromeliacearum         0.3557642 0.3081287 0.1824528 0.7764442 0.3465823 0.4698731 0.3524736 0.3401810 0.3066435 0.2953882 2.4906919 0.3451040 0.3126146 0.3131855 0.3246009 0.2993091 0.2929110 0.3064665 0.4211304 0.3799639 0.4185512 0.2485058 0.2534291 0.3948013 0.0000000 0.2297585 0.1973314 0.3740717 0.2653376 0.2408537 0.3149629 0.2839451 0.2437365 0.3277194 0.2456600 0.2374164 0.3569114 0.4355253 0.3478795 0.5309148 
yHAB143_Kazachstania_siamensis              0.3758193 0.3497019 0.2692400 0.7297615 0.3611985 0.4883647 0.3680388 0.3651866 0.3069210 0.2739158 2.3749061 0.3523846 0.3066804 0.3214176 0.3421212 0.3133687 0.3001493 0.3207828 0.4550149 0.4146076 0.3822202 0.2632299 0.0923579 0.4164348 0.2297585 0.0000000 0.2531763 0.4193239 0.3317093 0.3592852 0.3909260 0.2851486 0.1081805 0.3789876 0.1141363 0.3010405 0.4022496 0.3885138 0.3785455 0.5654762 
yHAB147_Kazachstania_taianensis             0.3704862 0.3181784 0.2690736 0.8770871 0.3692873 0.4734754 0.3637721 0.3644561 0.3419558 0.2928002 2.3315851 0.3495863 0.3235433 0.3308867 0.3543780 0.3073590 0.3163412 0.3298034 0.5076996 0.4444812 0.4406444 0.3453291 0.2870799 0.4470973 0.1973314 0.2531763 0.0000000 0.4680571 0.3412136 0.3559998 0.3829809 0.3729856 0.2933896 0.4563977 0.2911941 0.3175366 0.3999278 0.4087154 0.4154476 0.6159867 
yHAB148_Kazachstania_intestinalis           0.4523997 0.3527227 0.4024750 0.7356534 0.4486474 0.5895011 0.4445825 0.4443767 0.4110395 0.4364166 2.4575944 0.4699610 0.4433745 0.4544745 0.4614419 0.4436100 0.4288081 0.4467102 0.4556789 0.4494553 0.4741736 0.3275360 0.4123459 0.4739010 0.3740717 0.4193239 0.4680571 0.0000000 0.3635558 0.4616759 0.3347634 0.3953764 0.4239770 0.4097082 0.4330124 0.4240063 0.4197901 0.4832575 0.4204216 0.5728137 
yHAB153_Kazachstania_rosinii                0.3481176 0.2512959 0.2667974 0.7439752 0.3643308 0.4649523 0.3321069 0.3474816 0.2660853 0.2602203 2.4166302 0.2526949 0.2441358 0.2316986 0.2599399 0.2135123 0.2195920 0.2256801 0.4058913 0.3915075 0.3355072 0.2684244 0.3503344 0.3213756 0.2653376 0.3317093 0.3412136 0.3635558 0.0000000 0.4244479 0.2315106 0.2407264 0.3445349 0.2641634 0.3493902 0.3732351 0.3775823 0.3555925 0.3791454 0.4406316 
yHAB154_Kazachstania_transvaalensis         0.4461304 0.4186609 0.2980631 0.9268980 0.4482261 0.5339476 0.4541134 0.4422018 0.4058739 0.3610637 2.3208154 0.4461443 0.4201017 0.4322665 0.4367062 0.4234452 0.4242757 0.4312956 0.5021773 0.4308713 0.4439532 0.4317065 0.3502142 0.5099609 0.2408537 0.3592852 0.3559998 0.4616759 0.4244479 0.0000000 0.4500255 0.4127817 0.3714552 0.4684410 0.3882819 0.0741768 0.4294640 0.4767424 0.4392890 0.6229864 
yHAB155_Kazachstania_spencerorum            0.3731475 0.2741244 0.3457754 0.7805779 0.3760142 0.4894521 0.3634775 0.3470433 0.2966279 0.3252521 2.4998874 0.3383967 0.3342856 0.3353240 0.3530067 0.3115400 0.3173942 0.3285664 0.3861556 0.3815795 0.3873502 0.3205152 0.4024039 0.3839852 0.3149629 0.3909260 0.3829809 0.3347634 0.2315106 0.4500255 0.0000000 0.3231936 0.3815565 0.3492102 0.3807171 0.4148812 0.3725710 0.4556603 0.3649589 0.5212008 
yHAB158_Kazachstania_viticola               0.3553654 0.2954171 0.2840861 0.7600878 0.3685466 0.4701677 0.3568565 0.3530699 0.3123763 0.2504420 2.2174572 0.3211889 0.2997876 0.3121574 0.3040434 0.3048231 0.2884574 0.3056745 0.4756227 0.3841446 0.3298894 0.2418461 0.3137216 0.3923142 0.2839451 0.2851486 0.3729856 0.3953764 0.2407264 0.4127817 0.3231936 0.0000000 0.3191176 0.3257221 0.3231009 0.3416538 0.3710430 0.3845144 0.3682365 0.5463372 
yHAB159_Kazachstania_solicola               0.3805251 0.3465030 0.2945121 0.7798574 0.3885285 0.4831911 0.3888258 0.3927470 0.3130283 0.3049514 2.4104707 0.3527179 0.3286239 0.3440175 0.3544525 0.3353686 0.3284688 0.3433189 0.4710310 0.3983361 0.4118151 0.2740580 0.0521948 0.4386723 0.2437365 0.1081805 0.2933896 0.4239770 0.3445349 0.3714552 0.3815565 0.3191176 0.0000000 0.4360511 0.0167253 0.3087005 0.3962685 0.4129758 0.3759113 0.6314376 
yHAB160_Kazachstania_kunashirensis          0.4676359 0.3520758 0.3888727 0.8405964 0.4254211 0.6346895 0.4084886 0.4059948 0.3105417 0.3512621 2.6298174 0.4140341 0.3711965 0.3912031 0.3844305 0.3817233 0.3496974 0.3838481 0.5482095 0.4525601 0.3973024 0.3286333 0.4066645 0.1669966 0.3277194 0.3789876 0.4563977 0.4097082 0.2641634 0.4684410 0.3492102 0.3257221 0.4360511 0.0000000 0.4389996 0.4196002 0.4258090 0.4627064 0.4172529 0.5696476 
yHAB164_Kazachstania_aerobia                0.3831928 0.3443817 0.2934860 0.7917413 0.3912139 0.5010426 0.3915372 0.3954612 0.3045844 0.3072774 2.4356988 0.3626053 0.3310834 0.3465910 0.3547129 0.3268996 0.3309185 0.3458841 0.4864947 0.4182404 0.4257686 0.2747780 0.0572671 0.4500201 0.2456600 0.1141363 0.2911941 0.4330124 0.3493902 0.3882819 0.3807171 0.3231009 0.0167253 0.4389996 0.0000000 0.3269655 0.4160274 0.4244699 0.3951804 0.6371594 
yHAB166_Kazachstania_yakushimaensis         0.4336004 0.3848577 0.2530360 0.8979276 0.4415193 0.5053851 0.4457132 0.4307884 0.3570441 0.3020407 2.3514716 0.3904006 0.3500574 0.3701384 0.3808752 0.3569889 0.3579186 0.3693415 0.4570281 0.3981138 0.3850057 0.3546171 0.3071034 0.4751668 0.2374164 0.3010405 0.3175366 0.4240063 0.3732351 0.0741768 0.4148812 0.3416538 0.3087005 0.4196002 0.3269655 0.0000000 0.4061291 0.4160142 0.4022205 0.5785210 
yHMPu5000034875_Tetrapisispora_fleetii      0.3842597 0.3555898 0.4063016 0.8627805 0.3885043 0.4609995 0.4024759 0.3891261 0.4166574 0.3638674 2.4887454 0.3566141 0.3305387 0.3612314 0.3547910 0.3506354 0.3487242 0.3643433 0.4512878 0.0757006 0.3013989 0.3482122 0.4046262 0.3956099 0.3569114 0.4022496 0.3999278 0.4197901 0.3775823 0.4294640 0.3725710 0.3710430 0.3962685 0.4258090 0.4160274 0.4061291 0.0000000 0.1653845 0.0417293 0.6301866 
yHMPu5000034876_Tetrapisispora_iriomotensis 0.3585498 0.3844794 0.4068756 0.9371092 0.3576872 0.5357133 0.3641764 0.3448450 0.4336141 0.3600886 2.3823820 0.3479592 0.3124864 0.3351599 0.3283410 0.3206205 0.3251139 0.3380731 0.4455813 0.1919333 0.2762848 0.3892573 0.4089681 0.4646662 0.4355253 0.3885138 0.4087154 0.4832575 0.3555925 0.4767424 0.4556603 0.3845144 0.4129758 0.4627064 0.4244699 0.4160142 0.1653845 0.0000000 0.1735917 0.6663398 
yHMPu5000034877_Tetrapisispora_namnaonensis 0.3708330 0.3472274 0.3847233 0.8271323 0.3417169 0.4679870 0.3712082 0.3557019 0.3928987 0.3422807 2.4140115 0.3472790 0.3220248 0.3516020 0.3457214 0.3413797 0.3394649 0.3546099 0.4338920 0.0746678 0.3072916 0.3518311 0.3808344 0.3935789 0.3478795 0.3785455 0.4154476 0.4204216 0.3791454 0.4392890 0.3649589 0.3682365 0.3759113 0.4172529 0.3951804 0.4022205 0.0417293 0.1735917 0.0000000 0.5951036 
yHMPu5000035629_Yueomyces_sinensis          0.4562969 0.5190115 0.5328068 0.7289194 0.5104490 0.6365469 0.4930248 0.4997670 0.3926796 0.4876382 2.2148288 0.4237622 0.3997709 0.4205396 0.4204086 0.3982855 0.3947372 0.4127996 0.3630570 0.6068415 0.4795462 0.4517542 0.6327343 0.6391378 0.5309148 0.5654762 0.6159867 0.5728137 0.4406316 0.6229864 0.5212008 0.5463372 0.6314376 0.5696476 0.6371594 0.5785210 0.6301866 0.6663398 0.5951036 0.0000000 
