40
Candida_glabrata                            0.0000000 0.1285593 0.1247427 0.1444167 0.0615548 0.1412598 0.0673461 0.0585873 0.1045595 0.1207453 0.2961124 0.1265858 0.1210555 0.1228849 0.1255796 0.1295388 0.1167049 0.1217372 0.1354328 0.1262393 0.1306490 0.1308867 0.1590462 0.1394490 0.1111289 0.1454063 0.1214461 0.1522314 0.1224017 0.1745684 0.1277868 0.1232480 0.1463091 0.1309075 0.1490161 0.1664839 0.1290127 0.1197868 0.1243937 0.1358849 
Kazachstania_africana                       0.1285593 0.0000000 0.0976307 0.1150534 0.1228022 0.1255171 0.1221967 0.1185074 0.0728294 0.1000696 0.2980264 0.0917888 0.0871915 0.0845599 0.0851245 0.0921246 0.0886184 0.0873857 0.1125632 0.1046847 0.1060423 0.0942002 0.1176619 0.1048687 0.0682959 0.1166030 0.0910455 0.1240698 0.0865921 0.1478403 0.0897643 0.0834718 0.1148060 0.0936545 0.1180225 0.1436146 0.1058623 0.0998545 0.1013289 0.1109536 
Kazachstania_naganishii                     0.1247427 0.0976307 0.0000000 0.1326858 0.1140562 0.1439125 0.1106739 0.1094983 0.0921260 0.1167101 0.3153416 0.1035149 0.1011131 0.1024686 0.1044707 0.1083007 0.1033604 0.1065238 0.1125031 0.1241731 0.1122202 0.1037634 0.1163511 0.1153508 0.0747012 0.1138804 0.0916839 0.1292697 0.1044923 0.1568513 0.0940193 0.1000246 0.1093935 0.1121661 0.1150985 0.1469360 0.1264482 0.1185457 0.1195543 0.1209285 
Nakaseomyces_bacillisporus                  0.1444167 0.1150534 0.1326858 0.0000000 0.1441477 0.1275728 0.1408546 0.1444001 0.1273624 0.1334501 0.3060604 0.1214551 0.1204465 0.1204234 0.1188556 0.1272702 0.1207055 0.1196234 0.1449479 0.1335263 0.1414732 0.1296196 0.1476590 0.1389735 0.1084373 0.1468320 0.1363874 0.1557233 0.1338333 0.1645609 0.1343546 0.1197093 0.1397317 0.1273777 0.1401428 0.1716206 0.1351882 0.1261488 0.1353755 0.1389169 
Nakaseomyces_bracarensis                    0.0615548 0.1228022 0.1140562 0.1441477 0.0000000 0.1475314 0.0217101 0.0249223 0.0960540 0.1196257 0.2964536 0.1215872 0.1152819 0.1201791 0.1168074 0.1233145 0.1146994 0.1188520 0.1261486 0.1211320 0.1154450 0.1256188 0.1504879 0.1330658 0.1032988 0.1417231 0.1204464 0.1585869 0.1182532 0.1571874 0.1204989 0.1216931 0.1394585 0.1260174 0.1417253 0.1610520 0.1302092 0.1179014 0.1189961 0.1326577 
Nakaseomyces_castellii                      0.1412598 0.1255171 0.1439125 0.1275728 0.1475314 0.0000000 0.1440450 0.1459104 0.1257430 0.1389057 0.3127760 0.1279955 0.1258441 0.1263715 0.1264704 0.1333179 0.1255490 0.1280577 0.1435929 0.1425267 0.1406902 0.1306034 0.1572354 0.1391740 0.1235382 0.1498954 0.1286513 0.1634939 0.1295654 0.1733786 0.1344339 0.1277950 0.1527837 0.1255509 0.1469074 0.1789535 0.1456849 0.1311022 0.1434888 0.1542607 
Nakaseomyces_delphensis                     0.0673461 0.1221967 0.1106739 0.1408546 0.0217101 0.1440450 0.0000000 0.0227837 0.0934781 0.1148543 0.2970243 0.1185480 0.1131322 0.1160636 0.1120549 0.1183899 0.1150675 0.1147536 0.1229549 0.1255238 0.1065300 0.1172209 0.1448679 0.1196911 0.0946681 0.1416677 0.1205321 0.1499006 0.1116693 0.1574013 0.1211353 0.1089951 0.1365602 0.1248009 0.1358968 0.1570746 0.1323974 0.1178232 0.1233807 0.1284730 
Nakaseomyces_nivariensis                    0.0585873 0.1185074 0.1094983 0.1444001 0.0249223 0.1459104 0.0227837 0.0000000 0.0970386 0.1192178 0.2971737 0.1182042 0.1126275 0.1193918 0.1151923 0.1178831 0.1110360 0.1167004 0.1215028 0.1241209 0.1095765 0.1206763 0.1410272 0.1261724 0.0916132 0.1373080 0.1120413 0.1538262 0.1077382 0.1555094 0.1172997 0.1150346 0.1338029 0.1201686 0.1355749 0.1509616 0.1303947 0.1189989 0.1223719 0.1308504 
Naumovozyma_castellii                       0.1045595 0.0728294 0.0921260 0.1273624 0.0960540 0.1257430 0.0934781 0.0970386 0.0000000 0.0664436 0.2824161 0.0731849 0.0712821 0.0660795 0.0715300 0.0775522 0.0755218 0.0685013 0.0964510 0.0985304 0.0967347 0.0835002 0.1185344 0.0975013 0.0682084 0.1104679 0.0847021 0.1199640 0.0743115 0.1400365 0.0812323 0.0716879 0.1128258 0.0852253 0.1155388 0.1368640 0.1066002 0.0900296 0.0981019 0.1074215 
Naumovozyma_dairenensis                     0.1207453 0.1000696 0.1167101 0.1334501 0.1196257 0.1389057 0.1148543 0.1192178 0.0664436 0.0000000 0.2840119 0.0935843 0.0865895 0.0931463 0.0890145 0.0899665 0.0859897 0.0918175 0.1130019 0.1123454 0.1095279 0.0992756 0.1406300 0.1263482 0.0894701 0.1366180 0.1013285 0.1397514 0.0941661 0.1573020 0.1044370 0.1049612 0.1305960 0.1144974 0.1269021 0.1620029 0.1240974 0.0981742 0.1158043 0.1184610 
Neurospora_crassa                           0.2961124 0.2980264 0.3153416 0.3060604 0.2964536 0.3127760 0.2970243 0.2971737 0.2824161 0.2840119 0.0000000 0.2943218 0.2854494 0.2933345 0.2931090 0.2943384 0.2866628 0.2946219 0.2977849 0.3089203 0.3064142 0.2997322 0.3327223 0.3107985 0.2829064 0.3471133 0.3006797 0.3259244 0.2994759 0.3592649 0.3157197 0.2908302 0.3230870 0.2935288 0.3195650 0.3554916 0.3164300 0.3017118 0.3112324 0.3090709 
Saccharomyces_arboricola                    0.1265858 0.0917888 0.1035149 0.1214551 0.1215872 0.1279955 0.1185480 0.1182042 0.0731849 0.0935843 0.2943218 0.0000000 0.0164882 0.0166172 0.0123416 0.0199991 0.0187798 0.0134590 0.1073807 0.1108278 0.1084579 0.0978737 0.1362586 0.1153785 0.0821784 0.1384217 0.1140939 0.1257254 0.0882543 0.1625125 0.0930120 0.0869869 0.1315529 0.0996508 0.1282910 0.1622706 0.1167764 0.1043109 0.1175116 0.1235720 
Saccharomyces_cerevisiae                    0.1210555 0.0871915 0.1011131 0.1204465 0.1152819 0.1258441 0.1131322 0.1126275 0.0712821 0.0865895 0.2854494 0.0164882 0.0000000 0.0186667 0.0143677 0.0125134 0.0102927 0.0176337 0.1058517 0.1087673 0.1002215 0.0904248 0.1352293 0.1105494 0.0772360 0.1336815 0.1073452 0.1249180 0.0860289 0.1570027 0.0892083 0.0832248 0.1257188 0.0967940 0.1238597 0.1583300 0.1151889 0.1023039 0.1150495 0.1149789 
Saccharomyces_eubayanus                     0.1228849 0.0845599 0.1024686 0.1204234 0.1201791 0.1263715 0.1160636 0.1193918 0.0660795 0.0931463 0.2933345 0.0166172 0.0186667 0.0000000 0.0155448 0.0222383 0.0209977 0.0050891 0.1051895 0.1063943 0.1043965 0.0965874 0.1392404 0.1129814 0.0792250 0.1382231 0.1098197 0.1307135 0.0908940 0.1628916 0.0956887 0.0790988 0.1327718 0.0985558 0.1325742 0.1607150 0.1145585 0.1040156 0.1133812 0.1179567 
Saccharomyces_kudriavzevii                  0.1255796 0.0851245 0.1044707 0.1188556 0.1168074 0.1264704 0.1120549 0.1151923 0.0715300 0.0890145 0.2931090 0.0123416 0.0143677 0.0155448 0.0000000 0.0189076 0.0176981 0.0145113 0.1070135 0.1080320 0.1038203 0.0952466 0.1362771 0.1103874 0.0777509 0.1385413 0.1097221 0.1233229 0.0824342 0.1589078 0.0912322 0.0819413 0.1295368 0.0979122 0.1262045 0.1620286 0.1123462 0.1012799 0.1131767 0.1161582 
Saccharomyces_mikatae                       0.1295388 0.0921246 0.1083007 0.1272702 0.1233145 0.1333179 0.1183899 0.1178831 0.0775522 0.0899665 0.2943384 0.0199991 0.0125134 0.0222383 0.0189076 0.0000000 0.0146568 0.0211882 0.1091262 0.1122033 0.1042080 0.0868063 0.1390403 0.1168113 0.0827051 0.1403344 0.1094590 0.1307977 0.0893848 0.1619567 0.0965457 0.0875130 0.1325076 0.1054032 0.1308729 0.1641394 0.1192802 0.1065338 0.1185444 0.1236178 
Saccharomyces_paradoxus                     0.1167049 0.0886184 0.1033604 0.1207055 0.1146994 0.1255490 0.1150675 0.1110360 0.0755218 0.0859897 0.2866628 0.0187798 0.0102927 0.0209977 0.0176981 0.0146568 0.0000000 0.0199534 0.1065789 0.1060849 0.1020929 0.0902321 0.1398287 0.1171394 0.0829584 0.1379792 0.1091629 0.1257897 0.0892087 0.1627413 0.0930050 0.0864971 0.1305715 0.0998581 0.1298502 0.1625588 0.1144750 0.0996948 0.1147785 0.1194998 
Saccharomyces_uvarum                        0.1217372 0.0873857 0.1065238 0.1196234 0.1188520 0.1280577 0.1147536 0.1167004 0.0685013 0.0918175 0.2946219 0.0134590 0.0176337 0.0050891 0.0145113 0.0211882 0.0199534 0.0000000 0.1092739 0.1084818 0.1048159 0.0963220 0.1382468 0.1149331 0.0793631 0.1367645 0.1114128 0.1297954 0.0885628 0.1627817 0.0957224 0.0818635 0.1317841 0.1000106 0.1315502 0.1607155 0.1167159 0.1045936 0.1155208 0.1194425 
Tetrapisispora_blattae                      0.1354328 0.1125632 0.1125031 0.1449479 0.1261486 0.1435929 0.1229549 0.1215028 0.0964510 0.1130019 0.2977849 0.1073807 0.1058517 0.1051895 0.1070135 0.1091262 0.1065789 0.1092739 0.0000000 0.1274661 0.1144716 0.1106033 0.1360163 0.1224507 0.0975198 0.1347413 0.1090959 0.1368998 0.1049802 0.1373927 0.0985401 0.0998573 0.1374457 0.1080279 0.1399627 0.1451516 0.1357738 0.1256441 0.1273720 0.0808231 
Tetrapisispora_phaffii                      0.1262393 0.1046847 0.1241731 0.1335263 0.1211320 0.1425267 0.1255238 0.1241209 0.0985304 0.1123454 0.3089203 0.1108278 0.1087673 0.1063943 0.1080320 0.1122033 0.1060849 0.1084818 0.1274661 0.0000000 0.1178966 0.1161928 0.1434252 0.1279739 0.0993455 0.1405887 0.1088580 0.1420491 0.1152936 0.1711866 0.1045547 0.1149250 0.1390452 0.1024095 0.1369104 0.1697191 0.0273802 0.0373885 0.0241572 0.1368292 
Vanderwaltozyma_polyspora                   0.1306490 0.1060423 0.1122202 0.1414732 0.1154450 0.1406902 0.1065300 0.1095765 0.0967347 0.1095279 0.3064142 0.1084579 0.1002215 0.1043965 0.1038203 0.1042080 0.1020929 0.1048159 0.1144716 0.1178966 0.0000000 0.1078449 0.1364956 0.1265812 0.0867659 0.1410914 0.0963483 0.1424792 0.1125330 0.1475984 0.1132963 0.0949911 0.1296396 0.1185611 0.1295893 0.1561078 0.1273385 0.0976140 0.1150973 0.1229540 
yHAB132_Kazachstania_martiniae              0.1308867 0.0942002 0.1037634 0.1296196 0.1256188 0.1306034 0.1172209 0.1206763 0.0835002 0.0992756 0.2997322 0.0978737 0.0904248 0.0965874 0.0952466 0.0868063 0.0902321 0.0963220 0.1106033 0.1161928 0.1078449 0.0000000 0.1192995 0.0996629 0.0759108 0.1186747 0.0851023 0.1266028 0.0936908 0.1471837 0.0876721 0.0859485 0.1063926 0.1035861 0.1060492 0.1479919 0.1222033 0.1122014 0.1133976 0.1222469 
yHAB133_Kazachstania_unispora               0.1590462 0.1176619 0.1163511 0.1476590 0.1504879 0.1572354 0.1448679 0.1410272 0.1185344 0.1406300 0.3327223 0.1362586 0.1352293 0.1392404 0.1362771 0.1390403 0.1398287 0.1382468 0.1360163 0.1434252 0.1364956 0.1192995 0.0000000 0.1398070 0.1013143 0.0401449 0.1073824 0.1443989 0.1179230 0.1382509 0.1204216 0.1157314 0.0196462 0.1179801 0.0258670 0.1389883 0.1459995 0.1403494 0.1426705 0.1494199 
yHAB134_Kazachstania_turicensis             0.1394490 0.1048687 0.1153508 0.1389735 0.1330658 0.1391740 0.1196911 0.1261724 0.0975013 0.1263482 0.3107985 0.1153785 0.1105494 0.1129814 0.1103874 0.1168113 0.1171394 0.1149331 0.1224507 0.1279739 0.1265812 0.0996629 0.1398070 0.0000000 0.0946443 0.1305028 0.1182230 0.1287364 0.0915903 0.1517905 0.0934804 0.0925569 0.1333701 0.0765090 0.1289990 0.1409712 0.1329562 0.1198137 0.1262089 0.1296157 
yHAB136_Kazachstania_bromeliacearum         0.1111289 0.0682959 0.0747012 0.1084373 0.1032988 0.1235382 0.0946681 0.0916132 0.0682084 0.0894701 0.2829064 0.0821784 0.0772360 0.0792250 0.0777509 0.0827051 0.0829584 0.0793631 0.0975198 0.0993455 0.0867659 0.0759108 0.1013143 0.0946443 0.0000000 0.1043205 0.0623964 0.1077596 0.0762554 0.1251538 0.0793332 0.0682008 0.0936836 0.0796875 0.0922486 0.1223862 0.1014987 0.0949927 0.0954167 0.1045785 
yHAB143_Kazachstania_siamensis              0.1454063 0.1166030 0.1138804 0.1468320 0.1417231 0.1498954 0.1416677 0.1373080 0.1104679 0.1366180 0.3471133 0.1384217 0.1336815 0.1382231 0.1385413 0.1403344 0.1379792 0.1367645 0.1347413 0.1405887 0.1410914 0.1186747 0.0401449 0.1305028 0.1043205 0.0000000 0.1029849 0.1476349 0.1184099 0.1343195 0.1166736 0.1129108 0.0407794 0.1202277 0.0448676 0.1350594 0.1438369 0.1384600 0.1393484 0.1443711 
yHAB147_Kazachstania_taianensis             0.1214461 0.0910455 0.0916839 0.1363874 0.1204464 0.1286513 0.1205321 0.1120413 0.0847021 0.1013285 0.3006797 0.1140939 0.1073452 0.1098197 0.1097221 0.1094590 0.1091629 0.1114128 0.1090959 0.1088580 0.0963483 0.0851023 0.1073824 0.1182230 0.0623964 0.1029849 0.0000000 0.1359724 0.1012437 0.1432038 0.0977251 0.0954533 0.1040630 0.1007638 0.1048128 0.1357725 0.1137967 0.0978938 0.1060556 0.1143019 
yHAB148_Kazachstania_intestinalis           0.1522314 0.1240698 0.1292697 0.1557233 0.1585869 0.1634939 0.1499006 0.1538262 0.1199640 0.1397514 0.3259244 0.1257254 0.1249180 0.1307135 0.1233229 0.1307977 0.1257897 0.1297954 0.1368998 0.1420491 0.1424792 0.1266028 0.1443989 0.1287364 0.1077596 0.1476349 0.1359724 0.0000000 0.1265206 0.1664891 0.1226473 0.1257336 0.1393862 0.1281620 0.1375873 0.1732874 0.1438806 0.1304688 0.1406080 0.1482256 
yHAB153_Kazachstania_rosinii                0.1224017 0.0865921 0.1044923 0.1338333 0.1182532 0.1295654 0.1116693 0.1077382 0.0743115 0.0941661 0.2994759 0.0882543 0.0860289 0.0908940 0.0824342 0.0893848 0.0892087 0.0885628 0.1049802 0.1152936 0.1125330 0.0936908 0.1179230 0.0915903 0.0762554 0.1184099 0.1012437 0.1265206 0.0000000 0.1362041 0.0609427 0.0771451 0.1111760 0.0805153 0.1108913 0.1438839 0.1219992 0.1105466 0.1180961 0.1143982 
yHAB154_Kazachstania_transvaalensis         0.1745684 0.1478403 0.1568513 0.1645609 0.1571874 0.1733786 0.1574013 0.1555094 0.1400365 0.1573020 0.3592649 0.1625125 0.1570027 0.1628916 0.1589078 0.1619567 0.1627413 0.1627817 0.1373927 0.1711866 0.1475984 0.1471837 0.1382509 0.1517905 0.1251538 0.1343195 0.1432038 0.1664891 0.1362041 0.0000000 0.1427078 0.1271956 0.1367102 0.1448648 0.1429739 0.0416095 0.1779579 0.1636220 0.1693105 0.1519845 
yHAB155_Kazachstania_spencerorum            0.1277868 0.0897643 0.0940193 0.1343546 0.1204989 0.1344339 0.1211353 0.1172997 0.0812323 0.1044370 0.3157197 0.0930120 0.0892083 0.0956887 0.0912322 0.0965457 0.0930050 0.0957224 0.0985401 0.1045547 0.1132963 0.0876721 0.1204216 0.0934804 0.0793332 0.1166736 0.0977251 0.1226473 0.0609427 0.1427078 0.0000000 0.0718851 0.1149465 0.0806932 0.1153841 0.1436627 0.1107023 0.0992130 0.1040162 0.1087256 
yHAB158_Kazachstania_viticola               0.1232480 0.0834718 0.1000246 0.1197093 0.1216931 0.1277950 0.1089951 0.1150346 0.0716879 0.1049612 0.2908302 0.0869869 0.0832248 0.0790988 0.0819413 0.0875130 0.0864971 0.0818635 0.0998573 0.1149250 0.0949911 0.0859485 0.1157314 0.0925569 0.0682008 0.1129108 0.0954533 0.1257336 0.0771451 0.1271956 0.0718851 0.0000000 0.1094813 0.0765196 0.1113890 0.1325194 0.1105530 0.1054096 0.1054331 0.1082119 
yHAB159_Kazachstania_solicola               0.1463091 0.1148060 0.1093935 0.1397317 0.1394585 0.1527837 0.1365602 0.1338029 0.1128258 0.1305960 0.3230870 0.1315529 0.1257188 0.1327718 0.1295368 0.1325076 0.1305715 0.1317841 0.1374457 0.1390452 0.1296396 0.1063926 0.0196462 0.1333701 0.0936836 0.0407794 0.1040630 0.1393862 0.1111760 0.1367102 0.1149465 0.1094813 0.0000000 0.1194884 0.0072844 0.1386830 0.1409200 0.1394187 0.1368494 0.1480367 
yHAB160_Kazachstania_kunashirensis          0.1309075 0.0936545 0.1121661 0.1273777 0.1260174 0.1255509 0.1248009 0.1201686 0.0852253 0.1144974 0.2935288 0.0996508 0.0967940 0.0985558 0.0979122 0.1054032 0.0998581 0.1000106 0.1080279 0.1024095 0.1185611 0.1035861 0.1179801 0.0765090 0.0796875 0.1202277 0.1007638 0.1281620 0.0805153 0.1448648 0.0806932 0.0765196 0.1194884 0.0000000 0.1174557 0.1426184 0.1075335 0.0929074 0.0997699 0.1214726 
yHAB164_Kazachstania_aerobia                0.1490161 0.1180225 0.1150985 0.1401428 0.1417253 0.1469074 0.1358968 0.1355749 0.1155388 0.1269021 0.3195650 0.1282910 0.1238597 0.1325742 0.1262045 0.1308729 0.1298502 0.1315502 0.1399627 0.1369104 0.1295893 0.1060492 0.0258670 0.1289990 0.0922486 0.0448676 0.1048128 0.1375873 0.1108913 0.1429739 0.1153841 0.1113890 0.0072844 0.1174557 0.0000000 0.1421400 0.1405581 0.1344724 0.1366242 0.1494553 
yHAB166_Kazachstania_yakushimaensis         0.1664839 0.1436146 0.1469360 0.1716206 0.1610520 0.1789535 0.1570746 0.1509616 0.1368640 0.1620029 0.3554916 0.1622706 0.1583300 0.1607150 0.1620286 0.1641394 0.1625588 0.1607155 0.1451516 0.1697191 0.1561078 0.1479919 0.1389883 0.1409712 0.1223862 0.1350594 0.1357725 0.1732874 0.1438839 0.0416095 0.1436627 0.1325194 0.1386830 0.1426184 0.1421400 0.0000000 0.1769581 0.1670467 0.1655886 0.1595606 
yHMPu5000034875_Tetrapisispora_fleetii      0.1290127 0.1058623 0.1264482 0.1351882 0.1302092 0.1456849 0.1323974 0.1303947 0.1066002 0.1240974 0.3164300 0.1167764 0.1151889 0.1145585 0.1123462 0.1192802 0.1144750 0.1167159 0.1357738 0.0273802 0.1273385 0.1222033 0.1459995 0.1329562 0.1014987 0.1438369 0.1137967 0.1438806 0.1219992 0.1779579 0.1107023 0.1105530 0.1409200 0.1075335 0.1405581 0.1769581 0.0000000 0.0412179 0.0133499 0.1419953 
yHMPu5000034876_Tetrapisispora_iriomotensis 0.1197868 0.0998545 0.1185457 0.1261488 0.1179014 0.1311022 0.1178232 0.1189989 0.0900296 0.0981742 0.3017118 0.1043109 0.1023039 0.1040156 0.1012799 0.1065338 0.0996948 0.1045936 0.1256441 0.0373885 0.0976140 0.1122014 0.1403494 0.1198137 0.0949927 0.1384600 0.0978938 0.1304688 0.1105466 0.1636220 0.0992130 0.1054096 0.1394187 0.0929074 0.1344724 0.1670467 0.0412179 0.0000000 0.0387082 0.1332897 
yHMPu5000034877_Tetrapisispora_namnaonensis 0.1243937 0.1013289 0.1195543 0.1353755 0.1189961 0.1434888 0.1233807 0.1223719 0.0981019 0.1158043 0.3112324 0.1175116 0.1150495 0.1133812 0.1131767 0.1185444 0.1147785 0.1155208 0.1273720 0.0241572 0.1150973 0.1133976 0.1426705 0.1262089 0.0954167 0.1393484 0.1060556 0.1406080 0.1180961 0.1693105 0.1040162 0.1054331 0.1368494 0.0997699 0.1366242 0.1655886 0.0133499 0.0387082 0.0000000 0.1311086 
yHMPu5000035629_Yueomyces_sinensis          0.1358849 0.1109536 0.1209285 0.1389169 0.1326577 0.1542607 0.1284730 0.1308504 0.1074215 0.1184610 0.3090709 0.1235720 0.1149789 0.1179567 0.1161582 0.1236178 0.1194998 0.1194425 0.0808231 0.1368292 0.1229540 0.1222469 0.1494199 0.1296157 0.1045785 0.1443711 0.1143019 0.1482256 0.1143982 0.1519845 0.1087256 0.1082119 0.1480367 0.1214726 0.1494553 0.1595606 0.1419953 0.1332897 0.1311086 0.0000000 
