39
Candida_glabrata                            0.0000000 0.0221644 0.0252573 0.0168542 0.0087717 0.0273789 0.0050305 0.0062752 0.0226940 0.0181480 0.1810412 0.0228755 0.0228755 0.0254931 0.0243454 0.0225650 0.0242256 0.0173399 0.0197294 0.0182358 0.0199781 0.0248776 0.0197217 0.0212556 0.0209923 0.0278441 0.0183750 0.0301135 0.0220624 0.0261317 0.0225667 0.0275277 0.0261339 0.0275277 0.0213300 0.0183725 0.0183978 0.0223257 0.0182173 
Kazachstania_africana                       0.0221644 0.0000000 0.0212311 0.0208680 0.0209791 0.0412366 0.0222500 0.0209940 0.0225418 0.0224344 0.1936257 0.0302733 0.0302733 0.0328332 0.0332644 0.0298682 0.0341218 0.0278931 0.0304745 0.0220881 0.0183535 0.0221488 0.0133295 0.0158627 0.0208517 0.0275806 0.0194661 0.0183698 0.0160461 0.0160581 0.0172652 0.0246826 0.0145465 0.0246826 0.0160499 0.0236582 0.0248555 0.0277350 0.0208249 
Kazachstania_naganishii                     0.0252573 0.0212311 0.0000000 0.0250550 0.0276104 0.0420848 0.0275768 0.0276294 0.0151086 0.0149500 0.1864088 0.0329539 0.0329539 0.0313310 0.0343270 0.0330358 0.0312740 0.0312525 0.0224612 0.0213033 0.0159922 0.0186952 0.0147748 0.0122510 0.0199580 0.0186471 0.0172976 0.0186207 0.0148900 0.0194167 0.0174350 0.0186980 0.0160611 0.0186980 0.0123278 0.0197671 0.0236343 0.0224379 0.0225902 
Nakaseomyces_bacillisporus                  0.0168542 0.0208680 0.0250550 0.0000000 0.0132423 0.0280188 0.0169640 0.0157367 0.0252792 0.0226340 0.1794827 0.0183628 0.0183628 0.0209095 0.0211053 0.0181151 0.0221594 0.0173291 0.0275927 0.0156509 0.0223770 0.0248015 0.0209229 0.0198553 0.0273552 0.0237084 0.0158456 0.0197718 0.0201403 0.0212764 0.0199085 0.0247359 0.0220683 0.0247359 0.0188004 0.0220324 0.0208634 0.0260877 0.0156318 
Nakaseomyces_bracarensis                    0.0087717 0.0209791 0.0276104 0.0132423 0.0000000 0.0266676 0.0035449 0.0023605 0.0220539 0.0201691 0.1744827 0.0185249 0.0185249 0.0210957 0.0212954 0.0182735 0.0223570 0.0161351 0.0244390 0.0120457 0.0220209 0.0217142 0.0210537 0.0180987 0.0230706 0.0251261 0.0126296 0.0236288 0.0202653 0.0175447 0.0213402 0.0243742 0.0249713 0.0243742 0.0223171 0.0184393 0.0185429 0.0210384 0.0145744 
Nakaseomyces_castellii                      0.0273789 0.0412366 0.0420848 0.0280188 0.0266676 0.0000000 0.0240012 0.0252787 0.0404912 0.0371391 0.1934523 0.0348246 0.0348246 0.0375936 0.0364611 0.0349058 0.0362797 0.0370446 0.0368407 0.0348214 0.0344020 0.0426863 0.0372973 0.0386417 0.0413948 0.0393772 0.0355339 0.0387800 0.0379983 0.0391991 0.0394284 0.0427480 0.0442542 0.0427480 0.0369844 0.0369764 0.0345041 0.0376245 0.0345434 
Nakaseomyces_delphensis                     0.0050305 0.0222500 0.0275768 0.0169640 0.0035449 0.0240012 0.0000000 0.0011777 0.0207895 0.0188772 0.1779004 0.0210005 0.0210005 0.0235827 0.0224376 0.0207173 0.0223280 0.0174558 0.0205610 0.0157627 0.0207674 0.0230072 0.0198151 0.0220325 0.0217570 0.0252771 0.0164540 0.0275317 0.0228713 0.0214313 0.0240239 0.0256737 0.0262608 0.0256737 0.0248905 0.0172107 0.0185190 0.0211638 0.0183369 
Nakaseomyces_nivariensis                    0.0062752 0.0209940 0.0276294 0.0157367 0.0023605 0.0252787 0.0011777 0.0000000 0.0220698 0.0201842 0.1784623 0.0197477 0.0197477 0.0223218 0.0225317 0.0194804 0.0235827 0.0187110 0.0218368 0.0145347 0.0220525 0.0217297 0.0210687 0.0207429 0.0204788 0.0265526 0.0151938 0.0262575 0.0215521 0.0201552 0.0227432 0.0243912 0.0249885 0.0243912 0.0235855 0.0184528 0.0197662 0.0224233 0.0170967 
Naumovozyma_castellii                       0.0226940 0.0225418 0.0151086 0.0252792 0.0220539 0.0404912 0.0207895 0.0220698 0.0000000 0.0119913 0.1948980 0.0274486 0.0274486 0.0274418 0.0289942 0.0275278 0.0261507 0.0298740 0.0216759 0.0173380 0.0111197 0.0111009 0.0149487 0.0123476 0.0149005 0.0174746 0.0123094 0.0123732 0.0124479 0.0129816 0.0137563 0.0136136 0.0186562 0.0136136 0.0112080 0.0201574 0.0241027 0.0215413 0.0251433 
Naumovozyma_dairenensis                     0.0181480 0.0224344 0.0149500 0.0226340 0.0201691 0.0371391 0.0188772 0.0201842 0.0119913 0.0000000 0.1916412 0.0274896 0.0274896 0.0261041 0.0290379 0.0275689 0.0248155 0.0245694 0.0190606 0.0148519 0.0201471 0.0174589 0.0174611 0.0162034 0.0187126 0.0214759 0.0147941 0.0225595 0.0124302 0.0249689 0.0228906 0.0174602 0.0199397 0.0174602 0.0162357 0.0176049 0.0189348 0.0189967 0.0193556 
Neurospora_crassa                           0.1810412 0.1936257 0.1864088 0.1794827 0.1744827 0.1934523 0.1779004 0.1784623 0.1948980 0.1916412 0.0000000 0.1762954 0.1762954 0.1761120 0.1750383 0.1730807 0.1755548 0.1847129 0.1881795 0.1796263 0.1965740 0.1880798 0.1885825 0.1974127 0.1926154 0.1876488 0.1899733 0.1873671 0.1932888 0.1931680 0.1893482 0.1853554 0.1911095 0.1853554 0.1928738 0.1777889 0.1782901 0.1759155 0.1824524 
Saccharomyces_arboricola                    0.0228755 0.0302733 0.0329539 0.0183628 0.0185249 0.0348246 0.0210005 0.0197477 0.0274486 0.0274896 0.1762954 0.0000000 0.0000010 0.0071173 0.0023662 0.0023497 0.0083128 0.0266604 0.0269786 0.0183328 0.0314557 0.0244166 0.0287871 0.0288273 0.0270164 0.0267953 0.0244480 0.0264238 0.0230589 0.0281622 0.0268768 0.0245304 0.0287847 0.0245304 0.0217024 0.0248989 0.0223356 0.0252429 0.0260119 
Saccharomyces_cerevisiae                    0.0228755 0.0302733 0.0329539 0.0183628 0.0185249 0.0348246 0.0210005 0.0197477 0.0274486 0.0274896 0.1762954 0.0000010 0.0000000 0.0071173 0.0023662 0.0023497 0.0083128 0.0266604 0.0269786 0.0183328 0.0314557 0.0244166 0.0287871 0.0288273 0.0270164 0.0267953 0.0244480 0.0264238 0.0230589 0.0281622 0.0268768 0.0245304 0.0287847 0.0245304 0.0217024 0.0248989 0.0223356 0.0252429 0.0260119 
Saccharomyces_eubayanus                     0.0254931 0.0328332 0.0313310 0.0209095 0.0210957 0.0375936 0.0235827 0.0223218 0.0274418 0.0261041 0.1761120 0.0071173 0.0071173 0.0000000 0.0084098 0.0083138 0.0011641 0.0307275 0.0258199 0.0208771 0.0314505 0.0244090 0.0314446 0.0261233 0.0270094 0.0267883 0.0271110 0.0264167 0.0230510 0.0281556 0.0268697 0.0245227 0.0301530 0.0245227 0.0216944 0.0222965 0.0223278 0.0226065 0.0260049 
Saccharomyces_kudriavzevii                  0.0243454 0.0332644 0.0343270 0.0211053 0.0212954 0.0364611 0.0224376 0.0225317 0.0289942 0.0290379 0.1750383 0.0023662 0.0023662 0.0084098 0.0000000 0.0047663 0.0083730 0.0281852 0.0285047 0.0210735 0.0330528 0.0273341 0.0303180 0.0318509 0.0299738 0.0283298 0.0273687 0.0293578 0.0259421 0.0311593 0.0298529 0.0274582 0.0317335 0.0274582 0.0245570 0.0263835 0.0237903 0.0267498 0.0288944 
Saccharomyces_mikatae                       0.0225650 0.0298682 0.0330358 0.0181151 0.0182735 0.0349058 0.0207173 0.0194804 0.0275278 0.0275689 0.1730807 0.0023497 0.0023497 0.0083138 0.0047663 0.0000000 0.0095120 0.0250835 0.0270567 0.0183982 0.0315369 0.0244928 0.0288655 0.0289077 0.0270948 0.0268739 0.0245243 0.0265013 0.0230805 0.0282420 0.0269556 0.0246069 0.0276460 0.0246069 0.0217233 0.0245647 0.0220345 0.0253198 0.0260879 
Saccharomyces_uvarum                        0.0242256 0.0341218 0.0312740 0.0221594 0.0223570 0.0362797 0.0223280 0.0235827 0.0261507 0.0248155 0.1755548 0.0083128 0.0083128 0.0011641 0.0083730 0.0095120 0.0000000 0.0294372 0.0245367 0.0221262 0.0301486 0.0256954 0.0301701 0.0274265 0.0282989 0.0255026 0.0284051 0.0276990 0.0243300 0.0294565 0.0281677 0.0258131 0.0314345 0.0258131 0.0229682 0.0210448 0.0210752 0.0213388 0.0272671 
Tetrapisispora_blattae                      0.0173399 0.0278931 0.0312525 0.0173291 0.0161351 0.0370446 0.0174558 0.0187110 0.0298740 0.0245694 0.1847129 0.0266604 0.0266604 0.0307275 0.0281852 0.0250835 0.0294372 0.0000000 0.0254147 0.0160975 0.0270343 0.0320842 0.0227977 0.0270180 0.0320427 0.0310107 0.0226688 0.0320684 0.0299955 0.0285437 0.0269426 0.0321727 0.0267585 0.0321727 0.0285715 0.0187965 0.0175963 0.0228899 0.0186259 
Tetrapisispora_phaffii                      0.0197294 0.0304745 0.0224612 0.0275927 0.0244390 0.0368407 0.0205610 0.0218368 0.0216759 0.0190606 0.1881795 0.0269786 0.0269786 0.0258199 0.0285047 0.0270567 0.0245367 0.0254147 0.0000000 0.0158366 0.0230126 0.0239167 0.0211259 0.0216550 0.0212923 0.0283575 0.0236073 0.0290850 0.0239477 0.0279646 0.0284202 0.0236682 0.0263935 0.0236682 0.0239087 0.0108566 0.0145498 0.0097065 0.0236156 
Vanderwaltozyma_polyspora                   0.0182358 0.0220881 0.0213033 0.0156509 0.0120457 0.0348214 0.0157627 0.0145347 0.0173380 0.0148519 0.1796263 0.0183328 0.0183328 0.0208771 0.0210735 0.0183982 0.0221262 0.0160975 0.0158366 0.0000000 0.0198612 0.0170464 0.0145785 0.0147375 0.0170260 0.0223865 0.0132645 0.0183639 0.0159404 0.0174300 0.0199507 0.0171067 0.0183740 0.0171067 0.0172480 0.0145495 0.0146321 0.0134062 0.0119949 
yHAB132_Kazachstania_martiniae              0.0199781 0.0183535 0.0159922 0.0223770 0.0220209 0.0344020 0.0207674 0.0220525 0.0111197 0.0201471 0.1965740 0.0314557 0.0314557 0.0314505 0.0330528 0.0315369 0.0301486 0.0270343 0.0230126 0.0198612 0.0000000 0.0156300 0.0134092 0.0083014 0.0144309 0.0180420 0.0145844 0.0108799 0.0160824 0.0074891 0.0132038 0.0182301 0.0194806 0.0182301 0.0122568 0.0213365 0.0227398 0.0239675 0.0198343 
yHAB133_Kazachstania_unispora               0.0248776 0.0221488 0.0186952 0.0248015 0.0217142 0.0426863 0.0230072 0.0217297 0.0111009 0.0174589 0.1880798 0.0244166 0.0244166 0.0244090 0.0273341 0.0244928 0.0256954 0.0320842 0.0239167 0.0170464 0.0156300 0.0000000 0.0171143 0.0144303 0.0035404 0.0169164 0.0120599 0.0145890 0.0147044 0.0150843 0.0183500 0.0059159 0.0183295 0.0059159 0.0134765 0.0249380 0.0262912 0.0237397 0.0247883 
yHAB134_Kazachstania_turicensis             0.0197217 0.0133295 0.0147748 0.0209229 0.0210537 0.0372973 0.0198151 0.0210687 0.0149487 0.0174611 0.1885825 0.0287871 0.0287871 0.0314446 0.0303180 0.0288655 0.0301701 0.0227977 0.0211259 0.0145785 0.0134092 0.0171143 0.0000000 0.0134054 0.0158412 0.0223603 0.0145026 0.0119151 0.0146381 0.0096118 0.0134951 0.0171155 0.0094681 0.0171155 0.0121321 0.0211136 0.0224456 0.0199159 0.0183680 
yHAB136_Kazachstania_bromeliacearum         0.0212556 0.0158627 0.0122510 0.0198553 0.0180987 0.0386417 0.0220325 0.0207429 0.0123476 0.0162034 0.1974127 0.0288273 0.0288273 0.0261233 0.0318509 0.0289077 0.0274265 0.0270180 0.0216550 0.0147375 0.0083014 0.0144303 0.0134054 0.0000000 0.0131848 0.0180803 0.0108748 0.0134234 0.0097674 0.0100372 0.0120015 0.0170196 0.0170127 0.0170196 0.0085444 0.0199997 0.0227273 0.0200303 0.0173240 
yHAB143_Kazachstania_siamensis              0.0209923 0.0208517 0.0199580 0.0273552 0.0230706 0.0413948 0.0217570 0.0204788 0.0149005 0.0187126 0.1926154 0.0270164 0.0270164 0.0270094 0.0299738 0.0270948 0.0282989 0.0320427 0.0212923 0.0170260 0.0144309 0.0035404 0.0158412 0.0131848 0.0000000 0.0207110 0.0158107 0.0183901 0.0159431 0.0163900 0.0195900 0.0095453 0.0195679 0.0095453 0.0147145 0.0249070 0.0262582 0.0237118 0.0247576 
yHAB147_Kazachstania_taianensis             0.0278441 0.0275806 0.0186471 0.0237084 0.0251261 0.0393772 0.0252771 0.0265526 0.0174746 0.0214759 0.1876488 0.0267953 0.0267953 0.0267883 0.0283298 0.0268739 0.0255026 0.0310107 0.0283575 0.0223865 0.0180420 0.0169164 0.0223603 0.0180803 0.0207110 0.0000000 0.0170600 0.0184248 0.0226298 0.0206602 0.0194308 0.0196050 0.0259549 0.0196050 0.0199907 0.0239886 0.0254991 0.0226668 0.0236714 
yHAB148_Kazachstania_intestinalis           0.0183750 0.0194661 0.0172976 0.0158456 0.0126296 0.0355339 0.0164540 0.0151938 0.0123094 0.0147941 0.1899733 0.0244480 0.0244480 0.0271110 0.0273687 0.0245243 0.0284051 0.0226688 0.0236073 0.0132645 0.0145844 0.0120599 0.0145026 0.0108748 0.0158107 0.0170600 0.0000000 0.0145040 0.0133993 0.0140050 0.0159627 0.0145187 0.0195058 0.0145187 0.0121785 0.0235742 0.0237034 0.0236058 0.0183174 
yHAB153_Kazachstania_rosinii                0.0301135 0.0183698 0.0186207 0.0197718 0.0236288 0.0387800 0.0275317 0.0262575 0.0123732 0.0225595 0.1873671 0.0264238 0.0264238 0.0264167 0.0293578 0.0265013 0.0276990 0.0320684 0.0290850 0.0183639 0.0108799 0.0145890 0.0119151 0.0134234 0.0183901 0.0184248 0.0145040 0.0000000 0.0134627 0.0071726 0.0122336 0.0146099 0.0143469 0.0146099 0.0109546 0.0249564 0.0277025 0.0249591 0.0222066 
yHAB154_Kazachstania_transvaalensis         0.0220624 0.0160461 0.0148900 0.0201403 0.0202653 0.0379983 0.0228713 0.0215521 0.0124479 0.0124302 0.1932888 0.0230589 0.0230589 0.0230510 0.0259421 0.0230805 0.0243300 0.0299955 0.0239477 0.0159404 0.0160824 0.0147044 0.0146381 0.0097674 0.0159431 0.0226298 0.0133993 0.0134627 0.0000000 0.0155339 0.0137134 0.0172080 0.0146158 0.0172080 0.0035189 0.0240448 0.0227705 0.0227260 0.0204820 
yHAB155_Kazachstania_spencerorum            0.0261317 0.0160581 0.0194167 0.0212764 0.0175447 0.0391991 0.0214313 0.0201552 0.0129816 0.0249689 0.1931680 0.0281622 0.0281622 0.0281556 0.0311593 0.0282420 0.0294565 0.0285437 0.0279646 0.0174300 0.0074891 0.0150843 0.0096118 0.0100372 0.0163900 0.0206602 0.0140050 0.0071726 0.0155339 0.0000000 0.0096139 0.0177468 0.0131755 0.0177468 0.0129148 0.0240943 0.0268687 0.0240976 0.0187208 
yHAB158_Kazachstania_viticola               0.0225667 0.0172652 0.0174350 0.0199085 0.0213402 0.0394284 0.0240239 0.0227432 0.0137563 0.0228906 0.1893482 0.0268768 0.0268768 0.0268697 0.0298529 0.0269556 0.0281677 0.0269426 0.0284202 0.0199507 0.0132038 0.0183500 0.0134951 0.0120015 0.0195900 0.0194308 0.0159627 0.0122336 0.0137134 0.0096139 0.0000000 0.0210244 0.0120955 0.0210244 0.0098814 0.0240694 0.0255860 0.0227167 0.0199255 
yHAB159_Kazachstania_solicola               0.0275277 0.0246826 0.0186980 0.0247359 0.0243742 0.0427480 0.0256737 0.0243912 0.0136136 0.0174602 0.1853554 0.0245304 0.0245304 0.0245227 0.0274582 0.0246069 0.0258131 0.0321727 0.0236682 0.0171067 0.0182301 0.0059159 0.0171155 0.0170196 0.0095453 0.0196050 0.0145187 0.0146099 0.0172080 0.0177468 0.0210244 0.0000000 0.0183322 0.0000010 0.0159771 0.0250161 0.0263714 0.0238159 0.0248657 
yHAB160_Kazachstania_kunashirensis          0.0261339 0.0145465 0.0160611 0.0220683 0.0249713 0.0442542 0.0262608 0.0249885 0.0186562 0.0199397 0.1911095 0.0287847 0.0287847 0.0301530 0.0317335 0.0276460 0.0314345 0.0267585 0.0263935 0.0183740 0.0194806 0.0183295 0.0094681 0.0170127 0.0195679 0.0259549 0.0195058 0.0143469 0.0146158 0.0131755 0.0120955 0.0183322 0.0000000 0.0183322 0.0146070 0.0249521 0.0262981 0.0237555 0.0196499 
yHAB164_Kazachstania_aerobia                0.0275277 0.0246826 0.0186980 0.0247359 0.0243742 0.0427480 0.0256737 0.0243912 0.0136136 0.0174602 0.1853554 0.0245304 0.0245304 0.0245227 0.0274582 0.0246069 0.0258131 0.0321727 0.0236682 0.0171067 0.0182301 0.0059159 0.0171155 0.0170196 0.0095453 0.0196050 0.0145187 0.0146099 0.0172080 0.0177468 0.0210244 0.0000010 0.0183322 0.0000000 0.0159771 0.0250161 0.0263714 0.0238159 0.0248657 
yHAB166_Kazachstania_yakushimaensis         0.0213300 0.0160499 0.0123278 0.0188004 0.0223171 0.0369844 0.0248905 0.0235855 0.0112080 0.0162357 0.1928738 0.0217024 0.0217024 0.0216944 0.0245570 0.0217233 0.0229682 0.0285715 0.0239087 0.0172480 0.0122568 0.0134765 0.0121321 0.0085444 0.0147145 0.0199907 0.0121785 0.0109546 0.0035189 0.0129148 0.0098814 0.0159771 0.0146070 0.0159771 0.0000000 0.0240056 0.0214132 0.0226889 0.0197880 
yHMPu5000034875_Tetrapisispora_fleetii      0.0183725 0.0236582 0.0197671 0.0220324 0.0184393 0.0369764 0.0172107 0.0184528 0.0201574 0.0176049 0.1777889 0.0248989 0.0248989 0.0222965 0.0263835 0.0245647 0.0210448 0.0187965 0.0108566 0.0145495 0.0213365 0.0249380 0.0211136 0.0199997 0.0249070 0.0239886 0.0235742 0.0249564 0.0240448 0.0240943 0.0240694 0.0250161 0.0249521 0.0250161 0.0240056 0.0000000 0.0083276 0.0084193 0.0182981 
yHMPu5000034876_Tetrapisispora_iriomotensis 0.0183978 0.0248555 0.0236343 0.0208634 0.0185429 0.0345041 0.0185190 0.0197662 0.0241027 0.0189348 0.1782901 0.0223356 0.0223356 0.0223278 0.0237903 0.0220345 0.0210752 0.0175963 0.0145498 0.0146321 0.0227398 0.0262912 0.0224456 0.0227273 0.0262582 0.0254991 0.0237034 0.0277025 0.0227705 0.0268687 0.0255860 0.0263714 0.0262981 0.0263714 0.0214132 0.0083276 0.0000000 0.0109349 0.0171237 
yHMPu5000034877_Tetrapisispora_namnaonensis 0.0223257 0.0277350 0.0224379 0.0260877 0.0210384 0.0376245 0.0211638 0.0224233 0.0215413 0.0189967 0.1759155 0.0252429 0.0252429 0.0226065 0.0267498 0.0253198 0.0213388 0.0228899 0.0097065 0.0134062 0.0239675 0.0237397 0.0199159 0.0200303 0.0237118 0.0226668 0.0236058 0.0249591 0.0227260 0.0240976 0.0227167 0.0238159 0.0237555 0.0238159 0.0226889 0.0084193 0.0109349 0.0000000 0.0197151 
yHMPu5000035629_Yueomyces_sinensis          0.0182173 0.0208249 0.0225902 0.0156318 0.0145744 0.0345434 0.0183369 0.0170967 0.0251433 0.0193556 0.1824524 0.0260119 0.0260119 0.0260049 0.0288944 0.0260879 0.0272671 0.0186259 0.0236156 0.0119949 0.0198343 0.0247883 0.0183680 0.0173240 0.0247576 0.0236714 0.0183174 0.0222066 0.0204820 0.0187208 0.0199255 0.0248657 0.0196499 0.0248657 0.0197880 0.0182981 0.0171237 0.0197151 0.0000000 
