40
Candida_glabrata                            0.0000000 0.1466661 0.1958843 0.1604813 0.0693254 0.1724985 0.0833723 0.0596239 0.1265180 0.1485084 0.6587125 0.1471146 0.1552330 0.1456019 0.1655611 0.1472331 0.1479164 0.1420609 0.1852931 0.1724773 0.1672074 0.1584198 0.1728415 0.1790876 0.1569135 0.1776522 0.2165446 0.1728522 0.1598123 0.1897842 0.1477615 0.1438963 0.1765508 0.1642721 0.1743402 0.1996822 0.1636785 0.1792802 0.1686836 0.1872078 
Kazachstania_africana                       0.1466661 0.0000000 0.1608371 0.1669349 0.1413379 0.1803457 0.1540500 0.1407153 0.1217058 0.1232916 0.6646251 0.1465802 0.1509780 0.1452295 0.1454261 0.1492787 0.1442194 0.1468099 0.1780675 0.1824468 0.1669071 0.1131651 0.1454835 0.1519186 0.1170413 0.1535318 0.1797719 0.1486530 0.1205619 0.1671519 0.1345733 0.1203992 0.1484566 0.1335678 0.1529683 0.1830788 0.1925312 0.1788911 0.1951224 0.1660823 
Kazachstania_naganishii                     0.1958843 0.1608371 0.0000000 0.1713949 0.1931564 0.1960613 0.2015868 0.1909118 0.1665504 0.1765038 0.7246431 0.1717470 0.1698870 0.1721452 0.1714210 0.1750817 0.1650698 0.1748620 0.1799004 0.1936353 0.1859558 0.1593545 0.1591119 0.1839808 0.1226551 0.1609928 0.1676367 0.1772486 0.1622840 0.1702381 0.1786321 0.1615615 0.1543172 0.1763673 0.1655132 0.1738151 0.1919659 0.1902844 0.1935868 0.2049655 
Nakaseomyces_bacillisporus                  0.1604813 0.1669349 0.1713949 0.0000000 0.1752159 0.1429202 0.1920434 0.1624583 0.1489932 0.1501722 0.6955642 0.1467012 0.1525627 0.1421809 0.1577653 0.1537104 0.1452973 0.1518095 0.1926512 0.1739216 0.1798761 0.1485295 0.1823791 0.1959107 0.1597910 0.1878190 0.2074299 0.1968729 0.1561301 0.1914016 0.1731405 0.1466687 0.1781927 0.1840296 0.1872069 0.2026751 0.1731064 0.1792979 0.1781410 0.1936208 
Nakaseomyces_bracarensis                    0.0693254 0.1413379 0.1931564 0.1752159 0.0000000 0.1702372 0.0426228 0.0262950 0.1347397 0.1372841 0.6533066 0.1575654 0.1629013 0.1512759 0.1679954 0.1615877 0.1553141 0.1551829 0.1895389 0.1738044 0.1753483 0.1606768 0.1801019 0.1704513 0.1666610 0.1874113 0.2168127 0.1759198 0.1543659 0.2053724 0.1423867 0.1535678 0.1836255 0.1724463 0.1826383 0.2200561 0.1590653 0.1611503 0.1607383 0.1829654 
Nakaseomyces_castellii                      0.1724985 0.1803457 0.1960613 0.1429202 0.1702372 0.0000000 0.1765682 0.1692817 0.1695760 0.1636456 0.6461058 0.1747399 0.1724440 0.1687867 0.1849250 0.1759779 0.1706592 0.1748403 0.2048798 0.1854311 0.2179908 0.1737471 0.1993172 0.2052551 0.1924174 0.2099725 0.2243223 0.2095731 0.1803820 0.2090352 0.1752153 0.1697091 0.1945381 0.1853912 0.1980816 0.2171111 0.1888368 0.1821462 0.1950822 0.1821837 
Nakaseomyces_delphensis                     0.0833723 0.1540500 0.2015868 0.1920434 0.0426228 0.1765682 0.0000000 0.0432563 0.1449912 0.1561122 0.6405874 0.1624384 0.1669039 0.1566775 0.1716586 0.1663746 0.1595932 0.1579601 0.1952197 0.1830816 0.1782569 0.1640595 0.1838966 0.1721689 0.1720289 0.1905651 0.2284148 0.1819896 0.1639344 0.2088708 0.1467960 0.1596108 0.1832049 0.1723695 0.1875303 0.2157478 0.1714606 0.1752779 0.1692212 0.1841665 
Nakaseomyces_nivariensis                    0.0596239 0.1407153 0.1909118 0.1624583 0.0262950 0.1692817 0.0432563 0.0000000 0.1289756 0.1367028 0.6373917 0.1560614 0.1635968 0.1502329 0.1647377 0.1601567 0.1553282 0.1533985 0.1914807 0.1685687 0.1778498 0.1566661 0.1743655 0.1652034 0.1587484 0.1789256 0.2067131 0.1658632 0.1613964 0.1970976 0.1395847 0.1498118 0.1736674 0.1589384 0.1777384 0.2106554 0.1544404 0.1642409 0.1562910 0.1763919 
Naumovozyma_castellii                       0.1265180 0.1217058 0.1665504 0.1489932 0.1347397 0.1695760 0.1449912 0.1289756 0.0000000 0.0790129 0.6543082 0.1217920 0.1238953 0.1212446 0.1347719 0.1198230 0.1166897 0.1215079 0.1558591 0.1528593 0.1446187 0.1248451 0.1656800 0.1550735 0.1274569 0.1619729 0.1942510 0.1487208 0.1208405 0.1744783 0.1269308 0.1216594 0.1617958 0.1509081 0.1691857 0.1885167 0.1496275 0.1586781 0.1554429 0.1572860 
Naumovozyma_dairenensis                     0.1485084 0.1232916 0.1765038 0.1501722 0.1372841 0.1636456 0.1561122 0.1367028 0.0790129 0.0000000 0.6477670 0.1330446 0.1344571 0.1334888 0.1471084 0.1332711 0.1331007 0.1355257 0.1428637 0.1619393 0.1656781 0.1261013 0.1547950 0.1505467 0.1255386 0.1578380 0.1881647 0.1608068 0.1244923 0.2007311 0.1362646 0.1175875 0.1584255 0.1520074 0.1667987 0.2141441 0.1635283 0.1733009 0.1640462 0.1514644 
Neurospora_crassa                           0.6587125 0.6646251 0.7246431 0.6955642 0.6533066 0.6461058 0.6405874 0.6373917 0.6543082 0.6477670 0.0000000 0.6444220 0.6332094 0.6506460 0.6161213 0.6355370 0.6260210 0.6478782 0.6763154 0.7232478 0.6742390 0.6478960 0.6691145 0.6731533 0.6557638 0.6991026 0.6424910 0.6669672 0.6717983 0.6839085 0.6679882 0.6495231 0.6625005 0.6624708 0.6797918 0.6968441 0.7251093 0.7216967 0.7222483 0.6888753 
Saccharomyces_arboricola                    0.1471146 0.1465802 0.1717470 0.1467012 0.1575654 0.1747399 0.1624384 0.1560614 0.1217920 0.1330446 0.6444220 0.0000000 0.0268821 0.0208899 0.0378538 0.0245399 0.0231781 0.0233204 0.1773021 0.1744644 0.1603345 0.1439391 0.1654289 0.1796489 0.1406441 0.1722910 0.1890086 0.1819801 0.1385721 0.1754165 0.1354206 0.1300161 0.1703347 0.1527517 0.1757790 0.1813190 0.1711876 0.1796542 0.1766632 0.1774585 
Saccharomyces_cerevisiae                    0.1552330 0.1509780 0.1698870 0.1525627 0.1629013 0.1724440 0.1669039 0.1635968 0.1238953 0.1344571 0.6332094 0.0268821 0.0000000 0.0329791 0.0375970 0.0220199 0.0113375 0.0342530 0.1739062 0.1760522 0.1606167 0.1447657 0.1687989 0.1807698 0.1395230 0.1752131 0.1896045 0.1844569 0.1402248 0.1836762 0.1397172 0.1329886 0.1738317 0.1587053 0.1803728 0.1894076 0.1782069 0.1827511 0.1821367 0.1820410 
Saccharomyces_eubayanus                     0.1456019 0.1452295 0.1721452 0.1421809 0.1512759 0.1687867 0.1566775 0.1502329 0.1212446 0.1334888 0.6506460 0.0208899 0.0329791 0.0000000 0.0455651 0.0323593 0.0267270 0.0092047 0.1667924 0.1740921 0.1618586 0.1458176 0.1615110 0.1781752 0.1370830 0.1676103 0.1898718 0.1768844 0.1359868 0.1808342 0.1357120 0.1309050 0.1675659 0.1542535 0.1739492 0.1843862 0.1723359 0.1789858 0.1765628 0.1715324 
Saccharomyces_kudriavzevii                  0.1655611 0.1454261 0.1714210 0.1577653 0.1679954 0.1849250 0.1716586 0.1647377 0.1347719 0.1471084 0.6161213 0.0378538 0.0375970 0.0455651 0.0000000 0.0330862 0.0361946 0.0453643 0.1779385 0.1744149 0.1595586 0.1534888 0.1738524 0.1780088 0.1332442 0.1724668 0.1891918 0.1858961 0.1511070 0.1772674 0.1491986 0.1312395 0.1778631 0.1621198 0.1854647 0.1834616 0.1762510 0.1792757 0.1689821 0.1874111 
Saccharomyces_mikatae                       0.1472331 0.1492787 0.1750817 0.1537104 0.1615877 0.1759779 0.1663746 0.1601567 0.1198230 0.1332711 0.6355370 0.0245399 0.0220199 0.0323593 0.0330862 0.0000000 0.0207574 0.0332566 0.1763266 0.1720102 0.1555355 0.1408567 0.1721816 0.1780757 0.1358959 0.1751148 0.1930322 0.1757852 0.1449730 0.1792781 0.1358496 0.1310911 0.1769665 0.1559085 0.1838886 0.1848797 0.1734533 0.1789533 0.1778886 0.1806653 
Saccharomyces_paradoxus                     0.1479164 0.1442194 0.1650698 0.1452973 0.1553141 0.1706592 0.1595932 0.1553282 0.1166897 0.1331007 0.6260210 0.0231781 0.0113375 0.0267270 0.0361946 0.0207574 0.0000000 0.0304512 0.1717862 0.1691098 0.1574226 0.1386735 0.1670075 0.1768117 0.1350812 0.1717359 0.1863279 0.1813903 0.1359695 0.1776709 0.1332765 0.1267007 0.1716105 0.1560491 0.1784481 0.1810782 0.1722432 0.1746964 0.1755267 0.1721701 
Saccharomyces_uvarum                        0.1420609 0.1468099 0.1748620 0.1518095 0.1551829 0.1748403 0.1579601 0.1533985 0.1215079 0.1355257 0.6478782 0.0233204 0.0342530 0.0092047 0.0453643 0.0332566 0.0304512 0.0000000 0.1681284 0.1754109 0.1625960 0.1476485 0.1641672 0.1771458 0.1385073 0.1697596 0.1928037 0.1773956 0.1357416 0.1809605 0.1399260 0.1344163 0.1690749 0.1580832 0.1766933 0.1886343 0.1707690 0.1808781 0.1753242 0.1709962 
Tetrapisispora_blattae                      0.1852931 0.1780675 0.1799004 0.1926512 0.1895389 0.2048798 0.1952197 0.1914807 0.1558591 0.1428637 0.6763154 0.1773021 0.1739062 0.1667924 0.1779385 0.1763266 0.1717862 0.1681284 0.0000000 0.1922843 0.1747632 0.1634830 0.1697077 0.1840765 0.1654290 0.1772996 0.2162802 0.1901713 0.1580042 0.1916841 0.1747933 0.1636629 0.1731831 0.1744565 0.1759488 0.2014574 0.1863929 0.1922342 0.1847574 0.1428051 
Tetrapisispora_phaffii                      0.1724773 0.1824468 0.1936353 0.1739216 0.1738044 0.1854311 0.1830816 0.1685687 0.1528593 0.1619393 0.7232478 0.1744644 0.1760522 0.1740921 0.1744149 0.1720102 0.1691098 0.1754109 0.1922843 0.0000000 0.1619298 0.1701771 0.1810056 0.2056078 0.1677379 0.1968370 0.2157667 0.1958104 0.1796753 0.1882627 0.1843356 0.1687609 0.1862159 0.1819479 0.1899207 0.2265510 0.0504051 0.0647434 0.0499529 0.1699862 
Vanderwaltozyma_polyspora                   0.1672074 0.1669071 0.1859558 0.1798761 0.1753483 0.2179908 0.1782569 0.1778498 0.1446187 0.1656781 0.6742390 0.1603345 0.1606167 0.1618586 0.1595586 0.1555355 0.1574226 0.1625960 0.1747632 0.1619298 0.0000000 0.1727735 0.1816576 0.1990079 0.1734340 0.1840165 0.2127118 0.1932781 0.1450963 0.1905717 0.1645786 0.1566190 0.1841623 0.1906695 0.1938273 0.2087145 0.1580231 0.1594816 0.1550991 0.1888904 
yHAB132_Kazachstania_martiniae              0.1584198 0.1131651 0.1593545 0.1485295 0.1606768 0.1737471 0.1640595 0.1566661 0.1248451 0.1261013 0.6478960 0.1439391 0.1447657 0.1458176 0.1534888 0.1408567 0.1386735 0.1476485 0.1634830 0.1701771 0.1727735 0.0000000 0.1451871 0.1511770 0.1155566 0.1618141 0.1890928 0.1556062 0.1287114 0.1748653 0.1344215 0.1138341 0.1492736 0.1266468 0.1552225 0.1840935 0.1686065 0.1696216 0.1738755 0.1633019 
yHAB133_Kazachstania_unispora               0.1728415 0.1454835 0.1591119 0.1823791 0.1801019 0.1993172 0.1838966 0.1743655 0.1656800 0.1547950 0.6691145 0.1654289 0.1687989 0.1615110 0.1738524 0.1721816 0.1670075 0.1641672 0.1697077 0.1810056 0.1816576 0.1451871 0.0000000 0.1672487 0.1301227 0.0767668 0.1667876 0.1657616 0.1364537 0.1681092 0.1513177 0.1307293 0.0345537 0.1590772 0.0345904 0.1644994 0.1798644 0.1703365 0.1782215 0.1784155 
yHAB134_Kazachstania_turicensis             0.1790876 0.1519186 0.1839808 0.1959107 0.1704513 0.2052551 0.1721689 0.1652034 0.1550735 0.1505467 0.6731533 0.1796489 0.1807698 0.1781752 0.1780088 0.1780757 0.1768117 0.1771458 0.1840765 0.2056078 0.1990079 0.1511770 0.1672487 0.0000000 0.1440396 0.1737105 0.2012256 0.1673126 0.1360027 0.1801921 0.1428848 0.1606898 0.1726572 0.0943345 0.1831516 0.2020245 0.2099283 0.2062164 0.2047742 0.1904687 
yHAB136_Kazachstania_bromeliacearum         0.1569135 0.1170413 0.1226551 0.1597910 0.1666610 0.1924174 0.1720289 0.1587484 0.1274569 0.1255386 0.6557638 0.1406441 0.1395230 0.1370830 0.1332442 0.1358959 0.1350812 0.1385073 0.1654290 0.1677379 0.1734340 0.1155566 0.1301227 0.1440396 0.0000000 0.1393244 0.1383651 0.1274647 0.1316073 0.1433021 0.1335777 0.1157261 0.1340702 0.1281822 0.1388995 0.1644435 0.1681023 0.1732386 0.1654832 0.1802767 
yHAB143_Kazachstania_siamensis              0.1776522 0.1535318 0.1609928 0.1878190 0.1874113 0.2099725 0.1905651 0.1789256 0.1619729 0.1578380 0.6991026 0.1722910 0.1752131 0.1676103 0.1724668 0.1751148 0.1717359 0.1697596 0.1772996 0.1968370 0.1840165 0.1618141 0.0767668 0.1737105 0.1393244 0.0000000 0.1673151 0.1833276 0.1496481 0.1716847 0.1582408 0.1547650 0.0779016 0.1661543 0.0824820 0.1673723 0.1977417 0.1847185 0.1971232 0.1933378 
yHAB147_Kazachstania_taianensis             0.2165446 0.1797719 0.1676367 0.2074299 0.2168127 0.2243223 0.2284148 0.2067131 0.1942510 0.1881647 0.6424910 0.1890086 0.1896045 0.1898718 0.1891918 0.1930322 0.1863279 0.1928037 0.2162802 0.2157667 0.2127118 0.1890928 0.1667876 0.2012256 0.1383651 0.1673151 0.0000000 0.2015101 0.1852593 0.1810519 0.1906427 0.1749080 0.1709477 0.1896818 0.1773164 0.1957723 0.2193710 0.2203408 0.2234216 0.2268456 
yHAB148_Kazachstania_intestinalis           0.1728522 0.1486530 0.1772486 0.1968729 0.1759198 0.2095731 0.1819896 0.1658632 0.1487208 0.1608068 0.6669672 0.1819801 0.1844569 0.1768844 0.1858961 0.1757852 0.1813903 0.1773956 0.1901713 0.1958104 0.1932781 0.1556062 0.1657616 0.1673126 0.1274647 0.1833276 0.2015101 0.0000000 0.1507813 0.1858108 0.1570889 0.1610687 0.1776888 0.1637436 0.1844113 0.1983757 0.1861835 0.1964644 0.1906179 0.2022308 
yHAB153_Kazachstania_rosinii                0.1598123 0.1205619 0.1622840 0.1561301 0.1543659 0.1803820 0.1639344 0.1613964 0.1208405 0.1244923 0.6717983 0.1385721 0.1402248 0.1359868 0.1511070 0.1449730 0.1359695 0.1357416 0.1580042 0.1796753 0.1450963 0.1287114 0.1364537 0.1360027 0.1316073 0.1496481 0.1852593 0.1507813 0.0000000 0.1670016 0.1065935 0.1244172 0.1452837 0.1208213 0.1482519 0.1860439 0.1834593 0.1823783 0.1807836 0.1563325 
yHAB154_Kazachstania_transvaalensis         0.1897842 0.1671519 0.1702381 0.1914016 0.2053724 0.2090352 0.2088708 0.1970976 0.1744783 0.2007311 0.6839085 0.1754165 0.1836762 0.1808342 0.1772674 0.1792781 0.1776709 0.1809605 0.1916841 0.1882627 0.1905717 0.1748653 0.1681092 0.1801921 0.1433021 0.1716847 0.1810519 0.1858108 0.1670016 0.0000000 0.1704427 0.1528746 0.1644272 0.1675648 0.1710298 0.0722426 0.2050924 0.1961378 0.2019507 0.1885319 
yHAB155_Kazachstania_spencerorum            0.1477615 0.1345733 0.1786321 0.1731405 0.1423867 0.1752153 0.1467960 0.1395847 0.1269308 0.1362646 0.6679882 0.1354206 0.1397172 0.1357120 0.1491986 0.1358496 0.1332765 0.1399260 0.1747933 0.1843356 0.1645786 0.1344215 0.1513177 0.1428848 0.1335777 0.1582408 0.1906427 0.1570889 0.1065935 0.1704427 0.0000000 0.1333866 0.1563073 0.1247129 0.1612065 0.1742454 0.1898190 0.1830919 0.1912800 0.1816046 
yHAB158_Kazachstania_viticola               0.1438963 0.1203992 0.1615615 0.1466687 0.1535678 0.1697091 0.1596108 0.1498118 0.1216594 0.1175875 0.6495231 0.1300161 0.1329886 0.1309050 0.1312395 0.1310911 0.1267007 0.1344163 0.1636629 0.1687609 0.1566190 0.1138341 0.1307293 0.1606898 0.1157261 0.1547650 0.1749080 0.1610687 0.1244172 0.1528746 0.1333866 0.0000000 0.1390572 0.1456269 0.1401283 0.1653709 0.1700958 0.1674195 0.1640652 0.1576263 
yHAB159_Kazachstania_solicola               0.1765508 0.1484566 0.1543172 0.1781927 0.1836255 0.1945381 0.1832049 0.1736674 0.1617958 0.1584255 0.6625005 0.1703347 0.1738317 0.1675659 0.1778631 0.1769665 0.1716105 0.1690749 0.1731831 0.1862159 0.1841623 0.1492736 0.0345537 0.1726572 0.1340702 0.0779016 0.1709477 0.1776888 0.1452837 0.1644272 0.1563073 0.1390572 0.0000000 0.1591407 0.0187734 0.1626555 0.1819834 0.1754892 0.1807530 0.1781086 
yHAB160_Kazachstania_kunashirensis          0.1642721 0.1335678 0.1763673 0.1840296 0.1724463 0.1853912 0.1723695 0.1589384 0.1509081 0.1520074 0.6624708 0.1527517 0.1587053 0.1542535 0.1621198 0.1559085 0.1560491 0.1580832 0.1744565 0.1819479 0.1906695 0.1266468 0.1590772 0.0943345 0.1281822 0.1661543 0.1896818 0.1637436 0.1208213 0.1675648 0.1247129 0.1456269 0.1591407 0.0000000 0.1674259 0.1846475 0.1823374 0.1791327 0.1833066 0.1855054 
yHAB164_Kazachstania_aerobia                0.1743402 0.1529683 0.1655132 0.1872069 0.1826383 0.1980816 0.1875303 0.1777384 0.1691857 0.1667987 0.6797918 0.1757790 0.1803728 0.1739492 0.1854647 0.1838886 0.1784481 0.1766933 0.1759488 0.1899207 0.1938273 0.1552225 0.0345904 0.1831516 0.1388995 0.0824820 0.1773164 0.1844113 0.1482519 0.1710298 0.1612065 0.1401283 0.0187734 0.1674259 0.0000000 0.1677888 0.1856566 0.1792686 0.1843962 0.1851932 
yHAB166_Kazachstania_yakushimaensis         0.1996822 0.1830788 0.1738151 0.2026751 0.2200561 0.2171111 0.2157478 0.2106554 0.1885167 0.2141441 0.6968441 0.1813190 0.1894076 0.1843862 0.1834616 0.1848797 0.1810782 0.1886343 0.2014574 0.2265510 0.2087145 0.1840935 0.1644994 0.2020245 0.1644435 0.1673723 0.1957723 0.1983757 0.1860439 0.0722426 0.1742454 0.1653709 0.1626555 0.1846475 0.1677888 0.0000000 0.2260485 0.2158380 0.2233227 0.1945187 
yHMPu5000034875_Tetrapisispora_fleetii      0.1636785 0.1925312 0.1919659 0.1731064 0.1590653 0.1888368 0.1714606 0.1544404 0.1496275 0.1635283 0.7251093 0.1711876 0.1782069 0.1723359 0.1762510 0.1734533 0.1722432 0.1707690 0.1863929 0.0504051 0.1580231 0.1686065 0.1798644 0.2099283 0.1681023 0.1977417 0.2193710 0.1861835 0.1834593 0.2050924 0.1898190 0.1700958 0.1819834 0.1823374 0.1856566 0.2260485 0.0000000 0.0550705 0.0218076 0.1808092 
yHMPu5000034876_Tetrapisispora_iriomotensis 0.1792802 0.1788911 0.1902844 0.1792979 0.1611503 0.1821462 0.1752779 0.1642409 0.1586781 0.1733009 0.7216967 0.1796542 0.1827511 0.1789858 0.1792757 0.1789533 0.1746964 0.1808781 0.1922342 0.0647434 0.1594816 0.1696216 0.1703365 0.2062164 0.1732386 0.1847185 0.2203408 0.1964644 0.1823783 0.1961378 0.1830919 0.1674195 0.1754892 0.1791327 0.1792686 0.2158380 0.0550705 0.0000000 0.0553739 0.1721650 
yHMPu5000034877_Tetrapisispora_namnaonensis 0.1686836 0.1951224 0.1935868 0.1781410 0.1607383 0.1950822 0.1692212 0.1562910 0.1554429 0.1640462 0.7222483 0.1766632 0.1821367 0.1765628 0.1689821 0.1778886 0.1755267 0.1753242 0.1847574 0.0499529 0.1550991 0.1738755 0.1782215 0.2047742 0.1654832 0.1971232 0.2234216 0.1906179 0.1807836 0.2019507 0.1912800 0.1640652 0.1807530 0.1833066 0.1843962 0.2233227 0.0218076 0.0553739 0.0000000 0.1719039 
yHMPu5000035629_Yueomyces_sinensis          0.1872078 0.1660823 0.2049655 0.1936208 0.1829654 0.1821837 0.1841665 0.1763919 0.1572860 0.1514644 0.6888753 0.1774585 0.1820410 0.1715324 0.1874111 0.1806653 0.1721701 0.1709962 0.1428051 0.1699862 0.1888904 0.1633019 0.1784155 0.1904687 0.1802767 0.1933378 0.2268456 0.2022308 0.1563325 0.1885319 0.1816046 0.1576263 0.1781086 0.1855054 0.1851932 0.1945187 0.1808092 0.1721650 0.1719039 0.0000000 
