40
Candida_glabrata                            0.0000000 0.2777873 0.3605448 0.2711343 0.0503728 0.2566441 0.0705638 0.0634464 0.2820479 0.2982204 1.6173132 0.3109181 0.3085327 0.3244399 0.3272048 0.2928096 0.3142564 0.3229719 0.3127567 0.2388438 0.2033977 0.2702570 0.3346289 0.3208586 0.2928430 0.3144642 0.3172191 0.3505796 0.3101732 0.2962357 0.3261390 0.3176253 0.3388135 0.3212448 0.3350498 0.3090510 0.2399814 0.2191755 0.2255069 0.2637219 
Kazachstania_africana                       0.2777873 0.0000000 0.3084424 0.2724881 0.2768667 0.3058554 0.2855186 0.2799874 0.2057139 0.2197745 1.7709598 0.2625846 0.2766351 0.2690245 0.2865794 0.2673212 0.2689163 0.2650444 0.2880883 0.3133245 0.2707243 0.2200086 0.2213664 0.2646518 0.2294706 0.2107301 0.2174410 0.3137710 0.1954733 0.2170700 0.2214874 0.1923320 0.2275037 0.2518290 0.2180043 0.2165505 0.3047766 0.3016048 0.2879939 0.2981363 
Kazachstania_naganishii                     0.3605448 0.3084424 0.0000000 0.3629996 0.3711987 0.3901316 0.3593483 0.3498946 0.3096593 0.3273727 1.9782161 0.3299307 0.3367702 0.3195439 0.3499814 0.3404855 0.3276703 0.3293576 0.3532829 0.4477407 0.3684164 0.2462180 0.2380743 0.3373044 0.2358643 0.2303723 0.2392726 0.3404738 0.2716480 0.2376699 0.2895204 0.2852385 0.2421512 0.3644751 0.2441828 0.2421112 0.4422233 0.3982944 0.4285384 0.3313079 
Nakaseomyces_bacillisporus                  0.2711343 0.2724881 0.3629996 0.0000000 0.2657454 0.2138132 0.2870621 0.2620488 0.2492197 0.2615766 1.7803796 0.2647393 0.2629343 0.2603449 0.2848991 0.2521838 0.2626986 0.2590721 0.2608603 0.3067348 0.2738984 0.2617760 0.3246076 0.3275470 0.2952507 0.2867886 0.3111257 0.3381008 0.2805183 0.2506990 0.2903217 0.2877282 0.3272114 0.2981315 0.3241510 0.2587460 0.2792577 0.2707337 0.2806665 0.2605205 
Nakaseomyces_bracarensis                    0.0503728 0.2768667 0.3711987 0.2657454 0.0000000 0.2507640 0.0350737 0.0131057 0.2537753 0.2919453 1.6414889 0.2904376 0.2905857 0.2978242 0.3070751 0.2719303 0.2963495 0.3021495 0.2857244 0.2426285 0.2092871 0.2590410 0.3312117 0.3434065 0.2909673 0.3100749 0.3113830 0.3567670 0.3014638 0.2857045 0.3313376 0.3063606 0.3260194 0.3277865 0.3198997 0.2955027 0.2371270 0.2157354 0.2266211 0.2723827 
Nakaseomyces_castellii                      0.2566441 0.3058554 0.3901316 0.2138132 0.2507640 0.0000000 0.2669956 0.2397185 0.2936749 0.3216931 1.8249987 0.2981551 0.3075442 0.3045963 0.3101083 0.3021974 0.2999669 0.3006887 0.2946323 0.3315883 0.2948949 0.2816928 0.3487377 0.3420938 0.3056639 0.3134128 0.3301316 0.3898972 0.3031266 0.2997495 0.3156546 0.3384801 0.3420833 0.2969706 0.3464614 0.3004655 0.3463268 0.3228567 0.3145972 0.3298619 
Nakaseomyces_delphensis                     0.0705638 0.2855186 0.3593483 0.2870621 0.0350737 0.2669956 0.0000000 0.0378499 0.2732141 0.2910196 1.7023751 0.2910900 0.2941222 0.2968683 0.3060098 0.2767237 0.2998473 0.3011521 0.2862988 0.2696871 0.2203999 0.2736782 0.3487642 0.3425723 0.3038686 0.3256379 0.3362052 0.3610848 0.3144798 0.3030858 0.3352251 0.3183153 0.3435584 0.3318474 0.3445447 0.3134632 0.2680832 0.2365707 0.2554964 0.2864342 
Nakaseomyces_nivariensis                    0.0634464 0.2799874 0.3498946 0.2620488 0.0131057 0.2397185 0.0378499 0.0000000 0.2524136 0.2933224 1.7477096 0.2954893 0.2896111 0.2942664 0.3044436 0.2717229 0.2955376 0.2961160 0.2967867 0.2571089 0.2148050 0.2485281 0.3260324 0.3339044 0.2778052 0.3091145 0.3095803 0.3697125 0.2988289 0.2753061 0.3250189 0.2993642 0.3207846 0.3232817 0.3153042 0.2924373 0.2510335 0.2320951 0.2366931 0.2792836 
Naumovozyma_castellii                       0.2820479 0.2057139 0.3096593 0.2492197 0.2537753 0.2936749 0.2732141 0.2524136 0.0000000 0.1229354 1.8870297 0.2487588 0.2557851 0.2360753 0.2638613 0.2446856 0.2459136 0.2384777 0.2639340 0.3112638 0.2449777 0.1969721 0.2371340 0.2553666 0.2213238 0.2479939 0.2339327 0.2825160 0.2132324 0.2210254 0.2082805 0.1889982 0.2486324 0.2393511 0.2466994 0.2239044 0.3086073 0.2963165 0.2963166 0.2610411 
Naumovozyma_dairenensis                     0.2982204 0.2197745 0.3273727 0.2615766 0.2919453 0.3216931 0.2910196 0.2933224 0.1229354 0.0000000 1.9394066 0.2349274 0.2286273 0.2242252 0.2497315 0.2321249 0.2242813 0.2266432 0.3003537 0.3291545 0.2675407 0.2183725 0.2602817 0.2849568 0.2329704 0.2498371 0.2506595 0.3062597 0.1975805 0.2178812 0.2148145 0.2209298 0.2659936 0.2530080 0.2651763 0.2249013 0.3158575 0.3256803 0.3080957 0.3086423 
Neurospora_crassa                           1.6173132 1.7709598 1.9782161 1.7803796 1.6414889 1.8249987 1.7023751 1.7477096 1.8870297 1.9394066 0.0000000 1.8883303 1.8309978 1.7900928 1.8679878 1.8068747 1.8545166 1.7535334 1.8476050 1.6099983 1.7231481 1.7387319 1.8783044 1.7336719 1.8571773 1.8836421 1.8214607 1.6563893 1.7960082 1.7770127 1.7879652 1.8069355 1.9137225 1.8304399 1.8900249 1.7427275 1.6866151 1.6575662 1.7022937 1.6234485 
Saccharomyces_arboricola                    0.3109181 0.2625846 0.3299307 0.2647393 0.2904376 0.2981551 0.2910900 0.2954893 0.2487588 0.2349274 1.8883303 0.0000000 0.0445864 0.0357050 0.0482371 0.0475633 0.0376451 0.0398803 0.2641790 0.3309789 0.2470483 0.2418819 0.3092614 0.3212159 0.2505216 0.2973136 0.2756120 0.3311214 0.2580806 0.2792495 0.2671676 0.2575528 0.3149623 0.3171311 0.3191671 0.2722758 0.2915925 0.2933264 0.2980246 0.2849946 
Saccharomyces_cerevisiae                    0.3085327 0.2766351 0.3367702 0.2629343 0.2905857 0.3075442 0.2941222 0.2896111 0.2557851 0.2286273 1.8309978 0.0445864 0.0000000 0.0441869 0.0434461 0.0243775 0.0107123 0.0374330 0.2599408 0.3362722 0.2670830 0.2473982 0.3184885 0.3151636 0.2541050 0.3079123 0.2640527 0.3247862 0.2621626 0.2890355 0.2622357 0.2703073 0.3326636 0.3221121 0.3289813 0.2820195 0.2970810 0.3064277 0.3112824 0.2819387 
Saccharomyces_eubayanus                     0.3244399 0.2690245 0.3195439 0.2603449 0.2978242 0.3045963 0.2968683 0.2942664 0.2360753 0.2242252 1.7900928 0.0357050 0.0441869 0.0000000 0.0432250 0.0423689 0.0373131 0.0083926 0.2718470 0.3425751 0.2756719 0.2404804 0.2972853 0.3120783 0.2409692 0.2886494 0.2557352 0.3246907 0.2595029 0.2703551 0.2565947 0.2475700 0.3085015 0.3021531 0.3096317 0.2633960 0.3043122 0.3091074 0.3172113 0.2841587 
Saccharomyces_kudriavzevii                  0.3272048 0.2865794 0.3499814 0.2848991 0.3070751 0.3101083 0.3060098 0.3044436 0.2638613 0.2497315 1.8679878 0.0482371 0.0434461 0.0432250 0.0000000 0.0450873 0.0409756 0.0376363 0.2844376 0.3601614 0.2821487 0.2502107 0.3136510 0.3354931 0.2464657 0.3080487 0.2643973 0.3310656 0.2752625 0.2948267 0.2710438 0.2672097 0.3326514 0.3284809 0.3336678 0.2902703 0.3162353 0.3190376 0.3342385 0.2885823 
Saccharomyces_mikatae                       0.2928096 0.2673212 0.3404855 0.2521838 0.2719303 0.3021974 0.2767237 0.2717229 0.2446856 0.2321249 1.8068747 0.0475633 0.0243775 0.0423689 0.0450873 0.0000000 0.0264923 0.0355752 0.2651809 0.3241251 0.2624925 0.2284705 0.3131312 0.3044340 0.2482662 0.3097204 0.2623992 0.3281185 0.2519431 0.2890645 0.2659591 0.2515529 0.3272436 0.3085929 0.3236099 0.2776192 0.2875517 0.2907662 0.2951844 0.2744340 
Saccharomyces_paradoxus                     0.3142564 0.2689163 0.3276703 0.2626986 0.2963495 0.2999669 0.2998473 0.2955376 0.2459136 0.2242813 1.8545166 0.0376451 0.0107123 0.0373131 0.0409756 0.0264923 0.0000000 0.0350503 0.2597101 0.3296947 0.2633444 0.2308623 0.3120898 0.3089509 0.2444803 0.3015527 0.2632058 0.3144295 0.2522373 0.2880871 0.2526232 0.2605274 0.3261995 0.3178884 0.3225728 0.2810428 0.2907414 0.3001558 0.3048518 0.2755799 
Saccharomyces_uvarum                        0.3229719 0.2650444 0.3293576 0.2590721 0.3021495 0.3006887 0.3011521 0.2961160 0.2384777 0.2266432 1.7535334 0.0398803 0.0374330 0.0083926 0.0376363 0.0355752 0.0350503 0.0000000 0.2705273 0.3390488 0.2738095 0.2412692 0.2975164 0.3143604 0.2404729 0.2872140 0.2466560 0.3266769 0.2575755 0.2750163 0.2588990 0.2549032 0.3138150 0.3023977 0.3149135 0.2680943 0.3020398 0.3059976 0.3139406 0.2847208 
Tetrapisispora_blattae                      0.3127567 0.2880883 0.3532829 0.2608603 0.2857244 0.2946323 0.2862988 0.2967867 0.2639340 0.3003537 1.8476050 0.2641790 0.2599408 0.2718470 0.2844376 0.2651809 0.2597101 0.2705273 0.0000000 0.2976510 0.2582066 0.2622719 0.3215505 0.3101199 0.3092299 0.2925918 0.3162568 0.3359556 0.2882613 0.2803274 0.2918485 0.2598531 0.3130759 0.2945539 0.3093521 0.2871058 0.2974760 0.2895151 0.2949332 0.2291654 
Tetrapisispora_phaffii                      0.2388438 0.3133245 0.4477407 0.3067348 0.2426285 0.3315883 0.2696871 0.2571089 0.3112638 0.3291545 1.6099983 0.3309789 0.3362722 0.3425751 0.3601614 0.3241251 0.3296947 0.3390488 0.2976510 0.0000000 0.1961236 0.2994215 0.3843583 0.3757385 0.3570435 0.3641530 0.3734949 0.4114276 0.3078118 0.3466604 0.3584838 0.3284942 0.3881101 0.3425256 0.3887499 0.3590675 0.0558781 0.0858606 0.0508511 0.2601353 
Vanderwaltozyma_polyspora                   0.2033977 0.2707243 0.3684164 0.2738984 0.2092871 0.2948949 0.2203999 0.2148050 0.2449777 0.2675407 1.7231481 0.2470483 0.2670830 0.2756719 0.2821487 0.2624925 0.2633444 0.2738095 0.2582066 0.1961236 0.0000000 0.2392466 0.3500808 0.3268767 0.2641813 0.3243052 0.3186364 0.3103067 0.2750338 0.2632413 0.2931627 0.2967131 0.3452678 0.3114751 0.3396526 0.2686390 0.1856179 0.1752092 0.1662038 0.2261732 
yHAB132_Kazachstania_martiniae              0.2702570 0.2200086 0.2462180 0.2617760 0.2590410 0.2816928 0.2736782 0.2485281 0.1969721 0.2183725 1.7387319 0.2418819 0.2473982 0.2404804 0.2502107 0.2284705 0.2308623 0.2412692 0.2622719 0.2994215 0.2392466 0.0000000 0.2167694 0.2358410 0.1718003 0.2017335 0.1849443 0.2299197 0.1912533 0.1998982 0.2124842 0.1822400 0.2169375 0.2298054 0.2153020 0.2053527 0.2947224 0.2653868 0.2886171 0.2500491 
yHAB133_Kazachstania_unispora               0.3346289 0.2213664 0.2380743 0.3246076 0.3312117 0.3487377 0.3487642 0.3260324 0.2371340 0.2602817 1.8783044 0.3092614 0.3184885 0.2972853 0.3136510 0.3131312 0.3120898 0.2975164 0.3215505 0.3843583 0.3500808 0.2167694 0.0000000 0.3243925 0.1602253 0.0394030 0.1051542 0.3137652 0.2554186 0.1610623 0.2381956 0.2253375 0.0239764 0.3172845 0.0240814 0.1639775 0.3701017 0.3607795 0.3580548 0.2949078 
yHAB134_Kazachstania_turicensis             0.3208586 0.2646518 0.3373044 0.3275470 0.3434065 0.3420938 0.3425723 0.3339044 0.2553666 0.2849568 1.7336719 0.3212159 0.3151636 0.3120783 0.3354931 0.3044340 0.3089509 0.3143604 0.3101199 0.3757385 0.3268767 0.2358410 0.3243925 0.0000000 0.2731719 0.3072002 0.3110949 0.2997708 0.1891395 0.2628699 0.1998644 0.2349689 0.3159087 0.1156978 0.3145485 0.2653974 0.3676351 0.3444676 0.3537605 0.3096647 
yHAB136_Kazachstania_bromeliacearum         0.2928430 0.2294706 0.2358643 0.2952507 0.2909673 0.3056639 0.3038686 0.2778052 0.2213238 0.2329704 1.8571773 0.2505216 0.2541050 0.2409692 0.2464657 0.2482662 0.2444803 0.2404729 0.3092299 0.3570435 0.2641813 0.1718003 0.1602253 0.2731719 0.0000000 0.1460001 0.1554504 0.2595213 0.2111011 0.1635194 0.2028975 0.2113512 0.1676129 0.2749290 0.1663835 0.1641826 0.3405077 0.3131146 0.3300245 0.3031313 
yHAB143_Kazachstania_siamensis              0.3144642 0.2107301 0.2303723 0.2867886 0.3100749 0.3134128 0.3256379 0.3091145 0.2479939 0.2498371 1.8836421 0.2973136 0.3079123 0.2886494 0.3080487 0.3097204 0.3015527 0.2872140 0.2925918 0.3641530 0.3243052 0.2017335 0.0394030 0.3072002 0.1460001 0.0000000 0.0949985 0.2838338 0.2471009 0.1307044 0.2433636 0.2214811 0.0350470 0.2910303 0.0419036 0.1320292 0.3576845 0.3375883 0.3385895 0.2836966 
yHAB147_Kazachstania_taianensis             0.3172191 0.2174410 0.2392726 0.3111257 0.3113830 0.3301316 0.3362052 0.3095803 0.2339327 0.2506595 1.8214607 0.2756120 0.2640527 0.2557352 0.2643973 0.2623992 0.2632058 0.2466560 0.3162568 0.3734949 0.3186364 0.1849443 0.1051542 0.3110949 0.1554504 0.0949985 0.0000000 0.2709326 0.2443195 0.1451435 0.2528351 0.2349361 0.1134274 0.2887612 0.1100837 0.1498184 0.3600817 0.3385218 0.3471868 0.3133861 
yHAB148_Kazachstania_intestinalis           0.3505796 0.3137710 0.3404738 0.3381008 0.3567670 0.3898972 0.3610848 0.3697125 0.2825160 0.3062597 1.6563893 0.3311214 0.3247862 0.3246907 0.3310656 0.3281185 0.3144295 0.3266769 0.3359556 0.4114276 0.3103067 0.2299197 0.3137652 0.2997708 0.2595213 0.2838338 0.2709326 0.0000000 0.2650527 0.2761576 0.3079145 0.2639317 0.3088369 0.3248284 0.3063323 0.2767808 0.4016113 0.3825784 0.3995613 0.3390395 
yHAB153_Kazachstania_rosinii                0.3101732 0.1954733 0.2716480 0.2805183 0.3014638 0.3031266 0.3144798 0.2988289 0.2132324 0.1975805 1.7960082 0.2580806 0.2621626 0.2595029 0.2752625 0.2519431 0.2522373 0.2575755 0.2882613 0.3078118 0.2750338 0.1912533 0.2554186 0.1891395 0.2111011 0.2471009 0.2443195 0.2650527 0.0000000 0.2162286 0.1607376 0.1936167 0.2628591 0.1726272 0.2641663 0.2185809 0.3010352 0.2865106 0.2933578 0.2828809 
yHAB154_Kazachstania_transvaalensis         0.2962357 0.2170700 0.2376699 0.2506990 0.2857045 0.2997495 0.3030858 0.2753061 0.2210254 0.2178812 1.7770127 0.2792495 0.2890355 0.2703551 0.2948267 0.2890645 0.2880871 0.2750163 0.2803274 0.3466604 0.2632413 0.1998982 0.1610623 0.2628699 0.1635194 0.1307044 0.1451435 0.2761576 0.2162286 0.0000000 0.2148379 0.2204310 0.1457067 0.2418561 0.1420353 0.0241237 0.3276700 0.3138244 0.3228127 0.2651572 
yHAB155_Kazachstania_spencerorum            0.3261390 0.2214874 0.2895204 0.2903217 0.3313376 0.3156546 0.3352251 0.3250189 0.2082805 0.2148145 1.7879652 0.2671676 0.2622357 0.2565947 0.2710438 0.2659591 0.2526232 0.2588990 0.2918485 0.3584838 0.2931627 0.2124842 0.2381956 0.1998644 0.2028975 0.2433636 0.2528351 0.3079145 0.1607376 0.2148379 0.0000000 0.1978368 0.2463754 0.1603426 0.2403385 0.2123347 0.3312203 0.3299959 0.3221794 0.2866234 
yHAB158_Kazachstania_viticola               0.3176253 0.1923320 0.2852385 0.2877282 0.3063606 0.3384801 0.3183153 0.2993642 0.1889982 0.2209298 1.8069355 0.2575528 0.2703073 0.2475700 0.2672097 0.2515529 0.2605274 0.2549032 0.2598531 0.3284942 0.2967131 0.1822400 0.2253375 0.2349689 0.2113512 0.2214811 0.2349361 0.2639317 0.1936167 0.2204310 0.1978368 0.0000000 0.2232058 0.2487579 0.2246727 0.2211317 0.3167535 0.3001083 0.3100714 0.2910411 
yHAB159_Kazachstania_solicola               0.3388135 0.2275037 0.2421512 0.3272114 0.3260194 0.3420833 0.3435584 0.3207846 0.2486324 0.2659936 1.9137225 0.3149623 0.3326636 0.3085015 0.3326514 0.3272436 0.3261995 0.3138150 0.3130759 0.3881101 0.3452678 0.2169375 0.0239764 0.3159087 0.1676129 0.0350470 0.1134274 0.3088369 0.2628591 0.1457067 0.2463754 0.2232058 0.0000000 0.3017276 0.0063168 0.1515767 0.3807477 0.3597047 0.3616706 0.3111399 
yHAB160_Kazachstania_kunashirensis          0.3212448 0.2518290 0.3644751 0.2981315 0.3277865 0.2969706 0.3318474 0.3232817 0.2393511 0.2530080 1.8304399 0.3171311 0.3221121 0.3021531 0.3284809 0.3085929 0.3178884 0.3023977 0.2945539 0.3425256 0.3114751 0.2298054 0.3172845 0.1156978 0.2749290 0.2910303 0.2887612 0.3248284 0.1726272 0.2418561 0.1603426 0.2487579 0.3017276 0.0000000 0.2992723 0.2398782 0.3489357 0.3298294 0.3234964 0.3145948 
yHAB164_Kazachstania_aerobia                0.3350498 0.2180043 0.2441828 0.3241510 0.3198997 0.3464614 0.3445447 0.3153042 0.2466994 0.2651763 1.8900249 0.3191671 0.3289813 0.3096317 0.3336678 0.3236099 0.3225728 0.3149135 0.3093521 0.3887499 0.3396526 0.2153020 0.0240814 0.3145485 0.1663835 0.0419036 0.1100837 0.3063323 0.2641663 0.1420353 0.2403385 0.2246727 0.0063168 0.2992723 0.0000000 0.1477549 0.3792227 0.3654290 0.3602268 0.3069336 
yHAB166_Kazachstania_yakushimaensis         0.3090510 0.2165505 0.2421112 0.2587460 0.2955027 0.3004655 0.3134632 0.2924373 0.2239044 0.2249013 1.7427275 0.2722758 0.2820195 0.2633960 0.2902703 0.2776192 0.2810428 0.2680943 0.2871058 0.3590675 0.2686390 0.2053527 0.1639775 0.2653974 0.1641826 0.1320292 0.1498184 0.2767808 0.2185809 0.0241237 0.2123347 0.2211317 0.1515767 0.2398782 0.1477549 0.0000000 0.3333014 0.3192680 0.3288115 0.2839313 
yHMPu5000034875_Tetrapisispora_fleetii      0.2399814 0.3047766 0.4422233 0.2792577 0.2371270 0.3463268 0.2680832 0.2510335 0.3086073 0.3158575 1.6866151 0.2915925 0.2970810 0.3043122 0.3162353 0.2875517 0.2907414 0.3020398 0.2974760 0.0558781 0.1856179 0.2947224 0.3701017 0.3676351 0.3405077 0.3576845 0.3600817 0.4016113 0.3010352 0.3276700 0.3312203 0.3167535 0.3807477 0.3489357 0.3792227 0.3333014 0.0000000 0.0834479 0.0291867 0.2623508 
yHMPu5000034876_Tetrapisispora_iriomotensis 0.2191755 0.3016048 0.3982944 0.2707337 0.2157354 0.3228567 0.2365707 0.2320951 0.2963165 0.3256803 1.6575662 0.2933264 0.3064277 0.3091074 0.3190376 0.2907662 0.3001558 0.3059976 0.2895151 0.0858606 0.1752092 0.2653868 0.3607795 0.3444676 0.3131146 0.3375883 0.3385218 0.3825784 0.2865106 0.3138244 0.3299959 0.3001083 0.3597047 0.3298294 0.3654290 0.3192680 0.0834479 0.0000000 0.0746893 0.2476330 
yHMPu5000034877_Tetrapisispora_namnaonensis 0.2255069 0.2879939 0.4285384 0.2806665 0.2266211 0.3145972 0.2554964 0.2366931 0.2963166 0.3080957 1.7022937 0.2980246 0.3112824 0.3172113 0.3342385 0.2951844 0.3048518 0.3139406 0.2949332 0.0508511 0.1662038 0.2886171 0.3580548 0.3537605 0.3300245 0.3385895 0.3471868 0.3995613 0.2933578 0.3228127 0.3221794 0.3100714 0.3616706 0.3234964 0.3602268 0.3288115 0.0291867 0.0746893 0.0000000 0.2575272 
yHMPu5000035629_Yueomyces_sinensis          0.2637219 0.2981363 0.3313079 0.2605205 0.2723827 0.3298619 0.2864342 0.2792836 0.2610411 0.3086423 1.6234485 0.2849946 0.2819387 0.2841587 0.2885823 0.2744340 0.2755799 0.2847208 0.2291654 0.2601353 0.2261732 0.2500491 0.2949078 0.3096647 0.3031313 0.2836966 0.3133861 0.3390395 0.2828809 0.2651572 0.2866234 0.2910411 0.3111399 0.3145948 0.3069336 0.2839313 0.2623508 0.2476330 0.2575272 0.0000000 
