40
Candida_glabrata                            0.0000000 0.4138599 0.3851686 0.3892866 0.1142448 0.5749331 0.1062272 0.0973831 0.3488655 0.4758957 2.6563524 0.3224054 0.3493042 0.3443246 0.3469834 0.3526633 0.3477730 0.3633928 1.4629609 0.2947035 0.2293374 0.2751003 0.3268461 0.6294168 0.2846067 0.4238119 0.8338657 0.3001591 0.3079885 0.7069822 0.2802307 0.2807239 0.3629725 0.2169927 0.3767268 0.7229842 0.2944104 0.2652683 0.2780798 0.8569559 
Kazachstania_africana                       0.4138599 0.0000000 0.3201740 0.5025574 0.3872681 0.6356490 0.3963874 0.3997966 0.3985720 0.4861836 2.8440249 0.4360977 0.4673307 0.4507141 0.4867515 0.5114324 0.4732351 0.4527899 1.5981312 0.4224570 0.4624940 0.3303392 0.3429505 0.7694660 0.3033537 0.4612298 0.8186975 0.3542241 0.3214118 0.8145296 0.3691444 0.3629896 0.3864787 0.3766941 0.3678777 0.7971099 0.4489973 0.4093040 0.4255871 0.8873691 
Kazachstania_naganishii                     0.3851686 0.3201740 0.0000000 0.4490648 0.3451173 0.5863157 0.3951345 0.3683910 0.3293879 0.4921363 2.6851695 0.3831884 0.3921511 0.4136551 0.4183205 0.4376655 0.4138207 0.4235214 1.7165442 0.4666288 0.4384491 0.3255407 0.3176475 0.8897105 0.2252615 0.4184393 0.7425047 0.3295355 0.2995162 0.8347497 0.3498011 0.3855224 0.3199932 0.3729540 0.3311483 0.8724384 0.4791064 0.4387144 0.4475853 1.0277210 
Nakaseomyces_bacillisporus                  0.3892866 0.5025574 0.4490648 0.0000000 0.4022639 0.5751300 0.4198353 0.4018016 0.4857706 0.5809677 2.6441021 0.4129138 0.4251922 0.4159771 0.4427500 0.4796825 0.4305882 0.4291072 1.7070230 0.4883419 0.3735430 0.4479159 0.4626645 1.0581050 0.4362165 0.5445880 0.9363262 0.4921955 0.4348939 0.7682167 0.4457843 0.4083392 0.4756781 0.4680276 0.4858547 0.8340797 0.4932615 0.4129150 0.4582658 1.0789354 
Nakaseomyces_bracarensis                    0.1142448 0.3872681 0.3451173 0.4022639 0.0000000 0.5428808 0.1072848 0.0968857 0.3653024 0.4708125 2.4503357 0.3108508 0.3375849 0.3543824 0.3337888 0.3284016 0.3438857 0.3617059 1.3945321 0.3120658 0.2580375 0.3059695 0.3438688 0.6471808 0.2463310 0.4323517 0.8555650 0.2920583 0.3225906 0.7052028 0.3007448 0.2691090 0.3760933 0.2370256 0.3809945 0.7018480 0.2983670 0.2702876 0.2957345 0.9172727 
Nakaseomyces_castellii                      0.5749331 0.6356490 0.5863157 0.5751300 0.5428808 0.0000000 0.5790824 0.5664234 0.5687257 0.7640850 2.6289865 0.4713226 0.5187849 0.5068255 0.5125068 0.5474210 0.5120561 0.5205617 1.6047538 0.5813476 0.5749810 0.5428924 0.6639571 1.0319283 0.5285190 0.7104126 0.9207076 0.5533445 0.6595281 0.8684136 0.5513821 0.6014039 0.6215541 0.5320599 0.6168232 0.8885101 0.5783736 0.5565500 0.5855495 0.9317475 
Nakaseomyces_delphensis                     0.1062272 0.3963874 0.3951345 0.4198353 0.1072848 0.5790824 0.0000000 0.0830492 0.3613779 0.4825969 2.6723849 0.3395007 0.3735135 0.3817211 0.3653771 0.3714051 0.3716803 0.4022230 1.4098349 0.3067782 0.2433388 0.2777893 0.3464666 0.7236136 0.3325996 0.4462964 0.9069691 0.2966035 0.3440607 0.6439153 0.3454311 0.3013674 0.3675903 0.2620151 0.3835628 0.6924654 0.3096229 0.2709802 0.2796248 0.8920705 
Nakaseomyces_nivariensis                    0.0973831 0.3997966 0.3683910 0.4018016 0.0968857 0.5664234 0.0830492 0.0000000 0.3880962 0.5097875 2.4608957 0.3132629 0.3448170 0.3465478 0.3415636 0.3584497 0.3561111 0.3659761 1.4182962 0.3346625 0.2581466 0.2901229 0.3480021 0.7058291 0.3080904 0.4598824 0.8501706 0.3193171 0.3307750 0.6451286 0.3437882 0.3024537 0.3656646 0.2598893 0.3782106 0.6899069 0.3164802 0.2700917 0.3087101 0.8846797 
Naumovozyma_castellii                       0.3488655 0.3985720 0.3293879 0.4857706 0.3653024 0.5687257 0.3613779 0.3880962 0.0000000 0.3132253 2.3386152 0.3720883 0.3925726 0.4324363 0.4266868 0.4434181 0.4099026 0.4392547 1.6903721 0.3300400 0.3129893 0.3674228 0.3223089 0.7607801 0.2466126 0.4570808 0.7799721 0.2908679 0.2588177 0.7291392 0.3230858 0.2829079 0.3390727 0.3268541 0.3326965 0.7124355 0.2925680 0.2857607 0.3079826 0.8541895 
Naumovozyma_dairenensis                     0.4758957 0.4861836 0.4921363 0.5809677 0.4708125 0.7640850 0.4825969 0.5097875 0.3132253 0.0000000 2.5861360 0.4948435 0.5105741 0.5428104 0.5259384 0.5523160 0.5336882 0.5543119 1.5717671 0.3869901 0.4062855 0.4866900 0.3510340 0.7938518 0.3788029 0.4428005 0.8803294 0.3766566 0.3327198 0.8373674 0.3598970 0.3802840 0.3874792 0.4300349 0.3717507 0.9143362 0.4149261 0.3628971 0.4076300 0.9685043 
Neurospora_crassa                           2.6563524 2.8440249 2.6851695 2.6441021 2.4503357 2.6289865 2.6723849 2.4608957 2.3386152 2.5861360 0.0000000 2.3320493 2.2447579 2.4393024 2.2888924 2.3888932 2.3612857 2.4750455 3.4214714 2.5724408 2.5345479 2.7335411 2.7350103 3.1364298 2.3519575 2.5255333 2.5200575 2.5999312 2.6599466 2.6455265 2.6724197 2.5621161 2.7247713 2.6637959 2.7769027 2.6922542 2.5265555 2.4033257 2.6230811 2.5675344 
Saccharomyces_arboricola                    0.3224054 0.4360977 0.3831884 0.4129138 0.3108508 0.4713226 0.3395007 0.3132629 0.3720883 0.4948435 2.3320493 0.0000000 0.0420422 0.0472339 0.0453761 0.0769249 0.0493892 0.0515479 1.6092855 0.4027338 0.3696101 0.3272819 0.3132114 0.7526524 0.3319672 0.4328022 0.8897744 0.3885781 0.3772144 0.6813274 0.3512316 0.3293375 0.3658039 0.3291889 0.3617968 0.6657164 0.4113354 0.3607517 0.3880759 0.8828120 
Saccharomyces_cerevisiae                    0.3493042 0.4673307 0.3921511 0.4251922 0.3375849 0.5187849 0.3735135 0.3448170 0.3925726 0.5105741 2.2447579 0.0420422 0.0000000 0.0732129 0.0563907 0.0701413 0.0274385 0.0700272 1.6130887 0.4395385 0.3737720 0.3375726 0.3147272 0.7834460 0.3629192 0.4431223 0.8729902 0.3807208 0.3887654 0.6818475 0.3986958 0.3505354 0.3447182 0.3636638 0.3596381 0.6851146 0.4337776 0.3750722 0.3986942 0.9074050 
Saccharomyces_eubayanus                     0.3443246 0.4507141 0.4136551 0.4159771 0.3543824 0.5068255 0.3817211 0.3465478 0.4324363 0.5428104 2.4393024 0.0472339 0.0732129 0.0000000 0.0726748 0.1007984 0.0619032 0.0205319 1.5614948 0.4358518 0.3959305 0.3519316 0.3439982 0.8056577 0.3744972 0.4652127 0.8961771 0.4074115 0.3864312 0.6373955 0.3964652 0.3666783 0.3943896 0.3580431 0.3949531 0.6549671 0.4428950 0.3892931 0.3957790 0.8832921 
Saccharomyces_kudriavzevii                  0.3469834 0.4867515 0.4183205 0.4427500 0.3337888 0.5125068 0.3653771 0.3415636 0.4266868 0.5259384 2.2888924 0.0453761 0.0563907 0.0726748 0.0000000 0.0681001 0.0485273 0.0773170 1.6553251 0.4326758 0.3977516 0.3497803 0.3727636 0.8112979 0.3759558 0.4918148 0.9415767 0.4258993 0.4054718 0.6918366 0.4098386 0.3690022 0.3949522 0.3869856 0.4045569 0.6928302 0.4412795 0.3851845 0.4112599 0.9244583 
Saccharomyces_mikatae                       0.3526633 0.5114324 0.4376655 0.4796825 0.3284016 0.5474210 0.3714051 0.3584497 0.4434181 0.5523160 2.3888932 0.0769249 0.0701413 0.1007984 0.0681001 0.0000000 0.0541771 0.0972463 1.6020619 0.4563022 0.4098817 0.3923959 0.3582488 0.8375918 0.3956033 0.4896825 0.9443707 0.4249168 0.4348879 0.7126167 0.4351628 0.3821541 0.4060439 0.3874530 0.4154598 0.6657221 0.4347966 0.4072477 0.4121303 0.9065675 
Saccharomyces_paradoxus                     0.3477730 0.4732351 0.4138207 0.4305882 0.3438857 0.5120561 0.3716803 0.3561111 0.4099026 0.5336882 2.3612857 0.0493892 0.0274385 0.0619032 0.0485273 0.0541771 0.0000000 0.0656783 1.6170769 0.4377092 0.3793335 0.3498363 0.3332502 0.7891581 0.3749831 0.4622489 0.8950184 0.3958604 0.4033816 0.6879882 0.4053661 0.3522297 0.3597026 0.3602850 0.3702398 0.6815343 0.4347395 0.3818252 0.3996519 0.9099175 
Saccharomyces_uvarum                        0.3633928 0.4527899 0.4235214 0.4291072 0.3617059 0.5205617 0.4022230 0.3659761 0.4392547 0.5543119 2.4750455 0.0515479 0.0700272 0.0205319 0.0773170 0.0972463 0.0656783 0.0000000 1.6016186 0.4675927 0.4120686 0.3720792 0.3435299 0.8371442 0.3871517 0.4694516 0.8980004 0.4109247 0.4120646 0.6534545 0.4108022 0.3795327 0.4040536 0.3879607 0.4041147 0.6602041 0.4659760 0.4142966 0.4242386 0.8802214 
Tetrapisispora_blattae                      1.4629609 1.5981312 1.7165442 1.7070230 1.3945321 1.6047538 1.4098349 1.4182962 1.6903721 1.5717671 3.4214714 1.6092855 1.6130887 1.5614948 1.6553251 1.6020619 1.6170769 1.6016186 0.0000000 1.4646696 1.3884214 1.4781162 1.6370656 1.6113313 1.5973593 1.7214577 1.9607536 1.5531742 1.6114239 1.8148618 1.4853312 1.5099725 1.5678023 1.4969884 1.6169490 1.7909946 1.3864506 1.4061191 1.3824451 1.3789544 
Tetrapisispora_phaffii                      0.2947035 0.4224570 0.4666288 0.4883419 0.3120658 0.5813476 0.3067782 0.3346625 0.3300400 0.3869901 2.5724408 0.4027338 0.4395385 0.4358518 0.4326758 0.4563022 0.4377092 0.4675927 1.4646696 0.0000000 0.2211546 0.4199783 0.4159085 0.6483836 0.3053407 0.4888066 0.9316995 0.3945570 0.3196509 0.6823578 0.3634248 0.3005514 0.4515714 0.2463159 0.4526397 0.6664781 0.1104394 0.1206504 0.0975549 0.8148534 
Vanderwaltozyma_polyspora                   0.2293374 0.4624940 0.4384491 0.3735430 0.2580375 0.5749810 0.2433388 0.2581466 0.3129893 0.4062855 2.5345479 0.3696101 0.3737720 0.3959305 0.3977516 0.4098817 0.3793335 0.4120686 1.3884214 0.2211546 0.0000000 0.3147378 0.3822178 0.6849514 0.3153375 0.4867700 0.9538417 0.3890571 0.2882247 0.6369292 0.3189041 0.2782463 0.4118309 0.2486740 0.4119191 0.7039508 0.2693004 0.1786687 0.2434442 0.8692253 
yHAB132_Kazachstania_martiniae              0.2751003 0.3303392 0.3255407 0.4479159 0.3059695 0.5428924 0.2777893 0.2901229 0.3674228 0.4866900 2.7335411 0.3272819 0.3375726 0.3519316 0.3497803 0.3923959 0.3498363 0.3720792 1.4781162 0.4199783 0.3147378 0.0000000 0.3617771 0.7599924 0.3215088 0.5084080 0.8692304 0.3469598 0.2520011 0.7526234 0.2857429 0.3219601 0.3218662 0.2908285 0.3495737 0.7349579 0.3906451 0.3585355 0.3795437 1.0338637 
yHAB133_Kazachstania_unispora               0.3268461 0.3429505 0.3176475 0.4626645 0.3438688 0.6639571 0.3464666 0.3480021 0.3223089 0.3510340 2.7350103 0.3132114 0.3147272 0.3439982 0.3727636 0.3582488 0.3332502 0.3435299 1.6370656 0.4159085 0.3822178 0.3617771 0.0000000 0.7057289 0.2244762 0.1905198 0.7410952 0.2816874 0.2755851 0.6516880 0.2566540 0.2935346 0.1110688 0.3072300 0.0966020 0.6951279 0.4133011 0.3592196 0.3860093 0.9034908 
yHAB134_Kazachstania_turicensis             0.6294168 0.7694660 0.8897105 1.0581050 0.6471808 1.0319283 0.7236136 0.7058291 0.7607801 0.7938518 3.1364298 0.7526524 0.7834460 0.8056577 0.8112979 0.8375918 0.7891581 0.8371442 1.6113313 0.6483836 0.6849514 0.7599924 0.7057289 0.0000000 0.6106170 0.8111994 1.3545695 0.7761997 0.6296735 1.1762609 0.6261618 0.6400104 0.7731996 0.4556016 0.7307954 1.1384758 0.6185584 0.6228763 0.6578340 1.4356055 
yHAB136_Kazachstania_bromeliacearum         0.2846067 0.3033537 0.2252615 0.4362165 0.2463310 0.5285190 0.3325996 0.3080904 0.2466126 0.3788029 2.3519575 0.3319672 0.3629192 0.3744972 0.3759558 0.3956033 0.3749831 0.3871517 1.5973593 0.3053407 0.3153375 0.3215088 0.2244762 0.6106170 0.0000000 0.3463358 0.7560228 0.2762341 0.2302063 0.7331494 0.2733824 0.2712795 0.2643295 0.2557738 0.2417654 0.7436107 0.2838463 0.2685903 0.2877382 0.9539610 
yHAB143_Kazachstania_siamensis              0.4238119 0.4612298 0.4184393 0.5445880 0.4323517 0.7104126 0.4462964 0.4598824 0.4570808 0.4428005 2.5255333 0.4328022 0.4431223 0.4652127 0.4918148 0.4896825 0.4622489 0.4694516 1.7214577 0.4888066 0.4867700 0.5084080 0.1905198 0.8111994 0.3463358 0.0000000 0.8168900 0.3435006 0.4212944 0.6555931 0.3634647 0.4593167 0.2404439 0.4106083 0.2250892 0.6883713 0.4812055 0.4318708 0.4958972 0.8639854 
yHAB147_Kazachstania_taianensis             0.8338657 0.8186975 0.7425047 0.9363262 0.8555650 0.9207076 0.9069691 0.8501706 0.7799721 0.8803294 2.5200575 0.8897744 0.8729902 0.8961771 0.9415767 0.9443707 0.8950184 0.8980004 1.9607536 0.9316995 0.9538417 0.8692304 0.7410952 1.3545695 0.7560228 0.8168900 0.0000000 0.7866888 0.8518082 0.9946650 0.7935599 0.8142822 0.7366499 0.8025403 0.7504444 0.9920199 0.8993037 0.9307809 0.9370372 1.0094333 
yHAB148_Kazachstania_intestinalis           0.3001591 0.3542241 0.3295355 0.4921955 0.2920583 0.5533445 0.2966035 0.3193171 0.2908679 0.3766566 2.5999312 0.3885781 0.3807208 0.4074115 0.4258993 0.4249168 0.3958604 0.4109247 1.5531742 0.3945570 0.3890571 0.3469598 0.2816874 0.7761997 0.2762341 0.3435006 0.7866888 0.0000000 0.3265290 0.6949823 0.3319545 0.3591369 0.2924809 0.3449339 0.3192385 0.6986673 0.3539656 0.3856187 0.3635153 0.7728669 
yHAB153_Kazachstania_rosinii                0.3079885 0.3214118 0.2995162 0.4348939 0.3225906 0.6595281 0.3440607 0.3307750 0.2588177 0.3327198 2.6599466 0.3772144 0.3887654 0.3864312 0.4054718 0.4348879 0.4033816 0.4120646 1.6114239 0.3196509 0.2882247 0.2520011 0.2755851 0.6296735 0.2302063 0.4212944 0.8518082 0.3265290 0.0000000 0.7106554 0.2434848 0.2731555 0.2782423 0.2289447 0.2681864 0.7371833 0.3225724 0.2474593 0.2851257 0.9269042 
yHAB154_Kazachstania_transvaalensis         0.7069822 0.8145296 0.8347497 0.7682167 0.7052028 0.8684136 0.6439153 0.6451286 0.7291392 0.8373674 2.6455265 0.6813274 0.6818475 0.6373955 0.6918366 0.7126167 0.6879882 0.6534545 1.8148618 0.6823578 0.6369292 0.7526234 0.6516880 1.1762609 0.7331494 0.6555931 0.9946650 0.6949823 0.7106554 0.0000000 0.6753662 0.6457395 0.6481398 0.6557788 0.6377553 0.2389261 0.6559568 0.6353424 0.6465731 1.0491127 
yHAB155_Kazachstania_spencerorum            0.2802307 0.3691444 0.3498011 0.4457843 0.3007448 0.5513821 0.3454311 0.3437882 0.3230858 0.3598970 2.6724197 0.3512316 0.3986958 0.3964652 0.4098386 0.4351628 0.4053661 0.4108022 1.4853312 0.3634248 0.3189041 0.2857429 0.2566540 0.6261618 0.2733824 0.3634647 0.7935599 0.3319545 0.2434848 0.6753662 0.0000000 0.2852049 0.3022967 0.2199852 0.2887704 0.6628442 0.3839714 0.3260050 0.3600491 0.9059317 
yHAB158_Kazachstania_viticola               0.2807239 0.3629896 0.3855224 0.4083392 0.2691090 0.6014039 0.3013674 0.3024537 0.2829079 0.3802840 2.5621161 0.3293375 0.3505354 0.3666783 0.3690022 0.3821541 0.3522297 0.3795327 1.5099725 0.3005514 0.2782463 0.3219601 0.2935346 0.6400104 0.2712795 0.4593167 0.8142822 0.3591369 0.2731555 0.6457395 0.2852049 0.0000000 0.3632019 0.2367353 0.3232250 0.6466635 0.3017090 0.2945099 0.3022942 0.8629704 
yHAB159_Kazachstania_solicola               0.3629725 0.3864787 0.3199932 0.4756781 0.3760933 0.6215541 0.3675903 0.3656646 0.3390727 0.3874792 2.7247713 0.3658039 0.3447182 0.3943896 0.3949522 0.4060439 0.3597026 0.4040536 1.5678023 0.4515714 0.4118309 0.3218662 0.1110688 0.7731996 0.2643295 0.2404439 0.7366499 0.2924809 0.2782423 0.6481398 0.3022967 0.3632019 0.0000000 0.3407132 0.0493365 0.6889198 0.4316015 0.3844992 0.4042087 0.9943055 
yHAB160_Kazachstania_kunashirensis          0.2169927 0.3766941 0.3729540 0.4680276 0.2370256 0.5320599 0.2620151 0.2598893 0.3268541 0.4300349 2.6637959 0.3291889 0.3636638 0.3580431 0.3869856 0.3874530 0.3602850 0.3879607 1.4969884 0.2463159 0.2486740 0.2908285 0.3072300 0.4556016 0.2557738 0.4106083 0.8025403 0.3449339 0.2289447 0.6557788 0.2199852 0.2367353 0.3407132 0.0000000 0.3213589 0.6629991 0.2586275 0.2359519 0.2452368 0.9084104 
yHAB164_Kazachstania_aerobia                0.3767268 0.3678777 0.3311483 0.4858547 0.3809945 0.6168232 0.3835628 0.3782106 0.3326965 0.3717507 2.7769027 0.3617968 0.3596381 0.3949531 0.4045569 0.4154598 0.3702398 0.4041147 1.6169490 0.4526397 0.4119191 0.3495737 0.0966020 0.7307954 0.2417654 0.2250892 0.7504444 0.3192385 0.2681864 0.6377553 0.2887704 0.3232250 0.0493365 0.3213589 0.0000000 0.6754972 0.4289993 0.3648055 0.4040607 0.9901860 
yHAB166_Kazachstania_yakushimaensis         0.7229842 0.7971099 0.8724384 0.8340797 0.7018480 0.8885101 0.6924654 0.6899069 0.7124355 0.9143362 2.6922542 0.6657164 0.6851146 0.6549671 0.6928302 0.6657221 0.6815343 0.6602041 1.7909946 0.6664781 0.7039508 0.7349579 0.6951279 1.1384758 0.7436107 0.6883713 0.9920199 0.6986673 0.7371833 0.2389261 0.6628442 0.6466635 0.6889198 0.6629991 0.6754972 0.0000000 0.6423866 0.6196342 0.6553809 0.9163763 
yHMPu5000034875_Tetrapisispora_fleetii      0.2944104 0.4489973 0.4791064 0.4932615 0.2983670 0.5783736 0.3096229 0.3164802 0.2925680 0.4149261 2.5265555 0.4113354 0.4337776 0.4428950 0.4412795 0.4347966 0.4347395 0.4659760 1.3864506 0.1104394 0.2693004 0.3906451 0.4133011 0.6185584 0.2838463 0.4812055 0.8993037 0.3539656 0.3225724 0.6559568 0.3839714 0.3017090 0.4316015 0.2586275 0.4289993 0.6423866 0.0000000 0.1534398 0.0597391 0.8190427 
yHMPu5000034876_Tetrapisispora_iriomotensis 0.2652683 0.4093040 0.4387144 0.4129150 0.2702876 0.5565500 0.2709802 0.2700917 0.2857607 0.3628971 2.4033257 0.3607517 0.3750722 0.3892931 0.3851845 0.4072477 0.3818252 0.4142966 1.4061191 0.1206504 0.1786687 0.3585355 0.3592196 0.6228763 0.2685903 0.4318708 0.9307809 0.3856187 0.2474593 0.6353424 0.3260050 0.2945099 0.3844992 0.2359519 0.3648055 0.6196342 0.1534398 0.0000000 0.1296653 0.7784458 
yHMPu5000034877_Tetrapisispora_namnaonensis 0.2780798 0.4255871 0.4475853 0.4582658 0.2957345 0.5855495 0.2796248 0.3087101 0.3079826 0.4076300 2.6230811 0.3880759 0.3986942 0.3957790 0.4112599 0.4121303 0.3996519 0.4242386 1.3824451 0.0975549 0.2434442 0.3795437 0.3860093 0.6578340 0.2877382 0.4958972 0.9370372 0.3635153 0.2851257 0.6465731 0.3600491 0.3022942 0.4042087 0.2452368 0.4040607 0.6553809 0.0597391 0.1296653 0.0000000 0.8371847 
yHMPu5000035629_Yueomyces_sinensis          0.8569559 0.8873691 1.0277210 1.0789354 0.9172727 0.9317475 0.8920705 0.8846797 0.8541895 0.9685043 2.5675344 0.8828120 0.9074050 0.8832921 0.9244583 0.9065675 0.9099175 0.8802214 1.3789544 0.8148534 0.8692253 1.0338637 0.9034908 1.4356055 0.9539610 0.8639854 1.0094333 0.7728669 0.9269042 1.0491127 0.9059317 0.8629704 0.9943055 0.9084104 0.9901860 0.9163763 0.8190427 0.7784458 0.8371847 0.0000000 
