40
Candida_glabrata                            0.0000000 0.3620938 0.4109843 0.3053123 0.1780552 0.3141330 0.2006071 0.2027115 0.4516712 0.4194022 0.8218655 0.3335003 0.3053153 0.3146751 0.3027118 0.3480429 0.2971871 0.3074114 0.5200343 0.4671553 0.4323819 0.3758133 0.4415261 0.4293288 0.3900619 0.3902787 0.3714324 0.3140056 0.3217694 0.4787881 0.3971312 0.3387285 0.4539374 0.4746897 0.4597380 0.4449497 0.4612441 0.4721270 0.4409655 0.4496398 
Kazachstania_africana                       0.3620938 0.0000000 0.2537847 0.2901239 0.3475320 0.3629541 0.3589111 0.3291350 0.3716159 0.3822715 0.7100907 0.2926143 0.2865159 0.2832222 0.2885816 0.3438006 0.2770031 0.2907504 0.4795181 0.3108169 0.2810374 0.2982827 0.2737299 0.3207660 0.2072101 0.2681182 0.2260293 0.2617799 0.2539788 0.3926266 0.3386575 0.2040465 0.2924214 0.2908216 0.2974988 0.3735149 0.3405518 0.3662659 0.3507114 0.3784817 
Kazachstania_naganishii                     0.4109843 0.2537847 0.0000000 0.3619633 0.4157047 0.4633501 0.4124145 0.3814641 0.4004593 0.3986964 0.7254052 0.2861238 0.3114479 0.2900731 0.3089093 0.3707457 0.3014409 0.2960295 0.5041731 0.3686338 0.3756990 0.3697601 0.2734635 0.3748733 0.2073348 0.2705263 0.1990128 0.3074241 0.2802428 0.3896816 0.4006816 0.2809331 0.2700816 0.3359725 0.2751786 0.3779677 0.3734051 0.3742836 0.3856826 0.4465757 
Nakaseomyces_bacillisporus                  0.3053123 0.2901239 0.3619633 0.0000000 0.2889077 0.2152625 0.2947427 0.2985706 0.3649427 0.3965907 0.7155370 0.2855412 0.2834774 0.2588272 0.2982445 0.3009876 0.2726619 0.2711329 0.4569164 0.4026954 0.3180052 0.2920485 0.3375895 0.3640816 0.2910985 0.3301086 0.2981444 0.2598384 0.2969391 0.4548240 0.3619626 0.2494661 0.3336134 0.3421473 0.3388429 0.4135106 0.3849574 0.4198220 0.3865350 0.3418032 
Nakaseomyces_bracarensis                    0.1780552 0.3475320 0.4157047 0.2889077 0.0000000 0.3036528 0.0742573 0.0696398 0.3823615 0.3729792 0.7836361 0.3111069 0.2812366 0.3004462 0.2980214 0.3266796 0.2807443 0.2676879 0.4622191 0.4654892 0.3395787 0.3881965 0.3715002 0.4153476 0.3189961 0.3687212 0.3272072 0.2959815 0.3163576 0.4575310 0.4189084 0.3054961 0.3670473 0.3892419 0.3725326 0.4102500 0.4597771 0.4981678 0.4556197 0.4552876 
Nakaseomyces_castellii                      0.3141330 0.3629541 0.4633501 0.2152625 0.3036528 0.0000000 0.3054238 0.3082520 0.3957302 0.4205933 0.7369745 0.3540841 0.3335147 0.3014985 0.3154443 0.3795734 0.3251745 0.2900366 0.5240760 0.4993138 0.4219116 0.3574308 0.4312813 0.4656067 0.3515858 0.4291336 0.3774432 0.3140750 0.3764191 0.5110435 0.4531424 0.3202698 0.4187584 0.4498794 0.4204253 0.4823672 0.4929307 0.5369326 0.4846793 0.4790855 
Nakaseomyces_delphensis                     0.2006071 0.3589111 0.4124145 0.2947427 0.0742573 0.3054238 0.0000000 0.0529120 0.4146688 0.3948869 0.7588112 0.3147535 0.2841816 0.2856577 0.3107492 0.3145888 0.2836866 0.2671083 0.5011203 0.4963746 0.3968437 0.3679542 0.3936895 0.4462623 0.3299366 0.3910702 0.3370114 0.3139448 0.3385373 0.4722838 0.4525850 0.3006538 0.3898827 0.4177096 0.3954864 0.4249601 0.4918478 0.5458087 0.5097345 0.4751792 
Nakaseomyces_nivariensis                    0.2027115 0.3291350 0.3814641 0.2985706 0.0696398 0.3082520 0.0529120 0.0000000 0.4023267 0.4075520 0.7539432 0.3129434 0.2851538 0.3115474 0.2961316 0.3022707 0.2853331 0.2847860 0.5041848 0.4964421 0.3764742 0.3540071 0.3830786 0.4372125 0.3164587 0.3806002 0.3322416 0.3009040 0.3002762 0.4651354 0.4071078 0.3207030 0.4044007 0.3883167 0.4101105 0.4354728 0.4801866 0.5077704 0.4875176 0.4615549 
Naumovozyma_castellii                       0.4516712 0.3716159 0.4004593 0.3649427 0.3823615 0.3957302 0.4146688 0.4023267 0.0000000 0.2465933 0.7703385 0.3797398 0.3732602 0.3521993 0.3882392 0.4096720 0.3875035 0.3631394 0.5104003 0.4889593 0.3827242 0.3953660 0.3841941 0.4189844 0.3516682 0.3940722 0.3572746 0.3640598 0.3589387 0.4576129 0.3782508 0.3415374 0.3454791 0.4262293 0.3508242 0.4563174 0.4919706 0.5116286 0.4879056 0.4951473 
Naumovozyma_dairenensis                     0.4194022 0.3822715 0.3986964 0.3965907 0.3729792 0.4205933 0.3948869 0.4075520 0.2465933 0.0000000 0.8195226 0.3500787 0.3468999 0.3143998 0.3383245 0.3866007 0.3232224 0.3348317 0.4947886 0.4567539 0.4678347 0.4454079 0.4045672 0.3915978 0.3581560 0.3637092 0.3532948 0.4165917 0.3485164 0.4690491 0.3805835 0.3135507 0.4014404 0.4426339 0.4070683 0.4393116 0.4867550 0.5267139 0.4800471 0.4674066 
Neurospora_crassa                           0.8218655 0.7100907 0.7254052 0.7155370 0.7836361 0.7369745 0.7588112 0.7539432 0.7703385 0.8195226 0.0000000 0.7241763 0.8150110 0.7388584 0.8108210 0.8369977 0.7883551 0.7414314 0.8163278 0.7684027 0.6808368 0.7463434 0.7671742 0.8248424 0.7436383 0.7532505 0.7295427 0.7591039 0.7512694 0.8117348 0.8368380 0.7672580 0.7374651 0.8003645 0.7454570 0.7902818 0.8127953 0.8402116 0.8234081 0.7972193 
Saccharomyces_arboricola                    0.3335003 0.2926143 0.2861238 0.2855412 0.3111069 0.3540841 0.3147535 0.3129434 0.3797398 0.3500787 0.7241763 0.0000000 0.0598378 0.0656784 0.0765048 0.1216128 0.0643090 0.0837906 0.5167814 0.3758870 0.3909140 0.3227703 0.2925744 0.3235025 0.2835964 0.2891572 0.2853130 0.3110240 0.2933812 0.4343338 0.4179220 0.2875654 0.2768433 0.3349115 0.2781697 0.4152150 0.3937234 0.4823019 0.4076994 0.3968770 
Saccharomyces_cerevisiae                    0.3053153 0.2865159 0.3114479 0.2834774 0.2812366 0.3335147 0.2841816 0.2851538 0.3732602 0.3468999 0.8150110 0.0598378 0.0000000 0.0664159 0.0613460 0.1164309 0.0332693 0.0761152 0.4975261 0.3999785 0.3809654 0.3350182 0.2954285 0.3160784 0.2780010 0.2912254 0.2783065 0.2943492 0.2998266 0.4122252 0.3819747 0.2603370 0.2863934 0.3135980 0.2877643 0.3777351 0.4020394 0.4559911 0.3990302 0.3803431 
Saccharomyces_eubayanus                     0.3146751 0.2832222 0.2900731 0.2588272 0.3004462 0.3014985 0.2856577 0.3115474 0.3521993 0.3143998 0.7388584 0.0656784 0.0664159 0.0000000 0.0720824 0.1225518 0.0628016 0.0336892 0.4742392 0.3910290 0.3844931 0.3196609 0.2776827 0.3066129 0.2419993 0.2673069 0.2325045 0.2988758 0.2918915 0.3861385 0.3937237 0.2508814 0.2625861 0.3198716 0.2638768 0.3855404 0.4079890 0.4769984 0.4167962 0.3879812 
Saccharomyces_kudriavzevii                  0.3027118 0.2885816 0.3089093 0.2982445 0.2980214 0.3154443 0.3107492 0.2961316 0.3882392 0.3383245 0.8108210 0.0765048 0.0613460 0.0720824 0.0000000 0.1324186 0.0530673 0.0819117 0.4860179 0.3982840 0.3776483 0.3511257 0.3002336 0.3137856 0.2925388 0.2863205 0.2585771 0.3151236 0.2789208 0.3794203 0.3987139 0.2473617 0.3068696 0.3267296 0.3083051 0.3597358 0.4087373 0.4798746 0.4127782 0.3836307 
Saccharomyces_mikatae                       0.3480429 0.3438006 0.3707457 0.3009876 0.3266796 0.3795734 0.3145888 0.3022707 0.4096720 0.3866007 0.8369977 0.1216128 0.1164309 0.1225518 0.1324186 0.0000000 0.1254356 0.1252346 0.5332657 0.4568680 0.4136872 0.3816554 0.3378402 0.3368171 0.3195364 0.3222509 0.3253023 0.3489581 0.3256867 0.4608261 0.4183256 0.3111303 0.3452287 0.3394157 0.3468274 0.4424807 0.4707571 0.5211510 0.4691235 0.4493475 
Saccharomyces_paradoxus                     0.2971871 0.2770031 0.3014409 0.2726619 0.2807443 0.3251745 0.2836866 0.2853331 0.3875035 0.3232224 0.7883551 0.0643090 0.0332693 0.0628016 0.0530673 0.1254356 0.0000000 0.0715750 0.4906770 0.3893730 0.3860948 0.3541254 0.3089190 0.3220715 0.2662612 0.2989584 0.2582966 0.2903541 0.2837668 0.3978230 0.4034817 0.2592878 0.3034353 0.3338006 0.3048525 0.3755399 0.3913391 0.4464127 0.3774173 0.3581777 
Saccharomyces_uvarum                        0.3074114 0.2907504 0.2960295 0.2711329 0.2676879 0.2900366 0.2671083 0.2847860 0.3631394 0.3348317 0.7414314 0.0837906 0.0761152 0.0336892 0.0819117 0.1252346 0.0715750 0.0000000 0.4591515 0.4088080 0.3665685 0.3444116 0.2924559 0.3151664 0.2646546 0.2917617 0.2479631 0.2804795 0.2904594 0.4039879 0.3971946 0.2538538 0.2831381 0.3263658 0.2845051 0.4031719 0.4158242 0.4712744 0.4118907 0.4117879 
Tetrapisispora_blattae                      0.5200343 0.4795181 0.5041731 0.4569164 0.4622191 0.5240760 0.5011203 0.5041848 0.5104003 0.4947886 0.8163278 0.5167814 0.4975261 0.4742392 0.4860179 0.5332657 0.4906770 0.4591515 0.0000000 0.4102880 0.3841516 0.4312869 0.4106472 0.5080364 0.3975342 0.3985435 0.3966403 0.4976545 0.4186104 0.4743286 0.4414299 0.4092129 0.4096682 0.4582268 0.4154927 0.4841638 0.4389330 0.4419565 0.4398181 0.2193723 
Tetrapisispora_phaffii                      0.4671553 0.3108169 0.3686338 0.4026954 0.4654892 0.4993138 0.4963746 0.4964421 0.4889593 0.4567539 0.7684027 0.3758870 0.3999785 0.3910290 0.3982840 0.4568680 0.3893730 0.4088080 0.4102880 0.0000000 0.2666580 0.4252836 0.3703510 0.4627033 0.3333031 0.3611690 0.3686641 0.4353182 0.4140201 0.4525463 0.4636718 0.3742499 0.3951308 0.3730289 0.4007607 0.3606637 0.0909605 0.1909876 0.0720754 0.3025553 
Vanderwaltozyma_polyspora                   0.4323819 0.2810374 0.3756990 0.3180052 0.3395787 0.4219116 0.3968437 0.3764742 0.3827242 0.4678347 0.6808368 0.3909140 0.3809654 0.3844931 0.3776483 0.4136872 0.3860948 0.3665685 0.3841516 0.2666580 0.0000000 0.3712783 0.3015711 0.3924051 0.3392681 0.3293364 0.3254962 0.3104692 0.3511680 0.4183669 0.4273374 0.2817687 0.3081908 0.3914979 0.3133790 0.3805054 0.2563128 0.2825961 0.2584737 0.3118576 
yHAB132_Kazachstania_martiniae              0.3758133 0.2982827 0.3697601 0.2920485 0.3881965 0.3574308 0.3679542 0.3540071 0.3953660 0.4454079 0.7463434 0.3227703 0.3350182 0.3196609 0.3511257 0.3816554 0.3541254 0.3444116 0.4312869 0.4252836 0.3712783 0.0000000 0.3113926 0.3646154 0.3088456 0.3190061 0.2852323 0.3116239 0.2790661 0.4685444 0.3087767 0.3260520 0.2801396 0.3304447 0.2852294 0.4655483 0.3923334 0.4339195 0.4205401 0.3830142 
yHAB133_Kazachstania_unispora               0.4415261 0.2737299 0.2734635 0.3375895 0.3715002 0.4312813 0.3936895 0.3830786 0.3841941 0.4045672 0.7671742 0.2925744 0.2954285 0.2776827 0.3002336 0.3378402 0.3089190 0.2924559 0.4106472 0.3703510 0.3015711 0.3113926 0.0000000 0.3733518 0.1981830 0.0652723 0.1669014 0.3501831 0.3416980 0.3407244 0.3629315 0.2661198 0.0490750 0.3710032 0.0452548 0.3425708 0.3645895 0.4113181 0.3865175 0.3282633 
yHAB134_Kazachstania_turicensis             0.4293288 0.3207660 0.3748733 0.3640816 0.4153476 0.4656067 0.4462623 0.4372125 0.4189844 0.3915978 0.8248424 0.3235025 0.3160784 0.3066129 0.3137856 0.3368171 0.3220715 0.3151664 0.5080364 0.4627033 0.3924051 0.3646154 0.3733518 0.0000000 0.3346254 0.3785128 0.3386174 0.3261467 0.2458585 0.4969355 0.3240476 0.3040921 0.3845746 0.2061627 0.3902146 0.4416140 0.4859066 0.4834520 0.4989421 0.4291168 
yHAB136_Kazachstania_bromeliacearum         0.3900619 0.2072101 0.2073348 0.2910985 0.3189961 0.3515858 0.3299366 0.3164587 0.3516682 0.3581560 0.7436383 0.2835964 0.2780010 0.2419993 0.2925388 0.3195364 0.2662612 0.2646546 0.3975342 0.3333031 0.3392681 0.3088456 0.1981830 0.3346254 0.0000000 0.2062770 0.1500880 0.2910026 0.2549476 0.3255954 0.3248034 0.2524437 0.2157971 0.2907387 0.2205834 0.3233236 0.3601666 0.4159098 0.3486425 0.3789406 
yHAB143_Kazachstania_siamensis              0.3902787 0.2681182 0.2705263 0.3301086 0.3687212 0.4291336 0.3910702 0.3806002 0.3940722 0.3637092 0.7532505 0.2891572 0.2912254 0.2673069 0.2863205 0.3222509 0.2989584 0.2917617 0.3985435 0.3611690 0.3293364 0.3190061 0.0652723 0.3785128 0.2062770 0.0000000 0.1790981 0.3426674 0.3177608 0.3246515 0.3158626 0.2749109 0.0895287 0.3814621 0.0855752 0.3162119 0.3984680 0.4216220 0.4094053 0.3351655 
yHAB147_Kazachstania_taianensis             0.3714324 0.2260293 0.1990128 0.2981444 0.3272072 0.3774432 0.3370114 0.3322416 0.3572746 0.3532948 0.7295427 0.2853130 0.2783065 0.2325045 0.2585771 0.3253023 0.2582966 0.2479631 0.3966403 0.3686641 0.3254962 0.2852323 0.1669014 0.3386174 0.1500880 0.1790981 0.0000000 0.2777056 0.2589194 0.3245766 0.3335462 0.1925699 0.1734393 0.3013594 0.1780461 0.3188001 0.3409920 0.4171007 0.3496968 0.3596462 
yHAB148_Kazachstania_intestinalis           0.3140056 0.2617799 0.3074241 0.2598384 0.2959815 0.3140750 0.3139448 0.3009040 0.3640598 0.4165917 0.7591039 0.3110240 0.2943492 0.2988758 0.3151236 0.3489581 0.2903541 0.2804795 0.4976545 0.4353182 0.3104692 0.3116239 0.3501831 0.3261467 0.2910026 0.3426674 0.2777056 0.0000000 0.2878411 0.4071765 0.3897388 0.2652860 0.3233038 0.3310904 0.3287350 0.3921492 0.4129362 0.4747163 0.4268343 0.4340601 
yHAB153_Kazachstania_rosinii                0.3217694 0.2539788 0.2802428 0.2969391 0.3163576 0.3764191 0.3385373 0.3002762 0.3589387 0.3485164 0.7512694 0.2933812 0.2998266 0.2918915 0.2789208 0.3256867 0.2837668 0.2904594 0.4186104 0.4140201 0.3511680 0.2790661 0.3416980 0.2458585 0.2549476 0.3177608 0.2589194 0.2878411 0.0000000 0.4045137 0.2370742 0.2868400 0.3414009 0.2284271 0.3466673 0.3875029 0.4421754 0.4925171 0.4441749 0.3980827 
yHAB154_Kazachstania_transvaalensis         0.4787881 0.3926266 0.3896816 0.4548240 0.4575310 0.5110435 0.4722838 0.4651354 0.4576129 0.4690491 0.8117348 0.4343338 0.4122252 0.3861385 0.3794203 0.4608261 0.3978230 0.4039879 0.4743286 0.4525463 0.4183669 0.4685444 0.3407244 0.4969355 0.3255954 0.3246515 0.3245766 0.4071765 0.4045137 0.0000000 0.4493142 0.3678229 0.3363942 0.4775104 0.3373005 0.0809583 0.4462349 0.4563531 0.4781250 0.4312991 
yHAB155_Kazachstania_spencerorum            0.3971312 0.3386575 0.4006816 0.3619626 0.4189084 0.4531424 0.4525850 0.4071078 0.3782508 0.3805835 0.8368380 0.4179220 0.3819747 0.3937237 0.3987139 0.4183256 0.4034817 0.3971946 0.4414299 0.4636718 0.4273374 0.3087767 0.3629315 0.3240476 0.3248034 0.3158626 0.3335462 0.3897388 0.2370742 0.4493142 0.0000000 0.3310932 0.3667895 0.3053292 0.3723231 0.4477930 0.4682810 0.4835045 0.4814592 0.3770884 
yHAB158_Kazachstania_viticola               0.3387285 0.2040465 0.2809331 0.2494661 0.3054961 0.3202698 0.3006538 0.3207030 0.3415374 0.3135507 0.7672580 0.2875654 0.2603370 0.2508814 0.2473617 0.3111303 0.2592878 0.2538538 0.4092129 0.3742499 0.2817687 0.3260520 0.2661198 0.3040921 0.2524437 0.2749109 0.1925699 0.2652860 0.2868400 0.3678229 0.3310932 0.0000000 0.2631074 0.2799800 0.2680393 0.3705098 0.3954124 0.4110827 0.4081135 0.3430252 
yHAB159_Kazachstania_solicola               0.4539374 0.2924214 0.2700816 0.3336134 0.3670473 0.4187584 0.3898827 0.4044007 0.3454791 0.4014404 0.7374651 0.2768433 0.2863934 0.2625861 0.3068696 0.3452287 0.3034353 0.2831381 0.4096682 0.3951308 0.3081908 0.2801396 0.0490750 0.3845746 0.2157971 0.0895287 0.1734393 0.3233038 0.3414009 0.3363942 0.3667895 0.2631074 0.0000000 0.3780218 0.0035927 0.3426891 0.3638983 0.4008030 0.3967170 0.3269189 
yHAB160_Kazachstania_kunashirensis          0.4746897 0.2908216 0.3359725 0.3421473 0.3892419 0.4498794 0.4177096 0.3883167 0.4262293 0.4426339 0.8003645 0.3349115 0.3135980 0.3198716 0.3267296 0.3394157 0.3338006 0.3263658 0.4582268 0.3730289 0.3914979 0.3304447 0.3710032 0.2061627 0.2907387 0.3814621 0.3013594 0.3310904 0.2284271 0.4775104 0.3053292 0.2799800 0.3780218 0.0000000 0.3835795 0.4311805 0.3607574 0.3947489 0.3842936 0.4305406 
yHAB164_Kazachstania_aerobia                0.4597380 0.2974988 0.2751786 0.3388429 0.3725326 0.4204253 0.3954864 0.4101105 0.3508242 0.4070683 0.7454570 0.2781697 0.2877643 0.2638768 0.3083051 0.3468274 0.3048525 0.2845051 0.4154927 0.4007607 0.3133790 0.2852294 0.0452548 0.3902146 0.2205834 0.0855752 0.1780461 0.3287350 0.3466673 0.3373005 0.3723231 0.2680393 0.0035927 0.3835795 0.0000000 0.3436162 0.3694315 0.4064323 0.4023001 0.3283769 
yHAB166_Kazachstania_yakushimaensis         0.4449497 0.3735149 0.3779677 0.4135106 0.4102500 0.4823672 0.4249601 0.4354728 0.4563174 0.4393116 0.7902818 0.4152150 0.3777351 0.3855404 0.3597358 0.4424807 0.3755399 0.4031719 0.4841638 0.3606637 0.3805054 0.4655483 0.3425708 0.4416140 0.3233236 0.3162119 0.3188001 0.3921492 0.3875029 0.0809583 0.4477930 0.3705098 0.3426891 0.4311805 0.3436162 0.0000000 0.3923445 0.4286367 0.4243088 0.3981730 
yHMPu5000034875_Tetrapisispora_fleetii      0.4612441 0.3405518 0.3734051 0.3849574 0.4597771 0.4929307 0.4918478 0.4801866 0.4919706 0.4867550 0.8127953 0.3937234 0.4020394 0.4079890 0.4087373 0.4707571 0.3913391 0.4158242 0.4389330 0.0909605 0.2563128 0.3923334 0.3645895 0.4859066 0.3601666 0.3984680 0.3409920 0.4129362 0.4421754 0.4462349 0.4682810 0.3954124 0.3638983 0.3607574 0.3694315 0.3923445 0.0000000 0.1605812 0.0519082 0.3391399 
yHMPu5000034876_Tetrapisispora_iriomotensis 0.4721270 0.3662659 0.3742836 0.4198220 0.4981678 0.5369326 0.5458087 0.5077704 0.5116286 0.5267139 0.8402116 0.4823019 0.4559911 0.4769984 0.4798746 0.5211510 0.4464127 0.4712744 0.4419565 0.1909876 0.2825961 0.4339195 0.4113181 0.4834520 0.4159098 0.4216220 0.4171007 0.4747163 0.4925171 0.4563531 0.4835045 0.4110827 0.4008030 0.3947489 0.4064323 0.4286367 0.1605812 0.0000000 0.1532928 0.3601818 
yHMPu5000034877_Tetrapisispora_namnaonensis 0.4409655 0.3507114 0.3856826 0.3865350 0.4556197 0.4846793 0.5097345 0.4875176 0.4879056 0.4800471 0.8234081 0.4076994 0.3990302 0.4167962 0.4127782 0.4691235 0.3774173 0.4118907 0.4398181 0.0720754 0.2584737 0.4205401 0.3865175 0.4989421 0.3486425 0.4094053 0.3496968 0.4268343 0.4441749 0.4781250 0.4814592 0.4081135 0.3967170 0.3842936 0.4023001 0.4243088 0.0519082 0.1532928 0.0000000 0.3314944 
yHMPu5000035629_Yueomyces_sinensis          0.4496398 0.3784817 0.4465757 0.3418032 0.4552876 0.4790855 0.4751792 0.4615549 0.4951473 0.4674066 0.7972193 0.3968770 0.3803431 0.3879812 0.3836307 0.4493475 0.3581777 0.4117879 0.2193723 0.3025553 0.3118576 0.3830142 0.3282633 0.4291168 0.3789406 0.3351655 0.3596462 0.4340601 0.3980827 0.4312991 0.3770884 0.3430252 0.3269189 0.4305406 0.3283769 0.3981730 0.3391399 0.3601818 0.3314944 0.0000000 
