40
Candida_glabrata                            0.0000000 0.1357221 0.1449227 0.1238427 0.0487766 0.1852070 0.0480953 0.0451781 0.1418569 0.1494554 0.7687439 0.1456775 0.1406770 0.1494642 0.1458233 0.1438232 0.1421645 0.1469392 0.1668656 0.1546175 0.1503555 0.1188763 0.1350502 0.1785080 0.1434722 0.1309440 0.1558095 0.1502345 0.1300411 0.1409876 0.1328055 0.1306816 0.1359925 0.1343227 0.1250457 0.1428993 0.1556908 0.1391005 0.1543132 0.1639576 
Kazachstania_africana                       0.1357221 0.0000000 0.1219690 0.1416771 0.1346278 0.1778795 0.1273751 0.1279430 0.1368831 0.1412148 0.7843770 0.1233727 0.1148796 0.1230993 0.1214776 0.1196080 0.1205764 0.1230556 0.1607781 0.1392432 0.1348514 0.0958432 0.1184481 0.1452653 0.1096316 0.1099794 0.1272907 0.1221252 0.0994697 0.1238059 0.0941942 0.0936001 0.1109185 0.1014272 0.0991459 0.1243304 0.1368739 0.1394366 0.1379628 0.1517976 
Kazachstania_naganishii                     0.1449227 0.1219690 0.0000000 0.1513741 0.1490468 0.1851467 0.1431946 0.1432435 0.1426827 0.1560531 0.7709461 0.1364552 0.1304406 0.1363015 0.1417759 0.1358337 0.1342889 0.1337540 0.1678946 0.1643108 0.1545490 0.1015576 0.0985180 0.1531080 0.1044538 0.0947061 0.1267065 0.1236066 0.1228335 0.1223381 0.1103557 0.1179354 0.0996777 0.1156990 0.0963714 0.1242196 0.1576174 0.1656238 0.1578649 0.1671939 
Nakaseomyces_bacillisporus                  0.1238427 0.1416771 0.1513741 0.0000000 0.1271555 0.1459977 0.1228053 0.1227932 0.1525352 0.1691524 0.7895003 0.1400483 0.1336784 0.1457280 0.1336586 0.1351526 0.1388238 0.1441523 0.1703643 0.1457823 0.1404168 0.1297724 0.1463300 0.1897925 0.1368039 0.1378063 0.1553393 0.1560355 0.1430652 0.1545645 0.1385610 0.1427486 0.1434090 0.1409956 0.1393573 0.1572374 0.1424098 0.1354594 0.1444644 0.1580657 
Nakaseomyces_bracarensis                    0.0487766 0.1346278 0.1490468 0.1271555 0.0000000 0.1759922 0.0324827 0.0168566 0.1358405 0.1406353 0.7451029 0.1374046 0.1286594 0.1325326 0.1380563 0.1358266 0.1303383 0.1323043 0.1618076 0.1497774 0.1497095 0.1133357 0.1356452 0.1728025 0.1344352 0.1277838 0.1509767 0.1441655 0.1360589 0.1426222 0.1279722 0.1273049 0.1348615 0.1318468 0.1243477 0.1474835 0.1486018 0.1362926 0.1499566 0.1592982 
Nakaseomyces_castellii                      0.1852070 0.1778795 0.1851467 0.1459977 0.1759922 0.0000000 0.1703895 0.1720111 0.1931647 0.1923979 0.8134664 0.1671923 0.1665235 0.1713540 0.1717291 0.1697180 0.1684296 0.1692708 0.2101065 0.2042788 0.1852418 0.1670883 0.1766098 0.2246412 0.1654689 0.1828493 0.2110504 0.2031271 0.1808927 0.1883635 0.1712427 0.1861420 0.1764071 0.1792669 0.1615512 0.1872405 0.2016958 0.1991818 0.2010557 0.1890536 
Nakaseomyces_delphensis                     0.0480953 0.1273751 0.1431946 0.1228053 0.0324827 0.1703895 0.0000000 0.0184086 0.1402154 0.1403559 0.7665267 0.1350297 0.1282404 0.1347510 0.1349750 0.1321853 0.1305176 0.1345175 0.1600374 0.1510157 0.1472652 0.1150124 0.1355097 0.1629570 0.1309398 0.1292361 0.1501255 0.1441487 0.1317220 0.1393792 0.1263008 0.1223010 0.1338834 0.1240348 0.1219004 0.1461024 0.1499135 0.1416339 0.1498849 0.1532524 
Nakaseomyces_nivariensis                    0.0451781 0.1279430 0.1432435 0.1227932 0.0168566 0.1720111 0.0184086 0.0000000 0.1334930 0.1313224 0.7536727 0.1359124 0.1299309 0.1344171 0.1389975 0.1360107 0.1322100 0.1341847 0.1573133 0.1471783 0.1433035 0.1106798 0.1317943 0.1651442 0.1321283 0.1243580 0.1494706 0.1360565 0.1301763 0.1406918 0.1261283 0.1182154 0.1313538 0.1237812 0.1216698 0.1460456 0.1472040 0.1344958 0.1468661 0.1527671 
Naumovozyma_castellii                       0.1418569 0.1368831 0.1426827 0.1525352 0.1358405 0.1931647 0.1402154 0.1334930 0.0000000 0.1075203 0.8076659 0.1368018 0.1340633 0.1443440 0.1412203 0.1378938 0.1379636 0.1420800 0.1480143 0.1542072 0.1359169 0.1073606 0.1192517 0.1749024 0.1159721 0.1166791 0.1433575 0.1331944 0.1306363 0.1323845 0.1221103 0.1055568 0.1175639 0.1398890 0.1089181 0.1358875 0.1507053 0.1433336 0.1523362 0.1476448 
Naumovozyma_dairenensis                     0.1494554 0.1412148 0.1560531 0.1691524 0.1406353 0.1923979 0.1403559 0.1313224 0.1075203 0.0000000 0.8048411 0.1545529 0.1500342 0.1561232 0.1599107 0.1512606 0.1536197 0.1550346 0.1715925 0.1682244 0.1594791 0.1269717 0.1464319 0.1830105 0.1352152 0.1463973 0.1632320 0.1719196 0.1538261 0.1515105 0.1432888 0.1222401 0.1456694 0.1471835 0.1350607 0.1517091 0.1655901 0.1601522 0.1667279 0.1693166 
Neurospora_crassa                           0.7687439 0.7843770 0.7709461 0.7895003 0.7451029 0.8134664 0.7665267 0.7536727 0.8076659 0.8048411 0.0000000 0.7753231 0.7740543 0.7747528 0.7853392 0.7777767 0.7771655 0.7684802 0.8062086 0.7811096 0.7759256 0.7864748 0.8142986 0.9446795 0.7594462 0.7951802 0.7859571 0.7803335 0.7790670 0.8151659 0.7904530 0.7817512 0.8114587 0.7746802 0.7618459 0.8166037 0.7696119 0.7702208 0.7722186 0.7777086 
Saccharomyces_arboricola                    0.1456775 0.1233727 0.1364552 0.1400483 0.1374046 0.1671923 0.1350297 0.1359124 0.1368018 0.1545529 0.7753231 0.0000000 0.0150952 0.0220496 0.0220508 0.0194333 0.0160539 0.0229520 0.1493391 0.1531805 0.1348223 0.1140130 0.1271130 0.1676238 0.1182804 0.1233080 0.1395684 0.1350666 0.1328905 0.1367423 0.1218434 0.1290904 0.1213762 0.1274677 0.1085585 0.1423750 0.1507550 0.1517513 0.1453357 0.1457337 
Saccharomyces_cerevisiae                    0.1406770 0.1148796 0.1304406 0.1336784 0.1286594 0.1665235 0.1282404 0.1299309 0.1340633 0.1500342 0.7740543 0.0150952 0.0000000 0.0185505 0.0185284 0.0116664 0.0074915 0.0194401 0.1462217 0.1503643 0.1286907 0.1103145 0.1252870 0.1643955 0.1163538 0.1211573 0.1338245 0.1310799 0.1297198 0.1404856 0.1196207 0.1279140 0.1202129 0.1214052 0.1085645 0.1443029 0.1485737 0.1477093 0.1432160 0.1446196 
Saccharomyces_eubayanus                     0.1494642 0.1230993 0.1363015 0.1457280 0.1325326 0.1713540 0.1347510 0.1344171 0.1443440 0.1561232 0.7747528 0.0220496 0.0185505 0.0000000 0.0273514 0.0229521 0.0212765 0.0066537 0.1528757 0.1561207 0.1413959 0.1180318 0.1314195 0.1715173 0.1200571 0.1266321 0.1448924 0.1334363 0.1378031 0.1480201 0.1250762 0.1319614 0.1262281 0.1300850 0.1150198 0.1503436 0.1513443 0.1567171 0.1459510 0.1496740 
Saccharomyces_kudriavzevii                  0.1458233 0.1214776 0.1417759 0.1336586 0.1380563 0.1717291 0.1349750 0.1389975 0.1412203 0.1599107 0.7853392 0.0220508 0.0185284 0.0273514 0.0000000 0.0224001 0.0212483 0.0282726 0.1498419 0.1612937 0.1394099 0.1198767 0.1292221 0.1745955 0.1231224 0.1235748 0.1433325 0.1375417 0.1377405 0.1502178 0.1246790 0.1332115 0.1262688 0.1325083 0.1153486 0.1500857 0.1570096 0.1603859 0.1542540 0.1523281 
Saccharomyces_mikatae                       0.1438232 0.1196080 0.1358337 0.1351526 0.1358266 0.1697180 0.1321853 0.1360107 0.1378938 0.1512606 0.7777767 0.0194333 0.0116664 0.0229521 0.0224001 0.0000000 0.0142954 0.0238589 0.1501692 0.1567915 0.1339543 0.1095485 0.1316828 0.1722213 0.1191644 0.1272802 0.1391489 0.1298882 0.1349875 0.1472489 0.1234716 0.1278886 0.1264833 0.1254756 0.1137772 0.1495746 0.1528700 0.1514944 0.1486863 0.1485861 
Saccharomyces_paradoxus                     0.1421645 0.1205764 0.1342889 0.1388238 0.1303383 0.1684296 0.1305176 0.1322100 0.1379636 0.1536197 0.7771655 0.0160539 0.0074915 0.0212765 0.0212483 0.0142954 0.0000000 0.0221805 0.1499627 0.1563040 0.1358904 0.1143105 0.1286712 0.1676613 0.1205967 0.1246001 0.1391565 0.1355611 0.1362390 0.1429085 0.1255826 0.1306350 0.1235124 0.1269189 0.1107149 0.1467873 0.1546105 0.1521448 0.1491626 0.1488838 
Saccharomyces_uvarum                        0.1469392 0.1230556 0.1337540 0.1441523 0.1323043 0.1692708 0.1345175 0.1341847 0.1420800 0.1550346 0.7684802 0.0229520 0.0194401 0.0066537 0.0282726 0.0238589 0.0221805 0.0000000 0.1512041 0.1584119 0.1391588 0.1168346 0.1307326 0.1743099 0.1197856 0.1271466 0.1431198 0.1332427 0.1394818 0.1508685 0.1244035 0.1311778 0.1255440 0.1290520 0.1141965 0.1521935 0.1546765 0.1580479 0.1492334 0.1514347 
Tetrapisispora_blattae                      0.1668656 0.1607781 0.1678946 0.1703643 0.1618076 0.2101065 0.1600374 0.1573133 0.1480143 0.1715925 0.8062086 0.1493391 0.1462217 0.1528757 0.1498419 0.1501692 0.1499627 0.1512041 0.0000000 0.1603660 0.1450593 0.1474264 0.1550869 0.1876634 0.1506902 0.1530447 0.1701270 0.1716724 0.1537190 0.1689461 0.1482683 0.1504062 0.1610266 0.1535457 0.1488476 0.1654339 0.1570329 0.1577978 0.1557829 0.0890885 
Tetrapisispora_phaffii                      0.1546175 0.1392432 0.1643108 0.1457823 0.1497774 0.2042788 0.1510157 0.1471783 0.1542072 0.1682244 0.7811096 0.1531805 0.1503643 0.1561207 0.1612937 0.1567915 0.1563040 0.1584119 0.1603660 0.0000000 0.1150915 0.1351941 0.1451433 0.1704496 0.1463105 0.1407589 0.1565928 0.1580678 0.1484459 0.1539980 0.1369975 0.1399720 0.1432944 0.1456154 0.1374715 0.1587937 0.0254331 0.0418621 0.0210091 0.1548987 
Vanderwaltozyma_polyspora                   0.1503555 0.1348514 0.1545490 0.1404168 0.1497095 0.1852418 0.1472652 0.1433035 0.1359169 0.1594791 0.7759256 0.1348223 0.1286907 0.1413959 0.1394099 0.1339543 0.1358904 0.1391588 0.1450593 0.1150915 0.0000000 0.1235102 0.1384372 0.1741686 0.1325909 0.1296208 0.1554150 0.1427026 0.1286429 0.1444061 0.1215094 0.1342135 0.1322466 0.1346812 0.1214097 0.1478759 0.1097260 0.1062026 0.1084425 0.1472120 
yHAB132_Kazachstania_martiniae              0.1188763 0.0958432 0.1015576 0.1297724 0.1133357 0.1670883 0.1150124 0.1106798 0.1073606 0.1269717 0.7864748 0.1140130 0.1103145 0.1180318 0.1198767 0.1095485 0.1143105 0.1168346 0.1474264 0.1351941 0.1235102 0.0000000 0.0890183 0.1367073 0.0819535 0.0873388 0.1127117 0.0965262 0.0953130 0.1053405 0.0828412 0.0844381 0.0867217 0.1003575 0.0743237 0.1087461 0.1311729 0.1263778 0.1311159 0.1409962 
yHAB133_Kazachstania_unispora               0.1350502 0.1184481 0.0985180 0.1463300 0.1356452 0.1766098 0.1355097 0.1317943 0.1192517 0.1464319 0.8142986 0.1271130 0.1252870 0.1314195 0.1292221 0.1316828 0.1286712 0.1307326 0.1550869 0.1451433 0.1384372 0.0890183 0.0000000 0.1365753 0.0821630 0.0307562 0.0875657 0.1216065 0.1122644 0.0891183 0.1071422 0.1004473 0.0234359 0.1154377 0.0240280 0.0912628 0.1453099 0.1534647 0.1464971 0.1467220 
yHAB134_Kazachstania_turicensis             0.1785080 0.1452653 0.1531080 0.1897925 0.1728025 0.2246412 0.1629570 0.1651442 0.1749024 0.1830105 0.9446795 0.1676238 0.1643955 0.1715173 0.1745955 0.1722213 0.1676613 0.1743099 0.1876634 0.1704496 0.1741686 0.1367073 0.1365753 0.0000000 0.1441458 0.1382151 0.1504526 0.1683145 0.1152764 0.1551899 0.1089293 0.1339141 0.1381959 0.0760163 0.1323048 0.1573155 0.1700424 0.1750762 0.1664593 0.1741642 
yHAB136_Kazachstania_bromeliacearum         0.1434722 0.1096316 0.1044538 0.1368039 0.1344352 0.1654689 0.1309398 0.1321283 0.1159721 0.1352152 0.7594462 0.1182804 0.1163538 0.1200571 0.1231224 0.1191644 0.1205967 0.1197856 0.1506902 0.1463105 0.1325909 0.0819535 0.0821630 0.1441458 0.0000000 0.0778549 0.1021692 0.1122939 0.1058982 0.1027418 0.0929061 0.0906782 0.0805685 0.1023187 0.0766622 0.1074564 0.1410013 0.1439414 0.1419526 0.1507346 
yHAB143_Kazachstania_siamensis              0.1309440 0.1099794 0.0947061 0.1378063 0.1277838 0.1828493 0.1292361 0.1243580 0.1166791 0.1463973 0.7951802 0.1233080 0.1211573 0.1266321 0.1235748 0.1272802 0.1246001 0.1271466 0.1530447 0.1407589 0.1296208 0.0873388 0.0307562 0.1382151 0.0778549 0.0000000 0.0877786 0.1127926 0.1087051 0.0858509 0.0963993 0.0927203 0.0331935 0.1093739 0.0317791 0.0871079 0.1396318 0.1444665 0.1431601 0.1475685 
yHAB147_Kazachstania_taianensis             0.1558095 0.1272907 0.1267065 0.1553393 0.1509767 0.2110504 0.1501255 0.1494706 0.1433575 0.1632320 0.7859571 0.1395684 0.1338245 0.1448924 0.1433325 0.1391489 0.1391565 0.1431198 0.1701270 0.1565928 0.1554150 0.1127117 0.0875657 0.1504526 0.1021692 0.0877786 0.0000000 0.1325580 0.1235870 0.1131876 0.1122437 0.1136526 0.0822306 0.1298800 0.0884206 0.1128737 0.1552595 0.1599590 0.1567718 0.1584993 
yHAB148_Kazachstania_intestinalis           0.1502345 0.1221252 0.1236066 0.1560355 0.1441655 0.2031271 0.1441487 0.1360565 0.1331944 0.1719196 0.7803335 0.1350666 0.1310799 0.1334363 0.1375417 0.1298882 0.1355611 0.1332427 0.1716724 0.1580678 0.1427026 0.0965262 0.1216065 0.1683145 0.1122939 0.1127926 0.1325580 0.0000000 0.1286526 0.1323616 0.1150406 0.1072982 0.1220330 0.1272465 0.1098784 0.1346687 0.1494763 0.1581902 0.1524028 0.1708068 
yHAB153_Kazachstania_rosinii                0.1300411 0.0994697 0.1228335 0.1430652 0.1360589 0.1808927 0.1317220 0.1301763 0.1306363 0.1538261 0.7790670 0.1328905 0.1297198 0.1378031 0.1377405 0.1349875 0.1362390 0.1394818 0.1537190 0.1484459 0.1286429 0.0953130 0.1122644 0.1152764 0.1058982 0.1087051 0.1235870 0.1286526 0.0000000 0.1250001 0.0656162 0.0915722 0.1078436 0.0787605 0.0958915 0.1261738 0.1445095 0.1510789 0.1453979 0.1446584 
yHAB154_Kazachstania_transvaalensis         0.1409876 0.1238059 0.1223381 0.1545645 0.1426222 0.1883635 0.1393792 0.1406918 0.1323845 0.1515105 0.8151659 0.1367423 0.1404856 0.1480201 0.1502178 0.1472489 0.1429085 0.1508685 0.1689461 0.1539980 0.1444061 0.1053405 0.0891183 0.1551899 0.1027418 0.0858509 0.1131876 0.1323616 0.1250001 0.0000000 0.1132438 0.1141812 0.0895956 0.1280965 0.0834843 0.0167219 0.1561910 0.1515692 0.1557951 0.1593663 
yHAB155_Kazachstania_spencerorum            0.1328055 0.0941942 0.1103557 0.1385610 0.1279722 0.1712427 0.1263008 0.1261283 0.1221103 0.1432888 0.7904530 0.1218434 0.1196207 0.1250762 0.1246790 0.1234716 0.1255826 0.1244035 0.1482683 0.1369975 0.1215094 0.0828412 0.1071422 0.1089293 0.0929061 0.0963993 0.1122437 0.1150406 0.0656162 0.1132438 0.0000000 0.0826531 0.1003469 0.0678306 0.0907925 0.1127485 0.1318389 0.1382474 0.1338568 0.1439113 
yHAB158_Kazachstania_viticola               0.1306816 0.0936001 0.1179354 0.1427486 0.1273049 0.1861420 0.1223010 0.1182154 0.1055568 0.1222401 0.7817512 0.1290904 0.1279140 0.1319614 0.1332115 0.1278886 0.1306350 0.1311778 0.1504062 0.1399720 0.1342135 0.0844381 0.1004473 0.1339141 0.0906782 0.0927203 0.1136526 0.1072982 0.0915722 0.1141812 0.0826531 0.0000000 0.0968157 0.0926615 0.0888188 0.1189340 0.1385840 0.1347676 0.1409715 0.1532457 
yHAB159_Kazachstania_solicola               0.1359925 0.1109185 0.0996777 0.1434090 0.1348615 0.1764071 0.1338834 0.1313538 0.1175639 0.1456694 0.8114587 0.1213762 0.1202129 0.1262281 0.1262688 0.1264833 0.1235124 0.1255440 0.1610266 0.1432944 0.1322466 0.0867217 0.0234359 0.1381959 0.0805685 0.0331935 0.0822306 0.1220330 0.1078436 0.0895956 0.1003469 0.0968157 0.0000000 0.1117217 0.0026747 0.0946991 0.1440915 0.1501968 0.1443842 0.1407100 
yHAB160_Kazachstania_kunashirensis          0.1343227 0.1014272 0.1156990 0.1409956 0.1318468 0.1792669 0.1240348 0.1237812 0.1398890 0.1471835 0.7746802 0.1274677 0.1214052 0.1300850 0.1325083 0.1254756 0.1269189 0.1290520 0.1535457 0.1456154 0.1346812 0.1003575 0.1154377 0.0760163 0.1023187 0.1093739 0.1298800 0.1272465 0.0787605 0.1280965 0.0678306 0.0926615 0.1117217 0.0000000 0.1042131 0.1278919 0.1431112 0.1466368 0.1409230 0.1417012 
yHAB164_Kazachstania_aerobia                0.1250457 0.0991459 0.0963714 0.1393573 0.1243477 0.1615512 0.1219004 0.1216698 0.1089181 0.1350607 0.7618459 0.1085585 0.1085645 0.1150198 0.1153486 0.1137772 0.1107149 0.1141965 0.1488476 0.1374715 0.1214097 0.0743237 0.0240280 0.1323048 0.0766622 0.0317791 0.0884206 0.1098784 0.0958915 0.0834843 0.0907925 0.0888188 0.0026747 0.1042131 0.0000000 0.0874933 0.1371014 0.1376944 0.1374218 0.1198736 
yHAB166_Kazachstania_yakushimaensis         0.1428993 0.1243304 0.1242196 0.1572374 0.1474835 0.1872405 0.1461024 0.1460456 0.1358875 0.1517091 0.8166037 0.1423750 0.1443029 0.1503436 0.1500857 0.1495746 0.1467873 0.1521935 0.1654339 0.1587937 0.1478759 0.1087461 0.0912628 0.1573155 0.1074564 0.0871079 0.1128737 0.1346687 0.1261738 0.0167219 0.1127485 0.1189340 0.0946991 0.1278919 0.0874933 0.0000000 0.1604061 0.1556294 0.1613666 0.1623868 
yHMPu5000034875_Tetrapisispora_fleetii      0.1556908 0.1368739 0.1576174 0.1424098 0.1486018 0.2016958 0.1499135 0.1472040 0.1507053 0.1655901 0.7696119 0.1507550 0.1485737 0.1513443 0.1570096 0.1528700 0.1546105 0.1546765 0.1570329 0.0254331 0.1097260 0.1311729 0.1453099 0.1700424 0.1410013 0.1396318 0.1552595 0.1494763 0.1445095 0.1561910 0.1318389 0.1385840 0.1440915 0.1431112 0.1371014 0.1604061 0.0000000 0.0456264 0.0116198 0.1507634 
yHMPu5000034876_Tetrapisispora_iriomotensis 0.1391005 0.1394366 0.1656238 0.1354594 0.1362926 0.1991818 0.1416339 0.1344958 0.1433336 0.1601522 0.7702208 0.1517513 0.1477093 0.1567171 0.1603859 0.1514944 0.1521448 0.1580479 0.1577978 0.0418621 0.1062026 0.1263778 0.1534647 0.1750762 0.1439414 0.1444665 0.1599590 0.1581902 0.1510789 0.1515692 0.1382474 0.1347676 0.1501968 0.1466368 0.1376944 0.1556294 0.0456264 0.0000000 0.0427715 0.1542328 
yHMPu5000034877_Tetrapisispora_namnaonensis 0.1543132 0.1379628 0.1578649 0.1444644 0.1499566 0.2010557 0.1498849 0.1468661 0.1523362 0.1667279 0.7722186 0.1453357 0.1432160 0.1459510 0.1542540 0.1486863 0.1491626 0.1492334 0.1557829 0.0210091 0.1084425 0.1311159 0.1464971 0.1664593 0.1419526 0.1431601 0.1567718 0.1524028 0.1453979 0.1557951 0.1338568 0.1409715 0.1443842 0.1409230 0.1374218 0.1613666 0.0116198 0.0427715 0.0000000 0.1475014 
yHMPu5000035629_Yueomyces_sinensis          0.1639576 0.1517976 0.1671939 0.1580657 0.1592982 0.1890536 0.1532524 0.1527671 0.1476448 0.1693166 0.7777086 0.1457337 0.1446196 0.1496740 0.1523281 0.1485861 0.1488838 0.1514347 0.0890885 0.1548987 0.1472120 0.1409962 0.1467220 0.1741642 0.1507346 0.1475685 0.1584993 0.1708068 0.1446584 0.1593663 0.1439113 0.1532457 0.1407100 0.1417012 0.1198736 0.1623868 0.1507634 0.1542328 0.1475014 0.0000000 
