40
Candida_glabrata                            0.0000000 0.1537280 0.1373810 0.1397923 0.0578399 0.1814497 0.0650817 0.0582104 0.1320014 0.1392027 0.4677506 0.1332931 0.1213466 0.1341959 0.1264989 0.1249649 0.1209775 0.1279262 0.1873419 0.1815414 0.1900812 0.1380630 0.1320562 0.1777333 0.1382169 0.1278744 0.1339297 0.1657353 0.1276053 0.2005360 0.1380784 0.1459576 0.1478352 0.1737923 0.1520612 0.2044918 0.1907952 0.1816581 0.1868541 0.1513370 
Kazachstania_africana                       0.1537280 0.0000000 0.1625373 0.1860556 0.1536053 0.2119042 0.1415511 0.1393036 0.1498910 0.1574679 0.4779711 0.1755818 0.1600759 0.1811428 0.1727713 0.1695775 0.1650605 0.1777580 0.2091546 0.2182093 0.2123783 0.1483871 0.1363690 0.1673518 0.1354381 0.1424751 0.1509119 0.1955107 0.1327638 0.2259808 0.1660959 0.1577739 0.1399912 0.1869144 0.1386844 0.2139885 0.2302707 0.2177699 0.2124820 0.2025135 
Kazachstania_naganishii                     0.1373810 0.1625373 0.0000000 0.1602795 0.1341531 0.1856578 0.1389472 0.1356030 0.1467672 0.1320126 0.4852799 0.1358001 0.1338358 0.1413783 0.1370785 0.1335698 0.1302359 0.1415971 0.1973831 0.2397781 0.2195163 0.1363090 0.1158755 0.1766768 0.1103920 0.1129091 0.1076110 0.1669606 0.1424511 0.1693001 0.1468554 0.1425524 0.1174237 0.1901608 0.1234347 0.1673488 0.2330473 0.2161611 0.2280506 0.1854541 
Nakaseomyces_bacillisporus                  0.1397923 0.1860556 0.1602795 0.0000000 0.1278921 0.1706143 0.1266096 0.1261348 0.1576277 0.1601431 0.4539018 0.1439906 0.1346939 0.1454926 0.1407034 0.1425225 0.1341207 0.1459112 0.2008274 0.2338825 0.2104115 0.1562233 0.1316739 0.1946212 0.1428666 0.1329250 0.1505548 0.1711419 0.1457509 0.2045880 0.1549520 0.1772033 0.1382200 0.1958048 0.1370234 0.1877028 0.2289894 0.2230951 0.2216124 0.2144179 
Nakaseomyces_bracarensis                    0.0578399 0.1536053 0.1341531 0.1278921 0.0000000 0.1680957 0.0408198 0.0308984 0.1264106 0.1314719 0.4603065 0.1248755 0.1087448 0.1197217 0.1162645 0.1186235 0.1155892 0.1200673 0.1755851 0.2008467 0.1913133 0.1295460 0.1302339 0.1642232 0.1393368 0.1147149 0.1313863 0.1683870 0.1350310 0.1981072 0.1360186 0.1504574 0.1288414 0.1630172 0.1329050 0.1877949 0.2242777 0.2011847 0.2053334 0.1643909 
Nakaseomyces_castellii                      0.1814497 0.2119042 0.1856578 0.1706143 0.1680957 0.0000000 0.1669702 0.1697443 0.1990299 0.2044483 0.5073133 0.2200014 0.2014707 0.2113156 0.2124538 0.2080936 0.2029894 0.2156043 0.2295078 0.2549399 0.2138441 0.1709430 0.1702378 0.2172353 0.1856218 0.1769587 0.1820297 0.2287837 0.1686822 0.1970016 0.1963934 0.2140574 0.1750792 0.2373129 0.1721730 0.2172633 0.2592593 0.2452504 0.2522696 0.2254083 
Nakaseomyces_delphensis                     0.0650817 0.1415511 0.1389472 0.1266096 0.0408198 0.1669702 0.0000000 0.0318230 0.1297120 0.1282944 0.4556462 0.1376172 0.1218467 0.1298629 0.1231715 0.1280633 0.1228773 0.1269376 0.1827137 0.1953744 0.1919208 0.1238193 0.1243863 0.1656159 0.1316924 0.1220679 0.1339901 0.1677964 0.1307054 0.1985159 0.1452407 0.1503404 0.1319145 0.1628628 0.1358496 0.1863951 0.2162318 0.2077416 0.1920061 0.1653133 
Nakaseomyces_nivariensis                    0.0582104 0.1393036 0.1356030 0.1261348 0.0308984 0.1697443 0.0318230 0.0000000 0.1277679 0.1359218 0.4657973 0.1250573 0.1090116 0.1161889 0.1127922 0.1179245 0.1133923 0.1160713 0.1805221 0.2071028 0.1978647 0.1314685 0.1305624 0.1674814 0.1344423 0.1169022 0.1348557 0.1702529 0.1292541 0.1929834 0.1411180 0.1563487 0.1373978 0.1698776 0.1414853 0.1869782 0.2255586 0.2102367 0.1995495 0.1561247 
Naumovozyma_castellii                       0.1320014 0.1498910 0.1467672 0.1576277 0.1264106 0.1990299 0.1297120 0.1277679 0.0000000 0.1210889 0.4852414 0.1304686 0.1305382 0.1468154 0.1370460 0.1306545 0.1285994 0.1383822 0.1982352 0.1850524 0.1898051 0.1315451 0.1381456 0.1299199 0.1201248 0.1554905 0.1369995 0.1742378 0.1102760 0.2007453 0.1292501 0.1428153 0.1463087 0.1324358 0.1443555 0.1985973 0.1964971 0.1827522 0.1853372 0.1686870 
Naumovozyma_dairenensis                     0.1392027 0.1574679 0.1320126 0.1601431 0.1314719 0.2044483 0.1282944 0.1359218 0.1210889 0.0000000 0.4396209 0.1689703 0.1620939 0.1721179 0.1774402 0.1690097 0.1677311 0.1704185 0.1838970 0.2167018 0.2272148 0.1358427 0.1419185 0.1607021 0.1376848 0.1433452 0.1294779 0.1855807 0.1458493 0.2122375 0.1642674 0.1596622 0.1558446 0.1797388 0.1523411 0.1977405 0.2391625 0.2131526 0.2138111 0.1803291 
Neurospora_crassa                           0.4677506 0.4779711 0.4852799 0.4539018 0.4603065 0.5073133 0.4556462 0.4657973 0.4852414 0.4396209 0.0000000 0.4921404 0.4823792 0.4804901 0.4796680 0.4893515 0.4806398 0.4986570 0.4873352 0.4926162 0.4905662 0.4754321 0.4567663 0.4618706 0.4816248 0.4779480 0.4704304 0.4703298 0.4669660 0.4992638 0.4947888 0.4452042 0.4823986 0.4919881 0.4758945 0.4876547 0.5260007 0.5002011 0.5149417 0.4998338 
Saccharomyces_arboricola                    0.1332931 0.1755818 0.1358001 0.1439906 0.1248755 0.2200014 0.1376172 0.1250573 0.1304686 0.1689703 0.4921404 0.0000000 0.0326385 0.0431567 0.0317922 0.0429352 0.0290036 0.0399943 0.1982802 0.2039202 0.2014927 0.1439505 0.1455599 0.1702906 0.1479906 0.1553393 0.1547238 0.1733254 0.1351222 0.2197507 0.1356072 0.1493633 0.1543426 0.1716012 0.1564547 0.2175462 0.2209241 0.2070654 0.2138647 0.1844494 
Saccharomyces_cerevisiae                    0.1213466 0.1600759 0.1338358 0.1346939 0.1087448 0.2014707 0.1218467 0.1090116 0.1305382 0.1620939 0.4823792 0.0326385 0.0000000 0.0344409 0.0203388 0.0313733 0.0128582 0.0334411 0.1814010 0.2016847 0.1898852 0.1265949 0.1285754 0.1611286 0.1382895 0.1311267 0.1488442 0.1702265 0.1279438 0.2144868 0.1263733 0.1435174 0.1398837 0.1731251 0.1386453 0.2091710 0.2192386 0.1983094 0.2011860 0.1894422 
Saccharomyces_eubayanus                     0.1341959 0.1811428 0.1413783 0.1454926 0.1197217 0.2113156 0.1298629 0.1161889 0.1468154 0.1721179 0.4804901 0.0431567 0.0344409 0.0000000 0.0392111 0.0460405 0.0384284 0.0154475 0.1891026 0.2120438 0.2062224 0.1418727 0.1362906 0.1758310 0.1477794 0.1301151 0.1507569 0.1797708 0.1421876 0.2030614 0.1469379 0.1495443 0.1441362 0.1849842 0.1515453 0.2028290 0.2166223 0.2080552 0.2133031 0.2032263 
Saccharomyces_kudriavzevii                  0.1264989 0.1727713 0.1370785 0.1407034 0.1162645 0.2124538 0.1231715 0.1127922 0.1370460 0.1774402 0.4796680 0.0317922 0.0203388 0.0392111 0.0000000 0.0380267 0.0190833 0.0357613 0.1946625 0.2016518 0.1886935 0.1406402 0.1368084 0.1721622 0.1504416 0.1491357 0.1533262 0.1748363 0.1336908 0.2184773 0.1401566 0.1497715 0.1525235 0.1823935 0.1546770 0.2207477 0.2241065 0.2049240 0.2108552 0.1968585 
Saccharomyces_mikatae                       0.1249649 0.1695775 0.1335698 0.1425225 0.1186235 0.2080936 0.1280633 0.1179245 0.1306545 0.1690097 0.4893515 0.0429352 0.0313733 0.0460405 0.0380267 0.0000000 0.0278902 0.0446470 0.1805718 0.2067989 0.1904350 0.1377277 0.1323770 0.1682406 0.1436158 0.1447607 0.1598542 0.1727553 0.1366392 0.2175881 0.1374546 0.1467922 0.1462357 0.1667980 0.1474454 0.2144768 0.2238924 0.2008989 0.2126473 0.1905130 
Saccharomyces_paradoxus                     0.1209775 0.1650605 0.1302359 0.1341207 0.1155892 0.2029894 0.1228773 0.1133923 0.1285994 0.1677311 0.4806398 0.0290036 0.0128582 0.0384284 0.0190833 0.0278902 0.0000000 0.0335515 0.1836431 0.1969649 0.1887992 0.1307470 0.1262772 0.1604103 0.1371742 0.1322946 0.1531684 0.1690814 0.1231536 0.2146461 0.1289076 0.1443192 0.1374800 0.1722727 0.1397338 0.2095205 0.2134313 0.1945922 0.2031445 0.1863033 
Saccharomyces_uvarum                        0.1279262 0.1777580 0.1415971 0.1459112 0.1200673 0.2156043 0.1269376 0.1160713 0.1383822 0.1704185 0.4986570 0.0399943 0.0334411 0.0154475 0.0357613 0.0446470 0.0335515 0.0000000 0.1869163 0.2049463 0.2026360 0.1455975 0.1385538 0.1741181 0.1401205 0.1357780 0.1520157 0.1806911 0.1396794 0.2158156 0.1453122 0.1494078 0.1483135 0.1823871 0.1531045 0.2104627 0.2192336 0.2078749 0.2156961 0.2061489 
Tetrapisispora_blattae                      0.1873419 0.2091546 0.1973831 0.2008274 0.1755851 0.2295078 0.1827137 0.1805221 0.1982352 0.1838970 0.4873352 0.1982802 0.1814010 0.1891026 0.1946625 0.1805718 0.1836431 0.1869163 0.0000000 0.2507362 0.2296891 0.1820902 0.1611903 0.2172798 0.1825350 0.1706801 0.1915775 0.2331940 0.1967192 0.2233477 0.1798890 0.2105017 0.1678829 0.2198847 0.1626906 0.2212651 0.2520487 0.2586455 0.2333727 0.1480767 
Tetrapisispora_phaffii                      0.1815414 0.2182093 0.2397781 0.2338825 0.2008467 0.2549399 0.1953744 0.2071028 0.1850524 0.2167018 0.4926162 0.2039202 0.2016847 0.2120438 0.2016518 0.2067989 0.1969649 0.2049463 0.2507362 0.0000000 0.1619188 0.1937247 0.2029548 0.1968159 0.1992927 0.1992439 0.2140931 0.1982519 0.1791493 0.2390776 0.1898968 0.2007570 0.2115217 0.1980001 0.2150172 0.2435271 0.0611861 0.0927890 0.0579545 0.2241421 
Vanderwaltozyma_polyspora                   0.1900812 0.2123783 0.2195163 0.2104115 0.1913133 0.2138441 0.1919208 0.1978647 0.1898051 0.2272148 0.4905662 0.2014927 0.1898852 0.2062224 0.1886935 0.1904350 0.1887992 0.2026360 0.2296891 0.1619188 0.0000000 0.1945985 0.1934295 0.2077886 0.2020681 0.1934934 0.2096579 0.2024120 0.1921715 0.2367169 0.2039965 0.1953611 0.1959795 0.2067088 0.1904499 0.2495178 0.1575924 0.1578834 0.1452122 0.2275792 
yHAB132_Kazachstania_martiniae              0.1380630 0.1483871 0.1363090 0.1562233 0.1295460 0.1709430 0.1238193 0.1314685 0.1315451 0.1358427 0.4754321 0.1439505 0.1265949 0.1418727 0.1406402 0.1377277 0.1307470 0.1455975 0.1820902 0.1937247 0.1945985 0.0000000 0.1267011 0.1601499 0.1344827 0.1224058 0.1519220 0.1682029 0.1154671 0.1930364 0.1349873 0.1473888 0.1212982 0.1598818 0.1221180 0.1828000 0.2048964 0.1914387 0.1893335 0.1828888 
yHAB133_Kazachstania_unispora               0.1320562 0.1363690 0.1158755 0.1316739 0.1302339 0.1702378 0.1243863 0.1305624 0.1381456 0.1419185 0.4567663 0.1455599 0.1285754 0.1362906 0.1368084 0.1323770 0.1262772 0.1385538 0.1611903 0.2029548 0.1934295 0.1267011 0.0000000 0.1552562 0.0990372 0.0495926 0.0840466 0.1678950 0.1219839 0.1536750 0.1368899 0.1396832 0.0332309 0.1803690 0.0368878 0.1462518 0.2112151 0.1906065 0.1968053 0.1552902 
yHAB134_Kazachstania_turicensis             0.1777333 0.1673518 0.1766768 0.1946212 0.1642232 0.2172353 0.1656159 0.1674814 0.1299199 0.1607021 0.4618706 0.1702906 0.1611286 0.1758310 0.1721622 0.1682406 0.1604103 0.1741181 0.2172798 0.1968159 0.2077886 0.1601499 0.1552562 0.0000000 0.1755967 0.1666380 0.1810252 0.2039136 0.1243565 0.2203384 0.1406571 0.1598719 0.1584667 0.1227983 0.1620727 0.2149305 0.2158405 0.1973011 0.1985683 0.2169625 
yHAB136_Kazachstania_bromeliacearum         0.1382169 0.1354381 0.1103920 0.1428666 0.1393368 0.1856218 0.1316924 0.1344423 0.1201248 0.1376848 0.4816248 0.1479906 0.1382895 0.1477794 0.1504416 0.1436158 0.1371742 0.1401205 0.1825350 0.1992927 0.2020681 0.1344827 0.0990372 0.1755967 0.0000000 0.0950112 0.0925991 0.1727975 0.1241531 0.1737098 0.1517041 0.1458179 0.1024132 0.1864978 0.1087872 0.1582819 0.2109193 0.1985253 0.2034067 0.1835417 
yHAB143_Kazachstania_siamensis              0.1278744 0.1424751 0.1129091 0.1329250 0.1147149 0.1769587 0.1220679 0.1169022 0.1554905 0.1433452 0.4779480 0.1553393 0.1311267 0.1301151 0.1491357 0.1447607 0.1322946 0.1357780 0.1706801 0.1992439 0.1934934 0.1224058 0.0495926 0.1666380 0.0950112 0.0000000 0.0892662 0.1804580 0.1172057 0.1596687 0.1434851 0.1469431 0.0444565 0.1853797 0.0511426 0.1474047 0.2069733 0.2005358 0.1950699 0.1572387 
yHAB147_Kazachstania_taianensis             0.1339297 0.1509119 0.1076110 0.1505548 0.1313863 0.1820297 0.1339901 0.1348557 0.1369995 0.1294779 0.4704304 0.1547238 0.1488442 0.1507569 0.1533262 0.1598542 0.1531684 0.1520157 0.1915775 0.2140931 0.2096579 0.1519220 0.0840466 0.1810252 0.0925991 0.0892662 0.0000000 0.1815594 0.1308614 0.1715436 0.1502168 0.1701985 0.0957101 0.1882004 0.0986024 0.1556096 0.2316404 0.2115121 0.2137595 0.1652523 
yHAB148_Kazachstania_intestinalis           0.1657353 0.1955107 0.1669606 0.1711419 0.1683870 0.2287837 0.1677964 0.1702529 0.1742378 0.1855807 0.4703298 0.1733254 0.1702265 0.1797708 0.1748363 0.1727553 0.1690814 0.1806911 0.2331940 0.1982519 0.2024120 0.1682029 0.1678950 0.2039136 0.1727975 0.1804580 0.1815594 0.0000000 0.1522380 0.2105692 0.1617411 0.1741488 0.1818006 0.1967711 0.1788732 0.2221292 0.2024207 0.2050521 0.1973948 0.2267625 
yHAB153_Kazachstania_rosinii                0.1276053 0.1327638 0.1424511 0.1457509 0.1350310 0.1686822 0.1307054 0.1292541 0.1102760 0.1458493 0.4669660 0.1351222 0.1279438 0.1421876 0.1336908 0.1366392 0.1231536 0.1396794 0.1967192 0.1791493 0.1921715 0.1154671 0.1219839 0.1243565 0.1241531 0.1172057 0.1308614 0.1522380 0.0000000 0.1817715 0.1039485 0.1353324 0.1149146 0.1253629 0.1182397 0.1886209 0.1968426 0.1682808 0.1810206 0.1657047 
yHAB154_Kazachstania_transvaalensis         0.2005360 0.2259808 0.1693001 0.2045880 0.1981072 0.1970016 0.1985159 0.1929834 0.2007453 0.2122375 0.4992638 0.2197507 0.2144868 0.2030614 0.2184773 0.2175881 0.2146461 0.2158156 0.2233477 0.2390776 0.2367169 0.1930364 0.1536750 0.2203384 0.1737098 0.1596687 0.1715436 0.2105692 0.1817715 0.0000000 0.2104335 0.1932678 0.1652364 0.2319492 0.1736272 0.0654430 0.2257567 0.2345128 0.2201231 0.2280468 
yHAB155_Kazachstania_spencerorum            0.1380784 0.1660959 0.1468554 0.1549520 0.1360186 0.1963934 0.1452407 0.1411180 0.1292501 0.1642674 0.4947888 0.1356072 0.1263733 0.1469379 0.1401566 0.1374546 0.1289076 0.1453122 0.1798890 0.1898968 0.2039965 0.1349873 0.1368899 0.1406571 0.1517041 0.1434851 0.1502168 0.1617411 0.1039485 0.2104335 0.0000000 0.1424735 0.1462906 0.1427219 0.1433113 0.1974810 0.1994463 0.1833220 0.1789758 0.1636312 
yHAB158_Kazachstania_viticola               0.1459576 0.1577739 0.1425524 0.1772033 0.1504574 0.2140574 0.1503404 0.1563487 0.1428153 0.1596622 0.4452042 0.1493633 0.1435174 0.1495443 0.1497715 0.1467922 0.1443192 0.1494078 0.2105017 0.2007570 0.1953611 0.1473888 0.1396832 0.1598719 0.1458179 0.1469431 0.1701985 0.1741488 0.1353324 0.1932678 0.1424735 0.0000000 0.1491971 0.1791433 0.1509298 0.1811997 0.2155667 0.1877168 0.2103610 0.2035057 
yHAB159_Kazachstania_solicola               0.1478352 0.1399912 0.1174237 0.1382200 0.1288414 0.1750792 0.1319145 0.1373978 0.1463087 0.1558446 0.4823986 0.1543426 0.1398837 0.1441362 0.1525235 0.1462357 0.1374800 0.1483135 0.1678829 0.2115217 0.1959795 0.1212982 0.0332309 0.1584667 0.1024132 0.0444565 0.0957101 0.1818006 0.1149146 0.1652364 0.1462906 0.1491971 0.0000000 0.1830394 0.0080063 0.1594656 0.2144230 0.2004392 0.1995635 0.1749442 
yHAB160_Kazachstania_kunashirensis          0.1737923 0.1869144 0.1901608 0.1958048 0.1630172 0.2373129 0.1628628 0.1698776 0.1324358 0.1797388 0.4919881 0.1716012 0.1731251 0.1849842 0.1823935 0.1667980 0.1722727 0.1823871 0.2198847 0.1980001 0.2067088 0.1598818 0.1803690 0.1227983 0.1864978 0.1853797 0.1882004 0.1967711 0.1253629 0.2319492 0.1427219 0.1791433 0.1830394 0.0000000 0.1816743 0.2271332 0.2294959 0.2029621 0.2056897 0.2189873 
yHAB164_Kazachstania_aerobia                0.1520612 0.1386844 0.1234347 0.1370234 0.1329050 0.1721730 0.1358496 0.1414853 0.1443555 0.1523411 0.4758945 0.1564547 0.1386453 0.1515453 0.1546770 0.1474454 0.1397338 0.1531045 0.1626906 0.2150172 0.1904499 0.1221180 0.0368878 0.1620727 0.1087872 0.0511426 0.0986024 0.1788732 0.1182397 0.1736272 0.1433113 0.1509298 0.0080063 0.1816743 0.0000000 0.1682110 0.2168871 0.2017256 0.1981517 0.1747179 
yHAB166_Kazachstania_yakushimaensis         0.2044918 0.2139885 0.1673488 0.1877028 0.1877949 0.2172633 0.1863951 0.1869782 0.1985973 0.1977405 0.4876547 0.2175462 0.2091710 0.2028290 0.2207477 0.2144768 0.2095205 0.2104627 0.2212651 0.2435271 0.2495178 0.1828000 0.1462518 0.2149305 0.1582819 0.1474047 0.1556096 0.2221292 0.1886209 0.0654430 0.1974810 0.1811997 0.1594656 0.2271332 0.1682110 0.0000000 0.2448050 0.2294618 0.2347591 0.2251125 
yHMPu5000034875_Tetrapisispora_fleetii      0.1907952 0.2302707 0.2330473 0.2289894 0.2242777 0.2592593 0.2162318 0.2255586 0.1964971 0.2391625 0.5260007 0.2209241 0.2192386 0.2166223 0.2241065 0.2238924 0.2134313 0.2192336 0.2520487 0.0611861 0.1575924 0.2048964 0.2112151 0.2158405 0.2109193 0.2069733 0.2316404 0.2024207 0.1968426 0.2257567 0.1994463 0.2155667 0.2144230 0.2294959 0.2168871 0.2448050 0.0000000 0.1037113 0.0307575 0.2371774 
yHMPu5000034876_Tetrapisispora_iriomotensis 0.1816581 0.2177699 0.2161611 0.2230951 0.2011847 0.2452504 0.2077416 0.2102367 0.1827522 0.2131526 0.5002011 0.2070654 0.1983094 0.2080552 0.2049240 0.2008989 0.1945922 0.2078749 0.2586455 0.0927890 0.1578834 0.1914387 0.1906065 0.1973011 0.1985253 0.2005358 0.2115121 0.2050521 0.1682808 0.2345128 0.1833220 0.1877168 0.2004392 0.2029621 0.2017256 0.2294618 0.1037113 0.0000000 0.0966198 0.2218951 
yHMPu5000034877_Tetrapisispora_namnaonensis 0.1868541 0.2124820 0.2280506 0.2216124 0.2053334 0.2522696 0.1920061 0.1995495 0.1853372 0.2138111 0.5149417 0.2138647 0.2011860 0.2133031 0.2108552 0.2126473 0.2031445 0.2156961 0.2333727 0.0579545 0.1452122 0.1893335 0.1968053 0.1985683 0.2034067 0.1950699 0.2137595 0.1973948 0.1810206 0.2201231 0.1789758 0.2103610 0.1995635 0.2056897 0.1981517 0.2347591 0.0307575 0.0966198 0.0000000 0.2178104 
yHMPu5000035629_Yueomyces_sinensis          0.1513370 0.2025135 0.1854541 0.2144179 0.1643909 0.2254083 0.1653133 0.1561247 0.1686870 0.1803291 0.4998338 0.1844494 0.1894422 0.2032263 0.1968585 0.1905130 0.1863033 0.2061489 0.1480767 0.2241421 0.2275792 0.1828888 0.1552902 0.2169625 0.1835417 0.1572387 0.1652523 0.2267625 0.1657047 0.2280468 0.1636312 0.2035057 0.1749442 0.2189873 0.1747179 0.2251125 0.2371774 0.2218951 0.2178104 0.0000000 
