40
Candida_glabrata                            0.0000000 0.1319618 0.3699423 0.1356506 0.0573078 0.1717897 0.0678172 0.0600122 0.1183257 0.1269617 0.5995595 0.1202861 0.1195540 0.1139302 0.1148021 0.1156206 0.1171454 0.1143784 0.1633656 0.1543322 0.1315044 0.0882689 0.3027811 0.1194647 0.1956328 0.3098240 0.2290101 0.2134471 0.1470080 0.2537841 0.1362020 0.0931038 0.3179704 0.1251734 0.3151449 0.2712549 0.1488611 0.1567776 0.1662275 0.1144838 
Kazachstania_africana                       0.1319618 0.0000000 0.4079460 0.1486699 0.1287925 0.2006801 0.1282833 0.1367854 0.1198674 0.1186173 0.6095437 0.1303861 0.1273914 0.1264767 0.1277809 0.1315172 0.1274687 0.1309978 0.1765064 0.1717975 0.1443402 0.1149011 0.2957163 0.1214965 0.2136505 0.3067857 0.2423657 0.2501812 0.1167230 0.2879666 0.1172634 0.1160926 0.3129459 0.1276124 0.3057444 0.2883022 0.1693819 0.1716569 0.1689726 0.1303257 
Kazachstania_naganishii                     0.3699423 0.4079460 0.0000000 0.4145160 0.3666959 0.4039222 0.3543009 0.3700755 0.3612988 0.3635655 0.7227255 0.3801965 0.3836812 0.3747383 0.3709603 0.3619977 0.3746056 0.3746276 0.4223430 0.4033614 0.3796372 0.3626468 0.3886592 0.3706088 0.3031358 0.3959664 0.3205822 0.3970783 0.3807303 0.3983528 0.3864927 0.3630935 0.3914871 0.3852533 0.3866171 0.4043994 0.4181542 0.4129954 0.4143246 0.3686431 
Nakaseomyces_bacillisporus                  0.1356506 0.1486699 0.4145160 0.0000000 0.1284473 0.1758865 0.1389678 0.1237155 0.1446630 0.1565094 0.6135224 0.1504600 0.1552024 0.1496820 0.1481851 0.1492540 0.1490114 0.1523839 0.1658517 0.1734396 0.1450090 0.1309249 0.3122538 0.1444184 0.2315451 0.3249655 0.2595219 0.2312487 0.1525458 0.3011313 0.1615858 0.1309432 0.3146279 0.1491854 0.3135493 0.3299152 0.1623491 0.1690534 0.1739382 0.1571595 
Nakaseomyces_bracarensis                    0.0573078 0.1287925 0.3666959 0.1284473 0.0000000 0.1615898 0.0442521 0.0272797 0.1061677 0.1111293 0.6148292 0.0961723 0.0976518 0.0941090 0.0960329 0.0935996 0.0932113 0.0957593 0.1432676 0.1443354 0.1243920 0.0779979 0.2917035 0.1154385 0.2019530 0.2988380 0.2335248 0.1917294 0.1310013 0.2624726 0.1250525 0.0876118 0.3093560 0.1209688 0.3026833 0.2888276 0.1364011 0.1475755 0.1559197 0.1022097 
Nakaseomyces_castellii                      0.1717897 0.2006801 0.4039222 0.1758865 0.1615898 0.0000000 0.1717496 0.1655359 0.1586056 0.1951246 0.6428194 0.1712742 0.1686888 0.1709039 0.1655736 0.1650322 0.1686557 0.1724673 0.2001435 0.1961847 0.1981711 0.1580180 0.3285904 0.1832748 0.2457173 0.3520987 0.2747223 0.2918829 0.1935291 0.3030693 0.1828218 0.1785065 0.3574570 0.1896886 0.3567828 0.3390975 0.2088048 0.2007415 0.2113387 0.1779807 
Nakaseomyces_delphensis                     0.0678172 0.1282833 0.3543009 0.1389678 0.0442521 0.1717496 0.0000000 0.0425136 0.1169313 0.1177863 0.6245430 0.1111457 0.1132601 0.1063206 0.1099123 0.1076087 0.1121612 0.1080022 0.1557056 0.1526377 0.1253925 0.0931516 0.3114177 0.1279514 0.1969431 0.3150271 0.2382437 0.2134362 0.1436696 0.2815125 0.1374710 0.1037425 0.3338636 0.1156198 0.3253189 0.2940989 0.1464248 0.1580913 0.1608276 0.1175828 
Nakaseomyces_nivariensis                    0.0600122 0.1367854 0.3700755 0.1237155 0.0272797 0.1655359 0.0425136 0.0000000 0.0976540 0.1108545 0.6117122 0.0984589 0.1039383 0.0943459 0.0940405 0.0959171 0.1013008 0.0960021 0.1459698 0.1416187 0.1246744 0.0822072 0.2953575 0.1166562 0.2024986 0.3008983 0.2356322 0.2051249 0.1267130 0.2764182 0.1240754 0.0963142 0.3122909 0.1195710 0.3044087 0.2952689 0.1390645 0.1429995 0.1568560 0.1038899 
Naumovozyma_castellii                       0.1183257 0.1198674 0.3612988 0.1446630 0.1061677 0.1586056 0.1169313 0.0976540 0.0000000 0.0633438 0.5695460 0.0960820 0.0998486 0.0948426 0.0861734 0.0922614 0.0947791 0.0939620 0.1512090 0.1292934 0.1285218 0.0803253 0.2925793 0.1047447 0.2062466 0.3086609 0.2378076 0.2299125 0.0942738 0.2647998 0.0959930 0.1026730 0.3120644 0.1107820 0.2975458 0.2785772 0.1318442 0.1206408 0.1439360 0.1197301 
Naumovozyma_dairenensis                     0.1269617 0.1186173 0.3635655 0.1565094 0.1111293 0.1951246 0.1177863 0.1108545 0.0633438 0.0000000 0.5862819 0.1053925 0.1163799 0.1069433 0.1054076 0.0977707 0.1147130 0.1094500 0.1661226 0.1450002 0.1313581 0.0915272 0.3199989 0.1112469 0.1909778 0.3202173 0.2330731 0.2320453 0.1031817 0.2808841 0.1192194 0.0943333 0.3329602 0.1136965 0.3216802 0.2975976 0.1581279 0.1401025 0.1579415 0.1201454 
Neurospora_crassa                           0.5995595 0.6095437 0.7227255 0.6135224 0.6148292 0.6428194 0.6245430 0.6117122 0.5695460 0.5862819 0.0000000 0.6290750 0.6052433 0.6251362 0.6249962 0.6204769 0.6057502 0.6341241 0.6544174 0.5917864 0.5675364 0.5941142 0.7187260 0.5728014 0.6679353 0.7093999 0.6752532 0.6642945 0.5673090 0.7906956 0.6069428 0.5888645 0.7072109 0.6057029 0.7070843 0.8191706 0.5688078 0.5781152 0.5689005 0.6271992 
Saccharomyces_arboricola                    0.1202861 0.1303861 0.3801965 0.1504600 0.0961723 0.1712742 0.1111457 0.0984589 0.0960820 0.1053925 0.6290750 0.0000000 0.0340782 0.0222445 0.0287385 0.0303755 0.0284524 0.0240427 0.1474282 0.1510204 0.1376535 0.0938914 0.3140787 0.1134874 0.1979249 0.3302433 0.2290913 0.2443480 0.1010826 0.2805863 0.1129117 0.1011657 0.3324402 0.1287768 0.3196078 0.2920023 0.1495564 0.1554816 0.1686008 0.1153191 
Saccharomyces_cerevisiae                    0.1195540 0.1273914 0.3836812 0.1552024 0.0976518 0.1686888 0.1132601 0.1039383 0.0998486 0.1163799 0.6052433 0.0340782 0.0000000 0.0324366 0.0220111 0.0252320 0.0092392 0.0323930 0.1649678 0.1511568 0.1351269 0.0980356 0.3134160 0.1224854 0.1959893 0.3264226 0.2436942 0.2390921 0.1207065 0.2850095 0.1245183 0.1056275 0.3275519 0.1301962 0.3274693 0.3008911 0.1463491 0.1534334 0.1626321 0.1113294 
Saccharomyces_eubayanus                     0.1139302 0.1264767 0.3747383 0.1496820 0.0941090 0.1709039 0.1063206 0.0943459 0.0948426 0.1069433 0.6251362 0.0222445 0.0324366 0.0000000 0.0221114 0.0223431 0.0268504 0.0061713 0.1544534 0.1518287 0.1264297 0.0972344 0.3203455 0.1177828 0.1982809 0.3221428 0.2355499 0.2405400 0.1114579 0.2887427 0.1212689 0.1031303 0.3343709 0.1327858 0.3283564 0.3024394 0.1483270 0.1501981 0.1682410 0.1188115 
Saccharomyces_kudriavzevii                  0.1148021 0.1277809 0.3709603 0.1481851 0.0960329 0.1655736 0.1099123 0.0940405 0.0861734 0.1054076 0.6249962 0.0287385 0.0220111 0.0221114 0.0000000 0.0156334 0.0155758 0.0220833 0.1521017 0.1447174 0.1336065 0.0879471 0.3114732 0.1218814 0.1946200 0.3284894 0.2395409 0.2391114 0.1109539 0.2845779 0.1136391 0.0962624 0.3298128 0.1279027 0.3262808 0.2982968 0.1487287 0.1466642 0.1675967 0.1064859 
Saccharomyces_mikatae                       0.1156206 0.1315172 0.3619977 0.1492540 0.0935996 0.1650322 0.1076087 0.0959171 0.0922614 0.0977707 0.6204769 0.0303755 0.0252320 0.0223431 0.0156334 0.0000000 0.0187462 0.0255630 0.1561610 0.1459264 0.1327487 0.0923526 0.3140638 0.1270603 0.1935392 0.3388089 0.2466478 0.2329505 0.1111451 0.2958221 0.1224420 0.1009999 0.3402259 0.1318550 0.3360953 0.3074457 0.1505680 0.1495613 0.1652920 0.1084389 
Saccharomyces_paradoxus                     0.1171454 0.1274687 0.3746056 0.1490114 0.0932113 0.1686557 0.1121612 0.1013008 0.0947791 0.1147130 0.6057502 0.0284524 0.0092392 0.0268504 0.0155758 0.0187462 0.0000000 0.0268157 0.1575935 0.1568792 0.1393387 0.0941093 0.3100298 0.1207521 0.1961714 0.3270965 0.2529369 0.2359235 0.1119514 0.2886108 0.1222593 0.1045995 0.3297267 0.1268070 0.3301816 0.3003386 0.1482187 0.1595831 0.1657531 0.1126006 
Saccharomyces_uvarum                        0.1143784 0.1309978 0.3746276 0.1523839 0.0957593 0.1724673 0.1080022 0.0960021 0.0939620 0.1094500 0.6341241 0.0240427 0.0323930 0.0061713 0.0220833 0.0255630 0.0268157 0.0000000 0.1530618 0.1494875 0.1278642 0.0961991 0.3195759 0.1194537 0.1993791 0.3297153 0.2379473 0.2409683 0.1137134 0.2822005 0.1219476 0.1004938 0.3421454 0.1320373 0.3349861 0.2970103 0.1443073 0.1482745 0.1661604 0.1204296 
Tetrapisispora_blattae                      0.1633656 0.1765064 0.4223430 0.1658517 0.1432676 0.2001435 0.1557056 0.1459698 0.1512090 0.1661226 0.6544174 0.1474282 0.1649678 0.1544534 0.1521017 0.1561610 0.1575935 0.1530618 0.0000000 0.1507337 0.1567962 0.1432358 0.3544472 0.1616021 0.2488346 0.3662567 0.2726118 0.3189248 0.1531359 0.3154139 0.1466983 0.1403866 0.3684651 0.1546506 0.3516190 0.3334818 0.1361435 0.1607910 0.1566841 0.1295598 
Tetrapisispora_phaffii                      0.1543322 0.1717975 0.4033614 0.1734396 0.1443354 0.1961847 0.1526377 0.1416187 0.1292934 0.1450002 0.5917864 0.1510204 0.1511568 0.1518287 0.1447174 0.1459264 0.1568792 0.1494875 0.1507337 0.0000000 0.1256304 0.1567568 0.3179215 0.1436132 0.2247208 0.3395707 0.2548551 0.2408431 0.1565846 0.3110199 0.1527958 0.1339125 0.3379326 0.1526992 0.3247482 0.3348765 0.0495438 0.0811621 0.0527605 0.1298913 
Vanderwaltozyma_polyspora                   0.1315044 0.1443402 0.3796372 0.1450090 0.1243920 0.1981711 0.1253925 0.1246744 0.1285218 0.1313581 0.5675364 0.1376535 0.1351269 0.1264297 0.1336065 0.1327487 0.1393387 0.1278642 0.1567962 0.1256304 0.0000000 0.1260510 0.3041541 0.1328598 0.2247261 0.3202816 0.2537042 0.2326354 0.1394513 0.3058897 0.1340777 0.1156801 0.3130941 0.1392156 0.3107231 0.3228151 0.1244114 0.1317586 0.1341710 0.1168213 
yHAB132_Kazachstania_martiniae              0.0882689 0.1149011 0.3626468 0.1309249 0.0779979 0.1580180 0.0931516 0.0822072 0.0803253 0.0915272 0.5941142 0.0938914 0.0980356 0.0972344 0.0879471 0.0923526 0.0941093 0.0961991 0.1432358 0.1567568 0.1260510 0.0000000 0.2736004 0.0945399 0.1791496 0.2959542 0.2154486 0.2117713 0.1010429 0.2530926 0.0850280 0.0681553 0.2923424 0.0967071 0.2806476 0.2690202 0.1520802 0.1552082 0.1602816 0.0959657 
yHAB133_Kazachstania_unispora               0.3027811 0.2957163 0.3886592 0.3122538 0.2917035 0.3285904 0.3114177 0.2953575 0.2925793 0.3199989 0.7187260 0.3140787 0.3134160 0.3203455 0.3114732 0.3140638 0.3100298 0.3195759 0.3544472 0.3179215 0.3041541 0.2736004 0.0000000 0.2872938 0.2709246 0.1003533 0.2663788 0.3221247 0.3166463 0.2966312 0.3088398 0.2808753 0.0926008 0.3069218 0.0847067 0.3069885 0.3327348 0.3422668 0.3361652 0.2744214 
yHAB134_Kazachstania_turicensis             0.1194647 0.1214965 0.3706088 0.1444184 0.1154385 0.1832748 0.1279514 0.1166562 0.1047447 0.1112469 0.5728014 0.1134874 0.1224854 0.1177828 0.1218814 0.1270603 0.1207521 0.1194537 0.1616021 0.1436132 0.1328598 0.0945399 0.2872938 0.0000000 0.1941963 0.3004261 0.2284917 0.2315301 0.0797852 0.2653260 0.0834575 0.1003862 0.2970364 0.0685602 0.2862072 0.2812972 0.1521364 0.1488595 0.1524325 0.1253172 
yHAB136_Kazachstania_bromeliacearum         0.1956328 0.2136505 0.3031358 0.2315451 0.2019530 0.2457173 0.1969431 0.2024986 0.2062466 0.1909778 0.6679353 0.1979249 0.1959893 0.1982809 0.1946200 0.1935392 0.1961714 0.1993791 0.2488346 0.2247208 0.2247261 0.1791496 0.2709246 0.1941963 0.0000000 0.2792379 0.1779516 0.2510361 0.1831215 0.2703664 0.1942024 0.1970016 0.2862562 0.2012464 0.2736927 0.2762487 0.2458779 0.2299649 0.2432415 0.2122773 
yHAB143_Kazachstania_siamensis              0.3098240 0.3067857 0.3959664 0.3249655 0.2988380 0.3520987 0.3150271 0.3008983 0.3086609 0.3202173 0.7093999 0.3302433 0.3264226 0.3221428 0.3284894 0.3388089 0.3270965 0.3297153 0.3662567 0.3395707 0.3202816 0.2959542 0.1003533 0.3004261 0.2792379 0.0000000 0.2738342 0.3195690 0.3344318 0.3046271 0.3193748 0.3056545 0.0841398 0.3216063 0.0828698 0.3254183 0.3529571 0.3523515 0.3468073 0.3030405 
yHAB147_Kazachstania_taianensis             0.2290101 0.2423657 0.3205822 0.2595219 0.2335248 0.2747223 0.2382437 0.2356322 0.2378076 0.2330731 0.6752532 0.2290913 0.2436942 0.2355499 0.2395409 0.2466478 0.2529369 0.2379473 0.2726118 0.2548551 0.2537042 0.2154486 0.2663788 0.2284917 0.1779516 0.2738342 0.0000000 0.2722518 0.2415616 0.2754171 0.2427088 0.2222299 0.2705105 0.2433033 0.2702271 0.2982598 0.2753571 0.2676896 0.2660134 0.2416040 
yHAB148_Kazachstania_intestinalis           0.2134471 0.2501812 0.3970783 0.2312487 0.1917294 0.2918829 0.2134362 0.2051249 0.2299125 0.2320453 0.6642945 0.2443480 0.2390921 0.2405400 0.2391114 0.2329505 0.2359235 0.2409683 0.3189248 0.2408431 0.2326354 0.2117713 0.3221247 0.2315301 0.2510361 0.3195690 0.2722518 0.0000000 0.2444232 0.3072131 0.2549564 0.1971317 0.3440545 0.2370737 0.3397540 0.3367271 0.2471787 0.2375479 0.2546016 0.2334656 
yHAB153_Kazachstania_rosinii                0.1470080 0.1167230 0.3807303 0.1525458 0.1310013 0.1935291 0.1436696 0.1267130 0.0942738 0.1031817 0.5673090 0.1010826 0.1207065 0.1114579 0.1109539 0.1111451 0.1119514 0.1137134 0.1531359 0.1565846 0.1394513 0.1010429 0.3166463 0.0797852 0.1831215 0.3344318 0.2415616 0.2444232 0.0000000 0.2952670 0.0816559 0.1074211 0.3420881 0.1003642 0.3297398 0.2971697 0.1544879 0.1573882 0.1602517 0.1318923 
yHAB154_Kazachstania_transvaalensis         0.2537841 0.2879666 0.3983528 0.3011313 0.2624726 0.3030693 0.2815125 0.2764182 0.2647998 0.2808841 0.7906956 0.2805863 0.2850095 0.2887427 0.2845779 0.2958221 0.2886108 0.2822005 0.3154139 0.3110199 0.3058897 0.2530926 0.2966312 0.2653260 0.2703664 0.3046271 0.2754171 0.3072131 0.2952670 0.0000000 0.2763196 0.2666774 0.3083404 0.2676441 0.3118132 0.0353658 0.3023814 0.3147709 0.3181562 0.2741640 
yHAB155_Kazachstania_spencerorum            0.1362020 0.1172634 0.3864927 0.1615858 0.1250525 0.1828218 0.1374710 0.1240754 0.0959930 0.1192194 0.6069428 0.1129117 0.1245183 0.1212689 0.1136391 0.1224420 0.1222593 0.1219476 0.1466983 0.1527958 0.1340777 0.0850280 0.3088398 0.0834575 0.1942024 0.3193748 0.2427088 0.2549564 0.0816559 0.2763196 0.0000000 0.1076387 0.3312369 0.0867588 0.3164412 0.2922139 0.1591803 0.1560188 0.1539072 0.1299997 
yHAB158_Kazachstania_viticola               0.0931038 0.1160926 0.3630935 0.1309432 0.0876118 0.1785065 0.1037425 0.0963142 0.1026730 0.0943333 0.5888645 0.1011657 0.1056275 0.1031303 0.0962624 0.1009999 0.1045995 0.1004938 0.1403866 0.1339125 0.1156801 0.0681553 0.2808753 0.1003862 0.1970016 0.3056545 0.2222299 0.1971317 0.1074211 0.2666774 0.1076387 0.0000000 0.3074943 0.0855506 0.2920911 0.2809073 0.1334189 0.1363724 0.1509509 0.0930082 
yHAB159_Kazachstania_solicola               0.3179704 0.3129459 0.3914871 0.3146279 0.3093560 0.3574570 0.3338636 0.3122909 0.3120644 0.3329602 0.7072109 0.3324402 0.3275519 0.3343709 0.3298128 0.3402259 0.3297267 0.3421454 0.3684651 0.3379326 0.3130941 0.2923424 0.0926008 0.2970364 0.2862562 0.0841398 0.2705105 0.3440545 0.3420881 0.3083404 0.3312369 0.3074943 0.0000000 0.3279914 0.0233120 0.3131784 0.3505616 0.3477925 0.3509761 0.2967479 
yHAB160_Kazachstania_kunashirensis          0.1251734 0.1276124 0.3852533 0.1491854 0.1209688 0.1896886 0.1156198 0.1195710 0.1107820 0.1136965 0.6057029 0.1287768 0.1301962 0.1327858 0.1279027 0.1318550 0.1268070 0.1320373 0.1546506 0.1526992 0.1392156 0.0967071 0.3069218 0.0685602 0.2012464 0.3216063 0.2433033 0.2370737 0.1003642 0.2676441 0.0867588 0.0855506 0.3279914 0.0000000 0.3143161 0.2755126 0.1581820 0.1554786 0.1612576 0.1290449 
yHAB164_Kazachstania_aerobia                0.3151449 0.3057444 0.3866171 0.3135493 0.3026833 0.3567828 0.3253189 0.3044087 0.2975458 0.3216802 0.7070843 0.3196078 0.3274693 0.3283564 0.3262808 0.3360953 0.3301816 0.3349861 0.3516190 0.3247482 0.3107231 0.2806476 0.0847067 0.2862072 0.2736927 0.0828698 0.2702271 0.3397540 0.3297398 0.3118132 0.3164412 0.2920911 0.0233120 0.3143161 0.0000000 0.3086627 0.3409861 0.3251770 0.3388242 0.2871442 
yHAB166_Kazachstania_yakushimaensis         0.2712549 0.2883022 0.4043994 0.3299152 0.2888276 0.3390975 0.2940989 0.2952689 0.2785772 0.2975976 0.8191706 0.2920023 0.3008911 0.3024394 0.2982968 0.3074457 0.3003386 0.2970103 0.3334818 0.3348765 0.3228151 0.2690202 0.3069885 0.2812972 0.2762487 0.3254183 0.2982598 0.3367271 0.2971697 0.0353658 0.2922139 0.2809073 0.3131784 0.2755126 0.3086627 0.0000000 0.3238754 0.3379726 0.3343120 0.2924460 
yHMPu5000034875_Tetrapisispora_fleetii      0.1488611 0.1693819 0.4181542 0.1623491 0.1364011 0.2088048 0.1464248 0.1390645 0.1318442 0.1581279 0.5688078 0.1495564 0.1463491 0.1483270 0.1487287 0.1505680 0.1482187 0.1443073 0.1361435 0.0495438 0.1244114 0.1520802 0.3327348 0.1521364 0.2458779 0.3529571 0.2753571 0.2471787 0.1544879 0.3023814 0.1591803 0.1334189 0.3505616 0.1581820 0.3409861 0.3238754 0.0000000 0.0929341 0.0324771 0.1359188 
yHMPu5000034876_Tetrapisispora_iriomotensis 0.1567776 0.1716569 0.4129954 0.1690534 0.1475755 0.2007415 0.1580913 0.1429995 0.1206408 0.1401025 0.5781152 0.1554816 0.1534334 0.1501981 0.1466642 0.1495613 0.1595831 0.1482745 0.1607910 0.0811621 0.1317586 0.1552082 0.3422668 0.1488595 0.2299649 0.3523515 0.2676896 0.2375479 0.1573882 0.3147709 0.1560188 0.1363724 0.3477925 0.1554786 0.3251770 0.3379726 0.0929341 0.0000000 0.0936106 0.1345438 
yHMPu5000034877_Tetrapisispora_namnaonensis 0.1662275 0.1689726 0.4143246 0.1739382 0.1559197 0.2113387 0.1608276 0.1568560 0.1439360 0.1579415 0.5689005 0.1686008 0.1626321 0.1682410 0.1675967 0.1652920 0.1657531 0.1661604 0.1566841 0.0527605 0.1341710 0.1602816 0.3361652 0.1524325 0.2432415 0.3468073 0.2660134 0.2546016 0.1602517 0.3181562 0.1539072 0.1509509 0.3509761 0.1612576 0.3388242 0.3343120 0.0324771 0.0936106 0.0000000 0.1442754 
yHMPu5000035629_Yueomyces_sinensis          0.1144838 0.1303257 0.3686431 0.1571595 0.1022097 0.1779807 0.1175828 0.1038899 0.1197301 0.1201454 0.6271992 0.1153191 0.1113294 0.1188115 0.1064859 0.1084389 0.1126006 0.1204296 0.1295598 0.1298913 0.1168213 0.0959657 0.2744214 0.1253172 0.2122773 0.3030405 0.2416040 0.2334656 0.1318923 0.2741640 0.1299997 0.0930082 0.2967479 0.1290449 0.2871442 0.2924460 0.1359188 0.1345438 0.1442754 0.0000000 
