40
Candida_glabrata                            0.0000000 0.2055666 0.1853610 0.1695108 0.0474826 0.2397977 0.0445439 0.0383708 0.1641643 0.1870363 0.7332767 0.1535293 0.1559260 0.1620079 0.1575667 0.1508533 0.1529908 0.1547055 0.2678608 0.3180742 0.2947231 0.2331259 0.2046157 0.1900276 0.1757518 0.2005221 0.1935604 0.2396746 0.2183015 0.1826708 0.1939466 0.1983423 0.2147735 0.2013262 0.2149252 0.1898035 0.3301227 0.2935702 0.3239604 0.3839019 
Kazachstania_africana                       0.2055666 0.0000000 0.2024646 0.2792639 0.1918746 0.3159828 0.2015961 0.1869690 0.1557102 0.1872604 0.7442555 0.1811428 0.1720430 0.1856669 0.1884938 0.1766957 0.1765873 0.1833022 0.2401296 0.2645642 0.2439829 0.1642371 0.1995263 0.1699914 0.1938190 0.1956851 0.1802821 0.1790918 0.1597459 0.2296169 0.1844971 0.1585889 0.1976863 0.1924988 0.1900515 0.2102953 0.2579324 0.2504910 0.2722721 0.3399707 
Kazachstania_naganishii                     0.1853610 0.2024646 0.0000000 0.2428314 0.2032995 0.2917897 0.1971004 0.2042610 0.1574746 0.1575679 0.7921607 0.1971423 0.1888941 0.1987705 0.1939797 0.1840716 0.1860208 0.1961325 0.2264318 0.2772831 0.2772319 0.1303373 0.0977838 0.1201586 0.1086473 0.0988214 0.1334856 0.1567060 0.1366895 0.1101293 0.0962985 0.0969354 0.1103135 0.1237707 0.1103948 0.1068090 0.2785274 0.2616102 0.2775065 0.3414331 
Nakaseomyces_bacillisporus                  0.1695108 0.2792639 0.2428314 0.0000000 0.1570329 0.1368381 0.1591620 0.1590664 0.2004519 0.2610171 0.7691358 0.1864373 0.1726146 0.1786243 0.1913376 0.1774906 0.1772383 0.1801335 0.3117290 0.3740599 0.3316489 0.2598342 0.2274265 0.2585418 0.2270768 0.2144991 0.2379575 0.2651215 0.2641265 0.2617192 0.2365678 0.2392208 0.2363763 0.2644609 0.2365367 0.2446683 0.3603204 0.3573734 0.3621530 0.4163532 
Nakaseomyces_bracarensis                    0.0474826 0.1918746 0.2032995 0.1570329 0.0000000 0.2283999 0.0226812 0.0289087 0.1593341 0.2139481 0.7372944 0.1599434 0.1466282 0.1450382 0.1555140 0.1437709 0.1437004 0.1392153 0.2299764 0.3053529 0.2838754 0.2169038 0.1949348 0.1933046 0.1836786 0.1893932 0.1942952 0.2262096 0.2120939 0.1925894 0.1879661 0.2126799 0.2066882 0.2109742 0.2068367 0.1803300 0.3266087 0.3119958 0.3204620 0.3485152 
Nakaseomyces_castellii                      0.2397977 0.3159828 0.2917897 0.1368381 0.2283999 0.0000000 0.2219204 0.2372992 0.2410723 0.3090745 0.8690469 0.2439343 0.2480532 0.2556627 0.2558160 0.2481957 0.2535936 0.2679062 0.3151819 0.3832351 0.3398687 0.3094682 0.2940551 0.2833637 0.2468006 0.2889933 0.2776515 0.3102965 0.3010021 0.2664173 0.2728240 0.2887608 0.3060482 0.3131955 0.3062253 0.2620024 0.3606098 0.3625384 0.3598697 0.4133592 
Nakaseomyces_delphensis                     0.0445439 0.2015961 0.1971004 0.1591620 0.0226812 0.2219204 0.0000000 0.0289124 0.1557906 0.2121809 0.7278367 0.1500653 0.1441448 0.1575344 0.1500775 0.1464443 0.1486044 0.1551308 0.2400167 0.3179019 0.2967820 0.2174158 0.2125343 0.1949224 0.1933959 0.2075872 0.2120131 0.2311930 0.2312201 0.1945449 0.1881897 0.2202599 0.2247741 0.2048072 0.2249310 0.1937825 0.3392091 0.3244737 0.3329748 0.3657652 
Nakaseomyces_nivariensis                    0.0383708 0.1869690 0.2042610 0.1590664 0.0289087 0.2372992 0.0289124 0.0000000 0.1512911 0.2139703 0.7022003 0.1452637 0.1404012 0.1536988 0.1536865 0.1449021 0.1448298 0.1476817 0.2358728 0.3064690 0.2968710 0.2174964 0.2087685 0.1950769 0.1809646 0.2035845 0.2059998 0.2220042 0.2233323 0.1998627 0.1893577 0.2118814 0.2135007 0.2135579 0.2136511 0.1912511 0.3183534 0.3040075 0.3123414 0.3777572 
Naumovozyma_castellii                       0.1641643 0.1557102 0.1574746 0.2004519 0.1593341 0.2410723 0.1557906 0.1512911 0.0000000 0.1320818 0.6897296 0.1431595 0.1318494 0.1371036 0.1410116 0.1290278 0.1289742 0.1437607 0.2593894 0.3033841 0.2645318 0.1572431 0.1366094 0.1702307 0.1231147 0.1489080 0.1623522 0.1569457 0.1489698 0.1644318 0.1092150 0.1436231 0.1501930 0.1891387 0.1430235 0.1448530 0.2999035 0.3010627 0.3109501 0.3780704 
Naumovozyma_dairenensis                     0.1870363 0.1872604 0.1575679 0.2610171 0.2139481 0.3090745 0.2121809 0.2139703 0.1320818 0.0000000 0.7595368 0.1765947 0.1817568 0.1859921 0.1765590 0.1753382 0.1772495 0.1927765 0.2836213 0.2870261 0.2730025 0.1614329 0.1531562 0.1484592 0.1341834 0.1553140 0.1253332 0.1931227 0.1473519 0.1751799 0.1520156 0.1529757 0.1657595 0.1524287 0.1583409 0.1844145 0.2791979 0.2624274 0.2858045 0.3874428 
Neurospora_crassa                           0.7332767 0.7442555 0.7921607 0.7691358 0.7372944 0.8690469 0.7278367 0.7022003 0.6897296 0.7595368 0.0000000 0.6955748 0.6872024 0.6936547 0.6881179 0.6961246 0.6855358 0.7005643 0.8464004 0.7585576 0.7712175 0.7855158 0.7364786 0.7912180 0.7097834 0.6881478 0.7383060 0.6573253 0.7615436 0.7375860 0.7176531 0.7507337 0.7164876 0.8111095 0.7284838 0.7358529 0.7598635 0.7768836 0.7692681 0.8663478 
Saccharomyces_arboricola                    0.1535293 0.1811428 0.1971423 0.1864373 0.1599434 0.2439343 0.1500653 0.1452637 0.1431595 0.1765947 0.6955748 0.0000000 0.0254750 0.0313372 0.0223577 0.0285929 0.0253459 0.0371095 0.2934440 0.3107967 0.2334712 0.2083452 0.2402223 0.2084121 0.1777195 0.2246937 0.1751367 0.1960661 0.1880794 0.2270356 0.1789696 0.1840805 0.2447372 0.2126726 0.2448980 0.2374301 0.3250228 0.3039654 0.3224997 0.3821630 
Saccharomyces_cerevisiae                    0.1559260 0.1720430 0.1888941 0.1726146 0.1466282 0.2480532 0.1441448 0.1404012 0.1318494 0.1817568 0.6872024 0.0254750 0.0000000 0.0168643 0.0196715 0.0111402 0.0055333 0.0225401 0.2911946 0.3102396 0.2253357 0.1945306 0.2227841 0.2044629 0.1704637 0.2077969 0.1740195 0.1870163 0.1839011 0.2267672 0.1599710 0.1864425 0.2293886 0.2163969 0.2295440 0.2185395 0.3197080 0.2945643 0.3172087 0.3812019 
Saccharomyces_eubayanus                     0.1620079 0.1856669 0.1987705 0.1786243 0.1450382 0.2556627 0.1575344 0.1536988 0.1371036 0.1859921 0.6936547 0.0313372 0.0168643 0.0000000 0.0197207 0.0168233 0.0111413 0.0112084 0.2788424 0.2980140 0.2083029 0.1932441 0.2203233 0.2045326 0.1700229 0.2052602 0.1655292 0.2006110 0.1706838 0.2377537 0.1560801 0.1914844 0.2247854 0.2183236 0.2249397 0.2210984 0.3093965 0.2800268 0.2982903 0.3855776 
Saccharomyces_kudriavzevii                  0.1575667 0.1884938 0.1939797 0.1913376 0.1555140 0.2558160 0.1500775 0.1536865 0.1410116 0.1765590 0.6881179 0.0223577 0.0196715 0.0197207 0.0000000 0.0169687 0.0139256 0.0254128 0.2908080 0.3076055 0.2207506 0.2052254 0.2360107 0.2121896 0.1818115 0.2206170 0.1798304 0.2004357 0.1880064 0.2218869 0.1682046 0.1987193 0.2405009 0.2164793 0.2406600 0.2321833 0.3218392 0.2920993 0.3193337 0.3906760 
Saccharomyces_mikatae                       0.1508533 0.1766957 0.1840716 0.1774906 0.1437709 0.2481957 0.1464443 0.1449021 0.1290278 0.1753382 0.6961246 0.0285929 0.0111402 0.0168233 0.0169687 0.0000000 0.0055200 0.0224853 0.2887177 0.3036425 0.2186903 0.1959094 0.2201769 0.1998123 0.1659606 0.2096102 0.1681581 0.1962789 0.1811274 0.2220953 0.1554902 0.1864846 0.2246234 0.2097319 0.2247771 0.2158190 0.3130814 0.2882027 0.3106343 0.3837280 
Saccharomyces_paradoxus                     0.1529908 0.1765873 0.1860208 0.1772383 0.1437004 0.2535936 0.1486044 0.1448298 0.1289742 0.1772495 0.6855358 0.0253459 0.0055333 0.0111413 0.0139256 0.0055200 0.0000000 0.0167542 0.2883813 0.3032805 0.2185147 0.1957703 0.2199974 0.1996671 0.1658634 0.2050137 0.1680612 0.1877086 0.1810083 0.2238908 0.1554056 0.1863594 0.2244364 0.2115253 0.2245897 0.2156407 0.3126984 0.2878833 0.3102596 0.3773375 
Saccharomyces_uvarum                        0.1547055 0.1833022 0.1961325 0.1801335 0.1392153 0.2679062 0.1551308 0.1476817 0.1437607 0.1927765 0.7005643 0.0371095 0.0225401 0.0112084 0.0254128 0.0224853 0.0167542 0.0000000 0.2873643 0.3067747 0.2191070 0.1950324 0.2191842 0.2035183 0.1734182 0.2070900 0.1644375 0.1947647 0.1672825 0.2312348 0.1585376 0.1932830 0.2236131 0.2122914 0.2237659 0.2148088 0.3209695 0.2913294 0.3097796 0.3687574 
Tetrapisispora_blattae                      0.2678608 0.2401296 0.2264318 0.3117290 0.2299764 0.3151819 0.2400167 0.2358728 0.2593894 0.2836213 0.8464004 0.2934440 0.2911946 0.2788424 0.2908080 0.2887177 0.2883813 0.2873643 0.0000000 0.2149105 0.2597251 0.2286631 0.2269151 0.2490931 0.2024489 0.2438747 0.2596147 0.2473578 0.2224952 0.2656734 0.2254466 0.2098183 0.2444702 0.2488238 0.2446408 0.2496160 0.2207307 0.2318917 0.2212592 0.2100842 
Tetrapisispora_phaffii                      0.3180742 0.2645642 0.2772831 0.3740599 0.3053529 0.3832351 0.3179019 0.3064690 0.3033841 0.2870261 0.7585576 0.3107967 0.3102396 0.2980140 0.3076055 0.3036425 0.3032805 0.3067747 0.2149105 0.0000000 0.1448177 0.2604602 0.2915958 0.3065372 0.2992333 0.3007153 0.2988463 0.2746513 0.2468160 0.3039302 0.2844847 0.2705061 0.3185768 0.3186850 0.3187585 0.3069437 0.0254125 0.0507339 0.0311730 0.2453983 
Vanderwaltozyma_polyspora                   0.2947231 0.2439829 0.2772319 0.3316489 0.2838754 0.3398687 0.2967820 0.2968710 0.2645318 0.2730025 0.7712175 0.2334712 0.2253357 0.2083029 0.2207506 0.2186903 0.2185147 0.2191070 0.2597251 0.1448177 0.0000000 0.2369618 0.2923692 0.2886647 0.2490980 0.2821527 0.2579332 0.2772354 0.2416295 0.2835776 0.2471922 0.2563383 0.2992886 0.2916483 0.2994638 0.2936082 0.1553298 0.1298847 0.1536317 0.2622094 
yHAB132_Kazachstania_martiniae              0.2331259 0.1642371 0.1303373 0.2598342 0.2169038 0.3094682 0.2174158 0.2174964 0.1572431 0.1614329 0.7855158 0.2083452 0.1945306 0.1932441 0.2052254 0.1959094 0.1957703 0.1950324 0.2286631 0.2604602 0.2369618 0.0000000 0.1337198 0.1079587 0.1418839 0.1464546 0.1383637 0.1565877 0.1301211 0.1922724 0.1030116 0.1457950 0.1402567 0.1145781 0.1403594 0.1716568 0.2599000 0.2242919 0.2699696 0.3473103 
yHAB133_Kazachstania_unispora               0.2046157 0.1995263 0.0977838 0.2274265 0.1949348 0.2940551 0.2125343 0.2087685 0.1366094 0.1531562 0.7364786 0.2402223 0.2227841 0.2203233 0.2360107 0.2201769 0.2199974 0.2191842 0.2269151 0.2915958 0.2923692 0.1337198 0.0000000 0.0945827 0.1088419 0.0412966 0.1122702 0.1665505 0.1524199 0.0997911 0.0939877 0.1622817 0.0410328 0.1172964 0.0382852 0.0831685 0.2890818 0.2760659 0.3028308 0.3514239 
yHAB134_Kazachstania_turicensis             0.1900276 0.1699914 0.1201586 0.2585418 0.1933046 0.2833637 0.1949224 0.1950769 0.1702307 0.1484592 0.7912180 0.2084121 0.2044629 0.2045326 0.2121896 0.1998123 0.1996671 0.2035183 0.2490931 0.3065372 0.2886647 0.1079587 0.0945827 0.0000000 0.1371319 0.1061962 0.1125168 0.1640198 0.1602690 0.1486903 0.1037326 0.1602536 0.0880323 0.0506274 0.0880980 0.1374404 0.3035840 0.2782778 0.3132064 0.3585723 
yHAB136_Kazachstania_bromeliacearum         0.1757518 0.1938190 0.1086473 0.2270768 0.1836786 0.2468006 0.1933959 0.1809646 0.1231147 0.1341834 0.7097834 0.1777195 0.1704637 0.1700229 0.1818115 0.1659606 0.1658634 0.1734182 0.2024489 0.2992333 0.2490980 0.1418839 0.1088419 0.1371319 0.0000000 0.1093529 0.0991987 0.1500885 0.1385571 0.1028343 0.1057233 0.1143333 0.1096626 0.1528403 0.1097430 0.0891006 0.2867089 0.2675788 0.2922780 0.3123049 
yHAB143_Kazachstania_siamensis              0.2005221 0.1956851 0.0988214 0.2144991 0.1893932 0.2889933 0.2075872 0.2035845 0.1489080 0.1553140 0.6881478 0.2246937 0.2077969 0.2052602 0.2206170 0.2096102 0.2050137 0.2070900 0.2438747 0.3007153 0.2821527 0.1464546 0.0412966 0.1061962 0.1093529 0.0000000 0.1003484 0.1574635 0.1535731 0.1107742 0.1043459 0.1574248 0.0597992 0.1330575 0.0598412 0.0940865 0.2917807 0.2713533 0.3030384 0.3564196 
yHAB147_Kazachstania_taianensis             0.1935604 0.1802821 0.1334856 0.2379575 0.1942952 0.2776515 0.2120131 0.2059998 0.1623522 0.1253332 0.7383060 0.1751367 0.1740195 0.1655292 0.1798304 0.1681581 0.1680612 0.1644375 0.2596147 0.2988463 0.2579332 0.1383637 0.1122702 0.1125168 0.0991987 0.1003484 0.0000000 0.1817689 0.1381403 0.1423565 0.1252754 0.1453283 0.1062238 0.1354490 0.1063019 0.1252229 0.2924787 0.2672378 0.2933216 0.3340536 
yHAB148_Kazachstania_intestinalis           0.2396746 0.1790918 0.1567060 0.2651215 0.2262096 0.3102965 0.2311930 0.2220042 0.1569457 0.1931227 0.6573253 0.1960661 0.1870163 0.2006110 0.2004357 0.1962789 0.1877086 0.1947647 0.2473578 0.2746513 0.2772354 0.1565877 0.1665505 0.1640198 0.1500885 0.1574635 0.1817689 0.0000000 0.1705309 0.1848789 0.1578948 0.1590932 0.1816228 0.1675023 0.1817488 0.1659072 0.2847865 0.2935333 0.3036814 0.3271534 
yHAB153_Kazachstania_rosinii                0.2183015 0.1597459 0.1366895 0.2641265 0.2120939 0.3010021 0.2312201 0.2233323 0.1489698 0.1473519 0.7615436 0.1880794 0.1839011 0.1706838 0.1880064 0.1811274 0.1810083 0.1672825 0.2224952 0.2468160 0.2416295 0.1301211 0.1524199 0.1602690 0.1385571 0.1535731 0.1381403 0.1705309 0.0000000 0.1815886 0.1244091 0.1225483 0.1718605 0.1549228 0.1676073 0.1751229 0.2520623 0.2438575 0.2406002 0.3264020 
yHAB154_Kazachstania_transvaalensis         0.1826708 0.2296169 0.1101293 0.2617192 0.1925894 0.2664173 0.1945449 0.1998627 0.1644318 0.1751799 0.7375860 0.2270356 0.2267672 0.2377537 0.2218869 0.2220953 0.2238908 0.2312348 0.2656734 0.3039302 0.2835776 0.1922724 0.0997911 0.1486903 0.1028343 0.1107742 0.1423565 0.1848789 0.1815886 0.0000000 0.1421932 0.1630007 0.1144132 0.1624620 0.1144978 0.0290735 0.3014207 0.2639048 0.2984578 0.3478109 
yHAB155_Kazachstania_spencerorum            0.1939466 0.1844971 0.0962985 0.2365678 0.1879661 0.2728240 0.1881897 0.1893577 0.1092150 0.1520156 0.7176531 0.1789696 0.1599710 0.1560801 0.1682046 0.1554902 0.1554056 0.1585376 0.2254466 0.2844847 0.2471922 0.1030116 0.0939877 0.1037326 0.1057233 0.1043459 0.1252754 0.1578948 0.1244091 0.1421932 0.0000000 0.1618668 0.0931118 0.1274179 0.0931785 0.1139405 0.2837041 0.2644329 0.2859331 0.3461969 
yHAB158_Kazachstania_viticola               0.1983423 0.1585889 0.0969354 0.2392208 0.2126799 0.2887608 0.2202599 0.2118814 0.1436231 0.1529757 0.7507337 0.1840805 0.1864425 0.1914844 0.1987193 0.1864846 0.1863594 0.1932830 0.2098183 0.2705061 0.2563383 0.1457950 0.1622817 0.1602536 0.1143333 0.1574248 0.1453283 0.1590932 0.1225483 0.1630007 0.1618668 0.0000000 0.1675976 0.1647731 0.1677195 0.1555053 0.2770835 0.2632827 0.2794554 0.3288458 
yHAB159_Kazachstania_solicola               0.2147735 0.1976863 0.1103135 0.2363763 0.2066882 0.3060482 0.2247741 0.2135007 0.1501930 0.1657595 0.7164876 0.2447372 0.2293886 0.2247854 0.2405009 0.2246234 0.2244364 0.2236131 0.2444702 0.3185768 0.2992886 0.1402567 0.0410328 0.0880323 0.1096626 0.0597992 0.1062238 0.1816228 0.1718605 0.1144132 0.0931118 0.1675976 0.0000000 0.1176391 0.0055910 0.0964470 0.3076313 0.2817483 0.3122924 0.3466250 
yHAB160_Kazachstania_kunashirensis          0.2013262 0.1924988 0.1237707 0.2644609 0.2109742 0.3131955 0.2048072 0.2135579 0.1891387 0.1524287 0.8111095 0.2126726 0.2163969 0.2183236 0.2164793 0.2097319 0.2115253 0.2122914 0.2488238 0.3186850 0.2916483 0.1145781 0.1172964 0.0506274 0.1528403 0.1330575 0.1354490 0.1675023 0.1549228 0.1624620 0.1274179 0.1647731 0.1176391 0.0000000 0.1215671 0.1584174 0.3199456 0.2901515 0.3264179 0.3678208 
yHAB164_Kazachstania_aerobia                0.2149252 0.1900515 0.1103948 0.2365367 0.2068367 0.3062253 0.2249310 0.2136511 0.1430235 0.1583409 0.7284838 0.2448980 0.2295440 0.2249397 0.2406600 0.2247771 0.2245897 0.2237659 0.2446408 0.3187585 0.2994638 0.1403594 0.0382852 0.0880980 0.1097430 0.0598412 0.1063019 0.1817488 0.1676073 0.1144978 0.0931785 0.1677195 0.0055910 0.1215671 0.0000000 0.0965182 0.3078131 0.2819267 0.3124732 0.3467998 
yHAB166_Kazachstania_yakushimaensis         0.1898035 0.2102953 0.1068090 0.2446683 0.1803300 0.2620024 0.1937825 0.1912511 0.1448530 0.1844145 0.7358529 0.2374301 0.2185395 0.2210984 0.2321833 0.2158190 0.2156407 0.2148088 0.2496160 0.3069437 0.2936082 0.1716568 0.0831685 0.1374404 0.0891006 0.0940865 0.1252229 0.1659072 0.1751229 0.0290735 0.1139405 0.1555053 0.0964470 0.1584174 0.0965182 0.0000000 0.3011599 0.2799417 0.3062242 0.3559123 
yHMPu5000034875_Tetrapisispora_fleetii      0.3301227 0.2579324 0.2785274 0.3603204 0.3266087 0.3606098 0.3392091 0.3183534 0.2999035 0.2791979 0.7598635 0.3250228 0.3197080 0.3093965 0.3218392 0.3130814 0.3126984 0.3209695 0.2207307 0.0254125 0.1553298 0.2599000 0.2890818 0.3035840 0.2867089 0.2917807 0.2924787 0.2847865 0.2520623 0.3014207 0.2837041 0.2770835 0.3076313 0.3199456 0.3078131 0.3011599 0.0000000 0.0505897 0.0167896 0.2536268 
yHMPu5000034876_Tetrapisispora_iriomotensis 0.2935702 0.2504910 0.2616102 0.3573734 0.3119958 0.3625384 0.3244737 0.3040075 0.3010627 0.2624274 0.7768836 0.3039654 0.2945643 0.2800268 0.2920993 0.2882027 0.2878833 0.2913294 0.2318917 0.0507339 0.1298847 0.2242919 0.2760659 0.2782778 0.2675788 0.2713533 0.2672378 0.2935333 0.2438575 0.2639048 0.2644329 0.2632827 0.2817483 0.2901515 0.2819267 0.2799417 0.0505897 0.0000000 0.0539744 0.2757846 
yHMPu5000034877_Tetrapisispora_namnaonensis 0.3239604 0.2722721 0.2775065 0.3621530 0.3204620 0.3598697 0.3329748 0.3123414 0.3109501 0.2858045 0.7692681 0.3224997 0.3172087 0.2982903 0.3193337 0.3106343 0.3102596 0.3097796 0.2212592 0.0311730 0.1536317 0.2699696 0.3028308 0.3132064 0.2922780 0.3030384 0.2933216 0.3036814 0.2406002 0.2984578 0.2859331 0.2794554 0.3122924 0.3264179 0.3124732 0.3062242 0.0167896 0.0539744 0.0000000 0.2502930 
yHMPu5000035629_Yueomyces_sinensis          0.3839019 0.3399707 0.3414331 0.4163532 0.3485152 0.4133592 0.3657652 0.3777572 0.3780704 0.3874428 0.8663478 0.3821630 0.3812019 0.3855776 0.3906760 0.3837280 0.3773375 0.3687574 0.2100842 0.2453983 0.2622094 0.3473103 0.3514239 0.3585723 0.3123049 0.3564196 0.3340536 0.3271534 0.3264020 0.3478109 0.3461969 0.3288458 0.3466250 0.3678208 0.3467998 0.3559123 0.2536268 0.2757846 0.2502930 0.0000000 
