40
Candida_glabrata                            0.0000000 0.5584937 0.5322186 0.5844468 0.3329478 0.5836835 0.2239189 0.3436445 0.4895025 0.5349564 2.0792978 0.5260787 0.5118847 0.5187151 0.5139262 0.5150726 0.5209928 0.5213742 0.5660528 0.6606708 0.5371174 0.6646194 0.5632713 0.5350740 0.5298016 0.5123977 0.4909977 0.6377847 0.4917116 0.5573813 0.5178188 0.5462764 0.6014410 0.4985052 0.5571344 0.5582854 0.6691560 0.6340459 0.6700261 0.6089544 
Kazachstania_africana                       0.5584937 0.0000000 0.3882456 0.4316404 0.5486305 0.4574861 0.4015117 0.5803539 0.3393572 0.3697524 2.0519756 0.3887505 0.3690387 0.3717857 0.3840861 0.3758406 0.3786704 0.3732652 0.4908471 0.5062852 0.4405579 0.5246455 0.4095853 0.4223373 0.3398672 0.3638345 0.3330865 0.5638370 0.3433669 0.3805930 0.3625535 0.4026904 0.4460053 0.3731484 0.4133682 0.3908614 0.5166556 0.4713200 0.4944535 0.4973287 
Kazachstania_naganishii                     0.5322186 0.3882456 0.0000000 0.4692288 0.5286604 0.5051033 0.4039047 0.5462542 0.3936782 0.4207978 2.0054844 0.4227567 0.4113840 0.4073871 0.4174340 0.4232741 0.4149749 0.4123156 0.4991530 0.5412394 0.4905298 0.5435761 0.3811276 0.4519779 0.2978654 0.3323477 0.2852813 0.5546958 0.3511996 0.3707752 0.3778767 0.4480215 0.4095104 0.4098057 0.3930262 0.3661982 0.5254424 0.5163845 0.5188394 0.5358200 
Nakaseomyces_bacillisporus                  0.5844468 0.4316404 0.4692288 0.0000000 0.5618997 0.4524301 0.4335237 0.5632535 0.4032096 0.4268379 2.0483388 0.3764504 0.3698427 0.3767060 0.3920857 0.3863841 0.3774976 0.3728508 0.5422784 0.5153079 0.4639880 0.5779575 0.4977702 0.5122561 0.3989184 0.4645204 0.3792689 0.5823985 0.4084787 0.4859544 0.3883581 0.4718523 0.5317417 0.4644767 0.5122744 0.4944438 0.5388575 0.4984666 0.5277615 0.4920659 
Nakaseomyces_bracarensis                    0.3329478 0.5486305 0.5286604 0.5618997 0.0000000 0.5472632 0.1061220 0.1253354 0.4937122 0.5259359 2.0960848 0.5000912 0.4904386 0.5017603 0.5111660 0.4924158 0.4996001 0.5026676 0.5681802 0.6181184 0.5855041 0.6317345 0.5467992 0.5362026 0.5198483 0.5259281 0.4860558 0.6729483 0.5113627 0.5532903 0.5543060 0.5680859 0.6091289 0.5203939 0.5608828 0.5489365 0.6398287 0.6160519 0.6437590 0.6034105 
Nakaseomyces_castellii                      0.5836835 0.4574861 0.5051033 0.4524301 0.5472632 0.0000000 0.4154650 0.5768851 0.4488702 0.5005812 2.0225550 0.4353290 0.4226295 0.4226416 0.4548026 0.4424854 0.4312080 0.4280557 0.5382874 0.5667657 0.5065144 0.6415343 0.5574423 0.5246386 0.4837428 0.5062253 0.4494063 0.6674409 0.4657527 0.5485160 0.4576232 0.5344859 0.5927730 0.4871582 0.5702653 0.5400815 0.5699932 0.5633370 0.5565511 0.5485072 
Nakaseomyces_delphensis                     0.2239189 0.4015117 0.4039047 0.4335237 0.1061220 0.4154650 0.0000000 0.0810419 0.3676326 0.3895600 1.6297991 0.3786708 0.3724858 0.3688650 0.3885666 0.3834270 0.3778500 0.3685080 0.4378348 0.4637692 0.4147447 0.4714005 0.4046518 0.3806778 0.3825054 0.3747183 0.3726326 0.4566040 0.3630235 0.4008235 0.4026961 0.3958067 0.4563445 0.3577045 0.4219831 0.4060941 0.4723977 0.4370671 0.4605650 0.4533604 
Nakaseomyces_nivariensis                    0.3436445 0.5803539 0.5462542 0.5632535 0.1253354 0.5768851 0.0810419 0.0000000 0.5019042 0.5313934 2.0868221 0.5260528 0.5189227 0.5184448 0.5271112 0.5211912 0.5163809 0.5194468 0.5613155 0.6337648 0.5674677 0.6384948 0.5772307 0.5506757 0.5508974 0.5325914 0.5046179 0.6555089 0.4880980 0.5655493 0.5581685 0.5625974 0.6442727 0.5127492 0.5954379 0.5652758 0.6609787 0.6221712 0.6575458 0.6089835 
Naumovozyma_castellii                       0.4895025 0.3393572 0.3936782 0.4032096 0.4937122 0.4488702 0.3676326 0.5019042 0.0000000 0.2242709 1.9525716 0.3342778 0.3230952 0.3270464 0.3420463 0.3362192 0.3337112 0.3296646 0.4569713 0.4764245 0.4204838 0.4666643 0.4095926 0.4054504 0.3099996 0.3547547 0.3056459 0.5194756 0.3221916 0.4051546 0.3225197 0.4076772 0.4536970 0.3744174 0.4251959 0.4033658 0.4970901 0.4404418 0.5023004 0.4618668 
Naumovozyma_dairenensis                     0.5349564 0.3697524 0.4207978 0.4268379 0.5259359 0.5005812 0.3895600 0.5313934 0.2242709 0.0000000 1.8792811 0.3649532 0.3517256 0.3483306 0.3623385 0.3588867 0.3508129 0.3567313 0.4912790 0.5203791 0.4473899 0.5070072 0.4180004 0.4576358 0.3685052 0.3743737 0.3193142 0.5697489 0.3359362 0.4264211 0.3375570 0.4060042 0.4646452 0.4188091 0.4348282 0.4175832 0.5072156 0.4814944 0.5221137 0.5037101 
Neurospora_crassa                           2.0792978 2.0519756 2.0054844 2.0483388 2.0960848 2.0225550 1.6297991 2.0868221 1.9525716 1.8792811 0.0000000 1.9741353 1.9117357 1.9150445 1.9588102 1.9358788 1.9440716 1.9225563 1.9168170 1.9351480 1.9217777 2.7331261 2.0440054 2.0443660 1.9223527 2.0907421 1.8989618 1.9735215 1.9339325 1.9881235 2.0214959 1.8254675 2.2284824 2.0780987 2.0634841 2.0083740 1.9385163 1.8828902 1.9876389 1.9300233 
Saccharomyces_arboricola                    0.5260787 0.3887505 0.4227567 0.3764504 0.5000912 0.4353290 0.3786708 0.5260528 0.3342778 0.3649532 1.9741353 0.0000000 0.0462208 0.0607643 0.0662563 0.0569771 0.0421964 0.0640230 0.4633845 0.4599102 0.4021193 0.5252486 0.4644645 0.4544207 0.3583909 0.4021335 0.3574733 0.5202188 0.3645208 0.4447145 0.3541577 0.4537519 0.4854767 0.3901530 0.4523692 0.4393162 0.4734219 0.4394787 0.4585883 0.4671725 
Saccharomyces_cerevisiae                    0.5118847 0.3690387 0.4113840 0.3698427 0.4904386 0.4226295 0.3724858 0.5189227 0.3230952 0.3517256 1.9117357 0.0462208 0.0000000 0.0543180 0.0535751 0.0447163 0.0203020 0.0584072 0.4639445 0.4535837 0.3886866 0.5157877 0.4597877 0.4386977 0.3471384 0.3979300 0.3451466 0.5110178 0.3537877 0.4419620 0.3516177 0.4259469 0.4835566 0.3916139 0.4509768 0.4367192 0.4700090 0.4330045 0.4579409 0.4575934 
Saccharomyces_eubayanus                     0.5187151 0.3717857 0.4073871 0.3767060 0.5017603 0.4226416 0.3688650 0.5184448 0.3270464 0.3483306 1.9150445 0.0607643 0.0543180 0.0000000 0.0712784 0.0650788 0.0479275 0.0151602 0.4532162 0.4548039 0.4004543 0.5107167 0.4598059 0.4233023 0.3419774 0.3995516 0.3482725 0.4999846 0.3566615 0.4413370 0.3535792 0.4336090 0.4728713 0.3749779 0.4509669 0.4233611 0.4673780 0.4266070 0.4433353 0.4575410 
Saccharomyces_kudriavzevii                  0.5139262 0.3840861 0.4174340 0.3920857 0.5111660 0.4548026 0.3885666 0.5271112 0.3420463 0.3623385 1.9588102 0.0662563 0.0535751 0.0712784 0.0000000 0.0684619 0.0553656 0.0715056 0.4619524 0.4610626 0.3965515 0.5333682 0.4627557 0.4476805 0.3678845 0.3999497 0.3557687 0.5330454 0.3649794 0.4365278 0.3655725 0.4437867 0.4854927 0.4055042 0.4546748 0.4289058 0.4813961 0.4451170 0.4649271 0.4750546 
Saccharomyces_mikatae                       0.5150726 0.3758406 0.4232741 0.3863841 0.4924158 0.4424854 0.3834270 0.5211912 0.3362192 0.3588867 1.9358788 0.0569771 0.0447163 0.0650788 0.0684619 0.0000000 0.0419166 0.0654725 0.4760509 0.4599246 0.4183942 0.5275372 0.4670359 0.4419174 0.3582190 0.4054613 0.3503938 0.5071291 0.3641312 0.4486313 0.3615064 0.4436424 0.4928805 0.4029604 0.4580817 0.4399937 0.4780058 0.4363352 0.4634472 0.4713955 
Saccharomyces_paradoxus                     0.5209928 0.3786704 0.4149749 0.3774976 0.4996001 0.4312080 0.3778500 0.5163809 0.3337112 0.3508129 1.9440716 0.0421964 0.0203020 0.0479275 0.0553656 0.0419166 0.0000000 0.0511562 0.4627668 0.4750390 0.4006608 0.5146618 0.4646944 0.4463214 0.3457773 0.3970794 0.3452947 0.5017601 0.3485963 0.4423721 0.3603938 0.4353805 0.4843502 0.3910629 0.4550700 0.4337511 0.4816363 0.4439167 0.4630188 0.4695188 
Saccharomyces_uvarum                        0.5213742 0.3732652 0.4123156 0.3728508 0.5026676 0.4280557 0.3685080 0.5194468 0.3296646 0.3567313 1.9225563 0.0640230 0.0584072 0.0151602 0.0715056 0.0654725 0.0511562 0.0000000 0.4549778 0.4621941 0.4000429 0.5149719 0.4667401 0.4265906 0.3450979 0.4084547 0.3584654 0.5074965 0.3623663 0.4429404 0.3601684 0.4395514 0.4817848 0.3797606 0.4566769 0.4283535 0.4744146 0.4271320 0.4579916 0.4613968 
Tetrapisispora_blattae                      0.5660528 0.4908471 0.4991530 0.5422784 0.5681802 0.5382874 0.4378348 0.5613155 0.4569713 0.4912790 1.9168170 0.4633845 0.4639445 0.4532162 0.4619524 0.4760509 0.4627668 0.4549778 0.0000000 0.5503781 0.4654147 0.6113674 0.5191285 0.5132121 0.4659270 0.4652661 0.4422124 0.5949876 0.4748150 0.5414125 0.4567940 0.5007292 0.5660389 0.4878993 0.5367485 0.5344105 0.5923506 0.5133627 0.5659169 0.3697483 
Tetrapisispora_phaffii                      0.6606708 0.5062852 0.5412394 0.5153079 0.6181184 0.5667657 0.4637692 0.6337648 0.4764245 0.5203791 1.9351480 0.4599102 0.4535837 0.4548039 0.4610626 0.4599246 0.4750390 0.4621941 0.5503781 0.0000000 0.4516543 0.6522846 0.5654951 0.5355471 0.5040377 0.5256086 0.4465543 0.6372324 0.4999842 0.5375038 0.4936760 0.5510208 0.5937782 0.5428975 0.5678686 0.5407395 0.1666478 0.2228114 0.1699443 0.5801722 
Vanderwaltozyma_polyspora                   0.5371174 0.4405579 0.4905298 0.4639880 0.5855041 0.5065144 0.4147447 0.5674677 0.4204838 0.4473899 1.9217777 0.4021193 0.3886866 0.4004543 0.3965515 0.4183942 0.4006608 0.4000429 0.4654147 0.4516543 0.0000000 0.5803432 0.5069753 0.4795542 0.4091745 0.4565177 0.4068638 0.5746684 0.4093972 0.4927243 0.4094827 0.4690397 0.5589407 0.4906168 0.5161031 0.4977403 0.4784433 0.4041274 0.4679269 0.4566046 
yHAB132_Kazachstania_martiniae              0.6646194 0.5246455 0.5435761 0.5779575 0.6317345 0.6415343 0.4714005 0.6384948 0.4666643 0.5070072 2.7331261 0.5252486 0.5157877 0.5107167 0.5333682 0.5275372 0.5146618 0.5149719 0.6113674 0.6522846 0.5803432 0.0000000 0.5277731 0.5495102 0.4448695 0.4587821 0.4072218 0.7230335 0.4595140 0.5228500 0.4776622 0.5329287 0.5832401 0.5087283 0.5325865 0.5059217 0.6469261 0.5979526 0.6365829 0.6351012 
yHAB133_Kazachstania_unispora               0.5632713 0.4095853 0.3811276 0.4977702 0.5467992 0.5574423 0.4046518 0.5772307 0.4095926 0.4180004 2.0440054 0.4644645 0.4597877 0.4598059 0.4627557 0.4670359 0.4646944 0.4667401 0.5191285 0.5654951 0.5069753 0.5277731 0.0000000 0.4686509 0.3263609 0.1616308 0.2950828 0.5354865 0.3606339 0.3892434 0.4221237 0.4481799 0.0876912 0.4514693 0.0866056 0.3873074 0.5901680 0.5379658 0.5845634 0.5655666 
yHAB134_Kazachstania_turicensis             0.5350740 0.4223373 0.4519779 0.5122561 0.5362026 0.5246386 0.3806778 0.5506757 0.4054504 0.4576358 2.0443660 0.4544207 0.4386977 0.4233023 0.4476805 0.4419174 0.4463214 0.4265906 0.5132121 0.5355471 0.4795542 0.5495102 0.4686509 0.0000000 0.3995317 0.4286964 0.3969198 0.5432938 0.3444969 0.4253346 0.4021386 0.4212462 0.4985254 0.2985339 0.4661346 0.4537709 0.5617968 0.5169918 0.5340368 0.5450145 
yHAB136_Kazachstania_bromeliacearum         0.5298016 0.3398672 0.2978654 0.3989184 0.5198483 0.4837428 0.3825054 0.5508974 0.3099996 0.3685052 1.9223527 0.3583909 0.3471384 0.3419774 0.3678845 0.3582190 0.3457773 0.3450979 0.4659270 0.5040377 0.4091745 0.4448695 0.3263609 0.3995317 0.0000000 0.2941097 0.2343452 0.4940237 0.3043182 0.3357512 0.3197825 0.4079716 0.3617492 0.3567533 0.3529244 0.3354893 0.5452605 0.4535879 0.5178154 0.5185630 
yHAB143_Kazachstania_siamensis              0.5123977 0.3638345 0.3323477 0.4645204 0.5259281 0.5062253 0.3747183 0.5325914 0.3547547 0.3743737 2.0907421 0.4021335 0.3979300 0.3995516 0.3999497 0.4054613 0.3970794 0.4084547 0.4652661 0.5256086 0.4565177 0.4587821 0.1616308 0.4286964 0.2941097 0.0000000 0.2531101 0.4948034 0.3326383 0.3322749 0.3704101 0.4140648 0.1777029 0.4093457 0.1651621 0.3279931 0.5361675 0.4963736 0.5149519 0.5511674 
yHAB147_Kazachstania_taianensis             0.4909977 0.3330865 0.2852813 0.3792689 0.4860558 0.4494063 0.3726326 0.5046179 0.3056459 0.3193142 1.8989618 0.3574733 0.3451466 0.3482725 0.3557687 0.3503938 0.3452947 0.3584654 0.4422124 0.4465543 0.4068638 0.4072218 0.2950828 0.3969198 0.2343452 0.2531101 0.0000000 0.4833736 0.2991101 0.3110604 0.3119161 0.3783004 0.3154008 0.3498907 0.2983934 0.3064086 0.4645364 0.4466330 0.4613713 0.5268461 
yHAB148_Kazachstania_intestinalis           0.6377847 0.5638370 0.5546958 0.5823985 0.6729483 0.6674409 0.4566040 0.6555089 0.5194756 0.5697489 1.9735215 0.5202188 0.5110178 0.4999846 0.5330454 0.5071291 0.5017601 0.5074965 0.5949876 0.6372324 0.5746684 0.7230335 0.5354865 0.5432938 0.4940237 0.4948034 0.4833736 0.0000000 0.5108436 0.5227196 0.5239619 0.5612231 0.5737772 0.5390003 0.5510879 0.5362409 0.6919067 0.6221409 0.6738621 0.6417420 
yHAB153_Kazachstania_rosinii                0.4917116 0.3433669 0.3511996 0.4084787 0.5113627 0.4657527 0.3630235 0.4880980 0.3221916 0.3359362 1.9339325 0.3645208 0.3537877 0.3566615 0.3649794 0.3641312 0.3485963 0.3623663 0.4748150 0.4999842 0.4093972 0.4595140 0.3606339 0.3444969 0.3043182 0.3326383 0.2991101 0.5108436 0.0000000 0.3651106 0.2751677 0.3822472 0.3942332 0.3168487 0.3701020 0.3808934 0.5241293 0.4807167 0.5080019 0.5097299 
yHAB154_Kazachstania_transvaalensis         0.5573813 0.3805930 0.3707752 0.4859544 0.5532903 0.5485160 0.4008235 0.5655493 0.4051546 0.4264211 1.9881235 0.4447145 0.4419620 0.4413370 0.4365278 0.4486313 0.4423721 0.4429404 0.5414125 0.5375038 0.4927243 0.5228500 0.3892434 0.4253346 0.3357512 0.3322749 0.3110604 0.5227196 0.3651106 0.0000000 0.4050254 0.4405823 0.4215950 0.4401151 0.3938670 0.1222124 0.5191662 0.5178116 0.5149061 0.5675587 
yHAB155_Kazachstania_spencerorum            0.5178188 0.3625535 0.3778767 0.3883581 0.5543060 0.4576232 0.4026961 0.5581685 0.3225197 0.3375570 2.0214959 0.3541577 0.3516177 0.3535792 0.3655725 0.3615064 0.3603938 0.3601684 0.4567940 0.4936760 0.4094827 0.4776622 0.4221237 0.4021386 0.3197825 0.3704101 0.3119161 0.5239619 0.2751677 0.4050254 0.0000000 0.4097681 0.4545193 0.3504497 0.4314411 0.4164717 0.5178073 0.4708666 0.5054101 0.4629693 
yHAB158_Kazachstania_viticola               0.5462764 0.4026904 0.4480215 0.4718523 0.5680859 0.5344859 0.3958067 0.5625974 0.4076772 0.4060042 1.8254675 0.4537519 0.4259469 0.4336090 0.4437867 0.4436424 0.4353805 0.4395514 0.5007292 0.5510208 0.4690397 0.5329287 0.4481799 0.4212462 0.4079716 0.4140648 0.3783004 0.5612231 0.3822472 0.4405823 0.4097681 0.0000000 0.4954446 0.4355624 0.4578829 0.4556620 0.5706518 0.4937187 0.5471766 0.5599956 
yHAB159_Kazachstania_solicola               0.6014410 0.4460053 0.4095104 0.5317417 0.6091289 0.5927730 0.4563445 0.6442727 0.4536970 0.4646452 2.2284824 0.4854767 0.4835566 0.4728713 0.4854927 0.4928805 0.4843502 0.4817848 0.5660389 0.5937782 0.5589407 0.5832401 0.0876912 0.4985254 0.3617492 0.1777029 0.3154008 0.5737772 0.3942332 0.4215950 0.4545193 0.4954446 0.0000000 0.4634658 0.0348048 0.4084207 0.6288846 0.5904879 0.6299371 0.6275650 
yHAB160_Kazachstania_kunashirensis          0.4985052 0.3731484 0.4098057 0.4644767 0.5203939 0.4871582 0.3577045 0.5127492 0.3744174 0.4188091 2.0780987 0.3901530 0.3916139 0.3749779 0.4055042 0.4029604 0.3910629 0.3797606 0.4878993 0.5428975 0.4906168 0.5087283 0.4514693 0.2985339 0.3567533 0.4093457 0.3498907 0.5390003 0.3168487 0.4401151 0.3504497 0.4355624 0.4634658 0.0000000 0.4441516 0.4500819 0.5823827 0.5211947 0.5671939 0.5360374 
yHAB164_Kazachstania_aerobia                0.5571344 0.4133682 0.3930262 0.5122744 0.5608828 0.5702653 0.4219831 0.5954379 0.4251959 0.4348282 2.0634841 0.4523692 0.4509768 0.4509669 0.4546748 0.4580817 0.4550700 0.4566769 0.5367485 0.5678686 0.5161031 0.5325865 0.0866056 0.4661346 0.3529244 0.1651621 0.2983934 0.5510879 0.3701020 0.3938670 0.4314411 0.4578829 0.0348048 0.4441516 0.0000000 0.3796525 0.5899497 0.5526991 0.5951639 0.6054465 
yHAB166_Kazachstania_yakushimaensis         0.5582854 0.3908614 0.3661982 0.4944438 0.5489365 0.5400815 0.4060941 0.5652758 0.4033658 0.4175832 2.0083740 0.4393162 0.4367192 0.4233611 0.4289058 0.4399937 0.4337511 0.4283535 0.5344105 0.5407395 0.4977403 0.5059217 0.3873074 0.4537709 0.3354893 0.3279931 0.3064086 0.5362409 0.3808934 0.1222124 0.4164717 0.4556620 0.4084207 0.4500819 0.3796525 0.0000000 0.5355319 0.5135834 0.5411115 0.5769570 
yHMPu5000034875_Tetrapisispora_fleetii      0.6691560 0.5166556 0.5254424 0.5388575 0.6398287 0.5699932 0.4723977 0.6609787 0.4970901 0.5072156 1.9385163 0.4734219 0.4700090 0.4673780 0.4813961 0.4780058 0.4816363 0.4744146 0.5923506 0.1666478 0.4784433 0.6469261 0.5901680 0.5617968 0.5452605 0.5361675 0.4645364 0.6919067 0.5241293 0.5191662 0.5178073 0.5706518 0.6288846 0.5823827 0.5899497 0.5355319 0.0000000 0.2308895 0.0718620 0.5825320 
yHMPu5000034876_Tetrapisispora_iriomotensis 0.6340459 0.4713200 0.5163845 0.4984666 0.6160519 0.5633370 0.4370671 0.6221712 0.4404418 0.4814944 1.8828902 0.4394787 0.4330045 0.4266070 0.4451170 0.4363352 0.4439167 0.4271320 0.5133627 0.2228114 0.4041274 0.5979526 0.5379658 0.5169918 0.4535879 0.4963736 0.4466330 0.6221409 0.4807167 0.5178116 0.4708666 0.4937187 0.5904879 0.5211947 0.5526991 0.5135834 0.2308895 0.0000000 0.2341443 0.5516058 
yHMPu5000034877_Tetrapisispora_namnaonensis 0.6700261 0.4944535 0.5188394 0.5277615 0.6437590 0.5565511 0.4605650 0.6575458 0.5023004 0.5221137 1.9876389 0.4585883 0.4579409 0.4433353 0.4649271 0.4634472 0.4630188 0.4579916 0.5659169 0.1699443 0.4679269 0.6365829 0.5845634 0.5340368 0.5178154 0.5149519 0.4613713 0.6738621 0.5080019 0.5149061 0.5054101 0.5471766 0.6299371 0.5671939 0.5951639 0.5411115 0.0718620 0.2341443 0.0000000 0.5760223 
yHMPu5000035629_Yueomyces_sinensis          0.6089544 0.4973287 0.5358200 0.4920659 0.6034105 0.5485072 0.4533604 0.6089835 0.4618668 0.5037101 1.9300233 0.4671725 0.4575934 0.4575410 0.4750546 0.4713955 0.4695188 0.4613968 0.3697483 0.5801722 0.4566046 0.6351012 0.5655666 0.5450145 0.5185630 0.5511674 0.5268461 0.6417420 0.5097299 0.5675587 0.4629693 0.5599956 0.6275650 0.5360374 0.6054465 0.5769570 0.5825320 0.5516058 0.5760223 0.0000000 
