40
Candida_glabrata                            0.0000000 0.2241931 0.2529557 0.2221133 0.0871574 0.3254305 0.1079585 0.0984694 0.2315259 0.2273668 0.7658189 0.1980649 0.1920476 0.1869091 0.1975820 0.1860434 0.1896468 0.1909186 0.2787993 0.2611525 0.2287096 0.2362543 0.2404870 0.2464817 0.2736400 0.2745523 0.2366013 0.2560520 0.2669291 0.3323555 0.2281543 0.2701425 0.2472915 0.2346491 0.2549828 0.3077071 0.2803243 0.2668777 0.2735701 0.2931894 
Kazachstania_africana                       0.2241931 0.0000000 0.2435395 0.2346305 0.2401718 0.3573981 0.2566467 0.2479419 0.2066536 0.2129365 0.8318443 0.2260655 0.2179895 0.2237675 0.2342623 0.2218141 0.2279200 0.2175733 0.2689386 0.2663026 0.2283441 0.2018150 0.2433108 0.1964446 0.2855962 0.2537011 0.2408154 0.2472206 0.2463947 0.2988657 0.1894561 0.2204135 0.2437366 0.2049973 0.2454540 0.2840584 0.2686524 0.2786216 0.2695344 0.3214570 
Kazachstania_naganishii                     0.2529557 0.2435395 0.0000000 0.2537371 0.2530058 0.3620887 0.2571830 0.2553519 0.2412268 0.2504507 0.8627347 0.2111432 0.2120988 0.2040832 0.2122544 0.2121335 0.2217129 0.2139237 0.2950651 0.2785664 0.2298240 0.2284828 0.2060204 0.2453083 0.2283862 0.2242104 0.1645856 0.2221851 0.2871684 0.2502263 0.2372924 0.2534784 0.2077945 0.2260687 0.2178110 0.2298757 0.3015119 0.2923796 0.2816115 0.3514528 
Nakaseomyces_bacillisporus                  0.2221133 0.2346305 0.2537371 0.0000000 0.2450920 0.2961423 0.2631835 0.2560074 0.2236194 0.2499111 0.8396089 0.2380085 0.2353805 0.2214397 0.2239003 0.2340209 0.2291086 0.2201258 0.2925080 0.2922461 0.2431608 0.2431941 0.2668487 0.2240493 0.3078823 0.2823428 0.2455100 0.2633020 0.2779601 0.3358665 0.2326275 0.2665979 0.2522470 0.2473586 0.2636136 0.3071426 0.3015467 0.2938808 0.3020340 0.3131225 
Nakaseomyces_bracarensis                    0.0871574 0.2401718 0.2530058 0.2450920 0.0000000 0.3721736 0.0549273 0.0400118 0.2532645 0.2211419 0.7600922 0.2218758 0.2113588 0.2138637 0.2070950 0.2002709 0.2074173 0.2189001 0.2733411 0.2607638 0.2184010 0.2438029 0.2377875 0.2456412 0.3017970 0.2805125 0.2404440 0.2469216 0.2834615 0.3235850 0.2299447 0.3004355 0.2435789 0.2339974 0.2438163 0.2974334 0.2665447 0.2652761 0.2650263 0.3112059 
Nakaseomyces_castellii                      0.3254305 0.3573981 0.3620887 0.2961423 0.3721736 0.0000000 0.3842030 0.3847636 0.3436254 0.3722713 0.9545075 0.3348145 0.3320944 0.3357811 0.3386353 0.3255034 0.3407268 0.3300749 0.4064674 0.3854889 0.3617713 0.3555711 0.3364772 0.3542313 0.3976556 0.3594585 0.3327925 0.3798544 0.3581977 0.3909493 0.3538304 0.3521214 0.3340776 0.3453415 0.3396189 0.3607782 0.4001490 0.4067411 0.3994904 0.4582679 
Nakaseomyces_delphensis                     0.1079585 0.2566467 0.2571830 0.2631835 0.0549273 0.3842030 0.0000000 0.0402722 0.2766419 0.2403541 0.7746414 0.2174357 0.2121458 0.2136960 0.2070507 0.2083834 0.2059595 0.2174748 0.3030353 0.2769327 0.2383155 0.2628186 0.2487408 0.2681612 0.3143664 0.2900409 0.2485221 0.2573478 0.3062658 0.3479643 0.2477293 0.3059137 0.2588139 0.2608620 0.2747522 0.3220887 0.2914313 0.2857333 0.2861530 0.3101989 
Nakaseomyces_nivariensis                    0.0984694 0.2479419 0.2553519 0.2560074 0.0400118 0.3847636 0.0402722 0.0000000 0.2579537 0.2300474 0.7541257 0.2160932 0.2067247 0.2125329 0.2091739 0.2073654 0.2104958 0.2157612 0.2822612 0.2693003 0.2336544 0.2564126 0.2434731 0.2598594 0.3078918 0.2861425 0.2357353 0.2489992 0.2993601 0.3385944 0.2411898 0.3025050 0.2466868 0.2478477 0.2547759 0.3111662 0.2791452 0.2785349 0.2786868 0.3128470 
Naumovozyma_castellii                       0.2315259 0.2066536 0.2412268 0.2236194 0.2532645 0.3436254 0.2766419 0.2579537 0.0000000 0.1946960 0.8036828 0.2160668 0.2216611 0.2152905 0.2198916 0.2295932 0.2263566 0.2171211 0.2722048 0.2525967 0.2104987 0.2119153 0.2554122 0.2113581 0.2594422 0.2746079 0.2103164 0.2390061 0.2493634 0.2634204 0.2123374 0.2338490 0.2574545 0.2131673 0.2636454 0.2584381 0.2659510 0.2701856 0.2675674 0.3383346 
Naumovozyma_dairenensis                     0.2273668 0.2129365 0.2504507 0.2499111 0.2211419 0.3722713 0.2403541 0.2300474 0.1946960 0.0000000 0.8206898 0.2213884 0.2203367 0.2090740 0.2235409 0.2166035 0.2168129 0.2078588 0.2650951 0.2730104 0.2409627 0.2282673 0.2435831 0.2067707 0.2516092 0.2678441 0.2206698 0.2439643 0.2627762 0.2942836 0.2220687 0.2464733 0.2454546 0.1963410 0.2580639 0.2709764 0.2778773 0.2756443 0.2664280 0.3418865 
Neurospora_crassa                           0.7658189 0.8318443 0.8627347 0.8396089 0.7600922 0.9545075 0.7746414 0.7541257 0.8036828 0.8206898 0.0000000 0.8258722 0.8242417 0.8217001 0.8121923 0.8058226 0.8332374 0.8017147 0.8801698 0.9107144 0.7949802 0.8572875 0.8730690 0.8335288 0.8770433 0.9272333 0.8264925 0.8609567 0.8748648 0.9980197 0.8356312 0.9076755 0.8841984 0.8679343 0.8890340 0.9085220 0.9083257 0.9345928 0.8982064 0.8795212 
Saccharomyces_arboricola                    0.1980649 0.2260655 0.2111432 0.2380085 0.2218758 0.3348145 0.2174357 0.2160932 0.2160668 0.2213884 0.8258722 0.0000000 0.0607410 0.0602875 0.0552874 0.0605116 0.0568626 0.0557790 0.2710475 0.2689889 0.2440562 0.2238442 0.2546739 0.2307295 0.2580366 0.2745999 0.2125381 0.2550023 0.2838110 0.3052034 0.2383563 0.2543361 0.2645693 0.2262348 0.2706608 0.3054072 0.2745584 0.2759559 0.2637123 0.3512458 
Saccharomyces_cerevisiae                    0.1920476 0.2179895 0.2120988 0.2353805 0.2113588 0.3320944 0.2121458 0.2067247 0.2216611 0.2203367 0.8242417 0.0607410 0.0000000 0.0739901 0.0613841 0.0567705 0.0283967 0.0663571 0.2750103 0.2608492 0.2395947 0.2092885 0.2555502 0.2281997 0.2647375 0.2729429 0.2124928 0.2512230 0.2752361 0.3156241 0.2295841 0.2552107 0.2619476 0.2213206 0.2677833 0.3059897 0.2637791 0.2712465 0.2569575 0.3236876 
Saccharomyces_eubayanus                     0.1869091 0.2237675 0.2040832 0.2214397 0.2138637 0.3357811 0.2136960 0.2125329 0.2152905 0.2090740 0.8217001 0.0602875 0.0739901 0.0000000 0.0764465 0.0763101 0.0656953 0.0282202 0.2724925 0.2588251 0.2416556 0.2173282 0.2474893 0.2239207 0.2601716 0.2712551 0.2057142 0.2411852 0.2793578 0.2992079 0.2236245 0.2465040 0.2587452 0.2150051 0.2708029 0.2926124 0.2660805 0.2556619 0.2609816 0.3409380 
Saccharomyces_kudriavzevii                  0.1975820 0.2342623 0.2122544 0.2239003 0.2070950 0.3386353 0.2070507 0.2091739 0.2198916 0.2235409 0.8121923 0.0552874 0.0613841 0.0764465 0.0000000 0.0584171 0.0565236 0.0697930 0.2699056 0.2630070 0.2337385 0.2289461 0.2525110 0.2201284 0.2661450 0.2777274 0.2014870 0.2422189 0.2859285 0.2970032 0.2348569 0.2656525 0.2526428 0.2295780 0.2606157 0.2915957 0.2545666 0.2685782 0.2517827 0.3338152 
Saccharomyces_mikatae                       0.1860434 0.2218141 0.2121335 0.2340209 0.2002709 0.3255034 0.2083834 0.2073654 0.2295932 0.2166035 0.8058226 0.0605116 0.0567705 0.0763101 0.0584171 0.0000000 0.0522956 0.0709020 0.2689325 0.2594558 0.2417240 0.2244991 0.2568455 0.2262280 0.2520349 0.2763795 0.2163115 0.2427398 0.2788785 0.3153694 0.2337240 0.2631469 0.2610768 0.2270939 0.2700630 0.3094140 0.2621353 0.2684020 0.2565479 0.3327684 
Saccharomyces_paradoxus                     0.1896468 0.2279200 0.2217129 0.2291086 0.2074173 0.3407268 0.2059595 0.2104958 0.2263566 0.2168129 0.8332374 0.0568626 0.0283967 0.0656953 0.0565236 0.0522956 0.0000000 0.0602720 0.2735146 0.2622071 0.2352859 0.2165616 0.2588748 0.2242641 0.2639425 0.2801707 0.2206377 0.2486688 0.2766121 0.3167978 0.2366971 0.2584205 0.2654959 0.2182694 0.2755779 0.3063270 0.2672003 0.2712806 0.2603381 0.3362253 
Saccharomyces_uvarum                        0.1909186 0.2175733 0.2139237 0.2201258 0.2189001 0.3300749 0.2174748 0.2157612 0.2171211 0.2078588 0.8017147 0.0557790 0.0663571 0.0282202 0.0697930 0.0709020 0.0602720 0.0000000 0.2745110 0.2625476 0.2430137 0.2176098 0.2512740 0.2184990 0.2612152 0.2741720 0.2046677 0.2417633 0.2761581 0.2952767 0.2297489 0.2449404 0.2586247 0.2147934 0.2681716 0.3011952 0.2672773 0.2646455 0.2588677 0.3386163 
Tetrapisispora_blattae                      0.2787993 0.2689386 0.2950651 0.2925080 0.2733411 0.4064674 0.3030353 0.2822612 0.2722048 0.2650951 0.8801698 0.2710475 0.2750103 0.2724925 0.2699056 0.2689325 0.2735146 0.2745110 0.0000000 0.3195773 0.2928716 0.2827200 0.2948353 0.2846820 0.3275605 0.3238874 0.2702541 0.2903505 0.3056269 0.3540060 0.2848693 0.3169434 0.2879823 0.2607491 0.3004845 0.3363961 0.3317495 0.3158585 0.3305848 0.2843388 
Tetrapisispora_phaffii                      0.2611525 0.2663026 0.2785664 0.2922461 0.2607638 0.3854889 0.2769327 0.2693003 0.2525967 0.2730104 0.9107144 0.2689889 0.2608492 0.2588251 0.2630070 0.2594558 0.2622071 0.2625476 0.3195773 0.0000000 0.1984516 0.2646404 0.3128362 0.2607486 0.3202758 0.2989910 0.2648791 0.2658124 0.3152038 0.2843825 0.2463499 0.2798782 0.3078556 0.2609784 0.3144711 0.2803810 0.0780887 0.0998272 0.0763020 0.3587339 
Vanderwaltozyma_polyspora                   0.2287096 0.2283441 0.2298240 0.2431608 0.2184010 0.3617713 0.2383155 0.2336544 0.2104987 0.2409627 0.7949802 0.2440562 0.2395947 0.2416556 0.2337385 0.2417240 0.2352859 0.2430137 0.2928716 0.1984516 0.0000000 0.2313834 0.2891938 0.2423067 0.2939498 0.2944286 0.2365050 0.2259474 0.2807953 0.2885300 0.2300269 0.2701902 0.2895614 0.2461438 0.2917683 0.2602076 0.2113450 0.2196664 0.2127595 0.3183862 
yHAB132_Kazachstania_martiniae              0.2362543 0.2018150 0.2284828 0.2431941 0.2438029 0.3555711 0.2628186 0.2564126 0.2119153 0.2282673 0.8572875 0.2238442 0.2092885 0.2173282 0.2289461 0.2244991 0.2165616 0.2176098 0.2827200 0.2646404 0.2313834 0.0000000 0.2549571 0.2000224 0.2524593 0.2343672 0.2218224 0.2500597 0.2488425 0.2518303 0.1858195 0.2130709 0.2436673 0.2031904 0.2468720 0.2429340 0.2731456 0.2748436 0.2657478 0.3433911 
yHAB133_Kazachstania_unispora               0.2404870 0.2433108 0.2060204 0.2668487 0.2377875 0.3364772 0.2487408 0.2434731 0.2554122 0.2435831 0.8730690 0.2546739 0.2555502 0.2474893 0.2525110 0.2568455 0.2588748 0.2512740 0.2948353 0.3128362 0.2891938 0.2549571 0.0000000 0.2563705 0.2660782 0.1292793 0.1780785 0.2479177 0.3120835 0.2745608 0.2392928 0.2715707 0.0526185 0.2386232 0.0663691 0.2481770 0.3266342 0.3104245 0.3218297 0.3721883 
yHAB134_Kazachstania_turicensis             0.2464817 0.1964446 0.2453083 0.2240493 0.2456412 0.3542313 0.2681612 0.2598594 0.2113581 0.2067707 0.8335288 0.2307295 0.2281997 0.2239207 0.2201284 0.2262280 0.2242641 0.2184990 0.2846820 0.2607486 0.2423067 0.2000224 0.2563705 0.0000000 0.2526605 0.2517633 0.2140783 0.2353364 0.2425111 0.2778267 0.1681884 0.2208242 0.2480051 0.1473602 0.2567190 0.2591552 0.2478862 0.2678968 0.2583645 0.3414762 
yHAB136_Kazachstania_bromeliacearum         0.2736400 0.2855962 0.2283862 0.3078823 0.3017970 0.3976556 0.3143664 0.3078918 0.2594422 0.2516092 0.8770433 0.2580366 0.2647375 0.2601716 0.2661450 0.2520349 0.2639425 0.2612152 0.3275605 0.3202758 0.2939498 0.2524593 0.2660782 0.2526605 0.0000000 0.2884440 0.2222725 0.2666970 0.3086402 0.2943469 0.2505158 0.2621569 0.2741134 0.2658300 0.2817402 0.2839761 0.3391107 0.3363732 0.3270590 0.3664910 
yHAB143_Kazachstania_siamensis              0.2745523 0.2537011 0.2242104 0.2823428 0.2805125 0.3594585 0.2900409 0.2861425 0.2746079 0.2678441 0.9272333 0.2745999 0.2729429 0.2712551 0.2777274 0.2763795 0.2801707 0.2741720 0.3238874 0.2989910 0.2944286 0.2343672 0.1292793 0.2517633 0.2884440 0.0000000 0.1976432 0.2629183 0.3236021 0.2368683 0.2472438 0.2516737 0.1317852 0.2616717 0.1349825 0.2168789 0.3083948 0.3032245 0.2943476 0.3744296 
yHAB147_Kazachstania_taianensis             0.2366013 0.2408154 0.1645856 0.2455100 0.2404440 0.3327925 0.2485221 0.2357353 0.2103164 0.2206698 0.8264925 0.2125381 0.2124928 0.2057142 0.2014870 0.2163115 0.2206377 0.2046677 0.2702541 0.2648791 0.2365050 0.2218224 0.1780785 0.2140783 0.2222725 0.1976432 0.0000000 0.2009049 0.2657606 0.2122850 0.2118858 0.2342244 0.1855960 0.2155566 0.1950345 0.2068524 0.2970695 0.2904170 0.2897394 0.3191513 
yHAB148_Kazachstania_intestinalis           0.2560520 0.2472206 0.2221851 0.2633020 0.2469216 0.3798544 0.2573478 0.2489992 0.2390061 0.2439643 0.8609567 0.2550023 0.2512230 0.2411852 0.2422189 0.2427398 0.2486688 0.2417633 0.2903505 0.2658124 0.2259474 0.2500597 0.2479177 0.2353364 0.2666970 0.2629183 0.2009049 0.0000000 0.2631662 0.2832677 0.2372718 0.2696831 0.2493286 0.2181438 0.2628974 0.2699254 0.2999630 0.2855272 0.2841527 0.3505260 
yHAB153_Kazachstania_rosinii                0.2669291 0.2463947 0.2871684 0.2779601 0.2834615 0.3581977 0.3062658 0.2993601 0.2493634 0.2627762 0.8748648 0.2838110 0.2752361 0.2793578 0.2859285 0.2788785 0.2766121 0.2761581 0.3056269 0.3152038 0.2807953 0.2488425 0.3120835 0.2425111 0.3086402 0.3236021 0.2657606 0.2631662 0.0000000 0.3488140 0.1987746 0.2605797 0.2964816 0.1924749 0.3015290 0.3136914 0.3428800 0.3362144 0.3332483 0.3432244 
yHAB154_Kazachstania_transvaalensis         0.3323555 0.2988657 0.2502263 0.3358665 0.3235850 0.3909493 0.3479643 0.3385944 0.2634204 0.2942836 0.9980197 0.3052034 0.3156241 0.2992079 0.2970032 0.3153694 0.3167978 0.2952767 0.3540060 0.2843825 0.2885300 0.2518303 0.2745608 0.2778267 0.2943469 0.2368683 0.2122850 0.2832677 0.3488140 0.0000000 0.2546672 0.2788324 0.2793513 0.2753384 0.2823647 0.0749297 0.3175630 0.3108809 0.3009872 0.4013433 
yHAB155_Kazachstania_spencerorum            0.2281543 0.1894561 0.2372924 0.2326275 0.2299447 0.3538304 0.2477293 0.2411898 0.2123374 0.2220687 0.8356312 0.2383563 0.2295841 0.2236245 0.2348569 0.2337240 0.2366971 0.2297489 0.2848693 0.2463499 0.2300269 0.1858195 0.2392928 0.1681884 0.2505158 0.2472438 0.2118858 0.2372718 0.1987746 0.2546672 0.0000000 0.2026843 0.2411440 0.1593876 0.2415960 0.2452876 0.2625330 0.2564119 0.2617859 0.3235655 
yHAB158_Kazachstania_viticola               0.2701425 0.2204135 0.2534784 0.2665979 0.3004355 0.3521214 0.3059137 0.3025050 0.2338490 0.2464733 0.9076755 0.2543361 0.2552107 0.2465040 0.2656525 0.2631469 0.2584205 0.2449404 0.3169434 0.2798782 0.2701902 0.2130709 0.2715707 0.2208242 0.2621569 0.2516737 0.2342244 0.2696831 0.2605797 0.2788324 0.2026843 0.0000000 0.2807463 0.2314128 0.2906608 0.2702911 0.2861000 0.3132697 0.2964548 0.3532577 
yHAB159_Kazachstania_solicola               0.2472915 0.2437366 0.2077945 0.2522470 0.2435789 0.3340776 0.2588139 0.2466868 0.2574545 0.2454546 0.8841984 0.2645693 0.2619476 0.2587452 0.2526428 0.2610768 0.2654959 0.2586247 0.2879823 0.3078556 0.2895614 0.2436673 0.0526185 0.2480051 0.2741134 0.1317852 0.1855960 0.2493286 0.2964816 0.2793513 0.2411440 0.2807463 0.0000000 0.2395715 0.0344363 0.2543192 0.3213277 0.3170803 0.3145505 0.3660709 
yHAB160_Kazachstania_kunashirensis          0.2346491 0.2049973 0.2260687 0.2473586 0.2339974 0.3453415 0.2608620 0.2478477 0.2131673 0.1963410 0.8679343 0.2262348 0.2213206 0.2150051 0.2295780 0.2270939 0.2182694 0.2147934 0.2607491 0.2609784 0.2461438 0.2031904 0.2386232 0.1473602 0.2658300 0.2616717 0.2155566 0.2181438 0.1924749 0.2753384 0.1593876 0.2314128 0.2395715 0.0000000 0.2481226 0.2589768 0.2648154 0.2830301 0.2657339 0.3432293 
yHAB164_Kazachstania_aerobia                0.2549828 0.2454540 0.2178110 0.2636136 0.2438163 0.3396189 0.2747522 0.2547759 0.2636454 0.2580639 0.8890340 0.2706608 0.2677833 0.2708029 0.2606157 0.2700630 0.2755779 0.2681716 0.3004845 0.3144711 0.2917683 0.2468720 0.0663691 0.2567190 0.2817402 0.1349825 0.1950345 0.2628974 0.3015290 0.2823647 0.2415960 0.2906608 0.0344363 0.2481226 0.0000000 0.2563553 0.3335803 0.3169809 0.3205952 0.3604802 
yHAB166_Kazachstania_yakushimaensis         0.3077071 0.2840584 0.2298757 0.3071426 0.2974334 0.3607782 0.3220887 0.3111662 0.2584381 0.2709764 0.9085220 0.3054072 0.3059897 0.2926124 0.2915957 0.3094140 0.3063270 0.3011952 0.3363961 0.2803810 0.2602076 0.2429340 0.2481770 0.2591552 0.2839761 0.2168789 0.2068524 0.2699254 0.3136914 0.0749297 0.2452876 0.2702911 0.2543192 0.2589768 0.2563553 0.0000000 0.2990742 0.2917730 0.2857354 0.3730306 
yHMPu5000034875_Tetrapisispora_fleetii      0.2803243 0.2686524 0.3015119 0.3015467 0.2665447 0.4001490 0.2914313 0.2791452 0.2659510 0.2778773 0.9083257 0.2745584 0.2637791 0.2660805 0.2545666 0.2621353 0.2672003 0.2672773 0.3317495 0.0780887 0.2113450 0.2731456 0.3266342 0.2478862 0.3391107 0.3083948 0.2970695 0.2999630 0.3428800 0.3175630 0.2625330 0.2861000 0.3213277 0.2648154 0.3335803 0.2990742 0.0000000 0.1088434 0.0374386 0.3624965 
yHMPu5000034876_Tetrapisispora_iriomotensis 0.2668777 0.2786216 0.2923796 0.2938808 0.2652761 0.4067411 0.2857333 0.2785349 0.2701856 0.2756443 0.9345928 0.2759559 0.2712465 0.2556619 0.2685782 0.2684020 0.2712806 0.2646455 0.3158585 0.0998272 0.2196664 0.2748436 0.3104245 0.2678968 0.3363732 0.3032245 0.2904170 0.2855272 0.3362144 0.3108809 0.2564119 0.3132697 0.3170803 0.2830301 0.3169809 0.2917730 0.1088434 0.0000000 0.1057232 0.3510953 
yHMPu5000034877_Tetrapisispora_namnaonensis 0.2735701 0.2695344 0.2816115 0.3020340 0.2650263 0.3994904 0.2861530 0.2786868 0.2675674 0.2664280 0.8982064 0.2637123 0.2569575 0.2609816 0.2517827 0.2565479 0.2603381 0.2588677 0.3305848 0.0763020 0.2127595 0.2657478 0.3218297 0.2583645 0.3270590 0.2943476 0.2897394 0.2841527 0.3332483 0.3009872 0.2617859 0.2964548 0.3145505 0.2657339 0.3205952 0.2857354 0.0374386 0.1057232 0.0000000 0.3518488 
yHMPu5000035629_Yueomyces_sinensis          0.2931894 0.3214570 0.3514528 0.3131225 0.3112059 0.4582679 0.3101989 0.3128470 0.3383346 0.3418865 0.8795212 0.3512458 0.3236876 0.3409380 0.3338152 0.3327684 0.3362253 0.3386163 0.2843388 0.3587339 0.3183862 0.3433911 0.3721883 0.3414762 0.3664910 0.3744296 0.3191513 0.3505260 0.3432244 0.4013433 0.3235655 0.3532577 0.3660709 0.3432293 0.3604802 0.3730306 0.3624965 0.3510953 0.3518488 0.0000000 
