40
Candida_glabrata                            0.0000000 0.1417660 0.3321897 0.1908038 0.0401494 0.2480548 0.0646689 0.0459158 0.1514052 0.1275505 0.5768570 0.1539639 0.1371251 0.1550848 0.1513622 0.1505306 0.1505676 0.1543409 0.1348178 0.2133100 0.1741817 0.1317361 0.1556167 0.1864034 0.1362597 0.1366769 0.3269057 0.1548706 0.1833296 0.1608959 0.1606980 0.1317498 0.1489918 0.1485834 0.1559525 0.1840815 0.1776771 0.1681084 0.1929825 0.1569281 
Kazachstania_africana                       0.1417660 0.0000000 0.3726516 0.1215198 0.1321349 0.1942468 0.1469340 0.1384235 0.0726246 0.0828074 0.6236668 0.0945257 0.0906209 0.1082165 0.1038814 0.0902528 0.1033936 0.1077168 0.1645706 0.1720244 0.1074077 0.0572794 0.0944833 0.1255141 0.0825516 0.0820577 0.2721206 0.1095601 0.0774557 0.1549188 0.0965244 0.0685453 0.0883237 0.0848417 0.0946995 0.1555903 0.1599808 0.1420905 0.1751597 0.1423433 
Kazachstania_naganishii                     0.3321897 0.3726516 0.0000000 0.3907808 0.3688087 0.4489165 0.3700702 0.3606598 0.3741281 0.3721889 0.7979814 0.3633953 0.3593569 0.3776116 0.3911803 0.3692163 0.3777597 0.3805501 0.3871697 0.3811056 0.3856179 0.3945702 0.4203373 0.4047059 0.3553885 0.4090526 0.4153345 0.4042802 0.4021543 0.4106109 0.3923480 0.3668337 0.4272112 0.3691216 0.4372527 0.4354984 0.4017251 0.3950628 0.4337945 0.3893573 
Nakaseomyces_bacillisporus                  0.1908038 0.1215198 0.3907808 0.0000000 0.1819856 0.1733190 0.1771115 0.1883808 0.1146562 0.1317176 0.6704763 0.1429579 0.1206576 0.1437178 0.1343564 0.1201659 0.1336873 0.1430459 0.1985262 0.1945460 0.1492905 0.1343400 0.1890347 0.1833177 0.1251511 0.1753404 0.3075079 0.2048309 0.1712237 0.1705584 0.1861278 0.1369843 0.1822988 0.1719956 0.1894196 0.1713459 0.1911937 0.1635843 0.1985921 0.2108263 
Nakaseomyces_bracarensis                    0.0401494 0.1321349 0.3688087 0.1819856 0.0000000 0.2308979 0.0340818 0.0279009 0.1500070 0.1332323 0.6309660 0.1656006 0.1482426 0.1667705 0.1631083 0.1621622 0.1622053 0.1659431 0.1406434 0.2277603 0.1814686 0.1354609 0.1461683 0.1772938 0.1401930 0.1251482 0.3458739 0.1660121 0.1743870 0.1553335 0.1653299 0.1354725 0.1394357 0.1390556 0.1464958 0.1786484 0.1904183 0.1807313 0.2064276 0.1778417 
Nakaseomyces_castellii                      0.2480548 0.1942468 0.4489165 0.1733190 0.2308979 0.0000000 0.2423161 0.2378993 0.2109835 0.1891666 0.8695191 0.2281859 0.2212220 0.2390106 0.2386731 0.2279343 0.2370284 0.2377245 0.2412136 0.3358080 0.2449438 0.2280392 0.2384800 0.2532815 0.2101064 0.2232966 0.3755066 0.2602602 0.2439018 0.2640642 0.2585218 0.2067975 0.2310324 0.2283379 0.2389594 0.2820404 0.2947605 0.2954650 0.3143230 0.2583316 
Nakaseomyces_delphensis                     0.0646689 0.1469340 0.3700702 0.1771115 0.0340818 0.2423161 0.0000000 0.0281729 0.1485584 0.1319443 0.6221831 0.1502070 0.1330717 0.1679186 0.1614850 0.1466792 0.1467153 0.1670831 0.1556238 0.2593638 0.1973163 0.1500415 0.1608772 0.2075266 0.1409800 0.1394840 0.3289722 0.1671636 0.1898508 0.1534097 0.1806350 0.1500426 0.1681360 0.1676359 0.1754237 0.1763911 0.2057860 0.2112628 0.2220980 0.1934652 
Nakaseomyces_nivariensis                    0.0459158 0.1384235 0.3606598 0.1883808 0.0279009 0.2378993 0.0281729 0.0000000 0.1562660 0.1395020 0.6368766 0.1579918 0.1407279 0.1591464 0.1695593 0.1545067 0.1545463 0.1583627 0.1469698 0.2491861 0.1879783 0.1416410 0.1521514 0.1980066 0.1465049 0.1311070 0.3361195 0.1583575 0.1807657 0.1614084 0.1716799 0.1416482 0.1593023 0.1588430 0.1664793 0.1847739 0.1964155 0.2016374 0.2124572 0.1842738 
Naumovozyma_castellii                       0.1514052 0.0726246 0.3741281 0.1146562 0.1500070 0.2109835 0.1485584 0.1562660 0.0000000 0.0554507 0.6401725 0.0651365 0.0607390 0.0930206 0.0737327 0.0604897 0.0734016 0.0925801 0.1556175 0.1840422 0.0928465 0.0984187 0.1320366 0.1616851 0.1043676 0.1109999 0.3124624 0.1402718 0.1075783 0.1465896 0.1238793 0.0849974 0.1253937 0.1054843 0.1323376 0.1613140 0.1635938 0.1355321 0.1710167 0.1392968 
Naumovozyma_dairenensis                     0.1275505 0.0828074 0.3721889 0.1317176 0.1332323 0.1891666 0.1319443 0.1395020 0.0554507 0.0000000 0.6224212 0.0632944 0.0589906 0.0902959 0.0715865 0.0712627 0.0712755 0.0898812 0.1279606 0.2004118 0.1139671 0.0823252 0.1087945 0.1656775 0.0834207 0.0897118 0.2861903 0.1286644 0.0915935 0.1281572 0.1289654 0.0578602 0.1024634 0.0909251 0.1090428 0.1420517 0.1798167 0.1620015 0.1953410 0.1273564 
Neurospora_crassa                           0.5768570 0.6236668 0.7979814 0.6704763 0.6309660 0.8695191 0.6221831 0.6368766 0.6401725 0.6224212 0.0000000 0.6544907 0.6549124 0.6817771 0.6694421 0.6520303 0.6638400 0.6868182 0.7062923 0.6840185 0.6457856 0.6340534 0.6939316 0.7583392 0.6426543 0.6992618 0.7292926 0.6371412 0.6481426 0.6550463 0.5970658 0.6374221 0.7009873 0.6599301 0.7139880 0.6553893 0.7159086 0.6553183 0.7105721 0.6470225 
Saccharomyces_arboricola                    0.1539639 0.0945257 0.3633953 0.1429579 0.1656006 0.2281859 0.1502070 0.1579918 0.0651365 0.0632944 0.6544907 0.0000000 0.0226831 0.0401992 0.0408408 0.0343053 0.0343108 0.0466141 0.1647934 0.1762326 0.1211076 0.1067733 0.1263214 0.1859053 0.1209344 0.1148797 0.2799101 0.1279151 0.1157803 0.1423431 0.1542119 0.0881383 0.1330275 0.1286182 0.1397493 0.1492245 0.1455226 0.1390354 0.1603422 0.1481735 
Saccharomyces_cerevisiae                    0.1371251 0.0906209 0.3593569 0.1206576 0.1482426 0.2212220 0.1330717 0.1407279 0.0607390 0.0589906 0.6549124 0.0226831 0.0000000 0.0280773 0.0223813 0.0110478 0.0110494 0.0279599 0.1562792 0.1736957 0.1110233 0.1030174 0.1298246 0.1886959 0.1172979 0.1111620 0.2715797 0.1243264 0.1256828 0.1311768 0.1508743 0.0811657 0.1366681 0.1250332 0.1435261 0.1380030 0.1512000 0.1369520 0.1660264 0.1447820 
Saccharomyces_eubayanus                     0.1550848 0.1082165 0.3776116 0.1437178 0.1667705 0.2390106 0.1679186 0.1591464 0.0930206 0.0902959 0.6817771 0.0401992 0.0280773 0.0000000 0.0462016 0.0396258 0.0396320 0.0054831 0.1744558 0.1707612 0.1238076 0.1206500 0.1405370 0.2072899 0.1351557 0.1290758 0.2780359 0.1281017 0.1222444 0.1656374 0.1689868 0.0982471 0.1473576 0.1430627 0.1541964 0.1727973 0.1619249 0.1477708 0.1767652 0.1496481 
Saccharomyces_kudriavzevii                  0.1513622 0.1038814 0.3911803 0.1343564 0.1631083 0.2386731 0.1614850 0.1695593 0.0737327 0.0715865 0.6694421 0.0408408 0.0223813 0.0462016 0.0000000 0.0338529 0.0338582 0.0398941 0.1709782 0.1831984 0.1124270 0.1164879 0.1463756 0.2042369 0.1311579 0.1384887 0.2832392 0.1521270 0.1345406 0.1592584 0.1654409 0.0938953 0.1457734 0.1322956 0.1528078 0.1578019 0.1748882 0.1391820 0.1830255 0.1592336 
Saccharomyces_mikatae                       0.1505306 0.0902528 0.3692163 0.1201659 0.1621622 0.2279343 0.1466792 0.1545067 0.0604897 0.0712627 0.6520303 0.0343053 0.0110478 0.0396258 0.0338529 0.0000000 0.0222833 0.0394582 0.1699901 0.1809944 0.1170037 0.1159017 0.1431113 0.1961881 0.1304694 0.1243240 0.2870309 0.1376696 0.1390164 0.1446292 0.1644985 0.0934574 0.1500479 0.1383954 0.1570029 0.1515777 0.1582496 0.1439064 0.1732462 0.1583390 
Saccharomyces_paradoxus                     0.1505676 0.1033936 0.3777597 0.1336873 0.1622053 0.2370284 0.1467153 0.1545463 0.0734016 0.0712755 0.6638400 0.0343108 0.0110494 0.0396320 0.0338582 0.0222833 0.0000000 0.0394645 0.1571164 0.1878331 0.1242710 0.1159263 0.1431454 0.1897608 0.1304989 0.1243516 0.2779433 0.1377020 0.1390492 0.1446642 0.1645417 0.0934751 0.1500847 0.1384280 0.1570426 0.1516157 0.1649261 0.1505400 0.1800365 0.1583795 
Saccharomyces_uvarum                        0.1543409 0.1077168 0.3805501 0.1430459 0.1659431 0.2377245 0.1670831 0.1583627 0.0925801 0.0898812 0.6868182 0.0466141 0.0279599 0.0054831 0.0398941 0.0394582 0.0394645 0.0000000 0.1736051 0.1719890 0.1161931 0.1200882 0.1419939 0.2062540 0.1345150 0.1284634 0.2683551 0.1274981 0.1299854 0.1648210 0.1681668 0.0978084 0.1488801 0.1423753 0.1557848 0.1719398 0.1636003 0.1493165 0.1785904 0.1489268 
Tetrapisispora_blattae                      0.1348178 0.1645706 0.3871697 0.1985262 0.1406434 0.2412136 0.1556238 0.1469698 0.1556175 0.1279606 0.7062923 0.1647934 0.1562792 0.1744558 0.1709782 0.1699901 0.1571164 0.1736051 0.0000000 0.1871930 0.1339980 0.1343961 0.2008686 0.1716130 0.1479112 0.1797974 0.3222311 0.1630720 0.1645060 0.2151863 0.1607673 0.1274595 0.1938592 0.1459640 0.2012832 0.2403301 0.1510331 0.1417461 0.1730431 0.1246950 
Tetrapisispora_phaffii                      0.2133100 0.1720244 0.3811056 0.1945460 0.2277603 0.3358080 0.2593638 0.2491861 0.1840422 0.2004118 0.6840185 0.1762326 0.1736957 0.1707612 0.1831984 0.1809944 0.1878331 0.1719890 0.1871930 0.0000000 0.1135224 0.1750599 0.2229317 0.2162704 0.2237010 0.2117255 0.2840294 0.2365781 0.1984627 0.2513088 0.1965840 0.1918500 0.1999525 0.1970603 0.1921537 0.2619757 0.0759629 0.0641522 0.0695899 0.1696047 
Vanderwaltozyma_polyspora                   0.1741817 0.1074077 0.3856179 0.1492905 0.1814686 0.2449438 0.1973163 0.1879783 0.0928465 0.1139671 0.6457856 0.1211076 0.1110233 0.1238076 0.1124270 0.1170037 0.1242710 0.1161931 0.1339980 0.1135224 0.0000000 0.1113680 0.1600626 0.1580691 0.1436728 0.1443193 0.2750721 0.1618848 0.1355482 0.2096582 0.1382491 0.1165390 0.1530738 0.1243325 0.1604236 0.2155120 0.1259932 0.0916236 0.1329155 0.1229620 
yHAB132_Kazachstania_martiniae              0.1317361 0.0572794 0.3945702 0.1343400 0.1354609 0.2280392 0.1500415 0.1416410 0.0984187 0.0823252 0.6340534 0.1067733 0.1030174 0.1206500 0.1164879 0.1159017 0.1159263 0.1200882 0.1343961 0.1750599 0.1113680 0.0000000 0.1067663 0.1283790 0.0697460 0.0941906 0.2833045 0.1136788 0.0967071 0.1501803 0.0950496 0.0682478 0.1005394 0.0949714 0.1070071 0.1508311 0.1639836 0.1462933 0.1790853 0.1458560 
yHAB133_Kazachstania_unispora               0.1556167 0.0944833 0.4203373 0.1890347 0.1461683 0.2384800 0.1608772 0.1521514 0.1320366 0.1087945 0.6939316 0.1263214 0.1298246 0.1405370 0.1463756 0.1431113 0.1431454 0.1419939 0.2008686 0.2229317 0.1600626 0.1067663 0.0000000 0.1264621 0.1150618 0.0223588 0.2899400 0.1232265 0.1097523 0.1626270 0.1170851 0.0933809 0.0167000 0.0849536 0.0223857 0.1694181 0.1584248 0.1619165 0.1647690 0.1713783 
yHAB134_Kazachstania_turicensis             0.1864034 0.1255141 0.4047059 0.1833177 0.1772938 0.2532815 0.2075266 0.1980066 0.1616851 0.1656775 0.7583392 0.1859053 0.1886959 0.2072899 0.2042369 0.1961881 0.1897608 0.2062540 0.1716130 0.2162704 0.1580691 0.1283790 0.1264621 0.0000000 0.1561577 0.1262866 0.3489767 0.1442505 0.1447438 0.1803973 0.1205807 0.1477111 0.1198076 0.0818297 0.1267545 0.1812396 0.1809959 0.1674986 0.2040473 0.1517938 
yHAB136_Kazachstania_bromeliacearum         0.1362597 0.0825516 0.3553885 0.1251511 0.1401930 0.2101064 0.1409800 0.1465049 0.1043676 0.0834207 0.6426543 0.1209344 0.1172979 0.1351557 0.1311579 0.1304694 0.1304989 0.1345150 0.1479112 0.2237010 0.1436728 0.0697460 0.1150618 0.1561577 0.0000000 0.1022072 0.2391735 0.1151356 0.1040205 0.1520504 0.0886886 0.0691508 0.1087023 0.0894642 0.1153221 0.1666310 0.2080996 0.1804755 0.2241811 0.1280012 
yHAB143_Kazachstania_siamensis              0.1366769 0.0820577 0.4090526 0.1753404 0.1251482 0.2232966 0.1394840 0.1311070 0.1109999 0.0897118 0.6992618 0.1148797 0.1111620 0.1290758 0.1384887 0.1243240 0.1243516 0.1284634 0.1797974 0.2117255 0.1443193 0.0941906 0.0223588 0.1262866 0.1022072 0.0000000 0.2871028 0.1100987 0.1037393 0.1490433 0.1040066 0.0811097 0.0281174 0.0793618 0.0339189 0.1634142 0.1533269 0.1655363 0.1683894 0.1510170 
yHAB147_Kazachstania_taianensis             0.3269057 0.2721206 0.4153345 0.3075079 0.3458739 0.3755066 0.3289722 0.3361195 0.3124624 0.2861903 0.7292926 0.2799101 0.2715797 0.2780359 0.2832392 0.2870309 0.2779433 0.2683551 0.3222311 0.2840294 0.2750721 0.2833045 0.2899400 0.3489767 0.2391735 0.2871028 0.0000000 0.2975467 0.2639457 0.3367503 0.2692324 0.2373734 0.3094922 0.2691490 0.3179502 0.3550296 0.3056684 0.2804129 0.3130571 0.2933370 
yHAB148_Kazachstania_intestinalis           0.1548706 0.1095601 0.4042802 0.2048309 0.1660121 0.2602602 0.1671636 0.1583575 0.1402718 0.1286644 0.6371412 0.1279151 0.1243264 0.1281017 0.1521270 0.1376696 0.1377020 0.1274981 0.1630720 0.2365781 0.1618848 0.1136788 0.1232265 0.1442505 0.1151356 0.1100987 0.2975467 0.0000000 0.1224864 0.1746172 0.1149358 0.0997551 0.1300930 0.0965375 0.1369768 0.1819830 0.1881100 0.1969848 0.2113177 0.1098344 
yHAB153_Kazachstania_rosinii                0.1833296 0.0774557 0.4021543 0.1712237 0.1743870 0.2439018 0.1898508 0.1807657 0.1075783 0.0915935 0.6481426 0.1157803 0.1256828 0.1222444 0.1345406 0.1390164 0.1390492 0.1299854 0.1645060 0.1984627 0.1355482 0.0967071 0.1097523 0.1447438 0.1040205 0.1037393 0.2639457 0.1224864 0.0000000 0.1791242 0.0844705 0.0767112 0.1034076 0.0719663 0.1100027 0.1941045 0.1940615 0.1684406 0.2014909 0.1535920 
yHAB154_Kazachstania_transvaalensis         0.1608959 0.1549188 0.4106109 0.1705584 0.1553335 0.2640642 0.1534097 0.1614084 0.1465896 0.1281572 0.6550463 0.1423431 0.1311768 0.1656374 0.1592584 0.1446292 0.1446642 0.1648210 0.2151863 0.2513088 0.2096582 0.1501803 0.1626270 0.1803973 0.1520504 0.1490433 0.3367503 0.1746172 0.1791242 0.0000000 0.1667652 0.1363636 0.1697514 0.1650011 0.1769066 0.0167131 0.2135306 0.2090560 0.2301069 0.2147349 
yHAB155_Kazachstania_spencerorum            0.1606980 0.0965244 0.3923480 0.1861278 0.1653299 0.2585218 0.1806350 0.1716799 0.1238793 0.1289654 0.5970658 0.1542119 0.1508743 0.1689868 0.1654409 0.1644985 0.1645417 0.1681668 0.1607673 0.1965840 0.1382491 0.0950496 0.1170851 0.1205807 0.0886886 0.1040066 0.2692324 0.1149358 0.0844705 0.1667652 0.0000000 0.0999854 0.1106162 0.0817471 0.1173534 0.1817539 0.1854679 0.1498959 0.1928321 0.1237550 
yHAB158_Kazachstania_viticola               0.1317498 0.0685453 0.3668337 0.1369843 0.1354725 0.2067975 0.1500426 0.1416482 0.0849974 0.0578602 0.6374221 0.0881383 0.0811657 0.0982471 0.0938953 0.0934574 0.0934751 0.0978084 0.1274595 0.1918500 0.1165390 0.0682478 0.0933809 0.1477111 0.0691508 0.0811097 0.2373734 0.0997551 0.0767112 0.1363636 0.0999854 0.0000000 0.0872974 0.0760808 0.0935924 0.1504940 0.1696634 0.1548240 0.1847487 0.1263815 
yHAB159_Kazachstania_solicola               0.1489918 0.0883237 0.4272112 0.1822988 0.1394357 0.2310324 0.1681360 0.1593023 0.1253937 0.1024634 0.7009873 0.1330275 0.1366681 0.1473576 0.1457734 0.1500479 0.1500847 0.1488801 0.1938592 0.1999525 0.1530738 0.1005394 0.0167000 0.1198076 0.1087023 0.0281174 0.3094922 0.1300930 0.1034076 0.1697514 0.1106162 0.0872974 0.0000000 0.0858423 0.0055119 0.1845278 0.1655593 0.1637401 0.1658594 0.1646200 
yHAB160_Kazachstania_kunashirensis          0.1485834 0.0848417 0.3691216 0.1719956 0.1390556 0.2283379 0.1676359 0.1588430 0.1054843 0.0909251 0.6599301 0.1286182 0.1250332 0.1430627 0.1322956 0.1383954 0.1384280 0.1423753 0.1459640 0.1970603 0.1243325 0.0949714 0.0849536 0.0818297 0.0894642 0.0793618 0.2691490 0.0965375 0.0719663 0.1650011 0.0817471 0.0760808 0.0858423 0.0000000 0.0924336 0.1718015 0.1633584 0.1291986 0.1699017 0.1043421 
yHAB164_Kazachstania_aerobia                0.1559525 0.0946995 0.4372527 0.1894196 0.1464958 0.2389594 0.1754237 0.1664793 0.1323376 0.1090428 0.7139880 0.1397493 0.1435261 0.1541964 0.1528078 0.1570029 0.1570426 0.1557848 0.2012832 0.1921537 0.1604236 0.1070071 0.0223857 0.1267545 0.1153221 0.0339189 0.3179502 0.1369768 0.1100027 0.1769066 0.1173534 0.0935924 0.0055119 0.0924336 0.0000000 0.1918341 0.1582083 0.1710737 0.1584877 0.1717429 
yHAB166_Kazachstania_yakushimaensis         0.1840815 0.1555903 0.4354984 0.1713459 0.1786484 0.2820404 0.1763911 0.1847739 0.1613140 0.1420517 0.6553893 0.1492245 0.1380030 0.1727973 0.1578019 0.1515777 0.1516157 0.1719398 0.2403301 0.2619757 0.2155120 0.1508311 0.1694181 0.1812396 0.1666310 0.1634142 0.3550296 0.1819830 0.1941045 0.0167131 0.1817539 0.1504940 0.1845278 0.1718015 0.1918341 0.0000000 0.2233433 0.2100690 0.2312104 0.2225807 
yHMPu5000034875_Tetrapisispora_fleetii      0.1776771 0.1599808 0.4017251 0.1911937 0.1904183 0.2947605 0.2057860 0.1964155 0.1635938 0.1798167 0.7159086 0.1455226 0.1512000 0.1619249 0.1748882 0.1582496 0.1649261 0.1636003 0.1510331 0.0759629 0.1259932 0.1639836 0.1584248 0.1809959 0.2080996 0.1533269 0.3056684 0.1881100 0.1940615 0.2135306 0.1854679 0.1696634 0.1655593 0.1633584 0.1582083 0.2233433 0.0000000 0.0522358 0.0168458 0.1643399 
yHMPu5000034876_Tetrapisispora_iriomotensis 0.1681084 0.1420905 0.3950628 0.1635843 0.1807313 0.2954650 0.2112628 0.2016374 0.1355321 0.1620015 0.6553183 0.1390354 0.1369520 0.1477708 0.1391820 0.1439064 0.1505400 0.1493165 0.1417461 0.0641522 0.0916236 0.1462933 0.1619165 0.1674986 0.1804755 0.1655363 0.2804129 0.1969848 0.1684406 0.2090560 0.1498959 0.1548240 0.1637401 0.1291986 0.1710737 0.2100690 0.0522358 0.0000000 0.0458978 0.1570272 
yHMPu5000034877_Tetrapisispora_namnaonensis 0.1929825 0.1751597 0.4337945 0.1985921 0.2064276 0.3143230 0.2220980 0.2124572 0.1710167 0.1953410 0.7105721 0.1603422 0.1660264 0.1767652 0.1830255 0.1732462 0.1800365 0.1785904 0.1730431 0.0695899 0.1329155 0.1790853 0.1647690 0.2040473 0.2241811 0.1683894 0.3130571 0.2113177 0.2014909 0.2301069 0.1928321 0.1847487 0.1658594 0.1699017 0.1584877 0.2312104 0.0168458 0.0458978 0.0000000 0.1865713 
yHMPu5000035629_Yueomyces_sinensis          0.1569281 0.1423433 0.3893573 0.2108263 0.1778417 0.2583316 0.1934652 0.1842738 0.1392968 0.1273564 0.6470225 0.1481735 0.1447820 0.1496481 0.1592336 0.1583390 0.1583795 0.1489268 0.1246950 0.1696047 0.1229620 0.1458560 0.1713783 0.1517938 0.1280012 0.1510170 0.2933370 0.1098344 0.1535920 0.2147349 0.1237550 0.1263815 0.1646200 0.1043421 0.1717429 0.2225807 0.1643399 0.1570272 0.1865713 0.0000000 
