40
Candida_glabrata                            0.0000000 0.1815731 0.1845450 0.1807547 0.0923207 0.2377271 0.1050042 0.0792021 0.2085525 0.3071945 1.4560174 0.1778458 0.1629179 0.1772206 0.1759533 0.1702624 0.1584515 0.1688101 0.4488822 0.2111904 0.1989013 0.1926600 0.1772916 0.1825059 0.2215114 0.1751346 0.1728621 0.1882899 0.1978751 0.1802437 0.1855753 0.2465422 0.1848561 0.2063384 0.1579520 0.1895687 0.2332315 0.2275028 0.2162561 0.5693588 
Kazachstania_africana                       0.1815731 0.0000000 0.1370962 0.1661411 0.1447027 0.2327101 0.2147607 0.1437293 0.1417740 0.2401521 1.3790250 0.1363140 0.1224657 0.1311937 0.1162886 0.1231491 0.1285387 0.1631739 0.3740960 0.1983432 0.1804240 0.1282267 0.1691210 0.1489679 0.2019258 0.1951983 0.2008157 0.2140259 0.1535862 0.1949189 0.1918074 0.1783757 0.2325988 0.1485684 0.1936447 0.2015778 0.1720663 0.2021957 0.1734559 0.4559517 
Kazachstania_naganishii                     0.1845450 0.1370962 0.0000000 0.1502797 0.1661570 0.1959566 0.1932373 0.1658059 0.1654740 0.2399587 1.3493102 0.1634784 0.1437817 0.1627919 0.1530753 0.1486968 0.1487798 0.1779370 0.4009244 0.2172872 0.1978032 0.1728379 0.1451373 0.1446795 0.1684939 0.1618491 0.1405869 0.1874429 0.1451411 0.1577841 0.1779803 0.1775604 0.1610005 0.1568832 0.1525605 0.1639108 0.2163887 0.2172331 0.2143063 0.4799238 
Nakaseomyces_bacillisporus                  0.1807547 0.1661411 0.1502797 0.0000000 0.1834434 0.2052162 0.2140580 0.1742792 0.1910078 0.2435182 1.4118892 0.1308161 0.1339556 0.1486088 0.1172650 0.1157521 0.1210565 0.1549813 0.4214839 0.1917823 0.1761487 0.1434417 0.1710775 0.1657142 0.2509095 0.1863505 0.1897301 0.1680805 0.1747052 0.2238871 0.1937856 0.2093283 0.2064288 0.1907932 0.1902159 0.2206898 0.1731798 0.1577827 0.1763312 0.4654017 
Nakaseomyces_bracarensis                    0.0923207 0.1447027 0.1661570 0.1834434 0.0000000 0.2324213 0.0905785 0.0181624 0.1862892 0.2434354 1.2076652 0.1742459 0.1470414 0.1663131 0.1582905 0.1425308 0.1493064 0.1527285 0.4008972 0.2284332 0.2069850 0.1845508 0.1582993 0.1629454 0.2064670 0.1811826 0.1705578 0.1810377 0.1764708 0.1893214 0.1651014 0.2015816 0.1842360 0.1904490 0.1527751 0.1916379 0.2106466 0.2358352 0.2166690 0.4969016 
Nakaseomyces_castellii                      0.2377271 0.2327101 0.1959566 0.2052162 0.2324213 0.0000000 0.2963812 0.2206504 0.2326500 0.2834908 1.4237342 0.2157265 0.2036059 0.2161382 0.1929059 0.2057447 0.2129396 0.2223798 0.5160777 0.2654951 0.2392205 0.2284511 0.2625782 0.2232288 0.3050945 0.2537561 0.2865453 0.2706505 0.2083361 0.2502984 0.2472769 0.2733264 0.2712667 0.2608699 0.2406563 0.2553165 0.2796486 0.2759227 0.2624469 0.5967537 
Nakaseomyces_delphensis                     0.1050042 0.2147607 0.1932373 0.2140580 0.0905785 0.2963812 0.0000000 0.0778908 0.2362537 0.3336093 1.2359969 0.2177973 0.1929995 0.2134958 0.2066984 0.1959589 0.1844033 0.1941410 0.4266394 0.2484406 0.2272152 0.2039312 0.1933722 0.2026136 0.2346808 0.2112074 0.1880360 0.1871432 0.2195967 0.2203440 0.2120981 0.2584161 0.2099313 0.2278441 0.1738932 0.2357876 0.2346280 0.2456253 0.2293833 0.5647406 
Nakaseomyces_nivariensis                    0.0792021 0.1437293 0.1658059 0.1742792 0.0181624 0.2206504 0.0778908 0.0000000 0.1970977 0.2577537 1.2174197 0.1711492 0.1438053 0.1631998 0.1463920 0.1392636 0.1393498 0.1495518 0.3980411 0.2185236 0.1943469 0.1722233 0.1577336 0.1700495 0.2204123 0.1807708 0.1747672 0.1719901 0.1759374 0.1958356 0.1619248 0.1906870 0.1890668 0.1902441 0.1563579 0.1981278 0.2116047 0.2224733 0.2064246 0.5024782 
Naumovozyma_castellii                       0.2085525 0.1417740 0.1654740 0.1910078 0.1862892 0.2326500 0.2362537 0.1970977 0.0000000 0.1509131 1.2387306 0.1293930 0.1321872 0.1357802 0.1262718 0.1381240 0.1381819 0.1670190 0.3845179 0.2171704 0.2055229 0.1441820 0.1818738 0.1464489 0.2247316 0.1717723 0.2111164 0.2379030 0.1327265 0.2001641 0.2214292 0.2270092 0.1918187 0.1762314 0.1831203 0.2234480 0.2150293 0.2119962 0.2174453 0.4605491 
Naumovozyma_dairenensis                     0.3071945 0.2401521 0.2399587 0.2435182 0.2434354 0.2834908 0.3336093 0.2577537 0.1509131 0.0000000 1.6696515 0.1862015 0.1808528 0.1863242 0.1679290 0.1689391 0.1750300 0.1966480 0.5683399 0.3186110 0.2746426 0.2658966 0.2675808 0.2371513 0.3216766 0.2815606 0.2812826 0.3446371 0.1804884 0.2782469 0.2409693 0.3055662 0.3005433 0.2399930 0.2679891 0.3006987 0.3082943 0.2921631 0.3112302 0.6441697 
Neurospora_crassa                           1.4560174 1.3790250 1.3493102 1.4118892 1.2076652 1.4237342 1.2359969 1.2174197 1.2387306 1.6696515 0.0000000 1.4120004 1.3404540 1.3973475 1.3237743 1.3007287 1.3055045 1.3380821 1.7098161 1.5342604 1.5472536 1.4250279 1.3718008 1.4547427 1.3825282 1.4068066 1.4112936 1.3719574 1.2838873 1.4246314 1.4590212 1.5227513 1.4083960 1.3798251 1.2992874 1.4309071 1.3779440 1.4584783 1.3952995 1.7872802 
Saccharomyces_arboricola                    0.1778458 0.1363140 0.1634784 0.1308161 0.1742459 0.2157265 0.2177973 0.1711492 0.1293930 0.1862015 1.4120004 0.0000000 0.0225236 0.0275125 0.0225053 0.0273491 0.0273833 0.0473028 0.3772559 0.1934362 0.1536335 0.1460353 0.1814196 0.1392125 0.2560993 0.1800951 0.2023621 0.2109244 0.1483936 0.2095247 0.1875943 0.1915794 0.2079424 0.1520106 0.1964903 0.2276091 0.1825144 0.1729810 0.1752066 0.4333394 
Saccharomyces_cerevisiae                    0.1629179 0.1224657 0.1437817 0.1339556 0.1470414 0.2036059 0.1929995 0.1438053 0.1321872 0.1808528 1.3404540 0.0225236 0.0000000 0.0224707 0.0176530 0.0176349 0.0176554 0.0462977 0.3381089 0.1724471 0.1345615 0.1317098 0.1540232 0.1149691 0.2256407 0.1618062 0.1939916 0.2022114 0.1346863 0.1860943 0.1658992 0.1794560 0.1975543 0.1322564 0.1808184 0.2036062 0.1651937 0.1716406 0.1584690 0.4061991 
Saccharomyces_eubayanus                     0.1772206 0.1311937 0.1627919 0.1486088 0.1663131 0.2161382 0.2134958 0.1631998 0.1357802 0.1863242 1.3973475 0.0275125 0.0224707 0.0000000 0.0224525 0.0318102 0.0318497 0.0225606 0.3660110 0.1930242 0.1532129 0.1440785 0.1799278 0.1331164 0.2501106 0.1881709 0.2206341 0.2229853 0.1486307 0.1961058 0.1794470 0.1990137 0.2196688 0.1522343 0.2003141 0.2175132 0.1850070 0.1812379 0.1778834 0.4206437 
Saccharomyces_kudriavzevii                  0.1759533 0.1162886 0.1530753 0.1172650 0.1582905 0.1929059 0.2066984 0.1463920 0.1262718 0.1679290 1.3237743 0.0225053 0.0176530 0.0224525 0.0000000 0.0177160 0.0268064 0.0462679 0.3549510 0.1693061 0.1284816 0.1193049 0.1594998 0.1308434 0.2312895 0.1673536 0.2114090 0.2074215 0.1336280 0.2030069 0.1712543 0.1779626 0.1957231 0.1483157 0.1793173 0.2089824 0.1586908 0.1547728 0.1520976 0.4154298 
Saccharomyces_mikatae                       0.1702624 0.1231491 0.1486968 0.1157521 0.1425308 0.2057447 0.1959589 0.1392636 0.1381240 0.1689391 1.3007287 0.0273491 0.0176349 0.0318102 0.0177160 0.0000000 0.0087599 0.0464585 0.3622438 0.1771091 0.1336048 0.1351132 0.1575784 0.1293909 0.2374872 0.1631617 0.2053892 0.2046927 0.1342994 0.2031982 0.1578203 0.1729858 0.1849008 0.1427769 0.1699330 0.2091827 0.1685696 0.1484143 0.1598414 0.3993603 
Saccharomyces_paradoxus                     0.1584515 0.1285387 0.1487798 0.1210565 0.1493064 0.2129396 0.1844033 0.1393498 0.1381819 0.1750300 1.3055045 0.0273833 0.0176554 0.0318497 0.0268064 0.0087599 0.0000000 0.0465166 0.3665490 0.1856312 0.1448070 0.1464600 0.1630086 0.1295424 0.2432584 0.1694444 0.1990484 0.1982890 0.1402447 0.1970235 0.1693279 0.1730956 0.1910994 0.1387938 0.1754334 0.2146495 0.1739543 0.1601787 0.1599370 0.4029956 
Saccharomyces_uvarum                        0.1688101 0.1631739 0.1779370 0.1549813 0.1527285 0.2223798 0.1941410 0.1495518 0.1670190 0.1966480 1.3380821 0.0473028 0.0462977 0.0225606 0.0462679 0.0464585 0.0465166 0.0000000 0.4040996 0.2219377 0.1733080 0.1755498 0.2138594 0.1560041 0.2647122 0.2168581 0.2283202 0.2314577 0.1607049 0.2094347 0.1919176 0.2212596 0.2304961 0.1641219 0.2097393 0.2312304 0.2182802 0.1906126 0.2060615 0.4267207 
Tetrapisispora_blattae                      0.4488822 0.3740960 0.4009244 0.4214839 0.4008972 0.5160777 0.4266394 0.3980411 0.3845179 0.5683399 1.7098161 0.3772559 0.3381089 0.3660110 0.3549510 0.3622438 0.3665490 0.4040996 0.0000000 0.4061911 0.3947988 0.3712774 0.4039052 0.3636202 0.4034460 0.4151922 0.4314583 0.4414348 0.4312174 0.4222826 0.4162933 0.4042046 0.4867842 0.3741144 0.4427981 0.4364625 0.3921453 0.4003869 0.3842517 0.5146166 
Tetrapisispora_phaffii                      0.2111904 0.1983432 0.2172872 0.1917823 0.2284332 0.2654951 0.2484406 0.2185236 0.2171704 0.3186110 1.5342604 0.1934362 0.1724471 0.1930242 0.1693061 0.1771091 0.1856312 0.2219377 0.4061911 0.0000000 0.1411883 0.1109881 0.2152701 0.1673351 0.2635719 0.1924269 0.2660727 0.1891038 0.2294448 0.2170398 0.2058213 0.2102701 0.2472846 0.2085389 0.2076319 0.2313947 0.0804915 0.0836793 0.0743328 0.5600260 
Vanderwaltozyma_polyspora                   0.1989013 0.1804240 0.1978032 0.1761487 0.2069850 0.2392205 0.2272152 0.1943469 0.2055229 0.2746426 1.5472536 0.1536335 0.1345615 0.1532129 0.1284816 0.1336048 0.1448070 0.1733080 0.3947988 0.1411883 0.0000000 0.1493493 0.1853499 0.1543154 0.2257497 0.1714590 0.2254228 0.1667520 0.1857911 0.2092417 0.1822682 0.2120704 0.2402417 0.1594044 0.1876109 0.2047795 0.1460825 0.1254898 0.1371965 0.5354632 
yHAB132_Kazachstania_martiniae              0.1926600 0.1282267 0.1728379 0.1434417 0.1845508 0.2284511 0.2039312 0.1722233 0.1441820 0.2658966 1.4250279 0.1460353 0.1317098 0.1440785 0.1193049 0.1351132 0.1464600 0.1755498 0.3712774 0.1109881 0.1493493 0.0000000 0.1821983 0.1354605 0.2255792 0.1795395 0.2187916 0.1725532 0.1647024 0.2188038 0.1693643 0.1581378 0.2155703 0.1743716 0.1869590 0.2293351 0.1249630 0.1270181 0.1184270 0.4890957 
yHAB133_Kazachstania_unispora               0.1772916 0.1691210 0.1451373 0.1710775 0.1582993 0.2625782 0.1933722 0.1577336 0.1818738 0.2675808 1.3718008 0.1814196 0.1540232 0.1799278 0.1594998 0.1575784 0.1630086 0.2138594 0.4039052 0.2152701 0.1853499 0.1821983 0.0000000 0.1384562 0.1490507 0.0741911 0.1377402 0.2027555 0.1811200 0.1453922 0.1599189 0.2021117 0.1025690 0.1622426 0.0925664 0.1454765 0.2136199 0.2321737 0.2166004 0.5220419 
yHAB134_Kazachstania_turicensis             0.1825059 0.1489679 0.1446795 0.1657142 0.1629454 0.2232288 0.2026136 0.1700495 0.1464489 0.2371513 1.4547427 0.1392125 0.1149691 0.1331164 0.1308434 0.1293909 0.1295424 0.1560041 0.3636202 0.1673351 0.1543154 0.1354605 0.1384562 0.0000000 0.1955557 0.1442786 0.1694687 0.1914550 0.1362214 0.1505150 0.1002528 0.1734044 0.2021660 0.0730077 0.1819577 0.1734507 0.1717218 0.1936498 0.1653983 0.4622188 
yHAB136_Kazachstania_bromeliacearum         0.2215114 0.2019258 0.1684939 0.2509095 0.2064670 0.3050945 0.2346808 0.2204123 0.2247316 0.3216766 1.3825282 0.2560993 0.2256407 0.2501106 0.2312895 0.2374872 0.2432584 0.2647122 0.4034460 0.2635719 0.2257497 0.2255792 0.1490507 0.1955557 0.0000000 0.1610781 0.1508174 0.2044780 0.2117971 0.1280634 0.2291117 0.2555732 0.1987603 0.1693477 0.2033249 0.1372855 0.2351308 0.2694778 0.2368118 0.6198651 
yHAB143_Kazachstania_siamensis              0.1751346 0.1951983 0.1618491 0.1863505 0.1811826 0.2537561 0.2112074 0.1807708 0.1717723 0.2815606 1.4068066 0.1800951 0.1618062 0.1881709 0.1673536 0.1631617 0.1694444 0.2168581 0.4151922 0.1924269 0.1714590 0.1795395 0.0741911 0.1442786 0.1610781 0.0000000 0.1394711 0.1905288 0.1596777 0.1484153 0.1798439 0.2208634 0.0837573 0.1802921 0.1045961 0.1485072 0.2164263 0.2166187 0.2048122 0.5640412 
yHAB147_Kazachstania_taianensis             0.1728621 0.2008157 0.1405869 0.1897301 0.1705578 0.2865453 0.1880360 0.1747672 0.2111164 0.2812826 1.4112936 0.2023621 0.1939916 0.2206341 0.2114090 0.2053892 0.1990484 0.2283202 0.4314583 0.2660727 0.2254228 0.2187916 0.1377402 0.1694687 0.1508174 0.1394711 0.0000000 0.1915133 0.1691535 0.1036948 0.1829123 0.2033095 0.1556087 0.1702834 0.1463438 0.1196535 0.2393417 0.2543322 0.2511282 0.5637313 
yHAB148_Kazachstania_intestinalis           0.1882899 0.2140259 0.1874429 0.1680805 0.1810377 0.2706505 0.1871432 0.1719901 0.2379030 0.3446371 1.3719574 0.2109244 0.2022114 0.2229853 0.2074215 0.2046927 0.1982890 0.2314577 0.4414348 0.1891038 0.1667520 0.1725532 0.2027555 0.1914550 0.2044780 0.1905288 0.1915133 0.0000000 0.2131235 0.1927562 0.2099573 0.2371299 0.2220851 0.1809405 0.1968357 0.2021477 0.2033123 0.2021419 0.2031137 0.5653345 
yHAB153_Kazachstania_rosinii                0.1978751 0.1535862 0.1451411 0.1747052 0.1764708 0.2083361 0.2195967 0.1759374 0.1327265 0.1804884 1.2838873 0.1483936 0.1346863 0.1486307 0.1336280 0.1342994 0.1402447 0.1607049 0.4312174 0.2294448 0.1857911 0.1647024 0.1811200 0.1362214 0.2117971 0.1596777 0.1691535 0.2131235 0.0000000 0.1708939 0.1426962 0.1994855 0.1925877 0.1394334 0.1723413 0.1885347 0.2067195 0.2056821 0.2043415 0.4586976 
yHAB154_Kazachstania_transvaalensis         0.1802437 0.1949189 0.1577841 0.2238871 0.1893214 0.2502984 0.2203440 0.1958356 0.2001641 0.2782469 1.4246314 0.2095247 0.1860943 0.1961058 0.2030069 0.2031982 0.1970235 0.2094347 0.4222826 0.2170398 0.2092417 0.2188038 0.1453922 0.1505150 0.1280634 0.1484153 0.1036948 0.1927562 0.1708939 0.0000000 0.1894512 0.2350989 0.1641966 0.1437553 0.1706035 0.0222046 0.1977085 0.2451547 0.2260531 0.5659279 
yHAB155_Kazachstania_spencerorum            0.1855753 0.1918074 0.1779803 0.1937856 0.1651014 0.2472769 0.2120981 0.1619248 0.2214292 0.2409693 1.4590212 0.1875943 0.1658992 0.1794470 0.1712543 0.1578203 0.1693279 0.1919176 0.4162933 0.2058213 0.1822682 0.1693643 0.1599189 0.1002528 0.2291117 0.1798439 0.1829123 0.2099573 0.1426962 0.1894512 0.0000000 0.2167154 0.2330719 0.1106583 0.1957737 0.1941888 0.2058873 0.2362800 0.2113257 0.4842963 
yHAB158_Kazachstania_viticola               0.2465422 0.1783757 0.1775604 0.2093283 0.2015816 0.2733264 0.2584161 0.1906870 0.2270092 0.3055662 1.5227513 0.1915794 0.1794560 0.1990137 0.1779626 0.1729858 0.1730956 0.2212596 0.4042046 0.2102701 0.2120704 0.1581378 0.2021117 0.1734044 0.2555732 0.2208634 0.2033095 0.2371299 0.1994855 0.2350989 0.2167154 0.0000000 0.2619706 0.1933446 0.2112804 0.2395571 0.2090226 0.1930038 0.1945699 0.4560539 
yHAB159_Kazachstania_solicola               0.1848561 0.2325988 0.1610005 0.2064288 0.1842360 0.2712667 0.2099313 0.1890668 0.1918187 0.3005433 1.4083960 0.2079424 0.1975543 0.2196688 0.1957231 0.1849008 0.1910994 0.2304961 0.4867842 0.2472846 0.2402417 0.2155703 0.1025690 0.2021660 0.1987603 0.0837573 0.1556087 0.2220851 0.1925877 0.1641966 0.2330719 0.2619706 0.0000000 0.2087362 0.0336623 0.1707296 0.2791369 0.2553013 0.2638936 0.5604002 
yHAB160_Kazachstania_kunashirensis          0.2063384 0.1485684 0.1568832 0.1907932 0.1904490 0.2608699 0.2278441 0.1902441 0.1762314 0.2399930 1.3798251 0.1520106 0.1322564 0.1522343 0.1483157 0.1427769 0.1387938 0.1641219 0.3741144 0.2085389 0.1594044 0.1743716 0.1622426 0.0730077 0.1693477 0.1802921 0.1702834 0.1809405 0.1394334 0.1437553 0.1106583 0.1933446 0.2087362 0.0000000 0.1944144 0.1723225 0.1948006 0.2137894 0.1959826 0.4503765 
yHAB164_Kazachstania_aerobia                0.1579520 0.1936447 0.1525605 0.1902159 0.1527751 0.2406563 0.1738932 0.1563579 0.1831203 0.2679891 1.2992874 0.1964903 0.1808184 0.2003141 0.1793173 0.1699330 0.1754334 0.2097393 0.4427981 0.2076319 0.1876109 0.1869590 0.0925664 0.1819577 0.2033249 0.1045961 0.1463438 0.1968357 0.1723413 0.1706035 0.1957737 0.2112804 0.0336623 0.1944144 0.0000000 0.1765211 0.2299835 0.2254019 0.2270631 0.5419002 
yHAB166_Kazachstania_yakushimaensis         0.1895687 0.2015778 0.1639108 0.2206898 0.1916379 0.2553165 0.2357876 0.1981278 0.2234480 0.3006987 1.4309071 0.2276091 0.2036062 0.2175132 0.2089824 0.2091827 0.2146495 0.2312304 0.4364625 0.2313947 0.2047795 0.2293351 0.1454765 0.1734507 0.1372855 0.1485072 0.1196535 0.2021477 0.1885347 0.0222046 0.1941888 0.2395571 0.1707296 0.1723225 0.1765211 0.0000000 0.2080154 0.2568011 0.2370424 0.5685547 
yHMPu5000034875_Tetrapisispora_fleetii      0.2332315 0.1720663 0.2163887 0.1731798 0.2106466 0.2796486 0.2346280 0.2116047 0.2150293 0.3082943 1.3779440 0.1825144 0.1651937 0.1850070 0.1586908 0.1685696 0.1739543 0.2182802 0.3921453 0.0804915 0.1460825 0.1249630 0.2136199 0.1717218 0.2351308 0.2164263 0.2393417 0.2033123 0.2067195 0.1977085 0.2058873 0.2090226 0.2791369 0.1948006 0.2299835 0.2080154 0.0000000 0.0907703 0.0406541 0.5542075 
yHMPu5000034876_Tetrapisispora_iriomotensis 0.2275028 0.2021957 0.2172331 0.1577827 0.2358352 0.2759227 0.2456253 0.2224733 0.2119962 0.2921631 1.4584783 0.1729810 0.1716406 0.1812379 0.1547728 0.1484143 0.1601787 0.1906126 0.4003869 0.0836793 0.1254898 0.1270181 0.2321737 0.1936498 0.2694778 0.2166187 0.2543322 0.2021419 0.2056821 0.2451547 0.2362800 0.1930038 0.2553013 0.2137894 0.2254019 0.2568011 0.0907703 0.0000000 0.0730190 0.5427668 
yHMPu5000034877_Tetrapisispora_namnaonensis 0.2162561 0.1734559 0.2143063 0.1763312 0.2166690 0.2624469 0.2293833 0.2064246 0.2174453 0.3112302 1.3952995 0.1752066 0.1584690 0.1778834 0.1520976 0.1598414 0.1599370 0.2060615 0.3842517 0.0743328 0.1371965 0.1184270 0.2166004 0.1653983 0.2368118 0.2048122 0.2511282 0.2031137 0.2043415 0.2260531 0.2113257 0.1945699 0.2638936 0.1959826 0.2270631 0.2370424 0.0406541 0.0730190 0.0000000 0.5515260 
yHMPu5000035629_Yueomyces_sinensis          0.5693588 0.4559517 0.4799238 0.4654017 0.4969016 0.5967537 0.5647406 0.5024782 0.4605491 0.6441697 1.7872802 0.4333394 0.4061991 0.4206437 0.4154298 0.3993603 0.4029956 0.4267207 0.5146166 0.5600260 0.5354632 0.4890957 0.5220419 0.4622188 0.6198651 0.5640412 0.5637313 0.5653345 0.4586976 0.5659279 0.4842963 0.4560539 0.5604002 0.4503765 0.5419002 0.5685547 0.5542075 0.5427668 0.5515260 0.0000000 
