40
Candida_glabrata                            0.0000000 0.0828039 0.0958406 0.1205039 0.0335686 0.1457803 0.0395519 0.0304805 0.0856543 0.0836706 0.3523052 0.0819254 0.0794390 0.0812796 0.0793898 0.0803153 0.0812865 0.0809240 0.1003612 0.0974965 0.0989118 0.0840936 0.0874068 0.0852889 0.0852351 0.0910461 0.0864459 0.1945968 0.0797542 0.0972658 0.0857044 0.0807268 0.0874456 0.0806046 0.0879731 0.0941889 0.0961475 0.0984554 0.0962835 0.0999576 
Kazachstania_africana                       0.0828039 0.0000000 0.0464197 0.0861529 0.0796837 0.1308999 0.0826013 0.0749329 0.0410430 0.0390990 0.3361570 0.0399809 0.0369409 0.0385076 0.0384806 0.0386410 0.0385066 0.0392543 0.0529163 0.0595912 0.0525588 0.0323465 0.0353180 0.0375513 0.0367081 0.0358801 0.0365977 0.1753681 0.0264802 0.0495343 0.0255823 0.0337908 0.0352090 0.0263715 0.0355665 0.0486120 0.0577805 0.0592047 0.0587379 0.0516093 
Kazachstania_naganishii                     0.0958406 0.0464197 0.0000000 0.0980162 0.0938829 0.1387269 0.1013683 0.0919311 0.0559629 0.0544130 0.3550876 0.0517970 0.0519142 0.0511090 0.0535235 0.0519722 0.0528337 0.0518753 0.0725160 0.0786384 0.0702612 0.0476544 0.0416611 0.0584183 0.0398731 0.0414334 0.0423151 0.1905643 0.0429354 0.0554952 0.0467896 0.0505573 0.0419309 0.0536059 0.0419221 0.0576762 0.0753530 0.0783613 0.0763916 0.0739726 
Nakaseomyces_bacillisporus                  0.1205039 0.0861529 0.0980162 0.0000000 0.1234741 0.1464819 0.1336668 0.1209392 0.0918185 0.0946641 0.3597340 0.0899959 0.0865584 0.0884760 0.0865042 0.0881508 0.0873820 0.0892913 0.0987990 0.1140726 0.1042493 0.0854346 0.0884575 0.0903057 0.0926536 0.0889258 0.0872518 0.2006176 0.0800062 0.1011806 0.0905576 0.0864164 0.0882469 0.0898082 0.0882823 0.1023460 0.1111965 0.1085838 0.1116659 0.1060035 
Nakaseomyces_bracarensis                    0.0335686 0.0796837 0.0938829 0.1234741 0.0000000 0.1468381 0.0181531 0.0055133 0.0782472 0.0782134 0.3560173 0.0718951 0.0694782 0.0712467 0.0694372 0.0703241 0.0712502 0.0709261 0.0895571 0.0937384 0.0902552 0.0786958 0.0822995 0.0815602 0.0829548 0.0848274 0.0824887 0.2021875 0.0757065 0.0929398 0.0836017 0.0802705 0.0825674 0.0785913 0.0828309 0.0912201 0.0912259 0.0924433 0.0913490 0.0909208 
Nakaseomyces_castellii                      0.1457803 0.1308999 0.1387269 0.1464819 0.1468381 0.0000000 0.1499004 0.1456195 0.1268284 0.1260158 0.3808945 0.1323701 0.1303057 0.1333947 0.1306563 0.1310686 0.1302938 0.1333863 0.1400865 0.1502744 0.1470379 0.1326292 0.1355390 0.1370723 0.1345804 0.1328944 0.1275699 0.2327950 0.1230056 0.1402910 0.1212953 0.1280629 0.1363526 0.1271069 0.1371419 0.1366578 0.1445506 0.1440606 0.1435457 0.1415312 
Nakaseomyces_delphensis                     0.0395519 0.0826013 0.1013683 0.1336668 0.0181531 0.1499004 0.0000000 0.0152871 0.0809026 0.0806558 0.3530352 0.0770253 0.0745930 0.0763834 0.0763163 0.0754473 0.0763885 0.0760475 0.0974078 0.0987559 0.0965369 0.0837138 0.0866877 0.0878048 0.0856352 0.0875393 0.0869009 0.2090418 0.0816065 0.0938616 0.0861905 0.0831327 0.0864478 0.0827665 0.0867183 0.0929590 0.0962152 0.0946753 0.0963487 0.0986159 
Nakaseomyces_nivariensis                    0.0304805 0.0749329 0.0919311 0.1209392 0.0055133 0.1456195 0.0152871 0.0000000 0.0736104 0.0735757 0.3487726 0.0691037 0.0667001 0.0684532 0.0666612 0.0675398 0.0684559 0.0681418 0.0886051 0.0905548 0.0883259 0.0738669 0.0792532 0.0794386 0.0799794 0.0817504 0.0794241 0.1995307 0.0734465 0.0880015 0.0796540 0.0763400 0.0795077 0.0745642 0.0797658 0.0887462 0.0880719 0.0892661 0.0881881 0.0896844 
Naumovozyma_castellii                       0.0856543 0.0410430 0.0559629 0.0918185 0.0782472 0.1268284 0.0809026 0.0736104 0.0000000 0.0226288 0.3417202 0.0398712 0.0368762 0.0391766 0.0383928 0.0376280 0.0384183 0.0399132 0.0480367 0.0551303 0.0550937 0.0415392 0.0440215 0.0485196 0.0434308 0.0438637 0.0408560 0.1726853 0.0364467 0.0503658 0.0402484 0.0448286 0.0440601 0.0449781 0.0442304 0.0487386 0.0520888 0.0577249 0.0530141 0.0542949 
Naumovozyma_dairenensis                     0.0836706 0.0390990 0.0544130 0.0946641 0.0782134 0.1260158 0.0806558 0.0735757 0.0226288 0.0000000 0.3451432 0.0406951 0.0376925 0.0400000 0.0392134 0.0399621 0.0392397 0.0407380 0.0532451 0.0555786 0.0568752 0.0417946 0.0419086 0.0506242 0.0424852 0.0412955 0.0380843 0.1695600 0.0356023 0.0490182 0.0388256 0.0410094 0.0419450 0.0451391 0.0421103 0.0489469 0.0524826 0.0552883 0.0534245 0.0587036 
Neurospora_crassa                           0.3523052 0.3361570 0.3550876 0.3597340 0.3560173 0.3808945 0.3530352 0.3487726 0.3417202 0.3451432 0.0000000 0.3426944 0.3389192 0.3399774 0.3410746 0.3368819 0.3392477 0.3388005 0.3345077 0.3393335 0.3306060 0.3500938 0.3443672 0.3408799 0.3389856 0.3501134 0.3471530 0.4416677 0.3364533 0.3579416 0.3483845 0.3493147 0.3433298 0.3337692 0.3438833 0.3553803 0.3358954 0.3388250 0.3385735 0.3416531 
Saccharomyces_arboricola                    0.0819254 0.0399809 0.0517970 0.0899959 0.0718951 0.1323701 0.0770253 0.0691037 0.0398712 0.0406951 0.3426944 0.0000000 0.0027324 0.0027303 0.0041063 0.0034176 0.0034250 0.0034144 0.0542084 0.0559913 0.0580197 0.0404684 0.0446249 0.0498005 0.0386550 0.0420782 0.0476577 0.1749445 0.0389712 0.0566966 0.0431224 0.0410192 0.0451859 0.0409488 0.0453611 0.0574964 0.0533260 0.0527210 0.0524502 0.0555146 
Saccharomyces_cerevisiae                    0.0794390 0.0369409 0.0519142 0.0865584 0.0694782 0.1303057 0.0745930 0.0667001 0.0368762 0.0376925 0.3389192 0.0027324 0.0000000 0.0020503 0.0013649 0.0020485 0.0013655 0.0027350 0.0519307 0.0528125 0.0563699 0.0404533 0.0427345 0.0467174 0.0372108 0.0409665 0.0449037 0.1707621 0.0359500 0.0538383 0.0400648 0.0379520 0.0432790 0.0400773 0.0434489 0.0546316 0.0516953 0.0510911 0.0508227 0.0523531 
Saccharomyces_eubayanus                     0.0812796 0.0385076 0.0511090 0.0884760 0.0712467 0.1333947 0.0763834 0.0684532 0.0391766 0.0400000 0.3399774 0.0027303 0.0020503 0.0000000 0.0034238 0.0027355 0.0027386 0.0006806 0.0535542 0.0552798 0.0580450 0.0405124 0.0427374 0.0483180 0.0379704 0.0417312 0.0465248 0.1742767 0.0375300 0.0555164 0.0424184 0.0395343 0.0432821 0.0416422 0.0434520 0.0563133 0.0541507 0.0535452 0.0532733 0.0540060 
Saccharomyces_kudriavzevii                  0.0793898 0.0384806 0.0535235 0.0865042 0.0694372 0.1306563 0.0763163 0.0666612 0.0383928 0.0392134 0.3410746 0.0041063 0.0013649 0.0034238 0.0000000 0.0034208 0.0027363 0.0041104 0.0519031 0.0527838 0.0560540 0.0404324 0.0442888 0.0475138 0.0387412 0.0425078 0.0464604 0.1706231 0.0363600 0.0554367 0.0408510 0.0395057 0.0448452 0.0408562 0.0450193 0.0562323 0.0516674 0.0510635 0.0507953 0.0523248 
Saccharomyces_mikatae                       0.0803153 0.0386410 0.0519722 0.0881508 0.0703241 0.1310686 0.0754473 0.0675398 0.0376280 0.0399621 0.3368819 0.0034176 0.0020485 0.0027355 0.0034208 0.0000000 0.0020474 0.0034209 0.0542876 0.0536145 0.0571763 0.0412300 0.0435046 0.0474936 0.0394947 0.0432657 0.0456749 0.1740549 0.0382327 0.0546300 0.0423775 0.0394496 0.0440550 0.0408385 0.0442270 0.0554244 0.0524937 0.0527593 0.0516197 0.0547520 
Saccharomyces_paradoxus                     0.0812865 0.0385066 0.0528337 0.0873820 0.0712502 0.1302938 0.0763885 0.0684559 0.0384183 0.0392397 0.3392477 0.0034250 0.0013655 0.0027386 0.0027363 0.0020474 0.0000000 0.0034248 0.0535536 0.0544747 0.0580451 0.0420615 0.0435543 0.0483197 0.0380542 0.0418239 0.0464939 0.1732846 0.0375043 0.0554802 0.0416441 0.0387129 0.0441055 0.0416420 0.0442780 0.0562767 0.0533488 0.0520100 0.0524724 0.0540054 
Saccharomyces_uvarum                        0.0809240 0.0392543 0.0518753 0.0892913 0.0709261 0.1333863 0.0760475 0.0681418 0.0399132 0.0407380 0.3388005 0.0034144 0.0027350 0.0006806 0.0041104 0.0034209 0.0034248 0.0000000 0.0536435 0.0560534 0.0588195 0.0405124 0.0434852 0.0475702 0.0387112 0.0424746 0.0472747 0.1733665 0.0382732 0.0562792 0.0431688 0.0402864 0.0440353 0.0423851 0.0442070 0.0570766 0.0549216 0.0543164 0.0540438 0.0540975 
Tetrapisispora_blattae                      0.1003612 0.0529163 0.0725160 0.0987990 0.0895571 0.1400865 0.0974078 0.0886051 0.0480367 0.0532451 0.3345077 0.0542084 0.0519307 0.0535542 0.0519031 0.0542876 0.0535536 0.0536435 0.0000000 0.0483440 0.0469950 0.0528684 0.0578428 0.0622353 0.0586685 0.0558951 0.0549853 0.1825079 0.0471859 0.0708151 0.0538172 0.0560840 0.0586332 0.0552741 0.0581096 0.0702931 0.0457047 0.0483910 0.0466771 0.0233839 
Tetrapisispora_phaffii                      0.0974965 0.0595912 0.0786384 0.1140726 0.0937384 0.1502744 0.0987559 0.0905548 0.0551303 0.0555786 0.3393335 0.0559913 0.0528125 0.0552798 0.0527838 0.0536145 0.0544747 0.0560534 0.0483440 0.0000000 0.0423481 0.0665093 0.0607035 0.0661725 0.0627937 0.0615079 0.0619737 0.1868608 0.0574163 0.0704165 0.0624809 0.0638748 0.0616276 0.0643806 0.0611063 0.0694629 0.0110205 0.0204422 0.0089414 0.0545868 
Vanderwaltozyma_polyspora                   0.0989118 0.0525588 0.0702612 0.1042493 0.0902552 0.1470379 0.0965369 0.0883259 0.0550937 0.0568752 0.3306060 0.0580197 0.0563699 0.0580450 0.0560540 0.0571763 0.0580451 0.0588195 0.0469950 0.0423481 0.0000000 0.0583837 0.0531098 0.0624373 0.0608166 0.0557228 0.0537645 0.1926174 0.0506814 0.0689075 0.0580078 0.0648125 0.0539069 0.0576366 0.0533634 0.0696983 0.0377903 0.0375521 0.0386688 0.0494033 
yHAB132_Kazachstania_martiniae              0.0840936 0.0323465 0.0476544 0.0854346 0.0786958 0.1326292 0.0837138 0.0738669 0.0415392 0.0417946 0.3500938 0.0404684 0.0404533 0.0405124 0.0404324 0.0412300 0.0420615 0.0405124 0.0528684 0.0665093 0.0583837 0.0000000 0.0367419 0.0405992 0.0360354 0.0350682 0.0340936 0.1794620 0.0303487 0.0481281 0.0348205 0.0405611 0.0367911 0.0363648 0.0370522 0.0488964 0.0598969 0.0616477 0.0625756 0.0596061 
yHAB133_Kazachstania_unispora               0.0874068 0.0353180 0.0416611 0.0884575 0.0822995 0.1355390 0.0866877 0.0792532 0.0440215 0.0419086 0.3443672 0.0446249 0.0427345 0.0427374 0.0442888 0.0435046 0.0435543 0.0434852 0.0578428 0.0607035 0.0531098 0.0367419 0.0000000 0.0459475 0.0355243 0.0069434 0.0168824 0.1684337 0.0329469 0.0326827 0.0407915 0.0461899 0.0034384 0.0410034 0.0027932 0.0326160 0.0575356 0.0618669 0.0584932 0.0601939 
yHAB134_Kazachstania_turicensis             0.0852889 0.0375513 0.0584183 0.0903057 0.0815602 0.1370723 0.0878048 0.0794386 0.0485196 0.0506242 0.3408799 0.0498005 0.0467174 0.0483180 0.0475138 0.0474936 0.0483197 0.0475702 0.0622353 0.0661725 0.0624373 0.0405992 0.0459475 0.0000000 0.0502519 0.0470388 0.0425699 0.1795687 0.0330068 0.0585343 0.0403071 0.0407424 0.0466570 0.0248078 0.0469775 0.0593063 0.0650620 0.0676379 0.0644088 0.0621600 
yHAB136_Kazachstania_bromeliacearum         0.0852351 0.0367081 0.0398731 0.0926536 0.0829548 0.1345804 0.0856352 0.0799794 0.0434308 0.0424852 0.3389856 0.0386550 0.0372108 0.0379704 0.0387412 0.0394947 0.0380542 0.0387112 0.0586685 0.0627937 0.0608166 0.0360354 0.0355243 0.0502519 0.0000000 0.0341092 0.0313576 0.1770649 0.0326841 0.0466657 0.0363841 0.0413154 0.0359888 0.0420546 0.0362401 0.0468001 0.0605476 0.0615692 0.0612642 0.0610806 
yHAB143_Kazachstania_siamensis              0.0910461 0.0358801 0.0414334 0.0889258 0.0848274 0.1328944 0.0875393 0.0817504 0.0438637 0.0412955 0.3501134 0.0420782 0.0409665 0.0417312 0.0425078 0.0432657 0.0418239 0.0424746 0.0558951 0.0615079 0.0557228 0.0350682 0.0069434 0.0470388 0.0341092 0.0000000 0.0183738 0.1694274 0.0330877 0.0343139 0.0393752 0.0444803 0.0076285 0.0439057 0.0076430 0.0342436 0.0583375 0.0601455 0.0592978 0.0599387 
yHAB147_Kazachstania_taianensis             0.0864459 0.0365977 0.0423151 0.0872518 0.0824887 0.1275699 0.0869009 0.0794241 0.0408560 0.0380843 0.3471530 0.0476577 0.0449037 0.0465248 0.0464604 0.0456749 0.0464939 0.0472747 0.0549853 0.0619737 0.0537645 0.0340936 0.0168824 0.0425699 0.0313576 0.0183738 0.0000000 0.1653033 0.0318427 0.0324293 0.0416680 0.0442193 0.0183101 0.0423500 0.0178029 0.0321114 0.0585106 0.0621706 0.0594720 0.0601071 
yHAB148_Kazachstania_intestinalis           0.1945968 0.1753681 0.1905643 0.2006176 0.2021875 0.2327950 0.2090418 0.1995307 0.1726853 0.1695600 0.4416677 0.1749445 0.1707621 0.1742767 0.1706231 0.1740549 0.1732846 0.1733665 0.1825079 0.1868608 0.1926174 0.1794620 0.1684337 0.1795687 0.1770649 0.1694274 0.1653033 0.0000000 0.1745738 0.1823442 0.1801042 0.1744060 0.1685368 0.1790932 0.1690129 0.1815128 0.1829187 0.1808912 0.1823687 0.1879494 
yHAB153_Kazachstania_rosinii                0.0797542 0.0264802 0.0429354 0.0800062 0.0757065 0.1230056 0.0816065 0.0734465 0.0364467 0.0356023 0.3364533 0.0389712 0.0359500 0.0375300 0.0363600 0.0382327 0.0375043 0.0382732 0.0471859 0.0574163 0.0506814 0.0303487 0.0329469 0.0330068 0.0326841 0.0330877 0.0318427 0.1745738 0.0000000 0.0461311 0.0176694 0.0244326 0.0328685 0.0264457 0.0331128 0.0457135 0.0548005 0.0556133 0.0557398 0.0539860 
yHAB154_Kazachstania_transvaalensis         0.0972658 0.0495343 0.0554952 0.1011806 0.0929398 0.1402910 0.0938616 0.0880015 0.0503658 0.0490182 0.3579416 0.0566966 0.0538383 0.0555164 0.0554367 0.0546300 0.0554802 0.0562792 0.0708151 0.0704165 0.0689075 0.0481281 0.0326827 0.0585343 0.0466657 0.0343139 0.0324293 0.1823442 0.0461311 0.0000000 0.0507406 0.0537641 0.0338268 0.0530251 0.0333176 0.0061717 0.0716024 0.0740866 0.0709503 0.0789300 
yHAB155_Kazachstania_spencerorum            0.0857044 0.0255823 0.0467896 0.0905576 0.0836017 0.1212953 0.0861905 0.0796540 0.0402484 0.0388256 0.3483845 0.0431224 0.0400648 0.0424184 0.0408510 0.0423775 0.0416441 0.0431688 0.0538172 0.0624809 0.0580078 0.0348205 0.0407915 0.0403071 0.0363841 0.0393752 0.0416680 0.1801042 0.0176694 0.0507406 0.0000000 0.0320372 0.0407510 0.0263502 0.0411499 0.0506346 0.0598264 0.0603895 0.0607847 0.0572430 
yHAB158_Kazachstania_viticola               0.0807268 0.0337908 0.0505573 0.0864164 0.0802705 0.1280629 0.0831327 0.0763400 0.0448286 0.0410094 0.3493147 0.0410192 0.0379520 0.0395343 0.0395057 0.0394496 0.0387129 0.0402864 0.0560840 0.0638748 0.0648125 0.0405611 0.0461899 0.0407424 0.0413154 0.0444803 0.0442193 0.1744060 0.0244326 0.0537641 0.0320372 0.0000000 0.0460431 0.0393296 0.0464407 0.0533773 0.0620507 0.0560675 0.0611488 0.0595847 
yHAB159_Kazachstania_solicola               0.0874456 0.0352090 0.0419309 0.0882469 0.0825674 0.1363526 0.0864478 0.0795077 0.0440601 0.0419450 0.3433298 0.0451859 0.0432790 0.0432821 0.0448452 0.0440550 0.0441055 0.0440353 0.0586332 0.0616276 0.0539069 0.0367911 0.0034384 0.0466570 0.0359888 0.0076285 0.0183101 0.1685368 0.0328685 0.0338268 0.0407510 0.0460431 0.0000000 0.0408790 0.0013721 0.0333191 0.0584502 0.0622338 0.0594129 0.0609856 
yHAB160_Kazachstania_kunashirensis          0.0806046 0.0263715 0.0536059 0.0898082 0.0785913 0.1271069 0.0827665 0.0745642 0.0449781 0.0451391 0.3337692 0.0409488 0.0400773 0.0416422 0.0408562 0.0408385 0.0416420 0.0423851 0.0552741 0.0643806 0.0576366 0.0363648 0.0410034 0.0248078 0.0420546 0.0439057 0.0423500 0.1790932 0.0264457 0.0530251 0.0263502 0.0393296 0.0408790 0.0000000 0.0412780 0.0505001 0.0596170 0.0620554 0.0605780 0.0544376 
yHAB164_Kazachstania_aerobia                0.0879731 0.0355665 0.0419221 0.0882823 0.0828309 0.1371419 0.0867183 0.0797658 0.0442304 0.0421103 0.3438833 0.0453611 0.0434489 0.0434520 0.0450193 0.0442270 0.0442780 0.0442070 0.0581096 0.0611063 0.0533634 0.0370522 0.0027932 0.0469775 0.0362401 0.0076430 0.0178029 0.1690129 0.0331128 0.0333176 0.0411499 0.0464407 0.0013721 0.0412780 0.0000000 0.0328125 0.0579211 0.0617105 0.0588849 0.0604684 
yHAB166_Kazachstania_yakushimaensis         0.0941889 0.0486120 0.0576762 0.1023460 0.0912201 0.1366578 0.0929590 0.0887462 0.0487386 0.0489469 0.3553803 0.0574964 0.0546316 0.0563133 0.0562323 0.0554244 0.0562767 0.0570766 0.0702931 0.0694629 0.0696983 0.0488964 0.0326160 0.0593063 0.0468001 0.0342436 0.0321114 0.1815128 0.0457135 0.0061717 0.0506346 0.0533773 0.0333191 0.0505001 0.0328125 0.0000000 0.0711983 0.0733391 0.0705483 0.0771022 
yHMPu5000034875_Tetrapisispora_fleetii      0.0961475 0.0577805 0.0753530 0.1111965 0.0912259 0.1445506 0.0962152 0.0880719 0.0520888 0.0524826 0.3358954 0.0533260 0.0516953 0.0541507 0.0516674 0.0524937 0.0533488 0.0549216 0.0457047 0.0110205 0.0377903 0.0598969 0.0575356 0.0650620 0.0605476 0.0583375 0.0585106 0.1829187 0.0548005 0.0716024 0.0598264 0.0620507 0.0584502 0.0596170 0.0579211 0.0711983 0.0000000 0.0146732 0.0033992 0.0512792 
yHMPu5000034876_Tetrapisispora_iriomotensis 0.0984554 0.0592047 0.0783613 0.1085838 0.0924433 0.1440606 0.0946753 0.0892661 0.0577249 0.0552883 0.3388250 0.0527210 0.0510911 0.0535452 0.0510635 0.0527593 0.0520100 0.0543164 0.0483910 0.0204422 0.0375521 0.0616477 0.0618669 0.0676379 0.0615692 0.0601455 0.0621706 0.1808912 0.0556133 0.0740866 0.0603895 0.0560675 0.0622338 0.0620554 0.0617105 0.0733391 0.0146732 0.0000000 0.0160892 0.0523624 
yHMPu5000034877_Tetrapisispora_namnaonensis 0.0962835 0.0587379 0.0763916 0.1116659 0.0913490 0.1435457 0.0963487 0.0881881 0.0530141 0.0534245 0.3385735 0.0524502 0.0508227 0.0532733 0.0507953 0.0516197 0.0524724 0.0540438 0.0466771 0.0089414 0.0386688 0.0625756 0.0584932 0.0644088 0.0612642 0.0592978 0.0594720 0.1823687 0.0557398 0.0709503 0.0607847 0.0611488 0.0594129 0.0605780 0.0588849 0.0705483 0.0033992 0.0160892 0.0000000 0.0522922 
yHMPu5000035629_Yueomyces_sinensis          0.0999576 0.0516093 0.0739726 0.1060035 0.0909208 0.1415312 0.0986159 0.0896844 0.0542949 0.0587036 0.3416531 0.0555146 0.0523531 0.0540060 0.0523248 0.0547520 0.0540054 0.0540975 0.0233839 0.0545868 0.0494033 0.0596061 0.0601939 0.0621600 0.0610806 0.0599387 0.0601071 0.1879494 0.0539860 0.0789300 0.0572430 0.0595847 0.0609856 0.0544376 0.0604684 0.0771022 0.0512792 0.0523624 0.0522922 0.0000000 
