40
Candida_glabrata                            0.0000000 0.1429171 0.1721486 0.1630025 0.0722535 0.1812127 0.0752563 0.0724799 0.1296668 0.1312542 0.5212654 0.1395572 0.1155879 0.1256394 0.1335909 0.1121649 0.1151910 0.1212671 0.3102566 0.1555535 0.1393811 0.1399589 0.1686967 0.1501396 0.1356920 0.1746771 0.1606850 0.1853972 0.1305941 0.1720163 0.1495950 0.1344388 0.1827991 0.1518127 0.1869215 0.1814067 0.1288933 0.1272380 0.1317313 0.1352923 
Kazachstania_africana                       0.1429171 0.0000000 0.1258287 0.1857754 0.1560782 0.1822733 0.1691562 0.1772465 0.1127501 0.1139029 0.5790830 0.1431884 0.1349967 0.1320497 0.1364862 0.1417907 0.1333698 0.1340813 0.2594992 0.1453621 0.1404307 0.1137854 0.1304689 0.1339708 0.1089401 0.1335388 0.1280107 0.1343781 0.0903442 0.1106360 0.1311853 0.1257556 0.1422139 0.1258652 0.1455386 0.1150053 0.1216611 0.1346518 0.1201023 0.1557415 
Kazachstania_naganishii                     0.1721486 0.1258287 0.0000000 0.2016892 0.1749010 0.1919423 0.1893902 0.1873943 0.1317333 0.1210899 0.5446641 0.1418747 0.1228452 0.1333105 0.1415944 0.1413517 0.1262976 0.1261903 0.2848741 0.1520443 0.1483380 0.1138224 0.1308175 0.1455331 0.0786733 0.1353983 0.1061043 0.1519656 0.1101661 0.1103178 0.1349337 0.1451737 0.1348073 0.1311570 0.1425114 0.1193017 0.1424708 0.1442045 0.1474431 0.1624088 
Nakaseomyces_bacillisporus                  0.1630025 0.1857754 0.2016892 0.0000000 0.1664831 0.1530657 0.1724489 0.1728396 0.1474883 0.1612471 0.4930571 0.1587321 0.1413450 0.1592488 0.1532762 0.1451814 0.1512113 0.1525748 0.2657241 0.1879568 0.1623169 0.1849876 0.2067552 0.1876489 0.1662713 0.1960196 0.2031884 0.2131930 0.1622275 0.2019564 0.1765995 0.1742099 0.2095236 0.1624383 0.2088912 0.2151605 0.1636943 0.1794901 0.1563606 0.1729457 
Nakaseomyces_bracarensis                    0.0722535 0.1560782 0.1749010 0.1664831 0.0000000 0.1919992 0.0408777 0.0301306 0.1457156 0.1279261 0.5231862 0.1484027 0.1356647 0.1395862 0.1500488 0.1366217 0.1393781 0.1381051 0.3267873 0.1704391 0.1491040 0.1458202 0.1730275 0.1560486 0.1569331 0.1845243 0.1716127 0.2046272 0.1429522 0.1723701 0.1546222 0.1438735 0.1988400 0.1590127 0.1993685 0.1699094 0.1412300 0.1439347 0.1413499 0.1340546 
Nakaseomyces_castellii                      0.1812127 0.1822733 0.1919423 0.1530657 0.1919992 0.0000000 0.1961436 0.1890511 0.1614589 0.1701628 0.5882979 0.1608826 0.1548262 0.1658042 0.1562623 0.1575925 0.1555388 0.1690594 0.2973851 0.1853770 0.1692848 0.1763734 0.2062356 0.2039029 0.1674414 0.1952770 0.2107746 0.2105318 0.1712034 0.1964620 0.1666726 0.1723017 0.2084892 0.1762899 0.2047052 0.1941227 0.1528821 0.1611888 0.1635098 0.1632667 
Nakaseomyces_delphensis                     0.0752563 0.1691562 0.1893902 0.1724489 0.0408777 0.1961436 0.0000000 0.0326124 0.1472816 0.1440730 0.5120611 0.1501272 0.1360942 0.1502990 0.1554040 0.1391687 0.1396277 0.1388473 0.3294613 0.1744292 0.1589421 0.1552920 0.1990465 0.1750841 0.1650349 0.1954883 0.1881817 0.2020821 0.1434787 0.1920329 0.1598850 0.1471826 0.2065419 0.1735261 0.2075420 0.1890481 0.1563661 0.1466271 0.1503600 0.1452514 
Nakaseomyces_nivariensis                    0.0724799 0.1772465 0.1873943 0.1728396 0.0301306 0.1890511 0.0326124 0.0000000 0.1566595 0.1345205 0.5306805 0.1529969 0.1343273 0.1552102 0.1525043 0.1423831 0.1428137 0.1488569 0.3221735 0.1759038 0.1568339 0.1502123 0.1959706 0.1644390 0.1618069 0.1938207 0.1919247 0.2053620 0.1377524 0.1938828 0.1562876 0.1457872 0.2085423 0.1659836 0.2068597 0.1953935 0.1474209 0.1541522 0.1477350 0.1420822 
Naumovozyma_castellii                       0.1296668 0.1127501 0.1317333 0.1474883 0.1457156 0.1614589 0.1472816 0.1566595 0.0000000 0.0686723 0.5289518 0.1008036 0.0824720 0.0818184 0.0838775 0.0885963 0.0892000 0.0766823 0.2688833 0.1247051 0.1169069 0.1117026 0.1578078 0.1224483 0.1101870 0.1445822 0.1348811 0.1314602 0.0957840 0.1206152 0.1183166 0.1180320 0.1542164 0.1221873 0.1583923 0.1235585 0.1013106 0.1079267 0.1035411 0.1270117 
Naumovozyma_dairenensis                     0.1312542 0.1139029 0.1210899 0.1612471 0.1279261 0.1701628 0.1440730 0.1345205 0.0686723 0.0000000 0.4847496 0.0895763 0.0833636 0.0909883 0.0904217 0.0884439 0.0812871 0.0855676 0.2638473 0.1163613 0.1087413 0.0893788 0.1250873 0.0990340 0.1005547 0.1211220 0.1334490 0.1356115 0.0861485 0.1249401 0.0923134 0.1013913 0.1380731 0.1062249 0.1411218 0.1194550 0.0929382 0.1034887 0.1008535 0.1222164 
Neurospora_crassa                           0.5212654 0.5790830 0.5446641 0.4930571 0.5231862 0.5882979 0.5120611 0.5306805 0.5289518 0.4847496 0.0000000 0.5253721 0.5002451 0.5223908 0.5104246 0.4980848 0.5172397 0.5071042 0.6106809 0.5372131 0.5298870 0.5295916 0.5680201 0.5260431 0.5212202 0.5302032 0.5572509 0.5622794 0.5013339 0.5763280 0.5230710 0.4929349 0.5498420 0.5047926 0.5451090 0.6403725 0.5457374 0.5277771 0.5412189 0.5497480 
Saccharomyces_arboricola                    0.1395572 0.1431884 0.1418747 0.1587321 0.1484027 0.1608826 0.1501272 0.1529969 0.1008036 0.0895763 0.5253721 0.0000000 0.0412364 0.0619167 0.0417188 0.0400346 0.0378946 0.0569655 0.2748035 0.1398617 0.1166842 0.1375191 0.1725107 0.1492936 0.1274224 0.1698250 0.1709151 0.1570752 0.1279509 0.1428097 0.1251373 0.1294551 0.1717162 0.1376966 0.1788652 0.1356329 0.1169244 0.1098349 0.1182843 0.1413632 
Saccharomyces_cerevisiae                    0.1155879 0.1349967 0.1228452 0.1413450 0.1356647 0.1548262 0.1360942 0.1343273 0.0824720 0.0833636 0.5002451 0.0412364 0.0000000 0.0449711 0.0300010 0.0294028 0.0157521 0.0393114 0.2635650 0.1264805 0.1049701 0.1198593 0.1623664 0.1382275 0.1138119 0.1542785 0.1500432 0.1545528 0.1018905 0.1328924 0.1149366 0.1192438 0.1530034 0.1207593 0.1592041 0.1499385 0.1027230 0.0986998 0.1046683 0.1311176 
Saccharomyces_eubayanus                     0.1256394 0.1320497 0.1333105 0.1592488 0.1395862 0.1658042 0.1502990 0.1552102 0.0818184 0.0909883 0.5223908 0.0619167 0.0449711 0.0000000 0.0505788 0.0430100 0.0512517 0.0082690 0.2822451 0.1329925 0.1175459 0.1250610 0.1682207 0.1333541 0.1194627 0.1623880 0.1418851 0.1464158 0.1272383 0.1313764 0.1254974 0.1383268 0.1705891 0.1303765 0.1749062 0.1414022 0.1106407 0.1100353 0.1119944 0.1364371 
Saccharomyces_kudriavzevii                  0.1335909 0.1364862 0.1415944 0.1532762 0.1500488 0.1562623 0.1554040 0.1525043 0.0838775 0.0904217 0.5104246 0.0417188 0.0300010 0.0505788 0.0000000 0.0304168 0.0331647 0.0494077 0.2709414 0.1397643 0.1231133 0.1375663 0.1743833 0.1354792 0.1218443 0.1713857 0.1622514 0.1528867 0.1129435 0.1448013 0.1384637 0.1294382 0.1713224 0.1218321 0.1797618 0.1468864 0.1060463 0.1109686 0.1084127 0.1435703 
Saccharomyces_mikatae                       0.1121649 0.1417907 0.1413517 0.1451814 0.1366217 0.1575925 0.1391687 0.1423831 0.0885963 0.0884439 0.4980848 0.0400346 0.0294028 0.0430100 0.0304168 0.0000000 0.0280238 0.0376766 0.2769960 0.1340350 0.1171545 0.1332529 0.1713927 0.1465129 0.1085536 0.1697402 0.1508123 0.1505223 0.1211717 0.1431301 0.1280216 0.1261535 0.1723418 0.1284115 0.1760259 0.1369595 0.1052330 0.1153666 0.1107022 0.1364684 
Saccharomyces_paradoxus                     0.1151910 0.1333698 0.1262976 0.1512113 0.1393781 0.1555388 0.1396277 0.1428137 0.0892000 0.0812871 0.5172397 0.0378946 0.0157521 0.0512517 0.0331647 0.0280238 0.0000000 0.0439432 0.2675004 0.1228549 0.1075931 0.1188363 0.1640718 0.1365286 0.1086279 0.1592088 0.1494366 0.1518306 0.1032184 0.1396400 0.1132209 0.1140744 0.1593573 0.1203825 0.1663416 0.1397444 0.0981935 0.1009938 0.1045409 0.1321075 
Saccharomyces_uvarum                        0.1212671 0.1340813 0.1261903 0.1525748 0.1381051 0.1690594 0.1388473 0.1488569 0.0766823 0.0855676 0.5071042 0.0569655 0.0393114 0.0082690 0.0494077 0.0376766 0.0439432 0.0000000 0.2773176 0.1250338 0.1152334 0.1171140 0.1654707 0.1330952 0.1140877 0.1525039 0.1399794 0.1436517 0.1209716 0.1320601 0.1216223 0.1363013 0.1648106 0.1270697 0.1690626 0.1367599 0.1069387 0.1072130 0.1096738 0.1352317 
Tetrapisispora_blattae                      0.3102566 0.2594992 0.2848741 0.2657241 0.3267873 0.2973851 0.3294613 0.3221735 0.2688833 0.2638473 0.6106809 0.2748035 0.2635650 0.2822451 0.2709414 0.2769960 0.2675004 0.2773176 0.0000000 0.2761550 0.2742476 0.2712501 0.2968884 0.2769687 0.2510822 0.3039934 0.2812695 0.2750858 0.2716900 0.2583185 0.2873423 0.2651673 0.2970551 0.2652074 0.3083050 0.3384463 0.2491398 0.2664045 0.2544166 0.2665929 
Tetrapisispora_phaffii                      0.1555535 0.1453621 0.1520443 0.1879568 0.1704391 0.1853770 0.1744292 0.1759038 0.1247051 0.1163613 0.5372131 0.1398617 0.1264805 0.1329925 0.1397643 0.1340350 0.1228549 0.1250338 0.2761550 0.0000000 0.1247280 0.1566405 0.1811682 0.1817233 0.1397311 0.1772213 0.1770796 0.1893943 0.1357612 0.1632895 0.1428023 0.1533051 0.1800209 0.1622342 0.1755200 0.1646526 0.0534466 0.0766996 0.0692040 0.1538344 
Vanderwaltozyma_polyspora                   0.1393811 0.1404307 0.1483380 0.1623169 0.1491040 0.1692848 0.1589421 0.1568339 0.1169069 0.1087413 0.5298870 0.1166842 0.1049701 0.1175459 0.1231133 0.1171545 0.1075931 0.1152334 0.2742476 0.1247280 0.0000000 0.1338496 0.1784259 0.1675323 0.1324985 0.1820583 0.1679409 0.1811086 0.1163787 0.1383794 0.1246598 0.1344633 0.1736281 0.1425964 0.1743871 0.1460404 0.1017274 0.0845633 0.1121828 0.1304103 
yHAB132_Kazachstania_martiniae              0.1399589 0.1137854 0.1138224 0.1849876 0.1458202 0.1763734 0.1552920 0.1502123 0.1117026 0.0893788 0.5295916 0.1375191 0.1198593 0.1250610 0.1375663 0.1332529 0.1188363 0.1171140 0.2712501 0.1566405 0.1338496 0.0000000 0.1157865 0.1182027 0.0845093 0.1163970 0.1019633 0.1176985 0.0965279 0.1028567 0.1004295 0.1149757 0.1215147 0.1021100 0.1235442 0.1156070 0.1415413 0.1221944 0.1481005 0.1454129 
yHAB133_Kazachstania_unispora               0.1686967 0.1304689 0.1308175 0.2067552 0.1730275 0.2062356 0.1990465 0.1959706 0.1578078 0.1250873 0.5680201 0.1725107 0.1623664 0.1682207 0.1743833 0.1713927 0.1640718 0.1654707 0.2968884 0.1811682 0.1784259 0.1157865 0.0000000 0.1732336 0.1168195 0.0477897 0.1149473 0.1366969 0.1349893 0.1267450 0.1490773 0.1448984 0.0425394 0.1570494 0.0449708 0.1234953 0.1595187 0.1574549 0.1669823 0.1857704 
yHAB134_Kazachstania_turicensis             0.1501396 0.1339708 0.1455331 0.1876489 0.1560486 0.2039029 0.1750841 0.1644390 0.1224483 0.0990340 0.5260431 0.1492936 0.1382275 0.1333541 0.1354792 0.1465129 0.1365286 0.1330952 0.2769687 0.1817233 0.1675323 0.1182027 0.1732336 0.0000000 0.1420992 0.1726968 0.1507931 0.1675642 0.0952205 0.1659960 0.1292805 0.1394477 0.1686658 0.0573915 0.1719066 0.1790834 0.1552970 0.1638369 0.1534173 0.1544982 
yHAB136_Kazachstania_bromeliacearum         0.1356920 0.1089401 0.0786733 0.1662713 0.1569331 0.1674414 0.1650349 0.1618069 0.1101870 0.1005547 0.5212202 0.1274224 0.1138119 0.1194627 0.1218443 0.1085536 0.1086279 0.1140877 0.2510822 0.1397311 0.1324985 0.0845093 0.1168195 0.1420992 0.0000000 0.1122074 0.0857852 0.1168088 0.0788993 0.1044451 0.1013947 0.1203970 0.1190302 0.1196278 0.1193486 0.1087160 0.1141760 0.1279344 0.1240582 0.1499802 
yHAB143_Kazachstania_siamensis              0.1746771 0.1335388 0.1353983 0.1960196 0.1845243 0.1952770 0.1954883 0.1938207 0.1445822 0.1211220 0.5302032 0.1698250 0.1542785 0.1623880 0.1713857 0.1697402 0.1592088 0.1525039 0.3039934 0.1772213 0.1820583 0.1163970 0.0477897 0.1726968 0.1122074 0.0000000 0.1150725 0.1310319 0.1257080 0.1216856 0.1547449 0.1575121 0.0550968 0.1501974 0.0543871 0.1136253 0.1565278 0.1588193 0.1609315 0.1706098 
yHAB147_Kazachstania_taianensis             0.1606850 0.1280107 0.1061043 0.2031884 0.1716127 0.2107746 0.1881817 0.1919247 0.1348811 0.1334490 0.5572509 0.1709151 0.1500432 0.1418851 0.1622514 0.1508123 0.1494366 0.1399794 0.2812695 0.1770796 0.1679409 0.1019633 0.1149473 0.1507931 0.0857852 0.1150725 0.0000000 0.1218382 0.1207096 0.1015955 0.1432087 0.1446584 0.1221799 0.1325381 0.1238862 0.1220302 0.1542189 0.1478483 0.1582633 0.1685053 
yHAB148_Kazachstania_intestinalis           0.1853972 0.1343781 0.1519656 0.2131930 0.2046272 0.2105318 0.2020821 0.2053620 0.1314602 0.1356115 0.5622794 0.1570752 0.1545528 0.1464158 0.1528867 0.1505223 0.1518306 0.1436517 0.2750858 0.1893943 0.1811086 0.1176985 0.1366969 0.1675642 0.1168088 0.1310319 0.1218382 0.0000000 0.1367330 0.1304710 0.1652973 0.1515799 0.1522116 0.1491153 0.1511423 0.1373426 0.1676809 0.1564380 0.1747142 0.1868800 
yHAB153_Kazachstania_rosinii                0.1305941 0.0903442 0.1101661 0.1622275 0.1429522 0.1712034 0.1434787 0.1377524 0.0957840 0.0861485 0.5013339 0.1279509 0.1018905 0.1272383 0.1129435 0.1211717 0.1032184 0.1209716 0.2716900 0.1357612 0.1163787 0.0965279 0.1349893 0.0952205 0.0788993 0.1257080 0.1207096 0.1367330 0.0000000 0.1247013 0.0751648 0.0944253 0.1305004 0.0921928 0.1298924 0.1315073 0.1116361 0.1159384 0.1065348 0.1407182 
yHAB154_Kazachstania_transvaalensis         0.1720163 0.1106360 0.1103178 0.2019564 0.1723701 0.1964620 0.1920329 0.1938828 0.1206152 0.1249401 0.5763280 0.1428097 0.1328924 0.1313764 0.1448013 0.1431301 0.1396400 0.1320601 0.2583185 0.1632895 0.1383794 0.1028567 0.1267450 0.1659960 0.1044451 0.1216856 0.1015955 0.1304710 0.1247013 0.0000000 0.1309129 0.1449597 0.1394694 0.1374125 0.1466648 0.0365268 0.1423936 0.1240283 0.1429911 0.1518275 
yHAB155_Kazachstania_spencerorum            0.1495950 0.1311853 0.1349337 0.1765995 0.1546222 0.1666726 0.1598850 0.1562876 0.1183166 0.0923134 0.5230710 0.1251373 0.1149366 0.1254974 0.1384637 0.1280216 0.1132209 0.1216223 0.2873423 0.1428023 0.1246598 0.1004295 0.1490773 0.1292805 0.1013947 0.1547449 0.1432087 0.1652973 0.0751648 0.1309129 0.0000000 0.0956947 0.1591347 0.1255335 0.1599204 0.1392918 0.1162947 0.1181824 0.1248036 0.1344412 
yHAB158_Kazachstania_viticola               0.1344388 0.1257556 0.1451737 0.1742099 0.1438735 0.1723017 0.1471826 0.1457872 0.1180320 0.1013913 0.4929349 0.1294551 0.1192438 0.1383268 0.1294382 0.1261535 0.1140744 0.1363013 0.2651673 0.1533051 0.1344633 0.1149757 0.1448984 0.1394477 0.1203970 0.1575121 0.1446584 0.1515799 0.0944253 0.1449597 0.0956947 0.0000000 0.1441327 0.1165495 0.1478611 0.1458339 0.1296437 0.1332032 0.1247764 0.1288204 
yHAB159_Kazachstania_solicola               0.1827991 0.1422139 0.1348073 0.2095236 0.1988400 0.2084892 0.2065419 0.2085423 0.1542164 0.1380731 0.5498420 0.1717162 0.1530034 0.1705891 0.1713224 0.1723418 0.1593573 0.1648106 0.2970551 0.1800209 0.1736281 0.1215147 0.0425394 0.1686658 0.1190302 0.0550968 0.1221799 0.1522116 0.1305004 0.1394694 0.1591347 0.1441327 0.0000000 0.1498184 0.0036455 0.1403778 0.1694704 0.1662463 0.1720821 0.1902089 
yHAB160_Kazachstania_kunashirensis          0.1518127 0.1258652 0.1311570 0.1624383 0.1590127 0.1762899 0.1735261 0.1659836 0.1221873 0.1062249 0.5047926 0.1376966 0.1207593 0.1303765 0.1218321 0.1284115 0.1203825 0.1270697 0.2652074 0.1622342 0.1425964 0.1021100 0.1570494 0.0573915 0.1196278 0.1501974 0.1325381 0.1491153 0.0921928 0.1374125 0.1255335 0.1165495 0.1498184 0.0000000 0.1477603 0.1385164 0.1325789 0.1511044 0.1306062 0.1475889 
yHAB164_Kazachstania_aerobia                0.1869215 0.1455386 0.1425114 0.2088912 0.1993685 0.2047052 0.2075420 0.2068597 0.1583923 0.1411218 0.5451090 0.1788652 0.1592041 0.1749062 0.1797618 0.1760259 0.1663416 0.1690626 0.3083050 0.1755200 0.1743871 0.1235442 0.0449708 0.1719066 0.1193486 0.0543871 0.1238862 0.1511423 0.1298924 0.1466648 0.1599204 0.1478611 0.0036455 0.1477603 0.0000000 0.1451618 0.1715579 0.1657692 0.1765018 0.1852735 
yHAB166_Kazachstania_yakushimaensis         0.1814067 0.1150053 0.1193017 0.2151605 0.1699094 0.1941227 0.1890481 0.1953935 0.1235585 0.1194550 0.6403725 0.1356329 0.1499385 0.1414022 0.1468864 0.1369595 0.1397444 0.1367599 0.3384463 0.1646526 0.1460404 0.1156070 0.1234953 0.1790834 0.1087160 0.1136253 0.1220302 0.1373426 0.1315073 0.0365268 0.1392918 0.1458339 0.1403778 0.1385164 0.1451618 0.0000000 0.1385764 0.1384755 0.1435735 0.1474815 
yHMPu5000034875_Tetrapisispora_fleetii      0.1288933 0.1216611 0.1424708 0.1636943 0.1412300 0.1528821 0.1563661 0.1474209 0.1013106 0.0929382 0.5457374 0.1169244 0.1027230 0.1106407 0.1060463 0.1052330 0.0981935 0.1069387 0.2491398 0.0534466 0.1017274 0.1415413 0.1595187 0.1552970 0.1141760 0.1565278 0.1542189 0.1676809 0.1116361 0.1423936 0.1162947 0.1296437 0.1694704 0.1325789 0.1715579 0.1385764 0.0000000 0.0646645 0.0226884 0.1226357 
yHMPu5000034876_Tetrapisispora_iriomotensis 0.1272380 0.1346518 0.1442045 0.1794901 0.1439347 0.1611888 0.1466271 0.1541522 0.1079267 0.1034887 0.5277771 0.1098349 0.0986998 0.1100353 0.1109686 0.1153666 0.1009938 0.1072130 0.2664045 0.0766996 0.0845633 0.1221944 0.1574549 0.1638369 0.1279344 0.1588193 0.1478483 0.1564380 0.1159384 0.1240283 0.1181824 0.1332032 0.1662463 0.1511044 0.1657692 0.1384755 0.0646645 0.0000000 0.0693708 0.1235204 
yHMPu5000034877_Tetrapisispora_namnaonensis 0.1317313 0.1201023 0.1474431 0.1563606 0.1413499 0.1635098 0.1503600 0.1477350 0.1035411 0.1008535 0.5412189 0.1182843 0.1046683 0.1119944 0.1084127 0.1107022 0.1045409 0.1096738 0.2544166 0.0692040 0.1121828 0.1481005 0.1669823 0.1534173 0.1240582 0.1609315 0.1582633 0.1747142 0.1065348 0.1429911 0.1248036 0.1247764 0.1720821 0.1306062 0.1765018 0.1435735 0.0226884 0.0693708 0.0000000 0.1277492 
yHMPu5000035629_Yueomyces_sinensis          0.1352923 0.1557415 0.1624088 0.1729457 0.1340546 0.1632667 0.1452514 0.1420822 0.1270117 0.1222164 0.5497480 0.1413632 0.1311176 0.1364371 0.1435703 0.1364684 0.1321075 0.1352317 0.2665929 0.1538344 0.1304103 0.1454129 0.1857704 0.1544982 0.1499802 0.1706098 0.1685053 0.1868800 0.1407182 0.1518275 0.1344412 0.1288204 0.1902089 0.1475889 0.1852735 0.1474815 0.1226357 0.1235204 0.1277492 0.0000000 
