40
Candida_glabrata                            0.0000000 0.2832341 0.3287310 0.5504131 0.1201014 0.3734595 0.1329819 0.1122315 0.2388160 0.2373491 0.8013409 0.2469777 0.2512437 0.2439637 0.2551467 0.2510360 0.2477596 0.2469011 0.2865739 0.2791868 0.2654069 0.2717649 0.2771384 0.2811263 0.2784891 0.2800803 0.2658356 0.3665115 0.2682940 0.4383632 0.2957552 0.2986636 0.2908938 0.2710596 0.2922434 0.4273464 0.2868975 0.2825794 0.2895310 0.2776158 
Kazachstania_africana                       0.2832341 0.0000000 0.3251194 0.5257709 0.2691509 0.3719452 0.2684252 0.2655363 0.2582537 0.2275984 0.8592069 0.2519941 0.2442909 0.2587379 0.2570090 0.2502967 0.2453365 0.2613757 0.2963316 0.2993780 0.2526511 0.2074038 0.2456020 0.2137918 0.2345848 0.2426301 0.2317760 0.3176706 0.2079977 0.3623032 0.2269356 0.1923274 0.2611615 0.2183124 0.2756788 0.3464586 0.3002143 0.2839299 0.3026255 0.2767461 
Kazachstania_naganishii                     0.3287310 0.3251194 0.0000000 0.5428337 0.3292804 0.4544003 0.3244359 0.3227536 0.3281363 0.3143573 0.8578446 0.3114639 0.3153415 0.3199268 0.3222282 0.3175729 0.3154202 0.3195436 0.3421072 0.3634676 0.3409476 0.2908851 0.2633587 0.2913194 0.2556942 0.2704034 0.2390833 0.3274933 0.2668051 0.3565081 0.2631433 0.3175174 0.2797355 0.3115361 0.2836409 0.3583736 0.3599571 0.3359457 0.3731298 0.3477871 
Nakaseomyces_bacillisporus                  0.5504131 0.5257709 0.5428337 0.0000000 0.5275184 0.5497800 0.4994054 0.5131581 0.5098901 0.5105860 1.0689174 0.4688624 0.4848620 0.4839176 0.4864323 0.4846678 0.4832685 0.4816043 0.5073083 0.5550797 0.4953862 0.5376123 0.5481315 0.5405476 0.5508715 0.5496529 0.5271565 0.5483917 0.4895285 0.5478507 0.4250990 0.5513521 0.5615346 0.5457090 0.4985314 0.5529544 0.5621460 0.5341552 0.5477002 0.4884977 
Nakaseomyces_bracarensis                    0.1201014 0.2691509 0.3292804 0.5275184 0.0000000 0.3723998 0.0807374 0.0581251 0.2336778 0.2133002 0.7610197 0.2248779 0.2262484 0.2277074 0.2318159 0.2211019 0.2226618 0.2274388 0.2718053 0.2746628 0.2434082 0.2569458 0.2621837 0.2733655 0.2524433 0.2682423 0.2434817 0.3447755 0.2499613 0.3975367 0.2821783 0.2805934 0.2781213 0.2662247 0.2882956 0.3904213 0.2791561 0.2654288 0.2771618 0.2529714 
Nakaseomyces_castellii                      0.3734595 0.3719452 0.4544003 0.5497800 0.3723998 0.0000000 0.3700070 0.3587050 0.3672310 0.3595676 0.9540354 0.3590868 0.3617897 0.3653143 0.3610758 0.3682645 0.3613855 0.3587295 0.3804402 0.3896037 0.3882180 0.3775777 0.3894632 0.4023544 0.3849224 0.4027268 0.3709535 0.4652640 0.3913880 0.4861985 0.3656990 0.3942643 0.4075297 0.3976673 0.3905391 0.4874629 0.3945201 0.3744562 0.3952161 0.4113107 
Nakaseomyces_delphensis                     0.1329819 0.2684252 0.3244359 0.4994054 0.0807374 0.3700070 0.0000000 0.0548322 0.2322203 0.2189531 0.8074234 0.2136211 0.2245695 0.2148708 0.2223711 0.2217245 0.2162516 0.2131839 0.2569598 0.2667725 0.2377039 0.2670401 0.2646978 0.2734132 0.2633614 0.2847624 0.2472659 0.3628173 0.2631790 0.4036232 0.2805905 0.2767523 0.2779220 0.2764832 0.2932676 0.3914285 0.2748646 0.2642430 0.2692097 0.2603890 
Nakaseomyces_nivariensis                    0.1122315 0.2655363 0.3227536 0.5131581 0.0581251 0.3587050 0.0548322 0.0000000 0.2147551 0.2076238 0.7843073 0.2189076 0.2279726 0.2153501 0.2239999 0.2213723 0.2192946 0.2154952 0.2586360 0.2673243 0.2318111 0.2534347 0.2567683 0.2625222 0.2496853 0.2686371 0.2394226 0.3482538 0.2500577 0.3918264 0.2672238 0.2787530 0.2710112 0.2682925 0.2783588 0.3865865 0.2684986 0.2625327 0.2664100 0.2552407 
Naumovozyma_castellii                       0.2388160 0.2582537 0.3281363 0.5098901 0.2336778 0.3672310 0.2322203 0.2147551 0.0000000 0.1506522 0.7558829 0.1995761 0.1990807 0.2034169 0.2013406 0.2056140 0.1900141 0.2025752 0.2512673 0.2426806 0.2299122 0.2251429 0.2571418 0.2341305 0.2385372 0.2748626 0.2385428 0.3279879 0.2241808 0.3865803 0.2317793 0.2413322 0.2620170 0.2345009 0.2746689 0.3672981 0.2500275 0.2310010 0.2294344 0.2413314 
Naumovozyma_dairenensis                     0.2373491 0.2275984 0.3143573 0.5105860 0.2133002 0.3595676 0.2189531 0.2076238 0.1506522 0.0000000 0.7817017 0.1812116 0.1832345 0.1847859 0.1892817 0.1870015 0.1831227 0.1855067 0.2394105 0.2444366 0.2325686 0.1997932 0.2497114 0.2321652 0.2279948 0.2681999 0.2153579 0.3171419 0.2254616 0.3852314 0.2311068 0.2271883 0.2611209 0.2210648 0.2661635 0.3662887 0.2363826 0.2227643 0.2374262 0.2326758 
Neurospora_crassa                           0.8013409 0.8592069 0.8578446 1.0689174 0.7610197 0.9540354 0.8074234 0.7843073 0.7558829 0.7817017 0.0000000 0.8085175 0.8037701 0.8022314 0.7973439 0.7771319 0.7929789 0.8059820 0.8082997 0.7931655 0.7955195 0.7948504 0.8345693 0.8147347 0.8226201 0.8592252 0.8348900 0.8612527 0.7971763 0.9283175 0.8201893 0.8514011 0.8404169 0.7906833 0.8575270 0.9377578 0.8178261 0.8082288 0.8210564 0.7955598 
Saccharomyces_arboricola                    0.2469777 0.2519941 0.3114639 0.4688624 0.2248779 0.3590868 0.2136211 0.2189076 0.1995761 0.1812116 0.8085175 0.0000000 0.0494058 0.0490469 0.0436598 0.0450653 0.0444152 0.0426711 0.2303744 0.2604066 0.2307857 0.2245712 0.2642719 0.2478989 0.2384456 0.2653924 0.2175421 0.3329206 0.2271253 0.3755455 0.2240384 0.2466031 0.2666969 0.2363818 0.2831456 0.3699958 0.2564752 0.2473178 0.2637636 0.2415403 
Saccharomyces_cerevisiae                    0.2512437 0.2442909 0.3153415 0.4848620 0.2262484 0.3617897 0.2245695 0.2279726 0.1990807 0.1832345 0.8037701 0.0494058 0.0000000 0.0466236 0.0394701 0.0281344 0.0202080 0.0429234 0.2409206 0.2653336 0.2302206 0.2245861 0.2561200 0.2535907 0.2369482 0.2695918 0.2176580 0.3305823 0.2316010 0.3820620 0.2316536 0.2421631 0.2659801 0.2387387 0.2783170 0.3861188 0.2646572 0.2529654 0.2709422 0.2424483 
Saccharomyces_eubayanus                     0.2439637 0.2587379 0.3199268 0.4839176 0.2277074 0.3653143 0.2148708 0.2153501 0.2034169 0.1847859 0.8022314 0.0490469 0.0466236 0.0000000 0.0362321 0.0410282 0.0436742 0.0119582 0.2264883 0.2604029 0.2309166 0.2313888 0.2602280 0.2523938 0.2325812 0.2698300 0.2232495 0.3328218 0.2430294 0.3890285 0.2243219 0.2584548 0.2676691 0.2365584 0.2773954 0.3870489 0.2568034 0.2453954 0.2611447 0.2430047 
Saccharomyces_kudriavzevii                  0.2551467 0.2570090 0.3222282 0.4864323 0.2318159 0.3610758 0.2223711 0.2239999 0.2013406 0.1892817 0.7973439 0.0436598 0.0394701 0.0362321 0.0000000 0.0358577 0.0333817 0.0313422 0.2378221 0.2701480 0.2294805 0.2294639 0.2661295 0.2458480 0.2398122 0.2722497 0.2282947 0.3329545 0.2402504 0.3967960 0.2150064 0.2535858 0.2724355 0.2418675 0.2797332 0.3913170 0.2692022 0.2475511 0.2769739 0.2473447 
Saccharomyces_mikatae                       0.2510360 0.2502967 0.3175729 0.4846678 0.2211019 0.3682645 0.2217245 0.2213723 0.2056140 0.1870015 0.7771319 0.0450653 0.0281344 0.0410282 0.0358577 0.0000000 0.0246372 0.0367537 0.2402014 0.2600659 0.2314256 0.2268269 0.2605677 0.2512906 0.2313343 0.2711150 0.2227682 0.3250013 0.2368483 0.3864050 0.2199440 0.2475506 0.2686849 0.2341519 0.2804401 0.3848640 0.2585642 0.2450039 0.2587596 0.2438160 
Saccharomyces_paradoxus                     0.2477596 0.2453365 0.3154202 0.4832685 0.2226618 0.3613855 0.2162516 0.2192946 0.1900141 0.1831227 0.7929789 0.0444152 0.0202080 0.0436742 0.0333817 0.0246372 0.0000000 0.0393973 0.2346726 0.2658611 0.2292906 0.2258702 0.2530162 0.2494000 0.2319920 0.2698069 0.2174351 0.3342252 0.2326629 0.3822053 0.2248056 0.2446914 0.2609274 0.2412125 0.2746061 0.3847825 0.2675143 0.2537683 0.2734781 0.2405310 
Saccharomyces_uvarum                        0.2469011 0.2613757 0.3195436 0.4816043 0.2274388 0.3587295 0.2131839 0.2154952 0.2025752 0.1855067 0.8059820 0.0426711 0.0429234 0.0119582 0.0313422 0.0367537 0.0393973 0.0000000 0.2299565 0.2614620 0.2311280 0.2318674 0.2579596 0.2510589 0.2320705 0.2663346 0.2213930 0.3303781 0.2383357 0.3898395 0.2222867 0.2585578 0.2633589 0.2395223 0.2728617 0.3902971 0.2582692 0.2462914 0.2634168 0.2482631 
Tetrapisispora_blattae                      0.2865739 0.2963316 0.3421072 0.5073083 0.2718053 0.3804402 0.2569598 0.2586360 0.2512673 0.2394105 0.8082997 0.2303744 0.2409206 0.2264883 0.2378221 0.2402014 0.2346726 0.2299565 0.0000000 0.2553066 0.2528131 0.2452113 0.2778947 0.2662407 0.2755516 0.2823750 0.2519005 0.3307453 0.2718004 0.3686560 0.2628719 0.2833170 0.2908904 0.2704549 0.2873752 0.3673895 0.2587353 0.2447777 0.2693405 0.1844195 
Tetrapisispora_phaffii                      0.2791868 0.2993780 0.3634676 0.5550797 0.2746628 0.3896037 0.2667725 0.2673243 0.2426806 0.2444366 0.7931655 0.2604066 0.2653336 0.2604029 0.2701480 0.2600659 0.2658611 0.2614620 0.2553066 0.0000000 0.2180510 0.2483522 0.3043781 0.3044253 0.2839204 0.3236513 0.2722968 0.3736982 0.2739134 0.4026570 0.2988943 0.3074602 0.3177089 0.2954290 0.3394715 0.3838614 0.0862157 0.1036478 0.0795312 0.2442096 
Vanderwaltozyma_polyspora                   0.2654069 0.2526511 0.3409476 0.4953862 0.2434082 0.3882180 0.2377039 0.2318111 0.2299122 0.2325686 0.7955195 0.2307857 0.2302206 0.2309166 0.2294805 0.2314256 0.2292906 0.2311280 0.2528131 0.2180510 0.0000000 0.2329877 0.2669783 0.2636508 0.2772094 0.2717934 0.2498907 0.3518210 0.2407854 0.3672944 0.2446615 0.2861725 0.2815366 0.2598001 0.2799001 0.3628500 0.2240409 0.1974512 0.2244033 0.2211049 
yHAB132_Kazachstania_martiniae              0.2717649 0.2074038 0.2908851 0.5376123 0.2569458 0.3775777 0.2670401 0.2534347 0.2251429 0.1997932 0.7948504 0.2245712 0.2245861 0.2313888 0.2294639 0.2268269 0.2258702 0.2318674 0.2452113 0.2483522 0.2329877 0.0000000 0.1965042 0.2002019 0.1812943 0.2028322 0.1862595 0.2943330 0.1935628 0.3194721 0.2020047 0.1916130 0.2007836 0.2054057 0.1923569 0.3083196 0.2597889 0.2354352 0.2667785 0.2530404 
yHAB133_Kazachstania_unispora               0.2771384 0.2456020 0.2633587 0.5481315 0.2621837 0.3894632 0.2646978 0.2567683 0.2571418 0.2497114 0.8345693 0.2642719 0.2561200 0.2602280 0.2661295 0.2605677 0.2530162 0.2579596 0.2778947 0.3043781 0.2669783 0.1965042 0.0000000 0.2331903 0.1728607 0.0544554 0.1312225 0.3034692 0.2170523 0.3268980 0.2466925 0.2489284 0.0308538 0.2437432 0.0342229 0.3095064 0.3156687 0.2930794 0.3116255 0.2946536 
yHAB134_Kazachstania_turicensis             0.2811263 0.2137918 0.2913194 0.5405476 0.2733655 0.4023544 0.2734132 0.2625222 0.2341305 0.2321652 0.8147347 0.2478989 0.2535907 0.2523938 0.2458480 0.2512906 0.2494000 0.2510589 0.2662407 0.3044253 0.2636508 0.2002019 0.2331903 0.0000000 0.2261745 0.2393900 0.2240343 0.3098823 0.1356614 0.3720792 0.1558899 0.2028187 0.2437251 0.1033761 0.2528716 0.3620547 0.3132719 0.2894499 0.3091408 0.2702276 
yHAB136_Kazachstania_bromeliacearum         0.2784891 0.2345848 0.2556942 0.5508715 0.2524433 0.3849224 0.2633614 0.2496853 0.2385372 0.2279948 0.8226201 0.2384456 0.2369482 0.2325812 0.2398122 0.2313343 0.2319920 0.2320705 0.2755516 0.2839204 0.2772094 0.1812943 0.1728607 0.2261745 0.0000000 0.1864136 0.1482660 0.2745306 0.1991632 0.3355236 0.2119369 0.2268537 0.1817181 0.2159104 0.1838858 0.3248994 0.2898549 0.2692235 0.2947598 0.2791158 
yHAB143_Kazachstania_siamensis              0.2800803 0.2426301 0.2704034 0.5496529 0.2682423 0.4027268 0.2847624 0.2686371 0.2748626 0.2681999 0.8592252 0.2653924 0.2695918 0.2698300 0.2722497 0.2711150 0.2698069 0.2663346 0.2823750 0.3236513 0.2717934 0.2028322 0.0544554 0.2393900 0.1864136 0.0000000 0.1485421 0.3103089 0.2336932 0.3290517 0.2511005 0.2603343 0.0708760 0.2577189 0.0685044 0.3109629 0.3313565 0.3033319 0.3327766 0.3022741 
yHAB147_Kazachstania_taianensis             0.2658356 0.2317760 0.2390833 0.5271565 0.2434817 0.3709535 0.2472659 0.2394226 0.2385428 0.2153579 0.8348900 0.2175421 0.2176580 0.2232495 0.2282947 0.2227682 0.2174351 0.2213930 0.2519005 0.2722968 0.2498907 0.1862595 0.1312225 0.2240343 0.1482660 0.1485421 0.0000000 0.2957710 0.1990905 0.3045868 0.2153467 0.2402881 0.1400156 0.2277295 0.1497313 0.2981457 0.2679077 0.2549751 0.2773998 0.2543806 
yHAB148_Kazachstania_intestinalis           0.3665115 0.3176706 0.3274933 0.5483917 0.3447755 0.4652640 0.3628173 0.3482538 0.3279879 0.3171419 0.8612527 0.3329206 0.3305823 0.3328218 0.3329545 0.3250013 0.3342252 0.3303781 0.3307453 0.3736982 0.3518210 0.2943330 0.3034692 0.3098823 0.2745306 0.3103089 0.2957710 0.0000000 0.2934162 0.3842568 0.3022624 0.3168054 0.3164888 0.3272910 0.3214917 0.3834127 0.3712747 0.3485863 0.3771686 0.3413592 
yHAB153_Kazachstania_rosinii                0.2682940 0.2079977 0.2668051 0.4895285 0.2499613 0.3913880 0.2631790 0.2500577 0.2241808 0.2254616 0.7971763 0.2271253 0.2316010 0.2430294 0.2402504 0.2368483 0.2326629 0.2383357 0.2718004 0.2739134 0.2407854 0.1935628 0.2170523 0.1356614 0.1991632 0.2336932 0.1990905 0.2934162 0.0000000 0.3394396 0.1343878 0.1971956 0.2353306 0.1315557 0.2388112 0.3452216 0.2859076 0.2681226 0.2871919 0.2657754 
yHAB154_Kazachstania_transvaalensis         0.4383632 0.3623032 0.3565081 0.5478507 0.3975367 0.4861985 0.4036232 0.3918264 0.3865803 0.3852314 0.9283175 0.3755455 0.3820620 0.3890285 0.3967960 0.3864050 0.3822053 0.3898395 0.3686560 0.4026570 0.3672944 0.3194721 0.3268980 0.3720792 0.3355236 0.3290517 0.3045868 0.3842568 0.3394396 0.0000000 0.3121670 0.3450426 0.3385869 0.3685171 0.2970119 0.0721547 0.4047428 0.4053967 0.4172874 0.3894242 
yHAB155_Kazachstania_spencerorum            0.2957552 0.2269356 0.2631433 0.4250990 0.2821783 0.3656990 0.2805905 0.2672238 0.2317793 0.2311068 0.8201893 0.2240384 0.2316536 0.2243219 0.2150064 0.2199440 0.2248056 0.2222867 0.2628719 0.2988943 0.2446615 0.2020047 0.2466925 0.1558899 0.2119369 0.2511005 0.2153467 0.3022624 0.1343878 0.3121670 0.0000000 0.2123011 0.2500048 0.1546855 0.2505511 0.3206159 0.3065757 0.2701200 0.2998779 0.2579371 
yHAB158_Kazachstania_viticola               0.2986636 0.1923274 0.3175174 0.5513521 0.2805934 0.3942643 0.2767523 0.2787530 0.2413322 0.2271883 0.8514011 0.2466031 0.2421631 0.2584548 0.2535858 0.2475506 0.2446914 0.2585578 0.2833170 0.3074602 0.2861725 0.1916130 0.2489284 0.2028187 0.2268537 0.2603343 0.2402881 0.3168054 0.1971956 0.3450426 0.2123011 0.0000000 0.2551582 0.2087199 0.2735821 0.3499829 0.3151486 0.2811694 0.3071913 0.2850933 
yHAB159_Kazachstania_solicola               0.2908938 0.2611615 0.2797355 0.5615346 0.2781213 0.4075297 0.2779220 0.2710112 0.2620170 0.2611209 0.8404169 0.2666969 0.2659801 0.2676691 0.2724355 0.2686849 0.2609274 0.2633589 0.2908904 0.3177089 0.2815366 0.2007836 0.0308538 0.2437251 0.1817181 0.0708760 0.1400156 0.3164888 0.2353306 0.3385869 0.2500048 0.2551582 0.0000000 0.2508283 0.0095515 0.3134119 0.3322569 0.3081002 0.3294387 0.3121395 
yHAB160_Kazachstania_kunashirensis          0.2710596 0.2183124 0.3115361 0.5457090 0.2662247 0.3976673 0.2764832 0.2682925 0.2345009 0.2210648 0.7906833 0.2363818 0.2387387 0.2365584 0.2418675 0.2341519 0.2412125 0.2395223 0.2704549 0.2954290 0.2598001 0.2054057 0.2437432 0.1033761 0.2159104 0.2577189 0.2277295 0.3272910 0.1315557 0.3685171 0.1546855 0.2087199 0.2508283 0.0000000 0.2580500 0.3573201 0.2973888 0.2775025 0.3051506 0.2763076 
yHAB164_Kazachstania_aerobia                0.2922434 0.2756788 0.2836409 0.4985314 0.2882956 0.3905391 0.2932676 0.2783588 0.2746689 0.2661635 0.8575270 0.2831456 0.2783170 0.2773954 0.2797332 0.2804401 0.2746061 0.2728617 0.2873752 0.3394715 0.2799001 0.1923569 0.0342229 0.2528716 0.1838858 0.0685044 0.1497313 0.3214917 0.2388112 0.2970119 0.2505511 0.2735821 0.0095515 0.2580500 0.0000000 0.2801181 0.3642074 0.3306159 0.3621269 0.3050959 
yHAB166_Kazachstania_yakushimaensis         0.4273464 0.3464586 0.3583736 0.5529544 0.3904213 0.4874629 0.3914285 0.3865865 0.3672981 0.3662887 0.9377578 0.3699958 0.3861188 0.3870489 0.3913170 0.3848640 0.3847825 0.3902971 0.3673895 0.3838614 0.3628500 0.3083196 0.3095064 0.3620547 0.3248994 0.3109629 0.2981457 0.3834127 0.3452216 0.0721547 0.3206159 0.3499829 0.3134119 0.3573201 0.2801181 0.0000000 0.3944568 0.3825190 0.4018924 0.3842357 
yHMPu5000034875_Tetrapisispora_fleetii      0.2868975 0.3002143 0.3599571 0.5621460 0.2791561 0.3945201 0.2748646 0.2684986 0.2500275 0.2363826 0.8178261 0.2564752 0.2646572 0.2568034 0.2692022 0.2585642 0.2675143 0.2582692 0.2587353 0.0862157 0.2240409 0.2597889 0.3156687 0.3132719 0.2898549 0.3313565 0.2679077 0.3712747 0.2859076 0.4047428 0.3065757 0.3151486 0.3322569 0.2973888 0.3642074 0.3944568 0.0000000 0.0965932 0.0398506 0.2446599 
yHMPu5000034876_Tetrapisispora_iriomotensis 0.2825794 0.2839299 0.3359457 0.5341552 0.2654288 0.3744562 0.2642430 0.2625327 0.2310010 0.2227643 0.8082288 0.2473178 0.2529654 0.2453954 0.2475511 0.2450039 0.2537683 0.2462914 0.2447777 0.1036478 0.1974512 0.2354352 0.2930794 0.2894499 0.2692235 0.3033319 0.2549751 0.3485863 0.2681226 0.4053967 0.2701200 0.2811694 0.3081002 0.2775025 0.3306159 0.3825190 0.0965932 0.0000000 0.0964823 0.2268660 
yHMPu5000034877_Tetrapisispora_namnaonensis 0.2895310 0.3026255 0.3731298 0.5477002 0.2771618 0.3952161 0.2692097 0.2664100 0.2294344 0.2374262 0.8210564 0.2637636 0.2709422 0.2611447 0.2769739 0.2587596 0.2734781 0.2634168 0.2693405 0.0795312 0.2244033 0.2667785 0.3116255 0.3091408 0.2947598 0.3327766 0.2773998 0.3771686 0.2871919 0.4172874 0.2998779 0.3071913 0.3294387 0.3051506 0.3621269 0.4018924 0.0398506 0.0964823 0.0000000 0.2318220 
yHMPu5000035629_Yueomyces_sinensis          0.2776158 0.2767461 0.3477871 0.4884977 0.2529714 0.4113107 0.2603890 0.2552407 0.2413314 0.2326758 0.7955598 0.2415403 0.2424483 0.2430047 0.2473447 0.2438160 0.2405310 0.2482631 0.1844195 0.2442096 0.2211049 0.2530404 0.2946536 0.2702276 0.2791158 0.3022741 0.2543806 0.3413592 0.2657754 0.3894242 0.2579371 0.2850933 0.3121395 0.2763076 0.3050959 0.3842357 0.2446599 0.2268660 0.2318220 0.0000000 
