40
Candida_glabrata                            0.0000000 0.0798611 0.0984650 0.0829494 0.0501937 0.1251850 0.0562699 0.0509891 0.0819328 0.0864189 0.4389923 0.0865815 0.0801301 0.0807454 0.0842031 0.0819495 0.0774286 0.0798897 0.0955487 0.0898436 0.0920053 0.0938928 0.0830008 0.1006827 0.0827275 0.0806291 0.0866920 0.1008529 0.0993990 0.0904899 0.0791448 0.0861652 0.0852967 0.0904992 0.0874602 0.0841355 0.0982195 0.0983936 0.0950531 0.0926352 
Kazachstania_africana                       0.0798611 0.0000000 0.0761610 0.0741189 0.0804127 0.1171234 0.0808278 0.0836439 0.0518764 0.0607245 0.4375439 0.0594684 0.0563798 0.0612512 0.0672786 0.0624640 0.0601316 0.0614960 0.0722870 0.0813849 0.0836884 0.0671406 0.0639545 0.0839514 0.0583475 0.0544475 0.0619415 0.0737840 0.0675920 0.0754542 0.0650747 0.0664162 0.0635119 0.0700396 0.0643650 0.0681586 0.0798703 0.0787220 0.0818295 0.0760420 
Kazachstania_naganishii                     0.0984650 0.0761610 0.0000000 0.0890205 0.0961650 0.1187709 0.0947983 0.0962549 0.0730700 0.0878841 0.4485178 0.0676911 0.0689119 0.0712878 0.0715051 0.0693242 0.0667711 0.0704966 0.0730877 0.0797132 0.0767374 0.0654513 0.0594616 0.0729747 0.0428184 0.0582746 0.0553660 0.0921206 0.0663621 0.0779214 0.0608212 0.0671710 0.0567900 0.0745251 0.0576795 0.0722495 0.0836660 0.0860540 0.0888043 0.0736255 
Nakaseomyces_bacillisporus                  0.0829494 0.0741189 0.0890205 0.0000000 0.0813245 0.1124348 0.0813274 0.0859577 0.0675350 0.0745672 0.4330808 0.0735395 0.0684277 0.0721672 0.0718177 0.0710755 0.0672085 0.0713655 0.0821135 0.0840074 0.0867151 0.0814275 0.0807586 0.0916886 0.0730266 0.0786377 0.0735194 0.0943988 0.0778293 0.0803341 0.0724583 0.0764651 0.0806349 0.0889380 0.0834895 0.0759371 0.0820462 0.0893346 0.0843289 0.0895462 
Nakaseomyces_bracarensis                    0.0501937 0.0804127 0.0961650 0.0813245 0.0000000 0.1197045 0.0214048 0.0138353 0.0745188 0.0808810 0.4411966 0.0726996 0.0687032 0.0726810 0.0736071 0.0743120 0.0689060 0.0718702 0.0841697 0.0892990 0.0850300 0.0850975 0.0875381 0.1042477 0.0763766 0.0841757 0.0839968 0.0962545 0.0902707 0.0913672 0.0785621 0.0838046 0.0877942 0.0876981 0.0900298 0.0823774 0.0887833 0.0899976 0.0893156 0.0881541 
Nakaseomyces_castellii                      0.1251850 0.1171234 0.1187709 0.1124348 0.1197045 0.0000000 0.1259986 0.1272234 0.1158300 0.1235937 0.4729881 0.1146754 0.1094997 0.1172262 0.1168372 0.1184882 0.1122254 0.1161700 0.1269420 0.1295799 0.1227744 0.1207035 0.1185519 0.1303715 0.1060708 0.1145654 0.1169265 0.1298896 0.1249988 0.1256836 0.1163389 0.1119366 0.1145869 0.1246235 0.1155849 0.1151213 0.1295253 0.1325870 0.1320617 0.1215010 
Nakaseomyces_delphensis                     0.0562699 0.0808278 0.0947983 0.0813274 0.0214048 0.1259986 0.0000000 0.0155157 0.0730807 0.0770693 0.4475355 0.0753002 0.0657857 0.0713934 0.0723011 0.0703293 0.0688148 0.0706013 0.0843811 0.0917824 0.0868688 0.0846549 0.0899479 0.1032017 0.0815090 0.0858108 0.0825094 0.1020984 0.0901134 0.0891361 0.0737674 0.0816054 0.0910419 0.0910132 0.0932554 0.0829860 0.0894940 0.0939010 0.0916117 0.0862636 
Nakaseomyces_nivariensis                    0.0509891 0.0836439 0.0962549 0.0859577 0.0138353 0.1272234 0.0155157 0.0000000 0.0763282 0.0817815 0.4384579 0.0744055 0.0704460 0.0725579 0.0734736 0.0741721 0.0688271 0.0717579 0.0838041 0.0909637 0.0869166 0.0870582 0.0890296 0.1045827 0.0804730 0.0858808 0.0852508 0.0972273 0.0919155 0.0897976 0.0783781 0.0882518 0.0901255 0.0909390 0.0923386 0.0838129 0.0872998 0.0936783 0.0894063 0.0882954 
Naumovozyma_castellii                       0.0819328 0.0518764 0.0730700 0.0675350 0.0745188 0.1158300 0.0730807 0.0763282 0.0000000 0.0298925 0.4347446 0.0461746 0.0437808 0.0472024 0.0522898 0.0501508 0.0459482 0.0446813 0.0582777 0.0696918 0.0753646 0.0650510 0.0594594 0.0724929 0.0586944 0.0528573 0.0464575 0.0770748 0.0659942 0.0693203 0.0567046 0.0597398 0.0589393 0.0658961 0.0608276 0.0665991 0.0684100 0.0706110 0.0732235 0.0704185 
Naumovozyma_dairenensis                     0.0864189 0.0607245 0.0878841 0.0745672 0.0808810 0.1235937 0.0770693 0.0817815 0.0298925 0.0000000 0.4542755 0.0571452 0.0514700 0.0566185 0.0581508 0.0589913 0.0548009 0.0552957 0.0733855 0.0777599 0.0769597 0.0761483 0.0736797 0.0826266 0.0688035 0.0705414 0.0637866 0.0952658 0.0765705 0.0768040 0.0602589 0.0681739 0.0752854 0.0787097 0.0753249 0.0751564 0.0744707 0.0804031 0.0795625 0.0756445 
Neurospora_crassa                           0.4389923 0.4375439 0.4485178 0.4330808 0.4411966 0.4729881 0.4475355 0.4384579 0.4347446 0.4542755 0.0000000 0.4150431 0.4213043 0.4235773 0.4330417 0.4311862 0.4157502 0.4190803 0.4256110 0.4400885 0.4205616 0.4180873 0.4318896 0.4287086 0.4261943 0.4270444 0.4346408 0.4479934 0.4377356 0.4623703 0.4362477 0.4536064 0.4340344 0.4447790 0.4347720 0.4581500 0.4308211 0.4363241 0.4443107 0.4420172 
Saccharomyces_arboricola                    0.0865815 0.0594684 0.0676911 0.0735395 0.0726996 0.1146754 0.0753002 0.0744055 0.0461746 0.0571452 0.4150431 0.0000000 0.0180110 0.0154729 0.0218204 0.0163397 0.0171198 0.0146443 0.0527170 0.0643847 0.0666628 0.0527609 0.0562864 0.0702029 0.0510269 0.0507756 0.0483441 0.0909418 0.0571212 0.0775222 0.0559732 0.0624908 0.0521482 0.0621008 0.0530402 0.0675622 0.0603636 0.0694443 0.0675572 0.0634340 
Saccharomyces_cerevisiae                    0.0801301 0.0563798 0.0689119 0.0684277 0.0687032 0.1094997 0.0657857 0.0704460 0.0437808 0.0514700 0.4213043 0.0180110 0.0000000 0.0171923 0.0211039 0.0147148 0.0088723 0.0163576 0.0557142 0.0675837 0.0709152 0.0559572 0.0670222 0.0730147 0.0515872 0.0576440 0.0532948 0.0849586 0.0634473 0.0787310 0.0550367 0.0601341 0.0628760 0.0701988 0.0637813 0.0697066 0.0626607 0.0671960 0.0660737 0.0687226 
Saccharomyces_eubayanus                     0.0807454 0.0612512 0.0712878 0.0721672 0.0726810 0.1172262 0.0713934 0.0725579 0.0472024 0.0566185 0.4235773 0.0154729 0.0171923 0.0000000 0.0209853 0.0155229 0.0163046 0.0023989 0.0562120 0.0660821 0.0721487 0.0519827 0.0617498 0.0727743 0.0550773 0.0542312 0.0527879 0.0866372 0.0616596 0.0769523 0.0546301 0.0648987 0.0575265 0.0699397 0.0584382 0.0685586 0.0630022 0.0740681 0.0664589 0.0633512 
Saccharomyces_kudriavzevii                  0.0842031 0.0672786 0.0715051 0.0718177 0.0736071 0.1168372 0.0723011 0.0734736 0.0522898 0.0581508 0.4330417 0.0218204 0.0211039 0.0209853 0.0000000 0.0195505 0.0184931 0.0201303 0.0588949 0.0730428 0.0752969 0.0551589 0.0652097 0.0734561 0.0553938 0.0582893 0.0513937 0.0898225 0.0604037 0.0728871 0.0588485 0.0653675 0.0615776 0.0668412 0.0624821 0.0696699 0.0671085 0.0750646 0.0725011 0.0689183 
Saccharomyces_mikatae                       0.0819495 0.0624640 0.0693242 0.0710755 0.0743120 0.1184882 0.0703293 0.0741721 0.0501508 0.0589913 0.4311862 0.0163397 0.0147148 0.0155229 0.0195505 0.0000000 0.0122018 0.0146917 0.0577066 0.0682258 0.0748805 0.0568827 0.0639256 0.0737314 0.0520624 0.0565089 0.0532516 0.0885573 0.0608473 0.0753906 0.0531860 0.0630457 0.0587183 0.0726517 0.0596221 0.0675949 0.0613971 0.0751448 0.0653157 0.0661340 
Saccharomyces_paradoxus                     0.0774286 0.0601316 0.0667711 0.0672085 0.0689060 0.1122254 0.0688148 0.0688271 0.0459482 0.0548009 0.4157502 0.0171198 0.0088723 0.0163046 0.0184931 0.0122018 0.0000000 0.0154744 0.0574638 0.0662091 0.0725624 0.0551468 0.0631841 0.0727636 0.0508050 0.0538838 0.0514432 0.0847940 0.0628002 0.0733338 0.0532030 0.0648852 0.0590536 0.0690366 0.0599554 0.0676880 0.0604821 0.0724606 0.0656684 0.0630583 
Saccharomyces_uvarum                        0.0798897 0.0614960 0.0704966 0.0713655 0.0718702 0.1161700 0.0706013 0.0717579 0.0446813 0.0552957 0.4190803 0.0146443 0.0163576 0.0023989 0.0201303 0.0146917 0.0154744 0.0000000 0.0535823 0.0632644 0.0700793 0.0513320 0.0616535 0.0725899 0.0543849 0.0541982 0.0518485 0.0879829 0.0629498 0.0761295 0.0539552 0.0641412 0.0574650 0.0697728 0.0583691 0.0677899 0.0602563 0.0712009 0.0636601 0.0626472 
Tetrapisispora_blattae                      0.0955487 0.0722870 0.0730877 0.0821135 0.0841697 0.1269420 0.0843811 0.0838041 0.0582777 0.0733855 0.4256110 0.0527170 0.0557142 0.0562120 0.0588949 0.0577066 0.0574638 0.0535823 0.0000000 0.0650352 0.0680552 0.0646094 0.0759665 0.0774471 0.0529688 0.0681230 0.0648413 0.0953653 0.0663263 0.0886808 0.0656195 0.0672666 0.0690984 0.0663645 0.0700083 0.0798534 0.0608340 0.0685829 0.0646008 0.0572172 
Tetrapisispora_phaffii                      0.0898436 0.0813849 0.0797132 0.0840074 0.0892990 0.1295799 0.0917824 0.0909637 0.0696918 0.0777599 0.4400885 0.0643847 0.0675837 0.0660821 0.0730428 0.0682258 0.0662091 0.0632644 0.0650352 0.0000000 0.0574390 0.0749029 0.0804832 0.0878510 0.0661507 0.0709644 0.0759895 0.1036204 0.0778784 0.0891536 0.0780650 0.0664540 0.0704872 0.0767604 0.0726369 0.0852872 0.0209619 0.0265668 0.0208429 0.0636500 
Vanderwaltozyma_polyspora                   0.0920053 0.0836884 0.0767374 0.0867151 0.0850300 0.1227744 0.0868688 0.0869166 0.0753646 0.0769597 0.4205616 0.0666628 0.0709152 0.0721487 0.0752969 0.0748805 0.0725624 0.0700793 0.0680552 0.0574390 0.0000000 0.0681726 0.0752788 0.0765624 0.0676814 0.0683279 0.0685953 0.1102124 0.0798344 0.0907179 0.0760374 0.0698200 0.0725539 0.0723600 0.0716658 0.0866229 0.0550766 0.0562200 0.0613161 0.0673948 
yHAB132_Kazachstania_martiniae              0.0938928 0.0671406 0.0654513 0.0814275 0.0850975 0.1207035 0.0846549 0.0870582 0.0650510 0.0761483 0.4180873 0.0527609 0.0559572 0.0519827 0.0551589 0.0568827 0.0551468 0.0513320 0.0646094 0.0749029 0.0681726 0.0000000 0.0562730 0.0718538 0.0513346 0.0544785 0.0558974 0.0857224 0.0576079 0.0731055 0.0505181 0.0638840 0.0557440 0.0633291 0.0566291 0.0700565 0.0745896 0.0765771 0.0782375 0.0730884 
yHAB133_Kazachstania_unispora               0.0830008 0.0639545 0.0594616 0.0807586 0.0875381 0.1185519 0.0899479 0.0890296 0.0594594 0.0736797 0.4318896 0.0562864 0.0670222 0.0617498 0.0652097 0.0639256 0.0631841 0.0616535 0.0759665 0.0804832 0.0752788 0.0562730 0.0000000 0.0663364 0.0394543 0.0187938 0.0419097 0.0869620 0.0543800 0.0630741 0.0507415 0.0595726 0.0137877 0.0592109 0.0146060 0.0545106 0.0770995 0.0872097 0.0857282 0.0717111 
yHAB134_Kazachstania_turicensis             0.1006827 0.0839514 0.0729747 0.0916886 0.1042477 0.1303715 0.1032017 0.1045827 0.0724929 0.0826266 0.4287086 0.0702029 0.0730147 0.0727743 0.0734561 0.0737314 0.0727636 0.0725899 0.0774471 0.0878510 0.0765624 0.0718538 0.0663364 0.0000000 0.0681535 0.0586991 0.0630274 0.1107171 0.0609203 0.0788759 0.0597435 0.0761868 0.0684391 0.0470914 0.0693579 0.0830547 0.0823513 0.0859342 0.0901721 0.0864023 
yHAB136_Kazachstania_bromeliacearum         0.0827275 0.0583475 0.0428184 0.0730266 0.0763766 0.1060708 0.0815090 0.0804730 0.0586944 0.0688035 0.4261943 0.0510269 0.0515872 0.0550773 0.0553938 0.0520624 0.0508050 0.0543849 0.0529688 0.0661507 0.0676814 0.0513346 0.0394543 0.0681535 0.0000000 0.0359049 0.0447543 0.0808638 0.0514924 0.0596352 0.0415594 0.0481168 0.0357240 0.0519371 0.0365886 0.0554017 0.0681482 0.0723321 0.0717581 0.0571331 
yHAB143_Kazachstania_siamensis              0.0806291 0.0544475 0.0582746 0.0786377 0.0841757 0.1145654 0.0858108 0.0858808 0.0528573 0.0705414 0.4270444 0.0507756 0.0576440 0.0542312 0.0582893 0.0565089 0.0538838 0.0541982 0.0681230 0.0709644 0.0683279 0.0544785 0.0187938 0.0586991 0.0359049 0.0000000 0.0361460 0.0804738 0.0548597 0.0559643 0.0483705 0.0572204 0.0179284 0.0548252 0.0187525 0.0514661 0.0711468 0.0797012 0.0761130 0.0664991 
yHAB147_Kazachstania_taianensis             0.0866920 0.0619415 0.0553660 0.0735194 0.0839968 0.1169265 0.0825094 0.0852508 0.0464575 0.0637866 0.4346408 0.0483441 0.0532948 0.0527879 0.0513937 0.0532516 0.0514432 0.0518485 0.0648413 0.0759895 0.0685953 0.0558974 0.0419097 0.0630274 0.0447543 0.0361460 0.0000000 0.0775096 0.0545598 0.0589706 0.0562359 0.0587138 0.0386973 0.0583507 0.0395675 0.0582103 0.0703021 0.0758191 0.0787179 0.0641469 
yHAB148_Kazachstania_intestinalis           0.1008529 0.0737840 0.0921206 0.0943988 0.0962545 0.1298896 0.1020984 0.0972273 0.0770748 0.0952658 0.4479934 0.0909418 0.0849586 0.0866372 0.0898225 0.0885573 0.0847940 0.0879829 0.0953653 0.1036204 0.1102124 0.0857224 0.0869620 0.1107171 0.0808638 0.0804738 0.0775096 0.0000000 0.0896661 0.0891940 0.0901783 0.0904801 0.0827407 0.1026011 0.0856080 0.0854849 0.1034624 0.1084765 0.1058693 0.0945273 
yHAB153_Kazachstania_rosinii                0.0993990 0.0675920 0.0663621 0.0778293 0.0902707 0.1249988 0.0901134 0.0919155 0.0659942 0.0765705 0.4377356 0.0571212 0.0634473 0.0616596 0.0604037 0.0608473 0.0628002 0.0629498 0.0663263 0.0778784 0.0798344 0.0576079 0.0543800 0.0609203 0.0514924 0.0548597 0.0545598 0.0896661 0.0000000 0.0727177 0.0447405 0.0638662 0.0520060 0.0500318 0.0537077 0.0714818 0.0752938 0.0778844 0.0805478 0.0756107 
yHAB154_Kazachstania_transvaalensis         0.0904899 0.0754542 0.0779214 0.0803341 0.0913672 0.1256836 0.0891361 0.0897976 0.0693203 0.0768040 0.4623703 0.0775222 0.0787310 0.0769523 0.0728871 0.0753906 0.0733338 0.0761295 0.0886808 0.0891536 0.0907179 0.0731055 0.0630741 0.0788759 0.0596352 0.0559643 0.0589706 0.0891940 0.0727177 0.0000000 0.0666107 0.0762959 0.0626309 0.0714789 0.0645475 0.0213700 0.0837726 0.0930514 0.0899547 0.0892034 
yHAB155_Kazachstania_spencerorum            0.0791448 0.0650747 0.0608212 0.0724583 0.0785621 0.1163389 0.0737674 0.0783781 0.0567046 0.0602589 0.4362477 0.0559732 0.0550367 0.0546301 0.0588485 0.0531860 0.0532030 0.0539552 0.0656195 0.0780650 0.0760374 0.0505181 0.0507415 0.0597435 0.0415594 0.0483705 0.0562359 0.0901783 0.0447405 0.0666107 0.0000000 0.0557028 0.0480067 0.0543852 0.0488651 0.0633151 0.0800954 0.0849587 0.0804812 0.0654459 
yHAB158_Kazachstania_viticola               0.0861652 0.0664162 0.0671710 0.0764651 0.0838046 0.1119366 0.0816054 0.0882518 0.0597398 0.0681739 0.4536064 0.0624908 0.0601341 0.0648987 0.0653675 0.0630457 0.0648852 0.0641412 0.0672666 0.0664540 0.0698200 0.0638840 0.0595726 0.0761868 0.0481168 0.0572204 0.0587138 0.0904801 0.0638662 0.0762959 0.0557028 0.0000000 0.0593169 0.0667784 0.0612057 0.0633683 0.0687694 0.0701375 0.0712945 0.0755709 
yHAB159_Kazachstania_solicola               0.0852967 0.0635119 0.0567900 0.0806349 0.0877942 0.1145869 0.0910419 0.0901255 0.0589393 0.0752854 0.4340344 0.0521482 0.0628760 0.0575265 0.0615776 0.0587183 0.0590536 0.0574650 0.0690984 0.0704872 0.0725539 0.0557440 0.0137877 0.0684391 0.0357240 0.0179284 0.0386973 0.0827407 0.0520060 0.0626309 0.0480067 0.0593169 0.0000000 0.0583288 0.0023943 0.0536692 0.0729536 0.0799469 0.0784199 0.0640587 
yHAB160_Kazachstania_kunashirensis          0.0904992 0.0700396 0.0745251 0.0889380 0.0876981 0.1246235 0.0910132 0.0909390 0.0658961 0.0787097 0.4447790 0.0621008 0.0701988 0.0699397 0.0668412 0.0726517 0.0690366 0.0697728 0.0663645 0.0767604 0.0723600 0.0633291 0.0592109 0.0470914 0.0519371 0.0548252 0.0583507 0.1026011 0.0500318 0.0714789 0.0543852 0.0667784 0.0583288 0.0000000 0.0592393 0.0702539 0.0762214 0.0741063 0.0794956 0.0738500 
yHAB164_Kazachstania_aerobia                0.0874602 0.0643650 0.0576795 0.0834895 0.0900298 0.1155849 0.0932554 0.0923386 0.0608276 0.0753249 0.4347720 0.0530402 0.0637813 0.0584382 0.0624821 0.0596221 0.0599554 0.0583691 0.0700083 0.0726369 0.0716658 0.0566291 0.0146060 0.0693579 0.0365886 0.0187525 0.0395675 0.0856080 0.0537077 0.0645475 0.0488651 0.0612057 0.0023943 0.0592393 0.0000000 0.0555593 0.0738880 0.0827977 0.0812467 0.0649845 
yHAB166_Kazachstania_yakushimaensis         0.0841355 0.0681586 0.0722495 0.0759371 0.0823774 0.1151213 0.0829860 0.0838129 0.0665991 0.0751564 0.4581500 0.0675622 0.0697066 0.0685586 0.0696699 0.0675949 0.0676880 0.0677899 0.0798534 0.0852872 0.0866229 0.0700565 0.0545106 0.0830547 0.0554017 0.0514661 0.0582103 0.0854849 0.0714818 0.0213700 0.0633151 0.0633683 0.0536692 0.0702539 0.0555593 0.0000000 0.0807334 0.0882473 0.0835751 0.0826293 
yHMPu5000034875_Tetrapisispora_fleetii      0.0982195 0.0798703 0.0836660 0.0820462 0.0887833 0.1295253 0.0894940 0.0872998 0.0684100 0.0744707 0.4308211 0.0603636 0.0626607 0.0630022 0.0671085 0.0613971 0.0604821 0.0602563 0.0608340 0.0209619 0.0550766 0.0745896 0.0770995 0.0823513 0.0681482 0.0711468 0.0703021 0.1034624 0.0752938 0.0837726 0.0800954 0.0687694 0.0729536 0.0762214 0.0738880 0.0807334 0.0000000 0.0313846 0.0112655 0.0649461 
yHMPu5000034876_Tetrapisispora_iriomotensis 0.0983936 0.0787220 0.0860540 0.0893346 0.0899976 0.1325870 0.0939010 0.0936783 0.0706110 0.0804031 0.4363241 0.0694443 0.0671960 0.0740681 0.0750646 0.0751448 0.0724606 0.0712009 0.0685829 0.0265668 0.0562200 0.0765771 0.0872097 0.0859342 0.0723321 0.0797012 0.0758191 0.1084765 0.0778844 0.0930514 0.0849587 0.0701375 0.0799469 0.0741063 0.0827977 0.0882473 0.0313846 0.0000000 0.0319112 0.0709446 
yHMPu5000034877_Tetrapisispora_namnaonensis 0.0950531 0.0818295 0.0888043 0.0843289 0.0893156 0.1320617 0.0916117 0.0894063 0.0732235 0.0795625 0.4443107 0.0675572 0.0660737 0.0664589 0.0725011 0.0653157 0.0656684 0.0636601 0.0646008 0.0208429 0.0613161 0.0782375 0.0857282 0.0901721 0.0717581 0.0761130 0.0787179 0.1058693 0.0805478 0.0899547 0.0804812 0.0712945 0.0784199 0.0794956 0.0812467 0.0835751 0.0112655 0.0319112 0.0000000 0.0695140 
yHMPu5000035629_Yueomyces_sinensis          0.0926352 0.0760420 0.0736255 0.0895462 0.0881541 0.1215010 0.0862636 0.0882954 0.0704185 0.0756445 0.4420172 0.0634340 0.0687226 0.0633512 0.0689183 0.0661340 0.0630583 0.0626472 0.0572172 0.0636500 0.0673948 0.0730884 0.0717111 0.0864023 0.0571331 0.0664991 0.0641469 0.0945273 0.0756107 0.0892034 0.0654459 0.0755709 0.0640587 0.0738500 0.0649845 0.0826293 0.0649461 0.0709446 0.0695140 0.0000000 
