40
Candida_glabrata                            0.0000000 0.6583439 0.6706876 0.7917292 0.2540425 0.7649319 0.2143358 0.1972069 0.7426540 0.6248893 2.0380862 0.7114521 0.6855546 0.6866289 0.7451748 0.6810576 0.7198781 0.6675637 0.8476337 0.6806169 0.7343630 0.5605580 0.6242650 0.7044292 0.6764589 0.6736988 0.6502700 0.7647875 0.6990587 0.7386143 0.6686919 0.6676463 0.6830087 0.7408426 0.6795290 0.7201150 0.7191995 0.6853368 0.8018573 0.7537858 
Kazachstania_africana                       0.6583439 0.0000000 0.5150680 0.5433675 0.8239096 0.7603753 0.6974063 0.7711481 0.4220768 0.3825873 2.0773566 0.5223904 0.4663348 0.4784540 0.5296965 0.5211053 0.5402137 0.4759330 0.5620643 0.4575960 0.3561102 0.3073160 0.3645680 0.3600381 0.3718125 0.3449260 0.4132373 0.5657397 0.2482816 0.5780899 0.3725483 0.3217715 0.3969199 0.3421614 0.3840268 0.4543129 0.4545238 0.4336196 0.5143975 0.5687116 
Kazachstania_naganishii                     0.6706876 0.5150680 0.0000000 0.5997582 0.8308412 0.6577349 0.6891510 0.7769848 0.5635047 0.6040403 2.0796519 0.5758566 0.4974552 0.5626603 0.5703504 0.5144138 0.5830602 0.5410986 0.6540999 0.6404169 0.5002762 0.4465859 0.4420817 0.5675906 0.5017522 0.3871493 0.4052272 0.6532504 0.4069486 0.5527942 0.5314063 0.5211027 0.4560285 0.5547288 0.4421906 0.5019144 0.6030391 0.5705305 0.6341662 0.5572535 
Nakaseomyces_bacillisporus                  0.7917292 0.5433675 0.5997582 0.0000000 0.8303981 0.6838931 0.7291876 0.7968980 0.5980617 0.5904981 2.0021579 0.5819457 0.5386539 0.6330900 0.6044688 0.5546365 0.5742274 0.6168097 0.7154376 0.6535142 0.5441570 0.5382009 0.4938278 0.5986483 0.6425798 0.5033665 0.5108187 0.5537289 0.5676901 0.6373747 0.5976501 0.5076691 0.5318487 0.6326510 0.5106087 0.6177937 0.6232715 0.5643200 0.6647498 0.5702196 
Nakaseomyces_bracarensis                    0.2540425 0.8239096 0.8308412 0.8303981 0.0000000 0.8162392 0.2023181 0.1359717 0.8520311 0.6653278 2.0818932 0.7605643 0.7686743 0.7180179 0.7934908 0.7889666 0.7348891 0.7278314 0.9487889 0.7459706 0.7703372 0.6387956 0.7199940 0.7863033 0.7386197 0.8138539 0.7454788 0.8286887 0.7692919 0.7865164 0.7989147 0.7374445 0.7785282 0.8350691 0.7743775 0.7956821 0.7977602 0.8127432 0.8189638 0.7291626 
Nakaseomyces_castellii                      0.7649319 0.7603753 0.6577349 0.6838931 0.8162392 0.0000000 0.7756175 0.7724130 0.7926345 0.6757810 1.7779557 0.7979183 0.7204041 0.7387043 0.8352852 0.7464676 0.7843653 0.7544633 0.8989808 0.8934463 0.7683981 0.6557108 0.6162883 0.7935026 0.6161172 0.5840886 0.6541851 0.7997627 0.6187926 0.6818041 0.6940807 0.6742114 0.5921085 0.7042628 0.6093648 0.6639970 0.8659957 0.8193195 0.8804640 0.7475287 
Nakaseomyces_delphensis                     0.2143358 0.6974063 0.6891510 0.7291876 0.2023181 0.7756175 0.0000000 0.1120797 0.7456714 0.5977832 2.0417729 0.6601039 0.6441591 0.6838277 0.7020554 0.6612475 0.6828190 0.6650402 0.8468504 0.6886170 0.6585355 0.5489429 0.6090239 0.6760155 0.6270742 0.6472042 0.5826146 0.8387135 0.6977234 0.7084488 0.7786570 0.6419423 0.6862633 0.6980774 0.6679370 0.6636382 0.7124426 0.6813845 0.7965617 0.7070785 
Nakaseomyces_nivariensis                    0.1972069 0.7711481 0.7769848 0.7968980 0.1359717 0.7724130 0.1120797 0.0000000 0.7612935 0.6056104 2.0854618 0.6971353 0.6712939 0.6694845 0.7233302 0.6730407 0.6727421 0.6512565 0.8929207 0.7001340 0.7423518 0.5752377 0.6684888 0.6919135 0.6767413 0.7236335 0.6562660 0.8398129 0.6885396 0.7371780 0.7027047 0.6490888 0.7305049 0.7581178 0.7110597 0.7290947 0.7274693 0.6822216 0.7953736 0.7850097 
Naumovozyma_castellii                       0.7426540 0.4220768 0.5635047 0.5980617 0.8520311 0.7926345 0.7456714 0.7612935 0.0000000 0.2480602 2.4153219 0.5240160 0.4688330 0.4452757 0.5487212 0.5012197 0.5277076 0.4535185 0.5950993 0.4327030 0.3497740 0.3963749 0.4827608 0.4508009 0.4768753 0.4659267 0.4398205 0.7605016 0.3800597 0.7100267 0.4340912 0.4183562 0.4372012 0.4352905 0.4365643 0.5897800 0.3953797 0.3986471 0.3582127 0.6467324 
Naumovozyma_dairenensis                     0.6248893 0.3825873 0.6040403 0.5904981 0.6653278 0.6757810 0.5977832 0.6056104 0.2480602 0.0000000 2.1366903 0.4287130 0.3937196 0.4034015 0.4104917 0.4534660 0.4468162 0.4056027 0.5106097 0.3571848 0.3539565 0.3031990 0.3431548 0.3585839 0.4198500 0.3535923 0.3594146 0.5841041 0.3798257 0.5415710 0.4231812 0.3456627 0.3526724 0.3846090 0.3357248 0.5050379 0.3666288 0.4175572 0.4265073 0.5380181 
Neurospora_crassa                           2.0380862 2.0773566 2.0796519 2.0021579 2.0818932 1.7779557 2.0417729 2.0854618 2.4153219 2.1366903 0.0000000 2.1314441 2.0259739 1.9655409 2.2362728 2.1471271 2.1473420 1.9919260 2.3364563 2.2298411 2.3438817 1.8889138 2.0939105 2.2712453 2.1229843 2.1682081 1.9142532 2.0691998 1.9141827 2.1179181 2.1501995 1.9381012 2.0885868 2.1073759 2.0995820 2.1686048 2.1895136 2.0976810 2.2213681 2.2093375 
Saccharomyces_arboricola                    0.7114521 0.5223904 0.5758566 0.5819457 0.7605643 0.7979183 0.6601039 0.6971353 0.5240160 0.4287130 2.1314441 0.0000000 0.0592274 0.1107360 0.0957001 0.0939269 0.0867927 0.0979493 0.5575345 0.4952594 0.4604028 0.3987892 0.5115941 0.5332083 0.5016921 0.5661789 0.4689396 0.6236400 0.4857504 0.7166446 0.6149500 0.4015904 0.5749616 0.4066981 0.5712058 0.6763750 0.4789056 0.4671621 0.5394259 0.5363383 
Saccharomyces_cerevisiae                    0.6855546 0.4663348 0.4974552 0.5386539 0.7686743 0.7204041 0.6441591 0.6712939 0.4688330 0.3937196 2.0259739 0.0592274 0.0000000 0.1048385 0.1177786 0.0643911 0.0481020 0.0920567 0.5386143 0.4482574 0.4335688 0.3274222 0.4625824 0.4959412 0.4662941 0.4990661 0.4262092 0.5633505 0.4170646 0.6557621 0.5487329 0.3589781 0.4916323 0.3940241 0.4850174 0.6167535 0.4086543 0.4101639 0.4652386 0.4974445 
Saccharomyces_eubayanus                     0.6866289 0.4784540 0.5626603 0.6330900 0.7180179 0.7387043 0.6838277 0.6694845 0.4452757 0.4034015 1.9655409 0.1107360 0.1048385 0.0000000 0.1790796 0.1597467 0.1507771 0.0343948 0.5536817 0.4588736 0.4337520 0.3916151 0.4735066 0.5828908 0.4466828 0.5055266 0.4527024 0.6226810 0.4362415 0.6953309 0.5461791 0.3976911 0.5133118 0.4416768 0.5305826 0.6587260 0.4530728 0.4381674 0.4682125 0.5340885 
Saccharomyces_kudriavzevii                  0.7451748 0.5296965 0.5703504 0.6044688 0.7934908 0.8352852 0.7020554 0.7233302 0.5487212 0.4104917 2.2362728 0.0957001 0.1177786 0.1790796 0.0000000 0.1156884 0.1424909 0.1576166 0.5947682 0.5421186 0.4978695 0.3759569 0.5128194 0.5916439 0.5108575 0.5524102 0.4888915 0.6628979 0.5031542 0.7005490 0.5894017 0.4301330 0.5607301 0.4419913 0.5571198 0.6828421 0.5043474 0.5084822 0.5230565 0.5605388 
Saccharomyces_mikatae                       0.6810576 0.5211053 0.5144138 0.5546365 0.7889666 0.7464676 0.6612475 0.6730407 0.5012197 0.4534660 2.1471271 0.0939269 0.0643911 0.1597467 0.1156884 0.0000000 0.0707260 0.1312217 0.5896914 0.4806580 0.4877763 0.3994720 0.4972528 0.5280495 0.5067604 0.5551879 0.4764861 0.6006884 0.4721112 0.7237964 0.5721726 0.4043341 0.5359853 0.4580910 0.5293832 0.6959939 0.4602400 0.4191662 0.5189397 0.5609989 
Saccharomyces_paradoxus                     0.7198781 0.5402137 0.5830602 0.5742274 0.7348891 0.7843653 0.6828190 0.6727421 0.5277076 0.4468162 2.1473420 0.0867927 0.0481020 0.1507771 0.1424909 0.0707260 0.0000000 0.1371035 0.6011301 0.4904645 0.4976921 0.3885955 0.5117290 0.5365221 0.5304631 0.5576009 0.4971079 0.6057707 0.4958369 0.7219228 0.5582302 0.3747339 0.5360534 0.4375077 0.5292958 0.6791645 0.4698088 0.4465610 0.5287466 0.5599962 
Saccharomyces_uvarum                        0.6675637 0.4759330 0.5410986 0.6168097 0.7278314 0.7544633 0.6650402 0.6512565 0.4535185 0.4056027 1.9919260 0.0979493 0.0920567 0.0343948 0.1576166 0.1312217 0.1371035 0.0000000 0.5330272 0.4706197 0.4302119 0.3789397 0.4704128 0.5817197 0.4669732 0.5185498 0.4489839 0.5737776 0.4625616 0.6902929 0.5727865 0.3851978 0.5098328 0.4386154 0.5269581 0.6590174 0.4539791 0.4344886 0.4876210 0.5457418 
Tetrapisispora_blattae                      0.8476337 0.5620643 0.6540999 0.7154376 0.9487889 0.8989808 0.8468504 0.8929207 0.5950993 0.5106097 2.3364563 0.5575345 0.5386143 0.5536817 0.5947682 0.5896914 0.6011301 0.5330272 0.0000000 0.5148323 0.3924673 0.4461444 0.6296327 0.7260584 0.6173851 0.6167688 0.5570896 0.7222455 0.5345268 0.6751982 0.6429889 0.5656700 0.6632026 0.5893007 0.6455518 0.6589810 0.5256947 0.4485946 0.5881983 0.4527722 
Tetrapisispora_phaffii                      0.6806169 0.4575960 0.6404169 0.6535142 0.7459706 0.8934463 0.6886170 0.7001340 0.4327030 0.3571848 2.2298411 0.4952594 0.4482574 0.4588736 0.5421186 0.4806580 0.4904645 0.4706197 0.5148323 0.0000000 0.3328286 0.4009083 0.5746890 0.4848654 0.5103791 0.5967268 0.5458669 0.7099494 0.4501873 0.7512166 0.5566658 0.4140655 0.5955344 0.5099999 0.5981243 0.6747058 0.1379787 0.1962308 0.1837218 0.4806490 
Vanderwaltozyma_polyspora                   0.7343630 0.3561102 0.5002762 0.5441570 0.7703372 0.7683981 0.6585355 0.7423518 0.3497740 0.3539565 2.3438817 0.4604028 0.4335688 0.4337520 0.4978695 0.4877763 0.4976921 0.4302119 0.3924673 0.3328286 0.0000000 0.3984753 0.3657330 0.4653665 0.4293722 0.3859764 0.4159074 0.5128348 0.3788180 0.5653465 0.5061257 0.3974975 0.4035321 0.4013942 0.4029512 0.4542279 0.3687743 0.3238705 0.3827137 0.4553941 
yHAB132_Kazachstania_martiniae              0.5605580 0.3073160 0.4465859 0.5382009 0.6387956 0.6557108 0.5489429 0.5752377 0.3963749 0.3031990 1.8889138 0.3987892 0.3274222 0.3916151 0.3759569 0.3994720 0.3885955 0.3789397 0.4461444 0.4009083 0.3984753 0.0000000 0.3208146 0.3628347 0.3126184 0.3419884 0.3339588 0.5767838 0.3481263 0.4600985 0.4302761 0.2521901 0.3397137 0.3095965 0.3279499 0.4229380 0.3811858 0.3890820 0.4221063 0.4102856 
yHAB133_Kazachstania_unispora               0.6242650 0.3645680 0.4420817 0.4938278 0.7199940 0.6162883 0.6090239 0.6684888 0.4827608 0.3431548 2.0939105 0.5115941 0.4625824 0.4735066 0.5128194 0.4972528 0.5117290 0.4704128 0.6296327 0.5746890 0.3657330 0.3208146 0.0000000 0.4228328 0.3468348 0.1448713 0.3067076 0.4959256 0.3671281 0.3970306 0.4317559 0.3335494 0.0754399 0.4613834 0.0624402 0.3632628 0.5592910 0.5070680 0.5847881 0.4749945 
yHAB134_Kazachstania_turicensis             0.7044292 0.3600381 0.5675906 0.5986483 0.7863033 0.7935026 0.6760155 0.6919135 0.4508009 0.3585839 2.2712453 0.5332083 0.4959412 0.5828908 0.5916439 0.5280495 0.5365221 0.5817197 0.7260584 0.4848654 0.4653665 0.3628347 0.4228328 0.0000000 0.4560503 0.3877463 0.4162284 0.5989247 0.3132559 0.6156543 0.4071904 0.3637665 0.4440209 0.2269491 0.4305303 0.5306618 0.4360907 0.5052077 0.5105408 0.5762781 
yHAB136_Kazachstania_bromeliacearum         0.6764589 0.3718125 0.5017522 0.6425798 0.7386197 0.6161172 0.6270742 0.6767413 0.4768753 0.4198500 2.1229843 0.5016921 0.4662941 0.4466828 0.5108575 0.5067604 0.5304631 0.4669732 0.6173851 0.5103791 0.4293722 0.3126184 0.3468348 0.4560503 0.0000000 0.3213762 0.2417877 0.6019101 0.3562170 0.4137947 0.4219336 0.3558670 0.3307737 0.4446744 0.3293554 0.4143370 0.5248786 0.4857005 0.5180820 0.4042614 
yHAB143_Kazachstania_siamensis              0.6736988 0.3449260 0.3871493 0.5033665 0.8138539 0.5840886 0.6472042 0.7236335 0.4659267 0.3535923 2.1682081 0.5661789 0.4990661 0.5055266 0.5524102 0.5551879 0.5576009 0.5185498 0.6167688 0.5967268 0.3859764 0.3419884 0.1448713 0.3877463 0.3213762 0.0000000 0.2423874 0.4738688 0.3358120 0.3521563 0.3656020 0.3413523 0.1495041 0.4567087 0.1354261 0.2809323 0.5515210 0.5504233 0.5577876 0.4585860 
yHAB147_Kazachstania_taianensis             0.6502700 0.4132373 0.4052272 0.5108187 0.7454788 0.6541851 0.5826146 0.6562660 0.4398205 0.3594146 1.9142532 0.4689396 0.4262092 0.4527024 0.4888915 0.4764861 0.4971079 0.4489839 0.5570896 0.5458669 0.4159074 0.3339588 0.3067076 0.4162284 0.2417877 0.2423874 0.0000000 0.5163735 0.3822174 0.4566898 0.4525083 0.3881677 0.2795419 0.4303637 0.2724684 0.4108593 0.5236990 0.4854428 0.5216888 0.4561457 
yHAB148_Kazachstania_intestinalis           0.7647875 0.5657397 0.6532504 0.5537289 0.8286887 0.7997627 0.8387135 0.8398129 0.7605016 0.5841041 2.0691998 0.6236400 0.5633505 0.6226810 0.6628979 0.6006884 0.6057707 0.5737776 0.7222455 0.7099494 0.5128348 0.5767838 0.4959256 0.5989247 0.6019101 0.4738688 0.5163735 0.0000000 0.5963069 0.5992243 0.6246982 0.5950527 0.5155552 0.6221507 0.5073683 0.5728884 0.6623657 0.6251625 0.7131118 0.6085782 
yHAB153_Kazachstania_rosinii                0.6990587 0.2482816 0.4069486 0.5676901 0.7692919 0.6187926 0.6977234 0.6885396 0.3800597 0.3798257 1.9141827 0.4857504 0.4170646 0.4362415 0.5031542 0.4721112 0.4958369 0.4625616 0.5345268 0.4501873 0.3788180 0.3481263 0.3671281 0.3132559 0.3562170 0.3358120 0.3822174 0.5963069 0.0000000 0.4897505 0.2512356 0.3305074 0.4143386 0.3389171 0.3957757 0.4158158 0.4190908 0.4252775 0.4362829 0.4445008 
yHAB154_Kazachstania_transvaalensis         0.7386143 0.5780899 0.5527942 0.6373747 0.7865164 0.6818041 0.7084488 0.7371780 0.7100267 0.5415710 2.1179181 0.7166446 0.6557621 0.6953309 0.7005490 0.7237964 0.7219228 0.6902929 0.6751982 0.7512166 0.5653465 0.4600985 0.3970306 0.6156543 0.4137947 0.3521563 0.4566898 0.5992243 0.4897505 0.0000000 0.5400046 0.5266942 0.4265846 0.5989078 0.4259250 0.1292243 0.7419536 0.6879651 0.7534865 0.5715043 
yHAB155_Kazachstania_spencerorum            0.6686919 0.3725483 0.5314063 0.5976501 0.7989147 0.6940807 0.7786570 0.7027047 0.4340912 0.4231812 2.1501995 0.6149500 0.5487329 0.5461791 0.5894017 0.5721726 0.5582302 0.5727865 0.6429889 0.5566658 0.5061257 0.4302761 0.4317559 0.4071904 0.4219336 0.3656020 0.4525083 0.6246982 0.2512356 0.5400046 0.0000000 0.3771361 0.4793797 0.4042981 0.4588902 0.4436043 0.5185596 0.4833152 0.5101310 0.4954004 
yHAB158_Kazachstania_viticola               0.6676463 0.3217715 0.5211027 0.5076691 0.7374445 0.6742114 0.6419423 0.6490888 0.4183562 0.3456627 1.9381012 0.4015904 0.3589781 0.3976911 0.4301330 0.4043341 0.3747339 0.3851978 0.5656700 0.4140655 0.3974975 0.2521901 0.3335494 0.3637665 0.3558670 0.3413523 0.3881677 0.5950527 0.3305074 0.5266942 0.3771361 0.0000000 0.3406693 0.3502404 0.3227230 0.4517113 0.3789188 0.3781764 0.4383454 0.4706278 
yHAB159_Kazachstania_solicola               0.6830087 0.3969199 0.4560285 0.5318487 0.7785282 0.5921085 0.6862633 0.7305049 0.4372012 0.3526724 2.0885868 0.5749616 0.4916323 0.5133118 0.5607301 0.5359853 0.5360534 0.5098328 0.6632026 0.5955344 0.4035321 0.3397137 0.0754399 0.4440209 0.3307737 0.1495041 0.2795419 0.5155552 0.4143386 0.4265846 0.4793797 0.3406693 0.0000000 0.4610385 0.0112455 0.4238832 0.5590398 0.5245504 0.5641457 0.4942127 
yHAB160_Kazachstania_kunashirensis          0.7408426 0.3421614 0.5547288 0.6326510 0.8350691 0.7042628 0.6980774 0.7581178 0.4352905 0.3846090 2.1073759 0.4066981 0.3940241 0.4416768 0.4419913 0.4580910 0.4375077 0.4386154 0.5893007 0.5099999 0.4013942 0.3095965 0.4613834 0.2269491 0.4446744 0.4567087 0.4303637 0.6221507 0.3389171 0.5989078 0.4042981 0.3502404 0.4610385 0.0000000 0.4637635 0.5041868 0.4864337 0.4970383 0.5179847 0.5930120 
yHAB164_Kazachstania_aerobia                0.6795290 0.3840268 0.4421906 0.5106087 0.7743775 0.6093648 0.6679370 0.7110597 0.4365643 0.3357248 2.0995820 0.5712058 0.4850174 0.5305826 0.5571198 0.5293832 0.5292958 0.5269581 0.6455518 0.5981243 0.4029512 0.3279499 0.0624402 0.4305303 0.3293554 0.1354261 0.2724684 0.5073683 0.3957757 0.4259250 0.4588902 0.3227230 0.0112455 0.4637635 0.0000000 0.4039324 0.5617526 0.5143786 0.5762385 0.4862601 
yHAB166_Kazachstania_yakushimaensis         0.7201150 0.4543129 0.5019144 0.6177937 0.7956821 0.6639970 0.6636382 0.7290947 0.5897800 0.5050379 2.1686048 0.6763750 0.6167535 0.6587260 0.6828421 0.6959939 0.6791645 0.6590174 0.6589810 0.6747058 0.4542279 0.4229380 0.3632628 0.5306618 0.4143370 0.2809323 0.4108593 0.5728884 0.4158158 0.1292243 0.4436043 0.4517113 0.4238832 0.5041868 0.4039324 0.0000000 0.6507376 0.6408403 0.6667368 0.5767605 
yHMPu5000034875_Tetrapisispora_fleetii      0.7191995 0.4545238 0.6030391 0.6232715 0.7977602 0.8659957 0.7124426 0.7274693 0.3953797 0.3666288 2.1895136 0.4789056 0.4086543 0.4530728 0.5043474 0.4602400 0.4698088 0.4539791 0.5256947 0.1379787 0.3687743 0.3811858 0.5592910 0.4360907 0.5248786 0.5515210 0.5236990 0.6623657 0.4190908 0.7419536 0.5185596 0.3789188 0.5590398 0.4864337 0.5617526 0.6507376 0.0000000 0.1749587 0.1002094 0.4560747 
yHMPu5000034876_Tetrapisispora_iriomotensis 0.6853368 0.4336196 0.5705305 0.5643200 0.8127432 0.8193195 0.6813845 0.6822216 0.3986471 0.4175572 2.0976810 0.4671621 0.4101639 0.4381674 0.5084822 0.4191662 0.4465610 0.4344886 0.4485946 0.1962308 0.3238705 0.3890820 0.5070680 0.5052077 0.4857005 0.5504233 0.4854428 0.6251625 0.4252775 0.6879651 0.4833152 0.3781764 0.5245504 0.4970383 0.5143786 0.6408403 0.1749587 0.0000000 0.1929737 0.5101279 
yHMPu5000034877_Tetrapisispora_namnaonensis 0.8018573 0.5143975 0.6341662 0.6647498 0.8189638 0.8804640 0.7965617 0.7953736 0.3582127 0.4265073 2.2213681 0.5394259 0.4652386 0.4682125 0.5230565 0.5189397 0.5287466 0.4876210 0.5881983 0.1837218 0.3827137 0.4221063 0.5847881 0.5105408 0.5180820 0.5577876 0.5216888 0.7131118 0.4362829 0.7534865 0.5101310 0.4383454 0.5641457 0.5179847 0.5762385 0.6667368 0.1002094 0.1929737 0.0000000 0.4726272 
yHMPu5000035629_Yueomyces_sinensis          0.7537858 0.5687116 0.5572535 0.5702196 0.7291626 0.7475287 0.7070785 0.7850097 0.6467324 0.5380181 2.2093375 0.5363383 0.4974445 0.5340885 0.5605388 0.5609989 0.5599962 0.5457418 0.4527722 0.4806490 0.4553941 0.4102856 0.4749945 0.5762781 0.4042614 0.4585860 0.4561457 0.6085782 0.4445008 0.5715043 0.4954004 0.4706278 0.4942127 0.5930120 0.4862601 0.5767605 0.4560747 0.5101279 0.4726272 0.0000000 
