40
Candida_glabrata                            0.0000000 0.6343888 0.7076529 0.5213033 0.1310019 0.6890353 0.1593959 0.1248460 0.5544629 0.5625524 2.2241800 0.5314986 0.5545820 0.5067105 0.5262406 0.5523794 0.5388269 0.5144993 0.6497998 0.6517733 0.5595309 0.9536979 0.7490535 0.6475724 0.7077481 0.7072996 0.7110384 0.5877476 0.7257556 0.7948209 0.6303359 0.6154798 0.6987249 0.6466338 0.8233705 0.8378663 0.6454575 0.6821083 0.6597380 0.7729053 
Kazachstania_africana                       0.6343888 0.0000000 0.4441029 0.5993877 0.6802232 0.8000658 0.6643906 0.6827640 0.4359300 0.4784204 2.3236473 0.5163123 0.5377392 0.4913408 0.5121324 0.5534093 0.5393120 0.4991281 0.7043843 0.6819369 0.5687544 0.5079477 0.6592744 0.5689101 0.5168692 0.5526721 0.5002946 0.5511419 0.5656026 0.5890615 0.4196827 0.3962746 0.6212401 0.4710899 0.6629505 0.5801553 0.7057840 0.7194392 0.7129729 0.7421916 
Kazachstania_naganishii                     0.7076529 0.4441029 0.0000000 0.6844144 0.7059153 0.8407434 0.6982774 0.7194260 0.5048264 0.5445134 2.3096900 0.5971096 0.6011578 0.5506653 0.5890244 0.6201912 0.5997137 0.5479574 0.6925922 0.8078439 0.6669620 0.5266097 0.5581187 0.6974280 0.3387403 0.5321919 0.4043989 0.5001097 0.6060098 0.5126792 0.5341316 0.6060065 0.5822361 0.5657471 0.6317738 0.4680248 0.8189049 0.8158119 0.8188830 0.7777517 
Nakaseomyces_bacillisporus                  0.5213033 0.5993877 0.6844144 0.0000000 0.5302598 0.4676189 0.5799855 0.5778323 0.3668939 0.4229942 2.2437027 0.4255486 0.4064370 0.3905010 0.4327510 0.4284434 0.4233307 0.3832411 0.5995563 0.6252735 0.5764943 0.7707738 0.7960017 0.7001738 0.6869513 0.6914925 0.6836361 0.6004651 0.7502330 0.6396181 0.6085095 0.6814733 0.7626210 0.7011751 0.8202992 0.6950787 0.6007822 0.6208083 0.6162806 0.6283794 
Nakaseomyces_bracarensis                    0.1310019 0.6802232 0.7059153 0.5302598 0.0000000 0.7519851 0.0729266 0.0631890 0.5221695 0.5982331 2.3501040 0.5301256 0.5008233 0.4966602 0.5248227 0.5413827 0.5225947 0.5044648 0.6565438 0.6915829 0.5650118 1.0012359 0.7698819 0.7196389 0.7397099 0.7577778 0.7410040 0.6379459 0.7096097 0.7770409 0.6702824 0.6362530 0.7477130 0.6791589 0.8485405 0.8208936 0.6834453 0.6869396 0.6906112 0.7188389 
Nakaseomyces_castellii                      0.6890353 0.8000658 0.8407434 0.4676189 0.7519851 0.0000000 0.7695893 0.7942743 0.6261948 0.6123603 2.0648815 0.7601701 0.7610571 0.7017954 0.7418602 0.7539555 0.7705542 0.7111083 0.8034951 0.8267212 0.7349910 0.8604456 1.0275063 0.8731467 0.9336174 0.9255772 0.9126096 0.9080970 1.0407242 1.0005394 0.8796233 0.9400788 1.0081695 0.8076525 1.0373495 0.9636128 0.8511942 0.8348877 0.8237946 0.8471611 
Nakaseomyces_delphensis                     0.1593959 0.6643906 0.6982774 0.5799855 0.0729266 0.7695893 0.0000000 0.0670691 0.5257719 0.6100975 2.3078916 0.5478258 0.5417739 0.5128658 0.5384703 0.5609556 0.5471103 0.5207866 0.6540910 0.7088101 0.5664343 0.9897767 0.7922949 0.7526409 0.7338708 0.7340924 0.7078150 0.6086424 0.7306965 0.7333158 0.6583925 0.6320824 0.7727727 0.7207716 0.8367505 0.7688619 0.6745355 0.6923756 0.6816272 0.7510478 
Nakaseomyces_nivariensis                    0.1248460 0.6827640 0.7194260 0.5778323 0.0631890 0.7942743 0.0670691 0.0000000 0.5548878 0.6070768 2.3021095 0.4903863 0.5069620 0.4905759 0.4886256 0.5042319 0.4916722 0.4983213 0.6490886 0.6850922 0.5604051 0.9969367 0.7906465 0.7314893 0.7502645 0.7580720 0.7256077 0.6107853 0.7356151 0.7635124 0.6530122 0.6356433 0.7675193 0.7113655 0.8565245 0.8269122 0.6654739 0.6781982 0.6725023 0.7440534 
Naumovozyma_castellii                       0.5544629 0.4359300 0.5048264 0.3668939 0.5221695 0.6261948 0.5257719 0.5548878 0.0000000 0.2694460 2.1422325 0.4382650 0.4363553 0.3837546 0.4314501 0.4584887 0.4454553 0.3908531 0.5733789 0.5858580 0.4880204 0.6429449 0.6651071 0.6214119 0.5542688 0.6217560 0.5619392 0.5684016 0.5913614 0.5651494 0.5142933 0.5046031 0.6748180 0.5546008 0.6910404 0.5921872 0.5839090 0.5562616 0.5688411 0.6262410 
Naumovozyma_dairenensis                     0.5625524 0.4784204 0.5445134 0.4229942 0.5982331 0.6123603 0.6100975 0.6070768 0.2694460 0.0000000 2.2975086 0.4384189 0.4400014 0.4049351 0.4255460 0.4396416 0.4423359 0.4119922 0.5701655 0.5531011 0.4805668 0.7241968 0.6770166 0.6356262 0.5856096 0.5926786 0.5729161 0.6376132 0.6070244 0.6466774 0.5310863 0.6076480 0.6775527 0.5844597 0.7379973 0.6673045 0.5136434 0.5400072 0.5188670 0.7272781 
Neurospora_crassa                           2.2241800 2.3236473 2.3096900 2.2437027 2.3501040 2.0648815 2.3078916 2.3021095 2.1422325 2.2975086 0.0000000 2.3051135 2.3256802 2.2865465 2.2380883 2.2568007 2.3208038 2.2747713 2.1445630 2.1057109 1.9337516 2.1516895 1.8928695 2.1016578 2.2434242 2.2614752 2.3768462 2.0217787 2.2232047 2.4295951 2.0769792 2.2125091 2.3321225 2.0907062 2.6178615 2.3188588 2.1305276 2.1215285 2.0798128 2.3642624 
Saccharomyces_arboricola                    0.5314986 0.5163123 0.5971096 0.4255486 0.5301256 0.7601701 0.5478258 0.4903863 0.4382650 0.4384189 2.3051135 0.0000000 0.0295288 0.0382349 0.0166913 0.0382100 0.0296073 0.0338786 0.6325261 0.6640276 0.5027735 0.8095428 0.6515196 0.6850949 0.5486582 0.6035989 0.5935955 0.5700432 0.6036597 0.6413790 0.5258918 0.6234369 0.6128701 0.5837621 0.6783669 0.6646880 0.6731477 0.6687132 0.6884463 0.6350891 
Saccharomyces_cerevisiae                    0.5545820 0.5377392 0.6011578 0.4064370 0.5008233 0.7610571 0.5417739 0.5069620 0.4363553 0.4400014 2.3256802 0.0295288 0.0000000 0.0476062 0.0383002 0.0386369 0.0167777 0.0431379 0.6347929 0.6759173 0.5080589 0.8378936 0.6589545 0.6712395 0.5664725 0.6132468 0.6024546 0.5769884 0.6025721 0.6333723 0.5408103 0.6583606 0.6201067 0.5879766 0.6883556 0.6564527 0.6853263 0.6764762 0.7010231 0.6360682 
Saccharomyces_eubayanus                     0.5067105 0.4913408 0.5506653 0.3905010 0.4966602 0.7017954 0.5128658 0.4905759 0.3837546 0.4049351 2.2865465 0.0382349 0.0476062 0.0000000 0.0383554 0.0608990 0.0477388 0.0041390 0.5873669 0.6612410 0.4679754 0.7995472 0.6519022 0.6461332 0.5387348 0.6107518 0.5763027 0.5455756 0.5548660 0.6023948 0.5171131 0.6011127 0.6177542 0.5333712 0.6785078 0.6173391 0.6557349 0.6329178 0.6521970 0.5935817 
Saccharomyces_kudriavzevii                  0.5262406 0.5121324 0.5890244 0.4327510 0.5248227 0.7418602 0.5384703 0.4886256 0.4314501 0.4255460 2.2380883 0.0166913 0.0383002 0.0383554 0.0000000 0.0471125 0.0384040 0.0339849 0.6245891 0.6682340 0.4953354 0.7983189 0.6601973 0.6658553 0.5422858 0.6110406 0.5858782 0.5625578 0.5951422 0.6274868 0.5314882 0.6283361 0.6210819 0.5759390 0.6864451 0.6566982 0.6774326 0.6631765 0.6928327 0.6378807 
Saccharomyces_mikatae                       0.5523794 0.5534093 0.6201912 0.4284434 0.5413827 0.7539555 0.5609556 0.5042319 0.4584887 0.4396416 2.2568007 0.0382100 0.0386369 0.0608990 0.0471125 0.0000000 0.0387426 0.0563686 0.6084882 0.6562777 0.5144013 0.8575922 0.6992341 0.6841905 0.5244577 0.6331464 0.5566383 0.5728586 0.6276537 0.6237948 0.5576434 0.6672489 0.6350313 0.5938358 0.7124364 0.6467005 0.6632284 0.6580865 0.6784930 0.6242323 
Saccharomyces_paradoxus                     0.5388269 0.5393120 0.5997137 0.4233307 0.5225947 0.7705542 0.5471103 0.4916722 0.4454553 0.4423359 2.3208038 0.0296073 0.0167777 0.0477388 0.0384040 0.0387426 0.0000000 0.0432572 0.6463728 0.6884368 0.5180865 0.8351035 0.6730393 0.6773532 0.5629812 0.6252108 0.6045257 0.5703737 0.6219389 0.6178348 0.5481537 0.6405542 0.6333088 0.5930049 0.7015573 0.6507768 0.6980299 0.6890879 0.7139400 0.6481951 
Saccharomyces_uvarum                        0.5144993 0.4991281 0.5479574 0.3832411 0.5044648 0.7111083 0.5207866 0.4983213 0.3908531 0.4119922 2.2747713 0.0338786 0.0431379 0.0041390 0.0339849 0.0563686 0.0432572 0.0000000 0.5845502 0.6520648 0.4753250 0.8148305 0.6484815 0.6551282 0.5361689 0.6078395 0.5735926 0.5429256 0.5578928 0.5995869 0.5146425 0.6097576 0.6145425 0.5414470 0.6752897 0.6144873 0.6465237 0.6419579 0.6613386 0.5844877 
Tetrapisispora_blattae                      0.6497998 0.7043843 0.6925922 0.5995563 0.6565438 0.8034951 0.6540910 0.6490886 0.5733789 0.5701655 2.1445630 0.6325261 0.6347929 0.5873669 0.6245891 0.6084882 0.6463728 0.5845502 0.0000000 0.6423126 0.4760996 0.8644621 0.7623576 0.8015624 0.6736752 0.7347532 0.7193955 0.6953220 0.6957455 0.7874218 0.6364103 0.6261584 0.7393338 0.6549281 0.8047680 0.7144865 0.6379905 0.6165990 0.6538015 0.3369895 
Tetrapisispora_phaffii                      0.6517733 0.6819369 0.8078439 0.6252735 0.6915829 0.8267212 0.7088101 0.6850922 0.5858580 0.5531011 2.1057109 0.6640276 0.6759173 0.6612410 0.6682340 0.6562777 0.6884368 0.6520648 0.6423126 0.0000000 0.3996325 0.8871240 0.9225484 0.7530223 0.8977106 0.8270701 0.8062033 0.7494705 0.8276293 0.9417380 0.7669924 0.7634318 0.8879037 0.7279033 0.9456890 0.8311811 0.0772125 0.1830037 0.0869802 0.6232655 
Vanderwaltozyma_polyspora                   0.5595309 0.5687544 0.6669620 0.5764943 0.5650118 0.7349910 0.5664343 0.5604051 0.4880204 0.4805668 1.9337516 0.5027735 0.5080589 0.4679754 0.4953354 0.5144013 0.5180865 0.4753250 0.4760996 0.3996325 0.0000000 0.7049272 0.7194575 0.6432721 0.6755750 0.7001753 0.6665323 0.6361942 0.6963572 0.7351581 0.5365148 0.6059531 0.7139233 0.6059263 0.7813858 0.6935042 0.4065041 0.4028173 0.4122739 0.5926297 
yHAB132_Kazachstania_martiniae              0.9536979 0.5079477 0.5266097 0.7707738 1.0012359 0.8604456 0.9897767 0.9969367 0.6429449 0.7241968 2.1516895 0.8095428 0.8378936 0.7995472 0.7983189 0.8575922 0.8351035 0.8148305 0.8644621 0.8871240 0.7049272 0.0000000 0.8665157 0.6452548 0.6112843 0.8085364 0.6006999 0.5945484 0.6775318 0.7711925 0.6364936 0.5814483 0.8823376 0.6240224 0.9444587 0.7555940 0.9021311 0.8727982 0.8585946 1.0499394 
yHAB133_Kazachstania_unispora               0.7490535 0.6592744 0.5581187 0.7960017 0.7698819 1.0275063 0.7922949 0.7906465 0.6651071 0.6770166 1.8928695 0.6515196 0.6589545 0.6519022 0.6601973 0.6992341 0.6730393 0.6484815 0.7623576 0.9225484 0.7194575 0.8665157 0.0000000 0.6588900 0.4646596 0.1280539 0.4678659 0.6381744 0.6630370 0.5503736 0.5262957 0.5876659 0.0885127 0.6210390 0.1074866 0.5528869 0.9238190 0.9340278 0.9353938 0.8695885 
yHAB134_Kazachstania_turicensis             0.6475724 0.5689101 0.6974280 0.7001738 0.7196389 0.8731467 0.7526409 0.7314893 0.6214119 0.6356262 2.1016578 0.6850949 0.6712395 0.6461332 0.6658553 0.6841905 0.6773532 0.6551282 0.8015624 0.7530223 0.6432721 0.6452548 0.6588900 0.0000000 0.6086202 0.6938926 0.6245355 0.6198741 0.4641429 0.6523254 0.3364490 0.5303598 0.6047856 0.2680222 0.6882543 0.6376746 0.7528640 0.7154816 0.7594193 0.8125744 
yHAB136_Kazachstania_bromeliacearum         0.7077481 0.5168692 0.3387403 0.6869513 0.7397099 0.9336174 0.7338708 0.7502645 0.5542688 0.5856096 2.2434242 0.5486582 0.5664725 0.5387348 0.5422858 0.5244577 0.5629812 0.5361689 0.6736752 0.8977106 0.6755750 0.6112843 0.4646596 0.6086202 0.0000000 0.4302698 0.3013624 0.5132823 0.5697783 0.4005047 0.4716559 0.5153052 0.4197759 0.4553577 0.4890089 0.3207307 0.8898468 0.8752580 0.9165372 0.8064242 
yHAB143_Kazachstania_siamensis              0.7072996 0.5526721 0.5321919 0.6914925 0.7577778 0.9255772 0.7340924 0.7580720 0.6217560 0.5926786 2.2614752 0.6035989 0.6132468 0.6107518 0.6110406 0.6331464 0.6252108 0.6078395 0.7347532 0.8270701 0.7001753 0.8085364 0.1280539 0.6938926 0.4302698 0.0000000 0.4022952 0.6283757 0.6518410 0.5470762 0.5295884 0.6088959 0.1856933 0.5621220 0.2049372 0.5006321 0.8206861 0.8924425 0.8253225 0.8131707 
yHAB147_Kazachstania_taianensis             0.7110384 0.5002946 0.4043989 0.6836361 0.7410040 0.9126096 0.7078150 0.7256077 0.5619392 0.5729161 2.3768462 0.5935955 0.6024546 0.5763027 0.5858782 0.5566383 0.6045257 0.5735926 0.7193955 0.8062033 0.6665323 0.6006999 0.4678659 0.6245355 0.3013624 0.4022952 0.0000000 0.5018372 0.5641249 0.4073203 0.5002489 0.5218276 0.4333147 0.5291481 0.4997853 0.3345335 0.7776759 0.7669098 0.8115111 0.7222874 
yHAB148_Kazachstania_intestinalis           0.5877476 0.5511419 0.5001097 0.6004651 0.6379459 0.9080970 0.6086424 0.6107853 0.5684016 0.6376132 2.0217787 0.5700432 0.5769884 0.5455756 0.5625578 0.5728586 0.5703737 0.5429256 0.6953220 0.7494705 0.6361942 0.5945484 0.6381744 0.6198741 0.5132823 0.6283757 0.5018372 0.0000000 0.6672872 0.6484831 0.5546115 0.5996300 0.6059522 0.5771130 0.6833263 0.6674253 0.7893800 0.7757447 0.8096000 0.7988944 
yHAB153_Kazachstania_rosinii                0.7257556 0.5656026 0.6060098 0.7502330 0.7096097 1.0407242 0.7306965 0.7356151 0.5913614 0.6070244 2.2232047 0.6036597 0.6025721 0.5548660 0.5951422 0.6276537 0.6219389 0.5578928 0.6957455 0.8276293 0.6963572 0.6775318 0.6630370 0.4641429 0.5697783 0.6518410 0.5641249 0.6672872 0.0000000 0.5690247 0.3104067 0.4543627 0.6727408 0.3432706 0.6815446 0.5666303 0.8337892 0.8253683 0.8238533 0.8178505 
yHAB154_Kazachstania_transvaalensis         0.7948209 0.5890615 0.5126792 0.6396181 0.7770409 1.0005394 0.7333158 0.7635124 0.5651494 0.6466774 2.4295951 0.6413790 0.6333723 0.6023948 0.6274868 0.6237948 0.6178348 0.5995869 0.7874218 0.9417380 0.7351581 0.7711925 0.5503736 0.6523254 0.4005047 0.5470762 0.4073203 0.6484831 0.5690247 0.0000000 0.5575485 0.6829074 0.5312084 0.5859936 0.5918608 0.1439712 0.9453786 0.9604009 0.9493324 0.7460851 
yHAB155_Kazachstania_spencerorum            0.6303359 0.4196827 0.5341316 0.6085095 0.6702824 0.8796233 0.6583925 0.6530122 0.5142933 0.5310863 2.0769792 0.5258918 0.5408103 0.5171131 0.5314882 0.5576434 0.5481537 0.5146425 0.6364103 0.7669924 0.5365148 0.6364936 0.5262957 0.3364490 0.4716559 0.5295884 0.5002489 0.5546115 0.3104067 0.5575485 0.0000000 0.3890279 0.5062172 0.3002766 0.5713341 0.5237629 0.7147086 0.7026840 0.7338023 0.6900070 
yHAB158_Kazachstania_viticola               0.6154798 0.3962746 0.6060065 0.6814733 0.6362530 0.9400788 0.6320824 0.6356433 0.5046031 0.6076480 2.2125091 0.6234369 0.6583606 0.6011127 0.6283361 0.6672489 0.6405542 0.6097576 0.6261584 0.7634318 0.6059531 0.5814483 0.5876659 0.5303598 0.5153052 0.6088959 0.5218276 0.5996300 0.4543627 0.6829074 0.3890279 0.0000000 0.6006168 0.4546315 0.6528851 0.6576391 0.7569811 0.7192288 0.7559810 0.7672972 
yHAB159_Kazachstania_solicola               0.6987249 0.6212401 0.5822361 0.7626210 0.7477130 1.0081695 0.7727727 0.7675193 0.6748180 0.6775527 2.3321225 0.6128701 0.6201067 0.6177542 0.6210819 0.6350313 0.6333088 0.6145425 0.7393338 0.8879037 0.7139233 0.8823376 0.0885127 0.6047856 0.4197759 0.1856933 0.4333147 0.6059522 0.6727408 0.5312084 0.5062172 0.6006168 0.0000000 0.5447228 0.0336257 0.5132930 0.8864084 0.9269491 0.9209795 0.8510033 
yHAB160_Kazachstania_kunashirensis          0.6466338 0.4710899 0.5657471 0.7011751 0.6791589 0.8076525 0.7207716 0.7113655 0.5546008 0.5844597 2.0907062 0.5837621 0.5879766 0.5333712 0.5759390 0.5938358 0.5930049 0.5414470 0.6549281 0.7279033 0.6059263 0.6240224 0.6210390 0.2680222 0.4553577 0.5621220 0.5291481 0.5771130 0.3432706 0.5859936 0.3002766 0.4546315 0.5447228 0.0000000 0.6329493 0.5123197 0.7448267 0.7213034 0.7490030 0.7058834 
yHAB164_Kazachstania_aerobia                0.8233705 0.6629505 0.6317738 0.8202992 0.8485405 1.0373495 0.8367505 0.8565245 0.6910404 0.7379973 2.6178615 0.6783669 0.6883556 0.6785078 0.6864451 0.7124364 0.7015573 0.6752897 0.8047680 0.9456890 0.7813858 0.9444587 0.1074866 0.6882543 0.4890089 0.2049372 0.4997853 0.6833263 0.6815446 0.5918608 0.5713341 0.6528851 0.0336257 0.6329493 0.0000000 0.5581396 0.9472227 1.0070986 0.9710460 0.8516117 
yHAB166_Kazachstania_yakushimaensis         0.8378663 0.5801553 0.4680248 0.6950787 0.8208936 0.9636128 0.7688619 0.8269122 0.5921872 0.6673045 2.3188588 0.6646880 0.6564527 0.6173391 0.6566982 0.6467005 0.6507768 0.6144873 0.7144865 0.8311811 0.6935042 0.7555940 0.5528869 0.6376746 0.3207307 0.5006321 0.3345335 0.6674253 0.5666303 0.1439712 0.5237629 0.6576391 0.5132930 0.5123197 0.5581396 0.0000000 0.8561403 0.9056354 0.8734241 0.6809830 
yHMPu5000034875_Tetrapisispora_fleetii      0.6454575 0.7057840 0.8189049 0.6007822 0.6834453 0.8511942 0.6745355 0.6654739 0.5839090 0.5136434 2.1305276 0.6731477 0.6853263 0.6557349 0.6774326 0.6632284 0.6980299 0.6465237 0.6379905 0.0772125 0.4065041 0.9021311 0.9238190 0.7528640 0.8898468 0.8206861 0.7776759 0.7893800 0.8337892 0.9453786 0.7147086 0.7569811 0.8864084 0.7448267 0.9472227 0.8561403 0.0000000 0.1472214 0.0257209 0.6128171 
yHMPu5000034876_Tetrapisispora_iriomotensis 0.6821083 0.7194392 0.8158119 0.6208083 0.6869396 0.8348877 0.6923756 0.6781982 0.5562616 0.5400072 2.1215285 0.6687132 0.6764762 0.6329178 0.6631765 0.6580865 0.6890879 0.6419579 0.6165990 0.1830037 0.4028173 0.8727982 0.9340278 0.7154816 0.8752580 0.8924425 0.7669098 0.7757447 0.8253683 0.9604009 0.7026840 0.7192288 0.9269491 0.7213034 1.0070986 0.9056354 0.1472214 0.0000000 0.1491910 0.7159578 
yHMPu5000034877_Tetrapisispora_namnaonensis 0.6597380 0.7129729 0.8188830 0.6162806 0.6906112 0.8237946 0.6816272 0.6725023 0.5688411 0.5188670 2.0798128 0.6884463 0.7010231 0.6521970 0.6928327 0.6784930 0.7139400 0.6613386 0.6538015 0.0869802 0.4122739 0.8585946 0.9353938 0.7594193 0.9165372 0.8253225 0.8115111 0.8096000 0.8238533 0.9493324 0.7338023 0.7559810 0.9209795 0.7490030 0.9710460 0.8734241 0.0257209 0.1491910 0.0000000 0.6467768 
yHMPu5000035629_Yueomyces_sinensis          0.7729053 0.7421916 0.7777517 0.6283794 0.7188389 0.8471611 0.7510478 0.7440534 0.6262410 0.7272781 2.3642624 0.6350891 0.6360682 0.5935817 0.6378807 0.6242323 0.6481951 0.5844877 0.3369895 0.6232655 0.5926297 1.0499394 0.8695885 0.8125744 0.8064242 0.8131707 0.7222874 0.7988944 0.8178505 0.7460851 0.6900070 0.7672972 0.8510033 0.7058834 0.8516117 0.6809830 0.6128171 0.7159578 0.6467768 0.0000000 
