40
Candida_glabrata                            0.0000000 0.1052636 0.0991076 0.0928424 0.0530755 0.1010650 0.0678263 0.0544604 0.0907477 0.0958114 0.3378648 0.0782914 0.0812451 0.0806700 0.0874542 0.0780196 0.0806843 0.0821681 0.1124029 0.1107139 0.0814933 0.0948966 0.0881872 0.1102417 0.0941916 0.0798435 0.0910984 0.1044150 0.1085599 0.0951686 0.1278524 0.0951787 0.0873596 0.1091748 0.0874492 0.1020619 0.1087546 0.1079506 0.0998536 0.1213654 
Kazachstania_africana                       0.1052636 0.0000000 0.1102466 0.1209010 0.1021569 0.1203570 0.1071337 0.0973740 0.0948546 0.0938148 0.3848480 0.0963366 0.0984777 0.1060836 0.1041682 0.0984441 0.0968733 0.0988463 0.1359553 0.1215454 0.1002634 0.1081870 0.1040202 0.1209911 0.1096255 0.0923262 0.1000893 0.1200320 0.1038960 0.1148536 0.1117693 0.1000954 0.1003682 0.1160848 0.1014213 0.1179156 0.1313051 0.1225713 0.1116501 0.1313910 
Kazachstania_naganishii                     0.0991076 0.1102466 0.0000000 0.1130568 0.1039103 0.1232028 0.1062770 0.1016146 0.0812949 0.0963572 0.3452951 0.0923610 0.0923017 0.0915353 0.0948916 0.0931837 0.0924432 0.0892174 0.1194071 0.1203102 0.1023956 0.0977566 0.0952871 0.1118160 0.0757686 0.0834919 0.0794084 0.1120389 0.1124557 0.1115184 0.1254411 0.1151842 0.0902760 0.1099637 0.0888659 0.1138263 0.1323386 0.1184857 0.1175698 0.1246233 
Nakaseomyces_bacillisporus                  0.0928424 0.1209010 0.1130568 0.0000000 0.0920786 0.1049293 0.1042910 0.0914377 0.0942113 0.0872199 0.3697527 0.0832885 0.0836864 0.0857073 0.0870499 0.0840049 0.0816900 0.0825850 0.1301264 0.1313779 0.1078772 0.1065422 0.1109232 0.1337632 0.1097393 0.1017841 0.0998734 0.1093763 0.1218168 0.1149231 0.1317140 0.1033671 0.1096087 0.1223482 0.1073399 0.1204400 0.1330873 0.1312238 0.1169306 0.1300253 
Nakaseomyces_bracarensis                    0.0530755 0.1021569 0.1039103 0.0920786 0.0000000 0.1012280 0.0334461 0.0188876 0.0976355 0.0947165 0.3520358 0.0831524 0.0841207 0.0909892 0.0891423 0.0830354 0.0820881 0.0889797 0.1220341 0.1107298 0.0870480 0.0988911 0.0968222 0.1303871 0.0939167 0.0874802 0.0961438 0.0991354 0.1140357 0.0944013 0.1347481 0.0967774 0.0937365 0.1183352 0.0920945 0.1001185 0.1144849 0.1064373 0.1107414 0.1196956 
Nakaseomyces_castellii                      0.1010650 0.1203570 0.1232028 0.1049293 0.1012280 0.0000000 0.1068744 0.1008517 0.1068682 0.1165453 0.3619646 0.1003145 0.0992233 0.1092363 0.1033060 0.0976731 0.1003066 0.1076995 0.1372325 0.1323100 0.1114320 0.1187681 0.1196827 0.1349783 0.1197925 0.1054018 0.1190191 0.1220521 0.1246210 0.1338916 0.1380401 0.1246348 0.1188368 0.1358832 0.1175578 0.1358113 0.1414251 0.1233825 0.1268804 0.1352816 
Nakaseomyces_delphensis                     0.0678263 0.1071337 0.1062770 0.1042910 0.0334461 0.1068744 0.0000000 0.0307814 0.0961839 0.0975501 0.3549924 0.0910788 0.0923501 0.0962415 0.0965540 0.0918278 0.0900761 0.0927697 0.1275444 0.1117646 0.0916695 0.1022553 0.1042314 0.1279418 0.0970612 0.0944431 0.0956430 0.0986032 0.1256310 0.1021622 0.1328946 0.0994030 0.0946091 0.1256552 0.0942814 0.1058350 0.1238836 0.1158255 0.1145952 0.1190850 
Nakaseomyces_nivariensis                    0.0544604 0.0973740 0.1016146 0.0914377 0.0188876 0.1008517 0.0307814 0.0000000 0.0944783 0.0921710 0.3477762 0.0824186 0.0836597 0.0880672 0.0861989 0.0816476 0.0798859 0.0831066 0.1200580 0.1074118 0.0850866 0.0928461 0.0949342 0.1252209 0.0924268 0.0882574 0.0883388 0.0853586 0.1122536 0.0935386 0.1254823 0.0901784 0.0892977 0.1206104 0.0884982 0.0966579 0.1098440 0.1071975 0.1050354 0.1193442 
Naumovozyma_castellii                       0.0907477 0.0948546 0.0812949 0.0942113 0.0976355 0.1068682 0.0961839 0.0944783 0.0000000 0.0602890 0.3516778 0.0703758 0.0750227 0.0758170 0.0751947 0.0694079 0.0719122 0.0732113 0.1064604 0.1116268 0.0828845 0.0899478 0.0878943 0.1014247 0.0847821 0.0792072 0.0807280 0.0985777 0.0995300 0.1081277 0.1050123 0.0984481 0.0845570 0.0984451 0.0862325 0.1135829 0.1215900 0.1036504 0.1023481 0.1099743 
Naumovozyma_dairenensis                     0.0958114 0.0938148 0.0963572 0.0872199 0.0947165 0.1165453 0.0975501 0.0921710 0.0602890 0.0000000 0.3684716 0.0803078 0.0839753 0.0839015 0.0834729 0.0773005 0.0803387 0.0854707 0.1152803 0.1122571 0.0911331 0.0935071 0.0956145 0.0982588 0.0813322 0.0854047 0.0829367 0.1028819 0.0975139 0.0998963 0.1086362 0.1009987 0.0875452 0.1051158 0.0896471 0.1046728 0.1252460 0.1132727 0.1127716 0.1207437 
Neurospora_crassa                           0.3378648 0.3848480 0.3452951 0.3697527 0.3520358 0.3619646 0.3549924 0.3477762 0.3516778 0.3684716 0.0000000 0.3602719 0.3604608 0.3531849 0.3627398 0.3525405 0.3608087 0.3600271 0.3627646 0.3863154 0.3549194 0.3768165 0.3540193 0.3698679 0.3416400 0.3478602 0.3594044 0.3721101 0.3676401 0.3678957 0.3835767 0.3657883 0.3513268 0.3726826 0.3515499 0.3710294 0.3708657 0.3646439 0.3695943 0.3637572 
Saccharomyces_arboricola                    0.0782914 0.0963366 0.0923610 0.0832885 0.0831524 0.1003145 0.0910788 0.0824186 0.0703758 0.0803078 0.3602719 0.0000000 0.0264160 0.0360467 0.0320653 0.0190680 0.0236297 0.0344926 0.1133433 0.1101529 0.0812439 0.0789633 0.0927623 0.1132698 0.0829515 0.0791063 0.0759133 0.0951814 0.0983849 0.1028713 0.1024260 0.0890803 0.0828270 0.1043289 0.0825327 0.1056134 0.1110558 0.1058083 0.0956759 0.1116648 
Saccharomyces_cerevisiae                    0.0812451 0.0984777 0.0923017 0.0836864 0.0841207 0.0992233 0.0923501 0.0836597 0.0750227 0.0839753 0.3604608 0.0264160 0.0000000 0.0396789 0.0295609 0.0176333 0.0114594 0.0351305 0.1133614 0.1099861 0.0799836 0.0799756 0.0932755 0.1154056 0.0856514 0.0788780 0.0794435 0.0949196 0.0993706 0.1005374 0.1018740 0.0881665 0.0825258 0.1129346 0.0820800 0.1070091 0.1111127 0.0976314 0.0981999 0.1043473 
Saccharomyces_eubayanus                     0.0806700 0.1060836 0.0915353 0.0857073 0.0909892 0.1092363 0.0962415 0.0880672 0.0758170 0.0839015 0.3531849 0.0360467 0.0396789 0.0000000 0.0424683 0.0362902 0.0392714 0.0199177 0.1113609 0.1017243 0.0768217 0.0792057 0.0870833 0.1130496 0.0838741 0.0799760 0.0744690 0.1007404 0.1001060 0.1036330 0.1051051 0.0959903 0.0842579 0.1059113 0.0853501 0.1056564 0.1108191 0.0967235 0.0970218 0.1142628 
Saccharomyces_kudriavzevii                  0.0874542 0.1041682 0.0948916 0.0870499 0.0891423 0.1033060 0.0965540 0.0861989 0.0751947 0.0834729 0.3627398 0.0320653 0.0295609 0.0424683 0.0000000 0.0273509 0.0296237 0.0395015 0.1156271 0.1105097 0.0860962 0.0855724 0.0967817 0.1156422 0.0886197 0.0826861 0.0841690 0.0989453 0.1039972 0.1062517 0.1091862 0.0978485 0.0852418 0.1120266 0.0841262 0.1086393 0.1146721 0.1089621 0.1002957 0.1146706 
Saccharomyces_mikatae                       0.0780196 0.0984441 0.0931837 0.0840049 0.0830354 0.0976731 0.0918278 0.0816476 0.0694079 0.0773005 0.3525405 0.0190680 0.0176333 0.0362902 0.0273509 0.0000000 0.0176532 0.0376240 0.1118000 0.1105922 0.0814776 0.0771818 0.0904300 0.1104302 0.0779400 0.0765754 0.0765220 0.0940479 0.0983970 0.0984780 0.1043288 0.0875502 0.0830766 0.1046277 0.0833644 0.1035872 0.1111499 0.1003544 0.0980836 0.1052334 
Saccharomyces_paradoxus                     0.0806843 0.0968733 0.0924432 0.0816900 0.0820881 0.1003066 0.0900761 0.0798859 0.0719122 0.0803387 0.3608087 0.0236297 0.0114594 0.0392714 0.0296237 0.0176532 0.0000000 0.0341296 0.1156982 0.1097436 0.0807165 0.0812321 0.0940449 0.1145097 0.0803449 0.0795968 0.0810650 0.0953057 0.0996874 0.0999444 0.1051879 0.0846522 0.0839023 0.1094035 0.0842036 0.1039894 0.1075762 0.0980827 0.0946415 0.1048904 
Saccharomyces_uvarum                        0.0821681 0.0988463 0.0892174 0.0825850 0.0889797 0.1076995 0.0927697 0.0831066 0.0732113 0.0854707 0.3600271 0.0344926 0.0351305 0.0199177 0.0395015 0.0376240 0.0341296 0.0000000 0.1145748 0.1043963 0.0807780 0.0822407 0.0915017 0.1117259 0.0842140 0.0804853 0.0789753 0.0968827 0.0998351 0.1091308 0.1073228 0.0978954 0.0863746 0.1101505 0.0874855 0.1101563 0.1131128 0.1025938 0.0967753 0.1148860 
Tetrapisispora_blattae                      0.1124029 0.1359553 0.1194071 0.1301264 0.1220341 0.1372325 0.1275444 0.1200580 0.1064604 0.1152803 0.3627646 0.1133433 0.1133614 0.1113609 0.1156271 0.1118000 0.1156982 0.1145748 0.0000000 0.1194855 0.1050106 0.1084506 0.1347974 0.1195527 0.1205786 0.1241540 0.1216451 0.1219726 0.1230608 0.1425234 0.1376061 0.1111142 0.1301250 0.1266992 0.1300185 0.1478174 0.1294694 0.1125260 0.1212615 0.0985433 
Tetrapisispora_phaffii                      0.1107139 0.1215454 0.1203102 0.1313779 0.1107298 0.1323100 0.1117646 0.1074118 0.1116268 0.1122571 0.3863154 0.1101529 0.1099861 0.1017243 0.1105097 0.1105922 0.1097436 0.1043963 0.1194855 0.0000000 0.0844526 0.1137058 0.1249481 0.1432799 0.1196154 0.1149964 0.1115566 0.1357997 0.1326975 0.1311344 0.1351051 0.1213506 0.1142499 0.1347498 0.1157093 0.1342156 0.0746878 0.0690418 0.0638166 0.1232940 
Vanderwaltozyma_polyspora                   0.0814933 0.1002634 0.1023956 0.1078772 0.0870480 0.1114320 0.0916695 0.0850866 0.0828845 0.0911331 0.3549194 0.0812439 0.0799836 0.0768217 0.0860962 0.0814776 0.0807165 0.0807780 0.1050106 0.0844526 0.0000000 0.0909114 0.1055975 0.1260065 0.0970111 0.0917720 0.0893015 0.1109134 0.1131362 0.1039978 0.1206505 0.0976212 0.0903820 0.1189083 0.0914446 0.1113636 0.0982753 0.0812601 0.0883106 0.1136458 
yHAB132_Kazachstania_martiniae              0.0948966 0.1081870 0.0977566 0.1065422 0.0988911 0.1187681 0.1022553 0.0928461 0.0899478 0.0935071 0.3768165 0.0789633 0.0799756 0.0792057 0.0855724 0.0771818 0.0812321 0.0822407 0.1084506 0.1137058 0.0909114 0.0000000 0.0841182 0.1140774 0.0817673 0.0769969 0.0691890 0.0979128 0.0974240 0.1000201 0.1142702 0.0937487 0.0759925 0.1185439 0.0726976 0.1050742 0.1134061 0.1088304 0.1064041 0.1017775 
yHAB133_Kazachstania_unispora               0.0881872 0.1040202 0.0952871 0.1109232 0.0968222 0.1196827 0.1042314 0.0949342 0.0878943 0.0956145 0.3540193 0.0927623 0.0932755 0.0870833 0.0967817 0.0904300 0.0940449 0.0915017 0.1347974 0.1249481 0.1055975 0.0841182 0.0000000 0.1149582 0.0917795 0.0515413 0.0785645 0.0948694 0.0946513 0.0982587 0.1102253 0.1001559 0.0459005 0.1075654 0.0454265 0.1049790 0.1348636 0.1168236 0.1193872 0.1274921 
yHAB134_Kazachstania_turicensis             0.1102417 0.1209911 0.1118160 0.1337632 0.1303871 0.1349783 0.1279418 0.1252209 0.1014247 0.0982588 0.3698679 0.1132698 0.1154056 0.1130496 0.1156422 0.1104302 0.1145097 0.1117259 0.1195527 0.1432799 0.1260065 0.1140774 0.1149582 0.0000000 0.1119229 0.1119631 0.1121149 0.1297623 0.1104199 0.1331160 0.1255731 0.1242856 0.1116478 0.0575270 0.1133202 0.1385231 0.1411661 0.1409077 0.1311970 0.1283982 
yHAB136_Kazachstania_bromeliacearum         0.0941916 0.1096255 0.0757686 0.1097393 0.0939167 0.1197925 0.0970612 0.0924268 0.0847821 0.0813322 0.3416400 0.0829515 0.0856514 0.0838741 0.0886197 0.0779400 0.0803449 0.0842140 0.1205786 0.1196154 0.0970111 0.0817673 0.0917795 0.1119229 0.0000000 0.0779364 0.0802047 0.1098631 0.1083265 0.0952967 0.1192734 0.0951860 0.0837180 0.1066144 0.0857144 0.0994816 0.1222030 0.1125976 0.1101458 0.1193054 
yHAB143_Kazachstania_siamensis              0.0798435 0.0923262 0.0834919 0.1017841 0.0874802 0.1054018 0.0944431 0.0882574 0.0792072 0.0854047 0.3478602 0.0791063 0.0788780 0.0799760 0.0826861 0.0765754 0.0795968 0.0804853 0.1241540 0.1149964 0.0917720 0.0769969 0.0515413 0.1119631 0.0779364 0.0000000 0.0633524 0.0952335 0.0918577 0.0786069 0.1090405 0.0973289 0.0452545 0.1083709 0.0476002 0.0864771 0.1268934 0.1117951 0.1106185 0.1156193 
yHAB147_Kazachstania_taianensis             0.0910984 0.1000893 0.0794084 0.0998734 0.0961438 0.1190191 0.0956430 0.0883388 0.0807280 0.0829367 0.3594044 0.0759133 0.0794435 0.0744690 0.0841690 0.0765220 0.0810650 0.0789753 0.1216451 0.1115566 0.0893015 0.0691890 0.0785645 0.1121149 0.0802047 0.0633524 0.0000000 0.0918917 0.1082071 0.0829494 0.1169371 0.0974578 0.0671889 0.1136306 0.0668295 0.0867563 0.1240961 0.1113407 0.1083519 0.1192297 
yHAB148_Kazachstania_intestinalis           0.1044150 0.1200320 0.1120389 0.1093763 0.0991354 0.1220521 0.0986032 0.0853586 0.0985777 0.1028819 0.3721101 0.0951814 0.0949196 0.1007404 0.0989453 0.0940479 0.0953057 0.0968827 0.1219726 0.1357997 0.1109134 0.0979128 0.0948694 0.1297623 0.1098631 0.0952335 0.0918917 0.0000000 0.1130997 0.1107971 0.1188327 0.0993402 0.1047282 0.1278070 0.1030513 0.1178720 0.1332680 0.1208078 0.1205220 0.1130250 
yHAB153_Kazachstania_rosinii                0.1085599 0.1038960 0.1124557 0.1218168 0.1140357 0.1246210 0.1256310 0.1122536 0.0995300 0.0975139 0.3676401 0.0983849 0.0993706 0.1001060 0.1039972 0.0983970 0.0996874 0.0998351 0.1230608 0.1326975 0.1131362 0.0974240 0.0946513 0.1104199 0.1083265 0.0918577 0.1082071 0.1130997 0.0000000 0.1291657 0.0891826 0.1101888 0.0984005 0.1125032 0.0976782 0.1357197 0.1247174 0.1222050 0.1195864 0.1193620 
yHAB154_Kazachstania_transvaalensis         0.0951686 0.1148536 0.1115184 0.1149231 0.0944013 0.1338916 0.1021622 0.0935386 0.1081277 0.0998963 0.3678957 0.1028713 0.1005374 0.1036330 0.1062517 0.0984780 0.0999444 0.1091308 0.1425234 0.1311344 0.1039978 0.1000201 0.0982587 0.1331160 0.0952967 0.0786069 0.0829494 0.1107971 0.1291657 0.0000000 0.1433098 0.1098971 0.0869738 0.1217650 0.0876354 0.0250516 0.1307717 0.1331238 0.1206226 0.1369663 
yHAB155_Kazachstania_spencerorum            0.1278524 0.1117693 0.1254411 0.1317140 0.1347481 0.1380401 0.1328946 0.1254823 0.1050123 0.1086362 0.3835767 0.1024260 0.1018740 0.1051051 0.1091862 0.1043288 0.1051879 0.1073228 0.1376061 0.1351051 0.1206505 0.1142702 0.1102253 0.1255731 0.1192734 0.1090405 0.1169371 0.1188327 0.0891826 0.1433098 0.0000000 0.1226574 0.1108223 0.1267426 0.1116175 0.1506641 0.1336882 0.1280331 0.1216736 0.1389103 
yHAB158_Kazachstania_viticola               0.0951787 0.1000954 0.1151842 0.1033671 0.0967774 0.1246348 0.0994030 0.0901784 0.0984481 0.1009987 0.3657883 0.0890803 0.0881665 0.0959903 0.0978485 0.0875502 0.0846522 0.0978954 0.1111142 0.1213506 0.0976212 0.0937487 0.1001559 0.1242856 0.0951860 0.0973289 0.0974578 0.0993402 0.1101888 0.1098971 0.1226574 0.0000000 0.0924978 0.1154178 0.0918443 0.1117130 0.1130928 0.1187203 0.1051312 0.1122784 
yHAB159_Kazachstania_solicola               0.0873596 0.1003682 0.0902760 0.1096087 0.0937365 0.1188368 0.0946091 0.0892977 0.0845570 0.0875452 0.3513268 0.0828270 0.0825258 0.0842579 0.0852418 0.0830766 0.0839023 0.0863746 0.1301250 0.1142499 0.0903820 0.0759925 0.0459005 0.1116478 0.0837180 0.0452545 0.0671889 0.1047282 0.0984005 0.0869738 0.1108223 0.0924978 0.0000000 0.1047013 0.0048697 0.0924581 0.1255544 0.1137527 0.1127337 0.1168634 
yHAB160_Kazachstania_kunashirensis          0.1091748 0.1160848 0.1099637 0.1223482 0.1183352 0.1358832 0.1256552 0.1206104 0.0984451 0.1051158 0.3726826 0.1043289 0.1129346 0.1059113 0.1120266 0.1046277 0.1094035 0.1101505 0.1266992 0.1347498 0.1189083 0.1185439 0.1075654 0.0575270 0.1066144 0.1083709 0.1136306 0.1278070 0.1125032 0.1217650 0.1267426 0.1154178 0.1047013 0.0000000 0.1061580 0.1256965 0.1317170 0.1343363 0.1198242 0.1261129 
yHAB164_Kazachstania_aerobia                0.0874492 0.1014213 0.0888659 0.1073399 0.0920945 0.1175578 0.0942814 0.0884982 0.0862325 0.0896471 0.3515499 0.0825327 0.0820800 0.0853501 0.0841262 0.0833644 0.0842036 0.0874855 0.1300185 0.1157093 0.0914446 0.0726976 0.0454265 0.1133202 0.0857144 0.0476002 0.0668295 0.1030513 0.0976782 0.0876354 0.1116175 0.0918443 0.0048697 0.1061580 0.0000000 0.0940844 0.1256942 0.1124463 0.1125604 0.1132558 
yHAB166_Kazachstania_yakushimaensis         0.1020619 0.1179156 0.1138263 0.1204400 0.1001185 0.1358113 0.1058350 0.0966579 0.1135829 0.1046728 0.3710294 0.1056134 0.1070091 0.1056564 0.1086393 0.1035872 0.1039894 0.1101563 0.1478174 0.1342156 0.1113636 0.1050742 0.1049790 0.1385231 0.0994816 0.0864771 0.0867563 0.1178720 0.1357197 0.0250516 0.1506641 0.1117130 0.0924581 0.1256965 0.0940844 0.0000000 0.1392121 0.1345441 0.1272027 0.1428146 
yHMPu5000034875_Tetrapisispora_fleetii      0.1087546 0.1313051 0.1323386 0.1330873 0.1144849 0.1414251 0.1238836 0.1098440 0.1215900 0.1252460 0.3708657 0.1110558 0.1111127 0.1108191 0.1146721 0.1111499 0.1075762 0.1131128 0.1294694 0.0746878 0.0982753 0.1134061 0.1348636 0.1411661 0.1222030 0.1268934 0.1240961 0.1332680 0.1247174 0.1307717 0.1336882 0.1130928 0.1255544 0.1317170 0.1256942 0.1392121 0.0000000 0.0887134 0.0450343 0.1245225 
yHMPu5000034876_Tetrapisispora_iriomotensis 0.1079506 0.1225713 0.1184857 0.1312238 0.1064373 0.1233825 0.1158255 0.1071975 0.1036504 0.1132727 0.3646439 0.1058083 0.0976314 0.0967235 0.1089621 0.1003544 0.0980827 0.1025938 0.1125260 0.0690418 0.0812601 0.1088304 0.1168236 0.1409077 0.1125976 0.1117951 0.1113407 0.1208078 0.1222050 0.1331238 0.1280331 0.1187203 0.1137527 0.1343363 0.1124463 0.1345441 0.0887134 0.0000000 0.0781495 0.1094770 
yHMPu5000034877_Tetrapisispora_namnaonensis 0.0998536 0.1116501 0.1175698 0.1169306 0.1107414 0.1268804 0.1145952 0.1050354 0.1023481 0.1127716 0.3695943 0.0956759 0.0981999 0.0970218 0.1002957 0.0980836 0.0946415 0.0967753 0.1212615 0.0638166 0.0883106 0.1064041 0.1193872 0.1311970 0.1101458 0.1106185 0.1083519 0.1205220 0.1195864 0.1206226 0.1216736 0.1051312 0.1127337 0.1198242 0.1125604 0.1272027 0.0450343 0.0781495 0.0000000 0.1092638 
yHMPu5000035629_Yueomyces_sinensis          0.1213654 0.1313910 0.1246233 0.1300253 0.1196956 0.1352816 0.1190850 0.1193442 0.1099743 0.1207437 0.3637572 0.1116648 0.1043473 0.1142628 0.1146706 0.1052334 0.1048904 0.1148860 0.0985433 0.1232940 0.1136458 0.1017775 0.1274921 0.1283982 0.1193054 0.1156193 0.1192297 0.1130250 0.1193620 0.1369663 0.1389103 0.1122784 0.1168634 0.1261129 0.1132558 0.1428146 0.1245225 0.1094770 0.1092638 0.0000000 
