40
Candida_glabrata                            0.0000000 0.0423411 0.0529148 0.0503204 0.0254414 0.0654504 0.0228507 0.0229223 0.0434435 0.0368481 0.2238425 0.0382505 0.0369589 0.0397085 0.0421852 0.0371067 0.0382257 0.0397085 0.0689495 0.0624188 0.0517220 0.0449426 0.0435695 0.0603419 0.0436993 0.0408353 0.0437540 0.0584690 0.0419218 0.0426602 0.0395873 0.0510899 0.0423346 0.0515196 0.0450798 0.0466311 0.0673682 0.0570215 0.0672313 0.0683063 
Kazachstania_africana                       0.0423411 0.0000000 0.0439515 0.0568168 0.0341296 0.0620456 0.0317202 0.0342030 0.0391778 0.0277416 0.2227900 0.0297375 0.0278442 0.0302758 0.0303667 0.0279295 0.0266168 0.0302758 0.0650982 0.0600148 0.0487045 0.0339332 0.0386120 0.0498615 0.0361459 0.0359138 0.0386809 0.0560065 0.0293575 0.0451341 0.0354033 0.0409955 0.0388072 0.0444751 0.0415354 0.0423894 0.0621503 0.0528819 0.0649947 0.0688893 
Kazachstania_naganishii                     0.0529148 0.0439515 0.0000000 0.0470149 0.0420553 0.0603321 0.0396208 0.0410107 0.0331101 0.0260297 0.2231777 0.0274335 0.0256977 0.0288495 0.0273346 0.0262235 0.0260782 0.0288495 0.0610298 0.0599603 0.0468333 0.0261792 0.0180123 0.0444780 0.0205723 0.0193378 0.0180617 0.0361860 0.0299942 0.0295158 0.0389411 0.0482601 0.0204586 0.0436030 0.0205586 0.0245482 0.0598394 0.0470950 0.0607233 0.0625036 
Nakaseomyces_bacillisporus                  0.0503204 0.0568168 0.0470149 0.0000000 0.0413640 0.0560647 0.0440838 0.0455442 0.0454505 0.0411907 0.2206956 0.0410168 0.0401751 0.0430873 0.0439624 0.0417003 0.0414651 0.0430873 0.0729038 0.0706189 0.0594193 0.0475501 0.0452502 0.0622818 0.0470432 0.0398927 0.0468583 0.0527835 0.0463216 0.0539505 0.0463336 0.0524961 0.0428517 0.0535556 0.0456263 0.0526325 0.0757284 0.0627166 0.0755694 0.0688064 
Nakaseomyces_bracarensis                    0.0254414 0.0341296 0.0420553 0.0413640 0.0000000 0.0605496 0.0070661 0.0070661 0.0367467 0.0277933 0.2207731 0.0284579 0.0278735 0.0305246 0.0329577 0.0279820 0.0291137 0.0305246 0.0598987 0.0518020 0.0474595 0.0306353 0.0329883 0.0468442 0.0330720 0.0304128 0.0331194 0.0473713 0.0286984 0.0408649 0.0280363 0.0341089 0.0306177 0.0344312 0.0332569 0.0384628 0.0565700 0.0542980 0.0566117 0.0568257 
Nakaseomyces_castellii                      0.0654504 0.0620456 0.0603321 0.0560647 0.0605496 0.0000000 0.0580423 0.0619341 0.0581962 0.0543525 0.2357346 0.0542063 0.0499256 0.0531858 0.0526528 0.0515804 0.0512475 0.0531858 0.0851734 0.0790913 0.0731224 0.0623709 0.0604434 0.0747039 0.0606780 0.0589911 0.0583183 0.0747407 0.0552769 0.0625060 0.0627218 0.0594913 0.0591803 0.0694131 0.0621021 0.0597921 0.0810044 0.0641384 0.0809708 0.0799778 
Nakaseomyces_delphensis                     0.0228507 0.0317202 0.0396208 0.0440838 0.0070661 0.0580423 0.0000000 0.0094633 0.0343291 0.0253984 0.2188043 0.0260239 0.0254712 0.0281089 0.0305434 0.0255701 0.0267105 0.0281089 0.0601118 0.0510894 0.0437941 0.0306854 0.0305722 0.0443647 0.0306498 0.0305177 0.0306925 0.0501506 0.0287702 0.0384303 0.0305722 0.0329965 0.0281932 0.0344657 0.0308216 0.0360179 0.0558302 0.0531498 0.0558715 0.0596726 
Nakaseomyces_nivariensis                    0.0229223 0.0342030 0.0410107 0.0455442 0.0070661 0.0619341 0.0094633 0.0000000 0.0331278 0.0267055 0.2209232 0.0273553 0.0267826 0.0294389 0.0318829 0.0268872 0.0280277 0.0294389 0.0615968 0.0477044 0.0435586 0.0294790 0.0355868 0.0468400 0.0345321 0.0355249 0.0345828 0.0516559 0.0313058 0.0372221 0.0305396 0.0379859 0.0332124 0.0397027 0.0358776 0.0348036 0.0524084 0.0502741 0.0552084 0.0596233 
Naumovozyma_castellii                       0.0434435 0.0391778 0.0331101 0.0454505 0.0367467 0.0581962 0.0343291 0.0331278 0.0000000 0.0180361 0.2004124 0.0218280 0.0193005 0.0231819 0.0243024 0.0206401 0.0205277 0.0231819 0.0603202 0.0531152 0.0398912 0.0293538 0.0303912 0.0399674 0.0294209 0.0305007 0.0319505 0.0439154 0.0271612 0.0358905 0.0278659 0.0395278 0.0291786 0.0430982 0.0317919 0.0320409 0.0578434 0.0457804 0.0588232 0.0610411 
Naumovozyma_dairenensis                     0.0368481 0.0277416 0.0260297 0.0411907 0.0277933 0.0543525 0.0253984 0.0267055 0.0180361 0.0000000 0.2177449 0.0131709 0.0131241 0.0144598 0.0155976 0.0119864 0.0119228 0.0144598 0.0505531 0.0521448 0.0357618 0.0258996 0.0258529 0.0351871 0.0272375 0.0232542 0.0234600 0.0397440 0.0222620 0.0333692 0.0252693 0.0316477 0.0246285 0.0328611 0.0272387 0.0295339 0.0568666 0.0421499 0.0596522 0.0569761 
Neurospora_crassa                           0.2238425 0.2227900 0.2231777 0.2206956 0.2207731 0.2357346 0.2188043 0.2209232 0.2004124 0.2177449 0.0000000 0.2187744 0.2167652 0.2221058 0.2231518 0.2158299 0.2171616 0.2221058 0.2339897 0.2175377 0.2190909 0.2220351 0.2222437 0.2173671 0.2142232 0.2217294 0.2195988 0.2173643 0.2100063 0.2270234 0.2188009 0.2152808 0.2192490 0.2125615 0.2210724 0.2300182 0.2213261 0.2220924 0.2176415 0.2255957 
Saccharomyces_arboricola                    0.0382505 0.0297375 0.0274335 0.0410168 0.0284579 0.0542063 0.0260239 0.0273553 0.0218280 0.0131709 0.2187744 0.0000000 0.0047096 0.0059412 0.0071040 0.0035485 0.0035296 0.0059412 0.0588553 0.0526190 0.0398374 0.0253140 0.0284978 0.0398087 0.0273834 0.0258676 0.0249290 0.0420624 0.0248787 0.0349023 0.0271737 0.0336267 0.0260378 0.0350006 0.0286732 0.0310302 0.0573003 0.0442897 0.0602965 0.0621665 
Saccharomyces_cerevisiae                    0.0369589 0.0278442 0.0256977 0.0401751 0.0278735 0.0499256 0.0254712 0.0267826 0.0193005 0.0131241 0.2167652 0.0047096 0.0000000 0.0083440 0.0070789 0.0035360 0.0011711 0.0083440 0.0561441 0.0498081 0.0360219 0.0243324 0.0267575 0.0384601 0.0256516 0.0241751 0.0232326 0.0414853 0.0223135 0.0322450 0.0253067 0.0341253 0.0255435 0.0354828 0.0281376 0.0284000 0.0543908 0.0422812 0.0573333 0.0586859 
Saccharomyces_eubayanus                     0.0397085 0.0302758 0.0288495 0.0430873 0.0305246 0.0531858 0.0281089 0.0294389 0.0231819 0.0144598 0.2221058 0.0059412 0.0083440 0.0000000 0.0071245 0.0071858 0.0071472 0.0000010 0.0576355 0.0510202 0.0413158 0.0274384 0.0299100 0.0418776 0.0287965 0.0272588 0.0263312 0.0450046 0.0262696 0.0363565 0.0292437 0.0383582 0.0286732 0.0370520 0.0313353 0.0324617 0.0566719 0.0449132 0.0596484 0.0637791 
Saccharomyces_kudriavzevii                  0.0421852 0.0303667 0.0273346 0.0439624 0.0329577 0.0526528 0.0305434 0.0318829 0.0243024 0.0155976 0.2231518 0.0071040 0.0070789 0.0071245 0.0000000 0.0059265 0.0058949 0.0071245 0.0610275 0.0557974 0.0412205 0.0272931 0.0297541 0.0402404 0.0286447 0.0271151 0.0248399 0.0432288 0.0248703 0.0361733 0.0278520 0.0354989 0.0297952 0.0368683 0.0324548 0.0322945 0.0598190 0.0461566 0.0628303 0.0638221 
Saccharomyces_mikatae                       0.0371067 0.0279295 0.0262235 0.0417003 0.0279820 0.0515804 0.0255701 0.0268872 0.0206401 0.0119864 0.2158299 0.0035485 0.0035360 0.0071858 0.0059265 0.0000000 0.0023556 0.0071858 0.0574262 0.0519471 0.0400355 0.0235331 0.0272979 0.0376603 0.0248679 0.0246706 0.0224139 0.0408888 0.0222831 0.0323739 0.0252929 0.0317645 0.0260644 0.0329662 0.0287032 0.0285126 0.0566031 0.0431143 0.0595861 0.0612388 
Saccharomyces_paradoxus                     0.0382257 0.0266168 0.0260782 0.0414651 0.0291137 0.0512475 0.0267105 0.0280277 0.0205277 0.0119228 0.2171616 0.0035296 0.0011711 0.0071472 0.0058949 0.0023556 0.0000000 0.0071472 0.0561939 0.0504323 0.0372991 0.0246959 0.0271468 0.0389664 0.0260308 0.0245347 0.0235849 0.0420244 0.0210718 0.0335143 0.0265375 0.0328877 0.0259200 0.0342392 0.0285433 0.0296624 0.0550550 0.0428332 0.0580206 0.0600222 
Saccharomyces_uvarum                        0.0397085 0.0302758 0.0288495 0.0430873 0.0305246 0.0531858 0.0281089 0.0294389 0.0231819 0.0144598 0.2221058 0.0059412 0.0083440 0.0000010 0.0071245 0.0071858 0.0071472 0.0000000 0.0576355 0.0510202 0.0413158 0.0274384 0.0299100 0.0418776 0.0287965 0.0272588 0.0263312 0.0450046 0.0262696 0.0363565 0.0292437 0.0383582 0.0286732 0.0370520 0.0313353 0.0324617 0.0566719 0.0449132 0.0596484 0.0637791 
Tetrapisispora_blattae                      0.0689495 0.0650982 0.0610298 0.0729038 0.0598987 0.0851734 0.0601118 0.0615968 0.0603202 0.0505531 0.2339897 0.0588553 0.0561441 0.0576355 0.0610275 0.0574262 0.0561939 0.0576355 0.0000000 0.0684081 0.0662293 0.0605654 0.0563355 0.0683371 0.0608926 0.0535096 0.0589662 0.0698354 0.0524876 0.0623447 0.0598470 0.0629809 0.0562959 0.0636551 0.0565995 0.0626777 0.0684320 0.0635072 0.0685625 0.0510234 
Tetrapisispora_phaffii                      0.0624188 0.0600148 0.0599603 0.0706189 0.0518020 0.0790913 0.0510894 0.0477044 0.0531152 0.0521448 0.2175377 0.0526190 0.0498081 0.0510202 0.0557974 0.0519471 0.0504323 0.0510202 0.0684081 0.0000000 0.0531964 0.0497300 0.0515998 0.0535558 0.0520613 0.0501614 0.0515015 0.0683071 0.0535289 0.0615599 0.0571182 0.0572211 0.0503973 0.0614944 0.0532803 0.0562430 0.0131776 0.0296155 0.0119004 0.0705217 
Vanderwaltozyma_polyspora                   0.0517220 0.0487045 0.0468333 0.0594193 0.0474595 0.0731224 0.0437941 0.0435586 0.0398912 0.0357618 0.2190909 0.0398374 0.0360219 0.0413158 0.0412205 0.0400355 0.0372991 0.0413158 0.0662293 0.0531964 0.0000000 0.0447228 0.0425649 0.0501814 0.0439288 0.0397851 0.0461935 0.0568436 0.0379774 0.0431176 0.0363774 0.0469501 0.0464794 0.0528248 0.0492743 0.0418030 0.0536132 0.0444175 0.0548642 0.0655797 
yHAB132_Kazachstania_martiniae              0.0449426 0.0339332 0.0261792 0.0475501 0.0306353 0.0623709 0.0306854 0.0294790 0.0293538 0.0258996 0.2220351 0.0253140 0.0243324 0.0274384 0.0272931 0.0235331 0.0246959 0.0274384 0.0605654 0.0497300 0.0447228 0.0000000 0.0247993 0.0389715 0.0193738 0.0247534 0.0206353 0.0409598 0.0291862 0.0290189 0.0255879 0.0381767 0.0256443 0.0376285 0.0282478 0.0239593 0.0529353 0.0459168 0.0557175 0.0644000 
yHAB133_Kazachstania_unispora               0.0435695 0.0386120 0.0180123 0.0452502 0.0329883 0.0604434 0.0305722 0.0355868 0.0303912 0.0258529 0.2222437 0.0284978 0.0267575 0.0299100 0.0297541 0.0272979 0.0271468 0.0299100 0.0563355 0.0515998 0.0425649 0.0247993 0.0000000 0.0418008 0.0143613 0.0047316 0.0168185 0.0331334 0.0226025 0.0230772 0.0285899 0.0361847 0.0035295 0.0406402 0.0059169 0.0181785 0.0532484 0.0469957 0.0529455 0.0599946 
yHAB134_Kazachstania_turicensis             0.0603419 0.0498615 0.0444780 0.0622818 0.0468442 0.0747039 0.0443647 0.0468400 0.0399674 0.0351871 0.2173671 0.0398087 0.0384601 0.0418776 0.0402404 0.0376603 0.0389664 0.0418776 0.0683371 0.0535558 0.0501814 0.0389715 0.0418008 0.0000000 0.0449566 0.0404275 0.0410765 0.0546511 0.0399984 0.0519130 0.0367092 0.0497936 0.0406957 0.0349332 0.0434700 0.0479452 0.0579685 0.0451238 0.0590030 0.0600855 
yHAB136_Kazachstania_bromeliacearum         0.0436993 0.0361459 0.0205723 0.0470432 0.0330720 0.0606780 0.0306498 0.0345321 0.0294209 0.0272375 0.2142232 0.0273834 0.0256516 0.0287965 0.0286447 0.0248679 0.0260308 0.0287965 0.0608926 0.0520613 0.0439288 0.0193738 0.0143613 0.0449566 0.0000000 0.0155444 0.0134270 0.0365387 0.0240978 0.0245753 0.0305460 0.0374528 0.0168565 0.0386736 0.0193760 0.0196157 0.0537248 0.0505939 0.0539614 0.0631388 
yHAB143_Kazachstania_siamensis              0.0408353 0.0359138 0.0193378 0.0398927 0.0304128 0.0589911 0.0305177 0.0355249 0.0305007 0.0232542 0.2217294 0.0258676 0.0241751 0.0272588 0.0271151 0.0246706 0.0245347 0.0272588 0.0535096 0.0501614 0.0397851 0.0247534 0.0047316 0.0404275 0.0155444 0.0000000 0.0167867 0.0306492 0.0239996 0.0245450 0.0272101 0.0333986 0.0083111 0.0379658 0.0107478 0.0207666 0.0517987 0.0428751 0.0532293 0.0600979 
yHAB147_Kazachstania_taianensis             0.0437540 0.0386809 0.0180617 0.0468583 0.0331194 0.0583183 0.0306925 0.0345828 0.0319505 0.0234600 0.2195988 0.0249290 0.0232326 0.0263312 0.0248399 0.0224139 0.0235849 0.0263312 0.0589662 0.0515015 0.0461935 0.0206353 0.0168185 0.0410765 0.0134270 0.0167867 0.0000000 0.0376819 0.0279581 0.0271307 0.0319003 0.0389866 0.0168405 0.0413307 0.0193579 0.0221511 0.0536102 0.0478668 0.0554683 0.0646135 
yHAB148_Kazachstania_intestinalis           0.0584690 0.0560065 0.0361860 0.0527835 0.0473713 0.0747407 0.0501506 0.0516559 0.0439154 0.0397440 0.2173643 0.0420624 0.0414853 0.0450046 0.0432288 0.0408888 0.0420244 0.0450046 0.0698354 0.0683071 0.0568436 0.0409598 0.0331334 0.0546511 0.0365387 0.0306492 0.0376819 0.0000000 0.0436198 0.0453254 0.0430903 0.0438197 0.0355610 0.0479521 0.0382896 0.0412924 0.0717882 0.0591022 0.0697028 0.0628847 
yHAB153_Kazachstania_rosinii                0.0419218 0.0293575 0.0299942 0.0463216 0.0286984 0.0552769 0.0287702 0.0313058 0.0271612 0.0222620 0.2100063 0.0248787 0.0223135 0.0262696 0.0248703 0.0222831 0.0210718 0.0262696 0.0524876 0.0535289 0.0379774 0.0291862 0.0226025 0.0399984 0.0240978 0.0239996 0.0279581 0.0436198 0.0000000 0.0377708 0.0172115 0.0378534 0.0239067 0.0337013 0.0265422 0.0327277 0.0539586 0.0463426 0.0507416 0.0439549 
yHAB154_Kazachstania_transvaalensis         0.0426602 0.0451341 0.0295158 0.0539505 0.0408649 0.0625060 0.0384303 0.0372221 0.0358905 0.0333692 0.2270234 0.0349023 0.0322450 0.0363565 0.0361733 0.0323739 0.0335143 0.0363565 0.0623447 0.0615599 0.0431176 0.0290189 0.0230772 0.0519130 0.0245753 0.0245450 0.0271307 0.0453254 0.0377708 0.0000000 0.0392693 0.0465565 0.0268085 0.0470014 0.0294088 0.0106513 0.0616831 0.0555420 0.0629060 0.0668995 
yHAB155_Kazachstania_spencerorum            0.0395873 0.0354033 0.0389411 0.0463336 0.0280363 0.0627218 0.0305722 0.0305396 0.0278659 0.0252693 0.2188009 0.0271737 0.0253067 0.0292437 0.0278520 0.0252929 0.0265375 0.0292437 0.0598470 0.0571182 0.0363774 0.0255879 0.0285899 0.0367092 0.0305460 0.0272101 0.0319003 0.0430903 0.0172115 0.0392693 0.0000000 0.0388392 0.0294113 0.0322758 0.0320456 0.0353530 0.0575632 0.0508120 0.0562502 0.0555548 
yHAB158_Kazachstania_viticola               0.0510899 0.0409955 0.0482601 0.0524961 0.0341089 0.0594913 0.0329965 0.0379859 0.0395278 0.0316477 0.2152808 0.0336267 0.0341253 0.0383582 0.0354989 0.0317645 0.0328877 0.0383582 0.0629809 0.0572211 0.0469501 0.0381767 0.0361847 0.0497936 0.0374528 0.0333986 0.0389866 0.0438197 0.0378534 0.0465565 0.0388392 0.0000000 0.0388889 0.0417215 0.0416228 0.0426201 0.0605178 0.0530716 0.0593130 0.0634631 
yHAB159_Kazachstania_solicola               0.0423346 0.0388072 0.0204586 0.0428517 0.0306177 0.0591803 0.0281932 0.0332124 0.0291786 0.0246285 0.2192490 0.0260378 0.0255435 0.0286732 0.0297952 0.0260644 0.0259200 0.0286732 0.0562959 0.0503973 0.0464794 0.0256443 0.0035295 0.0406957 0.0168565 0.0083111 0.0168405 0.0355610 0.0239067 0.0268085 0.0294113 0.0388889 0.0000000 0.0414158 0.0023575 0.0218891 0.0535277 0.0483964 0.0532218 0.0614570 
yHAB160_Kazachstania_kunashirensis          0.0515196 0.0444751 0.0436030 0.0535556 0.0344312 0.0694131 0.0344657 0.0397027 0.0430982 0.0328611 0.2125615 0.0350006 0.0354828 0.0370520 0.0368683 0.0329662 0.0342392 0.0370520 0.0636551 0.0614944 0.0528248 0.0376285 0.0406402 0.0349332 0.0386736 0.0379658 0.0413307 0.0479521 0.0337013 0.0470014 0.0322758 0.0417215 0.0414158 0.0000000 0.0441650 0.0471050 0.0636043 0.0531413 0.0622396 0.0568487 
yHAB164_Kazachstania_aerobia                0.0450798 0.0415354 0.0205586 0.0456263 0.0332569 0.0621021 0.0308216 0.0358776 0.0317919 0.0272387 0.2210724 0.0286732 0.0281376 0.0313353 0.0324548 0.0287032 0.0285433 0.0313353 0.0565995 0.0532803 0.0492743 0.0282478 0.0059169 0.0434700 0.0193760 0.0107478 0.0193579 0.0382896 0.0265422 0.0294088 0.0320456 0.0416228 0.0023575 0.0441650 0.0000000 0.0244595 0.0538156 0.0512264 0.0535065 0.0617867 
yHAB166_Kazachstania_yakushimaensis         0.0466311 0.0423894 0.0245482 0.0526325 0.0384628 0.0597921 0.0360179 0.0348036 0.0320409 0.0295339 0.2300182 0.0310302 0.0284000 0.0324617 0.0322945 0.0285126 0.0296624 0.0324617 0.0626777 0.0562430 0.0418030 0.0239593 0.0181785 0.0479452 0.0196157 0.0207666 0.0221511 0.0412924 0.0327277 0.0106513 0.0353530 0.0426201 0.0218891 0.0471050 0.0244595 0.0000000 0.0591316 0.0514526 0.0603812 0.0658833 
yHMPu5000034875_Tetrapisispora_fleetii      0.0673682 0.0621503 0.0598394 0.0757284 0.0565700 0.0810044 0.0558302 0.0524084 0.0578434 0.0568666 0.2213261 0.0573003 0.0543908 0.0566719 0.0598190 0.0566031 0.0550550 0.0566719 0.0684320 0.0131776 0.0536132 0.0529353 0.0532484 0.0579685 0.0537248 0.0517987 0.0536102 0.0717882 0.0539586 0.0616831 0.0575632 0.0605178 0.0535277 0.0636043 0.0538156 0.0591316 0.0000000 0.0350701 0.0071131 0.0698630 
yHMPu5000034876_Tetrapisispora_iriomotensis 0.0570215 0.0528819 0.0470950 0.0627166 0.0542980 0.0641384 0.0531498 0.0502741 0.0457804 0.0421499 0.2220924 0.0442897 0.0422812 0.0449132 0.0461566 0.0431143 0.0428332 0.0449132 0.0635072 0.0296155 0.0444175 0.0459168 0.0469957 0.0451238 0.0505939 0.0428751 0.0478668 0.0591022 0.0463426 0.0555420 0.0508120 0.0530716 0.0483964 0.0531413 0.0512264 0.0514526 0.0350701 0.0000000 0.0349587 0.0594251 
yHMPu5000034877_Tetrapisispora_namnaonensis 0.0672313 0.0649947 0.0607233 0.0755694 0.0566117 0.0809708 0.0558715 0.0552084 0.0588232 0.0596522 0.2176415 0.0602965 0.0573333 0.0596484 0.0628303 0.0595861 0.0580206 0.0596484 0.0685625 0.0119004 0.0548642 0.0557175 0.0529455 0.0590030 0.0539614 0.0532293 0.0554683 0.0697028 0.0507416 0.0629060 0.0562502 0.0593130 0.0532218 0.0622396 0.0535065 0.0603812 0.0071131 0.0349587 0.0000000 0.0664590 
yHMPu5000035629_Yueomyces_sinensis          0.0683063 0.0688893 0.0625036 0.0688064 0.0568257 0.0799778 0.0596726 0.0596233 0.0610411 0.0569761 0.2255957 0.0621665 0.0586859 0.0637791 0.0638221 0.0612388 0.0600222 0.0637791 0.0510234 0.0705217 0.0655797 0.0644000 0.0599946 0.0600855 0.0631388 0.0600979 0.0646135 0.0628847 0.0439549 0.0668995 0.0555548 0.0634631 0.0614570 0.0568487 0.0617867 0.0658833 0.0698630 0.0594251 0.0664590 0.0000000 
