40
Candida_glabrata                            0.0000000 0.0857145 0.0812953 0.0976284 0.0347063 0.0977140 0.0382765 0.0368215 0.0836271 0.0822694 0.3200885 0.0868824 0.0868262 0.0898715 0.0985967 0.0890295 0.0856559 0.0910477 0.0937941 0.1016172 0.0952297 0.0713049 0.0782316 0.0877907 0.0661313 0.0803969 0.0751207 0.0920759 0.0919482 0.0838696 0.0811273 0.0757835 0.0838516 0.0899311 0.0838741 0.0910265 0.0979781 0.0859025 0.0991705 0.0939526 
Kazachstania_africana                       0.0857145 0.0000000 0.0669863 0.0927795 0.0706058 0.0780870 0.0723361 0.0725896 0.0586399 0.0667458 0.3406938 0.0692247 0.0658548 0.0684810 0.0747102 0.0650491 0.0647130 0.0696271 0.0844140 0.0925339 0.0825937 0.0549710 0.0584289 0.0543488 0.0511570 0.0670377 0.0542470 0.0812175 0.0527168 0.0860639 0.0646986 0.0555969 0.0648168 0.0623189 0.0658432 0.0813072 0.0919112 0.0761538 0.0939282 0.0867553 
Kazachstania_naganishii                     0.0812953 0.0669863 0.0000000 0.1039628 0.0682756 0.0891060 0.0702715 0.0700947 0.0646443 0.0631410 0.3315236 0.0747731 0.0720026 0.0751311 0.0863704 0.0777931 0.0708441 0.0739540 0.0908155 0.0959598 0.0931775 0.0542335 0.0639225 0.0706835 0.0530467 0.0660454 0.0518759 0.0780398 0.0719916 0.0776697 0.0710010 0.0739028 0.0674883 0.0667744 0.0681356 0.0741520 0.0962126 0.0832038 0.1030112 0.0921789 
Nakaseomyces_bacillisporus                  0.0976284 0.0927795 0.1039628 0.0000000 0.0894790 0.0648417 0.0950313 0.0893416 0.0899264 0.1044587 0.3394324 0.1037196 0.1013305 0.1029127 0.1164859 0.1061728 0.1001021 0.1041373 0.1107307 0.1093893 0.1186031 0.0934893 0.0941874 0.0874648 0.0937233 0.0956820 0.0806559 0.0970640 0.0990600 0.1061693 0.0936759 0.0976221 0.0979992 0.1015335 0.1000506 0.1058782 0.1101953 0.0928947 0.1069462 0.1100221 
Nakaseomyces_bracarensis                    0.0347063 0.0706058 0.0682756 0.0894790 0.0000000 0.0906565 0.0201995 0.0158356 0.0716551 0.0745287 0.3304790 0.0795554 0.0778211 0.0812608 0.0912821 0.0785550 0.0766438 0.0824499 0.0859470 0.0958935 0.0918035 0.0626260 0.0727093 0.0762386 0.0578412 0.0747562 0.0651381 0.0874639 0.0775701 0.0792534 0.0806284 0.0715766 0.0769395 0.0763320 0.0769604 0.0850480 0.0917059 0.0839005 0.0964511 0.0896748 
Nakaseomyces_castellii                      0.0977140 0.0780870 0.0891060 0.0648417 0.0906565 0.0000000 0.0907287 0.0896441 0.0866135 0.0951702 0.3239839 0.0870099 0.0859218 0.0883673 0.0953130 0.0910336 0.0858547 0.0895545 0.0977423 0.1019944 0.1010751 0.0761676 0.0811942 0.0896462 0.0823824 0.0825040 0.0712744 0.0885642 0.0880667 0.1061441 0.0895536 0.0825372 0.0881248 0.0938317 0.0890335 0.1060733 0.1033092 0.0921013 0.1034031 0.0909202 
Nakaseomyces_delphensis                     0.0382765 0.0723361 0.0702715 0.0950313 0.0201995 0.0907287 0.0000000 0.0179469 0.0724204 0.0734454 0.3443625 0.0776651 0.0749749 0.0795236 0.0878295 0.0795085 0.0738070 0.0793345 0.0878577 0.0976253 0.0845009 0.0648275 0.0755460 0.0762620 0.0625040 0.0777853 0.0695673 0.0894145 0.0803404 0.0870352 0.0846345 0.0742541 0.0804765 0.0776918 0.0813060 0.0905531 0.0912311 0.0819543 0.0971812 0.0940464 
Nakaseomyces_nivariensis                    0.0368215 0.0725896 0.0700947 0.0893416 0.0158356 0.0896441 0.0179469 0.0000000 0.0724500 0.0726917 0.3333106 0.0756257 0.0729321 0.0774907 0.0875375 0.0761271 0.0717580 0.0786671 0.0910304 0.0957281 0.0859586 0.0646393 0.0740439 0.0759938 0.0598891 0.0771216 0.0665673 0.0917617 0.0786388 0.0830691 0.0776420 0.0710655 0.0785574 0.0753068 0.0795042 0.0837718 0.0898384 0.0827253 0.0957726 0.0943418 
Naumovozyma_castellii                       0.0836271 0.0586399 0.0646443 0.0899264 0.0716551 0.0866135 0.0724204 0.0724500 0.0000000 0.0423449 0.3465992 0.0738742 0.0675430 0.0707682 0.0799843 0.0730112 0.0663766 0.0719317 0.0946949 0.0867038 0.0904681 0.0644374 0.0619811 0.0684025 0.0535028 0.0646490 0.0581784 0.0761047 0.0724514 0.0861827 0.0727762 0.0684704 0.0638971 0.0712206 0.0650675 0.0818801 0.0893963 0.0760920 0.0901901 0.0875814 
Naumovozyma_dairenensis                     0.0822694 0.0667458 0.0631410 0.1044587 0.0745287 0.0951702 0.0734454 0.0726917 0.0423449 0.0000000 0.3389454 0.0681717 0.0666020 0.0658914 0.0788573 0.0695245 0.0654467 0.0670525 0.0974539 0.0945271 0.0882006 0.0609716 0.0695139 0.0700519 0.0553289 0.0766416 0.0587245 0.0750853 0.0755156 0.0907735 0.0676509 0.0657362 0.0712282 0.0743433 0.0736524 0.0801130 0.0905501 0.0842050 0.0918302 0.0963646 
Neurospora_crassa                           0.3200885 0.3406938 0.3315236 0.3394324 0.3304790 0.3239839 0.3443625 0.3333106 0.3465992 0.3389454 0.0000000 0.3445225 0.3417495 0.3372815 0.3535364 0.3450541 0.3400699 0.3367533 0.3385818 0.3270246 0.3481108 0.3356973 0.3250639 0.3571383 0.3332749 0.3240499 0.3353019 0.3489661 0.3600222 0.3472244 0.3541596 0.3344274 0.3208798 0.3578639 0.3201809 0.3415560 0.3277495 0.3206016 0.3186136 0.3362210 
Saccharomyces_arboricola                    0.0868824 0.0692247 0.0747731 0.1037196 0.0795554 0.0870099 0.0776651 0.0756257 0.0738742 0.0681717 0.3445225 0.0000000 0.0103987 0.0135480 0.0222243 0.0146940 0.0093553 0.0145956 0.0971958 0.0946913 0.0852110 0.0634418 0.0736249 0.0692496 0.0660119 0.0827189 0.0620986 0.0720032 0.0730719 0.0877107 0.0745367 0.0617730 0.0737744 0.0749912 0.0771471 0.0840262 0.0930874 0.0812892 0.0954864 0.0997349 
Saccharomyces_cerevisiae                    0.0868262 0.0658548 0.0720026 0.1013305 0.0778211 0.0859218 0.0749749 0.0729321 0.0675430 0.0666020 0.3417495 0.0103987 0.0000000 0.0114853 0.0178687 0.0115140 0.0010286 0.0125341 0.0998622 0.0924426 0.0840590 0.0608891 0.0739280 0.0681340 0.0622102 0.0791440 0.0630527 0.0723021 0.0714451 0.0856757 0.0710919 0.0604956 0.0715982 0.0717558 0.0749614 0.0841770 0.0929607 0.0798137 0.0977134 0.0995473 
Saccharomyces_eubayanus                     0.0898715 0.0684810 0.0751311 0.1029127 0.0812608 0.0883673 0.0795236 0.0774907 0.0707682 0.0658914 0.3372815 0.0135480 0.0114853 0.0000000 0.0211349 0.0136238 0.0104372 0.0010287 0.1018725 0.0944437 0.0808184 0.0642532 0.0750372 0.0697996 0.0652102 0.0830197 0.0622983 0.0708440 0.0706391 0.0858253 0.0726418 0.0629811 0.0727155 0.0714591 0.0760831 0.0870164 0.0943161 0.0820586 0.0985111 0.1013848 
Saccharomyces_kudriavzevii                  0.0985967 0.0747102 0.0863704 0.1164859 0.0912821 0.0953130 0.0878295 0.0875375 0.0799843 0.0788573 0.3535364 0.0222243 0.0178687 0.0211349 0.0000000 0.0179584 0.0168116 0.0211104 0.1042197 0.0980877 0.0917823 0.0723268 0.0871563 0.0811826 0.0748831 0.0917135 0.0766492 0.0803209 0.0754857 0.0977578 0.0826231 0.0729854 0.0848441 0.0839313 0.0857510 0.0942195 0.0986798 0.0882646 0.1032519 0.1107659 
Saccharomyces_mikatae                       0.0890295 0.0650491 0.0777931 0.1061728 0.0785550 0.0910336 0.0795085 0.0761271 0.0730112 0.0695245 0.3450541 0.0146940 0.0115140 0.0136238 0.0179584 0.0000000 0.0104631 0.0146772 0.1007826 0.0909714 0.0870135 0.0653609 0.0740360 0.0684784 0.0652585 0.0821755 0.0643414 0.0734939 0.0688024 0.0860885 0.0740620 0.0620787 0.0717022 0.0733080 0.0750730 0.0840695 0.0916440 0.0809583 0.0964518 0.1028295 
Saccharomyces_paradoxus                     0.0856559 0.0647130 0.0708441 0.1001021 0.0766438 0.0858547 0.0738070 0.0717580 0.0663766 0.0654467 0.3400699 0.0093553 0.0010286 0.0104372 0.0168116 0.0104631 0.0000000 0.0114853 0.0986688 0.0912651 0.0828674 0.0597552 0.0727532 0.0669747 0.0610561 0.0779613 0.0618774 0.0711204 0.0702732 0.0868772 0.0699407 0.0593467 0.0704187 0.0705829 0.0737720 0.0829939 0.0917738 0.0786383 0.0965398 0.0985625 
Saccharomyces_uvarum                        0.0910477 0.0696271 0.0739540 0.1041373 0.0824499 0.0895545 0.0793345 0.0786671 0.0719317 0.0670525 0.3367533 0.0145956 0.0125341 0.0010287 0.0211104 0.0146772 0.0114853 0.0000000 0.1030737 0.0956293 0.0796208 0.0654042 0.0762097 0.0709657 0.0663736 0.0818265 0.0634665 0.0720222 0.0717993 0.0870197 0.0737969 0.0641325 0.0738930 0.0726287 0.0772698 0.0858198 0.0955046 0.0808624 0.0996920 0.1025958 
Tetrapisispora_blattae                      0.0937941 0.0844140 0.0908155 0.1107307 0.0859470 0.0977423 0.0878577 0.0910304 0.0946949 0.0974539 0.3385818 0.0971958 0.0998622 0.1018725 0.1042197 0.1007826 0.0986688 0.1030737 0.0000000 0.0979144 0.0878339 0.0749331 0.0843478 0.0935793 0.0850622 0.0845591 0.0822247 0.0994623 0.1029475 0.0977501 0.1012671 0.0969446 0.0883028 0.1010939 0.0855945 0.0996268 0.0979799 0.0880027 0.0989353 0.0637770 
Tetrapisispora_phaffii                      0.1016172 0.0925339 0.0959598 0.1093893 0.0958935 0.1019944 0.0976253 0.0957281 0.0867038 0.0945271 0.3270246 0.0946913 0.0924426 0.0944437 0.0980877 0.0909714 0.0912651 0.0956293 0.0979144 0.0000000 0.0940500 0.0917841 0.0865733 0.1006205 0.0896237 0.0938903 0.0883365 0.1013914 0.1088646 0.1052167 0.1019642 0.0891894 0.0887048 0.0943701 0.0899868 0.0963006 0.0290672 0.0303347 0.0288683 0.1016451 
Vanderwaltozyma_polyspora                   0.0952297 0.0825937 0.0931775 0.1186031 0.0918035 0.1010751 0.0845009 0.0859586 0.0904681 0.0882006 0.3481108 0.0852110 0.0840590 0.0808184 0.0917823 0.0870135 0.0828674 0.0796208 0.0878339 0.0940500 0.0000000 0.0785007 0.0829896 0.0829351 0.0806317 0.0825725 0.0830771 0.0920767 0.0954453 0.0910979 0.0909207 0.0787511 0.0901543 0.0859571 0.0925829 0.0899996 0.0940742 0.0814809 0.0975729 0.1000375 
yHAB132_Kazachstania_martiniae              0.0713049 0.0549710 0.0542335 0.0934893 0.0626260 0.0761676 0.0648275 0.0646393 0.0644374 0.0609716 0.3356973 0.0634418 0.0608891 0.0642532 0.0723268 0.0653609 0.0597552 0.0654042 0.0749331 0.0917841 0.0785007 0.0000000 0.0608495 0.0552509 0.0435073 0.0563613 0.0506018 0.0673146 0.0549289 0.0691822 0.0528705 0.0582978 0.0635305 0.0607620 0.0647233 0.0688260 0.0901451 0.0774602 0.0945638 0.0760703 
yHAB133_Kazachstania_unispora               0.0782316 0.0584289 0.0639225 0.0941874 0.0727093 0.0811942 0.0755460 0.0740439 0.0619811 0.0695139 0.3250639 0.0736249 0.0739280 0.0750372 0.0871563 0.0740360 0.0727532 0.0762097 0.0843478 0.0865733 0.0829896 0.0608495 0.0000000 0.0609047 0.0451740 0.0189203 0.0402193 0.0716344 0.0716314 0.0685509 0.0701573 0.0614616 0.0104804 0.0642671 0.0135965 0.0647608 0.0838204 0.0744753 0.0892483 0.0738242 
yHAB134_Kazachstania_turicensis             0.0877907 0.0543488 0.0706835 0.0874648 0.0762386 0.0896462 0.0762620 0.0759938 0.0684025 0.0700519 0.3571383 0.0692496 0.0681340 0.0697996 0.0811826 0.0684784 0.0669747 0.0709657 0.0935793 0.1006205 0.0829351 0.0552509 0.0609047 0.0000000 0.0571284 0.0648576 0.0562972 0.0777590 0.0643849 0.0728876 0.0635589 0.0640437 0.0663879 0.0402732 0.0659597 0.0690992 0.0967451 0.0799357 0.0980559 0.0895438 
yHAB136_Kazachstania_bromeliacearum         0.0661313 0.0511570 0.0530467 0.0937233 0.0578412 0.0823824 0.0625040 0.0598891 0.0535028 0.0553289 0.3332749 0.0660119 0.0622102 0.0652102 0.0748831 0.0652585 0.0610561 0.0663736 0.0850622 0.0896237 0.0806317 0.0435073 0.0451740 0.0571284 0.0000000 0.0466236 0.0331313 0.0693108 0.0615947 0.0701876 0.0568429 0.0556916 0.0500781 0.0636722 0.0500905 0.0640305 0.0896655 0.0766825 0.0936710 0.0808665 
yHAB143_Kazachstania_siamensis              0.0803969 0.0670377 0.0660454 0.0956820 0.0747562 0.0825040 0.0777853 0.0771216 0.0646490 0.0766416 0.3240499 0.0827189 0.0791440 0.0830197 0.0917135 0.0821755 0.0779613 0.0818265 0.0845591 0.0938903 0.0825725 0.0563613 0.0189203 0.0648576 0.0466236 0.0000000 0.0477922 0.0726086 0.0771283 0.0707829 0.0729586 0.0696674 0.0247965 0.0707404 0.0247057 0.0663666 0.0909289 0.0749902 0.0950638 0.0718386 
yHAB147_Kazachstania_taianensis             0.0751207 0.0542470 0.0518759 0.0806559 0.0651381 0.0712744 0.0695673 0.0665673 0.0581784 0.0587245 0.3353019 0.0620986 0.0630527 0.0622983 0.0766492 0.0643414 0.0618774 0.0634665 0.0822247 0.0883365 0.0830771 0.0506018 0.0402193 0.0562972 0.0331313 0.0477922 0.0000000 0.0601421 0.0548874 0.0708280 0.0542419 0.0562635 0.0452563 0.0613816 0.0486022 0.0638303 0.0886929 0.0745913 0.0917904 0.0779833 
yHAB148_Kazachstania_intestinalis           0.0920759 0.0812175 0.0780398 0.0970640 0.0874639 0.0885642 0.0894145 0.0917617 0.0761047 0.0750853 0.3489661 0.0720032 0.0723021 0.0708440 0.0803209 0.0734939 0.0711204 0.0720222 0.0994623 0.1013914 0.0920767 0.0673146 0.0716344 0.0777590 0.0693108 0.0726086 0.0601421 0.0000000 0.0761125 0.0811439 0.0838330 0.0648798 0.0758152 0.0817733 0.0788357 0.0810813 0.0990982 0.0868603 0.0974772 0.0903620 
yHAB153_Kazachstania_rosinii                0.0919482 0.0527168 0.0719916 0.0990600 0.0775701 0.0880667 0.0803404 0.0786388 0.0724514 0.0755156 0.3600222 0.0730719 0.0714451 0.0706391 0.0754857 0.0688024 0.0702732 0.0717993 0.1029475 0.1088646 0.0954453 0.0549289 0.0716314 0.0643849 0.0615947 0.0771283 0.0548874 0.0761125 0.0000000 0.0899391 0.0511686 0.0642074 0.0700681 0.0643041 0.0698087 0.0893594 0.1058441 0.0964064 0.1112391 0.0956593 
yHAB154_Kazachstania_transvaalensis         0.0838696 0.0860639 0.0776697 0.1061693 0.0792534 0.1061441 0.0870352 0.0830691 0.0861827 0.0907735 0.3472244 0.0877107 0.0856757 0.0858253 0.0977578 0.0860885 0.0868772 0.0870197 0.0977501 0.1052167 0.0910979 0.0691822 0.0685509 0.0728876 0.0701876 0.0707829 0.0708280 0.0811439 0.0899391 0.0000000 0.0858693 0.0772907 0.0753525 0.0839033 0.0759581 0.0254392 0.1045340 0.0889881 0.1023403 0.1002645 
yHAB155_Kazachstania_spencerorum            0.0811273 0.0646986 0.0710010 0.0936759 0.0806284 0.0895536 0.0846345 0.0776420 0.0727762 0.0676509 0.3541596 0.0745367 0.0710919 0.0726418 0.0826231 0.0740620 0.0699407 0.0737969 0.1012671 0.1019642 0.0909207 0.0528705 0.0701573 0.0635589 0.0568429 0.0729586 0.0542419 0.0838330 0.0511686 0.0858693 0.0000000 0.0641416 0.0762277 0.0674448 0.0799491 0.0886547 0.0936309 0.0839727 0.0965205 0.0952292 
yHAB158_Kazachstania_viticola               0.0757835 0.0555969 0.0739028 0.0976221 0.0715766 0.0825372 0.0742541 0.0710655 0.0684704 0.0657362 0.3344274 0.0617730 0.0604956 0.0629811 0.0729854 0.0620787 0.0593467 0.0641325 0.0969446 0.0891894 0.0787511 0.0582978 0.0614616 0.0640437 0.0556916 0.0696674 0.0562635 0.0648798 0.0642074 0.0772907 0.0641416 0.0000000 0.0682597 0.0573213 0.0682578 0.0791888 0.0836211 0.0761373 0.0866881 0.0875044 
yHAB159_Kazachstania_solicola               0.0838516 0.0648168 0.0674883 0.0979992 0.0769395 0.0881248 0.0804765 0.0785574 0.0638971 0.0712282 0.3208798 0.0737744 0.0715982 0.0727155 0.0848441 0.0717022 0.0704187 0.0738930 0.0883028 0.0887048 0.0901543 0.0635305 0.0104804 0.0663879 0.0500781 0.0247965 0.0452563 0.0758152 0.0700681 0.0753525 0.0762277 0.0682597 0.0000000 0.0681729 0.0041184 0.0704052 0.0896079 0.0787956 0.0922994 0.0790956 
yHAB160_Kazachstania_kunashirensis          0.0899311 0.0623189 0.0667744 0.1015335 0.0763320 0.0938317 0.0776918 0.0753068 0.0712206 0.0743433 0.3578639 0.0749912 0.0717558 0.0714591 0.0839313 0.0733080 0.0705829 0.0726287 0.1010939 0.0943701 0.0859571 0.0607620 0.0642671 0.0402732 0.0636722 0.0707404 0.0613816 0.0817733 0.0643041 0.0839033 0.0674448 0.0573213 0.0681729 0.0000000 0.0662876 0.0870635 0.0919247 0.0805845 0.0995207 0.0989030 
yHAB164_Kazachstania_aerobia                0.0838741 0.0658432 0.0681356 0.1000506 0.0769604 0.0890335 0.0813060 0.0795042 0.0650675 0.0736524 0.3201809 0.0771471 0.0749614 0.0760831 0.0857510 0.0750730 0.0737720 0.0772698 0.0855945 0.0899868 0.0925829 0.0647233 0.0135965 0.0659597 0.0500905 0.0247057 0.0486022 0.0788357 0.0698087 0.0759581 0.0799491 0.0682578 0.0041184 0.0662876 0.0000000 0.0719704 0.0916962 0.0809159 0.0943629 0.0828721 
yHAB166_Kazachstania_yakushimaensis         0.0910265 0.0813072 0.0741520 0.1058782 0.0850480 0.1060733 0.0905531 0.0837718 0.0818801 0.0801130 0.3415560 0.0840262 0.0841770 0.0870164 0.0942195 0.0840695 0.0829939 0.0858198 0.0996268 0.0963006 0.0899996 0.0688260 0.0647608 0.0690992 0.0640305 0.0663666 0.0638303 0.0810813 0.0893594 0.0254392 0.0886547 0.0791888 0.0704052 0.0870635 0.0719704 0.0000000 0.0984369 0.0826720 0.0941474 0.0990671 
yHMPu5000034875_Tetrapisispora_fleetii      0.0979781 0.0919112 0.0962126 0.1101953 0.0917059 0.1033092 0.0912311 0.0898384 0.0893963 0.0905501 0.3277495 0.0930874 0.0929607 0.0943161 0.0986798 0.0916440 0.0917738 0.0955046 0.0979799 0.0290672 0.0940742 0.0901451 0.0838204 0.0967451 0.0896655 0.0909289 0.0886929 0.0990982 0.1058441 0.1045340 0.0936309 0.0836211 0.0896079 0.0919247 0.0916962 0.0984369 0.0000000 0.0354759 0.0168529 0.1022660 
yHMPu5000034876_Tetrapisispora_iriomotensis 0.0859025 0.0761538 0.0832038 0.0928947 0.0839005 0.0921013 0.0819543 0.0827253 0.0760920 0.0842050 0.3206016 0.0812892 0.0798137 0.0820586 0.0882646 0.0809583 0.0786383 0.0808624 0.0880027 0.0303347 0.0814809 0.0774602 0.0744753 0.0799357 0.0766825 0.0749902 0.0745913 0.0868603 0.0964064 0.0889881 0.0839727 0.0761373 0.0787956 0.0805845 0.0809159 0.0826720 0.0354759 0.0000000 0.0338983 0.0925085 
yHMPu5000034877_Tetrapisispora_namnaonensis 0.0991705 0.0939282 0.1030112 0.1069462 0.0964511 0.1034031 0.0971812 0.0957726 0.0901901 0.0918302 0.3186136 0.0954864 0.0977134 0.0985111 0.1032519 0.0964518 0.0965398 0.0996920 0.0989353 0.0288683 0.0975729 0.0945638 0.0892483 0.0980559 0.0936710 0.0950638 0.0917904 0.0974772 0.1112391 0.1023403 0.0965205 0.0866881 0.0922994 0.0995207 0.0943629 0.0941474 0.0168529 0.0338983 0.0000000 0.0973191 
yHMPu5000035629_Yueomyces_sinensis          0.0939526 0.0867553 0.0921789 0.1100221 0.0896748 0.0909202 0.0940464 0.0943418 0.0875814 0.0963646 0.3362210 0.0997349 0.0995473 0.1013848 0.1107659 0.1028295 0.0985625 0.1025958 0.0637770 0.1016451 0.1000375 0.0760703 0.0738242 0.0895438 0.0808665 0.0718386 0.0779833 0.0903620 0.0956593 0.1002645 0.0952292 0.0875044 0.0790956 0.0989030 0.0828721 0.0990671 0.1022660 0.0925085 0.0973191 0.0000000 
