40
Candida_glabrata                            0.0000000 0.4495530 0.3567652 0.3616357 0.1272385 0.3944574 0.1515923 0.1288052 0.3604720 0.4044166 0.8467617 0.2806614 0.2732050 0.2944763 0.2883505 0.2810980 0.2753175 0.2849314 0.4142666 0.3385952 0.2927549 0.4139383 0.4011356 0.4285967 0.3871739 0.4110849 0.3392966 0.3812788 0.4360000 0.3818927 0.4861428 0.4276691 0.3700015 0.6406657 0.3724598 0.3661087 0.3387164 0.3575542 0.3466658 0.4277564 
Kazachstania_africana                       0.4495530 0.0000000 0.3451432 0.4738970 0.4758867 0.4961895 0.4293015 0.4491193 0.3791961 0.4490587 0.9623849 0.3826636 0.3671414 0.3852092 0.4033120 0.3919134 0.3543678 0.3757806 0.4477898 0.3843108 0.3989075 0.3463886 0.3751797 0.3300021 0.3361435 0.3464485 0.3380413 0.4399265 0.3295391 0.3427215 0.3124780 0.2530548 0.3809784 0.4990983 0.3891875 0.3583081 0.3500470 0.3799035 0.3602240 0.4820515 
Kazachstania_naganishii                     0.3567652 0.3451432 0.0000000 0.4046793 0.3688057 0.4662708 0.3595614 0.3377170 0.3154965 0.3530698 0.8609716 0.3193849 0.2983149 0.2965013 0.3092331 0.2930103 0.2860007 0.2947403 0.3819746 0.3794340 0.2933117 0.2834513 0.2177755 0.3819597 0.1726812 0.2206176 0.2167090 0.3116685 0.3910109 0.2308608 0.4234243 0.3452181 0.1970947 0.4695805 0.2230069 0.1976143 0.3894010 0.3879724 0.3922189 0.4101355 
Nakaseomyces_bacillisporus                  0.3616357 0.4738970 0.4046793 0.0000000 0.3691652 0.4018593 0.4224865 0.3633243 0.4260117 0.4630428 0.9665740 0.3125521 0.3079752 0.3422361 0.2992105 0.3171098 0.3142680 0.3272814 0.4361775 0.4359548 0.3683732 0.4548435 0.5016372 0.3841706 0.4275518 0.4580002 0.3741312 0.4106335 0.4541676 0.4358755 0.4926826 0.3748863 0.4724333 0.6427084 0.4459536 0.4271961 0.4260650 0.4428920 0.3941207 0.3893417 
Nakaseomyces_bracarensis                    0.1272385 0.4758867 0.3688057 0.3691652 0.0000000 0.3725750 0.0984245 0.0621343 0.3729567 0.4078777 0.8492795 0.3027220 0.3136949 0.3112225 0.3120854 0.2933468 0.3070460 0.3087729 0.4557000 0.3925782 0.3224086 0.4315563 0.4442922 0.4306372 0.3894255 0.4409939 0.4005480 0.3926256 0.4360443 0.4138277 0.5145450 0.4292758 0.4069905 0.6532149 0.4064409 0.4326055 0.4054847 0.3887619 0.3824183 0.4915374 
Nakaseomyces_castellii                      0.3944574 0.4961895 0.4662708 0.4018593 0.3725750 0.0000000 0.3830976 0.3726724 0.4281590 0.4794740 0.8539278 0.4150545 0.3984900 0.4311269 0.4129625 0.4244598 0.3994529 0.4143868 0.4931010 0.4152351 0.3386349 0.4694705 0.4428232 0.4806398 0.4338578 0.4373696 0.4675804 0.4598906 0.4323548 0.4617793 0.4947215 0.5152169 0.4346219 0.6294409 0.4216527 0.4893386 0.3718538 0.3957222 0.3850022 0.4852039 
Nakaseomyces_delphensis                     0.1515923 0.4293015 0.3595614 0.4224865 0.0984245 0.3830976 0.0000000 0.0761932 0.3581122 0.4307173 0.9360915 0.3068383 0.3155990 0.3251609 0.3218201 0.3026840 0.3052886 0.3210593 0.4642001 0.4214281 0.3293955 0.4638316 0.4182660 0.4836603 0.3665171 0.4461403 0.3948885 0.4678799 0.4527874 0.4108807 0.4917257 0.4517816 0.3961967 0.6450599 0.4049552 0.4193302 0.4223147 0.3992813 0.4280868 0.5018028 
Nakaseomyces_nivariensis                    0.1288052 0.4491193 0.3377170 0.3633243 0.0621343 0.3726724 0.0761932 0.0000000 0.3684852 0.4299759 0.9310537 0.2975597 0.3089282 0.3024693 0.3086143 0.2820264 0.2983020 0.3034716 0.4468725 0.4105698 0.3046092 0.4219533 0.4113596 0.4165195 0.3721638 0.4313713 0.3921239 0.4331085 0.4498360 0.3859688 0.5049514 0.4058412 0.3927242 0.6258918 0.3967017 0.3977787 0.4023815 0.3610218 0.4021656 0.5109757 
Naumovozyma_castellii                       0.3604720 0.3791961 0.3154965 0.4260117 0.3729567 0.4281590 0.3581122 0.3684852 0.0000000 0.2210297 0.8630924 0.2895566 0.2773566 0.2886956 0.2881832 0.2997829 0.2583189 0.2966539 0.3918943 0.3899899 0.2435670 0.3820471 0.3228779 0.4433614 0.2557885 0.3531876 0.3015896 0.2990807 0.3998807 0.3104115 0.3989599 0.3709709 0.2939428 0.5342286 0.2923525 0.3115875 0.3885612 0.3723905 0.3283458 0.5102297 
Naumovozyma_dairenensis                     0.4044166 0.4490587 0.3530698 0.4630428 0.4078777 0.4794740 0.4307173 0.4299759 0.2210297 0.0000000 0.8822285 0.2798888 0.2904969 0.3106944 0.2862626 0.3186145 0.2784135 0.2998036 0.4006400 0.4077045 0.2654489 0.3306677 0.3637676 0.4078415 0.3265296 0.3426414 0.3261137 0.3098958 0.4577132 0.3244494 0.3984905 0.4003943 0.3464292 0.5966149 0.3434342 0.3270854 0.4109774 0.4072938 0.3780582 0.4697181 
Neurospora_crassa                           0.8467617 0.9623849 0.8609716 0.9665740 0.8492795 0.8539278 0.9360915 0.9310537 0.8630924 0.8822285 0.0000000 0.8163293 0.8445920 0.7832426 0.8356770 0.8678240 0.8220613 0.7796930 0.9574447 1.0047603 0.9537858 0.8750053 0.9067144 0.7522341 0.8675578 0.9082658 0.7965205 0.8329524 0.8985761 0.8725993 0.8138151 0.8194364 0.8850808 1.1022995 0.8428695 0.8710047 0.9842114 1.0462428 0.9317312 1.0466190 
Saccharomyces_arboricola                    0.2806614 0.3826636 0.3193849 0.3125521 0.3027220 0.4150545 0.3068383 0.2975597 0.2895566 0.2798888 0.8163293 0.0000000 0.0790423 0.0617063 0.0442970 0.0772449 0.0683335 0.0613128 0.3556173 0.3496118 0.2241995 0.3042959 0.2911113 0.3765175 0.2782607 0.3092584 0.2490940 0.3029986 0.3656636 0.2946796 0.3565832 0.3856213 0.2785241 0.5032635 0.2887769 0.3068243 0.3578561 0.3292781 0.3191448 0.4296137 
Saccharomyces_cerevisiae                    0.2732050 0.3671414 0.2983149 0.3079752 0.3136949 0.3984900 0.3155990 0.3089282 0.2773566 0.2904969 0.8445920 0.0790423 0.0000000 0.0825930 0.0657573 0.0734663 0.0231593 0.0820328 0.3828580 0.3361354 0.2085295 0.3197638 0.2792204 0.3643281 0.2536251 0.2817521 0.2738243 0.3005483 0.3809548 0.2710600 0.3606206 0.4291209 0.2467515 0.4296344 0.2461413 0.2822167 0.3590969 0.3810790 0.3421077 0.4205917 
Saccharomyces_eubayanus                     0.2944763 0.3852092 0.2965013 0.3422361 0.3112225 0.4311269 0.3251609 0.3024693 0.2886956 0.3106944 0.7832426 0.0617063 0.0825930 0.0000000 0.0605748 0.0777705 0.0710671 0.0230329 0.3686927 0.3209422 0.2387879 0.3110787 0.2938650 0.3592547 0.2792987 0.3083610 0.2480202 0.3198180 0.3961018 0.3059290 0.3730357 0.4033470 0.2666533 0.4695008 0.2838202 0.3050913 0.3595892 0.3351419 0.3247728 0.4379780 
Saccharomyces_kudriavzevii                  0.2883505 0.4033120 0.3092331 0.2992105 0.3120854 0.4129625 0.3218201 0.3086143 0.2881832 0.2862626 0.8356770 0.0442970 0.0657573 0.0605748 0.0000000 0.0528970 0.0479769 0.0518575 0.3646653 0.3630575 0.2353765 0.3229526 0.2990937 0.3899720 0.2756919 0.3013472 0.2445295 0.3008823 0.3900491 0.3079955 0.3767022 0.4027475 0.2617682 0.4571481 0.2792485 0.3086318 0.3547953 0.3558274 0.3439827 0.4054177 
Saccharomyces_mikatae                       0.2810980 0.3919134 0.2930103 0.3171098 0.2933468 0.4244598 0.3026840 0.2820264 0.2997829 0.3186145 0.8678240 0.0772449 0.0734663 0.0777705 0.0528970 0.0000000 0.0607130 0.0710721 0.3770281 0.3382050 0.2272308 0.3234304 0.2776010 0.3746870 0.2727753 0.3015978 0.2685792 0.3234260 0.3835438 0.2808527 0.3695726 0.4115626 0.2471130 0.4390899 0.2738980 0.2944594 0.3710652 0.3623529 0.3565171 0.4479305 
Saccharomyces_paradoxus                     0.2753175 0.3543678 0.2860007 0.3142680 0.3070460 0.3994529 0.3052886 0.2983020 0.2583189 0.2784135 0.8220613 0.0683335 0.0231593 0.0710671 0.0479769 0.0607130 0.0000000 0.0619478 0.3534596 0.3403720 0.1971870 0.3027915 0.2672724 0.3677117 0.2449707 0.2638104 0.2448844 0.2784474 0.3893200 0.2843673 0.3562378 0.3946259 0.2355646 0.4554889 0.2497917 0.2787289 0.3521494 0.3566402 0.3238218 0.4080760 
Saccharomyces_uvarum                        0.2849314 0.3757806 0.2947403 0.3272814 0.3087729 0.4143868 0.3210593 0.3034716 0.2966539 0.2998036 0.7796930 0.0613128 0.0820328 0.0230329 0.0518575 0.0710721 0.0619478 0.0000000 0.3552321 0.3327318 0.2259458 0.3014600 0.2928703 0.3500085 0.2822322 0.2916932 0.2401110 0.2989840 0.3617317 0.3031939 0.3703025 0.3772375 0.2641007 0.4448307 0.2813771 0.3072700 0.3538831 0.3425918 0.3281198 0.4143197 
Tetrapisispora_blattae                      0.4142666 0.4477898 0.3819746 0.4361775 0.4557000 0.4931010 0.4642001 0.4468725 0.3918943 0.4006400 0.9574447 0.3556173 0.3828580 0.3686927 0.3646653 0.3770281 0.3534596 0.3552321 0.0000000 0.4454887 0.3460710 0.4199267 0.4028657 0.4353566 0.3848265 0.4107967 0.3632753 0.3636399 0.4586388 0.3929869 0.4257915 0.4528175 0.3840121 0.5691057 0.3865068 0.3688162 0.4806989 0.4257516 0.4542075 0.4134071 
Tetrapisispora_phaffii                      0.3385952 0.3843108 0.3794340 0.4359548 0.3925782 0.4152351 0.4214281 0.4105698 0.3899899 0.4077045 1.0047603 0.3496118 0.3361354 0.3209422 0.3630575 0.3382050 0.3403720 0.3327318 0.4454887 0.0000000 0.3234124 0.4267024 0.4075807 0.4241430 0.4189395 0.4641894 0.4098490 0.3741790 0.4081995 0.3453154 0.3365129 0.4627542 0.4143280 0.6827023 0.4032579 0.3458308 0.1428843 0.1936254 0.1463785 0.4587479 
Vanderwaltozyma_polyspora                   0.2927549 0.3989075 0.2933117 0.3683732 0.3224086 0.3386349 0.3293955 0.3046092 0.2435670 0.2654489 0.9537858 0.2241995 0.2085295 0.2387879 0.2353765 0.2272308 0.1971870 0.2259458 0.3460710 0.3234124 0.0000000 0.3143146 0.3049911 0.3818049 0.2787481 0.3084840 0.2852667 0.3198911 0.3493153 0.2817867 0.4063279 0.3798454 0.2825981 0.5072316 0.2949915 0.2726365 0.3192147 0.3182291 0.3084868 0.3329710 
yHAB132_Kazachstania_martiniae              0.4139383 0.3463886 0.2834513 0.4548435 0.4315563 0.4694705 0.4638316 0.4219533 0.3820471 0.3306677 0.8750053 0.3042959 0.3197638 0.3110787 0.3229526 0.3234304 0.3027915 0.3014600 0.4199267 0.4267024 0.3143146 0.0000000 0.2901670 0.3646499 0.2451248 0.2901034 0.2466273 0.3721393 0.3987780 0.2943947 0.3284576 0.3563023 0.2898855 0.4667312 0.2847024 0.2747819 0.4168734 0.4071772 0.4129707 0.4474412 
yHAB133_Kazachstania_unispora               0.4011356 0.3751797 0.2177755 0.5016372 0.4442922 0.4428232 0.4182660 0.4113596 0.3228779 0.3637676 0.9067144 0.2911113 0.2792204 0.2938650 0.2990937 0.2776010 0.2672724 0.2928703 0.4028657 0.4075807 0.3049911 0.2901670 0.0000000 0.3416584 0.1688372 0.1176352 0.2323159 0.2650513 0.3766920 0.2284578 0.4087214 0.3764629 0.0876229 0.4915047 0.0974484 0.1764807 0.3812416 0.4149191 0.3959956 0.3896729 
yHAB134_Kazachstania_turicensis             0.4285967 0.3300021 0.3819597 0.3841706 0.4306372 0.4806398 0.4836603 0.4165195 0.4433614 0.4078415 0.7522341 0.3765175 0.3643281 0.3592547 0.3899720 0.3746870 0.3677117 0.3500085 0.4353566 0.4241430 0.3818049 0.3646499 0.3416584 0.0000000 0.3517785 0.3456874 0.3469375 0.3720339 0.3445830 0.3296004 0.2928419 0.3380996 0.3487961 0.4781585 0.3422835 0.3158390 0.4036134 0.4153567 0.4046695 0.4173787 
yHAB136_Kazachstania_bromeliacearum         0.3871739 0.3361435 0.1726812 0.4275518 0.3894255 0.4338578 0.3665171 0.3721638 0.2557885 0.3265296 0.8675578 0.2782607 0.2536251 0.2792987 0.2756919 0.2727753 0.2449707 0.2822322 0.3848265 0.4189395 0.2787481 0.2451248 0.1688372 0.3517785 0.0000000 0.1631886 0.1677096 0.2830544 0.3440211 0.2400243 0.3569811 0.3023514 0.1344391 0.4720684 0.1549104 0.1992326 0.3916822 0.3739395 0.3774400 0.3911769 
yHAB143_Kazachstania_siamensis              0.4110849 0.3464485 0.2206176 0.4580002 0.4409939 0.4373696 0.4461403 0.4313713 0.3531876 0.3426414 0.9082658 0.3092584 0.2817521 0.3083610 0.3013472 0.3015978 0.2638104 0.2916932 0.4107967 0.4641894 0.3084840 0.2901034 0.1176352 0.3456874 0.1631886 0.0000000 0.2428062 0.2928405 0.3654460 0.2482980 0.4018639 0.3528848 0.0968837 0.5191395 0.1128088 0.2157473 0.4256438 0.4162691 0.4449636 0.3757140 
yHAB147_Kazachstania_taianensis             0.3392966 0.3380413 0.2167090 0.3741312 0.4005480 0.4675804 0.3948885 0.3921239 0.3015896 0.3261137 0.7965205 0.2490940 0.2738243 0.2480202 0.2445295 0.2685792 0.2448844 0.2401110 0.3632753 0.4098490 0.2852667 0.2466273 0.2323159 0.3469375 0.1677096 0.2428062 0.0000000 0.3183260 0.3706842 0.2456485 0.4038754 0.3469144 0.2310142 0.4923448 0.2415029 0.2459840 0.3969911 0.3750033 0.3930473 0.4002022 
yHAB148_Kazachstania_intestinalis           0.3812788 0.4399265 0.3116685 0.4106335 0.3926256 0.4598906 0.4678799 0.4331085 0.2990807 0.3098958 0.8329524 0.3029986 0.3005483 0.3198180 0.3008823 0.3234260 0.2784474 0.2989840 0.3636399 0.3741790 0.3198911 0.3721393 0.2650513 0.3720339 0.2830544 0.2928405 0.3183260 0.0000000 0.3728637 0.3054279 0.4177279 0.3794717 0.2544839 0.5209748 0.2417647 0.2714967 0.3878832 0.3952063 0.3691257 0.4161819 
yHAB153_Kazachstania_rosinii                0.4360000 0.3295391 0.3910109 0.4541676 0.4360443 0.4323548 0.4527874 0.4498360 0.3998807 0.4577132 0.8985761 0.3656636 0.3809548 0.3961018 0.3900491 0.3835438 0.3893200 0.3617317 0.4586388 0.4081995 0.3493153 0.3987780 0.3766920 0.3445830 0.3440211 0.3654460 0.3706842 0.3728637 0.0000000 0.3982960 0.2612455 0.3406032 0.3481181 0.4995638 0.3398647 0.4106935 0.3742750 0.4264289 0.3716191 0.4663993 
yHAB154_Kazachstania_transvaalensis         0.3818927 0.3427215 0.2308608 0.4358755 0.4138277 0.4617793 0.4108807 0.3859688 0.3104115 0.3244494 0.8725993 0.2946796 0.2710600 0.3059290 0.3079955 0.2808527 0.2843673 0.3031939 0.3929869 0.3453154 0.2817867 0.2943947 0.2284578 0.3296004 0.2400243 0.2482980 0.2456485 0.3054279 0.3982960 0.0000000 0.3806422 0.3771469 0.2184390 0.4697886 0.2206833 0.0918196 0.3505341 0.3755697 0.3515047 0.3949446 
yHAB155_Kazachstania_spencerorum            0.4861428 0.3124780 0.4234243 0.4926826 0.5145450 0.4947215 0.4917257 0.5049514 0.3989599 0.3984905 0.8138151 0.3565832 0.3606206 0.3730357 0.3767022 0.3695726 0.3562378 0.3703025 0.4257915 0.3365129 0.4063279 0.3284576 0.4087214 0.2928419 0.3569811 0.4018639 0.4038754 0.4177279 0.2612455 0.3806422 0.0000000 0.3566866 0.4073127 0.4829561 0.4102738 0.3251368 0.3239976 0.4226417 0.3019077 0.4587747 
yHAB158_Kazachstania_viticola               0.4276691 0.2530548 0.3452181 0.3748863 0.4292758 0.5152169 0.4517816 0.4058412 0.3709709 0.4003943 0.8194364 0.3856213 0.4291209 0.4033470 0.4027475 0.4115626 0.3946259 0.3772375 0.4528175 0.4627542 0.3798454 0.3563023 0.3764629 0.3380996 0.3023514 0.3528848 0.3469144 0.3794717 0.3406032 0.3771469 0.3566866 0.0000000 0.3479262 0.5243201 0.3349542 0.3860514 0.4389821 0.4371576 0.4122657 0.4590960 
yHAB159_Kazachstania_solicola               0.3700015 0.3809784 0.1970947 0.4724333 0.4069905 0.4346219 0.3961967 0.3927242 0.2939428 0.3464292 0.8850808 0.2785241 0.2467515 0.2666533 0.2617682 0.2471130 0.2355646 0.2641007 0.3840121 0.4143280 0.2825981 0.2898855 0.0876229 0.3487961 0.1344391 0.0968837 0.2310142 0.2544839 0.3481181 0.2184390 0.4073127 0.3479262 0.0000000 0.4812220 0.0273258 0.1855551 0.4221415 0.3997227 0.4198365 0.3768552 
yHAB160_Kazachstania_kunashirensis          0.6406657 0.4990983 0.4695805 0.6427084 0.6532149 0.6294409 0.6450599 0.6258918 0.5342286 0.5966149 1.1022995 0.5032635 0.4296344 0.4695008 0.4571481 0.4390899 0.4554889 0.4448307 0.5691057 0.6827023 0.5072316 0.4667312 0.4915047 0.4781585 0.4720684 0.5191395 0.4923448 0.5209748 0.4995638 0.4697886 0.4829561 0.5243201 0.4812220 0.0000000 0.4927519 0.4859971 0.6448734 0.7076684 0.6444382 0.6525370 
yHAB164_Kazachstania_aerobia                0.3724598 0.3891875 0.2230069 0.4459536 0.4064409 0.4216527 0.4049552 0.3967017 0.2923525 0.3434342 0.8428695 0.2887769 0.2461413 0.2838202 0.2792485 0.2738980 0.2497917 0.2813771 0.3865068 0.4032579 0.2949915 0.2847024 0.0974484 0.3422835 0.1549104 0.1128088 0.2415029 0.2417647 0.3398647 0.2206833 0.4102738 0.3349542 0.0273258 0.4927519 0.0000000 0.1840209 0.4155424 0.3934900 0.4229863 0.3873616 
yHAB166_Kazachstania_yakushimaensis         0.3661087 0.3583081 0.1976143 0.4271961 0.4326055 0.4893386 0.4193302 0.3977787 0.3115875 0.3270854 0.8710047 0.3068243 0.2822167 0.3050913 0.3086318 0.2944594 0.2787289 0.3072700 0.3688162 0.3458308 0.2726365 0.2747819 0.1764807 0.3158390 0.1992326 0.2157473 0.2459840 0.2714967 0.4106935 0.0918196 0.3251368 0.3860514 0.1855551 0.4859971 0.1840209 0.0000000 0.3579559 0.3680307 0.3661052 0.3698533 
yHMPu5000034875_Tetrapisispora_fleetii      0.3387164 0.3500470 0.3894010 0.4260650 0.4054847 0.3718538 0.4223147 0.4023815 0.3885612 0.4109774 0.9842114 0.3578561 0.3590969 0.3595892 0.3547953 0.3710652 0.3521494 0.3538831 0.4806989 0.1428843 0.3192147 0.4168734 0.3812416 0.4036134 0.3916822 0.4256438 0.3969911 0.3878832 0.3742750 0.3505341 0.3239976 0.4389821 0.4221415 0.6448734 0.4155424 0.3579559 0.0000000 0.2239226 0.0645482 0.4066048 
yHMPu5000034876_Tetrapisispora_iriomotensis 0.3575542 0.3799035 0.3879724 0.4428920 0.3887619 0.3957222 0.3992813 0.3610218 0.3723905 0.4072938 1.0462428 0.3292781 0.3810790 0.3351419 0.3558274 0.3623529 0.3566402 0.3425918 0.4257516 0.1936254 0.3182291 0.4071772 0.4149191 0.4153567 0.3739395 0.4162691 0.3750033 0.3952063 0.4264289 0.3755697 0.4226417 0.4371576 0.3997227 0.7076684 0.3934900 0.3680307 0.2239226 0.0000000 0.2313043 0.4263748 
yHMPu5000034877_Tetrapisispora_namnaonensis 0.3466658 0.3602240 0.3922189 0.3941207 0.3824183 0.3850022 0.4280868 0.4021656 0.3283458 0.3780582 0.9317312 0.3191448 0.3421077 0.3247728 0.3439827 0.3565171 0.3238218 0.3281198 0.4542075 0.1463785 0.3084868 0.4129707 0.3959956 0.4046695 0.3774400 0.4449636 0.3930473 0.3691257 0.3716191 0.3515047 0.3019077 0.4122657 0.4198365 0.6444382 0.4229863 0.3661052 0.0645482 0.2313043 0.0000000 0.3891816 
yHMPu5000035629_Yueomyces_sinensis          0.4277564 0.4820515 0.4101355 0.3893417 0.4915374 0.4852039 0.5018028 0.5109757 0.5102297 0.4697181 1.0466190 0.4296137 0.4205917 0.4379780 0.4054177 0.4479305 0.4080760 0.4143197 0.4134071 0.4587479 0.3329710 0.4474412 0.3896729 0.4173787 0.3911769 0.3757140 0.4002022 0.4161819 0.4663993 0.3949446 0.4587747 0.4590960 0.3768552 0.6525370 0.3873616 0.3698533 0.4066048 0.4263748 0.3891816 0.0000000 
