40
Candida_glabrata                            0.0000000 0.5793712 0.5707173 0.4553456 0.2196129 0.4511349 0.2311657 0.1859993 0.5353226 0.6918961 0.9410777 0.4542519 0.4297065 0.4369482 0.4607135 0.4478738 0.4414494 0.4352909 0.5437974 0.4761370 0.4522600 0.4622778 0.5022652 0.4819435 0.4888055 0.5163450 0.7503134 0.6311199 0.4591971 0.7877097 0.4962759 0.4652247 0.5168746 0.4815577 0.5027552 0.5868709 0.4890778 0.4704079 0.4931720 0.5792995 
Kazachstania_africana                       0.5793712 0.0000000 0.5329183 0.5683640 0.6134086 0.5673494 0.6428026 0.6056555 0.6096648 0.7012372 1.0060263 0.5658234 0.5473961 0.5833396 0.5773226 0.5998459 0.5677462 0.5805541 0.7196083 0.5232119 0.5680607 0.4885153 0.5286897 0.5349460 0.5157420 0.5331513 0.8652601 0.6344660 0.4872718 0.7214736 0.5175729 0.5113795 0.5460054 0.5333510 0.5598965 0.6418098 0.5217709 0.5068538 0.5261452 0.7128994 
Kazachstania_naganishii                     0.5707173 0.5329183 0.0000000 0.5295781 0.5393906 0.5001044 0.5667021 0.5197577 0.5426103 0.7064028 0.9577166 0.5024704 0.5010189 0.5039399 0.5066128 0.5603124 0.5161060 0.4922131 0.6557736 0.5146666 0.5330572 0.4096263 0.3883274 0.5058595 0.3876985 0.4428690 0.7565210 0.5990011 0.4930844 0.5827071 0.4592330 0.4799475 0.3903337 0.5344288 0.4138390 0.4836364 0.5700542 0.4921984 0.5332555 0.6874539 
Nakaseomyces_bacillisporus                  0.4553456 0.5683640 0.5295781 0.0000000 0.4402842 0.3798766 0.4637360 0.4315587 0.5995497 0.7264583 0.9372639 0.4273926 0.4309008 0.4226359 0.4407858 0.4775316 0.4399361 0.4191416 0.5616851 0.4327398 0.3756797 0.4718876 0.5169818 0.4612566 0.4551251 0.4984347 0.8168109 0.6473311 0.5134000 0.6415012 0.4959223 0.4365742 0.5154016 0.4834751 0.5188652 0.5863855 0.4608850 0.4132038 0.4607781 0.6438062 
Nakaseomyces_bracarensis                    0.2196129 0.6134086 0.5393906 0.4402842 0.0000000 0.4491358 0.1437861 0.0928139 0.5251204 0.7155571 0.9317541 0.4066743 0.3972201 0.4028703 0.4101249 0.4510543 0.4151432 0.3944027 0.5207325 0.4548659 0.4627693 0.4522693 0.5257960 0.4658621 0.5105763 0.5386780 0.7129340 0.6187178 0.4243685 0.7829126 0.4457849 0.4365828 0.5448369 0.4806389 0.5352364 0.5864216 0.4954501 0.4883020 0.4869136 0.5871179 
Nakaseomyces_castellii                      0.4511349 0.5673494 0.5001044 0.3798766 0.4491358 0.0000000 0.4409995 0.4167283 0.5658862 0.6861408 0.9204514 0.4846772 0.4756092 0.4884537 0.5023358 0.5231771 0.4873445 0.4941238 0.6195013 0.4628703 0.4814934 0.5104872 0.5290105 0.5346589 0.5238587 0.5339255 0.7995814 0.6182449 0.5629457 0.6394721 0.5467572 0.4931179 0.5545544 0.6268401 0.5194727 0.4963080 0.4702864 0.4260232 0.4754307 0.6203729 
Nakaseomyces_delphensis                     0.2311657 0.6428026 0.5667021 0.4637360 0.1437861 0.4409995 0.0000000 0.1130803 0.5597287 0.7506446 0.9810710 0.3819264 0.4027631 0.3930984 0.3953065 0.4325735 0.4030671 0.3976156 0.5298531 0.4975447 0.4829489 0.4794293 0.5369801 0.4550253 0.5151866 0.5439452 0.7329057 0.6676370 0.4997167 0.8082539 0.4843482 0.4484382 0.5426480 0.4902674 0.5266092 0.6323031 0.5275931 0.5126358 0.5161165 0.6257380 
Nakaseomyces_nivariensis                    0.1859993 0.6056555 0.5197577 0.4315587 0.0928139 0.4167283 0.1130803 0.0000000 0.5101708 0.6993938 0.9792085 0.4177620 0.4042988 0.3967904 0.4309434 0.4436119 0.4154438 0.4008206 0.5256357 0.4418322 0.4783553 0.4803171 0.5089105 0.4529673 0.5071337 0.5043544 0.7050909 0.6219902 0.4930096 0.7896252 0.4506677 0.4291848 0.5114798 0.4985156 0.4985167 0.5913249 0.4881396 0.4862868 0.4742720 0.5688808 
Naumovozyma_castellii                       0.5353226 0.6096648 0.5426103 0.5995497 0.5251204 0.5658862 0.5597287 0.5101708 0.0000000 0.5354443 0.9344516 0.5387003 0.5343331 0.5222505 0.5162053 0.5700585 0.5581678 0.5150781 0.6402183 0.5593223 0.5551029 0.5308747 0.5043772 0.5325065 0.5514840 0.5320884 0.8191077 0.6915655 0.5038091 0.7423722 0.5847688 0.6110018 0.5071765 0.5595204 0.4856624 0.5953500 0.5793498 0.5271790 0.5281866 0.6556090 
Naumovozyma_dairenensis                     0.6918961 0.7012372 0.7064028 0.7264583 0.7155571 0.6861408 0.7506446 0.6993938 0.5354443 0.0000000 1.0060782 0.6676327 0.6598369 0.6529354 0.6555812 0.6814210 0.6805702 0.6527957 0.7371009 0.6947925 0.6475681 0.6237496 0.6328584 0.5842440 0.7058630 0.6334393 0.8487872 0.7206498 0.6281251 0.7492787 0.6859857 0.6525152 0.6429526 0.6456210 0.5983839 0.6341744 0.7284976 0.6662744 0.7403602 0.8584617 
Neurospora_crassa                           0.9410777 1.0060263 0.9577166 0.9372639 0.9317541 0.9204514 0.9810710 0.9792085 0.9344516 1.0060782 0.0000000 0.8926867 0.8647534 0.8870331 0.8896234 0.9271808 0.8597840 0.8823467 1.1334203 0.9344796 0.8698106 0.9530668 0.9248278 0.8694270 0.8924303 0.9214550 1.0800276 0.8565372 0.9273175 0.9926177 0.9338106 0.9560504 0.9636011 0.9032502 0.9218801 1.0203442 0.9332494 0.8910393 0.9581916 1.1255525 
Saccharomyces_arboricola                    0.4542519 0.5658234 0.5024704 0.4273926 0.4066743 0.4846772 0.3819264 0.4177620 0.5387003 0.6676327 0.8926867 0.0000000 0.1047155 0.1013975 0.0922017 0.1438813 0.0978200 0.1011994 0.5409964 0.4228595 0.4021621 0.4634308 0.4946145 0.4783878 0.4630973 0.5103618 0.8097892 0.5668416 0.4639831 0.6160139 0.4876287 0.4419689 0.4826988 0.4930703 0.4875093 0.5506306 0.4980119 0.4087812 0.4585330 0.5648683 
Saccharomyces_cerevisiae                    0.4297065 0.5473961 0.5010189 0.4309008 0.3972201 0.4756092 0.4027631 0.4042988 0.5343331 0.6598369 0.8647534 0.1047155 0.0000000 0.1305919 0.1034378 0.1021575 0.0383231 0.1328891 0.5334561 0.4368062 0.4264840 0.4609829 0.4938914 0.5115912 0.4641558 0.5211346 0.7913300 0.5414306 0.4864502 0.6577905 0.4767457 0.4342881 0.4992021 0.5281039 0.5021563 0.5393662 0.4828911 0.4149638 0.4584411 0.5573995 
Saccharomyces_eubayanus                     0.4369482 0.5833396 0.5039399 0.4226359 0.4028703 0.4884537 0.3930984 0.3967904 0.5222505 0.6529354 0.8870331 0.1013975 0.1305919 0.0000000 0.1106291 0.1379154 0.1170240 0.0492173 0.5568616 0.4331620 0.4021352 0.4855086 0.4907974 0.5140771 0.4686539 0.5001363 0.8204200 0.5561111 0.4825875 0.6258515 0.5116525 0.4485874 0.5032887 0.5228944 0.4862129 0.5305366 0.4877708 0.4094419 0.4466094 0.5561100 
Saccharomyces_kudriavzevii                  0.4607135 0.5773226 0.5066128 0.4407858 0.4101249 0.5023358 0.3953065 0.4309434 0.5162053 0.6555812 0.8896234 0.0922017 0.1034378 0.1106291 0.0000000 0.1481964 0.0954978 0.1099000 0.5391711 0.4661431 0.4417216 0.4754666 0.5114195 0.5055664 0.4710725 0.4977843 0.8188946 0.5705720 0.4865287 0.6095542 0.5037305 0.4301387 0.5072362 0.5094234 0.5099253 0.5122229 0.5119856 0.4464350 0.4829161 0.5578046 
Saccharomyces_mikatae                       0.4478738 0.5998459 0.5603124 0.4775316 0.4510543 0.5231771 0.4325735 0.4436119 0.5700585 0.6814210 0.9271808 0.1438813 0.1021575 0.1379154 0.1481964 0.0000000 0.1018090 0.1345990 0.5517328 0.4515896 0.4381298 0.5026387 0.5404124 0.5458490 0.4917210 0.5742348 0.8031983 0.6169966 0.5236397 0.6891694 0.5522367 0.4843171 0.5465910 0.5680962 0.5030174 0.5683378 0.4972536 0.4302958 0.4839627 0.5733776 
Saccharomyces_paradoxus                     0.4414494 0.5677462 0.5161060 0.4399361 0.4151432 0.4873445 0.4030671 0.4154438 0.5581678 0.6805702 0.8597840 0.0978200 0.0383231 0.1170240 0.0954978 0.1018090 0.0000000 0.1209834 0.5273015 0.4380388 0.4271733 0.4708907 0.4973026 0.5194536 0.4704622 0.5307124 0.8043266 0.5467205 0.4858887 0.6536406 0.4704423 0.4404624 0.4969727 0.5254209 0.5018063 0.5495180 0.4890103 0.4119105 0.4588240 0.5787258 
Saccharomyces_uvarum                        0.4352909 0.5805541 0.4922131 0.4191416 0.3944027 0.4941238 0.3976156 0.4008206 0.5150781 0.6527957 0.8823467 0.1011994 0.1328891 0.0492173 0.1099000 0.1345990 0.1209834 0.0000000 0.5246902 0.4593755 0.4221286 0.4771097 0.5068584 0.5104528 0.4464811 0.5114849 0.7967850 0.5677185 0.4873018 0.6340112 0.5145304 0.4550746 0.5161111 0.5167405 0.5025977 0.5053792 0.5043137 0.4343776 0.4717818 0.5566065 
Tetrapisispora_blattae                      0.5437974 0.7196083 0.6557736 0.5616851 0.5207325 0.6195013 0.5298531 0.5256357 0.6402183 0.7371009 1.1334203 0.5409964 0.5334561 0.5568616 0.5391711 0.5517328 0.5273015 0.5246902 0.0000000 0.5186498 0.4790172 0.5207409 0.5803011 0.6153129 0.6009825 0.6451585 0.9672422 0.6816080 0.5917799 0.8004642 0.6585535 0.5437839 0.5842115 0.6347778 0.6003381 0.6884057 0.5591488 0.4958433 0.5296688 0.4767178 
Tetrapisispora_phaffii                      0.4761370 0.5232119 0.5146666 0.4327398 0.4548659 0.4628703 0.4975447 0.4418322 0.5593223 0.6947925 0.9344796 0.4228595 0.4368062 0.4331620 0.4661431 0.4515896 0.4380388 0.4593755 0.5186498 0.0000000 0.3322992 0.4828617 0.4940053 0.4933859 0.4761681 0.5328219 0.7922974 0.6251904 0.5536896 0.6632420 0.4985552 0.4637730 0.5075337 0.5042508 0.4805180 0.5551823 0.2070802 0.2074774 0.1893513 0.4910215 
Vanderwaltozyma_polyspora                   0.4522600 0.5680607 0.5330572 0.3756797 0.4627693 0.4814934 0.4829489 0.4783553 0.5551029 0.6475681 0.8698106 0.4021621 0.4264840 0.4021352 0.4417216 0.4381298 0.4271733 0.4221286 0.4790172 0.3322992 0.0000000 0.4734123 0.4633763 0.4225028 0.4562464 0.5028152 0.8671457 0.6252126 0.4356937 0.6701531 0.5047888 0.4708244 0.4877006 0.4613908 0.4599176 0.6253647 0.3398833 0.3004466 0.3324459 0.5837906 
yHAB132_Kazachstania_martiniae              0.4622778 0.4885153 0.4096263 0.4718876 0.4522693 0.5104872 0.4794293 0.4803171 0.5308747 0.6237496 0.9530668 0.4634308 0.4609829 0.4855086 0.4754666 0.5026387 0.4708907 0.4771097 0.5207409 0.4828617 0.4734123 0.0000000 0.3116727 0.3686688 0.3377414 0.3557204 0.7551018 0.5301210 0.3306282 0.5948753 0.3985910 0.3706331 0.3169179 0.4194320 0.3285561 0.4986198 0.5005419 0.4574629 0.4965223 0.5489228 
yHAB133_Kazachstania_unispora               0.5022652 0.5286897 0.3883274 0.5169818 0.5257960 0.5290105 0.5369801 0.5089105 0.5043772 0.6328584 0.9248278 0.4946145 0.4938914 0.4907974 0.5114195 0.5404124 0.4973026 0.5068584 0.5803011 0.4940053 0.4633763 0.3116727 0.0000000 0.4040784 0.3840816 0.1903382 0.7393257 0.6282755 0.4083113 0.6038571 0.4406206 0.4678257 0.0606694 0.4612530 0.0624233 0.4453211 0.5395115 0.4233795 0.4940456 0.5919087 
yHAB134_Kazachstania_turicensis             0.4819435 0.5349460 0.5058595 0.4612566 0.4658621 0.5346589 0.4550253 0.4529673 0.5325065 0.5842440 0.8694270 0.4783878 0.5115912 0.5140771 0.5055664 0.5458490 0.5194536 0.5104528 0.6153129 0.4933859 0.4225028 0.3686688 0.4040784 0.0000000 0.4426764 0.4758708 0.7633121 0.6331360 0.2963566 0.6386495 0.3554851 0.4409281 0.4098506 0.2344481 0.3881587 0.5867498 0.5282916 0.4779503 0.5047491 0.6421497 
yHAB136_Kazachstania_bromeliacearum         0.4888055 0.5157420 0.3876985 0.4551251 0.5105763 0.5238587 0.5151866 0.5071337 0.5514840 0.7058630 0.8924303 0.4630973 0.4641558 0.4686539 0.4710725 0.4917210 0.4704622 0.4464811 0.6009825 0.4761681 0.4562464 0.3377414 0.3840816 0.4426764 0.0000000 0.4069683 0.7640901 0.5636821 0.4127672 0.5973099 0.4482461 0.4541281 0.3890991 0.4744860 0.3843821 0.5155975 0.4977744 0.4611387 0.4991530 0.6233950 
yHAB143_Kazachstania_siamensis              0.5163450 0.5331513 0.4428690 0.4984347 0.5386780 0.5339255 0.5439452 0.5043544 0.5320884 0.6334393 0.9214550 0.5103618 0.5211346 0.5001363 0.4977843 0.5742348 0.5307124 0.5114849 0.6451585 0.5328219 0.5028152 0.3557204 0.1903382 0.4758708 0.4069683 0.0000000 0.7804866 0.5978767 0.4755251 0.6113859 0.4578077 0.4642451 0.1981542 0.5273698 0.1984245 0.4540122 0.5755749 0.4978398 0.5697375 0.6087938 
yHAB147_Kazachstania_taianensis             0.7503134 0.8652601 0.7565210 0.8168109 0.7129340 0.7995814 0.7329057 0.7050909 0.8191077 0.8487872 1.0800276 0.8097892 0.7913300 0.8204200 0.8188946 0.8031983 0.8043266 0.7967850 0.9672422 0.7922974 0.8671457 0.7551018 0.7393257 0.7633121 0.7640901 0.7804866 0.0000000 0.8280888 0.7917715 0.8673245 0.7840183 0.8155878 0.7380605 0.8546853 0.6546473 0.6560981 0.8917056 0.8180241 0.8850461 0.9578785 
yHAB148_Kazachstania_intestinalis           0.6311199 0.6344660 0.5990011 0.6473311 0.6187178 0.6182449 0.6676370 0.6219902 0.6915655 0.7206498 0.8565372 0.5668416 0.5414306 0.5561111 0.5705720 0.6169966 0.5467205 0.5677185 0.6816080 0.6251904 0.6252126 0.5301210 0.6282755 0.6331360 0.5636821 0.5978767 0.8280888 0.0000000 0.5656897 0.7670546 0.5541164 0.6137540 0.6352511 0.6738950 0.6138358 0.6208620 0.6938077 0.6378514 0.6725289 0.7518234 
yHAB153_Kazachstania_rosinii                0.4591971 0.4872718 0.4930844 0.5134000 0.4243685 0.5629457 0.4997167 0.4930096 0.5038091 0.6281251 0.9273175 0.4639831 0.4864502 0.4825875 0.4865287 0.5236397 0.4858887 0.4873018 0.5917799 0.5536896 0.4356937 0.3306282 0.4083113 0.2963566 0.4127672 0.4755251 0.7917715 0.5656897 0.0000000 0.6855518 0.3373384 0.4277965 0.4196594 0.3019264 0.4251759 0.5346693 0.5385813 0.4991758 0.5255218 0.6234024 
yHAB154_Kazachstania_transvaalensis         0.7877097 0.7214736 0.5827071 0.6415012 0.7829126 0.6394721 0.8082539 0.7896252 0.7423722 0.7492787 0.9926177 0.6160139 0.6577905 0.6258515 0.6095542 0.6891694 0.6536406 0.6340112 0.8004642 0.6632420 0.6701531 0.5948753 0.6038571 0.6386495 0.5973099 0.6113859 0.8673245 0.7670546 0.6855518 0.0000000 0.6915981 0.6655422 0.6215041 0.6433761 0.5987751 0.2472278 0.6807466 0.6658350 0.6600738 0.8172234 
yHAB155_Kazachstania_spencerorum            0.4962759 0.5175729 0.4592330 0.4959223 0.4457849 0.5467572 0.4843482 0.4506677 0.5847688 0.6859857 0.9338106 0.4876287 0.4767457 0.5116525 0.5037305 0.5522367 0.4704423 0.5145304 0.6585535 0.4985552 0.5047888 0.3985910 0.4406206 0.3554851 0.4482461 0.4578077 0.7840183 0.5541164 0.3373384 0.6915981 0.0000000 0.4311885 0.4527450 0.4137491 0.4425968 0.5513140 0.5937271 0.4961149 0.5671834 0.6466728 
yHAB158_Kazachstania_viticola               0.4652247 0.5113795 0.4799475 0.4365742 0.4365828 0.4931179 0.4484382 0.4291848 0.6110018 0.6525152 0.9560504 0.4419689 0.4342881 0.4485874 0.4301387 0.4843171 0.4404624 0.4550746 0.5437839 0.4637730 0.4708244 0.3706331 0.4678257 0.4409281 0.4541281 0.4642451 0.8155878 0.6137540 0.4277965 0.6655422 0.4311885 0.0000000 0.4852966 0.4769076 0.4824755 0.5836133 0.4760490 0.4605358 0.4621846 0.5519184 
yHAB159_Kazachstania_solicola               0.5168746 0.5460054 0.3903337 0.5154016 0.5448369 0.5545544 0.5426480 0.5114798 0.5071765 0.6429526 0.9636011 0.4826988 0.4992021 0.5032887 0.5072362 0.5465910 0.4969727 0.5161111 0.5842115 0.5075337 0.4877006 0.3169179 0.0606694 0.4098506 0.3890991 0.1981542 0.7380605 0.6352511 0.4196594 0.6215041 0.4527450 0.4852966 0.0000000 0.4667284 0.0293367 0.4335058 0.5759274 0.4251714 0.5287351 0.5987344 
yHAB160_Kazachstania_kunashirensis          0.4815577 0.5333510 0.5344288 0.4834751 0.4806389 0.6268401 0.4902674 0.4985156 0.5595204 0.6456210 0.9032502 0.4930703 0.5281039 0.5228944 0.5094234 0.5680962 0.5254209 0.5167405 0.6347778 0.5042508 0.4613908 0.4194320 0.4612530 0.2344481 0.4744860 0.5273698 0.8546853 0.6738950 0.3019264 0.6433761 0.4137491 0.4769076 0.4667284 0.0000000 0.4512796 0.6117853 0.5094994 0.5170047 0.5028025 0.7185758 
yHAB164_Kazachstania_aerobia                0.5027552 0.5598965 0.4138390 0.5188652 0.5352364 0.5194727 0.5266092 0.4985167 0.4856624 0.5983839 0.9218801 0.4875093 0.5021563 0.4862129 0.5099253 0.5030174 0.5018063 0.5025977 0.6003381 0.4805180 0.4599176 0.3285561 0.0624233 0.3881587 0.3843821 0.1984245 0.6546473 0.6138358 0.4251759 0.5987751 0.4425968 0.4824755 0.0293367 0.4512796 0.0000000 0.4456000 0.5534675 0.4036872 0.4928037 0.5806964 
yHAB166_Kazachstania_yakushimaensis         0.5868709 0.6418098 0.4836364 0.5863855 0.5864216 0.4963080 0.6323031 0.5913249 0.5953500 0.6341744 1.0203442 0.5506306 0.5393662 0.5305366 0.5122229 0.5683378 0.5495180 0.5053792 0.6884057 0.5551823 0.6253647 0.4986198 0.4453211 0.5867498 0.5155975 0.4540122 0.6560981 0.6208620 0.5346693 0.2472278 0.5513140 0.5836133 0.4335058 0.6117853 0.4456000 0.0000000 0.5912143 0.5460963 0.5664327 0.6832992 
yHMPu5000034875_Tetrapisispora_fleetii      0.4890778 0.5217709 0.5700542 0.4608850 0.4954501 0.4702864 0.5275931 0.4881396 0.5793498 0.7284976 0.9332494 0.4980119 0.4828911 0.4877708 0.5119856 0.4972536 0.4890103 0.5043137 0.5591488 0.2070802 0.3398833 0.5005419 0.5395115 0.5282916 0.4977744 0.5755749 0.8917056 0.6938077 0.5385813 0.6807466 0.5937271 0.4760490 0.5759274 0.5094994 0.5534675 0.5912143 0.0000000 0.2553054 0.0995557 0.6270826 
yHMPu5000034876_Tetrapisispora_iriomotensis 0.4704079 0.5068538 0.4921984 0.4132038 0.4883020 0.4260232 0.5126358 0.4862868 0.5271790 0.6662744 0.8910393 0.4087812 0.4149638 0.4094419 0.4464350 0.4302958 0.4119105 0.4343776 0.4958433 0.2074774 0.3004466 0.4574629 0.4233795 0.4779503 0.4611387 0.4978398 0.8180241 0.6378514 0.4991758 0.6658350 0.4961149 0.4605358 0.4251714 0.5170047 0.4036872 0.5460963 0.2553054 0.0000000 0.2454892 0.5133927 
yHMPu5000034877_Tetrapisispora_namnaonensis 0.4931720 0.5261452 0.5332555 0.4607781 0.4869136 0.4754307 0.5161165 0.4742720 0.5281866 0.7403602 0.9581916 0.4585330 0.4584411 0.4466094 0.4829161 0.4839627 0.4588240 0.4717818 0.5296688 0.1893513 0.3324459 0.4965223 0.4940456 0.5047491 0.4991530 0.5697375 0.8850461 0.6725289 0.5255218 0.6600738 0.5671834 0.4621846 0.5287351 0.5028025 0.4928037 0.5664327 0.0995557 0.2454892 0.0000000 0.5580605 
yHMPu5000035629_Yueomyces_sinensis          0.5792995 0.7128994 0.6874539 0.6438062 0.5871179 0.6203729 0.6257380 0.5688808 0.6556090 0.8584617 1.1255525 0.5648683 0.5573995 0.5561100 0.5578046 0.5733776 0.5787258 0.5566065 0.4767178 0.4910215 0.5837906 0.5489228 0.5919087 0.6421497 0.6233950 0.6087938 0.9578785 0.7518234 0.6234024 0.8172234 0.6466728 0.5519184 0.5987344 0.7185758 0.5806964 0.6832992 0.6270826 0.5133927 0.5580605 0.0000000 
