40
Candida_glabrata                            0.0000000 0.4014953 0.4708793 0.6583847 0.1786968 0.3857725 0.2039839 0.1746034 0.2866191 0.2945359 1.5198615 0.2947191 0.2934782 0.2913816 0.3109423 0.2911601 0.3089697 0.2787105 0.3995557 0.3459456 0.3377047 0.3307905 0.4347892 0.3853889 0.3269223 0.4154804 0.3908591 0.4242945 0.3356423 0.4896276 0.4092717 0.4406852 0.3994728 0.3641670 0.3880543 0.4939429 0.3293102 0.3058517 0.3314592 0.3555843 
Kazachstania_africana                       0.4014953 0.0000000 0.5332483 0.7727245 0.3950179 0.4778458 0.4013325 0.3737196 0.3799475 0.3451667 1.5602322 0.3611247 0.3407540 0.3578422 0.3652162 0.3608123 0.3438528 0.3537317 0.4282644 0.4188751 0.3826756 0.3755066 0.4642565 0.4124044 0.3910739 0.4734434 0.4457838 0.4878536 0.3290504 0.5718455 0.4312716 0.4229116 0.4373235 0.3711384 0.4353871 0.5881772 0.4166454 0.3725452 0.4275264 0.4298740 
Kazachstania_naganishii                     0.4708793 0.5332483 0.0000000 0.8364497 0.4478124 0.5046267 0.4622473 0.4409256 0.4226571 0.4208363 1.5720941 0.4067586 0.3985270 0.3767766 0.4066095 0.3932268 0.3973721 0.3970909 0.5219846 0.4646890 0.4692465 0.4619655 0.4366896 0.4618535 0.3162977 0.4388386 0.3488055 0.4922657 0.4183311 0.5032449 0.4842672 0.4492937 0.3973465 0.4174999 0.4084787 0.4716224 0.4621614 0.4511550 0.4894246 0.4642992 
Nakaseomyces_bacillisporus                  0.6583847 0.7727245 0.8364497 0.0000000 0.6896449 0.6855923 0.6893253 0.6798780 0.7003262 0.6721396 1.8225347 0.6293564 0.6486935 0.6263697 0.6358967 0.6234289 0.6336881 0.6386721 0.7742952 0.6895704 0.7072482 0.7388151 0.7425591 0.7796100 0.6670322 0.7131154 0.7201914 0.7459582 0.7181941 0.8256700 0.8384779 0.7862266 0.6894338 0.7515390 0.6848765 0.8443327 0.7081972 0.7097797 0.7339070 0.7971747 
Nakaseomyces_bracarensis                    0.1786968 0.3950179 0.4478124 0.6896449 0.0000000 0.3625174 0.0803270 0.0675754 0.2554628 0.2647128 1.4522521 0.2620254 0.2590668 0.2591212 0.2654777 0.2514837 0.2589624 0.2684371 0.3816028 0.3303052 0.3189684 0.3310265 0.4279098 0.3811745 0.3295759 0.4337498 0.3537722 0.4511541 0.2989486 0.4653773 0.4079286 0.3701183 0.3833382 0.3483832 0.3748685 0.4735014 0.3060660 0.2888702 0.3107431 0.3582584 
Nakaseomyces_castellii                      0.3857725 0.4778458 0.5046267 0.6855923 0.3625174 0.0000000 0.3593741 0.3585747 0.3568772 0.3666786 1.5524357 0.3690677 0.3535748 0.3502076 0.3669246 0.3523573 0.3613163 0.3551514 0.4687974 0.4212934 0.3841067 0.4511626 0.4837759 0.4805693 0.3820541 0.4616436 0.4063206 0.5434637 0.3640405 0.5363464 0.4490632 0.4513833 0.4393772 0.4365213 0.4428615 0.5238082 0.4044990 0.3870282 0.4046647 0.4364945 
Nakaseomyces_delphensis                     0.2039839 0.4013325 0.4622473 0.6893253 0.0803270 0.3593741 0.0000000 0.0513398 0.2572421 0.2625043 1.4149109 0.2685950 0.2739735 0.2748907 0.2776991 0.2609679 0.2658757 0.2771209 0.3949008 0.3342412 0.3208813 0.3321899 0.4232853 0.3909816 0.3157620 0.4200374 0.3520898 0.4406612 0.3153478 0.4874551 0.3873481 0.3888907 0.3848030 0.3419708 0.3791808 0.4864712 0.3222338 0.3159726 0.3249635 0.3571504 
Nakaseomyces_nivariensis                    0.1746034 0.3737196 0.4409256 0.6798780 0.0675754 0.3585747 0.0513398 0.0000000 0.2390367 0.2556704 1.4104189 0.2604768 0.2580555 0.2575544 0.2737721 0.2537137 0.2629128 0.2612139 0.3666369 0.3162696 0.3025814 0.3172864 0.4183345 0.3798882 0.3097569 0.3994927 0.3424591 0.4192393 0.2934719 0.4636260 0.3708510 0.3543180 0.3711029 0.3322533 0.3643874 0.4508640 0.2958418 0.2932025 0.3001457 0.3352385 
Naumovozyma_castellii                       0.2866191 0.3799475 0.4226571 0.7003262 0.2554628 0.3568772 0.2572421 0.2390367 0.0000000 0.1974903 1.4805132 0.2195164 0.2207011 0.2063921 0.2229915 0.2124548 0.2158451 0.2076503 0.3655749 0.3014124 0.2668655 0.2812696 0.3811480 0.3505694 0.2587055 0.3831015 0.3255818 0.3693737 0.2926555 0.4241521 0.3417714 0.3606499 0.3479761 0.3161411 0.3453090 0.4158908 0.2847598 0.2724197 0.2897920 0.3253996 
Naumovozyma_dairenensis                     0.2945359 0.3451667 0.4208363 0.6721396 0.2647128 0.3666786 0.2625043 0.2556704 0.1974903 0.0000000 1.5582164 0.2288495 0.2311183 0.2242848 0.2340091 0.2363062 0.2327989 0.2309980 0.3558962 0.2922010 0.2790525 0.3141309 0.3847609 0.3550369 0.2684969 0.4076369 0.3373568 0.3926721 0.2993282 0.4878344 0.3842830 0.3728275 0.3606612 0.3324126 0.3537580 0.4434110 0.2955951 0.2968827 0.3051721 0.3383893 
Neurospora_crassa                           1.5198615 1.5602322 1.5720941 1.8225347 1.4522521 1.5524357 1.4149109 1.4104189 1.4805132 1.5582164 0.0000000 1.4566216 1.4840856 1.5030648 1.4525315 1.4556043 1.4435537 1.5393912 1.6464829 1.5447857 1.5528071 1.5937960 1.4800789 1.4567341 1.4292393 1.5014379 1.4172015 1.6161820 1.4756647 1.5676927 1.5110232 1.5715715 1.4407819 1.4520134 1.4520386 1.5555489 1.4871331 1.5627692 1.4893062 1.5011373 
Saccharomyces_arboricola                    0.2947191 0.3611247 0.4067586 0.6293564 0.2620254 0.3690677 0.2685950 0.2604768 0.2195164 0.2288495 1.4566216 0.0000000 0.0673031 0.0647609 0.0498782 0.0571445 0.0522326 0.0728810 0.3454785 0.2904450 0.2567807 0.2784127 0.3668288 0.3539064 0.2696379 0.3634194 0.3389235 0.3898924 0.2879691 0.4503238 0.3769501 0.3574598 0.3256374 0.3176710 0.3197421 0.4163459 0.2839619 0.2803076 0.2957803 0.3535489 
Saccharomyces_cerevisiae                    0.2934782 0.3407540 0.3985270 0.6486935 0.2590668 0.3535748 0.2739735 0.2580555 0.2207011 0.2311183 1.4840856 0.0673031 0.0000000 0.0793788 0.0646791 0.0572004 0.0408120 0.0798775 0.3489360 0.2923348 0.2451633 0.2689793 0.3498319 0.3401531 0.2700935 0.3497730 0.3252953 0.3816738 0.2720652 0.4422352 0.3708822 0.3502335 0.3259077 0.3136034 0.3243014 0.4073318 0.2871295 0.2762215 0.2942798 0.3444867 
Saccharomyces_eubayanus                     0.2913816 0.3578422 0.3767766 0.6263697 0.2591212 0.3502076 0.2748907 0.2575544 0.2063921 0.2242848 1.5030648 0.0647609 0.0793788 0.0000000 0.0700176 0.0688814 0.0717584 0.0258104 0.3545540 0.2861818 0.2484604 0.2880383 0.3688431 0.3181421 0.2615633 0.3658001 0.3220413 0.3584488 0.2807385 0.4308719 0.3667926 0.3486477 0.3410038 0.3003861 0.3338621 0.4089073 0.2963637 0.2839061 0.2943363 0.3495375 
Saccharomyces_kudriavzevii                  0.3109423 0.3652162 0.4066095 0.6358967 0.2654777 0.3669246 0.2776991 0.2737721 0.2229915 0.2340091 1.4525315 0.0498782 0.0646791 0.0700176 0.0000000 0.0603633 0.0566234 0.0760540 0.3516578 0.3055326 0.2630705 0.3047214 0.3803993 0.3299372 0.2741654 0.3867509 0.3380902 0.3919297 0.2976245 0.4577525 0.3710640 0.3479041 0.3428354 0.3141487 0.3448145 0.4340024 0.2947426 0.2968043 0.3046440 0.3590832 
Saccharomyces_mikatae                       0.2911601 0.3608123 0.3932268 0.6234289 0.2514837 0.3523573 0.2609679 0.2537137 0.2124548 0.2363062 1.4556043 0.0571445 0.0572004 0.0688814 0.0603633 0.0000000 0.0490650 0.0732249 0.3468691 0.2757604 0.2578338 0.2746442 0.3505556 0.3366415 0.2734236 0.3602654 0.3232483 0.3823684 0.2780689 0.4307539 0.3815349 0.3513133 0.3224602 0.3059921 0.3174315 0.3987720 0.2748948 0.2685125 0.2778581 0.3495111 
Saccharomyces_paradoxus                     0.3089697 0.3438528 0.3973721 0.6336881 0.2589624 0.3613163 0.2658757 0.2629128 0.2158451 0.2327989 1.4435537 0.0522326 0.0408120 0.0717584 0.0566234 0.0490650 0.0000000 0.0721245 0.3376856 0.2815823 0.2529114 0.2706327 0.3581517 0.3302291 0.2736938 0.3628101 0.3262481 0.3901498 0.2760148 0.4296771 0.3714729 0.3359209 0.3287255 0.3077341 0.3277107 0.4111771 0.2820137 0.2756386 0.2937874 0.3551598 
Saccharomyces_uvarum                        0.2787105 0.3537317 0.3970909 0.6386721 0.2684371 0.3551514 0.2771209 0.2612139 0.2076503 0.2309980 1.5393912 0.0728810 0.0798775 0.0258104 0.0760540 0.0732249 0.0721245 0.0000000 0.3549386 0.2942105 0.2499501 0.2868822 0.3753469 0.3281849 0.2694608 0.3781135 0.3325816 0.3844531 0.2820850 0.4304583 0.3751328 0.3480122 0.3362672 0.3006736 0.3329364 0.4134212 0.2995615 0.2857518 0.3047497 0.3468556 
Tetrapisispora_blattae                      0.3995557 0.4282644 0.5219846 0.7742952 0.3816028 0.4687974 0.3949008 0.3666369 0.3655749 0.3558962 1.6464829 0.3454785 0.3489360 0.3545540 0.3516578 0.3468691 0.3376856 0.3549386 0.0000000 0.4016322 0.3695655 0.3946949 0.4770954 0.4625668 0.3691758 0.4735980 0.4531594 0.5050319 0.3927536 0.5618363 0.4724362 0.4693411 0.4578529 0.4115445 0.4501956 0.5625973 0.3717899 0.3833951 0.3757348 0.2890028 
Tetrapisispora_phaffii                      0.3459456 0.4188751 0.4646890 0.6895704 0.3303052 0.4212934 0.3342412 0.3162696 0.3014124 0.2922010 1.5447857 0.2904450 0.2923348 0.2861818 0.3055326 0.2757604 0.2815823 0.2942105 0.4016322 0.0000000 0.2881048 0.3236462 0.4338805 0.4335505 0.3249888 0.4267513 0.3693485 0.4242670 0.3430819 0.4890318 0.4202954 0.4126704 0.3799728 0.3883907 0.3852409 0.4576732 0.1271663 0.1461213 0.1186657 0.3369098 
Vanderwaltozyma_polyspora                   0.3377047 0.3826756 0.4692465 0.7072482 0.3189684 0.3841067 0.3208813 0.3025814 0.2668655 0.2790525 1.5528071 0.2567807 0.2451633 0.2484604 0.2630705 0.2578338 0.2529114 0.2499501 0.3695655 0.2881048 0.0000000 0.3241527 0.4173863 0.4479962 0.3017486 0.4003845 0.3525781 0.4092466 0.3054755 0.4996416 0.3919906 0.3943043 0.3549775 0.3698748 0.3603669 0.4658024 0.2999037 0.2719020 0.3029803 0.3012564 
yHAB132_Kazachstania_martiniae              0.3307905 0.3755066 0.4619655 0.7388151 0.3310265 0.4511626 0.3321899 0.3172864 0.2812696 0.3141309 1.5937960 0.2784127 0.2689793 0.2880383 0.3047214 0.2746442 0.2706327 0.2868822 0.3946949 0.3236462 0.3241527 0.0000000 0.4202045 0.3704593 0.2764813 0.3787305 0.3865336 0.3929025 0.2868310 0.4873049 0.3895503 0.3548810 0.3633100 0.3199114 0.3666633 0.4428109 0.3350353 0.3244125 0.3394565 0.3315591 
yHAB133_Kazachstania_unispora               0.4347892 0.4642565 0.4366896 0.7425591 0.4279098 0.4837759 0.4232853 0.4183345 0.3811480 0.3847609 1.4800789 0.3668288 0.3498319 0.3688431 0.3803993 0.3505556 0.3581517 0.3753469 0.4770954 0.4338805 0.4173863 0.4202045 0.0000000 0.3989308 0.3058382 0.1787925 0.3265072 0.4414521 0.4022136 0.4146225 0.4218953 0.4178946 0.0977847 0.4022745 0.1070449 0.4019634 0.3987041 0.3931038 0.4002936 0.4365331 
yHAB134_Kazachstania_turicensis             0.3853889 0.4124044 0.4618535 0.7796100 0.3811745 0.4805693 0.3909816 0.3798882 0.3505694 0.3550369 1.4567341 0.3539064 0.3401531 0.3181421 0.3299372 0.3366415 0.3302291 0.3281849 0.4625668 0.4335505 0.4479962 0.3704593 0.3989308 0.0000000 0.3467991 0.4418959 0.3646131 0.4305699 0.3202258 0.4951389 0.4154563 0.4003252 0.3845515 0.2338819 0.3883857 0.4696716 0.4213807 0.4168516 0.4151512 0.4579860 
yHAB136_Kazachstania_bromeliacearum         0.3269223 0.3910739 0.3162977 0.6670322 0.3295759 0.3820541 0.3157620 0.3097569 0.2587055 0.2684969 1.4292393 0.2696379 0.2700935 0.2615633 0.2741654 0.2734236 0.2736938 0.2694608 0.3691758 0.3249888 0.3017486 0.2764813 0.3058382 0.3467991 0.0000000 0.2948312 0.2359119 0.3180131 0.2693394 0.3503445 0.3296789 0.3585138 0.2632670 0.3077793 0.2683738 0.3580285 0.2982080 0.3136009 0.3057356 0.3115155 
yHAB143_Kazachstania_siamensis              0.4154804 0.4734434 0.4388386 0.7131154 0.4337498 0.4616436 0.4200374 0.3994927 0.3831015 0.4076369 1.5014379 0.3634194 0.3497730 0.3658001 0.3867509 0.3602654 0.3628101 0.3781135 0.4735980 0.4267513 0.4003845 0.3787305 0.1787925 0.4418959 0.2948312 0.0000000 0.3144442 0.4288306 0.3813255 0.4330248 0.4244628 0.4327486 0.1624477 0.3896730 0.1747145 0.4157764 0.3902094 0.3942153 0.3919777 0.4471784 
yHAB147_Kazachstania_taianensis             0.3908591 0.4457838 0.3488055 0.7201914 0.3537722 0.4063206 0.3520898 0.3424591 0.3255818 0.3373568 1.4172015 0.3389235 0.3252953 0.3220413 0.3380902 0.3232483 0.3262481 0.3325816 0.4531594 0.3693485 0.3525781 0.3865336 0.3265072 0.3646131 0.2359119 0.3144442 0.0000000 0.3647869 0.3657499 0.3615769 0.4139415 0.3913955 0.2931334 0.3578461 0.3038603 0.3439948 0.3254461 0.3635057 0.3513329 0.3969102 
yHAB148_Kazachstania_intestinalis           0.4242945 0.4878536 0.4922657 0.7459582 0.4511541 0.5434637 0.4406612 0.4192393 0.3693737 0.3926721 1.6161820 0.3898924 0.3816738 0.3584488 0.3919297 0.3823684 0.3901498 0.3844531 0.5050319 0.4242670 0.4092466 0.3929025 0.4414521 0.4305699 0.3180131 0.4288306 0.3647869 0.0000000 0.3940327 0.4771442 0.4347996 0.4375841 0.4158559 0.3970109 0.4175380 0.4682950 0.4297778 0.4228466 0.4351450 0.4274611 
yHAB153_Kazachstania_rosinii                0.3356423 0.3290504 0.4183311 0.7181941 0.2989486 0.3640405 0.3153478 0.2934719 0.2926555 0.2993282 1.4756647 0.2879691 0.2720652 0.2807385 0.2976245 0.2780689 0.2760148 0.2820850 0.3927536 0.3430819 0.3054755 0.2868310 0.4022136 0.3202258 0.2693394 0.3813255 0.3657499 0.3940327 0.0000000 0.4657621 0.2510571 0.3516928 0.3487344 0.2672321 0.3560022 0.4238663 0.3140729 0.3050081 0.3321539 0.3537299 
yHAB154_Kazachstania_transvaalensis         0.4896276 0.5718455 0.5032449 0.8256700 0.4653773 0.5363464 0.4874551 0.4636260 0.4241521 0.4878344 1.5676927 0.4503238 0.4422352 0.4308719 0.4577525 0.4307539 0.4296771 0.4304583 0.5618363 0.4890318 0.4996416 0.4873049 0.4146225 0.4951389 0.3503445 0.4330248 0.3615769 0.4771442 0.4657621 0.0000000 0.5110974 0.4923920 0.3956041 0.4349916 0.4145842 0.1749528 0.4632783 0.4816767 0.4769839 0.5212065 
yHAB155_Kazachstania_spencerorum            0.4092717 0.4312716 0.4842672 0.8384779 0.4079286 0.4490632 0.3873481 0.3708510 0.3417714 0.3842830 1.5110232 0.3769501 0.3708822 0.3667926 0.3710640 0.3815349 0.3714729 0.3751328 0.4724362 0.4202954 0.3919906 0.3895503 0.4218953 0.4154563 0.3296789 0.4244628 0.4139415 0.4347996 0.2510571 0.5110974 0.0000000 0.4392828 0.3828955 0.3128469 0.3913253 0.4851813 0.4092968 0.4008789 0.4124905 0.4393621 
yHAB158_Kazachstania_viticola               0.4406852 0.4229116 0.4492937 0.7862266 0.3701183 0.4513833 0.3888907 0.3543180 0.3606499 0.3728275 1.5715715 0.3574598 0.3502335 0.3486477 0.3479041 0.3513133 0.3359209 0.3480122 0.4693411 0.4126704 0.3943043 0.3548810 0.4178946 0.4003252 0.3585138 0.4327486 0.3913955 0.4375841 0.3516928 0.4923920 0.4392828 0.0000000 0.4035725 0.3719188 0.3992756 0.4973753 0.4236317 0.4036705 0.4346824 0.4332842 
yHAB159_Kazachstania_solicola               0.3994728 0.4373235 0.3973465 0.6894338 0.3833382 0.4393772 0.3848030 0.3711029 0.3479761 0.3606612 1.4407819 0.3256374 0.3259077 0.3410038 0.3428354 0.3224602 0.3287255 0.3362672 0.4578529 0.3799728 0.3549775 0.3633100 0.0977847 0.3845515 0.2632670 0.1624477 0.2931334 0.4158559 0.3487344 0.3956041 0.3828955 0.4035725 0.0000000 0.3659584 0.0234453 0.3738189 0.3448427 0.3443154 0.3574826 0.3933902 
yHAB160_Kazachstania_kunashirensis          0.3641670 0.3711384 0.4174999 0.7515390 0.3483832 0.4365213 0.3419708 0.3322533 0.3161411 0.3324126 1.4520134 0.3176710 0.3136034 0.3003861 0.3141487 0.3059921 0.3077341 0.3006736 0.4115445 0.3883907 0.3698748 0.3199114 0.4022745 0.2338819 0.3077793 0.3896730 0.3578461 0.3970109 0.2672321 0.4349916 0.3128469 0.3719188 0.3659584 0.0000000 0.3691373 0.4292217 0.3688293 0.3536521 0.3902280 0.4175686 
yHAB164_Kazachstania_aerobia                0.3880543 0.4353871 0.4084787 0.6848765 0.3748685 0.4428615 0.3791808 0.3643874 0.3453090 0.3537580 1.4520386 0.3197421 0.3243014 0.3338621 0.3448145 0.3174315 0.3277107 0.3329364 0.4501956 0.3852409 0.3603669 0.3666633 0.1070449 0.3883857 0.2683738 0.1747145 0.3038603 0.4175380 0.3560022 0.4145842 0.3913253 0.3992756 0.0234453 0.3691373 0.0000000 0.3960794 0.3500212 0.3399761 0.3601178 0.3860191 
yHAB166_Kazachstania_yakushimaensis         0.4939429 0.5881772 0.4716224 0.8443327 0.4735014 0.5238082 0.4864712 0.4508640 0.4158908 0.4434110 1.5555489 0.4163459 0.4073318 0.4089073 0.4340024 0.3987720 0.4111771 0.4134212 0.5625973 0.4576732 0.4658024 0.4428109 0.4019634 0.4696716 0.3580285 0.4157764 0.3439948 0.4682950 0.4238663 0.1749528 0.4851813 0.4973753 0.3738189 0.4292217 0.3960794 0.0000000 0.4242162 0.4535977 0.4631795 0.5007363 
yHMPu5000034875_Tetrapisispora_fleetii      0.3293102 0.4166454 0.4621614 0.7081972 0.3060660 0.4044990 0.3222338 0.2958418 0.2847598 0.2955951 1.4871331 0.2839619 0.2871295 0.2963637 0.2947426 0.2748948 0.2820137 0.2995615 0.3717899 0.1271663 0.2999037 0.3350353 0.3987041 0.4213807 0.2982080 0.3902094 0.3254461 0.4297778 0.3140729 0.4632783 0.4092968 0.4236317 0.3448427 0.3688293 0.3500212 0.4242162 0.0000000 0.1553829 0.0653704 0.3188313 
yHMPu5000034876_Tetrapisispora_iriomotensis 0.3058517 0.3725452 0.4511550 0.7097797 0.2888702 0.3870282 0.3159726 0.2932025 0.2724197 0.2968827 1.5627692 0.2803076 0.2762215 0.2839061 0.2968043 0.2685125 0.2756386 0.2857518 0.3833951 0.1461213 0.2719020 0.3244125 0.3931038 0.4168516 0.3136009 0.3942153 0.3635057 0.4228466 0.3050081 0.4816767 0.4008789 0.4036705 0.3443154 0.3536521 0.3399761 0.4535977 0.1553829 0.0000000 0.1539134 0.3091154 
yHMPu5000034877_Tetrapisispora_namnaonensis 0.3314592 0.4275264 0.4894246 0.7339070 0.3107431 0.4046647 0.3249635 0.3001457 0.2897920 0.3051721 1.4893062 0.2957803 0.2942798 0.2943363 0.3046440 0.2778581 0.2937874 0.3047497 0.3757348 0.1186657 0.3029803 0.3394565 0.4002936 0.4151512 0.3057356 0.3919777 0.3513329 0.4351450 0.3321539 0.4769839 0.4124905 0.4346824 0.3574826 0.3902280 0.3601178 0.4631795 0.0653704 0.1539134 0.0000000 0.3415010 
yHMPu5000035629_Yueomyces_sinensis          0.3555843 0.4298740 0.4642992 0.7971747 0.3582584 0.4364945 0.3571504 0.3352385 0.3253996 0.3383893 1.5011373 0.3535489 0.3444867 0.3495375 0.3590832 0.3495111 0.3551598 0.3468556 0.2890028 0.3369098 0.3012564 0.3315591 0.4365331 0.4579860 0.3115155 0.4471784 0.3969102 0.4274611 0.3537299 0.5212065 0.4393621 0.4332842 0.3933902 0.4175686 0.3860191 0.5007363 0.3188313 0.3091154 0.3415010 0.0000000 
