40
Candida_glabrata                            0.0000000 0.0574506 0.0448589 0.0488752 0.0271359 0.0587000 0.0272980 0.0225544 0.0541087 0.0533163 0.1955867 0.0557426 0.0432293 0.0442189 0.0504763 0.0436030 0.0455512 0.0429617 0.0729537 0.0571302 0.0617542 0.0520920 0.0544992 0.0471890 0.0452811 0.0543525 0.0436636 0.0543709 0.0375152 0.0788088 0.0589287 0.0533565 0.0508374 0.0425374 0.0496318 0.0754471 0.0520795 0.0496737 0.0522339 0.0619914 
Kazachstania_africana                       0.0574506 0.0000000 0.0558248 0.0659886 0.0552524 0.0704948 0.0592538 0.0526317 0.0576343 0.0550057 0.2010593 0.0696823 0.0601739 0.0683586 0.0695876 0.0618597 0.0601231 0.0669692 0.0690509 0.0607657 0.0686591 0.0642542 0.0510202 0.0507246 0.0495624 0.0656868 0.0567786 0.0716005 0.0405911 0.0685406 0.0667670 0.0383230 0.0538649 0.0476699 0.0551154 0.0749095 0.0591858 0.0497156 0.0601444 0.0686125 
Kazachstania_naganishii                     0.0448589 0.0558248 0.0000000 0.0660905 0.0486433 0.0617484 0.0527638 0.0486040 0.0454028 0.0451615 0.2068388 0.0591035 0.0490209 0.0538405 0.0513364 0.0515414 0.0490202 0.0525168 0.0767097 0.0578451 0.0718389 0.0631112 0.0346301 0.0386625 0.0423602 0.0391291 0.0440886 0.0666289 0.0402086 0.0647322 0.0536683 0.0396888 0.0308475 0.0415027 0.0297093 0.0651391 0.0542186 0.0505945 0.0571680 0.0698843 
Nakaseomyces_bacillisporus                  0.0488752 0.0659886 0.0660905 0.0000000 0.0562085 0.0713261 0.0606811 0.0559347 0.0684200 0.0746019 0.1899263 0.0656639 0.0615510 0.0661464 0.0658424 0.0619198 0.0614986 0.0647500 0.0767488 0.0650156 0.0703629 0.0725415 0.0697713 0.0632531 0.0680742 0.0785379 0.0617446 0.0739562 0.0586428 0.0851906 0.0803606 0.0638047 0.0718311 0.0593041 0.0705621 0.0827802 0.0628875 0.0622378 0.0646043 0.0735143 
Nakaseomyces_bracarensis                    0.0271359 0.0552524 0.0486433 0.0562085 0.0000000 0.0620489 0.0138423 0.0073654 0.0466464 0.0489229 0.1911092 0.0512598 0.0434104 0.0492526 0.0470824 0.0436684 0.0434089 0.0479695 0.0674274 0.0531010 0.0644079 0.0530150 0.0460304 0.0390847 0.0458301 0.0548947 0.0385895 0.0615141 0.0350731 0.0717527 0.0615616 0.0464760 0.0445926 0.0389095 0.0434005 0.0733797 0.0471169 0.0413248 0.0472590 0.0677939 
Nakaseomyces_castellii                      0.0587000 0.0704948 0.0617484 0.0713261 0.0620489 0.0000000 0.0695757 0.0598044 0.0658429 0.0696851 0.1866561 0.0715221 0.0661551 0.0658916 0.0697215 0.0690734 0.0661581 0.0672774 0.0802873 0.0608276 0.0818455 0.0685030 0.0701199 0.0672078 0.0611878 0.0789824 0.0636590 0.0832654 0.0636270 0.0925026 0.0760993 0.0725754 0.0720829 0.0626532 0.0707936 0.0950073 0.0594675 0.0557180 0.0583424 0.0730177 
Nakaseomyces_delphensis                     0.0272980 0.0592538 0.0527638 0.0606811 0.0138423 0.0695757 0.0000000 0.0084372 0.0481436 0.0507376 0.1953804 0.0571204 0.0477467 0.0499719 0.0510943 0.0479911 0.0477457 0.0486699 0.0718057 0.0572758 0.0679501 0.0554669 0.0539330 0.0442864 0.0501380 0.0581562 0.0436806 0.0594836 0.0374588 0.0775851 0.0638694 0.0478830 0.0524218 0.0417890 0.0512026 0.0799371 0.0512132 0.0466253 0.0513665 0.0689299 
Nakaseomyces_nivariensis                    0.0225544 0.0526317 0.0486040 0.0559347 0.0073654 0.0598044 0.0084372 0.0000000 0.0464350 0.0487022 0.1848781 0.0513124 0.0422150 0.0456755 0.0471322 0.0437162 0.0422134 0.0444055 0.0647039 0.0515934 0.0617400 0.0504230 0.0457087 0.0389843 0.0432129 0.0511322 0.0383930 0.0552577 0.0292856 0.0716841 0.0589815 0.0439895 0.0456306 0.0363888 0.0444404 0.0733089 0.0456576 0.0388486 0.0457954 0.0650489 
Naumovozyma_castellii                       0.0541087 0.0576343 0.0454028 0.0684200 0.0466464 0.0658429 0.0481436 0.0464350 0.0000000 0.0278645 0.2040738 0.0546349 0.0460328 0.0522938 0.0509875 0.0461684 0.0483837 0.0509883 0.0664896 0.0431770 0.0603725 0.0526814 0.0366505 0.0355858 0.0400649 0.0515935 0.0406019 0.0739108 0.0392336 0.0664210 0.0505570 0.0448549 0.0436670 0.0354392 0.0424965 0.0654703 0.0334304 0.0397050 0.0372140 0.0549564 
Naumovozyma_dairenensis                     0.0533163 0.0550057 0.0451615 0.0746019 0.0489229 0.0696851 0.0507376 0.0487022 0.0278645 0.0000000 0.2003045 0.0607171 0.0506913 0.0557558 0.0577541 0.0519392 0.0530364 0.0544477 0.0787292 0.0568610 0.0768604 0.0583509 0.0450166 0.0431991 0.0454084 0.0573732 0.0526930 0.0865328 0.0451188 0.0691900 0.0528389 0.0453752 0.0496010 0.0438386 0.0508425 0.0688693 0.0497765 0.0512565 0.0551580 0.0699897 
Neurospora_crassa                           0.1955867 0.2010593 0.2068388 0.1899263 0.1911092 0.1866561 0.1953804 0.1848781 0.2040738 0.2003045 0.0000000 0.2094840 0.1971014 0.1979331 0.2071023 0.2002219 0.1980325 0.2000154 0.2064746 0.1924676 0.2047334 0.1860747 0.2090982 0.1988265 0.1972907 0.2105439 0.1959294 0.2105949 0.1964241 0.2023437 0.2074629 0.1979639 0.2052010 0.2091807 0.2067932 0.2132179 0.1922829 0.1870588 0.1921764 0.2062309 
Saccharomyces_arboricola                    0.0557426 0.0696823 0.0591035 0.0656639 0.0512598 0.0715221 0.0571204 0.0513124 0.0546349 0.0607171 0.2094840 0.0000000 0.0138089 0.0171726 0.0117652 0.0148587 0.0116563 0.0160518 0.0744694 0.0633149 0.0690797 0.0512504 0.0560531 0.0554246 0.0525685 0.0626268 0.0563491 0.0739493 0.0520976 0.0777340 0.0644231 0.0609243 0.0512725 0.0540130 0.0500490 0.0758445 0.0568024 0.0518118 0.0606734 0.0728653 
Saccharomyces_cerevisiae                    0.0432293 0.0601739 0.0490209 0.0615510 0.0434104 0.0661551 0.0477467 0.0422150 0.0460328 0.0506913 0.1971014 0.0138089 0.0000000 0.0105804 0.0116817 0.0041754 0.0020762 0.0094944 0.0718812 0.0543835 0.0639240 0.0399289 0.0461420 0.0466695 0.0441512 0.0512409 0.0464491 0.0716760 0.0433508 0.0746816 0.0558243 0.0459114 0.0449201 0.0446695 0.0437175 0.0719011 0.0478634 0.0453555 0.0517872 0.0683956 
Saccharomyces_eubayanus                     0.0442189 0.0683586 0.0538405 0.0661464 0.0492526 0.0658916 0.0499719 0.0456755 0.0522938 0.0557558 0.1979331 0.0171726 0.0105804 0.0000000 0.0181831 0.0149111 0.0105719 0.0010381 0.0727073 0.0560460 0.0662950 0.0443005 0.0587589 0.0489167 0.0499066 0.0601040 0.0551124 0.0717461 0.0458200 0.0819077 0.0613333 0.0546069 0.0542938 0.0494984 0.0530573 0.0782342 0.0521939 0.0509767 0.0534752 0.0695408 
Saccharomyces_kudriavzevii                  0.0504763 0.0695876 0.0513364 0.0658424 0.0470824 0.0697215 0.0510943 0.0471322 0.0509875 0.0577541 0.2071023 0.0117652 0.0116817 0.0181831 0.0000000 0.0127332 0.0116800 0.0170634 0.0704143 0.0580426 0.0690987 0.0513093 0.0511896 0.0512958 0.0490173 0.0590699 0.0552144 0.0721967 0.0481731 0.0740069 0.0604303 0.0571992 0.0500323 0.0483356 0.0488126 0.0735516 0.0516129 0.0479861 0.0554321 0.0698050 
Saccharomyces_mikatae                       0.0436030 0.0618597 0.0515414 0.0619198 0.0436684 0.0690734 0.0479911 0.0437162 0.0461684 0.0519392 0.2002219 0.0148587 0.0041754 0.0149111 0.0127332 0.0000000 0.0062726 0.0138055 0.0736473 0.0547095 0.0656323 0.0390695 0.0486818 0.0492159 0.0442072 0.0551246 0.0491479 0.0745768 0.0447266 0.0753160 0.0558202 0.0496464 0.0474508 0.0448074 0.0462403 0.0724077 0.0480063 0.0455566 0.0520984 0.0685168 
Saccharomyces_paradoxus                     0.0455512 0.0601231 0.0490202 0.0614986 0.0434089 0.0661581 0.0477457 0.0422134 0.0483837 0.0530364 0.1980325 0.0116563 0.0020762 0.0105719 0.0116800 0.0062726 0.0000000 0.0094868 0.0718858 0.0567930 0.0638704 0.0422567 0.0484975 0.0490468 0.0465212 0.0536226 0.0488153 0.0716807 0.0456807 0.0746874 0.0582501 0.0482568 0.0449187 0.0471289 0.0437160 0.0744532 0.0502465 0.0453542 0.0541896 0.0707709 
Saccharomyces_uvarum                        0.0429617 0.0669692 0.0525168 0.0647500 0.0479695 0.0672774 0.0486699 0.0444055 0.0509883 0.0544477 0.2000154 0.0160518 0.0094944 0.0010381 0.0170634 0.0138055 0.0094868 0.0000000 0.0740927 0.0573786 0.0649329 0.0455719 0.0574204 0.0476159 0.0486049 0.0587573 0.0537883 0.0717976 0.0445452 0.0810822 0.0627149 0.0532924 0.0529638 0.0481487 0.0517318 0.0774268 0.0508872 0.0496756 0.0547980 0.0681917 
Tetrapisispora_blattae                      0.0729537 0.0690509 0.0767097 0.0767488 0.0674274 0.0802873 0.0718057 0.0647039 0.0664896 0.0787292 0.2064746 0.0744694 0.0718812 0.0727073 0.0704143 0.0736473 0.0718858 0.0740927 0.0000000 0.0660126 0.0826563 0.0769509 0.0808267 0.0643061 0.0722333 0.0739362 0.0797509 0.0730177 0.0596911 0.0857604 0.0828922 0.0683360 0.0793941 0.0569018 0.0781245 0.0867328 0.0626234 0.0508468 0.0626140 0.0491415 
Tetrapisispora_phaffii                      0.0571302 0.0607657 0.0578451 0.0650156 0.0531010 0.0608276 0.0572758 0.0515934 0.0431770 0.0568610 0.1924676 0.0633149 0.0543835 0.0560460 0.0580426 0.0547095 0.0567930 0.0573786 0.0660126 0.0000000 0.0629714 0.0531706 0.0543063 0.0528860 0.0488619 0.0662868 0.0571000 0.0752029 0.0469662 0.0780522 0.0645876 0.0566915 0.0608330 0.0395694 0.0595746 0.0787090 0.0139835 0.0274266 0.0117386 0.0565890 
Vanderwaltozyma_polyspora                   0.0617542 0.0686591 0.0718389 0.0703629 0.0644079 0.0818455 0.0679501 0.0617400 0.0603725 0.0768604 0.2047334 0.0690797 0.0639240 0.0662950 0.0690987 0.0656323 0.0638704 0.0649329 0.0826563 0.0629714 0.0000000 0.0750215 0.0739231 0.0688714 0.0730164 0.0773136 0.0639644 0.0786098 0.0634759 0.0977501 0.0861039 0.0660818 0.0796817 0.0623998 0.0784148 0.1014647 0.0625258 0.0655622 0.0616299 0.0678675 
yHAB132_Kazachstania_martiniae              0.0520920 0.0642542 0.0631112 0.0725415 0.0530150 0.0685030 0.0554669 0.0504230 0.0526814 0.0583509 0.1860747 0.0512504 0.0399289 0.0443005 0.0513093 0.0390695 0.0422567 0.0455719 0.0769509 0.0531706 0.0750215 0.0000000 0.0581709 0.0555130 0.0442123 0.0672868 0.0397173 0.0685830 0.0503310 0.0708111 0.0580164 0.0555207 0.0559822 0.0502858 0.0547321 0.0685724 0.0522099 0.0492763 0.0522478 0.0739211 
yHAB133_Kazachstania_unispora               0.0544992 0.0510202 0.0346301 0.0697713 0.0460304 0.0701199 0.0539330 0.0457087 0.0366505 0.0450166 0.2090982 0.0560531 0.0461420 0.0587589 0.0511896 0.0486818 0.0484975 0.0574204 0.0808267 0.0543063 0.0739231 0.0581709 0.0000000 0.0332568 0.0305816 0.0337522 0.0413212 0.0734013 0.0349121 0.0546505 0.0493209 0.0372780 0.0160281 0.0365011 0.0149407 0.0550773 0.0492262 0.0477681 0.0546270 0.0700359 
yHAB134_Kazachstania_turicensis             0.0471890 0.0507246 0.0386625 0.0632531 0.0390847 0.0672078 0.0442864 0.0389843 0.0355858 0.0431991 0.1988265 0.0554246 0.0466695 0.0489167 0.0512958 0.0492159 0.0490468 0.0476159 0.0643061 0.0528860 0.0688714 0.0555130 0.0332568 0.0000000 0.0302635 0.0482440 0.0414093 0.0714158 0.0258374 0.0643567 0.0494972 0.0426897 0.0409899 0.0203084 0.0398353 0.0622431 0.0466474 0.0409178 0.0509179 0.0650366 
yHAB136_Kazachstania_bromeliacearum         0.0452811 0.0495624 0.0423602 0.0680742 0.0458301 0.0611878 0.0501380 0.0432129 0.0400649 0.0454084 0.1972907 0.0525685 0.0441512 0.0499066 0.0490173 0.0442072 0.0465212 0.0486049 0.0722333 0.0488619 0.0730164 0.0442123 0.0305816 0.0302635 0.0000000 0.0446805 0.0436763 0.0719773 0.0304154 0.0562247 0.0395704 0.0466809 0.0393536 0.0321371 0.0381572 0.0545311 0.0424572 0.0354752 0.0466266 0.0667542 
yHAB143_Kazachstania_siamensis              0.0543525 0.0656868 0.0391291 0.0785379 0.0548947 0.0789824 0.0581562 0.0511322 0.0515935 0.0573732 0.2105439 0.0626268 0.0512409 0.0601040 0.0590699 0.0551246 0.0536226 0.0587573 0.0739362 0.0662868 0.0773136 0.0672868 0.0337522 0.0482440 0.0446805 0.0000000 0.0467772 0.0767528 0.0427747 0.0656490 0.0629463 0.0461427 0.0364716 0.0485035 0.0353235 0.0688909 0.0581961 0.0545912 0.0611477 0.0690050 
yHAB147_Kazachstania_taianensis             0.0436636 0.0567786 0.0440886 0.0617446 0.0385895 0.0636590 0.0436806 0.0383930 0.0406019 0.0526930 0.1959294 0.0563491 0.0464491 0.0551124 0.0552144 0.0491479 0.0488153 0.0537883 0.0797509 0.0571000 0.0639644 0.0397173 0.0413212 0.0414093 0.0436763 0.0467772 0.0000000 0.0581155 0.0432566 0.0746552 0.0491550 0.0452396 0.0379753 0.0403980 0.0368184 0.0751973 0.0534230 0.0533157 0.0535842 0.0705983 
yHAB148_Kazachstania_intestinalis           0.0543709 0.0716005 0.0666289 0.0739562 0.0615141 0.0832654 0.0594836 0.0552577 0.0739108 0.0865328 0.2105949 0.0739493 0.0716760 0.0717461 0.0721967 0.0745768 0.0716807 0.0717976 0.0730177 0.0752029 0.0786098 0.0685830 0.0734013 0.0714158 0.0719773 0.0767528 0.0581155 0.0000000 0.0624923 0.0996686 0.0751483 0.0640550 0.0665674 0.0684549 0.0662796 0.0998214 0.0693498 0.0668158 0.0680372 0.0726654 
yHAB153_Kazachstania_rosinii                0.0375152 0.0405911 0.0402086 0.0586428 0.0350731 0.0636270 0.0374588 0.0292856 0.0392336 0.0451188 0.1964241 0.0520976 0.0433508 0.0458200 0.0481731 0.0447266 0.0456807 0.0445452 0.0596911 0.0469662 0.0634759 0.0503310 0.0349121 0.0258374 0.0304154 0.0427747 0.0432566 0.0624923 0.0000000 0.0615264 0.0492632 0.0336252 0.0400176 0.0248442 0.0388603 0.0632003 0.0389432 0.0360194 0.0440458 0.0619468 
yHAB154_Kazachstania_transvaalensis         0.0788088 0.0685406 0.0647322 0.0851906 0.0717527 0.0925026 0.0775851 0.0716841 0.0664210 0.0691900 0.2023437 0.0777340 0.0746816 0.0819077 0.0740069 0.0753160 0.0746874 0.0810822 0.0857604 0.0780522 0.0977501 0.0708111 0.0546505 0.0643567 0.0562247 0.0656490 0.0746552 0.0996686 0.0615264 0.0000000 0.0708462 0.0700161 0.0613374 0.0660161 0.0626929 0.0218566 0.0718182 0.0639527 0.0754428 0.0945607 
yHAB155_Kazachstania_spencerorum            0.0589287 0.0667670 0.0536683 0.0803606 0.0615616 0.0760993 0.0638694 0.0589815 0.0505570 0.0528389 0.2074629 0.0644231 0.0558243 0.0613333 0.0604303 0.0558202 0.0582501 0.0627149 0.0828922 0.0645876 0.0861039 0.0580164 0.0493209 0.0494972 0.0395704 0.0629463 0.0491550 0.0751483 0.0492632 0.0708462 0.0000000 0.0527626 0.0512391 0.0458449 0.0500206 0.0617456 0.0610849 0.0600786 0.0625351 0.0771484 
yHAB158_Kazachstania_viticola               0.0533565 0.0383230 0.0396888 0.0638047 0.0464760 0.0725754 0.0478830 0.0439895 0.0448549 0.0453752 0.1979639 0.0609243 0.0459114 0.0546069 0.0571992 0.0496464 0.0482568 0.0532924 0.0683360 0.0566915 0.0660818 0.0555207 0.0372780 0.0426897 0.0466809 0.0461427 0.0452396 0.0640550 0.0336252 0.0700161 0.0527626 0.0000000 0.0392371 0.0400516 0.0404345 0.0745185 0.0507750 0.0526505 0.0550841 0.0638515 
yHAB159_Kazachstania_solicola               0.0508374 0.0538649 0.0308475 0.0718311 0.0445926 0.0720829 0.0524218 0.0456306 0.0436670 0.0496010 0.2052010 0.0512725 0.0449201 0.0542938 0.0500323 0.0474508 0.0449187 0.0529638 0.0793941 0.0608330 0.0796817 0.0559822 0.0160281 0.0409899 0.0393536 0.0364716 0.0379753 0.0665674 0.0400176 0.0613374 0.0512391 0.0392371 0.0000000 0.0397067 0.0010383 0.0614578 0.0566830 0.0548266 0.0596056 0.0739210 
yHAB160_Kazachstania_kunashirensis          0.0425374 0.0476699 0.0415027 0.0593041 0.0389095 0.0626532 0.0417890 0.0363888 0.0354392 0.0438386 0.2091807 0.0540130 0.0446695 0.0494984 0.0483356 0.0448074 0.0471289 0.0481487 0.0569018 0.0395694 0.0623998 0.0502858 0.0365011 0.0203084 0.0321371 0.0485035 0.0403980 0.0684549 0.0248442 0.0660161 0.0458449 0.0400516 0.0397067 0.0000000 0.0384905 0.0681478 0.0322646 0.0364799 0.0373146 0.0606957 
yHAB164_Kazachstania_aerobia                0.0496318 0.0551154 0.0297093 0.0705621 0.0434005 0.0707936 0.0512026 0.0444404 0.0424965 0.0508425 0.2067932 0.0500490 0.0437175 0.0530573 0.0488126 0.0462403 0.0437160 0.0517318 0.0781245 0.0595746 0.0784148 0.0547321 0.0149407 0.0398353 0.0381572 0.0353235 0.0368184 0.0662796 0.0388603 0.0626929 0.0500206 0.0404345 0.0010383 0.0384905 0.0000000 0.0601526 0.0554400 0.0535813 0.0583489 0.0726726 
yHAB166_Kazachstania_yakushimaensis         0.0754471 0.0749095 0.0651391 0.0827802 0.0733797 0.0950073 0.0799371 0.0733089 0.0654703 0.0688693 0.2132179 0.0758445 0.0719011 0.0782342 0.0735516 0.0724077 0.0744532 0.0774268 0.0867328 0.0787090 0.1014647 0.0685724 0.0550773 0.0622431 0.0545311 0.0688909 0.0751973 0.0998214 0.0632003 0.0218566 0.0617456 0.0745185 0.0614578 0.0681478 0.0601526 0.0000000 0.0730350 0.0667807 0.0774492 0.0930239 
yHMPu5000034875_Tetrapisispora_fleetii      0.0520795 0.0591858 0.0542186 0.0628875 0.0471169 0.0594675 0.0512132 0.0456576 0.0334304 0.0497765 0.1922829 0.0568024 0.0478634 0.0521939 0.0516129 0.0480063 0.0502465 0.0508872 0.0626234 0.0139835 0.0625258 0.0522099 0.0492262 0.0466474 0.0424572 0.0581961 0.0534230 0.0693498 0.0389432 0.0718182 0.0610849 0.0507750 0.0566830 0.0322646 0.0554400 0.0730350 0.0000000 0.0196509 0.0063375 0.0545049 
yHMPu5000034876_Tetrapisispora_iriomotensis 0.0496737 0.0497156 0.0505945 0.0622378 0.0413248 0.0557180 0.0466253 0.0388486 0.0397050 0.0512565 0.1870588 0.0518118 0.0453555 0.0509767 0.0479861 0.0455566 0.0453542 0.0496756 0.0508468 0.0274266 0.0655622 0.0492763 0.0477681 0.0409178 0.0354752 0.0545912 0.0533157 0.0668158 0.0360194 0.0639527 0.0600786 0.0526505 0.0548266 0.0364799 0.0535813 0.0667807 0.0196509 0.0000000 0.0216893 0.0559718 
yHMPu5000034877_Tetrapisispora_namnaonensis 0.0522339 0.0601444 0.0571680 0.0646043 0.0472590 0.0583424 0.0513665 0.0457954 0.0372140 0.0551580 0.1921764 0.0606734 0.0517872 0.0534752 0.0554321 0.0520984 0.0541896 0.0547980 0.0626140 0.0117386 0.0616299 0.0522478 0.0546270 0.0509179 0.0466266 0.0611477 0.0535842 0.0680372 0.0440458 0.0754428 0.0625351 0.0550841 0.0596056 0.0373146 0.0583489 0.0774492 0.0063375 0.0216893 0.0000000 0.0521479 
yHMPu5000035629_Yueomyces_sinensis          0.0619914 0.0686125 0.0698843 0.0735143 0.0677939 0.0730177 0.0689299 0.0650489 0.0549564 0.0699897 0.2062309 0.0728653 0.0683956 0.0695408 0.0698050 0.0685168 0.0707709 0.0681917 0.0491415 0.0565890 0.0678675 0.0739211 0.0700359 0.0650366 0.0667542 0.0690050 0.0705983 0.0726654 0.0619468 0.0945607 0.0771484 0.0638515 0.0739210 0.0606957 0.0726726 0.0930239 0.0545049 0.0559718 0.0521479 0.0000000 
