40
Candida_glabrata                            0.0000000 0.3854741 0.4503513 0.4942521 0.1596204 0.5808714 0.1964750 0.1630855 0.3923164 0.4303125 1.6569324 0.3856545 0.3981611 0.3722076 0.3955186 0.3961327 0.3901809 0.3765748 0.4880816 0.6294202 0.6033949 0.4188260 0.4446412 0.5125770 0.4670881 0.4304123 0.4496880 0.5355765 0.4407068 0.4375522 0.4608875 0.4229975 0.4618562 0.4150143 0.4635286 0.4188242 0.6533742 0.5949433 0.6823499 0.5333408 
Kazachstania_africana                       0.3854741 0.0000000 0.3394094 0.3687453 0.3810464 0.5917754 0.4040543 0.3678189 0.3030065 0.3062420 1.6252098 0.3354466 0.3314458 0.3053069 0.3389250 0.3186779 0.3253178 0.3091594 0.3074776 0.5001209 0.4425281 0.3134141 0.2745311 0.3825613 0.2684478 0.2619923 0.2952333 0.4057899 0.3257264 0.3240468 0.3029260 0.3025494 0.2932182 0.3417768 0.2958087 0.3317501 0.5583791 0.4856900 0.5765115 0.3950756 
Kazachstania_naganishii                     0.4503513 0.3394094 0.0000000 0.4679077 0.4711998 0.6049208 0.4562007 0.4408271 0.3417741 0.3435009 1.5539172 0.3475069 0.3703584 0.3344299 0.3547140 0.3431595 0.3545376 0.3383466 0.3660229 0.4731461 0.4620774 0.2892179 0.2796424 0.3336087 0.2240193 0.2634092 0.2674791 0.4357902 0.2793647 0.3131953 0.3497964 0.3192518 0.2988466 0.3238762 0.2976971 0.3133558 0.4665300 0.4321281 0.4871180 0.3973733 
Nakaseomyces_bacillisporus                  0.4942521 0.3687453 0.4679077 0.0000000 0.5002273 0.5806399 0.5194291 0.4879424 0.4667491 0.3617693 1.6062427 0.4393067 0.4332641 0.4063476 0.4439113 0.4151003 0.4524129 0.4047533 0.4595173 0.5457184 0.4231521 0.4131486 0.4067519 0.5000964 0.4086967 0.4271363 0.4469062 0.4913339 0.4153892 0.3764847 0.4589762 0.4560773 0.4390414 0.4857189 0.4557111 0.3687022 0.5538738 0.4847393 0.5985913 0.4581382 
Nakaseomyces_bracarensis                    0.1596204 0.3810464 0.4711998 0.5002273 0.0000000 0.5653681 0.1284434 0.0586902 0.4238336 0.3965464 1.6885104 0.3685088 0.3758935 0.3564534 0.3823553 0.3830261 0.3753447 0.3608315 0.4381051 0.5929988 0.5286933 0.4297102 0.4490556 0.4945684 0.4230984 0.4318228 0.4376850 0.5574842 0.4397265 0.4915998 0.4632574 0.4250799 0.4518887 0.4251999 0.4501717 0.4697202 0.6236738 0.5351940 0.6492457 0.5146042 
Nakaseomyces_castellii                      0.5808714 0.5917754 0.6049208 0.5806399 0.5653681 0.0000000 0.5892161 0.5638935 0.5670733 0.5078884 1.6925797 0.5544958 0.6212777 0.5514437 0.5871622 0.5833069 0.6063080 0.5461752 0.6114781 0.6824538 0.6938996 0.5672853 0.6080705 0.6064851 0.5861292 0.6239379 0.5940325 0.6280985 0.5706294 0.6307973 0.6332249 0.5698753 0.6592106 0.5806507 0.6626690 0.6182269 0.7094122 0.7046289 0.7257181 0.6537672 
Nakaseomyces_delphensis                     0.1964750 0.4040543 0.4562007 0.5194291 0.1284434 0.5892161 0.0000000 0.0976421 0.4133063 0.4153068 1.7007949 0.4118851 0.3956819 0.4009200 0.4078131 0.4170240 0.3993753 0.4054783 0.4643694 0.6457267 0.5887160 0.4531058 0.4259115 0.4998514 0.4170852 0.4206646 0.4432845 0.5268653 0.4704776 0.4513166 0.4576601 0.4188981 0.4352324 0.4423590 0.4334377 0.4515846 0.6272816 0.5887829 0.6894584 0.5565057 
Nakaseomyces_nivariensis                    0.1630855 0.3678189 0.4408271 0.4879424 0.0586902 0.5638935 0.0976421 0.0000000 0.4046584 0.3825059 1.6497266 0.3895677 0.3901666 0.3820444 0.3927076 0.4053024 0.3918866 0.3865027 0.4392952 0.6058651 0.5445246 0.4221124 0.4475301 0.4855749 0.4067596 0.4211830 0.4338921 0.5619746 0.4548022 0.4790102 0.4630743 0.4228151 0.4425490 0.4320461 0.4407864 0.4727755 0.6553785 0.5464290 0.6829647 0.5172503 
Naumovozyma_castellii                       0.3923164 0.3030065 0.3417741 0.4667491 0.4238336 0.5670733 0.4133063 0.4046584 0.0000000 0.2014677 1.6010967 0.2989545 0.2787355 0.2773778 0.2723659 0.2727224 0.2635097 0.2732938 0.3487040 0.4873417 0.4608489 0.2909726 0.2900246 0.3642281 0.2907983 0.2794035 0.2950651 0.4379147 0.3389561 0.3592208 0.2859168 0.2940014 0.3006958 0.3038651 0.2974548 0.3698584 0.4945166 0.4548396 0.5073683 0.3908142 
Naumovozyma_dairenensis                     0.4303125 0.3062420 0.3435009 0.3617693 0.3965464 0.5078884 0.4153068 0.3825059 0.2014677 0.0000000 1.6806535 0.2909710 0.2958507 0.2849550 0.3090290 0.2925199 0.2897308 0.2811061 0.3331191 0.4907854 0.4132326 0.2949965 0.3259296 0.3527113 0.2374992 0.3065922 0.3068111 0.4202781 0.2782603 0.4105977 0.2933121 0.3011247 0.3419705 0.3450733 0.3490164 0.4065178 0.5246869 0.4389290 0.5444019 0.3951224 
Neurospora_crassa                           1.6569324 1.6252098 1.5539172 1.6062427 1.6885104 1.6925797 1.7007949 1.6497266 1.6010967 1.6806535 0.0000000 1.6395850 1.5984833 1.5719820 1.5608911 1.6702473 1.5825385 1.5856102 1.5534158 1.6148158 1.8215082 1.4978710 1.5695623 1.5588017 1.6680934 1.5447056 1.4079061 1.5865924 1.5854916 1.5373393 1.5317225 1.4794419 1.5583036 1.4853501 1.5760622 1.4567177 1.7177094 1.7859757 1.6915989 1.8179064 
Saccharomyces_arboricola                    0.3856545 0.3354466 0.3475069 0.4393067 0.3685088 0.5544958 0.4118851 0.3895677 0.2989545 0.2909710 1.6395850 0.0000000 0.0703166 0.0537103 0.0526338 0.0882231 0.0788036 0.0565961 0.3326001 0.4495134 0.4227920 0.2562621 0.2456296 0.3552495 0.2789938 0.2859108 0.2474866 0.3950779 0.2881705 0.3652753 0.2807480 0.2972791 0.2906264 0.3148500 0.2863582 0.3379354 0.4405371 0.4032634 0.4806296 0.3616908 
Saccharomyces_cerevisiae                    0.3981611 0.3314458 0.3703584 0.4332641 0.3758935 0.6212777 0.3956819 0.3901666 0.2787355 0.2958507 1.5984833 0.0703166 0.0000000 0.0599778 0.0542082 0.0635791 0.0306265 0.0631970 0.3272758 0.4454614 0.4178102 0.2472651 0.2653590 0.3846836 0.2833636 0.2666541 0.2436399 0.4229886 0.3076591 0.3390199 0.2796306 0.2920818 0.2778260 0.3186747 0.2735691 0.3320537 0.4784852 0.4210285 0.5017536 0.3838437 
Saccharomyces_eubayanus                     0.3722076 0.3053069 0.3344299 0.4063476 0.3564534 0.5514437 0.4009200 0.3820444 0.2773778 0.2849550 1.5719820 0.0537103 0.0599778 0.0000000 0.0490185 0.0720230 0.0616559 0.0027090 0.3061465 0.4316731 0.4003438 0.2274060 0.2400722 0.3365399 0.2691217 0.2631657 0.2365069 0.3795352 0.2832719 0.3317540 0.2688597 0.2813842 0.2676137 0.3161168 0.2634723 0.3200101 0.4425401 0.3915990 0.4698885 0.3588613 
Saccharomyces_kudriavzevii                  0.3955186 0.3389250 0.3547140 0.4439113 0.3823553 0.5871622 0.4078131 0.3927076 0.2723659 0.3090290 1.5608911 0.0526338 0.0542082 0.0490185 0.0000000 0.0830081 0.0628682 0.0521443 0.3415404 0.4462768 0.4501130 0.2310838 0.2674988 0.3733568 0.2924243 0.2729613 0.2555357 0.4323852 0.3180629 0.3591158 0.2731411 0.2770586 0.2798020 0.3160901 0.2755331 0.3513559 0.4754856 0.4185499 0.4956135 0.3761060 
Saccharomyces_mikatae                       0.3961327 0.3186779 0.3431595 0.4151003 0.3830261 0.5833069 0.4170240 0.4053024 0.2727224 0.2925199 1.6702473 0.0882231 0.0635791 0.0720230 0.0830081 0.0000000 0.0557729 0.0749824 0.3262535 0.4345711 0.3829357 0.2401331 0.2355166 0.3758471 0.2855690 0.2451213 0.2523538 0.3784591 0.2851964 0.3448667 0.2924715 0.2920596 0.2655582 0.3143136 0.2652040 0.3265135 0.4579164 0.4110791 0.4792741 0.3547612 
Saccharomyces_paradoxus                     0.3901809 0.3253178 0.3545376 0.4524129 0.3753447 0.6063080 0.3993753 0.3918866 0.2635097 0.2897308 1.5825385 0.0788036 0.0306265 0.0616559 0.0628682 0.0557729 0.0000000 0.0648115 0.3134557 0.4448359 0.4146346 0.2441016 0.2541448 0.3858452 0.2833514 0.2575471 0.2425907 0.4125301 0.3053816 0.3406969 0.2776012 0.2792134 0.2640262 0.3063215 0.2598474 0.3227946 0.4756552 0.4263512 0.4986878 0.3879987 
Saccharomyces_uvarum                        0.3765748 0.3091594 0.3383466 0.4047533 0.3608315 0.5461752 0.4054783 0.3865027 0.2732938 0.2811061 1.5856102 0.0565961 0.0631970 0.0027090 0.0521443 0.0749824 0.0648115 0.0000000 0.3102958 0.4364424 0.4046601 0.2312878 0.2435626 0.3323569 0.2653510 0.2670331 0.2403110 0.3836177 0.2871194 0.3303596 0.2647188 0.2852914 0.2714760 0.3118176 0.2673258 0.3186611 0.4470317 0.3958621 0.4748945 0.3628481 
Tetrapisispora_blattae                      0.4880816 0.3074776 0.3660229 0.4595173 0.4381051 0.6114781 0.4643694 0.4392952 0.3487040 0.3331191 1.5534158 0.3326001 0.3272758 0.3061465 0.3415404 0.3262535 0.3134557 0.3102958 0.0000000 0.5330769 0.4237365 0.3041805 0.2921863 0.3439554 0.3050720 0.2730703 0.2853998 0.4213922 0.3280034 0.3643522 0.3656719 0.2893200 0.3018147 0.3037693 0.2962944 0.3469644 0.5433323 0.4670605 0.5689353 0.3675399 
Tetrapisispora_phaffii                      0.6294202 0.5001209 0.4731461 0.5457184 0.5929988 0.6824538 0.6457267 0.6058651 0.4873417 0.4907854 1.6148158 0.4495134 0.4454614 0.4316731 0.4462768 0.4345711 0.4448359 0.4364424 0.5330769 0.0000000 0.3473912 0.4071693 0.4580137 0.4430766 0.5193808 0.4361249 0.4456686 0.4791425 0.5208681 0.4997197 0.4745026 0.4430187 0.4711180 0.4643205 0.4871834 0.5261198 0.1651982 0.1787847 0.1413717 0.5449761 
Vanderwaltozyma_polyspora                   0.6033949 0.4425281 0.4620774 0.4231521 0.5286933 0.6938996 0.5887160 0.5445246 0.4608489 0.4132326 1.8215082 0.4227920 0.4178102 0.4003438 0.4501130 0.3829357 0.4146346 0.4046601 0.4237365 0.3473912 0.0000000 0.3846937 0.4174184 0.4173624 0.4256102 0.4183291 0.4156153 0.4313529 0.4084955 0.3948785 0.4309359 0.4137325 0.4714518 0.4206125 0.4722429 0.3837344 0.3624215 0.2697687 0.3645536 0.4247177 
yHAB132_Kazachstania_martiniae              0.4188260 0.3134141 0.2892179 0.4131486 0.4297102 0.5672853 0.4531058 0.4221124 0.2909726 0.2949965 1.4978710 0.2562621 0.2472651 0.2274060 0.2310838 0.2401331 0.2441016 0.2312878 0.3041805 0.4071693 0.3846937 0.0000000 0.2352496 0.2615720 0.2182140 0.2485678 0.2555438 0.3833124 0.2256796 0.3302824 0.2745637 0.2208540 0.2600171 0.2551623 0.2626012 0.3209557 0.4648884 0.4090688 0.4820299 0.3786519 
yHAB133_Kazachstania_unispora               0.4446412 0.2745311 0.2796424 0.4067519 0.4490556 0.6080705 0.4259115 0.4475301 0.2900246 0.3259296 1.5695623 0.2456296 0.2653590 0.2400722 0.2674988 0.2355166 0.2541448 0.2435626 0.2921863 0.4580137 0.4174184 0.2352496 0.0000000 0.3087576 0.1843470 0.0973292 0.2058858 0.3404213 0.2681192 0.2529228 0.3181646 0.2490455 0.0458696 0.2948504 0.0521169 0.2427502 0.4409467 0.4238802 0.4981544 0.3758846 
yHAB134_Kazachstania_turicensis             0.5125770 0.3825613 0.3336087 0.5000964 0.4945684 0.6064851 0.4998514 0.4855749 0.3642281 0.3527113 1.5588017 0.3552495 0.3846836 0.3365399 0.3733568 0.3758471 0.3858452 0.3323569 0.3439554 0.4430766 0.4173624 0.2615720 0.3087576 0.0000000 0.2995530 0.3338296 0.2970267 0.4129581 0.2905621 0.3342179 0.3625711 0.3246108 0.3414775 0.2532821 0.3535604 0.3448659 0.4506590 0.4133615 0.4777774 0.3754290 
yHAB136_Kazachstania_bromeliacearum         0.4670881 0.2684478 0.2240193 0.4086967 0.4230984 0.5861292 0.4170852 0.4067596 0.2907983 0.2374992 1.6680934 0.2789938 0.2833636 0.2691217 0.2924243 0.2855690 0.2833514 0.2653510 0.3050720 0.5193808 0.4256102 0.2182140 0.1843470 0.2995530 0.0000000 0.1850540 0.1803744 0.4161015 0.2418965 0.2874751 0.2875209 0.2548537 0.2062434 0.3029506 0.2115364 0.2841229 0.4635386 0.4651393 0.5347588 0.3600212 
yHAB143_Kazachstania_siamensis              0.4304123 0.2619923 0.2634092 0.4271363 0.4318228 0.6239379 0.4206646 0.4211830 0.2794035 0.3065922 1.5447056 0.2859108 0.2666541 0.2631657 0.2729613 0.2451213 0.2575471 0.2670331 0.2730703 0.4361249 0.4183291 0.2485678 0.0973292 0.3338296 0.1850540 0.0000000 0.1930339 0.3433821 0.2755268 0.2367390 0.2842473 0.2619410 0.1017383 0.2732832 0.1023955 0.2425430 0.4727707 0.3990634 0.4953496 0.3604226 
yHAB147_Kazachstania_taianensis             0.4496880 0.2952333 0.2674791 0.4469062 0.4376850 0.5940325 0.4432845 0.4338921 0.2950651 0.3068111 1.4079061 0.2474866 0.2436399 0.2365069 0.2555357 0.2523538 0.2425907 0.2403110 0.2853998 0.4456686 0.4156153 0.2555438 0.2058858 0.2970267 0.1803744 0.1930339 0.0000000 0.3729378 0.2560572 0.2572260 0.2846007 0.2480929 0.2164241 0.2711395 0.2209130 0.2564973 0.4460473 0.4244288 0.5123173 0.3108429 
yHAB148_Kazachstania_intestinalis           0.5355765 0.4057899 0.4357902 0.4913339 0.5574842 0.6280985 0.5268653 0.5619746 0.4379147 0.4202781 1.5865924 0.3950779 0.4229886 0.3795352 0.4323852 0.3784591 0.4125301 0.3836177 0.4213922 0.4791425 0.4313529 0.3833124 0.3404213 0.4129581 0.4161015 0.3433821 0.3729378 0.0000000 0.4154849 0.4074256 0.4130865 0.4246380 0.3817330 0.4780503 0.3945562 0.4041331 0.4742524 0.4918716 0.5417733 0.4587193 
yHAB153_Kazachstania_rosinii                0.4407068 0.3257264 0.2793647 0.4153892 0.4397265 0.5706294 0.4704776 0.4548022 0.3389561 0.2782603 1.5854916 0.2881705 0.3076591 0.2832719 0.3180629 0.2851964 0.3053816 0.2871194 0.3280034 0.5208681 0.4084955 0.2256796 0.2681192 0.2905621 0.2418965 0.2755268 0.2560572 0.4154849 0.0000000 0.3117982 0.2616364 0.2289395 0.3246457 0.2362031 0.3222342 0.2938989 0.5010030 0.4229432 0.5452700 0.3993853 
yHAB154_Kazachstania_transvaalensis         0.4375522 0.3240468 0.3131953 0.3764847 0.4915998 0.6307973 0.4513166 0.4790102 0.3592208 0.4105977 1.5373393 0.3652753 0.3390199 0.3317540 0.3591158 0.3448667 0.3406969 0.3303596 0.3643522 0.4997197 0.3948785 0.3302824 0.2529228 0.3342179 0.2874751 0.2367390 0.2572260 0.4074256 0.3117982 0.0000000 0.3579190 0.3178377 0.2626160 0.3055475 0.2683576 0.0560414 0.4705932 0.4824930 0.5238083 0.4119136 
yHAB155_Kazachstania_spencerorum            0.4608875 0.3029260 0.3497964 0.4589762 0.4632574 0.6332249 0.4576601 0.4630743 0.2859168 0.2933121 1.5317225 0.2807480 0.2796306 0.2688597 0.2731411 0.2924715 0.2776012 0.2647188 0.3656719 0.4745026 0.4309359 0.2745637 0.3181646 0.3625711 0.2875209 0.2842473 0.2846007 0.4130865 0.2616364 0.3579190 0.0000000 0.2382378 0.3362521 0.2743959 0.3443985 0.3675215 0.5043865 0.4399029 0.5272293 0.3900720 
yHAB158_Kazachstania_viticola               0.4229975 0.3025494 0.3192518 0.4560773 0.4250799 0.5698753 0.4188981 0.4228151 0.2940014 0.3011247 1.4794419 0.2972791 0.2920818 0.2813842 0.2770586 0.2920596 0.2792134 0.2852914 0.2893200 0.4430187 0.4137325 0.2208540 0.2490455 0.3246108 0.2548537 0.2619410 0.2480929 0.4246380 0.2289395 0.3178377 0.2382378 0.0000000 0.2708714 0.2339684 0.2727123 0.3108210 0.4558215 0.4278070 0.4572904 0.4076447 
yHAB159_Kazachstania_solicola               0.4618562 0.2932182 0.2988466 0.4390414 0.4518887 0.6592106 0.4352324 0.4425490 0.3006958 0.3419705 1.5583036 0.2906264 0.2778260 0.2676137 0.2798020 0.2655582 0.2640262 0.2714760 0.3018147 0.4711180 0.4714518 0.2600171 0.0458696 0.3414775 0.2062434 0.1017383 0.2164241 0.3817330 0.3246457 0.2626160 0.3362521 0.2708714 0.0000000 0.3128825 0.0118005 0.2594755 0.4952510 0.4667993 0.5399026 0.3528234 
yHAB160_Kazachstania_kunashirensis          0.4150143 0.3417768 0.3238762 0.4857189 0.4251999 0.5806507 0.4423590 0.4320461 0.3038651 0.3450733 1.4853501 0.3148500 0.3186747 0.3161168 0.3160901 0.3143136 0.3063215 0.3118176 0.3037693 0.4643205 0.4206125 0.2551623 0.2948504 0.2532821 0.3029506 0.2732832 0.2711395 0.4780503 0.2362031 0.3055475 0.2743959 0.2339684 0.3128825 0.0000000 0.3107800 0.2864056 0.5054116 0.4537549 0.5038670 0.3848491 
yHAB164_Kazachstania_aerobia                0.4635286 0.2958087 0.2976971 0.4557111 0.4501717 0.6626690 0.4334377 0.4407864 0.2974548 0.3490164 1.5760622 0.2863582 0.2735691 0.2634723 0.2755331 0.2652040 0.2598474 0.2673258 0.2962944 0.4871834 0.4722429 0.2626012 0.0521169 0.3535604 0.2115364 0.1023955 0.2209130 0.3945562 0.3222342 0.2683576 0.3443985 0.2727123 0.0118005 0.3107800 0.0000000 0.2567699 0.5047380 0.4573342 0.5438451 0.3580358 
yHAB166_Kazachstania_yakushimaensis         0.4188242 0.3317501 0.3133558 0.3687022 0.4697202 0.6182269 0.4515846 0.4727755 0.3698584 0.4065178 1.4567177 0.3379354 0.3320537 0.3200101 0.3513559 0.3265135 0.3227946 0.3186611 0.3469644 0.5261198 0.3837344 0.3209557 0.2427502 0.3448659 0.2841229 0.2425430 0.2564973 0.4041331 0.2938989 0.0560414 0.3675215 0.3108210 0.2594755 0.2864056 0.2567699 0.0000000 0.4624540 0.4865404 0.5240410 0.3969156 
yHMPu5000034875_Tetrapisispora_fleetii      0.6533742 0.5583791 0.4665300 0.5538738 0.6236738 0.7094122 0.6272816 0.6553785 0.4945166 0.5246869 1.7177094 0.4405371 0.4784852 0.4425401 0.4754856 0.4579164 0.4756552 0.4470317 0.5433323 0.1651982 0.3624215 0.4648884 0.4409467 0.4506590 0.4635386 0.4727707 0.4460473 0.4742524 0.5010030 0.4705932 0.5043865 0.4558215 0.4952510 0.5054116 0.5047380 0.4624540 0.0000000 0.2090903 0.0774876 0.5416539 
yHMPu5000034876_Tetrapisispora_iriomotensis 0.5949433 0.4856900 0.4321281 0.4847393 0.5351940 0.7046289 0.5887829 0.5464290 0.4548396 0.4389290 1.7859757 0.4032634 0.4210285 0.3915990 0.4185499 0.4110791 0.4263512 0.3958621 0.4670605 0.1787847 0.2697687 0.4090688 0.4238802 0.4133615 0.4651393 0.3990634 0.4244288 0.4918716 0.4229432 0.4824930 0.4399029 0.4278070 0.4667993 0.4537549 0.4573342 0.4865404 0.2090903 0.0000000 0.1870424 0.4939466 
yHMPu5000034877_Tetrapisispora_namnaonensis 0.6823499 0.5765115 0.4871180 0.5985913 0.6492457 0.7257181 0.6894584 0.6829647 0.5073683 0.5444019 1.6915989 0.4806296 0.5017536 0.4698885 0.4956135 0.4792741 0.4986878 0.4748945 0.5689353 0.1413717 0.3645536 0.4820299 0.4981544 0.4777774 0.5347588 0.4953496 0.5123173 0.5417733 0.5452700 0.5238083 0.5272293 0.4572904 0.5399026 0.5038670 0.5438451 0.5240410 0.0774876 0.1870424 0.0000000 0.5671331 
yHMPu5000035629_Yueomyces_sinensis          0.5333408 0.3950756 0.3973733 0.4581382 0.5146042 0.6537672 0.5565057 0.5172503 0.3908142 0.3951224 1.8179064 0.3616908 0.3838437 0.3588613 0.3761060 0.3547612 0.3879987 0.3628481 0.3675399 0.5449761 0.4247177 0.3786519 0.3758846 0.3754290 0.3600212 0.3604226 0.3108429 0.4587193 0.3993853 0.4119136 0.3900720 0.4076447 0.3528234 0.3848491 0.3580358 0.3969156 0.5416539 0.4939466 0.5671331 0.0000000 
