40
Candida_glabrata                            0.0000000 0.0869452 0.1015068 0.1135427 0.0213127 0.1053905 0.0249806 0.0217922 0.1002908 0.1076018 0.5848685 0.1038513 0.0983462 0.0969788 0.1154004 0.1026783 0.1043676 0.0974903 0.0949435 0.1092874 0.1604062 0.1031359 0.0999525 0.1109387 0.0920248 0.0947389 0.0929657 0.1138687 0.0945355 0.0947090 0.1111825 0.0847947 0.0983592 0.1028983 0.1011946 0.0964722 0.1058874 0.1013861 0.1075519 0.1025435 
Kazachstania_africana                       0.0869452 0.0000000 0.0918072 0.1048994 0.0885540 0.0954233 0.0913494 0.0886981 0.0800621 0.0849773 0.5932345 0.0851831 0.0771019 0.0828486 0.0992018 0.0847163 0.0801603 0.0806877 0.0809074 0.0991127 0.1461721 0.0852618 0.0975579 0.0913332 0.0648646 0.0832477 0.0811149 0.1034914 0.0771900 0.0823300 0.0832672 0.0570159 0.0961788 0.0805405 0.0967708 0.0845136 0.1005307 0.0961537 0.1040641 0.0891985 
Kazachstania_naganishii                     0.1015068 0.0918072 0.0000000 0.1147141 0.1041957 0.1116627 0.1040752 0.1058713 0.0941651 0.0864487 0.6076569 0.0992399 0.0969423 0.0975745 0.1149910 0.0974733 0.0957840 0.1005331 0.0918224 0.1137949 0.1583705 0.1006810 0.0975763 0.1129703 0.0703268 0.0840286 0.0773338 0.0968133 0.0925104 0.0910471 0.1061654 0.0774170 0.0928346 0.1030902 0.0962865 0.0907174 0.1157431 0.1077470 0.1138177 0.0960118 
Nakaseomyces_bacillisporus                  0.1135427 0.1048994 0.1147141 0.0000000 0.1141079 0.0852095 0.1164476 0.1159456 0.1033958 0.1158886 0.6038393 0.1168794 0.1111386 0.1154016 0.1270830 0.1199601 0.1145280 0.1148436 0.1086785 0.1265387 0.1587546 0.1198555 0.1242401 0.1233735 0.1009879 0.1169958 0.1096408 0.1272886 0.1144530 0.1122967 0.1215901 0.0990079 0.1221567 0.1162665 0.1243197 0.1078563 0.1249518 0.1217421 0.1238060 0.1226106 
Nakaseomyces_bracarensis                    0.0213127 0.0885540 0.1041957 0.1141079 0.0000000 0.1021438 0.0184061 0.0135932 0.1035288 0.1120101 0.5981679 0.1000767 0.0917387 0.0948982 0.1091629 0.0999157 0.0976755 0.0948606 0.0950597 0.1102311 0.1590947 0.1030138 0.1053025 0.1079837 0.0905574 0.0989288 0.0972633 0.1122143 0.1004812 0.0947436 0.1049705 0.0841691 0.0999602 0.1022087 0.1035202 0.0977589 0.1101457 0.0998355 0.1125595 0.1033770 
Nakaseomyces_castellii                      0.1053905 0.0954233 0.1116627 0.0852095 0.1021438 0.0000000 0.1073560 0.1035637 0.1123798 0.1183630 0.6029203 0.1016092 0.0999031 0.1002161 0.1214934 0.1121731 0.1061486 0.1027772 0.1072142 0.1258281 0.1637941 0.1103682 0.1317002 0.1213744 0.0919371 0.1196568 0.1065694 0.1308088 0.1185356 0.1065316 0.1247692 0.0933912 0.1220233 0.1123635 0.1250070 0.1094336 0.1290383 0.1280143 0.1325402 0.1186295 
Nakaseomyces_delphensis                     0.0249806 0.0913494 0.1040752 0.1164476 0.0184061 0.1073560 0.0000000 0.0173281 0.1065728 0.1104028 0.5937984 0.1026091 0.0927819 0.1007406 0.1138880 0.1005227 0.0982974 0.1018094 0.0999580 0.1129969 0.1604947 0.1018549 0.1105501 0.1115746 0.0962400 0.1033994 0.0989051 0.1134411 0.1029398 0.0967515 0.1077329 0.0899465 0.1063503 0.1054070 0.1085895 0.1016681 0.1089659 0.1074465 0.1121021 0.1082244 
Nakaseomyces_nivariensis                    0.0217922 0.0886981 0.1058713 0.1159456 0.0135932 0.1035637 0.0173281 0.0000000 0.1029179 0.1110003 0.5941143 0.1005846 0.0909381 0.0947761 0.1092628 0.0981929 0.0981037 0.0960987 0.0968631 0.1110743 0.1535632 0.1024954 0.1045919 0.1078983 0.0910593 0.0979003 0.0934887 0.1140360 0.0987700 0.0931200 0.1023356 0.0869941 0.0991962 0.1031778 0.1027127 0.0992067 0.1118849 0.1020002 0.1139796 0.1024584 
Naumovozyma_castellii                       0.1002908 0.0800621 0.0941651 0.1033958 0.1035288 0.1123798 0.1065728 0.1029179 0.0000000 0.0709273 0.6009049 0.1015984 0.0907396 0.0970870 0.1122144 0.0973833 0.0908911 0.0973780 0.0924828 0.1065767 0.1487207 0.0960399 0.1142211 0.1044823 0.0774199 0.0905353 0.0872091 0.1206827 0.0870970 0.0857343 0.1001069 0.0763875 0.1143251 0.0936853 0.1151689 0.0887668 0.1067624 0.0990192 0.1033190 0.1023433 
Naumovozyma_dairenensis                     0.1076018 0.0849773 0.0864487 0.1158886 0.1120101 0.1183630 0.1104028 0.1110003 0.0709273 0.0000000 0.6210558 0.1118857 0.0990435 0.1045182 0.1192720 0.1100596 0.1020476 0.1040648 0.0965576 0.1061087 0.1543122 0.1018666 0.1116087 0.1111969 0.0781632 0.0931658 0.0843632 0.1226858 0.0928630 0.0922694 0.1144780 0.0780893 0.1110871 0.1080937 0.1112172 0.0903364 0.1113178 0.0997990 0.1109944 0.1045849 
Neurospora_crassa                           0.5848685 0.5932345 0.6076569 0.6038393 0.5981679 0.6029203 0.5937984 0.5941143 0.6009049 0.6210558 0.0000000 0.6040934 0.6090498 0.6103270 0.6470511 0.6146397 0.6081729 0.6181333 0.6032967 0.5921935 0.5976305 0.6105703 0.6135598 0.5879228 0.5997218 0.5951431 0.5913705 0.6186998 0.6056570 0.5955844 0.5962557 0.5913307 0.6168720 0.5900317 0.6249548 0.6059076 0.6037125 0.6096422 0.6066521 0.5966049 
Saccharomyces_arboricola                    0.1038513 0.0851831 0.0992399 0.1168794 0.1000767 0.1016092 0.1026091 0.1005846 0.1015984 0.1118857 0.6040934 0.0000000 0.0414380 0.0533632 0.0551278 0.0528653 0.0464366 0.0566650 0.0976839 0.1144720 0.1623254 0.0982681 0.1186384 0.1111650 0.0869702 0.0990961 0.0971735 0.1141829 0.1013452 0.0950696 0.1134753 0.0854692 0.1140588 0.1032667 0.1169582 0.0932199 0.1153182 0.1038482 0.1167341 0.1064018 
Saccharomyces_cerevisiae                    0.0983462 0.0771019 0.0969423 0.1111386 0.0917387 0.0999031 0.0927819 0.0909381 0.0907396 0.0990435 0.6090498 0.0414380 0.0000000 0.0477436 0.0447033 0.0337332 0.0191999 0.0499880 0.0911298 0.1003776 0.1509242 0.0895265 0.1095388 0.1034646 0.0751748 0.0911236 0.0855042 0.1050220 0.0917371 0.0836216 0.1027782 0.0747067 0.1053200 0.0970899 0.1081523 0.0853180 0.1055987 0.0954634 0.1052321 0.1007076 
Saccharomyces_eubayanus                     0.0969788 0.0828486 0.0975745 0.1154016 0.0948982 0.1002161 0.1007406 0.0947761 0.0970870 0.1045182 0.6103270 0.0533632 0.0477436 0.0000000 0.0577470 0.0524429 0.0510740 0.0126711 0.0946704 0.0984430 0.1543169 0.0960307 0.1137422 0.1082665 0.0807298 0.0944524 0.0877099 0.1120412 0.0876144 0.0897657 0.1036396 0.0814830 0.1068301 0.0954124 0.1098454 0.0893992 0.1022105 0.0911444 0.1018757 0.0980114 
Saccharomyces_kudriavzevii                  0.1154004 0.0992018 0.1149910 0.1270830 0.1091629 0.1214934 0.1138880 0.1092628 0.1122144 0.1192720 0.6470511 0.0551278 0.0447033 0.0577470 0.0000000 0.0517401 0.0414421 0.0620953 0.1114729 0.1174458 0.1630886 0.1068816 0.1237048 0.1226683 0.0993283 0.1097136 0.1035480 0.1225106 0.1075517 0.1025160 0.1198090 0.0975658 0.1238230 0.1198713 0.1273154 0.1020211 0.1155117 0.1093499 0.1179068 0.1159127 
Saccharomyces_mikatae                       0.1026783 0.0847163 0.0974733 0.1199601 0.0999157 0.1121731 0.1005227 0.0981929 0.0973833 0.1100596 0.6146397 0.0528653 0.0337332 0.0524429 0.0517401 0.0000000 0.0325261 0.0578474 0.0962582 0.1083208 0.1579823 0.1029212 0.1155565 0.1131380 0.0853591 0.1033485 0.0976089 0.1166487 0.0970281 0.0942882 0.1125716 0.0847454 0.1113139 0.1054552 0.1127875 0.0933538 0.1110976 0.0964686 0.1096238 0.1043583 
Saccharomyces_paradoxus                     0.1043676 0.0801603 0.0957840 0.1145280 0.0976755 0.1061486 0.0982974 0.0981037 0.0908911 0.1020476 0.6081729 0.0464366 0.0191999 0.0510740 0.0414421 0.0325261 0.0000000 0.0528067 0.0923889 0.1033789 0.1613334 0.0949701 0.1107535 0.1099543 0.0786740 0.0917699 0.0873809 0.1101411 0.0860299 0.0862729 0.1068834 0.0789240 0.1102554 0.0988745 0.1121902 0.0861686 0.1064320 0.0946855 0.1060620 0.1013203 
Saccharomyces_uvarum                        0.0974903 0.0806877 0.1005331 0.1148436 0.0948606 0.1027772 0.1018094 0.0960987 0.0973780 0.1040648 0.6181333 0.0566650 0.0499880 0.0126711 0.0620953 0.0578474 0.0528067 0.0000000 0.0941288 0.1016247 0.1589726 0.0899911 0.1172659 0.1146827 0.0809126 0.0936943 0.0907757 0.1112620 0.0892071 0.0909402 0.1028101 0.0828868 0.1131164 0.0960576 0.1149548 0.0906742 0.1036682 0.0954863 0.1031266 0.1022066 
Tetrapisispora_blattae                      0.0949435 0.0809074 0.0918224 0.1086785 0.0950597 0.1072142 0.0999580 0.0968631 0.0924828 0.0965576 0.6032967 0.0976839 0.0911298 0.0946704 0.1114729 0.0962582 0.0923889 0.0941288 0.0000000 0.0947916 0.1566677 0.1019688 0.1142805 0.1049598 0.0793395 0.0992280 0.0834150 0.1095015 0.0892221 0.0885192 0.1010275 0.0713318 0.1098735 0.0948552 0.1111151 0.0909659 0.0975466 0.0899585 0.0981896 0.0624527 
Tetrapisispora_phaffii                      0.1092874 0.0991127 0.1137949 0.1265387 0.1102311 0.1258281 0.1129969 0.1110743 0.1065767 0.1061087 0.5921935 0.1144720 0.1003776 0.0984430 0.1174458 0.1083208 0.1033789 0.1016247 0.0947916 0.0000000 0.1535166 0.1201811 0.1270112 0.1248758 0.0948463 0.1094714 0.1054172 0.1310182 0.1131606 0.1097334 0.1216788 0.0992365 0.1258317 0.1224908 0.1248652 0.1080745 0.0241613 0.0305312 0.0235257 0.1118271 
Vanderwaltozyma_polyspora                   0.1604062 0.1461721 0.1583705 0.1587546 0.1590947 0.1637941 0.1604947 0.1535632 0.1487207 0.1543122 0.5976305 0.1623254 0.1509242 0.1543169 0.1630886 0.1579823 0.1613334 0.1589726 0.1566677 0.1535166 0.0000000 0.1587003 0.1606857 0.1520081 0.1490598 0.1561964 0.1472631 0.1511270 0.1462061 0.1554808 0.1557234 0.1473388 0.1628295 0.1548768 0.1648247 0.1508495 0.1517642 0.1562770 0.1535880 0.1657250 
yHAB132_Kazachstania_martiniae              0.1031359 0.0852618 0.1006810 0.1198555 0.1030138 0.1103682 0.1018549 0.1024954 0.0960399 0.1018666 0.6105703 0.0982681 0.0895265 0.0960307 0.1068816 0.1029212 0.0949701 0.0899911 0.1019688 0.1201811 0.1587003 0.0000000 0.1072383 0.1008226 0.0788004 0.0904155 0.0867370 0.1074787 0.0977730 0.0993348 0.1059309 0.0836037 0.1087079 0.0993287 0.1092878 0.0970226 0.1160630 0.1152782 0.1176899 0.1069643 
yHAB133_Kazachstania_unispora               0.0999525 0.0975579 0.0975763 0.1242401 0.1053025 0.1317002 0.1105501 0.1045919 0.1142211 0.1116087 0.6135598 0.1186384 0.1095388 0.1137422 0.1237048 0.1155565 0.1107535 0.1172659 0.1142805 0.1270112 0.1606857 0.1072383 0.0000000 0.1150731 0.0887668 0.0557187 0.0871948 0.1133986 0.0920636 0.0957756 0.1161247 0.0937897 0.0194850 0.1078128 0.0201269 0.0879062 0.1302664 0.1235998 0.1295451 0.1217304 
yHAB134_Kazachstania_turicensis             0.1109387 0.0913332 0.1129703 0.1233735 0.1079837 0.1213744 0.1115746 0.1078983 0.1044823 0.1111969 0.5879228 0.1111650 0.1034646 0.1082665 0.1226683 0.1131380 0.1099543 0.1146827 0.1049598 0.1248758 0.1520081 0.1008226 0.1150731 0.0000000 0.0900618 0.0977131 0.0939619 0.1107824 0.0858531 0.0974343 0.0928925 0.0870334 0.1137914 0.0655546 0.1161137 0.0926984 0.1207018 0.1198934 0.1203215 0.1106638 
yHAB136_Kazachstania_bromeliacearum         0.0920248 0.0648646 0.0703268 0.1009879 0.0905574 0.0919371 0.0962400 0.0910593 0.0774199 0.0781632 0.5997218 0.0869702 0.0751748 0.0807298 0.0993283 0.0853591 0.0786740 0.0809126 0.0793395 0.0948463 0.1490598 0.0788004 0.0887668 0.0900618 0.0000000 0.0704796 0.0620311 0.0905648 0.0726726 0.0656645 0.0905143 0.0577749 0.0843797 0.0802199 0.0867506 0.0640427 0.0981121 0.0925938 0.0964036 0.0946016 
yHAB143_Kazachstania_siamensis              0.0947389 0.0832477 0.0840286 0.1169958 0.0989288 0.1196568 0.1033994 0.0979003 0.0905353 0.0931658 0.5951431 0.0990961 0.0911236 0.0944524 0.1097136 0.1033485 0.0917699 0.0936943 0.0992280 0.1094714 0.1561964 0.0904155 0.0557187 0.0977131 0.0704796 0.0000000 0.0659630 0.0970314 0.0781730 0.0803907 0.1093835 0.0691384 0.0589353 0.0923926 0.0597028 0.0752053 0.1107740 0.1031114 0.1067661 0.1052031 
yHAB147_Kazachstania_taianensis             0.0929657 0.0811149 0.0773338 0.1096408 0.0972633 0.1065694 0.0989051 0.0934887 0.0872091 0.0843632 0.5913705 0.0971735 0.0855042 0.0877099 0.1035480 0.0976089 0.0873809 0.0907757 0.0834150 0.1054172 0.1472631 0.0867370 0.0871948 0.0939619 0.0620311 0.0659630 0.0000000 0.0998589 0.0829301 0.0665920 0.0981923 0.0662268 0.0868813 0.0933579 0.0898600 0.0644309 0.1045835 0.1032435 0.1053559 0.1001316 
yHAB148_Kazachstania_intestinalis           0.1138687 0.1034914 0.0968133 0.1272886 0.1122143 0.1308088 0.1134411 0.1140360 0.1206827 0.1226858 0.6186998 0.1141829 0.1050220 0.1120412 0.1225106 0.1166487 0.1101411 0.1112620 0.1095015 0.1310182 0.1511270 0.1074787 0.1133986 0.1107824 0.0905648 0.0970314 0.0998589 0.0000000 0.0972253 0.1041247 0.1135593 0.0958464 0.1145822 0.1113387 0.1182758 0.0994599 0.1241754 0.1287901 0.1278824 0.1200411 
yHAB153_Kazachstania_rosinii                0.0945355 0.0771900 0.0925104 0.1144530 0.1004812 0.1185356 0.1029398 0.0987700 0.0870970 0.0928630 0.6056570 0.1013452 0.0917371 0.0876144 0.1075517 0.0970281 0.0860299 0.0892071 0.0892221 0.1131606 0.1462061 0.0977730 0.0920636 0.0858531 0.0726726 0.0781730 0.0829301 0.0972253 0.0000000 0.0864029 0.0922208 0.0745778 0.0945511 0.0778104 0.0940093 0.0843133 0.1106223 0.1057139 0.1094254 0.1021321 
yHAB154_Kazachstania_transvaalensis         0.0947090 0.0823300 0.0910471 0.1122967 0.0947436 0.1065316 0.0967515 0.0931200 0.0857343 0.0922694 0.5955844 0.0950696 0.0836216 0.0897657 0.1025160 0.0942882 0.0862729 0.0909402 0.0885192 0.1097334 0.1554808 0.0993348 0.0957756 0.0974343 0.0656645 0.0803907 0.0665920 0.1041247 0.0864029 0.0000000 0.1000930 0.0796810 0.0989530 0.0869153 0.1004596 0.0184200 0.1046466 0.1029243 0.1049693 0.0996636 
yHAB155_Kazachstania_spencerorum            0.1111825 0.0832672 0.1061654 0.1215901 0.1049705 0.1247692 0.1077329 0.1023356 0.1001069 0.1144780 0.5962557 0.1134753 0.1027782 0.1036396 0.1198090 0.1125716 0.1068834 0.1028101 0.1010275 0.1216788 0.1557234 0.1059309 0.1161247 0.0928925 0.0905143 0.1093835 0.0981923 0.1135593 0.0922208 0.1000930 0.0000000 0.0811258 0.1129247 0.0821439 0.1158092 0.1017952 0.1215971 0.1201034 0.1253104 0.1133675 
yHAB158_Kazachstania_viticola               0.0847947 0.0570159 0.0774170 0.0990079 0.0841691 0.0933912 0.0899465 0.0869941 0.0763875 0.0780893 0.5913307 0.0854692 0.0747067 0.0814830 0.0975658 0.0847454 0.0789240 0.0828868 0.0713318 0.0992365 0.1473388 0.0836037 0.0937897 0.0870334 0.0577749 0.0691384 0.0662268 0.0958464 0.0745778 0.0796810 0.0811258 0.0000000 0.0885834 0.0772608 0.0911252 0.0772906 0.0976072 0.0919597 0.0960650 0.0898946 
yHAB159_Kazachstania_solicola               0.0983592 0.0961788 0.0928346 0.1221567 0.0999602 0.1220233 0.1063503 0.0991962 0.1143251 0.1110871 0.6168720 0.1140588 0.1053200 0.1068301 0.1238230 0.1113139 0.1102554 0.1131164 0.1098735 0.1258317 0.1628295 0.1087079 0.0194850 0.1137914 0.0843797 0.0589353 0.0868813 0.1145822 0.0945511 0.0989530 0.1129247 0.0885834 0.0000000 0.1063383 0.0035875 0.0928951 0.1282860 0.1241657 0.1280211 0.1199355 
yHAB160_Kazachstania_kunashirensis          0.1028983 0.0805405 0.1030902 0.1162665 0.1022087 0.1123635 0.1054070 0.1031778 0.0936853 0.1080937 0.5900317 0.1032667 0.0970899 0.0954124 0.1198713 0.1054552 0.0988745 0.0960576 0.0948552 0.1224908 0.1548768 0.0993287 0.1078128 0.0655546 0.0802199 0.0923926 0.0933579 0.1113387 0.0778104 0.0869153 0.0821439 0.0772608 0.1063383 0.0000000 0.1080898 0.0840608 0.1169940 0.1139709 0.1169298 0.1032219 
yHAB164_Kazachstania_aerobia                0.1011946 0.0967708 0.0962865 0.1243197 0.1035202 0.1250070 0.1085895 0.1027127 0.1151689 0.1112172 0.6249548 0.1169582 0.1081523 0.1098454 0.1273154 0.1127875 0.1121902 0.1149548 0.1111151 0.1248652 0.1648247 0.1092878 0.0201269 0.1161137 0.0867506 0.0597028 0.0898600 0.1182758 0.0940093 0.1004596 0.1158092 0.0911252 0.0035875 0.1080898 0.0000000 0.0934653 0.1281928 0.1226608 0.1279262 0.1221445 
yHAB166_Kazachstania_yakushimaensis         0.0964722 0.0845136 0.0907174 0.1078563 0.0977589 0.1094336 0.1016681 0.0992067 0.0887668 0.0903364 0.6059076 0.0932199 0.0853180 0.0893992 0.1020211 0.0933538 0.0861686 0.0906742 0.0909659 0.1080745 0.1508495 0.0970226 0.0879062 0.0926984 0.0640427 0.0752053 0.0644309 0.0994599 0.0843133 0.0184200 0.1017952 0.0772906 0.0928951 0.0840608 0.0934653 0.0000000 0.1029929 0.1028148 0.1012479 0.1029335 
yHMPu5000034875_Tetrapisispora_fleetii      0.1058874 0.1005307 0.1157431 0.1249518 0.1101457 0.1290383 0.1089659 0.1118849 0.1067624 0.1113178 0.6037125 0.1153182 0.1055987 0.1022105 0.1155117 0.1110976 0.1064320 0.1036682 0.0975466 0.0241613 0.1517642 0.1160630 0.1302664 0.1207018 0.0981121 0.1107740 0.1045835 0.1241754 0.1106223 0.1046466 0.1215971 0.0976072 0.1282860 0.1169940 0.1281928 0.1029929 0.0000000 0.0317075 0.0098985 0.1125128 
yHMPu5000034876_Tetrapisispora_iriomotensis 0.1013861 0.0961537 0.1077470 0.1217421 0.0998355 0.1280143 0.1074465 0.1020002 0.0990192 0.0997990 0.6096422 0.1038482 0.0954634 0.0911444 0.1093499 0.0964686 0.0946855 0.0954863 0.0899585 0.0305312 0.1562770 0.1152782 0.1235998 0.1198934 0.0925938 0.1031114 0.1032435 0.1287901 0.1057139 0.1029243 0.1201034 0.0919597 0.1241657 0.1139709 0.1226608 0.1028148 0.0317075 0.0000000 0.0288528 0.1053773 
yHMPu5000034877_Tetrapisispora_namnaonensis 0.1075519 0.1040641 0.1138177 0.1238060 0.1125595 0.1325402 0.1121021 0.1139796 0.1033190 0.1109944 0.6066521 0.1167341 0.1052321 0.1018757 0.1179068 0.1096238 0.1060620 0.1031266 0.0981896 0.0235257 0.1535880 0.1176899 0.1295451 0.1203215 0.0964036 0.1067661 0.1053559 0.1278824 0.1094254 0.1049693 0.1253104 0.0960650 0.1280211 0.1169298 0.1279262 0.1012479 0.0098985 0.0288528 0.0000000 0.1152012 
yHMPu5000035629_Yueomyces_sinensis          0.1025435 0.0891985 0.0960118 0.1226106 0.1033770 0.1186295 0.1082244 0.1024584 0.1023433 0.1045849 0.5966049 0.1064018 0.1007076 0.0980114 0.1159127 0.1043583 0.1013203 0.1022066 0.0624527 0.1118271 0.1657250 0.1069643 0.1217304 0.1106638 0.0946016 0.1052031 0.1001316 0.1200411 0.1021321 0.0996636 0.1133675 0.0898946 0.1199355 0.1032219 0.1221445 0.1029335 0.1125128 0.1053773 0.1152012 0.0000000 
