21
Kazachstania_africana               0.0000000 2.7499655 2.6714047 2.5359144 3.3292537 2.6077554 2.9022192 3.2886876 2.5344010 2.9574984 2.6925650 3.6225867 2.3305507 3.0064509 2.5662112 2.6758491 2.8077888 2.7341064 2.8521646 2.9066582 3.4677682 
Kazachstania_naganishii             2.7499655 0.0000000 2.9629410 2.8405232 3.3893514 2.8686503 2.3938333 3.4847919 2.1123745 2.4033693 2.1733483 3.5530389 2.5951636 2.5950949 3.0071641 2.8502014 2.5281994 3.0288782 2.5142790 2.5398534 3.4925920 
Naumovozyma_castellii               2.6714047 2.9629410 0.0000000 2.0075177 2.9799830 2.7508298 2.9061322 3.3287481 2.6558270 2.9548789 2.7200363 3.6662506 2.5280999 3.0585076 2.7090012 2.7839592 2.9217780 2.8429233 2.9488282 2.9583802 3.2649001 
Naumovozyma_dairenensis             2.5359144 2.8405232 2.0075177 0.0000000 3.0003621 2.6452762 2.8526356 3.2109118 2.6674339 2.7907259 2.5606988 3.5192513 2.4903282 2.9219729 2.5692946 2.6587652 2.9135437 2.7668165 2.9451186 2.8186724 3.2284086 
Tetrapisispora_blattae              3.3292537 3.3893514 2.9799830 3.0003621 0.0000000 3.3958355 3.6940449 3.9178658 3.3380423 3.6863774 3.3414322 4.1554180 3.0866703 3.6332783 3.1053516 3.3053870 3.6917516 3.4296997 3.7166079 3.3757648 2.2365837 
yHAB132_Kazachstania_martiniae      2.6077554 2.8686503 2.7508298 2.6452762 3.3958355 0.0000000 2.9057682 3.3565904 2.5587342 2.9096212 2.6052440 3.6393484 2.6507103 3.0383373 2.6907262 2.6999504 2.9494672 2.7700810 2.9193824 2.8428405 3.6206090 
yHAB133_Kazachstania_unispora       2.9022192 2.3938333 2.9061322 2.8526356 3.6940449 2.9057682 0.0000000 3.3692081 2.2632187 1.0178133 2.0106181 3.5886365 2.6660969 2.3790407 2.8916937 2.8347110 0.6554155 2.8688093 0.6566802 2.2121869 3.5225531 
yHAB134_Kazachstania_turicensis     3.2886876 3.4847919 3.3287481 3.2109118 3.9178658 3.3565904 3.3692081 0.0000000 3.3101994 3.4036886 3.0805105 4.3307543 2.8819263 3.5642628 3.0703046 3.3373571 3.4132287 2.2321054 3.4687971 3.4835318 4.2091859 
yHAB136_Kazachstania_bromeliacearum 2.5344010 2.1123745 2.6558270 2.6674339 3.3380423 2.5587342 2.2632187 3.3101994 0.0000000 2.2543027 1.9134189 3.5118428 2.3283075 2.1726533 2.5624286 2.5754980 2.2836586 2.6172036 2.3010775 2.1473140 3.2354649 
yHAB143_Kazachstania_siamensis      2.9574984 2.4033693 2.9548789 2.7907259 3.6863774 2.9096212 1.0178133 3.4036886 2.2543027 0.0000000 2.0404969 3.7363748 2.7176587 2.3329769 3.0545538 2.7640335 1.0468839 2.9886973 1.0551473 2.2074403 3.5522175 
yHAB147_Kazachstania_taianensis     2.6925650 2.1733483 2.7200363 2.5606988 3.3414322 2.6052440 2.0106181 3.0805105 1.9134189 2.0404969 0.0000000 3.4869747 2.4449985 2.0634023 2.6921615 2.6418993 2.0264085 2.7126152 2.0796423 2.0431727 3.3525185 
yHAB148_Kazachstania_intestinalis   3.6225867 3.5530389 3.6662506 3.5192513 4.1554180 3.6393484 3.5886365 4.3307543 3.5118428 3.7363748 3.4869747 0.0000000 3.6528605 3.6316323 3.8077896 3.4977086 3.6943896 3.8233177 3.7054033 3.6391302 4.2092652 
yHAB153_Kazachstania_rosinii        2.3305507 2.5951636 2.5280999 2.4903282 3.0866703 2.6507103 2.6660969 2.8819263 2.3283075 2.7176587 2.4449985 3.6528605 0.0000000 2.7093560 1.8227206 2.4215936 2.6941236 2.1710447 2.7041135 2.5890271 3.2868089 
yHAB154_Kazachstania_transvaalensis 3.0064509 2.5950949 3.0585076 2.9219729 3.6332783 3.0383373 2.3790407 3.5642628 2.1726533 2.3329769 2.0634023 3.6316323 2.7093560 0.0000000 3.0103500 2.9246430 2.4119948 3.1762676 2.4105081 0.7374252 3.4445169 
yHAB155_Kazachstania_spencerorum    2.5662112 3.0071641 2.7090012 2.5692946 3.1053516 2.6907262 2.8916937 3.0703046 2.5624286 3.0545538 2.6921615 3.8077896 1.8227206 3.0103500 0.0000000 2.6004543 2.9319859 2.3137989 2.9497884 2.8926424 3.5127326 
yHAB158_Kazachstania_viticola       2.6758491 2.8502014 2.7839592 2.6587652 3.3053870 2.6999504 2.8347110 3.3373571 2.5754980 2.7640335 2.6418993 3.4977086 2.4215936 2.9246430 2.6004543 0.0000000 2.8404661 2.7709324 2.8336059 2.8476690 3.5633338 
yHAB159_Kazachstania_solicola       2.8077888 2.5281994 2.9217780 2.9135437 3.6917516 2.9494672 0.6554155 3.4132287 2.2836586 1.0468839 2.0264085 3.6943896 2.6941236 2.4119948 2.9319859 2.8404661 0.0000000 2.8963104 0.1637779 2.2938497 3.5071922 
yHAB160_Kazachstania_kunashirensis  2.7341064 3.0288782 2.8429233 2.7668165 3.4296997 2.7700810 2.8688093 2.2321054 2.6172036 2.9886973 2.7126152 3.8233177 2.1710447 3.1762676 2.3137989 2.7709324 2.8963104 0.0000000 2.9201123 2.8815299 3.6320488 
yHAB164_Kazachstania_aerobia        2.8521646 2.5142790 2.9488282 2.9451186 3.7166079 2.9193824 0.6566802 3.4687971 2.3010775 1.0551473 2.0796423 3.7054033 2.7041135 2.4105081 2.9497884 2.8336059 0.1637779 2.9201123 0.0000000 2.2607047 3.4836545 
yHAB166_Kazachstania_yakushimaensis 2.9066582 2.5398534 2.9583802 2.8186724 3.3757648 2.8428405 2.2121869 3.4835318 2.1473140 2.2074403 2.0431727 3.6391302 2.5890271 0.7374252 2.8926424 2.8476690 2.2938497 2.8815299 2.2607047 0.0000000 3.3713447 
yHMPu5000035629_Yueomyces_sinensis  3.4677682 3.4925920 3.2649001 3.2284086 2.2365837 3.6206090 3.5225531 4.2091859 3.2354649 3.5522175 3.3525185 4.2092652 3.2868089 3.4445169 3.5127326 3.5633338 3.5071922 3.6320488 3.4836545 3.3713447 0.0000000 
