21
Kazachstania_africana               0.0000000 1.0534611 0.5999468 0.5835246 1.0126695 0.5156236 0.5716043 0.5842999 0.4902324 0.5609349 1.3569954 0.7925895 0.6508017 0.7069452 0.5900780 0.5002114 0.5986757 0.4552171 0.5716449 0.6750371 0.6984188 
Kazachstania_naganishii             1.0534611 0.0000000 1.2438023 1.2444654 1.6487642 1.1844159 1.0116151 1.2411764 0.9631099 1.0438766 0.6435433 0.9350244 0.9215010 0.9677445 1.2293903 1.2954855 1.0866103 1.2434664 1.1012691 1.2157856 1.4322988 
Naumovozyma_castellii               0.5999468 1.2438023 0.0000000 0.4936262 1.1967345 0.6914046 0.7125725 0.7347564 0.6013168 0.6880160 1.4573004 0.9745227 0.8173880 0.9252092 0.7409176 0.6377709 0.6656192 0.6604488 0.6675130 0.7818357 0.8570140 
Naumovozyma_dairenensis             0.5835246 1.2444654 0.4936262 0.0000000 0.9237960 0.6112878 0.5628319 0.5892030 0.4962465 0.6307151 1.7255764 1.0094483 0.8280984 0.8008601 0.6406003 0.5701203 0.5973673 0.5333523 0.5953434 0.6961667 0.6543758 
Tetrapisispora_blattae              1.0126695 1.6487642 1.1967345 0.9237960 0.0000000 0.8136640 0.8986652 0.9756390 0.8974263 0.9440108 2.1819707 1.4930511 1.3464822 1.1753217 0.8515984 0.8695057 0.9880488 0.7581884 0.9166127 1.0467361 0.6752166 
yHAB132_Kazachstania_martiniae      0.5156236 1.1844159 0.6914046 0.6112878 0.8136640 0.0000000 0.5214189 0.4935778 0.4445094 0.5537740 1.5692660 0.8527156 0.6685600 0.7188655 0.4976654 0.4778215 0.5589509 0.4589577 0.5791925 0.6565955 0.5997494 
yHAB133_Kazachstania_unispora       0.5716043 1.0116151 0.7125725 0.5628319 0.8986652 0.5214189 0.0000000 0.5484803 0.3147406 0.2551367 1.4054400 0.9317127 0.7370622 0.6114206 0.5524918 0.5372624 0.1849114 0.5158002 0.2023013 0.5528656 0.5611185 
yHAB134_Kazachstania_turicensis     0.5842999 1.2411764 0.7347564 0.5892030 0.9756390 0.4935778 0.5484803 0.0000000 0.5023536 0.5027682 1.6668690 0.9781675 0.7069541 0.7528893 0.4438862 0.5472099 0.5875288 0.3533693 0.5548871 0.5831425 0.5703532 
yHAB136_Kazachstania_bromeliacearum 0.4902324 0.9631099 0.6013168 0.4962465 0.8974263 0.4445094 0.3147406 0.5023536 0.0000000 0.4174179 1.2480032 0.7812883 0.6924053 0.5776431 0.5195397 0.4690316 0.3798092 0.4691236 0.3848980 0.5592096 0.5896272 
yHAB143_Kazachstania_siamensis      0.5609349 1.0438766 0.6880160 0.6307151 0.9440108 0.5537740 0.2551367 0.5027682 0.4174179 0.0000000 1.5075868 0.9576038 0.7978828 0.6181450 0.5870311 0.5419917 0.3014176 0.4767840 0.3122592 0.5472958 0.6555084 
yHAB147_Kazachstania_taianensis     1.3569954 0.6435433 1.4573004 1.7255764 2.1819707 1.5692660 1.4054400 1.6668690 1.2480032 1.5075868 0.0000000 0.9220198 0.9060337 1.3939654 1.5011991 1.5406887 1.3319120 1.6694034 1.3893996 1.6259060 1.7351275 
yHAB148_Kazachstania_intestinalis   0.7925895 0.9350244 0.9745227 1.0094483 1.4930511 0.8527156 0.9317127 0.9781675 0.7812883 0.9576038 0.9220198 0.0000000 0.8199246 1.0057743 0.9561017 0.8854461 0.8856992 0.9491767 0.8879025 1.1721669 1.1555241 
yHAB153_Kazachstania_rosinii        0.6508017 0.9215010 0.8173880 0.8280984 1.3464822 0.6685600 0.7370622 0.7069541 0.6924053 0.7978828 0.9060337 0.8199246 0.0000000 0.8405884 0.6186887 0.6868391 0.7486737 0.6433906 0.7173096 0.8706389 0.8897541 
yHAB154_Kazachstania_transvaalensis 0.7069452 0.9677445 0.9252092 0.8008601 1.1753217 0.7188655 0.6114206 0.7528893 0.5776431 0.6181450 1.3939654 1.0057743 0.8405884 0.0000000 0.6295128 0.6406997 0.6974492 0.6270554 0.6833372 0.2645422 0.8629952 
yHAB155_Kazachstania_spencerorum    0.5900780 1.2293903 0.7409176 0.6406003 0.8515984 0.4976654 0.5524918 0.4438862 0.5195397 0.5870311 1.5011991 0.9561017 0.6186887 0.6295128 0.0000000 0.5014051 0.6074625 0.3503855 0.5801270 0.5327569 0.5738748 
yHAB158_Kazachstania_viticola       0.5002114 1.2954855 0.6377709 0.5701203 0.8695057 0.4778215 0.5372624 0.5472099 0.4690316 0.5419917 1.5406887 0.8854461 0.6868391 0.6406997 0.5014051 0.0000000 0.5429234 0.4871555 0.5507601 0.5870120 0.5589462 
yHAB159_Kazachstania_solicola       0.5986757 1.0866103 0.6656192 0.5973673 0.9880488 0.5589509 0.1849114 0.5875288 0.3798092 0.3014176 1.3319120 0.8856992 0.7486737 0.6974492 0.6074625 0.5429234 0.0000000 0.5495074 0.0773301 0.6876644 0.6161417 
yHAB160_Kazachstania_kunashirensis  0.4552171 1.2434664 0.6604488 0.5333523 0.7581884 0.4589577 0.5158002 0.3533693 0.4691236 0.4767840 1.6694034 0.9491767 0.6433906 0.6270554 0.3503855 0.4871555 0.5495074 0.0000000 0.5056298 0.4947871 0.5227511 
yHAB164_Kazachstania_aerobia        0.5716449 1.1012691 0.6675130 0.5953434 0.9166127 0.5791925 0.2023013 0.5548871 0.3848980 0.3122592 1.3893996 0.8879025 0.7173096 0.6833372 0.5801270 0.5507601 0.0773301 0.5056298 0.0000000 0.6471137 0.5918532 
yHAB166_Kazachstania_yakushimaensis 0.6750371 1.2157856 0.7818357 0.6961667 1.0467361 0.6565955 0.5528656 0.5831425 0.5592096 0.5472958 1.6259060 1.1721669 0.8706389 0.2645422 0.5327569 0.5870120 0.6876644 0.4947871 0.6471137 0.0000000 0.7311169 
yHMPu5000035629_Yueomyces_sinensis  0.6984188 1.4322988 0.8570140 0.6543758 0.6752166 0.5997494 0.5611185 0.5703532 0.5896272 0.6555084 1.7351275 1.1555241 0.8897541 0.8629952 0.5738748 0.5589462 0.6161417 0.5227511 0.5918532 0.7311169 0.0000000 
