21
Kazachstania_africana               0.0000000 0.1726731 0.1019966 0.1123374 0.0855726 0.1040413 0.0970459 0.1321294 0.0623625 0.0909082 0.0957409 0.1385445 0.1212147 0.1254513 0.1317787 0.1060289 0.0878944 0.1114672 0.0962222 0.1220721 0.1873793 
Kazachstania_naganishii             0.1726731 0.0000000 0.1637899 0.2002050 0.1288340 0.1695685 0.1873537 0.2085219 0.1282371 0.1689934 0.1889405 0.1580178 0.1956910 0.2533536 0.2034039 0.1962894 0.1779029 0.1880026 0.1981531 0.2656876 0.2520067 
Naumovozyma_castellii               0.1019966 0.1637899 0.0000000 0.0845624 0.0797734 0.0816624 0.1026274 0.1072901 0.0817870 0.0995449 0.1178912 0.1262175 0.0843002 0.1442771 0.1003548 0.1075517 0.0975283 0.0870062 0.1049878 0.1278703 0.1948640 
Naumovozyma_dairenensis             0.1123374 0.2002050 0.0845624 0.0000000 0.1003544 0.1023310 0.1097110 0.1247758 0.0998539 0.1074699 0.1395652 0.1308987 0.1195014 0.1427703 0.1102760 0.1076446 0.0910010 0.1018022 0.1016113 0.1409623 0.1692254 
Tetrapisispora_blattae              0.0855726 0.1288340 0.0797734 0.1003544 0.0000000 0.0997180 0.0982660 0.1110337 0.0872537 0.0618270 0.1058501 0.1132532 0.0943700 0.1201873 0.1063769 0.1099452 0.0769472 0.0808516 0.0882332 0.1160685 0.1401754 
yHAB132_Kazachstania_martiniae      0.1040413 0.1695685 0.0816624 0.1023310 0.0997180 0.0000000 0.0763088 0.1033519 0.0650034 0.0812869 0.0916696 0.1500206 0.0946737 0.1223852 0.1038299 0.1130085 0.0512518 0.0982249 0.0588177 0.1037006 0.1631138 
yHAB133_Kazachstania_unispora       0.0970459 0.1873537 0.1026274 0.1097110 0.0982660 0.0763088 0.0000000 0.1095402 0.0765042 0.0459029 0.0831256 0.1396488 0.0979654 0.0926978 0.1059876 0.0917049 0.0367277 0.0957688 0.0436858 0.0785027 0.1755721 
yHAB134_Kazachstania_turicensis     0.1321294 0.2085219 0.1072901 0.1247758 0.1110337 0.1033519 0.1095402 0.0000000 0.0947683 0.1192015 0.1218280 0.1824783 0.0992477 0.1367393 0.0919650 0.1122297 0.0944059 0.0827573 0.1009755 0.1334955 0.2049846 
yHAB136_Kazachstania_bromeliacearum 0.0623625 0.1282371 0.0817870 0.0998539 0.0872537 0.0650034 0.0765042 0.0947683 0.0000000 0.0702189 0.0691343 0.1251083 0.1032574 0.1193392 0.0937742 0.0864153 0.0550997 0.0954464 0.0723504 0.1186442 0.1460873 
yHAB143_Kazachstania_siamensis      0.0909082 0.1689934 0.0995449 0.1074699 0.0618270 0.0812869 0.0459029 0.1192015 0.0702189 0.0000000 0.0758478 0.1166654 0.0974387 0.0925836 0.1223394 0.0933425 0.0480086 0.0994442 0.0593589 0.0840396 0.1576315 
yHAB147_Kazachstania_taianensis     0.0957409 0.1889405 0.1178912 0.1395652 0.1058501 0.0916696 0.0831256 0.1218280 0.0691343 0.0758478 0.0000000 0.1471587 0.1120032 0.1262812 0.1422603 0.1004884 0.0721638 0.1020222 0.0838338 0.1257607 0.2076776 
yHAB148_Kazachstania_intestinalis   0.1385445 0.1580178 0.1262175 0.1308987 0.1132532 0.1500206 0.1396488 0.1824783 0.1251083 0.1166654 0.1471587 0.0000000 0.1395588 0.1623392 0.1506197 0.1280224 0.1471751 0.1338122 0.1507969 0.1712854 0.1948445 
yHAB153_Kazachstania_rosinii        0.1212147 0.1956910 0.0843002 0.1195014 0.0943700 0.0946737 0.0979654 0.0992477 0.1032574 0.0974387 0.1120032 0.1395588 0.0000000 0.1167725 0.0850709 0.1062474 0.0806513 0.0696922 0.0953939 0.1146466 0.1919691 
yHAB154_Kazachstania_transvaalensis 0.1254513 0.2533536 0.1442771 0.1427703 0.1201873 0.1223852 0.0926978 0.1367393 0.1193392 0.0925836 0.1262812 0.1623392 0.1167725 0.0000000 0.1322444 0.1209750 0.0877785 0.1232355 0.0856010 0.0332411 0.1426835 
yHAB155_Kazachstania_spencerorum    0.1317787 0.2034039 0.1003548 0.1102760 0.1063769 0.1038299 0.1059876 0.0919650 0.0937742 0.1223394 0.1422603 0.1506197 0.0850709 0.1322444 0.0000000 0.0970887 0.0974390 0.0705583 0.1130536 0.1218288 0.1698073 
yHAB158_Kazachstania_viticola       0.1060289 0.1962894 0.1075517 0.1076446 0.1099452 0.1130085 0.0917049 0.1122297 0.0864153 0.0933425 0.1004884 0.1280224 0.1062474 0.1209750 0.0970887 0.0000000 0.1054389 0.0853224 0.1150524 0.1197725 0.1826804 
yHAB159_Kazachstania_solicola       0.0878944 0.1779029 0.0975283 0.0910010 0.0769472 0.0512518 0.0367277 0.0944059 0.0550997 0.0480086 0.0721638 0.1471751 0.0806513 0.0877785 0.0974390 0.1054389 0.0000000 0.0759530 0.0213021 0.0840042 0.1624719 
yHAB160_Kazachstania_kunashirensis  0.1114672 0.1880026 0.0870062 0.1018022 0.0808516 0.0982249 0.0957688 0.0827573 0.0954464 0.0994442 0.1020222 0.1338122 0.0696922 0.1232355 0.0705583 0.0853224 0.0759530 0.0000000 0.0775490 0.1338808 0.1652179 
yHAB164_Kazachstania_aerobia        0.0962222 0.1981531 0.1049878 0.1016113 0.0882332 0.0588177 0.0436858 0.1009755 0.0723504 0.0593589 0.0838338 0.1507969 0.0953939 0.0856010 0.1130536 0.1150524 0.0213021 0.0775490 0.0000000 0.0787351 0.1785093 
yHAB166_Kazachstania_yakushimaensis 0.1220721 0.2656876 0.1278703 0.1409623 0.1160685 0.1037006 0.0785027 0.1334955 0.1186442 0.0840396 0.1257607 0.1712854 0.1146466 0.0332411 0.1218288 0.1197725 0.0840042 0.1338808 0.0787351 0.0000000 0.1509159 
yHMPu5000035629_Yueomyces_sinensis  0.1873793 0.2520067 0.1948640 0.1692254 0.1401754 0.1631138 0.1755721 0.2049846 0.1460873 0.1576315 0.2076776 0.1948445 0.1919691 0.1426835 0.1698073 0.1826804 0.1624719 0.1652179 0.1785093 0.1509159 0.0000000 
