21
Kazachstania_africana               0.0000000 0.7501852 0.6933654 0.7109805 0.9048635 0.6214108 0.6309695 0.7218015 0.5645020 0.6176873 0.6730122 0.8092132 0.6390981 0.7192741 0.6671204 0.6179881 0.6782267 0.6405071 0.6759815 0.6804691 0.9640081 
Kazachstania_naganishii             0.7501852 0.0000000 0.6665808 0.7425733 0.9667729 0.6714962 0.5801078 0.7510971 0.4739377 0.5809704 0.5629336 0.7934639 0.5750456 0.6886965 0.7090777 0.6952074 0.5765143 0.7050286 0.6367993 0.6701882 1.0460950 
Naumovozyma_castellii               0.6933654 0.6665808 0.0000000 0.4404337 0.8406477 0.5721751 0.5359505 0.6295295 0.4937180 0.5467777 0.5952366 0.7378095 0.6068643 0.6586997 0.6037721 0.5798167 0.5884067 0.6193344 0.5850225 0.6223584 0.8504199 
Naumovozyma_dairenensis             0.7109805 0.7425733 0.4404337 0.0000000 0.7938731 0.6011025 0.5957205 0.6786481 0.5472860 0.5906331 0.6624196 0.7617044 0.6646073 0.6346308 0.6380999 0.5851745 0.6209848 0.6243887 0.6200127 0.6213621 0.8695622 
Tetrapisispora_blattae              0.9048635 0.9667729 0.8406477 0.7938731 0.0000000 0.8304518 0.7961201 0.8825151 0.7703635 0.7877490 0.8922844 0.9925069 0.9254960 0.8287032 0.8350722 0.7914148 0.8285998 0.8812673 0.8464719 0.8315366 0.6968567 
yHAB132_Kazachstania_martiniae      0.6214108 0.6714962 0.5721751 0.6011025 0.8304518 0.0000000 0.5041873 0.6268717 0.4608559 0.5285101 0.5385629 0.7204961 0.6126722 0.5751172 0.5896636 0.5175194 0.5889467 0.5650842 0.5706464 0.5549421 0.8394589 
yHAB133_Kazachstania_unispora       0.6309695 0.5801078 0.5359505 0.5957205 0.7961201 0.5041873 0.0000000 0.5649339 0.3639244 0.1857752 0.4456083 0.7314095 0.5978713 0.4790434 0.5512590 0.5552650 0.1850813 0.5570644 0.1787835 0.4494053 0.8163927 
yHAB134_Kazachstania_turicensis     0.7218015 0.7510971 0.6295295 0.6786481 0.8825151 0.6268717 0.5649339 0.0000000 0.5375252 0.5865262 0.6918333 0.8598974 0.5928763 0.6710429 0.5803784 0.6266650 0.6411099 0.4437108 0.6435662 0.6621293 0.8720275 
yHAB136_Kazachstania_bromeliacearum 0.5645020 0.4739377 0.4937180 0.5472860 0.7703635 0.4608559 0.3639244 0.5375252 0.0000000 0.3681949 0.4379235 0.6509360 0.5083415 0.4940388 0.5249841 0.4863841 0.4299833 0.5152161 0.4408509 0.4521124 0.8179730 
yHAB143_Kazachstania_siamensis      0.6176873 0.5809704 0.5467777 0.5906331 0.7877490 0.5285101 0.1857752 0.5865262 0.3681949 0.0000000 0.4447680 0.7265725 0.5793910 0.4985709 0.5597840 0.5532847 0.2459089 0.5608885 0.2617364 0.4874419 0.8274073 
yHAB147_Kazachstania_taianensis     0.6730122 0.5629336 0.5952366 0.6624196 0.8922844 0.5385629 0.4456083 0.6918333 0.4379235 0.4447680 0.0000000 0.7490337 0.5898125 0.5822838 0.6408128 0.6235707 0.4865245 0.6262269 0.5104166 0.5434630 0.9270433 
yHAB148_Kazachstania_intestinalis   0.8092132 0.7934639 0.7378095 0.7617044 0.9925069 0.7204961 0.7314095 0.8598974 0.6509360 0.7265725 0.7490337 0.0000000 0.7366545 0.7903382 0.8034652 0.7218355 0.7569172 0.7749758 0.7891863 0.7950912 1.0025559 
yHAB153_Kazachstania_rosinii        0.6390981 0.5750456 0.6068643 0.6646073 0.9254960 0.6126722 0.5978713 0.5928763 0.5083415 0.5793910 0.5898125 0.7366545 0.0000000 0.6877448 0.5624444 0.5801902 0.5858136 0.5476088 0.6372536 0.6828046 0.9807293 
yHAB154_Kazachstania_transvaalensis 0.7192741 0.6886965 0.6586997 0.6346308 0.8287032 0.5751172 0.4790434 0.6710429 0.4940388 0.4985709 0.5822838 0.7903382 0.6877448 0.0000000 0.6615607 0.6312224 0.5278167 0.6395102 0.5438344 0.1845536 0.8798875 
yHAB155_Kazachstania_spencerorum    0.6671204 0.7090777 0.6037721 0.6380999 0.8350722 0.5896636 0.5512590 0.5803784 0.5249841 0.5597840 0.6408128 0.8034652 0.5624444 0.6615607 0.0000000 0.5721232 0.6402103 0.5140706 0.6281526 0.6408564 0.8971090 
yHAB158_Kazachstania_viticola       0.6179881 0.6952074 0.5798167 0.5851745 0.7914148 0.5175194 0.5552650 0.6266650 0.4863841 0.5532847 0.6235707 0.7218355 0.5801902 0.6312224 0.5721232 0.0000000 0.6067804 0.5612928 0.6058480 0.6075767 0.8298123 
yHAB159_Kazachstania_solicola       0.6782267 0.5765143 0.5884067 0.6209848 0.8285998 0.5889467 0.1850813 0.6411099 0.4299833 0.2459089 0.4865245 0.7569172 0.5858136 0.5278167 0.6402103 0.6067804 0.0000000 0.6271466 0.1202206 0.5126395 0.9051389 
yHAB160_Kazachstania_kunashirensis  0.6405071 0.7050286 0.6193344 0.6243887 0.8812673 0.5650842 0.5570644 0.4437108 0.5152161 0.5608885 0.6262269 0.7749758 0.5476088 0.6395102 0.5140706 0.5612928 0.6271466 0.0000000 0.6215768 0.6248394 0.8948406 
yHAB164_Kazachstania_aerobia        0.6759815 0.6367993 0.5850225 0.6200127 0.8464719 0.5706464 0.1787835 0.6435662 0.4408509 0.2617364 0.5104166 0.7891863 0.6372536 0.5438344 0.6281526 0.6058480 0.1202206 0.6215768 0.0000000 0.5206454 0.8814231 
yHAB166_Kazachstania_yakushimaensis 0.6804691 0.6701882 0.6223584 0.6213621 0.8315366 0.5549421 0.4494053 0.6621293 0.4521124 0.4874419 0.5434630 0.7950912 0.6828046 0.1845536 0.6408564 0.6075767 0.5126395 0.6248394 0.5206454 0.0000000 0.8517731 
yHMPu5000035629_Yueomyces_sinensis  0.9640081 1.0460950 0.8504199 0.8695622 0.6968567 0.8394589 0.8163927 0.8720275 0.8179730 0.8274073 0.9270433 1.0025559 0.9807293 0.8798875 0.8971090 0.8298123 0.9051389 0.8948406 0.8814231 0.8517731 0.0000000 
