21
Kazachstania_africana               0.0000000 2.9261475 2.8102802 2.9788348 3.4960503 2.7574413 3.3657252 2.8780388 2.3220779 3.3085409 2.8435456 3.2918657 2.2539502 3.5265590 2.4010561 2.7401891 3.4569596 2.4116137 3.4944379 3.4768766 3.5539831 
Kazachstania_naganishii             2.9261475 0.0000000 3.1180227 3.4550477 3.9795715 3.0374516 3.5155296 3.2423109 2.3196718 3.4642521 2.8338356 3.6680325 2.9310348 3.2429696 2.9805078 3.1041689 3.3149553 3.1393948 3.3818508 3.1288430 4.0695250 
Naumovozyma_castellii               2.8102802 3.1180227 0.0000000 2.6527313 3.2863254 2.5466338 3.2153303 3.0854722 2.4139022 3.1682358 3.0224490 3.2356421 2.4150238 3.1252300 2.3562402 2.7858059 3.2621327 2.5381405 3.3046940 3.0379057 3.5655121 
Naumovozyma_dairenensis             2.9788348 3.4550477 2.6527313 0.0000000 3.6218423 2.8473321 3.4656428 3.0464867 2.7323733 3.7330078 3.3301117 3.5280703 2.5812712 3.3199354 2.6802955 3.0432243 3.4769232 2.8947835 3.5076145 3.3009532 3.6418424 
Tetrapisispora_blattae              3.4960503 3.9795715 3.2863254 3.6218423 0.0000000 3.3057408 3.7311507 3.4822880 3.1401790 3.8335682 3.6112697 3.9461611 3.1524675 3.5967336 3.1327324 3.6153924 3.7958863 3.3283932 3.8639555 3.4302184 3.0775537 
yHAB132_Kazachstania_martiniae      2.7574413 3.0374516 2.5466338 2.8473321 3.3057408 0.0000000 3.1163862 2.9312395 2.3132771 3.2455164 2.7646900 3.3352553 2.3637574 3.1709490 2.4949458 2.7959053 3.0472514 2.4249391 3.1086414 3.0833435 3.6799956 
yHAB133_Kazachstania_unispora       3.3657252 3.5155296 3.2153303 3.4656428 3.7311507 3.1163862 0.0000000 3.6018727 2.7125199 1.1085649 2.9353481 3.8229727 3.1998659 3.0258253 3.2495739 3.2969815 0.7013530 3.1657127 0.7119553 3.1009000 4.2030869 
yHAB134_Kazachstania_turicensis     2.8780388 3.2423109 3.0854722 3.0464867 3.4822880 2.9312395 3.6018727 0.0000000 2.7475844 3.4135264 3.1129007 3.2285786 2.2583381 3.2092984 2.5073701 3.0901953 3.3772068 1.9357076 3.4951764 3.3120207 3.6627362 
yHAB136_Kazachstania_bromeliacearum 2.3220779 2.3196718 2.4139022 2.7323733 3.1401790 2.3132771 2.7125199 2.7475844 0.0000000 2.7705231 2.0467697 2.9414450 2.1223320 2.6456864 2.1900165 2.5384546 2.6904332 2.2829575 2.8331083 2.5677872 3.6169767 
yHAB143_Kazachstania_siamensis      3.3085409 3.4642521 3.1682358 3.7330078 3.8335682 3.2455164 1.1085649 3.4135264 2.7705231 0.0000000 2.8961355 3.7897029 3.2072302 3.0559640 3.2174020 3.3129000 1.1893673 3.3710668 1.2015413 3.1361799 4.1612522 
yHAB147_Kazachstania_taianensis     2.8435456 2.8338356 3.0224490 3.3301117 3.6112697 2.7646900 2.9353481 3.1129007 2.0467697 2.8961355 0.0000000 3.2985583 2.6229954 2.7681835 2.7545378 2.9603442 2.9194022 2.7527079 2.9590942 2.7066017 4.1115451 
yHAB148_Kazachstania_intestinalis   3.2918657 3.6680325 3.2356421 3.5280703 3.9461611 3.3352553 3.8229727 3.2285786 2.9414450 3.7897029 3.2985583 0.0000000 3.0445228 3.7919247 3.1232041 3.4196927 3.8038044 3.2568354 3.8680860 3.7110566 4.2312390 
yHAB153_Kazachstania_rosinii        2.2539502 2.9310348 2.4150238 2.5812712 3.1524675 2.3637574 3.1998659 2.2583381 2.1223320 3.2072302 2.6229954 3.0445228 0.0000000 3.0128449 1.6809856 2.5064177 3.1614896 1.9661373 3.1602386 3.0466232 3.4889501 
yHAB154_Kazachstania_transvaalensis 3.5265590 3.2429696 3.1252300 3.3199354 3.5967336 3.1709490 3.0258253 3.2092984 2.6456864 3.0559640 2.7681835 3.7919247 3.0128449 0.0000000 2.9734124 3.2424095 2.9832521 3.1641523 3.0249147 1.0457056 4.3163433 
yHAB155_Kazachstania_spencerorum    2.4010561 2.9805078 2.3562402 2.6802955 3.1327324 2.4949458 3.2495739 2.5073701 2.1900165 3.2174020 2.7545378 3.1232041 1.6809856 2.9734124 0.0000000 2.5202732 3.1767430 2.0782489 3.2925794 2.9752806 3.5874590 
yHAB158_Kazachstania_viticola       2.7401891 3.1041689 2.7858059 3.0432243 3.6153924 2.7959053 3.2969815 3.0901953 2.5384546 3.3129000 2.9603442 3.4196927 2.5064177 3.2424095 2.5202732 0.0000000 3.3579054 2.6033228 3.4742112 3.3114896 4.0085961 
yHAB159_Kazachstania_solicola       3.4569596 3.3149553 3.2621327 3.4769232 3.7958863 3.0472514 0.7013530 3.3772068 2.6904332 1.1893673 2.9194022 3.8038044 3.1614896 2.9832521 3.1767430 3.3579054 0.0000000 3.2152997 0.2023366 3.0824204 4.0318071 
yHAB160_Kazachstania_kunashirensis  2.4116137 3.1393948 2.5381405 2.8947835 3.3283932 2.4249391 3.1657127 1.9357076 2.2829575 3.3710668 2.7527079 3.2568354 1.9661373 3.1641523 2.0782489 2.6033228 3.2152997 0.0000000 3.2924383 3.2397434 3.5335556 
yHAB164_Kazachstania_aerobia        3.4944379 3.3818508 3.3046940 3.5076145 3.8639555 3.1086414 0.7119553 3.4951764 2.8331083 1.2015413 2.9590942 3.8680860 3.1602386 3.0249147 3.2925794 3.4742112 0.2023366 3.2924383 0.0000000 3.1714309 4.1690756 
yHAB166_Kazachstania_yakushimaensis 3.4768766 3.1288430 3.0379057 3.3009532 3.4302184 3.0833435 3.1009000 3.3120207 2.5677872 3.1361799 2.7066017 3.7110566 3.0466232 1.0457056 2.9752806 3.3114896 3.0824204 3.2397434 3.1714309 0.0000000 4.1686450 
yHMPu5000035629_Yueomyces_sinensis  3.5539831 4.0695250 3.5655121 3.6418424 3.0775537 3.6799956 4.2030869 3.6627362 3.6169767 4.1612522 4.1115451 4.2312390 3.4889501 4.3163433 3.5874590 4.0085961 4.0318071 3.5335556 4.1690756 4.1686450 0.0000000 
