21
Kazachstania_africana               0.0000000 0.2004022 0.1407122 0.1489049 0.2268812 0.1582546 0.1236564 0.1279496 0.1323992 0.1292584 0.1670286 0.1904993 0.1562793 0.2239486 0.1646590 0.1134101 0.1295102 0.1349379 0.1136361 0.1695245 0.1660237 
Kazachstania_naganishii             0.2004022 0.0000000 0.2249414 0.2323226 0.3110821 0.2339129 0.1859885 0.1716874 0.2055623 0.1929899 0.1815815 0.2254019 0.2197582 0.2920965 0.2424239 0.2115100 0.1813049 0.2228877 0.1741108 0.2545312 0.2582546 
Naumovozyma_castellii               0.1407122 0.2249414 0.0000000 0.1119734 0.2003581 0.1451035 0.1284896 0.1336098 0.1439227 0.1392135 0.1749230 0.2014093 0.1684245 0.1889914 0.1716120 0.1104606 0.1367661 0.1451714 0.1266809 0.1593620 0.1721300 
Naumovozyma_dairenensis             0.1489049 0.2323226 0.1119734 0.0000000 0.1985675 0.1360099 0.1245463 0.1356669 0.1509652 0.1255346 0.1930135 0.2026738 0.1719242 0.1867690 0.1631329 0.1176712 0.1345404 0.1508436 0.1263139 0.1681105 0.1710570 
Tetrapisispora_blattae              0.2268812 0.3110821 0.2003581 0.1985675 0.0000000 0.2091984 0.1977202 0.2287004 0.2014625 0.2004616 0.2823197 0.2624914 0.2262826 0.2401165 0.2159094 0.1918581 0.2249800 0.2244025 0.2147431 0.2272341 0.1504417 
yHAB132_Kazachstania_martiniae      0.1582546 0.2339129 0.1451035 0.1360099 0.2091984 0.0000000 0.1152970 0.1258046 0.1529657 0.1380460 0.1830258 0.1840436 0.1670063 0.1937691 0.1572935 0.1199206 0.1458830 0.1389508 0.1341577 0.1582473 0.1746170 
yHAB133_Kazachstania_unispora       0.1236564 0.1859885 0.1284896 0.1245463 0.1977202 0.1152970 0.0000000 0.1139373 0.1108023 0.0577340 0.1439026 0.1831369 0.1560657 0.1543923 0.1341489 0.1161326 0.0646862 0.1354427 0.0532571 0.1164893 0.1654654 
yHAB134_Kazachstania_turicensis     0.1279496 0.1716874 0.1336098 0.1356669 0.2287004 0.1258046 0.1139373 0.0000000 0.1272022 0.1267086 0.1602822 0.1780407 0.1286827 0.1982271 0.1285546 0.1117458 0.1224377 0.1031567 0.1182715 0.1447145 0.1467150 
yHAB136_Kazachstania_bromeliacearum 0.1323992 0.2055623 0.1439227 0.1509652 0.2014625 0.1529657 0.1108023 0.1272022 0.0000000 0.1172519 0.1639050 0.1719335 0.1730335 0.1925115 0.1504335 0.1351474 0.1343371 0.1518537 0.1211617 0.1569641 0.1727428 
yHAB143_Kazachstania_siamensis      0.1292584 0.1929899 0.1392135 0.1255346 0.2004616 0.1380460 0.0577340 0.1267086 0.1172519 0.0000000 0.1565695 0.1773303 0.1685048 0.1509251 0.1363367 0.1214264 0.0769558 0.1424961 0.0755959 0.1196925 0.1818341 
yHAB147_Kazachstania_taianensis     0.1670286 0.1815815 0.1749230 0.1930135 0.2823197 0.1830258 0.1439026 0.1602822 0.1639050 0.1565695 0.0000000 0.2075933 0.1824884 0.2255372 0.1989485 0.1765732 0.1462933 0.1829541 0.1357860 0.1839593 0.2089269 
yHAB148_Kazachstania_intestinalis   0.1904993 0.2254019 0.2014093 0.2026738 0.2624914 0.1840436 0.1831369 0.1780407 0.1719335 0.1773303 0.2075933 0.0000000 0.2098488 0.2325049 0.2158740 0.1990950 0.1907963 0.1937056 0.1840452 0.2128467 0.2379307 
yHAB153_Kazachstania_rosinii        0.1562793 0.2197582 0.1684245 0.1719242 0.2262826 0.1670063 0.1560657 0.1286827 0.1730335 0.1685048 0.1824884 0.2098488 0.0000000 0.2312380 0.1601931 0.1485934 0.1661195 0.1482746 0.1588179 0.1909151 0.1782194 
yHAB154_Kazachstania_transvaalensis 0.2239486 0.2920965 0.1889914 0.1867690 0.2401165 0.1937691 0.1543923 0.1982271 0.1925115 0.1509251 0.2255372 0.2325049 0.2312380 0.0000000 0.2151892 0.1904511 0.1783668 0.1885365 0.1720818 0.0941043 0.2347510 
yHAB155_Kazachstania_spencerorum    0.1646590 0.2424239 0.1716120 0.1631329 0.2159094 0.1572935 0.1341489 0.1285546 0.1504335 0.1363367 0.1989485 0.2158740 0.1601931 0.2151892 0.0000000 0.1420717 0.1622374 0.1484444 0.1445852 0.1663148 0.1684498 
yHAB158_Kazachstania_viticola       0.1134101 0.2115100 0.1104606 0.1176712 0.1918581 0.1199206 0.1161326 0.1117458 0.1351474 0.1214264 0.1765732 0.1990950 0.1485934 0.1904511 0.1420717 0.0000000 0.1303164 0.1180229 0.1204992 0.1408196 0.1425360 
yHAB159_Kazachstania_solicola       0.1295102 0.1813049 0.1367661 0.1345404 0.2249800 0.1458830 0.0646862 0.1224377 0.1343371 0.0769558 0.1462933 0.1907963 0.1661195 0.1783668 0.1622374 0.1303164 0.0000000 0.1480735 0.0333715 0.1484754 0.1868372 
yHAB160_Kazachstania_kunashirensis  0.1349379 0.2228877 0.1451714 0.1508436 0.2244025 0.1389508 0.1354427 0.1031567 0.1518537 0.1424961 0.1829541 0.1937056 0.1482746 0.1885365 0.1484444 0.1180229 0.1480735 0.0000000 0.1412914 0.1538053 0.1485111 
yHAB164_Kazachstania_aerobia        0.1136361 0.1741108 0.1266809 0.1263139 0.2147431 0.1341577 0.0532571 0.1182715 0.1211617 0.0755959 0.1357860 0.1840452 0.1588179 0.1720818 0.1445852 0.1204992 0.0333715 0.1412914 0.0000000 0.1267061 0.1748348 
yHAB166_Kazachstania_yakushimaensis 0.1695245 0.2545312 0.1593620 0.1681105 0.2272341 0.1582473 0.1164893 0.1447145 0.1569641 0.1196925 0.1839593 0.2128467 0.1909151 0.0941043 0.1663148 0.1408196 0.1484754 0.1538053 0.1267061 0.0000000 0.1797285 
yHMPu5000035629_Yueomyces_sinensis  0.1660237 0.2582546 0.1721300 0.1710570 0.1504417 0.1746170 0.1654654 0.1467150 0.1727428 0.1818341 0.2089269 0.2379307 0.1782194 0.2347510 0.1684498 0.1425360 0.1868372 0.1485111 0.1748348 0.1797285 0.0000000 
