21
Kazachstania_africana               0.0000000 1.5457202 1.3040492 1.4107343 1.9691821 1.4654099 1.3808908 1.5330603 1.4268256 1.4426652 1.3732950 1.7346695 1.3281754 1.5019097 1.5094746 1.4743926 1.5125779 1.5527788 1.4827461 1.4531014 2.1708128 
Kazachstania_naganishii             1.5457202 0.0000000 1.4768704 1.3756195 2.0565489 1.3172733 1.2546971 1.6500308 1.1610307 1.2793355 1.2618229 1.5989437 1.4300822 1.4111545 1.5125422 1.6402248 1.4160232 1.6099336 1.4880674 1.4436276 2.2818565 
Naumovozyma_castellii               1.3040492 1.4768704 0.0000000 1.0349784 1.7707660 1.3818563 1.1917629 1.4199547 1.1837044 1.2609753 1.3225438 1.5299821 1.3730422 1.3151800 1.3524925 1.3979415 1.2853742 1.3772452 1.3951262 1.2238001 1.8706676 
Naumovozyma_dairenensis             1.4107343 1.3756195 1.0349784 0.0000000 1.6809313 1.2480309 1.1781875 1.4128272 1.2381834 1.2531492 1.2434576 1.5058713 1.3485078 1.3709978 1.4724562 1.4760201 1.1991815 1.4649225 1.3114695 1.3043383 1.9124361 
Tetrapisispora_blattae              1.9691821 2.0565489 1.7707660 1.6809313 0.0000000 1.9555341 1.6910149 1.8845757 1.7894790 1.8141411 1.9149246 2.0439210 1.9979341 1.8371296 1.9771525 2.1620705 1.8166145 1.9036555 1.9145515 1.7470411 1.2339568 
yHAB132_Kazachstania_martiniae      1.4654099 1.3172733 1.3818563 1.2480309 1.9555341 0.0000000 1.1430437 1.4020287 1.1816543 1.1586720 1.3210363 1.5291464 1.3608023 1.3838077 1.2985026 1.5756401 1.1623883 1.4222708 1.1962833 1.3167328 2.1979681 
yHAB133_Kazachstania_unispora       1.3808908 1.2546971 1.1917629 1.1781875 1.6910149 1.1430437 0.0000000 1.3181677 0.9569504 0.4766952 0.9986250 1.4815294 1.3792547 0.9854311 1.1862344 1.4727065 0.4628293 1.2552760 0.4898862 0.9394077 1.9584155 
yHAB134_Kazachstania_turicensis     1.5330603 1.6500308 1.4199547 1.4128272 1.8845757 1.4020287 1.3181677 0.0000000 1.3509920 1.3961199 1.5298824 1.6503621 1.2781322 1.4776419 1.2978328 1.6417687 1.3288893 1.1435729 1.4886096 1.3840782 1.9657675 
yHAB136_Kazachstania_bromeliacearum 1.4268256 1.1610307 1.1837044 1.2381834 1.7894790 1.1816543 0.9569504 1.3509920 0.0000000 0.9907095 1.1294316 1.5480696 1.4032125 1.1184164 1.3210218 1.4840146 1.0544818 1.3784714 1.1362699 1.0475660 1.8574059 
yHAB143_Kazachstania_siamensis      1.4426652 1.2793355 1.2609753 1.2531492 1.8141411 1.1586720 0.4766952 1.3961199 0.9907095 0.0000000 1.0243961 1.5199190 1.3597937 1.0558494 1.3658218 1.6259345 0.6194839 1.2637432 0.6888419 0.9845564 1.9879648 
yHAB147_Kazachstania_taianensis     1.3732950 1.2618229 1.3225438 1.2434576 1.9149246 1.3210363 0.9986250 1.5298824 1.1294316 1.0243961 0.0000000 1.6272361 1.4949194 1.2729983 1.3727718 1.5158108 1.1559983 1.4432943 1.2308569 1.1908766 2.1632270 
yHAB148_Kazachstania_intestinalis   1.7346695 1.5989437 1.5299821 1.5058713 2.0439210 1.5291464 1.4815294 1.6503621 1.5480696 1.5199190 1.6272361 0.0000000 1.6042977 1.5538700 1.6510614 1.6702003 1.5833662 1.7160027 1.6133675 1.4852302 2.1571862 
yHAB153_Kazachstania_rosinii        1.3281754 1.4300822 1.3730422 1.3485078 1.9979341 1.3608023 1.3792547 1.2781322 1.4032125 1.3597937 1.4949194 1.6042977 0.0000000 1.5499177 1.0895230 1.5357081 1.3117426 1.3555357 1.3682632 1.4672196 2.1154448 
yHAB154_Kazachstania_transvaalensis 1.5019097 1.4111545 1.3151800 1.3709978 1.8371296 1.3838077 0.9854311 1.4776419 1.1184164 1.0558494 1.2729983 1.5538700 1.5499177 0.0000000 1.2949112 1.5930163 1.1595291 1.5310674 1.2043699 0.3864024 1.9367484 
yHAB155_Kazachstania_spencerorum    1.5094746 1.5125422 1.3524925 1.4724562 1.9771525 1.2985026 1.1862344 1.2978328 1.3210218 1.3658218 1.3727718 1.6510614 1.0895230 1.2949112 0.0000000 1.5924589 1.2823849 1.3126576 1.3448807 1.2031731 2.1408221 
yHAB158_Kazachstania_viticola       1.4743926 1.6402248 1.3979415 1.4760201 2.1620705 1.5756401 1.4727065 1.6417687 1.4840146 1.6259345 1.5158108 1.6702003 1.5357081 1.5930163 1.5924589 0.0000000 1.5068928 1.8101236 1.6570542 1.5953642 2.2860095 
yHAB159_Kazachstania_solicola       1.5125779 1.4160232 1.2853742 1.1991815 1.8166145 1.1623883 0.4628293 1.3288893 1.0544818 0.6194839 1.1559983 1.5833662 1.3117426 1.1595291 1.2823849 1.5068928 0.0000000 1.3306632 0.1265442 1.0175481 2.0037583 
yHAB160_Kazachstania_kunashirensis  1.5527788 1.6099336 1.3772452 1.4649225 1.9036555 1.4222708 1.2552760 1.1435729 1.3784714 1.2637432 1.4432943 1.7160027 1.3555357 1.5310674 1.3126576 1.8101236 1.3306632 0.0000000 1.3806485 1.4537034 2.1189722 
yHAB164_Kazachstania_aerobia        1.4827461 1.4880674 1.3951262 1.3114695 1.9145515 1.1962833 0.4898862 1.4886096 1.1362699 0.6888419 1.2308569 1.6133675 1.3682632 1.2043699 1.3448807 1.6570542 0.1265442 1.3806485 0.0000000 1.0613111 2.1067355 
yHAB166_Kazachstania_yakushimaensis 1.4531014 1.4436276 1.2238001 1.3043383 1.7470411 1.3167328 0.9394077 1.3840782 1.0475660 0.9845564 1.1908766 1.4852302 1.4672196 0.3864024 1.2031731 1.5953642 1.0175481 1.4537034 1.0613111 0.0000000 1.8139384 
yHMPu5000035629_Yueomyces_sinensis  2.1708128 2.2818565 1.8706676 1.9124361 1.2339568 2.1979681 1.9584155 1.9657675 1.8574059 1.9879648 2.1632270 2.1571862 2.1154448 1.9367484 2.1408221 2.2860095 2.0037583 2.1189722 2.1067355 1.8139384 0.0000000 
