21
Kazachstania_africana               0.0000000 1.6064559 1.6075086 1.4647398 1.9862809 1.2544531 1.2303499 1.2839020 1.2222045 1.3285321 1.4008883 1.6884243 1.2527309 1.2403466 1.2766486 1.2045258 1.3325042 1.3489277 1.3535961 1.4427975 1.9548024 
Kazachstania_naganishii             1.6064559 0.0000000 1.4931955 1.4199543 2.0321919 1.3416556 1.3823224 1.4337045 1.1730288 1.3013000 1.2072209 1.3798720 1.3992704 1.2990181 1.3540103 1.4331613 1.3891545 1.4092782 1.3598182 1.5155873 1.8185537 
Naumovozyma_castellii               1.6075086 1.4931955 0.0000000 0.9590032 1.6448317 1.4440389 1.3422878 1.2533253 1.3513178 1.3569504 1.4292954 1.7086016 1.3395654 1.3944940 1.3742515 1.3535206 1.3546052 1.3373608 1.3443028 1.5422387 1.7071122 
Naumovozyma_dairenensis             1.4647398 1.4199543 0.9590032 0.0000000 1.6523283 1.3387844 1.1682551 1.1423525 1.1752124 1.2490480 1.2892400 1.6529295 1.2896124 1.1899369 1.2327178 1.2258985 1.3984814 1.2422080 1.3500764 1.3403594 1.7336575 
Tetrapisispora_blattae              1.9862809 2.0321919 1.6448317 1.6523283 0.0000000 1.9092647 2.0039033 1.8480012 1.7808818 1.9388547 2.1355392 2.3032600 1.9727774 1.8710206 1.9172989 1.9397683 2.0477175 2.0046531 1.9979400 2.1023642 1.1504740 
yHAB132_Kazachstania_martiniae      1.2544531 1.3416556 1.4440389 1.3387844 1.9092647 0.0000000 1.1713478 1.0802436 1.0941725 1.3094150 1.3049206 1.4832657 1.1932147 1.4506688 1.1034456 1.0337778 1.2680047 1.3009715 1.2652044 1.4545505 1.8650951 
yHAB133_Kazachstania_unispora       1.2303499 1.3823224 1.3422878 1.1682551 2.0039033 1.1713478 0.0000000 1.2239145 1.0049544 0.5340650 1.1591002 1.4636239 1.2643898 1.0905365 1.2070261 1.1628338 0.3408475 1.2893529 0.3664695 1.1317079 1.8781691 
yHAB134_Kazachstania_turicensis     1.2839020 1.4337045 1.2533253 1.1423525 1.8480012 1.0802436 1.2239145 0.0000000 1.1290136 1.2170759 1.2572694 1.6761213 1.0379445 1.2687981 0.8898279 1.1682482 1.3178329 0.7834850 1.3110986 1.2921285 1.8216544 
yHAB136_Kazachstania_bromeliacearum 1.2222045 1.1730288 1.3513178 1.1752124 1.7808818 1.0941725 1.0049544 1.1290136 0.0000000 1.0177899 1.1039016 1.5234586 1.3284477 1.0995826 1.2011759 1.1132269 1.0862992 1.2519832 1.0689795 1.1598537 1.8510890 
yHAB143_Kazachstania_siamensis      1.3285321 1.3013000 1.3569504 1.2490480 1.9388547 1.3094150 0.5340650 1.2170759 1.0177899 0.0000000 1.0503043 1.3475467 1.2741101 1.0519296 1.1549348 1.1276969 0.5551786 1.3167413 0.5665225 1.2116144 1.7303378 
yHAB147_Kazachstania_taianensis     1.4008883 1.2072209 1.4292954 1.2892400 2.1355392 1.3049206 1.1591002 1.2572694 1.1039016 1.0503043 0.0000000 1.4147255 1.3075818 1.2032045 1.1707879 1.2667265 1.1649035 1.4114220 1.1504689 1.3757469 1.9140419 
yHAB148_Kazachstania_intestinalis   1.6884243 1.3798720 1.7086016 1.6529295 2.3032600 1.4832657 1.4636239 1.6761213 1.5234586 1.3475467 1.4147255 0.0000000 1.4538489 1.4613384 1.3942979 1.6377004 1.4283879 1.5613440 1.4206572 1.7641042 2.3018048 
yHAB153_Kazachstania_rosinii        1.2527309 1.3992704 1.3395654 1.2896124 1.9727774 1.1932147 1.2643898 1.0379445 1.3284477 1.2741101 1.3075818 1.4538489 0.0000000 1.2452276 0.8381553 1.1117241 1.3452145 1.0347598 1.3331150 1.3451104 1.9023822 
yHAB154_Kazachstania_transvaalensis 1.2403466 1.2990181 1.3944940 1.1899369 1.8710206 1.4506688 1.0905365 1.2687981 1.0995826 1.0519296 1.2032045 1.4613384 1.2452276 0.0000000 1.1523265 1.2664165 1.0989047 1.1413409 1.1245871 0.4941123 1.8621875 
yHAB155_Kazachstania_spencerorum    1.2766486 1.3540103 1.3742515 1.2327178 1.9172989 1.1034456 1.2070261 0.8898279 1.2011759 1.1549348 1.1707879 1.3942979 0.8381553 1.1523265 0.0000000 1.0134782 1.2122471 0.8817223 1.2514018 1.3661766 1.8159108 
yHAB158_Kazachstania_viticola       1.2045258 1.4331613 1.3535206 1.2258985 1.9397683 1.0337778 1.1628338 1.1682482 1.1132269 1.1276969 1.2667265 1.6377004 1.1117241 1.2664165 1.0134782 0.0000000 1.1944772 1.2382810 1.1504852 1.4259913 1.8413293 
yHAB159_Kazachstania_solicola       1.3325042 1.3891545 1.3546052 1.3984814 2.0477175 1.2680047 0.3408475 1.3178329 1.0862992 0.5551786 1.1649035 1.4283879 1.3452145 1.0989047 1.2122471 1.1944772 0.0000000 1.3375587 0.1052778 1.1594674 1.7893921 
yHAB160_Kazachstania_kunashirensis  1.3489277 1.4092782 1.3373608 1.2422080 2.0046531 1.3009715 1.2893529 0.7834850 1.2519832 1.3167413 1.4114220 1.5613440 1.0347598 1.1413409 0.8817223 1.2382810 1.3375587 0.0000000 1.3339147 1.2416591 1.9404436 
yHAB164_Kazachstania_aerobia        1.3535961 1.3598182 1.3443028 1.3500764 1.9979400 1.2652044 0.3664695 1.3110986 1.0689795 0.5665225 1.1504689 1.4206572 1.3331150 1.1245871 1.2514018 1.1504852 0.1052778 1.3339147 0.0000000 1.1232184 1.8558837 
yHAB166_Kazachstania_yakushimaensis 1.4427975 1.5155873 1.5422387 1.3403594 2.1023642 1.4545505 1.1317079 1.2921285 1.1598537 1.2116144 1.3757469 1.7641042 1.3451104 0.4941123 1.3661766 1.4259913 1.1594674 1.2416591 1.1232184 0.0000000 1.8611608 
yHMPu5000035629_Yueomyces_sinensis  1.9548024 1.8185537 1.7071122 1.7336575 1.1504740 1.8650951 1.8781691 1.8216544 1.8510890 1.7303378 1.9140419 2.3018048 1.9023822 1.8621875 1.8159108 1.8413293 1.7893921 1.9404436 1.8558837 1.8611608 0.0000000 
