21
Kazachstania_africana               0.0000000 0.4522133 0.3214124 0.3212319 0.3607303 0.3305762 0.2844162 0.2813562 0.3187520 0.3280644 0.4212436 0.5351262 0.3159850 0.4120760 0.3558883 0.2933883 0.3064216 0.2849575 0.2991313 0.3835479 0.3712687 
Kazachstania_naganishii             0.4522133 0.0000000 0.4119617 0.4025521 0.5015056 0.4493902 0.3861177 0.4099452 0.3985748 0.3855998 0.3021165 0.4372114 0.3243231 0.5236844 0.4820004 0.4406774 0.3282071 0.4071193 0.3460207 0.4945628 0.4838054 
Naumovozyma_castellii               0.3214124 0.4119617 0.0000000 0.2285400 0.3426500 0.3033510 0.2304356 0.2465552 0.2701557 0.2758052 0.3926569 0.5279843 0.3240562 0.3705604 0.3295091 0.2811834 0.2805408 0.2398869 0.2603752 0.3453520 0.2962220 
Naumovozyma_dairenensis             0.3212319 0.4025521 0.2285400 0.0000000 0.3217030 0.3010792 0.2322307 0.2304063 0.2867542 0.2763000 0.4458983 0.5654260 0.3245301 0.3598462 0.3005981 0.2617350 0.2666574 0.2382848 0.2532345 0.3185422 0.2994091 
Tetrapisispora_blattae              0.3607303 0.5015056 0.3426500 0.3217030 0.0000000 0.3301139 0.3052461 0.2851714 0.3397852 0.3007011 0.5285862 0.5452687 0.3595775 0.4218123 0.3703040 0.3201611 0.2980032 0.2535292 0.2852963 0.3534316 0.2441921 
yHAB132_Kazachstania_martiniae      0.3305762 0.4493902 0.3033510 0.3010792 0.3301139 0.0000000 0.2701335 0.2561005 0.2683585 0.3142424 0.4386029 0.5237379 0.3554734 0.3636351 0.3045993 0.3053432 0.3059251 0.2485735 0.2836533 0.3108440 0.3225243 
yHAB133_Kazachstania_unispora       0.2844162 0.3861177 0.2304356 0.2322307 0.3052461 0.2701335 0.0000000 0.1841378 0.2098270 0.1617217 0.4013095 0.5239534 0.2994295 0.3018104 0.2823324 0.2471862 0.1287492 0.1793975 0.1122637 0.2537474 0.2650641 
yHAB134_Kazachstania_turicensis     0.2813562 0.4099452 0.2465552 0.2304063 0.2851714 0.2561005 0.1841378 0.0000000 0.2299379 0.2268186 0.4286385 0.5331958 0.2546807 0.3549219 0.2807512 0.2503549 0.2605257 0.1545540 0.2418595 0.3002622 0.2899405 
yHAB136_Kazachstania_bromeliacearum 0.3187520 0.3985748 0.2701557 0.2867542 0.3397852 0.2683585 0.2098270 0.2299379 0.0000000 0.2466912 0.4595576 0.5276043 0.3529128 0.3648585 0.2950049 0.2949067 0.2507848 0.2341699 0.2377025 0.3161488 0.2804201 
yHAB143_Kazachstania_siamensis      0.3280644 0.3855998 0.2758052 0.2763000 0.3007011 0.3142424 0.1617217 0.2268186 0.2466912 0.0000000 0.4242773 0.5411108 0.3167086 0.3468883 0.3100100 0.2767014 0.2038741 0.2106521 0.1848871 0.2903281 0.2726348 
yHAB147_Kazachstania_taianensis     0.4212436 0.3021165 0.3926569 0.4458983 0.5285862 0.4386029 0.4013095 0.4286385 0.4595576 0.4242773 0.0000000 0.4379015 0.2966330 0.5788306 0.4855507 0.4713671 0.3229026 0.4562346 0.3595478 0.5392794 0.5362619 
yHAB148_Kazachstania_intestinalis   0.5351262 0.4372114 0.5279843 0.5654260 0.5452687 0.5237379 0.5239534 0.5331958 0.5276043 0.5411108 0.4379015 0.0000000 0.4870282 0.6324383 0.5803823 0.4792233 0.4911636 0.5318839 0.5215372 0.6414823 0.5824858 
yHAB153_Kazachstania_rosinii        0.3159850 0.3243231 0.3240562 0.3245301 0.3595775 0.3554734 0.2994295 0.2546807 0.3529128 0.3167086 0.2966330 0.4870282 0.0000000 0.4209267 0.3936174 0.3410606 0.2868344 0.2730235 0.3013825 0.4069525 0.3810846 
yHAB154_Kazachstania_transvaalensis 0.4120760 0.5236844 0.3705604 0.3598462 0.4218123 0.3636351 0.3018104 0.3549219 0.3648585 0.3468883 0.5788306 0.6324383 0.4209267 0.0000000 0.3961656 0.4044321 0.3679285 0.3489491 0.3505494 0.1623200 0.4330062 
yHAB155_Kazachstania_spencerorum    0.3558883 0.4820004 0.3295091 0.3005981 0.3703040 0.3045993 0.2823324 0.2807512 0.2950049 0.3100100 0.4855507 0.5803823 0.3936174 0.3961656 0.0000000 0.2891234 0.3477603 0.2637360 0.3210868 0.3465642 0.3328468 
yHAB158_Kazachstania_viticola       0.2933883 0.4406774 0.2811834 0.2617350 0.3201611 0.3053432 0.2471862 0.2503549 0.2949067 0.2767014 0.4713671 0.4792233 0.3410606 0.4044321 0.2891234 0.0000000 0.2758757 0.2395564 0.2661616 0.3460532 0.3095412 
yHAB159_Kazachstania_solicola       0.3064216 0.3282071 0.2805408 0.2666574 0.2980032 0.3059251 0.1287492 0.2605257 0.2507848 0.2038741 0.3229026 0.4911636 0.2868344 0.3679285 0.3477603 0.2758757 0.0000000 0.2210013 0.0601557 0.3146526 0.3006667 
yHAB160_Kazachstania_kunashirensis  0.2849575 0.4071193 0.2398869 0.2382848 0.2535292 0.2485735 0.1793975 0.1545540 0.2341699 0.2106521 0.4562346 0.5318839 0.2730235 0.3489491 0.2637360 0.2395564 0.2210013 0.0000000 0.1958549 0.2830405 0.2550770 
yHAB164_Kazachstania_aerobia        0.2991313 0.3460207 0.2603752 0.2532345 0.2852963 0.2836533 0.1122637 0.2418595 0.2377025 0.1848871 0.3595478 0.5215372 0.3013825 0.3505494 0.3210868 0.2661616 0.0601557 0.1958549 0.0000000 0.2906759 0.2823088 
yHAB166_Kazachstania_yakushimaensis 0.3835479 0.4945628 0.3453520 0.3185422 0.3534316 0.3108440 0.2537474 0.3002622 0.3161488 0.2903281 0.5392794 0.6414823 0.4069525 0.1623200 0.3465642 0.3460532 0.3146526 0.2830405 0.2906759 0.0000000 0.3377991 
yHMPu5000035629_Yueomyces_sinensis  0.3712687 0.4838054 0.2962220 0.2994091 0.2441921 0.3225243 0.2650641 0.2899405 0.2804201 0.2726348 0.5362619 0.5824858 0.3810846 0.4330062 0.3328468 0.3095412 0.3006667 0.2550770 0.2823088 0.3377991 0.0000000 
