21
Kazachstania_africana               0.0000000 0.7423579 0.6256887 0.6558333 0.7234960 0.5395819 0.5507498 0.6775747 0.5903010 0.5697828 0.7487551 0.6210017 0.6415528 0.6763347 0.6506860 0.5926268 0.5531359 0.6709224 0.5640768 0.6759277 0.6636462 
Kazachstania_naganishii             0.7423579 0.0000000 0.6186347 0.6901386 0.9734073 0.7111123 0.6347973 0.7194180 0.4835455 0.6139838 0.4916401 0.7720918 0.6647788 0.7024056 0.8277998 0.7809078 0.6032587 0.8064877 0.6501232 0.7207651 0.9807614 
Naumovozyma_castellii               0.6256887 0.6186347 0.0000000 0.4572408 0.7887737 0.6345797 0.5550467 0.6184199 0.4994044 0.5439024 0.6896555 0.6873998 0.6152599 0.5861694 0.6463528 0.5792555 0.5446144 0.6458447 0.5412371 0.5823849 0.7484741 
Naumovozyma_dairenensis             0.6558333 0.6901386 0.4572408 0.0000000 0.7727858 0.7364568 0.6060614 0.7130191 0.5409057 0.5807871 0.7137627 0.6148291 0.7265677 0.6540088 0.7952858 0.7195454 0.5970948 0.6806720 0.5862796 0.6228932 0.8423957 
Tetrapisispora_blattae              0.7234960 0.9734073 0.7887737 0.7727858 0.0000000 0.7038336 0.6775496 0.7960482 0.6603603 0.6766540 1.0054951 0.6335216 0.7140957 0.7323222 0.7208784 0.7138764 0.6306134 0.7789792 0.6372532 0.7394123 0.5904070 
yHAB132_Kazachstania_martiniae      0.5395819 0.7111123 0.6345797 0.7364568 0.7038336 0.0000000 0.4912942 0.5923376 0.5662250 0.5352086 0.7906227 0.6113143 0.5293779 0.6147885 0.5421558 0.5482035 0.5303678 0.5252371 0.5270019 0.6356082 0.6935941 
yHAB133_Kazachstania_unispora       0.5507498 0.6347973 0.5550467 0.6060614 0.6775496 0.4912942 0.0000000 0.5359678 0.4454076 0.3118158 0.6138888 0.6520554 0.6585453 0.5137498 0.6097176 0.5938078 0.2558962 0.5781631 0.2451897 0.4967986 0.6692603 
yHAB134_Kazachstania_turicensis     0.6775747 0.7194180 0.6184199 0.7130191 0.7960482 0.5923376 0.5359678 0.0000000 0.5158364 0.5366065 0.7803550 0.7350918 0.5791747 0.7045183 0.4458245 0.5864642 0.5514964 0.4441616 0.5478406 0.6982703 0.7698870 
yHAB136_Kazachstania_bromeliacearum 0.5903010 0.4835455 0.4994044 0.5409057 0.6603603 0.5662250 0.4454076 0.5158364 0.0000000 0.4078627 0.5848243 0.5764346 0.6002371 0.4796509 0.5959785 0.5875155 0.4422360 0.5743537 0.4607756 0.5278108 0.7223208 
yHAB143_Kazachstania_siamensis      0.5697828 0.6139838 0.5439024 0.5807871 0.6766540 0.5352086 0.3118158 0.5366065 0.4078627 0.0000000 0.6340759 0.5938673 0.6644263 0.5993931 0.6240998 0.6436775 0.3284066 0.5770765 0.3119482 0.4790498 0.6688792 
yHAB147_Kazachstania_taianensis     0.7487551 0.4916401 0.6896555 0.7137627 1.0054951 0.7906227 0.6138888 0.7803550 0.5848243 0.6340759 0.0000000 0.7479346 0.7164094 0.7446481 0.8269188 0.7843042 0.6487680 0.9637214 0.6749194 0.8096359 1.0691588 
yHAB148_Kazachstania_intestinalis   0.6210017 0.7720918 0.6873998 0.6148291 0.6335216 0.6113143 0.6520554 0.7350918 0.5764346 0.5938673 0.7479346 0.0000000 0.6552858 0.6689628 0.6398086 0.7168331 0.6433691 0.7145977 0.6412143 0.6378008 0.6513148 
yHAB153_Kazachstania_rosinii        0.6415528 0.6647788 0.6152599 0.7265677 0.7140957 0.5293779 0.6585453 0.5791747 0.6002371 0.6644263 0.7164094 0.6552858 0.0000000 0.7940413 0.4451305 0.6769894 0.5962110 0.4614045 0.6120909 0.8052863 0.7252536 
yHAB154_Kazachstania_transvaalensis 0.6763347 0.7024056 0.5861694 0.6540088 0.7323222 0.6147885 0.5137498 0.7045183 0.4796509 0.5993931 0.7446481 0.6689628 0.7940413 0.0000000 0.6913364 0.6887041 0.5736512 0.6693897 0.5669360 0.2692140 0.7621987 
yHAB155_Kazachstania_spencerorum    0.6506860 0.8277998 0.6463528 0.7952858 0.7208784 0.5421558 0.6097176 0.4458245 0.5959785 0.6240998 0.8269188 0.6398086 0.4451305 0.6913364 0.0000000 0.6400599 0.5811866 0.4762603 0.5877634 0.7224366 0.7558338 
yHAB158_Kazachstania_viticola       0.5926268 0.7809078 0.5792555 0.7195454 0.7138764 0.5482035 0.5938078 0.5864642 0.5875155 0.6436775 0.7843042 0.7168331 0.6769894 0.6887041 0.6400599 0.0000000 0.6372089 0.5812372 0.6255825 0.7094292 0.7737726 
yHAB159_Kazachstania_solicola       0.5531359 0.6032587 0.5446144 0.5970948 0.6306134 0.5303678 0.2558962 0.5514964 0.4422360 0.3284066 0.6487680 0.6433691 0.5962110 0.5736512 0.5811866 0.6372089 0.0000000 0.6040948 0.0635123 0.5256753 0.6696046 
yHAB160_Kazachstania_kunashirensis  0.6709224 0.8064877 0.6458447 0.6806720 0.7789792 0.5252371 0.5781631 0.4441616 0.5743537 0.5770765 0.9637214 0.7145977 0.4614045 0.6693897 0.4762603 0.5812372 0.6040948 0.0000000 0.5858039 0.6400973 0.7218688 
yHAB164_Kazachstania_aerobia        0.5640768 0.6501232 0.5412371 0.5862796 0.6372532 0.5270019 0.2451897 0.5478406 0.4607756 0.3119482 0.6749194 0.6412143 0.6120909 0.5669360 0.5877634 0.6255825 0.0635123 0.5858039 0.0000000 0.5086483 0.6611638 
yHAB166_Kazachstania_yakushimaensis 0.6759277 0.7207651 0.5823849 0.6228932 0.7394123 0.6356082 0.4967986 0.6982703 0.5278108 0.4790498 0.8096359 0.6378008 0.8052863 0.2692140 0.7224366 0.7094292 0.5256753 0.6400973 0.5086483 0.0000000 0.6759243 
yHMPu5000035629_Yueomyces_sinensis  0.6636462 0.9807614 0.7484741 0.8423957 0.5904070 0.6935941 0.6692603 0.7698870 0.7223208 0.6688792 1.0691588 0.6513148 0.7252536 0.7621987 0.7558338 0.7737726 0.6696046 0.7218688 0.6611638 0.6759243 0.0000000 
