21
Kazachstania_africana               0.0000000 0.7312033 0.5304500 0.5245486 0.5459695 0.4593464 0.4395145 0.5495215 0.4767979 0.4758097 0.8220159 0.6523994 0.6142315 0.5575676 0.5729441 0.4707614 0.4841240 0.5254036 0.4806436 0.5863889 0.6062832 
Kazachstania_naganishii             0.7312033 0.0000000 0.7048975 0.7291321 0.7436739 0.6907269 0.6418793 0.7745145 0.6033030 0.6679216 0.5961853 0.7261170 0.6740832 0.8273618 0.7812507 0.7594776 0.6496708 0.7784676 0.6849224 0.8426249 0.9077931 
Naumovozyma_castellii               0.5304500 0.7048975 0.0000000 0.4374696 0.5507995 0.4943111 0.5074748 0.6483310 0.5280552 0.5029928 0.8949892 0.6958174 0.6890855 0.6418393 0.6653764 0.5732160 0.5194162 0.6338489 0.5257831 0.6459931 0.5644490 
Naumovozyma_dairenensis             0.5245486 0.7291321 0.4374696 0.0000000 0.5517968 0.5389530 0.4787370 0.5854767 0.4926455 0.4742422 0.9330955 0.7094385 0.6344662 0.5848862 0.6138180 0.5918830 0.5491126 0.5446570 0.5102785 0.5667576 0.6046207 
Tetrapisispora_blattae              0.5459695 0.7436739 0.5507995 0.5517968 0.0000000 0.6532259 0.5168379 0.5919093 0.5644154 0.5603611 0.9017098 0.7840591 0.7317468 0.5999309 0.5979207 0.6171564 0.5270929 0.5828814 0.5076985 0.5953698 0.4474340 
yHAB132_Kazachstania_martiniae      0.4593464 0.6907269 0.4943111 0.5389530 0.6532259 0.0000000 0.4743399 0.5914168 0.5215284 0.4926001 0.8491039 0.7382527 0.6557177 0.6125055 0.6197294 0.5095190 0.5199483 0.5559443 0.5032586 0.5943668 0.6625017 
yHAB133_Kazachstania_unispora       0.4395145 0.6418793 0.5074748 0.4787370 0.5168379 0.4743399 0.0000000 0.5627543 0.3864493 0.2009668 0.8253973 0.6150639 0.6175925 0.4907923 0.5857752 0.5207585 0.1954569 0.5100113 0.1650666 0.4745558 0.5146002 
yHAB134_Kazachstania_turicensis     0.5495215 0.7745145 0.6483310 0.5854767 0.5919093 0.5914168 0.5627543 0.0000000 0.5648602 0.5378825 0.9259077 0.7488585 0.6086697 0.6321324 0.5522720 0.5874528 0.5768835 0.3869419 0.5762024 0.6462011 0.5558090 
yHAB136_Kazachstania_bromeliacearum 0.4767979 0.6033030 0.5280552 0.4926455 0.5644154 0.5215284 0.3864493 0.5648602 0.0000000 0.4029105 0.7855787 0.6573764 0.6299295 0.5669738 0.6091078 0.5771133 0.4287182 0.5862816 0.4121746 0.5598513 0.5959496 
yHAB143_Kazachstania_siamensis      0.4758097 0.6679216 0.5029928 0.4742422 0.5603611 0.4926001 0.2009668 0.5378825 0.4029105 0.0000000 0.8043525 0.6799686 0.6775537 0.5391817 0.5871716 0.5462805 0.2614670 0.5088217 0.2217912 0.4990892 0.5669006 
yHAB147_Kazachstania_taianensis     0.8220159 0.5961853 0.8949892 0.9330955 0.9017098 0.8491039 0.8253973 0.9259077 0.7855787 0.8043525 0.0000000 0.7549713 0.7596929 0.9569289 0.9464166 0.9160998 0.7588883 0.9627864 0.8096554 0.9573970 1.1399566 
yHAB148_Kazachstania_intestinalis   0.6523994 0.7261170 0.6958174 0.7094385 0.7840591 0.7382527 0.6150639 0.7488585 0.6573764 0.6799686 0.7549713 0.0000000 0.7633300 0.7769867 0.8492730 0.7026538 0.6265183 0.7615061 0.6531414 0.7843792 0.8794710 
yHAB153_Kazachstania_rosinii        0.6142315 0.6740832 0.6890855 0.6344662 0.7317468 0.6557177 0.6175925 0.6086697 0.6299295 0.6775537 0.7596929 0.7633300 0.0000000 0.7273147 0.6800000 0.6993184 0.6067648 0.5693203 0.6371091 0.7504263 0.8304325 
yHAB154_Kazachstania_transvaalensis 0.5575676 0.8273618 0.6418393 0.5848862 0.5999309 0.6125055 0.4907923 0.6321324 0.5669738 0.5391817 0.9569289 0.7769867 0.7273147 0.0000000 0.6469620 0.6507554 0.5538591 0.6566543 0.5243903 0.2437634 0.6138459 
yHAB155_Kazachstania_spencerorum    0.5729441 0.7812507 0.6653764 0.6138180 0.5979207 0.6197294 0.5857752 0.5522720 0.6091078 0.5871716 0.9464166 0.8492730 0.6800000 0.6469620 0.0000000 0.6352284 0.6193320 0.5777758 0.6149394 0.6365691 0.6331537 
yHAB158_Kazachstania_viticola       0.4707614 0.7594776 0.5732160 0.5918830 0.6171564 0.5095190 0.5207585 0.5874528 0.5771133 0.5462805 0.9160998 0.7026538 0.6993184 0.6507554 0.6352284 0.0000000 0.5451543 0.5991698 0.5270238 0.6683809 0.6161451 
yHAB159_Kazachstania_solicola       0.4841240 0.6496708 0.5194162 0.5491126 0.5270929 0.5199483 0.1954569 0.5768835 0.4287182 0.2614670 0.7588883 0.6265183 0.6067648 0.5538591 0.6193320 0.5451543 0.0000000 0.5716794 0.0871803 0.5390729 0.5970691 
yHAB160_Kazachstania_kunashirensis  0.5254036 0.7784676 0.6338489 0.5446570 0.5828814 0.5559443 0.5100113 0.3869419 0.5862816 0.5088217 0.9627864 0.7615061 0.5693203 0.6566543 0.5777758 0.5991698 0.5716794 0.0000000 0.5234249 0.5524783 0.5692284 
yHAB164_Kazachstania_aerobia        0.4806436 0.6849224 0.5257831 0.5102785 0.5076985 0.5032586 0.1650666 0.5762024 0.4121746 0.2217912 0.8096554 0.6531414 0.6371091 0.5243903 0.6149394 0.5270238 0.0871803 0.5234249 0.0000000 0.5064226 0.5465825 
yHAB166_Kazachstania_yakushimaensis 0.5863889 0.8426249 0.6459931 0.5667576 0.5953698 0.5943668 0.4745558 0.6462011 0.5598513 0.4990892 0.9573970 0.7843792 0.7504263 0.2437634 0.6365691 0.6683809 0.5390729 0.5524783 0.5064226 0.0000000 0.5864791 
yHMPu5000035629_Yueomyces_sinensis  0.6062832 0.9077931 0.5644490 0.6046207 0.4474340 0.6625017 0.5146002 0.5558090 0.5959496 0.5669006 1.1399566 0.8794710 0.8304325 0.6138459 0.6331537 0.6161451 0.5970691 0.5692284 0.5465825 0.5864791 0.0000000 
