21
Kazachstania_africana               0.0000000 1.9244026 1.7646706 1.5878096 1.9492987 1.8992583 1.7480300 1.6936188 1.8439566 1.8496447 1.8789986 2.0247921 1.6351591 1.8401168 1.5725493 1.5799957 1.7333281 1.5837054 1.8165417 1.7909311 1.8781143 
Kazachstania_naganishii             1.9244026 0.0000000 1.6493544 1.6924178 1.9407351 1.7111442 1.5551071 1.8067372 1.4770162 1.4953744 1.5567797 1.8071721 1.6392962 1.8986011 1.7125473 1.7717311 1.5647223 1.6390030 1.5421498 1.7353678 1.9683952 
Naumovozyma_castellii               1.7646706 1.6493544 0.0000000 1.1189341 1.7090686 1.6802332 1.6054588 1.4845819 1.6545988 1.6489688 1.7586377 1.8129999 1.4317545 1.7899132 1.3343982 1.5139328 1.5716273 1.3858509 1.6053781 1.8178106 1.6629855 
Naumovozyma_dairenensis             1.5878096 1.6924178 1.1189341 0.0000000 1.6678123 1.6485861 1.6154732 1.6077204 1.5931254 1.7130338 1.6801199 1.8414528 1.5281977 1.8635779 1.3672952 1.5303897 1.5930406 1.5528373 1.6063770 1.7223110 1.7176130 
Tetrapisispora_blattae              1.9492987 1.9407351 1.7090686 1.6678123 0.0000000 1.7265554 1.8361749 1.7890562 1.7655448 1.7942693 1.7733892 1.9597644 1.7764721 1.8901982 1.4764260 1.6546662 1.8437037 1.6730126 1.8594892 1.7682538 1.1403868 
yHAB132_Kazachstania_martiniae      1.8992583 1.7111442 1.6802332 1.6485861 1.7265554 0.0000000 1.5917351 1.7403319 1.9082829 1.6722501 1.7464272 1.9088959 1.7016326 1.8884672 1.4727168 1.5197946 1.6259093 1.6785569 1.6373956 1.7607662 1.7342674 
yHAB133_Kazachstania_unispora       1.7480300 1.5551071 1.6054588 1.6154732 1.8361749 1.5917351 0.0000000 1.6941974 1.5205312 0.6584013 1.4382831 1.8228936 1.7057147 1.6259567 1.6065583 1.6712600 0.4266261 1.6877616 0.4393953 1.4673225 1.9707292 
yHAB134_Kazachstania_turicensis     1.6936188 1.8067372 1.4845819 1.6077204 1.7890562 1.7403319 1.6941974 0.0000000 1.8162749 1.7533160 1.8783293 1.9849380 1.3658316 1.9056739 1.2420146 1.5295826 1.7348911 1.0299657 1.7096793 1.7281459 1.7713111 
yHAB136_Kazachstania_bromeliacearum 1.8439566 1.4770162 1.6545988 1.5931254 1.7655448 1.9082829 1.5205312 1.8162749 0.0000000 1.4269856 1.6126978 1.8287430 1.8253123 1.5941261 1.6639836 1.7134478 1.4931806 1.7086017 1.4604862 1.4784286 1.7696051 
yHAB143_Kazachstania_siamensis      1.8496447 1.4953744 1.6489688 1.7130338 1.7942693 1.6722501 0.6584013 1.7533160 1.4269856 0.0000000 1.4149820 1.6679450 1.7971800 1.4837823 1.6524555 1.6269414 0.6963072 1.6681994 0.6872278 1.4501881 1.8365624 
yHAB147_Kazachstania_taianensis     1.8789986 1.5567797 1.7586377 1.6801199 1.7733892 1.7464272 1.4382831 1.8783293 1.6126978 1.4149820 0.0000000 1.9256839 1.7188089 1.6879953 1.7402558 1.6802635 1.4436778 1.6945497 1.4349646 1.5871657 1.8848249 
yHAB148_Kazachstania_intestinalis   2.0247921 1.8071721 1.8129999 1.8414528 1.9597644 1.9088959 1.8228936 1.9849380 1.8287430 1.6679450 1.9256839 0.0000000 1.9173981 2.1271467 1.8016791 1.7654481 1.7454029 1.7115081 1.7570584 1.9258352 1.9793827 
yHAB153_Kazachstania_rosinii        1.6351591 1.6392962 1.4317545 1.5281977 1.7764721 1.7016326 1.7057147 1.3658316 1.8253123 1.7971800 1.7188089 1.9173981 0.0000000 1.8290885 1.1738487 1.4279307 1.7286363 1.3896884 1.7165043 1.7899029 1.8383490 
yHAB154_Kazachstania_transvaalensis 1.8401168 1.8986011 1.7899132 1.8635779 1.8901982 1.8884672 1.6259567 1.9056739 1.5941261 1.4837823 1.6879953 2.1271467 1.8290885 0.0000000 1.7143466 1.7428897 1.6283113 1.8800641 1.6105336 0.7340437 2.0198595 
yHAB155_Kazachstania_spencerorum    1.5725493 1.7125473 1.3343982 1.3672952 1.4764260 1.4727168 1.6065583 1.2420146 1.6639836 1.6524555 1.7402558 1.8016791 1.1738487 1.7143466 0.0000000 1.3815400 1.6636460 1.1330929 1.6597484 1.5808879 1.4852339 
yHAB158_Kazachstania_viticola       1.5799957 1.7717311 1.5139328 1.5303897 1.6546662 1.5197946 1.6712600 1.5295826 1.7134478 1.6269414 1.6802635 1.7654481 1.4279307 1.7428897 1.3815400 0.0000000 1.6287585 1.4783739 1.6795722 1.6658441 1.6461403 
yHAB159_Kazachstania_solicola       1.7333281 1.5647223 1.5716273 1.5930406 1.8437037 1.6259093 0.4266261 1.7348911 1.4931806 0.6963072 1.4436778 1.7454029 1.7286363 1.6283113 1.6636460 1.6287585 0.0000000 1.6725401 0.1507302 1.4803929 1.8763275 
yHAB160_Kazachstania_kunashirensis  1.5837054 1.6390030 1.3858509 1.5528373 1.6730126 1.6785569 1.6877616 1.0299657 1.7086017 1.6681994 1.6945497 1.7115081 1.3896884 1.8800641 1.1330929 1.4783739 1.6725401 0.0000000 1.6508373 1.7050627 1.6416604 
yHAB164_Kazachstania_aerobia        1.8165417 1.5421498 1.6053781 1.6063770 1.8594892 1.6373956 0.4393953 1.7096793 1.4604862 0.6872278 1.4349646 1.7570584 1.7165043 1.6105336 1.6597484 1.6795722 0.1507302 1.6508373 0.0000000 1.4385729 1.8678940 
yHAB166_Kazachstania_yakushimaensis 1.7909311 1.7353678 1.8178106 1.7223110 1.7682538 1.7607662 1.4673225 1.7281459 1.4784286 1.4501881 1.5871657 1.9258352 1.7899029 0.7340437 1.5808879 1.6658441 1.4803929 1.7050627 1.4385729 0.0000000 1.8456337 
yHMPu5000035629_Yueomyces_sinensis  1.8781143 1.9683952 1.6629855 1.7176130 1.1403868 1.7342674 1.9707292 1.7713111 1.7696051 1.8365624 1.8848249 1.9793827 1.8383490 2.0198595 1.4852339 1.6461403 1.8763275 1.6416604 1.8678940 1.8456337 0.0000000 
