21
Kazachstania_africana               0.0000000 4.7409698 4.3511449 5.9048768 5.3410256 3.7189527 4.7606765 5.4021683 3.2691194 4.5246619 6.0002167 3.8502029 3.2073275 4.9215249 3.2869241 3.4671026 4.6898181 3.1905097 4.7158299 4.8874359 5.3886339 
Kazachstania_naganishii             4.7409698 0.0000000 5.2456852 7.3476751 6.9211188 4.5619549 5.5540175 6.5821677 3.6815543 5.4952128 6.7093016 5.0355396 5.2681151 5.7887476 5.2270422 5.2099903 5.5560491 4.9555678 5.5860738 5.9278294 6.9522365 
Naumovozyma_castellii               4.3511449 5.2456852 0.0000000 4.6956465 5.2841889 4.2483219 5.1887999 5.9079332 3.8569557 5.0044241 6.3695089 4.9290663 4.4488828 5.4864274 4.1593646 4.5348940 5.4246643 3.9819860 5.4555067 5.4145939 4.9461807 
Naumovozyma_dairenensis             5.9048768 7.3476751 4.6956465 0.0000000 6.1457860 5.4666522 6.6763276 6.5083832 4.7969656 6.5115255 8.9999980 6.2010789 5.7864146 7.0886721 5.4239319 5.6547976 6.8108371 5.5821586 6.5684690 6.8124319 5.6503931 
Tetrapisispora_blattae              5.3410256 6.9211188 5.2841889 6.1457860 0.0000000 5.7161059 6.6382321 6.8122443 4.7044112 6.3908576 8.9707825 5.7888030 5.4144231 6.5610103 5.5124143 5.0648736 6.9720205 5.5558503 6.7657928 6.3343036 2.2494637 
yHAB132_Kazachstania_martiniae      3.7189527 4.5619549 4.2483219 5.4666522 5.7161059 0.0000000 4.4403897 5.1534800 3.0429963 4.1613324 5.3877678 3.4270148 3.5413991 5.0637908 3.6735454 3.5449507 4.5190492 3.5712086 4.6731548 4.9003942 5.3868088 
yHAB133_Kazachstania_unispora       4.7606765 5.5540175 5.1887999 6.6763276 6.6382321 4.4403897 0.0000000 5.8656669 3.6383577 1.3806934 4.6906372 4.7655336 4.7718285 4.4130298 4.5263396 5.2761092 1.0710837 4.8142364 1.0602874 4.3832519 5.7929739 
yHAB134_Kazachstania_turicensis     5.4021683 6.5821677 5.9079332 6.5083832 6.8122443 5.1534800 5.8656669 0.0000000 4.7884882 6.0004032 8.0965130 5.2452689 5.0341638 6.2292705 4.7740322 5.2577729 6.2308703 3.9720455 6.0126767 6.1595644 6.2559064 
yHAB136_Kazachstania_bromeliacearum 3.2691194 3.6815543 3.8569557 4.7969656 4.7044112 3.0429963 3.6383577 4.7884882 0.0000000 3.5206300 3.7133799 3.1952347 3.2221861 4.0169193 3.1786681 3.2925653 3.6401626 3.2532330 3.6731690 3.9230132 4.8183223 
yHAB143_Kazachstania_siamensis      4.5246619 5.4952128 5.0044241 6.5115255 6.3908576 4.1613324 1.3806934 6.0004032 3.5206300 0.0000000 4.6124102 5.1171543 4.7514933 4.2939216 4.5840354 4.8831204 1.5596346 4.6272639 1.6220419 4.2220408 5.9058349 
yHAB147_Kazachstania_taianensis     6.0002167 6.7093016 6.3695089 8.9999980 8.9707825 5.3877678 4.6906372 8.0965130 3.7133799 4.6124102 0.0000000 5.8950584 5.4112643 5.2621750 5.6597379 6.0472182 4.7851723 5.5907647 4.6472819 5.3109453 8.3895165 
yHAB148_Kazachstania_intestinalis   3.8502029 5.0355396 4.9290663 6.2010789 5.7888030 3.4270148 4.7655336 5.2452689 3.1952347 5.1171543 5.8950584 0.0000000 3.7966836 5.1200068 3.8911698 3.9855431 4.9717833 4.1597531 4.8779803 5.1153411 5.9104889 
yHAB153_Kazachstania_rosinii        3.2073275 5.2681151 4.4488828 5.7864146 5.4144231 3.5413991 4.7718285 5.0341638 3.2221861 4.7514933 5.4112643 3.7966836 0.0000000 4.8519523 2.7390065 3.2663278 4.8611151 2.9060660 4.7257926 4.9529986 5.5093697 
yHAB154_Kazachstania_transvaalensis 4.9215249 5.7887476 5.4864274 7.0886721 6.5610103 5.0637908 4.4130298 6.2292705 4.0169193 4.2939216 5.2621750 5.1200068 4.8519523 0.0000000 4.7467921 5.2789536 4.3774287 5.1351800 4.3455360 1.0710764 6.2157314 
yHAB155_Kazachstania_spencerorum    3.2869241 5.2270422 4.1593646 5.4239319 5.5124143 3.6735454 4.5263396 4.7740322 3.1786681 4.5840354 5.6597379 3.8911698 2.7390065 4.7467921 0.0000000 3.2369099 4.7231557 2.8136996 4.5769371 4.9314588 4.9655098 
yHAB158_Kazachstania_viticola       3.4671026 5.2099903 4.5348940 5.6547976 5.0648736 3.5449507 5.2761092 5.2577729 3.2925653 4.8831204 6.0472182 3.9855431 3.2663278 5.2789536 3.2369099 0.0000000 5.3377793 3.6741339 5.1456889 5.3198098 5.2631299 
yHAB159_Kazachstania_solicola       4.6898181 5.5560491 5.4246643 6.8108371 6.9720205 4.5190492 1.0710837 6.2308703 3.6401626 1.5596346 4.7851723 4.9717833 4.8611151 4.3774287 4.7231557 5.3377793 0.0000000 4.8334264 0.2795439 4.6466496 6.0865915 
yHAB160_Kazachstania_kunashirensis  3.1905097 4.9555678 3.9819860 5.5821586 5.5558503 3.5712086 4.8142364 3.9720455 3.2532330 4.6272639 5.5907647 4.1597531 2.9060660 5.1351800 2.8136996 3.6741339 4.8334264 0.0000000 4.7334454 5.0187402 5.0580553 
yHAB164_Kazachstania_aerobia        4.7158299 5.5860738 5.4555067 6.5684690 6.7657928 4.6731548 1.0602874 6.0126767 3.6731690 1.6220419 4.6472819 4.8779803 4.7257926 4.3455360 4.5769371 5.1456889 0.2795439 4.7334454 0.0000000 4.5680362 6.1654265 
yHAB166_Kazachstania_yakushimaensis 4.8874359 5.9278294 5.4145939 6.8124319 6.3343036 4.9003942 4.3832519 6.1595644 3.9230132 4.2220408 5.3109453 5.1153411 4.9529986 1.0710764 4.9314588 5.3198098 4.6466496 5.0187402 4.5680362 0.0000000 6.0933647 
yHMPu5000035629_Yueomyces_sinensis  5.3886339 6.9522365 4.9461807 5.6503931 2.2494637 5.3868088 5.7929739 6.2559064 4.8183223 5.9058349 8.3895165 5.9104889 5.5093697 6.2157314 4.9655098 5.2631299 6.0865915 5.0580553 6.1654265 6.0933647 0.0000000 
