21
Kazachstania_africana               0.0000000 3.2541375 3.1718860 3.0633776 3.4986795 2.5964708 3.0526352 2.8464527 2.5994568 3.0110482 2.7819059 3.2213442 2.4242256 3.2702689 2.4632309 2.5322587 3.2088344 2.6194132 3.2190023 3.2674292 4.1011126 
Kazachstania_naganishii             3.2541375 0.0000000 3.5421512 3.4366506 3.9954658 2.9681858 3.0337592 3.3487652 2.3704544 2.8985722 2.5931948 3.6888118 3.0071342 2.9036526 3.0180000 3.2435179 3.0104460 3.2883468 3.0573364 2.9059449 4.4753856 
Naumovozyma_castellii               3.1718860 3.5421512 0.0000000 1.8175114 3.4649431 2.9557133 3.4623051 3.4333664 3.1056160 3.6206608 3.2731416 3.7001663 2.8203733 3.5191419 2.7711626 3.0835742 3.5163272 3.2207865 3.5738521 3.4716833 3.8819450 
Naumovozyma_dairenensis             3.0633776 3.4366506 1.8175114 0.0000000 3.4407346 2.7665065 3.1973506 3.1502302 2.9194777 3.4705568 2.9756932 3.6795980 2.8382754 3.4825144 2.9050224 3.1282883 3.3374551 3.0460781 3.3696088 3.3743434 3.8531527 
Tetrapisispora_blattae              3.4986795 3.9954658 3.4649431 3.4407346 0.0000000 3.4689225 3.8161570 3.5170089 3.4730935 3.9137484 3.7373747 4.0919867 3.3626625 3.8708820 3.3346257 3.6078696 4.0452586 3.4953590 4.0138181 3.9548194 2.5591539 
yHAB132_Kazachstania_martiniae      2.5964708 2.9681858 2.9557133 2.7665065 3.4689225 0.0000000 2.8454365 2.7200664 2.4229293 2.8462846 2.6598138 3.1710694 2.4370938 2.7807388 2.4528595 2.8468370 2.9400485 2.5641987 2.9223691 2.7755551 3.8651505 
yHAB133_Kazachstania_unispora       3.0526352 3.0337592 3.4623051 3.1973506 3.8161570 2.8454365 0.0000000 3.0909749 2.2540597 1.0627328 2.0994831 3.6168486 2.9261653 2.4413564 2.9676450 3.2069319 0.7377570 3.0727886 0.7639235 2.3362808 4.3210466 
yHAB134_Kazachstania_turicensis     2.8464527 3.3487652 3.4333664 3.1502302 3.5170089 2.7200664 3.0909749 0.0000000 2.8439498 3.2614036 3.0106750 3.5749684 2.2991067 3.3111900 2.4708624 2.9987541 3.2476585 1.8219299 3.2462163 3.1926818 4.0898131 
yHAB136_Kazachstania_bromeliacearum 2.5994568 2.3704544 3.1056160 2.9194777 3.4730935 2.4229293 2.2540597 2.8439498 0.0000000 2.3081493 1.9897496 3.1037913 2.4426044 2.3268957 2.5581114 2.6470849 2.4144880 2.6690814 2.4408907 2.2952437 3.9498432 
yHAB143_Kazachstania_siamensis      3.0110482 2.8985722 3.6206608 3.4705568 3.9137484 2.8462846 1.0627328 3.2614036 2.3081493 0.0000000 2.1003578 3.6594564 3.0577027 2.4458060 3.0459993 3.2016290 1.1613284 3.2419906 1.1426123 2.4168056 4.3487304 
yHAB147_Kazachstania_taianensis     2.7819059 2.5931948 3.2731416 2.9756932 3.7373747 2.6598138 2.0994831 3.0106750 1.9897496 2.1003578 0.0000000 3.2462750 2.6436505 2.4144759 2.6776840 2.8243464 2.1534310 2.9627320 2.1543348 2.3023836 4.2638228 
yHAB148_Kazachstania_intestinalis   3.2213442 3.6888118 3.7001663 3.6795980 4.0919867 3.1710694 3.6168486 3.5749684 3.1037913 3.6594564 3.2462750 0.0000000 3.1431670 3.6753525 3.1488767 3.2914124 3.7077311 3.3001421 3.6912294 3.5578795 4.6552324 
yHAB153_Kazachstania_rosinii        2.4242256 3.0071342 2.8203733 2.8382754 3.3626625 2.4370938 2.9261653 2.2991067 2.4426044 3.0577027 2.6436505 3.1431670 0.0000000 2.9385550 1.7318779 2.4602729 2.9901392 2.1913058 2.9848255 2.9101297 3.8136595 
yHAB154_Kazachstania_transvaalensis 3.2702689 2.9036526 3.5191419 3.4825144 3.8708820 2.7807388 2.4413564 3.3111900 2.3268957 2.4458060 2.4144759 3.6753525 2.9385550 0.0000000 2.8942102 3.1325275 2.5010520 3.1548183 2.5497877 0.7851916 4.2585611 
yHAB155_Kazachstania_spencerorum    2.4632309 3.0180000 2.7711626 2.9050224 3.3346257 2.4528595 2.9676450 2.4708624 2.5581114 3.0459993 2.6776840 3.1488767 1.7318779 2.8942102 0.0000000 2.5109416 2.9636763 2.2361427 2.9897006 2.8327327 3.8969695 
yHAB158_Kazachstania_viticola       2.5322587 3.2435179 3.0835742 3.1282883 3.6078696 2.8468370 3.2069319 2.9987541 2.6470849 3.2016290 2.8243464 3.2914124 2.4602729 3.1325275 2.5109416 0.0000000 3.2483762 2.7909461 3.2871588 3.1528825 4.0500483 
yHAB159_Kazachstania_solicola       3.2088344 3.0104460 3.5163272 3.3374551 4.0452586 2.9400485 0.7377570 3.2476585 2.4144880 1.1613284 2.1534310 3.7077311 2.9901392 2.5010520 2.9636763 3.2483762 0.0000000 3.2314021 0.2020212 2.4124541 4.3949903 
yHAB160_Kazachstania_kunashirensis  2.6194132 3.2883468 3.2207865 3.0460781 3.4953590 2.5641987 3.0727886 1.8219299 2.6690814 3.2419906 2.9627320 3.3001421 2.1913058 3.1548183 2.2361427 2.7909461 3.2314021 0.0000000 3.2386929 3.0642690 3.7974606 
yHAB164_Kazachstania_aerobia        3.2190023 3.0573364 3.5738521 3.3696088 4.0138181 2.9223691 0.7639235 3.2462163 2.4408907 1.1426123 2.1543348 3.6912294 2.9848255 2.5497877 2.9897006 3.2871588 0.2020212 3.2386929 0.0000000 2.4228462 4.4974340 
yHAB166_Kazachstania_yakushimaensis 3.2674292 2.9059449 3.4716833 3.3743434 3.9548194 2.7755551 2.3362808 3.1926818 2.2952437 2.4168056 2.3023836 3.5578795 2.9101297 0.7851916 2.8327327 3.1528825 2.4124541 3.0642690 2.4228462 0.0000000 4.2015332 
yHMPu5000035629_Yueomyces_sinensis  4.1011126 4.4753856 3.8819450 3.8531527 2.5591539 3.8651505 4.3210466 4.0898131 3.9498432 4.3487304 4.2638228 4.6552324 3.8136595 4.2585611 3.8969695 4.0500483 4.3949903 3.7974606 4.4974340 4.2015332 0.0000000 
