21
Kazachstania_africana               0.0000000 0.5754715 0.4231744 0.4535764 0.5160125 0.4544079 0.4146297 0.5133096 0.4331796 0.4243958 0.5231282 0.6386048 0.5428768 0.4904917 0.5322110 0.3928486 0.4467493 0.4287212 0.4417725 0.4585665 0.4886894 
Kazachstania_naganishii             0.5754715 0.0000000 0.5743432 0.6277951 0.6475778 0.5745234 0.4875116 0.6194729 0.4918787 0.4947553 0.5031138 0.6972535 0.5562026 0.6294123 0.6214914 0.6345579 0.5260664 0.6220963 0.5220766 0.5936304 0.6329864 
Naumovozyma_castellii               0.4231744 0.5743432 0.0000000 0.3787841 0.4639555 0.3880879 0.4239418 0.4619676 0.3885062 0.4059644 0.4963750 0.6314438 0.4819164 0.5250213 0.4938691 0.4072254 0.4445586 0.4084405 0.4513084 0.4628743 0.4553877 
Naumovozyma_dairenensis             0.4535764 0.6277951 0.3787841 0.0000000 0.4889048 0.4050617 0.4369543 0.4339249 0.4519627 0.4402177 0.5530511 0.6366491 0.4791661 0.5438680 0.4836456 0.4331747 0.4298573 0.3838119 0.4544384 0.4598343 0.4993741 
Tetrapisispora_blattae              0.5160125 0.6475778 0.4639555 0.4889048 0.0000000 0.4681666 0.5142788 0.5084385 0.4737784 0.4804706 0.6106787 0.7386202 0.5909898 0.5540901 0.5104734 0.4763289 0.5478323 0.4673220 0.5519404 0.5084058 0.3329030 
yHAB132_Kazachstania_martiniae      0.4544079 0.5745234 0.3880879 0.4050617 0.4681666 0.0000000 0.3790166 0.4386389 0.4086704 0.3759667 0.5274300 0.6226456 0.4896664 0.5499236 0.4525071 0.3794338 0.3888354 0.3599383 0.3884075 0.5049879 0.4823664 
yHAB133_Kazachstania_unispora       0.4146297 0.4875116 0.4239418 0.4369543 0.5142788 0.3790166 0.0000000 0.4049855 0.3247099 0.1515556 0.4479215 0.6555200 0.5095456 0.4029350 0.4602279 0.4220365 0.1477094 0.4003650 0.1485331 0.3784097 0.4570665 
yHAB134_Kazachstania_turicensis     0.5133096 0.6194729 0.4619676 0.4339249 0.5084385 0.4386389 0.4049855 0.0000000 0.4547864 0.4191625 0.5607019 0.6963782 0.5209365 0.5012122 0.4647538 0.4781191 0.4465862 0.3366388 0.4574774 0.4715554 0.4749494 
yHAB136_Kazachstania_bromeliacearum 0.4331796 0.4918787 0.3885062 0.4519627 0.4737784 0.4086704 0.3247099 0.4547864 0.0000000 0.3095068 0.4500674 0.6652393 0.4730275 0.4395495 0.4741601 0.4664092 0.3444279 0.4413406 0.3592282 0.4089462 0.4785757 
yHAB143_Kazachstania_siamensis      0.4243958 0.4947553 0.4059644 0.4402177 0.4804706 0.3759667 0.1515556 0.4191625 0.3095068 0.0000000 0.4441495 0.6534571 0.5152197 0.3881984 0.4525741 0.4087610 0.1619681 0.3925062 0.1610039 0.3406517 0.4437760 
yHAB147_Kazachstania_taianensis     0.5231282 0.5031138 0.4963750 0.5530511 0.6106787 0.5274300 0.4479215 0.5607019 0.4500674 0.4441495 0.0000000 0.6418197 0.4615327 0.5593832 0.5395811 0.5363246 0.4235691 0.5387731 0.4431999 0.5103116 0.5795522 
yHAB148_Kazachstania_intestinalis   0.6386048 0.6972535 0.6314438 0.6366491 0.7386202 0.6226456 0.6555200 0.6963782 0.6652393 0.6534571 0.6418197 0.0000000 0.6454071 0.7197433 0.6914220 0.6777257 0.6687589 0.6447382 0.6617787 0.7271385 0.7192040 
yHAB153_Kazachstania_rosinii        0.5428768 0.5562026 0.4819164 0.4791661 0.5909898 0.4896664 0.5095456 0.5209365 0.4730275 0.5152197 0.4615327 0.6454071 0.0000000 0.6322986 0.4916991 0.4832216 0.5201062 0.4717426 0.5183343 0.5795714 0.5537196 
yHAB154_Kazachstania_transvaalensis 0.4904917 0.6294123 0.5250213 0.5438680 0.5540901 0.5499236 0.4029350 0.5012122 0.4395495 0.3881984 0.5593832 0.7197433 0.6322986 0.0000000 0.5260770 0.5210326 0.4351191 0.4775390 0.4350883 0.1774861 0.5282225 
yHAB155_Kazachstania_spencerorum    0.5322110 0.6214914 0.4938691 0.4836456 0.5104734 0.4525071 0.4602279 0.4647538 0.4741601 0.4525741 0.5395811 0.6914220 0.4916991 0.5260770 0.0000000 0.4737654 0.4830840 0.4257658 0.4847683 0.4820587 0.5161463 
yHAB158_Kazachstania_viticola       0.3928486 0.6345579 0.4072254 0.4331747 0.4763289 0.3794338 0.4220365 0.4781191 0.4664092 0.4087610 0.5363246 0.6777257 0.4832216 0.5210326 0.4737654 0.0000000 0.4539147 0.4159923 0.4476913 0.5096093 0.4849341 
yHAB159_Kazachstania_solicola       0.4467493 0.5260664 0.4445586 0.4298573 0.5478323 0.3888354 0.1477094 0.4465862 0.3444279 0.1619681 0.4235691 0.6687589 0.5201062 0.4351191 0.4830840 0.4539147 0.0000000 0.4201495 0.0639389 0.3827680 0.4809273 
yHAB160_Kazachstania_kunashirensis  0.4287212 0.6220963 0.4084405 0.3838119 0.4673220 0.3599383 0.4003650 0.3366388 0.4413406 0.3925062 0.5387731 0.6447382 0.4717426 0.4775390 0.4257658 0.4159923 0.4201495 0.0000000 0.4316890 0.4395348 0.4686072 
yHAB164_Kazachstania_aerobia        0.4417725 0.5220766 0.4513084 0.4544384 0.5519404 0.3884075 0.1485331 0.4574774 0.3592282 0.1610039 0.4431999 0.6617787 0.5183343 0.4350883 0.4847683 0.4476913 0.0639389 0.4316890 0.0000000 0.3870801 0.4900320 
yHAB166_Kazachstania_yakushimaensis 0.4585665 0.5936304 0.4628743 0.4598343 0.5084058 0.5049879 0.3784097 0.4715554 0.4089462 0.3406517 0.5103116 0.7271385 0.5795714 0.1774861 0.4820587 0.5096093 0.3827680 0.4395348 0.3870801 0.0000000 0.5029800 
yHMPu5000035629_Yueomyces_sinensis  0.4886894 0.6329864 0.4553877 0.4993741 0.3329030 0.4823664 0.4570665 0.4749494 0.4785757 0.4437760 0.5795522 0.7192040 0.5537196 0.5282225 0.5161463 0.4849341 0.4809273 0.4686072 0.4900320 0.5029800 0.0000000 
