21
Kazachstania_africana               0.0000000 0.5708452 0.3930380 0.3858429 0.5256563 0.3812261 0.4060305 0.3593730 0.3257143 0.4541588 0.3886324 0.6603280 0.3861544 0.5502866 0.4366278 0.3212396 0.4302135 0.4158340 0.4227873 0.4604867 0.4260872 
Kazachstania_naganishii             0.5708452 0.0000000 0.6813139 0.5750479 0.7589618 0.6320675 0.6708509 0.6273983 0.5832773 0.6471670 0.6244057 0.9502100 0.6643185 0.8800545 0.7866680 0.6997200 0.7172392 0.7323512 0.7110279 0.8638755 0.7217955 
Naumovozyma_castellii               0.3930380 0.6813139 0.0000000 0.3034197 0.5223018 0.4406606 0.4969330 0.2868346 0.3745992 0.4933894 0.4549585 0.7391204 0.4127143 0.5928908 0.4470832 0.4734028 0.4941711 0.3362474 0.4709781 0.5182323 0.4718602 
Naumovozyma_dairenensis             0.3858429 0.5750479 0.3034197 0.0000000 0.5860011 0.4070124 0.4656353 0.3962750 0.3533587 0.4790408 0.4705728 0.7741776 0.4111219 0.5604248 0.4257118 0.3959003 0.4544667 0.3944719 0.4640845 0.5429448 0.4578290 
Tetrapisispora_blattae              0.5256563 0.7589618 0.5223018 0.5860011 0.0000000 0.5792670 0.6243359 0.5666506 0.4784036 0.6342753 0.6045722 0.9226668 0.5743922 0.7294443 0.6455462 0.5572975 0.7303921 0.5672982 0.6855208 0.6562036 0.3742359 
yHAB132_Kazachstania_martiniae      0.3812261 0.6320675 0.4406606 0.4070124 0.5792670 0.0000000 0.4671540 0.3598350 0.3557721 0.5392689 0.5008992 0.7664813 0.4177161 0.5500627 0.4605053 0.3963123 0.4714478 0.3979171 0.4541596 0.4976659 0.4603888 
yHAB133_Kazachstania_unispora       0.4060305 0.6708509 0.4969330 0.4656353 0.6243359 0.4671540 0.0000000 0.4080313 0.3873875 0.1789580 0.3317729 0.8544152 0.5472786 0.5316479 0.5891629 0.4406686 0.1048901 0.4780470 0.0845928 0.4265805 0.5245352 
yHAB134_Kazachstania_turicensis     0.3593730 0.6273983 0.2868346 0.3962750 0.5666506 0.3598350 0.4080313 0.0000000 0.3700704 0.3976659 0.4441586 0.7452151 0.3423807 0.5835238 0.3221237 0.4148661 0.4427966 0.2074485 0.4348925 0.4640200 0.4476620 
yHAB136_Kazachstania_bromeliacearum 0.3257143 0.5832773 0.3745992 0.3533587 0.4784036 0.3557721 0.3873875 0.3700704 0.0000000 0.3877836 0.3336951 0.7631034 0.4236642 0.3928351 0.4461756 0.3215652 0.4025333 0.3787527 0.3821728 0.3652923 0.4285357 
yHAB143_Kazachstania_siamensis      0.4541588 0.6471670 0.4933894 0.4790408 0.6342753 0.5392689 0.1789580 0.3976659 0.3877836 0.0000000 0.3817304 0.7977799 0.5994074 0.5094045 0.5532114 0.4470834 0.2266376 0.5150016 0.2121560 0.4149001 0.6361053 
yHAB147_Kazachstania_taianensis     0.3886324 0.6244057 0.4549585 0.4705728 0.6045722 0.5008992 0.3317729 0.4441586 0.3336951 0.3817304 0.0000000 0.7362075 0.4636291 0.4765071 0.5652821 0.4598927 0.3612497 0.4717589 0.3439728 0.4186659 0.5294133 
yHAB148_Kazachstania_intestinalis   0.6603280 0.9502100 0.7391204 0.7741776 0.9226668 0.7664813 0.8544152 0.7452151 0.7631034 0.7977799 0.7362075 0.0000000 0.7515486 0.9697335 0.7852015 0.7085564 0.9546667 0.8610207 0.8967416 0.8800547 0.9246020 
yHAB153_Kazachstania_rosinii        0.3861544 0.6643185 0.4127143 0.4111219 0.5743922 0.4177161 0.5472786 0.3423807 0.4236642 0.5994074 0.4636291 0.7515486 0.0000000 0.6634173 0.3663007 0.4483761 0.5142319 0.3805014 0.5201716 0.5431313 0.5520939 
yHAB154_Kazachstania_transvaalensis 0.5502866 0.8800545 0.5928908 0.5604248 0.7294443 0.5500627 0.5316479 0.5835238 0.3928351 0.5094045 0.4765071 0.9697335 0.6634173 0.0000000 0.5777681 0.4925151 0.6223115 0.5343168 0.5677999 0.1590788 0.7145737 
yHAB155_Kazachstania_spencerorum    0.4366278 0.7866680 0.4470832 0.4257118 0.6455462 0.4605053 0.5891629 0.3221237 0.4461756 0.5532114 0.5652821 0.7852015 0.3663007 0.5777681 0.0000000 0.4760346 0.6177465 0.3805842 0.5643963 0.5292341 0.5566165 
yHAB158_Kazachstania_viticola       0.3212396 0.6997200 0.4734028 0.3959003 0.5572975 0.3963123 0.4406686 0.4148661 0.3215652 0.4470834 0.4598927 0.7085564 0.4483761 0.4925151 0.4760346 0.0000000 0.4764301 0.4167605 0.4566657 0.4788594 0.5066832 
yHAB159_Kazachstania_solicola       0.4302135 0.7172392 0.4941711 0.4544667 0.7303921 0.4714478 0.1048901 0.4427966 0.4025333 0.2266376 0.3612497 0.9546667 0.5142319 0.6223115 0.6177465 0.4764301 0.0000000 0.4833525 0.0457091 0.5111514 0.6002312 
yHAB160_Kazachstania_kunashirensis  0.4158340 0.7323512 0.3362474 0.3944719 0.5672982 0.3979171 0.4780470 0.2074485 0.3787527 0.5150016 0.4717589 0.8610207 0.3805014 0.5343168 0.3805842 0.4167605 0.4833525 0.0000000 0.4816178 0.4582006 0.4545866 
yHAB164_Kazachstania_aerobia        0.4227873 0.7110279 0.4709781 0.4640845 0.6855208 0.4541596 0.0845928 0.4348925 0.3821728 0.2121560 0.3439728 0.8967416 0.5201716 0.5677999 0.5643963 0.4566657 0.0457091 0.4816178 0.0000000 0.4722288 0.5743370 
yHAB166_Kazachstania_yakushimaensis 0.4604867 0.8638755 0.5182323 0.5429448 0.6562036 0.4976659 0.4265805 0.4640200 0.3652923 0.4149001 0.4186659 0.8800547 0.5431313 0.1590788 0.5292341 0.4788594 0.5111514 0.4582006 0.4722288 0.0000000 0.6117097 
yHMPu5000035629_Yueomyces_sinensis  0.4260872 0.7217955 0.4718602 0.4578290 0.3742359 0.4603888 0.5245352 0.4476620 0.4285357 0.6361053 0.5294133 0.9246020 0.5520939 0.7145737 0.5566165 0.5066832 0.6002312 0.4545866 0.5743370 0.6117097 0.0000000 
