21
Kazachstania_africana               0.0000000 1.5487256 1.5733358 1.5928155 1.3212461 1.3783548 1.2443770 1.2997077 1.2964909 1.3119576 1.5910167 1.7540381 1.2836348 2.0034606 1.1967006 1.4197921 1.4619876 1.2332087 1.4666092 1.9481518 1.8611204 
Kazachstania_naganishii             1.5487256 0.0000000 1.6938539 1.7495239 2.0091303 1.8345630 1.6993458 1.7585373 1.5198548 1.7201921 1.4029724 1.7837027 1.5998283 2.2272876 1.7449298 1.6864024 1.5744744 1.7357618 1.6583492 2.3322061 2.0473938 
Naumovozyma_castellii               1.5733358 1.6938539 0.0000000 1.2668985 1.5440006 1.3993088 1.4064864 1.5040862 1.3420765 1.5392757 1.7724029 1.8067126 1.3379199 2.1710101 1.4793017 1.5006966 1.5356674 1.4299535 1.5494476 1.9777278 1.8824829 
Naumovozyma_dairenensis             1.5928155 1.7495239 1.2668985 0.0000000 1.5415610 1.6598140 1.3924399 1.6256187 1.4496326 1.5771113 1.8958462 1.7931836 1.6530232 2.1157486 1.5401171 1.6104664 1.6366377 1.7144146 1.6025141 1.9881413 1.6795538 
Tetrapisispora_blattae              1.3212461 2.0091303 1.5440006 1.5415610 0.0000000 1.5502138 1.2505793 1.4346204 1.3392092 1.2323039 1.9932059 1.8597993 1.7290755 1.7793644 1.6360428 1.5452307 1.4556296 1.4876248 1.3964460 1.8236706 1.3250313 
yHAB132_Kazachstania_martiniae      1.3783548 1.8345630 1.3993088 1.6598140 1.5502138 0.0000000 1.4347359 1.3377613 1.3427727 1.4555750 1.7947970 1.8366764 1.3721895 2.2225884 1.4174228 1.4762648 1.6362239 1.3052707 1.6221130 2.0563643 1.8097249 
yHAB133_Kazachstania_unispora       1.2443770 1.6993458 1.4064864 1.3924399 1.2505793 1.4347359 0.0000000 1.1526955 1.0007888 0.5460210 1.4670005 1.6497937 1.5221303 1.7550132 1.5658240 1.4192831 0.5118242 1.3758792 0.5037468 1.6513250 1.5868544 
yHAB134_Kazachstania_turicensis     1.2997077 1.7585373 1.5040862 1.6256187 1.4346204 1.3377613 1.1526955 0.0000000 1.3019120 1.3278493 1.7015789 1.7949669 1.2647072 1.9631472 1.1923707 1.1985838 1.5377001 0.9508342 1.4915932 1.7610183 1.7903788 
yHAB136_Kazachstania_bromeliacearum 1.2964909 1.5198548 1.3420765 1.4496326 1.3392092 1.3427727 1.0007888 1.3019120 0.0000000 1.0992158 1.6091418 1.7674717 1.4162339 1.8579725 1.3421520 1.3574831 1.1124658 1.2911624 1.0990552 1.7892516 1.6051141 
yHAB143_Kazachstania_siamensis      1.3119576 1.7201921 1.5392757 1.5771113 1.2323039 1.4555750 0.5460210 1.3278493 1.0992158 0.0000000 1.5488063 1.7244604 1.4724448 1.8193366 1.5954685 1.2984208 0.6667519 1.4467840 0.7118779 1.7015619 1.6024622 
yHAB147_Kazachstania_taianensis     1.5910167 1.4029724 1.7724029 1.8958462 1.9932059 1.7947970 1.4670005 1.7015789 1.6091418 1.5488063 0.0000000 1.7392011 1.6211811 2.0851904 1.9596491 1.8885746 1.4721303 1.7854496 1.4718455 2.1664544 2.2342423 
yHAB148_Kazachstania_intestinalis   1.7540381 1.7837027 1.8067126 1.7931836 1.8597993 1.8366764 1.6497937 1.7949669 1.7674717 1.7244604 1.7392011 0.0000000 1.8756378 2.1935834 1.8212556 1.7927977 1.6050413 2.0031050 1.6121533 2.1007428 2.1259971 
yHAB153_Kazachstania_rosinii        1.2836348 1.5998283 1.3379199 1.6530232 1.7290755 1.3721895 1.5221303 1.2647072 1.4162339 1.4724448 1.6211811 1.8756378 0.0000000 2.2522604 1.1868001 1.4002908 1.5977022 0.9818871 1.5462644 2.1894603 1.8041703 
yHAB154_Kazachstania_transvaalensis 2.0034606 2.2272876 2.1710101 2.1157486 1.7793644 2.2225884 1.7550132 1.9631472 1.8579725 1.8193366 2.0851904 2.1935834 2.2522604 0.0000000 2.0911047 2.0991260 1.7912005 2.1299400 1.7581204 0.5025732 2.2951248 
yHAB155_Kazachstania_spencerorum    1.1967006 1.7449298 1.4793017 1.5401171 1.6360428 1.4174228 1.5658240 1.1923707 1.3421520 1.5954685 1.9596491 1.8212556 1.1868001 2.0911047 0.0000000 1.4039393 1.6848196 1.0237698 1.6182619 1.9160554 1.9162789 
yHAB158_Kazachstania_viticola       1.4197921 1.6864024 1.5006966 1.6104664 1.5452307 1.4762648 1.4192831 1.1985838 1.3574831 1.2984208 1.8885746 1.7927977 1.4002908 2.0991260 1.4039393 0.0000000 1.4745247 1.2519068 1.5144662 2.0084968 1.6541892 
yHAB159_Kazachstania_solicola       1.4619876 1.5744744 1.5356674 1.6366377 1.4556296 1.6362239 0.5118242 1.5377001 1.1124658 0.6667519 1.4721303 1.6050413 1.5977022 1.7912005 1.6848196 1.4745247 0.0000000 1.5091033 0.1655325 1.7377345 1.6677097 
yHAB160_Kazachstania_kunashirensis  1.2332087 1.7357618 1.4299535 1.7144146 1.4876248 1.3052707 1.3758792 0.9508342 1.2911624 1.4467840 1.7854496 2.0031050 0.9818871 2.1299400 1.0237698 1.2519068 1.5091033 0.0000000 1.6100245 2.0741900 2.0310081 
yHAB164_Kazachstania_aerobia        1.4666092 1.6583492 1.5494476 1.6025141 1.3964460 1.6221130 0.5037468 1.4915932 1.0990552 0.7118779 1.4718455 1.6121533 1.5462644 1.7581204 1.6182619 1.5144662 0.1655325 1.6100245 0.0000000 1.7278512 1.6878082 
yHAB166_Kazachstania_yakushimaensis 1.9481518 2.3322061 1.9777278 1.9881413 1.8236706 2.0563643 1.6513250 1.7610183 1.7892516 1.7015619 2.1664544 2.1007428 2.1894603 0.5025732 1.9160554 2.0084968 1.7377345 2.0741900 1.7278512 0.0000000 2.2402239 
yHMPu5000035629_Yueomyces_sinensis  1.8611204 2.0473938 1.8824829 1.6795538 1.3250313 1.8097249 1.5868544 1.7903788 1.6051141 1.6024622 2.2342423 2.1259971 1.8041703 2.2951248 1.9162789 1.6541892 1.6677097 2.0310081 1.6878082 2.2402239 0.0000000 
