21
Kazachstania_africana               0.0000000 0.9725724 0.9383937 1.1205790 0.9441733 0.7596691 0.9176773 0.8236655 0.7792740 0.8091964 2.1111577 0.8849118 1.1303973 1.2229858 0.8143757 0.9232509 0.8899785 0.8454159 0.8982611 1.1020830 1.0102942 
Kazachstania_naganishii             0.9725724 0.0000000 0.8720076 1.2093330 1.0599137 0.7919278 0.8495845 0.6986022 0.7775896 0.8876762 1.2362557 0.7819217 0.7932480 1.3065503 0.8441441 0.9057048 0.8075130 0.8225424 0.8369778 1.4513590 1.1059465 
Naumovozyma_castellii               0.9383937 0.8720076 0.0000000 0.7950784 0.9030155 0.7515015 0.8156713 0.7598153 0.7279195 0.7727182 1.7276661 0.8587457 0.9250987 1.1000602 0.7115841 0.8030350 0.8147521 0.8362459 0.7867850 1.1046488 0.8691605 
Naumovozyma_dairenensis             1.1205790 1.2093330 0.7950784 0.0000000 1.0192659 0.9587134 1.1263661 0.9738852 0.9827016 1.0378647 2.0425045 1.1209774 1.2161843 1.1777503 0.9465676 1.0684499 1.0847341 0.8343762 1.0699573 1.0863284 1.0499607 
Tetrapisispora_blattae              0.9441733 1.0599137 0.9030155 1.0192659 0.0000000 0.7909463 0.8257695 0.8026150 0.7046969 0.8904804 1.9376013 0.9141308 1.1166566 1.4077303 0.6881605 0.9195187 0.8895860 0.8060292 0.8943338 1.3453372 0.6274027 
yHAB132_Kazachstania_martiniae      0.7596691 0.7919278 0.7515015 0.9587134 0.7909463 0.0000000 0.7409350 0.7196162 0.6137554 0.6839145 1.8160482 0.7868751 0.9122577 1.1585139 0.6360565 0.8127229 0.7364201 0.6073618 0.7341976 1.1797734 0.8504504 
yHAB133_Kazachstania_unispora       0.9176773 0.8495845 0.8156713 1.1263661 0.8257695 0.7409350 0.0000000 0.7137349 0.6691685 0.3720596 1.7330771 0.9286853 1.0466735 1.2182476 0.7107008 0.9219575 0.2489719 0.6860720 0.2489249 1.3094732 0.9157467 
yHAB134_Kazachstania_turicensis     0.8236655 0.6986022 0.7598153 0.9738852 0.8026150 0.7196162 0.7137349 0.0000000 0.6222939 0.7807962 1.6559696 0.7578467 0.7986492 1.1239379 0.5654209 0.7476158 0.7498824 0.4757470 0.7185441 1.1743401 0.8859594 
yHAB136_Kazachstania_bromeliacearum 0.7792740 0.7775896 0.7279195 0.9827016 0.7046969 0.6137554 0.6691685 0.6222939 0.0000000 0.6749989 1.8060213 0.8466259 0.9375675 1.1624119 0.6863415 0.8102402 0.6922244 0.5589130 0.6771806 1.0576437 0.8634692 
yHAB143_Kazachstania_siamensis      0.8091964 0.8876762 0.7727182 1.0378647 0.8904804 0.6839145 0.3720596 0.7807962 0.6749989 0.0000000 1.5850426 0.9179666 1.0623101 1.1603868 0.7131495 0.8745466 0.4155626 0.7157698 0.4010496 1.2193792 0.9217911 
yHAB147_Kazachstania_taianensis     2.1111577 1.2362557 1.7276661 2.0425045 1.9376013 1.8160482 1.7330771 1.6559696 1.8060213 1.5850426 0.0000000 1.5304653 1.1586558 2.2030518 1.9123179 1.7805885 1.5509481 1.9050262 1.6066967 2.3118780 1.9300235 
yHAB148_Kazachstania_intestinalis   0.8849118 0.7819217 0.8587457 1.1209774 0.9141308 0.7868751 0.9286853 0.7578467 0.8466259 0.9179666 1.5304653 0.0000000 0.8052983 1.2846871 0.7926372 0.9370598 0.9137701 0.8107300 0.9258781 1.2815297 1.0060923 
yHAB153_Kazachstania_rosinii        1.1303973 0.7932480 0.9250987 1.2161843 1.1166566 0.9122577 1.0466735 0.7986492 0.9375675 1.0623101 1.1586558 0.8052983 0.0000000 1.5183165 0.7507890 1.0102066 0.9862239 0.9037260 0.9750816 1.5676173 1.1726957 
yHAB154_Kazachstania_transvaalensis 1.2229858 1.3065503 1.1000602 1.1777503 1.4077303 1.1585139 1.2182476 1.1239379 1.1624119 1.1603868 2.2030518 1.2846871 1.5183165 0.0000000 1.1998045 1.1239333 1.1614686 1.0511565 1.1897858 0.3922756 1.2443172 
yHAB155_Kazachstania_spencerorum    0.8143757 0.8441441 0.7115841 0.9465676 0.6881605 0.6360565 0.7107008 0.5654209 0.6863415 0.7131495 1.9123179 0.7926372 0.7507890 1.1998045 0.0000000 0.7644780 0.7015688 0.5653113 0.7052100 1.2236115 0.8661000 
yHAB158_Kazachstania_viticola       0.9232509 0.9057048 0.8030350 1.0684499 0.9195187 0.8127229 0.9219575 0.7476158 0.8102402 0.8745466 1.7805885 0.9370598 1.0102066 1.1239333 0.7644780 0.0000000 0.9072932 0.7066806 0.9117148 1.1458789 0.9217399 
yHAB159_Kazachstania_solicola       0.8899785 0.8075130 0.8147521 1.0847341 0.8895860 0.7364201 0.2489719 0.7498824 0.6922244 0.4155626 1.5509481 0.9137701 0.9862239 1.1614686 0.7015688 0.9072932 0.0000000 0.6374744 0.0957773 1.2575491 0.9883104 
yHAB160_Kazachstania_kunashirensis  0.8454159 0.8225424 0.8362459 0.8343762 0.8060292 0.6073618 0.6860720 0.4757470 0.5589130 0.7157698 1.9050262 0.8107300 0.9037260 1.0511565 0.5653113 0.7066806 0.6374744 0.0000000 0.6124192 1.0648170 0.7864753 
yHAB164_Kazachstania_aerobia        0.8982611 0.8369778 0.7867850 1.0699573 0.8943338 0.7341976 0.2489249 0.7185441 0.6771806 0.4010496 1.6066967 0.9258781 0.9750816 1.1897858 0.7052100 0.9117148 0.0957773 0.6124192 0.0000000 1.2623063 0.9460519 
yHAB166_Kazachstania_yakushimaensis 1.1020830 1.4513590 1.1046488 1.0863284 1.3453372 1.1797734 1.3094732 1.1743401 1.0576437 1.2193792 2.3118780 1.2815297 1.5676173 0.3922756 1.2236115 1.1458789 1.2575491 1.0648170 1.2623063 0.0000000 1.3030637 
yHMPu5000035629_Yueomyces_sinensis  1.0102942 1.1059465 0.8691605 1.0499607 0.6274027 0.8504504 0.9157467 0.8859594 0.8634692 0.9217911 1.9300235 1.0060923 1.1726957 1.2443172 0.8661000 0.9217399 0.9883104 0.7864753 0.9460519 1.3030637 0.0000000 
