21
Kazachstania_africana               0.0000000 0.3071018 0.2049130 0.2264776 0.2326005 0.1927058 0.1834751 0.2184159 0.1932569 0.1830526 0.2376872 0.2991087 0.2772227 0.2229742 0.2131765 0.2183556 0.2244998 0.1833407 0.2428795 0.2049732 0.2189171 
Kazachstania_naganishii             0.3071018 0.0000000 0.2688484 0.3210651 0.3495936 0.2870284 0.2787108 0.3304208 0.2391777 0.2792837 0.2225994 0.3281897 0.2732319 0.2922921 0.3271378 0.3261631 0.2434175 0.3505581 0.3067719 0.3074130 0.3494016 
Naumovozyma_castellii               0.2049130 0.2688484 0.0000000 0.1235930 0.2139321 0.1825386 0.1586868 0.1903434 0.1329893 0.1650510 0.2432540 0.2199027 0.3069583 0.1977056 0.1413224 0.1732145 0.1887850 0.1749162 0.1898713 0.2046850 0.1713339 
Naumovozyma_dairenensis             0.2264776 0.3210651 0.1235930 0.0000000 0.2176150 0.2081128 0.1599069 0.2184671 0.1575906 0.1701082 0.2731613 0.2849530 0.3566001 0.2149406 0.1968688 0.1895845 0.2062667 0.2219811 0.1830380 0.2319406 0.1708987 
Tetrapisispora_blattae              0.2326005 0.3495936 0.2139321 0.2176150 0.0000000 0.2120120 0.1827520 0.2248184 0.2007875 0.1863549 0.3132857 0.2862556 0.3010555 0.2376913 0.2147266 0.1815029 0.2406936 0.2113044 0.2399499 0.2468610 0.1668854 
yHAB132_Kazachstania_martiniae      0.1927058 0.2870284 0.1825386 0.2081128 0.2120120 0.0000000 0.1558104 0.1641906 0.1702055 0.1629416 0.2465354 0.2782635 0.2938066 0.2024395 0.1663972 0.1527125 0.2063648 0.1386924 0.2168491 0.2113715 0.1866971 
yHAB133_Kazachstania_unispora       0.1834751 0.2787108 0.1586868 0.1599069 0.1827520 0.1558104 0.0000000 0.1660518 0.1236798 0.0878826 0.2184072 0.2709240 0.3199515 0.1618246 0.1706619 0.1583735 0.1040582 0.1609470 0.1053289 0.1831335 0.1404238 
yHAB134_Kazachstania_turicensis     0.2184159 0.3304208 0.1903434 0.2184671 0.2248184 0.1641906 0.1660518 0.0000000 0.1535188 0.1678418 0.2648960 0.2528860 0.2775640 0.2172593 0.1361079 0.1427186 0.2147929 0.1188814 0.2173304 0.2005168 0.2048462 
yHAB136_Kazachstania_bromeliacearum 0.1932569 0.2391777 0.1329893 0.1575906 0.2007875 0.1702055 0.1236798 0.1535188 0.0000000 0.1420384 0.2357600 0.2790245 0.3118916 0.1741700 0.1548806 0.1597370 0.1614562 0.1634442 0.1765029 0.2013005 0.1663927 
yHAB143_Kazachstania_siamensis      0.1830526 0.2792837 0.1650510 0.1701082 0.1863549 0.1629416 0.0878826 0.1678418 0.1420384 0.0000000 0.2313678 0.2533625 0.2977933 0.1470869 0.1712930 0.1343874 0.1499311 0.1568738 0.1350647 0.1547635 0.1433474 
yHAB147_Kazachstania_taianensis     0.2376872 0.2225994 0.2432540 0.2731613 0.3132857 0.2465354 0.2184072 0.2648960 0.2357600 0.2313678 0.0000000 0.2865246 0.3123424 0.2612611 0.2879984 0.2961229 0.2040738 0.2661372 0.2602125 0.2835985 0.2942690 
yHAB148_Kazachstania_intestinalis   0.2991087 0.3281897 0.2199027 0.2849530 0.2862556 0.2782635 0.2709240 0.2528860 0.2790245 0.2533625 0.2865246 0.0000000 0.3489886 0.3027444 0.2504275 0.2587939 0.2468108 0.2748553 0.2903559 0.2875890 0.3117623 
yHAB153_Kazachstania_rosinii        0.2772227 0.2732319 0.3069583 0.3566001 0.3010555 0.2938066 0.3199515 0.2775640 0.3118916 0.2977933 0.3123424 0.3489886 0.0000000 0.3349976 0.2974094 0.2933632 0.2653434 0.2918025 0.3312285 0.3086681 0.3337292 
yHAB154_Kazachstania_transvaalensis 0.2229742 0.2922921 0.1977056 0.2149406 0.2376913 0.2024395 0.1618246 0.2172593 0.1741700 0.1470869 0.2612611 0.3027444 0.3349976 0.0000000 0.1936951 0.2175123 0.2182355 0.2018686 0.2129555 0.0665562 0.2227531 
yHAB155_Kazachstania_spencerorum    0.2131765 0.3271378 0.1413224 0.1968688 0.2147266 0.1663972 0.1706619 0.1361079 0.1548806 0.1712930 0.2879984 0.2504275 0.2974094 0.1936951 0.0000000 0.1531390 0.2207827 0.1435710 0.2117818 0.1941666 0.1745474 
yHAB158_Kazachstania_viticola       0.2183556 0.3261631 0.1732145 0.1895845 0.1815029 0.1527125 0.1583735 0.1427186 0.1597370 0.1343874 0.2961229 0.2587939 0.2933632 0.2175123 0.1531390 0.0000000 0.2149917 0.1449008 0.2044392 0.2115200 0.1552387 
yHAB159_Kazachstania_solicola       0.2244998 0.2434175 0.1887850 0.2062667 0.2406936 0.2063648 0.1040582 0.2147929 0.1614562 0.1499311 0.2040738 0.2468108 0.2653434 0.2182355 0.2207827 0.2149917 0.0000000 0.2213149 0.0809869 0.2051975 0.2088418 
yHAB160_Kazachstania_kunashirensis  0.1833407 0.3505581 0.1749162 0.2219811 0.2113044 0.1386924 0.1609470 0.1188814 0.1634442 0.1568738 0.2661372 0.2748553 0.2918025 0.2018686 0.1435710 0.1449008 0.2213149 0.0000000 0.2358113 0.1966953 0.1668896 
yHAB164_Kazachstania_aerobia        0.2428795 0.3067719 0.1898713 0.1830380 0.2399499 0.2168491 0.1053289 0.2173304 0.1765029 0.1350647 0.2602125 0.2903559 0.3312285 0.2129555 0.2117818 0.2044392 0.0809869 0.2358113 0.0000000 0.2119497 0.1873845 
yHAB166_Kazachstania_yakushimaensis 0.2049732 0.3074130 0.2046850 0.2319406 0.2468610 0.2113715 0.1831335 0.2005168 0.2013005 0.1547635 0.2835985 0.2875890 0.3086681 0.0665562 0.1941666 0.2115200 0.2051975 0.1966953 0.2119497 0.0000000 0.2317434 
yHMPu5000035629_Yueomyces_sinensis  0.2189171 0.3494016 0.1713339 0.1708987 0.1668854 0.1866971 0.1404238 0.2048462 0.1663927 0.1433474 0.2942690 0.3117623 0.3337292 0.2227531 0.1745474 0.1552387 0.2088418 0.1668896 0.1873845 0.2317434 0.0000000 
