21
Kazachstania_africana               0.0000000 0.2535178 0.1645422 0.1521822 0.1818656 0.1551334 0.1509171 0.1314900 0.1319401 0.1361961 0.2091349 0.2168164 0.2005122 0.1926515 0.1929046 0.1363225 0.1547846 0.1313618 0.1594573 0.1605708 0.1628678 
Kazachstania_naganishii             0.2535178 0.0000000 0.2150886 0.2337657 0.3080892 0.2651445 0.2727174 0.2465978 0.2298936 0.2655887 0.1650999 0.2189524 0.2135121 0.3114238 0.2868054 0.2808602 0.2559116 0.2734925 0.2690554 0.2878588 0.3006369 
Naumovozyma_castellii               0.1645422 0.2150886 0.0000000 0.1534730 0.1927964 0.1685812 0.1630788 0.1686373 0.1509601 0.1632611 0.2031506 0.2188817 0.2217749 0.1996272 0.2132234 0.1768488 0.1726814 0.1767303 0.1751862 0.1962172 0.1808809 
Naumovozyma_dairenensis             0.1521822 0.2337657 0.1534730 0.0000000 0.1963713 0.1787552 0.1510891 0.1536088 0.1445565 0.1497740 0.2141229 0.2140350 0.2395566 0.1875614 0.2088719 0.1694578 0.1639550 0.1583894 0.1703316 0.1715352 0.1728142 
Tetrapisispora_blattae              0.1818656 0.3080892 0.1927964 0.1963713 0.0000000 0.1903597 0.1836431 0.1891118 0.1812206 0.1777378 0.2842416 0.2576160 0.2534389 0.2190697 0.2275564 0.2003487 0.1965077 0.1745313 0.1936892 0.1991029 0.1637113 
yHAB132_Kazachstania_martiniae      0.1551334 0.2651445 0.1685812 0.1787552 0.1903597 0.0000000 0.1679780 0.1594304 0.1439843 0.1675411 0.2496915 0.2307509 0.2300335 0.2049039 0.2050075 0.1724630 0.1797608 0.1536437 0.1733788 0.1867877 0.1842319 
yHAB133_Kazachstania_unispora       0.1509171 0.2727174 0.1630788 0.1510891 0.1836431 0.1679780 0.0000000 0.1368495 0.1245715 0.0637870 0.2366117 0.2437806 0.2506258 0.1799514 0.1936337 0.1616575 0.0605132 0.1477524 0.0622037 0.1540907 0.1562317 
yHAB134_Kazachstania_turicensis     0.1314900 0.2465978 0.1686373 0.1536088 0.1891118 0.1594304 0.1368495 0.0000000 0.1353282 0.1478441 0.2131989 0.2242192 0.2021174 0.2089839 0.1790102 0.1564309 0.1508408 0.1016591 0.1529682 0.1826117 0.1591967 
yHAB136_Kazachstania_bromeliacearum 0.1319401 0.2298936 0.1509601 0.1445565 0.1812206 0.1439843 0.1245715 0.1353282 0.0000000 0.1227822 0.1997650 0.2036722 0.2281017 0.1778298 0.1873159 0.1535356 0.1351109 0.1433182 0.1390606 0.1670427 0.1688992 
yHAB143_Kazachstania_siamensis      0.1361961 0.2655887 0.1632611 0.1497740 0.1777378 0.1675411 0.0637870 0.1478441 0.1227822 0.0000000 0.2256322 0.2315964 0.2442212 0.1613332 0.1981486 0.1521047 0.0897855 0.1341521 0.0944676 0.1430394 0.1516545 
yHAB147_Kazachstania_taianensis     0.2091349 0.1650999 0.2031506 0.2141229 0.2842416 0.2496915 0.2366117 0.2131989 0.1997650 0.2256322 0.0000000 0.2176250 0.1750631 0.2779106 0.2747087 0.2354815 0.2219061 0.2421553 0.2436869 0.2482579 0.2923654 
yHAB148_Kazachstania_intestinalis   0.2168164 0.2189524 0.2188817 0.2140350 0.2576160 0.2307509 0.2437806 0.2242192 0.2036722 0.2315964 0.2176250 0.0000000 0.2570142 0.2794155 0.2563696 0.2119237 0.2390983 0.2324800 0.2444197 0.2679218 0.2490062 
yHAB153_Kazachstania_rosinii        0.2005122 0.2135121 0.2217749 0.2395566 0.2534389 0.2300335 0.2506258 0.2021174 0.2281017 0.2442212 0.1750631 0.2570142 0.0000000 0.3121736 0.2396097 0.2400043 0.2280690 0.2229542 0.2522086 0.2837094 0.2781321 
yHAB154_Kazachstania_transvaalensis 0.1926515 0.3114238 0.1996272 0.1875614 0.2190697 0.2049039 0.1799514 0.2089839 0.1778298 0.1613332 0.2779106 0.2794155 0.3121736 0.0000000 0.2383394 0.2035234 0.2063948 0.1844262 0.2025845 0.0647618 0.2230386 
yHAB155_Kazachstania_spencerorum    0.1929046 0.2868054 0.2132234 0.2088719 0.2275564 0.2050075 0.1936337 0.1790102 0.1873159 0.1981486 0.2747087 0.2563696 0.2396097 0.2383394 0.0000000 0.2040825 0.2003933 0.1776307 0.2044290 0.2129703 0.2190771 
yHAB158_Kazachstania_viticola       0.1363225 0.2808602 0.1768488 0.1694578 0.2003487 0.1724630 0.1616575 0.1564309 0.1535356 0.1521047 0.2354815 0.2119237 0.2400043 0.2035234 0.2040825 0.0000000 0.1766799 0.1460793 0.1837139 0.1730249 0.1724425 
yHAB159_Kazachstania_solicola       0.1547846 0.2559116 0.1726814 0.1639550 0.1965077 0.1797608 0.0605132 0.1508408 0.1351109 0.0897855 0.2219061 0.2390983 0.2280690 0.2063948 0.2003933 0.1766799 0.0000000 0.1640141 0.0259380 0.1789816 0.1656314 
yHAB160_Kazachstania_kunashirensis  0.1313618 0.2734925 0.1767303 0.1583894 0.1745313 0.1536437 0.1477524 0.1016591 0.1433182 0.1341521 0.2421553 0.2324800 0.2229542 0.1844262 0.1776307 0.1460793 0.1640141 0.0000000 0.1629193 0.1698129 0.1610915 
yHAB164_Kazachstania_aerobia        0.1594573 0.2690554 0.1751862 0.1703316 0.1936892 0.1733788 0.0622037 0.1529682 0.1390606 0.0944676 0.2436869 0.2444197 0.2522086 0.2025845 0.2044290 0.1837139 0.0259380 0.1629193 0.0000000 0.1800989 0.1644047 
yHAB166_Kazachstania_yakushimaensis 0.1605708 0.2878588 0.1962172 0.1715352 0.1991029 0.1867877 0.1540907 0.1826117 0.1670427 0.1430394 0.2482579 0.2679218 0.2837094 0.0647618 0.2129703 0.1730249 0.1789816 0.1698129 0.1800989 0.0000000 0.2026542 
yHMPu5000035629_Yueomyces_sinensis  0.1628678 0.3006369 0.1808809 0.1728142 0.1637113 0.1842319 0.1562317 0.1591967 0.1688992 0.1516545 0.2923654 0.2490062 0.2781321 0.2230386 0.2190771 0.1724425 0.1656314 0.1610915 0.1644047 0.2026542 0.0000000 
