21
Kazachstania_africana               0.0000000 1.6759863 1.3222052 1.3801643 1.8011329 1.3745112 1.3718432 1.6193088 1.2231383 1.4484798 1.4158947 1.7842064 1.2976977 1.4723568 1.2604174 1.4014582 1.4092706 1.4616130 1.3878329 1.4051178 1.7978250 
Kazachstania_naganishii             1.6759863 0.0000000 1.5933834 1.5397785 2.0199670 1.4641398 1.3371248 1.7951977 1.2290264 1.4073206 1.3768526 1.7095176 1.5121934 1.5330540 1.4320573 1.6806793 1.3539640 1.6647772 1.3952222 1.4073779 2.0571864 
Naumovozyma_castellii               1.3222052 1.5933834 0.0000000 0.9546410 1.7590581 1.4814424 1.5454133 1.7008429 1.2495889 1.4888141 1.3805684 1.9161698 1.4845513 1.6728447 1.4382101 1.5279901 1.4180074 1.4861292 1.4631093 1.5275027 1.7160427 
Naumovozyma_dairenensis             1.3801643 1.5397785 0.9546410 0.0000000 1.7002618 1.3791435 1.3956313 1.5713199 1.2202069 1.4597873 1.3677779 1.9157032 1.4207838 1.5411761 1.3752703 1.5333302 1.3462405 1.5293910 1.3841527 1.4436891 1.7578139 
Tetrapisispora_blattae              1.8011329 2.0199670 1.7590581 1.7002618 0.0000000 1.8968209 1.7245852 1.9309376 1.6085582 1.7924710 1.6521013 2.2522369 1.7427756 1.8699193 1.8021422 1.7945518 1.6946198 1.7217204 1.7570023 1.7194742 1.3386597 
yHAB132_Kazachstania_martiniae      1.3745112 1.4641398 1.4814424 1.3791435 1.8968209 0.0000000 1.2529459 1.5621048 1.1401738 1.3135880 1.2325783 1.8412180 1.2973727 1.5032683 1.2878123 1.5560468 1.2430589 1.4660895 1.2174553 1.4468417 1.9030013 
yHAB133_Kazachstania_unispora       1.3718432 1.3371248 1.5454133 1.3956313 1.7245852 1.2529459 0.0000000 1.4752952 0.9961277 0.4526138 1.1212554 1.7131515 1.3615236 1.2292994 1.2997607 1.3725929 0.2948406 1.3877732 0.2999375 1.1593885 1.8109895 
yHAB134_Kazachstania_turicensis     1.6193088 1.7951977 1.7008429 1.5713199 1.9309376 1.5621048 1.4752952 0.0000000 1.4565040 1.5049018 1.5009886 2.1060162 1.4237863 1.6921539 1.4023970 1.5642743 1.5082761 1.0082281 1.5316628 1.5561469 2.1495488 
yHAB136_Kazachstania_bromeliacearum 1.2231383 1.2290264 1.2495889 1.2202069 1.6085582 1.1401738 0.9961277 1.4565040 0.0000000 1.0837039 1.0032043 1.6454936 1.2017621 1.1818267 1.1583486 1.2914929 0.9997819 1.3356716 1.0137176 1.0873830 1.7365598 
yHAB143_Kazachstania_siamensis      1.4484798 1.4073206 1.4888141 1.4597873 1.7924710 1.3135880 0.4526138 1.5049018 1.0837039 0.0000000 1.1642950 1.7359035 1.3783001 1.2034782 1.3443689 1.3285168 0.5141507 1.3744970 0.5084791 1.1622068 1.8055344 
yHAB147_Kazachstania_taianensis     1.4158947 1.3768526 1.3805684 1.3677779 1.6521013 1.2325783 1.1212554 1.5009886 1.0032043 1.1642950 0.0000000 1.6971304 1.3065950 1.3005069 1.3649424 1.4051318 1.0596347 1.4449133 1.1197704 1.1656488 2.0104267 
yHAB148_Kazachstania_intestinalis   1.7842064 1.7095176 1.9161698 1.9157032 2.2522369 1.8412180 1.7131515 2.1060162 1.6454936 1.7359035 1.6971304 0.0000000 1.6891697 1.9002364 1.8100251 1.8097491 1.7544457 1.8761047 1.8319861 1.7946523 2.4160262 
yHAB153_Kazachstania_rosinii        1.2976977 1.5121934 1.4845513 1.4207838 1.7427756 1.2973727 1.3615236 1.4237863 1.2017621 1.3783001 1.3065950 1.6891697 0.0000000 1.4532682 0.9602930 1.3766506 1.3330336 1.1791040 1.3472621 1.3344320 1.8609860 
yHAB154_Kazachstania_transvaalensis 1.4723568 1.5330540 1.6728447 1.5411761 1.8699193 1.5032683 1.2292994 1.6921539 1.1818267 1.2034782 1.3005069 1.9002364 1.4532682 0.0000000 1.4406721 1.4666183 1.1740478 1.5482777 1.1847948 0.4448586 2.0042363 
yHAB155_Kazachstania_spencerorum    1.2604174 1.4320573 1.4382101 1.3752703 1.8021422 1.2878123 1.2997607 1.4023970 1.1583486 1.3443689 1.3649424 1.8100251 0.9602930 1.4406721 0.0000000 1.4091552 1.3248377 1.2324185 1.3336200 1.3064362 1.8393013 
yHAB158_Kazachstania_viticola       1.4014582 1.6806793 1.5279901 1.5333302 1.7945518 1.5560468 1.3725929 1.5642743 1.2914929 1.3285168 1.4051318 1.8097491 1.3766506 1.4666183 1.4091552 0.0000000 1.4222517 1.4097437 1.4354592 1.4209737 1.9420374 
yHAB159_Kazachstania_solicola       1.4092706 1.3539640 1.4180074 1.3462405 1.6946198 1.2430589 0.2948406 1.5082761 0.9997819 0.5141507 1.0596347 1.7544457 1.3330336 1.1740478 1.3248377 1.4222517 0.0000000 1.3573471 0.0928266 1.1326984 1.8656931 
yHAB160_Kazachstania_kunashirensis  1.4616130 1.6647772 1.4861292 1.5293910 1.7217204 1.4660895 1.3877732 1.0082281 1.3356716 1.3744970 1.4449133 1.8761047 1.1791040 1.5482777 1.2324185 1.4097437 1.3573471 0.0000000 1.3697952 1.4490638 1.9126332 
yHAB164_Kazachstania_aerobia        1.3878329 1.3952222 1.4631093 1.3841527 1.7570023 1.2174553 0.2999375 1.5316628 1.0137176 0.5084791 1.1197704 1.8319861 1.3472621 1.1847948 1.3336200 1.4354592 0.0928266 1.3697952 0.0000000 1.0900440 1.8729436 
yHAB166_Kazachstania_yakushimaensis 1.4051178 1.4073779 1.5275027 1.4436891 1.7194742 1.4468417 1.1593885 1.5561469 1.0873830 1.1622068 1.1656488 1.7946523 1.3344320 0.4448586 1.3064362 1.4209737 1.1326984 1.4490638 1.0900440 0.0000000 1.9433855 
yHMPu5000035629_Yueomyces_sinensis  1.7978250 2.0571864 1.7160427 1.7578139 1.3386597 1.9030013 1.8109895 2.1495488 1.7365598 1.8055344 2.0104267 2.4160262 1.8609860 2.0042363 1.8393013 1.9420374 1.8656931 1.9126332 1.8729436 1.9433855 0.0000000 
