21
Kazachstania_africana               0.0000000 1.9180395 1.6511548 1.6809559 2.0709857 1.6195163 1.5924870 1.8916626 1.5220185 1.4756734 1.8090245 2.0440696 1.5630217 1.6870381 1.5876796 1.6784480 1.6450268 1.6545804 1.6339937 1.7084632 2.0010930 
Kazachstania_naganishii             1.9180395 0.0000000 1.8721062 2.0549942 2.2860771 1.7593474 1.6878457 2.0360850 1.5257758 1.6555741 1.7817105 2.1749188 1.7899376 1.7489518 1.8878636 1.9819503 1.7160366 2.0444246 1.6764925 1.8025768 2.1754850 
Naumovozyma_castellii               1.6511548 1.8721062 0.0000000 1.3952655 2.0560519 1.6580553 1.7195302 1.8489525 1.5129011 1.5372745 1.7549371 2.1081381 1.5756350 1.7398638 1.6246489 1.7551039 1.7183911 1.6354272 1.7194490 1.7911622 1.7747826 
Naumovozyma_dairenensis             1.6809559 2.0549942 1.3952655 0.0000000 1.9273077 1.7359875 1.6633745 1.9003696 1.7035194 1.6677863 1.9095101 2.1971082 1.6972296 1.8542988 1.7054749 1.8546867 1.7065411 1.7856736 1.6974921 1.8901181 1.9078361 
Tetrapisispora_blattae              2.0709857 2.2860771 2.0560519 1.9273077 0.0000000 1.9166585 1.9359441 2.2174065 1.8812936 1.9438159 2.0881231 2.5114267 2.0981053 2.0090630 2.1674447 2.1067560 2.0334883 1.9614464 2.0290638 1.8881058 1.8160969 
yHAB132_Kazachstania_martiniae      1.6195163 1.7593474 1.6580553 1.7359875 1.9166585 0.0000000 1.5394567 1.7885607 1.3724447 1.5804621 1.6567406 1.9553892 1.4883032 1.5220306 1.6885145 1.6944735 1.5627845 1.6769175 1.5742162 1.5722339 1.8826939 
yHAB133_Kazachstania_unispora       1.5924870 1.6878457 1.7195302 1.6633745 1.9359441 1.5394567 0.0000000 1.7447051 1.2962942 0.6937508 1.4678363 2.2675300 1.5816898 1.3839397 1.7203588 1.6761185 0.4458178 1.6989641 0.4631642 1.3184115 1.7465928 
yHAB134_Kazachstania_turicensis     1.8916626 2.0360850 1.8489525 1.9003696 2.2174065 1.7885607 1.7447051 0.0000000 1.7371683 1.6420334 2.0397534 2.2034183 1.7245278 1.8247502 1.8085646 1.9944064 1.7848947 1.3756925 1.8008970 1.8545785 2.1004638 
yHAB136_Kazachstania_bromeliacearum 1.5220185 1.5257758 1.5129011 1.7035194 1.8812936 1.3724447 1.2962942 1.7371683 0.0000000 1.2964070 1.4738248 2.0047683 1.4714611 1.4111960 1.6246882 1.6358923 1.3477414 1.5658942 1.3513628 1.3293074 1.7553781 
yHAB143_Kazachstania_siamensis      1.4756734 1.6555741 1.5372745 1.6677863 1.9438159 1.5804621 0.6937508 1.6420334 1.2964070 0.0000000 1.4532015 2.0298416 1.5971746 1.2738563 1.5975704 1.7240839 0.7520687 1.6037786 0.7676523 1.3001709 1.7953912 
yHAB147_Kazachstania_taianensis     1.8090245 1.7817105 1.7549371 1.9095101 2.0881231 1.6567406 1.4678363 2.0397534 1.4738248 1.4532015 0.0000000 2.1430929 1.7511888 1.6405564 1.8488160 1.7043524 1.4798898 1.9404271 1.5053647 1.6377442 2.0226009 
yHAB148_Kazachstania_intestinalis   2.0440696 2.1749188 2.1081381 2.1971082 2.5114267 1.9553892 2.2675300 2.2034183 2.0047683 2.0298416 2.1430929 0.0000000 2.0862800 2.1978192 2.3056580 2.1150401 2.1708038 2.0532063 2.1713467 2.2397573 2.4583755 
yHAB153_Kazachstania_rosinii        1.5630217 1.7899376 1.5756350 1.6972296 2.0981053 1.4883032 1.5816898 1.7245278 1.4714611 1.5971746 1.7511888 2.0862800 0.0000000 1.7744443 1.3129179 1.6294295 1.5860294 1.5553342 1.6006186 1.8072276 1.9218157 
yHAB154_Kazachstania_transvaalensis 1.6870381 1.7489518 1.7398638 1.8542988 2.0090630 1.5220306 1.3839397 1.8247502 1.4111960 1.2738563 1.6405564 2.1978192 1.7744443 0.0000000 1.7592210 1.7321007 1.3755582 1.7598217 1.4131431 0.6396099 1.8082157 
yHAB155_Kazachstania_spencerorum    1.5876796 1.8878636 1.6246489 1.7054749 2.1674447 1.6885145 1.7203588 1.8085646 1.6246882 1.5975704 1.8488160 2.3056580 1.3129179 1.7592210 0.0000000 1.8222589 1.6845111 1.4918890 1.7220065 1.7387252 1.9614545 
yHAB158_Kazachstania_viticola       1.6784480 1.9819503 1.7551039 1.8546867 2.1067560 1.6944735 1.6761185 1.9944064 1.6358923 1.7240839 1.7043524 2.1150401 1.6294295 1.7321007 1.8222589 0.0000000 1.7024525 1.7731023 1.7280532 1.6882304 1.9980513 
yHAB159_Kazachstania_solicola       1.6450268 1.7160366 1.7183911 1.7065411 2.0334883 1.5627845 0.4458178 1.7848947 1.3477414 0.7520687 1.4798898 2.1708038 1.5860294 1.3755582 1.6845111 1.7024525 0.0000000 1.6468191 0.1360714 1.3484809 1.7621008 
yHAB160_Kazachstania_kunashirensis  1.6545804 2.0444246 1.6354272 1.7856736 1.9614464 1.6769175 1.6989641 1.3756925 1.5658942 1.6037786 1.9404271 2.0532063 1.5553342 1.7598217 1.4918890 1.7731023 1.6468191 0.0000000 1.6591147 1.7482320 1.9390923 
yHAB164_Kazachstania_aerobia        1.6339937 1.6764925 1.7194490 1.6974921 2.0290638 1.5742162 0.4631642 1.8008970 1.3513628 0.7676523 1.5053647 2.1713467 1.6006186 1.4131431 1.7220065 1.7280532 0.1360714 1.6591147 0.0000000 1.4089793 1.7963372 
yHAB166_Kazachstania_yakushimaensis 1.7084632 1.8025768 1.7911622 1.8901181 1.8881058 1.5722339 1.3184115 1.8545785 1.3293074 1.3001709 1.6377442 2.2397573 1.8072276 0.6396099 1.7387252 1.6882304 1.3484809 1.7482320 1.4089793 0.0000000 1.8026211 
yHMPu5000035629_Yueomyces_sinensis  2.0010930 2.1754850 1.7747826 1.9078361 1.8160969 1.8826939 1.7465928 2.1004638 1.7553781 1.7953912 2.0226009 2.4583755 1.9218157 1.8082157 1.9614545 1.9980513 1.7621008 1.9390923 1.7963372 1.8026211 0.0000000 
