21
Kazachstania_africana               0.0000000 1.8016866 1.5055915 1.4049257 1.7292335 1.7691032 2.0984761 1.3524230 1.3358435 1.8513692 1.4206657 1.4545297 1.0820597 2.1405931 1.3224576 1.3317759 2.1929451 1.3454154 2.2284796 2.2452129 1.7054645 
Kazachstania_naganishii             1.8016866 0.0000000 2.0211914 2.1221371 2.5369613 2.2991190 2.3451265 1.9337619 1.3011715 2.3441005 1.6027354 1.8330158 1.6720694 2.3132545 2.0187860 1.8624391 2.4178636 1.8102550 2.3693776 2.6839433 2.5020757 
Naumovozyma_castellii               1.5055915 2.0211914 0.0000000 1.0432643 1.9300663 1.8372817 2.1723275 1.5631073 1.4407706 2.0952423 1.5746886 1.7585515 1.4077626 2.4044636 1.6296383 1.5673175 2.0667904 1.2130261 2.0256912 2.4937922 1.8394493 
Naumovozyma_dairenensis             1.4049257 2.1221371 1.0432643 0.0000000 1.9831774 2.0075265 2.2775743 1.6119714 1.5428601 2.1211229 1.7077431 1.6667912 1.3966771 2.4262993 1.7202228 1.7838592 2.4675617 1.4799553 2.3107105 2.3970782 1.9779758 
Tetrapisispora_blattae              1.7292335 2.5369613 1.9300663 1.9831774 0.0000000 2.0852097 2.3072856 1.7317569 1.8331177 2.2668741 2.0304794 1.8087560 1.7739931 2.6387849 1.5601933 1.8159117 2.3594825 1.5956387 2.3180169 2.7903051 1.3572709 
yHAB132_Kazachstania_martiniae      1.7691032 2.2991190 1.8372817 2.0075265 2.0852097 0.0000000 2.3095632 1.9659636 1.8710227 2.1278680 1.8961563 1.9481175 1.8365794 2.4620516 1.7180666 1.7020217 2.2773756 1.8009050 2.2104122 2.5235867 2.4659316 
yHAB133_Kazachstania_unispora       2.0984761 2.3451265 2.1723275 2.2775743 2.3072856 2.3095632 0.0000000 1.7260389 1.9118827 0.6549241 1.9643097 1.7357035 2.1866470 1.8565728 2.0920574 2.1695540 0.3857672 1.9423403 0.3847396 1.9339682 2.2518140 
yHAB134_Kazachstania_turicensis     1.3524230 1.9337619 1.5631073 1.6119714 1.7317569 1.9659636 1.7260389 0.0000000 1.5320994 1.8605722 1.6038140 1.4883986 1.3370809 2.2102160 1.3496392 1.5446274 1.8572691 0.9470698 1.8665340 2.3968996 1.9471973 
yHAB136_Kazachstania_bromeliacearum 1.3358435 1.3011715 1.4407706 1.5428601 1.8331177 1.8710227 1.9118827 1.5320994 0.0000000 1.9429234 1.0571862 1.4585736 1.1834402 1.9216554 1.4718654 1.3512539 1.9179402 1.3416587 1.9398843 2.0607967 1.6686244 
yHAB143_Kazachstania_siamensis      1.8513692 2.3441005 2.0952423 2.1211229 2.2668741 2.1278680 0.6549241 1.8605722 1.9429234 0.0000000 1.7347746 1.8860490 1.9601332 1.8275074 2.0451769 2.1139518 0.6574745 1.9474819 0.6742298 1.9690367 2.2510129 
yHAB147_Kazachstania_taianensis     1.4206657 1.6027354 1.5746886 1.7077431 2.0304794 1.8961563 1.9643097 1.6038140 1.0571862 1.7347746 0.0000000 1.4766092 1.3260322 1.8893831 1.5729833 1.5551743 1.8310657 1.4232388 1.9068251 2.2218384 1.9842382 
yHAB148_Kazachstania_intestinalis   1.4545297 1.8330158 1.7585515 1.6667912 1.8087560 1.9481175 1.7357035 1.4883986 1.4585736 1.8860490 1.4766092 0.0000000 1.3753322 2.1947889 1.5300888 1.6079986 1.6789262 1.4360430 1.7796828 2.1857461 2.1351323 
yHAB153_Kazachstania_rosinii        1.0820597 1.6720694 1.4077626 1.3966771 1.7739931 1.8365794 2.1866470 1.3370809 1.1834402 1.9601332 1.3260322 1.3753322 0.0000000 2.0702828 1.1406188 1.4250379 2.2337037 1.1220984 2.1136087 2.2214903 1.6651325 
yHAB154_Kazachstania_transvaalensis 2.1405931 2.3132545 2.4044636 2.4262993 2.6387849 2.4620516 1.8565728 2.2102160 1.9216554 1.8275074 1.8893831 2.1947889 2.0702828 0.0000000 2.0962450 2.1035160 2.0207945 1.9921182 2.0875966 0.5291445 2.2366641 
yHAB155_Kazachstania_spencerorum    1.3224576 2.0187860 1.6296383 1.7202228 1.5601933 1.7180666 2.0920574 1.3496392 1.4718654 2.0451769 1.5729833 1.5300888 1.1406188 2.0962450 0.0000000 1.4173978 2.0580516 1.1655794 2.0646578 2.3665424 1.7133076 
yHAB158_Kazachstania_viticola       1.3317759 1.8624391 1.5673175 1.7838592 1.8159117 1.7020217 2.1695540 1.5446274 1.3512539 2.1139518 1.5551743 1.6079986 1.4250379 2.1035160 1.4173978 0.0000000 2.2045964 1.1617726 2.1701874 2.2813745 1.6858686 
yHAB159_Kazachstania_solicola       2.1929451 2.4178636 2.0667904 2.4675617 2.3594825 2.2773756 0.3857672 1.8572691 1.9179402 0.6574745 1.8310657 1.6789262 2.2337037 2.0207945 2.0580516 2.2045964 0.0000000 1.9440397 0.1298693 2.0597481 2.3294089 
yHAB160_Kazachstania_kunashirensis  1.3454154 1.8102550 1.2130261 1.4799553 1.5956387 1.8009050 1.9423403 0.9470698 1.3416587 1.9474819 1.4232388 1.4360430 1.1220984 1.9921182 1.1655794 1.1617726 1.9440397 0.0000000 1.9405631 2.2256797 1.6717610 
yHAB164_Kazachstania_aerobia        2.2284796 2.3693776 2.0256912 2.3107105 2.3180169 2.2104122 0.3847396 1.8665340 1.9398843 0.6742298 1.9068251 1.7796828 2.1136087 2.0875966 2.0646578 2.1701874 0.1298693 1.9405631 0.0000000 2.0513584 2.3113749 
yHAB166_Kazachstania_yakushimaensis 2.2452129 2.6839433 2.4937922 2.3970782 2.7903051 2.5235867 1.9339682 2.3968996 2.0607967 1.9690367 2.2218384 2.1857461 2.2214903 0.5291445 2.3665424 2.2813745 2.0597481 2.2256797 2.0513584 0.0000000 2.3787671 
yHMPu5000035629_Yueomyces_sinensis  1.7054645 2.5020757 1.8394493 1.9779758 1.3572709 2.4659316 2.2518140 1.9471973 1.6686244 2.2510129 1.9842382 2.1351323 1.6651325 2.2366641 1.7133076 1.6858686 2.3294089 1.6717610 2.3113749 2.3787671 0.0000000 
