21
Kazachstania_africana               0.0000000 0.9234620 0.8515040 0.8448038 0.8436371 0.8056885 0.6664748 0.8282781 0.7356929 0.7118039 1.0890128 1.2143273 0.8717217 0.9757311 0.8353776 0.8900570 0.7747618 0.6669461 0.7707233 0.8241065 1.7499972 
Kazachstania_naganishii             0.9234620 0.0000000 0.8203890 0.8984410 1.0475028 0.8354126 0.7254093 0.8749236 0.6748821 0.7683884 0.7965311 1.0952355 0.9058942 0.9248624 0.9002872 0.8964254 0.6774481 0.9821162 0.6998553 0.9072606 1.8653401 
Naumovozyma_castellii               0.8515040 0.8203890 0.0000000 0.4388695 0.7067605 0.8012438 0.6315215 0.7638232 0.7210621 0.6805597 0.8129160 1.2205960 0.8839471 0.8759089 0.7610975 0.7147575 0.6653541 0.7106683 0.6722077 0.8927258 1.5224980 
Naumovozyma_dairenensis             0.8448038 0.8984410 0.4388695 0.0000000 0.8234456 0.6752416 0.5719778 0.7873933 0.6939836 0.5858580 0.9250266 1.3295406 0.9634425 0.7935713 0.7187270 0.5978225 0.6037734 0.6671175 0.5890672 0.7794522 1.3597218 
Tetrapisispora_blattae              0.8436371 1.0475028 0.7067605 0.8234456 0.0000000 0.8925918 0.7794324 0.8394557 0.9354894 0.8318635 1.4018841 1.2760383 1.1135841 0.9333718 0.8974025 0.8963872 0.9119098 0.8714586 0.9358850 0.8482342 1.4951469 
yHAB132_Kazachstania_martiniae      0.8056885 0.8354126 0.8012438 0.6752416 0.8925918 0.0000000 0.4754791 0.8451624 0.5684353 0.5931459 1.1201409 1.1657138 0.8606251 0.8973711 0.6330358 0.7179753 0.5770413 0.7636575 0.5982053 0.7642659 1.6086090 
yHAB133_Kazachstania_unispora       0.6664748 0.7254093 0.6315215 0.5719778 0.7794324 0.4754791 0.0000000 0.7014641 0.5178248 0.2456224 0.8574484 1.0862002 0.8648294 0.6858479 0.6266079 0.5915036 0.2421096 0.6553785 0.2465605 0.6559685 1.3890769 
yHAB134_Kazachstania_turicensis     0.8282781 0.8749236 0.7638232 0.7873933 0.8394557 0.8451624 0.7014641 0.0000000 0.7611771 0.6900829 1.1802985 1.3019923 0.9983706 0.7916399 0.8590604 0.6334375 0.6964547 0.5984837 0.7011731 0.8415192 1.4513349 
yHAB136_Kazachstania_bromeliacearum 0.7356929 0.6748821 0.7210621 0.6939836 0.9354894 0.5684353 0.5178248 0.7611771 0.0000000 0.5186591 0.9407122 1.1363796 0.8666368 0.7725991 0.6742795 0.6703844 0.4678224 0.6634216 0.5008175 0.7146534 1.4647280 
yHAB143_Kazachstania_siamensis      0.7118039 0.7683884 0.6805597 0.5858580 0.8318635 0.5931459 0.2456224 0.6900829 0.5186591 0.0000000 0.8430576 1.0076873 0.8196887 0.6936560 0.6277815 0.5856536 0.3162410 0.6437183 0.3344475 0.5936605 1.3550393 
yHAB147_Kazachstania_taianensis     1.0890128 0.7965311 0.8129160 0.9250266 1.4018841 1.1201409 0.8574484 1.1802985 0.9407122 0.8430576 0.0000000 1.4343690 1.0357148 1.2385225 1.1577648 1.0136607 0.7775456 1.1112349 0.8097723 1.2565646 2.2544997 
yHAB148_Kazachstania_intestinalis   1.2143273 1.0952355 1.2205960 1.3295406 1.2760383 1.1657138 1.0862002 1.3019923 1.1363796 1.0076873 1.4343690 0.0000000 1.3667029 1.3416018 1.4081198 1.1128859 1.0902920 1.2415394 1.1226254 1.1538372 2.2064213 
yHAB153_Kazachstania_rosinii        0.8717217 0.9058942 0.8839471 0.9634425 1.1135841 0.8606251 0.8648294 0.9983706 0.8666368 0.8196887 1.0357148 1.3667029 0.0000000 1.0310096 0.8430810 0.9551956 0.8067165 0.8531263 0.8240684 0.9302669 1.8249523 
yHAB154_Kazachstania_transvaalensis 0.9757311 0.9248624 0.8759089 0.7935713 0.9333718 0.8973711 0.6858479 0.7916399 0.7725991 0.6936560 1.2385225 1.3416018 1.0310096 0.0000000 0.8501926 0.8557029 0.7149207 0.9159496 0.7583546 0.3181324 1.4662055 
yHAB155_Kazachstania_spencerorum    0.8353776 0.9002872 0.7610975 0.7187270 0.8974025 0.6330358 0.6266079 0.8590604 0.6742795 0.6277815 1.1577648 1.4081198 0.8430810 0.8501926 0.0000000 0.7105168 0.6796544 0.7565122 0.6940092 0.7960369 1.3971028 
yHAB158_Kazachstania_viticola       0.8900570 0.8964254 0.7147575 0.5978225 0.8963872 0.7179753 0.5915036 0.6334375 0.6703844 0.5856536 1.0136607 1.1128859 0.9551956 0.8557029 0.7105168 0.0000000 0.5700331 0.6242872 0.5981760 0.7798442 1.6003280 
yHAB159_Kazachstania_solicola       0.7747618 0.6774481 0.6653541 0.6037734 0.9119098 0.5770413 0.2421096 0.6964547 0.4678224 0.3162410 0.7775456 1.0902920 0.8067165 0.7149207 0.6796544 0.5700331 0.0000000 0.6611528 0.0802392 0.6301606 1.3984396 
yHAB160_Kazachstania_kunashirensis  0.6669461 0.9821162 0.7106683 0.6671175 0.8714586 0.7636575 0.6553785 0.5984837 0.6634216 0.6437183 1.1112349 1.2415394 0.8531263 0.9159496 0.7565122 0.6242872 0.6611528 0.0000000 0.7052163 0.7641219 1.4504239 
yHAB164_Kazachstania_aerobia        0.7707233 0.6998553 0.6722077 0.5890672 0.9358850 0.5982053 0.2465605 0.7011731 0.5008175 0.3344475 0.8097723 1.1226254 0.8240684 0.7583546 0.6940092 0.5981760 0.0802392 0.7052163 0.0000000 0.6958753 1.4524449 
yHAB166_Kazachstania_yakushimaensis 0.8241065 0.9072606 0.8927258 0.7794522 0.8482342 0.7642659 0.6559685 0.8415192 0.7146534 0.5936605 1.2565646 1.1538372 0.9302669 0.3181324 0.7960369 0.7798442 0.6301606 0.7641219 0.6958753 0.0000000 1.3831728 
yHMPu5000035629_Yueomyces_sinensis  1.7499972 1.8653401 1.5224980 1.3597218 1.4951469 1.6086090 1.3890769 1.4513349 1.4647280 1.3550393 2.2544997 2.2064213 1.8249523 1.4662055 1.3971028 1.6003280 1.3984396 1.4504239 1.4524449 1.3831728 0.0000000 
