21
Kazachstania_africana               0.0000000 2.0944633 1.9750980 2.5876341 2.2762662 1.8045539 1.7502899 1.7916114 1.5899756 1.7516131 1.8714379 1.8492385 1.7273887 1.9051000 1.5990412 1.7450158 1.8505681 1.7413727 1.9215532 1.9415876 2.6851819 
Kazachstania_naganishii             2.0944633 0.0000000 2.0525717 2.7061788 2.8029126 1.7811369 1.6388381 1.9588170 1.4683070 1.6701532 1.6109731 1.8517862 1.7849936 2.0026647 1.7940758 1.9668357 1.6406119 1.8544990 1.6716334 1.9926982 3.1402163 
Naumovozyma_castellii               1.9750980 2.0525717 0.0000000 2.1510351 2.6170982 1.8115328 1.9553970 1.9139905 1.7847055 1.8574296 1.9425051 2.1113110 2.0058663 2.0744739 1.8544892 2.0060314 1.9984715 1.9760645 2.0418493 1.9699045 2.7935255 
Naumovozyma_dairenensis             2.5876341 2.7061788 2.1510351 0.0000000 3.0191495 2.3313582 2.3412415 2.5822298 2.3066889 2.4376360 2.5171786 2.5220257 2.5212262 2.5005099 2.2812493 2.4746522 2.3656947 2.3625290 2.4319174 2.3580720 3.2881236 
Tetrapisispora_blattae              2.2762662 2.8029126 2.6170982 3.0191495 0.0000000 2.3622484 2.3934386 2.3635316 2.4383020 2.3832448 2.4606194 2.5359544 2.1963251 2.4977918 2.1516009 2.4450311 2.4578797 2.2786206 2.4565040 2.4407587 1.6331888 
yHAB132_Kazachstania_martiniae      1.8045539 1.7811369 1.8115328 2.3313582 2.3622484 0.0000000 1.5617186 1.6592406 1.4628130 1.6258936 1.6187180 1.6705344 1.6444588 1.8830403 1.4716853 1.6822746 1.6139812 1.5871507 1.6493252 1.8445397 2.5079844 
yHAB133_Kazachstania_unispora       1.7502899 1.6388381 1.9553970 2.3412415 2.3934386 1.5617186 0.0000000 1.5319762 1.0735162 0.6065042 1.2952105 1.7689870 1.6330005 1.3823986 1.3944983 1.6634505 0.3992976 1.6176218 0.3794805 1.3436715 2.5391210 
yHAB134_Kazachstania_turicensis     1.7916114 1.9588170 1.9139905 2.5822298 2.3635316 1.6592406 1.5319762 0.0000000 1.6153765 1.7522541 1.7991714 1.9211160 1.5377442 1.9202644 1.2980841 1.8235197 1.6954628 1.2699857 1.7335478 1.8747228 2.6209622 
yHAB136_Kazachstania_bromeliacearum 1.5899756 1.4683070 1.7847055 2.3066889 2.4383020 1.4628130 1.0735162 1.6153765 0.0000000 1.1207649 1.2172544 1.6490200 1.5401007 1.4595790 1.3489861 1.6092747 1.2113301 1.5574931 1.2379675 1.4611003 2.4915128 
yHAB143_Kazachstania_siamensis      1.7516131 1.6701532 1.8574296 2.4376360 2.3832448 1.6258936 0.6065042 1.7522541 1.1207649 0.0000000 1.3581574 1.7094545 1.6989826 1.3585360 1.4901018 1.6545946 0.6581168 1.7295892 0.6607446 1.3575073 2.3994500 
yHAB147_Kazachstania_taianensis     1.8714379 1.6109731 1.9425051 2.5171786 2.4606194 1.6187180 1.2952105 1.7991714 1.2172544 1.3581574 0.0000000 1.7782626 1.6401728 1.6644585 1.6250797 1.8241826 1.3292065 1.7684682 1.3299863 1.6825891 2.8405310 
yHAB148_Kazachstania_intestinalis   1.8492385 1.8517862 2.1113110 2.5220257 2.5359544 1.6705344 1.7689870 1.9211160 1.6490200 1.7094545 1.7782626 0.0000000 1.7479767 2.0505118 1.6333587 1.9014347 1.8244230 1.8259353 1.8536969 1.9713343 2.8470123 
yHAB153_Kazachstania_rosinii        1.7273887 1.7849936 2.0058663 2.5212262 2.1963251 1.6444588 1.6330005 1.5377442 1.5401007 1.6989826 1.6401728 1.7479767 0.0000000 1.8600937 1.2271607 1.6521835 1.7258664 1.4217277 1.7799513 1.8262836 2.7438578 
yHAB154_Kazachstania_transvaalensis 1.9051000 2.0026647 2.0744739 2.5005099 2.4977918 1.8830403 1.3823986 1.9202644 1.4595790 1.3585360 1.6644585 2.0505118 1.8600937 0.0000000 1.7073037 1.9246350 1.4659516 1.8088630 1.5182293 0.5669855 2.6357537 
yHAB155_Kazachstania_spencerorum    1.5990412 1.7940758 1.8544892 2.2812493 2.1516009 1.4716853 1.3944983 1.2980841 1.3489861 1.4901018 1.6250797 1.6333587 1.2271607 1.7073037 0.0000000 1.4551574 1.5148854 1.2273147 1.5463066 1.6527112 2.4120982 
yHAB158_Kazachstania_viticola       1.7450158 1.9668357 2.0060314 2.4746522 2.4450311 1.6822746 1.6634505 1.8235197 1.6092747 1.6545946 1.8241826 1.9014347 1.6521835 1.9246350 1.4551574 0.0000000 1.6587955 1.5811729 1.6870017 1.9334226 2.6205571 
yHAB159_Kazachstania_solicola       1.8505681 1.6406119 1.9984715 2.3656947 2.4578797 1.6139812 0.3992976 1.6954628 1.2113301 0.6581168 1.3292065 1.8244230 1.7258664 1.4659516 1.5148854 1.6587955 0.0000000 1.7593915 0.1515525 1.4142758 2.5417662 
yHAB160_Kazachstania_kunashirensis  1.7413727 1.8544990 1.9760645 2.3625290 2.2786206 1.5871507 1.6176218 1.2699857 1.5574931 1.7295892 1.7684682 1.8259353 1.4217277 1.8088630 1.2273147 1.5811729 1.7593915 0.0000000 1.7236713 1.8671947 2.5673129 
yHAB164_Kazachstania_aerobia        1.9215532 1.6716334 2.0418493 2.4319174 2.4565040 1.6493252 0.3794805 1.7335478 1.2379675 0.6607446 1.3299863 1.8536969 1.7799513 1.5182293 1.5463066 1.6870017 0.1515525 1.7236713 0.0000000 1.4814986 2.5679737 
yHAB166_Kazachstania_yakushimaensis 1.9415876 1.9926982 1.9699045 2.3580720 2.4407587 1.8445397 1.3436715 1.8747228 1.4611003 1.3575073 1.6825891 1.9713343 1.8262836 0.5669855 1.6527112 1.9334226 1.4142758 1.8671947 1.4814986 0.0000000 2.6360296 
yHMPu5000035629_Yueomyces_sinensis  2.6851819 3.1402163 2.7935255 3.2881236 1.6331888 2.5079844 2.5391210 2.6209622 2.4915128 2.3994500 2.8405310 2.8470123 2.7438578 2.6357537 2.4120982 2.6205571 2.5417662 2.5673129 2.5679737 2.6360296 0.0000000 
