21
Kazachstania_africana               0.0000000 0.4174338 0.3299083 0.3124981 0.3519004 0.3238986 0.2796543 0.3348939 0.3072527 0.2603994 0.3475374 0.4106678 0.3295095 0.3469350 0.3371959 0.3054305 0.2680491 0.3255245 0.2889901 0.3125548 0.3395045 
Kazachstania_naganishii             0.4174338 0.0000000 0.3694563 0.3894826 0.4306839 0.3800475 0.3515711 0.3882296 0.3097803 0.3389577 0.3201695 0.4350966 0.4040105 0.4262417 0.4599672 0.4276619 0.3334095 0.4024120 0.3327381 0.4211277 0.4352209 
Naumovozyma_castellii               0.3299083 0.3694563 0.0000000 0.2164759 0.3235181 0.3000887 0.2718247 0.3210125 0.2507297 0.2539597 0.2995810 0.3639904 0.3105154 0.3449661 0.3374504 0.3103240 0.2635321 0.3235222 0.2627409 0.3342845 0.3102417 
Naumovozyma_dairenensis             0.3124981 0.3894826 0.2164759 0.0000000 0.2951914 0.2870211 0.2554394 0.2883922 0.2375570 0.2394233 0.2967565 0.3701158 0.3113190 0.3055739 0.3145085 0.3038231 0.2497197 0.2872392 0.2661917 0.2737334 0.3246986 
Tetrapisispora_blattae              0.3519004 0.4306839 0.3235181 0.2951914 0.0000000 0.3063356 0.3247364 0.3356362 0.3088696 0.3105565 0.3809649 0.3939341 0.3662878 0.3721285 0.3723852 0.3234746 0.3345891 0.3674254 0.3406742 0.3400347 0.2633769 
yHAB132_Kazachstania_martiniae      0.3238986 0.3800475 0.3000887 0.2870211 0.3063356 0.0000000 0.2388006 0.3372980 0.2497673 0.2373996 0.2896645 0.3629893 0.3218200 0.3248605 0.3436887 0.2857411 0.2188639 0.3314676 0.2270036 0.3007722 0.3026685 
yHAB133_Kazachstania_unispora       0.2796543 0.3515711 0.2718247 0.2554394 0.3247364 0.2388006 0.0000000 0.2789516 0.2040386 0.1219749 0.2655057 0.3397479 0.2806770 0.2618966 0.3081401 0.2800729 0.1020840 0.2716083 0.1109367 0.2322547 0.2971444 
yHAB134_Kazachstania_turicensis     0.3348939 0.3882296 0.3210125 0.2883922 0.3356362 0.3372980 0.2789516 0.0000000 0.2794218 0.2712301 0.3487748 0.4164927 0.3161040 0.3761254 0.3306437 0.3423179 0.2804604 0.1857653 0.3002500 0.3282156 0.3177945 
yHAB136_Kazachstania_bromeliacearum 0.3072527 0.3097803 0.2507297 0.2375570 0.3088696 0.2497673 0.2040386 0.2794218 0.0000000 0.1854258 0.2591889 0.3533808 0.3035968 0.2825122 0.3180777 0.2903155 0.1972628 0.2970070 0.2115002 0.2577578 0.2880026 
yHAB143_Kazachstania_siamensis      0.2603994 0.3389577 0.2539597 0.2394233 0.3105565 0.2373996 0.1219749 0.2712301 0.1854258 0.0000000 0.2383519 0.3344932 0.2747187 0.2420095 0.3140620 0.2726886 0.1171291 0.2771717 0.1335292 0.2118490 0.2827416 
yHAB147_Kazachstania_taianensis     0.3475374 0.3201695 0.2995810 0.2967565 0.3809649 0.2896645 0.2655057 0.3487748 0.2591889 0.2383519 0.0000000 0.3542389 0.3386436 0.3229670 0.3838279 0.3197249 0.2408225 0.3404133 0.2488962 0.2956864 0.3568356 
yHAB148_Kazachstania_intestinalis   0.4106678 0.4350966 0.3639904 0.3701158 0.3939341 0.3629893 0.3397479 0.4164927 0.3533808 0.3344932 0.3542389 0.0000000 0.3902717 0.3972013 0.4428381 0.3724396 0.3607419 0.4234104 0.3633670 0.3979690 0.3866558 
yHAB153_Kazachstania_rosinii        0.3295095 0.4040105 0.3105154 0.3113190 0.3662878 0.3218200 0.2806770 0.3161040 0.3035968 0.2747187 0.3386436 0.3902717 0.0000000 0.3992351 0.2833493 0.3239675 0.2790083 0.3179741 0.2995940 0.3714946 0.3330517 
yHAB154_Kazachstania_transvaalensis 0.3469350 0.4262417 0.3449661 0.3055739 0.3721285 0.3248605 0.2618966 0.3761254 0.2825122 0.2420095 0.3229670 0.3972013 0.3992351 0.0000000 0.3908918 0.3193882 0.2578976 0.3399646 0.2672928 0.1146909 0.3620297 
yHAB155_Kazachstania_spencerorum    0.3371959 0.4599672 0.3374504 0.3145085 0.3723852 0.3436887 0.3081401 0.3306437 0.3180777 0.3140620 0.3838279 0.4428381 0.2833493 0.3908918 0.0000000 0.3644937 0.3125669 0.3487099 0.3260457 0.3683486 0.3593307 
yHAB158_Kazachstania_viticola       0.3054305 0.4276619 0.3103240 0.3038231 0.3234746 0.2857411 0.2800729 0.3423179 0.2903155 0.2726886 0.3197249 0.3724396 0.3239675 0.3193882 0.3644937 0.0000000 0.2670626 0.3291674 0.2728723 0.3114370 0.3140428 
yHAB159_Kazachstania_solicola       0.2680491 0.3334095 0.2635321 0.2497197 0.3345891 0.2188639 0.1020840 0.2804604 0.1972628 0.1171291 0.2408225 0.3607419 0.2790083 0.2578976 0.3125669 0.2670626 0.0000000 0.2715422 0.0437823 0.2228363 0.2898661 
yHAB160_Kazachstania_kunashirensis  0.3255245 0.4024120 0.3235222 0.2872392 0.3674254 0.3314676 0.2716083 0.1857653 0.2970070 0.2771717 0.3404133 0.4234104 0.3179741 0.3399646 0.3487099 0.3291674 0.2715422 0.0000000 0.2892658 0.3030946 0.3239167 
yHAB164_Kazachstania_aerobia        0.2889901 0.3327381 0.2627409 0.2661917 0.3406742 0.2270036 0.1109367 0.3002500 0.2115002 0.1335292 0.2488962 0.3633670 0.2995940 0.2672928 0.3260457 0.2728723 0.0437823 0.2892658 0.0000000 0.2435242 0.2956443 
yHAB166_Kazachstania_yakushimaensis 0.3125548 0.4211277 0.3342845 0.2737334 0.3400347 0.3007722 0.2322547 0.3282156 0.2577578 0.2118490 0.2956864 0.3979690 0.3714946 0.1146909 0.3683486 0.3114370 0.2228363 0.3030946 0.2435242 0.0000000 0.3290669 
yHMPu5000035629_Yueomyces_sinensis  0.3395045 0.4352209 0.3102417 0.3246986 0.2633769 0.3026685 0.2971444 0.3177945 0.2880026 0.2827416 0.3568356 0.3866558 0.3330517 0.3620297 0.3593307 0.3140428 0.2898661 0.3239167 0.2956443 0.3290669 0.0000000 
