21
Kazachstania_africana               0.0000000 2.8428296 3.0891528 3.1203181 3.8447824 2.6189165 2.9850587 3.0660897 2.7501493 3.2464602 2.7338401 3.3020992 2.3245651 2.9688436 2.4973278 3.1781729 3.1203368 2.4733397 3.0702963 2.8414106 4.0209120 
Kazachstania_naganishii             2.8428296 0.0000000 2.9063026 3.3315153 3.4881180 2.5068435 2.6312892 3.4297129 2.1530493 2.6626193 2.4573477 3.0835874 2.5864959 2.4588798 2.5119757 3.2502267 2.6919148 2.6089861 2.7263309 2.4683011 4.0919921 
Naumovozyma_castellii               3.0891528 2.9063026 0.0000000 2.3203614 4.0169036 2.8073541 3.1420550 3.3411064 2.9716139 3.1498784 2.8940253 3.9620584 2.6192380 2.9699678 2.4151502 3.4707766 3.2100095 2.8534416 3.2267437 2.8469150 3.5473403 
Naumovozyma_dairenensis             3.1203181 3.3315153 2.3203614 0.0000000 3.5498737 2.7871871 3.1820246 3.3386626 2.8072434 2.9020981 3.3232210 3.8019767 2.7449235 3.1279663 2.6694846 3.4648581 3.1270145 2.7092410 3.1018148 2.8299837 3.4846587 
Tetrapisispora_blattae              3.8447824 3.4881180 4.0169036 3.5498737 0.0000000 3.8099730 3.8488476 4.2322610 3.8252243 3.9030284 3.7369901 3.9873341 3.5786455 3.8648510 3.5591783 4.0314666 3.8311947 3.1654665 3.8283600 3.6908725 2.9989416 
yHAB132_Kazachstania_martiniae      2.6189165 2.5068435 2.8073541 2.7871871 3.8099730 0.0000000 2.7702257 2.9106271 2.5629588 2.8598721 2.6335769 3.3962429 2.3287148 2.6560933 2.3095286 2.9413105 2.8421177 2.3585504 2.8089817 2.5130566 3.7333455 
yHAB133_Kazachstania_unispora       2.9850587 2.6312892 3.1420550 3.1820246 3.8488476 2.7702257 0.0000000 3.0501245 2.0843785 0.8130214 2.4014976 3.8941431 2.6303308 2.7242469 2.6668234 3.5287901 0.3609782 2.7047242 0.3568241 2.4451457 4.0586163 
yHAB134_Kazachstania_turicensis     3.0660897 3.4297129 3.3411064 3.3386626 4.2322610 2.9106271 3.0501245 0.0000000 3.0185347 3.0800452 3.1931272 3.8449989 2.3662151 3.2118155 2.3238363 3.5337599 3.2822866 1.8100419 3.2757886 2.9481893 4.0208175 
yHAB136_Kazachstania_bromeliacearum 2.7501493 2.1530493 2.9716139 2.8072434 3.8252243 2.5629588 2.0843785 3.0185347 0.0000000 2.2504160 2.1688751 3.1459189 2.4127910 2.3982451 2.3754452 3.0929190 2.1473583 2.4206892 2.2240416 2.3028735 3.4167476 
yHAB143_Kazachstania_siamensis      3.2464602 2.6626193 3.1498784 2.9020981 3.9030284 2.8598721 0.8130214 3.0800452 2.2504160 0.0000000 2.4990436 3.7009609 2.6005210 2.8407817 2.6176654 3.6503195 0.8746826 2.7795477 0.8552131 2.5772115 3.9620764 
yHAB147_Kazachstania_taianensis     2.7338401 2.4573477 2.8940253 3.3232210 3.7369901 2.6335769 2.4014976 3.1931272 2.1688751 2.4990436 0.0000000 3.3541317 2.2620170 2.4055257 2.6057193 3.2363036 2.5939694 2.5092606 2.5621850 2.2928575 3.5995885 
yHAB148_Kazachstania_intestinalis   3.3020992 3.0835874 3.9620584 3.8019767 3.9873341 3.3962429 3.8941431 3.8449989 3.1459189 3.7009609 3.3541317 0.0000000 3.2994679 3.6237159 3.4298176 4.1439378 4.0735321 3.3166111 3.9499279 3.4672705 4.3690977 
yHAB153_Kazachstania_rosinii        2.3245651 2.5864959 2.6192380 2.7449235 3.5786455 2.3287148 2.6303308 2.3662151 2.4127910 2.6005210 2.2620170 3.2994679 0.0000000 2.6476548 1.6587302 2.9314507 2.6926224 1.7216756 2.6892969 2.3287425 3.4145370 
yHAB154_Kazachstania_transvaalensis 2.9688436 2.4588798 2.9699678 3.1279663 3.8648510 2.6560933 2.7242469 3.2118155 2.3982451 2.8407817 2.4055257 3.6237159 2.6476548 0.0000000 2.4777448 3.4832908 2.7454630 2.6463320 2.7907594 1.1601047 3.6643274 
yHAB155_Kazachstania_spencerorum    2.4973278 2.5119757 2.4151502 2.6694846 3.5591783 2.3095286 2.6668234 2.3238363 2.3754452 2.6176654 2.6057193 3.4298176 1.6587302 2.4777448 0.0000000 3.0252188 2.6400175 1.8801154 2.6823333 2.4878376 3.4291288 
yHAB158_Kazachstania_viticola       3.1781729 3.2502267 3.4707766 3.4648581 4.0314666 2.9413105 3.5287901 3.5337599 3.0929190 3.6503195 3.2363036 4.1439378 2.9314507 3.4832908 3.0252188 0.0000000 3.5423276 2.9995802 3.4807095 3.1290510 3.8879250 
yHAB159_Kazachstania_solicola       3.1203368 2.6919148 3.2100095 3.1270145 3.8311947 2.8421177 0.3609782 3.2822866 2.1473583 0.8746826 2.5939694 4.0735321 2.6926224 2.7454630 2.6400175 3.5423276 0.0000000 2.7911945 0.1231211 2.5697718 4.0972126 
yHAB160_Kazachstania_kunashirensis  2.4733397 2.6089861 2.8534416 2.7092410 3.1654665 2.3585504 2.7047242 1.8100419 2.4206892 2.7795477 2.5092606 3.3166111 1.7216756 2.6463320 1.8801154 2.9995802 2.7911945 0.0000000 2.8233607 2.3913093 3.3117084 
yHAB164_Kazachstania_aerobia        3.0702963 2.7263309 3.2267437 3.1018148 3.8283600 2.8089817 0.3568241 3.2757886 2.2240416 0.8552131 2.5621850 3.9499279 2.6892969 2.7907594 2.6823333 3.4807095 0.1231211 2.8233607 0.0000000 2.5866975 3.9872924 
yHAB166_Kazachstania_yakushimaensis 2.8414106 2.4683011 2.8469150 2.8299837 3.6908725 2.5130566 2.4451457 2.9481893 2.3028735 2.5772115 2.2928575 3.4672705 2.3287425 1.1601047 2.4878376 3.1290510 2.5697718 2.3913093 2.5866975 0.0000000 3.4216686 
yHMPu5000035629_Yueomyces_sinensis  4.0209120 4.0919921 3.5473403 3.4846587 2.9989416 3.7333455 4.0586163 4.0208175 3.4167476 3.9620764 3.5995885 4.3690977 3.4145370 3.6643274 3.4291288 3.8879250 4.0972126 3.3117084 3.9872924 3.4216686 0.0000000 
