21
Kazachstania_africana               0.0000000 1.3104349 1.4185150 1.0246498 1.5084100 1.1397725 1.0464489 1.4619758 1.0045961 1.2626604 1.3073839 2.3974896 1.1876295 1.1857019 1.0962004 1.2988664 1.2391197 1.3371981 1.1921830 1.2301366 2.4101469 
Kazachstania_naganishii             1.3104349 0.0000000 1.5197989 1.5332034 1.5481792 1.3125700 1.1889925 1.6213401 1.1734360 1.3679603 1.1533903 1.8395634 1.2963599 1.3601001 1.2964671 1.3147745 1.1512925 1.2893381 1.1562085 1.3528962 2.2969751 
Naumovozyma_castellii               1.4185150 1.5197989 0.0000000 0.9777487 1.6802997 1.3330874 1.3205698 1.8036381 1.3008105 1.4588447 1.4135367 2.6878689 1.3544585 1.6857032 1.3029049 1.5515919 1.3829836 1.5255692 1.4096274 1.7365395 2.7237125 
Naumovozyma_dairenensis             1.0246498 1.5332034 0.9777487 0.0000000 1.5983912 1.2790858 1.1251895 1.4967989 1.2242618 1.3282610 1.4378467 2.6083623 1.2865045 1.5109942 1.2757421 1.2747564 1.2775247 1.2449732 1.1642184 1.4509888 2.3662065 
Tetrapisispora_blattae              1.5084100 1.5481792 1.6802997 1.5983912 0.0000000 1.5252660 1.2115800 1.8575097 1.4763882 1.4396434 1.5731768 2.4030070 1.5073888 1.6335220 1.4155555 1.6389544 1.3483706 1.4749364 1.3508167 1.5590720 2.1171767 
yHAB132_Kazachstania_martiniae      1.1397725 1.3125700 1.3330874 1.2790858 1.5252660 0.0000000 1.0385842 1.3878570 0.9390484 1.1850733 1.1374102 2.2612664 1.1162768 1.2920691 0.8668098 1.1860972 1.1742155 1.0531328 1.0675535 1.2697370 2.1565343 
yHAB133_Kazachstania_unispora       1.0464489 1.1889925 1.3205698 1.1251895 1.2115800 1.0385842 0.0000000 1.3434653 0.8482268 0.5543958 0.9271723 2.1196187 1.1223086 0.9949318 0.9539378 0.9817778 0.4107144 1.1152964 0.3586349 0.9875480 2.2167129 
yHAB134_Kazachstania_turicensis     1.4619758 1.6213401 1.8036381 1.4967989 1.8575097 1.3878570 1.3434653 0.0000000 1.4040357 1.4700413 1.4249383 2.6560041 1.5161120 1.6669955 1.2848768 1.7366001 1.4900601 0.9515224 1.4373799 1.5729271 2.4307561 
yHAB136_Kazachstania_bromeliacearum 1.0045961 1.1734360 1.3008105 1.2242618 1.4763882 0.9390484 0.8482268 1.4040357 0.0000000 1.0084886 0.9536823 2.4270069 1.0991758 1.2433892 0.9870833 1.1069134 0.9561063 1.1606162 0.8611896 1.2236325 2.2305293 
yHAB143_Kazachstania_siamensis      1.2626604 1.3679603 1.4588447 1.3282610 1.4396434 1.1850733 0.5543958 1.4700413 1.0084886 0.0000000 1.1445234 2.1999406 1.1869117 1.0316177 1.0626464 0.9871020 0.7126637 1.4042162 0.6477910 1.0348706 2.2177513 
yHAB147_Kazachstania_taianensis     1.3073839 1.1533903 1.4135367 1.4378467 1.5731768 1.1374102 0.9271723 1.4249383 0.9536823 1.1445234 0.0000000 1.8757579 0.9541973 1.1373783 1.0845175 1.3113363 0.9778008 1.3247170 0.9443363 1.1126298 2.1576157 
yHAB148_Kazachstania_intestinalis   2.3974896 1.8395634 2.6878689 2.6083623 2.4030070 2.2612664 2.1196187 2.6560041 2.4270069 2.1999406 1.8757579 0.0000000 1.8585783 2.4657712 2.1075400 2.2268192 1.9912278 2.4760353 1.9753145 2.3981441 3.4466293 
yHAB153_Kazachstania_rosinii        1.1876295 1.2963599 1.3544585 1.2865045 1.5073888 1.1162768 1.1223086 1.5161120 1.0991758 1.1869117 0.9541973 1.8585783 0.0000000 1.2730901 0.8787256 1.3474131 1.1547039 1.2503639 1.1697848 1.3054910 2.4457871 
yHAB154_Kazachstania_transvaalensis 1.1857019 1.3601001 1.6857032 1.5109942 1.6335220 1.2920691 0.9949318 1.6669955 1.2433892 1.0316177 1.1373783 2.4657712 1.2730901 0.0000000 1.2816561 1.2798499 1.1840503 1.1970969 1.1380719 0.4994122 2.3698837 
yHAB155_Kazachstania_spencerorum    1.0962004 1.2964671 1.3029049 1.2757421 1.4155555 0.8668098 0.9539378 1.2848768 0.9870833 1.0626464 1.0845175 2.1075400 0.8787256 1.2816561 0.0000000 1.1663830 0.9927323 1.1331030 0.9615226 1.2413940 2.1467319 
yHAB158_Kazachstania_viticola       1.2988664 1.3147745 1.5515919 1.2747564 1.6389544 1.1860972 0.9817778 1.7366001 1.1069134 0.9871020 1.3113363 2.2268192 1.3474131 1.2798499 1.1663830 0.0000000 1.0829962 1.3779561 1.0056904 1.2782674 2.0725833 
yHAB159_Kazachstania_solicola       1.2391197 1.1512925 1.3829836 1.2775247 1.3483706 1.1742155 0.4107144 1.4900601 0.9561063 0.7126637 0.9778008 1.9912278 1.1547039 1.1840503 0.9927323 1.0829962 0.0000000 1.1055163 0.0789044 1.1460836 2.1718917 
yHAB160_Kazachstania_kunashirensis  1.3371981 1.2893381 1.5255692 1.2449732 1.4749364 1.0531328 1.1152964 0.9515224 1.1606162 1.4042162 1.3247170 2.4760353 1.2503639 1.1970969 1.1331030 1.3779561 1.1055163 0.0000000 1.0816294 1.2117859 2.1545739 
yHAB164_Kazachstania_aerobia        1.1921830 1.1562085 1.4096274 1.1642184 1.3508167 1.0675535 0.3586349 1.4373799 0.8611896 0.6477910 0.9443363 1.9753145 1.1697848 1.1380719 0.9615226 1.0056904 0.0789044 1.0816294 0.0000000 1.0831289 2.1724293 
yHAB166_Kazachstania_yakushimaensis 1.2301366 1.3528962 1.7365395 1.4509888 1.5590720 1.2697370 0.9875480 1.5729271 1.2236325 1.0348706 1.1126298 2.3981441 1.3054910 0.4994122 1.2413940 1.2782674 1.1460836 1.2117859 1.0831289 0.0000000 2.2707497 
yHMPu5000035629_Yueomyces_sinensis  2.4101469 2.2969751 2.7237125 2.3662065 2.1171767 2.1565343 2.2167129 2.4307561 2.2305293 2.2177513 2.1576157 3.4466293 2.4457871 2.3698837 2.1467319 2.0725833 2.1718917 2.1545739 2.1724293 2.2707497 0.0000000 
