21
Kazachstania_africana               0.0000000 1.4298688 1.7942450 1.2598481 1.8613066 1.5860388 1.3825572 1.2681700 1.1727168 1.4154466 1.5407188 1.5441802 1.3041916 1.7469441 1.4195551 1.3478128 1.3863440 1.1967751 1.3463370 1.6863997 1.7534871 
Kazachstania_naganishii             1.4298688 0.0000000 1.7465139 1.4097318 1.7805961 1.5499283 1.4760404 1.3594098 1.1256431 1.4338643 1.3728823 1.6199811 1.2459321 2.1048111 1.3936201 1.5853356 1.4275062 1.3093040 1.4481083 2.0302838 1.9040337 
Naumovozyma_castellii               1.7942450 1.7465139 0.0000000 1.2559878 1.9562000 1.7650818 1.6207369 1.6016688 1.5530166 1.7141986 1.6281976 1.8859162 1.5694433 2.2069900 1.9157376 1.8314811 1.7313578 1.5874546 1.6588396 2.1835259 1.8579976 
Naumovozyma_dairenensis             1.2598481 1.4097318 1.2559878 0.0000000 1.5747071 1.5606999 1.3212033 1.2619501 1.2634178 1.3009856 1.6724391 1.5358968 1.3565827 1.7132147 1.4388062 1.4468133 1.2422262 1.2942160 1.1508881 1.5293576 1.4651136 
Tetrapisispora_blattae              1.8613066 1.7805961 1.9562000 1.5747071 0.0000000 1.8395320 1.6577119 1.5549036 1.7257082 1.8077477 2.0388253 2.0461715 1.6037389 2.3970452 1.5373060 1.9011336 1.6230332 1.6400988 1.5684605 2.0694993 1.2056964 
yHAB132_Kazachstania_martiniae      1.5860388 1.5499283 1.7650818 1.5606999 1.8395320 0.0000000 1.4723075 1.5486078 1.4479079 1.3841288 1.5038105 1.6778433 1.3853972 1.9361527 1.5416805 1.5454780 1.6066525 1.4492192 1.5237677 1.8333358 1.9099263 
yHAB133_Kazachstania_unispora       1.3825572 1.4760404 1.6207369 1.3212033 1.6577119 1.4723075 0.0000000 1.5019670 1.2649578 0.6712902 1.3830386 1.5973651 1.3020947 1.5025967 1.5061758 1.3911019 0.5683936 1.4375076 0.4710672 1.4795752 1.5304827 
yHAB134_Kazachstania_turicensis     1.2681700 1.3594098 1.6016688 1.2619501 1.5549036 1.5486078 1.5019670 0.0000000 1.2622442 1.5331512 1.6507226 1.6238890 1.2420062 1.8741851 1.2581742 1.5176160 1.5894198 0.8549912 1.5309931 1.8454245 1.6669099 
yHAB136_Kazachstania_bromeliacearum 1.1727168 1.1256431 1.5530166 1.2634178 1.7257082 1.4479079 1.2649578 1.2622442 0.0000000 1.0849827 1.2864305 1.4096999 1.2684538 1.7729040 1.1993929 1.3654736 1.1988622 1.2050981 1.0900421 1.6150150 1.6692984 
yHAB143_Kazachstania_siamensis      1.4154466 1.4338643 1.7141986 1.3009856 1.8077477 1.3841288 0.6712902 1.5331512 1.0849827 0.0000000 1.4199481 1.7307987 1.3533749 1.4534866 1.4821759 1.3158279 0.7507134 1.3124567 0.6977611 1.4614057 1.6637408 
yHAB147_Kazachstania_taianensis     1.5407188 1.3728823 1.6281976 1.6724391 2.0388253 1.5038105 1.3830386 1.6507226 1.2864305 1.4199481 0.0000000 1.7538422 1.3395974 2.0420843 1.6052656 1.6175612 1.3672767 1.5578387 1.4633185 1.9972108 2.1379365 
yHAB148_Kazachstania_intestinalis   1.5441802 1.6199811 1.8859162 1.5358968 2.0461715 1.6778433 1.5973651 1.6238890 1.4096999 1.7307987 1.7538422 0.0000000 1.6097199 1.9765185 1.7932429 1.5983559 1.7176567 1.5025248 1.6885309 1.9891757 2.0758636 
yHAB153_Kazachstania_rosinii        1.3041916 1.2459321 1.5694433 1.3565827 1.6037389 1.3853972 1.3020947 1.2420062 1.2684538 1.3533749 1.3395974 1.6097199 0.0000000 1.8203989 1.2748944 1.3120477 1.3112703 1.1087941 1.3300604 1.8039911 1.6874353 
yHAB154_Kazachstania_transvaalensis 1.7469441 2.1048111 2.2069900 1.7132147 2.3970452 1.9361527 1.5025967 1.8741851 1.7729040 1.4534866 2.0420843 1.9765185 1.8203989 0.0000000 1.6578689 1.8031974 1.5469903 1.5983366 1.4264905 0.4553217 1.9635402 
yHAB155_Kazachstania_spencerorum    1.4195551 1.3936201 1.9157376 1.4388062 1.5373060 1.5416805 1.5061758 1.2581742 1.1993929 1.4821759 1.6052656 1.7932429 1.2748944 1.6578689 0.0000000 1.4013408 1.4569538 1.1989393 1.4385551 1.5596474 1.6927529 
yHAB158_Kazachstania_viticola       1.3478128 1.5853356 1.8314811 1.4468133 1.9011336 1.5454780 1.3911019 1.5176160 1.3654736 1.3158279 1.6175612 1.5983559 1.3120477 1.8031974 1.4013408 0.0000000 1.2931541 1.3720360 1.3236728 1.7038605 1.6977746 
yHAB159_Kazachstania_solicola       1.3863440 1.4275062 1.7313578 1.2422262 1.6230332 1.6066525 0.5683936 1.5894198 1.1988622 0.7507134 1.3672767 1.7176567 1.3112703 1.5469903 1.4569538 1.2931541 0.0000000 1.4226591 0.1854070 1.4112141 1.5114262 
yHAB160_Kazachstania_kunashirensis  1.1967751 1.3093040 1.5874546 1.2942160 1.6400988 1.4492192 1.4375076 0.8549912 1.2050981 1.3124567 1.5578387 1.5025248 1.1087941 1.5983366 1.1989393 1.3720360 1.4226591 0.0000000 1.3376768 1.4397111 1.6108705 
yHAB164_Kazachstania_aerobia        1.3463370 1.4481083 1.6588396 1.1508881 1.5684605 1.5237677 0.4710672 1.5309931 1.0900421 0.6977611 1.4633185 1.6885309 1.3300604 1.4264905 1.4385551 1.3236728 0.1854070 1.3376768 0.0000000 1.2986263 1.4274765 
yHAB166_Kazachstania_yakushimaensis 1.6863997 2.0302838 2.1835259 1.5293576 2.0694993 1.8333358 1.4795752 1.8454245 1.6150150 1.4614057 1.9972108 1.9891757 1.8039911 0.4553217 1.5596474 1.7038605 1.4112141 1.4397111 1.2986263 0.0000000 1.8245617 
yHMPu5000035629_Yueomyces_sinensis  1.7534871 1.9040337 1.8579976 1.4651136 1.2056964 1.9099263 1.5304827 1.6669099 1.6692984 1.6637408 2.1379365 2.0758636 1.6874353 1.9635402 1.6927529 1.6977746 1.5114262 1.6108705 1.4274765 1.8245617 0.0000000 
