21
Kazachstania_africana               0.0000000 0.5972840 0.4610564 0.4771980 0.4613323 0.4738402 0.3753566 0.4397958 0.3943564 0.3816916 0.4818681 0.5406491 0.7363964 0.4113045 0.4704603 0.4897707 0.3950700 0.4159978 0.3893029 0.3766430 0.4186019 
Kazachstania_naganishii             0.5972840 0.0000000 0.5288343 0.6444132 0.6959091 0.6459396 0.6436014 0.5930240 0.6136004 0.6568918 0.4616007 0.5139536 0.3812414 0.5698189 0.7130885 0.5910572 0.5238928 0.6938680 0.5854608 0.6016580 0.7601834 
Naumovozyma_castellii               0.4610564 0.5288343 0.0000000 0.3305504 0.4950004 0.4823412 0.3262602 0.4080095 0.2854535 0.3698709 0.4921979 0.4608758 0.5663559 0.3318143 0.4375438 0.3859627 0.3621808 0.3572807 0.3380846 0.3323111 0.4011734 
Naumovozyma_dairenensis             0.4771980 0.6444132 0.3305504 0.0000000 0.5332941 0.5106933 0.3894087 0.4391963 0.3962410 0.3619288 0.4987358 0.5998648 0.7526177 0.3779537 0.5051287 0.3762381 0.4092572 0.3703490 0.3796252 0.3658065 0.4301529 
Tetrapisispora_blattae              0.4613323 0.6959091 0.4950004 0.5332941 0.0000000 0.5504687 0.4054792 0.5285313 0.4569729 0.4450111 0.6061029 0.6540684 0.8443166 0.5628294 0.5146557 0.5040897 0.4746779 0.4178116 0.4673260 0.4823830 0.3560140 
yHAB132_Kazachstania_martiniae      0.4738402 0.6459396 0.4823412 0.5106933 0.5504687 0.0000000 0.4175973 0.4803872 0.4259909 0.4178434 0.5128120 0.6290761 0.7838513 0.4493936 0.5604917 0.5083871 0.4326336 0.4436275 0.4257936 0.4248291 0.4362638 
yHAB133_Kazachstania_unispora       0.3753566 0.6436014 0.3262602 0.3894087 0.4054792 0.4175973 0.0000000 0.3541862 0.2442985 0.1736907 0.3853177 0.5232059 0.7697422 0.2597097 0.3675011 0.3874889 0.1580290 0.3180188 0.1293911 0.2627432 0.3311050 
yHAB134_Kazachstania_turicensis     0.4397958 0.5930240 0.4080095 0.4391963 0.5285313 0.4803872 0.3541862 0.0000000 0.4400093 0.3908327 0.4473512 0.5695816 0.6222041 0.4329505 0.4683597 0.4318359 0.3856842 0.3183592 0.3659300 0.4565893 0.4000178 
yHAB136_Kazachstania_bromeliacearum 0.3943564 0.6136004 0.2854535 0.3962410 0.4569729 0.4259909 0.2442985 0.4400093 0.0000000 0.3167922 0.4691820 0.5170609 0.7399416 0.2531630 0.3763244 0.3910619 0.2880167 0.3295552 0.2617092 0.2205346 0.3057460 
yHAB143_Kazachstania_siamensis      0.3816916 0.6568918 0.3698709 0.3619288 0.4450111 0.4178434 0.1736907 0.3908327 0.3167922 0.0000000 0.3815073 0.5410386 0.8446236 0.3238325 0.3692547 0.3838935 0.2203210 0.3255133 0.1930917 0.3137358 0.3517615 
yHAB147_Kazachstania_taianensis     0.4818681 0.4616007 0.4921979 0.4987358 0.6061029 0.5128120 0.3853177 0.4473512 0.4691820 0.3815073 0.0000000 0.4853580 0.5800373 0.4182965 0.5464846 0.4214362 0.4328279 0.5115240 0.4010979 0.4053585 0.5546074 
yHAB148_Kazachstania_intestinalis   0.5406491 0.5139536 0.4608758 0.5998648 0.6540684 0.6290761 0.5232059 0.5695816 0.5170609 0.5410386 0.4853580 0.0000000 0.5156324 0.5340552 0.6843023 0.5315998 0.4823871 0.5983595 0.5080893 0.5255343 0.5944038 
yHAB153_Kazachstania_rosinii        0.7363964 0.3812414 0.5663559 0.7526177 0.8443166 0.7838513 0.7697422 0.6222041 0.7399416 0.8446236 0.5800373 0.5156324 0.0000000 0.7373077 0.8552394 0.6784464 0.6644950 0.8168210 0.7387460 0.7569816 1.0019020 
yHAB154_Kazachstania_transvaalensis 0.4113045 0.5698189 0.3318143 0.3779537 0.5628294 0.4493936 0.2597097 0.4329505 0.2531630 0.3238325 0.4182965 0.5340552 0.7373077 0.0000000 0.3676960 0.3992116 0.3002617 0.3623194 0.2891202 0.1318636 0.3737686 
yHAB155_Kazachstania_spencerorum    0.4704603 0.7130885 0.4375438 0.5051287 0.5146557 0.5604917 0.3675011 0.4683597 0.3763244 0.3692547 0.5464846 0.6843023 0.8552394 0.3676960 0.0000000 0.4567012 0.4292459 0.3378722 0.3991223 0.3613004 0.3897472 
yHAB158_Kazachstania_viticola       0.4897707 0.5910572 0.3859627 0.3762381 0.5040897 0.5083871 0.3874889 0.4318359 0.3910619 0.3838935 0.4214362 0.5315998 0.6784464 0.3992116 0.4567012 0.0000000 0.3757904 0.4201822 0.3731943 0.3792767 0.4811127 
yHAB159_Kazachstania_solicola       0.3950700 0.5238928 0.3621808 0.4092572 0.4746779 0.4326336 0.1580290 0.3856842 0.2880167 0.2203210 0.4328279 0.4823871 0.6644950 0.3002617 0.4292459 0.3757904 0.0000000 0.3781122 0.0610329 0.2976514 0.3741789 
yHAB160_Kazachstania_kunashirensis  0.4159978 0.6938680 0.3572807 0.3703490 0.4178116 0.4436275 0.3180188 0.3183592 0.3295552 0.3255133 0.5115240 0.5983595 0.8168210 0.3623194 0.3378722 0.4201822 0.3781122 0.0000000 0.3553509 0.3189110 0.3175534 
yHAB164_Kazachstania_aerobia        0.3893029 0.5854608 0.3380846 0.3796252 0.4673260 0.4257936 0.1293911 0.3659300 0.2617092 0.1930917 0.4010979 0.5080893 0.7387460 0.2891202 0.3991223 0.3731943 0.0610329 0.3553509 0.0000000 0.2926351 0.3474131 
yHAB166_Kazachstania_yakushimaensis 0.3766430 0.6016580 0.3323111 0.3658065 0.4823830 0.4248291 0.2627432 0.4565893 0.2205346 0.3137358 0.4053585 0.5255343 0.7569816 0.1318636 0.3613004 0.3792767 0.2976514 0.3189110 0.2926351 0.0000000 0.3352440 
yHMPu5000035629_Yueomyces_sinensis  0.4186019 0.7601834 0.4011734 0.4301529 0.3560140 0.4362638 0.3311050 0.4000178 0.3057460 0.3517615 0.5546074 0.5944038 1.0019020 0.3737686 0.3897472 0.4811127 0.3741789 0.3175534 0.3474131 0.3352440 0.0000000 
