21
Kazachstania_africana               0.0000000 1.4343147 2.0414667 1.4066456 1.7156310 1.2823851 1.3044411 1.6534926 1.1849941 1.3586879 1.8584249 1.8246716 1.0880458 2.0330884 1.1453074 1.2817558 1.3126195 1.3604797 1.3499489 1.6813778 1.6382310 
Kazachstania_naganishii             1.4343147 0.0000000 2.1482324 1.6164675 1.8785625 1.4656950 1.2997375 1.8164176 1.1454174 1.3640472 1.4525011 1.7410707 1.4362081 2.0326144 1.4388280 1.5548363 1.2896396 1.6637632 1.2970972 1.7529337 1.9803277 
Naumovozyma_castellii               2.0414667 2.1482324 0.0000000 1.8459779 2.2198838 1.9389610 1.9751974 2.2253106 1.9700228 1.9178474 2.3107691 2.3455704 1.9228571 2.7430512 2.0803360 2.0725987 1.9627196 1.9882506 2.0012812 2.2370938 2.0985902 
Naumovozyma_dairenensis             1.4066456 1.6164675 1.8459779 0.0000000 1.5515642 1.4165303 1.2605034 1.6889253 1.2381734 1.3220342 1.8370895 1.8148963 1.3094809 2.2584887 1.3797580 1.3659828 1.2576871 1.5588052 1.3110939 1.7353949 1.6252299 
Tetrapisispora_blattae              1.7156310 1.8785625 2.2198838 1.5515642 0.0000000 1.7045458 1.7025321 1.9627896 1.6152828 1.7888173 2.2164345 2.1164587 1.5992562 2.3049373 1.7052490 1.6638709 1.7258346 1.9171990 1.6975944 1.8964371 1.1453321 
yHAB132_Kazachstania_martiniae      1.2823851 1.4656950 1.9389610 1.4165303 1.7045458 0.0000000 1.1822793 1.4974993 1.1220751 1.2514942 1.6938677 1.6291684 1.1202241 1.9846389 1.1788754 1.2352139 1.1655167 1.2952279 1.1691423 1.6672446 1.6462180 
yHAB133_Kazachstania_unispora       1.3044411 1.2997375 1.9751974 1.2605034 1.7025321 1.1822793 0.0000000 1.6971803 0.9449046 0.4588615 1.4186582 1.6490199 1.2600489 1.7081195 1.2886158 1.4169499 0.3100748 1.5240744 0.3129294 1.3157486 1.7022319 
yHAB134_Kazachstania_turicensis     1.6534926 1.8164176 2.2253106 1.6889253 1.9627896 1.4974993 1.6971803 0.0000000 1.6272614 1.6705898 2.1487127 2.0010012 1.3367466 2.4792936 1.3791270 1.7304370 1.7502836 0.9618116 1.7687232 1.9937334 1.9711537 
yHAB136_Kazachstania_bromeliacearum 1.1849941 1.1454174 1.9700228 1.2381734 1.6152828 1.1220751 0.9449046 1.6272614 0.0000000 0.9501698 1.3495263 1.5943202 1.1120995 1.7607771 1.0675315 1.2482791 0.9234162 1.3555601 0.9402164 1.3568353 1.5815588 
yHAB143_Kazachstania_siamensis      1.3586879 1.3640472 1.9178474 1.3220342 1.7888173 1.2514942 0.4588615 1.6705898 0.9501698 0.0000000 1.4368250 1.6773630 1.2598140 1.7545770 1.2555504 1.4224656 0.4917861 1.4593508 0.4903120 1.3723063 1.7667434 
yHAB147_Kazachstania_taianensis     1.8584249 1.4525011 2.3107691 1.8370895 2.2164345 1.6938677 1.4186582 2.1487127 1.3495263 1.4368250 0.0000000 2.1384235 1.6039108 2.0926741 1.7449619 1.8516041 1.3601844 1.9342033 1.3980440 1.7474652 2.2691575 
yHAB148_Kazachstania_intestinalis   1.8246716 1.7410707 2.3455704 1.8148963 2.1164587 1.6291684 1.6490199 2.0010012 1.5943202 1.6773630 2.1384235 0.0000000 1.6598548 2.4536042 1.7513037 1.7832565 1.6584850 1.9265956 1.6772454 2.0518857 2.1946677 
yHAB153_Kazachstania_rosinii        1.0880458 1.4362081 1.9228571 1.3094809 1.5992562 1.1202241 1.2600489 1.3367466 1.1120995 1.2598140 1.6039108 1.6598548 0.0000000 2.1176219 0.8443674 1.1504520 1.2319737 1.1662037 1.2649369 1.6184275 1.5314380 
yHAB154_Kazachstania_transvaalensis 2.0330884 2.0326144 2.7430512 2.2584887 2.3049373 1.9846389 1.7081195 2.4792936 1.7607771 1.7545770 2.0926741 2.4536042 2.1176219 0.0000000 2.0011304 2.1585825 1.7261554 2.2033419 1.7141280 0.9567025 2.3115328 
yHAB155_Kazachstania_spencerorum    1.1453074 1.4388280 2.0803360 1.3797580 1.7052490 1.1788754 1.2886158 1.3791270 1.0675315 1.2555504 1.7449619 1.7513037 0.8443674 2.0011304 0.0000000 1.2147076 1.2668513 1.1378774 1.2888906 1.5537874 1.6440921 
yHAB158_Kazachstania_viticola       1.2817558 1.5548363 2.0725987 1.3659828 1.6638709 1.2352139 1.4169499 1.7304370 1.2482791 1.4224656 1.8516041 1.7832565 1.1504520 2.1585825 1.2147076 0.0000000 1.3427809 1.4655672 1.3742150 1.8062625 1.7224998 
yHAB159_Kazachstania_solicola       1.3126195 1.2896396 1.9627196 1.2576871 1.7258346 1.1655167 0.3100748 1.7502836 0.9234162 0.4917861 1.3601844 1.6584850 1.2319737 1.7261554 1.2668513 1.3427809 0.0000000 1.5095376 0.0858848 1.4088935 1.7216767 
yHAB160_Kazachstania_kunashirensis  1.3604797 1.6637632 1.9882506 1.5588052 1.9171990 1.2952279 1.5240744 0.9618116 1.3555601 1.4593508 1.9342033 1.9265956 1.1662037 2.2033419 1.1378774 1.4655672 1.5095376 0.0000000 1.5290988 1.7713042 1.7824129 
yHAB164_Kazachstania_aerobia        1.3499489 1.2970972 2.0012812 1.3110939 1.6975944 1.1691423 0.3129294 1.7687232 0.9402164 0.4903120 1.3980440 1.6772454 1.2649369 1.7141280 1.2888906 1.3742150 0.0858848 1.5290988 0.0000000 1.4044892 1.7171393 
yHAB166_Kazachstania_yakushimaensis 1.6813778 1.7529337 2.2370938 1.7353949 1.8964371 1.6672446 1.3157486 1.9937334 1.3568353 1.3723063 1.7474652 2.0518857 1.6184275 0.9567025 1.5537874 1.8062625 1.4088935 1.7713042 1.4044892 0.0000000 1.8639836 
yHMPu5000035629_Yueomyces_sinensis  1.6382310 1.9803277 2.0985902 1.6252299 1.1453321 1.6462180 1.7022319 1.9711537 1.5815588 1.7667434 2.2691575 2.1946677 1.5314380 2.3115328 1.6440921 1.7224998 1.7216767 1.7824129 1.7171393 1.8639836 0.0000000 
