21
Kazachstania_africana               0.0000000 0.9113986 0.7358217 0.7414991 0.8499752 0.7771775 0.7020188 0.7588256 0.7125604 0.6932542 0.7861713 1.0188773 0.8279301 0.8697129 0.7463434 0.8400109 0.7025838 0.7476783 0.6781623 0.7673307 0.9584632 
Kazachstania_naganishii             0.9113986 0.0000000 0.9515449 0.9994600 1.0138122 0.9679984 0.7658343 0.9442267 0.7680669 0.7214797 0.8318212 1.0965147 0.9297188 0.9515057 0.9283822 0.9368693 0.7619735 0.9188007 0.7490070 0.8338172 1.1169115 
Naumovozyma_castellii               0.7358217 0.9515449 0.0000000 0.7945797 0.8118299 0.8277778 0.7778195 0.8326073 0.7504200 0.7943435 0.7739593 1.0646164 0.8609028 0.9956308 0.7559098 0.9016563 0.7715826 0.8108408 0.7364585 0.8210101 0.9416991 
Naumovozyma_dairenensis             0.7414991 0.9994600 0.7945797 0.0000000 0.9108461 0.8599410 0.8177092 0.8973112 0.7956510 0.8551334 0.9687826 0.9892187 0.9180455 0.9174554 0.8114344 0.9339237 0.8602952 0.8050180 0.8345861 0.9028841 0.9844765 
Tetrapisispora_blattae              0.8499752 1.0138122 0.8118299 0.9108461 0.0000000 0.8590247 0.7206055 0.8247781 0.7517786 0.7868237 0.8991850 1.0388744 0.8644436 0.9048933 0.7787083 0.8751627 0.7203592 0.8488220 0.7123743 0.7991355 0.7661823 
yHAB132_Kazachstania_martiniae      0.7771775 0.9679984 0.8277778 0.8599410 0.8590247 0.0000000 0.7273633 0.7949348 0.7429888 0.7876921 0.7312498 1.0071941 0.7048121 0.8381768 0.6867106 0.8942428 0.7543002 0.7761062 0.7572721 0.7784425 0.9728731 
yHAB133_Kazachstania_unispora       0.7020188 0.7658343 0.7778195 0.8177092 0.7206055 0.7273633 0.0000000 0.7962164 0.5791628 0.2928157 0.6000228 0.9448095 0.8278979 0.6412745 0.6486433 0.7861919 0.2084705 0.7529687 0.2179797 0.5545699 0.8480997 
yHAB134_Kazachstania_turicensis     0.7588256 0.9442267 0.8326073 0.8973112 0.8247781 0.7949348 0.7962164 0.0000000 0.7705643 0.7976907 0.8536856 1.1756102 0.8805019 0.9950600 0.7411023 0.8712476 0.7539018 0.7198254 0.7341727 0.8726102 0.9798484 
yHAB136_Kazachstania_bromeliacearum 0.7125604 0.7680669 0.7504200 0.7956510 0.7517786 0.7429888 0.5791628 0.7705643 0.0000000 0.5593210 0.6766526 0.9648787 0.8199971 0.7379135 0.7154884 0.7173378 0.5743511 0.7162275 0.5743346 0.6891514 0.9411482 
yHAB143_Kazachstania_siamensis      0.6932542 0.7214797 0.7943435 0.8551334 0.7868237 0.7876921 0.2928157 0.7976907 0.5593210 0.0000000 0.5559283 0.9842927 0.7567414 0.6028653 0.6669398 0.7604890 0.3181044 0.7395091 0.2960325 0.5389455 0.8444141 
yHAB147_Kazachstania_taianensis     0.7861713 0.8318212 0.7739593 0.9687826 0.8991850 0.7312498 0.6000228 0.8536856 0.6766526 0.5559283 0.0000000 1.0072162 0.7740284 0.6664021 0.7528141 0.8461217 0.5716056 0.8484538 0.5946193 0.6171209 0.9582077 
yHAB148_Kazachstania_intestinalis   1.0188773 1.0965147 1.0646164 0.9892187 1.0388744 1.0071941 0.9448095 1.1756102 0.9648787 0.9842927 1.0072162 0.0000000 1.0937439 0.9872437 0.9923304 1.1369552 0.9239551 1.1705963 0.9228503 1.0009507 1.1804479 
yHAB153_Kazachstania_rosinii        0.8279301 0.9297188 0.8609028 0.9180455 0.8644436 0.7048121 0.8278979 0.8805019 0.8199971 0.7567414 0.7740284 1.0937439 0.0000000 0.9925123 0.7269234 0.8775977 0.8068373 0.7653540 0.7939412 0.8985161 1.0448015 
yHAB154_Kazachstania_transvaalensis 0.8697129 0.9515057 0.9956308 0.9174554 0.9048933 0.8381768 0.6412745 0.9950600 0.7379135 0.6028653 0.6664021 0.9872437 0.9925123 0.0000000 0.8460068 0.9124030 0.6400015 0.8388714 0.6710286 0.4411376 1.0295876 
yHAB155_Kazachstania_spencerorum    0.7463434 0.9283822 0.7559098 0.8114344 0.7787083 0.6867106 0.6486433 0.7411023 0.7154884 0.6669398 0.7528141 0.9923304 0.7269234 0.8460068 0.0000000 0.7809882 0.6457690 0.6930143 0.6407028 0.7476289 0.9325222 
yHAB158_Kazachstania_viticola       0.8400109 0.9368693 0.9016563 0.9339237 0.8751627 0.8942428 0.7861919 0.8712476 0.7173378 0.7604890 0.8461217 1.1369552 0.8775977 0.9124030 0.7809882 0.0000000 0.7551617 0.9170798 0.7553331 0.8484709 0.9728062 
yHAB159_Kazachstania_solicola       0.7025838 0.7619735 0.7715826 0.8602952 0.7203592 0.7543002 0.2084705 0.7539018 0.5743511 0.3181044 0.5716056 0.9239551 0.8068373 0.6400015 0.6457690 0.7551617 0.0000000 0.7298446 0.0815331 0.5427855 0.8144369 
yHAB160_Kazachstania_kunashirensis  0.7476783 0.9188007 0.8108408 0.8050180 0.8488220 0.7761062 0.7529687 0.7198254 0.7162275 0.7395091 0.8484538 1.1705963 0.7653540 0.8388714 0.6930143 0.9170798 0.7298446 0.0000000 0.7140530 0.8055926 0.9552072 
yHAB164_Kazachstania_aerobia        0.6781623 0.7490070 0.7364585 0.8345861 0.7123743 0.7572721 0.2179797 0.7341727 0.5743346 0.2960325 0.5946193 0.9228503 0.7939412 0.6710286 0.6407028 0.7553331 0.0815331 0.7140530 0.0000000 0.5412329 0.8137966 
yHAB166_Kazachstania_yakushimaensis 0.7673307 0.8338172 0.8210101 0.9028841 0.7991355 0.7784425 0.5545699 0.8726102 0.6891514 0.5389455 0.6171209 1.0009507 0.8985161 0.4411376 0.7476289 0.8484709 0.5427855 0.8055926 0.5412329 0.0000000 0.8962623 
yHMPu5000035629_Yueomyces_sinensis  0.9584632 1.1169115 0.9416991 0.9844765 0.7661823 0.9728731 0.8480997 0.9798484 0.9411482 0.8444141 0.9582077 1.1804479 1.0448015 1.0295876 0.9325222 0.9728062 0.8144369 0.9552072 0.8137966 0.8962623 0.0000000 
