21
Kazachstania_africana               0.0000000 1.4546354 1.0275272 1.0218210 1.3118514 1.0375957 1.1722287 0.9601355 1.4328717 1.1653196 1.2905972 1.3396288 1.3247437 1.2886517 0.9273852 1.1164420 1.2293283 1.0778237 1.1745273 1.2831985 1.3777510 
Kazachstania_naganishii             1.4546354 0.0000000 1.2806743 1.4144112 1.6196437 1.3717966 1.2490492 1.4930699 1.3817411 1.3126032 1.0172818 1.3889259 1.3051282 1.3927727 1.4266815 1.4678071 1.2906735 1.4261060 1.2978185 1.4080011 1.8598005 
Naumovozyma_castellii               1.0275272 1.2806743 0.0000000 0.8939929 1.2644663 1.0087843 1.1547196 1.0347204 1.2311512 1.2220384 1.1158005 1.2602587 1.2071690 1.1947530 1.0274660 1.1890403 1.2435454 1.1267231 1.2665816 1.2247206 1.5659252 
Naumovozyma_dairenensis             1.0218210 1.4144112 0.8939929 0.0000000 1.2572609 1.0793329 1.1113515 0.9367426 1.1984664 1.1436187 1.1153740 1.3367376 1.2855199 1.2965418 0.9886639 1.1174064 1.1478575 1.0416211 1.1244977 1.2096782 1.4801835 
Tetrapisispora_blattae              1.3118514 1.6196437 1.2644663 1.2572609 0.0000000 1.4507339 1.3177535 1.3263238 1.5276721 1.3981287 1.3890502 1.5043567 1.5157846 1.5522567 1.3195890 1.3943554 1.3762121 1.2793370 1.3980806 1.5360160 1.3587351 
yHAB132_Kazachstania_martiniae      1.0375957 1.3717966 1.0087843 1.0793329 1.4507339 0.0000000 1.1761407 0.9782040 1.2193157 1.1539824 1.1327647 1.3660913 1.2716220 1.1839487 0.9400060 1.1618140 1.1703904 1.0295745 1.1920641 1.1621077 1.4686230 
yHAB133_Kazachstania_unispora       1.1722287 1.2490492 1.1547196 1.1113515 1.3177535 1.1761407 0.0000000 1.1524409 1.1897970 0.6511634 1.0192805 1.2955031 1.5255772 1.2541901 1.0406692 1.1970604 0.4046231 1.1195963 0.4081210 1.1447993 1.5444343 
yHAB134_Kazachstania_turicensis     0.9601355 1.4930699 1.0347204 0.9367426 1.3263238 0.9782040 1.1524409 0.0000000 1.2300025 1.0865859 1.1622602 1.2912232 1.3274978 1.1745601 0.7575887 1.0343187 1.2133987 0.8138365 1.2344139 1.1348356 1.4421087 
yHAB136_Kazachstania_bromeliacearum 1.4328717 1.3817411 1.2311512 1.1984664 1.5276721 1.2193157 1.1897970 1.2300025 0.0000000 1.2142072 1.2847703 1.3800924 1.5597519 1.3706594 1.2060685 1.2649918 1.2509361 1.3263884 1.2705864 1.3069548 1.6253853 
yHAB143_Kazachstania_siamensis      1.1653196 1.3126032 1.2220384 1.1436187 1.3981287 1.1539824 0.6511634 1.0865859 1.2142072 0.0000000 1.0712684 1.3347382 1.6269469 1.1799463 1.0676969 1.1315136 0.7453964 1.2366812 0.7126138 1.0355635 1.4966228 
yHAB147_Kazachstania_taianensis     1.2905972 1.0172818 1.1158005 1.1153740 1.3890502 1.1327647 1.0192805 1.1622602 1.2847703 1.0712684 0.0000000 1.1616067 1.2930617 1.1269814 1.1068383 1.2635508 1.0788816 1.2098483 1.0807402 1.0871328 1.5757699 
yHAB148_Kazachstania_intestinalis   1.3396288 1.3889259 1.2602587 1.3367376 1.5043567 1.3660913 1.2955031 1.2912232 1.3800924 1.3347382 1.1616067 0.0000000 1.4753110 1.5313337 1.3219219 1.4312212 1.3994330 1.2807242 1.3712554 1.4163278 1.7345736 
yHAB153_Kazachstania_rosinii        1.3247437 1.3051282 1.2071690 1.2855199 1.5157846 1.2716220 1.5255772 1.3274978 1.5597519 1.6269469 1.2930617 1.4753110 0.0000000 1.5828810 1.1319838 1.3813109 1.4492999 1.1788748 1.4930458 1.6216471 1.7377808 
yHAB154_Kazachstania_transvaalensis 1.2886517 1.3927727 1.1947530 1.2965418 1.5522567 1.1839487 1.2541901 1.1745601 1.3706594 1.1799463 1.1269814 1.5313337 1.5828810 0.0000000 1.1509990 1.2989970 1.2679723 1.2282319 1.3098496 0.4853569 1.6821142 
yHAB155_Kazachstania_spencerorum    0.9273852 1.4266815 1.0274660 0.9886639 1.3195890 0.9400060 1.0406692 0.7575887 1.2060685 1.0676969 1.1068383 1.3219219 1.1319838 1.1509990 0.0000000 0.9467916 1.0541099 0.7657972 1.0618455 1.0728323 1.3596211 
yHAB158_Kazachstania_viticola       1.1164420 1.4678071 1.1890403 1.1174064 1.3943554 1.1618140 1.1970604 1.0343187 1.2649918 1.1315136 1.2635508 1.4312212 1.3813109 1.2989970 0.9467916 0.0000000 1.2632064 1.1479178 1.2509462 1.2503323 1.5136269 
yHAB159_Kazachstania_solicola       1.2293283 1.2906735 1.2435454 1.1478575 1.3762121 1.1703904 0.4046231 1.2133987 1.2509361 0.7453964 1.0788816 1.3994330 1.4492999 1.2679723 1.0541099 1.2632064 0.0000000 1.1693125 0.1786219 1.1869664 1.5211103 
yHAB160_Kazachstania_kunashirensis  1.0778237 1.4261060 1.1267231 1.0416211 1.2793370 1.0295745 1.1195963 0.8138365 1.3263884 1.2366812 1.2098483 1.2807242 1.1788748 1.2282319 0.7657972 1.1479178 1.1693125 0.0000000 1.1662566 1.2066758 1.4504187 
yHAB164_Kazachstania_aerobia        1.1745273 1.2978185 1.2665816 1.1244977 1.3980806 1.1920641 0.4081210 1.2344139 1.2705864 0.7126138 1.0807402 1.3712554 1.4930458 1.3098496 1.0618455 1.2509462 0.1786219 1.1662566 0.0000000 1.1838856 1.5544870 
yHAB166_Kazachstania_yakushimaensis 1.2831985 1.4080011 1.2247206 1.2096782 1.5360160 1.1621077 1.1447993 1.1348356 1.3069548 1.0355635 1.0871328 1.4163278 1.6216471 0.4853569 1.0728323 1.2503323 1.1869664 1.2066758 1.1838856 0.0000000 1.5531292 
yHMPu5000035629_Yueomyces_sinensis  1.3777510 1.8598005 1.5659252 1.4801835 1.3587351 1.4686230 1.5444343 1.4421087 1.6253853 1.4966228 1.5757699 1.7345736 1.7377808 1.6821142 1.3596211 1.5136269 1.5211103 1.4504187 1.5544870 1.5531292 0.0000000 
