21
Kazachstania_africana               0.0000000 2.3666058 2.0158957 2.1590710 3.2609161 1.9572614 2.1716837 2.1363747 1.8026709 2.0771447 1.7465099 2.9958344 2.4362349 2.8548400 2.4327099 2.2282703 2.1637487 1.8201479 2.1306153 2.8182473 5.5681082 
Kazachstania_naganishii             2.3666058 0.0000000 2.2944346 2.2096922 3.7375895 2.0778241 2.2065639 2.8070585 1.5820504 2.1892078 1.8820125 2.5631923 2.9600048 2.5211885 2.6516872 2.5021065 2.1049478 2.5691598 2.2018397 2.6367773 6.1526581 
Naumovozyma_castellii               2.0158957 2.2944346 0.0000000 1.6655616 2.9038980 1.9146982 2.2959217 2.4148659 1.8927122 2.2076451 1.7598671 2.8192409 2.8116088 2.8651454 2.4433584 2.1988548 2.4695916 2.2723657 2.3911579 2.7383358 5.2751102 
Naumovozyma_dairenensis             2.1590710 2.2096922 1.6655616 0.0000000 2.8288151 1.9965963 2.1883707 2.3151623 1.7890591 2.0545522 1.7091314 2.9221005 2.6140270 2.8870623 2.5746281 2.1361540 2.2096847 2.2200092 2.2128678 2.7984867 4.3052123 
Tetrapisispora_blattae              3.2609161 3.7375895 2.9038980 2.8288151 0.0000000 3.0410910 3.2000078 3.0982487 3.0016129 3.3417080 3.4543741 3.7129017 3.5401647 3.9982616 3.2494268 2.9593900 3.1874495 2.9257507 3.2044095 3.8122862 3.9241095 
yHAB132_Kazachstania_martiniae      1.9572614 2.0778241 1.9146982 1.9965963 3.0410910 0.0000000 1.9532074 2.4153193 1.6520086 1.9974477 1.4038020 2.3505483 2.7901931 2.4147388 2.1962263 1.8838318 1.9561095 2.2539989 1.9022931 2.2459494 5.0320663 
yHAB133_Kazachstania_unispora       2.1716837 2.2065639 2.2959217 2.1883707 3.2000078 1.9532074 0.0000000 2.4414014 1.5070653 0.6563986 1.6559440 3.2046200 2.6735012 2.2951029 2.7568059 2.2478432 0.4409917 2.1597466 0.4494434 2.1282489 4.5213841 
yHAB134_Kazachstania_turicensis     2.1363747 2.8070585 2.4148659 2.3151623 3.0982487 2.4153193 2.4414014 0.0000000 2.5977035 2.3971079 2.3720321 3.0831701 2.7327272 3.0703547 2.4868079 2.3600362 2.3921054 1.4977783 2.4029276 3.3056027 4.9664950 
yHAB136_Kazachstania_bromeliacearum 1.8026709 1.5820504 1.8927122 1.7890591 3.0016129 1.6520086 1.5070653 2.5977035 0.0000000 1.5620843 1.2452883 2.6378509 2.6921598 2.1666659 2.4149739 2.0627028 1.4493239 1.9518157 1.4685188 1.9639576 5.3661299 
yHAB143_Kazachstania_siamensis      2.0771447 2.1892078 2.2076451 2.0545522 3.3417080 1.9974477 0.6563986 2.3971079 1.5620843 0.0000000 1.7072214 3.0106689 2.8840145 2.4290266 2.7546076 1.9954191 0.7568538 2.2134892 0.8104753 2.3152590 4.7930275 
yHAB147_Kazachstania_taianensis     1.7465099 1.8820125 1.7598671 1.7091314 3.4543741 1.4038020 1.6559440 2.3720321 1.2452883 1.7072214 0.0000000 2.1131773 2.1416629 2.2171854 2.1141751 1.9465918 1.5760934 2.0742971 1.5921894 2.0375990 4.8476549 
yHAB148_Kazachstania_intestinalis   2.9958344 2.5631923 2.8192409 2.9221005 3.7129017 2.3505483 3.2046200 3.0831701 2.6378509 3.0106689 2.1131773 0.0000000 3.1713200 3.5994127 2.9791951 2.7512103 3.1498984 2.8067850 2.9980082 3.2597611 6.6827975 
yHAB153_Kazachstania_rosinii        2.4362349 2.9600048 2.8116088 2.6140270 3.5401647 2.7901931 2.6735012 2.7327272 2.6921598 2.8840145 2.1416629 3.1713200 0.0000000 3.4513579 2.4189349 2.6984459 2.7923695 2.4589807 2.8737320 3.5976823 6.5121995 
yHAB154_Kazachstania_transvaalensis 2.8548400 2.5211885 2.8651454 2.8870623 3.9982616 2.4147388 2.2951029 3.0703547 2.1666659 2.4290266 2.2171854 3.5994127 3.4513579 0.0000000 3.0938001 2.9361977 2.3648554 2.6733227 2.3556710 0.5775450 6.0618725 
yHAB155_Kazachstania_spencerorum    2.4327099 2.6516872 2.4433584 2.5746281 3.2494268 2.1962263 2.7568059 2.4868079 2.4149739 2.7546076 2.1141751 2.9791951 2.4189349 3.0938001 0.0000000 2.4304242 2.6930113 2.1940806 2.8292858 3.0684579 6.2978723 
yHAB158_Kazachstania_viticola       2.2282703 2.5021065 2.1988548 2.1361540 2.9593900 1.8838318 2.2478432 2.3600362 2.0627028 1.9954191 1.9465918 2.7512103 2.6984459 2.9361977 2.4304242 0.0000000 2.2681537 2.4498344 2.2585170 2.7993465 4.6204677 
yHAB159_Kazachstania_solicola       2.1637487 2.1049478 2.4695916 2.2096847 3.1874495 1.9561095 0.4409917 2.3921054 1.4493239 0.7568538 1.5760934 3.1498984 2.7923695 2.3648554 2.6930113 2.2681537 0.0000000 2.2338443 0.1681769 2.1261036 4.9715335 
yHAB160_Kazachstania_kunashirensis  1.8201479 2.5691598 2.2723657 2.2200092 2.9257507 2.2539989 2.1597466 1.4977783 1.9518157 2.2134892 2.0742971 2.8067850 2.4589807 2.6733227 2.1940806 2.4498344 2.2338443 0.0000000 2.2059533 2.5613753 5.5896070 
yHAB164_Kazachstania_aerobia        2.1306153 2.2018397 2.3911579 2.2128678 3.2044095 1.9022931 0.4494434 2.4029276 1.4685188 0.8104753 1.5921894 2.9980082 2.8737320 2.3556710 2.8292858 2.2585170 0.1681769 2.2059533 0.0000000 2.0890388 4.9261456 
yHAB166_Kazachstania_yakushimaensis 2.8182473 2.6367773 2.7383358 2.7984867 3.8122862 2.2459494 2.1282489 3.3056027 1.9639576 2.3152590 2.0375990 3.2597611 3.5976823 0.5775450 3.0684579 2.7993465 2.1261036 2.5613753 2.0890388 0.0000000 5.5788865 
yHMPu5000035629_Yueomyces_sinensis  5.5681082 6.1526581 5.2751102 4.3052123 3.9241095 5.0320663 4.5213841 4.9664950 5.3661299 4.7930275 4.8476549 6.6827975 6.5121995 6.0618725 6.2978723 4.6204677 4.9715335 5.5896070 4.9261456 5.5788865 0.0000000 
