21
Kazachstania_africana               0.0000000 0.1851382 0.1542030 0.1445453 0.1581867 0.1569775 0.1423504 0.1924034 0.1400952 0.1219487 0.1610497 0.1887264 0.1443844 0.1617381 0.1717666 0.1644609 0.1530105 0.1553129 0.1585983 0.1501254 0.1346932 
Kazachstania_naganishii             0.1851382 0.0000000 0.2018945 0.2249222 0.2302315 0.1917410 0.1925799 0.2198054 0.1644747 0.1705387 0.1741110 0.1807119 0.1958312 0.1968673 0.2397592 0.2209384 0.1890641 0.2300001 0.1936732 0.1858869 0.2013428 
Naumovozyma_castellii               0.1542030 0.2018945 0.0000000 0.0991713 0.1531536 0.1388614 0.1537200 0.1927149 0.1375951 0.1232275 0.1681593 0.1619123 0.1396811 0.1549522 0.1753354 0.1471905 0.1675465 0.1633604 0.1712580 0.1434152 0.1414697 
Naumovozyma_dairenensis             0.1445453 0.2249222 0.0991713 0.0000000 0.1519346 0.1417398 0.1479808 0.1745554 0.1526193 0.1262525 0.1620414 0.1650110 0.1610521 0.1440516 0.1607900 0.1473856 0.1669407 0.1616424 0.1703784 0.1537934 0.1396788 
Tetrapisispora_blattae              0.1581867 0.2302315 0.1531536 0.1519346 0.0000000 0.1635832 0.1384981 0.1700115 0.1544490 0.1497922 0.1976793 0.1904984 0.1608137 0.1535261 0.1934002 0.1340553 0.1554709 0.1575167 0.1644921 0.1321334 0.1043220 
yHAB132_Kazachstania_martiniae      0.1569775 0.1917410 0.1388614 0.1417398 0.1635832 0.0000000 0.1309578 0.1823533 0.1281222 0.1300247 0.1668249 0.1623599 0.1593944 0.1492172 0.1664504 0.1512228 0.1461737 0.1402584 0.1377975 0.1387911 0.1408873 
yHAB133_Kazachstania_unispora       0.1423504 0.1925799 0.1537200 0.1479808 0.1384981 0.1309578 0.0000000 0.1644552 0.0969859 0.0735189 0.1190885 0.1588275 0.1490556 0.0961859 0.1690113 0.1358564 0.0453327 0.1338219 0.0490490 0.0762741 0.1056772 
yHAB134_Kazachstania_turicensis     0.1924034 0.2198054 0.1927149 0.1745554 0.1700115 0.1823533 0.1644552 0.0000000 0.1672353 0.1550470 0.1795564 0.1857967 0.1647405 0.1697004 0.1724913 0.1581267 0.1763922 0.1109566 0.1754959 0.1562871 0.1492346 
yHAB136_Kazachstania_bromeliacearum 0.1400952 0.1644747 0.1375951 0.1526193 0.1544490 0.1281222 0.0969859 0.1672353 0.0000000 0.0883353 0.1377272 0.1492902 0.1304812 0.1152200 0.1386044 0.1363009 0.1037607 0.1515589 0.1096465 0.1073705 0.1092185 
yHAB143_Kazachstania_siamensis      0.1219487 0.1705387 0.1232275 0.1262525 0.1497922 0.1300247 0.0735189 0.1550470 0.0883353 0.0000000 0.1199901 0.1440801 0.1570174 0.0943980 0.1593025 0.1313027 0.0779877 0.1356561 0.0869688 0.0875714 0.0989589 
yHAB147_Kazachstania_taianensis     0.1610497 0.1741110 0.1681593 0.1620414 0.1976793 0.1668249 0.1190885 0.1795564 0.1377272 0.1199901 0.0000000 0.1564897 0.1648489 0.1436975 0.2073929 0.1709962 0.1248332 0.1683144 0.1296067 0.1302697 0.1367983 
yHAB148_Kazachstania_intestinalis   0.1887264 0.1807119 0.1619123 0.1650110 0.1904984 0.1623599 0.1588275 0.1857967 0.1492902 0.1440801 0.1564897 0.0000000 0.1833792 0.1685310 0.2075037 0.1670339 0.1600788 0.1839835 0.1653223 0.1589810 0.1553389 
yHAB153_Kazachstania_rosinii        0.1443844 0.1958312 0.1396811 0.1610521 0.1608137 0.1593944 0.1490556 0.1647405 0.1304812 0.1570174 0.1648489 0.1833792 0.0000000 0.1516243 0.1353252 0.1481670 0.1613203 0.1502906 0.1591358 0.1417153 0.1405729 
yHAB154_Kazachstania_transvaalensis 0.1617381 0.1968673 0.1549522 0.1440516 0.1535261 0.1492172 0.0961859 0.1697004 0.1152200 0.0943980 0.1436975 0.1685310 0.1516243 0.0000000 0.1699456 0.1367577 0.1073009 0.1549128 0.1116477 0.0592800 0.1228338 
yHAB155_Kazachstania_spencerorum    0.1717666 0.2397592 0.1753354 0.1607900 0.1934002 0.1664504 0.1690113 0.1724913 0.1386044 0.1593025 0.2073929 0.2075037 0.1353252 0.1699456 0.0000000 0.1836121 0.1860655 0.1468223 0.1914321 0.1627258 0.1606026 
yHAB158_Kazachstania_viticola       0.1644609 0.2209384 0.1471905 0.1473856 0.1340553 0.1512228 0.1358564 0.1581267 0.1363009 0.1313027 0.1709962 0.1670339 0.1481670 0.1367577 0.1836121 0.0000000 0.1499011 0.1440083 0.1585173 0.1138527 0.1382033 
yHAB159_Kazachstania_solicola       0.1530105 0.1890641 0.1675465 0.1669407 0.1554709 0.1461737 0.0453327 0.1763922 0.1037607 0.0779877 0.1248332 0.1600788 0.1613203 0.1073009 0.1860655 0.1499011 0.0000000 0.1490662 0.0200500 0.0894903 0.1272888 
yHAB160_Kazachstania_kunashirensis  0.1553129 0.2300001 0.1633604 0.1616424 0.1575167 0.1402584 0.1338219 0.1109566 0.1515589 0.1356561 0.1683144 0.1839835 0.1502906 0.1549128 0.1468223 0.1440083 0.1490662 0.0000000 0.1569166 0.1414742 0.1219203 
yHAB164_Kazachstania_aerobia        0.1585983 0.1936732 0.1712580 0.1703784 0.1644921 0.1377975 0.0490490 0.1754959 0.1096465 0.0869688 0.1296067 0.1653223 0.1591358 0.1116477 0.1914321 0.1585173 0.0200500 0.1569166 0.0000000 0.0995480 0.1337396 
yHAB166_Kazachstania_yakushimaensis 0.1501254 0.1858869 0.1434152 0.1537934 0.1321334 0.1387911 0.0762741 0.1562871 0.1073705 0.0875714 0.1302697 0.1589810 0.1417153 0.0592800 0.1627258 0.1138527 0.0894903 0.1414742 0.0995480 0.0000000 0.1085142 
yHMPu5000035629_Yueomyces_sinensis  0.1346932 0.2013428 0.1414697 0.1396788 0.1043220 0.1408873 0.1056772 0.1492346 0.1092185 0.0989589 0.1367983 0.1553389 0.1405729 0.1228338 0.1606026 0.1382033 0.1272888 0.1219203 0.1337396 0.1085142 0.0000000 
