21
Kazachstania_africana               0.0000000 1.3671335 1.3328054 1.2944683 1.3679996 1.1965322 1.1691411 1.3200488 1.1296350 1.2479153 1.1272661 1.4653081 1.0584676 1.1791665 1.1531106 1.5738344 1.2635864 1.1661721 1.2518357 1.2160819 1.3705807 
Kazachstania_naganishii             1.3671335 0.0000000 1.5257731 1.5510811 1.6036603 1.3763196 1.2610993 1.5667990 1.2501380 1.3306333 1.2588224 1.5041273 1.3481719 1.3318500 1.4356958 1.7055446 1.3528975 1.4501898 1.3525922 1.3480261 1.8495956 
Naumovozyma_castellii               1.3328054 1.5257731 0.0000000 1.1258327 1.6412157 1.4731078 1.5191126 1.5105039 1.3846173 1.5020924 1.4520109 1.6749629 1.3178386 1.3937196 1.3940746 1.8230774 1.5412783 1.4282341 1.5684021 1.4118654 1.7538871 
Naumovozyma_dairenensis             1.2944683 1.5510811 1.1258327 0.0000000 1.4864828 1.3756212 1.2829057 1.3909755 1.2705074 1.3328118 1.3103902 1.5260767 1.2636444 1.3726430 1.3651250 1.6332830 1.3764495 1.3371537 1.3938890 1.3756191 1.5769922 
Tetrapisispora_blattae              1.3679996 1.6036603 1.6412157 1.4864828 0.0000000 1.5140780 1.3051596 1.5033744 1.3104651 1.4154171 1.5417544 1.6791140 1.3215216 1.4735948 1.3565381 1.6746829 1.4467027 1.2824989 1.4276748 1.3603686 0.9888392 
yHAB132_Kazachstania_martiniae      1.1965322 1.3763196 1.4731078 1.3756212 1.5140780 0.0000000 1.1351810 1.2467262 1.1728557 1.1846749 1.1947416 1.3373427 1.1029699 1.1815972 1.2122319 1.6317890 1.2105806 1.1840296 1.2337626 1.1341401 1.4760339 
yHAB133_Kazachstania_unispora       1.1691411 1.2610993 1.5191126 1.2829057 1.3051596 1.1351810 0.0000000 1.3672386 1.0039809 0.4095498 0.9967851 1.4730793 1.1219808 1.0547913 1.2182397 1.6016066 0.2885807 1.2987180 0.2885179 0.9215227 1.3842385 
yHAB134_Kazachstania_turicensis     1.3200488 1.5667990 1.5105039 1.3909755 1.5033744 1.2467262 1.3672386 0.0000000 1.2775032 1.4029498 1.3043406 1.6518922 1.1318298 1.3351336 1.1979948 1.5262717 1.4589751 0.9155561 1.4825309 1.2794381 1.4638700 
yHAB136_Kazachstania_bromeliacearum 1.1296350 1.2501380 1.3846173 1.2705074 1.3104651 1.1728557 1.0039809 1.2775032 0.0000000 1.0146469 1.0460080 1.3859190 0.9881882 0.9607885 1.1655367 1.4720497 1.0408849 1.1458019 1.0234568 0.8888019 1.4551723 
yHAB143_Kazachstania_siamensis      1.2479153 1.3306333 1.5020924 1.3328118 1.4154171 1.1846749 0.4095498 1.4029498 1.0146469 0.0000000 0.9931984 1.4822745 1.1337980 1.0359357 1.2585513 1.5716436 0.4847211 1.3671188 0.4859455 0.9569395 1.4659318 
yHAB147_Kazachstania_taianensis     1.1272661 1.2588224 1.4520109 1.3103902 1.5417544 1.1947416 0.9967851 1.3043406 1.0460080 0.9931984 0.0000000 1.4135139 1.0434906 0.9219659 1.1644376 1.6130603 1.0749875 1.2323463 1.0454963 0.8937313 1.5628444 
yHAB148_Kazachstania_intestinalis   1.4653081 1.5041273 1.6749629 1.5260767 1.6791140 1.3373427 1.4730793 1.6518922 1.3859190 1.4822745 1.4135139 0.0000000 1.3048447 1.4542166 1.4223802 1.8500653 1.4986230 1.4557935 1.4988680 1.4611091 1.8340773 
yHAB153_Kazachstania_rosinii        1.0584676 1.3481719 1.3178386 1.2636444 1.3215216 1.1029699 1.1219808 1.1318298 0.9881882 1.1337980 1.0434906 1.3048447 0.0000000 1.1151352 0.9099047 1.4689268 1.1134248 0.9421446 1.1623926 1.0556096 1.4376928 
yHAB154_Kazachstania_transvaalensis 1.1791665 1.3318500 1.3937196 1.3726430 1.4735948 1.1815972 1.0547913 1.3351336 0.9607885 1.0359357 0.9219659 1.4542166 1.1151352 0.0000000 1.2098218 1.7169570 1.0586697 1.1266729 1.0787634 0.3802941 1.5530436 
yHAB155_Kazachstania_spencerorum    1.1531106 1.4356958 1.3940746 1.3651250 1.3565381 1.2122319 1.2182397 1.1979948 1.1655367 1.2585513 1.1644376 1.4223802 0.9099047 1.2098218 0.0000000 1.4912590 1.2739875 0.9580078 1.2811833 1.0895242 1.3944715 
yHAB158_Kazachstania_viticola       1.5738344 1.7055446 1.8230774 1.6332830 1.6746829 1.6317890 1.6016066 1.5262717 1.4720497 1.5716436 1.6130603 1.8500653 1.4689268 1.7169570 1.4912590 0.0000000 1.6511081 1.5147488 1.6111768 1.5728758 1.7780103 
yHAB159_Kazachstania_solicola       1.2635864 1.3528975 1.5412783 1.3764495 1.4467027 1.2105806 0.2885807 1.4589751 1.0408849 0.4847211 1.0749875 1.4986230 1.1134248 1.0586697 1.2739875 1.6511081 0.0000000 1.3468802 0.0882101 0.9970103 1.4432992 
yHAB160_Kazachstania_kunashirensis  1.1661721 1.4501898 1.4282341 1.3371537 1.2824989 1.1840296 1.2987180 0.9155561 1.1458019 1.3671188 1.2323463 1.4557935 0.9421446 1.1266729 0.9580078 1.5147488 1.3468802 0.0000000 1.3266944 1.1137569 1.3598837 
yHAB164_Kazachstania_aerobia        1.2518357 1.3525922 1.5684021 1.3938890 1.4276748 1.2337626 0.2885179 1.4825309 1.0234568 0.4859455 1.0454963 1.4988680 1.1623926 1.0787634 1.2811833 1.6111768 0.0882101 1.3266944 0.0000000 0.9987616 1.4775830 
yHAB166_Kazachstania_yakushimaensis 1.2160819 1.3480261 1.4118654 1.3756191 1.3603686 1.1341401 0.9215227 1.2794381 0.8888019 0.9569395 0.8937313 1.4611091 1.0556096 0.3802941 1.0895242 1.5728758 0.9970103 1.1137569 0.9987616 0.0000000 1.4488670 
yHMPu5000035629_Yueomyces_sinensis  1.3705807 1.8495956 1.7538871 1.5769922 0.9888392 1.4760339 1.3842385 1.4638700 1.4551723 1.4659318 1.5628444 1.8340773 1.4376928 1.5530436 1.3944715 1.7780103 1.4432992 1.3598837 1.4775830 1.4488670 0.0000000 
