21
Kazachstania_africana               0.0000000 1.2793513 0.7154105 0.7924952 0.9570799 0.6552127 0.8582111 0.7528103 0.5997853 0.8037894 1.4758650 0.7929701 0.8812752 0.8179976 0.6556392 0.6700595 0.9805412 0.6804083 0.9429369 0.8607237 1.0375832 
Kazachstania_naganishii             1.2793513 0.0000000 1.1811028 1.3734286 1.1505320 1.0580091 1.1605207 1.2028997 0.8848790 1.3417331 0.5523372 0.9825399 0.6492859 1.5421165 1.2148543 0.9509495 1.1858581 1.2462803 1.1367973 1.4356170 1.8775570 
Naumovozyma_castellii               0.7154105 1.1811028 0.0000000 0.6089756 0.8245188 0.5945620 0.7176770 0.7747291 0.5096704 0.7452167 1.2326953 0.7664194 0.8244083 0.8182297 0.6657305 0.7089619 0.9173538 0.6470875 0.8843361 0.9060672 1.1902379 
Naumovozyma_dairenensis             0.7924952 1.3734286 0.6089756 0.0000000 0.8962435 0.6602482 0.7012153 0.8321984 0.6413393 0.6576958 1.5213300 0.8692936 0.9824048 0.8340413 0.6771561 0.6451320 0.7969973 0.5641695 0.7754660 0.8479442 1.0103677 
Tetrapisispora_blattae              0.9570799 1.1505320 0.8245188 0.8962435 0.0000000 0.8171424 0.8441318 0.7943857 0.7893037 0.9283074 1.3030338 0.8322766 0.9398934 1.1474135 0.6860553 0.8931679 0.8709471 0.7924340 0.8760578 1.0684460 1.0740942 
yHAB132_Kazachstania_martiniae      0.6552127 1.0580091 0.5945620 0.6602482 0.8171424 0.0000000 0.6741051 0.6838027 0.5907084 0.6750689 1.2437554 0.6553731 0.7682400 0.8240662 0.4756372 0.5764498 0.7705648 0.5679334 0.7869391 0.8117950 1.0055455 
yHAB133_Kazachstania_unispora       0.8582111 1.1605207 0.7176770 0.7012153 0.8441318 0.6741051 0.0000000 0.7220893 0.6207715 0.3480261 1.4295256 0.9526153 1.0246253 0.7632869 0.5215856 0.7201348 0.2726341 0.6874186 0.2465014 0.6855904 0.8794523 
yHAB134_Kazachstania_turicensis     0.7528103 1.2028997 0.7747291 0.8321984 0.7943857 0.6838027 0.7220893 0.0000000 0.6981495 0.9104329 1.3573015 0.8177638 0.8096845 0.9886888 0.5982553 0.7273274 0.8461163 0.5091242 0.8233338 1.0039831 1.0152821 
yHAB136_Kazachstania_bromeliacearum 0.5997853 0.8848790 0.5096704 0.6413393 0.7893037 0.5907084 0.6207715 0.6981495 0.0000000 0.6717623 1.1468427 0.7769260 0.7932895 0.7465449 0.5132201 0.6864112 0.7801542 0.5887347 0.7512034 0.7877825 0.9378538 
yHAB143_Kazachstania_siamensis      0.8037894 1.3417331 0.7452167 0.6576958 0.9283074 0.6750689 0.3480261 0.9104329 0.6717623 0.0000000 1.5382204 0.9454164 1.0751862 0.7977788 0.5483370 0.7720231 0.4069519 0.6839470 0.4034516 0.7638393 1.0236682 
yHAB147_Kazachstania_taianensis     1.4758650 0.5523372 1.2326953 1.5213300 1.3030338 1.2437554 1.4295256 1.3573015 1.1468427 1.5382204 0.0000000 1.1943839 0.6418472 1.7149560 1.5719259 1.1756470 1.2066308 1.4326767 1.2064932 1.5916706 2.2440518 
yHAB148_Kazachstania_intestinalis   0.7929701 0.9825399 0.7664194 0.8692936 0.8322766 0.6553731 0.9526153 0.8177638 0.7769260 0.9454164 1.1943839 0.0000000 0.8379948 1.0355515 0.7409232 0.9228474 0.9666204 0.8081802 0.9414718 1.0310517 1.2307071 
yHAB153_Kazachstania_rosinii        0.8812752 0.6492859 0.8244083 0.9824048 0.9398934 0.7682400 1.0246253 0.8096845 0.7932895 1.0751862 0.6418472 0.8379948 0.0000000 1.2424130 0.8244731 0.8057854 1.0063552 0.8619528 0.9917934 1.1551195 1.4283352 
yHAB154_Kazachstania_transvaalensis 0.8179976 1.5421165 0.8182297 0.8340413 1.1474135 0.8240662 0.7632869 0.9886888 0.7465449 0.7977788 1.7149560 1.0355515 1.2424130 0.0000000 0.7394024 0.9202444 0.8471295 0.7340511 0.8120341 0.3311250 1.0346484 
yHAB155_Kazachstania_spencerorum    0.6556392 1.2148543 0.6657305 0.6771561 0.6860553 0.4756372 0.5215856 0.5982553 0.5132201 0.5483370 1.5719259 0.7409232 0.8244731 0.7394024 0.0000000 0.6387297 0.7281761 0.4367516 0.6808200 0.7946693 0.7286451 
yHAB158_Kazachstania_viticola       0.6700595 0.9509495 0.7089619 0.6451320 0.8931679 0.5764498 0.7201348 0.7273274 0.6864112 0.7720231 1.1756470 0.9228474 0.8057854 0.9202444 0.6387297 0.0000000 0.9111120 0.7054926 0.8922586 0.9166238 1.1029560 
yHAB159_Kazachstania_solicola       0.9805412 1.1858581 0.9173538 0.7969973 0.8709471 0.7705648 0.2726341 0.8461163 0.7801542 0.4069519 1.2066308 0.9666204 1.0063552 0.8471295 0.7281761 0.9111120 0.0000000 0.7663238 0.0659566 0.7824412 1.0823702 
yHAB160_Kazachstania_kunashirensis  0.6804083 1.2462803 0.6470875 0.5641695 0.7924340 0.5679334 0.6874186 0.5091242 0.5887347 0.6839470 1.4326767 0.8081802 0.8619528 0.7340511 0.4367516 0.7054926 0.7663238 0.0000000 0.7234799 0.8017276 0.8518906 
yHAB164_Kazachstania_aerobia        0.9429369 1.1367973 0.8843361 0.7754660 0.8760578 0.7869391 0.2465014 0.8233338 0.7512034 0.4034516 1.2064932 0.9414718 0.9917934 0.8120341 0.6808200 0.8922586 0.0659566 0.7234799 0.0000000 0.7321971 1.0489568 
yHAB166_Kazachstania_yakushimaensis 0.8607237 1.4356170 0.9060672 0.8479442 1.0684460 0.8117950 0.6855904 1.0039831 0.7877825 0.7638393 1.5916706 1.0310517 1.1551195 0.3311250 0.7946693 0.9166238 0.7824412 0.8017276 0.7321971 0.0000000 1.0776393 
yHMPu5000035629_Yueomyces_sinensis  1.0375832 1.8775570 1.1902379 1.0103677 1.0740942 1.0055455 0.8794523 1.0152821 0.9378538 1.0236682 2.2440518 1.2307071 1.4283352 1.0346484 0.7286451 1.1029560 1.0823702 0.8518906 1.0489568 1.0776393 0.0000000 
