21
Kazachstania_africana               0.0000000 1.4457656 1.6223743 1.9510837 2.0085878 1.2859611 1.3773340 1.5528453 1.2350778 1.4102532 1.3608093 1.3933124 1.3807169 1.6256275 1.2858715 1.3333077 1.3392186 1.3667505 1.4698132 1.5763594 1.9135516 
Kazachstania_naganishii             1.4457656 0.0000000 1.6863308 1.9936715 2.2890619 1.3021587 1.3407987 1.5871092 1.2798908 1.4400446 1.1110466 1.6423886 1.3429998 1.7835256 1.5963054 1.4189594 1.4023211 1.6856194 1.4254976 1.8008352 2.0612319 
Naumovozyma_castellii               1.6223743 1.6863308 0.0000000 1.9082924 2.1042810 1.5244145 1.7477020 1.5969972 1.6048328 1.8037700 1.8393926 1.8256364 1.7614887 1.7021953 1.3693629 1.4444014 1.7368054 1.6161643 1.7628531 1.8936022 2.2189132 
Naumovozyma_dairenensis             1.9510837 1.9936715 1.9082924 0.0000000 2.5045796 1.6928210 1.8674401 2.0149615 1.6435791 1.6948610 2.0093789 1.8819871 1.9461145 1.9732986 1.7588961 1.6737917 1.7519423 1.8046852 1.7534271 2.0219135 2.2173052 
Tetrapisispora_blattae              2.0085878 2.2890619 2.1042810 2.5045796 0.0000000 1.9450731 2.0671216 2.1850052 1.9651449 2.1995725 1.9240404 2.0407531 2.1253388 2.4016623 2.0339421 2.1425197 2.2213897 2.1153568 2.2191062 2.2365686 1.3322056 
yHAB132_Kazachstania_martiniae      1.2859611 1.3021587 1.5244145 1.6928210 1.9450731 0.0000000 1.4204457 1.3852872 1.1729369 1.3382762 1.5477426 1.2926743 1.2160878 1.4873154 1.2206814 1.1385435 1.3644799 1.2620666 1.4048496 1.4345981 1.8018117 
yHAB133_Kazachstania_unispora       1.3773340 1.3407987 1.7477020 1.8674401 2.0671216 1.4204457 0.0000000 1.5064179 1.1117215 0.4873846 1.1636814 1.5325082 1.3955347 1.4213267 1.3817948 1.2102014 0.3222906 1.4402008 0.3244785 1.5517121 1.7155110 
yHAB134_Kazachstania_turicensis     1.5528453 1.5871092 1.5969972 2.0149615 2.1850052 1.3852872 1.5064179 0.0000000 1.4371718 1.5518185 1.5438553 1.5515106 1.3151382 1.7605126 1.2236692 1.4911207 1.5057894 1.0459097 1.5383658 1.7966104 1.9326156 
yHAB136_Kazachstania_bromeliacearum 1.2350778 1.2798908 1.6048328 1.6435791 1.9651449 1.1729369 1.1117215 1.4371718 0.0000000 1.2071741 1.2453904 1.5878467 1.3760372 1.3242360 1.2242780 1.1490064 1.1534146 1.3212517 1.2070414 1.4561652 1.8120318 
yHAB143_Kazachstania_siamensis      1.4102532 1.4400446 1.8037700 1.6948610 2.1995725 1.3382762 0.4873846 1.5518185 1.2071741 0.0000000 1.2523049 1.4813563 1.4278849 1.3124919 1.3857919 1.3440102 0.5524601 1.4660398 0.5487419 1.4371726 1.8234051 
yHAB147_Kazachstania_taianensis     1.3608093 1.1110466 1.8393926 2.0093789 1.9240404 1.5477426 1.1636814 1.5438553 1.2453904 1.2523049 0.0000000 1.5611189 1.3170856 1.6438151 1.5698820 1.3383524 1.2059851 1.4556182 1.2096341 1.8322939 1.9871759 
yHAB148_Kazachstania_intestinalis   1.3933124 1.6423886 1.8256364 1.8819871 2.0407531 1.2926743 1.5325082 1.5515106 1.5878467 1.4813563 1.5611189 0.0000000 1.5576699 1.7835049 1.5812416 1.4606878 1.5539311 1.5906300 1.6435040 1.8389131 1.7487655 
yHAB153_Kazachstania_rosinii        1.3807169 1.3429998 1.7614887 1.9461145 2.1253388 1.2160878 1.3955347 1.3151382 1.3760372 1.4278849 1.3170856 1.5576699 0.0000000 1.5886768 1.1031954 1.2560440 1.3020471 1.1171902 1.3218245 1.6853011 2.1836145 
yHAB154_Kazachstania_transvaalensis 1.6256275 1.7835256 1.7021953 1.9732986 2.4016623 1.4873154 1.4213267 1.7605126 1.3242360 1.3124919 1.6438151 1.7835049 1.5886768 0.0000000 1.5139800 1.4613165 1.4625760 1.6483370 1.4373507 0.4235709 2.1000496 
yHAB155_Kazachstania_spencerorum    1.2858715 1.5963054 1.3693629 1.7588961 2.0339421 1.2206814 1.3817948 1.2236692 1.2242780 1.3857919 1.5698820 1.5812416 1.1031954 1.5139800 0.0000000 1.0869627 1.4118827 1.0197313 1.4892938 1.3777383 1.8580557 
yHAB158_Kazachstania_viticola       1.3333077 1.4189594 1.4444014 1.6737917 2.1425197 1.1385435 1.2102014 1.4911207 1.1490064 1.3440102 1.3383524 1.4606878 1.2560440 1.4613165 1.0869627 0.0000000 1.2088828 1.4582237 1.2761613 1.5953107 1.8383479 
yHAB159_Kazachstania_solicola       1.3392186 1.4023211 1.7368054 1.7519423 2.2213897 1.3644799 0.3222906 1.5057894 1.1534146 0.5524601 1.2059851 1.5539311 1.3020471 1.4625760 1.4118827 1.2088828 0.0000000 1.3001257 0.1085922 1.5524788 1.8733485 
yHAB160_Kazachstania_kunashirensis  1.3667505 1.6856194 1.6161643 1.8046852 2.1153568 1.2620666 1.4402008 1.0459097 1.3212517 1.4660398 1.4556182 1.5906300 1.1171902 1.6483370 1.0197313 1.4582237 1.3001257 0.0000000 1.4063290 1.7596869 1.7802632 
yHAB164_Kazachstania_aerobia        1.4698132 1.4254976 1.7628531 1.7534271 2.2191062 1.4048496 0.3244785 1.5383658 1.2070414 0.5487419 1.2096341 1.6435040 1.3218245 1.4373507 1.4892938 1.2761613 0.1085922 1.4063290 0.0000000 1.5587467 1.8808790 
yHAB166_Kazachstania_yakushimaensis 1.5763594 1.8008352 1.8936022 2.0219135 2.2365686 1.4345981 1.5517121 1.7966104 1.4561652 1.4371726 1.8322939 1.8389131 1.6853011 0.4235709 1.3777383 1.5953107 1.5524788 1.7596869 1.5587467 0.0000000 1.9158814 
yHMPu5000035629_Yueomyces_sinensis  1.9135516 2.0612319 2.2189132 2.2173052 1.3322056 1.8018117 1.7155110 1.9326156 1.8120318 1.8234051 1.9871759 1.7487655 2.1836145 2.1000496 1.8580557 1.8383479 1.8733485 1.7802632 1.8808790 1.9158814 0.0000000 
