21
Kazachstania_africana               0.0000000 0.2634444 0.2065551 0.1854836 0.1859740 0.1556319 0.1881527 0.1626864 0.1882633 0.2032442 0.2687619 0.2989884 0.1812181 0.2440360 0.1963568 0.1714603 0.1941411 0.1693862 0.1892553 0.2110952 0.1781947 
Kazachstania_naganishii             0.2634444 0.0000000 0.2388955 0.2701665 0.2293198 0.2268765 0.2634392 0.2318058 0.1901769 0.2459400 0.1857173 0.2213547 0.2252707 0.3280087 0.2392631 0.2691194 0.2549916 0.2717336 0.2519663 0.2915032 0.2428469 
Naumovozyma_castellii               0.2065551 0.2388955 0.0000000 0.1218401 0.1711009 0.1548171 0.1768755 0.1822543 0.1530419 0.1812714 0.2442657 0.2852167 0.1704519 0.2497550 0.1989955 0.1559000 0.1757653 0.1800553 0.1726262 0.2051155 0.1792817 
Naumovozyma_dairenensis             0.1854836 0.2701665 0.1218401 0.0000000 0.1783946 0.1523023 0.1628079 0.1798105 0.1672330 0.1705507 0.2668855 0.2914573 0.1846347 0.2256807 0.1916979 0.1500946 0.1898532 0.1725098 0.1740536 0.1722455 0.1703411 
Tetrapisispora_blattae              0.1859740 0.2293198 0.1711009 0.1783946 0.0000000 0.1565220 0.1855445 0.1735876 0.1578702 0.1896137 0.2567892 0.3196809 0.1766584 0.2481903 0.2054166 0.1638733 0.1851753 0.1787977 0.1801112 0.2012166 0.1501592 
yHAB132_Kazachstania_martiniae      0.1556319 0.2268765 0.1548171 0.1523023 0.1565220 0.0000000 0.1297323 0.1488993 0.1427250 0.1406913 0.2369168 0.2738743 0.1593696 0.1849489 0.1682382 0.1432062 0.1343612 0.1567456 0.1319487 0.1392189 0.1414983 
yHAB133_Kazachstania_unispora       0.1881527 0.2634392 0.1768755 0.1628079 0.1855445 0.1297323 0.0000000 0.1916363 0.1365611 0.0801457 0.2573117 0.3215365 0.1947316 0.1889131 0.2020167 0.1643762 0.0642189 0.1698829 0.0631930 0.1357970 0.1681021 
yHAB134_Kazachstania_turicensis     0.1626864 0.2318058 0.1822543 0.1798105 0.1735876 0.1488993 0.1916363 0.0000000 0.1448592 0.1851657 0.1980509 0.2806757 0.1473720 0.2437856 0.1551449 0.1501813 0.1647653 0.1162902 0.1652204 0.1939488 0.1413089 
yHAB136_Kazachstania_bromeliacearum 0.1882633 0.1901769 0.1530419 0.1672330 0.1578702 0.1427250 0.1365611 0.1448592 0.0000000 0.1533634 0.2032237 0.2519341 0.1581901 0.2264062 0.1852430 0.1603856 0.1331625 0.1419161 0.1293509 0.1772640 0.1636286 
yHAB143_Kazachstania_siamensis      0.2032442 0.2459400 0.1812714 0.1705507 0.1896137 0.1406913 0.0801457 0.1851657 0.1533634 0.0000000 0.2360196 0.3123947 0.2052657 0.1880017 0.1932134 0.1765387 0.1043817 0.1751545 0.0961092 0.1419104 0.1727116 
yHAB147_Kazachstania_taianensis     0.2687619 0.1857173 0.2442657 0.2668855 0.2567892 0.2369168 0.2573117 0.1980509 0.2032237 0.2360196 0.0000000 0.2408845 0.1944414 0.3237807 0.2490104 0.2525296 0.2246793 0.2645574 0.2301608 0.2698607 0.2846067 
yHAB148_Kazachstania_intestinalis   0.2989884 0.2213547 0.2852167 0.2914573 0.3196809 0.2738743 0.3215365 0.2806757 0.2519341 0.3123947 0.2408845 0.0000000 0.2786609 0.3672243 0.2870106 0.2786515 0.3221111 0.3157983 0.3282385 0.3431417 0.3325497 
yHAB153_Kazachstania_rosinii        0.1812181 0.2252707 0.1704519 0.1846347 0.1766584 0.1593696 0.1947316 0.1473720 0.1581901 0.2052657 0.1944414 0.2786609 0.0000000 0.2738915 0.1570777 0.1712829 0.1662755 0.1499372 0.1692007 0.2085148 0.2011077 
yHAB154_Kazachstania_transvaalensis 0.2440360 0.3280087 0.2497550 0.2256807 0.2481903 0.1849489 0.1889131 0.2437856 0.2264062 0.1880017 0.3237807 0.3672243 0.2738915 0.0000000 0.2347390 0.2132902 0.2176031 0.2313111 0.2098456 0.1126927 0.2175799 
yHAB155_Kazachstania_spencerorum    0.1963568 0.2392631 0.1989955 0.1916979 0.2054166 0.1682382 0.2020167 0.1551449 0.1852430 0.1932134 0.2490104 0.2870106 0.1570777 0.2347390 0.0000000 0.1567860 0.1743712 0.1653421 0.1840573 0.2146579 0.2028909 
yHAB158_Kazachstania_viticola       0.1714603 0.2691194 0.1559000 0.1500946 0.1638733 0.1432062 0.1643762 0.1501813 0.1603856 0.1765387 0.2525296 0.2786515 0.1712829 0.2132902 0.1567860 0.0000000 0.1567887 0.1314533 0.1594999 0.1795248 0.1591065 
yHAB159_Kazachstania_solicola       0.1941411 0.2549916 0.1757653 0.1898532 0.1851753 0.1343612 0.0642189 0.1647653 0.1331625 0.1043817 0.2246793 0.3221111 0.1662755 0.2176031 0.1743712 0.1567887 0.0000000 0.1450888 0.0227353 0.1522635 0.1817135 
yHAB160_Kazachstania_kunashirensis  0.1693862 0.2717336 0.1800553 0.1725098 0.1787977 0.1567456 0.1698829 0.1162902 0.1419161 0.1751545 0.2645574 0.3157983 0.1499372 0.2313111 0.1653421 0.1314533 0.1450888 0.0000000 0.1492232 0.1836819 0.1426086 
yHAB164_Kazachstania_aerobia        0.1892553 0.2519663 0.1726262 0.1740536 0.1801112 0.1319487 0.0631930 0.1652204 0.1293509 0.0961092 0.2301608 0.3282385 0.1692007 0.2098456 0.1840573 0.1594999 0.0227353 0.1492232 0.0000000 0.1425787 0.1753045 
yHAB166_Kazachstania_yakushimaensis 0.2110952 0.2915032 0.2051155 0.1722455 0.2012166 0.1392189 0.1357970 0.1939488 0.1772640 0.1419104 0.2698607 0.3431417 0.2085148 0.1126927 0.2146579 0.1795248 0.1522635 0.1836819 0.1425787 0.0000000 0.1632236 
yHMPu5000035629_Yueomyces_sinensis  0.1781947 0.2428469 0.1792817 0.1703411 0.1501592 0.1414983 0.1681021 0.1413089 0.1636286 0.1727116 0.2846067 0.3325497 0.2011077 0.2175799 0.2028909 0.1591065 0.1817135 0.1426086 0.1753045 0.1632236 0.0000000 
