21
Kazachstania_africana               0.0000000 1.2362169 1.2547265 1.2402546 1.5209105 1.1963902 1.2066109 1.1027347 1.1534430 1.2988024 1.2806230 1.1467553 1.1404809 1.5905684 1.1264765 1.2615638 1.1850705 1.1749225 1.2085517 1.4395263 1.5079976 
Kazachstania_naganishii             1.2362169 0.0000000 1.0995587 1.1108850 1.5208458 0.9716158 0.9971837 1.0680269 0.8703141 1.1002719 1.0222752 0.9336965 0.8929213 1.2755584 0.9501948 1.0439575 0.9780120 1.0058940 1.0230525 1.3422030 1.6523398 
Naumovozyma_castellii               1.2547265 1.0995587 0.0000000 0.7822303 1.2031818 1.1404382 1.0155647 1.0049502 1.0000406 1.1097913 1.2375724 1.0869755 1.0032311 1.4108477 0.9292792 1.1267158 1.0358367 0.9833004 1.0467767 1.4163113 1.1822853 
Naumovozyma_dairenensis             1.2402546 1.1108850 0.7822303 0.0000000 1.2029240 1.0124446 1.0687166 1.0674290 1.1423937 1.1179142 1.2902267 1.1236059 1.1075867 1.3278324 1.0519375 1.1640714 1.1598255 1.0837351 1.1177273 1.4264086 1.2677901 
Tetrapisispora_blattae              1.5209105 1.5208458 1.2031818 1.2029240 0.0000000 1.4662621 1.3669232 1.3383399 1.4084285 1.5020083 1.6714654 1.5412240 1.4624683 1.7750446 1.2982327 1.4759317 1.4139486 1.4090248 1.4354993 1.7057485 0.9137931 
yHAB132_Kazachstania_martiniae      1.1963902 0.9716158 1.1404382 1.0124446 1.4662621 0.0000000 0.9903302 0.8920886 0.8549200 1.0338784 1.0374214 1.0721767 0.7996782 1.3369381 0.7244079 1.0082369 0.9611628 0.8427019 1.0105971 1.2991400 1.3755004 
yHAB133_Kazachstania_unispora       1.2066109 0.9971837 1.0155647 1.0687166 1.3669232 0.9903302 0.0000000 0.8252491 0.8338020 0.5747688 0.9187518 0.9421454 0.8287169 1.1838092 0.7939899 1.0377562 0.3261885 0.8610390 0.2895937 1.1039135 1.4467144 
yHAB134_Kazachstania_turicensis     1.1027347 1.0680269 1.0049502 1.0674290 1.3383399 0.8920886 0.8252491 0.0000000 0.8385745 0.9121276 1.0642575 1.0140021 0.7281155 1.2967338 0.5477508 1.0125579 0.8154813 0.5778764 0.7891787 1.3104870 1.2610280 
yHAB136_Kazachstania_bromeliacearum 1.1534430 0.8703141 1.0000406 1.1423937 1.4084285 0.8549200 0.8338020 0.8385745 0.0000000 0.8834065 1.0541907 0.8868843 0.8452805 1.1894774 0.7360754 0.9839995 0.8086406 0.8091199 0.8349268 1.1784970 1.3331930 
yHAB143_Kazachstania_siamensis      1.2988024 1.1002719 1.1097913 1.1179142 1.5020083 1.0338784 0.5747688 0.9121276 0.8834065 0.0000000 1.0469387 1.0777297 0.9739549 1.1091666 0.9069447 1.1282833 0.5837414 0.9220491 0.5895229 1.1231498 1.4729197 
yHAB147_Kazachstania_taianensis     1.2806230 1.0222752 1.2375724 1.2902267 1.6714654 1.0374214 0.9187518 1.0642575 1.0541907 1.0469387 0.0000000 1.1279814 1.0015779 1.2388327 1.0688780 1.2195911 0.9548798 1.1381039 0.9556668 1.2207358 1.7060673 
yHAB148_Kazachstania_intestinalis   1.1467553 0.9336965 1.0869755 1.1236059 1.5412240 1.0721767 0.9421454 1.0140021 0.8868843 1.0777297 1.1279814 0.0000000 0.8987122 1.2779496 0.9246206 1.0534187 1.0089287 1.0177363 0.9742604 1.3095557 1.5925614 
yHAB153_Kazachstania_rosinii        1.1404809 0.8929213 1.0032311 1.1075867 1.4624683 0.7996782 0.8287169 0.7281155 0.8452805 0.9739549 1.0015779 0.8987122 0.0000000 1.3957567 0.5706782 0.9696364 0.8235985 0.6193600 0.8298304 1.2359920 1.3746181 
yHAB154_Kazachstania_transvaalensis 1.5905684 1.2755584 1.4108477 1.3278324 1.7750446 1.3369381 1.1838092 1.2967338 1.1894774 1.1091666 1.2388327 1.2779496 1.3957567 0.0000000 1.3547454 1.3813068 1.1803184 1.3282080 1.1576643 0.5794106 1.6694973 
yHAB155_Kazachstania_spencerorum    1.1264765 0.9501948 0.9292792 1.0519375 1.2982327 0.7244079 0.7939899 0.5477508 0.7360754 0.9069447 1.0688780 0.9246206 0.5706782 1.3547454 0.0000000 0.9060027 0.8317887 0.5479559 0.8528607 1.2943504 1.1158265 
yHAB158_Kazachstania_viticola       1.2615638 1.0439575 1.1267158 1.1640714 1.4759317 1.0082369 1.0377562 1.0125579 0.9839995 1.1282833 1.2195911 1.0534187 0.9696364 1.3813068 0.9060027 0.0000000 0.9806792 0.9852913 1.0074686 1.3687743 1.4686001 
yHAB159_Kazachstania_solicola       1.1850705 0.9780120 1.0358367 1.1598255 1.4139486 0.9611628 0.3261885 0.8154813 0.8086406 0.5837414 0.9548798 1.0089287 0.8235985 1.1803184 0.8317887 0.9806792 0.0000000 0.8848172 0.1088142 1.1047110 1.3987335 
yHAB160_Kazachstania_kunashirensis  1.1749225 1.0058940 0.9833004 1.0837351 1.4090248 0.8427019 0.8610390 0.5778764 0.8091199 0.9220491 1.1381039 1.0177363 0.6193600 1.3282080 0.5479559 0.9852913 0.8848172 0.0000000 0.9030693 1.3194775 1.2225060 
yHAB164_Kazachstania_aerobia        1.2085517 1.0230525 1.0467767 1.1177273 1.4354993 1.0105971 0.2895937 0.7891787 0.8349268 0.5895229 0.9556668 0.9742604 0.8298304 1.1576643 0.8528607 1.0074686 0.1088142 0.9030693 0.0000000 1.0948287 1.4249490 
yHAB166_Kazachstania_yakushimaensis 1.4395263 1.3422030 1.4163113 1.4264086 1.7057485 1.2991400 1.1039135 1.3104870 1.1784970 1.1231498 1.2207358 1.3095557 1.2359920 0.5794106 1.2943504 1.3687743 1.1047110 1.3194775 1.0948287 0.0000000 1.5091136 
yHMPu5000035629_Yueomyces_sinensis  1.5079976 1.6523398 1.1822853 1.2677901 0.9137931 1.3755004 1.4467144 1.2610280 1.3331930 1.4729197 1.7060673 1.5925614 1.3746181 1.6694973 1.1158265 1.4686001 1.3987335 1.2225060 1.4249490 1.5091136 0.0000000 
