21
Kazachstania_africana               0.0000000 1.5847950 1.3690221 1.3195205 2.3318370 1.3699656 1.9119156 1.5434570 1.1645193 1.9389855 1.2590635 1.6801732 1.4824717 1.3919370 1.1301907 1.3304895 1.7210389 1.3131550 1.8681761 1.3826867 2.1329059 
Kazachstania_naganishii             1.5847950 0.0000000 1.9314361 1.9711210 3.2820810 1.8652012 2.3610098 1.7938639 1.4689420 2.2820936 1.5043734 1.9767796 1.4867050 1.7197200 1.7950649 2.0672185 2.2498330 1.5875220 2.2529932 1.5973757 2.7714970 
Naumovozyma_castellii               1.3690221 1.9314361 0.0000000 1.0879864 2.6501688 1.5080358 1.9315110 1.5772508 1.3275630 1.9354504 1.2199285 1.8320969 1.7187148 1.6593238 1.4946072 1.5284222 1.9136343 1.4608984 1.9286432 1.5894336 2.0215432 
Naumovozyma_dairenensis             1.3195205 1.9711210 1.0879864 0.0000000 2.7093974 1.6513759 2.0107807 1.6530748 1.4461716 2.0244053 1.1623700 1.8720483 1.8900983 1.7924058 1.6125913 1.6217748 1.8628653 1.5457261 1.9081333 1.6500442 2.2431581 
Tetrapisispora_blattae              2.3318370 3.2820810 2.6501688 2.7093974 0.0000000 2.7694391 2.8323772 2.7519524 2.6384416 3.1323153 2.3792479 2.8076518 3.5098662 2.5055486 2.6221890 2.5601621 2.8149227 2.6164887 2.8669403 2.4437174 2.2340361 
yHAB132_Kazachstania_martiniae      1.3699656 1.8652012 1.5080358 1.6513759 2.7694391 0.0000000 2.0635334 1.5845941 1.3666650 1.9848570 1.3740642 1.9145808 1.8533263 1.7453260 1.4318947 1.7457637 1.8863506 1.5956405 1.8306660 1.6249830 2.4405651 
yHAB133_Kazachstania_unispora       1.9119156 2.3610098 1.9315110 2.0107807 2.8323772 2.0635334 0.0000000 2.0665217 1.4691109 0.5493117 1.5825837 1.9598934 2.2118662 1.5887211 2.1029203 1.7233393 0.3759910 1.9772777 0.3776714 1.4964551 2.2381215 
yHAB134_Kazachstania_turicensis     1.5434570 1.7938639 1.5772508 1.6530748 2.7519524 1.5845941 2.0665217 0.0000000 1.3254543 2.0712352 1.3416007 1.8747814 1.5653781 1.5885141 1.4664215 1.6882545 1.8973085 1.0394019 1.9082193 1.5389115 2.0936073 
yHAB136_Kazachstania_bromeliacearum 1.1645193 1.4689420 1.3275630 1.4461716 2.6384416 1.3666650 1.4691109 1.3254543 0.0000000 1.5011561 0.8908343 1.6671970 1.6390159 1.1221048 1.4879287 1.4765747 1.5199755 1.1620247 1.5108866 1.1181082 1.8804849 
yHAB143_Kazachstania_siamensis      1.9389855 2.2820936 1.9354504 2.0244053 3.1323153 1.9848570 0.5493117 2.0712352 1.5011561 0.0000000 1.5955406 2.1220214 2.1884391 1.7059657 2.0509669 1.6788600 0.5820928 1.9428978 0.6115936 1.6635523 2.3505139 
yHAB147_Kazachstania_taianensis     1.2590635 1.5043734 1.2199285 1.1623700 2.3792479 1.3740642 1.5825837 1.3416007 0.8908343 1.5955406 0.0000000 1.6168309 1.3845221 1.0891587 1.3468169 1.3643169 1.4318282 1.2230214 1.4130296 1.0364077 1.9602389 
yHAB148_Kazachstania_intestinalis   1.6801732 1.9767796 1.8320969 1.8720483 2.8076518 1.9145808 1.9598934 1.8747814 1.6671970 2.1220214 1.6168309 0.0000000 1.8489115 1.8077829 1.8665267 1.8083134 1.8774766 1.9375534 1.8412497 1.8493693 2.6176461 
yHAB153_Kazachstania_rosinii        1.4824717 1.4867050 1.7187148 1.8900983 3.5098662 1.8533263 2.2118662 1.5653781 1.6390159 2.1884391 1.3845221 1.8489115 0.0000000 1.7513821 1.6365164 1.8629613 2.2086569 1.5986615 2.2336188 1.7803866 2.8269924 
yHAB154_Kazachstania_transvaalensis 1.3919370 1.7197200 1.6593238 1.7924058 2.5055486 1.7453260 1.5887211 1.5885141 1.1221048 1.7059657 1.0891587 1.8077829 1.7513821 0.0000000 1.5366960 1.3831934 1.6061572 1.4333241 1.7143647 0.6010740 2.0678024 
yHAB155_Kazachstania_spencerorum    1.1301907 1.7950649 1.4946072 1.6125913 2.6221890 1.4318947 2.1029203 1.4664215 1.4879287 2.0509669 1.3468169 1.8665267 1.6365164 1.5366960 0.0000000 1.6180551 2.0744629 1.5444998 2.0947238 1.6178792 2.4129298 
yHAB158_Kazachstania_viticola       1.3304895 2.0672185 1.5284222 1.6217748 2.5601621 1.7457637 1.7233393 1.6882545 1.4765747 1.6788600 1.3643169 1.8083134 1.8629613 1.3831934 1.6180551 0.0000000 1.7212772 1.7355390 1.8173671 1.4600087 2.0411371 
yHAB159_Kazachstania_solicola       1.7210389 2.2498330 1.9136343 1.8628653 2.8149227 1.8863506 0.3759910 1.8973085 1.5199755 0.5820928 1.4318282 1.8774766 2.2086569 1.6061572 2.0744629 1.7212772 0.0000000 1.9429499 0.1339672 1.5103944 2.3691899 
yHAB160_Kazachstania_kunashirensis  1.3131550 1.5875220 1.4608984 1.5457261 2.6164887 1.5956405 1.9772777 1.0394019 1.1620247 1.9428978 1.2230214 1.9375534 1.5986615 1.4333241 1.5444998 1.7355390 1.9429499 0.0000000 1.9507245 1.4752645 2.1178603 
yHAB164_Kazachstania_aerobia        1.8681761 2.2529932 1.9286432 1.9081333 2.8669403 1.8306660 0.3776714 1.9082193 1.5108866 0.6115936 1.4130296 1.8412497 2.2336188 1.7143647 2.0947238 1.8173671 0.1339672 1.9507245 0.0000000 1.5903005 2.4203983 
yHAB166_Kazachstania_yakushimaensis 1.3826867 1.5973757 1.5894336 1.6500442 2.4437174 1.6249830 1.4964551 1.5389115 1.1181082 1.6635523 1.0364077 1.8493693 1.7803866 0.6010740 1.6178792 1.4600087 1.5103944 1.4752645 1.5903005 0.0000000 1.9134118 
yHMPu5000035629_Yueomyces_sinensis  2.1329059 2.7714970 2.0215432 2.2431581 2.2340361 2.4405651 2.2381215 2.0936073 1.8804849 2.3505139 1.9602389 2.6176461 2.8269924 2.0678024 2.4129298 2.0411371 2.3691899 2.1178603 2.4203983 1.9134118 0.0000000 
