21
Kazachstania_africana               0.0000000 0.4023042 0.3696911 0.3760216 0.4724261 0.3420676 0.4171460 0.3409194 0.3602081 0.3650353 0.4671631 0.5716515 0.4220580 0.4224373 0.4355933 0.3136006 0.6036324 0.3588599 0.6073159 0.3418232 0.4673715 
Kazachstania_naganishii             0.4023042 0.0000000 0.4512796 0.5029528 0.6097339 0.4744571 0.5180005 0.4707242 0.4063970 0.5120349 0.3676218 0.5888872 0.5091102 0.5345466 0.6842609 0.5406332 0.6675775 0.5452219 0.7502645 0.4710768 0.6634879 
Naumovozyma_castellii               0.3696911 0.4512796 0.0000000 0.2628712 0.3833039 0.3535958 0.4079102 0.3350941 0.2982519 0.3498695 0.4838317 0.5534112 0.5312084 0.4136181 0.5033437 0.3578931 0.6352934 0.3876764 0.6489475 0.3365369 0.4473090 
Naumovozyma_dairenensis             0.3760216 0.5029528 0.2628712 0.0000000 0.4162019 0.3751311 0.4183126 0.3566248 0.3583368 0.4000439 0.5491907 0.5245067 0.6165789 0.4675380 0.4528256 0.3787027 0.6381548 0.3775810 0.6425970 0.3621224 0.4121999 
Tetrapisispora_blattae              0.4724261 0.6097339 0.3833039 0.4162019 0.0000000 0.4123398 0.5548913 0.4223408 0.4172689 0.4835633 0.6250942 0.6144760 0.6209478 0.5426237 0.5241826 0.4571970 0.7391907 0.4710722 0.7445509 0.4594869 0.2723809 
yHAB132_Kazachstania_martiniae      0.3420676 0.4744571 0.3535958 0.3751311 0.4123398 0.0000000 0.4377789 0.2952329 0.3202629 0.3347036 0.5164695 0.5890611 0.4748593 0.4462690 0.3980045 0.2989171 0.6269263 0.3176341 0.6204962 0.3394641 0.5111492 
yHAB133_Kazachstania_unispora       0.4171460 0.5180005 0.4079102 0.4183126 0.5548913 0.4377789 0.0000000 0.3690053 0.3558693 0.1895986 0.5304204 0.5681588 0.5852633 0.4174834 0.5003300 0.4376635 0.2785051 0.3841011 0.3012584 0.3648501 0.5064176 
yHAB134_Kazachstania_turicensis     0.3409194 0.4707242 0.3350941 0.3566248 0.4223408 0.2952329 0.3690053 0.0000000 0.3607030 0.2864336 0.4689081 0.4735027 0.4348924 0.3835457 0.4044283 0.3235071 0.5785249 0.2011130 0.6225162 0.3404507 0.4454755 
yHAB136_Kazachstania_bromeliacearum 0.3602081 0.4063970 0.2982519 0.3583368 0.4172689 0.3202629 0.3558693 0.3607030 0.0000000 0.2874994 0.4387858 0.5417652 0.5303774 0.3272049 0.5198598 0.4038497 0.6080208 0.3769554 0.6180460 0.2496988 0.4556782 
yHAB143_Kazachstania_siamensis      0.3650353 0.5120349 0.3498695 0.4000439 0.4835633 0.3347036 0.1895986 0.2864336 0.2874994 0.0000000 0.4457670 0.5913086 0.5145430 0.3892715 0.5006242 0.3758858 0.3935476 0.3532298 0.4115368 0.3193209 0.4598314 
yHAB147_Kazachstania_taianensis     0.4671631 0.3676218 0.4838317 0.5491907 0.6250942 0.5164695 0.5304204 0.4689081 0.4387858 0.4457670 0.0000000 0.6019682 0.4961791 0.6110678 0.6854894 0.5464626 0.7588297 0.5311855 0.7916378 0.5250068 0.7120317 
yHAB148_Kazachstania_intestinalis   0.5716515 0.5888872 0.5534112 0.5245067 0.6144760 0.5890611 0.5681588 0.4735027 0.5417652 0.5913086 0.6019682 0.0000000 0.6325579 0.5803859 0.6268807 0.5668621 0.6988303 0.5137399 0.6907395 0.5444200 0.6794310 
yHAB153_Kazachstania_rosinii        0.4220580 0.5091102 0.5312084 0.6165789 0.6209478 0.4748593 0.5852633 0.4348924 0.5303774 0.5145430 0.4961791 0.6325579 0.0000000 0.6112168 0.5682791 0.4902420 0.7375929 0.4679098 0.6978001 0.6217381 0.6503499 
yHAB154_Kazachstania_transvaalensis 0.4224373 0.5345466 0.4136181 0.4675380 0.5426237 0.4462690 0.4174834 0.3835457 0.3272049 0.3892715 0.6110678 0.5803859 0.6112168 0.0000000 0.5251276 0.4336563 0.6190366 0.4202859 0.6425822 0.1774601 0.5380051 
yHAB155_Kazachstania_spencerorum    0.4355933 0.6842609 0.5033437 0.4528256 0.5241826 0.3980045 0.5003300 0.4044283 0.5198598 0.5006242 0.6854894 0.6268807 0.5682791 0.5251276 0.0000000 0.3723219 0.6384032 0.3471790 0.5938353 0.5190942 0.4934550 
yHAB158_Kazachstania_viticola       0.3136006 0.5406332 0.3578931 0.3787027 0.4571970 0.2989171 0.4376635 0.3235071 0.4038497 0.3758858 0.5464626 0.5668621 0.4902420 0.4336563 0.3723219 0.0000000 0.5664607 0.2985317 0.5755097 0.3742853 0.4650467 
yHAB159_Kazachstania_solicola       0.6036324 0.6675775 0.6352934 0.6381548 0.7391907 0.6269263 0.2785051 0.5785249 0.6080208 0.3935476 0.7588297 0.6988303 0.7375929 0.6190366 0.6384032 0.5664607 0.0000000 0.5102030 0.1261565 0.5833217 0.6816727 
yHAB160_Kazachstania_kunashirensis  0.3588599 0.5452219 0.3876764 0.3775810 0.4710722 0.3176341 0.3841011 0.2011130 0.3769554 0.3532298 0.5311855 0.5137399 0.4679098 0.4202859 0.3471790 0.2985317 0.5102030 0.0000000 0.5503601 0.3522890 0.4056971 
yHAB164_Kazachstania_aerobia        0.6073159 0.7502645 0.6489475 0.6425970 0.7445509 0.6204962 0.3012584 0.6225162 0.6180460 0.4115368 0.7916378 0.6907395 0.6978001 0.6425822 0.5938353 0.5755097 0.1261565 0.5503601 0.0000000 0.6018101 0.6607324 
yHAB166_Kazachstania_yakushimaensis 0.3418232 0.4710768 0.3365369 0.3621224 0.4594869 0.3394641 0.3648501 0.3404507 0.2496988 0.3193209 0.5250068 0.5444200 0.6217381 0.1774601 0.5190942 0.3742853 0.5833217 0.3522890 0.6018101 0.0000000 0.4789703 
yHMPu5000035629_Yueomyces_sinensis  0.4673715 0.6634879 0.4473090 0.4121999 0.2723809 0.5111492 0.5064176 0.4454755 0.4556782 0.4598314 0.7120317 0.6794310 0.6503499 0.5380051 0.4934550 0.4650467 0.6816727 0.4056971 0.6607324 0.4789703 0.0000000 
