21
Kazachstania_africana               0.0000000 1.0400124 0.6844841 0.7831182 0.7986873 0.6746910 0.8263193 0.4954620 0.7513246 0.7692526 1.1532934 1.1237145 0.9542513 0.8479682 0.7094035 0.7160132 0.8169196 0.6333965 0.8487152 0.8152211 0.7289115 
Kazachstania_naganishii             1.0400124 0.0000000 1.1175774 1.2172182 1.3660719 1.0188233 1.0952756 1.0698871 0.8231195 1.1753659 0.5372225 0.8921379 0.7820346 1.1209403 1.0347276 0.9221337 0.9660133 1.1152864 1.1288469 1.1702622 1.2770096 
Naumovozyma_castellii               0.6844841 1.1175774 0.0000000 0.5337258 0.7005112 0.7871189 0.8032494 0.5723112 0.7281719 0.7193498 1.2446729 1.1828499 0.8542064 0.8760781 0.6858881 0.6052733 0.7668049 0.7484958 0.7427693 0.8141274 0.8030261 
Naumovozyma_dairenensis             0.7831182 1.2172182 0.5337258 0.0000000 0.7460932 0.8615425 0.7518986 0.5335567 0.7925464 0.7161228 1.3784055 1.2471479 1.1821191 0.7029164 0.7111559 0.8552017 0.8536751 0.6567668 0.7933097 0.7578282 0.9033278 
Tetrapisispora_blattae              0.7986873 1.3660719 0.7005112 0.7460932 0.0000000 0.8465098 0.7627207 0.6707546 0.8166346 0.6729485 1.6285139 1.4526009 1.1615526 0.9542556 0.9031925 0.9178946 0.8421858 0.8065671 0.7396986 0.8209622 0.6773721 
yHAB132_Kazachstania_martiniae      0.6746910 1.0188233 0.7871189 0.8615425 0.8465098 0.0000000 0.5925157 0.5407789 0.6003946 0.5328918 0.9602507 1.1775537 0.9082180 0.7619658 0.6117754 0.6654880 0.6058608 0.5095807 0.6531372 0.6136460 0.6867174 
yHAB133_Kazachstania_unispora       0.8263193 1.0952756 0.8032494 0.7518986 0.7627207 0.5925157 0.0000000 0.5280315 0.5056857 0.2597990 1.2127373 1.4460322 1.0419391 0.6817270 0.6035470 0.6784143 0.2647161 0.5697891 0.2392149 0.6171539 0.7664512 
yHAB134_Kazachstania_turicensis     0.4954620 1.0698871 0.5723112 0.5335567 0.6707546 0.5407789 0.5280315 0.0000000 0.6209865 0.5225310 1.1996853 1.2587266 0.8474058 0.6342964 0.5040600 0.5197988 0.6173717 0.3637834 0.6131206 0.6475539 0.6697947 
yHAB136_Kazachstania_bromeliacearum 0.7513246 0.8231195 0.7281719 0.7925464 0.8166346 0.6003946 0.5056857 0.6209865 0.0000000 0.5009898 0.9645639 1.2376846 0.9077664 0.6818717 0.6732718 0.6089799 0.5780828 0.6481436 0.5711768 0.6742301 0.8600992 
yHAB143_Kazachstania_siamensis      0.7692526 1.1753659 0.7193498 0.7161228 0.6729485 0.5328918 0.2597990 0.5225310 0.5009898 0.0000000 1.1120454 1.4370182 1.1267405 0.6219947 0.6193227 0.6900890 0.3040313 0.5377847 0.2878263 0.5272619 0.7590873 
yHAB147_Kazachstania_taianensis     1.1532934 0.5372225 1.2446729 1.3784055 1.6285139 0.9602507 1.2127373 1.1996853 0.9645639 1.1120454 0.0000000 0.6911555 0.6758620 1.1900711 1.2495315 1.1777340 0.8490606 1.2690263 1.0813267 1.3633164 1.4658820 
yHAB148_Kazachstania_intestinalis   1.1237145 0.8921379 1.1828499 1.2471479 1.4526009 1.1775537 1.4460322 1.2587266 1.2376846 1.4370182 0.6911555 0.0000000 0.9408183 1.4061701 1.3167396 1.1671642 1.2151749 1.4188272 1.3424036 1.5241208 1.3467916 
yHAB153_Kazachstania_rosinii        0.9542513 0.7820346 0.8542064 1.1821191 1.1615526 0.9082180 1.0419391 0.8474058 0.9077664 1.1267405 0.6758620 0.9408183 0.0000000 1.3218745 0.8066948 0.5827191 0.9071658 0.9490304 1.0993407 1.1874694 1.2542783 
yHAB154_Kazachstania_transvaalensis 0.8479682 1.1209403 0.8760781 0.7029164 0.9542556 0.7619658 0.6817270 0.6342964 0.6818717 0.6219947 1.1900711 1.4061701 1.3218745 0.0000000 0.8062308 0.8563973 0.6534231 0.7401772 0.5811524 0.3208096 0.9218171 
yHAB155_Kazachstania_spencerorum    0.7094035 1.0347276 0.6858881 0.7111559 0.9031925 0.6117754 0.6035470 0.5040600 0.6732718 0.6193227 1.2495315 1.3167396 0.8066948 0.8062308 0.0000000 0.5351224 0.7251993 0.5409840 0.6682467 0.7825905 0.8585408 
yHAB158_Kazachstania_viticola       0.7160132 0.9221337 0.6052733 0.8552017 0.9178946 0.6654880 0.6784143 0.5197988 0.6089799 0.6900890 1.1777340 1.1671642 0.5827191 0.8563973 0.5351224 0.0000000 0.7748164 0.5372492 0.7163143 0.8843835 0.8154758 
yHAB159_Kazachstania_solicola       0.8169196 0.9660133 0.7668049 0.8536751 0.8421858 0.6058608 0.2647161 0.6173717 0.5780828 0.3040313 0.8490606 1.2151749 0.9071658 0.6534231 0.7251993 0.7748164 0.0000000 0.6560574 0.1269285 0.6645233 0.8615226 
yHAB160_Kazachstania_kunashirensis  0.6333965 1.1152864 0.7484958 0.6567668 0.8065671 0.5095807 0.5697891 0.3637834 0.6481436 0.5377847 1.2690263 1.4188272 0.9490304 0.7401772 0.5409840 0.5372492 0.6560574 0.0000000 0.6739678 0.6996186 0.7202730 
yHAB164_Kazachstania_aerobia        0.8487152 1.1288469 0.7427693 0.7933097 0.7396986 0.6531372 0.2392149 0.6131206 0.5711768 0.2878263 1.0813267 1.3424036 1.0993407 0.5811524 0.6682467 0.7163143 0.1269285 0.6739678 0.0000000 0.5796626 0.8407483 
yHAB166_Kazachstania_yakushimaensis 0.8152211 1.1702622 0.8141274 0.7578282 0.8209622 0.6136460 0.6171539 0.6475539 0.6742301 0.5272619 1.3633164 1.5241208 1.1874694 0.3208096 0.7825905 0.8843835 0.6645233 0.6996186 0.5796626 0.0000000 0.7939418 
yHMPu5000035629_Yueomyces_sinensis  0.7289115 1.2770096 0.8030261 0.9033278 0.6773721 0.6867174 0.7664512 0.6697947 0.8600992 0.7590873 1.4658820 1.3467916 1.2542783 0.9218171 0.8585408 0.8154758 0.8615226 0.7202730 0.8407483 0.7939418 0.0000000 
