21
Kazachstania_africana               0.0000000 1.8332210 1.6846670 1.9528319 2.0377907 1.3971495 1.5039349 1.8581856 1.4031564 1.5898075 1.5624159 1.8927322 1.4096882 1.6745575 1.6228926 1.5372967 1.4597247 1.6387878 1.4838340 1.6580593 2.2358587 
Kazachstania_naganishii             1.8332210 0.0000000 1.9129707 2.3610856 2.4136003 1.6189415 1.4067108 1.9984405 1.2855520 1.4525814 1.3311474 2.0714527 1.7430666 1.6462264 1.8726001 1.6165070 1.4064489 1.7991558 1.4260645 1.6329873 2.7044707 
Naumovozyma_castellii               1.6846670 1.9129707 0.0000000 1.5299186 2.0104877 1.6339761 1.6233410 1.8456247 1.4434739 1.6233384 1.5982268 2.0245149 1.6322633 1.8083696 1.8615286 1.6166649 1.5879313 1.7176467 1.5961178 1.8030889 2.2369611 
Naumovozyma_dairenensis             1.9528319 2.3610856 1.5299186 0.0000000 2.1838052 1.8119658 2.0135982 2.1023832 1.7143812 2.0023169 1.9961744 2.2567284 2.0007214 2.0592042 2.0088686 1.8342801 2.0110131 1.9896017 2.0542432 1.9424004 2.3599139 
Tetrapisispora_blattae              2.0377907 2.4136003 2.0104877 2.1838052 0.0000000 1.8424026 1.7607500 2.0086899 1.6601234 1.7684414 1.9362822 2.2218001 1.9691703 2.0175197 1.9855411 1.9316906 1.7679242 2.0218652 1.7289068 1.9333016 1.6772251 
yHAB132_Kazachstania_martiniae      1.3971495 1.6189415 1.6339761 1.8119658 1.8424026 0.0000000 1.4354989 1.6335478 1.2787143 1.4624154 1.4855545 1.7902337 1.5414565 1.5037755 1.6364600 1.4132946 1.4643036 1.5055269 1.4228748 1.5581724 1.9698572 
yHAB133_Kazachstania_unispora       1.5039349 1.4067108 1.6233410 2.0135982 1.7607500 1.4354989 0.0000000 1.7676369 1.0247989 0.6114030 1.0977002 1.7309585 1.5356770 1.2534581 1.6021383 1.3277466 0.3840203 1.6341679 0.3775851 1.1434156 2.0275515 
yHAB134_Kazachstania_turicensis     1.8581856 1.9984405 1.8456247 2.1023832 2.0086899 1.6335478 1.7676369 0.0000000 1.6584261 1.8089763 1.7457261 2.0227910 1.3703869 1.8206760 1.5325480 1.6235505 1.7667260 1.2166653 1.7668889 1.7676435 2.2722726 
yHAB136_Kazachstania_bromeliacearum 1.4031564 1.2855520 1.4434739 1.7143812 1.6601234 1.2787143 1.0247989 1.6584261 0.0000000 1.1010897 0.9824072 1.5777917 1.2519205 1.1856699 1.3043535 1.3283118 1.0253635 1.4264956 0.9963076 1.0566904 1.9171159 
yHAB143_Kazachstania_siamensis      1.5898075 1.4525814 1.6233384 2.0023169 1.7684414 1.4624154 0.6114030 1.8089763 1.1010897 0.0000000 1.2032022 1.8584359 1.6056058 1.2352586 1.6467692 1.4318832 0.6365404 1.6702890 0.5918159 1.2010045 2.1029258 
yHAB147_Kazachstania_taianensis     1.5624159 1.3311474 1.5982268 1.9961744 1.9362822 1.4855545 1.0977002 1.7457261 0.9824072 1.2032022 0.0000000 1.7905254 1.4848074 1.2699946 1.5105953 1.5322380 1.1127792 1.6116323 1.1495814 1.2998099 2.2701569 
yHAB148_Kazachstania_intestinalis   1.8927322 2.0714527 2.0245149 2.2567284 2.2218001 1.7902337 1.7309585 2.0227910 1.5777917 1.8584359 1.7905254 0.0000000 1.8310277 1.9273697 1.9920137 1.8606197 1.7326378 2.0520597 1.8068847 1.8785006 2.3771951 
yHAB153_Kazachstania_rosinii        1.4096882 1.7430666 1.6322633 2.0007214 1.9691703 1.5414565 1.5356770 1.3703869 1.2519205 1.6056058 1.4848074 1.8310277 0.0000000 1.7670296 1.0443359 1.4136359 1.4820347 1.2750719 1.4684410 1.6570931 2.2249032 
yHAB154_Kazachstania_transvaalensis 1.6745575 1.6462264 1.8083696 2.0592042 2.0175197 1.5037755 1.2534581 1.8206760 1.1856699 1.2352586 1.2699946 1.9273697 1.7670296 0.0000000 1.7999752 1.7448999 1.2765251 1.7596081 1.2629304 0.5140618 2.1175963 
yHAB155_Kazachstania_spencerorum    1.6228926 1.8726001 1.8615286 2.0088686 1.9855411 1.6364600 1.6021383 1.5325480 1.3043535 1.6467692 1.5105953 1.9920137 1.0443359 1.7999752 0.0000000 1.5110254 1.6199207 1.3302837 1.6332147 1.6878880 2.4291871 
yHAB158_Kazachstania_viticola       1.5372967 1.6165070 1.6166649 1.8342801 1.9316906 1.4132946 1.3277466 1.6235505 1.3283118 1.4318832 1.5322380 1.8606197 1.4136359 1.7448999 1.5110254 0.0000000 1.3893961 1.4419115 1.3761781 1.6052016 2.0818912 
yHAB159_Kazachstania_solicola       1.4597247 1.4064489 1.5879313 2.0110131 1.7679242 1.4643036 0.3840203 1.7667260 1.0253635 0.6365404 1.1127792 1.7326378 1.4820347 1.2765251 1.6199207 1.3893961 0.0000000 1.5986533 0.1205615 1.1780831 2.0522697 
yHAB160_Kazachstania_kunashirensis  1.6387878 1.7991558 1.7176467 1.9896017 2.0218652 1.5055269 1.6341679 1.2166653 1.4264956 1.6702890 1.6116323 2.0520597 1.2750719 1.7596081 1.3302837 1.4419115 1.5986533 0.0000000 1.5616001 1.6397081 2.1947441 
yHAB164_Kazachstania_aerobia        1.4838340 1.4260645 1.5961178 2.0542432 1.7289068 1.4228748 0.3775851 1.7668889 0.9963076 0.5918159 1.1495814 1.8068847 1.4684410 1.2629304 1.6332147 1.3761781 0.1205615 1.5616001 0.0000000 1.1720224 1.9502310 
yHAB166_Kazachstania_yakushimaensis 1.6580593 1.6329873 1.8030889 1.9424004 1.9333016 1.5581724 1.1434156 1.7676435 1.0566904 1.2010045 1.2998099 1.8785006 1.6570931 0.5140618 1.6878880 1.6052016 1.1780831 1.6397081 1.1720224 0.0000000 2.0611249 
yHMPu5000035629_Yueomyces_sinensis  2.2358587 2.7044707 2.2369611 2.3599139 1.6772251 1.9698572 2.0275515 2.2722726 1.9171159 2.1029258 2.2701569 2.3771951 2.2249032 2.1175963 2.4291871 2.0818912 2.0522697 2.1947441 1.9502310 2.0611249 0.0000000 
