21
Kazachstania_africana               0.0000000 2.4248710 2.4703811 2.4194150 3.0299403 2.1242594 2.3321855 2.1588424 2.2881809 2.3040469 2.3072504 2.5039832 2.2355316 2.9604500 2.2660004 1.9270295 2.4952759 2.1594204 2.4917247 2.5559025 3.1522083 
Kazachstania_naganishii             2.4248710 0.0000000 2.5005240 2.4924366 2.7817202 2.1797640 2.3487576 2.5357851 1.8711355 2.2450782 1.6078092 2.1985076 2.1339422 2.4169816 2.3742182 2.0369145 2.3244944 2.4804781 2.3283905 2.7739402 3.6317112 
Naumovozyma_castellii               2.4703811 2.5005240 0.0000000 1.5752311 2.9163116 2.3544716 2.2313462 2.5561257 2.2642289 2.3165409 2.6378440 2.6435099 2.5933838 2.6478203 2.2751178 2.2090993 2.5387925 2.5133130 2.5638395 2.8633245 3.0355754 
Naumovozyma_dairenensis             2.4194150 2.4924366 1.5752311 0.0000000 2.6306797 2.1153300 2.4452272 2.3335693 2.1500015 2.2319002 2.5458202 2.5326607 2.2687902 2.6813071 2.3800352 2.0420358 2.6217881 2.2030128 2.5216592 2.6420807 3.1280296 
Tetrapisispora_blattae              3.0299403 2.7817202 2.9163116 2.6306797 0.0000000 2.8600379 2.7092150 3.0772375 2.4709271 2.6320004 2.9179336 2.8649451 2.8269322 2.9951969 2.8499047 2.3873880 2.7766630 2.9672432 2.7630915 3.0941424 2.0849519 
yHAB132_Kazachstania_martiniae      2.1242594 2.1797640 2.3544716 2.1153300 2.8600379 0.0000000 2.2160357 2.0914628 1.9150548 2.2956838 2.0674176 2.0878311 2.2774678 2.6209015 2.0614629 1.9056169 2.2425015 2.0547343 2.2480115 2.6567956 3.5264643 
yHAB133_Kazachstania_unispora       2.3321855 2.3487576 2.2313462 2.4452272 2.7092150 2.2160357 0.0000000 2.2374616 1.7297737 0.7186081 1.7319575 2.4060215 2.5743365 2.4630259 2.2505241 2.2033553 0.5281435 2.1329784 0.5259096 2.0175890 3.0743747 
yHAB134_Kazachstania_turicensis     2.1588424 2.5357851 2.5561257 2.3335693 3.0772375 2.0914628 2.2374616 0.0000000 2.1128672 2.3381649 2.3620158 2.2357959 1.5561135 2.6860551 1.6539646 1.9511625 2.3279629 0.9610810 2.3946351 2.5611460 3.7782607 
yHAB136_Kazachstania_bromeliacearum 2.2881809 1.8711355 2.2642289 2.1500015 2.4709271 1.9150548 1.7297737 2.1128672 0.0000000 1.6650696 1.7036088 2.1255408 2.2017803 2.3536024 2.3512397 1.8092705 1.7949689 2.0995825 1.8407075 2.1121809 3.0940823 
yHAB143_Kazachstania_siamensis      2.3040469 2.2450782 2.3165409 2.2319002 2.6320004 2.2956838 0.7186081 2.3381649 1.6650696 0.0000000 1.8113757 2.2509853 2.5739702 2.1138237 2.1932010 2.2247273 0.7954658 2.2044487 0.8403164 1.9880957 3.2102212 
yHAB147_Kazachstania_taianensis     2.3072504 1.6078092 2.6378440 2.5458202 2.9179336 2.0674176 1.7319575 2.3620158 1.7036088 1.8113757 0.0000000 2.3107719 2.3358781 2.2800621 2.6421518 2.2907678 1.9126455 2.3796568 1.8699981 2.3561506 3.2865082 
yHAB148_Kazachstania_intestinalis   2.5039832 2.1985076 2.6435099 2.5326607 2.8649451 2.0878311 2.4060215 2.2357959 2.1255408 2.2509853 2.3107719 0.0000000 2.2790868 2.5366016 2.1116976 1.9320993 2.3781370 2.3309776 2.4715419 2.8574680 3.5194407 
yHAB153_Kazachstania_rosinii        2.2355316 2.1339422 2.5933838 2.2687902 2.8269322 2.2774678 2.5743365 1.5561135 2.2017803 2.5739702 2.3358781 2.2790868 0.0000000 2.8615854 1.6988363 1.9296672 2.7346795 1.5268537 2.7405285 2.6863845 3.5963878 
yHAB154_Kazachstania_transvaalensis 2.9604500 2.4169816 2.6478203 2.6813071 2.9951969 2.6209015 2.4630259 2.6860551 2.3536024 2.1138237 2.2800621 2.5366016 2.8615854 0.0000000 2.6732291 2.4878746 2.3337038 2.7426589 2.4756390 0.8527010 3.3022748 
yHAB155_Kazachstania_spencerorum    2.2660004 2.3742182 2.2751178 2.3800352 2.8499047 2.0614629 2.2505241 1.6539646 2.3512397 2.1932010 2.6421518 2.1116976 1.6988363 2.6732291 0.0000000 1.9389552 2.2648968 1.6096403 2.3435673 2.7828607 3.3060747 
yHAB158_Kazachstania_viticola       1.9270295 2.0369145 2.2090993 2.0420358 2.3873880 1.9056169 2.2033553 1.9511625 1.8092705 2.2247273 2.2907678 1.9320993 1.9296672 2.4878746 1.9389552 0.0000000 2.3634995 2.1056321 2.3546964 2.4278903 3.2106292 
yHAB159_Kazachstania_solicola       2.4952759 2.3244944 2.5387925 2.6217881 2.7766630 2.2425015 0.5281435 2.3279629 1.7949689 0.7954658 1.9126455 2.3781370 2.7346795 2.3337038 2.2648968 2.3634995 0.0000000 2.4747046 0.1379034 2.3001876 3.0630353 
yHAB160_Kazachstania_kunashirensis  2.1594204 2.4804781 2.5133130 2.2030128 2.9672432 2.0547343 2.1329784 0.9610810 2.0995825 2.2044487 2.3796568 2.3309776 1.5268537 2.7426589 1.6096403 2.1056321 2.4747046 0.0000000 2.4504797 2.6844386 3.5748861 
yHAB164_Kazachstania_aerobia        2.4917247 2.3283905 2.5638395 2.5216592 2.7630915 2.2480115 0.5259096 2.3946351 1.8407075 0.8403164 1.8699981 2.4715419 2.7405285 2.4756390 2.3435673 2.3546964 0.1379034 2.4504797 0.0000000 2.2280801 3.1041932 
yHAB166_Kazachstania_yakushimaensis 2.5559025 2.7739402 2.8633245 2.6420807 3.0941424 2.6567956 2.0175890 2.5611460 2.1121809 1.9880957 2.3561506 2.8574680 2.6863845 0.8527010 2.7828607 2.4278903 2.3001876 2.6844386 2.2280801 0.0000000 3.3167376 
yHMPu5000035629_Yueomyces_sinensis  3.1522083 3.6317112 3.0355754 3.1280296 2.0849519 3.5264643 3.0743747 3.7782607 3.0940823 3.2102212 3.2865082 3.5194407 3.5963878 3.3022748 3.3060747 3.2106292 3.0630353 3.5748861 3.1041932 3.3167376 0.0000000 
