21
Kazachstania_africana               0.0000000 1.9729310 1.5179805 1.5958137 1.5749221 1.4115425 1.4488383 1.6040038 1.5098199 1.4676060 1.4618304 1.8603735 1.4713489 1.7712093 1.3924455 1.4538954 1.5407072 1.5844987 1.4720894 1.5783741 1.5795391 
Kazachstania_naganishii             1.9729310 0.0000000 1.7953953 1.7081206 1.8972442 1.6239261 1.4222911 1.7527171 1.4651605 1.3825650 1.3384441 1.7534582 1.5552510 1.6779941 1.5990925 1.7941706 1.4208258 1.7661906 1.4723309 1.6400764 1.9484476 
Naumovozyma_castellii               1.5179805 1.7953953 0.0000000 1.1177476 1.4756977 1.3411439 1.1947050 1.4281833 1.2526092 1.2494721 1.3317965 1.7476357 1.2384966 1.4945297 1.2685479 1.1407443 1.2723256 1.4807242 1.2390322 1.4015694 1.4928319 
Naumovozyma_dairenensis             1.5958137 1.7081206 1.1177476 0.0000000 1.5305723 1.4005782 1.3093544 1.4101858 1.3598843 1.2619519 1.3943436 1.7390676 1.4212352 1.5726329 1.3849985 1.3878686 1.3889499 1.3549185 1.4222351 1.5385613 1.4919254 
Tetrapisispora_blattae              1.5749221 1.8972442 1.4756977 1.5305723 0.0000000 1.3696380 1.2321985 1.5506501 1.4465802 1.3286031 1.5621849 1.8262268 1.5981935 1.6948424 1.4859633 1.3995167 1.3952278 1.5098021 1.3944542 1.5114491 1.2063027 
yHAB132_Kazachstania_martiniae      1.4115425 1.6239261 1.3411439 1.4005782 1.3696380 0.0000000 1.0183308 1.2438347 1.1371696 1.0197468 1.1322744 1.5204550 1.1340822 1.2611376 1.1776334 1.1489678 1.0677425 1.2831787 1.0572470 1.1408504 1.3376132 
yHAB133_Kazachstania_unispora       1.4488383 1.4222911 1.1947050 1.3093544 1.2321985 1.0183308 0.0000000 1.1033070 0.8544717 0.5168424 0.9623953 1.5091658 1.2154761 1.0821423 1.1380040 1.2402384 0.3398610 1.0932557 0.3367202 0.9889572 1.3238125 
yHAB134_Kazachstania_turicensis     1.6040038 1.7527171 1.4281833 1.4101858 1.5506501 1.2438347 1.1033070 0.0000000 1.2403467 1.2304012 1.3089039 1.6365790 1.1666208 1.5122923 1.1622910 1.2737396 1.1891912 1.0320762 1.1602028 1.3262251 1.4505082 
yHAB136_Kazachstania_bromeliacearum 1.5098199 1.4651605 1.2526092 1.3598843 1.4465802 1.1371696 0.8544717 1.2403467 0.0000000 0.8957752 1.1113840 1.5597027 1.1838506 1.2006461 1.2772783 1.2714008 0.9587047 1.2375077 0.9649997 1.0518614 1.4284593 
yHAB143_Kazachstania_siamensis      1.4676060 1.3825650 1.2494721 1.2619519 1.3286031 1.0197468 0.5168424 1.2304012 0.8957752 0.0000000 0.9719639 1.4234702 1.2677470 1.1113997 1.1750236 1.2354125 0.5710965 1.1063263 0.5590563 0.9689103 1.2663514 
yHAB147_Kazachstania_taianensis     1.4618304 1.3384441 1.3317965 1.3943436 1.5621849 1.1322744 0.9623953 1.3089039 1.1113840 0.9719639 0.0000000 1.4779523 1.2085199 1.1670309 1.2322858 1.2956580 0.9159923 1.3303400 0.9165691 1.0559109 1.5078286 
yHAB148_Kazachstania_intestinalis   1.8603735 1.7534582 1.7476357 1.7390676 1.8262268 1.5204550 1.5091658 1.6365790 1.5597027 1.4234702 1.4779523 0.0000000 1.4947392 1.6937295 1.5285172 1.6602881 1.4934895 1.7050373 1.5729081 1.6077490 1.7910252 
yHAB153_Kazachstania_rosinii        1.4713489 1.5552510 1.2384966 1.4212352 1.5981935 1.1340822 1.2154761 1.1666208 1.1838506 1.2677470 1.2085199 1.4947392 0.0000000 1.3221192 1.0346693 1.2172562 1.2403842 1.1020175 1.2625268 1.2172975 1.5175828 
yHAB154_Kazachstania_transvaalensis 1.7712093 1.6779941 1.4945297 1.5726329 1.6948424 1.2611376 1.0821423 1.5122923 1.2006461 1.1113997 1.1670309 1.6937295 1.3221192 0.0000000 1.4419691 1.4487107 1.1893603 1.4553305 1.1619731 0.5523511 1.5763672 
yHAB155_Kazachstania_spencerorum    1.3924455 1.5990925 1.2685479 1.3849985 1.4859633 1.1776334 1.1380040 1.1622910 1.2772783 1.1750236 1.2322858 1.5285172 1.0346693 1.4419691 0.0000000 1.2489808 1.1778299 1.1635013 1.1417319 1.3094170 1.4831861 
yHAB158_Kazachstania_viticola       1.4538954 1.7941706 1.1407443 1.3878686 1.3995167 1.1489678 1.2402384 1.2737396 1.2714008 1.2354125 1.2956580 1.6602881 1.2172562 1.4487107 1.2489808 0.0000000 1.3623881 1.3786677 1.3225142 1.2842568 1.5117023 
yHAB159_Kazachstania_solicola       1.5407072 1.4208258 1.2723256 1.3889499 1.3952278 1.0677425 0.3398610 1.1891912 0.9587047 0.5710965 0.9159923 1.4934895 1.2403842 1.1893603 1.1778299 1.3623881 0.0000000 1.1890541 0.0992078 1.0921961 1.4216776 
yHAB160_Kazachstania_kunashirensis  1.5844987 1.7661906 1.4807242 1.3549185 1.5098021 1.2831787 1.0932557 1.0320762 1.2375077 1.1063263 1.3303400 1.7050373 1.1020175 1.4553305 1.1635013 1.3786677 1.1890541 0.0000000 1.2045229 1.2930943 1.4457538 
yHAB164_Kazachstania_aerobia        1.4720894 1.4723309 1.2390322 1.4222351 1.3944542 1.0572470 0.3367202 1.1602028 0.9649997 0.5590563 0.9165691 1.5729081 1.2625268 1.1619731 1.1417319 1.3225142 0.0992078 1.2045229 0.0000000 1.1093277 1.4234710 
yHAB166_Kazachstania_yakushimaensis 1.5783741 1.6400764 1.4015694 1.5385613 1.5114491 1.1408504 0.9889572 1.3262251 1.0518614 0.9689103 1.0559109 1.6077490 1.2172975 0.5523511 1.3094170 1.2842568 1.0921961 1.2930943 1.1093277 0.0000000 1.4826737 
yHMPu5000035629_Yueomyces_sinensis  1.5795391 1.9484476 1.4928319 1.4919254 1.2063027 1.3376132 1.3238125 1.4505082 1.4284593 1.2663514 1.5078286 1.7910252 1.5175828 1.5763672 1.4831861 1.5117023 1.4216776 1.4457538 1.4234710 1.4826737 0.0000000 
