21
Kazachstania_africana               0.0000000 2.1927593 3.4434727 2.8627369 2.9814833 1.9175957 2.0907611 2.1019971 2.1817380 2.0861608 2.1649890 2.1142217 1.9912250 2.2632617 2.0089666 1.9971055 2.2528192 1.8725587 2.2045593 2.3206862 3.1461684 
Kazachstania_naganishii             2.1927593 0.0000000 3.8539240 3.1028845 3.5599954 1.9482127 2.1710064 2.1926332 1.6905978 1.9841294 1.9657147 2.2473996 2.0171581 2.1186088 2.1901473 2.1573305 2.2373542 1.9751595 2.1887183 2.0857262 3.9330195 
Naumovozyma_castellii               3.4434727 3.8539240 0.0000000 3.2507569 3.8922361 3.4363020 3.6160107 3.5791507 3.5216631 3.7896072 3.4585142 3.3236974 3.3777565 3.5683833 3.4870591 3.5395633 3.6872058 3.4540313 3.6268776 3.4649592 4.2217415 
Naumovozyma_dairenensis             2.8627369 3.1028845 3.2507569 0.0000000 3.3770758 2.9438283 3.1989340 3.1229454 3.1663477 3.2357101 3.1013074 3.2704892 2.9864962 3.2930805 3.2725774 3.0985327 3.4044088 2.8403914 3.2992060 3.2866420 3.6856928 
Tetrapisispora_blattae              2.9814833 3.5599954 3.8922361 3.3770758 0.0000000 3.0461761 3.2097362 3.2136193 3.3672769 3.2570718 3.2408746 3.3333424 2.9405703 3.3530321 3.1753231 3.3079734 3.3366174 3.0965456 3.2957293 3.4450574 2.2161723 
yHAB132_Kazachstania_martiniae      1.9175957 1.9482127 3.4363020 2.9438283 3.0461761 0.0000000 2.1530250 1.9823943 1.7899242 1.9760633 2.0282635 2.0815728 1.7329525 2.1441401 2.0193486 1.9335948 2.2107556 1.8023848 2.1915439 2.1461326 3.2048265 
yHAB133_Kazachstania_unispora       2.0907611 2.1710064 3.6160107 3.1989340 3.2097362 2.1530250 0.0000000 2.3628127 1.7605871 0.7207487 1.9138532 2.4293676 2.1972140 1.9955747 2.2497992 2.2106655 0.6455479 2.2524581 0.6946076 1.9790102 3.3761101 
yHAB134_Kazachstania_turicensis     2.1019971 2.1926332 3.5791507 3.1229454 3.2136193 1.9823943 2.3628127 0.0000000 2.1938527 2.2729776 2.2326959 2.5125901 1.8493733 2.4077580 1.9819248 2.0044190 2.3900045 1.4227076 2.3276337 2.4661658 3.4749852 
yHAB136_Kazachstania_bromeliacearum 2.1817380 1.6905978 3.5216631 3.1663477 3.3672769 1.7899242 1.7605871 2.1938527 0.0000000 1.7626415 1.7295165 2.1060413 1.9768248 2.0337563 2.1179459 2.0434104 1.9894647 1.9465294 1.9332635 1.8220278 3.6434891 
yHAB143_Kazachstania_siamensis      2.0861608 1.9841294 3.7896072 3.2357101 3.2570718 1.9760633 0.7207487 2.2729776 1.7626415 0.0000000 1.8873895 2.3107165 2.1443395 1.9401319 2.2588942 2.0319783 0.8548186 2.1080425 0.8758113 1.9758191 3.4017851 
yHAB147_Kazachstania_taianensis     2.1649890 1.9657147 3.4585142 3.1013074 3.2408746 2.0282635 1.9138532 2.2326959 1.7295165 1.8873895 0.0000000 2.2477267 1.9914520 1.9458845 2.1570628 2.0349648 2.0532912 1.9798245 2.0260939 1.9936288 3.4428237 
yHAB148_Kazachstania_intestinalis   2.1142217 2.2473996 3.3236974 3.2704892 3.3333424 2.0815728 2.4293676 2.5125901 2.1060413 2.3107165 2.2477267 0.0000000 2.1810011 2.2955031 2.3987431 2.2331346 2.4132630 2.1951781 2.3913397 2.2174092 3.3650708 
yHAB153_Kazachstania_rosinii        1.9912250 2.0171581 3.3777565 2.9864962 2.9405703 1.7329525 2.1972140 1.8493733 1.9768248 2.1443395 1.9914520 2.1810011 0.0000000 2.2887067 1.6071364 1.8898114 2.3270380 1.6462403 2.2752047 2.4260121 3.3335062 
yHAB154_Kazachstania_transvaalensis 2.2632617 2.1186088 3.5683833 3.2930805 3.3530321 2.1441401 1.9955747 2.4077580 2.0337563 1.9401319 1.9458845 2.2955031 2.2887067 0.0000000 2.3563702 2.1789695 2.1302838 2.2387418 2.0722965 0.8254647 3.6584872 
yHAB155_Kazachstania_spencerorum    2.0089666 2.1901473 3.4870591 3.2725774 3.1753231 2.0193486 2.2497992 1.9819248 2.1179459 2.2588942 2.1570628 2.3987431 1.6071364 2.3563702 0.0000000 2.0601098 2.3614402 1.7354969 2.3373544 2.3174405 3.4044390 
yHAB158_Kazachstania_viticola       1.9971055 2.1573305 3.5395633 3.0985327 3.3079734 1.9335948 2.2106655 2.0044190 2.0434104 2.0319783 2.0349648 2.2331346 1.8898114 2.1789695 2.0601098 0.0000000 2.2497616 1.8154288 2.2291898 2.2418981 3.3531351 
yHAB159_Kazachstania_solicola       2.2528192 2.2373542 3.6872058 3.4044088 3.3366174 2.2107556 0.6455479 2.3900045 1.9894647 0.8548186 2.0532912 2.4132630 2.3270380 2.1302838 2.3614402 2.2497616 0.0000000 2.2813501 0.1565738 2.1420425 3.4257525 
yHAB160_Kazachstania_kunashirensis  1.8725587 1.9751595 3.4540313 2.8403914 3.0965456 1.8023848 2.2524581 1.4227076 1.9465294 2.1080425 1.9798245 2.1951781 1.6462403 2.2387418 1.7354969 1.8154288 2.2813501 0.0000000 2.2164708 2.3431800 3.1854114 
yHAB164_Kazachstania_aerobia        2.2045593 2.1887183 3.6268776 3.2992060 3.2957293 2.1915439 0.6946076 2.3276337 1.9332635 0.8758113 2.0260939 2.3913397 2.2752047 2.0722965 2.3373544 2.2291898 0.1565738 2.2164708 0.0000000 2.1024199 3.4148632 
yHAB166_Kazachstania_yakushimaensis 2.3206862 2.0857262 3.4649592 3.2866420 3.4450574 2.1461326 1.9790102 2.4661658 1.8220278 1.9758191 1.9936288 2.2174092 2.4260121 0.8254647 2.3174405 2.2418981 2.1420425 2.3431800 2.1024199 0.0000000 3.6204206 
yHMPu5000035629_Yueomyces_sinensis  3.1461684 3.9330195 4.2217415 3.6856928 2.2161723 3.2048265 3.3761101 3.4749852 3.6434891 3.4017851 3.4428237 3.3650708 3.3335062 3.6584872 3.4044390 3.3531351 3.4257525 3.1854114 3.4148632 3.6204206 0.0000000 
