21
Kazachstania_africana               0.0000000 2.0098317 1.7468582 1.8968961 2.7162755 1.8287414 2.1559050 1.7015785 1.6428901 2.1645983 2.2904507 2.3212488 1.6823103 2.4396234 1.6613400 1.7257133 2.1531818 1.6862582 2.1825800 2.1958443 2.9412219 
Kazachstania_naganishii             2.0098317 0.0000000 1.8156083 1.9844601 2.6840214 1.9110618 2.1195025 1.9113801 1.5440997 2.2355126 2.0675251 2.7641663 1.9649609 2.1249663 1.8588322 2.1979665 2.1401955 2.0539676 2.1675517 2.0554909 2.7702957 
Naumovozyma_castellii               1.7468582 1.8156083 0.0000000 1.2795279 2.6635387 1.8298714 2.2994673 1.7321931 1.4797788 2.2574303 2.3279629 2.5117593 1.7889502 2.2220475 1.6819927 1.7978688 2.3060045 1.8010545 2.2806488 2.1600850 2.6784912 
Naumovozyma_dairenensis             1.8968961 1.9844601 1.2795279 0.0000000 2.6326369 1.7734644 2.2313155 1.9640630 1.5944158 2.0881853 2.2182587 2.7362007 1.8181412 2.1593751 1.7567475 1.8385017 2.2138712 1.9757093 2.2121525 2.1424454 2.7339195 
Tetrapisispora_blattae              2.7162755 2.6840214 2.6635387 2.6326369 0.0000000 2.7640426 2.9616780 2.4926826 2.7173973 3.0624634 3.2648082 3.2134997 2.6999364 2.8027079 2.5971039 2.9865150 3.1542623 2.6406106 3.1376951 2.8985943 1.8333368 
yHAB132_Kazachstania_martiniae      1.8287414 1.9110618 1.8298714 1.7734644 2.7640426 0.0000000 2.2236934 1.7241758 1.6221361 2.1293770 2.0524034 2.5108151 1.8579941 2.1119079 1.7201030 1.8574275 2.1099012 1.6633461 2.1126203 2.0776320 2.7749804 
yHAB133_Kazachstania_unispora       2.1559050 2.1195025 2.2994673 2.2313155 2.9616780 2.2236934 0.0000000 2.4008760 1.8034571 0.8330084 2.1203051 2.8078751 2.3656771 2.1721325 2.2054522 2.3665827 0.5852210 2.3319579 0.5761900 2.1701032 3.0962539 
yHAB134_Kazachstania_turicensis     1.7015785 1.9113801 1.7321931 1.9640630 2.4926826 1.7241758 2.4008760 0.0000000 1.8171912 2.2864341 2.2049441 2.3695424 1.5520069 2.1679751 1.5401563 1.7719296 2.2849269 1.0540530 2.3484262 2.2440732 2.7423758 
yHAB136_Kazachstania_bromeliacearum 1.6428901 1.5440997 1.4797788 1.5944158 2.7173973 1.6221361 1.8034571 1.8171912 0.0000000 1.8282166 1.8491390 2.4513638 1.7852845 2.0808767 1.6264452 1.8389043 1.8352605 1.8332198 1.8647181 2.0494130 2.6136465 
yHAB143_Kazachstania_siamensis      2.1645983 2.2355126 2.2574303 2.0881853 3.0624634 2.1293770 0.8330084 2.2864341 1.8282166 0.0000000 2.1558897 2.9518580 2.2887393 2.1194191 2.2739553 2.3167783 0.8326573 2.2431953 0.8275355 2.2003398 2.9947494 
yHAB147_Kazachstania_taianensis     2.2904507 2.0675251 2.3279629 2.2182587 3.2648082 2.0524034 2.1203051 2.2049441 1.8491390 2.1558897 0.0000000 3.0493240 2.4153786 2.1211848 2.2752266 2.4214646 2.2329884 2.2386804 2.2639921 1.9766565 3.0561947 
yHAB148_Kazachstania_intestinalis   2.3212488 2.7641663 2.5117593 2.7362007 3.2134997 2.5108151 2.8078751 2.3695424 2.4513638 2.9518580 3.0493240 0.0000000 2.4415529 3.0128632 2.6314281 2.6336587 2.8683916 2.4875252 2.9364381 2.8398154 3.2943365 
yHAB153_Kazachstania_rosinii        1.6823103 1.9649609 1.7889502 1.8181412 2.6999364 1.8579941 2.3656771 1.5520069 1.7852845 2.2887393 2.4153786 2.4415529 0.0000000 2.3054224 1.6464937 1.8080263 2.3258031 1.5964676 2.3743772 2.3693299 2.8275794 
yHAB154_Kazachstania_transvaalensis 2.4396234 2.1249663 2.2220475 2.1593751 2.8027079 2.1119079 2.1721325 2.1679751 2.0808767 2.1194191 2.1211848 3.0128632 2.3054224 0.0000000 2.0762758 2.3300185 2.1903667 2.3085708 2.2147874 0.7847716 2.7039941 
yHAB155_Kazachstania_spencerorum    1.6613400 1.8588322 1.6819927 1.7567475 2.5971039 1.7201030 2.2054522 1.5401563 1.6264452 2.2739553 2.2752266 2.6314281 1.6464937 2.0762758 0.0000000 1.7453208 2.2310236 1.4698999 2.1825175 2.0294863 2.8614068 
yHAB158_Kazachstania_viticola       1.7257133 2.1979665 1.7978688 1.8385017 2.9865150 1.8574275 2.3665827 1.7719296 1.8389043 2.3167783 2.4214646 2.6336587 1.8080263 2.3300185 1.7453208 0.0000000 2.2929761 1.8067589 2.3144192 2.2314786 3.0129087 
yHAB159_Kazachstania_solicola       2.1531818 2.1401955 2.3060045 2.2138712 3.1542623 2.1099012 0.5852210 2.2849269 1.8352605 0.8326573 2.2329884 2.8683916 2.3258031 2.1903667 2.2310236 2.2929761 0.0000000 2.2706403 0.1395510 2.1721531 2.8405021 
yHAB160_Kazachstania_kunashirensis  1.6862582 2.0539676 1.8010545 1.9757093 2.6406106 1.6633461 2.3319579 1.0540530 1.8332198 2.2431953 2.2386804 2.4875252 1.5964676 2.3085708 1.4698999 1.8067589 2.2706403 0.0000000 2.3326671 2.1787664 2.7574635 
yHAB164_Kazachstania_aerobia        2.1825800 2.1675517 2.2806488 2.2121525 3.1376951 2.1126203 0.5761900 2.3484262 1.8647181 0.8275355 2.2639921 2.9364381 2.3743772 2.2147874 2.1825175 2.3144192 0.1395510 2.3326671 0.0000000 2.1822183 2.8637935 
yHAB166_Kazachstania_yakushimaensis 2.1958443 2.0554909 2.1600850 2.1424454 2.8985943 2.0776320 2.1701032 2.2440732 2.0494130 2.2003398 1.9766565 2.8398154 2.3693299 0.7847716 2.0294863 2.2314786 2.1721531 2.1787664 2.1822183 0.0000000 2.6911499 
yHMPu5000035629_Yueomyces_sinensis  2.9412219 2.7702957 2.6784912 2.7339195 1.8333368 2.7749804 3.0962539 2.7423758 2.6136465 2.9947494 3.0561947 3.2943365 2.8275794 2.7039941 2.8614068 3.0129087 2.8405021 2.7574635 2.8637935 2.6911499 0.0000000 
