21
Kazachstania_africana               0.0000000 1.7822032 1.5741499 1.5504397 2.6043913 1.2418171 1.4752841 1.7229106 1.3873531 1.4895745 1.5522484 1.8095690 1.2602561 1.6307813 1.3259267 1.4105229 1.4771904 1.5443675 1.5811225 1.5305525 3.0181874 
Kazachstania_naganishii             1.7822032 0.0000000 1.6858106 1.6229922 3.0317841 1.8470555 1.4584725 2.0428968 1.5044561 1.5688619 1.3804788 2.1085098 1.5847480 1.7593834 1.8445106 2.0237706 1.5304687 1.9492536 1.6836982 1.6488778 3.3031298 
Naumovozyma_castellii               1.5741499 1.6858106 0.0000000 1.0374832 2.4924389 1.0888976 1.2277776 1.6253657 1.2694316 1.2365050 1.4402983 1.6342037 1.1567037 1.4371144 1.2263270 1.4461897 1.2882670 1.4525296 1.3372691 1.3705655 2.7783015 
Naumovozyma_dairenensis             1.5504397 1.6229922 1.0374832 0.0000000 2.2865204 1.1588828 1.2781036 1.3536126 1.2076044 1.3485322 1.3116393 1.8214904 1.0369254 1.5582105 1.2967984 1.4348729 1.2912186 1.2596778 1.3784473 1.5533395 2.5642676 
Tetrapisispora_blattae              2.6043913 3.0317841 2.4924389 2.2865204 0.0000000 2.3244179 2.5323317 2.7205020 2.3691710 2.5522732 2.4930247 3.2660316 2.6423069 2.6895858 2.7009144 2.8310829 2.5242371 2.5719201 2.7517085 2.5778545 2.1732079 
yHAB132_Kazachstania_martiniae      1.2418171 1.8470555 1.0888976 1.1588828 2.3244179 0.0000000 1.0744494 1.3304098 0.9463098 1.0938637 1.2491568 1.5211442 1.1321284 1.2893694 1.1873465 1.2583114 1.0803276 1.3392133 1.1645350 1.2117528 2.7043507 
yHAB133_Kazachstania_unispora       1.4752841 1.4584725 1.2277776 1.2781036 2.5323317 1.0744494 0.0000000 1.3664285 0.9182649 0.3522443 0.8721910 1.7182280 1.1912822 0.9897067 1.2172074 1.4756294 0.2374390 1.3633973 0.2360015 0.8705308 2.3896841 
yHAB134_Kazachstania_turicensis     1.7229106 2.0428968 1.6253657 1.3536126 2.7205020 1.3304098 1.3664285 0.0000000 1.4600508 1.3714758 1.7717693 2.0717942 1.2992022 1.6760875 1.2557604 1.8495966 1.3994113 0.9041998 1.4928115 1.6059829 2.8563417 
yHAB136_Kazachstania_bromeliacearum 1.3873531 1.5044561 1.2694316 1.2076044 2.3691710 0.9463098 0.9182649 1.4600508 0.0000000 1.0144199 0.9754012 1.6257507 1.1132297 1.0756075 1.0922397 1.3610330 0.9649663 1.2767050 1.0371577 0.9501406 2.8025753 
yHAB143_Kazachstania_siamensis      1.4895745 1.5688619 1.2365050 1.3485322 2.5522732 1.0938637 0.3522443 1.3714758 1.0144199 0.0000000 1.0005338 1.8124196 1.3115515 1.0505112 1.1989223 1.4165466 0.4059214 1.4672229 0.4359168 1.0249587 2.6080524 
yHAB147_Kazachstania_taianensis     1.5522484 1.3804788 1.4402983 1.3116393 2.4930247 1.2491568 0.8721910 1.7717693 0.9754012 1.0005338 0.0000000 1.8286400 1.2916015 1.1821524 1.4444993 1.4948292 0.9301123 1.5383166 1.0225314 1.1042920 2.9745276 
yHAB148_Kazachstania_intestinalis   1.8095690 2.1085098 1.6342037 1.8214904 3.2660316 1.5211442 1.7182280 2.0717942 1.6257507 1.8124196 1.8286400 0.0000000 1.7894424 1.9055972 1.7988884 1.8742844 1.8758949 1.9867935 1.9239974 1.8515152 3.5892095 
yHAB153_Kazachstania_rosinii        1.2602561 1.5847480 1.1567037 1.0369254 2.6423069 1.1321284 1.1912822 1.2992022 1.1132297 1.3115515 1.2916015 1.7894424 0.0000000 1.4680457 0.8439646 1.2641710 1.2815022 1.1221789 1.3131938 1.3045087 2.9167969 
yHAB154_Kazachstania_transvaalensis 1.6307813 1.7593834 1.4371144 1.5582105 2.6895858 1.2893694 0.9897067 1.6760875 1.0756075 1.0505112 1.1821524 1.9055972 1.4680457 0.0000000 1.2896987 1.5743340 0.9815531 1.6266066 1.0036311 0.4173042 2.8223228 
yHAB155_Kazachstania_spencerorum    1.3259267 1.8445106 1.2263270 1.2967984 2.7009144 1.1873465 1.2172074 1.2557604 1.0922397 1.1989223 1.4444993 1.7988884 0.8439646 1.2896987 0.0000000 1.3802514 1.1332825 1.1414461 1.2141847 1.2782478 2.9347971 
yHAB158_Kazachstania_viticola       1.4105229 2.0237706 1.4461897 1.4348729 2.8310829 1.2583114 1.4756294 1.8495966 1.3610330 1.4165466 1.4948292 1.8742844 1.2641710 1.5743340 1.3802514 0.0000000 1.5383134 1.5475452 1.5534828 1.5247954 3.3579705 
yHAB159_Kazachstania_solicola       1.4771904 1.5304687 1.2882670 1.2912186 2.5242371 1.0803276 0.2374390 1.3994113 0.9649663 0.4059214 0.9301123 1.8758949 1.2815022 0.9815531 1.1332825 1.5383134 0.0000000 1.3327154 0.0823680 0.9504632 2.5486169 
yHAB160_Kazachstania_kunashirensis  1.5443675 1.9492536 1.4525296 1.2596778 2.5719201 1.3392133 1.3633973 0.9041998 1.2767050 1.4672229 1.5383166 1.9867935 1.1221789 1.6266066 1.1414461 1.5475452 1.3327154 0.0000000 1.4300356 1.5979075 2.7485173 
yHAB164_Kazachstania_aerobia        1.5811225 1.6836982 1.3372691 1.3784473 2.7517085 1.1645350 0.2360015 1.4928115 1.0371577 0.4359168 1.0225314 1.9239974 1.3131938 1.0036311 1.2141847 1.5534828 0.0823680 1.4300356 0.0000000 0.9860136 2.7624210 
yHAB166_Kazachstania_yakushimaensis 1.5305525 1.6488778 1.3705655 1.5533395 2.5778545 1.2117528 0.8705308 1.6059829 0.9501406 1.0249587 1.1042920 1.8515152 1.3045087 0.4173042 1.2782478 1.5247954 0.9504632 1.5979075 0.9860136 0.0000000 2.8200875 
yHMPu5000035629_Yueomyces_sinensis  3.0181874 3.3031298 2.7783015 2.5642676 2.1732079 2.7043507 2.3896841 2.8563417 2.8025753 2.6080524 2.9745276 3.5892095 2.9167969 2.8223228 2.9347971 3.3579705 2.5486169 2.7485173 2.7624210 2.8200875 0.0000000 
