21
Kazachstania_africana               0.0000000 0.6172854 0.3075531 0.3722837 0.3366900 0.2649925 0.3509769 0.3378046 0.3354459 0.3928004 0.4162057 0.3826867 0.3765796 0.4010454 0.3043486 0.3172007 0.3662945 0.2785274 0.3625181 0.3844087 0.4284871 
Kazachstania_naganishii             0.6172854 0.0000000 0.5781325 0.6120359 0.6809923 0.5466786 0.5955891 0.6467772 0.5339200 0.6053351 0.4474085 0.4828133 0.5044549 0.5855063 0.6659525 0.5839916 0.5361876 0.6242928 0.5678261 0.5935205 0.6737995 
Naumovozyma_castellii               0.3075531 0.5781325 0.0000000 0.2188032 0.3653845 0.2847504 0.3014483 0.3129737 0.2620795 0.2817009 0.3945484 0.3588641 0.3653024 0.3493967 0.3105316 0.2951538 0.3350009 0.3360233 0.3143857 0.3370144 0.3912699 
Naumovozyma_dairenensis             0.3722837 0.6120359 0.2188032 0.0000000 0.3557383 0.2770492 0.2965645 0.2985586 0.3040258 0.3277356 0.4380070 0.3394228 0.3579677 0.3657370 0.2920543 0.3056494 0.3443469 0.3437404 0.3500224 0.3040364 0.4347800 
Tetrapisispora_blattae              0.3366900 0.6809923 0.3653845 0.3557383 0.0000000 0.2721557 0.3274191 0.3211476 0.3798789 0.3596712 0.3823552 0.4486070 0.4294129 0.3676555 0.2958441 0.2946135 0.3761966 0.3200521 0.3849958 0.3675352 0.3045254 
yHAB132_Kazachstania_martiniae      0.2649925 0.5466786 0.2847504 0.2770492 0.2721557 0.0000000 0.3061438 0.2729664 0.2483643 0.3321004 0.3489169 0.3751429 0.3205292 0.3035923 0.2050090 0.2467840 0.3342869 0.2423007 0.3324989 0.3261279 0.3280905 
yHAB133_Kazachstania_unispora       0.3509769 0.5955891 0.3014483 0.2965645 0.3274191 0.3061438 0.0000000 0.3154233 0.3200085 0.1538176 0.3275182 0.3804186 0.4449007 0.2688021 0.3381267 0.3079352 0.1081774 0.3038322 0.0929197 0.2710475 0.4141776 
yHAB134_Kazachstania_turicensis     0.3378046 0.6467772 0.3129737 0.2985586 0.3211476 0.2729664 0.3154233 0.0000000 0.3138077 0.3404872 0.4013862 0.3674127 0.3816909 0.3484571 0.2344734 0.2965446 0.3671723 0.2202317 0.3598438 0.3551586 0.3909356 
yHAB136_Kazachstania_bromeliacearum 0.3354459 0.5339200 0.2620795 0.3040258 0.3798789 0.2483643 0.3200085 0.3138077 0.0000000 0.3097104 0.3635863 0.3140033 0.3908235 0.3387768 0.2887218 0.2788049 0.3367080 0.2895365 0.3481319 0.3374481 0.4108023 
yHAB143_Kazachstania_siamensis      0.3928004 0.6053351 0.2817009 0.3277356 0.3596712 0.3321004 0.1538176 0.3404872 0.3097104 0.0000000 0.3473431 0.4114438 0.4276102 0.3201978 0.3454194 0.3553139 0.2069209 0.3329294 0.1984792 0.3343866 0.4236387 
yHAB147_Kazachstania_taianensis     0.4162057 0.4474085 0.3945484 0.4380070 0.3823552 0.3489169 0.3275182 0.4013862 0.3635863 0.3473431 0.0000000 0.3631102 0.3999683 0.3602258 0.3548952 0.3534190 0.3488060 0.3931303 0.3277600 0.3250589 0.4641245 
yHAB148_Kazachstania_intestinalis   0.3826867 0.4828133 0.3588641 0.3394228 0.4486070 0.3751429 0.3804186 0.3674127 0.3140033 0.4114438 0.3631102 0.0000000 0.4400611 0.4015429 0.3855454 0.3419723 0.4119981 0.4037957 0.4114779 0.4064364 0.4905733 
yHAB153_Kazachstania_rosinii        0.3765796 0.5044549 0.3653024 0.3579677 0.4294129 0.3205292 0.4449007 0.3816909 0.3908235 0.4276102 0.3999683 0.4400611 0.0000000 0.4528493 0.2728982 0.3436691 0.4077223 0.3380320 0.4106730 0.3914957 0.4706086 
yHAB154_Kazachstania_transvaalensis 0.4010454 0.5855063 0.3493967 0.3657370 0.3676555 0.3035923 0.2688021 0.3484571 0.3387768 0.3201978 0.3602258 0.4015429 0.4528493 0.0000000 0.2988641 0.3106708 0.2908906 0.3349668 0.2876572 0.1629521 0.5067745 
yHAB155_Kazachstania_spencerorum    0.3043486 0.6659525 0.3105316 0.2920543 0.2958441 0.2050090 0.3381267 0.2344734 0.2887218 0.3454194 0.3548952 0.3855454 0.2728982 0.2988641 0.0000000 0.2436201 0.3590717 0.2192895 0.3478126 0.2673031 0.3854384 
yHAB158_Kazachstania_viticola       0.3172007 0.5839916 0.2951538 0.3056494 0.2946135 0.2467840 0.3079352 0.2965446 0.2788049 0.3553139 0.3534190 0.3419723 0.3436691 0.3106708 0.2436201 0.0000000 0.2871816 0.2932036 0.2817608 0.3200967 0.3006687 
yHAB159_Kazachstania_solicola       0.3662945 0.5361876 0.3350009 0.3443469 0.3761966 0.3342869 0.1081774 0.3671723 0.3367080 0.2069209 0.3488060 0.4119981 0.4077223 0.2908906 0.3590717 0.2871816 0.0000000 0.3557459 0.0531750 0.2774815 0.3992919 
yHAB160_Kazachstania_kunashirensis  0.2785274 0.6242928 0.3360233 0.3437404 0.3200521 0.2423007 0.3038322 0.2202317 0.2895365 0.3329294 0.3931303 0.4037957 0.3380320 0.3349668 0.2192895 0.2932036 0.3557459 0.0000000 0.3469333 0.3492305 0.3713337 
yHAB164_Kazachstania_aerobia        0.3625181 0.5678261 0.3143857 0.3500224 0.3849958 0.3324989 0.0929197 0.3598438 0.3481319 0.1984792 0.3277600 0.4114779 0.4106730 0.2876572 0.3478126 0.2817608 0.0531750 0.3469333 0.0000000 0.2937526 0.3885626 
yHAB166_Kazachstania_yakushimaensis 0.3844087 0.5935205 0.3370144 0.3040364 0.3675352 0.3261279 0.2710475 0.3551586 0.3374481 0.3343866 0.3250589 0.4064364 0.3914957 0.1629521 0.2673031 0.3200967 0.2774815 0.3492305 0.2937526 0.0000000 0.4629449 
yHMPu5000035629_Yueomyces_sinensis  0.4284871 0.6737995 0.3912699 0.4347800 0.3045254 0.3280905 0.4141776 0.3909356 0.4108023 0.4236387 0.4641245 0.4905733 0.4706086 0.5067745 0.3854384 0.3006687 0.3992919 0.3713337 0.3885626 0.4629449 0.0000000 
