21
Kazachstania_africana               0.0000000 2.7237454 2.5009756 2.4604916 3.3240338 2.2743747 2.8080066 2.2660883 2.1633945 2.7645213 2.9018961 2.3043639 2.0924823 3.1313171 2.1469125 2.5808720 2.7928018 2.2270748 2.7904880 3.2255878 3.4535867 
Kazachstania_naganishii             2.7237454 0.0000000 2.3979857 2.6248957 3.2240816 2.1928363 2.9285446 2.1424148 1.5787414 2.8534374 2.3075294 2.1285685 1.9735719 3.4171809 2.2067001 2.7163403 2.9126717 2.0999163 2.9604342 3.1825542 3.6256193 
Naumovozyma_castellii               2.5009756 2.3979857 0.0000000 1.3346045 2.5244944 2.1014449 2.9564419 2.0314996 1.9821656 2.8447113 2.7952563 2.3695491 1.9932311 3.5235167 1.9971407 2.5348480 2.8754829 2.0815659 2.8703784 3.4181756 3.1030939 
Naumovozyma_dairenensis             2.4604916 2.6248957 1.3346045 0.0000000 2.5837717 2.1606978 3.1222203 1.9928452 1.9765507 3.0224756 3.0361384 2.4737515 2.0667375 3.6254051 1.9777020 2.6977677 2.9117310 2.1368778 2.8383669 3.6207333 3.0146077 
Tetrapisispora_blattae              3.3240338 3.2240816 2.5244944 2.5837717 0.0000000 2.9519335 3.3233143 2.9657093 2.7963421 3.3879978 3.9429588 3.4491784 2.8004907 3.8935176 2.7726326 3.0808416 3.3795209 2.9906053 3.3798481 3.9709589 2.0708476 
yHAB132_Kazachstania_martiniae      2.2743747 2.1928363 2.1014449 2.1606978 2.9519335 0.0000000 2.7000000 1.8308542 1.4560147 2.8670540 2.4815902 1.8415770 1.6198008 3.0977915 1.7156400 2.2053482 2.5921316 1.6528908 2.6455280 2.8412814 3.2847378 
yHAB133_Kazachstania_unispora       2.8080066 2.9285446 2.9564419 3.1222203 3.3233143 2.7000000 0.0000000 2.5221529 2.4306765 0.7662587 2.4111838 2.6577822 2.7795272 3.0452973 2.8123717 3.1192135 0.4478925 2.6179573 0.4766429 2.9662019 3.5833531 
yHAB134_Kazachstania_turicensis     2.2660883 2.1424148 2.0314996 1.9928452 2.9657093 1.8308542 2.5221529 0.0000000 1.6597792 2.5386635 2.6082467 2.1230936 1.3372785 3.0633228 1.3055849 2.0847211 2.5033039 0.9657664 2.5100832 2.9323980 3.1282495 
yHAB136_Kazachstania_bromeliacearum 2.1633945 1.5787414 1.9821656 1.9765507 2.7963421 1.4560147 2.4306765 1.6597792 0.0000000 2.3891338 2.4295719 1.6430820 1.4881062 2.6272941 1.5863241 2.2721204 2.3105632 1.5615003 2.2285629 2.5053311 3.0936019 
yHAB143_Kazachstania_siamensis      2.7645213 2.8534374 2.8447113 3.0224756 3.3879978 2.8670540 0.7662587 2.5386635 2.3891338 0.0000000 2.3598593 2.7651881 2.9032716 2.9238830 2.7592043 3.0154213 0.8404780 2.6569250 0.8194403 2.8395316 3.8392770 
yHAB147_Kazachstania_taianensis     2.9018961 2.3075294 2.7952563 3.0361384 3.9429588 2.4815902 2.4111838 2.6082467 2.4295719 2.3598593 0.0000000 2.2772852 2.4357695 2.8486073 2.4686133 3.0359534 2.2373430 2.4542686 2.2363793 2.9844944 4.0953612 
yHAB148_Kazachstania_intestinalis   2.3043639 2.1285685 2.3695491 2.4737515 3.4491784 1.8415770 2.6577822 2.1230936 1.6430820 2.7651881 2.2772852 0.0000000 1.8215339 3.2037880 2.1053481 2.4966636 2.5092390 1.9604694 2.5431635 2.9537757 3.2918203 
yHAB153_Kazachstania_rosinii        2.0924823 1.9735719 1.9932311 2.0667375 2.8004907 1.6198008 2.7795272 1.3372785 1.4881062 2.9032716 2.4357695 1.8215339 0.0000000 2.9683512 1.0542869 2.0721100 2.5953317 1.1216985 2.6572511 3.0668359 2.9886761 
yHAB154_Kazachstania_transvaalensis 3.1313171 3.4171809 3.5235167 3.6254051 3.8935176 3.0977915 3.0452973 3.0633228 2.6272941 2.9238830 2.8486073 3.2037880 2.9683512 0.0000000 2.9380935 3.5134728 2.8726956 2.9006219 2.8753292 0.8105403 3.9020673 
yHAB155_Kazachstania_spencerorum    2.1469125 2.2067001 1.9971407 1.9777020 2.7726326 1.7156400 2.8123717 1.3055849 1.5863241 2.7592043 2.4686133 2.1053481 1.0542869 2.9380935 0.0000000 2.0261320 2.6160872 1.1542928 2.6355496 2.8705379 3.0804311 
yHAB158_Kazachstania_viticola       2.5808720 2.7163403 2.5348480 2.6977677 3.0808416 2.2053482 3.1192135 2.0847211 2.2721204 3.0154213 3.0359534 2.4966636 2.0721100 3.5134728 2.0261320 0.0000000 2.9549761 2.1019278 2.9440809 3.4138470 3.4601078 
yHAB159_Kazachstania_solicola       2.7928018 2.9126717 2.8754829 2.9117310 3.3795209 2.5921316 0.4478925 2.5033039 2.3105632 0.8404780 2.2373430 2.5092390 2.5953317 2.8726956 2.6160872 2.9549761 0.0000000 2.5250949 0.1370648 2.7307029 3.5999934 
yHAB160_Kazachstania_kunashirensis  2.2270748 2.0999163 2.0815659 2.1368778 2.9906053 1.6528908 2.6179573 0.9657664 1.5615003 2.6569250 2.4542686 1.9604694 1.1216985 2.9006219 1.1542928 2.1019278 2.5250949 0.0000000 2.5052648 2.9378093 3.0825292 
yHAB164_Kazachstania_aerobia        2.7904880 2.9604342 2.8703784 2.8383669 3.3798481 2.6455280 0.4766429 2.5100832 2.2285629 0.8194403 2.2363793 2.5431635 2.6572511 2.8753292 2.6355496 2.9440809 0.1370648 2.5052648 0.0000000 2.7043478 3.4813838 
yHAB166_Kazachstania_yakushimaensis 3.2255878 3.1825542 3.4181756 3.6207333 3.9709589 2.8412814 2.9662019 2.9323980 2.5053311 2.8395316 2.9844944 2.9537757 3.0668359 0.8105403 2.8705379 3.4138470 2.7307029 2.9378093 2.7043478 0.0000000 4.0018962 
yHMPu5000035629_Yueomyces_sinensis  3.4535867 3.6256193 3.1030939 3.0146077 2.0708476 3.2847378 3.5833531 3.1282495 3.0936019 3.8392770 4.0953612 3.2918203 2.9886761 3.9020673 3.0804311 3.4601078 3.5999934 3.0825292 3.4813838 4.0018962 0.0000000 
