21
Kazachstania_africana               0.0000000 1.8431072 1.9359351 2.0172277 4.1406572 1.9985846 1.8995849 2.1581892 1.8673088 1.8903776 1.8917379 2.4860867 2.0291983 1.9694071 1.6576109 1.7442195 1.8459327 1.9226694 1.8293009 2.0106300 3.3895941 
Kazachstania_naganishii             1.8431072 0.0000000 1.8112366 2.0011972 3.7052155 1.7033998 1.5224158 2.0165107 1.3373504 1.5527693 1.2794041 2.2136326 1.8391398 1.6270391 1.7488756 1.7400966 1.4831882 1.8858638 1.4869345 1.7131017 3.0206730 
Naumovozyma_castellii               1.9359351 1.8112366 0.0000000 1.2165735 3.3791101 1.7756510 1.6935599 1.8537339 1.8078231 1.7265139 1.6995051 2.1164495 1.7533587 1.7180064 1.5461354 1.5263519 1.6773926 1.6715271 1.6667269 1.8389031 2.5323621 
Naumovozyma_dairenensis             2.0172277 2.0011972 1.2165735 0.0000000 3.3706613 1.9321691 1.5919180 1.9780878 1.6620914 1.8037267 1.7672920 2.2384798 1.7897809 1.7793189 1.7333460 1.7028036 1.6885665 1.6929952 1.6829590 1.9729364 2.7546962 
Tetrapisispora_blattae              4.1406572 3.7052155 3.3791101 3.3706613 0.0000000 3.4018521 3.3089401 3.6119097 3.1075697 3.2587860 3.2864294 3.8174452 3.5866056 3.6555347 3.0814972 3.2667625 3.3337962 3.3994600 3.3662049 3.6959283 3.1344191 
yHAB132_Kazachstania_martiniae      1.9985846 1.7033998 1.7756510 1.9321691 3.4018521 0.0000000 1.4460524 1.8824588 1.4151191 1.7574956 1.5427158 2.2516584 1.7619662 1.6387005 1.3970732 1.6538484 1.5385454 1.5811290 1.5125572 1.7364698 2.7573079 
yHAB133_Kazachstania_unispora       1.8995849 1.5224158 1.6935599 1.5919180 3.3089401 1.4460524 0.0000000 1.9437633 1.1403408 0.6384574 1.1142269 2.0418988 1.5780832 1.3810839 1.5120682 1.5204063 0.4899168 1.5829758 0.5120250 1.4341214 2.5924197 
yHAB134_Kazachstania_turicensis     2.1581892 2.0165107 1.8537339 1.9780878 3.6119097 1.8824588 1.9437633 0.0000000 1.8703191 1.9435288 1.9957146 2.1782373 1.7315579 1.8545151 1.5964244 1.9188792 1.8709031 1.4087124 1.8463817 2.0851758 2.9622993 
yHAB136_Kazachstania_bromeliacearum 1.8673088 1.3373504 1.8078231 1.6620914 3.1075697 1.4151191 1.1403408 1.8703191 0.0000000 1.1744206 1.1626547 1.9971425 1.6230688 1.4324879 1.4394860 1.6131459 1.2188944 1.5809600 1.2572615 1.5519429 2.9099113 
yHAB143_Kazachstania_siamensis      1.8903776 1.5527693 1.7265139 1.8037267 3.2587860 1.7574956 0.6384574 1.9435288 1.1744206 0.0000000 1.0867965 2.0947816 1.4988680 1.4387471 1.3920448 1.4434579 0.7268552 1.7203055 0.6980930 1.4667836 2.7370807 
yHAB147_Kazachstania_taianensis     1.8917379 1.2794041 1.6995051 1.7672920 3.2864294 1.5427158 1.1142269 1.9957146 1.1626547 1.0867965 0.0000000 2.0471624 1.5683518 1.4968538 1.4551749 1.5444168 1.1019181 1.7425351 1.0794075 1.5624995 2.8533673 
yHAB148_Kazachstania_intestinalis   2.4860867 2.2136326 2.1164495 2.2384798 3.8174452 2.2516584 2.0418988 2.1782373 1.9971425 2.0947816 2.0471624 0.0000000 2.0290688 2.0280245 2.0311024 2.1410191 1.9464917 2.1372944 1.9455702 2.2022526 2.8051080 
yHAB153_Kazachstania_rosinii        2.0291983 1.8391398 1.7533587 1.7897809 3.5866056 1.7619662 1.5780832 1.7315579 1.6230688 1.4988680 1.5683518 2.0290688 0.0000000 1.7169657 1.3633346 1.4678427 1.5514186 1.5235603 1.5687295 1.9417616 2.7272151 
yHAB154_Kazachstania_transvaalensis 1.9694071 1.6270391 1.7180064 1.7793189 3.6555347 1.6387005 1.3810839 1.8545151 1.4324879 1.4387471 1.4968538 2.0280245 1.7169657 0.0000000 1.5561129 1.6509228 1.4401348 1.7207770 1.4445886 0.5142308 2.5797463 
yHAB155_Kazachstania_spencerorum    1.6576109 1.7488756 1.5461354 1.7333460 3.0814972 1.3970732 1.5120682 1.5964244 1.4394860 1.3920448 1.4551749 2.0311024 1.3633346 1.5561129 0.0000000 1.6379629 1.5226539 1.3363527 1.5246155 1.6182089 2.5731536 
yHAB158_Kazachstania_viticola       1.7442195 1.7400966 1.5263519 1.7028036 3.2667625 1.6538484 1.5204063 1.9188792 1.6131459 1.4434579 1.5444168 2.1410191 1.4678427 1.6509228 1.6379629 0.0000000 1.5551420 1.6429821 1.5070164 1.7318519 2.7464388 
yHAB159_Kazachstania_solicola       1.8459327 1.4831882 1.6773926 1.6885665 3.3337962 1.5385454 0.4899168 1.8709031 1.2188944 0.7268552 1.1019181 1.9464917 1.5514186 1.4401348 1.5226539 1.5551420 0.0000000 1.6512088 0.1753286 1.4329515 2.7666827 
yHAB160_Kazachstania_kunashirensis  1.9226694 1.8858638 1.6715271 1.6929952 3.3994600 1.5811290 1.5829758 1.4087124 1.5809600 1.7203055 1.7425351 2.1372944 1.5235603 1.7207770 1.3363527 1.6429821 1.6512088 0.0000000 1.6148168 1.8803855 2.6816951 
yHAB164_Kazachstania_aerobia        1.8293009 1.4869345 1.6667269 1.6829590 3.3662049 1.5125572 0.5120250 1.8463817 1.2572615 0.6980930 1.0794075 1.9455702 1.5687295 1.4445886 1.5246155 1.5070164 0.1753286 1.6148168 0.0000000 1.4366105 2.6754323 
yHAB166_Kazachstania_yakushimaensis 2.0106300 1.7131017 1.8389031 1.9729364 3.6959283 1.7364698 1.4341214 2.0851758 1.5519429 1.4667836 1.5624995 2.2022526 1.9417616 0.5142308 1.6182089 1.7318519 1.4329515 1.8803855 1.4366105 0.0000000 2.4834134 
yHMPu5000035629_Yueomyces_sinensis  3.3895941 3.0206730 2.5323621 2.7546962 3.1344191 2.7573079 2.5924197 2.9622993 2.9099113 2.7370807 2.8533673 2.8051080 2.7272151 2.5797463 2.5731536 2.7464388 2.7666827 2.6816951 2.6754323 2.4834134 0.0000000 
