21
Kazachstania_africana               0.0000000 0.6415127 0.6196895 0.6323006 1.4151600 0.6114147 0.5960151 0.6062237 0.6193364 0.6220198 0.6020532 0.7626775 0.6383235 0.6625487 0.5741034 0.5804569 0.6206930 0.6179052 0.6474062 0.6862106 0.7578221 
Kazachstania_naganishii             0.6415127 0.0000000 0.6781868 0.6771633 1.3578876 0.5976901 0.6016107 0.7605524 0.5331549 0.6242409 0.5666162 0.7906350 0.6633515 0.6809466 0.5840852 0.6798539 0.6199131 0.6674693 0.6103659 0.6512805 0.8257332 
Naumovozyma_castellii               0.6196895 0.6781868 0.0000000 0.3932063 1.3527825 0.6415960 0.5548344 0.6213803 0.5843870 0.6076022 0.6397942 0.7927779 0.6515898 0.6691107 0.5916399 0.6134479 0.6075998 0.6311279 0.6156010 0.6678949 0.7109826 
Naumovozyma_dairenensis             0.6323006 0.6771633 0.3932063 0.0000000 1.3149070 0.6097264 0.5177761 0.6224773 0.5156247 0.5628530 0.6618701 0.8043910 0.7182779 0.6456583 0.5850038 0.5957375 0.5940719 0.6109779 0.5882976 0.5913280 0.6387044 
Tetrapisispora_blattae              1.4151600 1.3578876 1.3527825 1.3149070 0.0000000 1.3810801 1.4027975 1.2003004 1.2763214 1.4502860 1.4117976 1.3939679 1.3600616 1.3751302 1.3647922 1.3614794 1.4677622 1.3267885 1.5267760 1.3646596 1.3376368 
yHAB132_Kazachstania_martiniae      0.6114147 0.5976901 0.6415960 0.6097264 1.3810801 0.0000000 0.5102364 0.6301622 0.5710313 0.5768033 0.5396911 0.7800425 0.6653588 0.6000473 0.5696550 0.6420751 0.5224260 0.5822266 0.5550249 0.5803563 0.7138267 
yHAB133_Kazachstania_unispora       0.5960151 0.6016107 0.5548344 0.5177761 1.4027975 0.5102364 0.0000000 0.5398287 0.4247135 0.2880123 0.4827648 0.6861981 0.6051500 0.4994476 0.5356393 0.5847382 0.2301218 0.5319030 0.2191763 0.5181183 0.6472570 
yHAB134_Kazachstania_turicensis     0.6062237 0.7605524 0.6213803 0.6224773 1.2003004 0.6301622 0.5398287 0.0000000 0.5877806 0.5748430 0.6603413 0.7429160 0.6122850 0.6294518 0.5283734 0.6303329 0.5737707 0.4942194 0.5977835 0.6126219 0.6512844 
yHAB136_Kazachstania_bromeliacearum 0.6193364 0.5331549 0.5843870 0.5156247 1.2763214 0.5710313 0.4247135 0.5877806 0.0000000 0.4376670 0.5370819 0.6956009 0.6006356 0.5157133 0.5645061 0.5709324 0.4651925 0.5312713 0.4833666 0.4685525 0.6894461 
yHAB143_Kazachstania_siamensis      0.6220198 0.6242409 0.6076022 0.5628530 1.4502860 0.5768033 0.2880123 0.5748430 0.4376670 0.0000000 0.4956462 0.7404083 0.6279295 0.5451819 0.6006280 0.6234489 0.3045494 0.5670983 0.2985682 0.5329241 0.6931667 
yHAB147_Kazachstania_taianensis     0.6020532 0.5666162 0.6397942 0.6618701 1.4117976 0.5396911 0.4827648 0.6603413 0.5370819 0.4956462 0.0000000 0.7444807 0.5970319 0.5809152 0.5981691 0.7045943 0.4742537 0.5868407 0.4818215 0.5420712 0.7546655 
yHAB148_Kazachstania_intestinalis   0.7626775 0.7906350 0.7927779 0.8043910 1.3939679 0.7800425 0.6861981 0.7429160 0.6956009 0.7404083 0.7444807 0.0000000 0.8184349 0.8245691 0.7426003 0.7593501 0.7177379 0.7385234 0.7280800 0.7938747 0.9165230 
yHAB153_Kazachstania_rosinii        0.6383235 0.6633515 0.6515898 0.7182779 1.3600616 0.6653588 0.6051500 0.6122850 0.6006356 0.6279295 0.5970319 0.8184349 0.0000000 0.7007568 0.4952922 0.5794348 0.5690188 0.5979695 0.6093106 0.6480504 0.7366631 
yHAB154_Kazachstania_transvaalensis 0.6625487 0.6809466 0.6691107 0.6456583 1.3751302 0.6000473 0.4994476 0.6294518 0.5157133 0.5451819 0.5809152 0.8245691 0.7007568 0.0000000 0.6626834 0.6263728 0.5146981 0.5842697 0.5221456 0.3250873 0.6877745 
yHAB155_Kazachstania_spencerorum    0.5741034 0.5840852 0.5916399 0.5850038 1.3647922 0.5696550 0.5356393 0.5283734 0.5645061 0.6006280 0.5981691 0.7426003 0.4952922 0.6626834 0.0000000 0.6016100 0.5557241 0.5670940 0.5689681 0.6098180 0.7100661 
yHAB158_Kazachstania_viticola       0.5804569 0.6798539 0.6134479 0.5957375 1.3614794 0.6420751 0.5847382 0.6303329 0.5709324 0.6234489 0.7045943 0.7593501 0.5794348 0.6263728 0.6016100 0.0000000 0.6547200 0.6312131 0.6211708 0.6399379 0.7225180 
yHAB159_Kazachstania_solicola       0.6206930 0.6199131 0.6075998 0.5940719 1.4677622 0.5224260 0.2301218 0.5737707 0.4651925 0.3045494 0.4742537 0.7177379 0.5690188 0.5146981 0.5557241 0.6547200 0.0000000 0.5788468 0.0917797 0.5161938 0.6662296 
yHAB160_Kazachstania_kunashirensis  0.6179052 0.6674693 0.6311279 0.6109779 1.3267885 0.5822266 0.5319030 0.4942194 0.5312713 0.5670983 0.5868407 0.7385234 0.5979695 0.5842697 0.5670940 0.6312131 0.5788468 0.0000000 0.5713573 0.6203974 0.6883371 
yHAB164_Kazachstania_aerobia        0.6474062 0.6103659 0.6156010 0.5882976 1.5267760 0.5550249 0.2191763 0.5977835 0.4833666 0.2985682 0.4818215 0.7280800 0.6093106 0.5221456 0.5689681 0.6211708 0.0917797 0.5713573 0.0000000 0.5271377 0.6818659 
yHAB166_Kazachstania_yakushimaensis 0.6862106 0.6512805 0.6678949 0.5913280 1.3646596 0.5803563 0.5181183 0.6126219 0.4685525 0.5329241 0.5420712 0.7938747 0.6480504 0.3250873 0.6098180 0.6399379 0.5161938 0.6203974 0.5271377 0.0000000 0.7131801 
yHMPu5000035629_Yueomyces_sinensis  0.7578221 0.8257332 0.7109826 0.6387044 1.3376368 0.7138267 0.6472570 0.6512844 0.6894461 0.6931667 0.7546655 0.9165230 0.7366631 0.6877745 0.7100661 0.7225180 0.6662296 0.6883371 0.6818659 0.7131801 0.0000000 
