21
Kazachstania_africana               0.0000000 0.6798368 0.5404519 0.5192900 0.5995856 0.4517935 0.4792767 0.4875297 0.4895729 0.4952259 0.8456523 0.6282690 0.4740144 0.5871368 0.5383886 0.4189412 0.4968982 0.4664177 0.5017605 0.6113764 0.4782598 
Kazachstania_naganishii             0.6798368 0.0000000 0.6940675 0.6987663 0.8058851 0.7012392 0.6203026 0.7536541 0.6762171 0.6936006 0.6480855 0.7147719 0.6486345 0.8116787 0.7681005 0.7049505 0.6442727 0.7345091 0.6371627 0.8098069 0.7154075 
Naumovozyma_castellii               0.5404519 0.6940675 0.0000000 0.4049552 0.5936997 0.5515339 0.5261578 0.5765306 0.4918001 0.5265225 0.7412110 0.6385863 0.5667529 0.6500275 0.6410992 0.4987002 0.5109897 0.5365801 0.5358172 0.6515941 0.5012670 
Naumovozyma_dairenensis             0.5192900 0.6987663 0.4049552 0.0000000 0.5097548 0.4751773 0.4632190 0.4937529 0.5609506 0.4778270 0.8513126 0.6225774 0.4851149 0.5846571 0.5156469 0.4779414 0.4854407 0.5042377 0.4674486 0.6484867 0.5074287 
Tetrapisispora_blattae              0.5995856 0.8058851 0.5936997 0.5097548 0.0000000 0.5375128 0.5651060 0.5896921 0.5926402 0.5736986 0.9419341 0.7079892 0.5890677 0.6817390 0.7095402 0.5233895 0.5495023 0.6251885 0.5595681 0.6780816 0.4586964 
yHAB132_Kazachstania_martiniae      0.4517935 0.7012392 0.5515339 0.4751773 0.5375128 0.0000000 0.4209817 0.4790442 0.4700329 0.4012577 0.8452490 0.6471477 0.4691863 0.5389685 0.5629036 0.4594822 0.4058773 0.4854575 0.4386079 0.5479327 0.4955889 
yHAB133_Kazachstania_unispora       0.4792767 0.6203026 0.5261578 0.4632190 0.5651060 0.4209817 0.0000000 0.3964273 0.4229828 0.2029804 0.7826057 0.6257135 0.5600089 0.4926028 0.5462414 0.4692923 0.1452531 0.4557293 0.1404828 0.5231750 0.4762707 
yHAB134_Kazachstania_turicensis     0.4875297 0.7536541 0.5765306 0.4937529 0.5896921 0.4790442 0.3964273 0.0000000 0.5593033 0.5190985 0.8842991 0.7397598 0.5105195 0.5786287 0.6063077 0.5423737 0.4182274 0.3951469 0.4314037 0.5931559 0.5317066 
yHAB136_Kazachstania_bromeliacearum 0.4895729 0.6762171 0.4918001 0.5609506 0.5926402 0.4700329 0.4229828 0.5593033 0.0000000 0.4069460 0.8000245 0.5889098 0.5251420 0.4981177 0.6056995 0.4456159 0.4276849 0.4962417 0.4471374 0.5220629 0.5134647 
yHAB143_Kazachstania_siamensis      0.4952259 0.6936006 0.5265225 0.4778270 0.5736986 0.4012577 0.2029804 0.5190985 0.4069460 0.0000000 0.8420001 0.5903038 0.5844541 0.4534108 0.5591190 0.4577491 0.2292493 0.3974327 0.2336922 0.4623173 0.4844815 
yHAB147_Kazachstania_taianensis     0.8456523 0.6480855 0.7412110 0.8513126 0.9419341 0.8452490 0.7826057 0.8842991 0.8000245 0.8420001 0.0000000 0.6267117 0.7671066 0.9703164 0.9687334 0.8641013 0.7744337 0.8807227 0.7707672 1.0558559 0.8763512 
yHAB148_Kazachstania_intestinalis   0.6282690 0.7147719 0.6385863 0.6225774 0.7079892 0.6471477 0.6257135 0.7397598 0.5889098 0.5903038 0.6267117 0.0000000 0.6482061 0.7148498 0.7278896 0.6650138 0.6400221 0.7159592 0.6484198 0.7783010 0.7097955 
yHAB153_Kazachstania_rosinii        0.4740144 0.6486345 0.5667529 0.4851149 0.5890677 0.4691863 0.5600089 0.5105195 0.5251420 0.5844541 0.7671066 0.6482061 0.0000000 0.6348850 0.5114425 0.4814533 0.5415183 0.4150785 0.5655879 0.6937198 0.5304390 
yHAB154_Kazachstania_transvaalensis 0.5871368 0.8116787 0.6500275 0.5846571 0.6817390 0.5389685 0.4926028 0.5786287 0.4981177 0.4534108 0.9703164 0.7148498 0.6348850 0.0000000 0.6620607 0.6290281 0.5281697 0.5967306 0.5094257 0.1870837 0.5605939 
yHAB155_Kazachstania_spencerorum    0.5383886 0.7681005 0.6410992 0.5156469 0.7095402 0.5629036 0.5462414 0.6063077 0.6056995 0.5591190 0.9687334 0.7278896 0.5114425 0.6620607 0.0000000 0.5329290 0.5664384 0.5242534 0.5716301 0.7001543 0.6005928 
yHAB158_Kazachstania_viticola       0.4189412 0.7049505 0.4987002 0.4779414 0.5233895 0.4594822 0.4692923 0.5423737 0.4456159 0.4577491 0.8641013 0.6650138 0.4814533 0.6290281 0.5329290 0.0000000 0.4589479 0.4879662 0.4836044 0.6209686 0.5083086 
yHAB159_Kazachstania_solicola       0.4968982 0.6442727 0.5109897 0.4854407 0.5495023 0.4058773 0.1452531 0.4182274 0.4276849 0.2292493 0.7744337 0.6400221 0.5415183 0.5281697 0.5664384 0.4589479 0.0000000 0.4380552 0.0569808 0.5464571 0.4532644 
yHAB160_Kazachstania_kunashirensis  0.4664177 0.7345091 0.5365801 0.5042377 0.6251885 0.4854575 0.4557293 0.3951469 0.4962417 0.3974327 0.8807227 0.7159592 0.4150785 0.5967306 0.5242534 0.4879662 0.4380552 0.0000000 0.4573329 0.5834639 0.5347448 
yHAB164_Kazachstania_aerobia        0.5017605 0.6371627 0.5358172 0.4674486 0.5595681 0.4386079 0.1404828 0.4314037 0.4471374 0.2336922 0.7707672 0.6484198 0.5655879 0.5094257 0.5716301 0.4836044 0.0569808 0.4573329 0.0000000 0.5123702 0.4677468 
yHAB166_Kazachstania_yakushimaensis 0.6113764 0.8098069 0.6515941 0.6484867 0.6780816 0.5479327 0.5231750 0.5931559 0.5220629 0.4623173 1.0558559 0.7783010 0.6937198 0.1870837 0.7001543 0.6209686 0.5464571 0.5834639 0.5123702 0.0000000 0.6002591 
yHMPu5000035629_Yueomyces_sinensis  0.4782598 0.7154075 0.5012670 0.5074287 0.4586964 0.4955889 0.4762707 0.5317066 0.5134647 0.4844815 0.8763512 0.7097955 0.5304390 0.5605939 0.6005928 0.5083086 0.4532644 0.5347448 0.4677468 0.6002591 0.0000000 
