21
Kazachstania_africana               0.0000000 0.9163027 0.8418427 0.7337363 0.8756219 0.4811750 0.7522551 0.6851400 0.5275623 0.7132449 1.1753106 0.9149858 0.6642186 0.8155107 0.5675899 0.5639077 0.7385207 0.5609747 0.7249510 0.8124220 0.8114832 
Kazachstania_naganishii             0.9163027 0.0000000 1.1544675 1.0667213 1.0781708 0.8910015 0.9784570 1.0220443 0.7360915 1.0003816 1.0261160 1.1141270 0.9542278 0.9883302 0.8564912 0.9953981 0.9581754 1.0360607 0.9438773 1.0537891 1.0826969 
Naumovozyma_castellii               0.8418427 1.1544675 0.0000000 0.6613478 1.1368966 0.8732090 1.1030459 0.8599510 0.9017779 1.0615880 1.4252762 1.0253159 0.8912033 1.0413201 0.9058781 0.9281928 1.1180220 0.8159561 1.1021293 1.0956675 0.9377651 
Naumovozyma_dairenensis             0.7337363 1.0667213 0.6613478 0.0000000 1.0134839 0.7833554 0.9606208 0.8288169 0.7624053 0.9737659 1.3423773 0.9945884 0.7946101 0.9154865 0.7883212 0.8974405 0.8855856 0.7361105 0.9104444 0.9382478 0.8992109 
Tetrapisispora_blattae              0.8756219 1.0781708 1.1368966 1.0134839 0.0000000 0.8179001 0.9079744 0.8561537 0.8141836 0.9476060 1.6216923 1.1527598 0.9144610 0.9052052 0.8790712 0.8418661 0.9481839 0.8135274 0.8915437 0.8957398 0.6224984 
yHAB132_Kazachstania_martiniae      0.4811750 0.8910015 0.8732090 0.7833554 0.8179001 0.0000000 0.6763452 0.6448092 0.5017916 0.6798429 1.2654924 0.8512394 0.5745958 0.8272056 0.4946782 0.5506198 0.6913002 0.5382287 0.6851906 0.8258862 0.7224151 
yHAB133_Kazachstania_unispora       0.7522551 0.9784570 1.1030459 0.9606208 0.9079744 0.6763452 0.0000000 0.8209804 0.6398424 0.2197701 1.1077652 1.1460995 0.8025760 0.8201028 0.7851339 0.8152966 0.1365389 0.8384072 0.1303493 0.7380291 0.8652454 
yHAB134_Kazachstania_turicensis     0.6851400 1.0220443 0.8599510 0.8288169 0.8561537 0.6448092 0.8209804 0.0000000 0.6703354 0.8123800 1.4607636 0.9909952 0.6220872 0.9481501 0.5860769 0.6814168 0.8411710 0.4182664 0.8163908 0.9177092 0.8224856 
yHAB136_Kazachstania_bromeliacearum 0.5275623 0.7360915 0.9017779 0.7624053 0.8141836 0.5017916 0.6398424 0.6703354 0.0000000 0.5747057 0.9909371 0.8964703 0.6807191 0.6926427 0.5038970 0.6252989 0.6097484 0.6536334 0.5795558 0.7175422 0.7185560 
yHAB143_Kazachstania_siamensis      0.7132449 1.0003816 1.0615880 0.9737659 0.9476060 0.6798429 0.2197701 0.8123800 0.5747057 0.0000000 1.1392268 1.1178433 0.8019929 0.7870525 0.7766240 0.7839403 0.2217637 0.8301719 0.2188105 0.7817008 0.8369771 
yHAB147_Kazachstania_taianensis     1.1753106 1.0261160 1.4252762 1.3423773 1.6216923 1.2654924 1.1077652 1.4607636 0.9909371 1.1392268 0.0000000 1.2906755 1.2583464 1.0725160 1.3568976 1.2975029 1.0564040 1.4122882 1.0426520 1.1823017 1.4003139 
yHAB148_Kazachstania_intestinalis   0.9149858 1.1141270 1.0253159 0.9945884 1.1527598 0.8512394 1.1460995 0.9909952 0.8964703 1.1178433 1.2906755 0.0000000 0.9644103 1.0142454 0.8767946 0.8976558 1.0622353 0.8872380 1.0422088 1.0948346 1.1682366 
yHAB153_Kazachstania_rosinii        0.6642186 0.9542278 0.8912033 0.7946101 0.9144610 0.5745958 0.8025760 0.6220872 0.6807191 0.8019929 1.2583464 0.9644103 0.0000000 0.9218828 0.5504120 0.5974801 0.7675810 0.5539138 0.7603959 0.9072056 0.7991246 
yHAB154_Kazachstania_transvaalensis 0.8155107 0.9883302 1.0413201 0.9154865 0.9052052 0.8272056 0.8201028 0.9481501 0.6926427 0.7870525 1.0725160 1.0142454 0.9218828 0.0000000 0.7858460 0.8265316 0.8164210 0.8615815 0.7611297 0.2331423 0.8286510 
yHAB155_Kazachstania_spencerorum    0.5675899 0.8564912 0.9058781 0.7883212 0.8790712 0.4946782 0.7851339 0.5860769 0.5038970 0.7766240 1.3568976 0.8767946 0.5504120 0.7858460 0.0000000 0.5591025 0.7533972 0.5349461 0.7308860 0.7734753 0.7938629 
yHAB158_Kazachstania_viticola       0.5639077 0.9953981 0.9281928 0.8974405 0.8418661 0.5506198 0.8152966 0.6814168 0.6252989 0.7839403 1.2975029 0.8976558 0.5974801 0.8265316 0.5591025 0.0000000 0.8475964 0.6219087 0.8073594 0.8314617 0.7204408 
yHAB159_Kazachstania_solicola       0.7385207 0.9581754 1.1180220 0.8855856 0.9481839 0.6913002 0.1365389 0.8411710 0.6097484 0.2217637 1.0564040 1.0622353 0.7675810 0.8164210 0.7533972 0.8475964 0.0000000 0.8372480 0.0506188 0.7448477 0.8884641 
yHAB160_Kazachstania_kunashirensis  0.5609747 1.0360607 0.8159561 0.7361105 0.8135274 0.5382287 0.8384072 0.4182664 0.6536334 0.8301719 1.4122882 0.8872380 0.5539138 0.8615815 0.5349461 0.6219087 0.8372480 0.0000000 0.8129492 0.8647917 0.7637096 
yHAB164_Kazachstania_aerobia        0.7249510 0.9438773 1.1021293 0.9104444 0.8915437 0.6851906 0.1303493 0.8163908 0.5795558 0.2188105 1.0426520 1.0422088 0.7603959 0.7611297 0.7308860 0.8073594 0.0506188 0.8129492 0.0000000 0.7116951 0.8550074 
yHAB166_Kazachstania_yakushimaensis 0.8124220 1.0537891 1.0956675 0.9382478 0.8957398 0.8258862 0.7380291 0.9177092 0.7175422 0.7817008 1.1823017 1.0948346 0.9072056 0.2331423 0.7734753 0.8314617 0.7448477 0.8647917 0.7116951 0.0000000 0.8204499 
yHMPu5000035629_Yueomyces_sinensis  0.8114832 1.0826969 0.9377651 0.8992109 0.6224984 0.7224151 0.8652454 0.8224856 0.7185560 0.8369771 1.4003139 1.1682366 0.7991246 0.8286510 0.7938629 0.7204408 0.8884641 0.7637096 0.8550074 0.8204499 0.0000000 
