21
Kazachstania_africana               0.0000000 0.7052267 0.4850611 0.5166980 0.5331408 0.5062531 0.4853012 0.4488248 0.5659916 0.4591855 0.5756190 0.6370142 0.5959729 0.6361343 0.4701152 0.5253846 0.5191228 0.4616441 0.4978406 0.5767674 0.6067578 
Kazachstania_naganishii             0.7052267 0.0000000 0.6248007 0.6711909 0.7322327 0.6657327 0.6748176 0.7801669 0.5919005 0.6642436 0.5541953 0.6473402 0.6388662 0.8916671 0.6708638 0.7300394 0.5702004 0.8191980 0.6073142 0.7847838 0.9268498 
Naumovozyma_castellii               0.4850611 0.6248007 0.0000000 0.4177912 0.5178253 0.4612239 0.4870276 0.5135150 0.4821550 0.4554914 0.5224991 0.6850671 0.5652918 0.6549518 0.5030688 0.5436906 0.5250268 0.5111299 0.4597855 0.5752368 0.6099063 
Naumovozyma_dairenensis             0.5166980 0.6711909 0.4177912 0.0000000 0.5355660 0.4975255 0.4857331 0.4829946 0.4963785 0.4711280 0.5402668 0.6821031 0.6181983 0.6165342 0.4911034 0.5490909 0.5031991 0.5199704 0.4485123 0.5530367 0.6319057 
Tetrapisispora_blattae              0.5331408 0.7322327 0.5178253 0.5355660 0.0000000 0.5169470 0.5464271 0.5153463 0.5506257 0.5133645 0.6075901 0.7262660 0.6563110 0.6634213 0.4914722 0.5671441 0.5580925 0.5306664 0.5079159 0.6149645 0.4138290 
yHAB132_Kazachstania_martiniae      0.5062531 0.6657327 0.4612239 0.4975255 0.5169470 0.0000000 0.4550345 0.4227144 0.5001749 0.4382494 0.5135106 0.6292077 0.4794242 0.6011424 0.3603226 0.5431020 0.5250115 0.4604314 0.4451227 0.5470585 0.5955043 
yHAB133_Kazachstania_unispora       0.4853012 0.6748176 0.4870276 0.4857331 0.5464271 0.4550345 0.0000000 0.4349848 0.4044507 0.2050710 0.4923685 0.6856275 0.6090792 0.5271213 0.4447183 0.4742215 0.2445534 0.4579878 0.1837151 0.4576472 0.5757758 
yHAB134_Kazachstania_turicensis     0.4488248 0.7801669 0.5135150 0.4829946 0.5153463 0.4227144 0.4349848 0.0000000 0.5704498 0.4523677 0.6177283 0.6425194 0.5166891 0.6329820 0.3818968 0.5314663 0.5046997 0.3244971 0.4457906 0.5636912 0.4848349 
yHAB136_Kazachstania_bromeliacearum 0.5659916 0.5919005 0.4821550 0.4963785 0.5506257 0.5001749 0.4044507 0.5704498 0.0000000 0.4318509 0.4853432 0.6885840 0.6836150 0.6412828 0.5369885 0.5308560 0.4233479 0.5971741 0.4056218 0.5465334 0.6385461 
yHAB143_Kazachstania_siamensis      0.4591855 0.6642436 0.4554914 0.4711280 0.5133645 0.4382494 0.2050710 0.4523677 0.4318509 0.0000000 0.4673782 0.7175898 0.6484418 0.4913119 0.4590903 0.4857829 0.2783921 0.4358479 0.2261112 0.4381256 0.5309977 
yHAB147_Kazachstania_taianensis     0.5756190 0.5541953 0.5224991 0.5402668 0.6075901 0.5135106 0.4923685 0.6177283 0.4853432 0.4673782 0.0000000 0.6654792 0.5581083 0.5858969 0.5079786 0.5156245 0.4904159 0.5906162 0.4749704 0.5353832 0.7561614 
yHAB148_Kazachstania_intestinalis   0.6370142 0.6473402 0.6850671 0.6821031 0.7262660 0.6292077 0.6856275 0.6425194 0.6885840 0.7175898 0.6654792 0.0000000 0.6836711 0.9086833 0.6209048 0.6856927 0.6480866 0.6962012 0.6575488 0.8295423 0.7931352 
yHAB153_Kazachstania_rosinii        0.5959729 0.6388662 0.5652918 0.6181983 0.6563110 0.4794242 0.6090792 0.5166891 0.6836150 0.6484418 0.5581083 0.6836711 0.0000000 0.7182727 0.4153146 0.6320005 0.6419248 0.5478752 0.6047580 0.6616265 0.7424176 
yHAB154_Kazachstania_transvaalensis 0.6361343 0.8916671 0.6549518 0.6165342 0.6634213 0.6011424 0.5271213 0.6329820 0.6412828 0.4913119 0.5858969 0.9086833 0.7182727 0.0000000 0.5720081 0.6462954 0.5703893 0.6558253 0.5256073 0.2392079 0.6823090 
yHAB155_Kazachstania_spencerorum    0.4701152 0.6708638 0.5030688 0.4911034 0.4914722 0.3603226 0.4447183 0.3818968 0.5369885 0.4590903 0.5079786 0.6209048 0.4153146 0.5720081 0.0000000 0.4787973 0.5098883 0.4093318 0.4618692 0.5095388 0.5753394 
yHAB158_Kazachstania_viticola       0.5253846 0.7300394 0.5436906 0.5490909 0.5671441 0.5431020 0.4742215 0.5314663 0.5308560 0.4857829 0.5156245 0.6856927 0.6320005 0.6462954 0.4787973 0.0000000 0.4891021 0.5132029 0.4903723 0.6524196 0.6301651 
yHAB159_Kazachstania_solicola       0.5191228 0.5702004 0.5250268 0.5031991 0.5580925 0.5250115 0.2445534 0.5046997 0.4233479 0.2783921 0.4904159 0.6480866 0.6419248 0.5703893 0.5098883 0.4891021 0.0000000 0.5618235 0.1205684 0.5300790 0.6514647 
yHAB160_Kazachstania_kunashirensis  0.4616441 0.8191980 0.5111299 0.5199704 0.5306664 0.4604314 0.4579878 0.3244971 0.5971741 0.4358479 0.5906162 0.6962012 0.5478752 0.6558253 0.4093318 0.5132029 0.5618235 0.0000000 0.5076364 0.6071826 0.5759702 
yHAB164_Kazachstania_aerobia        0.4978406 0.6073142 0.4597855 0.4485123 0.5079159 0.4451227 0.1837151 0.4457906 0.4056218 0.2261112 0.4749704 0.6575488 0.6047580 0.5256073 0.4618692 0.4903723 0.1205684 0.5076364 0.0000000 0.4843574 0.5640710 
yHAB166_Kazachstania_yakushimaensis 0.5767674 0.7847838 0.5752368 0.5530367 0.6149645 0.5470585 0.4576472 0.5636912 0.5465334 0.4381256 0.5353832 0.8295423 0.6616265 0.2392079 0.5095388 0.6524196 0.5300790 0.6071826 0.4843574 0.0000000 0.6536846 
yHMPu5000035629_Yueomyces_sinensis  0.6067578 0.9268498 0.6099063 0.6319057 0.4138290 0.5955043 0.5757758 0.4848349 0.6385461 0.5309977 0.7561614 0.7931352 0.7424176 0.6823090 0.5753394 0.6301651 0.6514647 0.5759702 0.5640710 0.6536846 0.0000000 
