21
Kazachstania_africana               0.0000000 1.3386356 1.0467581 1.1925083 1.3497014 1.1954847 1.2056992 1.0120780 1.1579971 1.0351197 1.5867770 1.2208429 1.1496282 1.1613701 0.9327731 1.0340530 1.0235032 0.9876894 1.1284573 1.0471789 1.2290080 
Kazachstania_naganishii             1.3386356 0.0000000 1.1352252 1.3296541 1.4869573 1.0410021 1.2166127 1.0165712 1.0464922 1.2211124 0.8445520 0.9452673 0.8360632 1.4951258 1.2516329 1.2821278 1.2527418 1.1317546 1.3100313 1.5151795 1.4677629 
Naumovozyma_castellii               1.0467581 1.1352252 0.0000000 0.6181738 0.9500871 0.9774046 1.1961237 1.0833715 0.8714385 1.1578292 1.3934112 0.9892270 1.2198790 1.1806667 1.0644031 1.1792471 1.1509776 1.1206176 1.1711292 1.1652910 0.9090513 
Naumovozyma_dairenensis             1.1925083 1.3296541 0.6181738 0.0000000 0.8745921 0.8879877 0.9925359 0.8678796 0.8818027 1.0396228 1.5629704 0.9678779 1.0456159 1.0308226 0.8124008 0.9439685 1.0316025 0.8630046 1.0040851 1.0865584 0.7811278 
Tetrapisispora_blattae              1.3497014 1.4869573 0.9500871 0.8745921 0.0000000 1.1492994 0.9946683 1.0011846 1.0003411 1.1279662 1.6667075 1.2109559 1.2806011 1.1715878 1.0420515 0.9885776 0.9775590 0.9657374 0.9513023 1.1610200 0.5907896 
yHAB132_Kazachstania_martiniae      1.1954847 1.0410021 0.9774046 0.8879877 1.1492994 0.0000000 1.0758419 0.7618883 0.7639147 1.0433788 1.4476902 0.8598310 1.0472388 1.1451314 0.8329535 0.9391398 1.0273487 0.7730642 1.0464550 1.2019307 1.1291262 
yHAB133_Kazachstania_unispora       1.2056992 1.2166127 1.1961237 0.9925359 0.9946683 1.0758419 0.0000000 1.0679332 0.8044512 0.4563393 1.6080816 1.2897597 1.4229745 0.8846405 1.0972286 1.0719182 0.3499952 1.1104340 0.3229036 0.8948747 0.9318203 
yHAB134_Kazachstania_turicensis     1.0120780 1.0165712 1.0833715 0.8678796 1.0011846 0.7618883 1.0679332 0.0000000 0.8260630 1.0945727 1.4941252 0.9629300 0.6790058 1.1033408 0.4998578 0.7906478 1.1310063 0.3320314 1.0924910 0.9785980 0.9671083 
yHAB136_Kazachstania_bromeliacearum 1.1579971 1.0464922 0.8714385 0.8818027 1.0003411 0.7639147 0.8044512 0.8260630 0.0000000 0.7939146 1.2824721 0.9130542 1.1570793 1.0512838 0.8757369 0.9395773 0.7929979 0.7941940 0.7937368 1.0757301 0.9388563 
yHAB143_Kazachstania_siamensis      1.0351197 1.2211124 1.1578292 1.0396228 1.1279662 1.0433788 0.4563393 1.0945727 0.7939146 0.0000000 1.4735612 1.1452611 1.4168034 1.0214055 1.0253124 1.0960330 0.4591562 1.0682835 0.4603797 1.0589453 0.9588425 
yHAB147_Kazachstania_taianensis     1.5867770 0.8445520 1.3934112 1.5629704 1.6667075 1.4476902 1.6080816 1.4941252 1.2824721 1.4735612 0.0000000 1.1330937 0.9099671 1.6827544 1.5599134 1.6885984 1.5945283 1.5540481 1.6263607 1.7458072 1.7359250 
yHAB148_Kazachstania_intestinalis   1.2208429 0.9452673 0.9892270 0.9678779 1.2109559 0.8598310 1.2897597 0.9629300 0.9130542 1.1452611 1.1330937 0.0000000 0.9561473 1.1321789 0.9990652 1.2328606 1.2420126 0.9921527 1.2483483 1.1949110 1.1862538 
yHAB153_Kazachstania_rosinii        1.1496282 0.8360632 1.2198790 1.0456159 1.2806011 1.0472388 1.4229745 0.6790058 1.1570793 1.4168034 0.9099671 0.9561473 0.0000000 1.4006578 0.7548105 0.9139604 1.4253011 0.6989903 1.4106199 1.4174607 1.4428857 
yHAB154_Kazachstania_transvaalensis 1.1613701 1.4951258 1.1806667 1.0308226 1.1715878 1.1451314 0.8846405 1.1033408 1.0512838 1.0214055 1.6827544 1.1321789 1.4006578 0.0000000 1.0049550 1.0016172 0.9341582 0.9872464 0.9279509 0.3090225 0.9931902 
yHAB155_Kazachstania_spencerorum    0.9327731 1.2516329 1.0644031 0.8124008 1.0420515 0.8329535 1.0972286 0.4998578 0.8757369 1.0253124 1.5599134 0.9990652 0.7548105 1.0049550 0.0000000 0.7790551 1.0849855 0.3956978 1.0377025 1.0357304 0.9810762 
yHAB158_Kazachstania_viticola       1.0340530 1.2821278 1.1792471 0.9439685 0.9885776 0.9391398 1.0719182 0.7906478 0.9395773 1.0960330 1.6885984 1.2328606 0.9139604 1.0016172 0.7790551 0.0000000 1.0237553 0.6429656 0.9658246 1.0582183 0.9830332 
yHAB159_Kazachstania_solicola       1.0235032 1.2527418 1.1509776 1.0316025 0.9775590 1.0273487 0.3499952 1.1310063 0.7929979 0.4591562 1.5945283 1.2420126 1.4253011 0.9341582 1.0849855 1.0237553 0.0000000 1.0628868 0.1073936 1.0216531 0.9085767 
yHAB160_Kazachstania_kunashirensis  0.9876894 1.1317546 1.1206176 0.8630046 0.9657374 0.7730642 1.1104340 0.3320314 0.7941940 1.0682835 1.5540481 0.9921527 0.6989903 0.9872464 0.3956978 0.6429656 1.0628868 0.0000000 1.0294591 0.9940338 0.8854224 
yHAB164_Kazachstania_aerobia        1.1284573 1.3100313 1.1711292 1.0040851 0.9513023 1.0464550 0.3229036 1.0924910 0.7937368 0.4603797 1.6263607 1.2483483 1.4106199 0.9279509 1.0377025 0.9658246 0.1073936 1.0294591 0.0000000 0.9819260 0.8713519 
yHAB166_Kazachstania_yakushimaensis 1.0471789 1.5151795 1.1652910 1.0865584 1.1610200 1.2019307 0.8948747 0.9785980 1.0757301 1.0589453 1.7458072 1.1949110 1.4174607 0.3090225 1.0357304 1.0582183 1.0216531 0.9940338 0.9819260 0.0000000 1.0045547 
yHMPu5000035629_Yueomyces_sinensis  1.2290080 1.4677629 0.9090513 0.7811278 0.5907896 1.1291262 0.9318203 0.9671083 0.9388563 0.9588425 1.7359250 1.1862538 1.4428857 0.9931902 0.9810762 0.9830332 0.9085767 0.8854224 0.8713519 1.0045547 0.0000000 
