21
Kazachstania_africana               0.0000000 2.6174984 1.8344319 2.2824829 8.9999984 2.1275865 2.2389434 1.8417661 1.9515890 2.6564406 2.1922708 2.6291522 1.8670426 3.1692652 1.8546591 1.8144518 2.1978357 1.6746137 2.1120301 3.0837892 6.9189639 
Kazachstania_naganishii             2.6174984 0.0000000 2.7705888 2.9351940 8.9999989 2.3398842 3.1048026 2.7396771 2.3963342 3.3424171 2.8954652 2.7708491 2.3488215 3.6596674 2.5693925 2.3749320 3.3132307 2.4136015 3.3183846 3.5998497 8.1038298 
Naumovozyma_castellii               1.8344319 2.7705888 0.0000000 1.7982961 8.9999990 2.2393348 2.4005270 2.1828336 2.1179714 2.8478508 2.5865531 3.5914528 2.3114231 2.9536690 2.1693091 2.2287256 2.6222780 2.2434578 2.7021008 3.0424366 8.9999987 
Naumovozyma_dairenensis             2.2824829 2.9351940 1.7982961 0.0000000 8.9999987 2.6451690 1.8635925 2.5409808 2.1871446 2.1507688 2.4950075 2.6139542 2.7489786 2.5357884 2.2541049 2.4475782 2.1429837 2.1725842 2.1569055 2.7801641 8.6738488 
Tetrapisispora_blattae              8.9999984 8.9999989 8.9999990 8.9999987 0.0000000 8.9999985 8.9999982 8.9999981 8.9999983 8.9999984 8.9999987 8.9999988 8.9999984 8.9999990 8.9999986 8.9999990 8.9999981 8.9999981 8.9999981 8.9999986 3.8813661 
yHAB132_Kazachstania_martiniae      2.1275865 2.3398842 2.2393348 2.6451690 8.9999985 0.0000000 2.5071722 2.0224362 1.5354200 2.8613246 2.1629541 2.1850470 2.0323415 3.0479729 1.7164454 1.8468415 2.4856552 1.6705541 2.3298962 3.1575207 7.5025041 
yHAB133_Kazachstania_unispora       2.2389434 3.1048026 2.4005270 1.8635925 8.9999982 2.5071722 0.0000000 2.4260478 1.9792840 1.1271641 2.1562188 2.4340434 2.5858640 2.2132536 2.3002020 2.3270569 0.5871877 2.1239500 0.5918082 2.2287910 7.9996194 
yHAB134_Kazachstania_turicensis     1.8417661 2.7396771 2.1828336 2.5409808 8.9999981 2.0224362 2.4260478 0.0000000 1.9625821 2.5064538 2.7459765 2.9535638 1.7073640 2.8129793 1.4300173 1.7965379 2.5151889 0.8791957 2.3433785 2.7769610 8.4162432 
yHAB136_Kazachstania_bromeliacearum 1.9515890 2.3963342 2.1179714 2.1871446 8.9999983 1.5354200 1.9792840 1.9625821 0.0000000 2.1609797 2.1413216 2.3147566 1.9153693 2.4680440 1.8539585 1.8569409 2.1020042 1.7833699 1.9258173 2.4489174 7.7905690 
yHAB143_Kazachstania_siamensis      2.6564406 3.3424171 2.8478508 2.1507688 8.9999984 2.8613246 1.1271641 2.5064538 2.1609797 0.0000000 2.4958779 3.0002347 2.5158200 2.3788884 2.7977320 2.7292777 1.1236520 2.4573840 1.1838191 2.2715570 8.9999982 
yHAB147_Kazachstania_taianensis     2.1922708 2.8954652 2.5865531 2.4950075 8.9999987 2.1629541 2.1562188 2.7459765 2.1413216 2.4958779 0.0000000 2.7738390 2.5891405 2.3981609 2.3919729 2.7390373 2.1654140 2.4380104 2.2265676 2.4317596 8.9999988 
yHAB148_Kazachstania_intestinalis   2.6291522 2.7708491 3.5914528 2.6139542 8.9999988 2.1850470 2.4340434 2.9535638 2.3147566 3.0002347 2.7738390 0.0000000 2.5683621 3.3672677 2.5568763 2.5249134 2.3557424 2.5711020 2.3321419 3.5098562 8.5453927 
yHAB153_Kazachstania_rosinii        1.8670426 2.3488215 2.3114231 2.7489786 8.9999984 2.0323415 2.5858640 1.7073640 1.9153693 2.5158200 2.5891405 2.5683621 0.0000000 3.1383678 1.6078665 1.8504705 2.6485981 1.5140487 2.5420660 3.1220835 8.2269166 
yHAB154_Kazachstania_transvaalensis 3.1692652 3.6596674 2.9536690 2.5357884 8.9999990 3.0479729 2.2132536 2.8129793 2.4680440 2.3788884 2.3981609 3.3672677 3.1383678 0.0000000 2.6813783 2.8019473 2.4106232 2.8654242 2.4142546 0.5862338 8.9999980 
yHAB155_Kazachstania_spencerorum    1.8546591 2.5693925 2.1693091 2.2541049 8.9999986 1.7164454 2.3002020 1.4300173 1.8539585 2.7977320 2.3919729 2.5568763 1.6078665 2.6813783 0.0000000 1.5436618 2.4979085 1.2822349 2.4191389 2.6948345 8.7352540 
yHAB158_Kazachstania_viticola       1.8144518 2.3749320 2.2287256 2.4475782 8.9999990 1.8468415 2.3270569 1.7965379 1.8569409 2.7292777 2.7390373 2.5249134 1.8504705 2.8019473 1.5436618 0.0000000 2.5839406 1.6636249 2.3386323 2.8301970 7.5243533 
yHAB159_Kazachstania_solicola       2.1978357 3.3132307 2.6222780 2.1429837 8.9999981 2.4856552 0.5871877 2.5151889 2.1020042 1.1236520 2.1654140 2.3557424 2.6485981 2.4106232 2.4979085 2.5839406 0.0000000 2.2659414 0.3116386 2.3427540 8.0832632 
yHAB160_Kazachstania_kunashirensis  1.6746137 2.4136015 2.2434578 2.1725842 8.9999981 1.6705541 2.1239500 0.8791957 1.7833699 2.4573840 2.4380104 2.5711020 1.5140487 2.8654242 1.2822349 1.6636249 2.2659414 0.0000000 2.1735553 2.8507866 7.7908444 
yHAB164_Kazachstania_aerobia        2.1120301 3.3183846 2.7021008 2.1569055 8.9999981 2.3298962 0.5918082 2.3433785 1.9258173 1.1838191 2.2265676 2.3321419 2.5420660 2.4142546 2.4191389 2.3386323 0.3116386 2.1735553 0.0000000 2.4147357 7.6495316 
yHAB166_Kazachstania_yakushimaensis 3.0837892 3.5998497 3.0424366 2.7801641 8.9999986 3.1575207 2.2287910 2.7769610 2.4489174 2.2715570 2.4317596 3.5098562 3.1220835 0.5862338 2.6948345 2.8301970 2.3427540 2.8507866 2.4147357 0.0000000 8.5934314 
yHMPu5000035629_Yueomyces_sinensis  6.9189639 8.1038298 8.9999987 8.6738488 3.8813661 7.5025041 7.9996194 8.4162432 7.7905690 8.9999982 8.9999988 8.5453927 8.2269166 8.9999980 8.7352540 7.5243533 8.0832632 7.7908444 7.6495316 8.5934314 0.0000000 
