21
Kazachstania_africana               0.0000000 0.1575409 0.0890810 0.0920350 0.1484684 0.1057791 0.1320795 0.1267647 0.0917252 0.0775016 0.1009810 0.0987948 0.1676137 0.0956846 0.1390136 0.0691873 0.0919317 0.1208422 0.0943234 0.0883394 0.1778212 
Kazachstania_naganishii             0.1575409 0.0000000 0.1494573 0.1732801 0.2311431 0.2015449 0.2817027 0.1910231 0.1688139 0.2005845 0.1248602 0.1544189 0.1550311 0.1975775 0.2511485 0.1726604 0.1891578 0.2183467 0.1987584 0.2010248 0.2587387 
Naumovozyma_castellii               0.0890810 0.1494573 0.0000000 0.0666470 0.1434104 0.1051927 0.1511669 0.1163726 0.0857742 0.0953547 0.0876548 0.0998759 0.1391485 0.1168138 0.1518686 0.0963584 0.0952670 0.1085575 0.1028098 0.1101904 0.1635447 
Naumovozyma_dairenensis             0.0920350 0.1732801 0.0666470 0.0000000 0.1301512 0.1201723 0.1577663 0.1245169 0.0899362 0.1000201 0.1135780 0.1109200 0.1625698 0.1149484 0.1498575 0.0944570 0.1207960 0.1078217 0.1177181 0.1158065 0.1544528 
Tetrapisispora_blattae              0.1484684 0.2311431 0.1434104 0.1301512 0.0000000 0.1471946 0.1645694 0.1487677 0.1430900 0.1250287 0.1816615 0.1767471 0.2072183 0.1432511 0.1678342 0.1426015 0.1412736 0.1418125 0.1392995 0.1381748 0.0999327 
yHAB132_Kazachstania_martiniae      0.1057791 0.2015449 0.1051927 0.1201723 0.1471946 0.0000000 0.1334817 0.1222487 0.1121015 0.0745012 0.1189695 0.1316480 0.1924500 0.0974411 0.1722826 0.0964184 0.1030469 0.1020138 0.0987439 0.0949334 0.1648659 
yHAB133_Kazachstania_unispora       0.1320795 0.2817027 0.1511669 0.1577663 0.1645694 0.1334817 0.0000000 0.1591423 0.1421278 0.0710757 0.1639311 0.1726736 0.2601270 0.0945330 0.1621299 0.1250908 0.0704203 0.1520053 0.0657111 0.0870710 0.1897445 
yHAB134_Kazachstania_turicensis     0.1267647 0.1910231 0.1163726 0.1245169 0.1487677 0.1222487 0.1591423 0.0000000 0.1320282 0.1148162 0.1328043 0.1563092 0.1658471 0.1204048 0.1809145 0.1061965 0.1295785 0.0987553 0.1267018 0.1099953 0.1690299 
yHAB136_Kazachstania_bromeliacearum 0.0917252 0.1688139 0.0857742 0.0899362 0.1430900 0.1121015 0.1421278 0.1320282 0.0000000 0.0920158 0.1050156 0.1095057 0.1586153 0.1049501 0.1592574 0.0890607 0.1063752 0.1131684 0.1022274 0.0913871 0.1699167 
yHAB143_Kazachstania_siamensis      0.0775016 0.2005845 0.0953547 0.1000201 0.1250287 0.0745012 0.0710757 0.1148162 0.0920158 0.0000000 0.0875121 0.1119841 0.1774282 0.0731758 0.1284778 0.0780205 0.0469681 0.1093997 0.0447881 0.0633094 0.1528324 
yHAB147_Kazachstania_taianensis     0.1009810 0.1248602 0.0876548 0.1135780 0.1816615 0.1189695 0.1639311 0.1328043 0.1050156 0.0875121 0.0000000 0.1145943 0.1224098 0.1223074 0.1816142 0.1107745 0.1024539 0.1472916 0.1037000 0.1226786 0.2018408 
yHAB148_Kazachstania_intestinalis   0.0987948 0.1544189 0.0998759 0.1109200 0.1767471 0.1316480 0.1726736 0.1563092 0.1095057 0.1119841 0.1145943 0.0000000 0.1671957 0.1240299 0.1834362 0.1154164 0.1276502 0.1469789 0.1329639 0.1244684 0.2097495 
yHAB153_Kazachstania_rosinii        0.1676137 0.1550311 0.1391485 0.1625698 0.2072183 0.1924500 0.2601270 0.1658471 0.1586153 0.1774282 0.1224098 0.1671957 0.0000000 0.1989783 0.1955329 0.1798773 0.1711988 0.1955651 0.1808827 0.2014273 0.2271317 
yHAB154_Kazachstania_transvaalensis 0.0956846 0.1975775 0.1168138 0.1149484 0.1432511 0.0974411 0.0945330 0.1204048 0.1049501 0.0731758 0.1223074 0.1240299 0.1989783 0.0000000 0.1574045 0.0836528 0.0885594 0.1178137 0.0858929 0.0390475 0.1736229 
yHAB155_Kazachstania_spencerorum    0.1390136 0.2511485 0.1518686 0.1498575 0.1678342 0.1722826 0.1621299 0.1809145 0.1592574 0.1284778 0.1816142 0.1834362 0.1955329 0.1574045 0.0000000 0.1543523 0.1474677 0.1766968 0.1297362 0.1569315 0.1886057 
yHAB158_Kazachstania_viticola       0.0691873 0.1726604 0.0963584 0.0944570 0.1426015 0.0964184 0.1250908 0.1061965 0.0890607 0.0780205 0.1107745 0.1154164 0.1798773 0.0836528 0.1543523 0.0000000 0.1022216 0.0993380 0.0963001 0.0788479 0.1641061 
yHAB159_Kazachstania_solicola       0.0919317 0.1891578 0.0952670 0.1207960 0.1412736 0.1030469 0.0704203 0.1295785 0.1063752 0.0469681 0.1024539 0.1276502 0.1711988 0.0885594 0.1474677 0.1022216 0.0000000 0.1203061 0.0171182 0.0698780 0.1576741 
yHAB160_Kazachstania_kunashirensis  0.1208422 0.2183467 0.1085575 0.1078217 0.1418125 0.1020138 0.1520053 0.0987553 0.1131684 0.1093997 0.1472916 0.1469789 0.1955651 0.1178137 0.1766968 0.0993380 0.1203061 0.0000000 0.1146806 0.1136162 0.1548654 
yHAB164_Kazachstania_aerobia        0.0943234 0.1987584 0.1028098 0.1177181 0.1392995 0.0987439 0.0657111 0.1267018 0.1022274 0.0447881 0.1037000 0.1329639 0.1808827 0.0858929 0.1297362 0.0963001 0.0171182 0.1146806 0.0000000 0.0726294 0.1621141 
yHAB166_Kazachstania_yakushimaensis 0.0883394 0.2010248 0.1101904 0.1158065 0.1381748 0.0949334 0.0870710 0.1099953 0.0913871 0.0633094 0.1226786 0.1244684 0.2014273 0.0390475 0.1569315 0.0788479 0.0698780 0.1136162 0.0726294 0.0000000 0.1519764 
yHMPu5000035629_Yueomyces_sinensis  0.1778212 0.2587387 0.1635447 0.1544528 0.0999327 0.1648659 0.1897445 0.1690299 0.1699167 0.1528324 0.2018408 0.2097495 0.2271317 0.1736229 0.1886057 0.1641061 0.1576741 0.1548654 0.1621141 0.1519764 0.0000000 
