21
Kazachstania_africana               0.0000000 1.0943037 0.7738476 0.7999357 1.1587100 0.8005704 0.7764243 0.6682392 0.8400602 0.8402877 1.0222683 1.0392619 0.7539465 0.9569158 0.9129746 0.8869587 0.8983889 0.7557339 0.8985543 0.8837163 1.5568371 
Kazachstania_naganishii             1.0943037 0.0000000 1.0551683 1.0793558 1.6079697 1.1622166 1.0921178 1.0020857 0.9627183 0.8650876 0.5892760 1.0398040 0.8608343 0.9746000 1.6464611 1.1501762 0.8767957 1.0593422 0.8684891 1.0047552 2.5178359 
Naumovozyma_castellii               0.7738476 1.0551683 0.0000000 0.4679729 1.0881466 0.7076326 0.6879614 0.6468706 0.6062520 0.7617083 1.0606536 0.9753990 0.8589552 0.8516445 0.8496623 0.7371988 0.7020526 0.6253823 0.7282895 0.8769604 1.4945410 
Naumovozyma_dairenensis             0.7999357 1.0793558 0.4679729 0.0000000 1.0946946 0.7949450 0.6941285 0.8046407 0.6191226 0.6978909 1.1906037 0.8894478 0.8305637 0.8362802 0.7688315 0.7840916 0.6744385 0.6225049 0.6982412 0.7647292 1.3867949 
Tetrapisispora_blattae              1.1587100 1.6079697 1.0881466 1.0946946 0.0000000 1.0973834 1.1433790 1.1097522 1.1066480 1.0685270 1.6846748 1.3243998 1.2433246 1.0777133 1.2922105 1.3342867 1.0538329 1.0988553 1.1374002 1.1458732 1.1657093 
yHAB132_Kazachstania_martiniae      0.8005704 1.1622166 0.7076326 0.7949450 1.0973834 0.0000000 0.7583947 0.6087612 0.6053922 0.7231761 1.1945224 0.9625864 0.8108047 0.9719450 0.7871548 0.8393132 0.7958795 0.5575356 0.7843726 0.7550534 1.3840468 
yHAB133_Kazachstania_unispora       0.7764243 1.0921178 0.6879614 0.6941285 1.1433790 0.7583947 0.0000000 0.7295979 0.4617167 0.4393939 1.0075453 0.9028368 0.7849318 0.8046275 0.9316305 0.8578165 0.2789882 0.6312917 0.2936312 0.7203885 1.6469231 
yHAB134_Kazachstania_turicensis     0.6682392 1.0020857 0.6468706 0.8046407 1.1097522 0.6087612 0.7295979 0.0000000 0.7651281 0.7856381 0.9959024 0.9816869 0.7704234 1.0309426 0.9002007 0.7825048 0.7110530 0.4712233 0.7113348 0.8885594 1.7119187 
yHAB136_Kazachstania_bromeliacearum 0.8400602 0.9627183 0.6062520 0.6191226 1.1066480 0.6053922 0.4617167 0.7651281 0.0000000 0.4267576 0.7998661 0.8424720 0.7624189 0.7725201 0.9567604 0.7442297 0.4948400 0.6689908 0.5115768 0.7088164 1.5601305 
yHAB143_Kazachstania_siamensis      0.8402877 0.8650876 0.7617083 0.6978909 1.0685270 0.7231761 0.4393939 0.7856381 0.4267576 0.0000000 0.9865220 0.9792577 0.8819141 0.7258576 0.9446034 0.8038042 0.4344474 0.7536897 0.4373271 0.6532822 1.3422244 
yHAB147_Kazachstania_taianensis     1.0222683 0.5892760 1.0606536 1.1906037 1.6846748 1.1945224 1.0075453 0.9959024 0.7998661 0.9865220 0.0000000 0.9949712 0.7954919 1.2165552 1.7077993 1.0362530 0.8817465 0.9685485 0.9224374 1.3542401 2.8388307 
yHAB148_Kazachstania_intestinalis   1.0392619 1.0398040 0.9753990 0.8894478 1.3243998 0.9625864 0.9028368 0.9816869 0.8424720 0.9792577 0.9949712 0.0000000 0.8487519 0.9799368 1.2014231 0.9743982 0.9295308 0.9094188 0.9862547 0.9875519 2.1149382 
yHAB153_Kazachstania_rosinii        0.7539465 0.8608343 0.8589552 0.8305637 1.2433246 0.8108047 0.7849318 0.7704234 0.7624189 0.8819141 0.7954919 0.8487519 0.0000000 1.0654181 0.9278837 0.7270433 0.8370873 0.6348037 0.7933901 1.1113045 1.8880992 
yHAB154_Kazachstania_transvaalensis 0.9569158 0.9746000 0.8516445 0.8362802 1.0777133 0.9719450 0.8046275 1.0309426 0.7725201 0.7258576 1.2165552 0.9799368 1.0654181 0.0000000 1.0240201 0.9585849 0.7589359 0.9295744 0.7949971 0.3277113 1.6055291 
yHAB155_Kazachstania_spencerorum    0.9129746 1.6464611 0.8496623 0.7688315 1.2922105 0.7871548 0.9316305 0.9002007 0.9567604 0.9446034 1.7077993 1.2014231 0.9278837 1.0240201 0.0000000 0.9976074 1.0349234 0.7724280 0.9765890 0.8136522 1.5301204 
yHAB158_Kazachstania_viticola       0.8869587 1.1501762 0.7371988 0.7840916 1.3342867 0.8393132 0.8578165 0.7825048 0.7442297 0.8038042 1.0362530 0.9743982 0.7270433 0.9585849 0.9976074 0.0000000 0.8329681 0.7221936 0.8876031 1.0727373 2.1181266 
yHAB159_Kazachstania_solicola       0.8983889 0.8767957 0.7020526 0.6744385 1.0538329 0.7958795 0.2789882 0.7110530 0.4948400 0.4344474 0.8817465 0.9295308 0.8370873 0.7589359 1.0349234 0.8329681 0.0000000 0.7231178 0.0812584 0.7692170 1.6698101 
yHAB160_Kazachstania_kunashirensis  0.7557339 1.0593422 0.6253823 0.6225049 1.0988553 0.5575356 0.6312917 0.4712233 0.6689908 0.7536897 0.9685485 0.9094188 0.6348037 0.9295744 0.7724280 0.7221936 0.7231178 0.0000000 0.6946241 0.7964502 1.4902150 
yHAB164_Kazachstania_aerobia        0.8985543 0.8684891 0.7282895 0.6982412 1.1374002 0.7843726 0.2936312 0.7113348 0.5115768 0.4373271 0.9224374 0.9862547 0.7933901 0.7949971 0.9765890 0.8876031 0.0812584 0.6946241 0.0000000 0.7953833 1.5984973 
yHAB166_Kazachstania_yakushimaensis 0.8837163 1.0047552 0.8769604 0.7647292 1.1458732 0.7550534 0.7203885 0.8885594 0.7088164 0.6532822 1.3542401 0.9875519 1.1113045 0.3277113 0.8136522 1.0727373 0.7692170 0.7964502 0.7953833 0.0000000 1.3110410 
yHMPu5000035629_Yueomyces_sinensis  1.5568371 2.5178359 1.4945410 1.3867949 1.1657093 1.3840468 1.6469231 1.7119187 1.5601305 1.3422244 2.8388307 2.1149382 1.8880992 1.6055291 1.5301204 2.1181266 1.6698101 1.4902150 1.5984973 1.3110410 0.0000000 
