21
Kazachstania_africana               0.0000000 3.0664543 2.8447289 2.9474502 4.5983209 2.6835089 2.7961407 2.9464723 2.3590212 2.8725695 2.7402226 3.6708566 2.5599994 2.7927483 2.4395294 2.4590827 2.8587955 2.5588424 2.9181887 2.7692001 4.6701179 
Kazachstania_naganishii             3.0664543 0.0000000 3.2320904 3.5163698 4.9786029 2.8068503 2.6886483 3.7105313 2.3287796 2.7107015 2.6751839 3.8509675 3.1217436 2.6997280 3.0477217 2.9974975 2.6548738 3.4087833 2.6388662 2.7080008 4.9224107 
Naumovozyma_castellii               2.8447289 3.2320904 0.0000000 1.8642628 4.5385195 2.7437382 2.8217961 3.2803646 2.4590993 2.9399857 2.8044433 3.6216995 2.6533367 2.9386388 2.4060760 2.5529387 2.8717332 2.7724019 2.8360515 2.8875216 4.1503335 
Naumovozyma_dairenensis             2.9474502 3.5163698 1.8642628 0.0000000 4.7790796 2.8664885 2.9661549 3.1853038 2.7500936 3.1553435 3.2079743 3.8548676 2.7363707 3.1498670 2.5426347 2.8255937 3.0678764 2.7830051 3.0970531 3.0916206 4.3285308 
Tetrapisispora_blattae              4.5983209 4.9786029 4.5385195 4.7790796 0.0000000 4.5428253 4.7548785 5.3167405 4.5949134 4.7360733 4.8471737 4.9852403 4.7728746 4.5839381 4.6931420 4.7396119 4.9810386 4.9029848 4.9065187 4.5935295 3.2112015 
yHAB132_Kazachstania_martiniae      2.6835089 2.8068503 2.7437382 2.8664885 4.5428253 0.0000000 2.4300399 2.8200462 2.2249765 2.5434883 2.5765592 3.1754941 2.4240896 2.5982433 2.2879812 2.3448362 2.5753661 2.5164142 2.5572648 2.6332446 4.0058356 
yHAB133_Kazachstania_unispora       2.7961407 2.6886483 2.8217961 2.9661549 4.7548785 2.4300399 0.0000000 3.0181936 1.8417550 0.8317158 2.0025635 3.3951852 2.6483096 2.0965981 2.5223550 2.5669721 0.5697023 2.8694902 0.5725380 2.0770974 4.3055139 
yHAB134_Kazachstania_turicensis     2.9464723 3.7105313 3.2803646 3.1853038 5.3167405 2.8200462 3.0181936 0.0000000 2.8767917 3.0792826 3.1112418 3.9962182 2.4567568 3.1107700 2.3200229 2.7184231 3.2240266 1.8345226 3.1503720 3.1962540 4.7280131 
yHAB136_Kazachstania_bromeliacearum 2.3590212 2.3287796 2.4590993 2.7500936 4.5949134 2.2249765 1.8417550 2.8767917 0.0000000 1.7741282 1.8386459 3.4070929 2.3019900 2.1085884 2.0333411 2.2393358 1.8061046 2.4913060 1.8345548 2.0160510 4.0074401 
yHAB143_Kazachstania_siamensis      2.8725695 2.7107015 2.9399857 3.1553435 4.7360733 2.5434883 0.8317158 3.0792826 1.7741282 0.0000000 2.0674759 3.7570583 2.7379516 2.1650239 2.6092160 2.6798472 0.9078603 2.8971705 0.8815874 2.1487841 4.3009097 
yHAB147_Kazachstania_taianensis     2.7402226 2.6751839 2.8044433 3.2079743 4.8471737 2.5765592 2.0025635 3.1112418 1.8386459 2.0674759 0.0000000 3.7603725 2.8531397 2.0093287 2.6132561 2.4268199 1.9853443 2.9039696 2.0283044 2.0676251 4.5484527 
yHAB148_Kazachstania_intestinalis   3.6708566 3.8509675 3.6216995 3.8548676 4.9852403 3.1754941 3.3951852 3.9962182 3.4070929 3.7570583 3.7603725 0.0000000 3.5508214 3.5857735 3.3961418 3.5738173 3.5053595 3.5535078 3.4748346 3.5430697 4.8550242 
yHAB153_Kazachstania_rosinii        2.5599994 3.1217436 2.6533367 2.7363707 4.7728746 2.4240896 2.6483096 2.4567568 2.3019900 2.7379516 2.8531397 3.5508214 0.0000000 2.7867726 1.6923752 2.2668597 2.7791263 2.0927607 2.7463226 2.8604214 4.3606468 
yHAB154_Kazachstania_transvaalensis 2.7927483 2.6997280 2.9386388 3.1498670 4.5839381 2.5982433 2.0965981 3.1107700 2.1085884 2.1650239 2.0093287 3.5857735 2.7867726 0.0000000 2.5631475 2.7690478 2.1521301 2.8412469 2.1654391 0.5856584 4.4292916 
yHAB155_Kazachstania_spencerorum    2.4395294 3.0477217 2.4060760 2.5426347 4.6931420 2.2879812 2.5223550 2.3200229 2.0333411 2.6092160 2.6132561 3.3961418 1.6923752 2.5631475 0.0000000 2.1280815 2.6062509 1.8419400 2.6496374 2.5514847 4.1495637 
yHAB158_Kazachstania_viticola       2.4590827 2.9974975 2.5529387 2.8255937 4.7396119 2.3448362 2.5669721 2.7184231 2.2393358 2.6798472 2.4268199 3.5738173 2.2668597 2.7690478 2.1280815 0.0000000 2.6211528 2.4027432 2.6512361 2.7397706 4.2546716 
yHAB159_Kazachstania_solicola       2.8587955 2.6548738 2.8717332 3.0678764 4.9810386 2.5753661 0.5697023 3.2240266 1.8061046 0.9078603 1.9853443 3.5053595 2.7791263 2.1521301 2.6062509 2.6211528 0.0000000 2.9305124 0.1780921 2.1593256 4.4297617 
yHAB160_Kazachstania_kunashirensis  2.5588424 3.4087833 2.7724019 2.7830051 4.9029848 2.5164142 2.8694902 1.8345226 2.4913060 2.8971705 2.9039696 3.5535078 2.0927607 2.8412469 1.8419400 2.4027432 2.9305124 0.0000000 2.9091199 2.9008900 4.4284284 
yHAB164_Kazachstania_aerobia        2.9181887 2.6388662 2.8360515 3.0970531 4.9065187 2.5572648 0.5725380 3.1503720 1.8345548 0.8815874 2.0283044 3.4748346 2.7463226 2.1654391 2.6496374 2.6512361 0.1780921 2.9091199 0.0000000 2.1528197 4.3090742 
yHAB166_Kazachstania_yakushimaensis 2.7692001 2.7080008 2.8875216 3.0916206 4.5935295 2.6332446 2.0770974 3.1962540 2.0160510 2.1487841 2.0676251 3.5430697 2.8604214 0.5856584 2.5514847 2.7397706 2.1593256 2.9008900 2.1528197 0.0000000 4.3226205 
yHMPu5000035629_Yueomyces_sinensis  4.6701179 4.9224107 4.1503335 4.3285308 3.2112015 4.0058356 4.3055139 4.7280131 4.0074401 4.3009097 4.5484527 4.8550242 4.3606468 4.4292916 4.1495637 4.2546716 4.4297617 4.4284284 4.3090742 4.3226205 0.0000000 
