21
Kazachstania_africana               0.0000000 1.3828181 1.3280220 1.4953152 1.6805351 1.2697430 1.4499601 1.3165118 1.3613894 1.4258104 1.5350925 1.3747807 1.1634857 1.6047042 1.1984270 1.7364165 1.4172412 1.2782278 1.4248622 1.5792636 1.7247119 
Kazachstania_naganishii             1.3828181 0.0000000 1.3174175 1.5465069 1.6341447 1.1753326 1.3246237 1.3193265 0.9268044 1.3710028 1.1424400 1.3966192 1.2480565 1.4381188 1.2703817 1.8174769 1.2838563 1.3274175 1.3174326 1.3780649 1.5378732 
Naumovozyma_castellii               1.3280220 1.3174175 0.0000000 1.2342526 1.5514277 1.2396673 1.3360932 1.2835370 1.1669393 1.3590202 1.3606926 1.3734051 1.3352459 1.5504036 1.2207616 1.7686121 1.3279830 1.2331259 1.3412462 1.4550092 1.5510884 
Naumovozyma_dairenensis             1.4953152 1.5465069 1.2342526 0.0000000 1.6003676 1.4257079 1.4344362 1.4603626 1.4522482 1.6052158 1.5896915 1.4490288 1.4123254 1.7099754 1.4362807 1.8614789 1.4227742 1.4732998 1.4398619 1.6687067 1.6499167 
Tetrapisispora_blattae              1.6805351 1.6341447 1.5514277 1.6003676 0.0000000 1.5807821 1.7187296 1.5739421 1.6489309 1.7139042 1.8158669 1.7957015 1.7448333 1.8910590 1.6178181 1.9534978 1.6681072 1.6692064 1.7186830 1.7939256 1.4344676 
yHAB132_Kazachstania_martiniae      1.2697430 1.1753326 1.2396673 1.4257079 1.5807821 0.0000000 1.2814569 1.2463999 1.0202137 1.3214622 1.2648616 1.2233286 1.1823219 1.4765662 1.2006585 1.7326887 1.3731216 1.1352419 1.3351245 1.4476840 1.6067845 
yHAB133_Kazachstania_unispora       1.4499601 1.3246237 1.3360932 1.4344362 1.7187296 1.2814569 0.0000000 1.2822176 1.0727180 0.5756625 1.1526421 1.3557915 1.2312169 1.2719887 1.2299756 1.9096826 0.3261851 1.3754806 0.3455168 1.2633847 1.6121082 
yHAB134_Kazachstania_turicensis     1.3165118 1.3193265 1.2835370 1.4603626 1.5739421 1.2463999 1.2822176 0.0000000 1.2619636 1.3309352 1.3876994 1.3117761 1.0493240 1.4903971 1.0312430 1.7232187 1.3654773 0.8059204 1.3705679 1.5420462 1.5846929 
yHAB136_Kazachstania_bromeliacearum 1.3613894 0.9268044 1.1669393 1.4522482 1.6489309 1.0202137 1.0727180 1.2619636 0.0000000 1.1224830 0.9621716 1.1390108 1.1643050 1.3371542 1.1906261 1.8252070 1.1454453 1.1317900 1.1591909 1.3146987 1.5208211 
yHAB143_Kazachstania_siamensis      1.4258104 1.3710028 1.3590202 1.6052158 1.7139042 1.3214622 0.5756625 1.3309352 1.1224830 0.0000000 1.1721233 1.3169520 1.3516027 1.3736111 1.2539195 1.9535116 0.5937906 1.4156982 0.6125860 1.3167458 1.7193568 
yHAB147_Kazachstania_taianensis     1.5350925 1.1424400 1.3606926 1.5896915 1.8158669 1.2648616 1.1526421 1.3876994 0.9621716 1.1721233 0.0000000 1.2963527 1.3538128 1.3779884 1.3389927 1.9285442 1.1503942 1.3623655 1.2099425 1.3668936 1.6469473 
yHAB148_Kazachstania_intestinalis   1.3747807 1.3966192 1.3734051 1.4490288 1.7957015 1.2233286 1.3557915 1.3117761 1.1390108 1.3169520 1.2963527 0.0000000 1.2857792 1.6430199 1.2391280 1.9130124 1.3485639 1.2201962 1.3626741 1.6621907 1.7163859 
yHAB153_Kazachstania_rosinii        1.1634857 1.2480565 1.3352459 1.4123254 1.7448333 1.1823219 1.2312169 1.0493240 1.1643050 1.3516027 1.3538128 1.2857792 0.0000000 1.5918288 0.9016397 1.7549349 1.2498139 0.9906672 1.2596791 1.5279704 1.6684396 
yHAB154_Kazachstania_transvaalensis 1.6047042 1.4381188 1.5504036 1.7099754 1.8910590 1.4765662 1.2719887 1.4903971 1.3371542 1.3736111 1.3779884 1.6430199 1.5918288 0.0000000 1.4826775 1.9744929 1.3434090 1.5776842 1.3925459 0.4055795 1.9027360 
yHAB155_Kazachstania_spencerorum    1.1984270 1.2703817 1.2207616 1.4362807 1.6178181 1.2006585 1.2299756 1.0312430 1.1906261 1.2539195 1.3389927 1.2391280 0.9016397 1.4826775 0.0000000 1.5590274 1.2811943 1.0596702 1.2347571 1.4399486 1.6961235 
yHAB158_Kazachstania_viticola       1.7364165 1.8174769 1.7686121 1.8614789 1.9534978 1.7326887 1.9096826 1.7232187 1.8252070 1.9535116 1.9285442 1.9130124 1.7549349 1.9744929 1.5590274 0.0000000 1.8638052 1.7523472 1.9480098 2.0040519 1.9600803 
yHAB159_Kazachstania_solicola       1.4172412 1.2838563 1.3279830 1.4227742 1.6681072 1.3731216 0.3261851 1.3654773 1.1454453 0.5937906 1.1503942 1.3485639 1.2498139 1.3434090 1.2811943 1.8638052 0.0000000 1.4250382 0.1106863 1.2905482 1.6485786 
yHAB160_Kazachstania_kunashirensis  1.2782278 1.3274175 1.2331259 1.4732998 1.6692064 1.1352419 1.3754806 0.8059204 1.1317900 1.4156982 1.3623655 1.2201962 0.9906672 1.5776842 1.0596702 1.7523472 1.4250382 0.0000000 1.4228537 1.5849773 1.6590112 
yHAB164_Kazachstania_aerobia        1.4248622 1.3174326 1.3412462 1.4398619 1.7186830 1.3351245 0.3455168 1.3705679 1.1591909 0.6125860 1.2099425 1.3626741 1.2596791 1.3925459 1.2347571 1.9480098 0.1106863 1.4228537 0.0000000 1.3570401 1.6827570 
yHAB166_Kazachstania_yakushimaensis 1.5792636 1.3780649 1.4550092 1.6687067 1.7939256 1.4476840 1.2633847 1.5420462 1.3146987 1.3167458 1.3668936 1.6621907 1.5279704 0.4055795 1.4399486 2.0040519 1.2905482 1.5849773 1.3570401 0.0000000 1.8578746 
yHMPu5000035629_Yueomyces_sinensis  1.7247119 1.5378732 1.5510884 1.6499167 1.4344676 1.6067845 1.6121082 1.5846929 1.5208211 1.7193568 1.6469473 1.7163859 1.6684396 1.9027360 1.6961235 1.9600803 1.6485786 1.6590112 1.6827570 1.8578746 0.0000000 
