21
Kazachstania_africana               0.0000000 1.1303370 1.4548383 1.3190373 1.1389321 0.8000175 1.0292644 0.8977442 1.1075339 0.9886241 0.9830952 0.9696197 0.8428599 1.0098329 0.8722813 0.7853945 1.0019029 0.8209610 0.9949704 1.0409799 1.2020814 
Kazachstania_naganishii             1.1303370 0.0000000 1.3980386 1.3171107 1.3796063 0.9426958 0.7638677 1.0099481 0.8051353 0.7558171 0.6248680 0.8542084 0.8268258 0.6978295 1.0348731 1.0037042 0.7375374 0.9780400 0.7336811 0.6970236 1.5450186 
Naumovozyma_castellii               1.4548383 1.3980386 0.0000000 0.9302844 1.1388220 1.2503614 1.3177453 1.4138224 1.4958021 1.2857370 1.4660844 1.4487784 1.5506391 1.3803454 1.3918424 1.4366376 1.2822973 1.2990650 1.2399672 1.4224460 1.4910805 
Naumovozyma_dairenensis             1.3190373 1.3171107 0.9302844 0.0000000 1.1884871 1.2644385 1.0247409 1.1320114 1.2746346 1.0638809 1.2880542 1.2566276 1.2833721 1.0989425 1.1807133 1.1253456 1.0978597 0.9873686 1.0795186 1.1737091 1.3836067 
Tetrapisispora_blattae              1.1389321 1.3796063 1.1388220 1.1884871 0.0000000 1.1505332 1.1686247 1.1584929 1.2519182 1.2101636 1.2041002 1.3638761 1.3384552 1.2905485 1.2074902 1.1466047 1.1851775 1.1088880 1.1563295 1.2071408 0.7603547 
yHAB132_Kazachstania_martiniae      0.8000175 0.9426958 1.2503614 1.2644385 1.1505332 0.0000000 0.7875067 0.7906980 0.7567504 0.7483912 0.7379251 0.8398260 0.8718067 0.7923128 0.9051557 0.7330728 0.7730354 0.7717045 0.7790421 0.7816651 1.2624521 
yHAB133_Kazachstania_unispora       1.0292644 0.7638677 1.3177453 1.0247409 1.1686247 0.7875067 0.0000000 0.7614696 0.6422595 0.2335067 0.6302397 0.8561324 0.9395439 0.5678178 0.8770258 0.8598092 0.1446944 0.7496595 0.1389667 0.5358004 1.2970551 
yHAB134_Kazachstania_turicensis     0.8977442 1.0099481 1.4138224 1.1320114 1.1584929 0.7906980 0.7614696 0.0000000 0.8189607 0.7954466 0.8639223 0.8747082 0.7455824 0.8484091 0.6497931 0.8314339 0.7638200 0.3462729 0.7701744 0.7771293 1.2682982 
yHAB136_Kazachstania_bromeliacearum 1.1075339 0.8051353 1.4958021 1.2746346 1.2519182 0.7567504 0.6422595 0.8189607 0.0000000 0.6189634 0.6075179 0.8284811 1.0113443 0.6641525 0.9371200 0.8402187 0.6391644 0.8068846 0.6598353 0.6685253 1.4005977 
yHAB143_Kazachstania_siamensis      0.9886241 0.7558171 1.2857370 1.0638809 1.2101636 0.7483912 0.2335067 0.7954466 0.6189634 0.0000000 0.5935386 0.8366666 0.9411893 0.5728953 0.8088349 0.7692676 0.2349295 0.7533312 0.2308387 0.5348776 1.1831412 
yHAB147_Kazachstania_taianensis     0.9830952 0.6248680 1.4660844 1.2880542 1.2041002 0.7379251 0.6302397 0.8639223 0.6075179 0.5935386 0.0000000 0.7340026 0.7988045 0.7013483 0.8384941 0.8746149 0.6102026 0.8669727 0.6044907 0.6253889 1.3788620 
yHAB148_Kazachstania_intestinalis   0.9696197 0.8542084 1.4487784 1.2566276 1.3638761 0.8398260 0.8561324 0.8747082 0.8284811 0.8366666 0.7340026 0.0000000 0.8446044 0.8909061 0.9778083 0.9083021 0.8401729 0.9114831 0.8310370 0.8776537 1.4678310 
yHAB153_Kazachstania_rosinii        0.8428599 0.8268258 1.5506391 1.2833721 1.3384552 0.8718067 0.9395439 0.7455824 1.0113443 0.9411893 0.7988045 0.8446044 0.0000000 0.9294112 0.5716974 0.7782022 0.8717726 0.6499569 0.8695160 0.9543046 1.5300841 
yHAB154_Kazachstania_transvaalensis 1.0098329 0.6978295 1.3803454 1.0989425 1.2905485 0.7923128 0.5678178 0.8484091 0.6641525 0.5728953 0.7013483 0.8909061 0.9294112 0.0000000 0.8967977 0.8085128 0.6156639 0.8095175 0.6042956 0.2240179 1.3507930 
yHAB155_Kazachstania_spencerorum    0.8722813 1.0348731 1.3918424 1.1807133 1.2074902 0.9051557 0.8770258 0.6497931 0.9371200 0.8088349 0.8384941 0.9778083 0.5716974 0.8967977 0.0000000 0.8174185 0.8614549 0.5311798 0.8433935 0.9075110 1.2605204 
yHAB158_Kazachstania_viticola       0.7853945 1.0037042 1.4366376 1.1253456 1.1466047 0.7330728 0.8598092 0.8314339 0.8402187 0.7692676 0.8746149 0.9083021 0.7782022 0.8085128 0.8174185 0.0000000 0.8572731 0.7504965 0.8366036 0.8157293 1.2688798 
yHAB159_Kazachstania_solicola       1.0019029 0.7375374 1.2822973 1.0978597 1.1851775 0.7730354 0.1446944 0.7638200 0.6391644 0.2349295 0.6102026 0.8401729 0.8717726 0.6156639 0.8614549 0.8572731 0.0000000 0.7963491 0.0470674 0.5448015 1.3248447 
yHAB160_Kazachstania_kunashirensis  0.8209610 0.9780400 1.2990650 0.9873686 1.1088880 0.7717045 0.7496595 0.3462729 0.8068846 0.7533312 0.8669727 0.9114831 0.6499569 0.8095175 0.5311798 0.7504965 0.7963491 0.0000000 0.7917341 0.8065167 1.2542498 
yHAB164_Kazachstania_aerobia        0.9949704 0.7336811 1.2399672 1.0795186 1.1563295 0.7790421 0.1389667 0.7701744 0.6598353 0.2308387 0.6044907 0.8310370 0.8695160 0.6042956 0.8433935 0.8366036 0.0470674 0.7917341 0.0000000 0.5614702 1.2909489 
yHAB166_Kazachstania_yakushimaensis 1.0409799 0.6970236 1.4224460 1.1737091 1.2071408 0.7816651 0.5358004 0.7771293 0.6685253 0.5348776 0.6253889 0.8776537 0.9543046 0.2240179 0.9075110 0.8157293 0.5448015 0.8065167 0.5614702 0.0000000 1.2787222 
yHMPu5000035629_Yueomyces_sinensis  1.2020814 1.5450186 1.4910805 1.3836067 0.7603547 1.2624521 1.2970551 1.2682982 1.4005977 1.1831412 1.3788620 1.4678310 1.5300841 1.3507930 1.2605204 1.2688798 1.3248447 1.2542498 1.2909489 1.2787222 0.0000000 
