21
Kazachstania_africana               0.0000000 1.6042894 1.5400954 1.5082770 1.6035959 1.3077874 1.5603492 1.3611158 1.4730811 1.5437781 1.5089450 1.8335054 1.3560029 1.7343658 1.4778422 1.3472012 1.5058074 1.4161418 1.5123129 1.7499246 1.6288810 
Kazachstania_naganishii             1.6042894 0.0000000 1.6791424 1.6936927 1.7660823 1.4168638 1.4450447 1.5586644 1.2140507 1.4350046 1.2941328 1.6971009 1.7192475 1.5743575 1.5923255 1.6298154 1.4571623 1.6547255 1.4575305 1.5611839 1.9808114 
Naumovozyma_castellii               1.5400954 1.6791424 0.0000000 1.2149563 1.6860432 1.2448619 1.6147616 1.4839531 1.3802961 1.5817488 1.5054810 1.7533970 1.5331158 1.6845784 1.4910925 1.3806687 1.5440468 1.5392832 1.5989485 1.6830300 1.8571573 
Naumovozyma_dairenensis             1.5082770 1.6936927 1.2149563 0.0000000 1.6989020 1.3432311 1.5116634 1.4721512 1.3876404 1.4861335 1.6020581 1.7122848 1.4576071 1.6965682 1.3815918 1.3853045 1.4815951 1.5182196 1.4955817 1.6866862 1.6940216 
Tetrapisispora_blattae              1.6035959 1.7660823 1.6860432 1.6989020 0.0000000 1.4044130 1.6724667 1.4871226 1.5986189 1.6573179 1.7018298 1.8976165 1.6212047 1.6914517 1.7403895 1.6191707 1.6282701 1.6862178 1.6493713 1.7279269 1.4964082 
yHAB132_Kazachstania_martiniae      1.3077874 1.4168638 1.2448619 1.3432311 1.4044130 0.0000000 1.2490060 1.1701161 1.1540981 1.3310933 1.3214500 1.6045039 1.3659047 1.7227464 1.2444303 1.2320788 1.2861993 1.3650615 1.3270361 1.6364127 1.6689680 
yHAB133_Kazachstania_unispora       1.5603492 1.4450447 1.6147616 1.5116634 1.6724667 1.2490060 0.0000000 1.3241625 0.9379665 0.4701463 1.1190110 1.7581003 1.5345571 1.3014857 1.5148044 1.3996690 0.3816489 1.4782967 0.3906118 1.2493852 1.7628988 
yHAB134_Kazachstania_turicensis     1.3611158 1.5586644 1.4839531 1.4721512 1.4871226 1.1701161 1.3241625 0.0000000 1.1683631 1.3421170 1.3487588 1.6508159 1.1530472 1.5315908 1.2916856 1.3619440 1.3579743 0.9575869 1.3596759 1.4910709 1.5735204 
yHAB136_Kazachstania_bromeliacearum 1.4730811 1.2140507 1.3802961 1.3876404 1.5986189 1.1540981 0.9379665 1.1683631 0.0000000 0.9532401 0.9372785 1.6448128 1.3713208 1.2517190 1.3829039 1.3204931 0.9980746 1.3202028 1.0407213 1.2393326 1.7380303 
yHAB143_Kazachstania_siamensis      1.5437781 1.4350046 1.5817488 1.4861335 1.6573179 1.3310933 0.4701463 1.3421170 0.9532401 0.0000000 1.0951608 1.7656370 1.5373648 1.2952829 1.4534502 1.3618313 0.6072874 1.5315659 0.5834549 1.2861758 1.7852740 
yHAB147_Kazachstania_taianensis     1.5089450 1.2941328 1.5054810 1.6020581 1.7018298 1.3214500 1.1190110 1.3487588 0.9372785 1.0951608 0.0000000 1.7548859 1.5069202 1.3298755 1.5053325 1.4749069 1.1444199 1.4880918 1.1110283 1.3413621 1.8053116 
yHAB148_Kazachstania_intestinalis   1.8335054 1.6971009 1.7533970 1.7122848 1.8976165 1.6045039 1.7581003 1.6508159 1.6448128 1.7656370 1.7548859 0.0000000 1.6856772 1.8584770 1.6440811 1.6632189 1.7051530 1.8075543 1.6956382 1.8319957 1.9955372 
yHAB153_Kazachstania_rosinii        1.3560029 1.7192475 1.5331158 1.4576071 1.6212047 1.3659047 1.5345571 1.1530472 1.3713208 1.5373648 1.5069202 1.6856772 0.0000000 1.6282044 1.2919848 1.3207457 1.5587539 1.1412087 1.5466048 1.6724572 1.7220471 
yHAB154_Kazachstania_transvaalensis 1.7343658 1.5743575 1.6845784 1.6965682 1.6914517 1.7227464 1.3014857 1.5315908 1.2517190 1.2952829 1.3298755 1.8584770 1.6282044 0.0000000 1.7104641 1.7011449 1.3208549 1.7783324 1.3205559 0.4802698 2.0997287 
yHAB155_Kazachstania_spencerorum    1.4778422 1.5923255 1.4910925 1.3815918 1.7403895 1.2444303 1.5148044 1.2916856 1.3829039 1.4534502 1.5053325 1.6440811 1.2919848 1.7104641 0.0000000 1.3743071 1.4658546 1.2742963 1.4480275 1.6745163 1.6708470 
yHAB158_Kazachstania_viticola       1.3472012 1.6298154 1.3806687 1.3853045 1.6191707 1.2320788 1.3996690 1.3619440 1.3204931 1.3618313 1.4749069 1.6632189 1.3207457 1.7011449 1.3743071 0.0000000 1.4581225 1.2541119 1.4200917 1.7632098 1.6636239 
yHAB159_Kazachstania_solicola       1.5058074 1.4571623 1.5440468 1.4815951 1.6282701 1.2861993 0.3816489 1.3579743 0.9980746 0.6072874 1.1444199 1.7051530 1.5587539 1.3208549 1.4658546 1.4581225 0.0000000 1.5606369 0.1239696 1.2495035 1.6639767 
yHAB160_Kazachstania_kunashirensis  1.4161418 1.6547255 1.5392832 1.5182196 1.6862178 1.3650615 1.4782967 0.9575869 1.3202028 1.5315659 1.4880918 1.8075543 1.1412087 1.7783324 1.2742963 1.2541119 1.5606369 0.0000000 1.5083377 1.7681075 1.7177400 
yHAB164_Kazachstania_aerobia        1.5123129 1.4575305 1.5989485 1.4955817 1.6493713 1.3270361 0.3906118 1.3596759 1.0407213 0.5834549 1.1110283 1.6956382 1.5466048 1.3205559 1.4480275 1.4200917 0.1239696 1.5083377 0.0000000 1.2532369 1.6986769 
yHAB166_Kazachstania_yakushimaensis 1.7499246 1.5611839 1.6830300 1.6866862 1.7279269 1.6364127 1.2493852 1.4910709 1.2393326 1.2861758 1.3413621 1.8319957 1.6724572 0.4802698 1.6745163 1.7632098 1.2495035 1.7681075 1.2532369 0.0000000 2.1153203 
yHMPu5000035629_Yueomyces_sinensis  1.6288810 1.9808114 1.8571573 1.6940216 1.4964082 1.6689680 1.7628988 1.5735204 1.7380303 1.7852740 1.8053116 1.9955372 1.7220471 2.0997287 1.6708470 1.6636239 1.6639767 1.7177400 1.6986769 2.1153203 0.0000000 
