21
Kazachstania_africana               0.0000000 1.1112990 0.6087740 0.6175842 0.6432792 0.6215474 0.6637544 0.6615413 0.6205585 0.6494434 1.1748563 0.6761562 0.6585467 0.6555258 0.6743976 0.6423045 0.6822924 0.6155563 0.6505328 0.6256710 0.9067134 
Kazachstania_naganishii             1.1112990 0.0000000 1.1363806 1.1307757 1.2039663 1.0421563 1.0616596 1.2577550 0.9005577 1.0181489 0.6503040 0.8351036 0.8626617 1.1480275 1.1985153 1.3264094 1.0298843 1.1421164 1.0524250 1.1567247 1.7978546 
Naumovozyma_castellii               0.6087740 1.1363806 0.0000000 0.2670611 0.5359835 0.4630160 0.4494506 0.5329554 0.4871843 0.4424680 1.1168270 0.5196900 0.5190780 0.5112048 0.4719314 0.5721569 0.4803827 0.4862425 0.4724834 0.5383404 0.7827850 
Naumovozyma_dairenensis             0.6175842 1.1307757 0.2670611 0.0000000 0.4468321 0.4465374 0.4092825 0.4755710 0.4368035 0.4249607 1.1592876 0.5194018 0.5022792 0.5477613 0.4081501 0.5932309 0.4381013 0.3987139 0.4064791 0.4859084 0.7164290 
Tetrapisispora_blattae              0.6432792 1.2039663 0.5359835 0.4468321 0.0000000 0.5300718 0.4535130 0.5547413 0.4471767 0.3915891 1.2688331 0.6164142 0.6155798 0.4827669 0.5136417 0.5398096 0.5045116 0.5376100 0.4540371 0.4244538 0.6106105 
yHAB132_Kazachstania_martiniae      0.6215474 1.0421563 0.4630160 0.4465374 0.5300718 0.0000000 0.4891076 0.4896250 0.4865862 0.5321615 1.1154509 0.5450460 0.5223694 0.5714317 0.5307520 0.5793733 0.5690458 0.4871690 0.5400023 0.5349687 0.7047180 
yHAB133_Kazachstania_unispora       0.6637544 1.0616596 0.4494506 0.4092825 0.4535130 0.4891076 0.0000000 0.4731798 0.4252670 0.1712443 1.0966210 0.6090303 0.6313863 0.3968670 0.5421431 0.5618017 0.2232808 0.4929460 0.2011100 0.3803626 0.6627619 
yHAB134_Kazachstania_turicensis     0.6615413 1.2577550 0.5329554 0.4755710 0.5547413 0.4896250 0.4731798 0.0000000 0.5342127 0.4846656 1.2587753 0.6238063 0.4599834 0.5781561 0.4126675 0.5243381 0.4786028 0.3205588 0.4953589 0.5275258 0.6490994 
yHAB136_Kazachstania_bromeliacearum 0.6205585 0.9005577 0.4871843 0.4368035 0.4471767 0.4865862 0.4252670 0.5342127 0.0000000 0.3812520 1.0871443 0.5777966 0.5367403 0.5185419 0.5178066 0.5305553 0.4271704 0.5113121 0.4206192 0.5125802 0.6912631 
yHAB143_Kazachstania_siamensis      0.6494434 1.0181489 0.4424680 0.4249607 0.3915891 0.5321615 0.1712443 0.4846656 0.3812520 0.0000000 1.0434616 0.5644338 0.6273957 0.4310061 0.5145412 0.4999340 0.2792349 0.5043061 0.2565213 0.4095544 0.6916004 
yHAB147_Kazachstania_taianensis     1.1748563 0.6503040 1.1168270 1.1592876 1.2688331 1.1154509 1.0966210 1.2587753 1.0871443 1.0434616 0.0000000 1.0099348 0.9184628 1.1317296 1.2938441 1.4262919 1.0823213 1.3898143 1.1315517 1.1453672 2.0072364 
yHAB148_Kazachstania_intestinalis   0.6761562 0.8351036 0.5196900 0.5194018 0.6164142 0.5450460 0.6090303 0.6238063 0.5777966 0.5644338 1.0099348 0.0000000 0.5621435 0.6594699 0.6294848 0.6930379 0.5932624 0.5535405 0.5876035 0.6617857 0.9704221 
yHAB153_Kazachstania_rosinii        0.6585467 0.8626617 0.5190780 0.5022792 0.6155798 0.5223694 0.6313863 0.4599834 0.5367403 0.6273957 0.9184628 0.5621435 0.0000000 0.7042983 0.5187834 0.6460725 0.6424964 0.4838247 0.6227096 0.6495536 0.8776282 
yHAB154_Kazachstania_transvaalensis 0.6555258 1.1480275 0.5112048 0.5477613 0.4827669 0.5714317 0.3968670 0.5781561 0.5185419 0.4310061 1.1317296 0.6594699 0.7042983 0.0000000 0.5612526 0.5729458 0.4357045 0.5550376 0.4285987 0.2102001 0.7032160 
yHAB155_Kazachstania_spencerorum    0.6743976 1.1985153 0.4719314 0.4081501 0.5136417 0.5307520 0.5421431 0.4126675 0.5178066 0.5145412 1.2938441 0.6294848 0.5187834 0.5612526 0.0000000 0.5873847 0.5568795 0.4488181 0.5591061 0.5128786 0.6470896 
yHAB158_Kazachstania_viticola       0.6423045 1.3264094 0.5721569 0.5932309 0.5398096 0.5793733 0.5618017 0.5243381 0.5305553 0.4999340 1.4262919 0.6930379 0.6460725 0.5729458 0.5873847 0.0000000 0.5493760 0.5960602 0.5590026 0.5643673 0.7121269 
yHAB159_Kazachstania_solicola       0.6822924 1.0298843 0.4803827 0.4381013 0.5045116 0.5690458 0.2232808 0.4786028 0.4271704 0.2792349 1.0823213 0.5932624 0.6424964 0.4357045 0.5568795 0.5493760 0.0000000 0.5163594 0.0865497 0.4439213 0.7264720 
yHAB160_Kazachstania_kunashirensis  0.6155563 1.1421164 0.4862425 0.3987139 0.5376100 0.4871690 0.4929460 0.3205588 0.5113121 0.5043061 1.3898143 0.5535405 0.4838247 0.5550376 0.4488181 0.5960602 0.5163594 0.0000000 0.4866112 0.5065248 0.6000312 
yHAB164_Kazachstania_aerobia        0.6505328 1.0524250 0.4724834 0.4064791 0.4540371 0.5400023 0.2011100 0.4953589 0.4206192 0.2565213 1.1315517 0.5876035 0.6227096 0.4285987 0.5591061 0.5590026 0.0865497 0.4866112 0.0000000 0.4131157 0.7176843 
yHAB166_Kazachstania_yakushimaensis 0.6256710 1.1567247 0.5383404 0.4859084 0.4244538 0.5349687 0.3803626 0.5275258 0.5125802 0.4095544 1.1453672 0.6617857 0.6495536 0.2102001 0.5128786 0.5643673 0.4439213 0.5065248 0.4131157 0.0000000 0.5982751 
yHMPu5000035629_Yueomyces_sinensis  0.9067134 1.7978546 0.7827850 0.7164290 0.6106105 0.7047180 0.6627619 0.6490994 0.6912631 0.6916004 2.0072364 0.9704221 0.8776282 0.7032160 0.6470896 0.7121269 0.7264720 0.6000312 0.7176843 0.5982751 0.0000000 
