21
Kazachstania_africana               0.0000000 0.9538492 0.4990298 0.4705333 0.5314948 0.3723799 0.4679072 0.3727382 0.3290974 0.4494141 0.9769412 0.4997799 0.4491149 0.5434629 0.4597028 0.3915963 0.4627433 0.3503579 0.4764457 0.5591719 0.6555965 
Kazachstania_naganishii             0.9538492 0.0000000 0.8732591 0.8424621 1.3196431 1.0084468 1.0247088 0.9178669 0.9286768 1.0001193 0.5681406 0.8500813 0.8322272 1.2381895 1.0397011 0.9448349 0.9193603 0.9386036 1.0248064 1.1382783 1.6528207 
Naumovozyma_castellii               0.4990298 0.8732591 0.0000000 0.3677546 0.6581706 0.4670065 0.5071364 0.4269933 0.3504759 0.4968658 0.7512310 0.4229370 0.5396612 0.6097335 0.4311799 0.4587729 0.5072648 0.4269841 0.4973424 0.5722303 0.7694776 
Naumovozyma_dairenensis             0.4705333 0.8424621 0.3677546 0.0000000 0.5916591 0.4772314 0.4069307 0.4187351 0.4001487 0.4117756 0.8712614 0.4993930 0.4092579 0.5980471 0.4296450 0.4188250 0.4891848 0.3970501 0.4580026 0.5197357 0.7433096 
Tetrapisispora_blattae              0.5314948 1.3196431 0.6581706 0.5916591 0.0000000 0.5159705 0.5211110 0.5538056 0.5200088 0.5608729 1.2873896 0.5961215 0.7145255 0.6300489 0.6139526 0.5142154 0.5897828 0.4988693 0.5371744 0.6021723 0.5512614 
yHAB132_Kazachstania_martiniae      0.3723799 1.0084468 0.4670065 0.4772314 0.5159705 0.0000000 0.4464874 0.3190830 0.3053097 0.5392878 1.0277968 0.5143751 0.4246630 0.5432307 0.4409692 0.4285300 0.4967931 0.3207074 0.4898261 0.4854437 0.6274449 
yHAB133_Kazachstania_unispora       0.4679072 1.0247088 0.5071364 0.4069307 0.5211110 0.4464874 0.0000000 0.4173095 0.3226973 0.2658547 0.9189769 0.5280302 0.6078925 0.4390396 0.4969431 0.4766664 0.3214225 0.3954528 0.2965639 0.3994121 0.5670800 
yHAB134_Kazachstania_turicensis     0.3727382 0.9178669 0.4269933 0.4187351 0.5538056 0.3190830 0.4173095 0.0000000 0.2648125 0.4107037 0.8677602 0.4837833 0.4047287 0.4973513 0.3756412 0.3557378 0.4397489 0.2578863 0.4566501 0.4028844 0.6495888 
yHAB136_Kazachstania_bromeliacearum 0.3290974 0.9286768 0.3504759 0.4001487 0.5200088 0.3053097 0.3226973 0.2648125 0.0000000 0.3699578 0.9384199 0.4507668 0.4522424 0.4638347 0.4038718 0.3555292 0.4190026 0.3198563 0.4265992 0.4052922 0.6026652 
yHAB143_Kazachstania_siamensis      0.4494141 1.0001193 0.4968658 0.4117756 0.5608729 0.5392878 0.2658547 0.4107037 0.3699578 0.0000000 0.9485153 0.5802699 0.5007759 0.4086133 0.4512497 0.4490541 0.3356471 0.4049883 0.3183655 0.3811493 0.5942341 
yHAB147_Kazachstania_taianensis     0.9769412 0.5681406 0.7512310 0.8712614 1.2873896 1.0277968 0.9189769 0.8677602 0.9384199 0.9485153 0.0000000 0.6972511 0.8750178 1.2345290 1.1691408 0.9338990 0.8117717 1.0211939 0.8908123 1.1852651 1.7774263 
yHAB148_Kazachstania_intestinalis   0.4997799 0.8500813 0.4229370 0.4993930 0.5961215 0.5143751 0.5280302 0.4837833 0.4507668 0.5802699 0.6972511 0.0000000 0.5889072 0.7046549 0.5594021 0.4431137 0.4906789 0.4371427 0.5261694 0.6147163 0.8461777 
yHAB153_Kazachstania_rosinii        0.4491149 0.8322272 0.5396612 0.4092579 0.7145255 0.4246630 0.6078925 0.4047287 0.4522424 0.5007759 0.8750178 0.5889072 0.0000000 0.6187988 0.5837359 0.4243781 0.5990138 0.3907650 0.6238323 0.5551851 0.8471442 
yHAB154_Kazachstania_transvaalensis 0.5434629 1.2381895 0.6097335 0.5980471 0.6300489 0.5432307 0.4390396 0.4973513 0.4638347 0.4086133 1.2345290 0.7046549 0.6187988 0.0000000 0.5348699 0.5436404 0.5353607 0.4470676 0.5035570 0.1842303 0.7126510 
yHAB155_Kazachstania_spencerorum    0.4597028 1.0397011 0.4311799 0.4296450 0.6139526 0.4409692 0.4969431 0.3756412 0.4038718 0.4512497 1.1691408 0.5594021 0.5837359 0.5348699 0.0000000 0.4252606 0.5426750 0.3482157 0.5276587 0.4479987 0.5621421 
yHAB158_Kazachstania_viticola       0.3915963 0.9448349 0.4587729 0.4188250 0.5142154 0.4285300 0.4766664 0.3557378 0.3555292 0.4490541 0.9338990 0.4431137 0.4243781 0.5436404 0.4252606 0.0000000 0.5174806 0.3098370 0.5085317 0.4586492 0.6793948 
yHAB159_Kazachstania_solicola       0.4627433 0.9193603 0.5072648 0.4891848 0.5897828 0.4967931 0.3214225 0.4397489 0.4190026 0.3356471 0.8117717 0.4906789 0.5990138 0.5353607 0.5426750 0.5174806 0.0000000 0.4794752 0.0760809 0.5383002 0.7758180 
yHAB160_Kazachstania_kunashirensis  0.3503579 0.9386036 0.4269841 0.3970501 0.4988693 0.3207074 0.3954528 0.2578863 0.3198563 0.4049883 1.0211939 0.4371427 0.3907650 0.4470676 0.3482157 0.3098370 0.4794752 0.0000000 0.4637985 0.4213723 0.5678780 
yHAB164_Kazachstania_aerobia        0.4764457 1.0248064 0.4973424 0.4580026 0.5371744 0.4898261 0.2965639 0.4566501 0.4265992 0.3183655 0.8908123 0.5261694 0.6238323 0.5035570 0.5276587 0.5085317 0.0760809 0.4637985 0.0000000 0.5316924 0.7210091 
yHAB166_Kazachstania_yakushimaensis 0.5591719 1.1382783 0.5722303 0.5197357 0.6021723 0.4854437 0.3994121 0.4028844 0.4052922 0.3811493 1.1852651 0.6147163 0.5551851 0.1842303 0.4479987 0.4586492 0.5383002 0.4213723 0.5316924 0.0000000 0.6453679 
yHMPu5000035629_Yueomyces_sinensis  0.6555965 1.6528207 0.7694776 0.7433096 0.5512614 0.6274449 0.5670800 0.6495888 0.6026652 0.5942341 1.7774263 0.8461777 0.8471442 0.7126510 0.5621421 0.6793948 0.7758180 0.5678780 0.7210091 0.6453679 0.0000000 
