21
Kazachstania_africana               0.0000000 0.8260231 0.2927225 0.2543119 0.3154867 0.3279658 0.3235117 0.3789137 0.3349546 0.3325040 1.0877392 0.4581149 0.2839274 0.3892123 0.3046351 0.2370592 0.3214021 0.3294579 0.3056528 0.3175791 0.2361516 
Kazachstania_naganishii             0.8260231 0.0000000 0.8233002 0.7739175 0.9275889 0.8821627 0.9109266 0.7142828 0.8342989 0.7321998 0.4238232 0.7349118 0.7081708 0.7666497 0.8478876 0.8310418 0.7666385 0.6186766 0.8100445 1.0317460 0.8874898 
Naumovozyma_castellii               0.2927225 0.8233002 0.0000000 0.2045003 0.2678425 0.3123965 0.3343738 0.3578986 0.2840854 0.2948377 0.9588800 0.4387563 0.3241633 0.4055952 0.2952993 0.2311627 0.3682243 0.3241635 0.3323325 0.3631866 0.2560426 
Naumovozyma_dairenensis             0.2543119 0.7739175 0.2045003 0.0000000 0.2787249 0.3042970 0.3295687 0.3625027 0.2930686 0.3353326 1.0035925 0.4952654 0.2584275 0.4220490 0.2375966 0.2523548 0.3417150 0.3334343 0.3256828 0.3005147 0.2044842 
Tetrapisispora_blattae              0.3154867 0.9275889 0.2678425 0.2787249 0.0000000 0.2962146 0.3580629 0.4204835 0.3353920 0.3625355 1.0281034 0.5359890 0.3650325 0.4627572 0.2552985 0.2517665 0.3978882 0.3449445 0.3496587 0.3137744 0.1889653 
yHAB132_Kazachstania_martiniae      0.3279658 0.8821627 0.3123965 0.3042970 0.2962146 0.0000000 0.3252752 0.4057970 0.3127869 0.3541981 0.9728236 0.4955676 0.3465144 0.3875608 0.2977509 0.2854077 0.3722030 0.4199680 0.3382109 0.2880801 0.2566666 
yHAB133_Kazachstania_unispora       0.3235117 0.9109266 0.3343738 0.3295687 0.3580629 0.3252752 0.0000000 0.4823250 0.3414568 0.1399255 1.1049916 0.4546177 0.4353543 0.3973900 0.3298937 0.3279102 0.1037703 0.4134607 0.0783211 0.3397245 0.2824608 
yHAB134_Kazachstania_turicensis     0.3789137 0.7142828 0.3578986 0.3625027 0.4204835 0.4057970 0.4823250 0.0000000 0.4123463 0.4311411 0.7532376 0.4834274 0.3311599 0.4985510 0.3968817 0.3584464 0.4350162 0.3061302 0.4534436 0.5088708 0.3738341 
yHAB136_Kazachstania_bromeliacearum 0.3349546 0.8342989 0.2840854 0.2930686 0.3353920 0.3127869 0.3414568 0.4123463 0.0000000 0.3597796 0.9945568 0.4618285 0.3638689 0.3238419 0.3351667 0.2835458 0.3984730 0.3596564 0.3713501 0.2852004 0.3025822 
yHAB143_Kazachstania_siamensis      0.3325040 0.7321998 0.2948377 0.3353326 0.3625355 0.3541981 0.1399255 0.4311411 0.3597796 0.0000000 0.9822711 0.4583216 0.4690345 0.3885053 0.3459821 0.3028048 0.1539197 0.3961884 0.1393604 0.3295753 0.3051426 
yHAB147_Kazachstania_taianensis     1.0877392 0.4238232 0.9588800 1.0035925 1.0281034 0.9728236 1.1049916 0.7532376 0.9945568 0.9822711 0.0000000 0.6515733 0.8506217 0.8488308 1.1116445 1.0695657 0.8997539 0.7081577 1.0070573 1.2087578 1.1324631 
yHAB148_Kazachstania_intestinalis   0.4581149 0.7349118 0.4387563 0.4952654 0.5359890 0.4955676 0.4546177 0.4834274 0.4618285 0.4583216 0.6515733 0.0000000 0.4437669 0.4280206 0.4907915 0.3966929 0.4116827 0.4327560 0.4391554 0.5414471 0.5367243 
yHAB153_Kazachstania_rosinii        0.2839274 0.7081708 0.3241633 0.2584275 0.3650325 0.3465144 0.4353543 0.3311599 0.3638689 0.4690345 0.8506217 0.4437669 0.0000000 0.4649201 0.2735179 0.2567180 0.4295769 0.3064827 0.3972030 0.4178246 0.2891096 
yHAB154_Kazachstania_transvaalensis 0.3892123 0.7666497 0.4055952 0.4220490 0.4627572 0.3875608 0.3973900 0.4985510 0.3238419 0.3885053 0.8488308 0.4280206 0.4649201 0.0000000 0.4648602 0.3877536 0.3917655 0.4112580 0.4032057 0.1979769 0.4107051 
yHAB155_Kazachstania_spencerorum    0.3046351 0.8478876 0.2952993 0.2375966 0.2552985 0.2977509 0.3298937 0.3968817 0.3351667 0.3459821 1.1116445 0.4907915 0.2735179 0.4648602 0.0000000 0.2236900 0.3398527 0.3385739 0.3162424 0.2665820 0.2017771 
yHAB158_Kazachstania_viticola       0.2370592 0.8310418 0.2311627 0.2523548 0.2517665 0.2854077 0.3279102 0.3584464 0.2835458 0.3028048 1.0695657 0.3966929 0.2567180 0.3877536 0.2236900 0.0000000 0.3407929 0.2845375 0.3161250 0.2947317 0.1951911 
yHAB159_Kazachstania_solicola       0.3214021 0.7666385 0.3682243 0.3417150 0.3978882 0.3722030 0.1037703 0.4350162 0.3984730 0.1539197 0.8997539 0.4116827 0.4295769 0.3917655 0.3398527 0.3407929 0.0000000 0.3780107 0.0330614 0.3701071 0.3114930 
yHAB160_Kazachstania_kunashirensis  0.3294579 0.6186766 0.3241635 0.3334343 0.3449445 0.4199680 0.4134607 0.3061302 0.3596564 0.3961884 0.7081577 0.4327560 0.3064827 0.4112580 0.3385739 0.2845375 0.3780107 0.0000000 0.3838114 0.4583816 0.3273019 
yHAB164_Kazachstania_aerobia        0.3056528 0.8100445 0.3323325 0.3256828 0.3496587 0.3382109 0.0783211 0.4534436 0.3713501 0.1393604 1.0070573 0.4391554 0.3972030 0.4032057 0.3162424 0.3161250 0.0330614 0.3838114 0.0000000 0.3314190 0.2801656 
yHAB166_Kazachstania_yakushimaensis 0.3175791 1.0317460 0.3631866 0.3005147 0.3137744 0.2880801 0.3397245 0.5088708 0.2852004 0.3295753 1.2087578 0.5414471 0.4178246 0.1979769 0.2665820 0.2947317 0.3701071 0.4583816 0.3314190 0.0000000 0.2559795 
yHMPu5000035629_Yueomyces_sinensis  0.2361516 0.8874898 0.2560426 0.2044842 0.1889653 0.2566666 0.2824608 0.3738341 0.3025822 0.3051426 1.1324631 0.5367243 0.2891096 0.4107051 0.2017771 0.1951911 0.3114930 0.3273019 0.2801656 0.2559795 0.0000000 
