21
Kazachstania_africana               0.0000000 1.1155926 0.3912967 0.3754298 0.3688904 0.2983413 0.4130117 0.3053259 0.3952702 0.4311087 1.1058221 0.9063088 0.3489940 0.7105006 0.2603758 0.3097680 0.5198897 0.2837448 0.4446011 0.5215126 0.3283298 
Kazachstania_naganishii             1.1155926 0.0000000 1.0087322 1.0436510 1.1526658 1.0400968 0.9403659 1.0621825 0.8577814 0.8936277 0.6292521 1.0081655 0.9988706 0.9018806 1.0880614 1.1103109 0.8761581 1.0695994 0.9614668 1.0025673 1.1603197 
Naumovozyma_castellii               0.3912967 1.0087322 0.0000000 0.2787667 0.3390054 0.3848064 0.4839731 0.3586228 0.4820012 0.5521530 1.0792194 0.7571658 0.4292425 0.6817636 0.3122056 0.4080082 0.6061088 0.3663296 0.5264018 0.5511747 0.3152010 
Naumovozyma_dairenensis             0.3754298 1.0436510 0.2787667 0.0000000 0.3098987 0.3435066 0.4633722 0.3500652 0.4735252 0.4845750 1.1258211 0.8737766 0.4302907 0.7927549 0.2892771 0.4121338 0.5445982 0.3553360 0.4645492 0.5543699 0.2812416 
Tetrapisispora_blattae              0.3688904 1.1526658 0.3390054 0.3098987 0.0000000 0.3336526 0.3909392 0.3559614 0.4550223 0.4516341 1.2049778 0.8438794 0.4320686 0.6838522 0.2788417 0.3647181 0.5159673 0.3084738 0.4287181 0.4921988 0.1486778 
yHAB132_Kazachstania_martiniae      0.2983413 1.0400968 0.3848064 0.3435066 0.3336526 0.0000000 0.3765245 0.2955436 0.4026944 0.4174110 1.1343717 0.8128508 0.3505724 0.7072612 0.2181671 0.2979790 0.5222240 0.2829438 0.4476135 0.5115801 0.2957662 
yHAB133_Kazachstania_unispora       0.4130117 0.9403659 0.4839731 0.4633722 0.3909392 0.3765245 0.0000000 0.4288283 0.4145728 0.1301590 1.0051441 0.9119369 0.5389243 0.5715515 0.3400005 0.4178234 0.1715148 0.4091617 0.1305290 0.4117094 0.4055319 
yHAB134_Kazachstania_turicensis     0.3053259 1.0621825 0.3586228 0.3500652 0.3559614 0.2955436 0.4288283 0.0000000 0.4267908 0.4249464 1.1743635 0.8564061 0.3393637 0.6697495 0.2327128 0.3101953 0.4847502 0.1818771 0.4288956 0.4683786 0.3051616 
yHAB136_Kazachstania_bromeliacearum 0.3952702 0.8577814 0.4820012 0.4735252 0.4550223 0.4026944 0.4145728 0.4267908 0.0000000 0.4133653 0.9103603 0.8217963 0.4910159 0.6444605 0.3543125 0.4351582 0.4878524 0.4265822 0.4305616 0.4868665 0.4037012 
yHAB143_Kazachstania_siamensis      0.4311087 0.8936277 0.5521530 0.4845750 0.4516341 0.4174110 0.1301590 0.4249464 0.4133653 0.0000000 1.0142721 0.9087812 0.5634427 0.6190833 0.3706864 0.4461043 0.2010054 0.4023274 0.1635566 0.4334994 0.4787404 
yHAB147_Kazachstania_taianensis     1.1058221 0.6292521 1.0792194 1.1258211 1.2049778 1.1343717 1.0051441 1.1743635 0.9103603 1.0142721 0.0000000 0.8847097 1.0510774 0.9761515 1.2967305 1.1976955 0.9854315 1.1706738 1.0162720 1.1181513 1.2505659 
yHAB148_Kazachstania_intestinalis   0.9063088 1.0081655 0.7571658 0.8737766 0.8438794 0.8128508 0.9119369 0.8564061 0.8217963 0.9087812 0.8847097 0.0000000 0.8378605 0.9279027 0.9081507 0.8261239 0.9185602 0.8409372 0.9435296 0.9360876 0.8599649 
yHAB153_Kazachstania_rosinii        0.3489940 0.9988706 0.4292425 0.4302907 0.4320686 0.3505724 0.5389243 0.3393637 0.4910159 0.5634427 1.0510774 0.8378605 0.0000000 0.7775250 0.2917841 0.3823537 0.5921397 0.3454715 0.5628650 0.6701512 0.4588642 
yHAB154_Kazachstania_transvaalensis 0.7105006 0.9018806 0.6817636 0.7927549 0.6838522 0.7072612 0.5715515 0.6697495 0.6444605 0.6190833 0.9761515 0.9279027 0.7775250 0.0000000 0.7379253 0.7043779 0.6403008 0.6691560 0.5984558 0.2341157 0.6478539 
yHAB155_Kazachstania_spencerorum    0.2603758 1.0880614 0.3122056 0.2892771 0.2788417 0.2181671 0.3400005 0.2327128 0.3543125 0.3706864 1.2967305 0.9081507 0.2917841 0.7379253 0.0000000 0.2535771 0.4562494 0.2106832 0.3842478 0.4704039 0.2449466 
yHAB158_Kazachstania_viticola       0.3097680 1.1103109 0.4080082 0.4121338 0.3647181 0.2979790 0.4178234 0.3101953 0.4351582 0.4461043 1.1976955 0.8261239 0.3823537 0.7043779 0.2535771 0.0000000 0.4790603 0.2910971 0.4192536 0.5365651 0.3097731 
yHAB159_Kazachstania_solicola       0.5198897 0.8761581 0.6061088 0.5445982 0.5159673 0.5222240 0.1715148 0.4847502 0.4878524 0.2010054 0.9854315 0.9185602 0.5921397 0.6403008 0.4562494 0.4790603 0.0000000 0.5466596 0.0796828 0.5219725 0.5371848 
yHAB160_Kazachstania_kunashirensis  0.2837448 1.0695994 0.3663296 0.3553360 0.3084738 0.2829438 0.4091617 0.1818771 0.4265822 0.4023274 1.1706738 0.8409372 0.3454715 0.6691560 0.2106832 0.2910971 0.5466596 0.0000000 0.4558597 0.4540552 0.2937348 
yHAB164_Kazachstania_aerobia        0.4446011 0.9614668 0.5264018 0.4645492 0.4287181 0.4476135 0.1305290 0.4288956 0.4305616 0.1635566 1.0162720 0.9435296 0.5628650 0.5984558 0.3842478 0.4192536 0.0796828 0.4558597 0.0000000 0.4524490 0.4353193 
yHAB166_Kazachstania_yakushimaensis 0.5215126 1.0025673 0.5511747 0.5543699 0.4921988 0.5115801 0.4117094 0.4683786 0.4868665 0.4334994 1.1181513 0.9360876 0.6701512 0.2341157 0.4704039 0.5365651 0.5219725 0.4540552 0.4524490 0.0000000 0.4516150 
yHMPu5000035629_Yueomyces_sinensis  0.3283298 1.1603197 0.3152010 0.2812416 0.1486778 0.2957662 0.4055319 0.3051616 0.4037012 0.4787404 1.2505659 0.8599649 0.4588642 0.6478539 0.2449466 0.3097731 0.5371848 0.2937348 0.4353193 0.4516150 0.0000000 
