21
Kazachstania_africana               0.0000000 0.8909739 0.4575115 0.4212388 0.6207503 0.4306652 0.3278024 0.5254921 0.4163283 0.4051691 0.6066155 0.6875365 0.4659022 0.5849224 0.4105581 0.3665273 0.3255733 0.2913996 0.3384390 0.3194841 0.5046533 
Kazachstania_naganishii             0.8909739 0.0000000 0.7260274 0.9121972 1.1219600 0.9023882 0.8995345 1.3201254 0.8168508 0.8571870 0.5778737 0.6333300 0.6260614 1.1327421 0.9007685 1.0278203 0.7661046 0.8911684 0.8011465 1.0826810 1.1399892 
Naumovozyma_castellii               0.4575115 0.7260274 0.0000000 0.4055724 0.7036207 0.5278099 0.4223281 0.6967679 0.5048825 0.4379599 0.6149995 0.5296826 0.5062986 0.8131229 0.4648260 0.5492319 0.4153003 0.4394375 0.4329746 0.5864886 0.5927817 
Naumovozyma_dairenensis             0.4212388 0.9121972 0.4055724 0.0000000 0.7225386 0.5363431 0.4377961 0.6026201 0.5480715 0.5059501 0.8248882 0.8178979 0.5924569 0.6798411 0.5844237 0.5851888 0.4962176 0.4284066 0.5201080 0.4829035 0.6572459 
Tetrapisispora_blattae              0.6207503 1.1219600 0.7036207 0.7225386 0.0000000 0.4992532 0.5544774 0.7114283 0.6091163 0.6231222 1.0184171 0.9221442 0.7687865 0.9323096 0.6211487 0.6283556 0.5924233 0.5058651 0.5538189 0.5786020 0.4259575 
yHAB132_Kazachstania_martiniae      0.4306652 0.9023882 0.5278099 0.5363431 0.4992532 0.0000000 0.3553761 0.5490146 0.4536538 0.3752288 0.5857007 0.7238656 0.5041973 0.6206875 0.4234074 0.3795894 0.3513285 0.3515240 0.3006528 0.3766967 0.4810312 
yHAB133_Kazachstania_unispora       0.3278024 0.8995345 0.4223281 0.4377961 0.5544774 0.3553761 0.0000000 0.5063692 0.3128235 0.2049321 0.6395117 0.6591150 0.6067913 0.5654590 0.3870944 0.4324607 0.1160432 0.3039048 0.1067786 0.3394524 0.4548196 
yHAB134_Kazachstania_turicensis     0.5254921 1.3201254 0.6967679 0.6026201 0.7114283 0.5490146 0.5063692 0.0000000 0.6538751 0.4916430 0.8790514 0.9200706 0.8061450 0.7243398 0.5153216 0.5395878 0.5704489 0.4004269 0.5181386 0.4909243 0.7110606 
yHAB136_Kazachstania_bromeliacearum 0.4163283 0.8168508 0.5048825 0.5480715 0.6091163 0.4536538 0.3128235 0.6538751 0.0000000 0.3494170 0.6224745 0.5877421 0.6061009 0.5923960 0.4935807 0.4623137 0.3525734 0.3535173 0.3925172 0.3780740 0.5996421 
yHAB143_Kazachstania_siamensis      0.4051691 0.8571870 0.4379599 0.5059501 0.6231222 0.3752288 0.2049321 0.4916430 0.3494170 0.0000000 0.6918133 0.7248930 0.6190003 0.6682912 0.4201492 0.4317504 0.2122108 0.3636996 0.2022829 0.3840433 0.5992153 
yHAB147_Kazachstania_taianensis     0.6066155 0.5778737 0.6149995 0.8248882 1.0184171 0.5857007 0.6395117 0.8790514 0.6224745 0.6918133 0.0000000 0.4792295 0.3606560 0.9883876 0.7163729 0.7191967 0.4036304 0.5807737 0.4941071 0.7339666 0.8625610 
yHAB148_Kazachstania_intestinalis   0.6875365 0.6333300 0.5296826 0.8178979 0.9221442 0.7238656 0.6591150 0.9200706 0.5877421 0.7248930 0.4792295 0.0000000 0.4890268 1.0352805 0.7293135 0.7230218 0.5834119 0.6989121 0.6820786 0.9158756 0.8591667 
yHAB153_Kazachstania_rosinii        0.4659022 0.6260614 0.5062986 0.5924569 0.7687865 0.5041973 0.6067913 0.8061450 0.6061009 0.6190003 0.3606560 0.4890268 0.0000000 0.9011844 0.5553297 0.5230914 0.4356309 0.3811545 0.4781402 0.6857277 0.6660404 
yHAB154_Kazachstania_transvaalensis 0.5849224 1.1327421 0.8131229 0.6798411 0.9323096 0.6206875 0.5654590 0.7243398 0.5923960 0.6682912 0.9883876 1.0352805 0.9011844 0.0000000 0.6464925 0.7113267 0.6060102 0.5449428 0.5907676 0.2698218 0.7647534 
yHAB155_Kazachstania_spencerorum    0.4105581 0.9007685 0.4648260 0.5844237 0.6211487 0.4234074 0.3870944 0.5153216 0.4935807 0.4201492 0.7163729 0.7293135 0.5553297 0.6464925 0.0000000 0.5312427 0.4011452 0.3130786 0.3777360 0.3716474 0.6082303 
yHAB158_Kazachstania_viticola       0.3665273 1.0278203 0.5492319 0.5851888 0.6283556 0.3795894 0.4324607 0.5395878 0.4623137 0.4317504 0.7191967 0.7230218 0.5230914 0.7113267 0.5312427 0.0000000 0.4217116 0.3759324 0.4521410 0.4819870 0.5346044 
yHAB159_Kazachstania_solicola       0.3255733 0.7661046 0.4153003 0.4962176 0.5924233 0.3513285 0.1160432 0.5704489 0.3525734 0.2122108 0.4036304 0.5834119 0.4356309 0.6060102 0.4011452 0.4217116 0.0000000 0.3368583 0.0605061 0.4095497 0.5108794 
yHAB160_Kazachstania_kunashirensis  0.2913996 0.8911684 0.4394375 0.4284066 0.5058651 0.3515240 0.3039048 0.4004269 0.3535173 0.3636996 0.5807737 0.6989121 0.3811545 0.5449428 0.3130786 0.3759324 0.3368583 0.0000000 0.3206897 0.3218472 0.5080117 
yHAB164_Kazachstania_aerobia        0.3384390 0.8011465 0.4329746 0.5201080 0.5538189 0.3006528 0.1067786 0.5181386 0.3925172 0.2022829 0.4941071 0.6820786 0.4781402 0.5907676 0.3777360 0.4521410 0.0605061 0.3206897 0.0000000 0.3624313 0.5399088 
yHAB166_Kazachstania_yakushimaensis 0.3194841 1.0826810 0.5864886 0.4829035 0.5786020 0.3766967 0.3394524 0.4909243 0.3780740 0.3840433 0.7339666 0.9158756 0.6857277 0.2698218 0.3716474 0.4819870 0.4095497 0.3218472 0.3624313 0.0000000 0.4894010 
yHMPu5000035629_Yueomyces_sinensis  0.5046533 1.1399892 0.5927817 0.6572459 0.4259575 0.4810312 0.4548196 0.7110606 0.5996421 0.5992153 0.8625610 0.8591667 0.6660404 0.7647534 0.6082303 0.5346044 0.5108794 0.5080117 0.5399088 0.4894010 0.0000000 
