21
Kazachstania_africana               0.0000000 2.7575175 2.5533988 3.0816865 5.1133102 2.5817387 2.5760285 2.9026958 2.3832585 2.3774397 2.7131838 3.0111020 2.3534423 2.8541341 2.7147687 2.7280382 2.5098771 2.3702304 2.4838441 3.0195475 3.8199389 
Kazachstania_naganishii             2.7575175 0.0000000 3.0071963 3.3643764 4.5070037 2.8484176 2.5580646 3.3587928 2.1241284 2.4571790 2.2410162 2.7517441 2.5832862 2.9127212 3.1509723 3.3070305 2.5356182 2.9362333 2.4914303 2.9258124 4.2164591 
Naumovozyma_castellii               2.5533988 3.0071963 0.0000000 2.1799155 4.5017504 2.6461086 2.5088940 3.2088911 2.5422433 2.6963416 2.9752351 3.3298225 2.7003044 3.0252447 3.2631487 3.0278613 2.6896452 3.0598236 2.7171335 2.8682688 3.7304919 
Naumovozyma_dairenensis             3.0816865 3.3643764 2.1799155 0.0000000 4.9897349 3.0726306 3.0969444 3.2292426 3.1446782 3.3342860 3.2037571 3.2591174 2.7385049 3.5255511 3.4474962 3.0812107 3.4124759 3.1485693 3.3429253 3.4603154 4.0411758 
Tetrapisispora_blattae              5.1133102 4.5070037 4.5017504 4.9897349 0.0000000 4.7444750 4.7156964 5.0396614 4.4823917 4.2182686 4.6764359 4.8358287 4.4178943 5.5298071 4.8442355 4.9066805 4.5004952 4.4862571 4.3940480 4.8133925 3.7137329 
yHAB132_Kazachstania_martiniae      2.5817387 2.8484176 2.6461086 3.0726306 4.7444750 0.0000000 2.3646316 2.8988857 2.1718688 2.3860313 2.6801139 2.9817064 2.4554636 3.1061013 2.6644571 2.6259536 2.4309813 2.5140767 2.3337597 3.0293732 4.0081103 
yHAB133_Kazachstania_unispora       2.5760285 2.5580646 2.5088940 3.0969444 4.7156964 2.3646316 0.0000000 2.8652844 2.0222793 1.0056870 1.8217103 2.8551117 2.3472391 2.3085203 2.6445785 2.9331210 0.6465238 2.5702293 0.6010309 2.4716091 3.8129052 
yHAB134_Kazachstania_turicensis     2.9026958 3.3587928 3.2088911 3.2292426 5.0396614 2.8988857 2.8652844 0.0000000 2.9220014 2.6877746 3.3510872 3.3127445 2.6778651 3.1117241 2.7345309 2.7100224 2.9423333 1.9885292 2.8619511 3.3647813 3.8997889 
yHAB136_Kazachstania_bromeliacearum 2.3832585 2.1241284 2.5422433 3.1446782 4.4823917 2.1718688 2.0222793 2.9220014 0.0000000 1.9325146 1.9833021 2.7526882 2.2752910 2.3562938 2.8278218 2.7723889 1.9425628 2.2864182 1.9190521 2.4511924 3.5752300 
yHAB143_Kazachstania_siamensis      2.3774397 2.4571790 2.6963416 3.3342860 4.2182686 2.3860313 1.0056870 2.6877746 1.9325146 0.0000000 1.9408565 2.8913610 2.4344960 2.4278114 2.7877122 2.6861665 1.0341417 2.4513471 1.0382534 2.4386344 3.4408989 
yHAB147_Kazachstania_taianensis     2.7131838 2.2410162 2.9752351 3.2037571 4.6764359 2.6801139 1.8217103 3.3510872 1.9833021 1.9408565 0.0000000 2.9869270 2.5741391 2.6561682 3.1889835 3.0544685 1.8718683 2.7605036 1.8216954 2.7047918 4.1679504 
yHAB148_Kazachstania_intestinalis   3.0111020 2.7517441 3.3298225 3.2591174 4.8358287 2.9817064 2.8551117 3.3127445 2.7526882 2.8913610 2.9869270 0.0000000 2.9064346 3.1411022 3.3206159 3.2370525 2.9672993 3.1959148 2.8597644 3.0443241 3.9310324 
yHAB153_Kazachstania_rosinii        2.3534423 2.5832862 2.7003044 2.7385049 4.4178943 2.4554636 2.3472391 2.6778651 2.2752910 2.4344960 2.5741391 2.9064346 0.0000000 2.9773664 2.1441587 2.6678776 2.4030937 2.0160387 2.3274308 2.9399975 3.7377147 
yHAB154_Kazachstania_transvaalensis 2.8541341 2.9127212 3.0252447 3.5255511 5.5298071 3.1061013 2.3085203 3.1117241 2.3562938 2.4278114 2.6561682 3.1411022 2.9773664 0.0000000 3.1895518 3.1117537 2.2194269 2.9123535 2.2235673 1.1999343 3.8967549 
yHAB155_Kazachstania_spencerorum    2.7147687 3.1509723 3.2631487 3.4474962 4.8442355 2.6644571 2.6445785 2.7345309 2.8278218 2.7877122 3.1889835 3.3206159 2.1441587 3.1895518 0.0000000 3.0189857 2.8162291 2.3822714 2.7293493 3.2491240 3.9457116 
yHAB158_Kazachstania_viticola       2.7280382 3.3070305 3.0278613 3.0812107 4.9066805 2.6259536 2.9331210 2.7100224 2.7723889 2.6861665 3.0544685 3.2370525 2.6678776 3.1117537 3.0189857 0.0000000 2.8400667 2.8707205 2.8320602 3.3523118 4.0818532 
yHAB159_Kazachstania_solicola       2.5098771 2.5356182 2.6896452 3.4124759 4.5004952 2.4309813 0.6465238 2.9423333 1.9425628 1.0341417 1.8718683 2.9672993 2.4030937 2.2194269 2.8162291 2.8400667 0.0000000 2.6814898 0.2151942 2.3882840 3.6879471 
yHAB160_Kazachstania_kunashirensis  2.3702304 2.9362333 3.0598236 3.1485693 4.4862571 2.5140767 2.5702293 1.9885292 2.2864182 2.4513471 2.7605036 3.1959148 2.0160387 2.9123535 2.3822714 2.8707205 2.6814898 0.0000000 2.6646028 2.9367120 3.9435446 
yHAB164_Kazachstania_aerobia        2.4838441 2.4914303 2.7171335 3.3429253 4.3940480 2.3337597 0.6010309 2.8619511 1.9190521 1.0382534 1.8216954 2.8597644 2.3274308 2.2235673 2.7293493 2.8320602 0.2151942 2.6646028 0.0000000 2.3218839 3.6969631 
yHAB166_Kazachstania_yakushimaensis 3.0195475 2.9258124 2.8682688 3.4603154 4.8133925 3.0293732 2.4716091 3.3647813 2.4511924 2.4386344 2.7047918 3.0443241 2.9399975 1.1999343 3.2491240 3.3523118 2.3882840 2.9367120 2.3218839 0.0000000 3.8597185 
yHMPu5000035629_Yueomyces_sinensis  3.8199389 4.2164591 3.7304919 4.0411758 3.7137329 4.0081103 3.8129052 3.8997889 3.5752300 3.4408989 4.1679504 3.9310324 3.7377147 3.8967549 3.9457116 4.0818532 3.6879471 3.9435446 3.6969631 3.8597185 0.0000000 
