21
Kazachstania_africana               0.0000000 1.8663443 1.6842936 1.4766552 2.1008693 1.2884921 1.5481239 1.4471645 1.6849656 1.5468640 1.5487666 1.6677375 1.7496387 1.6068807 1.5936366 1.5374974 1.6070030 1.5015787 1.6569323 1.5361063 2.1583348 
Kazachstania_naganishii             1.8663443 0.0000000 1.3501734 1.4911476 1.8403351 1.3675436 1.3545616 1.7622952 1.5007873 1.3122252 1.2882203 1.4731260 1.4465835 1.6564138 1.7097133 1.7045615 1.2838119 1.6632101 1.3171314 1.5786657 2.1792011 
Naumovozyma_castellii               1.6842936 1.3501734 0.0000000 1.0323986 1.4776088 1.1914476 1.3183819 1.2360052 1.5561121 1.3175719 1.3014263 1.4494609 1.2125863 1.6169196 1.3115288 1.2235735 1.2765147 1.2856024 1.3185656 1.6469812 1.9427458 
Naumovozyma_dairenensis             1.4766552 1.4911476 1.0323986 0.0000000 1.5146877 1.2215619 1.2341289 1.1258244 1.6012044 1.1978721 1.3812369 1.3645970 1.1994195 1.6950133 1.2956287 1.3382559 1.2765322 1.2648381 1.3070123 1.6685653 1.9472625 
Tetrapisispora_blattae              2.1008693 1.8403351 1.4776088 1.5146877 0.0000000 1.4487646 1.5711452 1.5077928 1.8676343 1.6545110 1.6506716 1.6329327 1.6266850 2.0338070 1.6732085 1.6822636 1.5946570 1.8858064 1.6125822 1.9054388 2.0057936 
yHAB132_Kazachstania_martiniae      1.2884921 1.3675436 1.1914476 1.2215619 1.4487646 0.0000000 1.1560081 1.2197771 1.3995824 1.1669207 1.3423501 1.2360034 1.3457408 1.4141534 1.2681415 1.3430247 1.1188804 1.1880778 1.1654993 1.3651588 1.9621403 
yHAB133_Kazachstania_unispora       1.5481239 1.3545616 1.3183819 1.2341289 1.5711452 1.1560081 0.0000000 1.1799860 1.3493261 0.5267839 1.2050037 1.4144861 1.3709652 1.3289633 1.4513109 1.3597135 0.2985999 1.3858967 0.3175173 1.3744234 1.7840481 
yHAB134_Kazachstania_turicensis     1.4471645 1.7622952 1.2360052 1.1258244 1.5077928 1.2197771 1.1799860 0.0000000 1.6323627 1.1764374 1.5592619 1.4338658 1.2785914 1.4056813 1.1690078 1.3213267 1.2312791 0.8468379 1.1830371 1.4338481 1.8972007 
yHAB136_Kazachstania_bromeliacearum 1.6849656 1.5007873 1.5561121 1.6012044 1.8676343 1.3995824 1.3493261 1.6323627 0.0000000 1.3422435 1.4908310 1.5200069 1.3790124 1.7253806 1.7876249 1.6658964 1.3523204 1.7483856 1.3651794 1.7157365 2.2814847 
yHAB143_Kazachstania_siamensis      1.5468640 1.3122252 1.3175719 1.1978721 1.6545110 1.1669207 0.5267839 1.1764374 1.3422435 0.0000000 1.2822897 1.4750120 1.4145544 1.2159323 1.4483624 1.4084543 0.5037379 1.3825914 0.4998467 1.3643327 1.8790053 
yHAB147_Kazachstania_taianensis     1.5487666 1.2882203 1.3014263 1.3812369 1.6506716 1.3423501 1.2050037 1.5592619 1.4908310 1.2822897 0.0000000 1.2806510 1.2392263 1.5518313 1.6516607 1.5719164 1.2355990 1.4149442 1.2614540 1.4960664 2.0947630 
yHAB148_Kazachstania_intestinalis   1.6677375 1.4731260 1.4494609 1.3645970 1.6329327 1.2360034 1.4144861 1.4338658 1.5200069 1.4750120 1.2806510 0.0000000 1.4392761 1.8627665 1.5350331 1.5928098 1.4203115 1.4812598 1.4234157 1.6931153 1.9936787 
yHAB153_Kazachstania_rosinii        1.7496387 1.4465835 1.2125863 1.1994195 1.6266850 1.3457408 1.3709652 1.2785914 1.3790124 1.4145544 1.2392263 1.4392761 0.0000000 1.7359314 1.4419119 1.4419300 1.3743672 1.3614985 1.3709754 1.6812174 2.1588548 
yHAB154_Kazachstania_transvaalensis 1.6068807 1.6564138 1.6169196 1.6950133 2.0338070 1.4141534 1.3289633 1.4056813 1.7253806 1.2159323 1.5518313 1.8627665 1.7359314 0.0000000 1.6297015 1.4637463 1.3311264 1.5834689 1.3664795 0.7139329 2.1213448 
yHAB155_Kazachstania_spencerorum    1.5936366 1.7097133 1.3115288 1.2956287 1.6732085 1.2681415 1.4513109 1.1690078 1.7876249 1.4483624 1.6516607 1.5350331 1.4419119 1.6297015 0.0000000 1.5506278 1.5787708 1.3011878 1.5829813 1.5536064 2.0962387 
yHAB158_Kazachstania_viticola       1.5374974 1.7045615 1.2235735 1.3382559 1.6822636 1.3430247 1.3597135 1.3213267 1.6658964 1.4084543 1.5719164 1.5928098 1.4419300 1.4637463 1.5506278 0.0000000 1.3626815 1.2990987 1.3700024 1.4073516 2.2366544 
yHAB159_Kazachstania_solicola       1.6070030 1.2838119 1.2765147 1.2765322 1.5946570 1.1188804 0.2985999 1.2312791 1.3523204 0.5037379 1.2355990 1.4203115 1.3743672 1.3311264 1.5787708 1.3626815 0.0000000 1.4487235 0.1000874 1.3734257 1.9533464 
yHAB160_Kazachstania_kunashirensis  1.5015787 1.6632101 1.2856024 1.2648381 1.8858064 1.1880778 1.3858967 0.8468379 1.7483856 1.3825914 1.4149442 1.4812598 1.3614985 1.5834689 1.3011878 1.2990987 1.4487235 0.0000000 1.4837358 1.5710819 1.9521993 
yHAB164_Kazachstania_aerobia        1.6569323 1.3171314 1.3185656 1.3070123 1.6125822 1.1654993 0.3175173 1.1830371 1.3651794 0.4998467 1.2614540 1.4234157 1.3709754 1.3664795 1.5829813 1.3700024 0.1000874 1.4837358 0.0000000 1.4371900 1.8753073 
yHAB166_Kazachstania_yakushimaensis 1.5361063 1.5786657 1.6469812 1.6685653 1.9054388 1.3651588 1.3744234 1.4338481 1.7157365 1.3643327 1.4960664 1.6931153 1.6812174 0.7139329 1.5536064 1.4073516 1.3734257 1.5710819 1.4371900 0.0000000 2.1145553 
yHMPu5000035629_Yueomyces_sinensis  2.1583348 2.1792011 1.9427458 1.9472625 2.0057936 1.9621403 1.7840481 1.8972007 2.2814847 1.8790053 2.0947630 1.9936787 2.1588548 2.1213448 2.0962387 2.2366544 1.9533464 1.9521993 1.8753073 2.1145553 0.0000000 
