21
Kazachstania_africana               0.0000000 0.9271878 0.6737311 0.5992237 0.9011615 0.5204475 0.6554938 0.7087792 0.5371030 0.7016610 1.2778416 0.9857159 0.7072929 0.7648135 0.5335555 0.5771990 0.6649480 0.5025227 0.6433439 0.6847731 1.0288404 
Kazachstania_naganishii             0.9271878 0.0000000 1.0476035 1.1253199 1.2448100 1.0394951 0.8838482 1.1901672 0.7305105 0.8194509 0.5555381 0.7445301 0.6615493 1.1423114 1.2552115 1.0130328 0.7267996 1.1656306 0.7879261 1.2048459 1.9291449 
Naumovozyma_castellii               0.6737311 1.0476035 0.0000000 0.5247191 0.9341756 0.8073609 0.6865278 0.8552840 0.6019283 0.6186531 1.4384691 0.8618735 0.8624399 0.9054358 0.7449753 0.7567430 0.6995918 0.7635732 0.6753892 0.8702366 1.0220197 
Naumovozyma_dairenensis             0.5992237 1.1253199 0.5247191 0.0000000 0.9456323 0.7050800 0.7416047 0.7306841 0.6904302 0.7092398 1.5228588 1.1475445 0.8487595 0.9594661 0.5670926 0.6541113 0.6641342 0.6698111 0.7063125 0.8719344 1.0625083 
Tetrapisispora_blattae              0.9011615 1.2448100 0.9341756 0.9456323 0.0000000 1.0899970 0.7313882 0.9491874 0.8324153 0.7306111 1.6594392 1.2196275 1.1476476 1.1493867 0.9304211 0.9187459 0.7710130 0.8591855 0.7799302 1.1307888 0.6839861 
yHAB132_Kazachstania_martiniae      0.5204475 1.0394951 0.8073609 0.7050800 1.0899970 0.0000000 0.6443708 0.7788765 0.5816904 0.7002257 1.5917719 1.2189140 0.8969227 0.8615002 0.5858813 0.6252500 0.6574587 0.6388439 0.6357757 0.7878888 1.1706381 
yHAB133_Kazachstania_unispora       0.6554938 0.8838482 0.6865278 0.7416047 0.7313882 0.6443708 0.0000000 0.7085753 0.4188203 0.1500938 1.3542819 1.1075748 0.8783664 0.6823221 0.6146478 0.5737985 0.1260816 0.5881294 0.1145616 0.6774133 0.8918770 
yHAB134_Kazachstania_turicensis     0.7087792 1.1901672 0.8552840 0.7306841 0.9491874 0.7788765 0.7085753 0.0000000 0.6434881 0.6855340 1.9014124 1.3314844 0.8673862 0.9640762 0.4925104 0.5850430 0.7630428 0.2456623 0.7738525 0.9024018 0.8884523 
yHAB136_Kazachstania_bromeliacearum 0.5371030 0.7305105 0.6019283 0.6904302 0.8324153 0.5816904 0.4188203 0.6434881 0.0000000 0.4105336 1.1191158 0.8711967 0.8752787 0.6849528 0.5963245 0.5531943 0.4331736 0.5260530 0.4164721 0.6530095 0.9411472 
yHAB143_Kazachstania_siamensis      0.7016610 0.8194509 0.6186531 0.7092398 0.7306111 0.7002257 0.1500938 0.6855340 0.4105336 0.0000000 1.3588595 1.0191157 0.9152537 0.6581778 0.5990052 0.5709464 0.1816174 0.5826416 0.1637316 0.6494653 0.8726775 
yHAB147_Kazachstania_taianensis     1.2778416 0.5555381 1.4384691 1.5228588 1.6594392 1.5917719 1.3542819 1.9014124 1.1191158 1.3588595 0.0000000 0.8127690 0.8571265 1.4126855 1.9088165 1.7051232 1.1547504 1.9666933 1.2480614 1.5273210 2.4460596 
yHAB148_Kazachstania_intestinalis   0.9857159 0.7445301 0.8618735 1.1475445 1.2196275 1.2189140 1.1075748 1.3314844 0.8711967 1.0191157 0.8127690 0.0000000 0.7334899 1.3334176 1.3386305 1.1904545 0.9706508 1.2446215 1.0788284 1.3028341 1.6279070 
yHAB153_Kazachstania_rosinii        0.7072929 0.6615493 0.8624399 0.8487595 1.1476476 0.8969227 0.8783664 0.8673862 0.8752787 0.9152537 0.8571265 0.7334899 0.0000000 1.0516005 0.7982653 0.8344781 0.8001457 0.7704739 0.8267916 1.0889850 1.3774134 
yHAB154_Kazachstania_transvaalensis 0.7648135 1.1423114 0.9054358 0.9594661 1.1493867 0.8615002 0.6823221 0.9640762 0.6849528 0.6581778 1.4126855 1.3334176 1.0516005 0.0000000 0.6746392 0.8568107 0.7367250 0.7999260 0.7116152 0.1482024 1.0449386 
yHAB155_Kazachstania_spencerorum    0.5335555 1.2552115 0.7449753 0.5670926 0.9304211 0.5858813 0.6146478 0.4925104 0.5963245 0.5990052 1.9088165 1.3386305 0.7982653 0.6746392 0.0000000 0.4270890 0.6536830 0.3402733 0.6578456 0.6419132 0.8991904 
yHAB158_Kazachstania_viticola       0.5771990 1.0130328 0.7567430 0.6541113 0.9187459 0.6252500 0.5737985 0.5850430 0.5531943 0.5709464 1.7051232 1.1904545 0.8344781 0.8568107 0.4270890 0.0000000 0.6014476 0.4967062 0.5952938 0.7824495 0.8879568 
yHAB159_Kazachstania_solicola       0.6649480 0.7267996 0.6995918 0.6641342 0.7710130 0.6574587 0.1260816 0.7630428 0.4331736 0.1816174 1.1547504 0.9706508 0.8001457 0.7367250 0.6536830 0.6014476 0.0000000 0.6439058 0.0396243 0.7135172 0.9472653 
yHAB160_Kazachstania_kunashirensis  0.5025227 1.1656306 0.7635732 0.6698111 0.8591855 0.6388439 0.5881294 0.2456623 0.5260530 0.5826416 1.9666933 1.2446215 0.7704739 0.7999260 0.3402733 0.4967062 0.6439058 0.0000000 0.6440573 0.6641138 0.7878886 
yHAB164_Kazachstania_aerobia        0.6433439 0.7879261 0.6753892 0.7063125 0.7799302 0.6357757 0.1145616 0.7738525 0.4164721 0.1637316 1.2480614 1.0788284 0.8267916 0.7116152 0.6578456 0.5952938 0.0396243 0.6440573 0.0000000 0.6913923 0.9114978 
yHAB166_Kazachstania_yakushimaensis 0.6847731 1.2048459 0.8702366 0.8719344 1.1307888 0.7878888 0.6774133 0.9024018 0.6530095 0.6494653 1.5273210 1.3028341 1.0889850 0.1482024 0.6419132 0.7824495 0.7135172 0.6641138 0.6913923 0.0000000 1.0202686 
yHMPu5000035629_Yueomyces_sinensis  1.0288404 1.9291449 1.0220197 1.0625083 0.6839861 1.1706381 0.8918770 0.8884523 0.9411472 0.8726775 2.4460596 1.6279070 1.3774134 1.0449386 0.8991904 0.8879568 0.9472653 0.7878886 0.9114978 1.0202686 0.0000000 
