21
Kazachstania_africana               0.0000000 3.2576073 3.3616172 3.4150918 3.7442733 3.0535260 3.2987588 3.8673698 2.8513476 3.0045958 2.8874256 3.2009447 3.0433285 3.9591977 2.9963788 3.3729661 3.0864903 3.0275418 3.2257069 3.9153976 4.9837948 
Kazachstania_naganishii             3.2576073 0.0000000 2.5075345 3.1133513 4.1908698 2.5770335 2.3789252 4.1511867 2.1656960 2.3257432 2.1442225 2.7878273 2.3731131 3.3766726 2.9443202 3.2970195 2.4400285 3.0844011 2.6162216 3.3195220 5.5410157 
Naumovozyma_castellii               3.3616172 2.5075345 0.0000000 2.1616627 4.0554685 2.1493822 2.1132389 3.9099155 2.0202313 2.1143895 2.2019150 2.4465462 2.6594925 3.5621527 2.9832856 2.7098951 2.2812328 2.9633903 2.2210512 3.4143130 4.7538063 
Naumovozyma_dairenensis             3.4150918 3.1133513 2.1616627 0.0000000 4.3698460 2.6922093 2.5041079 3.9418406 2.5028500 2.2971890 2.9726062 2.6477295 2.7953144 3.4030555 3.0971153 2.7301167 2.8275879 2.5174636 2.8567703 3.3458438 4.6889341 
Tetrapisispora_blattae              3.7442733 4.1908698 4.0554685 4.3698460 0.0000000 3.7286377 3.6577654 4.5146324 3.5985714 3.6061570 4.1578929 4.0073758 3.5195592 4.3109720 4.2053381 3.9799312 3.3707347 4.3268390 3.3223392 4.4720433 4.3523844 
yHAB132_Kazachstania_martiniae      3.0535260 2.5770335 2.1493822 2.6922093 3.7286377 0.0000000 2.1954594 3.0801642 1.7148249 2.4007362 2.3610250 2.4570191 2.1166278 3.2342056 2.3791677 2.3506034 2.3825241 2.6644448 2.3376824 3.2742571 4.3139269 
yHAB133_Kazachstania_unispora       3.2987588 2.3789252 2.1132389 2.5041079 3.6577654 2.1954594 0.0000000 3.4956637 1.9497902 1.2321010 2.5762622 2.6911593 2.5348777 2.5923312 2.3249791 2.3224044 0.7683330 2.6907969 0.7833906 2.6417567 4.0869675 
yHAB134_Kazachstania_turicensis     3.8673698 4.1511867 3.9099155 3.9418406 4.5146324 3.0801642 3.4956637 0.0000000 3.4718950 3.4972999 3.8152016 3.9514300 3.3839825 4.2469690 3.3231269 3.7934633 4.0879266 2.7844081 3.9112480 4.5773786 4.5255083 
yHAB136_Kazachstania_bromeliacearum 2.8513476 2.1656960 2.0202313 2.5028500 3.5985714 1.7148249 1.9497902 3.4718950 0.0000000 1.7067339 2.0128757 1.9875509 2.0093036 2.6743965 2.1972644 2.1189843 2.0107507 2.5073390 1.9760257 2.5669315 3.9515928 
yHAB143_Kazachstania_siamensis      3.0045958 2.3257432 2.1143895 2.2971890 3.6061570 2.4007362 1.2321010 3.4972999 1.7067339 0.0000000 2.4552698 2.5181244 2.4900072 2.7959469 2.3398149 2.4099122 1.4860593 2.8317177 1.4150627 2.6707414 4.2263086 
yHAB147_Kazachstania_taianensis     2.8874256 2.1442225 2.2019150 2.9726062 4.1578929 2.3610250 2.5762622 3.8152016 2.0128757 2.4552698 0.0000000 2.4912052 2.3077205 3.7524154 2.8225230 3.1755579 2.4044879 2.9834268 2.4751844 3.2747012 5.2240083 
yHAB148_Kazachstania_intestinalis   3.2009447 2.7878273 2.4465462 2.6477295 4.0073758 2.4570191 2.6911593 3.9514300 1.9875509 2.5181244 2.4912052 0.0000000 2.6719187 3.4720951 2.6648113 2.5975724 2.7609594 2.7778004 2.8771152 3.5100449 4.9669019 
yHAB153_Kazachstania_rosinii        3.0433285 2.3731131 2.6594925 2.7953144 3.5195592 2.1166278 2.5348777 3.3839825 2.0093036 2.4900072 2.3077205 2.6719187 0.0000000 3.1315364 2.3783448 2.3113499 2.4080301 2.1795366 2.5707539 3.0119270 4.5664216 
yHAB154_Kazachstania_transvaalensis 3.9591977 3.3766726 3.5621527 3.4030555 4.3109720 3.2342056 2.5923312 4.2469690 2.6743965 2.7959469 3.7524154 3.4720951 3.1315364 0.0000000 3.3484172 2.8434838 2.9821629 3.4995264 2.7945376 0.8326201 4.2522766 
yHAB155_Kazachstania_spencerorum    2.9963788 2.9443202 2.9832856 3.0971153 4.2053381 2.3791677 2.3249791 3.3231269 2.1972644 2.3398149 2.8225230 2.6648113 2.3783448 3.3484172 0.0000000 2.1538977 2.7261355 2.5059685 2.4957000 3.3093126 4.3840273 
yHAB158_Kazachstania_viticola       3.3729661 3.2970195 2.7098951 2.7301167 3.9799312 2.3506034 2.3224044 3.7934633 2.1189843 2.4099122 3.1755579 2.5975724 2.3113499 2.8434838 2.1538977 0.0000000 2.4017974 2.8675614 2.3922551 2.8988717 3.7366633 
yHAB159_Kazachstania_solicola       3.0864903 2.4400285 2.2812328 2.8275879 3.3707347 2.3825241 0.7683330 4.0879266 2.0107507 1.4860593 2.4044879 2.7609594 2.4080301 2.9821629 2.7261355 2.4017974 0.0000000 3.0511766 0.2777659 2.8006896 4.4645795 
yHAB160_Kazachstania_kunashirensis  3.0275418 3.0844011 2.9633903 2.5174636 4.3268390 2.6644448 2.6907969 2.7844081 2.5073390 2.8317177 2.9834268 2.7778004 2.1795366 3.4995264 2.5059685 2.8675614 3.0511766 0.0000000 3.0914630 3.6007348 4.3874557 
yHAB164_Kazachstania_aerobia        3.2257069 2.6162216 2.2210512 2.8567703 3.3223392 2.3376824 0.7833906 3.9112480 1.9760257 1.4150627 2.4751844 2.8771152 2.5707539 2.7945376 2.4957000 2.3922551 0.2777659 3.0914630 0.0000000 2.8189258 4.5151889 
yHAB166_Kazachstania_yakushimaensis 3.9153976 3.3195220 3.4143130 3.3458438 4.4720433 3.2742571 2.6417567 4.5773786 2.5669315 2.6707414 3.2747012 3.5100449 3.0119270 0.8326201 3.3093126 2.8988717 2.8006896 3.6007348 2.8189258 0.0000000 4.5810854 
yHMPu5000035629_Yueomyces_sinensis  4.9837948 5.5410157 4.7538063 4.6889341 4.3523844 4.3139269 4.0869675 4.5255083 3.9515928 4.2263086 5.2240083 4.9669019 4.5664216 4.2522766 4.3840273 3.7366633 4.4645795 4.3874557 4.5151889 4.5810854 0.0000000 
