21
Kazachstania_africana               0.0000000 1.0799321 0.9795878 0.9603984 0.9450203 0.9487029 0.8511865 0.9265765 0.9849546 0.9419038 0.9955869 1.0793245 0.9273977 0.9147620 1.0064865 0.9300423 1.0416723 0.9252168 1.0100803 0.9001531 1.0454739 
Kazachstania_naganishii             1.0799321 0.0000000 0.7533856 0.6782093 0.9826722 0.7690469 0.6571623 0.7449166 0.6541920 0.6722620 0.6809367 0.7487671 0.7361874 0.7499208 0.8160793 0.8961620 0.6365845 0.7272975 0.6611697 0.7574422 0.9904151 
Naumovozyma_castellii               0.9795878 0.7533856 0.0000000 0.5520480 0.8177103 0.6757885 0.6086081 0.5613501 0.5191029 0.5728033 0.6797929 0.7962388 0.5699701 0.7019360 0.6135951 0.7668128 0.6590016 0.6127714 0.6628328 0.7321149 0.9287118 
Naumovozyma_dairenensis             0.9603984 0.6782093 0.5520480 0.0000000 0.7782419 0.6463310 0.5971372 0.5527240 0.5400917 0.5615048 0.6928759 0.7909857 0.5823126 0.6527448 0.6703272 0.7329563 0.6942199 0.5609793 0.6665936 0.6153473 0.9590888 
Tetrapisispora_blattae              0.9450203 0.9826722 0.8177103 0.7782419 0.0000000 0.8923918 0.7493969 0.6701721 0.7816589 0.8363143 0.8988879 0.9908681 0.7224901 0.7697921 0.7474657 0.8388385 0.8221623 0.6375192 0.7939955 0.7364424 0.6536254 
yHAB132_Kazachstania_martiniae      0.9487029 0.7690469 0.6757885 0.6463310 0.8923918 0.0000000 0.6008475 0.6192530 0.6314914 0.5692131 0.8614598 0.8359811 0.6544623 0.8031887 0.6491315 0.6992700 0.6789289 0.6421939 0.6271263 0.6759665 0.9966918 
yHAB133_Kazachstania_unispora       0.8511865 0.6571623 0.6086081 0.5971372 0.7493969 0.6008475 0.0000000 0.4846233 0.4475380 0.3286075 0.5780087 0.8109619 0.5102324 0.5725669 0.6237874 0.7136910 0.2426382 0.5121760 0.2698093 0.4454352 0.8780567 
yHAB134_Kazachstania_turicensis     0.9265765 0.7449166 0.5613501 0.5527240 0.6701721 0.6192530 0.4846233 0.0000000 0.4904803 0.4901532 0.6185186 0.8423919 0.4460489 0.7083228 0.5233730 0.7264946 0.5717575 0.2900610 0.5592935 0.6048380 0.8125188 
yHAB136_Kazachstania_bromeliacearum 0.9849546 0.6541920 0.5191029 0.5400917 0.7816589 0.6314914 0.4475380 0.4904803 0.0000000 0.4294115 0.6459429 0.7368377 0.5745109 0.6421858 0.6904242 0.7337892 0.5175984 0.5202675 0.5195795 0.6004608 0.9267184 
yHAB143_Kazachstania_siamensis      0.9419038 0.6722620 0.5728033 0.5615048 0.8363143 0.5692131 0.3286075 0.4901532 0.4294115 0.0000000 0.5804682 0.7142783 0.5582629 0.6036512 0.6533438 0.7175071 0.3777724 0.5119443 0.3783005 0.5039942 0.8505013 
yHAB147_Kazachstania_taianensis     0.9955869 0.6809367 0.6797929 0.6928759 0.8988879 0.8614598 0.5780087 0.6185186 0.6459429 0.5804682 0.0000000 0.8724885 0.6182663 0.7607639 0.8105595 0.8410395 0.6366676 0.6872071 0.6425831 0.7824981 1.0504862 
yHAB148_Kazachstania_intestinalis   1.0793245 0.7487671 0.7962388 0.7909857 0.9908681 0.8359811 0.8109619 0.8423919 0.7368377 0.7142783 0.8724885 0.0000000 0.7935327 0.8106230 0.8097386 0.8991397 0.7873551 0.8112117 0.7752389 0.8372045 1.1077511 
yHAB153_Kazachstania_rosinii        0.9273977 0.7361874 0.5699701 0.5823126 0.7224901 0.6544623 0.5102324 0.4460489 0.5745109 0.5582629 0.6182663 0.7935327 0.0000000 0.7460188 0.5039254 0.7474778 0.5800791 0.4638604 0.6145026 0.6447764 0.8726779 
yHAB154_Kazachstania_transvaalensis 0.9147620 0.7499208 0.7019360 0.6527448 0.7697921 0.8031887 0.5725669 0.7083228 0.6421858 0.6036512 0.7607639 0.8106230 0.7460188 0.0000000 0.7550398 0.7658032 0.6265357 0.6700045 0.6201323 0.2560496 0.9406563 
yHAB155_Kazachstania_spencerorum    1.0064865 0.8160793 0.6135951 0.6703272 0.7474657 0.6491315 0.6237874 0.5233730 0.6904242 0.6533438 0.8105595 0.8097386 0.5039254 0.7550398 0.0000000 0.7005548 0.6202079 0.5599948 0.6615020 0.6426352 0.9513520 
yHAB158_Kazachstania_viticola       0.9300423 0.8961620 0.7668128 0.7329563 0.8388385 0.6992700 0.7136910 0.7264946 0.7337892 0.7175071 0.8410395 0.8991397 0.7474778 0.7658032 0.7005548 0.0000000 0.7156499 0.6987480 0.6992594 0.6930049 0.9548500 
yHAB159_Kazachstania_solicola       1.0416723 0.6365845 0.6590016 0.6942199 0.8221623 0.6789289 0.2426382 0.5717575 0.5175984 0.3777724 0.6366676 0.7873551 0.5800791 0.6265357 0.6202079 0.7156499 0.0000000 0.5651708 0.0762249 0.5273442 0.9082790 
yHAB160_Kazachstania_kunashirensis  0.9252168 0.7272975 0.6127714 0.5609793 0.6375192 0.6421939 0.5121760 0.2900610 0.5202675 0.5119443 0.6872071 0.8112117 0.4638604 0.6700045 0.5599948 0.6987480 0.5651708 0.0000000 0.5594083 0.5874128 0.7921005 
yHAB164_Kazachstania_aerobia        1.0100803 0.6611697 0.6628328 0.6665936 0.7939955 0.6271263 0.2698093 0.5592935 0.5195795 0.3783005 0.6425831 0.7752389 0.6145026 0.6201323 0.6615020 0.6992594 0.0762249 0.5594083 0.0000000 0.5190209 0.8782862 
yHAB166_Kazachstania_yakushimaensis 0.9001531 0.7574422 0.7321149 0.6153473 0.7364424 0.6759665 0.4454352 0.6048380 0.6004608 0.5039942 0.7824981 0.8372045 0.6447764 0.2560496 0.6426352 0.6930049 0.5273442 0.5874128 0.5190209 0.0000000 0.8731056 
yHMPu5000035629_Yueomyces_sinensis  1.0454739 0.9904151 0.9287118 0.9590888 0.6536254 0.9966918 0.8780567 0.8125188 0.9267184 0.8505013 1.0504862 1.1077511 0.8726779 0.9406563 0.9513520 0.9548500 0.9082790 0.7921005 0.8782862 0.8731056 0.0000000 
