21
Kazachstania_africana               0.0000000 1.5835182 1.7237141 1.6166660 2.0228391 1.4737250 1.6271572 1.7260321 1.5370156 1.5113920 1.7341517 2.0371520 1.5960981 1.7121807 1.7297711 1.8811963 1.7019011 1.6124197 1.6581725 1.7528908 2.3708840 
Kazachstania_naganishii             1.5835182 0.0000000 1.3373201 1.5502381 1.9801673 1.2528770 1.1276411 1.5348352 1.0592990 1.0504380 1.1838049 1.5924654 1.5584900 1.2503201 1.4231700 1.7561141 1.3129470 1.3704888 1.2261234 1.3385687 2.3048517 
Naumovozyma_castellii               1.7237141 1.3373201 0.0000000 0.8306797 1.9556331 1.1132374 1.2716055 1.5460090 1.3255072 1.2748704 1.3775160 1.8225279 1.2681927 1.5248673 1.1550766 1.7070622 1.3746322 1.4567804 1.3788621 1.5945359 2.0926495 
Naumovozyma_dairenensis             1.6166660 1.5502381 0.8306797 0.0000000 1.8938403 1.2112277 1.3361192 1.5797828 1.4586975 1.2096268 1.4822575 1.8078883 1.2794066 1.6431274 1.2518897 1.7726498 1.4346678 1.5244068 1.4366369 1.6601888 2.1944769 
Tetrapisispora_blattae              2.0228391 1.9801673 1.9556331 1.8938403 0.0000000 1.7767098 1.8644064 1.8398543 1.8183982 1.7541992 1.8854581 2.1349115 1.8234262 1.8435858 1.8625270 1.9822114 1.8869130 1.8421460 1.8455279 1.9949760 1.4450201 
yHAB132_Kazachstania_martiniae      1.4737250 1.2528770 1.1132374 1.2112277 1.7767098 0.0000000 1.3112628 1.3105895 1.1049838 1.3042538 1.2729230 1.7073515 1.2174987 1.5069820 1.1466692 1.4606080 1.3805332 1.4774849 1.3179561 1.4889216 2.0507187 
yHAB133_Kazachstania_unispora       1.6271572 1.1276411 1.2716055 1.3361192 1.8644064 1.3112628 0.0000000 1.3923377 1.0360449 0.4233245 1.0060124 1.6429889 1.3752688 1.1027545 1.2173703 1.5356934 0.4181504 1.3371927 0.3906950 1.1432642 1.9852053 
yHAB134_Kazachstania_turicensis     1.7260321 1.5348352 1.5460090 1.5797828 1.8398543 1.3105895 1.3923377 0.0000000 1.2916462 1.4308068 1.4271148 2.0375556 1.1450786 1.4015902 1.2559923 1.7908190 1.5312182 0.8888332 1.5426267 1.4253496 1.9621386 
yHAB136_Kazachstania_bromeliacearum 1.5370156 1.0592990 1.3255072 1.4586975 1.8183982 1.1049838 1.0360449 1.2916462 0.0000000 1.0093618 0.9511404 1.5819373 1.2876179 1.1531823 1.2981551 1.6209544 1.0590961 1.3220039 1.0814565 1.0721158 1.9646551 
yHAB143_Kazachstania_siamensis      1.5113920 1.0504380 1.2748704 1.2096268 1.7541992 1.3042538 0.4233245 1.4308068 1.0093618 0.0000000 0.9897158 1.5749910 1.3727094 1.1996452 1.2826396 1.5456104 0.4622131 1.2711696 0.4596276 1.1643942 2.0211088 
yHAB147_Kazachstania_taianensis     1.7341517 1.1838049 1.3775160 1.4822575 1.8854581 1.2729230 1.0060124 1.4271148 0.9511404 0.9897158 0.0000000 1.8401507 1.3522086 1.1455113 1.2203601 1.6294672 1.1493381 1.2816703 1.1702881 1.2827029 2.1712383 
yHAB148_Kazachstania_intestinalis   2.0371520 1.5924654 1.8225279 1.8078883 2.1349115 1.7073515 1.6429889 2.0375556 1.5819373 1.5749910 1.8401507 0.0000000 1.8119073 1.6597273 1.6441995 1.9934152 1.6330610 1.7731104 1.5831044 1.8888896 2.2437693 
yHAB153_Kazachstania_rosinii        1.5960981 1.5584900 1.2681927 1.2794066 1.8234262 1.2174987 1.3752688 1.1450786 1.2876179 1.3727094 1.3522086 1.8119073 0.0000000 1.4970064 0.9983284 1.5658317 1.4780380 1.1336015 1.4808156 1.5341662 2.2000384 
yHAB154_Kazachstania_transvaalensis 1.7121807 1.2503201 1.5248673 1.6431274 1.8435858 1.5069820 1.1027545 1.4015902 1.1531823 1.1996452 1.1455113 1.6597273 1.4970064 0.0000000 1.5294098 1.6264146 1.2044327 1.5688100 1.2074408 0.5366581 1.9613846 
yHAB155_Kazachstania_spencerorum    1.7297711 1.4231700 1.1550766 1.2518897 1.8625270 1.1466692 1.2173703 1.2559923 1.2981551 1.2826396 1.2203601 1.6441995 0.9983284 1.5294098 0.0000000 1.5658515 1.3711181 1.1132111 1.3552834 1.5677245 2.1351964 
yHAB158_Kazachstania_viticola       1.8811963 1.7561141 1.7070622 1.7726498 1.9822114 1.4606080 1.5356934 1.7908190 1.6209544 1.5456104 1.6294672 1.9934152 1.5658317 1.6264146 1.5658515 0.0000000 1.6399501 1.5271092 1.6198931 1.8047954 2.2273338 
yHAB159_Kazachstania_solicola       1.7019011 1.3129470 1.3746322 1.4346678 1.8869130 1.3805332 0.4181504 1.5312182 1.0590961 0.4622131 1.1493381 1.6330610 1.4780380 1.2044327 1.3711181 1.6399501 0.0000000 1.3244203 0.1153017 1.3365607 1.9953132 
yHAB160_Kazachstania_kunashirensis  1.6124197 1.3704888 1.4567804 1.5244068 1.8421460 1.4774849 1.3371927 0.8888332 1.3220039 1.2711696 1.2816703 1.7731104 1.1336015 1.5688100 1.1132111 1.5271092 1.3244203 0.0000000 1.2606566 1.4796492 1.9912877 
yHAB164_Kazachstania_aerobia        1.6581725 1.2261234 1.3788621 1.4366369 1.8455279 1.3179561 0.3906950 1.5426267 1.0814565 0.4596276 1.1702881 1.5831044 1.4808156 1.2074408 1.3552834 1.6198931 0.1153017 1.2606566 0.0000000 1.2946187 2.0059103 
yHAB166_Kazachstania_yakushimaensis 1.7528908 1.3385687 1.5945359 1.6601888 1.9949760 1.4889216 1.1432642 1.4253496 1.0721158 1.1643942 1.2827029 1.8888896 1.5341662 0.5366581 1.5677245 1.8047954 1.3365607 1.4796492 1.2946187 0.0000000 2.0918826 
yHMPu5000035629_Yueomyces_sinensis  2.3708840 2.3048517 2.0926495 2.1944769 1.4450201 2.0507187 1.9852053 1.9621386 1.9646551 2.0211088 2.1712383 2.2437693 2.2000384 1.9613846 2.1351964 2.2273338 1.9953132 1.9912877 2.0059103 2.0918826 0.0000000 
