21
Kazachstania_africana               0.0000000 1.0849163 0.7370942 1.2559444 1.0787670 0.7201692 0.9178235 0.6645107 0.9742254 0.8953890 1.0085575 0.9962803 0.7364955 0.8795692 0.8111904 0.7452479 0.9498621 0.7509747 0.9710131 0.7314472 0.9874586 
Kazachstania_naganishii             1.0849163 0.0000000 1.1594442 1.5727012 1.5888965 1.2057864 1.1174675 1.1544860 1.2037383 1.1764272 0.7817689 0.9800466 1.0295828 1.0960935 1.4115510 1.0238999 1.1315737 1.2935531 1.1782573 1.3169785 1.3510382 
Naumovozyma_castellii               0.7370942 1.1594442 0.0000000 0.8076398 1.0101624 0.7298816 0.8354065 0.6050643 0.9901034 0.7004000 1.1081688 0.9554068 0.7564613 0.7238943 0.6644749 0.6931293 0.9370596 0.7536482 0.8805260 0.6396098 0.7938924 
Naumovozyma_dairenensis             1.2559444 1.5727012 0.8076398 0.0000000 1.0487055 1.0458917 0.9733041 0.8894888 1.2152890 0.9011478 1.5665129 1.2265025 1.1946338 0.9665206 0.9842449 1.0509747 1.0293535 1.1554534 0.9953983 1.0290580 0.9723299 
Tetrapisispora_blattae              1.0787670 1.5888965 1.0101624 1.0487055 0.0000000 0.9355857 0.8923378 0.7475761 1.1679834 0.9843374 1.3081162 1.1237187 1.0014250 0.9551164 0.8880762 0.9756696 0.9437439 0.9396079 0.9921194 0.8300903 0.5674154 
yHAB132_Kazachstania_martiniae      0.7201692 1.2057864 0.7298816 1.0458917 0.9355857 0.0000000 0.7025072 0.6136348 0.8021854 0.6356375 1.0575047 0.9035512 0.7673776 0.6820908 0.6441650 0.8024427 0.8778638 0.5977210 0.8115034 0.5531129 0.5950990 
yHAB133_Kazachstania_unispora       0.9178235 1.1174675 0.8354065 0.9733041 0.8923378 0.7025072 0.0000000 0.6198305 0.7739361 0.2960206 0.9642867 0.9044594 0.8587203 0.5612962 0.7283249 0.6585461 0.2310102 0.6959013 0.2129959 0.5714143 0.7101615 
yHAB134_Kazachstania_turicensis     0.6645107 1.1544860 0.6050643 0.8894888 0.7475761 0.6136348 0.6198305 0.0000000 0.8295158 0.5728187 1.0756197 0.9163215 0.6717091 0.5688021 0.6219903 0.7151241 0.7450367 0.4630931 0.6983763 0.5416701 0.6902667 
yHAB136_Kazachstania_bromeliacearum 0.9742254 1.2037383 0.9901034 1.2152890 1.1679834 0.8021854 0.7739361 0.8295158 0.0000000 0.7937604 1.1833599 1.2085383 0.8005460 0.8871850 0.8728288 0.9554866 0.8532676 0.9696221 0.7772268 0.8713036 1.0872545 
yHAB143_Kazachstania_siamensis      0.8953890 1.1764272 0.7004000 0.9011478 0.9843374 0.6356375 0.2960206 0.5728187 0.7937604 0.0000000 1.0571112 0.8305327 0.9081846 0.4779504 0.7242532 0.7739842 0.4452954 0.6689163 0.3966800 0.4651855 0.7340598 
yHAB147_Kazachstania_taianensis     1.0085575 0.7817689 1.1081688 1.5665129 1.3081162 1.0575047 0.9642867 1.0756197 1.1833599 1.0571112 0.0000000 1.0587136 0.8932408 1.0836993 1.1702453 1.1340976 0.9266398 1.1353346 0.9727642 1.2393566 1.2208173 
yHAB148_Kazachstania_intestinalis   0.9962803 0.9800466 0.9554068 1.2265025 1.1237187 0.9035512 0.9044594 0.9163215 1.2085383 0.8305327 1.0587136 0.0000000 1.0126013 0.9181175 1.0464671 0.9813957 0.8937033 0.9135190 0.8139600 0.9296544 0.9159900 
yHAB153_Kazachstania_rosinii        0.7364955 1.0295828 0.7564613 1.1946338 1.0014250 0.7673776 0.8587203 0.6717091 0.8005460 0.9081846 0.8932408 1.0126013 0.0000000 0.9196604 0.6734442 0.7741789 0.9244617 0.7829087 0.9093675 0.8147711 0.8875229 
yHAB154_Kazachstania_transvaalensis 0.8795692 1.0960935 0.7238943 0.9665206 0.9551164 0.6820908 0.5612962 0.5688021 0.8871850 0.4779504 1.0836993 0.9181175 0.9196604 0.0000000 0.6588510 0.7614584 0.6931649 0.6698922 0.6552789 0.2580445 0.7593750 
yHAB155_Kazachstania_spencerorum    0.8111904 1.4115510 0.6644749 0.9842449 0.8880762 0.6441650 0.7283249 0.6219903 0.8728288 0.7242532 1.1702453 1.0464671 0.6734442 0.6588510 0.0000000 0.8022564 0.9232325 0.6218363 0.8343528 0.6501276 0.6971397 
yHAB158_Kazachstania_viticola       0.7452479 1.0238999 0.6931293 1.0509747 0.9756696 0.8024427 0.6585461 0.7151241 0.9554866 0.7739842 1.1340976 0.9813957 0.7741789 0.7614584 0.8022564 0.0000000 0.8312544 0.7835262 0.7961919 0.7891103 0.8583412 
yHAB159_Kazachstania_solicola       0.9498621 1.1315737 0.9370596 1.0293535 0.9437439 0.8778638 0.2310102 0.7450367 0.8532676 0.4452954 0.9266398 0.8937033 0.9244617 0.6931649 0.9232325 0.8312544 0.0000000 0.8697942 0.0676870 0.7059595 0.8726131 
yHAB160_Kazachstania_kunashirensis  0.7509747 1.2935531 0.7536482 1.1554534 0.9396079 0.5977210 0.6959013 0.4630931 0.9696221 0.6689163 1.1353346 0.9135190 0.7829087 0.6698922 0.6218363 0.7835262 0.8697942 0.0000000 0.7848998 0.5545381 0.6491010 
yHAB164_Kazachstania_aerobia        0.9710131 1.1782573 0.8805260 0.9953983 0.9921194 0.8115034 0.2129959 0.6983763 0.7772268 0.3966800 0.9727642 0.8139600 0.9093675 0.6552789 0.8343528 0.7961919 0.0676870 0.7848998 0.0000000 0.6627686 0.8550166 
yHAB166_Kazachstania_yakushimaensis 0.7314472 1.3169785 0.6396098 1.0290580 0.8300903 0.5531129 0.5714143 0.5416701 0.8713036 0.4651855 1.2393566 0.9296544 0.8147711 0.2580445 0.6501276 0.7891103 0.7059595 0.5545381 0.6627686 0.0000000 0.6463980 
yHMPu5000035629_Yueomyces_sinensis  0.9874586 1.3510382 0.7938924 0.9723299 0.5674154 0.5950990 0.7101615 0.6902667 1.0872545 0.7340598 1.2208173 0.9159900 0.8875229 0.7593750 0.6971397 0.8583412 0.8726131 0.6491010 0.8550166 0.6463980 0.0000000 
