21
Kazachstania_africana               0.0000000 1.2917357 1.1099501 1.1063836 1.9093288 0.9863804 0.9220147 1.0885817 0.9126297 1.1468871 2.6388125 0.9127596 0.8866445 1.4907001 1.1101495 0.9232902 1.0092001 0.9223216 0.9737700 1.5141386 1.9903867 
Kazachstania_naganishii             1.2917357 0.0000000 1.2351784 1.4561786 2.6486538 1.2362673 1.2168930 1.2986880 1.0180742 1.3590635 1.4644333 0.9101690 1.0885885 2.0952746 1.3424501 1.3311355 1.0822711 1.1884867 1.2326013 2.3386461 3.0632144 
Naumovozyma_castellii               1.1099501 1.2351784 0.0000000 0.8269466 2.2112331 1.0559874 0.9004317 0.9544447 0.8413628 1.0800733 2.4394285 0.9323349 0.9258528 1.6706752 0.9890045 0.9748517 0.9867913 1.0730576 0.9605814 1.5156605 2.1593486 
Naumovozyma_dairenensis             1.1063836 1.4561786 0.8269466 0.0000000 2.0571222 1.1235228 0.8814695 0.9592079 0.8197283 1.1548751 2.7949187 0.9939077 1.0085514 1.5878124 0.9286329 0.9406437 1.0701896 1.0918731 1.0366559 1.6255382 1.8449868 
Tetrapisispora_blattae              1.9093288 2.6486538 2.2112331 2.0571222 0.0000000 1.9078370 1.7899313 1.5666617 1.6568188 2.0253379 4.0457522 1.9492882 1.9507664 1.9443550 1.8000187 1.6988328 1.7970153 1.7985555 1.7799239 1.8746702 1.8266494 
yHAB132_Kazachstania_martiniae      0.9863804 1.2362673 1.0559874 1.1235228 1.9078370 0.0000000 1.0017626 0.9336298 0.8474308 1.3055087 2.5743249 0.9602717 0.8505820 1.5640408 0.9748653 0.9372755 0.9860175 0.8907981 0.9986246 1.6221854 2.2825172 
yHAB133_Kazachstania_unispora       0.9220147 1.2168930 0.9004317 0.8814695 1.7899313 1.0017626 0.0000000 0.8460834 0.6610674 0.5582320 2.2269625 0.8030463 0.8766529 1.2816822 0.9239871 0.8393918 0.3540929 0.8919699 0.3186277 1.4242277 1.8088054 
yHAB134_Kazachstania_turicensis     1.0885817 1.2986880 0.9544447 0.9592079 1.5666617 0.9336298 0.8460834 0.0000000 0.6905181 0.9887571 2.7616883 0.8962033 0.8452320 1.2785167 0.7387407 0.8428912 0.9054663 0.5338689 0.9171790 1.2427628 1.7481532 
yHAB136_Kazachstania_bromeliacearum 0.9126297 1.0180742 0.8413628 0.8197283 1.6568188 0.8474308 0.6610674 0.6905181 0.0000000 0.9482442 2.5035321 0.8555506 0.8092818 1.2723554 0.9496446 0.9435263 0.7596478 0.7971245 0.7105331 1.4378056 2.0043774 
yHAB143_Kazachstania_siamensis      1.1468871 1.3590635 1.0800733 1.1548751 2.0253379 1.3055087 0.5582320 0.9887571 0.9482442 0.0000000 2.6731646 0.9087371 1.1109331 1.2967536 1.1592913 1.2783957 0.6612634 1.0450657 0.6280597 1.5535492 1.8352545 
yHAB147_Kazachstania_taianensis     2.6388125 1.4644333 2.4394285 2.7949187 4.0457522 2.5743249 2.2269625 2.7616883 2.5035321 2.6731646 0.0000000 2.0486195 2.5098900 2.9055816 2.5455881 2.5713678 2.0452102 2.4171619 2.4006919 3.2614496 3.3829434 
yHAB148_Kazachstania_intestinalis   0.9127596 0.9101690 0.9323349 0.9939077 1.9492882 0.9602717 0.8030463 0.8962033 0.8555506 0.9087371 2.0486195 0.0000000 0.8990657 1.4523813 0.9205045 0.9808525 0.7626801 0.8483942 0.7886101 1.5235599 1.7802952 
yHAB153_Kazachstania_rosinii        0.8866445 1.0885885 0.9258528 1.0085514 1.9507664 0.8505820 0.8766529 0.8452320 0.8092818 1.1109331 2.5098900 0.8990657 0.0000000 1.6917437 0.9286275 0.9198331 0.9339715 0.7604539 0.9490552 1.7786273 2.1922694 
yHAB154_Kazachstania_transvaalensis 1.4907001 2.0952746 1.6706752 1.5878124 1.9443550 1.5640408 1.2816822 1.2785167 1.2723554 1.2967536 2.9055816 1.4523813 1.6917437 0.0000000 1.4233847 1.4087496 1.3063484 1.3470519 1.3152068 0.6039974 1.9297820 
yHAB155_Kazachstania_spencerorum    1.1101495 1.3424501 0.9890045 0.9286329 1.8000187 0.9748653 0.9239871 0.7387407 0.9496446 1.1592913 2.5455881 0.9205045 0.9286275 1.4233847 0.0000000 0.9368200 0.9959552 0.8324535 0.9362946 1.4817282 2.0386956 
yHAB158_Kazachstania_viticola       0.9232902 1.3311355 0.9748517 0.9406437 1.6988328 0.9372755 0.8393918 0.8428912 0.9435263 1.2783957 2.5713678 0.9808525 0.9198331 1.4087496 0.9368200 0.0000000 0.8909956 0.8332260 0.9412037 1.4964072 1.8453689 
yHAB159_Kazachstania_solicola       1.0092001 1.0822711 0.9867913 1.0701896 1.7970153 0.9860175 0.3540929 0.9054663 0.7596478 0.6612634 2.0452102 0.7626801 0.9339715 1.3063484 0.9959552 0.8909956 0.0000000 0.8964422 0.1431610 1.4161385 2.0394707 
yHAB160_Kazachstania_kunashirensis  0.9223216 1.1884867 1.0730576 1.0918731 1.7985555 0.8907981 0.8919699 0.5338689 0.7971245 1.0450657 2.4171619 0.8483942 0.7604539 1.3470519 0.8324535 0.8332260 0.8964422 0.0000000 0.8598340 1.4812989 1.8952318 
yHAB164_Kazachstania_aerobia        0.9737700 1.2326013 0.9605814 1.0366559 1.7799239 0.9986246 0.3186277 0.9171790 0.7105331 0.6280597 2.4006919 0.7886101 0.9490552 1.3152068 0.9362946 0.9412037 0.1431610 0.8598340 0.0000000 1.4417289 1.9044257 
yHAB166_Kazachstania_yakushimaensis 1.5141386 2.3386461 1.5156605 1.6255382 1.8746702 1.6221854 1.4242277 1.2427628 1.4378056 1.5535492 3.2614496 1.5235599 1.7786273 0.6039974 1.4817282 1.4964072 1.4161385 1.4812989 1.4417289 0.0000000 1.7792646 
yHMPu5000035629_Yueomyces_sinensis  1.9903867 3.0632144 2.1593486 1.8449868 1.8266494 2.2825172 1.8088054 1.7481532 2.0043774 1.8352545 3.3829434 1.7802952 2.1922694 1.9297820 2.0386956 1.8453689 2.0394707 1.8952318 1.9044257 1.7792646 0.0000000 
