21
Kazachstania_africana               0.0000000 3.4876356 4.5913839 4.3805104 5.4937669 3.0828268 3.4366620 4.5245600 3.8371994 3.4676903 5.0475453 4.2332400 3.8436398 3.6977304 3.5340848 3.1349519 3.7472149 3.6914120 3.7257232 3.4849280 6.4434773 
Kazachstania_naganishii             3.4876356 0.0000000 4.6528900 4.8503333 5.5072231 3.1876004 3.0374088 3.6994916 2.7380238 2.6732187 3.2193194 3.5191039 3.5365688 3.4658934 3.5567869 3.3006294 2.9878710 3.4959570 2.9632384 3.4526768 6.5875959 
Naumovozyma_castellii               4.5913839 4.6528900 0.0000000 2.5012957 3.8091168 4.5277605 3.6141111 4.8464654 3.8514348 3.9129242 5.7592137 4.6451106 3.8654300 4.5780005 3.4645147 3.9812056 3.8704526 3.7119979 3.9490936 5.0439849 4.8425058 
Naumovozyma_dairenensis             4.3805104 4.8503333 2.5012957 0.0000000 4.2860723 4.5019561 3.8157211 4.1907667 4.6601490 3.8586201 5.8876568 4.8854026 3.8266728 3.9143368 3.4848816 3.8767174 3.9454529 3.4564759 3.9466198 4.0174564 4.9204769 
Tetrapisispora_blattae              5.4937669 5.5072231 3.8091168 4.2860723 0.0000000 4.8370361 4.8512335 5.8785923 5.0513591 5.7682417 7.0214237 5.5079369 4.8583135 5.5157091 4.3934268 4.8100594 4.8876314 4.9557076 4.6876580 5.7634092 3.7716458 
yHAB132_Kazachstania_martiniae      3.0828268 3.1876004 4.5277605 4.5019561 4.8370361 0.0000000 2.5629480 4.0812340 2.8868573 2.7671397 4.6933975 3.9036094 3.1143393 3.0185758 2.8917662 2.8273781 2.5856905 3.4287516 2.6911917 2.8903938 5.6371228 
yHAB133_Kazachstania_unispora       3.4366620 3.0374088 3.6141111 3.8157211 4.8512335 2.5629480 0.0000000 3.8606814 2.5478787 1.2199151 4.3986691 3.6902218 3.2554952 2.7997886 2.6401672 2.6492230 0.8044005 3.0445688 0.7179655 2.6047953 5.6168375 
yHAB134_Kazachstania_turicensis     4.5245600 3.6994916 4.8464654 4.1907667 5.8785923 4.0812340 3.8606814 0.0000000 4.2862285 3.9782310 3.9342150 4.5280373 4.0295477 4.4882250 3.0209263 4.0600319 3.6253392 2.8587967 3.6321895 4.3273642 5.9538140 
yHAB136_Kazachstania_bromeliacearum 3.8371994 2.7380238 3.8514348 4.6601490 5.0513591 2.8868573 2.5478787 4.2862285 0.0000000 2.7076208 4.0409106 3.4034930 3.4597954 2.6321163 3.1902558 3.4279537 2.5456775 3.7274736 2.5588163 2.7302884 5.6481071 
yHAB143_Kazachstania_siamensis      3.4676903 2.6732187 3.9129242 3.8586201 5.7682417 2.7671397 1.2199151 3.9782310 2.7076208 0.0000000 3.8601616 4.1759895 3.6288665 2.7152011 2.7483498 2.9871078 1.4876151 3.3180723 1.4095175 2.4314671 6.1618253 
yHAB147_Kazachstania_taianensis     5.0475453 3.2193194 5.7592137 5.8876568 7.0214237 4.6933975 4.3986691 3.9342150 4.0409106 3.8601616 0.0000000 4.2874314 4.6008007 4.6632882 5.0244034 4.2350286 3.9201040 4.1218649 4.0228128 4.2480307 7.6746709 
yHAB148_Kazachstania_intestinalis   4.2332400 3.5191039 4.6451106 4.8854026 5.5079369 3.9036094 3.6902218 4.5280373 3.4034930 4.1759895 4.2874314 0.0000000 3.7349390 4.2462768 3.7246003 4.0496754 3.6700959 4.1526606 3.6267209 3.8745781 5.5573779 
yHAB153_Kazachstania_rosinii        3.8436398 3.5365688 3.8654300 3.8266728 4.8583135 3.1143393 3.2554952 4.0295477 3.4597954 3.6288665 4.6008007 3.7349390 0.0000000 3.5691628 2.4754572 2.9625310 3.4068042 3.0823521 3.4440472 3.5107328 5.2233510 
yHAB154_Kazachstania_transvaalensis 3.6977304 3.4658934 4.5780005 3.9143368 5.5157091 3.0185758 2.7997886 4.4882250 2.6321163 2.7152011 4.6632882 4.2462768 3.5691628 0.0000000 3.2494046 2.9941696 2.5730637 3.4491143 2.4307690 0.9652316 5.7908334 
yHAB155_Kazachstania_spencerorum    3.5340848 3.5567869 3.4645147 3.4848816 4.3934268 2.8917662 2.6401672 3.0209263 3.1902558 2.7483498 5.0244034 3.7246003 2.4754572 3.2494046 0.0000000 2.6645626 2.9573901 2.0870931 2.7623778 2.9934766 4.7431971 
yHAB158_Kazachstania_viticola       3.1349519 3.3006294 3.9812056 3.8767174 4.8100594 2.8273781 2.6492230 4.0600319 3.4279537 2.9871078 4.2350286 4.0496754 2.9625310 2.9941696 2.6645626 0.0000000 2.7313862 2.6475379 2.8422114 3.2453074 5.2566317 
yHAB159_Kazachstania_solicola       3.7472149 2.9878710 3.8704526 3.9454529 4.8876314 2.5856905 0.8044005 3.6253392 2.5456775 1.4876151 3.9201040 3.6700959 3.4068042 2.5730637 2.9573901 2.7313862 0.0000000 3.5240952 0.2366584 2.5356223 5.3209970 
yHAB160_Kazachstania_kunashirensis  3.6914120 3.4959570 3.7119979 3.4564759 4.9557076 3.4287516 3.0445688 2.8587967 3.7274736 3.3180723 4.1218649 4.1526606 3.0823521 3.4491143 2.0870931 2.6475379 3.5240952 0.0000000 3.3377078 3.6121813 6.0717115 
yHAB164_Kazachstania_aerobia        3.7257232 2.9632384 3.9490936 3.9466198 4.6876580 2.6911917 0.7179655 3.6321895 2.5588163 1.4095175 4.0228128 3.6267209 3.4440472 2.4307690 2.7623778 2.8422114 0.2366584 3.3377078 0.0000000 2.4822861 5.3681282 
yHAB166_Kazachstania_yakushimaensis 3.4849280 3.4526768 5.0439849 4.0174564 5.7634092 2.8903938 2.6047953 4.3273642 2.7302884 2.4314671 4.2480307 3.8745781 3.5107328 0.9652316 2.9934766 3.2453074 2.5356223 3.6121813 2.4822861 0.0000000 5.7018471 
yHMPu5000035629_Yueomyces_sinensis  6.4434773 6.5875959 4.8425058 4.9204769 3.7716458 5.6371228 5.6168375 5.9538140 5.6481071 6.1618253 7.6746709 5.5573779 5.2233510 5.7908334 4.7431971 5.2566317 5.3209970 6.0717115 5.3681282 5.7018471 0.0000000 
