21
Kazachstania_africana               0.0000000 1.0059954 0.7414906 0.7018246 0.8421248 0.5703087 0.7916464 0.6575795 0.6253962 0.7750790 1.3827788 1.2785195 0.6707563 1.0144366 0.5236951 0.6908232 0.7955963 0.5917081 0.7677010 0.9244660 0.9344421 
Kazachstania_naganishii             1.0059954 0.0000000 0.9689106 1.0826821 1.0884127 0.8359445 0.9262891 0.7814950 0.6694308 0.9911118 0.9690101 1.4967054 0.8089803 0.8647814 0.9696908 0.9673890 0.9847658 0.8538934 0.9912381 1.0239465 1.1245736 
Naumovozyma_castellii               0.7414906 0.9689106 0.0000000 0.6710036 0.9758197 0.6407778 0.8378700 0.8257601 0.6961739 0.9696740 1.4159641 1.3267288 0.7640033 0.9851685 0.6089864 0.7278521 0.8195648 0.7036186 0.8088265 0.9351841 0.9742674 
Naumovozyma_dairenensis             0.7018246 1.0826821 0.6710036 0.0000000 0.8082117 0.6164844 0.7045124 0.8100473 0.6765557 0.7603127 1.4947601 1.1250745 0.7100349 1.0318452 0.6382683 0.7036182 0.7947386 0.6352801 0.7959050 0.9191762 0.8189938 
Tetrapisispora_blattae              0.8421248 1.0884127 0.9758197 0.8082117 0.0000000 0.7888295 0.9259803 0.9749936 0.6914681 1.0333937 1.6502939 1.2763657 0.9944276 1.0394718 0.8688189 0.8590760 1.0033653 0.8228434 0.9845289 0.8911786 0.5610907 
yHAB132_Kazachstania_martiniae      0.5703087 0.8359445 0.6407778 0.6164844 0.7888295 0.0000000 0.6409719 0.4373845 0.5636204 0.7387500 1.3991605 1.2549379 0.5240411 1.0412286 0.5048760 0.5109666 0.6823746 0.4847233 0.6804242 0.9064394 0.7273150 
yHAB133_Kazachstania_unispora       0.7916464 0.9262891 0.8378700 0.7045124 0.9259803 0.6409719 0.0000000 0.7381129 0.5875551 0.3181049 1.2584006 1.2596358 0.8691260 0.9379527 0.8100485 0.7331015 0.2316297 0.8671364 0.2359323 0.8997425 0.9022617 
yHAB134_Kazachstania_turicensis     0.6575795 0.7814950 0.8257601 0.8100473 0.9749936 0.4373845 0.7381129 0.0000000 0.5420460 0.8691719 1.6024199 1.4741822 0.5700726 0.9402516 0.5863186 0.6240865 0.9148648 0.3959937 0.9132117 0.8252903 0.8233356 
yHAB136_Kazachstania_bromeliacearum 0.6253962 0.6694308 0.6961739 0.6765557 0.6914681 0.5636204 0.5875551 0.5420460 0.0000000 0.6481591 1.2649743 1.2380202 0.6440662 0.8330897 0.6372682 0.5996227 0.5713825 0.5995215 0.5943572 0.7546541 0.6894270 
yHAB143_Kazachstania_siamensis      0.7750790 0.9911118 0.9696740 0.7603127 1.0333937 0.7387500 0.3181049 0.8691719 0.6481591 0.0000000 1.2735715 1.2710846 0.9420683 0.9708417 0.8627105 0.7923571 0.3750062 0.8951117 0.3652140 0.9059588 0.9874140 
yHAB147_Kazachstania_taianensis     1.3827788 0.9690101 1.4159641 1.4947601 1.6502939 1.3991605 1.2584006 1.6024199 1.2649743 1.2735715 0.0000000 1.5276780 1.3041203 1.5004500 1.6851692 1.5137572 1.3127668 1.6668236 1.3267180 1.6516043 1.6945167 
yHAB148_Kazachstania_intestinalis   1.2785195 1.4967054 1.3267288 1.1250745 1.2763657 1.2549379 1.2596358 1.4741822 1.2380202 1.2710846 1.5276780 0.0000000 1.3449433 1.4784039 1.4481366 1.2583213 1.2819050 1.4813607 1.2444683 1.5734409 1.1931973 
yHAB153_Kazachstania_rosinii        0.6707563 0.8089803 0.7640033 0.7100349 0.9944276 0.5240411 0.8691260 0.5700726 0.6440662 0.9420683 1.3041203 1.3449433 0.0000000 0.9469808 0.5791201 0.7127630 0.8301058 0.5632300 0.8837715 0.8848060 1.0084814 
yHAB154_Kazachstania_transvaalensis 1.0144366 0.8647814 0.9851685 1.0318452 1.0394718 1.0412286 0.9379527 0.9402516 0.8330897 0.9708417 1.5004500 1.4784039 0.9469808 0.0000000 1.0449781 0.9966076 0.8631720 0.9074727 0.8462433 0.3445009 1.0510210 
yHAB155_Kazachstania_spencerorum    0.5236951 0.9696908 0.6089864 0.6382683 0.8688189 0.5048760 0.8100485 0.5863186 0.6372682 0.8627105 1.6851692 1.4481366 0.5791201 1.0449781 0.0000000 0.6351277 0.8334326 0.5239705 0.8544804 0.9239530 0.8601647 
yHAB158_Kazachstania_viticola       0.6908232 0.9673890 0.7278521 0.7036182 0.8590760 0.5109666 0.7331015 0.6240865 0.5996227 0.7923571 1.5137572 1.2583213 0.7127630 0.9966076 0.6351277 0.0000000 0.7550194 0.6357909 0.7450359 0.9619040 0.7655357 
yHAB159_Kazachstania_solicola       0.7955963 0.9847658 0.8195648 0.7947386 1.0033653 0.6823746 0.2316297 0.9148648 0.5713825 0.3750062 1.3127668 1.2819050 0.8301058 0.8631720 0.8334326 0.7550194 0.0000000 0.8139227 0.0567246 0.8547764 0.9494850 
yHAB160_Kazachstania_kunashirensis  0.5917081 0.8538934 0.7036186 0.6352801 0.8228434 0.4847233 0.8671364 0.3959937 0.5995215 0.8951117 1.6668236 1.4813607 0.5632300 0.9074727 0.5239705 0.6357909 0.8139227 0.0000000 0.8096042 0.8030224 0.8055717 
yHAB164_Kazachstania_aerobia        0.7677010 0.9912381 0.8088265 0.7959050 0.9845289 0.6804242 0.2359323 0.9132117 0.5943572 0.3652140 1.3267180 1.2444683 0.8837715 0.8462433 0.8544804 0.7450359 0.0567246 0.8096042 0.0000000 0.8342461 0.9483166 
yHAB166_Kazachstania_yakushimaensis 0.9244660 1.0239465 0.9351841 0.9191762 0.8911786 0.9064394 0.8997425 0.8252903 0.7546541 0.9059588 1.6516043 1.5734409 0.8848060 0.3445009 0.9239530 0.9619040 0.8547764 0.8030224 0.8342461 0.0000000 0.9223145 
yHMPu5000035629_Yueomyces_sinensis  0.9344421 1.1245736 0.9742674 0.8189938 0.5610907 0.7273150 0.9022617 0.8233356 0.6894270 0.9874140 1.6945167 1.1931973 1.0084814 1.0510210 0.8601647 0.7655357 0.9494850 0.8055717 0.9483166 0.9223145 0.0000000 
