21
Kazachstania_africana               0.0000000 2.4065389 2.4489193 2.1391975 2.5454807 1.9962432 2.3236227 1.9134858 1.9926160 2.4742007 2.5587236 2.2120165 1.7731499 2.5224941 1.8536416 1.9311154 2.3754355 2.0886364 2.3444620 2.5316409 2.6310395 
Kazachstania_naganishii             2.4065389 0.0000000 2.6413863 2.5379275 2.9348244 2.0691129 1.9498858 2.4880919 1.5828880 2.2868453 1.8618900 1.9897550 2.1145526 2.3324767 2.2293941 2.4780344 2.0333548 2.3951595 2.0470306 2.4436537 2.8346323 
Naumovozyma_castellii               2.4489193 2.6413863 0.0000000 1.5060733 2.4187704 1.9405462 2.4175904 2.2584747 2.0240821 2.5826692 2.3626782 2.3783487 2.0889409 2.6149678 2.3873580 2.1848352 2.3294532 2.1647668 2.3330498 2.6119665 2.2273340 
Naumovozyma_dairenensis             2.1391975 2.5379275 1.5060733 0.0000000 2.3386500 1.9341842 2.5111722 2.0208853 2.1238750 2.5723456 2.5695151 2.3149214 2.2051025 2.8271579 2.1301404 2.1515135 2.7565425 2.1394999 2.6711609 2.7573221 2.3547007 
Tetrapisispora_blattae              2.5454807 2.9348244 2.4187704 2.3386500 0.0000000 2.2462081 2.6371112 2.3547044 2.2318272 3.0035723 3.0489202 2.3782315 2.4285721 2.6659389 2.2864572 2.4780099 2.7741134 2.2147578 2.6743418 2.7384811 1.5958259 
yHAB132_Kazachstania_martiniae      1.9962432 2.0691129 1.9405462 1.9341842 2.2462081 0.0000000 2.1070718 1.8904094 1.6063455 2.2273887 2.2716076 1.8223914 1.7894441 2.3094808 1.7518468 1.8908031 2.2023993 1.8114440 2.2045330 2.2789768 2.2679150 
yHAB133_Kazachstania_unispora       2.3236227 1.9498858 2.4175904 2.5111722 2.6371112 2.1070718 0.0000000 2.3474632 1.7682241 0.9464380 2.0474299 2.2928033 2.2151583 2.1242788 2.1802331 2.1559125 0.5157812 2.4981745 0.4848706 2.0233440 2.6154878 
yHAB134_Kazachstania_turicensis     1.9134858 2.4880919 2.2584747 2.0208853 2.3547044 1.8904094 2.3474632 0.0000000 1.8426062 2.4916909 2.4917672 2.1402312 1.4471537 2.6616418 1.4623040 1.5796947 2.3980548 1.1330458 2.3866429 2.7995086 2.1594499 
yHAB136_Kazachstania_bromeliacearum 1.9926160 1.5828880 2.0240821 2.1238750 2.2318272 1.6063455 1.7682241 1.8426062 0.0000000 1.7556460 1.7985697 1.9014119 1.5891872 1.8625944 1.5496550 1.7449915 1.7582036 1.8622252 1.8660693 1.7016967 2.1595657 
yHAB143_Kazachstania_siamensis      2.4742007 2.2868453 2.5826692 2.5723456 3.0035723 2.2273887 0.9464380 2.4916909 1.7556460 0.0000000 2.1190495 2.5305009 2.3725708 2.0994800 2.3426098 2.3862901 1.0117266 2.8376912 0.9722482 1.9679059 2.6962191 
yHAB147_Kazachstania_taianensis     2.5587236 1.8618900 2.3626782 2.5695151 3.0489202 2.2716076 2.0474299 2.4917672 1.7985697 2.1190495 0.0000000 2.3154739 2.2114345 2.3737687 2.3892294 2.2939258 2.1151053 2.5294993 2.1170383 2.3403964 2.8598055 
yHAB148_Kazachstania_intestinalis   2.2120165 1.9897550 2.3783487 2.3149214 2.3782315 1.8223914 2.2928033 2.1402312 1.9014119 2.5305009 2.3154739 0.0000000 1.8409484 2.6213903 1.9514029 1.9990026 2.2833211 2.0043502 2.2987196 2.7416417 2.3551978 
yHAB153_Kazachstania_rosinii        1.7731499 2.1145526 2.0889409 2.2051025 2.4285721 1.7894441 2.2151583 1.4471537 1.5891872 2.3725708 2.2114345 1.8409484 0.0000000 2.3303011 1.1502053 1.6124810 2.1948701 1.3422026 2.2555743 2.4745283 2.2443965 
yHAB154_Kazachstania_transvaalensis 2.5224941 2.3324767 2.6149678 2.8271579 2.6659389 2.3094808 2.1242788 2.6616418 1.8625944 2.0994800 2.3737687 2.6213903 2.3303011 0.0000000 2.2931041 2.7607673 2.1109318 2.6623215 2.0914548 1.0212561 2.7381655 
yHAB155_Kazachstania_spencerorum    1.8536416 2.2293941 2.3873580 2.1301404 2.2864572 1.7518468 2.1802331 1.4623040 1.5496550 2.3426098 2.3892294 1.9514029 1.1502053 2.2931041 0.0000000 1.4912422 2.2867946 1.5168200 2.3190569 2.4910071 2.1793800 
yHAB158_Kazachstania_viticola       1.9311154 2.4780344 2.1848352 2.1515135 2.4780099 1.8908031 2.1559125 1.5796947 1.7449915 2.3862901 2.2939258 1.9990026 1.6124810 2.7607673 1.4912422 0.0000000 2.1827268 1.6635977 2.1360137 2.6708326 2.3834714 
yHAB159_Kazachstania_solicola       2.3754355 2.0333548 2.3294532 2.7565425 2.7741134 2.2023993 0.5157812 2.3980548 1.7582036 1.0117266 2.1151053 2.2833211 2.1948701 2.1109318 2.2867946 2.1827268 0.0000000 2.4300654 0.1716948 2.1907897 2.5702926 
yHAB160_Kazachstania_kunashirensis  2.0886364 2.3951595 2.1647668 2.1394999 2.2147578 1.8114440 2.4981745 1.1330458 1.8622252 2.8376912 2.5294993 2.0043502 1.3422026 2.6623215 1.5168200 1.6635977 2.4300654 0.0000000 2.4301358 2.6945581 2.0626795 
yHAB164_Kazachstania_aerobia        2.3444620 2.0470306 2.3330498 2.6711609 2.6743418 2.2045330 0.4848706 2.3866429 1.8660693 0.9722482 2.1170383 2.2987196 2.2555743 2.0914548 2.3190569 2.1360137 0.1716948 2.4301358 0.0000000 2.0627177 2.5684879 
yHAB166_Kazachstania_yakushimaensis 2.5316409 2.4436537 2.6119665 2.7573221 2.7384811 2.2789768 2.0233440 2.7995086 1.7016967 1.9679059 2.3403964 2.7416417 2.4745283 1.0212561 2.4910071 2.6708326 2.1907897 2.6945581 2.0627177 0.0000000 2.8340584 
yHMPu5000035629_Yueomyces_sinensis  2.6310395 2.8346323 2.2273340 2.3547007 1.5958259 2.2679150 2.6154878 2.1594499 2.1595657 2.6962191 2.8598055 2.3551978 2.2443965 2.7381655 2.1793800 2.3834714 2.5702926 2.0626795 2.5684879 2.8340584 0.0000000 
