21
Kazachstania_africana               0.0000000 1.4895854 1.4408588 1.5815358 1.6306250 1.0022240 1.1193573 1.0246981 1.0166160 1.1997866 1.0885206 1.9201103 0.8583857 1.1399280 0.9068948 1.1990288 1.0106574 0.9955489 1.0978038 1.0478067 3.6490643 
Kazachstania_naganishii             1.4895854 0.0000000 1.6484595 1.6622189 1.9524265 1.2734725 1.3536625 1.4366096 1.2178337 1.3753871 1.1359208 1.7250984 1.2950038 1.4005668 1.3290462 1.3225402 1.3811829 1.4552961 1.3236542 1.4812325 3.7483962 
Naumovozyma_castellii               1.4408588 1.6484595 0.0000000 0.6870730 1.2494308 1.1894830 1.4580595 1.2655154 1.4065970 1.6187747 1.3735380 2.0813415 1.3615063 1.4588839 1.2770092 1.1581606 1.4454478 1.3040259 1.4596810 1.5393792 2.9489046 
Naumovozyma_dairenensis             1.5815358 1.6622189 0.6870730 0.0000000 1.1707290 1.3219672 1.4304650 1.3029943 1.3329079 1.5445459 1.3566675 1.9248118 1.2973725 1.4207025 1.3615766 1.4484935 1.5017931 1.2982347 1.4753436 1.6115089 3.0340765 
Tetrapisispora_blattae              1.6306250 1.9524265 1.2494308 1.1707290 0.0000000 1.5010607 1.5272670 1.7349536 1.6182472 1.6113148 1.6407037 2.2884811 1.5336356 1.5292343 1.5630873 1.9023940 1.5484987 1.3750848 1.5855063 1.6249372 2.4710713 
yHAB132_Kazachstania_martiniae      1.0022240 1.2734725 1.1894830 1.3219672 1.5010607 0.0000000 0.7975474 0.9918764 0.8842071 0.9666469 0.8529015 1.7601435 0.8776926 0.9197950 0.9851155 1.0290401 0.8065051 0.9577903 0.8717523 1.0214691 3.1086012 
yHAB133_Kazachstania_unispora       1.1193573 1.3536625 1.4580595 1.4304650 1.5272670 0.7975474 0.0000000 1.0654994 0.8331385 0.3444655 0.6895070 1.7726172 1.0667082 0.9405070 1.0977663 1.0339024 0.2058519 1.0899106 0.2093173 0.9072450 2.9902425 
yHAB134_Kazachstania_turicensis     1.0246981 1.4366096 1.2655154 1.3029943 1.7349536 0.9918764 1.0654994 0.0000000 1.1260131 1.2175253 0.9967886 1.9528869 0.7729977 1.1941929 1.0047132 1.2084520 1.0737021 0.7268234 1.1080926 1.1307603 3.1815878 
yHAB136_Kazachstania_bromeliacearum 1.0166160 1.2178337 1.4065970 1.3329079 1.6182472 0.8842071 0.8331385 1.1260131 0.0000000 0.9212686 0.7922816 1.6940164 0.9897883 1.0225060 1.0282018 1.1230045 0.8449641 1.0685518 0.8431108 1.0561540 3.1465273 
yHAB143_Kazachstania_siamensis      1.1997866 1.3753871 1.6187747 1.5445459 1.6113148 0.9666469 0.3444655 1.2175253 0.9212686 0.0000000 0.6998179 1.8321635 1.2017281 1.0095987 1.2825433 1.1659752 0.3720902 1.2105843 0.3983023 1.0078756 3.0158676 
yHAB147_Kazachstania_taianensis     1.0885206 1.1359208 1.3735380 1.3566675 1.6407037 0.8529015 0.6895070 0.9967886 0.7922816 0.6998179 0.0000000 1.7561454 1.0945386 0.9641035 1.1018178 1.1020942 0.7138081 1.0173730 0.7290974 0.9261931 3.0715861 
yHAB148_Kazachstania_intestinalis   1.9201103 1.7250984 2.0813415 1.9248118 2.2884811 1.7601435 1.7726172 1.9528869 1.6940164 1.8321635 1.7561454 0.0000000 1.7145264 1.7820152 1.8289085 1.8322282 1.6814690 1.7077658 1.7102389 1.7815586 3.5559054 
yHAB153_Kazachstania_rosinii        0.8583857 1.2950038 1.3615063 1.2973725 1.5336356 0.8776926 1.0667082 0.7729977 0.9897883 1.2017281 1.0945386 1.7145264 0.0000000 1.1945153 0.6915393 0.9336660 1.0889590 0.8199494 1.0557416 1.0810421 3.1699899 
yHAB154_Kazachstania_transvaalensis 1.1399280 1.4005668 1.4588839 1.4207025 1.5292343 0.9197950 0.9405070 1.1941929 1.0225060 1.0095987 0.9641035 1.7820152 1.1945153 0.0000000 1.1425527 1.2470579 0.9557948 1.1668937 0.9996226 0.3676549 3.1044448 
yHAB155_Kazachstania_spencerorum    0.9068948 1.3290462 1.2770092 1.3615766 1.5630873 0.9851155 1.0977663 1.0047132 1.0282018 1.2825433 1.1018178 1.8289085 0.6915393 1.1425527 0.0000000 1.1617860 1.0569243 0.9117548 1.0943645 1.2081402 3.4810589 
yHAB158_Kazachstania_viticola       1.1990288 1.3225402 1.1581606 1.4484935 1.9023940 1.0290401 1.0339024 1.2084520 1.1230045 1.1659752 1.1020942 1.8322282 0.9336660 1.2470579 1.1617860 0.0000000 1.1118680 1.2417708 1.1050769 1.1489236 3.1391247 
yHAB159_Kazachstania_solicola       1.0106574 1.3811829 1.4454478 1.5017931 1.5484987 0.8065051 0.2058519 1.0737021 0.8449641 0.3720902 0.7138081 1.6814690 1.0889590 0.9557948 1.0569243 1.1118680 0.0000000 0.9896415 0.0824518 0.8446101 2.7679128 
yHAB160_Kazachstania_kunashirensis  0.9955489 1.4552961 1.3040259 1.2982347 1.3750848 0.9577903 1.0899106 0.7268234 1.0685518 1.2105843 1.0173730 1.7077658 0.8199494 1.1668937 0.9117548 1.2417708 0.9896415 0.0000000 1.0257588 1.0889873 2.6772262 
yHAB164_Kazachstania_aerobia        1.0978038 1.3236542 1.4596810 1.4753436 1.5855063 0.8717523 0.2093173 1.1080926 0.8431108 0.3983023 0.7290974 1.7102389 1.0557416 0.9996226 1.0943645 1.1050769 0.0824518 1.0257588 0.0000000 0.8850568 2.8918822 
yHAB166_Kazachstania_yakushimaensis 1.0478067 1.4812325 1.5393792 1.6115089 1.6249372 1.0214691 0.9072450 1.1307603 1.0561540 1.0078756 0.9261931 1.7815586 1.0810421 0.3676549 1.2081402 1.1489236 0.8446101 1.0889873 0.8850568 0.0000000 3.0369713 
yHMPu5000035629_Yueomyces_sinensis  3.6490643 3.7483962 2.9489046 3.0340765 2.4710713 3.1086012 2.9902425 3.1815878 3.1465273 3.0158676 3.0715861 3.5559054 3.1699899 3.1044448 3.4810589 3.1391247 2.7679128 2.6772262 2.8918822 3.0369713 0.0000000 
