21
Kazachstania_africana               0.0000000 1.7914968 1.6664485 1.6496460 2.1438549 1.3215042 1.4349822 1.5448628 1.4486655 1.5703450 1.4744155 1.8548482 1.3739015 1.7321054 1.2605719 1.4214529 1.5820889 1.3934796 1.5819355 1.8953799 2.2734424 
Kazachstania_naganishii             1.7914968 0.0000000 1.8927502 1.9412013 2.3889565 1.6185194 1.6523128 1.7972791 1.4243981 1.6057923 1.3902017 1.9737704 1.5143906 1.9367699 1.6476628 1.9421763 1.5725589 1.7587962 1.6182699 1.8767720 2.4669698 
Naumovozyma_castellii               1.6664485 1.8927502 0.0000000 1.1496685 2.0569074 1.5909263 1.7052425 1.6358644 1.4737119 1.6622630 1.5680016 1.9423606 1.5512253 1.9766048 1.5903091 1.6629873 1.7420434 1.6822013 1.7390555 2.0421676 2.2137382 
Naumovozyma_dairenensis             1.6496460 1.9412013 1.1496685 0.0000000 2.1594470 1.5694876 1.5472001 1.6584066 1.4978143 1.6438157 1.5879190 1.9901839 1.4797121 1.9979756 1.5300450 1.6715691 1.7146234 1.5507648 1.7115730 2.0076733 2.0011126 
Tetrapisispora_blattae              2.1438549 2.3889565 2.0569074 2.1594470 0.0000000 2.0868501 2.2350714 1.8970181 2.0205079 2.3196074 2.3434545 2.3396624 2.0973014 2.3723908 1.9356532 2.0871087 2.1945876 1.9984701 2.1496409 2.2028597 1.5488546 
yHAB132_Kazachstania_martiniae      1.3215042 1.6185194 1.5909263 1.5694876 2.0868501 0.0000000 1.3916569 1.3363701 1.3605155 1.5046349 1.3981943 1.7600224 1.2985966 1.7110099 1.1219128 1.4008843 1.5439218 1.2576140 1.4104029 1.6198365 2.2079091 
yHAB133_Kazachstania_unispora       1.4349822 1.6523128 1.7052425 1.5472001 2.2350714 1.3916569 0.0000000 1.3819738 1.1500855 0.5261334 1.3177414 1.8356256 1.5388247 1.7372903 1.3369176 1.7280420 0.5604876 1.3864947 0.5362898 1.5263045 2.0816629 
yHAB134_Kazachstania_turicensis     1.5448628 1.7972791 1.6358644 1.6584066 1.8970181 1.3363701 1.3819738 0.0000000 1.3775388 1.5484802 1.5138154 1.9941283 1.2053331 1.6991440 1.1416436 1.5659825 1.6101656 0.8837892 1.5636960 1.7954405 1.9756441 
yHAB136_Kazachstania_bromeliacearum 1.4486655 1.4243981 1.4737119 1.4978143 2.0205079 1.3605155 1.1500855 1.3775388 0.0000000 1.1919473 1.1130038 1.6666445 1.3538332 1.3989403 1.2562308 1.5326867 1.1837428 1.2563115 1.1185130 1.4180756 2.0803612 
yHAB143_Kazachstania_siamensis      1.5703450 1.6057923 1.6622630 1.6438157 2.3196074 1.5046349 0.5261334 1.5484802 1.1919473 0.0000000 1.3008758 1.8481775 1.5357806 1.7964381 1.3433818 1.7688839 0.7334737 1.5180655 0.6949360 1.6915069 2.1084382 
yHAB147_Kazachstania_taianensis     1.4744155 1.3902017 1.5680016 1.5879190 2.3434545 1.3981943 1.3177414 1.5138154 1.1130038 1.3008758 0.0000000 1.8131486 1.3144440 1.6241465 1.3851206 1.6207891 1.2876415 1.4753505 1.3253710 1.5289138 2.2186578 
yHAB148_Kazachstania_intestinalis   1.8548482 1.9737704 1.9423606 1.9901839 2.3396624 1.7600224 1.8356256 1.9941283 1.6666445 1.8481775 1.8131486 0.0000000 1.6133231 2.1221175 1.6782627 1.8223500 1.9172418 1.9804014 2.0417684 2.1457147 2.5334109 
yHAB153_Kazachstania_rosinii        1.3739015 1.5143906 1.5512253 1.4797121 2.0973014 1.2985966 1.5388247 1.2053331 1.3538332 1.5357806 1.3144440 1.6133231 0.0000000 1.7966312 1.0290280 1.4758624 1.6853189 1.2109394 1.6807044 1.7033540 2.1814023 
yHAB154_Kazachstania_transvaalensis 1.7321054 1.9367699 1.9766048 1.9979756 2.3723908 1.7110099 1.7372903 1.6991440 1.3989403 1.7964381 1.6241465 2.1221175 1.7966312 0.0000000 1.7545873 1.9170964 1.7347990 1.6518302 1.6462875 0.5650126 2.3427088 
yHAB155_Kazachstania_spencerorum    1.2605719 1.6476628 1.5903091 1.5300450 1.9356532 1.1219128 1.3369176 1.1416436 1.2562308 1.3433818 1.3851206 1.6782627 1.0290280 1.7545873 0.0000000 1.3499155 1.4514752 1.0755637 1.3941094 1.6711447 2.1261155 
yHAB158_Kazachstania_viticola       1.4214529 1.9421763 1.6629873 1.6715691 2.0871087 1.4008843 1.7280420 1.5659825 1.5326867 1.7688839 1.6207891 1.8223500 1.4758624 1.9170964 1.3499155 0.0000000 1.8117543 1.4049050 1.7594839 1.8555757 2.2067090 
yHAB159_Kazachstania_solicola       1.5820889 1.5725589 1.7420434 1.7146234 2.1945876 1.5439218 0.5604876 1.6101656 1.1837428 0.7334737 1.2876415 1.9172418 1.6853189 1.7347990 1.4514752 1.8117543 0.0000000 1.6831387 0.3079357 1.6408880 2.2213920 
yHAB160_Kazachstania_kunashirensis  1.3934796 1.7587962 1.6822013 1.5507648 1.9984701 1.2576140 1.3864947 0.8837892 1.2563115 1.5180655 1.4753505 1.9804014 1.2109394 1.6518302 1.0755637 1.4049050 1.6831387 0.0000000 1.4647885 1.6362767 1.9835668 
yHAB164_Kazachstania_aerobia        1.5819355 1.6182699 1.7390555 1.7115730 2.1496409 1.4104029 0.5362898 1.5636960 1.1185130 0.6949360 1.3253710 2.0417684 1.6807044 1.6462875 1.3941094 1.7594839 0.3079357 1.4647885 0.0000000 1.4280256 2.1316165 
yHAB166_Kazachstania_yakushimaensis 1.8953799 1.8767720 2.0421676 2.0076733 2.2028597 1.6198365 1.5263045 1.7954405 1.4180756 1.6915069 1.5289138 2.1457147 1.7033540 0.5650126 1.6711447 1.8555757 1.6408880 1.6362767 1.4280256 0.0000000 2.2845547 
yHMPu5000035629_Yueomyces_sinensis  2.2734424 2.4669698 2.2137382 2.0011126 1.5488546 2.2079091 2.0816629 1.9756441 2.0803612 2.1084382 2.2186578 2.5334109 2.1814023 2.3427088 2.1261155 2.2067090 2.2213920 1.9835668 2.1316165 2.2845547 0.0000000 
