21
Kazachstania_africana               0.0000000 0.6225390 0.4767091 0.4539731 0.5629261 0.4119085 0.6135782 0.4364297 0.4381777 0.6385196 0.6119951 0.5525301 0.4778494 0.4915177 0.4516969 0.4402503 0.6390072 0.4131385 0.6204180 0.4923396 0.5416852 
Kazachstania_naganishii             0.6225390 0.0000000 0.6919657 0.6754169 0.7859111 0.6857987 0.7617211 0.6472916 0.5690149 0.7825988 0.4856081 0.6122429 0.5693840 0.7539630 0.7230951 0.6900938 0.7583798 0.7004041 0.7849219 0.7987259 0.7455207 
Naumovozyma_castellii               0.4767091 0.6919657 0.0000000 0.3063461 0.5100072 0.4416815 0.6395898 0.5035999 0.4544836 0.6362506 0.7012537 0.5708225 0.5502377 0.6384817 0.5012277 0.5092512 0.6653017 0.5079719 0.6427550 0.6196149 0.4956388 
Naumovozyma_dairenensis             0.4539731 0.6754169 0.3063461 0.0000000 0.4992967 0.4419469 0.6121864 0.4472886 0.4470904 0.6133716 0.6518156 0.5600821 0.5536899 0.5754096 0.4576290 0.4681444 0.6330551 0.4597946 0.6240485 0.5423310 0.4712438 
Tetrapisispora_blattae              0.5629261 0.7859111 0.5100072 0.4992967 0.0000000 0.5345318 0.6755256 0.5299309 0.5985100 0.6858282 0.7911743 0.7275421 0.6941740 0.6410572 0.6061000 0.5827095 0.6946941 0.5413980 0.6916439 0.6288174 0.2831014 
yHAB132_Kazachstania_martiniae      0.4119085 0.6857987 0.4416815 0.4419469 0.5345318 0.0000000 0.6240714 0.3891782 0.4195112 0.6888230 0.6506179 0.5146387 0.4985143 0.5615855 0.4736847 0.3988471 0.6380812 0.4005314 0.6234176 0.5198105 0.5116494 
yHAB133_Kazachstania_unispora       0.6135782 0.7617211 0.6395898 0.6121864 0.6755256 0.6240714 0.0000000 0.5977734 0.5318152 0.2242693 0.7197839 0.6945751 0.7219681 0.5406106 0.6499972 0.6076271 0.1590292 0.6147516 0.1510312 0.5279764 0.6554493 
yHAB134_Kazachstania_turicensis     0.4364297 0.6472916 0.5035999 0.4472886 0.5299309 0.3891782 0.5977734 0.0000000 0.4255909 0.6443266 0.6899277 0.5574611 0.3945838 0.5340032 0.3809257 0.4256042 0.6023569 0.1840351 0.6156444 0.5003965 0.5218962 
yHAB136_Kazachstania_bromeliacearum 0.4381777 0.5690149 0.4544836 0.4470904 0.5985100 0.4195112 0.5318152 0.4255909 0.0000000 0.6253532 0.5634390 0.5627854 0.5437255 0.4595182 0.4973460 0.4558805 0.5833737 0.4422737 0.5946848 0.4821205 0.5576401 
yHAB143_Kazachstania_siamensis      0.6385196 0.7825988 0.6362506 0.6133716 0.6858282 0.6888230 0.2242693 0.6443266 0.6253532 0.0000000 0.7172201 0.7225243 0.7480525 0.5620394 0.6413346 0.6392609 0.2575332 0.6448808 0.2481494 0.5577469 0.6934104 
yHAB147_Kazachstania_taianensis     0.6119951 0.4856081 0.7012537 0.6518156 0.7911743 0.6506179 0.7197839 0.6899277 0.5634390 0.7172201 0.0000000 0.5990595 0.5339644 0.6637937 0.7640000 0.6891778 0.6508161 0.7046621 0.6874901 0.7032887 0.7591727 
yHAB148_Kazachstania_intestinalis   0.5525301 0.6122429 0.5708225 0.5600821 0.7275421 0.5146387 0.6945751 0.5574611 0.5627854 0.7225243 0.5990595 0.0000000 0.4841280 0.6769512 0.6116413 0.6274714 0.7158692 0.5632502 0.7225087 0.6858970 0.6652720 
yHAB153_Kazachstania_rosinii        0.4778494 0.5693840 0.5502377 0.5536899 0.6941740 0.4985143 0.7219681 0.3945838 0.5437255 0.7480525 0.5339644 0.4841280 0.0000000 0.6600070 0.4766262 0.4914126 0.6962160 0.4224711 0.7185880 0.6736252 0.6178515 
yHAB154_Kazachstania_transvaalensis 0.4915177 0.7539630 0.6384817 0.5754096 0.6410572 0.5615855 0.5406106 0.5340032 0.4595182 0.5620394 0.6637937 0.6769512 0.6600070 0.0000000 0.5533094 0.5453301 0.5787516 0.5365705 0.5800300 0.1881929 0.6410472 
yHAB155_Kazachstania_spencerorum    0.4516969 0.7230951 0.5012277 0.4576290 0.6061000 0.4736847 0.6499972 0.3809257 0.4973460 0.6413346 0.7640000 0.6116413 0.4766262 0.5533094 0.0000000 0.4263004 0.6668993 0.4016671 0.6438415 0.5324450 0.6108683 
yHAB158_Kazachstania_viticola       0.4402503 0.6900938 0.5092512 0.4681444 0.5827095 0.3988471 0.6076271 0.4256042 0.4558805 0.6392609 0.6891778 0.6274714 0.4914126 0.5453301 0.4263004 0.0000000 0.6381293 0.4265785 0.6463575 0.5103769 0.5364429 
yHAB159_Kazachstania_solicola       0.6390072 0.7583798 0.6653017 0.6330551 0.6946941 0.6380812 0.1590292 0.6023569 0.5833737 0.2575332 0.6508161 0.7158692 0.6962160 0.5787516 0.6668993 0.6381293 0.0000000 0.6481498 0.0713966 0.6027718 0.6675367 
yHAB160_Kazachstania_kunashirensis  0.4131385 0.7004041 0.5079719 0.4597946 0.5413980 0.4005314 0.6147516 0.1840351 0.4422737 0.6448808 0.7046621 0.5632502 0.4224711 0.5365705 0.4016671 0.4265785 0.6481498 0.0000000 0.6292197 0.5021354 0.4990997 
yHAB164_Kazachstania_aerobia        0.6204180 0.7849219 0.6427550 0.6240485 0.6916439 0.6234176 0.1510312 0.6156444 0.5946848 0.2481494 0.6874901 0.7225087 0.7185880 0.5800300 0.6438415 0.6463575 0.0713966 0.6292197 0.0000000 0.5727944 0.6560581 
yHAB166_Kazachstania_yakushimaensis 0.4923396 0.7987259 0.6196149 0.5423310 0.6288174 0.5198105 0.5279764 0.5003965 0.4821205 0.5577469 0.7032887 0.6858970 0.6736252 0.1881929 0.5324450 0.5103769 0.6027718 0.5021354 0.5727944 0.0000000 0.5894390 
yHMPu5000035629_Yueomyces_sinensis  0.5416852 0.7455207 0.4956388 0.4712438 0.2831014 0.5116494 0.6554493 0.5218962 0.5576401 0.6934104 0.7591727 0.6652720 0.6178515 0.6410472 0.6108683 0.5364429 0.6675367 0.4990997 0.6560581 0.5894390 0.0000000 
