21
Kazachstania_africana               0.0000000 2.9426159 3.0145714 2.8290560 2.9041216 2.4596171 2.7307513 2.8417011 2.4237526 2.7754591 2.6580900 2.6091578 2.3415352 2.7721402 2.3078124 2.2888122 2.2552980 2.6685629 2.6083841 2.7437157 3.4374181 
Kazachstania_naganishii             2.9426159 0.0000000 3.4943607 3.3375183 3.3803162 2.7564540 2.7464406 3.4819710 2.2326573 2.7671060 2.4033402 2.7045914 2.6438109 2.7859446 2.8503898 3.2472198 2.1282208 3.0340562 2.6211456 2.7095001 3.5879876 
Naumovozyma_castellii               3.0145714 3.4943607 0.0000000 2.1320700 3.2270780 2.9902402 3.0288597 3.5542384 2.7707458 3.1598721 2.9788398 3.0963730 2.9241813 3.3677704 2.8113752 2.8107249 2.2139135 3.0207162 2.8676778 3.3928880 3.1964644 
Naumovozyma_dairenensis             2.8290560 3.3375183 2.1320700 0.0000000 3.0283007 2.9776753 2.7209889 3.1116288 2.5522513 2.9310165 2.8872180 3.0184072 2.7542400 3.0131874 2.7765428 2.8530816 2.1094108 2.9888359 2.7076825 2.7502634 3.1716980 
Tetrapisispora_blattae              2.9041216 3.3803162 3.2270780 3.0283007 0.0000000 3.1983536 3.0184252 3.5020142 2.9619918 3.0124430 3.1128499 3.2830560 3.3781693 3.3534836 2.9400201 3.1496735 2.1910850 3.3460751 2.8791228 3.3811776 2.5606667 
yHAB132_Kazachstania_martiniae      2.4596171 2.7564540 2.9902402 2.9776753 3.1983536 0.0000000 2.4535408 3.1837974 2.0705423 2.5652095 2.4416575 2.5284305 2.5888295 2.7883798 2.5706746 2.5812376 1.8246063 2.9131898 2.3405832 2.6235658 3.6664359 
yHAB133_Kazachstania_unispora       2.7307513 2.7464406 3.0288597 2.7209889 3.0184252 2.4535408 0.0000000 3.1453155 2.0383923 0.9159864 2.0499218 2.7232857 2.5768828 2.4974169 2.6147529 2.8723053 0.5186836 2.7181097 0.6507068 2.3203643 3.8334669 
yHAB134_Kazachstania_turicensis     2.8417011 3.4819710 3.5542384 3.1116288 3.5020142 3.1837974 3.1453155 0.0000000 2.9948477 2.9792928 3.3171980 3.3348690 2.4447759 3.1358742 2.5034181 2.9884162 2.7135787 2.2017850 3.0188639 3.1850635 3.8996274 
yHAB136_Kazachstania_bromeliacearum 2.4237526 2.2326573 2.7707458 2.5522513 2.9619918 2.0705423 2.0383923 2.9948477 0.0000000 2.0575578 1.7994395 2.2605344 2.3085776 2.2155794 2.3532598 2.4303290 1.6245991 2.5572984 1.9128438 2.1928655 3.2776123 
yHAB143_Kazachstania_siamensis      2.7754591 2.7671060 3.1598721 2.9310165 3.0124430 2.5652095 0.9159864 2.9792928 2.0575578 0.0000000 2.2356500 2.7706264 2.6253698 2.5597878 2.5955992 2.6786282 0.8307794 2.7233644 0.9785800 2.3682390 3.6448670 
yHAB147_Kazachstania_taianensis     2.6580900 2.4033402 2.9788398 2.8872180 3.1128499 2.4416575 2.0499218 3.3171980 1.7994395 2.2356500 0.0000000 2.4632219 2.5898692 2.4016076 2.6023322 2.6095629 1.7979095 3.0148643 2.0673207 2.3513589 3.2583909 
yHAB148_Kazachstania_intestinalis   2.6091578 2.7045914 3.0963730 3.0184072 3.2830560 2.5284305 2.7232857 3.3348690 2.2605344 2.7706264 2.4632219 0.0000000 2.6385597 2.8797980 2.5821363 2.6819500 1.9753945 2.7095869 2.4895918 2.8673015 3.5665334 
yHAB153_Kazachstania_rosinii        2.3415352 2.6438109 2.9241813 2.7542400 3.3781693 2.5888295 2.5768828 2.4447759 2.3085776 2.6253698 2.5898692 2.6385597 0.0000000 2.7881103 1.7641148 2.4001166 2.3090271 2.2139587 2.4721835 2.6815742 3.3624211 
yHAB154_Kazachstania_transvaalensis 2.7721402 2.7859446 3.3677704 3.0131874 3.3534836 2.7883798 2.4974169 3.1358742 2.2155794 2.5597878 2.4016076 2.8797980 2.7881103 0.0000000 2.6608285 2.7889109 1.9633558 2.9511971 2.4846269 0.8458940 3.5837723 
yHAB155_Kazachstania_spencerorum    2.3078124 2.8503898 2.8113752 2.7765428 2.9400201 2.5706746 2.6147529 2.5034181 2.3532598 2.5955992 2.6023322 2.5821363 1.7641148 2.6608285 0.0000000 2.4582260 2.1225558 2.1526371 2.4589393 2.4789927 3.3742812 
yHAB158_Kazachstania_viticola       2.2888122 3.2472198 2.8107249 2.8530816 3.1496735 2.5812376 2.8723053 2.9884162 2.4303290 2.6786282 2.6095629 2.6819500 2.4001166 2.7889109 2.4582260 0.0000000 2.2905291 2.6020893 2.7192350 3.0317673 3.0959503 
yHAB159_Kazachstania_solicola       2.2552980 2.1282208 2.2139135 2.1094108 2.1910850 1.8246063 0.5186836 2.7135787 1.6245991 0.8307794 1.7979095 1.9753945 2.3090271 1.9633558 2.1225558 2.2905291 0.0000000 2.3428922 0.1559097 1.8212912 2.7438286 
yHAB160_Kazachstania_kunashirensis  2.6685629 3.0340562 3.0207162 2.9888359 3.3460751 2.9131898 2.7181097 2.2017850 2.5572984 2.7233644 3.0148643 2.7095869 2.2139587 2.9511971 2.1526371 2.6020893 2.3428922 0.0000000 2.7299049 2.9710931 3.5942498 
yHAB164_Kazachstania_aerobia        2.6083841 2.6211456 2.8676778 2.7076825 2.8791228 2.3405832 0.6507068 3.0188639 1.9128438 0.9785800 2.0673207 2.4895918 2.4721835 2.4846269 2.4589393 2.7192350 0.1559097 2.7299049 0.0000000 2.3814496 3.6485167 
yHAB166_Kazachstania_yakushimaensis 2.7437157 2.7095001 3.3928880 2.7502634 3.3811776 2.6235658 2.3203643 3.1850635 2.1928655 2.3682390 2.3513589 2.8673015 2.6815742 0.8458940 2.4789927 3.0317673 1.8212912 2.9710931 2.3814496 0.0000000 3.7363127 
yHMPu5000035629_Yueomyces_sinensis  3.4374181 3.5879876 3.1964644 3.1716980 2.5606667 3.6664359 3.8334669 3.8996274 3.2776123 3.6448670 3.2583909 3.5665334 3.3624211 3.5837723 3.3742812 3.0959503 2.7438286 3.5942498 3.6485167 3.7363127 0.0000000 
