21
Kazachstania_africana               0.0000000 3.6576581 4.8075271 3.8404444 5.8404036 3.8610461 4.0795928 4.5158806 3.5753609 3.6874429 3.8757361 8.0880307 3.5190326 4.9113601 3.7935814 4.4804789 3.9582379 3.1168868 4.2790835 4.0751199 5.3076063 
Kazachstania_naganishii             3.6576581 0.0000000 4.7596330 3.8084350 6.2273880 4.6378306 3.5349759 5.0252441 3.5330643 3.3855734 3.5447611 6.5682367 3.3489607 4.8913106 3.7977893 4.1411697 3.5573769 3.2695871 3.6305470 4.3476546 4.9015347 
Naumovozyma_castellii               4.8075271 4.7596330 0.0000000 3.1790903 6.1895439 4.0073569 4.2207664 5.0624815 3.7336404 3.8708455 3.4188691 5.9388590 3.7100716 5.8466943 4.5160117 3.5551452 4.7305008 4.5806516 4.9463232 4.7720261 5.7398783 
Naumovozyma_dairenensis             3.8404444 3.8084350 3.1790903 0.0000000 5.3007534 3.4657087 3.4867252 3.5535941 3.3267759 3.5971224 3.8747611 6.0405326 2.7860734 4.7592460 3.8641344 3.1061091 3.5863745 3.6091092 3.6615972 3.8836475 4.5773572 
Tetrapisispora_blattae              5.8404036 6.2273880 6.1895439 5.3007534 0.0000000 5.1079642 6.1960568 6.0154016 5.9733810 5.5784425 6.6923399 8.3502261 5.3242173 7.6479594 5.7655546 5.8981699 5.6710043 5.3897013 5.5498202 6.6654758 4.7728147 
yHAB132_Kazachstania_martiniae      3.8610461 4.6378306 4.0073569 3.4657087 5.1079642 0.0000000 3.2567623 3.8052310 3.0069217 3.2501098 3.6364188 6.9901515 3.0503274 5.1627091 3.3923791 3.8392490 3.2125854 3.9485767 3.1691581 4.5498900 4.7066226 
yHAB133_Kazachstania_unispora       4.0795928 3.5349759 4.2207664 3.4867252 6.1960568 3.2567623 0.0000000 4.3626927 2.8688085 1.7584353 4.2823402 6.3460122 3.5504065 3.6228936 3.6029343 3.6237115 1.3481333 3.5229987 1.2551494 3.4562525 4.3795319 
yHAB134_Kazachstania_turicensis     4.5158806 5.0252441 5.0624815 3.5535941 6.0154016 3.8052310 4.3626927 0.0000000 3.8410002 4.1793277 4.3713815 6.4103090 3.5432879 5.4660285 4.5086372 4.2072481 4.1878339 3.3495926 4.4585689 4.7989186 6.0316817 
yHAB136_Kazachstania_bromeliacearum 3.5753609 3.5330643 3.7336404 3.3267759 5.9733810 3.0069217 2.8688085 3.8410002 0.0000000 2.1692981 3.4403784 5.2675197 2.7056009 3.8946703 3.3345588 4.1180420 2.7424244 2.9992896 2.7843566 3.3577714 4.6550649 
yHAB143_Kazachstania_siamensis      3.6874429 3.3855734 3.8708455 3.5971224 5.5784425 3.2501098 1.7584353 4.1793277 2.1692981 0.0000000 3.1171749 6.4931074 3.4590222 3.9431207 3.4273074 3.5331906 1.7259389 2.9676947 1.8348197 3.5060662 4.6215006 
yHAB147_Kazachstania_taianensis     3.8757361 3.5447611 3.4188691 3.8747611 6.6923399 3.6364188 4.2823402 4.3713815 3.4403784 3.1171749 0.0000000 6.3357887 3.1828601 4.6859549 4.4782493 4.0873787 3.8949152 4.6850120 4.0997661 4.5355922 5.4721087 
yHAB148_Kazachstania_intestinalis   8.0880307 6.5682367 5.9388590 6.0405326 8.3502261 6.9901515 6.3460122 6.4103090 5.2675197 6.4931074 6.3357887 0.0000000 5.9659659 6.7720179 6.7232342 5.1612793 6.3241441 5.5726755 5.9590936 6.7947497 7.4829236 
yHAB153_Kazachstania_rosinii        3.5190326 3.3489607 3.7100716 2.7860734 5.3242173 3.0503274 3.5504065 3.5432879 2.7056009 3.4590222 3.1828601 5.9659659 0.0000000 4.5143789 2.9374755 3.2848463 3.4145984 3.2750626 3.3838795 3.5930999 4.7421335 
yHAB154_Kazachstania_transvaalensis 4.9113601 4.8913106 5.8466943 4.7592460 7.6479594 5.1627091 3.6228936 5.4660285 3.8946703 3.9431207 4.6859549 6.7720179 4.5143789 0.0000000 4.4545688 5.3021942 4.1656782 4.7721211 4.1361741 1.8706366 5.6338701 
yHAB155_Kazachstania_spencerorum    3.7935814 3.7977893 4.5160117 3.8641344 5.7655546 3.3923791 3.6029343 4.5086372 3.3345588 3.4273074 4.4782493 6.7232342 2.9374755 4.4545688 0.0000000 3.5996029 3.4128553 2.8632305 3.3315001 3.9976127 4.7397693 
yHAB158_Kazachstania_viticola       4.4804789 4.1411697 3.5551452 3.1061091 5.8981699 3.8392490 3.6237115 4.2072481 4.1180420 3.5331906 4.0873787 5.1612793 3.2848463 5.3021942 3.5996029 0.0000000 3.9593378 3.3495228 3.9103336 5.0570753 4.7672256 
yHAB159_Kazachstania_solicola       3.9582379 3.5573769 4.7305008 3.5863745 5.6710043 3.2125854 1.3481333 4.1878339 2.7424244 1.7259389 3.8949152 6.3241441 3.4145984 4.1656782 3.4128553 3.9593378 0.0000000 3.4972612 0.1818640 3.6175649 4.6347562 
yHAB160_Kazachstania_kunashirensis  3.1168868 3.2695871 4.5806516 3.6091092 5.3897013 3.9485767 3.5229987 3.3495926 2.9992896 2.9676947 4.6850120 5.5726755 3.2750626 4.7721211 2.8632305 3.3495228 3.4972612 0.0000000 3.5006646 4.4673623 4.6665485 
yHAB164_Kazachstania_aerobia        4.2790835 3.6305470 4.9463232 3.6615972 5.5498202 3.1691581 1.2551494 4.4585689 2.7843566 1.8348197 4.0997661 5.9590936 3.3838795 4.1361741 3.3315001 3.9103336 0.1818640 3.5006646 0.0000000 3.6023988 4.8976392 
yHAB166_Kazachstania_yakushimaensis 4.0751199 4.3476546 4.7720261 3.8836475 6.6654758 4.5498900 3.4562525 4.7989186 3.3577714 3.5060662 4.5355922 6.7947497 3.5930999 1.8706366 3.9976127 5.0570753 3.6175649 4.4673623 3.6023988 0.0000000 5.1580928 
yHMPu5000035629_Yueomyces_sinensis  5.3076063 4.9015347 5.7398783 4.5773572 4.7728147 4.7066226 4.3795319 6.0316817 4.6550649 4.6215006 5.4721087 7.4829236 4.7421335 5.6338701 4.7397693 4.7672256 4.6347562 4.6665485 4.8976392 5.1580928 0.0000000 
