21
Kazachstania_africana               0.0000000 0.8666038 0.6547948 0.6886564 0.9011996 0.5426483 0.6296824 0.7118978 0.6063590 0.6331948 1.6422993 0.8315886 0.6655311 0.9097061 0.6750378 0.6060319 0.6359362 0.6440663 0.6231387 0.9332581 1.5581669 
Kazachstania_naganishii             0.8666038 0.0000000 0.9353438 0.8279300 1.1973195 0.7942606 0.7620234 0.7990697 0.6661644 0.7206604 1.4917696 0.9248190 0.7821487 1.0612498 0.8938046 0.8763918 0.7323327 0.8960351 0.7519994 0.9462584 2.1149475 
Naumovozyma_castellii               0.6547948 0.9353438 0.0000000 0.4788174 0.9640552 0.6212063 0.5575587 0.8035208 0.6333442 0.6696810 1.9658723 0.7986601 0.7198019 0.8031306 0.7163844 0.7436442 0.6263302 0.7131358 0.6113574 0.7544583 1.6161593 
Naumovozyma_dairenensis             0.6886564 0.8279300 0.4788174 0.0000000 0.8801197 0.6065500 0.5664266 0.6833223 0.5600037 0.5667512 1.9555788 0.7925626 0.6303159 0.9314283 0.6383256 0.6123460 0.6171854 0.6513129 0.6098128 0.8182856 1.3946500 
Tetrapisispora_blattae              0.9011996 1.1973195 0.9640552 0.8801197 0.0000000 0.8978822 0.8826323 0.8844776 0.8940452 0.8506362 2.3131282 1.1257978 0.9399002 1.1347589 0.9709640 0.9396031 0.9244573 0.8970319 0.9111723 0.9342624 1.4538062 
yHAB132_Kazachstania_martiniae      0.5426483 0.7942606 0.6212063 0.6065500 0.8978822 0.0000000 0.5313315 0.6230505 0.5302169 0.6063586 1.6713672 0.7308990 0.5205336 0.7953994 0.5193724 0.6730623 0.5875213 0.5431449 0.5898022 0.7111199 1.5457464 
yHAB133_Kazachstania_unispora       0.6296824 0.7620234 0.5575587 0.5664266 0.8826323 0.5313315 0.0000000 0.6126419 0.4628058 0.2800352 1.8445511 0.6808826 0.5610952 0.8554223 0.5811187 0.5847440 0.1649645 0.5494319 0.1699806 0.7112200 1.6342163 
yHAB134_Kazachstania_turicensis     0.7118978 0.7990697 0.8035208 0.6833223 0.8844776 0.6230505 0.6126419 0.0000000 0.6634389 0.6354892 1.7846369 0.9102867 0.6278697 0.9291446 0.5659719 0.6866837 0.6411789 0.4634168 0.6010308 0.9186287 1.5370562 
yHAB136_Kazachstania_bromeliacearum 0.6063590 0.6661644 0.6333442 0.5600037 0.8940452 0.5302169 0.4628058 0.6634389 0.0000000 0.4146136 1.8898868 0.6439667 0.5758387 0.7133846 0.5525778 0.5642849 0.5208667 0.5414962 0.4993824 0.7660217 1.4805696 
yHAB143_Kazachstania_siamensis      0.6331948 0.7206604 0.6696810 0.5667512 0.8506362 0.6063586 0.2800352 0.6354892 0.4146136 0.0000000 1.7708450 0.6513810 0.5921998 0.8429511 0.6150446 0.6199320 0.3022356 0.5311474 0.2895313 0.7520432 1.6401294 
yHAB147_Kazachstania_taianensis     1.6422993 1.4917696 1.9658723 1.9555788 2.3131282 1.6713672 1.8445511 1.7846369 1.8898868 1.7708450 0.0000000 1.7146841 1.6611272 1.7138472 1.8833213 1.8968982 1.8275204 1.8164105 1.8322588 1.8630856 3.4350163 
yHAB148_Kazachstania_intestinalis   0.8315886 0.9248190 0.7986601 0.7925626 1.1257978 0.7308990 0.6808826 0.9102867 0.6439667 0.6513810 1.7146841 0.0000000 0.8267932 0.9109088 0.8241964 0.6408617 0.6539883 0.8068845 0.6313267 0.8993693 1.8635263 
yHAB153_Kazachstania_rosinii        0.6655311 0.7821487 0.7198019 0.6303159 0.9399002 0.5205336 0.5610952 0.6278697 0.5758387 0.5921998 1.6611272 0.8267932 0.0000000 0.8140167 0.4699021 0.6392255 0.6241374 0.5059910 0.6259406 0.7804619 1.6208447 
yHAB154_Kazachstania_transvaalensis 0.9097061 1.0612498 0.8031306 0.9314283 1.1347589 0.7953994 0.8554223 0.9291446 0.7133846 0.8429511 1.7138472 0.9109088 0.8140167 0.0000000 0.9190244 0.9924659 0.9215150 0.8444451 0.8555692 0.4029974 1.7060196 
yHAB155_Kazachstania_spencerorum    0.6750378 0.8938046 0.7163844 0.6383256 0.9709640 0.5193724 0.5811187 0.5659719 0.5525778 0.6150446 1.8833213 0.8241964 0.4699021 0.9190244 0.0000000 0.6682971 0.5931560 0.4645832 0.5884191 0.8173141 1.4882886 
yHAB158_Kazachstania_viticola       0.6060319 0.8763918 0.7436442 0.6123460 0.9396031 0.6730623 0.5847440 0.6866837 0.5642849 0.6199320 1.8968982 0.6408617 0.6392255 0.9924659 0.6682971 0.0000000 0.5856726 0.6753177 0.5778729 0.8737477 1.6638473 
yHAB159_Kazachstania_solicola       0.6359362 0.7323327 0.6263302 0.6171854 0.9244573 0.5875213 0.1649645 0.6411789 0.5208667 0.3022356 1.8275204 0.6539883 0.6241374 0.9215150 0.5931560 0.5856726 0.0000000 0.6193394 0.0686657 0.7301675 1.6862233 
yHAB160_Kazachstania_kunashirensis  0.6440663 0.8960351 0.7131358 0.6513129 0.8970319 0.5431449 0.5494319 0.4634168 0.5414962 0.5311474 1.8164105 0.8068845 0.5059910 0.8444451 0.4645832 0.6753177 0.6193394 0.0000000 0.6056452 0.7424510 1.3144168 
yHAB164_Kazachstania_aerobia        0.6231387 0.7519994 0.6113574 0.6098128 0.9111723 0.5898022 0.1699806 0.6010308 0.4993824 0.2895313 1.8322588 0.6313267 0.6259406 0.8555692 0.5884191 0.5778729 0.0686657 0.6056452 0.0000000 0.7450438 1.6930638 
yHAB166_Kazachstania_yakushimaensis 0.9332581 0.9462584 0.7544583 0.8182856 0.9342624 0.7111199 0.7112200 0.9186287 0.7660217 0.7520432 1.8630856 0.8993693 0.7804619 0.4029974 0.8173141 0.8737477 0.7301675 0.7424510 0.7450438 0.0000000 1.5313158 
yHMPu5000035629_Yueomyces_sinensis  1.5581669 2.1149475 1.6161593 1.3946500 1.4538062 1.5457464 1.6342163 1.5370562 1.4805696 1.6401294 3.4350163 1.8635263 1.6208447 1.7060196 1.4882886 1.6638473 1.6862233 1.3144168 1.6930638 1.5313158 0.0000000 
