21
Kazachstania_africana               0.0000000 0.9497932 0.6255365 0.7071795 0.6767448 0.7358342 0.9257934 0.6947941 0.6267686 0.9217629 0.6387590 0.7918963 0.6694915 0.6785489 0.6234810 0.5595966 0.9337473 0.5965721 0.9300314 0.6727214 0.7197149 
Kazachstania_naganishii             0.9497932 0.0000000 0.8368311 0.8370711 0.9177475 0.8420770 1.1342813 1.0050647 0.7575206 1.0246300 0.6189978 0.7346372 0.7479680 0.9543326 0.9490251 1.0195430 1.1082267 1.0021934 1.2252425 0.9372812 1.0625742 
Naumovozyma_castellii               0.6255365 0.8368311 0.0000000 0.4362873 0.5395092 0.5563340 0.7950163 0.5869870 0.5420059 0.8589739 0.5475215 0.7911638 0.6864176 0.7383726 0.6591620 0.6933117 0.7411406 0.5814632 0.7317829 0.7117352 0.7006978 
Naumovozyma_dairenensis             0.7071795 0.8370711 0.4362873 0.0000000 0.5850107 0.6092579 0.9084051 0.6949622 0.6116363 0.8843862 0.6709312 1.0020079 0.7609847 0.7627614 0.7386507 0.6750829 0.8819780 0.6839452 0.8864090 0.7561893 0.6955121 
Tetrapisispora_blattae              0.6767448 0.9177475 0.5395092 0.5850107 0.0000000 0.6514402 0.8647387 0.7767006 0.6418826 1.0406679 0.8200678 0.8349751 0.7725406 0.7357820 0.7686337 0.7282585 0.9503957 0.7950863 0.8735318 0.6769101 0.6886651 
yHAB132_Kazachstania_martiniae      0.7358342 0.8420770 0.5563340 0.6092579 0.6514402 0.0000000 0.8482416 0.6551723 0.5837618 0.8872760 0.6396563 0.7735821 0.6016534 0.7101033 0.6657313 0.7866159 0.9191970 0.5868170 0.9112939 0.6220300 0.6879351 
yHAB133_Kazachstania_unispora       0.9257934 1.1342813 0.7950163 0.9084051 0.8647387 0.8482416 0.0000000 0.8353236 0.7246839 0.4428332 0.9512366 0.9114472 1.0078122 0.7954661 0.8902073 0.8448414 0.2315671 0.9349917 0.2158834 0.7188099 0.9416349 
yHAB134_Kazachstania_turicensis     0.6947941 1.0050647 0.5869870 0.6949622 0.7767006 0.6551723 0.8353236 0.0000000 0.6225646 0.9281542 0.7659942 0.8289422 0.6486667 0.9641827 0.5947507 0.6788836 0.8885623 0.4084922 0.8274351 0.7961566 0.8133660 
yHAB136_Kazachstania_bromeliacearum 0.6267686 0.7575206 0.5420059 0.6116363 0.6418826 0.5837618 0.7246839 0.6225646 0.0000000 0.9079514 0.5634400 0.6933915 0.6764517 0.6494061 0.7136780 0.6620623 0.8160660 0.5368822 0.8131197 0.5411613 0.8028837 
yHAB143_Kazachstania_siamensis      0.9217629 1.0246300 0.8589739 0.8843862 1.0406679 0.8872760 0.4428332 0.9281542 0.9079514 0.0000000 0.9685628 0.9625111 1.1159517 0.8503991 0.8515110 0.8891698 0.4351208 0.9221657 0.4520585 0.8191170 1.0442892 
yHAB147_Kazachstania_taianensis     0.6387590 0.6189978 0.5475215 0.6709312 0.8200678 0.6396563 0.9512366 0.7659942 0.5634400 0.9685628 0.0000000 0.8219988 0.5530412 0.7996589 0.6722451 0.6761041 0.8461045 0.7437839 0.9626384 0.7727204 0.9737850 
yHAB148_Kazachstania_intestinalis   0.7918963 0.7346372 0.7911638 1.0020079 0.8349751 0.7735821 0.9114472 0.8289422 0.6933915 0.9625111 0.8219988 0.0000000 0.8037316 0.7253310 0.8301840 0.8247863 0.8692158 0.8090017 0.9249996 0.7275316 0.8974656 
yHAB153_Kazachstania_rosinii        0.6694915 0.7479680 0.6864176 0.7609847 0.7725406 0.6016534 1.0078122 0.6486667 0.6764517 1.1159517 0.5530412 0.8037316 0.0000000 0.8775845 0.4970887 0.7764300 0.9982649 0.5779590 1.0249486 0.8133358 0.7137400 
yHAB154_Kazachstania_transvaalensis 0.6785489 0.9543326 0.7383726 0.7627614 0.7357820 0.7101033 0.7954661 0.9641827 0.6494061 0.8503991 0.7996589 0.7253310 0.8775845 0.0000000 0.7953641 0.7618728 0.8730836 0.7375867 0.8171256 0.2260370 0.7425046 
yHAB155_Kazachstania_spencerorum    0.6234810 0.9490251 0.6591620 0.7386507 0.7686337 0.6657313 0.8902073 0.5947507 0.7136780 0.8515110 0.6722451 0.8301840 0.4970887 0.7953641 0.0000000 0.6478854 0.9095107 0.5735627 0.8704522 0.6990683 0.7930684 
yHAB158_Kazachstania_viticola       0.5595966 1.0195430 0.6933117 0.6750829 0.7282585 0.7866159 0.8448414 0.6788836 0.6620623 0.8891698 0.6761041 0.8247863 0.7764300 0.7618728 0.6478854 0.0000000 0.9608491 0.6664819 0.9234728 0.7011587 0.8031679 
yHAB159_Kazachstania_solicola       0.9337473 1.1082267 0.7411406 0.8819780 0.9503957 0.9191970 0.2315671 0.8885623 0.8160660 0.4351208 0.8461045 0.8692158 0.9982649 0.8730836 0.9095107 0.9608491 0.0000000 0.9498642 0.0734505 0.8438106 0.9705847 
yHAB160_Kazachstania_kunashirensis  0.5965721 1.0021934 0.5814632 0.6839452 0.7950863 0.5868170 0.9349917 0.4084922 0.5368822 0.9221657 0.7437839 0.8090017 0.5779590 0.7375867 0.5735627 0.6664819 0.9498642 0.0000000 0.8881847 0.6197631 0.6977524 
yHAB164_Kazachstania_aerobia        0.9300314 1.2252425 0.7317829 0.8864090 0.8735318 0.9112939 0.2158834 0.8274351 0.8131197 0.4520585 0.9626384 0.9249996 1.0249486 0.8171256 0.8704522 0.9234728 0.0734505 0.8881847 0.0000000 0.7713497 0.9329527 
yHAB166_Kazachstania_yakushimaensis 0.6727214 0.9372812 0.7117352 0.7561893 0.6769101 0.6220300 0.7188099 0.7961566 0.5411613 0.8191170 0.7727204 0.7275316 0.8133358 0.2260370 0.6990683 0.7011587 0.8438106 0.6197631 0.7713497 0.0000000 0.6758281 
yHMPu5000035629_Yueomyces_sinensis  0.7197149 1.0625742 0.7006978 0.6955121 0.6886651 0.6879351 0.9416349 0.8133660 0.8028837 1.0442892 0.9737850 0.8974656 0.7137400 0.7425046 0.7930684 0.8031679 0.9705847 0.6977524 0.9329527 0.6758281 0.0000000 
