21
Kazachstania_africana               0.0000000 3.0131900 4.9924268 2.7577992 5.5099024 2.8606104 4.7689505 2.6995118 3.2444554 4.6687463 3.2429611 5.3361940 2.6901823 4.5518282 2.8582618 3.4873174 3.9861841 2.9824943 3.9665684 4.2318814 5.1829275 
Kazachstania_naganishii             3.0131900 0.0000000 3.3204718 2.3602426 5.8802534 2.1138134 3.5943328 1.7849388 1.7946804 3.1585759 2.0347088 4.1977481 2.1036581 3.4209135 2.0858652 2.6552248 3.3844843 2.4320657 3.3887225 3.6450046 4.5545858 
Naumovozyma_castellii               4.9924268 3.3204718 0.0000000 1.3307898 7.9978265 3.4899233 4.2764599 2.9660272 2.7275058 5.0686317 3.0631181 4.3397219 3.2536960 4.6989395 3.4920502 3.2639286 4.3361517 4.0239823 4.1428527 4.6984443 7.2204946 
Naumovozyma_dairenensis             2.7577992 2.3602426 1.3307898 0.0000000 4.1845862 1.9517305 2.5107318 1.9354814 1.7182513 3.1894313 2.1875816 3.0053835 2.1304543 2.8436026 2.2496951 2.1368374 2.9195175 2.2915273 2.8836852 2.4592765 4.0231732 
Tetrapisispora_blattae              5.5099024 5.8802534 7.9978265 4.1845862 0.0000000 6.4799179 6.0700028 4.1271020 5.3559109 6.5825176 5.1138654 8.3346740 6.4361173 6.1278344 6.7305167 5.4852167 6.5177649 5.1390563 6.3961629 6.7976978 5.1982162 
yHAB132_Kazachstania_martiniae      2.8606104 2.1138134 3.4899233 1.9517305 6.4799179 0.0000000 3.6632516 1.9605081 1.7387113 3.5947197 2.0744176 3.6826433 1.8848909 3.8080486 2.0721900 2.8474697 3.7635477 2.2804988 3.6532678 3.5780382 5.3867918 
yHAB133_Kazachstania_unispora       4.7689505 3.5943328 4.2764599 2.5107318 6.0700028 3.6632516 0.0000000 2.7246977 2.6665167 1.1916300 3.2187460 4.9654221 4.1233643 3.6460123 3.7761423 3.3998828 0.6174214 3.4325354 0.6654541 4.0552302 6.7473758 
yHAB134_Kazachstania_turicensis     2.6995118 1.7849388 2.9660272 1.9354814 4.1271020 1.9605081 2.7246977 0.0000000 1.7159688 2.7974288 1.9816938 3.7215693 1.4365912 3.0042882 1.3928230 1.8746144 2.7476423 1.1286029 2.7556693 2.8465462 3.6565584 
yHAB136_Kazachstania_bromeliacearum 3.2444554 1.7946804 2.7275058 1.7182513 5.3559109 1.7387113 2.6665167 1.7159688 0.0000000 2.7788858 1.6214264 3.7468769 2.0463836 3.5180119 2.0130558 2.4210769 3.1167436 1.9339337 2.9812964 3.2676947 4.2584338 
yHAB143_Kazachstania_siamensis      4.6687463 3.1585759 5.0686317 3.1894313 6.5825176 3.5947197 1.1916300 2.7974288 2.7788858 0.0000000 3.2250698 5.5824807 3.7850193 4.6734940 3.5485083 3.5426574 1.2272791 3.3563036 1.2935696 3.9886385 6.0118991 
yHAB147_Kazachstania_taianensis     3.2429611 2.0347088 3.0631181 2.1875816 5.1138654 2.0744176 3.2187460 1.9816938 1.6214264 3.2250698 0.0000000 4.1722582 2.1063226 3.3593688 2.1752785 2.2642386 3.0651522 2.0572097 3.1059170 3.3696427 4.8341524 
yHAB148_Kazachstania_intestinalis   5.3361940 4.1977481 4.3397219 3.0053835 8.3346740 3.6826433 4.9654221 3.7215693 3.7468769 5.5824807 4.1722582 0.0000000 3.9596179 5.2469282 3.8926405 3.9472834 4.9908248 4.7017967 5.0867911 5.0365642 8.0093683 
yHAB153_Kazachstania_rosinii        2.6901823 2.1036581 3.2536960 2.1304543 6.4361173 1.8848909 4.1233643 1.4365912 2.0463836 3.7850193 2.1063226 3.9596179 0.0000000 4.2255559 1.3110698 2.3785244 3.7106334 1.7495487 3.7677411 4.4211968 5.3057367 
yHAB154_Kazachstania_transvaalensis 4.5518282 3.4209135 4.6989395 2.8436026 6.1278344 3.8080486 3.6460123 3.0042882 3.5180119 4.6734940 3.3593688 5.2469282 4.2255559 0.0000000 4.2605984 3.9060029 4.1433943 3.8786861 3.8362073 1.8417795 6.5408394 
yHAB155_Kazachstania_spencerorum    2.8582618 2.0858652 3.4920502 2.2496951 6.7305167 2.0721900 3.7761423 1.3928230 2.0130558 3.5485083 2.1752785 3.8926405 1.3110698 4.2605984 0.0000000 2.4328480 3.4672046 1.6774580 3.5329787 4.4278550 5.2819895 
yHAB158_Kazachstania_viticola       3.4873174 2.6552248 3.2639286 2.1368374 5.4852167 2.8474697 3.3998828 1.8746144 2.4210769 3.5426574 2.2642386 3.9472834 2.3785244 3.9060029 2.4328480 0.0000000 3.3103795 2.6901797 3.4509220 4.2758900 4.7360075 
yHAB159_Kazachstania_solicola       3.9861841 3.3844843 4.3361517 2.9195175 6.5177649 3.7635477 0.6174214 2.7476423 3.1167436 1.2272791 3.0651522 4.9908248 3.7106334 4.1433943 3.4672046 3.3103795 0.0000000 3.1603157 0.1326835 4.4766496 6.0016943 
yHAB160_Kazachstania_kunashirensis  2.9824943 2.4320657 4.0239823 2.2915273 5.1390563 2.2804988 3.4325354 1.1286029 1.9339337 3.3563036 2.0572097 4.7017967 1.7495487 3.8786861 1.6774580 2.6901797 3.1603157 0.0000000 3.3142985 3.6902261 5.0797939 
yHAB164_Kazachstania_aerobia        3.9665684 3.3887225 4.1428527 2.8836852 6.3961629 3.6532678 0.6654541 2.7556693 2.9812964 1.2935696 3.1059170 5.0867911 3.7677411 3.8362073 3.5329787 3.4509220 0.1326835 3.3142985 0.0000000 4.3513403 6.3145275 
yHAB166_Kazachstania_yakushimaensis 4.2318814 3.6450046 4.6984443 2.4592765 6.7976978 3.5780382 4.0552302 2.8465462 3.2676947 3.9886385 3.3696427 5.0365642 4.4211968 1.8417795 4.4278550 4.2758900 4.4766496 3.6902261 4.3513403 0.0000000 7.2081778 
yHMPu5000035629_Yueomyces_sinensis  5.1829275 4.5545858 7.2204946 4.0231732 5.1982162 5.3867918 6.7473758 3.6565584 4.2584338 6.0118991 4.8341524 8.0093683 5.3057367 6.5408394 5.2819895 4.7360075 6.0016943 5.0797939 6.3145275 7.2081778 0.0000000 
