21
Kazachstania_africana               0.0000000 1.3302096 1.1868026 1.1782587 1.4055736 1.0976899 1.2077654 1.2289556 1.0967422 1.1799686 1.1908826 1.3601397 1.1553780 1.1851517 1.0631991 0.9627243 1.2692840 1.0867240 1.2298417 1.1972550 1.4857104 
Kazachstania_naganishii             1.3302096 0.0000000 1.4562149 1.5183206 1.5978896 1.2716955 1.2313275 1.5357009 1.1629287 1.2860161 1.1912237 1.2718761 1.3827273 1.2443310 1.4318351 1.3388518 1.2318555 1.5637883 1.2706449 1.2190033 1.6921022 
Naumovozyma_castellii               1.1868026 1.4562149 0.0000000 0.8868369 1.2210926 1.0908998 1.2801224 1.2595939 1.2455377 1.3362706 1.3491505 1.4607074 1.2189916 1.2218587 1.1878674 1.1658082 1.4067834 1.3060836 1.3804528 1.2562071 1.3855981 
Naumovozyma_dairenensis             1.1782587 1.5183206 0.8868369 0.0000000 1.2984922 1.1403322 1.2242305 1.2919844 1.1416392 1.2864843 1.3711381 1.4187458 1.2972226 1.1680947 1.1313504 1.1940821 1.2854328 1.2180239 1.2711095 1.2615486 1.3779833 
Tetrapisispora_blattae              1.4055736 1.5978896 1.2210926 1.2984922 0.0000000 1.2430321 1.3305965 1.3817889 1.2153989 1.3737836 1.5573698 1.6121201 1.4698238 1.2629809 1.3353636 1.3123533 1.4197010 1.3420718 1.3607626 1.3424264 0.9185484 
yHAB132_Kazachstania_martiniae      1.0976899 1.2716955 1.0908998 1.1403322 1.2430321 0.0000000 1.0061295 1.1435510 0.9479894 1.0667278 1.1344953 1.2041095 1.1311627 1.0600731 1.0156986 1.0370373 1.1062972 1.1013696 1.0680774 1.0648426 1.2621947 
yHAB133_Kazachstania_unispora       1.2077654 1.2313275 1.2801224 1.2242305 1.3305965 1.0061295 0.0000000 1.2476119 0.8535171 0.5026630 1.0060043 1.2998866 1.2980982 0.9151569 1.1214476 1.1032378 0.3970885 1.2486814 0.3823986 0.9732857 1.3916405 
yHAB134_Kazachstania_turicensis     1.2289556 1.5357009 1.2595939 1.2919844 1.3817889 1.1435510 1.2476119 0.0000000 1.1265344 1.3072307 1.3130235 1.5024710 1.1847473 1.2219608 1.1000693 1.0959915 1.3236669 0.7496607 1.3021157 1.2710515 1.4153722 
yHAB136_Kazachstania_bromeliacearum 1.0967422 1.1629287 1.2455377 1.1416392 1.2153989 0.9479894 0.8535171 1.1265344 0.0000000 0.8951530 0.9852736 1.1895386 1.2151792 0.9201016 1.0229239 1.0314869 0.9298151 1.0424993 0.8962004 0.9489671 1.3571165 
yHAB143_Kazachstania_siamensis      1.1799686 1.2860161 1.3362706 1.2864843 1.3737836 1.0667278 0.5026630 1.3072307 0.8951530 0.0000000 1.0594772 1.3038824 1.3824261 1.0227208 1.2005563 1.1872205 0.6278228 1.2940270 0.5753051 1.0759859 1.4567879 
yHAB147_Kazachstania_taianensis     1.1908826 1.1912237 1.3491505 1.3711381 1.5573698 1.1344953 1.0060043 1.3130235 0.9852736 1.0594772 0.0000000 1.2884466 1.3252227 1.0472692 1.3018577 1.2263400 0.9879386 1.2723276 1.0090362 1.0450931 1.5434589 
yHAB148_Kazachstania_intestinalis   1.3601397 1.2718761 1.4607074 1.4187458 1.6121201 1.2041095 1.2998866 1.5024710 1.1895386 1.3038824 1.2884466 0.0000000 1.4176139 1.3107203 1.3754723 1.3116810 1.3521297 1.4227674 1.3650876 1.3213932 1.7231914 
yHAB153_Kazachstania_rosinii        1.1553780 1.3827273 1.2189916 1.2972226 1.4698238 1.1311627 1.2980982 1.1847473 1.2151792 1.3824261 1.3252227 1.4176139 0.0000000 1.2486692 1.1203889 1.1552250 1.3179535 1.1866156 1.3288233 1.2752179 1.5932813 
yHAB154_Kazachstania_transvaalensis 1.1851517 1.2443310 1.2218587 1.1680947 1.2629809 1.0600731 0.9151569 1.2219608 0.9201016 1.0227208 1.0472692 1.3107203 1.2486692 0.0000000 1.0921634 1.0648364 0.9978945 1.1664523 0.9674545 0.4308673 1.3326148 
yHAB155_Kazachstania_spencerorum    1.0631991 1.4318351 1.1878674 1.1313504 1.3353636 1.0156986 1.1214476 1.1000693 1.0229239 1.2005563 1.3018577 1.3754723 1.1203889 1.0921634 0.0000000 1.0438126 1.2112638 0.9936480 1.1724247 1.0894824 1.4089895 
yHAB158_Kazachstania_viticola       0.9627243 1.3388518 1.1658082 1.1940821 1.3123533 1.0370373 1.1032378 1.0959915 1.0314869 1.1872205 1.2263400 1.3116810 1.1552250 1.0648364 1.0438126 0.0000000 1.1752255 1.0882616 1.1370236 1.1412667 1.3918756 
yHAB159_Kazachstania_solicola       1.2692840 1.2318555 1.4067834 1.2854328 1.4197010 1.1062972 0.3970885 1.3236669 0.9298151 0.6278228 0.9879386 1.3521297 1.3179535 0.9978945 1.2112638 1.1752255 0.0000000 1.3160593 0.1565558 1.0594427 1.4883053 
yHAB160_Kazachstania_kunashirensis  1.0867240 1.5637883 1.3060836 1.2180239 1.3420718 1.1013696 1.2486814 0.7496607 1.0424993 1.2940270 1.2723276 1.4227674 1.1866156 1.1664523 0.9936480 1.0882616 1.3160593 0.0000000 1.2453537 1.1617800 1.3812233 
yHAB164_Kazachstania_aerobia        1.2298417 1.2706449 1.3804528 1.2711095 1.3607626 1.0680774 0.3823986 1.3021157 0.8962004 0.5753051 1.0090362 1.3650876 1.3288233 0.9674545 1.1724247 1.1370236 0.1565558 1.2453537 0.0000000 1.0447446 1.4297495 
yHAB166_Kazachstania_yakushimaensis 1.1972550 1.2190033 1.2562071 1.2615486 1.3424264 1.0648426 0.9732857 1.2710515 0.9489671 1.0759859 1.0450931 1.3213932 1.2752179 0.4308673 1.0894824 1.1412667 1.0594427 1.1617800 1.0447446 0.0000000 1.3607403 
yHMPu5000035629_Yueomyces_sinensis  1.4857104 1.6921022 1.3855981 1.3779833 0.9185484 1.2621947 1.3916405 1.4153722 1.3571165 1.4567879 1.5434589 1.7231914 1.5932813 1.3326148 1.4089895 1.3918756 1.4883053 1.3812233 1.4297495 1.3607403 0.0000000 
