21
Kazachstania_africana               0.0000000 3.3113952 2.0674673 2.0863505 2.8527399 2.5192924 3.4387108 2.4802653 2.7151446 3.3853595 2.8684913 3.1935039 2.3659068 3.3512743 1.9997103 2.1346487 3.3804755 2.3558268 3.5274139 3.4335772 3.4178153 
Kazachstania_naganishii             3.3113952 0.0000000 3.5749302 3.1813299 4.4120653 3.6343463 3.1265890 3.1381775 2.4754761 2.8017708 2.6221885 3.7400753 3.2777772 3.2611918 3.3450128 3.7473855 3.0807252 3.5148998 3.1235747 3.2232118 4.6099118 
Naumovozyma_castellii               2.0674673 3.5749302 0.0000000 1.3037005 3.0055030 2.3380383 3.4598037 2.7512402 2.6455244 3.4953571 3.0064665 3.4657487 2.2990941 3.3223998 2.0663091 2.1476713 3.5077857 2.6069375 3.4727007 3.4788482 3.5393622 
Naumovozyma_dairenensis             2.0863505 3.1813299 1.3037005 0.0000000 2.8883126 2.0407818 3.2982893 2.5235401 2.6128084 3.2002721 2.9682494 3.1598468 2.0482768 3.0861791 2.0182799 2.1581801 3.4652877 2.3641185 3.2649798 2.9746010 3.3140480 
Tetrapisispora_blattae              2.8527399 4.4120653 3.0055030 2.8883126 0.0000000 3.3897053 3.7558718 3.4353019 3.3681209 3.8087944 3.5681067 3.7919064 3.0677773 4.0133681 3.3687617 3.2213657 3.9199425 3.3518635 3.8545651 3.9151701 2.5500709 
yHAB132_Kazachstania_martiniae      2.5192924 3.6343463 2.3380383 2.0407818 3.3897053 0.0000000 3.2603588 2.6845703 2.8974126 3.2043464 2.9814313 3.4934628 2.5812297 3.3537058 2.5138297 2.4040114 3.3775823 2.7194741 3.4186098 3.1915335 3.6913285 
yHAB133_Kazachstania_unispora       3.4387108 3.1265890 3.4598037 3.2982893 3.7558718 3.2603588 0.0000000 3.0759046 2.2170944 0.9512481 2.4003292 3.8101916 3.5631560 2.4349820 3.4843527 3.1308905 0.6589340 3.3763815 0.6281963 2.4467534 3.6170480 
yHAB134_Kazachstania_turicensis     2.4802653 3.1381775 2.7512402 2.5235401 3.4353019 2.6845703 3.0759046 0.0000000 2.8550969 2.8725164 2.9883672 3.2341156 2.3995891 3.3395379 2.2442239 2.6427221 3.0571306 1.7952149 3.0366688 3.3253011 4.0369417 
yHAB136_Kazachstania_bromeliacearum 2.7151446 2.4754761 2.6455244 2.6128084 3.3681209 2.8974126 2.2170944 2.8550969 0.0000000 2.2897061 2.0998432 3.1436432 2.8752327 2.5330789 2.9116010 2.6168341 2.3899004 3.1377621 2.4165344 2.4245324 3.5754010 
yHAB143_Kazachstania_siamensis      3.3853595 2.8017708 3.4953571 3.2002721 3.8087944 3.2043464 0.9512481 2.8725164 2.2897061 0.0000000 2.4387729 3.6211870 3.0556804 2.7085231 3.2659315 2.9682232 1.0416758 3.2862362 0.9843879 2.6875956 3.5665194 
yHAB147_Kazachstania_taianensis     2.8684913 2.6221885 3.0064665 2.9682494 3.5681067 2.9814313 2.4003292 2.9883672 2.0998432 2.4387729 0.0000000 3.5541908 3.1443130 2.6026315 3.0153762 2.7971975 2.3444423 2.9615717 2.3439934 2.5332162 3.6077444 
yHAB148_Kazachstania_intestinalis   3.1935039 3.7400753 3.4657487 3.1598468 3.7919064 3.4934628 3.8101916 3.2341156 3.1436432 3.6211870 3.5541908 0.0000000 3.4667009 3.5927181 3.2488763 2.9683999 3.7074100 3.8430049 3.6833392 3.9966846 4.6618447 
yHAB153_Kazachstania_rosinii        2.3659068 3.2777772 2.2990941 2.0482768 3.0677773 2.5812297 3.5631560 2.3995891 2.8752327 3.0556804 3.1443130 3.4667009 0.0000000 3.4083526 1.9532268 2.2539086 3.5325537 2.1250067 3.5484907 3.4580704 3.6281425 
yHAB154_Kazachstania_transvaalensis 3.3512743 3.2611918 3.3223998 3.0861791 4.0133681 3.3537058 2.4349820 3.3395379 2.5330789 2.7085231 2.6026315 3.5927181 3.4083526 0.0000000 3.2298071 3.1994603 2.5828377 3.2604979 2.5110174 0.8627658 3.9321956 
yHAB155_Kazachstania_spencerorum    1.9997103 3.3450128 2.0663091 2.0182799 3.3687617 2.5138297 3.4843527 2.2442239 2.9116010 3.2659315 3.0153762 3.2488763 1.9532268 3.2298071 0.0000000 2.3148717 3.4636735 2.2411956 3.4403119 3.3289410 3.5457550 
yHAB158_Kazachstania_viticola       2.1346487 3.7473855 2.1476713 2.1581801 3.2213657 2.4040114 3.1308905 2.6427221 2.6168341 2.9682232 2.7971975 2.9683999 2.2539086 3.1994603 2.3148717 0.0000000 3.2867350 2.7605159 3.1763625 3.3958527 3.4610996 
yHAB159_Kazachstania_solicola       3.3804755 3.0807252 3.5077857 3.4652877 3.9199425 3.3775823 0.6589340 3.0571306 2.3899004 1.0416758 2.3444423 3.7074100 3.5325537 2.5828377 3.4636735 3.2867350 0.0000000 3.6110801 0.2179680 2.4413807 3.9089455 
yHAB160_Kazachstania_kunashirensis  2.3558268 3.5148998 2.6069375 2.3641185 3.3518635 2.7194741 3.3763815 1.7952149 3.1377621 3.2862362 2.9615717 3.8430049 2.1250067 3.2604979 2.2411956 2.7605159 3.6110801 0.0000000 3.5382577 3.3752322 3.5246523 
yHAB164_Kazachstania_aerobia        3.5274139 3.1235747 3.4727007 3.2649798 3.8545651 3.4186098 0.6281963 3.0366688 2.4165344 0.9843879 2.3439934 3.6833392 3.5484907 2.5110174 3.4403119 3.1763625 0.2179680 3.5382577 0.0000000 2.4132881 3.8027353 
yHAB166_Kazachstania_yakushimaensis 3.4335772 3.2232118 3.4788482 2.9746010 3.9151701 3.1915335 2.4467534 3.3253011 2.4245324 2.6875956 2.5332162 3.9966846 3.4580704 0.8627658 3.3289410 3.3958527 2.4413807 3.3752322 2.4132881 0.0000000 4.1403099 
yHMPu5000035629_Yueomyces_sinensis  3.4178153 4.6099118 3.5393622 3.3140480 2.5500709 3.6913285 3.6170480 4.0369417 3.5754010 3.5665194 3.6077444 4.6618447 3.6281425 3.9321956 3.5457550 3.4610996 3.9089455 3.5246523 3.8027353 4.1403099 0.0000000 
