21
Kazachstania_africana               0.0000000 3.3083900 2.6152426 2.6590016 3.5816626 3.1755394 4.6263790 4.7419267 3.1242211 3.9267422 3.0143037 3.9907959 2.7905239 3.6006888 2.9202000 2.5317848 4.7144679 3.0140180 4.8467089 3.3459434 3.7520926 
Kazachstania_naganishii             3.3083900 0.0000000 3.0310532 3.4641616 4.2726259 3.7426907 4.7681002 5.1378032 3.1123777 4.2347417 2.3368951 4.2304742 3.6313291 3.6849664 3.3093711 3.6105342 4.8584699 3.7682496 4.7304611 3.7459272 3.8201026 
Naumovozyma_castellii               2.6152426 3.0310532 0.0000000 1.8924466 3.3277432 2.6381733 4.2874052 4.2998662 2.7593429 4.0632318 2.5174920 3.6155547 2.4172200 3.5607448 2.3244795 2.2875499 4.0186728 2.7066914 4.2206629 3.3448146 3.4206735 
Naumovozyma_dairenensis             2.6590016 3.4641616 1.8924466 0.0000000 3.1584088 3.0830392 4.7548774 4.8703471 2.9991836 3.8919546 3.0191725 3.7387568 3.0072399 3.7758271 2.7835967 2.6350707 4.6384694 2.9104766 4.5883803 3.7663253 2.8160739 
Tetrapisispora_blattae              3.5816626 4.2726259 3.3277432 3.1584088 0.0000000 3.4113315 5.0845372 5.1979195 3.8422106 4.7141196 3.8739751 4.0508154 3.9227841 4.5613067 3.7410380 3.3498080 5.0770762 3.6696090 5.0288352 4.3338063 2.6942296 
yHAB132_Kazachstania_martiniae      3.1755394 3.7426907 2.6381733 3.0830392 3.4113315 0.0000000 4.2597148 5.0748341 3.3708446 3.6737467 3.0057685 4.0296478 3.1758963 4.0602148 3.1649361 2.7602885 4.5419366 3.5067642 4.5458991 3.8126331 3.7394978 
yHAB133_Kazachstania_unispora       4.6263790 4.7681002 4.2874052 4.7548774 5.0845372 4.2597148 0.0000000 6.4722468 4.0749002 1.5878777 3.7333551 4.6188212 3.8768509 3.9145166 4.0221364 4.4195243 1.0704215 3.8388861 1.1103272 3.9390102 5.5041747 
yHAB134_Kazachstania_turicensis     4.7419267 5.1378032 4.2998662 4.8703471 5.1979195 5.0748341 6.4722468 0.0000000 4.8998447 6.9709147 4.3875216 5.4205977 4.3261539 5.7549552 4.1448891 4.5501060 6.3544959 3.5366036 6.3593642 5.4507658 5.2137340 
yHAB136_Kazachstania_bromeliacearum 3.1242211 3.1123777 2.7593429 2.9991836 3.8422106 3.3708446 4.0749002 4.8998447 0.0000000 4.0415802 2.4552222 3.9586052 3.3849112 3.6160803 3.0300302 3.0042956 4.4885152 3.2064556 4.3205816 3.6059264 3.7037700 
yHAB143_Kazachstania_siamensis      3.9267422 4.2347417 4.0632318 3.8919546 4.7141196 3.6737467 1.5878777 6.9709147 4.0415802 0.0000000 3.8229333 4.8230996 4.2503566 3.8752169 3.6345933 4.0259075 1.7755133 4.0709417 1.7273189 3.9331533 4.7490668 
yHAB147_Kazachstania_taianensis     3.0143037 2.3368951 2.5174920 3.0191725 3.8739751 3.0057685 3.7333551 4.3875216 2.4552222 3.8229333 0.0000000 3.7904771 2.7904917 3.0245747 2.8538134 2.7572586 3.9738153 2.8287858 3.8702477 3.0566929 3.9617853 
yHAB148_Kazachstania_intestinalis   3.9907959 4.2304742 3.6155547 3.7387568 4.0508154 4.0296478 4.6188212 5.4205977 3.9586052 4.8230996 3.7904771 0.0000000 3.6724892 4.5348797 3.8162768 3.7845810 4.8576563 3.8709369 5.1416448 4.3824741 4.6492235 
yHAB153_Kazachstania_rosinii        2.7905239 3.6313291 2.4172200 3.0072399 3.9227841 3.1758963 3.8768509 4.3261539 3.3849112 4.2503566 2.7904917 3.6724892 0.0000000 3.9035325 2.1671179 2.8028252 4.4395391 2.6593750 4.5763730 3.7048728 3.5790673 
yHAB154_Kazachstania_transvaalensis 3.6006888 3.6849664 3.5607448 3.7758271 4.5613067 4.0602148 3.9145166 5.7549552 3.6160803 3.8752169 3.0245747 4.5348797 3.9035325 0.0000000 3.6910320 3.4847909 3.9793362 3.8535669 4.1299615 1.0725899 5.0221694 
yHAB155_Kazachstania_spencerorum    2.9202000 3.3093711 2.3244795 2.7835967 3.7410380 3.1649361 4.0221364 4.1448891 3.0300302 3.6345933 2.8538134 3.8162768 2.1671179 3.6910320 0.0000000 2.6229568 3.9450445 2.2319609 3.8751845 3.4174394 3.7665704 
yHAB158_Kazachstania_viticola       2.5317848 3.6105342 2.2875499 2.6350707 3.3498080 2.7602885 4.4195243 4.5501060 3.0042956 4.0259075 2.7572586 3.7845810 2.8028252 3.4847909 2.6229568 0.0000000 4.5124028 2.6378943 4.6775437 3.4829549 3.4088925 
yHAB159_Kazachstania_solicola       4.7144679 4.8584699 4.0186728 4.6384694 5.0770762 4.5419366 1.0704215 6.3544959 4.4885152 1.7755133 3.9738153 4.8576563 4.4395391 3.9793362 3.9450445 4.5124028 0.0000000 4.4503924 0.3554881 4.2130898 5.5750071 
yHAB160_Kazachstania_kunashirensis  3.0140180 3.7682496 2.7066914 2.9104766 3.6696090 3.5067642 3.8388861 3.5366036 3.2064556 4.0709417 2.8287858 3.8709369 2.6593750 3.8535669 2.2319609 2.6378943 4.4503924 0.0000000 4.3626912 3.6761525 3.6685189 
yHAB164_Kazachstania_aerobia        4.8467089 4.7304611 4.2206629 4.5883803 5.0288352 4.5458991 1.1103272 6.3593642 4.3205816 1.7273189 3.8702477 5.1416448 4.5763730 4.1299615 3.8751845 4.6775437 0.3554881 4.3626912 0.0000000 4.4739576 5.4940069 
yHAB166_Kazachstania_yakushimaensis 3.3459434 3.7459272 3.3448146 3.7663253 4.3338063 3.8126331 3.9390102 5.4507658 3.6059264 3.9331533 3.0566929 4.3824741 3.7048728 1.0725899 3.4174394 3.4829549 4.2130898 3.6761525 4.4739576 0.0000000 4.8782228 
yHMPu5000035629_Yueomyces_sinensis  3.7520926 3.8201026 3.4206735 2.8160739 2.6942296 3.7394978 5.5041747 5.2137340 3.7037700 4.7490668 3.9617853 4.6492235 3.5790673 5.0221694 3.7665704 3.4088925 5.5750071 3.6685189 5.4940069 4.8782228 0.0000000 
