21
Kazachstania_africana               0.0000000 0.8683018 0.5460342 0.6213945 0.8151380 0.6022687 0.6320019 0.9609247 0.5674845 0.6018001 1.3469390 0.8851339 0.7314903 0.8213672 0.5805344 0.5692919 0.6596468 0.6098027 0.6565993 0.8126282 0.7688321 
Kazachstania_naganishii             0.8683018 0.0000000 0.7605232 0.8857342 1.1117958 0.8942310 1.0336337 1.2608924 0.8360236 1.0628449 0.7643515 0.7227083 0.8080923 1.0101683 1.0073151 0.9440297 1.0358269 1.2013224 1.0543320 1.0471136 1.0315850 
Naumovozyma_castellii               0.5460342 0.7605232 0.0000000 0.5992721 0.8820455 0.7073210 0.6880302 0.9516891 0.5786777 0.6011196 1.2619886 0.8717598 0.7310245 0.6839029 0.6580336 0.6490505 0.7043028 0.7250103 0.7031389 0.7320429 0.8493836 
Naumovozyma_dairenensis             0.6213945 0.8857342 0.5992721 0.0000000 0.7675736 0.8055673 0.7086089 1.1221806 0.6742104 0.6531606 1.4546855 0.9914095 0.8895840 0.7372916 0.6457442 0.5707576 0.7468203 0.7916193 0.7657136 0.6969041 0.8495517 
Tetrapisispora_blattae              0.8151380 1.1117958 0.8820455 0.7675736 0.0000000 0.7701388 0.7512843 0.9381189 0.8206970 0.7358183 1.7726702 1.0988027 0.9596293 0.8701531 0.7277593 0.7728223 0.7513737 0.7883026 0.7288069 0.8853398 0.6097057 
yHAB132_Kazachstania_martiniae      0.6022687 0.8942310 0.7073210 0.8055673 0.7701388 0.0000000 0.6946273 0.8754446 0.7231618 0.6979287 1.4776847 0.9551415 0.7964950 0.7307910 0.7252280 0.7068274 0.7244410 0.6486648 0.7353021 0.7599342 0.8152679 
yHAB133_Kazachstania_unispora       0.6320019 1.0336337 0.6880302 0.7086089 0.7512843 0.6946273 0.0000000 0.9284175 0.5900458 0.1830363 1.6661943 0.9930154 0.9223230 0.6304157 0.6663247 0.7153917 0.1554485 0.6668507 0.1556217 0.6069421 0.8477421 
yHAB134_Kazachstania_turicensis     0.9609247 1.2608924 0.9516891 1.1221806 0.9381189 0.8754446 0.9284175 0.0000000 0.8881392 0.8430122 1.6895469 1.2389805 0.8688981 1.1170890 0.7209379 0.8262427 1.0127285 0.6348658 0.9758769 0.9744964 0.8531915 
yHAB136_Kazachstania_bromeliacearum 0.5674845 0.8360236 0.5786777 0.6742104 0.8206970 0.7231618 0.5900458 0.8881392 0.0000000 0.5765696 1.5550057 0.8556288 0.6270929 0.6237018 0.6624472 0.5900887 0.5834851 0.6795453 0.6129374 0.6679278 0.7403421 
yHAB143_Kazachstania_siamensis      0.6018001 1.0628449 0.6011196 0.6531606 0.7358183 0.6979287 0.1830363 0.8430122 0.5765696 0.0000000 1.6222123 0.9057505 0.9185886 0.6366505 0.5988663 0.6895591 0.1928907 0.6058050 0.1903518 0.6395848 0.8237724 
yHAB147_Kazachstania_taianensis     1.3469390 0.7643515 1.2619886 1.4546855 1.7726702 1.4776847 1.6661943 1.6895469 1.5550057 1.6222123 0.0000000 1.0174724 1.0436772 1.4684970 1.5644493 1.4526324 1.4919560 1.5268584 1.5430345 1.5269494 1.7523309 
yHAB148_Kazachstania_intestinalis   0.8851339 0.7227083 0.8717598 0.9914095 1.0988027 0.9551415 0.9930154 1.2389805 0.8556288 0.9057505 1.0174724 0.0000000 1.0031420 0.8991959 1.0088526 0.9316274 0.9589451 1.0482727 0.9666373 0.9700684 1.2349241 
yHAB153_Kazachstania_rosinii        0.7314903 0.8080923 0.7310245 0.8895840 0.9596293 0.7964950 0.9223230 0.8688981 0.6270929 0.9185886 1.0436772 1.0031420 0.0000000 0.8296323 0.6549046 0.7656537 0.8607753 0.6467305 0.8499664 0.9299436 0.8191389 
yHAB154_Kazachstania_transvaalensis 0.8213672 1.0101683 0.6839029 0.7372916 0.8701531 0.7307910 0.6304157 1.1170890 0.6237018 0.6366505 1.4684970 0.8991959 0.8296323 0.0000000 0.8091153 0.8351498 0.6244340 0.8284649 0.6545117 0.3374310 0.9725312 
yHAB155_Kazachstania_spencerorum    0.5805344 1.0073151 0.6580336 0.6457442 0.7277593 0.7252280 0.6663247 0.7209379 0.6624472 0.5988663 1.5644493 1.0088526 0.6549046 0.8091153 0.0000000 0.5919821 0.7008083 0.5587710 0.6864603 0.7835439 0.7509484 
yHAB158_Kazachstania_viticola       0.5692919 0.9440297 0.6490505 0.5707576 0.7728223 0.7068274 0.7153917 0.8262427 0.5900887 0.6895591 1.4526324 0.9316274 0.7656537 0.8351498 0.5919821 0.0000000 0.8068595 0.6857531 0.8051694 0.7678090 0.8281562 
yHAB159_Kazachstania_solicola       0.6596468 1.0358269 0.7043028 0.7468203 0.7513737 0.7244410 0.1554485 1.0127285 0.5834851 0.1928907 1.4919560 0.9589451 0.8607753 0.6244340 0.7008083 0.8068595 0.0000000 0.7152344 0.0514055 0.7553781 0.8155297 
yHAB160_Kazachstania_kunashirensis  0.6098027 1.2013224 0.7250103 0.7916193 0.7883026 0.6486648 0.6668507 0.6348658 0.6795453 0.6058050 1.5268584 1.0482727 0.6467305 0.8284649 0.5587710 0.6857531 0.7152344 0.0000000 0.7266257 0.7777326 0.7349435 
yHAB164_Kazachstania_aerobia        0.6565993 1.0543320 0.7031389 0.7657136 0.7288069 0.7353021 0.1556217 0.9758769 0.6129374 0.1903518 1.5430345 0.9666373 0.8499664 0.6545117 0.6864603 0.8051694 0.0514055 0.7266257 0.0000000 0.7544199 0.8259412 
yHAB166_Kazachstania_yakushimaensis 0.8126282 1.0471136 0.7320429 0.6969041 0.8853398 0.7599342 0.6069421 0.9744964 0.6679278 0.6395848 1.5269494 0.9700684 0.9299436 0.3374310 0.7835439 0.7678090 0.7553781 0.7777326 0.7544199 0.0000000 0.9508827 
yHMPu5000035629_Yueomyces_sinensis  0.7688321 1.0315850 0.8493836 0.8495517 0.6097057 0.8152679 0.8477421 0.8531915 0.7403421 0.8237724 1.7523309 1.2349241 0.8191389 0.9725312 0.7509484 0.8281562 0.8155297 0.7349435 0.8259412 0.9508827 0.0000000 
