21
Kazachstania_africana               0.0000000 1.1673355 0.9566945 0.9338970 1.0895411 0.7664931 0.9522595 0.9484840 0.7605266 0.9024885 0.8955551 1.0401800 0.8102388 0.8696067 0.8399870 0.9403192 0.9668736 0.7820900 0.9168599 0.8215147 1.1034471 
Kazachstania_naganishii             1.1673355 0.0000000 1.1310098 1.1592613 1.6011964 1.1411538 1.1636198 1.1989511 0.9447552 1.1298978 1.0134844 1.0962000 0.9054488 1.1203167 1.0315455 1.2282399 1.1497338 1.2446824 1.1466941 1.1346684 1.6358786 
Naumovozyma_castellii               0.9566945 1.1310098 0.0000000 0.6714351 1.0963936 0.7789537 0.9300593 0.9436239 0.7246556 0.9204330 0.8459851 0.9953559 0.8028082 0.9698534 0.7692989 0.9017854 0.9883034 0.7311780 0.8945886 0.9510183 1.1486154 
Naumovozyma_dairenensis             0.9338970 1.1592613 0.6714351 0.0000000 1.0375359 0.8417675 0.9176221 0.9738242 0.8157066 0.9080010 0.8610823 1.0965891 0.7918610 0.9769184 0.7431871 0.8966203 0.9026204 0.8131153 0.8843877 0.8684076 1.2060548 
Tetrapisispora_blattae              1.0895411 1.6011964 1.0963936 1.0375359 0.0000000 1.0693057 1.0681988 1.1395829 1.0296413 1.1901006 1.2068035 1.3908219 1.1411831 1.1076641 1.0269597 1.1290539 1.1313870 1.0784633 1.0707624 1.0281972 0.5944908 
yHAB132_Kazachstania_martiniae      0.7664931 1.1411538 0.7789537 0.8417675 1.0693057 0.0000000 0.7865301 0.9508698 0.6526161 0.7790358 0.8031719 0.9488367 0.7502512 0.7855228 0.6663565 0.7565705 0.8122149 0.7000558 0.7908105 0.7692289 1.2154945 
yHAB133_Kazachstania_unispora       0.9522595 1.1636198 0.9300593 0.9176221 1.0681988 0.7865301 0.0000000 0.8947860 0.6330414 0.2914088 0.7975271 1.1330562 0.8820773 0.7728283 0.8242512 0.8423169 0.2256926 0.7540504 0.2212264 0.7129544 1.1285281 
yHAB134_Kazachstania_turicensis     0.9484840 1.1989511 0.9436239 0.9738242 1.1395829 0.9508698 0.8947860 0.0000000 0.8260855 0.9045712 0.9297620 1.0045338 0.7918150 0.8667497 0.7107974 0.9293743 0.9245913 0.5867960 0.8588291 0.8280340 1.2530366 
yHAB136_Kazachstania_bromeliacearum 0.7605266 0.9447552 0.7246556 0.8157066 1.0296413 0.6526161 0.6330414 0.8260855 0.0000000 0.6947140 0.6769547 0.9153515 0.6585670 0.7280924 0.6313081 0.6784590 0.7421187 0.6380410 0.7022900 0.6584730 0.9973598 
yHAB143_Kazachstania_siamensis      0.9024885 1.1298978 0.9204330 0.9080010 1.1901006 0.7790358 0.2914088 0.9045712 0.6947140 0.0000000 0.7284891 1.0842781 0.8632866 0.7611590 0.8132613 0.8601066 0.3679000 0.7381990 0.3650186 0.7458833 1.1785027 
yHAB147_Kazachstania_taianensis     0.8955551 1.0134844 0.8459851 0.8610823 1.2068035 0.8031719 0.7975271 0.9297620 0.6769547 0.7284891 0.0000000 0.9292357 0.7727128 0.8207033 0.7552905 0.8456181 0.7906849 0.7668552 0.8136249 0.7982795 1.1950506 
yHAB148_Kazachstania_intestinalis   1.0401800 1.0962000 0.9953559 1.0965891 1.3908219 0.9488367 1.1330562 1.0045338 0.9153515 1.0842781 0.9292357 0.0000000 0.9582444 1.0816729 0.9705102 1.0184759 1.1601862 1.0721176 1.1310649 1.0033653 1.4429692 
yHAB153_Kazachstania_rosinii        0.8102388 0.9054488 0.8028082 0.7918610 1.1411831 0.7502512 0.8820773 0.7918150 0.6585670 0.8632866 0.7727128 0.9582444 0.0000000 0.9068516 0.5608785 0.7058043 0.9136173 0.6660714 0.8855726 0.8362214 1.2006786 
yHAB154_Kazachstania_transvaalensis 0.8696067 1.1203167 0.9698534 0.9769184 1.1076641 0.7855228 0.7728283 0.8667497 0.7280924 0.7611590 0.8207033 1.0816729 0.9068516 0.0000000 0.7478991 0.9108491 0.8074597 0.7233981 0.7605079 0.3037262 1.1732850 
yHAB155_Kazachstania_spencerorum    0.8399870 1.0315455 0.7692989 0.7431871 1.0269597 0.6663565 0.8242512 0.7107974 0.6313081 0.8132613 0.7552905 0.9705102 0.5608785 0.7478991 0.0000000 0.8142078 0.8547863 0.6020890 0.8324247 0.7005645 1.0802181 
yHAB158_Kazachstania_viticola       0.9403192 1.2282399 0.9017854 0.8966203 1.1290539 0.7565705 0.8423169 0.9293743 0.6784590 0.8601066 0.8456181 1.0184759 0.7058043 0.9108491 0.8142078 0.0000000 0.8729948 0.7166151 0.8489567 0.8306576 1.1321777 
yHAB159_Kazachstania_solicola       0.9668736 1.1497338 0.9883034 0.9026204 1.1313870 0.8122149 0.2256926 0.9245913 0.7421187 0.3679000 0.7906849 1.1601862 0.9136173 0.8074597 0.8547863 0.8729948 0.0000000 0.8404972 0.0822363 0.7926900 1.2737946 
yHAB160_Kazachstania_kunashirensis  0.7820900 1.2446824 0.7311780 0.8131153 1.0784633 0.7000558 0.7540504 0.5867960 0.6380410 0.7381990 0.7668552 1.0721176 0.6660714 0.7233981 0.6020890 0.7166151 0.8404972 0.0000000 0.7721862 0.7307628 1.1492913 
yHAB164_Kazachstania_aerobia        0.9168599 1.1466941 0.8945886 0.8843877 1.0707624 0.7908105 0.2212264 0.8588291 0.7022900 0.3650186 0.8136249 1.1310649 0.8855726 0.7605079 0.8324247 0.8489567 0.0822363 0.7721862 0.0000000 0.7085996 1.1470681 
yHAB166_Kazachstania_yakushimaensis 0.8215147 1.1346684 0.9510183 0.8684076 1.0281972 0.7692289 0.7129544 0.8280340 0.6584730 0.7458833 0.7982795 1.0033653 0.8362214 0.3037262 0.7005645 0.8306576 0.7926900 0.7307628 0.7085996 0.0000000 1.1508677 
yHMPu5000035629_Yueomyces_sinensis  1.1034471 1.6358786 1.1486154 1.2060548 0.5944908 1.2154945 1.1285281 1.2530366 0.9973598 1.1785027 1.1950506 1.4429692 1.2006786 1.1732850 1.0802181 1.1321777 1.2737946 1.1492913 1.1470681 1.1508677 0.0000000 
