21
Kazachstania_africana               0.0000000 2.6593584 2.8875222 2.6323609 5.5718050 2.4374958 3.1049496 2.4332093 2.3562261 3.0538635 2.9670573 4.0166958 1.8993411 5.1436017 2.0887579 2.7925705 3.0208306 2.5875364 3.2093210 4.7562088 4.9341637 
Kazachstania_naganishii             2.6593584 0.0000000 2.6221084 2.3455118 5.4554593 2.4664288 2.5650569 2.6000778 2.0707614 2.4409136 2.2702041 3.8547341 2.2587497 5.7687118 2.1837299 2.6169744 2.6092000 2.4439903 2.5195529 4.4766100 4.7345233 
Naumovozyma_castellii               2.8875222 2.6221084 0.0000000 1.5933911 4.9265829 2.3510696 2.7918614 2.3749181 2.4674077 2.9521241 3.0242584 4.2917025 2.4092246 6.0885584 2.2307265 2.7049324 2.8982389 2.2800302 2.9426599 5.3307975 4.2161341 
Naumovozyma_dairenensis             2.6323609 2.3455118 1.5933911 0.0000000 4.7621110 2.2993003 3.0681319 2.2290715 2.4121601 2.8586685 2.8632107 3.7100765 2.0087929 5.0943471 1.9893282 2.2850530 3.1197459 2.0437161 3.4986860 5.1442059 4.2923049 
Tetrapisispora_blattae              5.5718050 5.4554593 4.9265829 4.7621110 0.0000000 4.8123440 5.4334456 4.8816447 3.8793577 5.0674443 5.4039771 6.3935187 4.7841647 7.3644279 5.0265671 5.0778020 5.4569376 4.9030088 5.6023448 7.5831674 4.1679868 
yHAB132_Kazachstania_martiniae      2.4374958 2.4664288 2.3510696 2.2993003 4.8123440 0.0000000 2.8216372 2.0203394 2.0338865 2.3714798 2.6075230 3.8673587 1.8397212 5.3572920 1.9430008 2.4609883 2.6261194 1.8720673 2.7839794 4.7386017 4.6015664 
yHAB133_Kazachstania_unispora       3.1049496 2.5650569 2.7918614 3.0681319 5.4334456 2.8216372 0.0000000 2.4566098 2.1035667 1.0178614 2.6344688 3.9901388 2.3685112 5.1779258 2.7161465 2.6339999 0.5820487 2.3867390 0.6265195 4.6209609 5.1377747 
yHAB134_Kazachstania_turicensis     2.4332093 2.6000778 2.3749181 2.2290715 4.8816447 2.0203394 2.4566098 0.0000000 2.2295886 2.6754330 2.8643948 3.6401909 1.3943330 4.8285040 1.5906840 1.8598421 2.4812685 1.2670551 2.6204707 4.8586492 5.8223251 
yHAB136_Kazachstania_bromeliacearum 2.3562261 2.0707614 2.4674077 2.4121601 3.8793577 2.0338865 2.1035667 2.2295886 0.0000000 2.1535536 2.1064792 3.2569842 1.8157796 5.5676974 1.9752138 2.1035055 2.1167690 2.0656291 2.2357221 4.3784308 4.2640678 
yHAB143_Kazachstania_siamensis      3.0538635 2.4409136 2.9521241 2.8586685 5.0674443 2.3714798 1.0178614 2.6754330 2.1535536 0.0000000 2.6843777 4.1032293 2.7598639 4.0025188 2.5192786 2.7040131 1.0450907 2.3792383 1.1414755 4.5551482 4.8903016 
yHAB147_Kazachstania_taianensis     2.9670573 2.2702041 3.0242584 2.8632107 5.4039771 2.6075230 2.6344688 2.8643948 2.1064792 2.6843777 0.0000000 3.6864918 2.3631677 4.0015800 2.5237480 2.9620251 2.5874759 2.5107049 2.6457936 4.3714291 5.1938794 
yHAB148_Kazachstania_intestinalis   4.0166958 3.8547341 4.2917025 3.7100765 6.3935187 3.8673587 3.9901388 3.6401909 3.2569842 4.1032293 3.6864918 0.0000000 3.1309691 5.0560570 2.8628905 3.2966600 4.2625526 3.2910608 4.7740709 5.4872072 5.9947193 
yHAB153_Kazachstania_rosinii        1.8993411 2.2587497 2.4092246 2.0087929 4.7841647 1.8397212 2.3685112 1.3943330 1.8157796 2.7598639 2.3631677 3.1309691 0.0000000 4.3439352 1.3906581 1.7675409 2.4475184 1.4012339 2.4927425 4.4402121 5.6717358 
yHAB154_Kazachstania_transvaalensis 5.1436017 5.7687118 6.0885584 5.0943471 7.3644279 5.3572920 5.1779258 4.8285040 5.5676974 4.0025188 4.0015800 5.0560570 4.3439352 0.0000000 4.8631028 5.1040167 5.1977094 4.8519394 5.6422437 1.1446229 6.0699886 
yHAB155_Kazachstania_spencerorum    2.0887579 2.1837299 2.2307265 1.9893282 5.0265671 1.9430008 2.7161465 1.5906840 1.9752138 2.5192786 2.5237480 2.8628905 1.3906581 4.8631028 0.0000000 1.9175563 2.6292650 1.4603374 2.7419126 4.2069416 5.2052328 
yHAB158_Kazachstania_viticola       2.7925705 2.6169744 2.7049324 2.2850530 5.0778020 2.4609883 2.6339999 1.8598421 2.1035055 2.7040131 2.9620251 3.2966600 1.7675409 5.1040167 1.9175563 0.0000000 2.6880059 1.8350822 2.7201348 4.8884890 4.9200736 
yHAB159_Kazachstania_solicola       3.0208306 2.6092000 2.8982389 3.1197459 5.4569376 2.6261194 0.5820487 2.4812685 2.1167690 1.0450907 2.5874759 4.2625526 2.4475184 5.1977094 2.6292650 2.6880059 0.0000000 2.5171879 0.2039031 4.6346515 5.6706476 
yHAB160_Kazachstania_kunashirensis  2.5875364 2.4439903 2.2800302 2.0437161 4.9030088 1.8720673 2.3867390 1.2670551 2.0656291 2.3792383 2.5107049 3.2910608 1.4012339 4.8519394 1.4603374 1.8350822 2.5171879 0.0000000 2.6027838 4.3108732 5.2587780 
yHAB164_Kazachstania_aerobia        3.2093210 2.5195529 2.9426599 3.4986860 5.6023448 2.7839794 0.6265195 2.6204707 2.2357221 1.1414755 2.6457936 4.7740709 2.4927425 5.6422437 2.7419126 2.7201348 0.2039031 2.6027838 0.0000000 5.1021189 5.2590774 
yHAB166_Kazachstania_yakushimaensis 4.7562088 4.4766100 5.3307975 5.1442059 7.5831674 4.7386017 4.6209609 4.8586492 4.3784308 4.5551482 4.3714291 5.4872072 4.4402121 1.1446229 4.2069416 4.8884890 4.6346515 4.3108732 5.1021189 0.0000000 7.2926594 
yHMPu5000035629_Yueomyces_sinensis  4.9341637 4.7345233 4.2161341 4.2923049 4.1679868 4.6015664 5.1377747 5.8223251 4.2640678 4.8903016 5.1938794 5.9947193 5.6717358 6.0699886 5.2052328 4.9200736 5.6706476 5.2587780 5.2590774 7.2926594 0.0000000 
