21
Kazachstania_africana               0.0000000 0.6476701 0.4071819 0.3995063 0.4960507 0.3802844 0.4153304 0.4506669 0.3556534 0.4163653 0.7408602 0.6825208 0.4120021 0.4713202 0.4004282 0.3990517 0.4425573 0.4410891 0.4499360 0.4680085 0.5155092 
Kazachstania_naganishii             0.6476701 0.0000000 0.6096150 0.6567653 0.8354010 0.7179124 0.7270720 0.7808334 0.6347548 0.7297578 0.4916898 0.6529543 0.6371925 0.7160227 0.8095019 0.7085346 0.6721855 0.7552467 0.7581519 0.7467021 0.8878356 
Naumovozyma_castellii               0.4071819 0.6096150 0.0000000 0.3526229 0.5147542 0.3881234 0.4227976 0.4907858 0.3543209 0.4400714 0.6734043 0.5740437 0.4566588 0.4774739 0.4091268 0.4111646 0.3923961 0.4233279 0.3896605 0.4728479 0.5960893 
Naumovozyma_dairenensis             0.3995063 0.6567653 0.3526229 0.0000000 0.4778276 0.4500530 0.4432000 0.4609661 0.3755502 0.4129358 0.7535421 0.6107863 0.5025883 0.4751747 0.4476358 0.4710996 0.4924238 0.4595318 0.4637189 0.4617728 0.5654257 
Tetrapisispora_blattae              0.4960507 0.8354010 0.5147542 0.4778276 0.0000000 0.4605852 0.4969892 0.5320825 0.4315345 0.4940776 0.7709083 0.6716336 0.4887611 0.5127227 0.4810160 0.5030875 0.5406179 0.4614990 0.4875137 0.4908542 0.4735327 
yHAB132_Kazachstania_martiniae      0.3802844 0.7179124 0.3881234 0.4500530 0.4605852 0.0000000 0.3204175 0.4324426 0.3567099 0.3605250 0.6448445 0.6347038 0.4512821 0.4799204 0.4084415 0.4418482 0.3534439 0.3652776 0.3242744 0.4361419 0.5422964 
yHAB133_Kazachstania_unispora       0.4153304 0.7270720 0.4227976 0.4432000 0.4969892 0.3204175 0.0000000 0.4469962 0.2990069 0.1546716 0.8360515 0.6595243 0.4696079 0.3119191 0.4153381 0.4004163 0.1333371 0.3820199 0.1164074 0.3486805 0.5180812 
yHAB134_Kazachstania_turicensis     0.4506669 0.7808334 0.4907858 0.4609661 0.5320825 0.4324426 0.4469962 0.0000000 0.4484497 0.5130452 0.7289242 0.6279287 0.4724297 0.5266757 0.4413343 0.4825587 0.4903070 0.3313411 0.4846835 0.5111962 0.6275134 
yHAB136_Kazachstania_bromeliacearum 0.3556534 0.6347548 0.3543209 0.3755502 0.4315345 0.3567099 0.2990069 0.4484497 0.0000000 0.3342835 0.6909779 0.6147106 0.4015273 0.3344150 0.3851917 0.3593212 0.3477086 0.3748214 0.3234687 0.3861323 0.5260189 
yHAB143_Kazachstania_siamensis      0.4163653 0.7297578 0.4400714 0.4129358 0.4940776 0.3605250 0.1546716 0.5130452 0.3342835 0.0000000 0.7898880 0.7133930 0.4825428 0.3197930 0.3862898 0.4206519 0.2092535 0.4249648 0.2108885 0.3422364 0.5420867 
yHAB147_Kazachstania_taianensis     0.7408602 0.4916898 0.6734043 0.7535421 0.7709083 0.6448445 0.8360515 0.7289242 0.6909779 0.7898880 0.0000000 0.5831951 0.5973370 0.7091600 0.8318352 0.7473921 0.6557844 0.7719431 0.7808763 0.7761802 1.0252283 
yHAB148_Kazachstania_intestinalis   0.6825208 0.6529543 0.5740437 0.6107863 0.6716336 0.6347038 0.6595243 0.6279287 0.6147106 0.7133930 0.5831951 0.0000000 0.5862505 0.6409220 0.7101336 0.6270787 0.6243533 0.6376117 0.6748024 0.6415939 0.8833270 
yHAB153_Kazachstania_rosinii        0.4120021 0.6371925 0.4566588 0.5025883 0.4887611 0.4512821 0.4696079 0.4724297 0.4015273 0.4825428 0.5973370 0.5862505 0.0000000 0.5353350 0.4217125 0.4291578 0.4846139 0.3766307 0.4869880 0.5291879 0.6298488 
yHAB154_Kazachstania_transvaalensis 0.4713202 0.7160227 0.4774739 0.4751747 0.5127227 0.4799204 0.3119191 0.5266757 0.3344150 0.3197930 0.7091600 0.6409220 0.5353350 0.0000000 0.4040439 0.4621195 0.3609173 0.4989936 0.3574293 0.1731925 0.6024104 
yHAB155_Kazachstania_spencerorum    0.4004282 0.8095019 0.4091268 0.4476358 0.4810160 0.4084415 0.4153381 0.4413343 0.3851917 0.3862898 0.8318352 0.7101336 0.4217125 0.4040439 0.0000000 0.4115471 0.4430485 0.3650849 0.4053308 0.3781913 0.5479849 
yHAB158_Kazachstania_viticola       0.3990517 0.7085346 0.4111646 0.4710996 0.5030875 0.4418482 0.4004163 0.4825587 0.3593212 0.4206519 0.7473921 0.6270787 0.4291578 0.4621195 0.4115471 0.0000000 0.4038008 0.4436322 0.4132190 0.4610596 0.5803151 
yHAB159_Kazachstania_solicola       0.4425573 0.6721855 0.3923961 0.4924238 0.5406179 0.3534439 0.1333371 0.4903070 0.3477086 0.2092535 0.6557844 0.6243533 0.4846139 0.3609173 0.4430485 0.4038008 0.0000000 0.4194195 0.0654408 0.3970027 0.5423727 
yHAB160_Kazachstania_kunashirensis  0.4410891 0.7552467 0.4233279 0.4595318 0.4614990 0.3652776 0.3820199 0.3313411 0.3748214 0.4249648 0.7719431 0.6376117 0.3766307 0.4989936 0.3650849 0.4436322 0.4194195 0.0000000 0.4040559 0.4827503 0.5345271 
yHAB164_Kazachstania_aerobia        0.4499360 0.7581519 0.3896605 0.4637189 0.4875137 0.3242744 0.1164074 0.4846835 0.3234687 0.2108885 0.7808763 0.6748024 0.4869880 0.3574293 0.4053308 0.4132190 0.0654408 0.4040559 0.0000000 0.3689191 0.5266502 
yHAB166_Kazachstania_yakushimaensis 0.4680085 0.7467021 0.4728479 0.4617728 0.4908542 0.4361419 0.3486805 0.5111962 0.3861323 0.3422364 0.7761802 0.6415939 0.5291879 0.1731925 0.3781913 0.4610596 0.3970027 0.4827503 0.3689191 0.0000000 0.5732043 
yHMPu5000035629_Yueomyces_sinensis  0.5155092 0.8878356 0.5960893 0.5654257 0.4735327 0.5422964 0.5180812 0.6275134 0.5260189 0.5420867 1.0252283 0.8833270 0.6298488 0.6024104 0.5479849 0.5803151 0.5423727 0.5345271 0.5266502 0.5732043 0.0000000 
