21
Kazachstania_africana               0.0000000 0.0821074 0.0603046 0.0500330 0.0598197 0.0336893 0.0510275 0.0426080 0.0410597 0.0406495 0.0527826 0.0736211 0.0541238 0.0372993 0.0674855 0.0317829 0.0472870 0.0358234 0.0575491 0.0388344 0.0562836 
Kazachstania_naganishii             0.0821074 0.0000000 0.0514889 0.0764529 0.0914881 0.0873384 0.0685554 0.0722371 0.0549682 0.0666029 0.0573410 0.0581033 0.0656492 0.0749523 0.1094016 0.0803029 0.0471184 0.0755447 0.0597560 0.0750708 0.0991665 
Naumovozyma_castellii               0.0603046 0.0514889 0.0000000 0.0295393 0.0603539 0.0554667 0.0570176 0.0589197 0.0401155 0.0537863 0.0445599 0.0535038 0.0618120 0.0623897 0.0869475 0.0523362 0.0471604 0.0581634 0.0578465 0.0520874 0.0672205 
Naumovozyma_dairenensis             0.0500330 0.0764529 0.0295393 0.0000000 0.0537783 0.0333395 0.0427019 0.0425168 0.0334082 0.0327541 0.0402179 0.0604326 0.0719441 0.0449397 0.0634699 0.0395028 0.0527241 0.0477478 0.0608980 0.0446060 0.0604942 
Tetrapisispora_blattae              0.0598197 0.0914881 0.0603539 0.0537783 0.0000000 0.0539697 0.0642571 0.0539110 0.0496013 0.0532952 0.0506828 0.0719754 0.0796045 0.0486487 0.0862260 0.0490803 0.0657872 0.0570163 0.0744159 0.0518905 0.0295306 
yHAB132_Kazachstania_martiniae      0.0336893 0.0873384 0.0554667 0.0333395 0.0539697 0.0000000 0.0464010 0.0359099 0.0357569 0.0326892 0.0382740 0.0613622 0.0526896 0.0358896 0.0568951 0.0176145 0.0524919 0.0405586 0.0576907 0.0348924 0.0516289 
yHAB133_Kazachstania_unispora       0.0510275 0.0685554 0.0570176 0.0427019 0.0642571 0.0464010 0.0000000 0.0338337 0.0336276 0.0171953 0.0511497 0.0681000 0.0741215 0.0259282 0.0456256 0.0464041 0.0316816 0.0428520 0.0246064 0.0299310 0.0700619 
yHAB134_Kazachstania_turicensis     0.0426080 0.0722371 0.0589197 0.0425168 0.0539110 0.0359099 0.0338337 0.0000000 0.0321634 0.0243281 0.0382926 0.0573122 0.0545816 0.0300254 0.0537735 0.0345308 0.0429047 0.0257450 0.0470306 0.0323381 0.0579271 
yHAB136_Kazachstania_bromeliacearum 0.0410597 0.0549682 0.0401155 0.0334082 0.0496013 0.0357569 0.0336276 0.0321634 0.0000000 0.0259459 0.0276645 0.0507686 0.0551681 0.0307485 0.0575245 0.0326943 0.0331374 0.0390082 0.0391931 0.0327071 0.0613567 
yHAB143_Kazachstania_siamensis      0.0406495 0.0666029 0.0537863 0.0327541 0.0532952 0.0326892 0.0171953 0.0243281 0.0259459 0.0000000 0.0341647 0.0560490 0.0637195 0.0188077 0.0499658 0.0320575 0.0335965 0.0344750 0.0335514 0.0226782 0.0596311 
yHAB147_Kazachstania_taianensis     0.0527826 0.0573410 0.0445599 0.0402179 0.0506828 0.0382740 0.0511497 0.0382926 0.0276645 0.0341647 0.0000000 0.0460406 0.0472486 0.0403945 0.0683886 0.0334630 0.0407343 0.0463512 0.0588484 0.0448152 0.0650335 
yHAB148_Kazachstania_intestinalis   0.0736211 0.0581033 0.0535038 0.0604326 0.0719754 0.0613622 0.0681000 0.0573122 0.0507686 0.0560490 0.0460406 0.0000000 0.0710643 0.0690165 0.0900684 0.0613846 0.0558808 0.0650745 0.0684832 0.0690085 0.0847411 
yHAB153_Kazachstania_rosinii        0.0541238 0.0656492 0.0618120 0.0719441 0.0796045 0.0526896 0.0741215 0.0545816 0.0551681 0.0637195 0.0472486 0.0710643 0.0000000 0.0674313 0.0764127 0.0514659 0.0509352 0.0563723 0.0678670 0.0660179 0.0782614 
yHAB154_Kazachstania_transvaalensis 0.0372993 0.0749523 0.0623897 0.0449397 0.0486487 0.0358896 0.0259282 0.0300254 0.0307485 0.0188077 0.0403945 0.0690165 0.0674313 0.0000000 0.0462961 0.0276940 0.0400175 0.0406390 0.0383553 0.0136206 0.0558371 
yHAB155_Kazachstania_spencerorum    0.0674855 0.1094016 0.0869475 0.0634699 0.0862260 0.0568951 0.0456256 0.0537735 0.0575245 0.0499658 0.0683886 0.0900684 0.0764127 0.0462961 0.0000000 0.0538509 0.0669824 0.0549015 0.0517070 0.0559753 0.0961227 
yHAB158_Kazachstania_viticola       0.0317829 0.0803029 0.0523362 0.0395028 0.0490803 0.0176145 0.0464041 0.0345308 0.0326943 0.0320575 0.0334630 0.0613846 0.0514659 0.0276940 0.0538509 0.0000000 0.0522814 0.0412373 0.0585062 0.0274201 0.0472281 
yHAB159_Kazachstania_solicola       0.0472870 0.0471184 0.0471604 0.0527241 0.0657872 0.0524919 0.0316816 0.0429047 0.0331374 0.0335965 0.0407343 0.0558808 0.0509352 0.0400175 0.0669824 0.0522814 0.0000000 0.0451614 0.0228346 0.0436974 0.0754159 
yHAB160_Kazachstania_kunashirensis  0.0358234 0.0755447 0.0581634 0.0477478 0.0570163 0.0405586 0.0428520 0.0257450 0.0390082 0.0344750 0.0463512 0.0650745 0.0563723 0.0406390 0.0549015 0.0412373 0.0451614 0.0000000 0.0520957 0.0408702 0.0632955 
yHAB164_Kazachstania_aerobia        0.0575491 0.0597560 0.0578465 0.0608980 0.0744159 0.0576907 0.0246064 0.0470306 0.0391931 0.0335514 0.0588484 0.0684832 0.0678670 0.0383553 0.0517070 0.0585062 0.0228346 0.0520957 0.0000000 0.0399179 0.0822913 
yHAB166_Kazachstania_yakushimaensis 0.0388344 0.0750708 0.0520874 0.0446060 0.0518905 0.0348924 0.0299310 0.0323381 0.0327071 0.0226782 0.0448152 0.0690085 0.0660179 0.0136206 0.0559753 0.0274201 0.0436974 0.0408702 0.0399179 0.0000000 0.0535286 
yHMPu5000035629_Yueomyces_sinensis  0.0562836 0.0991665 0.0672205 0.0604942 0.0295306 0.0516289 0.0700619 0.0579271 0.0613567 0.0596311 0.0650335 0.0847411 0.0782614 0.0558371 0.0961227 0.0472281 0.0754159 0.0632955 0.0822913 0.0535286 0.0000000 
