21
Kazachstania_africana               0.0000000 1.9422351 0.9965137 1.0572685 1.2519644 0.8888591 1.4391466 1.0321721 1.3484799 1.5015217 1.6518111 1.1960225 0.8484683 1.5247520 0.9658046 0.8647188 1.4607563 0.9199522 1.4581470 1.4093401 1.1240141 
Kazachstania_naganishii             1.9422351 0.0000000 1.9690793 1.8292565 1.9937861 1.8759725 2.0522415 1.8793585 1.6308434 1.8070936 1.3269424 1.8130960 2.0227269 2.0835500 2.1999069 1.8839497 1.8108524 2.3021222 1.9119482 2.0970581 2.1186139 
Naumovozyma_castellii               0.9965137 1.9690793 0.0000000 0.7926024 1.1153918 0.9058153 1.5911171 1.1638062 1.3751888 1.5435261 1.3941912 1.1833179 0.8512789 1.4983535 1.0856206 0.8940630 1.6183797 1.0100933 1.6585561 1.4059666 1.1530599 
Naumovozyma_dairenensis             1.0572685 1.8292565 0.7926024 0.0000000 1.1260345 1.0208880 1.5820784 1.1782892 1.3096984 1.5252881 1.4653827 1.1707157 0.8480569 1.5258498 1.0791256 0.9014995 1.5493340 0.9703662 1.6074757 1.5193842 1.1257565 
Tetrapisispora_blattae              1.2519644 1.9937861 1.1153918 1.1260345 0.0000000 1.1762955 1.6402281 1.2983516 1.5525809 1.5908229 1.6387346 1.2766718 1.1961254 1.6357638 1.3197046 1.1247827 1.6245267 1.1786786 1.6040173 1.6272465 0.8130626 
yHAB132_Kazachstania_martiniae      0.8888591 1.8759725 0.9058153 1.0208880 1.1762955 0.0000000 1.4546502 1.0309421 1.3044843 1.4610461 1.5636466 1.0117288 0.7673140 1.4942004 1.0159952 0.7798488 1.4227278 0.9256858 1.4048531 1.3761030 1.2571420 
yHAB133_Kazachstania_unispora       1.4391466 2.0522415 1.5911171 1.5820784 1.6402281 1.4546502 0.0000000 1.4540850 1.5041243 0.4947453 1.7587068 1.5832407 1.5123289 1.4124966 1.4087408 1.5190579 0.2906310 1.3920249 0.2448077 1.4281970 1.5612584 
yHAB134_Kazachstania_turicensis     1.0321721 1.8793585 1.1638062 1.1782892 1.2983516 1.0309421 1.4540850 0.0000000 1.4509338 1.6573447 1.4395302 1.0862751 0.9838615 1.4803766 1.0772363 1.0516221 1.4812471 0.7544969 1.4922697 1.3683613 1.3198168 
yHAB136_Kazachstania_bromeliacearum 1.3484799 1.6308434 1.3751888 1.3096984 1.5525809 1.3044843 1.5041243 1.4509338 0.0000000 1.2660890 1.4159200 1.3052490 1.3159690 1.5421252 1.4523963 1.3266870 1.4467158 1.3349252 1.4334651 1.3266227 1.5726929 
yHAB143_Kazachstania_siamensis      1.5015217 1.8070936 1.5435261 1.5252881 1.5908229 1.4610461 0.4947453 1.6573447 1.2660890 0.0000000 1.4949407 1.4102608 1.4221267 1.2274599 1.5335380 1.5140876 0.4923987 1.4067388 0.4558911 1.2210786 1.6033323 
yHAB147_Kazachstania_taianensis     1.6518111 1.3269424 1.3941912 1.4653827 1.6387346 1.5636466 1.7587068 1.4395302 1.4159200 1.4949407 0.0000000 1.2766479 1.4766013 1.6346160 1.8589999 1.4420658 1.5742671 1.7088304 1.7092364 1.7255864 1.7130124 
yHAB148_Kazachstania_intestinalis   1.1960225 1.8130960 1.1833179 1.1707157 1.2766718 1.0117288 1.5832407 1.0862751 1.3052490 1.4102608 1.2766479 0.0000000 1.0058710 1.6220091 1.1546983 1.0658303 1.5039399 1.1310647 1.4719652 1.4882076 1.3761381 
yHAB153_Kazachstania_rosinii        0.8484683 2.0227269 0.8512789 0.8480569 1.1961254 0.7673140 1.5123289 0.9838615 1.3159690 1.4221267 1.4766013 1.0058710 0.0000000 1.4427981 0.9736075 0.8119776 1.5231329 0.7176289 1.4814991 1.3090000 1.1692233 
yHAB154_Kazachstania_transvaalensis 1.5247520 2.0835500 1.4983535 1.5258498 1.6357638 1.4942004 1.4124966 1.4803766 1.5421252 1.2274599 1.6346160 1.6220091 1.4427981 0.0000000 1.5738609 1.4529104 1.3077969 1.4538509 1.3490898 0.4141930 1.6431750 
yHAB155_Kazachstania_spencerorum    0.9658046 2.1999069 1.0856206 1.0791256 1.3197046 1.0159952 1.4087408 1.0772363 1.4523963 1.5335380 1.8589999 1.1546983 0.9736075 1.5738609 0.0000000 1.0130947 1.4351540 0.9279497 1.4312289 1.3659880 1.3003774 
yHAB158_Kazachstania_viticola       0.8647188 1.8839497 0.8940630 0.9014995 1.1247827 0.7798488 1.5190579 1.0516221 1.3266870 1.5140876 1.4420658 1.0658303 0.8119776 1.4529104 1.0130947 0.0000000 1.5905755 0.9160655 1.5705023 1.3573794 1.2932435 
yHAB159_Kazachstania_solicola       1.4607563 1.8108524 1.6183797 1.5493340 1.6245267 1.4227278 0.2906310 1.4812471 1.4467158 0.4923987 1.5742671 1.5039399 1.5231329 1.3077969 1.4351540 1.5905755 0.0000000 1.4321164 0.1183629 1.4601717 1.5947631 
yHAB160_Kazachstania_kunashirensis  0.9199522 2.3021222 1.0100933 0.9703662 1.1786786 0.9256858 1.3920249 0.7544969 1.3349252 1.4067388 1.7088304 1.1310647 0.7176289 1.4538509 0.9279497 0.9160655 1.4321164 0.0000000 1.4058565 1.3809312 1.1023653 
yHAB164_Kazachstania_aerobia        1.4581470 1.9119482 1.6585561 1.6074757 1.6040173 1.4048531 0.2448077 1.4922697 1.4334651 0.4558911 1.7092364 1.4719652 1.4814991 1.3490898 1.4312289 1.5705023 0.1183629 1.4058565 0.0000000 1.4222739 1.5924932 
yHAB166_Kazachstania_yakushimaensis 1.4093401 2.0970581 1.4059666 1.5193842 1.6272465 1.3761030 1.4281970 1.3683613 1.3266227 1.2210786 1.7255864 1.4882076 1.3090000 0.4141930 1.3659880 1.3573794 1.4601717 1.3809312 1.4222739 0.0000000 1.4581005 
yHMPu5000035629_Yueomyces_sinensis  1.1240141 2.1186139 1.1530599 1.1257565 0.8130626 1.2571420 1.5612584 1.3198168 1.5726929 1.6033323 1.7130124 1.3761381 1.1692233 1.6431750 1.3003774 1.2932435 1.5947631 1.1023653 1.5924932 1.4581005 0.0000000 
