21
Kazachstania_africana               0.0000000 1.3270249 1.3250152 1.2131388 1.9985203 1.1170950 1.7382379 1.0851346 1.2610200 1.4221656 1.0785823 1.8015221 1.1099248 1.5778940 1.0720303 1.0791828 1.5804836 1.1451047 1.6559349 1.4762112 1.7907933 
Kazachstania_naganishii             1.3270249 0.0000000 1.6259238 1.4966730 2.2360672 1.4333076 1.6395064 1.5958630 1.0668583 1.4961486 1.1105052 1.5284779 1.3018888 1.5200760 1.4124492 1.3178126 1.5308082 1.5697935 1.6263770 1.5494016 2.6789848 
Naumovozyma_castellii               1.3250152 1.6259238 0.0000000 0.9677296 2.2025770 1.3841966 1.7397923 1.4406738 1.3377931 1.6982084 1.4247714 2.0987568 1.3688635 1.4785597 1.3088122 1.3864941 1.8079458 1.3437744 1.7429413 1.6421293 2.1746428 
Naumovozyma_dairenensis             1.2131388 1.4966730 0.9677296 0.0000000 2.0479292 1.3595511 1.5162140 1.2944470 1.2091482 1.5361707 1.3983418 2.2254516 1.3778182 1.7332949 1.2566095 1.2910781 1.4798914 1.3671533 1.5491389 1.5724812 2.2747391 
Tetrapisispora_blattae              1.9985203 2.2360672 2.2025770 2.0479292 0.0000000 2.1294715 2.1914173 1.9136626 2.1411026 2.1210262 2.0241987 2.5323329 2.0629009 2.2041519 2.2041761 2.1508012 2.4171348 1.8511765 2.4779426 2.2221477 1.4773554 
yHAB132_Kazachstania_martiniae      1.1170950 1.4333076 1.3841966 1.3595511 2.1294715 0.0000000 1.3805748 1.4606112 1.0410473 1.1447332 1.1428376 1.7727064 1.1405862 1.4821297 1.1360202 1.2628523 1.2880722 1.2568840 1.3504470 1.2616433 2.1793579 
yHAB133_Kazachstania_unispora       1.7382379 1.6395064 1.7397923 1.5162140 2.1914173 1.3805748 0.0000000 1.6634184 1.1975188 0.6701065 1.4836715 2.1500482 1.6000221 1.4982947 1.6752921 1.5994708 0.5317585 1.6778850 0.5610498 1.4352058 2.1415909 
yHAB134_Kazachstania_turicensis     1.0851346 1.5958630 1.4406738 1.2944470 1.9136626 1.4606112 1.6634184 0.0000000 1.4729919 1.4816601 1.2736698 2.1880983 1.3507370 2.0911111 1.1671190 1.1890680 1.5668804 0.8758679 1.5567503 1.8665395 1.6823762 
yHAB136_Kazachstania_bromeliacearum 1.2610200 1.0668583 1.3377931 1.2091482 2.1411026 1.0410473 1.1975188 1.4729919 0.0000000 1.2514871 1.1041347 1.8731781 1.1351815 1.2071446 1.3549572 0.9411974 1.1668255 1.3749396 1.3068217 1.2224590 2.2769704 
yHAB143_Kazachstania_siamensis      1.4221656 1.4961486 1.6982084 1.5361707 2.1210262 1.1447332 0.6701065 1.4816601 1.2514871 0.0000000 1.2960782 2.0549291 1.4589616 1.4571236 1.5047097 1.4390193 0.8007451 1.5065297 0.8335791 1.1876924 1.9180813 
yHAB147_Kazachstania_taianensis     1.0785823 1.1105052 1.4247714 1.3983418 2.0241987 1.1428376 1.4836715 1.2736698 1.1041347 1.2960782 0.0000000 1.7655979 1.2466299 1.4624261 1.2803035 1.3096679 1.2989921 1.3165687 1.3785625 1.3559276 2.3566214 
yHAB148_Kazachstania_intestinalis   1.8015221 1.5284779 2.0987568 2.2254516 2.5323329 1.7727064 2.1500482 2.1880983 1.8731781 2.0549291 1.7655979 0.0000000 1.7392056 2.0095730 1.9781008 1.7688187 2.0299779 2.1581391 2.2657995 2.1121533 2.8545977 
yHAB153_Kazachstania_rosinii        1.1099248 1.3018888 1.3688635 1.3778182 2.0629009 1.1405862 1.6000221 1.3507370 1.1351815 1.4589616 1.2466299 1.7392056 0.0000000 1.6474846 1.2332321 1.0686145 1.6509231 1.1302207 1.6986340 1.4299842 2.2446072 
yHAB154_Kazachstania_transvaalensis 1.5778940 1.5200760 1.4785597 1.7332949 2.2041519 1.4821297 1.4982947 2.0911111 1.2071446 1.4571236 1.4624261 2.0095730 1.6474846 0.0000000 1.5344941 1.6595106 1.4236261 1.6541820 1.5344648 0.6326772 2.4190346 
yHAB155_Kazachstania_spencerorum    1.0720303 1.4124492 1.3088122 1.2566095 2.2041761 1.1360202 1.6752921 1.1671190 1.3549572 1.5047097 1.2803035 1.9781008 1.2332321 1.5344941 0.0000000 1.1346060 1.6299637 1.2593631 1.6250788 1.3205484 2.0790744 
yHAB158_Kazachstania_viticola       1.0791828 1.3178126 1.3864941 1.2910781 2.1508012 1.2628523 1.5994708 1.1890680 0.9411974 1.4390193 1.3096679 1.7688187 1.0686145 1.6595106 1.1346060 0.0000000 1.4187602 1.4353955 1.5032432 1.5248001 2.1073167 
yHAB159_Kazachstania_solicola       1.5804836 1.5308082 1.8079458 1.4798914 2.4171348 1.2880722 0.5317585 1.5668804 1.1668255 0.8007451 1.2989921 2.0299779 1.6509231 1.4236261 1.6299637 1.4187602 0.0000000 1.6443404 0.1214850 1.3486378 2.3760438 
yHAB160_Kazachstania_kunashirensis  1.1451047 1.5697935 1.3437744 1.3671533 1.8511765 1.2568840 1.6778850 0.8758679 1.3749396 1.5065297 1.3165687 2.1581391 1.1302207 1.6541820 1.2593631 1.4353955 1.6443404 0.0000000 1.6452054 1.4241129 2.0696252 
yHAB164_Kazachstania_aerobia        1.6559349 1.6263770 1.7429413 1.5491389 2.4779426 1.3504470 0.5610498 1.5567503 1.3068217 0.8335791 1.3785625 2.2657995 1.6986340 1.5344648 1.6250788 1.5032432 0.1214850 1.6452054 0.0000000 1.3769385 2.5343293 
yHAB166_Kazachstania_yakushimaensis 1.4762112 1.5494016 1.6421293 1.5724812 2.2221477 1.2616433 1.4352058 1.8665395 1.2224590 1.1876924 1.3559276 2.1121533 1.4299842 0.6326772 1.3205484 1.5248001 1.3486378 1.4241129 1.3769385 0.0000000 2.2980432 
yHMPu5000035629_Yueomyces_sinensis  1.7907933 2.6789848 2.1746428 2.2747391 1.4773554 2.1793579 2.1415909 1.6823762 2.2769704 1.9180813 2.3566214 2.8545977 2.2446072 2.4190346 2.0790744 2.1073167 2.3760438 2.0696252 2.5343293 2.2980432 0.0000000 
