21
Kazachstania_africana               0.0000000 2.7881432 2.1786133 2.3757595 2.5628895 2.3287625 3.3247417 2.5464238 2.2936400 3.7087836 2.4913572 2.5948394 2.0023602 2.5320520 2.0364065 2.3925276 3.6379757 2.2154375 3.6269518 2.5927979 2.7511777 
Kazachstania_naganishii             2.7881432 0.0000000 2.8584366 3.1311096 3.6103649 3.1025833 3.6087946 3.2686361 1.9207395 3.5207458 2.0494850 2.9741668 2.7366387 2.4696934 2.8950956 3.1174401 3.2514175 2.8588118 3.6193013 2.4589023 3.3918184 
Naumovozyma_castellii               2.1786133 2.8584366 0.0000000 1.8237911 2.3596289 2.3584167 3.7314223 2.5221234 2.3230830 3.9457910 2.5947720 2.6477606 2.0671003 2.6707334 2.0151541 2.3668483 3.5472887 2.3350431 3.4773522 2.7019293 2.5271365 
Naumovozyma_dairenensis             2.3757595 3.1311096 1.8237911 0.0000000 2.4034045 2.5272656 3.6340947 2.5420739 2.4409085 3.4972278 2.5933229 2.7039727 2.0824211 2.6205072 1.9647078 2.3985372 3.4376369 2.1829747 3.4525152 2.5781068 2.8784932 
Tetrapisispora_blattae              2.5628895 3.6103649 2.3596289 2.4034045 0.0000000 2.7607044 3.5659705 2.8186483 2.5994226 3.8003674 3.1009470 3.0986983 2.4825729 2.8497503 2.4963565 2.8805099 3.9162956 2.5761036 3.6697264 2.6709403 1.5412787 
yHAB132_Kazachstania_martiniae      2.3287625 3.1025833 2.3584167 2.5272656 2.7607044 0.0000000 4.0226001 2.3954581 2.5526157 3.9303230 2.6837344 2.9448459 2.0570556 2.8550461 2.0822391 2.5270129 3.9824082 2.1481248 3.8764330 2.7824744 3.1411758 
yHAB133_Kazachstania_unispora       3.3247417 3.6087946 3.7314223 3.6340947 3.5659705 4.0226001 0.0000000 3.7734026 2.5762926 0.8911415 2.7346731 4.0057063 3.6101005 2.5571421 3.6062656 3.7125048 0.7482656 3.7738079 0.5637108 2.4393513 4.3100343 
yHAB134_Kazachstania_turicensis     2.5464238 3.2686361 2.5221234 2.5420739 2.8186483 2.3954581 3.7734026 0.0000000 2.5287727 3.5242414 2.5646469 3.0082691 1.9304865 2.9299204 2.0027084 2.6106139 3.5740205 1.5242174 3.8611084 2.9604572 3.0022729 
yHAB136_Kazachstania_bromeliacearum 2.2936400 1.9207395 2.3230830 2.4409085 2.5994226 2.5526157 2.5762926 2.5287727 0.0000000 2.7020698 1.6835490 2.4829796 2.1316173 1.9700025 2.1547107 2.5190292 2.6751372 2.1140608 2.5578490 1.7695741 2.8961196 
yHAB143_Kazachstania_siamensis      3.7087836 3.5207458 3.9457910 3.4972278 3.8003674 3.9303230 0.8911415 3.5242414 2.7020698 0.0000000 3.0019768 4.0021985 3.7349003 2.7597476 3.9985030 4.0413314 1.0424761 3.5779928 0.9272147 2.6402772 3.9343674 
yHAB147_Kazachstania_taianensis     2.4913572 2.0494850 2.5947720 2.5933229 3.1009470 2.6837344 2.7346731 2.5646469 1.6835490 3.0019768 0.0000000 2.5186446 2.2947174 1.8770782 2.3143357 2.6467940 2.6714388 2.3782465 2.7955213 1.9153960 3.0528146 
yHAB148_Kazachstania_intestinalis   2.5948394 2.9741668 2.6477606 2.7039727 3.0986983 2.9448459 4.0057063 3.0082691 2.4829796 4.0021985 2.5186446 0.0000000 2.6251544 3.0337359 2.7535819 2.8707313 4.1550872 2.7480445 4.3320730 3.0267821 3.6147234 
yHAB153_Kazachstania_rosinii        2.0023602 2.7366387 2.0671003 2.0824211 2.4825729 2.0570556 3.6101005 1.9304865 2.1316173 3.7349003 2.2947174 2.6251544 0.0000000 2.6501269 1.3182983 2.0157081 3.5090535 1.5228370 3.5839313 2.5723666 2.6620653 
yHAB154_Kazachstania_transvaalensis 2.5320520 2.4696934 2.6707334 2.6205072 2.8497503 2.8550461 2.5571421 2.9299204 1.9700025 2.7597476 1.8770782 3.0337359 2.6501269 0.0000000 2.6361345 2.8446988 2.5384230 2.6241549 2.5157872 0.6588307 2.8830370 
yHAB155_Kazachstania_spencerorum    2.0364065 2.8950956 2.0151541 1.9647078 2.4963565 2.0822391 3.6062656 2.0027084 2.1547107 3.9985030 2.3143357 2.7535819 1.3182983 2.6361345 0.0000000 2.0396218 3.6856113 1.5685168 3.4992291 2.4671271 2.7966154 
yHAB158_Kazachstania_viticola       2.3925276 3.1174401 2.3668483 2.3985372 2.8805099 2.5270129 3.7125048 2.6106139 2.5190292 4.0413314 2.6467940 2.8707313 2.0157081 2.8446988 2.0396218 0.0000000 4.0312209 2.0112503 3.9312519 2.8989956 3.3078346 
yHAB159_Kazachstania_solicola       3.6379757 3.2514175 3.5472887 3.4376369 3.9162956 3.9824082 0.7482656 3.5740205 2.6751372 1.0424761 2.6714388 4.1550872 3.5090535 2.5384230 3.6856113 4.0312209 0.0000000 3.7235585 0.3578468 2.6176819 4.3434645 
yHAB160_Kazachstania_kunashirensis  2.2154375 2.8588118 2.3350431 2.1829747 2.5761036 2.1481248 3.7738079 1.5242174 2.1140608 3.5779928 2.3782465 2.7480445 1.5228370 2.6241549 1.5685168 2.0112503 3.7235585 0.0000000 3.5526853 2.6918500 2.8189972 
yHAB164_Kazachstania_aerobia        3.6269518 3.6193013 3.4773522 3.4525152 3.6697264 3.8764330 0.5637108 3.8611084 2.5578490 0.9272147 2.7955213 4.3320730 3.5839313 2.5157872 3.4992291 3.9312519 0.3578468 3.5526853 0.0000000 2.5040418 4.0601784 
yHAB166_Kazachstania_yakushimaensis 2.5927979 2.4589023 2.7019293 2.5781068 2.6709403 2.7824744 2.4393513 2.9604572 1.7695741 2.6402772 1.9153960 3.0267821 2.5723666 0.6588307 2.4671271 2.8989956 2.6176819 2.6918500 2.5040418 0.0000000 3.0610557 
yHMPu5000035629_Yueomyces_sinensis  2.7511777 3.3918184 2.5271365 2.8784932 1.5412787 3.1411758 4.3100343 3.0022729 2.8961196 3.9343674 3.0528146 3.6147234 2.6620653 2.8830370 2.7966154 3.3078346 4.3434645 2.8189972 4.0601784 3.0610557 0.0000000 
