21
Kazachstania_africana               0.0000000 1.9953938 2.1216255 2.5527362 2.7737685 1.9132904 2.1856583 2.0146922 1.7235009 2.2533972 1.8483148 2.6202239 1.6249040 2.1746965 1.7021165 2.1692370 2.3238042 1.7643479 2.3594202 2.2104529 3.3417790 
Kazachstania_naganishii             1.9953938 0.0000000 2.1713710 2.5985033 3.1865843 2.0406295 2.2138217 2.2211099 1.3420207 2.1474749 1.8370727 2.7489259 1.9499959 2.2910824 2.0054359 2.2081957 2.3131917 1.9781207 2.3873799 2.2995901 3.4009744 
Naumovozyma_castellii               2.1216255 2.1713710 0.0000000 2.0422867 2.9505908 2.2162732 2.5257667 2.4778546 1.8907106 2.5504203 2.1933389 2.8022225 1.9963250 2.3933817 2.2866658 2.1306861 2.5901532 2.3040316 2.5882697 2.4732916 3.1356672 
Naumovozyma_dairenensis             2.5527362 2.5985033 2.0422867 0.0000000 3.2656864 2.5447229 2.8401480 2.6789177 2.2506303 3.0345427 2.4667848 3.0845473 2.3213623 2.7736187 2.4973384 2.5766929 2.9310511 2.5828498 2.9745533 2.6919785 3.0387836 
Tetrapisispora_blattae              2.7737685 3.1865843 2.9505908 3.2656864 0.0000000 2.9269841 3.2973698 3.2491214 2.8589887 3.1170014 3.1916663 3.5308990 2.8488870 2.8864208 2.9482667 2.8435391 3.3065748 2.8197253 3.3433932 2.9186878 2.1163419 
yHAB132_Kazachstania_martiniae      1.9132904 2.0406295 2.2162732 2.5447229 2.9269841 0.0000000 2.1213418 2.0838335 1.6101227 2.2915319 2.0030470 2.5601787 1.9190559 2.1941664 2.0114599 2.0950519 2.3040407 1.8585474 2.2943384 2.1169928 3.3782907 
yHAB133_Kazachstania_unispora       2.1856583 2.2138217 2.5257667 2.8401480 3.2973698 2.1213418 0.0000000 2.5763913 1.6630370 1.0437697 1.7420882 2.8969485 2.1228116 2.2223003 2.4394882 2.5387087 0.5504449 2.2788099 0.5835380 2.3277348 3.4922539 
yHAB134_Kazachstania_turicensis     2.0146922 2.2211099 2.4778546 2.6789177 3.2491214 2.0838335 2.5763913 0.0000000 1.9258864 2.6600353 2.3060299 2.8526002 1.8557330 2.6398962 1.9981570 2.5481542 2.6885640 1.4639283 2.7087760 2.6430455 3.3898763 
yHAB136_Kazachstania_bromeliacearum 1.7235009 1.3420207 1.8907106 2.2506303 2.8589887 1.6101227 1.6630370 1.9258864 0.0000000 1.7900469 1.2264216 2.5638085 1.6955882 1.6967281 1.9101072 2.0170448 1.7531484 1.6543185 1.8006632 1.8189378 3.0528937 
yHAB143_Kazachstania_siamensis      2.2533972 2.1474749 2.5504203 3.0345427 3.1170014 2.2915319 1.0437697 2.6600353 1.7900469 0.0000000 1.8627045 2.8891473 2.1287155 2.4137586 2.3488390 2.5648169 1.1361793 2.3229392 1.1170468 2.4559009 3.4336073 
yHAB147_Kazachstania_taianensis     1.8483148 1.8370727 2.1933389 2.4667848 3.1916663 2.0030470 1.7420882 2.3060299 1.2264216 1.8627045 0.0000000 2.5800617 1.9434897 1.9551748 2.2103203 2.2582657 1.8453582 2.1000845 1.8874988 2.0012695 3.4217473 
yHAB148_Kazachstania_intestinalis   2.6202239 2.7489259 2.8022225 3.0845473 3.5308990 2.5601787 2.8969485 2.8526002 2.5638085 2.8891473 2.5800617 0.0000000 2.6402049 2.9753779 2.6351208 3.0490965 2.9829923 2.6866427 3.0971433 2.9003780 3.5926152 
yHAB153_Kazachstania_rosinii        1.6249040 1.9499959 1.9963250 2.3213623 2.8488870 1.9190559 2.1228116 1.8557330 1.6955882 2.1287155 1.9434897 2.6402049 0.0000000 2.1825271 1.4149763 1.9556209 2.0802801 1.4282132 2.1294566 2.2085187 3.1447983 
yHAB154_Kazachstania_transvaalensis 2.1746965 2.2910824 2.3933817 2.7736187 2.8864208 2.1941664 2.2223003 2.6398962 1.6967281 2.4137586 1.9551748 2.9753779 2.1825271 0.0000000 2.4062021 2.5518282 2.3477627 2.3519303 2.3935545 0.6178060 3.3965823 
yHAB155_Kazachstania_spencerorum    1.7021165 2.0054359 2.2866658 2.4973384 2.9482667 2.0114599 2.4394882 1.9981570 1.9101072 2.3488390 2.2103203 2.6351208 1.4149763 2.4062021 0.0000000 2.1959691 2.4542685 1.5551706 2.5490444 2.4561143 3.3823101 
yHAB158_Kazachstania_viticola       2.1692370 2.2081957 2.1306861 2.5766929 2.8435391 2.0950519 2.5387087 2.5481542 2.0170448 2.5648169 2.2582657 3.0490965 1.9556209 2.5518282 2.1959691 0.0000000 2.6130839 2.1532549 2.7198072 2.4896513 3.3032928 
yHAB159_Kazachstania_solicola       2.3238042 2.3131917 2.5901532 2.9310511 3.3065748 2.3040407 0.5504449 2.6885640 1.7531484 1.1361793 1.8453582 2.9829923 2.0802801 2.3477627 2.4542685 2.6130839 0.0000000 2.3350556 0.1730344 2.4120691 3.5898847 
yHAB160_Kazachstania_kunashirensis  1.7643479 1.9781207 2.3040316 2.5828498 2.8197253 1.8585474 2.2788099 1.4639283 1.6543185 2.3229392 2.1000845 2.6866427 1.4282132 2.3519303 1.5551706 2.1532549 2.3350556 0.0000000 2.4295308 2.3185062 3.0984685 
yHAB164_Kazachstania_aerobia        2.3594202 2.3873799 2.5882697 2.9745533 3.3433932 2.2943384 0.5835380 2.7087760 1.8006632 1.1170468 1.8874988 3.0971433 2.1294566 2.3935545 2.5490444 2.7198072 0.1730344 2.4295308 0.0000000 2.4470791 3.7094908 
yHAB166_Kazachstania_yakushimaensis 2.2104529 2.2995901 2.4732916 2.6919785 2.9186878 2.1169928 2.3277348 2.6430455 1.8189378 2.4559009 2.0012695 2.9003780 2.2085187 0.6178060 2.4561143 2.4896513 2.4120691 2.3185062 2.4470791 0.0000000 3.5261255 
yHMPu5000035629_Yueomyces_sinensis  3.3417790 3.4009744 3.1356672 3.0387836 2.1163419 3.3782907 3.4922539 3.3898763 3.0528937 3.4336073 3.4217473 3.5926152 3.1447983 3.3965823 3.3823101 3.3032928 3.5898847 3.0984685 3.7094908 3.5261255 0.0000000 
