21
Kazachstania_africana               0.0000000 0.5433834 0.4427527 0.4691231 0.5739520 0.3891455 0.4609485 0.4004555 0.4858882 0.5113482 0.5363420 0.4875492 0.3964272 0.5609349 0.3988689 0.3445896 0.4378863 0.4600743 0.4471632 0.5075820 0.8371700 
Kazachstania_naganishii             0.5433834 0.0000000 0.4503628 0.4535185 0.6411430 0.3974264 0.3148693 0.3437797 0.3212187 0.3612562 0.3503018 0.3833853 0.2809561 0.3437227 0.3413462 0.3274468 0.3175523 0.3771681 0.3511160 0.3153595 1.1408562 
Naumovozyma_castellii               0.4427527 0.4503628 0.0000000 0.2755450 0.6400016 0.4004675 0.3524459 0.3890294 0.3621945 0.4405817 0.4492974 0.4864228 0.3754747 0.4657502 0.2969434 0.3427598 0.3730108 0.4836215 0.3710874 0.3705274 0.9298841 
Naumovozyma_dairenensis             0.4691231 0.4535185 0.2755450 0.0000000 0.6595595 0.3474391 0.3477749 0.3799608 0.3523134 0.3778873 0.3699871 0.6069013 0.3255403 0.4389529 0.3788453 0.3420714 0.3564824 0.3600845 0.3532646 0.3921734 0.9472062 
Tetrapisispora_blattae              0.5739520 0.6411430 0.6400016 0.6595595 0.0000000 0.5365452 0.4960393 0.5150795 0.5255777 0.5783041 0.7034642 0.6760634 0.5532394 0.6226160 0.5415646 0.5493433 0.4867830 0.5587258 0.5097619 0.5987952 0.5018517 
yHAB132_Kazachstania_martiniae      0.3891455 0.3974264 0.4004675 0.3474391 0.5365452 0.0000000 0.2857669 0.2605099 0.3492972 0.3733776 0.4172704 0.5008032 0.2715284 0.4215252 0.2443758 0.2953165 0.2950045 0.2394016 0.3161393 0.3473083 0.8009070 
yHAB133_Kazachstania_unispora       0.4609485 0.3148693 0.3524459 0.3477749 0.4960393 0.2857669 0.0000000 0.2271009 0.2818512 0.1250002 0.3871829 0.5059810 0.4022322 0.2090122 0.2354264 0.3905002 0.1026954 0.2689434 0.0937808 0.2052968 0.7891444 
yHAB134_Kazachstania_turicensis     0.4004555 0.3437797 0.3890294 0.3799608 0.5150795 0.2605099 0.2271009 0.0000000 0.3661276 0.3140287 0.3639383 0.4508931 0.3465639 0.3533550 0.2403217 0.3641443 0.2117195 0.1550515 0.2402588 0.3058982 0.8149976 
yHAB136_Kazachstania_bromeliacearum 0.4858882 0.3212187 0.3621945 0.3523134 0.5255777 0.3492972 0.2818512 0.3661276 0.0000000 0.3305713 0.3352539 0.4655410 0.3467354 0.2529024 0.3189709 0.3156249 0.3120061 0.3840383 0.3042317 0.2360992 0.7844413 
yHAB143_Kazachstania_siamensis      0.5113482 0.3612562 0.4405817 0.3778873 0.5783041 0.3733776 0.1250002 0.3140287 0.3305713 0.0000000 0.3914453 0.5548018 0.4146695 0.2377324 0.2785476 0.4169205 0.1756346 0.3348614 0.1606122 0.2543860 0.8728925 
yHAB147_Kazachstania_taianensis     0.5363420 0.3503018 0.4492974 0.3699871 0.7034642 0.4172704 0.3871829 0.3639383 0.3352539 0.3914453 0.0000000 0.4997746 0.3507147 0.3870130 0.3950628 0.4532252 0.3349772 0.3986505 0.3421498 0.3639387 1.0172037 
yHAB148_Kazachstania_intestinalis   0.4875492 0.3833853 0.4864228 0.6069013 0.6760634 0.5008032 0.5059810 0.4508931 0.4655410 0.5548018 0.4997746 0.0000000 0.3884118 0.5704496 0.5091900 0.4860801 0.4749680 0.5357313 0.5045019 0.4983208 1.0068960 
yHAB153_Kazachstania_rosinii        0.3964272 0.2809561 0.3754747 0.3255403 0.5532394 0.2715284 0.4022322 0.3465639 0.3467354 0.4146695 0.3507147 0.3884118 0.0000000 0.4462424 0.3037427 0.2493530 0.3488440 0.3310147 0.3745766 0.3662807 0.8767003 
yHAB154_Kazachstania_transvaalensis 0.5609349 0.3437227 0.4657502 0.4389529 0.6226160 0.4215252 0.2090122 0.3533550 0.2529024 0.2377324 0.3870130 0.5704496 0.4462424 0.0000000 0.3525546 0.3798499 0.2488444 0.3573435 0.2607941 0.1084366 0.8098359 
yHAB155_Kazachstania_spencerorum    0.3988689 0.3413462 0.2969434 0.3788453 0.5415646 0.2443758 0.2354264 0.2403217 0.3189709 0.2785476 0.3950628 0.5091900 0.3037427 0.3525546 0.0000000 0.3644274 0.2355490 0.2680620 0.2392613 0.2882347 0.8127757 
yHAB158_Kazachstania_viticola       0.3445896 0.3274468 0.3427598 0.3420714 0.5493433 0.2953165 0.3905002 0.3641443 0.3156249 0.4169205 0.4532252 0.4860801 0.2493530 0.3798499 0.3644274 0.0000000 0.4002568 0.3809843 0.3966055 0.3453070 0.7987480 
yHAB159_Kazachstania_solicola       0.4378863 0.3175523 0.3730108 0.3564824 0.4867830 0.2950045 0.1026954 0.2117195 0.3120061 0.1756346 0.3349772 0.4749680 0.3488440 0.2488444 0.2355490 0.4002568 0.0000000 0.2646569 0.0375826 0.2139403 0.8136217 
yHAB160_Kazachstania_kunashirensis  0.4600743 0.3771681 0.4836215 0.3600845 0.5587258 0.2394016 0.2689434 0.1550515 0.3840383 0.3348614 0.3986505 0.5357313 0.3310147 0.3573435 0.2680620 0.3809843 0.2646569 0.0000000 0.2918787 0.3263813 0.7824401 
yHAB164_Kazachstania_aerobia        0.4471632 0.3511160 0.3710874 0.3532646 0.5097619 0.3161393 0.0937808 0.2402588 0.3042317 0.1606122 0.3421498 0.5045019 0.3745766 0.2607941 0.2392613 0.3966055 0.0375826 0.2918787 0.0000000 0.2235479 0.7807832 
yHAB166_Kazachstania_yakushimaensis 0.5075820 0.3153595 0.3705274 0.3921734 0.5987952 0.3473083 0.2052968 0.3058982 0.2360992 0.2543860 0.3639387 0.4983208 0.3662807 0.1084366 0.2882347 0.3453070 0.2139403 0.3263813 0.2235479 0.0000000 0.8596289 
yHMPu5000035629_Yueomyces_sinensis  0.8371700 1.1408562 0.9298841 0.9472062 0.5018517 0.8009070 0.7891444 0.8149976 0.7844413 0.8728925 1.0172037 1.0068960 0.8767003 0.8098359 0.8127757 0.7987480 0.8136217 0.7824401 0.7807832 0.8596289 0.0000000 
