21
Kazachstania_africana               0.0000000 1.5442353 1.0325862 1.0857866 1.3598452 1.0701802 1.4608320 1.0536193 1.3285422 1.4019961 1.4787592 1.7619518 1.0067732 1.5233068 0.9447226 1.2574971 1.4023144 1.3901091 1.3928437 1.6599424 1.7375505 
Kazachstania_naganishii             1.5442353 0.0000000 1.4220061 1.6861725 1.8919705 1.3254404 1.4064765 1.5430823 1.2184686 1.3375764 0.9284828 1.5290273 1.1829084 1.7026789 1.5324940 1.5259371 1.2546956 1.5244411 1.2737469 1.6875614 2.2045767 
Naumovozyma_castellii               1.0325862 1.4220061 0.0000000 1.1401095 1.4585677 1.1910235 1.3731036 1.3518335 1.0759754 1.3581688 1.4655853 1.5639239 0.9954901 1.3685538 1.1538967 1.1930873 1.3155917 1.2683018 1.3088251 1.4584760 1.6170896 
Naumovozyma_dairenensis             1.0857866 1.6861725 1.1401095 0.0000000 1.5295862 1.3403314 1.4835038 1.5126816 1.3679463 1.4581735 1.6012106 1.9706765 1.4594701 1.5735184 1.3625428 1.3270444 1.5026266 1.5990908 1.5037806 1.8174780 1.7800793 
Tetrapisispora_blattae              1.3598452 1.8919705 1.4585677 1.5295862 0.0000000 1.7161036 1.7316049 1.6969995 1.5061106 1.6601437 1.9523883 2.2082633 1.7104039 1.6381339 1.6381397 1.6679852 1.8887960 1.9505200 1.8315865 1.7812673 1.0386365 
yHAB132_Kazachstania_martiniae      1.0701802 1.3254404 1.1910235 1.3403314 1.7161036 0.0000000 1.4436034 1.3738970 1.2660844 1.4527027 1.4006609 1.6126821 1.2156542 1.3948918 1.2520482 1.2215711 1.5019592 1.5419528 1.4780971 1.4021863 1.7388515 
yHAB133_Kazachstania_unispora       1.4608320 1.4064765 1.3731036 1.4835038 1.7316049 1.4436034 0.0000000 1.3581060 1.0677125 0.4766709 1.2561798 1.9083022 1.4380894 1.5623180 1.5581232 1.5523935 0.3404654 1.4270240 0.3036985 1.5124397 1.7632494 
yHAB134_Kazachstania_turicensis     1.0536193 1.5430823 1.3518335 1.5126816 1.6969995 1.3738970 1.3581060 0.0000000 1.4481764 1.2684924 1.5414301 1.6969292 1.1411352 1.6784979 1.0479543 1.4371687 1.4364157 0.7216841 1.3840006 1.8019567 1.8686917 
yHAB136_Kazachstania_bromeliacearum 1.3285422 1.2184686 1.0759754 1.3679463 1.5061106 1.2660844 1.0677125 1.4481764 0.0000000 1.1032701 1.1386465 1.4622427 1.2371337 1.0907347 1.3503979 1.1355573 1.1748805 1.4796745 1.1263753 0.9799336 1.4923201 
yHAB143_Kazachstania_siamensis      1.4019961 1.3375764 1.3581688 1.4581735 1.6601437 1.4527027 0.4766709 1.2684924 1.1032701 0.0000000 1.4066911 1.9293332 1.4746687 1.3481247 1.4378550 1.6630512 0.5871797 1.4404036 0.5252284 1.4666033 1.6024412 
yHAB147_Kazachstania_taianensis     1.4787592 0.9284828 1.4655853 1.6012106 1.9523883 1.4006609 1.2561798 1.5414301 1.1386465 1.4066911 0.0000000 1.4184822 1.2992761 1.5870441 1.5276946 1.4949046 1.2539857 1.6857068 1.2896690 1.6905811 2.0126524 
yHAB148_Kazachstania_intestinalis   1.7619518 1.5290273 1.5639239 1.9706765 2.2082633 1.6126821 1.9083022 1.6969292 1.4622427 1.9293332 1.4184822 0.0000000 1.4655971 1.6193293 1.4811031 1.5591357 1.7584866 1.8199897 1.8748065 1.5603114 2.3790469 
yHAB153_Kazachstania_rosinii        1.0067732 1.1829084 0.9954901 1.4594701 1.7104039 1.2156542 1.4380894 1.1411352 1.2371337 1.4746687 1.2992761 1.4655971 0.0000000 1.4838692 0.8476673 1.2768885 1.3193462 1.1107013 1.3867772 1.5229517 2.0124462 
yHAB154_Kazachstania_transvaalensis 1.5233068 1.7026789 1.3685538 1.5735184 1.6381339 1.3948918 1.5623180 1.6784979 1.0907347 1.3481247 1.5870441 1.6193293 1.4838692 0.0000000 1.4839235 1.5711053 1.4648432 1.6290947 1.4663783 0.4738819 1.7193972 
yHAB155_Kazachstania_spencerorum    0.9447226 1.5324940 1.1538967 1.3625428 1.6381397 1.2520482 1.5581232 1.0479543 1.3503979 1.4378550 1.5276946 1.4811031 0.8476673 1.4839235 0.0000000 1.3012232 1.6290533 1.2794031 1.5442093 1.3824736 1.8312784 
yHAB158_Kazachstania_viticola       1.2574971 1.5259371 1.1930873 1.3270444 1.6679852 1.2215711 1.5523935 1.4371687 1.1355573 1.6630512 1.4949046 1.5591357 1.2768885 1.5711053 1.3012232 0.0000000 1.5880265 1.5389181 1.5791472 1.2821259 1.7093566 
yHAB159_Kazachstania_solicola       1.4023144 1.2546956 1.3155917 1.5026266 1.8887960 1.5019592 0.3404654 1.4364157 1.1748805 0.5871797 1.2539857 1.7584866 1.3193462 1.4648432 1.6290533 1.5880265 0.0000000 1.6132524 0.1316376 1.6220062 1.9545231 
yHAB160_Kazachstania_kunashirensis  1.3901091 1.5244411 1.2683018 1.5990908 1.9505200 1.5419528 1.4270240 0.7216841 1.4796745 1.4404036 1.6857068 1.8199897 1.1107013 1.6290947 1.2794031 1.5389181 1.6132524 0.0000000 1.5361058 1.8522111 2.0307108 
yHAB164_Kazachstania_aerobia        1.3928437 1.2737469 1.3088251 1.5037806 1.8315865 1.4780971 0.3036985 1.3840006 1.1263753 0.5252284 1.2896690 1.8748065 1.3867772 1.4663783 1.5442093 1.5791472 0.1316376 1.5361058 0.0000000 1.5911703 1.9974184 
yHAB166_Kazachstania_yakushimaensis 1.6599424 1.6875614 1.4584760 1.8174780 1.7812673 1.4021863 1.5124397 1.8019567 0.9799336 1.4666033 1.6905811 1.5603114 1.5229517 0.4738819 1.3824736 1.2821259 1.6220062 1.8522111 1.5911703 0.0000000 1.7197297 
yHMPu5000035629_Yueomyces_sinensis  1.7375505 2.2045767 1.6170896 1.7800793 1.0386365 1.7388515 1.7632494 1.8686917 1.4923201 1.6024412 2.0126524 2.3790469 2.0124462 1.7193972 1.8312784 1.7093566 1.9545231 2.0307108 1.9974184 1.7197297 0.0000000 
