21
Kazachstania_africana               0.0000000 1.3826381 1.2165845 1.1854912 1.2751325 1.0897456 1.1590968 1.2319501 1.0933424 1.1505275 1.2217776 1.5690427 1.0989590 1.3582375 1.0813720 1.0852629 1.2148744 1.2444502 1.2275655 1.2647399 1.1712772 
Kazachstania_naganishii             1.3826381 0.0000000 1.5544060 1.6918743 1.7803881 1.5469636 1.3472886 1.6001020 1.2928499 1.3600215 1.1622268 1.6892853 1.4037494 1.6043413 1.5900476 1.6456094 1.3643832 1.6979868 1.3883227 1.5050692 1.6904646 
Naumovozyma_castellii               1.2165845 1.5544060 0.0000000 1.0686562 1.5012336 1.3303689 1.2621147 1.4798245 1.1631355 1.3308448 1.3298829 1.5247468 1.1747140 1.3187599 1.1905686 1.1663229 1.2540098 1.4487969 1.3147134 1.2148892 1.3657114 
Naumovozyma_dairenensis             1.1854912 1.6918743 1.0686562 0.0000000 1.4542529 1.2745834 1.2074785 1.5467357 1.3214272 1.2746359 1.3194824 1.4284880 1.1573692 1.5125640 1.3304414 1.2067169 1.1610993 1.4880988 1.2074342 1.4596779 1.5296173 
Tetrapisispora_blattae              1.2751325 1.7803881 1.5012336 1.4542529 0.0000000 1.4483315 1.3034866 1.5974661 1.4946852 1.3155147 1.5367921 1.8411595 1.5197942 1.5305289 1.4419756 1.3617958 1.4033262 1.4695620 1.4302861 1.4511492 1.1014165 
yHAB132_Kazachstania_martiniae      1.0897456 1.5469636 1.3303689 1.2745834 1.4483315 0.0000000 1.1988153 1.4123794 1.0463353 1.1782779 1.2702681 1.5794080 1.1876413 1.3252799 1.1771800 1.2431284 1.2190623 1.4729009 1.2263445 1.2218348 1.4052863 
yHAB133_Kazachstania_unispora       1.1590968 1.3472886 1.2621147 1.2074785 1.3034866 1.1988153 0.0000000 1.4046317 1.0308862 0.4723089 1.0541856 1.5713055 1.2563299 1.1651551 1.1926599 1.2108369 0.2582757 1.4896882 0.2549264 1.0950128 1.3284211 
yHAB134_Kazachstania_turicensis     1.2319501 1.6001020 1.4798245 1.5467357 1.5974661 1.4123794 1.4046317 0.0000000 1.3235102 1.3605272 1.4883462 1.8889596 1.3280594 1.6624433 1.2921575 1.3814065 1.4157254 1.0531780 1.4014634 1.5233229 1.5437089 
yHAB136_Kazachstania_bromeliacearum 1.0933424 1.2928499 1.1631355 1.3214272 1.4946852 1.0463353 1.0308862 1.3235102 0.0000000 0.9671184 1.0937834 1.4656409 1.0858049 1.1777368 1.1464723 1.2467715 1.0325767 1.4215194 1.1194651 1.0469836 1.2194033 
yHAB143_Kazachstania_siamensis      1.1505275 1.3600215 1.3308448 1.2746359 1.3155147 1.1782779 0.4723089 1.3605272 0.9671184 0.0000000 1.0674092 1.5984532 1.2456360 1.0809805 1.1882574 1.1299886 0.4964992 1.4766661 0.5190960 1.0271415 1.3114256 
yHAB147_Kazachstania_taianensis     1.2217776 1.1622268 1.3298829 1.3194824 1.5367921 1.2702681 1.0541856 1.4883462 1.0937834 1.0674092 0.0000000 1.4704625 1.2902953 1.2393904 1.3470064 1.3181148 1.0954253 1.6818773 1.1328284 1.2069376 1.5618592 
yHAB148_Kazachstania_intestinalis   1.5690427 1.6892853 1.5247468 1.4284880 1.8411595 1.5794080 1.5713055 1.8889596 1.4656409 1.5984532 1.4704625 0.0000000 1.4274995 1.6069189 1.5559298 1.6044223 1.5708041 1.8344320 1.6300114 1.6619432 1.7679038 
yHAB153_Kazachstania_rosinii        1.0989590 1.4037494 1.1747140 1.1573692 1.5197942 1.1876413 1.2563299 1.3280594 1.0858049 1.2456360 1.2902953 1.4274995 0.0000000 1.4749725 0.9557175 1.1548298 1.1966871 1.3225615 1.2610604 1.3919429 1.3606520 
yHAB154_Kazachstania_transvaalensis 1.3582375 1.6043413 1.3187599 1.5125640 1.5305289 1.3252799 1.1651551 1.6624433 1.1777368 1.0809805 1.2393904 1.6069189 1.4749725 0.0000000 1.4239835 1.4226231 1.1933051 1.6638340 1.1967252 0.4345882 1.5693090 
yHAB155_Kazachstania_spencerorum    1.0813720 1.5900476 1.1905686 1.3304414 1.4419756 1.1771800 1.1926599 1.2921575 1.1464723 1.1882574 1.3470064 1.5559298 0.9557175 1.4239835 0.0000000 1.1533221 1.2479747 1.2615858 1.2539154 1.4190205 1.4799590 
yHAB158_Kazachstania_viticola       1.0852629 1.6456094 1.1663229 1.2067169 1.3617958 1.2431284 1.2108369 1.3814065 1.2467715 1.1299886 1.3181148 1.6044223 1.1548298 1.4226231 1.1533221 0.0000000 1.2374561 1.4380052 1.2423983 1.3523552 1.4608982 
yHAB159_Kazachstania_solicola       1.2148744 1.3643832 1.2540098 1.1610993 1.4033262 1.2190623 0.2582757 1.4157254 1.0325767 0.4964992 1.0954253 1.5708041 1.1966871 1.1933051 1.2479747 1.2374561 0.0000000 1.5936288 0.0870703 1.1456127 1.3939087 
yHAB160_Kazachstania_kunashirensis  1.2444502 1.6979868 1.4487969 1.4880988 1.4695620 1.4729009 1.4896882 1.0531780 1.4215194 1.4766661 1.6818773 1.8344320 1.3225615 1.6638340 1.2615858 1.4380052 1.5936288 0.0000000 1.5777894 1.5212420 1.5538533 
yHAB164_Kazachstania_aerobia        1.2275655 1.3883227 1.3147134 1.2074342 1.4302861 1.2263445 0.2549264 1.4014634 1.1194651 0.5190960 1.1328284 1.6300114 1.2610604 1.1967252 1.2539154 1.2423983 0.0870703 1.5777894 0.0000000 1.1493450 1.4358129 
yHAB166_Kazachstania_yakushimaensis 1.2647399 1.5050692 1.2148892 1.4596779 1.4511492 1.2218348 1.0950128 1.5233229 1.0469836 1.0271415 1.2069376 1.6619432 1.3919429 0.4345882 1.4190205 1.3523552 1.1456127 1.5212420 1.1493450 0.0000000 1.4294949 
yHMPu5000035629_Yueomyces_sinensis  1.1712772 1.6904646 1.3657114 1.5296173 1.1014165 1.4052863 1.3284211 1.5437089 1.2194033 1.3114256 1.5618592 1.7679038 1.3606520 1.5693090 1.4799590 1.4608982 1.3939087 1.5538533 1.4358129 1.4294949 0.0000000 
