21
Kazachstania_africana               0.0000000 0.8218244 0.8215686 0.6961845 0.9461141 0.8082466 0.6548913 0.7981036 0.6495034 0.6830381 0.8584899 1.0687907 0.7943212 0.7952934 0.8610467 0.8165486 0.7229709 0.7614066 0.7275996 0.7465042 0.8467966 
Kazachstania_naganishii             0.8218244 0.0000000 0.9392222 0.8909694 1.0456184 0.8854944 0.7817748 1.0157870 0.7116053 0.8130402 0.7468726 1.0245936 0.8580682 0.8068159 0.9534183 0.9209159 0.7148822 0.9340989 0.7877707 0.7684064 1.0413258 
Naumovozyma_castellii               0.8215686 0.9392222 0.0000000 0.7141786 1.0361210 1.0350588 0.8099531 1.0331270 0.7838901 0.8401220 1.0845999 1.2308115 0.9526507 0.9756873 0.9340351 0.8709010 0.8186554 0.9591171 0.8321671 0.9250756 1.0578401 
Naumovozyma_dairenensis             0.6961845 0.8909694 0.7141786 0.0000000 0.9785904 0.9193791 0.6800943 0.8801859 0.7272686 0.7228697 1.0551725 1.0110929 0.8675544 0.8602770 0.8652665 0.7616583 0.6942586 0.8604425 0.7391837 0.7961708 0.8727088 
Tetrapisispora_blattae              0.9461141 1.0456184 1.0361210 0.9785904 0.0000000 1.2079890 1.1118828 1.1338494 0.9480058 1.0445005 1.1790989 1.2220470 1.2265900 1.0437638 1.2441210 1.0949351 1.0823973 1.1942186 1.1035205 0.9961656 0.7845989 
yHAB132_Kazachstania_martiniae      0.8082466 0.8854944 1.0350588 0.9193791 1.2079890 0.0000000 0.7786671 0.9085838 0.6802136 0.8340452 1.0686040 0.9569344 0.9799272 0.8973188 0.9432953 0.8203222 0.8272022 0.7467036 0.8049962 0.7693859 0.9372596 
yHAB133_Kazachstania_unispora       0.6548913 0.7817748 0.8099531 0.6800943 1.1118828 0.7786671 0.0000000 0.8522221 0.4841662 0.4172325 0.9362509 1.0153013 0.8096365 0.7251038 0.7715140 0.6681182 0.2551316 0.7703883 0.2814275 0.6699860 0.8786549 
yHAB134_Kazachstania_turicensis     0.7981036 1.0157870 1.0331270 0.8801859 1.1338494 0.9085838 0.8522221 0.0000000 0.7768669 0.9236475 1.1953782 1.0799468 0.8861099 0.8998928 0.9018646 0.9305018 0.9036128 0.6104465 0.8867900 0.8294138 0.8781228 
yHAB136_Kazachstania_bromeliacearum 0.6495034 0.7116053 0.7838901 0.7272686 0.9480058 0.6802136 0.4841662 0.7768669 0.0000000 0.5839095 0.8003874 0.9664518 0.8049318 0.6870368 0.7330236 0.7082082 0.5521512 0.7386358 0.5600909 0.6228178 0.8602066 
yHAB143_Kazachstania_siamensis      0.6830381 0.8130402 0.8401220 0.7228697 1.0445005 0.8340452 0.4172325 0.9236475 0.5839095 0.0000000 0.8881789 0.9382176 0.8896618 0.8136311 0.9444670 0.7253170 0.4332147 0.8135026 0.4538610 0.7368108 0.9438976 
yHAB147_Kazachstania_taianensis     0.8584899 0.7468726 1.0845999 1.0551725 1.1790989 1.0686040 0.9362509 1.1953782 0.8003874 0.8881789 0.0000000 0.9457984 0.8888788 0.9940982 1.1171986 1.0286784 0.8536720 1.1241536 0.8963800 1.0335592 1.4390313 
yHAB148_Kazachstania_intestinalis   1.0687907 1.0245936 1.2308115 1.0110929 1.2220470 0.9569344 1.0153013 1.0799468 0.9664518 0.9382176 0.9457984 0.0000000 1.0497406 0.9599988 1.2542728 1.0357411 0.9691760 1.0009355 0.9718477 0.9238726 1.2035765 
yHAB153_Kazachstania_rosinii        0.7943212 0.8580682 0.9526507 0.8675544 1.2265900 0.9799272 0.8096365 0.8861099 0.8049318 0.8896618 0.8888788 1.0497406 0.0000000 0.8743758 0.8809359 0.8362164 0.7950450 0.8459359 0.8376715 0.8651631 1.0897000 
yHAB154_Kazachstania_transvaalensis 0.7952934 0.8068159 0.9756873 0.8602770 1.0437638 0.8973188 0.7251038 0.8998928 0.6870368 0.8136311 0.9940982 0.9599988 0.8743758 0.0000000 0.9830379 0.8405722 0.7330315 0.8831535 0.7285138 0.2827875 0.9067638 
yHAB155_Kazachstania_spencerorum    0.8610467 0.9534183 0.9340351 0.8652665 1.2441210 0.9432953 0.7715140 0.9018646 0.7330236 0.9444670 1.1171986 1.2542728 0.8809359 0.9830379 0.0000000 0.8255980 0.8153444 0.7870227 0.8568598 0.8429199 1.1235860 
yHAB158_Kazachstania_viticola       0.8165486 0.9209159 0.8709010 0.7616583 1.0949351 0.8203222 0.6681182 0.9305018 0.7082082 0.7253170 1.0286784 1.0357411 0.8362164 0.8405722 0.8255980 0.0000000 0.7061562 0.7959227 0.7344506 0.7374750 0.7662004 
yHAB159_Kazachstania_solicola       0.7229709 0.7148822 0.8186554 0.6942586 1.0823973 0.8272022 0.2551316 0.9036128 0.5521512 0.4332147 0.8536720 0.9691760 0.7950450 0.7330315 0.8153444 0.7061562 0.0000000 0.7706783 0.1089665 0.6825200 0.9062296 
yHAB160_Kazachstania_kunashirensis  0.7614066 0.9340989 0.9591171 0.8604425 1.1942186 0.7467036 0.7703883 0.6104465 0.7386358 0.8135026 1.1241536 1.0009355 0.8459359 0.8831535 0.7870227 0.7959227 0.7706783 0.0000000 0.7978613 0.7407518 0.8937925 
yHAB164_Kazachstania_aerobia        0.7275996 0.7877707 0.8321671 0.7391837 1.1035205 0.8049962 0.2814275 0.8867900 0.5600909 0.4538610 0.8963800 0.9718477 0.8376715 0.7285138 0.8568598 0.7344506 0.1089665 0.7978613 0.0000000 0.6622776 0.9177791 
yHAB166_Kazachstania_yakushimaensis 0.7465042 0.7684064 0.9250756 0.7961708 0.9961656 0.7693859 0.6699860 0.8294138 0.6228178 0.7368108 1.0335592 0.9238726 0.8651631 0.2827875 0.8429199 0.7374750 0.6825200 0.7407518 0.6622776 0.0000000 0.7221420 
yHMPu5000035629_Yueomyces_sinensis  0.8467966 1.0413258 1.0578401 0.8727088 0.7845989 0.9372596 0.8786549 0.8781228 0.8602066 0.9438976 1.4390313 1.2035765 1.0897000 0.9067638 1.1235860 0.7662004 0.9062296 0.8937925 0.9177791 0.7221420 0.0000000 
