21
Kazachstania_africana               0.0000000 1.9840751 1.6329067 1.7523595 2.1843648 1.5548738 1.9252177 1.7314315 2.2808042 1.9029626 1.8018147 1.8473765 1.8458665 2.3383168 1.7203023 1.6708995 1.9232099 1.5895267 2.0797228 2.2177070 2.2029700 
Kazachstania_naganishii             1.9840751 0.0000000 2.3953104 2.2506132 2.6525025 1.8090817 1.7934607 2.1903022 2.0382157 1.7598311 1.6679472 1.8527669 1.5445441 2.2367644 2.2207517 2.0367215 2.0823966 2.0254219 2.0789331 2.0529787 2.7027177 
Naumovozyma_castellii               1.6329067 2.3953104 0.0000000 0.9695433 1.9387062 1.5274365 1.9727032 1.7262096 2.2712236 1.7761633 1.9472999 2.0432888 2.0431466 2.3255160 1.8182555 1.6725980 1.9912822 1.6702724 2.1647348 2.1974923 2.1540900 
Naumovozyma_dairenensis             1.7523595 2.2506132 0.9695433 0.0000000 1.8512828 1.5608334 1.6941781 1.7171214 2.1123116 1.5681723 2.0355916 2.0797994 1.8442948 2.2883515 2.0415020 1.4517350 1.9797515 1.6529678 1.9967704 2.0922335 2.0902298 
Tetrapisispora_blattae              2.1843648 2.6525025 1.9387062 1.8512828 0.0000000 2.1072687 1.9338831 2.0224706 2.2455823 1.8883800 2.0495971 2.0818343 2.3901256 2.5410242 2.1798622 2.0550964 2.3032059 2.0725615 2.3296131 2.4056618 1.0876177 
yHAB132_Kazachstania_martiniae      1.5548738 1.8090817 1.5274365 1.5608334 2.1072687 0.0000000 1.6859770 1.5295981 1.9835169 1.6576304 1.6890555 1.7003282 1.9190978 2.0556669 1.7391264 1.3526524 2.0514372 1.5375851 1.9653999 1.8180151 2.0465748 
yHAB133_Kazachstania_unispora       1.9252177 1.7934607 1.9727032 1.6941781 1.9338831 1.6859770 0.0000000 1.7938509 1.4466938 0.5456075 1.4977920 1.8704318 2.0294682 1.6966390 1.9546559 1.5893568 0.4402794 1.9873242 0.3752415 1.5337837 2.1535766 
yHAB134_Kazachstania_turicensis     1.7314315 2.1903022 1.7262096 1.7171214 2.0224706 1.5295981 1.7938509 0.0000000 1.9637244 1.7079475 2.0419239 1.6125782 1.6794589 2.3391243 1.4010720 1.5593754 2.0431787 1.0172371 1.9901033 2.1716012 2.0105458 
yHAB136_Kazachstania_bromeliacearum 2.2808042 2.0382157 2.2712236 2.1123116 2.2455823 1.9835169 1.4466938 1.9637244 0.0000000 1.5262980 1.4733722 2.1319320 2.1440637 2.0580347 2.3230250 2.0486730 1.6252999 2.1680358 1.5690498 1.7605085 2.4074519 
yHAB143_Kazachstania_siamensis      1.9029626 1.7598311 1.7761633 1.5681723 1.8883800 1.6576304 0.5456075 1.7079475 1.5262980 0.0000000 1.5304928 1.9341248 1.8342382 1.8045683 1.8767415 1.4973481 0.7585414 1.9325252 0.7354731 1.6053784 1.9378910 
yHAB147_Kazachstania_taianensis     1.8018147 1.6679472 1.9472999 2.0355916 2.0495971 1.6890555 1.4977920 2.0419239 1.4733722 1.5304928 0.0000000 1.8991757 2.1261668 1.8299900 2.1493088 1.9981613 1.6922981 1.9683084 1.7906345 1.7947845 2.4267599 
yHAB148_Kazachstania_intestinalis   1.8473765 1.8527669 2.0432888 2.0797994 2.0818343 1.7003282 1.8704318 1.6125782 2.1319320 1.9341248 1.8991757 0.0000000 1.9190174 2.2582017 1.8870536 1.7090033 2.1102665 1.8755135 2.1033618 2.2539401 2.3266620 
yHAB153_Kazachstania_rosinii        1.8458665 1.5445441 2.0431466 1.8442948 2.3901256 1.9190978 2.0294682 1.6794589 2.1440637 1.8342382 2.1261668 1.9190174 0.0000000 2.5911358 1.5867028 1.8034126 2.1557712 1.6223530 2.2725324 2.5224828 2.6675057 
yHAB154_Kazachstania_transvaalensis 2.3383168 2.2367644 2.3255160 2.2883515 2.5410242 2.0556669 1.6966390 2.3391243 2.0580347 1.8045683 1.8299900 2.2582017 2.5911358 0.0000000 2.4845754 2.2747500 1.8068076 2.4141158 1.7903784 0.3923369 2.7613450 
yHAB155_Kazachstania_spencerorum    1.7203023 2.2207517 1.8182555 2.0415020 2.1798622 1.7391264 1.9546559 1.4010720 2.3230250 1.8767415 2.1493088 1.8870536 1.5867028 2.4845754 0.0000000 1.5499108 2.3290911 1.4289579 2.2894993 2.4278976 2.4251291 
yHAB158_Kazachstania_viticola       1.6708995 2.0367215 1.6725980 1.4517350 2.0550964 1.3526524 1.5893568 1.5593754 2.0486730 1.4973481 1.9981613 1.7090033 1.8034126 2.2747500 1.5499108 0.0000000 1.9197628 1.5521448 1.8506475 2.1335769 2.1797648 
yHAB159_Kazachstania_solicola       1.9232099 2.0823966 1.9912822 1.9797515 2.3032059 2.0514372 0.4402794 2.0431787 1.6252999 0.7585414 1.6922981 2.1102665 2.1557712 1.8068076 2.3290911 1.9197628 0.0000000 2.2736311 0.1109495 1.7571733 2.2558011 
yHAB160_Kazachstania_kunashirensis  1.5895267 2.0254219 1.6702724 1.6529678 2.0725615 1.5375851 1.9873242 1.0172371 2.1680358 1.9325252 1.9683084 1.8755135 1.6223530 2.4141158 1.4289579 1.5521448 2.2736311 0.0000000 2.2806510 2.3104108 2.0947248 
yHAB164_Kazachstania_aerobia        2.0797228 2.0789331 2.1647348 1.9967704 2.3296131 1.9653999 0.3752415 1.9901033 1.5690498 0.7354731 1.7906345 2.1033618 2.2725324 1.7903784 2.2894993 1.8506475 0.1109495 2.2806510 0.0000000 1.7719529 2.3463316 
yHAB166_Kazachstania_yakushimaensis 2.2177070 2.0529787 2.1974923 2.0922335 2.4056618 1.8180151 1.5337837 2.1716012 1.7605085 1.6053784 1.7947845 2.2539401 2.5224828 0.3923369 2.4278976 2.1335769 1.7571733 2.3104108 1.7719529 0.0000000 2.6287672 
yHMPu5000035629_Yueomyces_sinensis  2.2029700 2.7027177 2.1540900 2.0902298 1.0876177 2.0465748 2.1535766 2.0105458 2.4074519 1.9378910 2.4267599 2.3266620 2.6675057 2.7613450 2.4251291 2.1797648 2.2558011 2.0947248 2.3463316 2.6287672 0.0000000 
