21
Kazachstania_africana               0.0000000 1.3712349 1.0437224 1.1559025 1.0897405 1.0779510 1.0330303 1.3295889 1.0928398 1.0997872 1.0260725 1.3726306 1.2055573 1.2497191 1.0950567 1.0927287 1.1202042 0.9341791 1.1237000 1.0323350 1.8823471 
Kazachstania_naganishii             1.3712349 0.0000000 1.0722413 1.3095982 1.4367551 1.3081374 1.1165897 1.2378596 0.8287705 1.0647465 0.9674326 1.1008963 1.1788570 1.3999802 1.0477845 1.1164068 0.9499234 1.3917069 1.0101029 1.0866166 2.2177173 
Naumovozyma_castellii               1.0437224 1.0722413 0.0000000 0.8166865 1.2218642 0.9046455 0.7332115 0.8990701 0.7606003 0.8886299 1.0799961 1.1823900 0.9211720 0.9735397 1.2501492 0.9396587 0.8221573 0.8694713 0.7171420 0.7997775 1.5211597 
Naumovozyma_dairenensis             1.1559025 1.3095982 0.8166865 0.0000000 1.5838509 0.9014834 1.0222405 1.0230802 1.1073982 1.0231168 1.3661895 1.1015805 1.2660133 1.3237329 1.4261011 1.1257488 1.1053711 1.1979973 1.0185736 1.1254828 1.8868365 
Tetrapisispora_blattae              1.0897405 1.4367551 1.2218642 1.5838509 0.0000000 1.1760166 1.2015940 1.3774339 1.3640784 1.2942654 1.5087081 1.4131257 1.3672883 1.4046894 1.3904640 1.4385805 1.1848081 1.3039609 1.2182369 1.2602799 1.4391494 
yHAB132_Kazachstania_martiniae      1.0779510 1.3081374 0.9046455 0.9014834 1.1760166 0.0000000 1.1228896 0.8734760 0.6751896 0.9311880 0.8931586 0.9242650 0.6827063 0.8039168 0.8941294 0.9537531 1.0200957 0.6805779 1.0036908 0.7049807 1.4760449 
yHAB133_Kazachstania_unispora       1.0330303 1.1165897 0.7332115 1.0222405 1.2015940 1.1228896 0.0000000 1.1701058 0.6529631 0.4822526 0.9418553 1.0823512 0.9145804 0.8970259 1.0797775 1.0821101 0.1711715 0.9777876 0.1694254 0.9691539 1.8609693 
yHAB134_Kazachstania_turicensis     1.3295889 1.2378596 0.8990701 1.0230802 1.3774339 0.8734760 1.1701058 0.0000000 0.9775089 1.0345402 1.2645443 1.1215916 0.7573908 1.1069440 1.0053811 0.9330000 1.2189055 0.7483246 1.1251000 1.1375202 1.7256084 
yHAB136_Kazachstania_bromeliacearum 1.0928398 0.8287705 0.7606003 1.1073982 1.3640784 0.6751896 0.6529631 0.9775089 0.0000000 0.7378295 1.0340541 0.9037940 0.8816376 0.9020123 0.9155174 1.0094413 0.6749370 0.8778705 0.7474294 0.8967741 1.7716097 
yHAB143_Kazachstania_siamensis      1.0997872 1.0647465 0.8886299 1.0231168 1.2942654 0.9311880 0.4822526 1.0345402 0.7378295 0.0000000 0.9643148 1.0569305 1.0297941 0.9364300 1.0593305 0.9204560 0.3958262 0.9778502 0.4262288 0.8778154 1.7027856 
yHAB147_Kazachstania_taianensis     1.0260725 0.9674326 1.0799961 1.3661895 1.5087081 0.8931586 0.9418553 1.2645443 1.0340541 0.9643148 0.0000000 1.1342812 1.0467940 1.1607634 1.0542617 1.1532901 0.9151615 1.0232095 0.9250065 1.1189559 1.9788392 
yHAB148_Kazachstania_intestinalis   1.3726306 1.1008963 1.1823900 1.1015805 1.4131257 0.9242650 1.0823512 1.1215916 0.9037940 1.0569305 1.1342812 0.0000000 0.9700729 1.2722082 1.1454022 1.0853368 0.9809211 1.0250265 1.0132551 1.1406451 1.7501511 
yHAB153_Kazachstania_rosinii        1.2055573 1.1788570 0.9211720 1.2660133 1.3672883 0.6827063 0.9145804 0.7573908 0.8816376 1.0297941 1.0467940 0.9700729 0.0000000 1.1861492 0.9751438 0.8748646 1.0787255 0.5488304 0.9771804 0.8845594 2.0629908 
yHAB154_Kazachstania_transvaalensis 1.2497191 1.3999802 0.9735397 1.3237329 1.4046894 0.8039168 0.8970259 1.1069440 0.9020123 0.9364300 1.1607634 1.2722082 1.1861492 0.0000000 1.3512607 1.0865174 0.8171489 1.3034390 0.7630809 0.4643520 1.7642740 
yHAB155_Kazachstania_spencerorum    1.0950567 1.0477845 1.2501492 1.4261011 1.3904640 0.8941294 1.0797775 1.0053811 0.9155174 1.0593305 1.0542617 1.1454022 0.9751438 1.3512607 0.0000000 1.2088714 1.0547656 1.0380437 1.1573169 1.1348472 2.0415763 
yHAB158_Kazachstania_viticola       1.0927287 1.1164068 0.9396587 1.1257488 1.4385805 0.9537531 1.0821101 0.9330000 1.0094413 0.9204560 1.1532901 1.0853368 0.8748646 1.0865174 1.2088714 0.0000000 1.0741729 0.8867536 1.0484710 0.8277124 1.5390967 
yHAB159_Kazachstania_solicola       1.1202042 0.9499234 0.8221573 1.1053711 1.1848081 1.0200957 0.1711715 1.2189055 0.6749370 0.3958262 0.9151615 0.9809211 1.0787255 0.8171489 1.0547656 1.0741729 0.0000000 1.0755967 0.0716045 0.8896703 2.2021827 
yHAB160_Kazachstania_kunashirensis  0.9341791 1.3917069 0.8694713 1.1979973 1.3039609 0.6805779 0.9777876 0.7483246 0.8778705 0.9778502 1.0232095 1.0250265 0.5488304 1.3034390 1.0380437 0.8867536 1.0755967 0.0000000 1.0670802 1.0008600 1.8648564 
yHAB164_Kazachstania_aerobia        1.1237000 1.0101029 0.7171420 1.0185736 1.2182369 1.0036908 0.1694254 1.1251000 0.7474294 0.4262288 0.9250065 1.0132551 0.9771804 0.7630809 1.1573169 1.0484710 0.0716045 1.0670802 0.0000000 0.8202310 2.0102454 
yHAB166_Kazachstania_yakushimaensis 1.0323350 1.0866166 0.7997775 1.1254828 1.2602799 0.7049807 0.9691539 1.1375202 0.8967741 0.8778154 1.1189559 1.1406451 0.8845594 0.4643520 1.1348472 0.8277124 0.8896703 1.0008600 0.8202310 0.0000000 1.4978313 
yHMPu5000035629_Yueomyces_sinensis  1.8823471 2.2177173 1.5211597 1.8868365 1.4391494 1.4760449 1.8609693 1.7256084 1.7716097 1.7027856 1.9788392 1.7501511 2.0629908 1.7642740 2.0415763 1.5390967 2.2021827 1.8648564 2.0102454 1.4978313 0.0000000 
