21
Kazachstania_africana               0.0000000 3.1052991 1.8676737 1.7735858 2.1126450 1.8011856 2.2892120 2.0364491 2.2011151 2.5047043 2.9052778 2.2129932 2.0409539 2.8026301 1.9033695 1.6546963 2.2004222 1.6931274 2.1917895 3.0018222 2.1120797 
Kazachstania_naganishii             3.1052991 0.0000000 2.6038192 2.9159032 2.7515867 2.9796693 2.9585198 3.5807303 2.5094325 2.9926165 1.9880742 2.8316746 2.8467021 3.4099733 3.7109867 3.4769961 2.5954468 3.3438527 2.7530185 3.6756189 2.9319300 
Naumovozyma_castellii               1.8676737 2.6038192 0.0000000 1.1801994 1.9221516 1.7253101 2.1908327 2.1152170 1.7898045 2.2693799 2.5892544 2.3491241 2.1244890 2.9158183 1.8752305 1.7875845 2.1819457 1.7778716 2.1778351 3.0220253 1.8530792 
Naumovozyma_dairenensis             1.7735858 2.9159032 1.1801994 0.0000000 1.7882868 1.7317802 1.9087487 2.3586707 1.7876492 2.0594381 2.6975274 2.3909704 2.3946886 3.0898594 1.9211916 1.8445012 2.0983246 1.8217252 1.9883563 3.1645739 1.8255046 
Tetrapisispora_blattae              2.1126450 2.7515867 1.9221516 1.7882868 0.0000000 2.1710026 2.6060311 2.4810281 2.2863011 2.6492494 2.9682757 2.8918552 2.2915340 3.5574404 2.5151046 2.3302168 2.6946358 2.1711000 2.5603929 3.5610924 1.6448422 
yHAB132_Kazachstania_martiniae      1.8011856 2.9796693 1.7253101 1.7317802 2.1710026 0.0000000 2.3196497 1.9635261 2.1188483 2.3036476 2.7059760 2.3006145 2.0518378 3.2786698 2.0435335 1.8876049 2.4246739 1.8049199 2.2739229 3.2098002 2.0410599 
yHAB133_Kazachstania_unispora       2.2892120 2.9585198 2.1908327 1.9087487 2.6060311 2.3196497 0.0000000 2.3239491 1.6200043 0.7828037 2.4466295 2.8893603 2.6877930 2.9274659 2.2051209 2.5876690 0.8221539 2.2422768 0.7842461 2.8141236 2.3983165 
yHAB134_Kazachstania_turicensis     2.0364491 3.5807303 2.1152170 2.3586707 2.4810281 1.9635261 2.3239491 0.0000000 2.0830898 2.3713213 3.0711489 2.9132032 2.1650839 2.9316989 1.7924011 2.0609152 2.5059120 1.3993842 2.3543546 2.8953148 2.3359611 
yHAB136_Kazachstania_bromeliacearum 2.2011151 2.5094325 1.7898045 1.7876492 2.2863011 2.1188483 1.6200043 2.0830898 0.0000000 1.6548835 2.0487425 2.5970447 2.4363479 2.7205563 2.0554269 2.2134398 1.7627627 1.9191854 1.6702448 2.6540973 2.3913394 
yHAB143_Kazachstania_siamensis      2.5047043 2.9926165 2.2693799 2.0594381 2.6492494 2.3036476 0.7828037 2.3713213 1.6548835 0.0000000 2.4215911 2.9752788 2.9006539 2.7542307 2.2808982 2.5696980 0.9624959 2.3479239 0.9320006 2.6996555 2.6013501 
yHAB147_Kazachstania_taianensis     2.9052778 1.9880742 2.5892544 2.6975274 2.9682757 2.7059760 2.4466295 3.0711489 2.0487425 2.4215911 0.0000000 2.7589984 2.3996628 3.4700487 3.1169175 3.0629435 2.0909598 3.1314653 2.3747049 3.5628411 3.1308421 
yHAB148_Kazachstania_intestinalis   2.2129932 2.8316746 2.3491241 2.3909704 2.8918552 2.3006145 2.8893603 2.9132032 2.5970447 2.9752788 2.7589984 0.0000000 2.8076913 3.7713025 2.9427313 2.6865072 2.7704441 2.5682407 2.9196990 3.9932404 2.9350447 
yHAB153_Kazachstania_rosinii        2.0409539 2.8467021 2.1244890 2.3946886 2.2915340 2.0518378 2.6877930 2.1650839 2.4363479 2.9006539 2.3996628 2.8076913 0.0000000 3.1825353 2.1739286 2.2068003 2.2821398 1.9285638 2.4468982 3.3864528 2.4113408 
yHAB154_Kazachstania_transvaalensis 2.8026301 3.4099733 2.9158183 3.0898594 3.5574404 3.2786698 2.9274659 2.9316989 2.7205563 2.7542307 3.4700487 3.7713025 3.1825353 0.0000000 3.0155727 2.9270017 2.7817551 2.8540771 2.7553479 0.6665480 3.5049793 
yHAB155_Kazachstania_spencerorum    1.9033695 3.7109867 1.8752305 1.9211916 2.5151046 2.0435335 2.2051209 1.7924011 2.0554269 2.2808982 3.1169175 2.9427313 2.1739286 3.0155727 0.0000000 1.7556143 2.4577775 1.4151994 2.3296094 2.9898424 2.2673298 
yHAB158_Kazachstania_viticola       1.6546963 3.4769961 1.7875845 1.8445012 2.3302168 1.8876049 2.5876690 2.0609152 2.2134398 2.5696980 3.0629435 2.6865072 2.2068003 2.9270017 1.7556143 0.0000000 2.6636612 1.7276125 2.4351539 3.0355887 2.4242471 
yHAB159_Kazachstania_solicola       2.2004222 2.5954468 2.1819457 2.0983246 2.6946358 2.4246739 0.8221539 2.5059120 1.7627627 0.9624959 2.0909598 2.7704441 2.2821398 2.7817551 2.4577775 2.6636612 0.0000000 2.3240557 0.3944546 2.8975534 2.7807700 
yHAB160_Kazachstania_kunashirensis  1.6931274 3.3438527 1.7778716 1.8217252 2.1711000 1.8049199 2.2422768 1.3993842 1.9191854 2.3479239 3.1314653 2.5682407 1.9285638 2.8540771 1.4151994 1.7276125 2.3240557 0.0000000 2.1982438 2.7901556 2.1926656 
yHAB164_Kazachstania_aerobia        2.1917895 2.7530185 2.1778351 1.9883563 2.5603929 2.2739229 0.7842461 2.3543546 1.6702448 0.9320006 2.3747049 2.9196990 2.4468982 2.7553479 2.3296094 2.4351539 0.3944546 2.1982438 0.0000000 2.7362738 2.6640445 
yHAB166_Kazachstania_yakushimaensis 3.0018222 3.6756189 3.0220253 3.1645739 3.5610924 3.2098002 2.8141236 2.8953148 2.6540973 2.6996555 3.5628411 3.9932404 3.3864528 0.6665480 2.9898424 3.0355887 2.8975534 2.7901556 2.7362738 0.0000000 3.9043635 
yHMPu5000035629_Yueomyces_sinensis  2.1120797 2.9319300 1.8530792 1.8255046 1.6448422 2.0410599 2.3983165 2.3359611 2.3913394 2.6013501 3.1308421 2.9350447 2.4113408 3.5049793 2.2673298 2.4242471 2.7807700 2.1926656 2.6640445 3.9043635 0.0000000 
