21
Kazachstania_africana               0.0000000 2.1357840 1.9838020 2.1361008 2.4607425 1.6292325 2.0838844 1.9909099 1.7333845 2.0257822 2.0206595 2.5386952 2.3387449 1.9024168 1.9522628 1.9168002 2.1690227 1.7643447 2.1232088 1.8857695 2.6754144 
Kazachstania_naganishii             2.1357840 0.0000000 1.9836442 2.0762129 2.6284868 1.6581277 2.0150675 2.3113390 1.6268602 2.0075745 1.9225211 2.3812051 2.1830083 2.1580670 2.4410552 2.0542577 2.0105373 2.0633436 1.9704727 1.8890994 3.7544335 
Naumovozyma_castellii               1.9838020 1.9836442 0.0000000 1.4954337 2.6092330 1.3397896 1.8054084 1.8830631 1.3998107 1.6806237 1.7384013 2.4398852 2.2105630 1.8923083 1.7445393 1.7764886 1.8751064 1.6214952 1.9222101 1.7743878 3.0053957 
Naumovozyma_dairenensis             2.1361008 2.0762129 1.4954337 0.0000000 2.2166694 1.1202827 1.5481851 1.7755733 1.4051881 1.6007882 1.8904103 2.4611223 2.4753749 1.7841620 1.8483413 1.6312183 1.7058976 1.5070507 1.7312265 1.7204726 2.8012674 
Tetrapisispora_blattae              2.4607425 2.6284868 2.6092330 2.2166694 0.0000000 1.6740307 2.1428129 2.3463586 2.0988493 2.2624802 2.6333123 2.8780588 2.7602644 2.2129606 2.2040127 2.2793832 2.2483892 2.1605510 2.2721125 2.2001302 2.3928250 
yHAB132_Kazachstania_martiniae      1.6292325 1.6581277 1.3397896 1.1202827 1.6740307 0.0000000 1.0358738 1.3407312 1.1257848 0.9983577 0.9844935 1.6064052 1.9586992 0.9932409 1.3857770 1.0362935 1.0537311 1.1295953 1.0532935 1.0036346 2.2645260 
yHAB133_Kazachstania_unispora       2.0838844 2.0150675 1.8054084 1.5481851 2.1428129 1.0358738 0.0000000 1.7663916 1.1172076 0.5682990 1.4350615 2.3703882 2.5016483 1.2958435 1.5550721 1.5354356 0.4526132 1.5517058 0.4475655 1.3574485 2.4307425 
yHAB134_Kazachstania_turicensis     1.9909099 2.3113390 1.8830631 1.7755733 2.3463586 1.3407312 1.7663916 0.0000000 1.6384561 1.9055154 1.9850149 2.6871547 2.4185983 1.9008663 1.7626221 1.8646122 1.7947928 1.0544623 1.8523907 1.7908252 3.4405038 
yHAB136_Kazachstania_bromeliacearum 1.7333845 1.6268602 1.3998107 1.4051881 2.0988493 1.1257848 1.1172076 1.6384561 0.0000000 1.1735174 1.3239552 2.0517737 2.0113827 1.3936442 1.5240609 1.5097207 1.1226783 1.5010413 1.1963460 1.2916135 2.7430419 
yHAB143_Kazachstania_siamensis      2.0257822 2.0075745 1.6806237 1.6007882 2.2624802 0.9983577 0.5682990 1.9055154 1.1735174 0.0000000 1.4604875 2.2380743 2.4030411 1.4344478 1.5514682 1.5774846 0.7186817 1.5033600 0.7364777 1.5702494 2.8030351 
yHAB147_Kazachstania_taianensis     2.0206595 1.9225211 1.7384013 1.8904103 2.6333123 0.9844935 1.4350615 1.9850149 1.3239552 1.4604875 0.0000000 2.1726305 2.0975081 1.3749773 1.7236917 1.4189518 1.4288009 1.5666256 1.5362332 1.3197391 3.5660469 
yHAB148_Kazachstania_intestinalis   2.5386952 2.3812051 2.4398852 2.4611223 2.8780588 1.6064052 2.3703882 2.6871547 2.0517737 2.2380743 2.1726305 0.0000000 2.3781493 2.6142467 2.3743488 2.3956918 2.3864538 2.2985084 2.5076033 2.3471875 3.9158141 
yHAB153_Kazachstania_rosinii        2.3387449 2.1830083 2.2105630 2.4753749 2.7602644 1.9586992 2.5016483 2.4185983 2.0113827 2.4030411 2.0975081 2.3781493 0.0000000 2.6108008 2.1747275 2.1133992 2.3499354 2.0013069 2.3949626 2.4492775 4.5568286 
yHAB154_Kazachstania_transvaalensis 1.9024168 2.1580670 1.8923083 1.7841620 2.2129606 0.9932409 1.2958435 1.9008663 1.3936442 1.4344478 1.3749773 2.6142467 2.6108008 0.0000000 1.8375560 1.6050174 1.4340086 1.6322220 1.3759892 0.4514580 2.8132534 
yHAB155_Kazachstania_spencerorum    1.9522628 2.4410552 1.7445393 1.8483413 2.2040127 1.3857770 1.5550721 1.7626221 1.5240609 1.5514682 1.7236917 2.3743488 2.1747275 1.8375560 0.0000000 1.6424927 1.7463631 1.4263553 1.6616757 1.8288927 2.6364676 
yHAB158_Kazachstania_viticola       1.9168002 2.0542577 1.7764886 1.6312183 2.2793832 1.0362935 1.5354356 1.8646122 1.5097207 1.5774846 1.4189518 2.3956918 2.1133992 1.6050174 1.6424927 0.0000000 1.5117311 1.3953805 1.5294533 1.5691995 2.9645818 
yHAB159_Kazachstania_solicola       2.1690227 2.0105373 1.8751064 1.7058976 2.2483892 1.0537311 0.4526132 1.7947928 1.1226783 0.7186817 1.4288009 2.3864538 2.3499354 1.4340086 1.7463631 1.5117311 0.0000000 1.6160360 0.1279072 1.5426728 2.6800218 
yHAB160_Kazachstania_kunashirensis  1.7643447 2.0633436 1.6214952 1.5070507 2.1605510 1.1295953 1.5517058 1.0544623 1.5010413 1.5033600 1.5666256 2.2985084 2.0013069 1.6322220 1.4263553 1.3953805 1.6160360 0.0000000 1.6008846 1.5298036 3.0056380 
yHAB164_Kazachstania_aerobia        2.1232088 1.9704727 1.9222101 1.7312265 2.2721125 1.0532935 0.4475655 1.8523907 1.1963460 0.7364777 1.5362332 2.5076033 2.3949626 1.3759892 1.6616757 1.5294533 0.1279072 1.6008846 0.0000000 1.5122429 2.6405736 
yHAB166_Kazachstania_yakushimaensis 1.8857695 1.8890994 1.7743878 1.7204726 2.2001302 1.0036346 1.3574485 1.7908252 1.2916135 1.5702494 1.3197391 2.3471875 2.4492775 0.4514580 1.8288927 1.5691995 1.5426728 1.5298036 1.5122429 0.0000000 2.9421478 
yHMPu5000035629_Yueomyces_sinensis  2.6754144 3.7544335 3.0053957 2.8012674 2.3928250 2.2645260 2.4307425 3.4405038 2.7430419 2.8030351 3.5660469 3.9158141 4.5568286 2.8132534 2.6364676 2.9645818 2.6800218 3.0056380 2.6405736 2.9421478 0.0000000 
