21
Kazachstania_africana               0.0000000 2.3061616 1.1785194 1.1372271 1.5201989 1.2752334 3.0570405 1.1433495 1.1488313 3.4469855 3.4740120 1.6673489 1.1159858 2.6122947 1.1781647 2.1195699 2.9817335 0.9907374 3.0037293 2.4223497 1.7534307 
Kazachstania_naganishii             2.3061616 0.0000000 2.6453976 2.5606944 2.6431383 2.4978335 3.5660974 2.3816329 2.2082378 4.0159483 2.2504848 2.4742785 2.1367554 2.8743049 2.3059791 3.3779265 3.3015188 2.3554776 3.4373357 3.0341798 2.6718350 
Naumovozyma_castellii               1.1785194 2.6453976 0.0000000 0.7698052 1.3257831 1.3969640 3.0103436 1.2867321 1.1818977 3.4101973 3.3543728 1.5662725 1.1775897 2.4535320 1.2588272 2.0047134 2.8885556 1.1017814 2.9117546 2.4777474 1.5275530 
Naumovozyma_dairenensis             1.1372271 2.5606944 0.7698052 0.0000000 1.3110089 1.3432223 2.7663970 1.4018016 1.2207285 3.4278697 3.6796752 1.7255085 1.3157385 2.1794953 1.2156758 1.8586371 2.7786436 1.0560156 2.7720614 2.2879879 1.4725900 
Tetrapisispora_blattae              1.5201989 2.6431383 1.3257831 1.3110089 0.0000000 1.4550742 3.0507445 1.1105181 1.2564402 3.6367131 3.7400936 1.6061428 1.1670351 2.8491428 1.1648717 2.3690816 2.9167493 1.1213511 2.9421896 2.6960768 0.6754710 
yHAB132_Kazachstania_martiniae      1.2752334 2.4978335 1.3969640 1.3432223 1.4550742 0.0000000 3.1763879 1.1797536 1.1700399 3.6563472 3.4158527 1.6504074 1.2143801 2.7668022 1.0712556 1.9224907 3.0063511 1.0562797 3.0583077 2.5661045 1.6329020 
yHAB133_Kazachstania_unispora       3.0570405 3.5660974 3.0103436 2.7663970 3.0507445 3.1763879 0.0000000 3.0853512 2.8672208 1.1072000 4.4286806 3.4489652 2.9554235 3.0254335 2.9973394 3.0642459 0.3904677 2.7654356 0.3414843 2.5991632 3.3920240 
yHAB134_Kazachstania_turicensis     1.1433495 2.3816329 1.2867321 1.4018016 1.1105181 1.1797536 3.0853512 0.0000000 1.0703716 3.3559942 3.7265723 1.3621224 0.9129669 2.7482942 0.8659886 2.1111660 3.0036518 0.5675012 2.9619214 2.3837402 1.2957729 
yHAB136_Kazachstania_bromeliacearum 1.1488313 2.2082378 1.1818977 1.2207285 1.2564402 1.1700399 2.8672208 1.0703716 0.0000000 3.5634680 3.4484033 1.4172269 0.9313284 2.4088308 0.9840665 1.9226642 2.7876511 0.9897499 2.7909091 2.3709897 1.3317227 
yHAB143_Kazachstania_siamensis      3.4469855 4.0159483 3.4101973 3.4278697 3.6367131 3.6563472 1.1072000 3.3559942 3.5634680 0.0000000 5.1575740 4.0358581 3.4786459 3.0346160 3.7677357 3.4854599 1.1895390 3.1223371 1.1097270 3.0289976 4.0295642 
yHAB147_Kazachstania_taianensis     3.4740120 2.2504848 3.3543728 3.6796752 3.7400936 3.4158527 4.4286806 3.7265723 3.4484033 5.1575740 0.0000000 3.0611126 3.2206439 3.3504224 3.3444543 5.3816110 4.0350017 3.3358360 4.1250002 3.6038543 3.6825437 
yHAB148_Kazachstania_intestinalis   1.6673489 2.4742785 1.5662725 1.7255085 1.6061428 1.6504074 3.4489652 1.3621224 1.4172269 4.0358581 3.0611126 0.0000000 1.2661525 3.0894421 1.4970128 2.5666510 3.3928755 1.3871564 3.4795755 3.1869888 1.7461076 
yHAB153_Kazachstania_rosinii        1.1159858 2.1367554 1.1775897 1.3157385 1.1670351 1.2143801 2.9554235 0.9129669 0.9313284 3.4786459 3.2206439 1.2661525 0.0000000 2.8272239 0.7932113 2.0417800 3.0924302 0.7658389 3.1290660 2.6174258 1.3023877 
yHAB154_Kazachstania_transvaalensis 2.6122947 2.8743049 2.4535320 2.1794953 2.8491428 2.7668022 3.0254335 2.7482942 2.4088308 3.0346160 3.3504224 3.0894421 2.8272239 0.0000000 2.5845123 3.0156551 3.0205711 2.4031248 3.0025695 0.8428365 2.8076365 
yHAB155_Kazachstania_spencerorum    1.1781647 2.3059791 1.2588272 1.2156758 1.1648717 1.0712556 2.9973394 0.8659886 0.9840665 3.7677357 3.3444543 1.4970128 0.7932113 2.5845123 0.0000000 1.8767245 3.0255139 0.6198010 2.8850188 2.4954817 1.3864385 
yHAB158_Kazachstania_viticola       2.1195699 3.3779265 2.0047134 1.8586371 2.3690816 1.9224907 3.0642459 2.1111660 1.9226642 3.4854599 5.3816110 2.5666510 2.0417800 3.0156551 1.8767245 0.0000000 2.8174158 1.9257623 2.9308522 3.2156211 2.6822807 
yHAB159_Kazachstania_solicola       2.9817335 3.3015188 2.8885556 2.7786436 2.9167493 3.0063511 0.3904677 3.0036518 2.7876511 1.1895390 4.0350017 3.3928755 3.0924302 3.0205711 3.0255139 2.8174158 0.0000000 2.6380095 0.1379589 2.7141005 3.0304045 
yHAB160_Kazachstania_kunashirensis  0.9907374 2.3554776 1.1017814 1.0560156 1.1213511 1.0562797 2.7654356 0.5675012 0.9897499 3.1223371 3.3358360 1.3871564 0.7658389 2.4031248 0.6198010 1.9257623 2.6380095 0.0000000 2.6151124 2.1548145 1.2803414 
yHAB164_Kazachstania_aerobia        3.0037293 3.4373357 2.9117546 2.7720614 2.9421896 3.0583077 0.3414843 2.9619214 2.7909091 1.1097270 4.1250002 3.4795755 3.1290660 3.0025695 2.8850188 2.9308522 0.1379589 2.6151124 0.0000000 2.7254913 2.9746880 
yHAB166_Kazachstania_yakushimaensis 2.4223497 3.0341798 2.4777474 2.2879879 2.6960768 2.5661045 2.5991632 2.3837402 2.3709897 3.0289976 3.6038543 3.1869888 2.6174258 0.8428365 2.4954817 3.2156211 2.7141005 2.1548145 2.7254913 0.0000000 2.6239672 
yHMPu5000035629_Yueomyces_sinensis  1.7534307 2.6718350 1.5275530 1.4725900 0.6754710 1.6329020 3.3920240 1.2957729 1.3317227 4.0295642 3.6825437 1.7461076 1.3023877 2.8076365 1.3864385 2.6822807 3.0304045 1.2803414 2.9746880 2.6239672 0.0000000 
