21
Kazachstania_africana               0.0000000 1.1631667 0.6407826 0.5690173 0.7305704 0.4769514 0.8307623 0.6771562 0.5967869 0.7052159 0.9002002 1.0855444 0.7324690 0.8602556 0.7963603 0.5023697 0.8228089 0.6687770 0.7948545 0.8477872 0.7914672 
Kazachstania_naganishii             1.1631667 0.0000000 1.2889163 1.2606052 1.2562481 1.3469952 1.1701471 1.4515131 1.1126705 1.1589717 0.8620669 1.2047086 1.0739586 1.3492897 1.4708932 1.2747622 1.1504152 1.5459462 1.2368616 1.2993184 1.3759690 
Naumovozyma_castellii               0.6407826 1.2889163 0.0000000 0.4054938 0.7668787 0.6720584 0.8838162 0.8182632 0.6852875 0.7956412 1.0478421 1.2064330 0.9294905 0.8508724 1.0204568 0.5886543 0.8043454 0.8202074 0.7647742 0.8285440 0.8546044 
Naumovozyma_dairenensis             0.5690173 1.2606052 0.4054938 0.0000000 0.5470897 0.5160941 0.7713499 0.6772328 0.4655724 0.5950531 0.9233215 0.9664206 0.6115577 0.6713410 0.7172368 0.4414130 0.8248147 0.6643331 0.6932951 0.6697051 0.6238910 
Tetrapisispora_blattae              0.7305704 1.2562481 0.7668787 0.5470897 0.0000000 0.6160446 0.5871558 0.7322288 0.4950153 0.5362056 0.9058554 0.9707396 0.7121105 0.7079119 0.6601697 0.5188287 0.6267443 0.7164702 0.5322850 0.5894955 0.3622319 
yHAB132_Kazachstania_martiniae      0.4769514 1.3469952 0.6720584 0.5160941 0.6160446 0.0000000 0.7059718 0.5671891 0.3708302 0.5861103 0.8823615 1.0855959 0.5715942 0.6143356 0.7281305 0.3574822 0.7026381 0.5645626 0.6151210 0.5460518 0.6039410 
yHAB133_Kazachstania_unispora       0.8307623 1.1701471 0.8838162 0.7713499 0.5871558 0.7059718 0.0000000 0.7128753 0.4702587 0.3226002 0.8686950 1.0804254 0.8394974 0.6200123 0.7915125 0.5816842 0.3174118 0.8153421 0.2266318 0.4955290 0.6589153 
yHAB134_Kazachstania_turicensis     0.6771562 1.4515131 0.8182632 0.6772328 0.7322288 0.5671891 0.7128753 0.0000000 0.6673253 0.7066756 0.8924443 1.0476854 0.8201993 0.7749254 0.8424833 0.6027364 0.8222481 0.3661883 0.7574118 0.7359754 0.7860114 
yHAB136_Kazachstania_bromeliacearum 0.5967869 1.1126705 0.6852875 0.4655724 0.4950153 0.3708302 0.4702587 0.6673253 0.0000000 0.4333456 0.7467988 1.0975840 0.5549977 0.4350472 0.5545120 0.4107728 0.5173874 0.6897776 0.4568977 0.3963048 0.6470152 
yHAB143_Kazachstania_siamensis      0.7052159 1.1589717 0.7956412 0.5950531 0.5362056 0.5861103 0.3226002 0.7066756 0.4333456 0.0000000 0.7779295 1.0505969 0.7351404 0.5868368 0.7365083 0.4863962 0.3518990 0.7000410 0.2229390 0.4926910 0.5217382 
yHAB147_Kazachstania_taianensis     0.9002002 0.8620669 1.0478421 0.9233215 0.9058554 0.8823615 0.8686950 0.8924443 0.7467988 0.7779295 0.0000000 1.1401235 0.7643814 0.8469157 0.9440291 0.7973049 0.7501643 0.8159629 0.8315320 0.8315971 0.9980758 
yHAB148_Kazachstania_intestinalis   1.0855444 1.2047086 1.2064330 0.9664206 0.9707396 1.0855959 1.0804254 1.0476854 1.0975840 1.0505969 1.1401235 0.0000000 1.0329973 1.2418815 1.2122614 1.0964001 1.0575799 1.1420564 1.0727627 1.2387539 1.1776424 
yHAB153_Kazachstania_rosinii        0.7324690 1.0739586 0.9294905 0.6115577 0.7121105 0.5715942 0.8394974 0.8201993 0.5549977 0.7351404 0.7643814 1.0329973 0.0000000 0.8565314 0.7359005 0.6360082 0.8547606 0.7753581 0.8750361 0.8288784 0.8258926 
yHAB154_Kazachstania_transvaalensis 0.8602556 1.3492897 0.8508724 0.6713410 0.7079119 0.6143356 0.6200123 0.7749254 0.4350472 0.5868368 0.8469157 1.2418815 0.8565314 0.0000000 0.9172573 0.5403034 0.6531034 0.8204327 0.5733542 0.2303238 0.7758897 
yHAB155_Kazachstania_spencerorum    0.7963603 1.4708932 1.0204568 0.7172368 0.6601697 0.7281305 0.7915125 0.8424833 0.5545120 0.7365083 0.9440291 1.2122614 0.7359005 0.9172573 0.0000000 0.7239363 0.9242096 0.8322641 0.8292248 0.8739488 0.8657529 
yHAB158_Kazachstania_viticola       0.5023697 1.2747622 0.5886543 0.4414130 0.5188287 0.3574822 0.5816842 0.6027364 0.4107728 0.4863962 0.7973049 1.0964001 0.6360082 0.5403034 0.7239363 0.0000000 0.6051854 0.5390839 0.5432069 0.4735073 0.6122417 
yHAB159_Kazachstania_solicola       0.8228089 1.1504152 0.8043454 0.8248147 0.6267443 0.7026381 0.3174118 0.8222481 0.5173874 0.3518990 0.7501643 1.0575799 0.8547606 0.6531034 0.9242096 0.6051854 0.0000000 0.8832467 0.1591404 0.5881155 0.6353242 
yHAB160_Kazachstania_kunashirensis  0.6687770 1.5459462 0.8202074 0.6643331 0.7164702 0.5645626 0.8153421 0.3661883 0.6897776 0.7000410 0.8159629 1.1420564 0.7753581 0.8204327 0.8322641 0.5390839 0.8832467 0.0000000 0.7742383 0.7185388 0.6445449 
yHAB164_Kazachstania_aerobia        0.7948545 1.2368616 0.7647742 0.6932951 0.5322850 0.6151210 0.2266318 0.7574118 0.4568977 0.2229390 0.8315320 1.0727627 0.8750361 0.5733542 0.8292248 0.5432069 0.1591404 0.7742383 0.0000000 0.4956978 0.4987478 
yHAB166_Kazachstania_yakushimaensis 0.8477872 1.2993184 0.8285440 0.6697051 0.5894955 0.5460518 0.4955290 0.7359754 0.3963048 0.4926910 0.8315971 1.2387539 0.8288784 0.2303238 0.8739488 0.4735073 0.5881155 0.7185388 0.4956978 0.0000000 0.6463108 
yHMPu5000035629_Yueomyces_sinensis  0.7914672 1.3759690 0.8546044 0.6238910 0.3622319 0.6039410 0.6589153 0.7860114 0.6470152 0.5217382 0.9980758 1.1776424 0.8258926 0.7758897 0.8657529 0.6122417 0.6353242 0.6445449 0.4987478 0.6463108 0.0000000 
