21
Kazachstania_africana               0.0000000 0.8527323 0.5577032 0.4890253 0.6586081 0.4642296 0.8075683 0.5604242 0.5957765 0.9082100 1.0709905 0.6716898 0.7328519 0.9302915 0.6752209 0.4866162 0.9190302 0.3932840 0.8820916 0.7799887 0.7631235 
Kazachstania_naganishii             0.8527323 0.0000000 0.8144510 0.9713437 1.2093012 0.8742577 0.8212070 1.1544297 0.7475259 0.7187002 0.5530080 0.7325359 0.8150282 0.8755265 1.0838484 0.9204601 0.7415536 0.8740128 0.7674716 0.8024963 1.4103041 
Naumovozyma_castellii               0.5577032 0.8144510 0.0000000 0.4177521 0.7532476 0.4874770 0.7868615 0.6811537 0.5231885 0.7716859 0.9770117 0.5794236 0.6651304 0.7659681 0.6222106 0.5256765 0.8067333 0.5078125 0.8118743 0.7461371 0.7815182 
Naumovozyma_dairenensis             0.4890253 0.9713437 0.4177521 0.0000000 0.6720770 0.4605803 0.8392843 0.6190830 0.5192021 0.8243968 1.1257091 0.6911444 0.7561335 0.7934658 0.5952990 0.3764059 1.0112142 0.4387639 0.9820704 0.7290032 0.7152837 
Tetrapisispora_blattae              0.6586081 1.2093012 0.7532476 0.6720770 0.0000000 0.6611921 0.9555098 0.8210647 0.8863251 1.2016772 1.6179896 0.9468203 1.2270909 1.2611898 0.8582335 0.7207856 1.1386761 0.8060474 1.1373853 1.0746330 0.5095366 
yHAB132_Kazachstania_martiniae      0.4642296 0.8742577 0.4874770 0.4605803 0.6611921 0.0000000 0.6355969 0.6454663 0.5110089 0.7688271 1.0213964 0.5004419 0.5805840 0.8415817 0.5449976 0.4742723 0.7132992 0.3948090 0.7128317 0.7016946 0.8022631 
yHAB133_Kazachstania_unispora       0.8075683 0.8212070 0.7868615 0.8392843 0.9555098 0.6355969 0.0000000 0.7645273 0.5938934 0.3591010 0.6562535 0.8592497 0.7998420 0.6503014 0.7344100 0.7462021 0.2907493 0.6675226 0.2553181 0.6561580 1.1766543 
yHAB134_Kazachstania_turicensis     0.5604242 1.1544297 0.6811537 0.6190830 0.8210647 0.6454663 0.7645273 0.0000000 0.8305093 0.9183329 1.1436730 0.8014986 0.8141520 0.8828873 0.6557327 0.6234903 0.9520464 0.5065198 0.8812551 0.7330261 0.7828755 
yHAB136_Kazachstania_bromeliacearum 0.5957765 0.7475259 0.5231885 0.5192021 0.8863251 0.5110089 0.5938934 0.8305093 0.0000000 0.6402999 0.9062755 0.6484665 0.7086652 0.6395020 0.7476713 0.4704767 0.6992505 0.5640669 0.6796977 0.5354763 0.8547000 
yHAB143_Kazachstania_siamensis      0.9082100 0.7187002 0.7716859 0.8243968 1.2016772 0.7688271 0.3591010 0.9183329 0.6402999 0.0000000 0.5444111 0.7045742 0.7521494 0.6511014 0.7347922 0.7907639 0.3795555 0.7525450 0.3904973 0.6208370 1.2333731 
yHAB147_Kazachstania_taianensis     1.0709905 0.5530080 0.9770117 1.1257091 1.6179896 1.0213964 0.6562535 1.1436730 0.9062755 0.5444111 0.0000000 0.8374765 0.6760888 0.8031658 0.9421778 1.0444991 0.5308426 0.9660976 0.6452055 0.7972523 1.5169887 
yHAB148_Kazachstania_intestinalis   0.6716898 0.7325359 0.5794236 0.6911444 0.9468203 0.5004419 0.8592497 0.8014986 0.6484665 0.7045742 0.8374765 0.0000000 0.6596383 0.8049992 0.7481620 0.7516291 0.7701902 0.7071811 0.7229141 0.8350593 1.0146903 
yHAB153_Kazachstania_rosinii        0.7328519 0.8150282 0.6651304 0.7561335 1.2270909 0.5805840 0.7998420 0.8141520 0.7086652 0.7521494 0.6760888 0.6596383 0.0000000 0.9210398 0.6617208 0.7728134 0.7614527 0.5391306 0.7511537 0.8466832 1.2769417 
yHAB154_Kazachstania_transvaalensis 0.9302915 0.8755265 0.7659681 0.7934658 1.2611898 0.8415817 0.6503014 0.8828873 0.6395020 0.6511014 0.8031658 0.8049992 0.9210398 0.0000000 0.8805905 0.7445591 0.7904739 0.8480024 0.7154079 0.1793987 1.2682093 
yHAB155_Kazachstania_spencerorum    0.6752209 1.0838484 0.6222106 0.5952990 0.8582335 0.5449976 0.7344100 0.6557327 0.7476713 0.7347922 0.9421778 0.7481620 0.6617208 0.8805905 0.0000000 0.6453083 0.8687864 0.4267171 0.7869349 0.8112909 0.9064909 
yHAB158_Kazachstania_viticola       0.4866162 0.9204601 0.5256765 0.3764059 0.7207856 0.4742723 0.7462021 0.6234903 0.4704767 0.7907639 1.0444991 0.7516291 0.7728134 0.7445591 0.6453083 0.0000000 0.9403288 0.4216273 0.8777094 0.7532067 0.8294138 
yHAB159_Kazachstania_solicola       0.9190302 0.7415536 0.8067333 1.0112142 1.1386761 0.7132992 0.2907493 0.9520464 0.6992505 0.3795555 0.5308426 0.7701902 0.7614527 0.7904739 0.8687864 0.9403288 0.0000000 0.8325010 0.1308072 0.7396080 1.4061344 
yHAB160_Kazachstania_kunashirensis  0.3932840 0.8740128 0.5078125 0.4387639 0.8060474 0.3948090 0.6675226 0.5065198 0.5640669 0.7525450 0.9660976 0.7071811 0.5391306 0.8480024 0.4267171 0.4216273 0.8325010 0.0000000 0.7959539 0.7598557 0.7747595 
yHAB164_Kazachstania_aerobia        0.8820916 0.7674716 0.8118743 0.9820704 1.1373853 0.7128317 0.2553181 0.8812551 0.6796977 0.3904973 0.6452055 0.7229141 0.7511537 0.7154079 0.7869349 0.8777094 0.1308072 0.7959539 0.0000000 0.7121648 1.2654055 
yHAB166_Kazachstania_yakushimaensis 0.7799887 0.8024963 0.7461371 0.7290032 1.0746330 0.7016946 0.6561580 0.7330261 0.5354763 0.6208370 0.7972523 0.8350593 0.8466832 0.1793987 0.8112909 0.7532067 0.7396080 0.7598557 0.7121648 0.0000000 1.0578085 
yHMPu5000035629_Yueomyces_sinensis  0.7631235 1.4103041 0.7815182 0.7152837 0.5095366 0.8022631 1.1766543 0.7828755 0.8547000 1.2333731 1.5169887 1.0146903 1.2769417 1.2682093 0.9064909 0.8294138 1.4061344 0.7747595 1.2654055 1.0578085 0.0000000 
