21
Kazachstania_africana               0.0000000 2.2968843 2.1964354 2.1187869 3.0726223 2.6822281 2.1140270 2.4024295 2.1501928 2.0144778 2.2210413 2.4540800 2.2351896 2.3650869 2.4444898 2.5912947 2.1513049 2.4538411 2.1958881 2.2103498 3.3904759 
Kazachstania_naganishii             2.2968843 0.0000000 1.6781824 1.9161902 2.7478492 1.9905858 1.8247839 2.3699217 1.5940570 1.8297394 1.5483467 1.9042961 1.6900352 1.7667624 2.1928689 2.1324733 1.6597852 2.1179207 1.7615619 1.7928604 3.4499996 
Naumovozyma_castellii               2.1964354 1.6781824 0.0000000 0.8681753 2.3660611 1.6564954 1.4250539 1.9381530 1.4429987 1.4834156 1.5078558 1.9796777 1.6329658 1.7036653 1.6490382 1.9636297 1.5273121 1.6087534 1.5079217 1.6411768 2.5171175 
Naumovozyma_dairenensis             2.1187869 1.9161902 0.8681753 0.0000000 2.4621494 1.6423217 1.4813927 1.6130989 1.3385107 1.5622946 1.7128543 1.9450431 1.7477329 1.8157619 1.6661030 1.8127507 1.5047578 1.5533562 1.5032880 1.5526076 2.3362069 
Tetrapisispora_blattae              3.0726223 2.7478492 2.3660611 2.4621494 0.0000000 2.7178334 2.4605844 2.7070793 2.4131573 2.4913405 2.8114869 2.9591492 2.7802115 2.7843596 2.8832123 2.6411526 2.6045305 2.6107446 2.5857983 2.8502370 1.6898604 
yHAB132_Kazachstania_martiniae      2.6822281 1.9905858 1.6564954 1.6423217 2.7178334 0.0000000 1.6332911 2.0874947 1.7310359 1.8179388 1.4805034 1.9040052 1.9517365 1.9707592 1.9034916 1.7466532 1.6545479 1.8993143 1.7029536 1.7284867 2.7766392 
yHAB133_Kazachstania_unispora       2.1140270 1.8247839 1.4250539 1.4813927 2.4605844 1.6332911 0.0000000 1.8255401 1.1748526 0.5556001 1.2755453 1.9515940 1.7268567 1.3764240 1.7001996 1.8251603 0.3791924 1.5738629 0.3523089 1.1071491 2.8626622 
yHAB134_Kazachstania_turicensis     2.4024295 2.3699217 1.9381530 1.6130989 2.7070793 2.0874947 1.8255401 0.0000000 1.8390496 1.9822996 2.1495300 2.5903766 1.9355739 2.3335286 1.9493285 2.3209589 1.8683989 1.3578638 1.8396832 2.0819008 3.1652598 
yHAB136_Kazachstania_bromeliacearum 2.1501928 1.5940570 1.4429987 1.3385107 2.4131573 1.7310359 1.1748526 1.8390496 0.0000000 1.1577884 1.2852192 2.0107393 1.7440821 1.5097701 1.8600209 1.7225160 1.2125817 1.6640668 1.2574995 1.2391384 2.7471675 
yHAB143_Kazachstania_siamensis      2.0144778 1.8297394 1.4834156 1.5622946 2.4913405 1.8179388 0.5556001 1.9822996 1.1577884 0.0000000 1.2270864 2.1041022 1.7387115 1.3567896 1.8325096 1.8200231 0.7049299 1.6829357 0.7044343 1.1282574 3.0250631 
yHAB147_Kazachstania_taianensis     2.2210413 1.5483467 1.5078558 1.7128543 2.8114869 1.4805034 1.2755453 2.1495300 1.2852192 1.2270864 0.0000000 1.9811710 1.6680664 1.5802079 1.8754414 1.9345865 1.4520756 2.0274884 1.4220689 1.3666115 3.1570838 
yHAB148_Kazachstania_intestinalis   2.4540800 1.9042961 1.9796777 1.9450431 2.9591492 1.9040052 1.9515940 2.5903766 2.0107393 2.1041022 1.9811710 0.0000000 2.0946877 2.1430573 2.5910105 2.1608761 1.9146744 2.2122401 1.9188096 2.1719147 3.3841020 
yHAB153_Kazachstania_rosinii        2.2351896 1.6900352 1.6329658 1.7477329 2.7802115 1.9517365 1.7268567 1.9355739 1.7440821 1.7387115 1.6680664 2.0946877 0.0000000 2.0027994 1.7830800 2.0483088 1.6218763 1.6439691 1.7458607 2.0312111 3.2197483 
yHAB154_Kazachstania_transvaalensis 2.3650869 1.7667624 1.7036653 1.8157619 2.7843596 1.9707592 1.3764240 2.3335286 1.5097701 1.3567896 1.5802079 2.1430573 2.0027994 0.0000000 2.0809992 1.8098310 1.3821467 1.8067767 1.3565113 0.5814756 2.7726201 
yHAB155_Kazachstania_spencerorum    2.4444898 2.1928689 1.6490382 1.6661030 2.8832123 1.9034916 1.7001996 1.9493285 1.8600209 1.8325096 1.8754414 2.5910105 1.7830800 2.0809992 0.0000000 2.1865580 1.9055735 1.7108682 1.8684462 1.8558047 3.1894082 
yHAB158_Kazachstania_viticola       2.5912947 2.1324733 1.9636297 1.8127507 2.6411526 1.7466532 1.8251603 2.3209589 1.7225160 1.8200231 1.9345865 2.1608761 2.0483088 1.8098310 2.1865580 0.0000000 1.8827058 2.0590677 1.8705504 1.9369788 3.3656876 
yHAB159_Kazachstania_solicola       2.1513049 1.6597852 1.5273121 1.5047578 2.6045305 1.6545479 0.3791924 1.8683989 1.2125817 0.7049299 1.4520756 1.9146744 1.6218763 1.3821467 1.9055735 1.8827058 0.0000000 1.5562695 0.1512913 1.2152294 3.1248791 
yHAB160_Kazachstania_kunashirensis  2.4538411 2.1179207 1.6087534 1.5533562 2.6107446 1.8993143 1.5738629 1.3578638 1.6640668 1.6829357 2.0274884 2.2122401 1.6439691 1.8067767 1.7108682 2.0590677 1.5562695 0.0000000 1.6021569 1.6979929 3.1346073 
yHAB164_Kazachstania_aerobia        2.1958881 1.7615619 1.5079217 1.5032880 2.5857983 1.7029536 0.3523089 1.8396832 1.2574995 0.7044343 1.4220689 1.9188096 1.7458607 1.3565113 1.8684462 1.8705504 0.1512913 1.6021569 0.0000000 1.1478587 3.1292681 
yHAB166_Kazachstania_yakushimaensis 2.2103498 1.7928604 1.6411768 1.5526076 2.8502370 1.7284867 1.1071491 2.0819008 1.2391384 1.1282574 1.3666115 2.1719147 2.0312111 0.5814756 1.8558047 1.9369788 1.2152294 1.6979929 1.1478587 0.0000000 2.8400644 
yHMPu5000035629_Yueomyces_sinensis  3.3904759 3.4499996 2.5171175 2.3362069 1.6898604 2.7766392 2.8626622 3.1652598 2.7471675 3.0250631 3.1570838 3.3841020 3.2197483 2.7726201 3.1894082 3.3656876 3.1248791 3.1346073 3.1292681 2.8400644 0.0000000 
