21
Kazachstania_africana               0.0000000 2.2035154 1.8658902 1.6491090 2.6502003 1.6958185 2.6528917 1.9806822 2.2120054 2.4150666 2.5346484 2.0155647 1.7745637 2.6728432 2.1284911 1.5848923 2.5187279 2.3684762 2.4498874 2.5823888 3.2505927 
Kazachstania_naganishii             2.2035154 0.0000000 2.3841572 2.3194458 2.9408482 1.9239973 2.2091127 2.2189037 2.0894639 2.4878853 1.8591234 1.7669755 1.8632192 2.7448901 2.6254303 1.9682156 2.1232310 2.5403692 2.1563427 2.6925104 3.6664089 
Naumovozyma_castellii               1.8658902 2.3841572 0.0000000 0.7211054 2.1747359 1.3474489 2.1620580 1.3055006 1.6516676 2.1943228 2.2874367 2.3222262 1.2985596 2.3411370 1.1911705 1.3708484 2.0820358 1.3728134 2.0259093 2.3429496 3.0343882 
Naumovozyma_dairenensis             1.6491090 2.3194458 0.7211054 0.0000000 2.3632242 1.2234555 2.0485890 1.2601569 1.5067394 1.9862069 2.5317610 2.0155012 1.1513644 2.4053480 1.1916247 1.2968056 1.9302459 1.5607484 1.8859803 2.2482523 2.9107217 
Tetrapisispora_blattae              2.6502003 2.9408482 2.1747359 2.3632242 0.0000000 2.0909907 3.1315647 2.6739336 2.1293632 3.1715197 3.3364627 2.8925420 2.3623021 2.7031339 2.5129802 2.6557693 2.6691452 3.0714292 2.6896192 3.0015749 1.9333803 
yHAB132_Kazachstania_martiniae      1.6958185 1.9239973 1.3474489 1.2234555 2.0909907 0.0000000 1.8411866 1.0871664 1.2398538 2.0071948 2.1381326 1.8069954 1.0507752 1.9613114 1.2550555 1.1090063 1.7722866 1.2934107 1.8530416 1.9865456 2.8168411 
yHAB133_Kazachstania_unispora       2.6528917 2.2091127 2.1620580 2.0485890 3.1315647 1.8411866 0.0000000 1.6535021 1.9504622 0.5875354 2.6335324 2.6280087 2.0054858 2.6343898 2.7020422 2.1230987 0.4891575 2.0985400 0.4708252 2.6172875 3.8029669 
yHAB134_Kazachstania_turicensis     1.9806822 2.2189037 1.3055006 1.2601569 2.6739336 1.0871664 1.6535021 0.0000000 1.3869012 1.7173548 2.2330105 2.4296040 1.1036222 2.2000720 0.9838305 1.1510434 1.7327685 0.9351269 1.8172191 1.9871568 3.0196039 
yHAB136_Kazachstania_bromeliacearum 2.2120054 2.0894639 1.6516676 1.5067394 2.1293632 1.2398538 1.9504622 1.3869012 0.0000000 2.0043737 2.4602575 2.2435030 1.5795661 2.2340757 1.3135933 1.3415830 1.8526316 1.3112549 2.0889539 2.3876818 2.6252083 
yHAB143_Kazachstania_siamensis      2.4150666 2.4878853 2.1943228 1.9862069 3.1715197 2.0071948 0.5875354 1.7173548 2.0043737 0.0000000 2.5768722 2.4340153 2.0490679 2.3445714 2.5163608 2.2009023 0.6930906 2.1138461 0.6739690 2.6045131 3.8592324 
yHAB147_Kazachstania_taianensis     2.5346484 1.8591234 2.2874367 2.5317610 3.3364627 2.1381326 2.6335324 2.2330105 2.4602575 2.5768722 0.0000000 2.5335634 2.3375807 2.8673425 2.7475217 2.3353288 2.4650621 2.5574372 2.7041613 3.0099241 3.5972494 
yHAB148_Kazachstania_intestinalis   2.0155647 1.7669755 2.3222262 2.0155012 2.8925420 1.8069954 2.6280087 2.4296040 2.2435030 2.4340153 2.5335634 0.0000000 1.8113553 2.5990484 2.5417539 2.1090954 2.8639538 2.4514514 2.8292719 2.8481900 3.7224029 
yHAB153_Kazachstania_rosinii        1.7745637 1.8632192 1.2985596 1.1513644 2.3623021 1.0507752 2.0054858 1.1036222 1.5795661 2.0490679 2.3375807 1.8113553 0.0000000 2.2796154 1.0379126 1.1035115 2.0475497 0.9728289 2.0483475 2.0811554 2.6361510 
yHAB154_Kazachstania_transvaalensis 2.6728432 2.7448901 2.3411370 2.4053480 2.7031339 1.9613114 2.6343898 2.2000720 2.2340757 2.3445714 2.8673425 2.5990484 2.2796154 0.0000000 1.9178226 1.9049507 2.5353221 2.4047392 2.5613382 0.5261485 2.8104794 
yHAB155_Kazachstania_spencerorum    2.1284911 2.6254303 1.1911705 1.1916247 2.5129802 1.2550555 2.7020422 0.9838305 1.3135933 2.5163608 2.7475217 2.5417539 1.0379126 1.9178226 0.0000000 1.1836921 2.4353814 0.9496857 2.4492809 1.9470255 2.6784227 
yHAB158_Kazachstania_viticola       1.5848923 1.9682156 1.3708484 1.2968056 2.6557693 1.1090063 2.1230987 1.1510434 1.3415830 2.2009023 2.3353288 2.1090954 1.1035115 1.9049507 1.1836921 0.0000000 2.0269335 1.0697475 2.1015962 1.9664315 2.4428574 
yHAB159_Kazachstania_solicola       2.5187279 2.1232310 2.0820358 1.9302459 2.6691452 1.7722866 0.4891575 1.7327685 1.8526316 0.6930906 2.4650621 2.8639538 2.0475497 2.5353221 2.4353814 2.0269335 0.0000000 1.9886852 0.1092715 2.3785435 3.5775828 
yHAB160_Kazachstania_kunashirensis  2.3684762 2.5403692 1.3728134 1.5607484 3.0714292 1.2934107 2.0985400 0.9351269 1.3112549 2.1138461 2.5574372 2.4514514 0.9728289 2.4047392 0.9496857 1.0697475 1.9886852 0.0000000 2.1540883 2.4401964 3.0911466 
yHAB164_Kazachstania_aerobia        2.4498874 2.1563427 2.0259093 1.8859803 2.6896192 1.8530416 0.4708252 1.8172191 2.0889539 0.6739690 2.7041613 2.8292719 2.0483475 2.5613382 2.4492809 2.1015962 0.1092715 2.1540883 0.0000000 2.4323923 3.4228407 
yHAB166_Kazachstania_yakushimaensis 2.5823888 2.6925104 2.3429496 2.2482523 3.0015749 1.9865456 2.6172875 1.9871568 2.3876818 2.6045131 3.0099241 2.8481900 2.0811554 0.5261485 1.9470255 1.9664315 2.3785435 2.4401964 2.4323923 0.0000000 2.6930256 
yHMPu5000035629_Yueomyces_sinensis  3.2505927 3.6664089 3.0343882 2.9107217 1.9333803 2.8168411 3.8029669 3.0196039 2.6252083 3.8592324 3.5972494 3.7224029 2.6361510 2.8104794 2.6784227 2.4428574 3.5775828 3.0911466 3.4228407 2.6930256 0.0000000 
