21
Kazachstania_africana               0.0000000 1.9358921 1.8329858 2.3096458 2.7783064 1.8898542 1.9695183 2.0299848 1.5066629 1.9346146 1.8846631 2.2700545 1.8723539 2.4075493 1.9558906 1.7286017 1.9769036 1.7250420 1.9453618 2.3183239 2.8710272 
Kazachstania_naganishii             1.9358921 0.0000000 2.2380315 2.1607824 3.9915802 1.7865750 2.0742851 2.2527319 1.7812153 1.7657368 1.8017354 2.3491271 1.9576834 2.6473819 1.7297001 1.9801794 1.9310222 1.7702377 1.8788475 2.9021562 2.9915944 
Naumovozyma_castellii               1.8329858 2.2380315 0.0000000 1.2086423 2.5988074 1.3765514 1.4733651 1.7383433 1.3476027 1.6235329 1.8989994 1.9572407 1.1965388 2.0190060 1.3115284 1.2674416 1.5640127 1.2801669 1.5173483 2.0555750 2.5572134 
Naumovozyma_dairenensis             2.3096458 2.1607824 1.2086423 0.0000000 3.3583649 1.5796233 1.8704866 2.1308016 1.6110757 1.6823284 2.1893941 2.4881809 1.5281200 2.6107671 1.7167738 1.6215975 1.8086690 1.5274960 1.7782990 2.6023313 2.5305276 
Tetrapisispora_blattae              2.7783064 3.9915802 2.5988074 3.3583649 0.0000000 3.0980767 3.1235668 3.1116884 2.7558835 3.0444365 3.1274462 3.8522406 2.6090434 2.6903492 2.8620295 2.8356424 2.7678182 2.8060112 2.7688502 3.0823026 2.3957200 
yHAB132_Kazachstania_martiniae      1.8898542 1.7865750 1.3765514 1.5796233 3.0980767 0.0000000 1.5964453 1.8303636 1.2455319 1.6831313 1.7749278 1.8847201 1.2911524 1.9071095 1.2372859 1.3964749 1.8535406 1.2830029 1.7397098 1.9687139 2.3669014 
yHAB133_Kazachstania_unispora       1.9695183 2.0742851 1.4733651 1.8704866 3.1235668 1.5964453 0.0000000 1.8563887 1.0773924 0.5229695 1.6830388 2.2826896 1.5256537 1.7572240 1.4872068 1.3070442 0.4735643 1.4530408 0.4837688 1.9284323 3.0342337 
yHAB134_Kazachstania_turicensis     2.0299848 2.2527319 1.7383433 2.1308016 3.1116884 1.8303636 1.8563887 0.0000000 1.5656238 1.9690311 2.0212274 2.1701153 1.7000131 2.0588436 1.4903740 1.7293621 2.1476641 1.3112483 2.0638086 2.2000924 2.8791403 
yHAB136_Kazachstania_bromeliacearum 1.5066629 1.7812153 1.3476027 1.6110757 2.7558835 1.2455319 1.0773924 1.5656238 0.0000000 1.2103912 1.3732114 1.5861846 1.0691879 1.5350323 1.0591671 1.0443834 1.1780617 1.1004443 1.1256919 1.6316257 2.3956651 
yHAB143_Kazachstania_siamensis      1.9346146 1.7657368 1.6235329 1.6823284 3.0444365 1.6831313 0.5229695 1.9690311 1.2103912 0.0000000 1.8984356 2.3202803 1.6381109 1.8059544 1.6389085 1.3027191 0.5951584 1.4853806 0.5525612 2.0518841 2.7218669 
yHAB147_Kazachstania_taianensis     1.8846631 1.8017354 1.8989994 2.1893941 3.1274462 1.7749278 1.6830388 2.0212274 1.3732114 1.8984356 0.0000000 1.8643409 1.5770060 2.2700016 1.4868132 1.5560091 1.7325213 1.7370157 1.7525252 2.4725601 3.1562844 
yHAB148_Kazachstania_intestinalis   2.2700545 2.3491271 1.9572407 2.4881809 3.8522406 1.8847201 2.2826896 2.1701153 1.5861846 2.3202803 1.8643409 0.0000000 1.4518094 2.8229411 1.7355405 1.9446164 2.2697226 1.8505498 2.3963049 3.1092405 3.2329193 
yHAB153_Kazachstania_rosinii        1.8723539 1.9576834 1.1965388 1.5281200 2.6090434 1.2911524 1.5256537 1.7000131 1.0691879 1.6381109 1.5770060 1.4518094 0.0000000 1.9219838 0.9837864 1.1093692 1.5484633 1.2462551 1.5781785 1.8850539 2.2025597 
yHAB154_Kazachstania_transvaalensis 2.4075493 2.6473819 2.0190060 2.6107671 2.6903492 1.9071095 1.7572240 2.0588436 1.5350323 1.8059544 2.2700016 2.8229411 1.9219838 0.0000000 1.8416361 2.0710674 1.9596352 1.7469879 1.9129589 0.5644406 3.2118182 
yHAB155_Kazachstania_spencerorum    1.9558906 1.7297001 1.3115284 1.7167738 2.8620295 1.2372859 1.4872068 1.4903740 1.0591671 1.6389085 1.4868132 1.7355405 0.9837864 1.8416361 0.0000000 0.9498558 1.5117886 1.0490566 1.4965425 2.0073692 2.2621851 
yHAB158_Kazachstania_viticola       1.7286017 1.9801794 1.2674416 1.6215975 2.8356424 1.3964749 1.3070442 1.7293621 1.0443834 1.3027191 1.5560091 1.9446164 1.1093692 2.0710674 0.9498558 0.0000000 1.2526358 1.0851547 1.2157398 2.1642649 2.2547644 
yHAB159_Kazachstania_solicola       1.9769036 1.9310222 1.5640127 1.8086690 2.7678182 1.8535406 0.4735643 2.1476641 1.1780617 0.5951584 1.7325213 2.2697226 1.5484633 1.9596352 1.5117886 1.2526358 0.0000000 1.4921709 0.1229916 2.1567449 3.2883543 
yHAB160_Kazachstania_kunashirensis  1.7250420 1.7702377 1.2801669 1.5274960 2.8060112 1.2830029 1.4530408 1.3112483 1.1004443 1.4853806 1.7370157 1.8505498 1.2462551 1.7469879 1.0490566 1.0851547 1.4921709 0.0000000 1.4009573 1.7343913 2.3465459 
yHAB164_Kazachstania_aerobia        1.9453618 1.8788475 1.5173483 1.7782990 2.7688502 1.7397098 0.4837688 2.0638086 1.1256919 0.5525612 1.7525252 2.3963049 1.5781785 1.9129589 1.4965425 1.2157398 0.1229916 1.4009573 0.0000000 1.9877463 2.9285615 
yHAB166_Kazachstania_yakushimaensis 2.3183239 2.9021562 2.0555750 2.6023313 3.0823026 1.9687139 1.9284323 2.2000924 1.6316257 2.0518841 2.4725601 3.1092405 1.8850539 0.5644406 2.0073692 2.1642649 2.1567449 1.7343913 1.9877463 0.0000000 3.7420833 
yHMPu5000035629_Yueomyces_sinensis  2.8710272 2.9915944 2.5572134 2.5305276 2.3957200 2.3669014 3.0342337 2.8791403 2.3956651 2.7218669 3.1562844 3.2329193 2.2025597 3.2118182 2.2621851 2.2547644 3.2883543 2.3465459 2.9285615 3.7420833 0.0000000 
