21
Kazachstania_africana               0.0000000 2.9521709 2.8494807 3.5758289 3.1090103 2.0792748 5.3243457 2.3879751 1.8089943 4.6961531 3.1342847 2.4958838 2.0073655 3.9936227 2.2451408 2.5265901 4.6807287 2.3641548 3.7325131 4.7554292 3.2986776 
Kazachstania_naganishii             2.9521709 0.0000000 3.4113648 3.6634780 3.1707440 2.5832896 4.0809366 2.5757231 1.8776106 3.8401054 3.1665555 2.9140784 2.1740337 5.3288312 2.2850455 2.8493549 4.0982916 2.2124442 3.4928995 5.1093033 3.6882459 
Naumovozyma_castellii               2.8494807 3.4113648 0.0000000 1.3703091 2.2906131 2.4699739 5.2643859 2.8202206 2.1636243 5.9519054 4.9616223 3.0266200 2.4110673 4.4475658 2.3772785 3.0157476 5.3780805 2.6412191 5.4009678 4.8928462 2.9622765 
Naumovozyma_dairenensis             3.5758289 3.6634780 1.3703091 0.0000000 2.4617654 2.9089133 4.7495408 2.9909199 2.4421182 4.7268014 5.5169984 4.0514474 2.6122312 4.1267637 2.6830867 3.5834930 4.9796121 2.6722237 4.2977674 4.1488605 3.2605056 
Tetrapisispora_blattae              3.1090103 3.1707440 2.2906131 2.4617654 0.0000000 2.2871250 5.5416579 2.2349161 2.1907687 4.9959930 4.5219080 3.3107531 2.2863275 4.3050482 1.7679808 2.8382505 4.1991284 1.9247307 4.0784139 4.2016139 1.8418486 
yHAB132_Kazachstania_martiniae      2.0792748 2.5832896 2.4699739 2.9089133 2.2871250 0.0000000 5.3693831 1.7525882 1.7814451 4.2030507 3.4264955 3.3007330 1.7426924 3.3679272 1.7124311 2.1890987 4.9610552 1.5380193 3.3190383 3.8906630 3.1113271 
yHAB133_Kazachstania_unispora       5.3243457 4.0809366 5.2643859 4.7495408 5.5416579 5.3693831 0.0000000 4.1560348 4.4552318 0.9573766 5.2881033 5.2228566 5.0232115 6.6937807 5.0545600 5.0568682 1.0679361 5.0187944 0.9837052 6.0053857 5.2780656 
yHAB134_Kazachstania_turicensis     2.3879751 2.5757231 2.8202206 2.9909199 2.2349161 1.7525882 4.1560348 0.0000000 1.6880696 4.2392363 3.5226168 2.4667523 1.0803696 4.3941026 1.1617732 2.6284228 4.0758749 0.9697122 3.1517469 4.4632747 2.9844147 
yHAB136_Kazachstania_bromeliacearum 1.8089943 1.8776106 2.1636243 2.4421182 2.1907687 1.7814451 4.4552318 1.6880696 0.0000000 3.6683851 3.1801260 2.5039243 1.4288932 3.1363763 1.7612934 2.4693923 3.9088213 1.8710748 3.4630961 3.4002256 2.8116964 
yHAB143_Kazachstania_siamensis      4.6961531 3.8401054 5.9519054 4.7268014 4.9959930 4.2030507 0.9573766 4.2392363 3.6683851 0.0000000 5.5877110 4.3979033 4.1067335 6.2696147 4.4939231 4.3393112 1.5132267 4.5174567 1.4166630 5.8677126 4.1635647 
yHAB147_Kazachstania_taianensis     3.1342847 3.1665555 4.9616223 5.5169984 4.5219080 3.4264955 5.2881033 3.5226168 3.1801260 5.5877110 0.0000000 3.4822935 3.3669183 7.2057651 4.1981816 3.8412038 4.2440665 4.1370562 4.8745400 8.2973542 6.0316212 
yHAB148_Kazachstania_intestinalis   2.4958838 2.9140784 3.0266200 4.0514474 3.3107531 3.3007330 5.2228566 2.4667523 2.5039243 4.3979033 3.4822935 0.0000000 2.5223424 4.9206047 2.7476971 3.0392778 4.9569895 2.7918739 4.0897140 5.2200442 3.0596262 
yHAB153_Kazachstania_rosinii        2.0073655 2.1740337 2.4110673 2.6122312 2.2863275 1.7426924 5.0232115 1.0803696 1.4288932 4.1067335 3.3669183 2.5223424 0.0000000 3.8137194 1.0821931 2.2592474 4.7701015 1.1416332 4.2749345 4.1605055 2.6569369 
yHAB154_Kazachstania_transvaalensis 3.9936227 5.3288312 4.4475658 4.1267637 4.3050482 3.3679272 6.6937807 4.3941026 3.1363763 6.2696147 7.2057651 4.9206047 3.8137194 0.0000000 3.3696393 4.6200122 6.8872760 3.9819102 5.4280017 0.5794022 3.6652610 
yHAB155_Kazachstania_spencerorum    2.2451408 2.2850455 2.3772785 2.6830867 1.7679808 1.7124311 5.0545600 1.1617732 1.7612934 4.4939231 4.1981816 2.7476971 1.0821931 3.3696393 0.0000000 2.3283165 4.7897904 1.0143267 3.9474094 3.5691635 2.5719765 
yHAB158_Kazachstania_viticola       2.5265901 2.8493549 3.0157476 3.5834930 2.8382505 2.1890987 5.0568682 2.6284228 2.4693923 4.3393112 3.8412038 3.0392778 2.2592474 4.6200122 2.3283165 0.0000000 3.9674307 2.2390208 4.1936704 5.4184313 3.6199759 
yHAB159_Kazachstania_solicola       4.6807287 4.0982916 5.3780805 4.9796121 4.1991284 4.9610552 1.0679361 4.0758749 3.9088213 1.5132267 4.2440665 4.9569895 4.7701015 6.8872760 4.7897904 3.9674307 0.0000000 4.3193973 0.8801058 7.6194255 4.8868645 
yHAB160_Kazachstania_kunashirensis  2.3641548 2.2124442 2.6412191 2.6722237 1.9247307 1.5380193 5.0187944 0.9697122 1.8710748 4.5174567 4.1370562 2.7918739 1.1416332 3.9819102 1.0143267 2.2390208 4.3193973 0.0000000 3.8144210 3.8713480 2.7854597 
yHAB164_Kazachstania_aerobia        3.7325131 3.4928995 5.4009678 4.2977674 4.0784139 3.3190383 0.9837052 3.1517469 3.4630961 1.4166630 4.8745400 4.0897140 4.2749345 5.4280017 3.9474094 4.1936704 0.8801058 3.8144210 0.0000000 5.5990479 4.6536123 
yHAB166_Kazachstania_yakushimaensis 4.7554292 5.1093033 4.8928462 4.1488605 4.2016139 3.8906630 6.0053857 4.4632747 3.4002256 5.8677126 8.2973542 5.2200442 4.1605055 0.5794022 3.5691635 5.4184313 7.6194255 3.8713480 5.5990479 0.0000000 4.0108240 
yHMPu5000035629_Yueomyces_sinensis  3.2986776 3.6882459 2.9622765 3.2605056 1.8418486 3.1113271 5.2780656 2.9844147 2.8116964 4.1635647 6.0316212 3.0596262 2.6569369 3.6652610 2.5719765 3.6199759 4.8868645 2.7854597 4.6536123 4.0108240 0.0000000 
