21
Kazachstania_africana               0.0000000 1.4873710 1.1839833 1.1787874 1.5028051 1.3569570 1.6818508 1.1804931 1.0640656 1.5365280 1.6776386 1.5324272 1.1411129 1.4500234 0.9880956 1.2238683 1.6836523 1.1576226 1.5962084 1.5030206 1.7367555 
Kazachstania_naganishii             1.4873710 0.0000000 1.4483745 1.4687365 1.9751569 1.1739764 1.8883112 1.5641750 1.0165116 1.9720176 1.2271114 1.3046707 1.3194266 1.6162862 1.4074782 1.7263392 1.7970431 1.4074166 1.8491401 1.6438706 2.2802001 
Naumovozyma_castellii               1.1839833 1.4483745 0.0000000 0.9622901 1.6458375 1.2576637 1.7214035 1.3394628 1.1530307 1.6887820 1.7497771 1.4407400 1.0985838 1.4049506 1.1985686 1.4384889 1.8445451 1.2712578 1.7741941 1.4695147 1.9361947 
Naumovozyma_dairenensis             1.1787874 1.4687365 0.9622901 0.0000000 1.6325789 1.2984804 1.7653315 1.3633779 1.1599002 1.7833494 1.7867793 1.5278752 1.1963805 1.4234142 1.2622172 1.4492539 1.8526935 1.2060472 1.7586862 1.4952608 1.5832739 
Tetrapisispora_blattae              1.5028051 1.9751569 1.6458375 1.6325789 0.0000000 1.6904597 2.1200149 1.8928088 1.4295059 1.9433820 2.3831862 1.8746787 1.6682703 1.8693730 1.5998474 1.6503368 2.1110624 1.5447736 2.0037404 1.7663360 1.2006458 
yHAB132_Kazachstania_martiniae      1.3569570 1.1739764 1.2576637 1.2984804 1.6904597 0.0000000 1.7278840 1.2967967 0.9832465 1.7043938 1.6282425 1.2575413 1.1473684 1.4243329 1.1651452 1.3395351 2.0465375 1.1712995 1.8677210 1.4689681 2.0198653 
yHAB133_Kazachstania_unispora       1.6818508 1.8883112 1.7214035 1.7653315 2.1200149 1.7278840 0.0000000 1.7769916 1.3870353 0.5270856 2.1213038 1.9325217 1.8114504 1.5870378 1.5736987 1.8223891 0.4231268 1.6296635 0.3549348 1.5186609 2.3347311 
yHAB134_Kazachstania_turicensis     1.1804931 1.5641750 1.3394628 1.3633779 1.8928088 1.2967967 1.7769916 0.0000000 1.1591078 1.5642975 1.8945058 1.5483641 1.0366043 1.5621506 1.0971521 1.3626834 1.7510189 0.8801008 1.6271958 1.5483534 1.7422382 
yHAB136_Kazachstania_bromeliacearum 1.0640656 1.0165116 1.1530307 1.1599002 1.4295059 0.9832465 1.3870353 1.1591078 0.0000000 1.3521876 1.4136833 1.1523162 0.9433931 1.1531297 0.8480237 1.2042035 1.6185493 0.9838990 1.4554036 1.0931495 1.7096047 
yHAB143_Kazachstania_siamensis      1.5365280 1.9720176 1.6887820 1.7833494 1.9433820 1.7043938 0.5270856 1.5642975 1.3521876 0.0000000 2.2698918 1.9328364 1.7039584 1.4626742 1.5338044 1.5519620 0.6694343 1.5312982 0.5823277 1.3984335 2.2636334 
yHAB147_Kazachstania_taianensis     1.6776386 1.2271114 1.7497771 1.7867793 2.3831862 1.6282425 2.1213038 1.8945058 1.4136833 2.2698918 0.0000000 1.4989735 1.4709117 1.9937050 1.7577254 1.9908314 1.8447562 1.7575003 2.0544171 2.1165044 2.8249396 
yHAB148_Kazachstania_intestinalis   1.5324272 1.3046707 1.4407400 1.5278752 1.8746787 1.2575413 1.9325217 1.5483641 1.1523162 1.9328364 1.4989735 0.0000000 1.3761348 1.8877567 1.3900803 1.4204407 1.9956321 1.3639216 1.9937986 1.7834130 2.2622077 
yHAB153_Kazachstania_rosinii        1.1411129 1.3194266 1.0985838 1.1963805 1.6682703 1.1473684 1.8114504 1.0366043 0.9433931 1.7039584 1.4709117 1.3761348 0.0000000 1.5661209 1.0115744 1.4129705 1.8539641 0.9206711 1.9030993 1.5036707 1.8687723 
yHAB154_Kazachstania_transvaalensis 1.4500234 1.6162862 1.4049506 1.4234142 1.8693730 1.4243329 1.5870378 1.5621506 1.1531297 1.4626742 1.9937050 1.8877567 1.5661209 0.0000000 1.3979923 1.6519941 1.6211708 1.4355919 1.5747184 0.3694239 2.1152518 
yHAB155_Kazachstania_spencerorum    0.9880956 1.4074782 1.1985686 1.2622172 1.5998474 1.1651452 1.5736987 1.0971521 0.8480237 1.5338044 1.7577254 1.3900803 1.0115744 1.3979923 0.0000000 1.2696133 1.6391152 0.8050779 1.6347582 1.3998755 1.5947330 
yHAB158_Kazachstania_viticola       1.2238683 1.7263392 1.4384889 1.4492539 1.6503368 1.3395351 1.8223891 1.3626834 1.2042035 1.5519620 1.9908314 1.4204407 1.4129705 1.6519941 1.2696133 0.0000000 1.9816301 1.2323974 1.8043867 1.5429180 1.6474274 
yHAB159_Kazachstania_solicola       1.6836523 1.7970431 1.8445451 1.8526935 2.1110624 2.0465375 0.4231268 1.7510189 1.6185493 0.6694343 1.8447562 1.9956321 1.8539641 1.6211708 1.6391152 1.9816301 0.0000000 1.5817296 0.1588014 1.6244024 2.4266444 
yHAB160_Kazachstania_kunashirensis  1.1576226 1.4074166 1.2712578 1.2060472 1.5447736 1.1712995 1.6296635 0.8801008 0.9838990 1.5312982 1.7575003 1.3639216 0.9206711 1.4355919 0.8050779 1.2323974 1.5817296 0.0000000 1.5827724 1.3800104 1.6345016 
yHAB164_Kazachstania_aerobia        1.5962084 1.8491401 1.7741941 1.7586862 2.0037404 1.8677210 0.3549348 1.6271958 1.4554036 0.5823277 2.0544171 1.9937986 1.9030993 1.5747184 1.6347582 1.8043867 0.1588014 1.5827724 0.0000000 1.5178355 2.2054349 
yHAB166_Kazachstania_yakushimaensis 1.5030206 1.6438706 1.4695147 1.4952608 1.7663360 1.4689681 1.5186609 1.5483534 1.0931495 1.3984335 2.1165044 1.7834130 1.5036707 0.3694239 1.3998755 1.5429180 1.6244024 1.3800104 1.5178355 0.0000000 1.8925383 
yHMPu5000035629_Yueomyces_sinensis  1.7367555 2.2802001 1.9361947 1.5832739 1.2006458 2.0198653 2.3347311 1.7422382 1.7096047 2.2636334 2.8249396 2.2622077 1.8687723 2.1152518 1.5947330 1.6474274 2.4266444 1.6345016 2.2054349 1.8925383 0.0000000 
