21
Kazachstania_africana               0.0000000 1.0681702 1.0203055 1.0533811 1.3744983 0.8154499 0.9435750 0.8861915 0.9667977 0.9282501 1.0503887 1.0687070 0.9362847 1.2723855 0.8648841 0.9109629 0.9710971 0.8394617 1.0023544 1.2106820 1.3495033 
Kazachstania_naganishii             1.0681702 0.0000000 0.9936487 1.0917698 1.4318380 0.9350914 0.8703970 1.0108627 0.8228444 0.9262327 0.9164873 1.1286189 0.9166871 1.0999086 1.1089333 1.1092155 0.9542962 1.0243436 0.9755098 1.1357348 1.5150784 
Naumovozyma_castellii               1.0203055 0.9936487 0.0000000 0.7367287 1.3165015 0.9109548 0.8995839 0.9710651 0.9281427 1.0000716 1.0743734 1.0700530 0.9619496 1.1944559 1.0776719 1.1050249 0.9677129 1.0255947 0.9443005 1.2393129 1.5080813 
Naumovozyma_dairenensis             1.0533811 1.0917698 0.7367287 0.0000000 1.2044534 1.0291695 0.8771153 0.9850991 0.8032440 0.9179196 1.0693188 1.0571453 0.9977116 1.2498202 0.8961934 1.0421448 0.8961546 0.8359090 0.8308470 1.2824644 1.3458894 
Tetrapisispora_blattae              1.3744983 1.4318380 1.3165015 1.2044534 0.0000000 1.2485606 1.1288931 1.2532803 1.2204113 1.2436707 1.3803529 1.2858169 1.3076820 1.4312852 1.2682789 1.3582948 1.1103251 1.3268030 1.1343908 1.3295360 1.0214923 
yHAB132_Kazachstania_martiniae      0.8154499 0.9350914 0.9109548 1.0291695 1.2485606 0.0000000 0.8487118 0.9461086 0.8881102 0.8518839 0.9284686 0.9601769 0.8655748 1.2670909 0.8700996 0.9080072 0.8729190 0.8340167 0.8878720 1.2570077 1.3818919 
yHAB133_Kazachstania_unispora       0.9435750 0.8703970 0.8995839 0.8771153 1.1288931 0.8487118 0.0000000 0.7665699 0.6993304 0.4137247 0.8499769 0.8883247 0.7412768 0.9244205 0.8799841 0.9147297 0.2283050 0.7544588 0.2326893 1.0043824 1.3495979 
yHAB134_Kazachstania_turicensis     0.8861915 1.0108627 0.9710651 0.9850991 1.2532803 0.9461086 0.7665699 0.0000000 0.8496670 0.8559138 1.0372874 0.9068292 0.8386341 1.2550029 0.8609310 0.8984611 0.7852136 0.6343082 0.7831311 1.2886641 1.3630983 
yHAB136_Kazachstania_bromeliacearum 0.9667977 0.8228444 0.9281427 0.8032440 1.2204113 0.8881102 0.6993304 0.8496670 0.0000000 0.6494377 0.8794415 0.9669623 0.9321065 1.0010088 0.9041246 1.0263877 0.6630862 0.7760325 0.6488126 1.0034612 1.2812525 
yHAB143_Kazachstania_siamensis      0.9282501 0.9262327 1.0000716 0.9179196 1.2436707 0.8518839 0.4137247 0.8559138 0.6494377 0.0000000 0.8435710 0.9907196 0.9187963 1.1277225 0.9498011 1.0063132 0.4873973 0.8204501 0.4766583 1.0418793 1.3602344 
yHAB147_Kazachstania_taianensis     1.0503887 0.9164873 1.0743734 1.0693188 1.3803529 0.9284686 0.8499769 1.0372874 0.8794415 0.8435710 0.0000000 1.1113304 0.9535244 1.1935161 1.0257353 1.0120517 0.9040787 1.0099445 0.8618203 1.1877406 1.6286951 
yHAB148_Kazachstania_intestinalis   1.0687070 1.1286189 1.0700530 1.0571453 1.2858169 0.9601769 0.8883247 0.9068292 0.9669623 0.9907196 1.1113304 0.0000000 0.9427065 1.1883624 0.9489319 0.9562724 0.9220123 0.9375442 0.8845448 1.1946491 1.5199159 
yHAB153_Kazachstania_rosinii        0.9362847 0.9166871 0.9619496 0.9977116 1.3076820 0.8655748 0.7412768 0.8386341 0.9321065 0.9187963 0.9535244 0.9427065 0.0000000 1.1335714 0.7449187 0.8906127 0.8157636 0.8007503 0.8605254 1.1649201 1.4759750 
yHAB154_Kazachstania_transvaalensis 1.2723855 1.0999086 1.1944559 1.2498202 1.4312852 1.2670909 0.9244205 1.2550029 1.0010088 1.1277225 1.1935161 1.1883624 1.1335714 0.0000000 1.1573702 1.2268987 0.9616369 1.2093035 0.9962322 0.3086062 1.4338441 
yHAB155_Kazachstania_spencerorum    0.8648841 1.1089333 1.0776719 0.8961934 1.2682789 0.8700996 0.8799841 0.8609310 0.9041246 0.9498011 1.0257353 0.9489319 0.7449187 1.1573702 0.0000000 0.8953639 0.9337784 0.7425374 0.9125695 1.1139556 1.3011360 
yHAB158_Kazachstania_viticola       0.9109629 1.1092155 1.1050249 1.0421448 1.3582948 0.9080072 0.9147297 0.8984611 1.0263877 1.0063132 1.0120517 0.9562724 0.8906127 1.2268987 0.8953639 0.0000000 0.9690817 0.8396821 0.9490999 1.1781523 1.2502223 
yHAB159_Kazachstania_solicola       0.9710971 0.9542962 0.9677129 0.8961546 1.1103251 0.8729190 0.2283050 0.7852136 0.6630862 0.4873973 0.9040787 0.9220123 0.8157636 0.9616369 0.9337784 0.9690817 0.0000000 0.8192228 0.0958770 1.0245741 1.3391823 
yHAB160_Kazachstania_kunashirensis  0.8394617 1.0243436 1.0255947 0.8359090 1.3268030 0.8340167 0.7544588 0.6343082 0.7760325 0.8204501 1.0099445 0.9375442 0.8007503 1.2093035 0.7425374 0.8396821 0.8192228 0.0000000 0.8104966 1.2210395 1.3160965 
yHAB164_Kazachstania_aerobia        1.0023544 0.9755098 0.9443005 0.8308470 1.1343908 0.8878720 0.2326893 0.7831311 0.6488126 0.4766583 0.8618203 0.8845448 0.8605254 0.9962322 0.9125695 0.9490999 0.0958770 0.8104966 0.0000000 1.0196233 1.3283467 
yHAB166_Kazachstania_yakushimaensis 1.2106820 1.1357348 1.2393129 1.2824644 1.3295360 1.2570077 1.0043824 1.2886641 1.0034612 1.0418793 1.1877406 1.1946491 1.1649201 0.3086062 1.1139556 1.1781523 1.0245741 1.2210395 1.0196233 0.0000000 1.4153322 
yHMPu5000035629_Yueomyces_sinensis  1.3495033 1.5150784 1.5080813 1.3458894 1.0214923 1.3818919 1.3495979 1.3630983 1.2812525 1.3602344 1.6286951 1.5199159 1.4759750 1.4338441 1.3011360 1.2502223 1.3391823 1.3160965 1.3283467 1.4153322 0.0000000 
