21
Kazachstania_africana               0.0000000 2.3176274 1.5279176 1.6155800 1.5552886 1.8892484 2.0730668 1.8427674 1.5613224 1.9454114 2.2907257 2.3506962 1.9433029 1.9594792 1.9950370 1.9649039 2.0218560 1.7398312 1.9861941 2.0121383 1.7708087 
Kazachstania_naganishii             2.3176274 0.0000000 1.8617971 1.7624414 2.0638901 1.8209277 1.9123010 1.8048749 1.5353638 1.7930573 1.5031016 1.4780228 1.6846268 1.8385871 1.8544158 1.9449847 1.8546687 1.6644144 1.9807847 1.9179295 2.3406599 
Naumovozyma_castellii               1.5279176 1.8617971 0.0000000 0.9656551 1.4242711 1.2200387 1.4251421 1.4024652 1.2549702 1.3075977 1.7805742 2.1122865 1.1117147 1.2915953 1.4338915 1.5203662 1.3137787 1.1788740 1.2794108 1.2524715 1.3796914 
Naumovozyma_dairenensis             1.6155800 1.7624414 0.9656551 0.0000000 1.1948614 1.3915852 1.5660694 1.2887889 1.3248289 1.4474362 1.8213493 1.8787749 1.3201072 1.3755920 1.6540667 1.5721359 1.5953074 1.2110319 1.6299365 1.4380126 1.3140663 
Tetrapisispora_blattae              1.5552886 2.0638901 1.4242711 1.1948614 0.0000000 1.3569740 1.6571171 1.3122308 1.4488485 1.4702187 2.0150565 2.3871589 1.6239540 1.5181948 1.4970899 1.4575865 1.6326670 1.1977738 1.5833837 1.4452173 0.7574805 
yHAB132_Kazachstania_martiniae      1.8892484 1.8209277 1.2200387 1.3915852 1.3569740 0.0000000 1.3179232 1.2010270 1.1732803 1.3597914 1.8962754 2.0050936 1.3168656 1.5463447 1.4454814 1.4151459 1.3989828 1.1483767 1.4860879 1.3467383 1.4553897 
yHAB133_Kazachstania_unispora       2.0730668 1.9123010 1.4251421 1.5660694 1.6571171 1.3179232 0.0000000 1.4694005 1.1213424 0.5673489 1.8738600 2.1239636 1.5194230 1.5616347 1.7355027 1.7146240 0.4093006 1.4230587 0.4159760 1.4450347 1.7361420 
yHAB134_Kazachstania_turicensis     1.8427674 1.8048749 1.4024652 1.2887889 1.3122308 1.2010270 1.4694005 0.0000000 1.3645084 1.3137372 1.8867630 1.8992813 1.4686167 1.3695704 1.2550216 1.6540152 1.4517239 0.7428255 1.4693169 1.3973520 1.5818053 
yHAB136_Kazachstania_bromeliacearum 1.5613224 1.5353638 1.2549702 1.3248289 1.4488485 1.1732803 1.1213424 1.3645084 0.0000000 0.8787887 1.6542314 1.7997287 1.3769843 1.2252495 1.4412618 1.4155335 1.1878124 1.2242203 1.1545507 1.1843885 1.4795134 
yHAB143_Kazachstania_siamensis      1.9454114 1.7930573 1.3075977 1.4474362 1.4702187 1.3597914 0.5673489 1.3137372 0.8787887 0.0000000 1.5833160 1.9640669 1.4895192 1.2842198 1.5228301 1.6142289 0.6564320 1.2397891 0.6531747 1.2674306 1.5964319 
yHAB147_Kazachstania_taianensis     2.2907257 1.5031016 1.7805742 1.8213493 2.0150565 1.8962754 1.8738600 1.8867630 1.6542314 1.5833160 0.0000000 1.8119122 1.9040674 1.7221569 2.0153860 2.3472366 1.7831440 1.8103970 1.8148789 1.8031809 2.4093539 
yHAB148_Kazachstania_intestinalis   2.3506962 1.4780228 2.1122865 1.8787749 2.3871589 2.0050936 2.1239636 1.8992813 1.7997287 1.9640669 1.8119122 0.0000000 1.8977699 2.1441602 2.0863525 2.2149831 1.9716250 1.7653272 2.0635099 2.0865188 2.7006866 
yHAB153_Kazachstania_rosinii        1.9433029 1.6846268 1.1117147 1.3201072 1.6239540 1.3168656 1.5194230 1.4686167 1.3769843 1.4895192 1.9040674 1.8977699 0.0000000 1.4467776 1.2432751 1.8257054 1.6254272 1.0414335 1.6314814 1.3735674 1.5905521 
yHAB154_Kazachstania_transvaalensis 1.9594792 1.8385871 1.2915953 1.3755920 1.5181948 1.5463447 1.5616347 1.3695704 1.2252495 1.2842198 1.7221569 2.1441602 1.4467776 0.0000000 1.5886836 1.7662351 1.5249665 1.4067046 1.4506374 0.4045706 1.6307619 
yHAB155_Kazachstania_spencerorum    1.9950370 1.8544158 1.4338915 1.6540667 1.4970899 1.4454814 1.7355027 1.2550216 1.4412618 1.5228301 2.0153860 2.0863525 1.2432751 1.5886836 0.0000000 1.7148818 1.6814014 1.2432669 1.7268596 1.6915183 1.9085733 
yHAB158_Kazachstania_viticola       1.9649039 1.9449847 1.5203662 1.5721359 1.4575865 1.4151459 1.7146240 1.6540152 1.4155335 1.6142289 2.3472366 2.2149831 1.8257054 1.7662351 1.7148818 0.0000000 1.6197347 1.4949183 1.6158998 1.6699596 1.6190131 
yHAB159_Kazachstania_solicola       2.0218560 1.8546687 1.3137787 1.5953074 1.6326670 1.3989828 0.4093006 1.4517239 1.1878124 0.6564320 1.7831440 1.9716250 1.6254272 1.5249665 1.6814014 1.6197347 0.0000000 1.4161171 0.1322340 1.5274126 1.9245561 
yHAB160_Kazachstania_kunashirensis  1.7398312 1.6644144 1.1788740 1.2110319 1.1977738 1.1483767 1.4230587 0.7428255 1.2242203 1.2397891 1.8103970 1.7653272 1.0414335 1.4067046 1.2432669 1.4949183 1.4161171 0.0000000 1.4337788 1.3258978 1.3467584 
yHAB164_Kazachstania_aerobia        1.9861941 1.9807847 1.2794108 1.6299365 1.5833837 1.4860879 0.4159760 1.4693169 1.1545507 0.6531747 1.8148789 2.0635099 1.6314814 1.4506374 1.7268596 1.6158998 0.1322340 1.4337788 0.0000000 1.4384156 1.8587070 
yHAB166_Kazachstania_yakushimaensis 2.0121383 1.9179295 1.2524715 1.4380126 1.4452173 1.3467383 1.4450347 1.3973520 1.1843885 1.2674306 1.8031809 2.0865188 1.3735674 0.4045706 1.6915183 1.6699596 1.5274126 1.3258978 1.4384156 0.0000000 1.5837017 
yHMPu5000035629_Yueomyces_sinensis  1.7708087 2.3406599 1.3796914 1.3140663 0.7574805 1.4553897 1.7361420 1.5818053 1.4795134 1.5964319 2.4093539 2.7006866 1.5905521 1.6307619 1.9085733 1.6190131 1.9245561 1.3467584 1.8587070 1.5837017 0.0000000 
