21
Kazachstania_africana               0.0000000 3.3004636 2.9948967 3.1292770 4.1053771 2.4002323 3.4998310 2.3032598 2.4023176 2.9190598 2.6203427 2.9773086 1.7581688 2.9118465 1.7868360 1.8138420 3.7917901 1.9715001 3.9486866 2.7503719 4.4106704 
Kazachstania_naganishii             3.3004636 0.0000000 3.7464205 4.1787939 4.7174335 2.4758011 3.1491977 3.6115275 1.8989213 2.6551532 2.0718514 3.2080720 2.9671316 2.7312411 3.0321766 3.2547679 3.2163505 3.2172992 3.1413719 2.6366134 5.5638511 
Naumovozyma_castellii               2.9948967 3.7464205 0.0000000 1.4772645 3.3552743 2.8798339 3.7965961 3.2890127 2.8764743 3.1311604 3.3281011 3.4530293 2.6064796 3.2150089 2.9081622 2.9706485 3.9126619 2.9962799 4.1797096 3.0837722 3.8507112 
Naumovozyma_dairenensis             3.1292770 4.1787939 1.4772645 0.0000000 3.8122104 2.7668830 4.3074342 3.2807329 2.6628423 3.2651614 3.2243164 3.2651446 2.7959288 3.3547547 2.9007158 2.9427895 3.8649114 2.7026141 4.0579050 2.9870962 3.9946127 
Tetrapisispora_blattae              4.1053771 4.7174335 3.3552743 3.8122104 0.0000000 3.6447288 4.6625448 4.2020358 3.8949152 4.0304612 3.6087781 4.3212407 3.8951718 4.1410257 3.4235720 3.9586022 4.5993556 4.0840411 4.4946564 3.7822922 2.6306010 
yHAB132_Kazachstania_martiniae      2.4002323 2.4758011 2.8798339 2.7668830 3.6447288 0.0000000 2.7907509 2.5545744 1.4741728 1.9711563 1.9580763 2.0098657 2.0122389 2.5504462 2.1152111 2.1963633 2.7560768 2.0963226 2.7380690 2.1539100 4.4454249 
yHAB133_Kazachstania_unispora       3.4998310 3.1491977 3.7965961 4.3074342 4.6625448 2.7907509 0.0000000 3.6840071 2.2792973 1.6188339 2.7217600 3.1551133 3.0431811 2.6050533 3.0485638 3.1913010 0.8784607 3.1839765 0.9659607 2.2396921 4.9235155 
yHAB134_Kazachstania_turicensis     2.3032598 3.6115275 3.2890127 3.2807329 4.2020358 2.5545744 3.6840071 0.0000000 2.5442021 2.9487942 2.5953553 3.1144030 1.5507829 2.8846717 1.7309735 2.3335957 3.7740431 1.1316688 3.7515205 2.7275351 4.3446373 
yHAB136_Kazachstania_bromeliacearum 2.4023176 1.8989213 2.8764743 2.6628423 3.8949152 1.4741728 2.2792973 2.5442021 0.0000000 1.6306002 1.4053585 2.0976631 2.2300758 1.7828776 2.1830257 2.2319602 2.4493974 2.1502612 2.3865759 1.4703967 4.4298424 
yHAB143_Kazachstania_siamensis      2.9190598 2.6551532 3.1311604 3.2651614 4.0304612 1.9711563 1.6188339 2.9487942 1.6306002 0.0000000 1.9551147 2.5745413 2.6845755 2.1603517 2.7297011 2.6807418 1.5506355 2.6102124 1.6393464 1.7909647 4.6025825 
yHAB147_Kazachstania_taianensis     2.6203427 2.0718514 3.3281011 3.2243164 3.6087781 1.9580763 2.7217600 2.5953553 1.4053585 1.9551147 0.0000000 2.5841142 2.4673439 2.1075555 2.2708536 2.5191716 2.8123641 2.4505524 2.7380896 2.1003132 4.8818061 
yHAB148_Kazachstania_intestinalis   2.9773086 3.2080720 3.4530293 3.2651446 4.3212407 2.0098657 3.1551133 3.1144030 2.0976631 2.5745413 2.5841142 0.0000000 2.5423863 2.9840018 2.6630504 2.9311663 3.1845158 2.8374202 3.3793773 2.8126360 5.1078274 
yHAB153_Kazachstania_rosinii        1.7581688 2.9671316 2.6064796 2.7959288 3.8951718 2.0122389 3.0431811 1.5507829 2.2300758 2.6845755 2.4673439 2.5423863 0.0000000 2.8391113 1.2339133 1.5536260 3.4755846 1.2415277 3.4686392 2.4638072 4.6026511 
yHAB154_Kazachstania_transvaalensis 2.9118465 2.7312411 3.2150089 3.3547547 4.1410257 2.5504462 2.6050533 2.8846717 1.7828776 2.1603517 2.1075555 2.9840018 2.8391113 0.0000000 2.7407176 2.8206983 2.6604755 2.9033141 2.7307467 0.6430519 4.3732333 
yHAB155_Kazachstania_spencerorum    1.7868360 3.0321766 2.9081622 2.9007158 3.4235720 2.1152111 3.0485638 1.7309735 2.1830257 2.7297011 2.2708536 2.6630504 1.2339133 2.7407176 0.0000000 1.9380523 2.9852336 1.3550737 3.2367384 2.5944383 4.1724991 
yHAB158_Kazachstania_viticola       1.8138420 3.2547679 2.9706485 2.9427895 3.9586022 2.1963633 3.1913010 2.3335957 2.2319602 2.6807418 2.5191716 2.9311663 1.5536260 2.8206983 1.9380523 0.0000000 3.2148571 1.9590528 3.2644434 2.6934709 4.8983599 
yHAB159_Kazachstania_solicola       3.7917901 3.2163505 3.9126619 3.8649114 4.5993556 2.7560768 0.8784607 3.7740431 2.4493974 1.5506355 2.8123641 3.1845158 3.4755846 2.6604755 2.9852336 3.2148571 0.0000000 3.1288254 0.1750512 2.3125553 5.4095540 
yHAB160_Kazachstania_kunashirensis  1.9715001 3.2172992 2.9962799 2.7026141 4.0840411 2.0963226 3.1839765 1.1316688 2.1502612 2.6102124 2.4505524 2.8374202 1.2415277 2.9033141 1.3550737 1.9590528 3.1288254 0.0000000 3.0708723 2.6290142 4.1997962 
yHAB164_Kazachstania_aerobia        3.9486866 3.1413719 4.1797096 4.0579050 4.4946564 2.7380690 0.9659607 3.7515205 2.3865759 1.6393464 2.7380896 3.3793773 3.4686392 2.7307467 3.2367384 3.2644434 0.1750512 3.0708723 0.0000000 2.3448588 5.2001847 
yHAB166_Kazachstania_yakushimaensis 2.7503719 2.6366134 3.0837722 2.9870962 3.7822922 2.1539100 2.2396921 2.7275351 1.4703967 1.7909647 2.1003132 2.8126360 2.4638072 0.6430519 2.5944383 2.6934709 2.3125553 2.6290142 2.3448588 0.0000000 3.9414032 
yHMPu5000035629_Yueomyces_sinensis  4.4106704 5.5638511 3.8507112 3.9946127 2.6306010 4.4454249 4.9235155 4.3446373 4.4298424 4.6025825 4.8818061 5.1078274 4.6026511 4.3732333 4.1724991 4.8983599 5.4095540 4.1997962 5.2001847 3.9414032 0.0000000 
