21
Kazachstania_africana               0.0000000 1.7290707 2.0015442 2.0658022 2.0486627 1.4635606 1.6624785 1.7779240 1.6808726 1.5518352 1.7078667 1.8095842 2.1645368 1.7182480 2.1197081 1.7689525 1.7561564 1.9983785 1.7108082 1.7529251 2.0598566 
Kazachstania_naganishii             1.7290707 0.0000000 1.9842384 1.8870897 2.2512346 1.7359744 1.5028443 1.8621824 1.2673586 1.5008621 1.4269676 1.8991631 2.0125086 1.7031509 2.0361385 1.6934143 1.4471138 2.1349620 1.4164143 1.6334814 2.3683716 
Naumovozyma_castellii               2.0015442 1.9842384 0.0000000 1.5894861 2.0660988 1.8532594 1.7626496 1.9308841 1.5276363 1.6725733 1.7256593 2.0973663 1.9552126 2.0705153 2.3979462 1.9059362 1.7097344 2.0868847 1.6752678 2.0313315 2.4465614 
Naumovozyma_dairenensis             2.0658022 1.8870897 1.5894861 0.0000000 2.1328140 1.8123612 1.6218630 1.9466590 1.7301782 1.4955895 1.7621685 2.1535598 1.9716468 1.9344576 2.2999723 1.7229848 1.7776122 1.8808304 1.7140732 1.7741564 2.3531056 
Tetrapisispora_blattae              2.0486627 2.2512346 2.0660988 2.1328140 0.0000000 1.9259486 1.7949672 1.8679591 1.8303657 1.7393328 2.0673069 2.2249543 2.0390845 1.9501095 2.2524122 2.0741593 1.8778401 2.0454739 1.8886021 1.7076703 1.6856266 
yHAB132_Kazachstania_martiniae      1.4635606 1.7359744 1.8532594 1.8123612 1.9259486 0.0000000 1.3950056 1.4787437 1.1774627 1.4225283 1.3285836 1.6688867 1.7506373 1.5012907 2.0495495 1.4731848 1.5264946 1.6933851 1.5007721 1.4876589 1.9652202 
yHAB133_Kazachstania_unispora       1.6624785 1.5028443 1.7626496 1.6218630 1.7949672 1.3950056 0.0000000 1.6826677 1.0421980 0.5013500 1.1094732 1.8924613 2.0154345 1.1765293 2.1459397 1.5834324 0.3500951 1.9156217 0.3472333 1.1533295 2.0321142 
yHAB134_Kazachstania_turicensis     1.7779240 1.8621824 1.9308841 1.9466590 1.8679591 1.4787437 1.6826677 0.0000000 1.6170801 1.5934895 1.6935043 1.9252328 1.4960533 1.8724170 1.9653758 1.6121721 1.6693679 0.9277068 1.6555780 1.7326192 2.0778712 
yHAB136_Kazachstania_bromeliacearum 1.6808726 1.2673586 1.5276363 1.7301782 1.8303657 1.1774627 1.0421980 1.6170801 0.0000000 1.0572865 1.0117758 1.5854640 1.9078650 1.5219763 1.8790495 1.4827695 1.0981301 1.5864866 1.0483188 1.3932704 1.9870193 
yHAB143_Kazachstania_siamensis      1.5518352 1.5008621 1.6725733 1.4955895 1.7393328 1.4225283 0.5013500 1.5934895 1.0572865 0.0000000 1.1334527 1.7971868 1.9190132 1.1530801 2.0512415 1.5295678 0.6013464 1.7510004 0.6254708 1.1763283 1.9991433 
yHAB147_Kazachstania_taianensis     1.7078667 1.4269676 1.7256593 1.7621685 2.0673069 1.3285836 1.1094732 1.6935043 1.0117758 1.1334527 0.0000000 1.5980242 1.7930755 1.2831217 2.0020281 1.4992507 1.1773603 1.6803429 1.1082943 1.3090397 2.1073203 
yHAB148_Kazachstania_intestinalis   1.8095842 1.8991631 2.0973663 2.1535598 2.2249543 1.6688867 1.8924613 1.9252328 1.5854640 1.7971868 1.5980242 0.0000000 1.8841958 2.0157726 2.1028091 1.8452890 1.7912868 2.0105644 1.8361145 1.8370743 2.2061697 
yHAB153_Kazachstania_rosinii        2.1645368 2.0125086 1.9552126 1.9716468 2.0390845 1.7506373 2.0154345 1.4960533 1.9078650 1.9190132 1.7930755 1.8841958 0.0000000 2.0447741 1.7481537 2.1084508 1.9789453 1.6193322 1.9958621 1.8312665 2.0857226 
yHAB154_Kazachstania_transvaalensis 1.7182480 1.7031509 2.0705153 1.9344576 1.9501095 1.5012907 1.1765293 1.8724170 1.5219763 1.1530801 1.2831217 2.0157726 2.0447741 0.0000000 2.3734476 1.7826443 1.3110051 1.8388561 1.3432437 0.4687319 2.1192273 
yHAB155_Kazachstania_spencerorum    2.1197081 2.0361385 2.3979462 2.2999723 2.2524122 2.0495495 2.1459397 1.9653758 1.8790495 2.0512415 2.0020281 2.1028091 1.7481537 2.3734476 0.0000000 2.2407123 2.1843434 1.9069577 2.1254108 2.2645477 2.4732850 
yHAB158_Kazachstania_viticola       1.7689525 1.6934143 1.9059362 1.7229848 2.0741593 1.4731848 1.5834324 1.6121721 1.4827695 1.5295678 1.4992507 1.8452890 2.1084508 1.7826443 2.2407123 0.0000000 1.5761581 1.6856775 1.5728863 1.7191566 2.1661485 
yHAB159_Kazachstania_solicola       1.7561564 1.4471138 1.7097344 1.7776122 1.8778401 1.5264946 0.3500951 1.6693679 1.0981301 0.6013464 1.1773603 1.7912868 1.9789453 1.3110051 2.1843434 1.5761581 0.0000000 1.8427652 0.1219041 1.3098105 2.0192920 
yHAB160_Kazachstania_kunashirensis  1.9983785 2.1349620 2.0868847 1.8808304 2.0454739 1.6933851 1.9156217 0.9277068 1.5864866 1.7510004 1.6803429 2.0105644 1.6193322 1.8388561 1.9069577 1.6856775 1.8427652 0.0000000 1.7274860 1.6234735 2.1090354 
yHAB164_Kazachstania_aerobia        1.7108082 1.4164143 1.6752678 1.7140732 1.8886021 1.5007721 0.3472333 1.6555780 1.0483188 0.6254708 1.1082943 1.8361145 1.9958621 1.3432437 2.1254108 1.5728863 0.1219041 1.7274860 0.0000000 1.2946414 1.9787577 
yHAB166_Kazachstania_yakushimaensis 1.7529251 1.6334814 2.0313315 1.7741564 1.7076703 1.4876589 1.1533295 1.7326192 1.3932704 1.1763283 1.3090397 1.8370743 1.8312665 0.4687319 2.2645477 1.7191566 1.3098105 1.6234735 1.2946414 0.0000000 1.8313181 
yHMPu5000035629_Yueomyces_sinensis  2.0598566 2.3683716 2.4465614 2.3531056 1.6856266 1.9652202 2.0321142 2.0778712 1.9870193 1.9991433 2.1073203 2.2061697 2.0857226 2.1192273 2.4732850 2.1661485 2.0192920 2.1090354 1.9787577 1.8313181 0.0000000 
