21
Kazachstania_africana               0.0000000 2.5836725 2.2700826 2.3724597 4.1077978 2.1288266 2.4593885 2.2498130 2.0206661 2.6300376 2.3497606 2.8851651 1.8454922 2.9642334 1.9618947 2.2169513 2.4553365 2.0503506 2.4569900 3.1537240 3.9453361 
Kazachstania_naganishii             2.5836725 0.0000000 2.8532911 2.6260844 4.2395135 2.4468163 2.6274560 2.8854267 1.9511861 2.7739912 2.1070342 2.6990028 2.4488437 2.7290044 2.7046425 2.5415647 2.5389533 2.8578140 2.6445877 2.9836579 4.1967988 
Naumovozyma_castellii               2.2700826 2.8532911 0.0000000 1.9046544 4.1566824 2.6720557 3.0566315 2.7892396 2.4546448 3.1259619 2.7277297 3.1941266 2.3241040 3.3594835 2.4522208 2.4835509 3.0014960 2.4872180 3.0419973 3.3511603 4.1979162 
Naumovozyma_dairenensis             2.3724597 2.6260844 1.9046544 0.0000000 3.8881132 2.3732792 2.5006824 2.5652066 1.9959378 2.4955227 2.4712062 2.8901411 2.1984108 2.8900208 2.3116388 2.2596141 2.3758412 2.4296328 2.3760944 2.8816347 3.6620477 
Tetrapisispora_blattae              4.1077978 4.2395135 4.1566824 3.8881132 0.0000000 3.8971911 4.0126691 3.7045380 4.0393965 3.9277582 4.2109578 4.5641405 4.1805309 4.1971476 4.0675933 4.6820624 3.8493323 3.9208701 3.8177370 4.3044319 2.7433233 
yHAB132_Kazachstania_martiniae      2.1288266 2.4468163 2.6720557 2.3732792 3.8971911 0.0000000 2.3346599 2.4269254 2.0193004 2.4926683 2.2404210 2.8585549 2.1944749 2.6121670 2.3457178 2.3485799 2.2217629 2.2565730 2.3425317 2.6713703 3.9695399 
yHAB133_Kazachstania_unispora       2.4593885 2.6274560 3.0566315 2.5006824 4.0126691 2.3346599 0.0000000 2.5389013 1.9438502 0.8883035 2.1387127 3.1581691 2.6032188 2.4907263 2.4621188 2.7226141 0.4849948 2.4393038 0.4783435 2.6941459 3.8730690 
yHAB134_Kazachstania_turicensis     2.2498130 2.8854267 2.7892396 2.5652066 3.7045380 2.4269254 2.5389013 0.0000000 2.2969446 2.6498715 2.6812466 3.0393126 2.2359293 3.0961671 2.1428183 2.6475762 2.5520977 1.5952746 2.5540031 3.2498932 3.5783007 
yHAB136_Kazachstania_bromeliacearum 2.0206661 1.9511861 2.4546448 1.9959378 4.0393965 2.0193004 1.9438502 2.2969446 0.0000000 2.2037664 1.6435205 2.6393109 1.8741874 2.4880423 2.0053060 2.0072483 1.9057283 2.0128760 2.0620957 2.4865328 3.7561761 
yHAB143_Kazachstania_siamensis      2.6300376 2.7739912 3.1259619 2.4955227 3.9277582 2.4926683 0.8883035 2.6498715 2.2037664 0.0000000 2.3052209 3.1652239 2.5569603 2.5878640 2.5940675 2.8163844 0.9287727 2.4944570 0.9177975 2.6706121 4.0896295 
yHAB147_Kazachstania_taianensis     2.3497606 2.1070342 2.7277297 2.4712062 4.2109578 2.2404210 2.1387127 2.6812466 1.6435205 2.3052209 0.0000000 2.6733113 2.2451035 2.1398311 2.3968201 2.4271861 2.1047404 2.2724435 2.1579500 2.2560361 3.8898252 
yHAB148_Kazachstania_intestinalis   2.8851651 2.6990028 3.1941266 2.8901411 4.5641405 2.8585549 3.1581691 3.0393126 2.6393109 3.1652239 2.6733113 0.0000000 2.6624201 3.1236714 3.0953327 2.7843072 3.0373583 3.0416652 3.2085492 3.5276309 4.5411897 
yHAB153_Kazachstania_rosinii        1.8454922 2.4488437 2.3241040 2.1984108 4.1805309 2.1944749 2.6032188 2.2359293 1.8741874 2.5569603 2.2451035 2.6624201 0.0000000 2.7521069 1.5786461 1.9816128 2.4759494 1.7524507 2.5173395 3.1128608 4.0591068 
yHAB154_Kazachstania_transvaalensis 2.9642334 2.7290044 3.3594835 2.8900208 4.1971476 2.6121670 2.4907263 3.0961671 2.4880423 2.5878640 2.1398311 3.1236714 2.7521069 0.0000000 2.8304007 2.8143987 2.3953261 2.6781272 2.5022823 1.0213513 3.6904011 
yHAB155_Kazachstania_spencerorum    1.9618947 2.7046425 2.4522208 2.3116388 4.0675933 2.3457178 2.4621188 2.1428183 2.0053060 2.5940675 2.3968201 3.0953327 1.5786461 2.8304007 0.0000000 2.1036995 2.5226097 1.6892444 2.5228340 2.8493702 3.8496001 
yHAB158_Kazachstania_viticola       2.2169513 2.5415647 2.4835509 2.2596141 4.6820624 2.3485799 2.7226141 2.6475762 2.0072483 2.8163844 2.4271861 2.7843072 1.9816128 2.8143987 2.1036995 0.0000000 2.5956762 2.0796633 2.6572412 2.7498403 4.2058011 
yHAB159_Kazachstania_solicola       2.4553365 2.5389533 3.0014960 2.3758412 3.8493323 2.2217629 0.4849948 2.5520977 1.9057283 0.9287727 2.1047404 3.0373583 2.4759494 2.3953261 2.5226097 2.5956762 0.0000000 2.3132029 0.1556373 2.6053870 3.9809437 
yHAB160_Kazachstania_kunashirensis  2.0503506 2.8578140 2.4872180 2.4296328 3.9208701 2.2565730 2.4393038 1.5952746 2.0128760 2.4944570 2.2724435 3.0416652 1.7524507 2.6781272 1.6892444 2.0796633 2.3132029 0.0000000 2.3851775 2.7315063 3.6105708 
yHAB164_Kazachstania_aerobia        2.4569900 2.6445877 3.0419973 2.3760944 3.8177370 2.3425317 0.4783435 2.5540031 2.0620957 0.9177975 2.1579500 3.2085492 2.5173395 2.5022823 2.5228340 2.6572412 0.1556373 2.3851775 0.0000000 2.7406817 4.0658274 
yHAB166_Kazachstania_yakushimaensis 3.1537240 2.9836579 3.3511603 2.8816347 4.3044319 2.6713703 2.6941459 3.2498932 2.4865328 2.6706121 2.2560361 3.5276309 3.1128608 1.0213513 2.8493702 2.7498403 2.6053870 2.7315063 2.7406817 0.0000000 4.0981631 
yHMPu5000035629_Yueomyces_sinensis  3.9453361 4.1967988 4.1979162 3.6620477 2.7433233 3.9695399 3.8730690 3.5783007 3.7561761 4.0896295 3.8898252 4.5411897 4.0591068 3.6904011 3.8496001 4.2058011 3.9809437 3.6105708 4.0658274 4.0981631 0.0000000 
