21
Kazachstania_africana               0.0000000 2.8453119 2.4205470 2.2851459 2.8650664 2.1929698 2.8137054 2.3192016 1.9795377 2.7067730 2.2360017 2.4634883 1.9280220 2.8363193 2.2661224 2.4887797 2.9182412 2.1601416 2.8892492 2.5751895 3.8065040 
Kazachstania_naganishii             2.8453119 0.0000000 2.9830969 3.0477166 3.5554454 2.4418356 3.2941570 2.8765885 2.0718352 3.2663902 2.3070929 2.8213117 2.6955588 2.7423688 3.0052752 3.4598639 3.3387933 2.6506798 3.2771662 2.5665539 4.1992290 
Naumovozyma_castellii               2.4205470 2.9830969 0.0000000 1.4665421 2.5907218 2.2303098 2.9244638 2.5022482 2.0732953 2.8462784 2.3967691 2.8735924 2.3862180 2.8262421 2.5553165 2.7552995 2.9212415 2.3814618 2.9434893 2.7705101 3.6146485 
Naumovozyma_dairenensis             2.2851459 3.0477166 1.4665421 0.0000000 2.5624821 2.1879430 2.7568607 2.4204780 2.0823766 2.5637094 2.5478215 2.7890825 2.2816034 2.6440888 2.5347029 2.5781100 2.8267875 2.1752496 2.7993045 2.5256362 3.3574780 
Tetrapisispora_blattae              2.8650664 3.5554454 2.5907218 2.5624821 0.0000000 2.7595921 3.4927742 3.2125345 2.6875424 3.3005267 3.0170481 3.2552489 2.9030737 3.1885898 3.2557925 3.2117695 3.4373739 3.0207515 3.4552649 3.0661267 2.5217957 
yHAB132_Kazachstania_martiniae      2.1929698 2.4418356 2.2303098 2.1879430 2.7595921 0.0000000 2.6825138 2.2934395 1.7053454 2.8357295 2.0105421 2.3043003 2.1567508 2.5637653 2.3470191 2.7771671 2.7335706 2.1469333 2.7485156 2.3692960 3.9395676 
yHAB133_Kazachstania_unispora       2.8137054 3.2941570 2.9244638 2.7568607 3.4927742 2.6825138 0.0000000 2.9048028 2.0587513 0.9004201 2.3740021 2.8203855 2.6937800 2.6242819 2.9804918 3.3773932 0.5873828 2.8058234 0.5763814 2.4435957 4.1385611 
yHAB134_Kazachstania_turicensis     2.3192016 2.8765885 2.5022482 2.4204780 3.2125345 2.2934395 2.9048028 0.0000000 1.9589923 2.8304658 2.3786061 2.5521893 1.8778323 2.8497810 2.0008429 2.7678621 2.9275657 1.3378081 2.9576653 2.6797709 4.1381754 
yHAB136_Kazachstania_bromeliacearum 1.9795377 2.0718352 2.0732953 2.0823766 2.6875424 1.7053454 2.0587513 1.9589923 0.0000000 2.1948003 1.5589535 2.0604484 1.8372056 1.9665920 1.9912371 2.2403301 2.1490366 1.8594022 2.1477362 1.6852882 3.4091046 
yHAB143_Kazachstania_siamensis      2.7067730 3.2663902 2.8462784 2.5637094 3.3005267 2.8357295 0.9004201 2.8304658 2.1948003 0.0000000 2.4489856 2.8528041 2.6376304 2.5316197 2.9143423 3.3021191 1.0303681 2.8311621 1.0412950 2.4436170 3.9932710 
yHAB147_Kazachstania_taianensis     2.2360017 2.3070929 2.3967691 2.5478215 3.0170481 2.0105421 2.3740021 2.3786061 1.5589535 2.4489856 0.0000000 2.3277870 2.0550737 2.1142469 2.4603005 2.9384282 2.3469528 2.2236349 2.4245299 1.8965264 4.3162484 
yHAB148_Kazachstania_intestinalis   2.4634883 2.8213117 2.8735924 2.7890825 3.2552489 2.3043003 2.8203855 2.5521893 2.0604484 2.8528041 2.3277870 0.0000000 2.2871766 2.7595631 2.5263587 2.8636977 3.1141657 2.6123855 3.2025997 2.7784927 4.3347946 
yHAB153_Kazachstania_rosinii        1.9280220 2.6955588 2.3862180 2.2816034 2.9030737 2.1567508 2.6937800 1.8778323 1.8372056 2.6376304 2.0550737 2.2871766 0.0000000 2.5534616 1.7442258 2.2985550 2.9317056 1.6415251 2.8210116 2.3907220 4.1194318 
yHAB154_Kazachstania_transvaalensis 2.8363193 2.7423688 2.8262421 2.6440888 3.1885898 2.5637653 2.6242819 2.8497810 1.9665920 2.5316197 2.1142469 2.7595631 2.5534616 0.0000000 2.7360389 2.8754586 2.6363127 2.8136725 2.6379888 0.6912964 4.0226115 
yHAB155_Kazachstania_spencerorum    2.2661224 3.0052752 2.5553165 2.5347029 3.2557925 2.3470191 2.9804918 2.0008429 1.9912371 2.9143423 2.4603005 2.5263587 1.7442258 2.7360389 0.0000000 2.5633136 2.9519544 1.8620138 2.9247894 2.7630313 3.8147151 
yHAB158_Kazachstania_viticola       2.4887797 3.4598639 2.7552995 2.5781100 3.2117695 2.7771671 3.3773932 2.7678621 2.2403301 3.3021191 2.9384282 2.8636977 2.2985550 2.8754586 2.5633136 0.0000000 3.4246481 2.5922831 3.4169001 2.7988054 3.5671619 
yHAB159_Kazachstania_solicola       2.9182412 3.3387933 2.9212415 2.8267875 3.4373739 2.7335706 0.5873828 2.9275657 2.1490366 1.0303681 2.3469528 3.1141657 2.9317056 2.6363127 2.9519544 3.4246481 0.0000000 2.9288537 0.1533551 2.5285920 4.0929539 
yHAB160_Kazachstania_kunashirensis  2.1601416 2.6506798 2.3814618 2.1752496 3.0207515 2.1469333 2.8058234 1.3378081 1.8594022 2.8311621 2.2236349 2.6123855 1.6415251 2.8136725 1.8620138 2.5922831 2.9288537 0.0000000 2.8671354 2.5925080 4.0478678 
yHAB164_Kazachstania_aerobia        2.8892492 3.2771662 2.9434893 2.7993045 3.4552649 2.7485156 0.5763814 2.9576653 2.1477362 1.0412950 2.4245299 3.2025997 2.8210116 2.6379888 2.9247894 3.4169001 0.1533551 2.8671354 0.0000000 2.5055684 4.0251946 
yHAB166_Kazachstania_yakushimaensis 2.5751895 2.5665539 2.7705101 2.5256362 3.0661267 2.3692960 2.4435957 2.6797709 1.6852882 2.4436170 1.8965264 2.7784927 2.3907220 0.6912964 2.7630313 2.7988054 2.5285920 2.5925080 2.5055684 0.0000000 3.7700973 
yHMPu5000035629_Yueomyces_sinensis  3.8065040 4.1992290 3.6146485 3.3574780 2.5217957 3.9395676 4.1385611 4.1381754 3.4091046 3.9932710 4.3162484 4.3347946 4.1194318 4.0226115 3.8147151 3.5671619 4.0929539 4.0478678 4.0251946 3.7700973 0.0000000 
