21
Kazachstania_africana               0.0000000 0.8315748 0.8070706 0.6516733 1.1054686 0.7597649 0.6667884 0.6782546 0.6781297 0.6749384 0.7442179 0.9850821 0.8759616 0.7706085 0.8619381 0.8708830 0.8044900 0.7418962 0.7873739 0.6975938 1.1194636 
Kazachstania_naganishii             0.8315748 0.0000000 0.4350285 0.4272484 0.9686725 0.4220851 0.3583911 0.4334704 0.3710082 0.3507068 0.3790924 0.6135141 0.5417763 0.4971092 0.6991256 0.5445176 0.4398546 0.4047170 0.4457496 0.4214492 1.1880062 
Naumovozyma_castellii               0.8070706 0.4350285 0.0000000 0.3441643 0.8429079 0.4226134 0.3354960 0.4585960 0.3375579 0.3522992 0.4052210 0.6398278 0.4901926 0.5448538 0.6160095 0.5673173 0.4352350 0.4536512 0.4463341 0.4516871 1.0880733 
Naumovozyma_dairenensis             0.6516733 0.4272484 0.3441643 0.0000000 0.8532688 0.3385746 0.3154775 0.3236569 0.3075522 0.3126631 0.4341539 0.6110163 0.4403073 0.4181529 0.5149328 0.5150689 0.4008328 0.3079680 0.4084205 0.3495299 0.9617439 
Tetrapisispora_blattae              1.1054686 0.9686725 0.8429079 0.8532688 0.0000000 0.8631371 0.8952138 0.8856913 0.8789439 0.8732074 0.8878967 0.9338361 0.8643123 0.8968693 0.9966765 0.9002214 0.9056536 0.9443483 0.9068612 0.8928289 1.3771245 
yHAB132_Kazachstania_martiniae      0.7597649 0.4220851 0.4226134 0.3385746 0.8631371 0.0000000 0.2166929 0.3640261 0.2913269 0.2203341 0.3766204 0.5932863 0.4843463 0.3229133 0.4265483 0.4590370 0.3543050 0.3117721 0.3447752 0.2329361 0.9157709 
yHAB133_Kazachstania_unispora       0.6667884 0.3583911 0.3354960 0.3154775 0.8952138 0.2166929 0.0000000 0.2910601 0.2137713 0.1125248 0.2842317 0.5834553 0.4664722 0.2911104 0.5020301 0.3984984 0.1847277 0.3029714 0.1898218 0.1831390 0.8924163 
yHAB134_Kazachstania_turicensis     0.6782546 0.4334704 0.4585960 0.3236569 0.8856913 0.3640261 0.2910601 0.0000000 0.3513370 0.3427825 0.3857827 0.6528385 0.4614063 0.4091712 0.5126284 0.4308006 0.4277369 0.2293517 0.4467736 0.3259632 1.0014873 
yHAB136_Kazachstania_bromeliacearum 0.6781297 0.3710082 0.3375579 0.3075522 0.8789439 0.2913269 0.2137713 0.3513370 0.0000000 0.2250660 0.3533584 0.5594673 0.4730950 0.3728437 0.4470139 0.4907671 0.3220887 0.3222629 0.3318502 0.2462577 0.9402305 
yHAB143_Kazachstania_siamensis      0.6749384 0.3507068 0.3522992 0.3126631 0.8732074 0.2203341 0.1125248 0.3427825 0.2250660 0.0000000 0.2851090 0.5799317 0.4633779 0.3384734 0.4624538 0.4212400 0.2189577 0.2964328 0.2278902 0.2230464 0.9197674 
yHAB147_Kazachstania_taianensis     0.7442179 0.3790924 0.4052210 0.4341539 0.8878967 0.3766204 0.2842317 0.3857827 0.3533584 0.2851090 0.0000000 0.6082190 0.5261284 0.4758894 0.6034619 0.5367104 0.3645462 0.3825507 0.3745985 0.3498730 1.1291429 
yHAB148_Kazachstania_intestinalis   0.9850821 0.6135141 0.6398278 0.6110163 0.9338361 0.5932863 0.5834553 0.6528385 0.5594673 0.5799317 0.6082190 0.0000000 0.6928499 0.7165457 0.7759216 0.6370535 0.6260600 0.6236533 0.6571761 0.6088289 1.3404784 
yHAB153_Kazachstania_rosinii        0.8759616 0.5417763 0.4901926 0.4403073 0.8643123 0.4843463 0.4664722 0.4614063 0.4730950 0.4633779 0.5261284 0.6928499 0.0000000 0.5159464 0.6171326 0.5826302 0.5344362 0.5147112 0.5546648 0.5144021 1.0925781 
yHAB154_Kazachstania_transvaalensis 0.7706085 0.4971092 0.5448538 0.4181529 0.8968693 0.3229133 0.2911104 0.4091712 0.3728437 0.3384734 0.4758894 0.7165457 0.5159464 0.0000000 0.5016501 0.5267239 0.4065291 0.3566679 0.4295337 0.1669697 1.0199527 
yHAB155_Kazachstania_spencerorum    0.8619381 0.6991256 0.6160095 0.5149328 0.9966765 0.4265483 0.5020301 0.5126284 0.4470139 0.4624538 0.6034619 0.7759216 0.6171326 0.5016501 0.0000000 0.6636607 0.5568414 0.4867226 0.5723701 0.4814806 1.1529425 
yHAB158_Kazachstania_viticola       0.8708830 0.5445176 0.5673173 0.5150689 0.9002214 0.4590370 0.3984984 0.4308006 0.4907671 0.4212400 0.5367104 0.6370535 0.5826302 0.5267239 0.6636607 0.0000000 0.5057810 0.4478144 0.5081213 0.4213025 1.1377081 
yHAB159_Kazachstania_solicola       0.8044900 0.4398546 0.4352350 0.4008328 0.9056536 0.3543050 0.1847277 0.4277369 0.3220887 0.2189577 0.3645462 0.6260600 0.5344362 0.4065291 0.5568414 0.5057810 0.0000000 0.3977460 0.0921975 0.3071121 1.0070692 
yHAB160_Kazachstania_kunashirensis  0.7418962 0.4047170 0.4536512 0.3079680 0.9443483 0.3117721 0.3029714 0.2293517 0.3222629 0.2964328 0.3825507 0.6236533 0.5147112 0.3566679 0.4867226 0.4478144 0.3977460 0.0000000 0.3871763 0.2823401 0.9511174 
yHAB164_Kazachstania_aerobia        0.7873739 0.4457496 0.4463341 0.4084205 0.9068612 0.3447752 0.1898218 0.4467736 0.3318502 0.2278902 0.3745985 0.6571761 0.5546648 0.4295337 0.5723701 0.5081213 0.0921975 0.3871763 0.0000000 0.3190180 0.9906854 
yHAB166_Kazachstania_yakushimaensis 0.6975938 0.4214492 0.4516871 0.3495299 0.8928289 0.2329361 0.1831390 0.3259632 0.2462577 0.2230464 0.3498730 0.6088289 0.5144021 0.1669697 0.4814806 0.4213025 0.3071121 0.2823401 0.3190180 0.0000000 0.8992040 
yHMPu5000035629_Yueomyces_sinensis  1.1194636 1.1880062 1.0880733 0.9617439 1.3771245 0.9157709 0.8924163 1.0014873 0.9402305 0.9197674 1.1291429 1.3404784 1.0925781 1.0199527 1.1529425 1.1377081 1.0070692 0.9511174 0.9906854 0.8992040 0.0000000 
