21
Kazachstania_africana               0.0000000 1.7065740 1.0609736 0.9540441 1.2590982 0.8803398 1.2028947 1.3644308 0.9028296 1.2782989 1.1048015 1.0862753 1.2507324 1.3153284 1.1472133 0.9218903 1.0923542 1.1422057 1.1229203 1.2319040 0.9141398 
Kazachstania_naganishii             1.7065740 0.0000000 1.9659825 1.8021182 2.2803429 1.7203761 2.1185360 1.7849878 1.8343371 2.0270852 1.4730002 1.6758622 1.6543446 2.2317675 1.8764173 1.9052817 1.8386760 1.8933191 2.2626614 2.3129451 2.3405912 
Naumovozyma_castellii               1.0609736 1.9659825 0.0000000 0.7667162 1.2138028 0.9185328 1.3048107 1.5086959 1.1743066 1.2636990 1.2743703 1.6206985 1.3943128 1.4421414 1.4034143 0.9920436 1.3086030 1.2052949 1.3194791 1.5033986 1.2577371 
Naumovozyma_dairenensis             0.9540441 1.8021182 0.7667162 0.0000000 1.0728669 0.9983852 0.9529230 1.3691897 1.0077708 1.1095371 1.1872925 1.3985810 1.2997575 1.3836997 1.1883107 0.9371956 1.0329727 1.1180637 1.0535597 1.3382272 0.9319245 
Tetrapisispora_blattae              1.2590982 2.2803429 1.2138028 1.0728669 0.0000000 1.3961207 1.3772203 1.5796298 1.2280080 1.3528514 1.5093390 1.6074648 1.7349326 1.7287043 1.3411259 1.0926703 1.3530916 1.2539121 1.4108309 1.7108322 0.7010141 
yHAB132_Kazachstania_martiniae      0.8803398 1.7203761 0.9185328 0.9983852 1.3961207 0.0000000 1.0207444 1.2304837 0.8798595 1.0467367 0.7997178 1.0248283 1.3822982 1.2615113 1.2539807 0.8489528 0.9935827 1.0873117 0.9648478 1.2628589 1.1797528 
yHAB133_Kazachstania_unispora       1.2028947 2.1185360 1.3048107 0.9529230 1.3772203 1.0207444 0.0000000 1.3318590 1.0071441 0.4823021 0.8622284 1.5910600 1.3934391 1.3162535 1.3490736 1.0802096 0.4502622 1.2361129 0.3873931 1.2873621 1.2663214 
yHAB134_Kazachstania_turicensis     1.3644308 1.7849878 1.5086959 1.3691897 1.5796298 1.2304837 1.3318590 0.0000000 1.0553027 1.4238830 1.1048261 1.2349208 1.1614668 1.5645285 1.2469953 1.1234519 1.3245120 0.9397930 1.4155680 1.5565529 1.2935432 
yHAB136_Kazachstania_bromeliacearum 0.9028296 1.8343371 1.1743066 1.0077708 1.2280080 0.8798595 1.0071441 1.0553027 0.0000000 0.9926459 0.8871743 1.0835805 1.3597344 1.0231815 1.2141776 0.9164928 0.8636449 1.1361435 1.0520397 1.0567804 0.9924066 
yHAB143_Kazachstania_siamensis      1.2782989 2.0270852 1.2636990 1.1095371 1.3528514 1.0467367 0.4823021 1.4238830 0.9926459 0.0000000 0.8036518 1.6509947 1.4533117 1.3178118 1.4234731 1.3257550 0.5372330 1.3384352 0.5529840 1.4018711 1.3245948 
yHAB147_Kazachstania_taianensis     1.1048015 1.4730002 1.2743703 1.1872925 1.5093390 0.7997178 0.8622284 1.1048261 0.8871743 0.8036518 0.0000000 1.3114495 1.1850875 1.0509169 1.1883271 0.9576398 0.8918096 1.0704093 0.9460039 1.1751918 1.3352657 
yHAB148_Kazachstania_intestinalis   1.0862753 1.6758622 1.6206985 1.3985810 1.6074648 1.0248283 1.5910600 1.2349208 1.0835805 1.6509947 1.3114495 0.0000000 1.5279888 1.2445519 1.5654440 1.0768223 1.4689246 1.3744049 1.5222584 1.3148336 1.4648385 
yHAB153_Kazachstania_rosinii        1.2507324 1.6543446 1.3943128 1.2997575 1.7349326 1.3822982 1.3934391 1.1614668 1.3597344 1.4533117 1.1850875 1.5279888 0.0000000 1.8009077 1.1427003 1.3275445 1.4458616 1.2394210 1.4612313 1.8030270 1.4661777 
yHAB154_Kazachstania_transvaalensis 1.3153284 2.2317675 1.4421414 1.3836997 1.7287043 1.2615113 1.3162535 1.5645285 1.0231815 1.3178118 1.0509169 1.2445519 1.8009077 0.0000000 1.5436312 1.3906154 1.2410063 1.5043984 1.2566665 0.3658368 1.4566356 
yHAB155_Kazachstania_spencerorum    1.1472133 1.8764173 1.4034143 1.1883107 1.3411259 1.2539807 1.3490736 1.2469953 1.2141776 1.4234731 1.1883271 1.5654440 1.1427003 1.5436312 0.0000000 1.0754268 1.2182051 1.1332108 1.3755134 1.4569299 1.3807508 
yHAB158_Kazachstania_viticola       0.9218903 1.9052817 0.9920436 0.9371956 1.0926703 0.8489528 1.0802096 1.1234519 0.9164928 1.3257550 0.9576398 1.0768223 1.3275445 1.3906154 1.0754268 0.0000000 1.1667537 1.0036277 1.1876394 1.3020473 1.0343192 
yHAB159_Kazachstania_solicola       1.0923542 1.8386760 1.3086030 1.0329727 1.3530916 0.9935827 0.4502622 1.3245120 0.8636449 0.5372330 0.8918096 1.4689246 1.4458616 1.2410063 1.2182051 1.1667537 0.0000000 1.3236393 0.2869835 1.2415274 1.2043022 
yHAB160_Kazachstania_kunashirensis  1.1422057 1.8933191 1.2052949 1.1180637 1.2539121 1.0873117 1.2361129 0.9397930 1.1361435 1.3384352 1.0704093 1.3744049 1.2394210 1.5043984 1.1332108 1.0036277 1.3236393 0.0000000 1.3549109 1.4838774 1.1498819 
yHAB164_Kazachstania_aerobia        1.1229203 2.2626614 1.3194791 1.0535597 1.4108309 0.9648478 0.3873931 1.4155680 1.0520397 0.5529840 0.9460039 1.5222584 1.4612313 1.2566665 1.3755134 1.1876394 0.2869835 1.3549109 0.0000000 1.2568002 1.1196685 
yHAB166_Kazachstania_yakushimaensis 1.2319040 2.3129451 1.5033986 1.3382272 1.7108322 1.2628589 1.2873621 1.5565529 1.0567804 1.4018711 1.1751918 1.3148336 1.8030270 0.3658368 1.4569299 1.3020473 1.2415274 1.4838774 1.2568002 0.0000000 1.3058962 
yHMPu5000035629_Yueomyces_sinensis  0.9141398 2.3405912 1.2577371 0.9319245 0.7010141 1.1797528 1.2663214 1.2935432 0.9924066 1.3245948 1.3352657 1.4648385 1.4661777 1.4566356 1.3807508 1.0343192 1.2043022 1.1498819 1.1196685 1.3058962 0.0000000 
