21
Kazachstania_africana               0.0000000 1.4440437 1.2956401 1.1184360 1.6775236 1.2482757 1.3577943 1.2148463 1.2934888 1.2569531 2.0213084 1.6265466 1.2164546 1.3416752 0.8994834 1.0030292 1.2993794 1.0367604 1.3313479 1.4782135 1.8652187 
Kazachstania_naganishii             1.4440437 0.0000000 1.4425932 1.4694257 1.7913913 1.4303095 1.0622302 1.5089315 1.1097646 1.0948215 1.4551251 1.5195059 1.4117173 1.2466777 1.2698209 1.3521319 1.0231088 1.2903839 1.0762333 1.3006460 1.8305545 
Naumovozyma_castellii               1.2956401 1.4425932 0.0000000 0.6643950 1.3036473 0.9603949 1.2095706 1.1550488 1.2036295 1.1818315 1.6654023 1.4840207 1.1756884 1.2286141 1.0208724 1.1144797 1.2334981 1.1110251 1.2635994 1.3343589 1.5355949 
Naumovozyma_dairenensis             1.1184360 1.4694257 0.6643950 0.0000000 1.0526568 0.8351624 1.3730190 1.1080170 1.1924694 1.2034296 1.8982552 1.2074845 1.0896359 1.1241804 0.9245828 0.9358992 1.2372413 1.0642918 1.2961168 1.1833663 1.2968947 
Tetrapisispora_blattae              1.6775236 1.7913913 1.3036473 1.0526568 0.0000000 1.1794170 1.7336716 1.5872007 1.6881012 1.5950378 2.4549295 1.7425225 1.5807071 1.4961968 1.3240317 1.3667301 1.7836142 1.3461038 1.6522132 1.5261085 1.2163155 
yHAB132_Kazachstania_martiniae      1.2482757 1.4303095 0.9603949 0.8351624 1.1794170 0.0000000 1.1593070 1.1757669 1.1540052 1.1757342 1.8830784 1.3314705 1.2564332 1.3268767 1.0463981 1.0036194 1.2630876 1.0290185 1.2278107 1.3781461 1.4803940 
yHAB133_Kazachstania_unispora       1.3577943 1.0622302 1.2095706 1.3730190 1.7336716 1.1593070 0.0000000 1.5153998 0.8777593 0.3403620 1.6366709 1.6158263 1.6158664 0.9524901 1.1395526 1.0948525 0.3518030 1.1277505 0.3024426 0.9830487 1.8383823 
yHAB134_Kazachstania_turicensis     1.2148463 1.5089315 1.1550488 1.1080170 1.5872007 1.1757669 1.5153998 0.0000000 1.4336887 1.5227390 2.2244451 1.7388220 1.1100088 1.5530947 0.8800920 1.2870265 1.5370466 0.8256482 1.5636864 1.5839736 1.8157241 
yHAB136_Kazachstania_bromeliacearum 1.2934888 1.1097646 1.2036295 1.1924694 1.6881012 1.1540052 0.8777593 1.4336887 0.0000000 0.7329367 1.7263404 1.5544333 1.4429475 1.0003296 1.1416742 1.1383923 0.9069793 1.1974481 0.8451833 0.9854518 1.6374728 
yHAB143_Kazachstania_siamensis      1.2569531 1.0948215 1.1818315 1.2034296 1.5950378 1.1757342 0.3403620 1.5227390 0.7329367 0.0000000 1.5994203 1.6438450 1.5272829 0.9252008 1.0971408 1.0886640 0.4106441 1.1630898 0.3790257 0.9275511 1.7214178 
yHAB147_Kazachstania_taianensis     2.0213084 1.4551251 1.6654023 1.8982552 2.4549295 1.8830784 1.6366709 2.2244451 1.7263404 1.5994203 0.0000000 1.7352032 1.5834067 1.6627043 1.8578388 1.9890581 1.4606850 1.9539118 1.5243269 1.7656023 2.7067852 
yHAB148_Kazachstania_intestinalis   1.6265466 1.5195059 1.4840207 1.2074845 1.7425225 1.3314705 1.6158263 1.7388220 1.5544333 1.6438450 1.7352032 0.0000000 1.5567750 1.4263098 1.2456972 1.3529505 1.5467222 1.5357935 1.5564593 1.4963854 1.9690620 
yHAB153_Kazachstania_rosinii        1.2164546 1.4117173 1.1756884 1.0896359 1.5807071 1.2564332 1.6158664 1.1100088 1.4429475 1.5272829 1.5834067 1.5567750 0.0000000 1.4887012 0.9671579 1.0800660 1.4110659 1.1299450 1.4098956 1.5425941 1.9108507 
yHAB154_Kazachstania_transvaalensis 1.3416752 1.2466777 1.2286141 1.1241804 1.4961968 1.3268767 0.9524901 1.5530947 1.0003296 0.9252008 1.6627043 1.4263098 1.4887012 0.0000000 1.2019461 1.2165205 0.9380567 1.3266464 0.9496930 0.3531687 1.8183071 
yHAB155_Kazachstania_spencerorum    0.8994834 1.2698209 1.0208724 0.9245828 1.3240317 1.0463981 1.1395526 0.8800920 1.1416742 1.0971408 1.8578388 1.2456972 0.9671579 1.2019461 0.0000000 0.9727338 1.1320777 0.8306792 1.1408655 1.1669160 1.4940278 
yHAB158_Kazachstania_viticola       1.0030292 1.3521319 1.1144797 0.9358992 1.3667301 1.0036194 1.0948525 1.2870265 1.1383923 1.0886640 1.9890581 1.3529505 1.0800660 1.2165205 0.9727338 0.0000000 1.1557956 1.0130553 1.1080776 1.2573414 1.5661685 
yHAB159_Kazachstania_solicola       1.2993794 1.0231088 1.2334981 1.2372413 1.7836142 1.2630876 0.3518030 1.5370466 0.9069793 0.4106441 1.4606850 1.5467222 1.4110659 0.9380567 1.1320777 1.1557956 0.0000000 1.1415867 0.1375510 1.0811591 1.7647576 
yHAB160_Kazachstania_kunashirensis  1.0367604 1.2903839 1.1110251 1.0642918 1.3461038 1.0290185 1.1277505 0.8256482 1.1974481 1.1630898 1.9539118 1.5357935 1.1299450 1.3266464 0.8306792 1.0130553 1.1415867 0.0000000 1.1555316 1.2778154 1.5890750 
yHAB164_Kazachstania_aerobia        1.3313479 1.0762333 1.2635994 1.2961168 1.6522132 1.2278107 0.3024426 1.5636864 0.8451833 0.3790257 1.5243269 1.5564593 1.4098956 0.9496930 1.1408655 1.1080776 0.1375510 1.1555316 0.0000000 1.0697549 1.7615079 
yHAB166_Kazachstania_yakushimaensis 1.4782135 1.3006460 1.3343589 1.1833663 1.5261085 1.3781461 0.9830487 1.5839736 0.9854518 0.9275511 1.7656023 1.4963854 1.5425941 0.3531687 1.1669160 1.2573414 1.0811591 1.2778154 1.0697549 0.0000000 1.7660882 
yHMPu5000035629_Yueomyces_sinensis  1.8652187 1.8305545 1.5355949 1.2968947 1.2163155 1.4803940 1.8383823 1.8157241 1.6374728 1.7214178 2.7067852 1.9690620 1.9108507 1.8183071 1.4940278 1.5661685 1.7647576 1.5890750 1.7615079 1.7660882 0.0000000 
