21
Kazachstania_africana               0.0000000 1.7723476 1.6199530 1.5220403 2.8510406 1.6020123 1.7314429 1.6907791 1.5523307 1.7278665 1.8588395 1.7139117 1.6718986 2.1266020 1.7367527 1.6314073 1.6536563 1.7129382 1.6684872 2.3345325 2.9619298 
Kazachstania_naganishii             1.7723476 0.0000000 1.5239545 1.5759506 2.3959907 1.7571628 1.4941984 2.0275808 1.3442955 1.4076334 1.3243871 1.3183502 1.7020832 2.4576409 1.6012929 1.6290884 1.5084786 2.0170655 1.5382842 2.2538945 2.8028545 
Naumovozyma_castellii               1.6199530 1.5239545 0.0000000 1.0053615 1.9706573 1.0899674 1.2593550 1.6848830 0.9465708 1.2813769 1.4226285 1.3231834 1.3329089 2.6827138 1.3834102 1.3679127 1.1876512 1.5820458 1.2038091 2.3793982 2.7193344 
Naumovozyma_dairenensis             1.5220403 1.5759506 1.0053615 0.0000000 1.8882055 1.1513567 1.2007654 1.4249392 1.0938676 1.2260758 1.7439778 1.2775524 1.4260934 2.0585878 1.3430324 1.2590745 1.2662927 1.4233808 1.2309991 2.1363930 2.3927329 
Tetrapisispora_blattae              2.8510406 2.3959907 1.9706573 1.8882055 0.0000000 2.2325951 2.1330662 2.0981434 1.9651881 2.0760065 2.4795340 2.2809425 2.7158210 2.7555669 2.3811347 2.3158131 2.0439803 2.3921293 2.1962104 2.8664099 2.0749494 
yHAB132_Kazachstania_martiniae      1.6020123 1.7571628 1.0899674 1.1513567 2.2325951 0.0000000 1.0603354 1.5574390 1.1275903 1.0286716 1.6147214 1.4586732 1.5580078 2.5367314 1.2709576 1.3267263 1.2237275 1.6323265 1.2097802 2.2116190 2.8925594 
yHAB133_Kazachstania_unispora       1.7314429 1.4941984 1.2593550 1.2007654 2.1330662 1.0603354 0.0000000 1.4689914 0.8717627 0.5366202 1.1689551 1.3773666 1.4666866 2.3906241 1.5453538 1.5586566 0.4245247 1.6320788 0.4262774 2.1338635 2.5875988 
yHAB134_Kazachstania_turicensis     1.6907791 2.0275808 1.6848830 1.4249392 2.0981434 1.5574390 1.4689914 0.0000000 1.5245724 1.5107234 1.8791153 1.7084475 1.3661963 3.0303841 1.4615184 1.5991804 1.5486923 0.8173938 1.5549855 3.0908298 2.9280560 
yHAB136_Kazachstania_bromeliacearum 1.5523307 1.3442955 0.9465708 1.0938676 1.9651881 1.1275903 0.8717627 1.5245724 0.0000000 0.9209853 1.2938551 1.3831473 1.3347541 1.9145884 1.6375493 1.2888198 0.8676026 1.5352494 0.9041375 1.9451922 2.5781853 
yHAB143_Kazachstania_siamensis      1.7278665 1.4076334 1.2813769 1.2260758 2.0760065 1.0286716 0.5366202 1.5107234 0.9209853 0.0000000 1.3219826 1.3429238 1.5050069 2.2706226 1.3700228 1.5425982 0.6891799 1.7754972 0.7154668 1.8526229 2.5416637 
yHAB147_Kazachstania_taianensis     1.8588395 1.3243871 1.4226285 1.7439778 2.4795340 1.6147214 1.1689551 1.8791153 1.2938551 1.3219826 0.0000000 1.5170104 1.8274708 2.6560351 1.9405505 1.8611604 1.0746664 2.1246447 1.1421863 2.7188571 2.6500499 
yHAB148_Kazachstania_intestinalis   1.7139117 1.3183502 1.3231834 1.2775524 2.2809425 1.4586732 1.3773666 1.7084475 1.3831473 1.3429238 1.5170104 0.0000000 1.4522883 2.4759091 1.7434965 1.6102560 1.4319601 1.8271082 1.4806675 2.3198141 2.7693773 
yHAB153_Kazachstania_rosinii        1.6718986 1.7020832 1.3329089 1.4260934 2.7158210 1.5580078 1.4666866 1.3661963 1.3347541 1.5050069 1.8274708 1.4522883 0.0000000 2.9123122 1.5200759 1.4372268 1.5181246 1.4050980 1.4935773 2.7319234 3.3422117 
yHAB154_Kazachstania_transvaalensis 2.1266020 2.4576409 2.6827138 2.0585878 2.7555669 2.5367314 2.3906241 3.0303841 1.9145884 2.2706226 2.6560351 2.4759091 2.9123122 0.0000000 2.5634623 2.4532687 2.3900048 2.7897471 2.2787203 0.6919206 3.4157096 
yHAB155_Kazachstania_spencerorum    1.7367527 1.6012929 1.3834102 1.3430324 2.3811347 1.2709576 1.5453538 1.4615184 1.6375493 1.3700228 1.9405505 1.7434965 1.5200759 2.5634623 0.0000000 1.6101097 1.6582144 1.4019990 1.6744061 2.6051597 3.2882467 
yHAB158_Kazachstania_viticola       1.6314073 1.6290884 1.3679127 1.2590745 2.3158131 1.3267263 1.5586566 1.5991804 1.2888198 1.5425982 1.8611604 1.6102560 1.4372268 2.4532687 1.6101097 0.0000000 1.3894044 1.4184848 1.3416455 2.3152698 2.9470010 
yHAB159_Kazachstania_solicola       1.6536563 1.5084786 1.1876512 1.2662927 2.0439803 1.2237275 0.4245247 1.5486923 0.8676026 0.6891799 1.0746664 1.4319601 1.5181246 2.3900048 1.6582144 1.3894044 0.0000000 1.5188365 0.1057860 2.3831490 2.4665527 
yHAB160_Kazachstania_kunashirensis  1.7129382 2.0170655 1.5820458 1.4233808 2.3921293 1.6323265 1.6320788 0.8173938 1.5352494 1.7754972 2.1246447 1.8271082 1.4050980 2.7897471 1.4019990 1.4184848 1.5188365 0.0000000 1.5477424 2.5217534 3.0398814 
yHAB164_Kazachstania_aerobia        1.6684872 1.5382842 1.2038091 1.2309991 2.1962104 1.2097802 0.4262774 1.5549855 0.9041375 0.7154668 1.1421863 1.4806675 1.4935773 2.2787203 1.6744061 1.3416455 0.1057860 1.5477424 0.0000000 2.3350050 2.5113935 
yHAB166_Kazachstania_yakushimaensis 2.3345325 2.2538945 2.3793982 2.1363930 2.8664099 2.2116190 2.1338635 3.0908298 1.9451922 1.8526229 2.7188571 2.3198141 2.7319234 0.6919206 2.6051597 2.3152698 2.3831490 2.5217534 2.3350050 0.0000000 3.5147140 
yHMPu5000035629_Yueomyces_sinensis  2.9619298 2.8028545 2.7193344 2.3927329 2.0749494 2.8925594 2.5875988 2.9280560 2.5781853 2.5416637 2.6500499 2.7693773 3.3422117 3.4157096 3.2882467 2.9470010 2.4665527 3.0398814 2.5113935 3.5147140 0.0000000 
