21
Kazachstania_africana               0.0000000 4.4599859 4.6679838 4.5449493 5.7720714 3.9544299 7.4253392 4.3979294 4.3454300 7.4409157 4.4514101 4.6923355 4.3092941 5.6684374 4.3621748 4.5096745 6.5797224 4.4880378 6.3298718 5.1073007 6.6497290 
Kazachstania_naganishii             4.4599859 0.0000000 3.9528065 4.0484796 4.1796749 2.9051784 5.2822825 4.2964695 3.1250464 4.5049242 3.1185921 3.9117492 3.5798671 4.6349291 4.0059789 4.0786549 4.5880678 3.9863463 4.6030725 4.4652100 5.9656099 
Naumovozyma_castellii               4.6679838 3.9528065 0.0000000 2.4712313 3.8154867 2.7470129 5.4426119 3.8958700 3.8958925 5.4034238 3.5105840 4.2254765 3.5780902 4.1369633 3.4543151 3.7403249 5.0353403 3.7413536 5.2670858 4.3023369 4.7732376 
Naumovozyma_dairenensis             4.5449493 4.0484796 2.4712313 0.0000000 4.2229966 2.9393485 4.9827400 3.6497777 3.7882716 5.5428184 3.7124469 4.0852436 3.8315625 4.2037422 3.4877493 4.2994278 5.1016181 3.9208568 5.4423868 4.0484582 5.2226316 
Tetrapisispora_blattae              5.7720714 4.1796749 3.8154867 4.2229966 0.0000000 3.7374304 5.6336158 4.6647521 3.9206369 5.3251221 4.4613241 5.5368827 4.2159775 5.6459068 4.4788876 4.6139428 5.8358029 4.6400531 5.9485623 5.2267515 2.4648864 
yHAB132_Kazachstania_martiniae      3.9544299 2.9051784 2.7470129 2.9393485 3.7374304 0.0000000 4.2889027 2.5461156 2.5059097 3.7383296 2.4570324 2.8465432 2.4621863 3.5334714 2.5029867 2.9913674 4.3022885 2.4653084 4.3186957 3.4474810 4.9401185 
yHAB133_Kazachstania_unispora       7.4253392 5.2822825 5.4426119 4.9827400 5.6336158 4.2889027 0.0000000 5.2174350 3.9555500 1.2227332 4.1328010 5.6465872 5.1591158 3.9247155 4.9950762 5.8226245 0.5999299 5.7206116 0.6605271 4.8080562 6.2079287 
yHAB134_Kazachstania_turicensis     4.3979294 4.2964695 3.8958700 3.6497777 4.6647521 2.5461156 5.2174350 0.0000000 3.0684051 5.1276398 3.3341347 3.2284981 3.0070328 4.0890333 2.8850187 4.1520710 4.7714979 2.5720975 4.9992393 4.3812511 5.4510263 
yHAB136_Kazachstania_bromeliacearum 4.3454300 3.1250464 3.8958925 3.7882716 3.9206369 2.5059097 3.9555500 3.0684051 0.0000000 3.6275434 2.7776626 3.0672520 3.1183658 3.6030414 2.6593553 3.3738370 3.5443057 2.8448661 3.6558409 3.2848812 5.7595651 
yHAB143_Kazachstania_siamensis      7.4409157 4.5049242 5.4034238 5.5428184 5.3251221 3.7383296 1.2227332 5.1276398 3.6275434 0.0000000 4.5497725 5.5199611 4.7745158 4.4299854 5.2842397 5.4787481 1.2154349 5.1917873 1.3372072 4.8538489 6.6667835 
yHAB147_Kazachstania_taianensis     4.4514101 3.1185921 3.5105840 3.7124469 4.4613241 2.4570324 4.1328010 3.3341347 2.7776626 4.5497725 0.0000000 3.6608274 2.8465027 3.6523618 3.3421890 3.8369524 4.0318430 3.5081461 4.1468813 3.5041278 5.7917677 
yHAB148_Kazachstania_intestinalis   4.6923355 3.9117492 4.2254765 4.0852436 5.5368827 2.8465432 5.6465872 3.2284981 3.0672520 5.5199611 3.6608274 0.0000000 2.8842718 4.6176930 3.1194323 4.0834203 5.0353197 3.4943392 5.1636476 4.2067578 5.7348580 
yHAB153_Kazachstania_rosinii        4.3092941 3.5798671 3.5780902 3.8315625 4.2159775 2.4621863 5.1591158 3.0070328 3.1183658 4.7745158 2.8465027 2.8842718 0.0000000 4.0784132 2.2213145 3.1859990 4.9604088 2.2240754 4.8763562 4.2805462 5.7680747 
yHAB154_Kazachstania_transvaalensis 5.6684374 4.6349291 4.1369633 4.2037422 5.6459068 3.5334714 3.9247155 4.0890333 3.6030414 4.4299854 3.6523618 4.6176930 4.0784132 0.0000000 3.9655113 4.1966805 3.6924544 4.0875066 3.9796666 1.2685272 6.7081066 
yHAB155_Kazachstania_spencerorum    4.3621748 4.0059789 3.4543151 3.4877493 4.4788876 2.5029867 4.9950762 2.8850187 2.6593553 5.2842397 3.3421890 3.1194323 2.2213145 3.9655113 0.0000000 3.2519708 4.9697106 2.7693811 4.8540192 3.9389862 5.5026505 
yHAB158_Kazachstania_viticola       4.5096745 4.0786549 3.7403249 4.2994278 4.6139428 2.9913674 5.8226245 4.1520710 3.3738370 5.4787481 3.8369524 4.0834203 3.1859990 4.1966805 3.2519708 0.0000000 5.5360484 3.7121124 5.7786311 3.9449368 5.7496766 
yHAB159_Kazachstania_solicola       6.5797224 4.5880678 5.0353403 5.1016181 5.8358029 4.3022885 0.5999299 4.7714979 3.5443057 1.2154349 4.0318430 5.0353197 4.9604088 3.6924544 4.9697106 5.5360484 0.0000000 5.4010191 0.1515324 4.4230677 6.5489191 
yHAB160_Kazachstania_kunashirensis  4.4880378 3.9863463 3.7413536 3.9208568 4.6400531 2.4653084 5.7206116 2.5720975 2.8448661 5.1917873 3.5081461 3.4943392 2.2240754 4.0875066 2.7693811 3.7121124 5.4010191 0.0000000 5.6488036 3.8028003 5.1622271 
yHAB164_Kazachstania_aerobia        6.3298718 4.6030725 5.2670858 5.4423868 5.9485623 4.3186957 0.6605271 4.9992393 3.6558409 1.3372072 4.1468813 5.1636476 4.8763562 3.9796666 4.8540192 5.7786311 0.1515324 5.6488036 0.0000000 4.4170974 6.6867681 
yHAB166_Kazachstania_yakushimaensis 5.1073007 4.4652100 4.3023369 4.0484582 5.2267515 3.4474810 4.8080562 4.3812511 3.2848812 4.8538489 3.5041278 4.2067578 4.2805462 1.2685272 3.9389862 3.9449368 4.4230677 3.8028003 4.4170974 0.0000000 6.5714920 
yHMPu5000035629_Yueomyces_sinensis  6.6497290 5.9656099 4.7732376 5.2226316 2.4648864 4.9401185 6.2079287 5.4510263 5.7595651 6.6667835 5.7917677 5.7348580 5.7680747 6.7081066 5.5026505 5.7496766 6.5489191 5.1622271 6.6867681 6.5714920 0.0000000 
