21
Kazachstania_africana               0.0000000 1.5736358 0.9787843 1.0759026 1.2071124 0.8035938 0.9195470 1.0205410 0.7845477 0.8614635 1.0888502 1.3833578 0.9307740 1.2974093 1.0529162 1.1965929 0.9434993 0.7675748 1.0379716 1.1037431 1.4864956 
Kazachstania_naganishii             1.5736358 0.0000000 1.7452563 2.2148924 1.9141746 1.3375743 1.4877662 2.0707511 1.4118317 1.3181930 1.7617763 1.8076407 1.5490136 1.6795174 1.9118026 1.6575150 1.4812375 1.5363380 1.4809717 2.0168987 2.1403792 
Naumovozyma_castellii               0.9787843 1.7452563 0.0000000 1.0799035 1.3187418 0.9293224 1.1777446 1.3731460 1.1567597 1.3163293 1.5857219 1.4306196 1.5371135 1.6596399 1.3065229 1.2766277 1.2972969 1.1718609 1.2707704 1.6756555 1.5756109 
Naumovozyma_dairenensis             1.0759026 2.2148924 1.0799035 0.0000000 1.5111714 1.1216360 1.3434565 1.3009742 1.0080013 1.2665803 1.5320148 1.6062913 1.7635510 1.5504937 1.3888039 1.8282931 1.3827701 1.2851701 1.4827582 1.5345765 1.6755503 
Tetrapisispora_blattae              1.2071124 1.9141746 1.3187418 1.5111714 0.0000000 0.9436262 1.2068686 1.3451439 1.2365103 1.1793284 1.4386938 1.6934817 1.6801405 2.2936194 1.1848188 1.6306722 1.2278330 1.2932062 1.2986168 2.0947570 1.1195488 
yHAB132_Kazachstania_martiniae      0.8035938 1.3375743 0.9293224 1.1216360 0.9436262 0.0000000 0.6462648 0.9920891 0.6723522 0.6534052 0.8810694 1.0882685 1.0245688 1.2542348 0.8704921 1.1493948 0.6582625 0.7106219 0.6836784 1.1571340 1.1992604 
yHAB133_Kazachstania_unispora       0.9195470 1.4877662 1.1777446 1.3434565 1.2068686 0.6462648 0.0000000 1.1440068 0.6099026 0.2925206 0.7142125 1.1925093 1.4064328 1.2914884 1.0912194 1.0657607 0.1775269 0.8638039 0.2154431 1.3772454 1.4030583 
yHAB134_Kazachstania_turicensis     1.0205410 2.0707511 1.3731460 1.3009742 1.3451439 0.9920891 1.1440068 0.0000000 1.1859670 1.0117651 1.2457528 1.4743934 1.1420130 1.6195465 1.1509700 1.5534318 1.2527166 0.9806416 1.3185963 1.5678204 1.5329016 
yHAB136_Kazachstania_bromeliacearum 0.7845477 1.4118317 1.1567597 1.0080013 1.2365103 0.6723522 0.6099026 1.1859670 0.0000000 0.6546484 0.9393828 1.3202598 1.1291686 1.0209086 0.7919605 1.3337856 0.7215460 0.7903861 0.7352902 1.0348621 1.4260352 
yHAB143_Kazachstania_siamensis      0.8614635 1.3181930 1.3163293 1.2665803 1.1793284 0.6534052 0.2925206 1.0117651 0.6546484 0.0000000 0.7425481 1.3055870 1.2196946 1.3349023 1.0561434 1.1612846 0.3408239 0.7850866 0.4147140 1.5029430 1.1631947 
yHAB147_Kazachstania_taianensis     1.0888502 1.7617763 1.5857219 1.5320148 1.4386938 0.8810694 0.7142125 1.2457528 0.9393828 0.7425481 0.0000000 1.2430297 1.1917847 1.2079541 1.2172507 1.1824460 0.7812526 1.2192756 0.8027462 1.3173320 1.6119583 
yHAB148_Kazachstania_intestinalis   1.3833578 1.8076407 1.4306196 1.6062913 1.6934817 1.0882685 1.1925093 1.4743934 1.3202598 1.3055870 1.2430297 0.0000000 1.1748619 1.4674055 1.3077227 1.4893974 1.3241521 1.2374426 1.2987916 1.6432724 2.1488200 
yHAB153_Kazachstania_rosinii        0.9307740 1.5490136 1.5371135 1.7635510 1.6801405 1.0245688 1.4064328 1.1420130 1.1291686 1.2196946 1.1917847 1.1748619 0.0000000 1.3588568 1.1699433 1.3370587 1.3629972 0.9541010 1.4249618 1.5451963 1.8935017 
yHAB154_Kazachstania_transvaalensis 1.2974093 1.6795174 1.6596399 1.5504937 2.2936194 1.2542348 1.2914884 1.6195465 1.0209086 1.3349023 1.2079541 1.4674055 1.3588568 0.0000000 1.4119876 1.6244825 1.2806159 1.4118109 1.3659428 0.4913112 1.7120034 
yHAB155_Kazachstania_spencerorum    1.0529162 1.9118026 1.3065229 1.3888039 1.1848188 0.8704921 1.0912194 1.1509700 0.7919605 1.0561434 1.2172507 1.3077227 1.1699433 1.4119876 0.0000000 1.3111834 1.1433314 0.7803231 1.0778711 1.3817183 1.6917755 
yHAB158_Kazachstania_viticola       1.1965929 1.6575150 1.2766277 1.8282931 1.6306722 1.1493948 1.0657607 1.5534318 1.3337856 1.1612846 1.1824460 1.4893974 1.3370587 1.6244825 1.3111834 0.0000000 1.1327181 0.9729000 1.1516610 1.7752831 2.0576960 
yHAB159_Kazachstania_solicola       0.9434993 1.4812375 1.2972969 1.3827701 1.2278330 0.6582625 0.1775269 1.2527166 0.7215460 0.3408239 0.7812526 1.3241521 1.3629972 1.2806159 1.1433314 1.1327181 0.0000000 0.8979516 0.0703891 1.5455137 1.4638950 
yHAB160_Kazachstania_kunashirensis  0.7675748 1.5363380 1.1718609 1.2851701 1.2932062 0.7106219 0.8638039 0.9806416 0.7903861 0.7850866 1.2192756 1.2374426 0.9541010 1.4118109 0.7803231 0.9729000 0.8979516 0.0000000 0.8855635 1.3583077 1.4124134 
yHAB164_Kazachstania_aerobia        1.0379716 1.4809717 1.2707704 1.4827582 1.2986168 0.6836784 0.2154431 1.3185963 0.7352902 0.4147140 0.8027462 1.2987916 1.4249618 1.3659428 1.0778711 1.1516610 0.0703891 0.8855635 0.0000000 1.5940995 1.5288236 
yHAB166_Kazachstania_yakushimaensis 1.1037431 2.0168987 1.6756555 1.5345765 2.0947570 1.1571340 1.3772454 1.5678204 1.0348621 1.5029430 1.3173320 1.6432724 1.5451963 0.4913112 1.3817183 1.7752831 1.5455137 1.3583077 1.5940995 0.0000000 1.8099971 
yHMPu5000035629_Yueomyces_sinensis  1.4864956 2.1403792 1.5756109 1.6755503 1.1195488 1.1992604 1.4030583 1.5329016 1.4260352 1.1631947 1.6119583 2.1488200 1.8935017 1.7120034 1.6917755 2.0576960 1.4638950 1.4124134 1.5288236 1.8099971 0.0000000 
