21
Kazachstania_africana               0.0000000 1.6215560 1.2473523 1.2571172 1.2463054 1.2034791 1.7007874 1.3368994 1.2566099 2.0020946 2.0368550 1.5518490 1.1916217 1.5605089 1.2166481 1.2188019 1.7422257 1.1777158 1.7076840 1.4854295 1.3849520 
Kazachstania_naganishii             1.6215560 0.0000000 1.4942688 1.6204553 1.7446700 1.5631094 2.1189134 1.6673107 1.4620543 2.2217803 1.3368785 1.4608822 1.2848674 1.7992665 1.6786039 1.8169846 1.9016057 1.5928672 1.9811856 1.8335702 1.7725645 
Naumovozyma_castellii               1.2473523 1.4942688 0.0000000 0.7572186 1.0380705 0.9488488 1.6566940 1.2944022 1.0207103 1.9892222 2.0566027 1.2315536 1.0540278 1.6441637 1.2652638 1.1304353 1.5721498 1.1397178 1.6077595 1.4340643 1.0896063 
Naumovozyma_dairenensis             1.2571172 1.6204553 0.7572186 0.0000000 0.9998455 0.9939678 1.5473173 1.2042053 1.0918619 1.8462142 2.2115685 1.2881795 1.0542070 1.6115355 1.1375637 1.1911343 1.4893574 1.0823136 1.5758835 1.5085231 1.0503462 
Tetrapisispora_blattae              1.2463054 1.7446700 1.0380705 0.9998455 0.0000000 1.2413801 1.8634877 1.4161926 1.2105664 2.0161717 2.1903831 1.3975314 1.2713488 1.7340717 1.2743735 1.3092147 1.7090383 1.1947657 1.7319237 1.6331558 0.9085385 
yHAB132_Kazachstania_martiniae      1.2034791 1.5631094 0.9488488 0.9939678 1.2413801 0.0000000 1.6272735 1.3032734 1.0915287 1.9313371 2.0218502 1.3964177 1.1067071 1.5396228 1.2162449 1.1212745 1.5865832 1.1642005 1.6919668 1.4975339 1.1631896 
yHAB133_Kazachstania_unispora       1.7007874 2.1189134 1.6566940 1.5473173 1.8634877 1.6272735 0.0000000 1.8151511 1.5307053 1.0483463 2.3007053 1.8661430 1.6938289 1.7516107 1.6636608 1.7105300 0.3572493 1.7105153 0.3230740 1.6729662 1.7452556 
yHAB134_Kazachstania_turicensis     1.3368994 1.6673107 1.2944022 1.2042053 1.4161926 1.3032734 1.8151511 0.0000000 1.3196053 2.0344258 2.1362645 1.5383082 1.1035620 1.6610932 1.2053888 1.4420936 1.7623739 0.7917139 1.7795793 1.5756809 1.1980241 
yHAB136_Kazachstania_bromeliacearum 1.2566099 1.4620543 1.0207103 1.0918619 1.2105664 1.0915287 1.5307053 1.3196053 0.0000000 1.8446893 1.7645755 1.3699203 1.1110145 1.4320161 1.2560262 1.0002084 1.4831258 1.2013280 1.4987519 1.3751264 1.1877712 
yHAB143_Kazachstania_siamensis      2.0020946 2.2217803 1.9892222 1.8462142 2.0161717 1.9313371 1.0483463 2.0344258 1.8446893 0.0000000 2.2346442 2.0085002 1.8840866 2.0065172 1.9423235 2.0667748 1.1860674 1.8400043 1.1611981 2.0197131 1.9265605 
yHAB147_Kazachstania_taianensis     2.0368550 1.3368785 2.0566027 2.2115685 2.1903831 2.0218502 2.3007053 2.1362645 1.7645755 2.2346442 0.0000000 1.9396072 1.7178726 2.0875487 2.0636157 2.1717319 2.1136399 1.9820423 2.2333289 2.1369461 2.3298554 
yHAB148_Kazachstania_intestinalis   1.5518490 1.4608822 1.2315536 1.2881795 1.3975314 1.3964177 1.8661430 1.5383082 1.3699203 2.0085002 1.9396072 0.0000000 1.2861294 1.7402701 1.4442036 1.3381576 1.7324027 1.4505236 1.7108996 1.6411925 1.5349282 
yHAB153_Kazachstania_rosinii        1.1916217 1.2848674 1.0540278 1.0542070 1.2713488 1.1067071 1.6938289 1.1035620 1.1110145 1.8840866 1.7178726 1.2861294 0.0000000 1.5374696 1.0160808 1.1088721 1.6270870 0.9595707 1.6234676 1.5440609 1.2092695 
yHAB154_Kazachstania_transvaalensis 1.5605089 1.7992665 1.6441637 1.6115355 1.7340717 1.5396228 1.7516107 1.6610932 1.4320161 2.0065172 2.0875487 1.7402701 1.5374696 0.0000000 1.4611455 1.5060994 1.7619275 1.5757510 1.7236047 0.4852705 1.5292533 
yHAB155_Kazachstania_spencerorum    1.2166481 1.6786039 1.2652638 1.1375637 1.2743735 1.2162449 1.6636608 1.2053888 1.2560262 1.9423235 2.0636157 1.4442036 1.0160808 1.4611455 0.0000000 1.0792982 1.6157790 1.0660509 1.5575987 1.3807692 1.3194148 
yHAB158_Kazachstania_viticola       1.2188019 1.8169846 1.1304353 1.1911343 1.3092147 1.1212745 1.7105300 1.4420936 1.0002084 2.0667748 2.1717319 1.3381576 1.1088721 1.5060994 1.0792982 0.0000000 1.6252445 1.1753372 1.6111414 1.4365472 1.2424710 
yHAB159_Kazachstania_solicola       1.7422257 1.9016057 1.5721498 1.4893574 1.7090383 1.5865832 0.3572493 1.7623739 1.4831258 1.1860674 2.1136399 1.7324027 1.6270870 1.7619275 1.6157790 1.6252445 0.0000000 1.5984161 0.1056700 1.6607549 1.6925865 
yHAB160_Kazachstania_kunashirensis  1.1777158 1.5928672 1.1397178 1.0823136 1.1947657 1.1642005 1.7105153 0.7917139 1.2013280 1.8400043 1.9820423 1.4505236 0.9595707 1.5757510 1.0660509 1.1753372 1.5984161 0.0000000 1.6571877 1.5164745 1.1046123 
yHAB164_Kazachstania_aerobia        1.7076840 1.9811856 1.6077595 1.5758835 1.7319237 1.6919668 0.3230740 1.7795793 1.4987519 1.1611981 2.2333289 1.7108996 1.6234676 1.7236047 1.5575987 1.6111414 0.1056700 1.6571877 0.0000000 1.5633758 1.7237496 
yHAB166_Kazachstania_yakushimaensis 1.4854295 1.8335702 1.4340643 1.5085231 1.6331558 1.4975339 1.6729662 1.5756809 1.3751264 2.0197131 2.1369461 1.6411925 1.5440609 0.4852705 1.3807692 1.4365472 1.6607549 1.5164745 1.5633758 0.0000000 1.4364180 
yHMPu5000035629_Yueomyces_sinensis  1.3849520 1.7725645 1.0896063 1.0503462 0.9085385 1.1631896 1.7452556 1.1980241 1.1877712 1.9265605 2.3298554 1.5349282 1.2092695 1.5292533 1.3194148 1.2424710 1.6925865 1.1046123 1.7237496 1.4364180 0.0000000 
