21
Kazachstania_africana               0.0000000 2.9499843 2.2380719 2.3117940 2.3432039 1.8247461 2.5106632 2.3939217 2.2927469 2.8676033 2.2832147 2.0943018 2.1208790 2.7210070 2.2249219 1.9710812 2.8274657 1.9968223 2.7192522 2.8195921 2.7942057 
Kazachstania_naganishii             2.9499843 0.0000000 2.5171845 3.1822173 2.6455707 2.3872430 3.6199441 2.7033487 2.0692867 3.3649812 2.1362014 1.9779984 2.1772663 3.2252010 2.8442531 2.4736974 3.4805643 2.8595767 3.4292720 3.2647241 3.0799614 
Naumovozyma_castellii               2.2380719 2.5171845 0.0000000 1.3445518 2.0665336 1.9198153 2.6276713 2.2175285 1.8757788 2.6126691 1.7663811 1.6654636 1.7683645 2.6408633 1.9716314 2.0442907 2.7183212 2.0144542 2.8461470 2.6812257 2.0835570 
Naumovozyma_dairenensis             2.3117940 3.1822173 1.3445518 0.0000000 2.0238841 2.0422104 2.6705950 2.2380473 2.0202779 2.9958467 2.2007136 1.7609209 2.1104996 2.9629328 2.2590155 2.1028524 3.0306423 1.8992260 3.1020019 2.7186346 2.2827751 
Tetrapisispora_blattae              2.3432039 2.6455707 2.0665336 2.0238841 0.0000000 2.1624830 2.7071914 2.1464214 1.9899727 2.5972491 2.2100509 2.0368898 2.5310589 2.5599034 2.2074699 2.1842320 2.9849797 2.0452015 2.8223351 2.2333724 1.3828368 
yHAB132_Kazachstania_martiniae      1.8247461 2.3872430 1.9198153 2.0422104 2.1624830 0.0000000 2.3679727 1.9806186 1.8536445 2.6131053 1.9366278 1.6888945 1.8955128 2.3301480 1.9198719 1.7026655 2.9396748 1.8363298 2.5554152 2.2658885 2.1241711 
yHAB133_Kazachstania_unispora       2.5106632 3.6199441 2.6276713 2.6705950 2.7071914 2.3679727 0.0000000 2.3740576 2.3486028 1.1279313 2.2735754 2.5987658 2.9906377 2.6974091 3.0348663 2.5568790 0.8319780 2.1749204 0.7709325 2.3185350 2.7304110 
yHAB134_Kazachstania_turicensis     2.3939217 2.7033487 2.2175285 2.2380473 2.1464214 1.9806186 2.3740576 0.0000000 2.0442829 2.4975912 2.1339444 1.9566869 2.2104563 2.6491682 1.9971950 1.9202034 2.7476239 1.2823496 2.4958155 2.3764515 2.3960911 
yHAB136_Kazachstania_bromeliacearum 2.2927469 2.0692867 1.8757788 2.0202779 1.9899727 1.8536445 2.3486028 2.0442829 0.0000000 2.3609803 1.6857884 1.5043809 2.1118858 2.2124666 2.1939137 1.8085053 2.6183614 1.9535699 2.5843833 2.0840303 2.0979525 
yHAB143_Kazachstania_siamensis      2.8676033 3.3649812 2.6126691 2.9958467 2.5972491 2.6131053 1.1279313 2.4975912 2.3609803 0.0000000 2.1272531 2.4910293 3.1291537 2.5207635 2.7024989 2.4819284 1.3270681 2.3709649 1.3613851 2.5656985 2.8507628 
yHAB147_Kazachstania_taianensis     2.2832147 2.1362014 1.7663811 2.2007136 2.2100509 1.9366278 2.2735754 2.1339444 1.6857884 2.1272531 0.0000000 1.6895610 2.0202553 2.2204087 2.2951550 1.9389778 2.3929462 1.8497866 2.3337264 2.1920927 2.4031051 
yHAB148_Kazachstania_intestinalis   2.0943018 1.9779984 1.6654636 1.7609209 2.0368898 1.6888945 2.5987658 1.9566869 1.5043809 2.4910293 1.6895610 0.0000000 1.8637663 2.4347421 2.1711814 1.7500908 2.6741783 1.7917631 2.5634153 2.3261010 2.3713549 
yHAB153_Kazachstania_rosinii        2.1208790 2.1772663 1.7683645 2.1104996 2.5310589 1.8955128 2.9906377 2.2104563 2.1118858 3.1291537 2.0202553 1.8637663 0.0000000 2.7471054 1.7727866 1.7238438 2.9182931 1.8214209 3.0614183 2.7141712 2.6090944 
yHAB154_Kazachstania_transvaalensis 2.7210070 3.2252010 2.6408633 2.9629328 2.5599034 2.3301480 2.6974091 2.6491682 2.2124666 2.5207635 2.2204087 2.4347421 2.7471054 0.0000000 2.7572575 2.6717287 2.9561960 2.3624638 2.8810263 0.7349810 3.1128017 
yHAB155_Kazachstania_spencerorum    2.2249219 2.8442531 1.9716314 2.2590155 2.2074699 1.9198719 3.0348663 1.9971950 2.1939137 2.7024989 2.2951550 2.1711814 1.7727866 2.7572575 0.0000000 2.1216265 3.1777473 1.8347800 3.2081374 2.7990311 2.3941331 
yHAB158_Kazachstania_viticola       1.9710812 2.4736974 2.0442907 2.1028524 2.1842320 1.7026655 2.5568790 1.9202034 1.8085053 2.4819284 1.9389778 1.7500908 1.7238438 2.6717287 2.1216265 0.0000000 2.7936881 1.8836543 2.7510383 2.7346936 2.1648470 
yHAB159_Kazachstania_solicola       2.8274657 3.4805643 2.7183212 3.0306423 2.9849797 2.9396748 0.8319780 2.7476239 2.6183614 1.3270681 2.3929462 2.6741783 2.9182931 2.9561960 3.1777473 2.7936881 0.0000000 2.7336832 0.3742266 2.9177070 2.9746411 
yHAB160_Kazachstania_kunashirensis  1.9968223 2.8595767 2.0144542 1.8992260 2.0452015 1.8363298 2.1749204 1.2823496 1.9535699 2.3709649 1.8497866 1.7917631 1.8214209 2.3624638 1.8347800 1.8836543 2.7336832 0.0000000 2.5657333 2.0618200 2.5144336 
yHAB164_Kazachstania_aerobia        2.7192522 3.4292720 2.8461470 3.1020019 2.8223351 2.5554152 0.7709325 2.4958155 2.5843833 1.3613851 2.3337264 2.5634153 3.0614183 2.8810263 3.2081374 2.7510383 0.3742266 2.5657333 0.0000000 2.6501854 2.9468578 
yHAB166_Kazachstania_yakushimaensis 2.8195921 3.2647241 2.6812257 2.7186346 2.2333724 2.2658885 2.3185350 2.3764515 2.0840303 2.5656985 2.1920927 2.3261010 2.7141712 0.7349810 2.7990311 2.7346936 2.9177070 2.0618200 2.6501854 0.0000000 2.6235883 
yHMPu5000035629_Yueomyces_sinensis  2.7942057 3.0799614 2.0835570 2.2827751 1.3828368 2.1241711 2.7304110 2.3960911 2.0979525 2.8507628 2.4031051 2.3713549 2.6090944 3.1128017 2.3941331 2.1648470 2.9746411 2.5144336 2.9468578 2.6235883 0.0000000 
