21
Kazachstania_africana               0.0000000 0.7970989 0.5205375 0.4386694 0.5283879 0.4509609 0.4452052 0.5145259 0.5820281 0.7475105 0.5426281 0.7454634 0.7296025 0.5909641 0.6135301 0.4619911 0.4766121 0.4814137 0.4712914 0.5718614 0.6304875 
Kazachstania_naganishii             0.7970989 0.0000000 0.7823704 1.0110160 1.0550048 0.8075901 0.7582187 0.9706494 0.7371457 0.9425269 0.6517854 0.7230272 0.8225219 0.9683753 1.0175598 0.7232518 0.7144778 0.9560577 0.7272787 1.0648664 1.0581499 
Naumovozyma_castellii               0.5205375 0.7823704 0.0000000 0.4657886 0.7328387 0.5996516 0.6879203 0.7399231 0.6410689 0.8934860 0.5860290 0.8182769 0.7167835 0.8347273 0.8660575 0.6058338 0.6850890 0.6907306 0.7007962 0.8537959 0.7404696 
Naumovozyma_dairenensis             0.4386694 1.0110160 0.4657886 0.0000000 0.4941729 0.5542789 0.5450091 0.5661787 0.7666159 0.6653344 0.6556531 0.9607856 0.9609313 0.7325414 0.6150980 0.4910980 0.6184319 0.4939920 0.5593918 0.6627475 0.5001504 
Tetrapisispora_blattae              0.5283879 1.0550048 0.7328387 0.4941729 0.0000000 0.5157425 0.5699850 0.5784436 0.7596060 0.7426170 0.6533285 0.9638880 0.8428963 0.6788378 0.6025832 0.5784729 0.6078473 0.5506352 0.5621316 0.6341302 0.4392168 
yHAB132_Kazachstania_martiniae      0.4509609 0.8075901 0.5996516 0.5542789 0.5157425 0.0000000 0.4611249 0.5467382 0.5058799 0.6439249 0.4559301 0.7601188 0.6939090 0.6168033 0.5602922 0.4850205 0.4805138 0.4528205 0.4432454 0.6433819 0.5338184 
yHAB133_Kazachstania_unispora       0.4452052 0.7582187 0.6879203 0.5450091 0.5699850 0.4611249 0.0000000 0.5772556 0.4649561 0.3609365 0.4405572 0.6626163 0.8581366 0.4474746 0.5965418 0.5810377 0.1544493 0.5824935 0.1340534 0.4391914 0.6450724 
yHAB134_Kazachstania_turicensis     0.5145259 0.9706494 0.7399231 0.5661787 0.5784436 0.5467382 0.5772556 0.0000000 0.7350977 0.8107372 0.6779478 0.9635017 0.7715660 0.6484404 0.4616745 0.5993482 0.6522895 0.3489039 0.6229457 0.5980983 0.5234014 
yHAB136_Kazachstania_bromeliacearum 0.5820281 0.7371457 0.6410689 0.7666159 0.7596060 0.5058799 0.4649561 0.7350977 0.0000000 0.6212396 0.5517903 0.8772853 0.8016074 0.7286860 0.7415355 0.6163629 0.4367897 0.7005746 0.4281469 0.7212903 0.8801972 
yHAB143_Kazachstania_siamensis      0.7475105 0.9425269 0.8934860 0.6653344 0.7426170 0.6439249 0.3609365 0.8107372 0.6212396 0.0000000 0.6031579 0.9651851 1.0618732 0.5660381 0.7409900 0.8020604 0.3803571 0.6640895 0.3274902 0.5231736 0.8156871 
yHAB147_Kazachstania_taianensis     0.5426281 0.6517854 0.5860290 0.6556531 0.6533285 0.4559301 0.4405572 0.6779478 0.5517903 0.6031579 0.0000000 0.6134874 0.7710098 0.5763523 0.6900548 0.6102237 0.4241867 0.6008802 0.4023622 0.6378303 0.7189833 
yHAB148_Kazachstania_intestinalis   0.7454634 0.7230272 0.8182769 0.9607856 0.9638880 0.7601188 0.6626163 0.9635017 0.8772853 0.9651851 0.6134874 0.0000000 0.8576747 0.8213424 0.9902074 0.8373645 0.6680960 0.9331598 0.6751678 0.7949044 1.0087290 
yHAB153_Kazachstania_rosinii        0.7296025 0.8225219 0.7167835 0.9609313 0.8428963 0.6939090 0.8581366 0.7715660 0.8016074 1.0618732 0.7710098 0.8576747 0.0000000 0.9923020 0.6878471 0.8276687 0.7211683 0.7069434 0.8168851 0.9910238 0.8094103 
yHAB154_Kazachstania_transvaalensis 0.5909641 0.9683753 0.8347273 0.7325414 0.6788378 0.6168033 0.4474746 0.6484404 0.7286860 0.5660381 0.5763523 0.8213424 0.9923020 0.0000000 0.6211471 0.7237638 0.4862104 0.5864731 0.4705133 0.1959584 0.8316900 
yHAB155_Kazachstania_spencerorum    0.6135301 1.0175598 0.8660575 0.6150980 0.6025832 0.5602922 0.5965418 0.4616745 0.7415355 0.7409900 0.6900548 0.9902074 0.6878471 0.6211471 0.0000000 0.6551302 0.6829111 0.3944785 0.6165280 0.5738113 0.6667384 
yHAB158_Kazachstania_viticola       0.4619911 0.7232518 0.6058338 0.4910980 0.5784729 0.4850205 0.5810377 0.5993482 0.6163629 0.8020604 0.6102237 0.8373645 0.8276687 0.7237638 0.6551302 0.0000000 0.6198699 0.4989130 0.5771442 0.6722941 0.6334755 
yHAB159_Kazachstania_solicola       0.4766121 0.7144778 0.6850890 0.6184319 0.6078473 0.4805138 0.1544493 0.6522895 0.4367897 0.3803571 0.4241867 0.6680960 0.7211683 0.4862104 0.6829111 0.6198699 0.0000000 0.6074402 0.0700287 0.5208742 0.7343242 
yHAB160_Kazachstania_kunashirensis  0.4814137 0.9560577 0.6907306 0.4939920 0.5506352 0.4528205 0.5824935 0.3489039 0.7005746 0.6640895 0.6008802 0.9331598 0.7069434 0.5864731 0.3944785 0.4989130 0.6074402 0.0000000 0.5791797 0.5716068 0.4868826 
yHAB164_Kazachstania_aerobia        0.4712914 0.7272787 0.7007962 0.5593918 0.5621316 0.4432454 0.1340534 0.6229457 0.4281469 0.3274902 0.4023622 0.6751678 0.8168851 0.4705133 0.6165280 0.5771442 0.0700287 0.5791797 0.0000000 0.4756452 0.6748413 
yHAB166_Kazachstania_yakushimaensis 0.5718614 1.0648664 0.8537959 0.6627475 0.6341302 0.6433819 0.4391914 0.5980983 0.7212903 0.5231736 0.6378303 0.7949044 0.9910238 0.1959584 0.5738113 0.6722941 0.5208742 0.5716068 0.4756452 0.0000000 0.7266268 
yHMPu5000035629_Yueomyces_sinensis  0.6304875 1.0581499 0.7404696 0.5001504 0.4392168 0.5338184 0.6450724 0.5234014 0.8801972 0.8156871 0.7189833 1.0087290 0.8094103 0.8316900 0.6667384 0.6334755 0.7343242 0.4868826 0.6748413 0.7266268 0.0000000 
