21
Kazachstania_africana               0.0000000 3.8619378 3.8489500 4.0678624 4.0054224 2.8793054 3.3750869 2.9381972 3.7786145 3.1700399 2.9791855 3.7823354 2.7843921 3.6817787 3.1436368 3.1179569 3.8171543 2.7311605 3.6689661 3.6646926 3.9281087 
Kazachstania_naganishii             3.8619378 0.0000000 4.3756006 4.5541990 3.8816796 3.6795471 4.1711214 3.8202164 3.1480288 3.6441537 3.3695852 4.1120907 3.5324628 4.0788950 4.3899558 3.8816215 3.4703645 3.4021021 3.9501447 3.8092301 4.5292289 
Naumovozyma_castellii               3.8489500 4.3756006 0.0000000 2.7284497 3.8346712 3.8019989 3.9942331 4.0297532 3.5928726 3.9218581 3.7903785 4.4876455 4.2219031 5.1835448 4.4363561 4.1676477 4.1305734 4.0061356 4.2828329 4.6762909 3.8080125 
Naumovozyma_dairenensis             4.0678624 4.5541990 2.7284497 0.0000000 3.9781680 4.2057419 4.7013953 4.4073866 4.3159259 4.3445971 4.0671849 4.6788661 5.2267377 4.6608758 4.0990739 3.9251608 5.2714235 4.6180786 5.3246413 4.4212635 4.0197796 
Tetrapisispora_blattae              4.0054224 3.8816796 3.8346712 3.9781680 0.0000000 4.1703614 4.1616138 4.4586774 3.9498101 3.5871612 3.8236959 4.3617546 4.8452215 4.2999762 4.5406233 3.4851811 4.3102039 4.2092398 4.3403269 4.2289885 3.2086807 
yHAB132_Kazachstania_martiniae      2.8793054 3.6795471 3.8019989 4.2057419 4.1703614 0.0000000 3.1472814 2.7913480 3.1187104 3.1520707 2.7957898 3.0122682 2.6108722 3.4543749 3.0745926 2.9237060 3.1396383 2.6628927 3.2939196 3.4747019 3.8432316 
yHAB133_Kazachstania_unispora       3.3750869 4.1711214 3.9942331 4.7013953 4.1616138 3.1472814 0.0000000 3.6659826 3.1610012 1.5706823 2.4772782 4.2757814 3.8503025 3.1959102 3.5376622 3.6981164 1.1375455 3.2457005 1.0782034 3.0984551 3.5611218 
yHAB134_Kazachstania_turicensis     2.9381972 3.8202164 4.0297532 4.4073866 4.4586774 2.7913480 3.6659826 0.0000000 3.5558442 3.0140912 3.1001718 3.9712779 2.2252544 4.1945320 3.0529745 3.1746309 3.8295351 1.8533985 3.3241922 4.0965414 4.2206603 
yHAB136_Kazachstania_bromeliacearum 3.7786145 3.1480288 3.5928726 4.3159259 3.9498101 3.1187104 3.1610012 3.5558442 0.0000000 3.0062988 2.9390983 3.6134093 3.5865726 3.1882108 3.7166076 3.8506995 3.2652210 3.4648544 3.6372942 2.9593944 4.3239730 
yHAB143_Kazachstania_siamensis      3.1700399 3.6441537 3.9218581 4.3445971 3.5871612 3.1520707 1.5706823 3.0140912 3.0062988 0.0000000 2.5688077 4.0625536 3.2325033 3.3800695 3.4087569 3.7359083 1.6763903 3.2513895 1.7317629 3.3697246 3.5267584 
yHAB147_Kazachstania_taianensis     2.9791855 3.3695852 3.7903785 4.0671849 3.8236959 2.7957898 2.4772782 3.1001718 2.9390983 2.5688077 0.0000000 3.8556561 3.0107818 3.2100149 3.3056550 3.3347480 2.6520850 2.7405263 2.9413960 2.9981034 3.6397263 
yHAB148_Kazachstania_intestinalis   3.7823354 4.1120907 4.4876455 4.6788661 4.3617546 3.0122682 4.2757814 3.9712779 3.6134093 4.0625536 3.8556561 0.0000000 3.4294373 3.8779348 3.7778360 3.7336591 4.1162293 3.7049447 4.3341059 3.6746003 4.4624765 
yHAB153_Kazachstania_rosinii        2.7843921 3.5324628 4.2219031 5.2267377 4.8452215 2.6108722 3.8503025 2.2252544 3.5865726 3.2325033 3.0107818 3.4294373 0.0000000 3.8698048 3.1548297 3.6814084 3.5670365 2.3028044 4.1195009 4.1293548 4.3620839 
yHAB154_Kazachstania_transvaalensis 3.6817787 4.0788950 5.1835448 4.6608758 4.2999762 3.4543749 3.1959102 4.1945320 3.1882108 3.3800695 3.2100149 3.8779348 3.8698048 0.0000000 3.7965412 3.7316715 3.4566845 3.6590748 3.5784833 1.1131769 4.1537416 
yHAB155_Kazachstania_spencerorum    3.1436368 4.3899558 4.4363561 4.0990739 4.5406233 3.0745926 3.5376622 3.0529745 3.7166076 3.4087569 3.3056550 3.7778360 3.1548297 3.7965412 0.0000000 3.2272095 3.5680260 2.7985930 3.6729627 3.8571212 4.1681880 
yHAB158_Kazachstania_viticola       3.1179569 3.8816215 4.1676477 3.9251608 3.4851811 2.9237060 3.6981164 3.1746309 3.8506995 3.7359083 3.3347480 3.7336591 3.6814084 3.7316715 3.2272095 0.0000000 3.7211146 2.9521758 3.7402039 3.4534268 3.7817235 
yHAB159_Kazachstania_solicola       3.8171543 3.4703645 4.1305734 5.2714235 4.3102039 3.1396383 1.1375455 3.8295351 3.2652210 1.6763903 2.6520850 4.1162293 3.5670365 3.4566845 3.5680260 3.7211146 0.0000000 3.2855282 0.6475965 3.5174546 3.8823193 
yHAB160_Kazachstania_kunashirensis  2.7311605 3.4021021 4.0061356 4.6180786 4.2092398 2.6628927 3.2457005 1.8533985 3.4648544 3.2513895 2.7405263 3.7049447 2.3028044 3.6590748 2.7985930 2.9521758 3.2855282 0.0000000 3.5063112 3.7800684 3.8441272 
yHAB164_Kazachstania_aerobia        3.6689661 3.9501447 4.2828329 5.3246413 4.3403269 3.2939196 1.0782034 3.3241922 3.6372942 1.7317629 2.9413960 4.3341059 4.1195009 3.5784833 3.6729627 3.7402039 0.6475965 3.5063112 0.0000000 3.4154538 3.9243062 
yHAB166_Kazachstania_yakushimaensis 3.6646926 3.8092301 4.6762909 4.4212635 4.2289885 3.4747019 3.0984551 4.0965414 2.9593944 3.3697246 2.9981034 3.6746003 4.1293548 1.1131769 3.8571212 3.4534268 3.5174546 3.7800684 3.4154538 0.0000000 3.8397357 
yHMPu5000035629_Yueomyces_sinensis  3.9281087 4.5292289 3.8080125 4.0197796 3.2086807 3.8432316 3.5611218 4.2206603 4.3239730 3.5267584 3.6397263 4.4624765 4.3620839 4.1537416 4.1681880 3.7817235 3.8823193 3.8441272 3.9243062 3.8397357 0.0000000 
