21
Kazachstania_africana               0.0000000 1.2998432 1.4494789 1.4694025 2.1699314 1.0465146 1.3634319 1.5167442 1.2849621 1.4017998 1.2911909 1.3209462 1.5265898 1.5400907 1.9343377 1.2496912 1.3608291 1.6002853 1.3551899 1.3459120 2.2593128 
Kazachstania_naganishii             1.2998432 0.0000000 1.6810436 1.5272049 2.2804491 1.1016413 1.1685203 1.8886438 0.6179774 1.3026296 1.1542564 1.1828424 1.2826289 1.1939077 1.9360798 1.4037389 1.1111179 2.0293301 1.1273039 1.1563230 2.5315617 
Naumovozyma_castellii               1.4494789 1.6810436 0.0000000 1.0683180 1.9935890 1.4220165 1.6978945 1.6496805 1.7212994 1.9078007 1.7970156 1.6709002 1.6201916 1.7884217 2.3199974 1.7541042 1.6878929 1.9687846 1.7658244 1.7795481 2.4952112 
Naumovozyma_dairenensis             1.4694025 1.5272049 1.0683180 0.0000000 2.2162005 1.5274374 1.5345440 1.9205869 1.4809276 1.7780899 1.7387033 1.4410147 1.9956744 1.7344852 2.2475448 1.7080920 1.5888703 2.1531641 1.5511813 1.6122709 2.5769107 
Tetrapisispora_blattae              2.1699314 2.2804491 1.9935890 2.2162005 0.0000000 1.7556263 2.3671309 2.3388910 2.0877316 2.3654841 2.2447911 2.2408636 2.3929850 2.1879456 2.7371550 2.1546054 2.4531638 2.5297095 2.5088459 2.2850176 1.3829195 
yHAB132_Kazachstania_martiniae      1.0465146 1.1016413 1.4220165 1.5274374 1.7556263 0.0000000 1.2358460 1.5527516 1.0016080 1.3796851 1.1385802 1.1570908 1.5410149 1.4214562 1.9528076 1.2582140 1.3215480 1.7995013 1.2918612 1.4302959 2.2195391 
yHAB133_Kazachstania_unispora       1.3634319 1.1685203 1.6978945 1.5345440 2.3671309 1.2358460 0.0000000 1.9282253 0.9315097 0.6182222 1.1911233 1.4111276 1.5700716 1.0284430 2.1071071 1.4254713 0.2952704 1.9948157 0.2599738 0.9341568 2.2164745 
yHAB134_Kazachstania_turicensis     1.5167442 1.8886438 1.6496805 1.9205869 2.3388910 1.5527516 1.9282253 0.0000000 1.7463984 1.8717372 1.6515018 1.8194339 1.5139330 1.9497539 1.8555706 1.4129135 2.0103551 0.8131134 1.9867800 1.8563196 2.6217333 
yHAB136_Kazachstania_bromeliacearum 1.2849621 0.6179774 1.7212994 1.4809276 2.0877316 1.0016080 0.9315097 1.7463984 0.0000000 1.1521967 1.1346932 1.0668152 1.3727151 0.9452999 2.0660754 1.2302248 1.0938511 1.8783608 1.0052280 0.9007996 2.2146639 
yHAB143_Kazachstania_siamensis      1.4017998 1.3026296 1.9078007 1.7780899 2.3654841 1.3796851 0.6182222 1.8717372 1.1521967 0.0000000 1.2096536 1.5622507 1.6164522 1.1913195 2.3272576 1.4968816 0.7734329 1.9482298 0.6997771 1.0372734 2.1318014 
yHAB147_Kazachstania_taianensis     1.2911909 1.1542564 1.7970156 1.7387033 2.2447911 1.1385802 1.1911233 1.6515018 1.1346932 1.2096536 0.0000000 1.3844527 1.4080999 1.2899168 2.2969620 1.6586627 1.2362433 1.8041299 1.1747424 1.1492225 2.5533184 
yHAB148_Kazachstania_intestinalis   1.3209462 1.1828424 1.6709002 1.4410147 2.2408636 1.1570908 1.4111276 1.8194339 1.0668152 1.5622507 1.3844527 0.0000000 1.4639912 1.5835503 2.2411295 1.4400829 1.4936114 1.9054266 1.3758602 1.5066991 2.4491465 
yHAB153_Kazachstania_rosinii        1.5265898 1.2826289 1.6201916 1.9956744 2.3929850 1.5410149 1.5700716 1.5139330 1.3727151 1.6164522 1.4080999 1.4639912 0.0000000 1.6192364 1.6315886 1.3416001 1.6187050 1.3834172 1.6191512 1.5262415 2.3335110 
yHAB154_Kazachstania_transvaalensis 1.5400907 1.1939077 1.7884217 1.7344852 2.1879456 1.4214562 1.0284430 1.9497539 0.9452999 1.1913195 1.2899168 1.5835503 1.6192364 0.0000000 2.1022143 1.3920114 1.1097764 2.3022042 1.1203563 0.4315504 2.3740030 
yHAB155_Kazachstania_spencerorum    1.9343377 1.9360798 2.3199974 2.2475448 2.7371550 1.9528076 2.1071071 1.8555706 2.0660754 2.3272576 2.2969620 2.2411295 1.6315886 2.1022143 0.0000000 1.6947493 2.3219939 1.8066127 2.3347382 2.1807267 2.7613383 
yHAB158_Kazachstania_viticola       1.2496912 1.4037389 1.7541042 1.7080920 2.1546054 1.2582140 1.4254713 1.4129135 1.2302248 1.4968816 1.6586627 1.4400829 1.3416001 1.3920114 1.6947493 0.0000000 1.5338863 1.6603271 1.4251616 1.3064888 2.3365353 
yHAB159_Kazachstania_solicola       1.3608291 1.1111179 1.6878929 1.5888703 2.4531638 1.3215480 0.2952704 2.0103551 1.0938511 0.7734329 1.2362433 1.4936114 1.6187050 1.1097764 2.3219939 1.5338863 0.0000000 2.1181614 0.2018497 1.0531274 2.4184866 
yHAB160_Kazachstania_kunashirensis  1.6002853 2.0293301 1.9687846 2.1531641 2.5297095 1.7995013 1.9948157 0.8131134 1.8783608 1.9482298 1.8041299 1.9054266 1.3834172 2.3022042 1.8066127 1.6603271 2.1181614 0.0000000 2.1427104 2.1913261 2.6761890 
yHAB164_Kazachstania_aerobia        1.3551899 1.1273039 1.7658244 1.5511813 2.5088459 1.2918612 0.2599738 1.9867800 1.0052280 0.6997771 1.1747424 1.3758602 1.6191512 1.1203563 2.3347382 1.4251616 0.2018497 2.1427104 0.0000000 0.9759280 2.4274410 
yHAB166_Kazachstania_yakushimaensis 1.3459120 1.1563230 1.7795481 1.6122709 2.2850176 1.4302959 0.9341568 1.8563196 0.9007996 1.0372734 1.1492225 1.5066991 1.5262415 0.4315504 2.1807267 1.3064888 1.0531274 2.1913261 0.9759280 0.0000000 2.3187849 
yHMPu5000035629_Yueomyces_sinensis  2.2593128 2.5315617 2.4952112 2.5769107 1.3829195 2.2195391 2.2164745 2.6217333 2.2146639 2.1318014 2.5533184 2.4491465 2.3335110 2.3740030 2.7613383 2.3365353 2.4184866 2.6761890 2.4274410 2.3187849 0.0000000 
