21
Kazachstania_africana               0.0000000 1.0146232 1.1804440 2.0487418 1.8563804 1.2540715 1.3861860 1.4800936 1.1643440 1.2631428 1.4160810 1.6423356 1.1981114 1.5917706 1.5533543 1.2169904 1.4188159 1.2138733 1.3723859 1.7106408 2.1675571 
Kazachstania_naganishii             1.0146232 0.0000000 1.3991778 1.8394646 1.7819669 1.4179874 1.2408029 1.5356428 1.0128898 1.2774755 1.2654553 1.5515960 1.3076907 1.4734963 1.5136427 1.4533932 1.2146931 1.3958125 1.2243176 1.6927227 2.2143264 
Naumovozyma_castellii               1.1804440 1.3991778 0.0000000 1.7278254 2.0635079 1.1781936 1.3487463 1.5595095 1.2545408 1.3536240 1.3615298 1.6419208 1.4998439 1.4955783 1.5376003 1.5783552 1.4026813 1.3643198 1.4124219 1.4798913 2.2825231 
Naumovozyma_dairenensis             2.0487418 1.8394646 1.7278254 0.0000000 1.8754987 1.8487392 1.8378315 2.0842723 1.8722058 1.7009472 2.1576094 2.0679809 1.8040801 2.2118199 1.8308889 2.1199543 1.8652970 1.8215509 1.9796436 2.0609022 2.3972402 
Tetrapisispora_blattae              1.8563804 1.7819669 2.0635079 1.8754987 0.0000000 1.7322192 1.4909720 1.9228835 1.6089594 1.5620345 1.8519491 1.9128584 1.6362490 1.9434171 1.7247666 1.6789806 1.5080402 1.7066280 1.5062136 2.0973364 1.5534587 
yHAB132_Kazachstania_martiniae      1.2540715 1.4179874 1.1781936 1.8487392 1.7322192 0.0000000 1.2224019 1.3714125 1.1719424 1.1305950 1.2453993 1.4021496 1.0438781 1.7123645 1.3607892 1.3134904 1.0655703 1.0748162 1.1234306 1.5669709 2.1345032 
yHAB133_Kazachstania_unispora       1.3861860 1.2408029 1.3487463 1.8378315 1.4909720 1.2224019 0.0000000 1.4068045 0.9493192 0.5224839 1.1920993 1.6366595 1.3436162 1.4642755 1.2675956 1.5223795 0.3367448 1.4070896 0.4017811 1.4168793 1.8272300 
yHAB134_Kazachstania_turicensis     1.4800936 1.5356428 1.5595095 2.0842723 1.9228835 1.3714125 1.4068045 0.0000000 1.4422130 1.4220518 1.6405037 1.6788435 1.1889581 1.9026386 1.2236736 1.3901278 1.3982630 1.0336783 1.4385500 1.7544648 2.0978952 
yHAB136_Kazachstania_bromeliacearum 1.1643440 1.0128898 1.2545408 1.8722058 1.6089594 1.1719424 0.9493192 1.4422130 0.0000000 0.9196613 1.2643542 1.4358732 1.1427870 1.4651281 1.3402229 1.2001238 0.9388118 1.1977128 0.9277718 1.4140603 2.0700521 
yHAB143_Kazachstania_siamensis      1.2631428 1.2774755 1.3536240 1.7009472 1.5620345 1.1305950 0.5224839 1.4220518 0.9196613 0.0000000 1.1487439 1.4881287 1.2509103 1.2804530 1.3680713 1.3701518 0.5717999 1.3529732 0.6028463 1.2562432 1.8731953 
yHAB147_Kazachstania_taianensis     1.4160810 1.2654553 1.3615298 2.1576094 1.8519491 1.2453993 1.1920993 1.6405037 1.2643542 1.1487439 0.0000000 1.7080311 1.5148305 1.4192595 1.4926596 1.5781664 1.1891088 1.4176439 1.2495797 1.4497865 2.1116992 
yHAB148_Kazachstania_intestinalis   1.6423356 1.5515960 1.6419208 2.0679809 1.9128584 1.4021496 1.6366595 1.6788435 1.4358732 1.4881287 1.7080311 0.0000000 1.3976870 1.7852096 1.8123770 1.6234322 1.5152608 1.6563733 1.5465427 1.5464604 2.4537358 
yHAB153_Kazachstania_rosinii        1.1981114 1.3076907 1.4998439 1.8040801 1.6362490 1.0438781 1.3436162 1.1889581 1.1427870 1.2509103 1.5148305 1.3976870 0.0000000 1.5625805 1.1161007 1.0201551 1.2560639 0.9977226 1.3195018 1.7255284 1.9011688 
yHAB154_Kazachstania_transvaalensis 1.5917706 1.4734963 1.4955783 2.2118199 1.9434171 1.7123645 1.4642755 1.9026386 1.4651281 1.2804530 1.4192595 1.7852096 1.5625805 0.0000000 1.7365676 1.8613047 1.4569692 1.5922151 1.5371110 0.4879205 2.2922172 
yHAB155_Kazachstania_spencerorum    1.5533543 1.5136427 1.5376003 1.8308889 1.7247666 1.3607892 1.2675956 1.2236736 1.3402229 1.3680713 1.4926596 1.8123770 1.1161007 1.7365676 0.0000000 1.4117766 1.2277255 1.2034410 1.2228836 1.7666883 1.9422501 
yHAB158_Kazachstania_viticola       1.2169904 1.4533932 1.5783552 2.1199543 1.6789806 1.3134904 1.5223795 1.3901278 1.2001238 1.3701518 1.5781664 1.6234322 1.0201551 1.8613047 1.4117766 0.0000000 1.4144626 1.2363217 1.4793594 1.9936132 1.9806317 
yHAB159_Kazachstania_solicola       1.4188159 1.2146931 1.4026813 1.8652970 1.5080402 1.0655703 0.3367448 1.3982630 0.9388118 0.5717999 1.1891088 1.5152608 1.2560639 1.4569692 1.2277255 1.4144626 0.0000000 1.3352588 0.1276573 1.3750609 1.9085775 
yHAB160_Kazachstania_kunashirensis  1.2138733 1.3958125 1.3643198 1.8215509 1.7066280 1.0748162 1.4070896 1.0336783 1.1977128 1.3529732 1.4176439 1.6563733 0.9977226 1.5922151 1.2034410 1.2363217 1.3352588 0.0000000 1.2552778 1.5984598 1.8085286 
yHAB164_Kazachstania_aerobia        1.3723859 1.2243176 1.4124219 1.9796436 1.5062136 1.1234306 0.4017811 1.4385500 0.9277718 0.6028463 1.2495797 1.5465427 1.3195018 1.5371110 1.2228836 1.4793594 0.1276573 1.2552778 0.0000000 1.4725628 1.9619387 
yHAB166_Kazachstania_yakushimaensis 1.7106408 1.6927227 1.4798913 2.0609022 2.0973364 1.5669709 1.4168793 1.7544648 1.4140603 1.2562432 1.4497865 1.5464604 1.7255284 0.4879205 1.7666883 1.9936132 1.3750609 1.5984598 1.4725628 0.0000000 2.3127557 
yHMPu5000035629_Yueomyces_sinensis  2.1675571 2.2143264 2.2825231 2.3972402 1.5534587 2.1345032 1.8272300 2.0978952 2.0700521 1.8731953 2.1116992 2.4537358 1.9011688 2.2922172 1.9422501 1.9806317 1.9085775 1.8085286 1.9619387 2.3127557 0.0000000 
