21
Kazachstania_africana               0.0000000 2.0012198 2.6553993 2.6647581 2.0549295 1.7965720 1.9797846 1.9405145 1.9621050 2.2568246 1.8576662 2.3888054 1.7471691 2.1298529 1.7730596 2.3864378 2.1187131 1.6481275 1.9190789 2.0399993 2.8475525 
Kazachstania_naganishii             2.0012198 0.0000000 2.1657450 2.2710341 2.0444374 1.6693937 1.4418094 1.7062770 1.3354756 1.6302618 1.1767519 1.8271566 1.5388365 1.6277144 1.5283612 2.0858750 1.6128506 1.6239208 1.5199454 1.5060511 2.4693127 
Naumovozyma_castellii               2.6553993 2.1657450 0.0000000 1.4850324 2.4680670 2.1426102 2.4677180 1.9918626 2.5405473 2.4803414 2.4994022 2.6091021 2.1321542 2.3639920 1.9619813 2.3830933 2.6493002 2.0131983 2.2986753 2.6400536 2.7156822 
Naumovozyma_dairenensis             2.6647581 2.2710341 1.4850324 0.0000000 2.5873299 1.9267808 2.1935317 1.9035766 2.4154303 2.3829952 2.3003558 2.7898269 1.8983108 2.3368387 1.9642158 2.1937166 2.5447779 1.8211578 2.1712104 2.4308436 2.8200592 
Tetrapisispora_blattae              2.0549295 2.0444374 2.4680670 2.5873299 0.0000000 2.0076839 2.2661638 2.1330835 2.2545583 2.4750946 2.0748546 2.4295172 2.0732087 2.5948959 1.8232153 2.4079882 2.5013107 1.7863609 2.2798203 2.1954110 1.7426729 
yHAB132_Kazachstania_martiniae      1.7965720 1.6693937 2.1426102 1.9267808 2.0076839 0.0000000 1.6290275 1.2517834 1.3495568 1.8076636 1.6021654 2.0704915 1.2874072 1.5564261 1.2086491 1.6705920 1.6208403 1.2834798 1.5175707 1.5223162 2.3584096 
yHAB133_Kazachstania_unispora       1.9797846 1.4418094 2.4677180 2.1935317 2.2661638 1.6290275 0.0000000 1.5833624 1.4495197 0.8551438 1.2280599 2.2711484 1.6354076 1.6366675 1.6488430 1.9718516 0.5212272 1.6019674 0.4790351 1.4639600 2.6961510 
yHAB134_Kazachstania_turicensis     1.9405145 1.7062770 1.9918626 1.9035766 2.1330835 1.2517834 1.5833624 0.0000000 1.4250298 1.8128491 1.7465427 1.9574379 1.1089319 1.7790597 1.0897590 1.8089227 1.8348722 0.6899041 1.5331092 1.6741599 2.3861824 
yHAB136_Kazachstania_bromeliacearum 1.9621050 1.3354756 2.5405473 2.4154303 2.2545583 1.3495568 1.4495197 1.4250298 0.0000000 1.4138251 1.3938823 1.8118855 1.3190006 1.6239340 1.5171012 1.9156952 1.4629239 1.3344389 1.2879810 1.3577273 2.3753591 
yHAB143_Kazachstania_siamensis      2.2568246 1.6302618 2.4803414 2.3829952 2.4750946 1.8076636 0.8551438 1.8128491 1.4138251 0.0000000 1.1906924 2.3292193 1.7233883 1.5386024 2.0617185 2.2537172 0.8372816 1.6962777 0.6333545 1.4948422 2.6068684 
yHAB147_Kazachstania_taianensis     1.8576662 1.1767519 2.4994022 2.3003558 2.0748546 1.6021654 1.2280599 1.7465427 1.3938823 1.1906924 0.0000000 2.0833265 1.5598792 1.5487081 1.5782436 2.2514345 1.2347320 1.6048100 1.1328842 1.5571646 2.5717055 
yHAB148_Kazachstania_intestinalis   2.3888054 1.8271566 2.6091021 2.7898269 2.4295172 2.0704915 2.2711484 1.9574379 1.8118855 2.3292193 2.0833265 0.0000000 1.8173676 2.1180433 1.8179654 2.3726059 2.4233852 1.8969131 2.1768516 2.2781056 3.1282537 
yHAB153_Kazachstania_rosinii        1.7471691 1.5388365 2.1321542 1.8983108 2.0732087 1.2874072 1.6354076 1.1089319 1.3190006 1.7233883 1.5598792 1.8173676 0.0000000 2.1342638 0.9563075 1.4826055 1.8647107 0.9868676 1.5628577 1.7870621 2.6016539 
yHAB154_Kazachstania_transvaalensis 2.1298529 1.6277144 2.3639920 2.3368387 2.5948959 1.5564261 1.6366675 1.7790597 1.6239340 1.5386024 1.5487081 2.1180433 2.1342638 0.0000000 1.9528178 2.3215844 1.6102776 1.8539032 1.3817380 0.7068663 2.8235150 
yHAB155_Kazachstania_spencerorum    1.7730596 1.5283612 1.9619813 1.9642158 1.8232153 1.2086491 1.6488430 1.0897590 1.5171012 2.0617185 1.5782436 1.8179654 0.9563075 1.9528178 0.0000000 1.6569088 1.8060169 1.0213593 1.5192579 1.7120377 2.3663789 
yHAB158_Kazachstania_viticola       2.3864378 2.0858750 2.3830933 2.1937166 2.4079882 1.6705920 1.9718516 1.8089227 1.9156952 2.2537172 2.2514345 2.3726059 1.4826055 2.3215844 1.6569088 0.0000000 2.1679873 1.7618046 1.8689331 2.0771579 3.1620629 
yHAB159_Kazachstania_solicola       2.1187131 1.6128506 2.6493002 2.5447779 2.5013107 1.6208403 0.5212272 1.8348722 1.4629239 0.8372816 1.2347320 2.4233852 1.8647107 1.6102776 1.8060169 2.1679873 0.0000000 1.8958940 0.1051226 1.4808009 2.6396025 
yHAB160_Kazachstania_kunashirensis  1.6481275 1.6239208 2.0131983 1.8211578 1.7863609 1.2834798 1.6019674 0.6899041 1.3344389 1.6962777 1.6048100 1.8969131 0.9868676 1.8539032 1.0213593 1.7618046 1.8958940 0.0000000 1.6478437 1.6925437 2.5908973 
yHAB164_Kazachstania_aerobia        1.9190789 1.5199454 2.2986753 2.1712104 2.2798203 1.5175707 0.4790351 1.5331092 1.2879810 0.6333545 1.1328842 2.1768516 1.5628577 1.3817380 1.5192579 1.8689331 0.1051226 1.6478437 0.0000000 1.2725538 2.5087789 
yHAB166_Kazachstania_yakushimaensis 2.0399993 1.5060511 2.6400536 2.4308436 2.1954110 1.5223162 1.4639600 1.6741599 1.3577273 1.4948422 1.5571646 2.2781056 1.7870621 0.7068663 1.7120377 2.0771579 1.4808009 1.6925437 1.2725538 0.0000000 2.7698903 
yHMPu5000035629_Yueomyces_sinensis  2.8475525 2.4693127 2.7156822 2.8200592 1.7426729 2.3584096 2.6961510 2.3861824 2.3753591 2.6068684 2.5717055 3.1282537 2.6016539 2.8235150 2.3663789 3.1620629 2.6396025 2.5908973 2.5087789 2.7698903 0.0000000 
