21
Kazachstania_africana               0.0000000 1.2885542 1.0460109 1.2617474 2.3064681 1.0307633 1.5273364 1.3707456 1.0024900 1.1036084 1.2903570 1.5548744 1.3582552 1.4587686 1.1764429 1.3297705 1.3257052 1.0660739 1.4065808 1.3585012 2.4391739 
Kazachstania_naganishii             1.2885542 0.0000000 1.3632300 1.4498560 2.7486585 1.3846792 1.5814788 1.3207223 0.9920445 1.2569113 1.0688823 1.6111393 1.5292206 1.2242321 1.3482050 1.5615472 1.1911904 1.4905305 1.1927170 1.1010271 2.8935970 
Naumovozyma_castellii               1.0460109 1.3632300 0.0000000 1.2796109 2.2259049 1.0746135 1.2268999 1.1979805 0.8827811 1.3687714 1.3148548 1.4867519 1.5026038 1.3275916 1.0365399 1.5441094 1.1381408 1.4932888 1.1972098 1.2991642 3.0590397 
Naumovozyma_dairenensis             1.2617474 1.4498560 1.2796109 0.0000000 2.4770085 1.3031036 1.5920709 1.5155683 1.1913566 1.4437618 1.5412843 1.9177497 1.4737159 1.6201133 1.3075307 1.3667776 1.4020848 1.2733177 1.3970950 1.5172794 3.1143578 
Tetrapisispora_blattae              2.3064681 2.7486585 2.2259049 2.4770085 0.0000000 2.2303293 2.7032464 2.0576751 1.9891525 2.6752531 2.5688539 2.7385984 2.8867428 2.7408965 2.1999831 2.9774166 2.3087159 2.7292001 2.4347783 2.7136771 1.5587449 
yHAB132_Kazachstania_martiniae      1.0307633 1.3846792 1.0746135 1.3031036 2.2303293 0.0000000 1.5063648 1.1678414 1.1793912 1.2146859 1.3264040 1.6371978 1.5710985 1.4207681 1.0180632 1.1026485 1.1137871 0.9374695 1.2102951 1.1870842 2.4173236 
yHAB133_Kazachstania_unispora       1.5273364 1.5814788 1.2268999 1.5920709 2.7032464 1.5063648 0.0000000 1.7379454 1.1985149 0.8443006 1.5096739 2.0348792 2.1965952 1.4962452 1.5208586 1.8176180 0.4485382 1.6657070 0.5208725 1.3398158 3.4929370 
yHAB134_Kazachstania_turicensis     1.3707456 1.3207223 1.1979805 1.5155683 2.0576751 1.1678414 1.7379454 0.0000000 0.9627787 1.2768846 1.2585921 1.8134667 1.6595604 1.5321086 1.2041199 1.3839230 1.2314426 1.0434797 1.3020666 1.5594445 2.0976401 
yHAB136_Kazachstania_bromeliacearum 1.0024900 0.9920445 0.8827811 1.1913566 1.9891525 1.1793912 1.1985149 0.9627787 0.0000000 0.9737201 0.8236092 1.7643129 1.5213650 0.8714110 0.9864153 1.3538025 0.7845219 1.4346001 0.8714713 0.7616897 2.5049986 
yHAB143_Kazachstania_siamensis      1.1036084 1.2569113 1.3687714 1.4437618 2.6752531 1.2146859 0.8443006 1.2768846 0.9737201 0.0000000 0.9404497 1.6012907 1.8322216 1.2438168 1.4048537 1.3865089 0.6425677 1.4144302 0.7012591 1.0928715 2.9191733 
yHAB147_Kazachstania_taianensis     1.2903570 1.0688823 1.3148548 1.5412843 2.5688539 1.3264040 1.5096739 1.2585921 0.8236092 0.9404497 0.0000000 1.5393866 1.1394020 1.2059331 1.1380622 1.5338319 0.9973158 1.4113808 1.0219007 1.1397991 2.8812283 
yHAB148_Kazachstania_intestinalis   1.5548744 1.6111393 1.4867519 1.9177497 2.7385984 1.6371978 2.0348792 1.8134667 1.7643129 1.6012907 1.5393866 0.0000000 1.3895178 1.7858034 1.5990555 2.0740294 1.7862931 1.6123644 1.8140327 1.7485531 3.2764259 
yHAB153_Kazachstania_rosinii        1.3582552 1.5292206 1.5026038 1.4737159 2.8867428 1.5710985 2.1965952 1.6595604 1.5213650 1.8322216 1.1394020 1.3895178 0.0000000 1.8776588 1.2999871 1.7674138 1.7135159 1.5303505 1.8195990 1.8330314 3.1689832 
yHAB154_Kazachstania_transvaalensis 1.4587686 1.2242321 1.3275916 1.6201133 2.7408965 1.4207681 1.4962452 1.5321086 0.8714110 1.2438168 1.2059331 1.7858034 1.8776588 0.0000000 1.0889158 1.5644977 1.1510062 1.7286301 1.1659828 0.3517083 3.0286652 
yHAB155_Kazachstania_spencerorum    1.1764429 1.3482050 1.0365399 1.3075307 2.1999831 1.0180632 1.5208586 1.2041199 0.9864153 1.4048537 1.1380622 1.5990555 1.2999871 1.0889158 0.0000000 1.5285695 1.1004060 1.2198087 1.1438931 1.0714718 2.8637316 
yHAB158_Kazachstania_viticola       1.3297705 1.5615472 1.5441094 1.3667776 2.9774166 1.1026485 1.8176180 1.3839230 1.3538025 1.3865089 1.5338319 2.0740294 1.7674138 1.5644977 1.5285695 0.0000000 1.3703302 1.3855337 1.4245171 1.5432384 2.7283566 
yHAB159_Kazachstania_solicola       1.3257052 1.1911904 1.1381408 1.4020848 2.3087159 1.1137871 0.4485382 1.2314426 0.7845219 0.6425677 0.9973158 1.7862931 1.7135159 1.1510062 1.1004060 1.3703302 0.0000000 1.4200561 0.0949905 1.0340570 2.6834846 
yHAB160_Kazachstania_kunashirensis  1.0660739 1.4905305 1.4932888 1.2733177 2.7292001 0.9374695 1.6657070 1.0434797 1.4346001 1.4144302 1.4113808 1.6123644 1.5303505 1.7286301 1.2198087 1.3855337 1.4200561 0.0000000 1.3285864 1.5292306 2.2194700 
yHAB164_Kazachstania_aerobia        1.4065808 1.1927170 1.1972098 1.3970950 2.4347783 1.2102951 0.5208725 1.3020666 0.8714713 0.7012591 1.0219007 1.8140327 1.8195990 1.1659828 1.1438931 1.4245171 0.0949905 1.3285864 0.0000000 0.9566822 2.5788522 
yHAB166_Kazachstania_yakushimaensis 1.3585012 1.1010271 1.2991642 1.5172794 2.7136771 1.1870842 1.3398158 1.5594445 0.7616897 1.0928715 1.1397991 1.7485531 1.8330314 0.3517083 1.0714718 1.5432384 1.0340570 1.5292306 0.9566822 0.0000000 2.7709843 
yHMPu5000035629_Yueomyces_sinensis  2.4391739 2.8935970 3.0590397 3.1143578 1.5587449 2.4173236 3.4929370 2.0976401 2.5049986 2.9191733 2.8812283 3.2764259 3.1689832 3.0286652 2.8637316 2.7283566 2.6834846 2.2194700 2.5788522 2.7709843 0.0000000 
