21
Kazachstania_africana               0.0000000 2.8298218 2.5039420 2.4780122 2.9518783 3.0377270 2.5911856 2.4398219 2.4797080 2.3356717 2.6674491 3.5961589 2.2890583 3.1205806 2.3372170 2.5828062 2.4816812 2.5798006 2.5231893 3.1105161 2.9049307 
Kazachstania_naganishii             2.8298218 0.0000000 2.8879710 2.8781786 3.2447593 3.0436450 2.4993646 2.9853561 2.2323049 2.4364427 2.2792477 3.3848647 2.6774257 3.2470040 2.6597461 3.0235650 2.4714558 2.7765395 2.4851097 3.1670583 3.3777387 
Naumovozyma_castellii               2.5039420 2.8879710 0.0000000 1.6980734 3.2122476 2.5401082 2.4450108 2.6292213 2.3388983 2.4788234 2.5990263 3.8319956 2.2501838 3.5581918 2.2300113 2.4592995 2.6095244 2.4183088 2.5542212 3.4559777 3.0075575 
Naumovozyma_dairenensis             2.4780122 2.8781786 1.6980734 0.0000000 2.9889128 2.5678697 2.3656448 2.4890921 2.1049763 2.4086690 2.4593315 3.5892723 2.0840529 3.3379025 2.1889238 2.3143407 2.3190138 2.1257609 2.3427971 3.3015938 2.7429428 
Tetrapisispora_blattae              2.9518783 3.2447593 3.2122476 2.9889128 0.0000000 3.3467279 3.2929949 3.2794677 3.1776106 3.1844852 3.3906240 4.1434097 3.1420107 3.9962967 3.0726555 3.3899609 3.1689922 3.2217167 3.1592532 3.8456894 2.1762291 
yHAB132_Kazachstania_martiniae      3.0377270 3.0436450 2.5401082 2.5678697 3.3467279 0.0000000 2.6054745 3.0488435 2.4241771 2.7636052 2.6662841 3.7931323 2.6871870 3.6932372 2.7310978 2.6891250 2.7434290 2.8259288 2.6332327 3.3228887 3.0538347 
yHAB133_Kazachstania_unispora       2.5911856 2.4993646 2.4450108 2.3656448 3.2929949 2.6054745 0.0000000 2.7270396 1.7406745 0.9604687 1.8036067 3.4208915 2.6735827 2.6363958 2.2881762 2.5067112 0.6787530 2.5087042 0.6765017 2.4909830 2.6145790 
yHAB134_Kazachstania_turicensis     2.4398219 2.9853561 2.6292213 2.4890921 3.2794677 3.0488435 2.7270396 0.0000000 2.7571740 2.6639349 2.9675018 3.9096136 2.4994024 3.6430723 2.1643851 2.8136234 2.5866282 1.6674304 2.5606216 3.4788447 3.1307482 
yHAB136_Kazachstania_bromeliacearum 2.4797080 2.2323049 2.3388983 2.1049763 3.1776106 2.4241771 1.7406745 2.7571740 0.0000000 1.7493019 1.8489589 3.3601992 2.3569522 3.0041615 2.2572754 2.4370113 1.7329265 2.3609749 1.7368160 2.9311097 2.8213150 
yHAB143_Kazachstania_siamensis      2.3356717 2.4364427 2.4788234 2.4086690 3.1844852 2.7636052 0.9604687 2.6639349 1.7493019 0.0000000 1.9276160 3.5938080 2.5041137 2.6736475 2.2932321 2.6099420 1.0450814 2.4113903 1.0686238 2.4928416 2.8939014 
yHAB147_Kazachstania_taianensis     2.6674491 2.2792477 2.5990263 2.4593315 3.3906240 2.6662841 1.8036067 2.9675018 1.8489589 1.9276160 0.0000000 3.6983634 2.4954525 3.0606821 2.4088480 2.7442882 2.0142675 2.5365610 2.0714982 2.7846150 2.9660561 
yHAB148_Kazachstania_intestinalis   3.5961589 3.3848647 3.8319956 3.5892723 4.1434097 3.7931323 3.4208915 3.9096136 3.3601992 3.5938080 3.6983634 0.0000000 3.6129663 3.9831873 3.6199574 3.4424750 3.3973058 3.6730372 3.4867646 3.7108845 3.8029973 
yHAB153_Kazachstania_rosinii        2.2890583 2.6774257 2.2501838 2.0840529 3.1420107 2.6871870 2.6735827 2.4994024 2.3569522 2.5041137 2.4954525 3.6129663 0.0000000 3.3680287 1.8396799 2.4244226 2.4678719 2.1092047 2.4078266 3.1553109 3.0233974 
yHAB154_Kazachstania_transvaalensis 3.1205806 3.2470040 3.5581918 3.3379025 3.9962967 3.6932372 2.6363958 3.6430723 3.0041615 2.6736475 3.0606821 3.9831873 3.3680287 0.0000000 3.0668237 3.3348729 2.7849139 3.2999237 2.8186453 0.9760156 3.4450860 
yHAB155_Kazachstania_spencerorum    2.3372170 2.6597461 2.2300113 2.1889238 3.0726555 2.7310978 2.2881762 2.1643851 2.2572754 2.2932321 2.4088480 3.6199574 1.8396799 3.0668237 0.0000000 2.7400514 2.2142588 1.8266329 2.2287652 3.1239241 2.8443669 
yHAB158_Kazachstania_viticola       2.5828062 3.0235650 2.4592995 2.3143407 3.3899609 2.6891250 2.5067112 2.8136234 2.4370113 2.6099420 2.7442882 3.4424750 2.4244226 3.3348729 2.7400514 0.0000000 2.4708894 2.5003867 2.4522789 3.1828888 3.1800704 
yHAB159_Kazachstania_solicola       2.4816812 2.4714558 2.6095244 2.3190138 3.1689922 2.7434290 0.6787530 2.5866282 1.7329265 1.0450814 2.0142675 3.3973058 2.4678719 2.7849139 2.2142588 2.4708894 0.0000000 2.5130065 0.1740855 2.5996905 2.7508660 
yHAB160_Kazachstania_kunashirensis  2.5798006 2.7765395 2.4183088 2.1257609 3.2217167 2.8259288 2.5087042 1.6674304 2.3609749 2.4113903 2.5365610 3.6730372 2.1092047 3.2999237 1.8266329 2.5003867 2.5130065 0.0000000 2.4552736 3.1696995 2.9766834 
yHAB164_Kazachstania_aerobia        2.5231893 2.4851097 2.5542212 2.3427971 3.1592532 2.6332327 0.6765017 2.5606216 1.7368160 1.0686238 2.0714982 3.4867646 2.4078266 2.8186453 2.2287652 2.4522789 0.1740855 2.4552736 0.0000000 2.6279666 2.7437466 
yHAB166_Kazachstania_yakushimaensis 3.1105161 3.1670583 3.4559777 3.3015938 3.8456894 3.3228887 2.4909830 3.4788447 2.9311097 2.4928416 2.7846150 3.7108845 3.1553109 0.9760156 3.1239241 3.1828888 2.5996905 3.1696995 2.6279666 0.0000000 3.5445364 
yHMPu5000035629_Yueomyces_sinensis  2.9049307 3.3777387 3.0075575 2.7429428 2.1762291 3.0538347 2.6145790 3.1307482 2.8213150 2.8939014 2.9660561 3.8029973 3.0233974 3.4450860 2.8443669 3.1800704 2.7508660 2.9766834 2.7437466 3.5445364 0.0000000 
