21
Kazachstania_africana               0.0000000 3.6951835 3.9645640 3.7822804 4.7838142 3.2612872 4.5915989 4.2464921 3.9765448 5.1248722 3.5542918 4.5160948 3.0757333 4.2703517 4.8836261 3.7605174 4.6553483 4.0382919 5.0617152 4.7404716 4.7652871 
Kazachstania_naganishii             3.6951835 0.0000000 2.4237988 2.5590193 2.9340291 2.3547084 2.8942977 3.5200175 2.3657794 2.7700618 2.4381634 3.2091998 3.3082245 4.0031245 4.3774815 4.0436114 3.0320698 3.6984975 2.9463950 3.7174167 2.9962456 
Naumovozyma_castellii               3.9645640 2.4237988 0.0000000 1.5078477 2.4532145 1.9197571 2.4925336 3.1282258 2.3452174 2.3015898 2.6450627 2.9835694 3.3412200 3.4618658 3.3207000 3.6322082 2.7038830 2.8814986 2.6770995 3.2775601 2.6822587 
Naumovozyma_dairenensis             3.7822804 2.5590193 1.5078477 0.0000000 2.1034532 2.4199377 2.8972436 3.2183085 2.7635843 2.6301499 2.9847220 3.1142388 3.1608873 3.4154328 3.7593095 3.4072864 2.9444571 3.3177292 2.9222660 3.5277752 1.9859475 
Tetrapisispora_blattae              4.7838142 2.9340291 2.4532145 2.1034532 0.0000000 3.0140982 3.5553314 3.5940462 2.8264220 2.9149393 2.9575434 3.8653631 3.1831807 4.4287425 3.6998594 4.4795788 3.3813058 3.5080441 3.5406805 4.2555838 1.8091854 
yHAB132_Kazachstania_martiniae      3.2612872 2.3547084 1.9197571 2.4199377 3.0140982 0.0000000 2.5666118 3.2560394 2.0719612 2.5560757 2.1818273 2.8526321 3.1480956 3.2791618 3.9105424 3.4496715 2.5556219 3.4018621 2.4605559 2.9027770 3.2564990 
yHAB133_Kazachstania_unispora       4.5915989 2.8942977 2.4925336 2.8972436 3.5553314 2.5666118 0.0000000 3.9555640 2.4511570 1.0116385 2.5342095 3.1972828 4.5045919 2.8776859 4.2120570 4.7985381 0.6452912 3.6169175 0.6730486 3.0576307 4.2805658 
yHAB134_Kazachstania_turicensis     4.2464921 3.5200175 3.1282258 3.2183085 3.5940462 3.2560394 3.9555640 0.0000000 2.8779120 3.4856332 3.7213696 4.6619898 2.9598395 4.4031945 2.8062824 3.9265766 4.0390226 2.2880759 4.1722840 4.0754819 3.1080343 
yHAB136_Kazachstania_bromeliacearum 3.9765448 2.3657794 2.3452174 2.7635843 2.8264220 2.0719612 2.4511570 2.8779120 0.0000000 2.1952222 2.1078279 3.3681930 3.4371347 3.2409133 4.0311027 4.3600886 2.3463828 3.1913385 2.3921788 2.6519649 2.8015663 
yHAB143_Kazachstania_siamensis      5.1248722 2.7700618 2.3015898 2.6301499 2.9149393 2.5560757 1.0116385 3.4856332 2.1952222 0.0000000 2.6081384 3.2584912 4.3615571 3.0966554 4.5024162 4.8599465 0.8840606 3.6123824 1.0230542 3.0321466 3.5479780 
yHAB147_Kazachstania_taianensis     3.5542918 2.4381634 2.6450627 2.9847220 2.9575434 2.1818273 2.5342095 3.7213696 2.1078279 2.6081384 0.0000000 2.8871622 3.5139109 2.9486191 4.9223662 4.8070026 2.7678131 3.5145661 2.6477811 3.3872725 3.6984561 
yHAB148_Kazachstania_intestinalis   4.5160948 3.2091998 2.9835694 3.1142388 3.8653631 2.8526321 3.1972828 4.6619898 3.3681930 3.2584912 2.8871622 0.0000000 3.9814225 3.6640575 5.1086703 5.2188648 3.1921055 4.4484154 3.0116570 4.0428354 3.3712132 
yHAB153_Kazachstania_rosinii        3.0757333 3.3082245 3.3412200 3.1608873 3.1831807 3.1480956 4.5045919 2.9598395 3.4371347 4.3615571 3.5139109 3.9814225 0.0000000 5.4619870 2.7195266 4.4685048 4.4395591 2.6483908 4.4384384 5.8238888 3.3417375 
yHAB154_Kazachstania_transvaalensis 4.2703517 4.0031245 3.4618658 3.4154328 4.4287425 3.2791618 2.8776859 4.4031945 3.2409133 3.0966554 2.9486191 3.6640575 5.4619870 0.0000000 6.9054087 5.0131049 2.6989995 5.2627306 2.5190989 1.0020554 5.2530092 
yHAB155_Kazachstania_spencerorum    4.8836261 4.3774815 3.3207000 3.7593095 3.6998594 3.9105424 4.2120570 2.8062824 4.0311027 4.5024162 4.9223662 5.1086703 2.7195266 6.9054087 0.0000000 4.3953094 4.1036349 2.9679646 4.2613515 5.8256970 3.6503918 
yHAB158_Kazachstania_viticola       3.7605174 4.0436114 3.6322082 3.4072864 4.4795788 3.4496715 4.7985381 3.9265766 4.3600886 4.8599465 4.8070026 5.2188648 4.4685048 5.0131049 4.3953094 0.0000000 4.4233940 4.1684592 4.6445462 4.2632417 4.0106482 
yHAB159_Kazachstania_solicola       4.6553483 3.0320698 2.7038830 2.9444571 3.3813058 2.5556219 0.6452912 4.0390226 2.3463828 0.8840606 2.7678131 3.1921055 4.4395591 2.6989995 4.1036349 4.4233940 0.0000000 3.3805538 0.1493121 2.9889638 4.4649666 
yHAB160_Kazachstania_kunashirensis  4.0382919 3.6984975 2.8814986 3.3177292 3.5080441 3.4018621 3.6169175 2.2880759 3.1913385 3.6123824 3.5145661 4.4484154 2.6483908 5.2627306 2.9679646 4.1684592 3.3805538 0.0000000 3.5749154 4.3246316 3.5611451 
yHAB164_Kazachstania_aerobia        5.0617152 2.9463950 2.6770995 2.9222660 3.5406805 2.4605559 0.6730486 4.1722840 2.3921788 1.0230542 2.6477811 3.0116570 4.4384384 2.5190989 4.2613515 4.6445462 0.1493121 3.5749154 0.0000000 3.0329875 4.6068357 
yHAB166_Kazachstania_yakushimaensis 4.7404716 3.7174167 3.2775601 3.5277752 4.2555838 2.9027770 3.0576307 4.0754819 2.6519649 3.0321466 3.3872725 4.0428354 5.8238888 1.0020554 5.8256970 4.2632417 2.9889638 4.3246316 3.0329875 0.0000000 4.6291324 
yHMPu5000035629_Yueomyces_sinensis  4.7652871 2.9962456 2.6822587 1.9859475 1.8091854 3.2564990 4.2805658 3.1080343 2.8015663 3.5479780 3.6984561 3.3712132 3.3417375 5.2530092 3.6503918 4.0106482 4.4649666 3.5611451 4.6068357 4.6291324 0.0000000 
