21
Kazachstania_africana               0.0000000 2.0172897 1.8523627 1.5079631 1.9442730 1.5147609 1.4592948 1.7226710 1.5131770 1.4636906 1.7741068 1.9405024 1.7303088 1.9538389 1.6936320 1.7104063 1.5755380 1.7413691 1.4626679 1.8549499 2.3122513 
Kazachstania_naganishii             2.0172897 0.0000000 2.0668449 1.7175056 2.0848787 1.6491302 1.4409728 1.9944595 1.3258149 1.5004321 1.2028799 2.1194702 1.5737624 2.1249884 1.7005041 1.7895180 1.4877768 1.8172249 1.4023360 1.9940142 2.4697772 
Naumovozyma_castellii               1.8523627 2.0668449 0.0000000 1.0785886 1.8504933 1.4864334 1.8898526 1.7748544 1.7394696 1.8315032 1.9198412 2.4046881 1.8621468 2.2628529 1.8362448 1.7489127 1.8556343 1.7672014 1.7301724 2.3415070 2.3116299 
Naumovozyma_dairenensis             1.5079631 1.7175056 1.0785886 0.0000000 1.8523113 1.4640969 1.4585179 1.7409482 1.5236454 1.3707487 1.5205931 1.8447758 1.5634572 1.7239832 1.4238963 1.5751417 1.5660278 1.5649039 1.4157487 1.6475246 2.1583671 
Tetrapisispora_blattae              1.9442730 2.0848787 1.8504933 1.8523113 0.0000000 1.8694244 1.8022700 1.7630680 1.4641968 1.6746225 1.7521775 2.3015233 1.7457795 2.1199148 1.4225845 1.8655664 1.8050583 1.4847738 1.6254300 1.8398274 1.2610648 
yHAB132_Kazachstania_martiniae      1.5147609 1.6491302 1.4864334 1.4640969 1.8694244 0.0000000 1.6906499 1.5909179 1.4721815 1.5604783 1.5725780 2.0262226 1.4087556 1.8474798 1.3560385 1.4769389 1.5961329 1.4344990 1.4596999 1.7706747 1.8589884 
yHAB133_Kazachstania_unispora       1.4592948 1.4409728 1.8898526 1.4585179 1.8022700 1.6906499 0.0000000 1.6752798 1.0573759 0.5153673 1.2447139 1.9123672 1.5628535 1.5756106 1.5582107 1.4430681 0.3981811 1.4567371 0.3913386 1.5757123 1.9332496 
yHAB134_Kazachstania_turicensis     1.7226710 1.9944595 1.7748544 1.7409482 1.7630680 1.5909179 1.6752798 0.0000000 1.4767524 1.5456578 1.6694155 1.9970825 1.3500969 1.9027074 1.3668516 1.4838857 1.6989677 1.1188595 1.5876562 1.8718582 2.5005863 
yHAB136_Kazachstania_bromeliacearum 1.5131770 1.3258149 1.7394696 1.5236454 1.4641968 1.4721815 1.0573759 1.4767524 0.0000000 1.0231537 1.0502056 1.8084226 1.5480922 1.5913422 1.4800097 1.3775863 1.0549761 1.2229118 1.0662745 1.4930493 1.9309527 
yHAB143_Kazachstania_siamensis      1.4636906 1.5004321 1.8315032 1.3707487 1.6746225 1.5604783 0.5153673 1.5456578 1.0231537 0.0000000 1.2195069 2.1102510 1.7359935 1.7127515 1.5125953 1.6580936 0.5664601 1.5001837 0.6034126 1.5954218 1.8869339 
yHAB147_Kazachstania_taianensis     1.7741068 1.2028799 1.9198412 1.5205931 1.7521775 1.5725780 1.2447139 1.6694155 1.0502056 1.2195069 0.0000000 1.8963074 1.2998512 1.5675824 1.5469008 1.5564906 1.1396325 1.3984210 1.0763938 1.5769293 2.2606902 
yHAB148_Kazachstania_intestinalis   1.9405024 2.1194702 2.4046881 1.8447758 2.3015233 2.0262226 1.9123672 1.9970825 1.8084226 2.1102510 1.8963074 0.0000000 2.2366343 2.3962388 1.9836662 1.9955964 2.1175930 2.1984181 1.8734147 2.2188395 2.8314211 
yHAB153_Kazachstania_rosinii        1.7303088 1.5737624 1.8621468 1.5634572 1.7457795 1.4087556 1.5628535 1.3500969 1.5480922 1.7359935 1.2998512 2.2366343 0.0000000 1.6553319 1.2030389 1.6778717 1.4018954 1.4184852 1.4351976 1.6569810 2.1321997 
yHAB154_Kazachstania_transvaalensis 1.9538389 2.1249884 2.2628529 1.7239832 2.1199148 1.8474798 1.5756106 1.9027074 1.5913422 1.7127515 1.5675824 2.3962388 1.6553319 0.0000000 1.6315968 1.9818978 1.5831435 1.7427590 1.4811321 0.5506355 2.2724289 
yHAB155_Kazachstania_spencerorum    1.6936320 1.7005041 1.8362448 1.4238963 1.4225845 1.3560385 1.5582107 1.3668516 1.4800097 1.5125953 1.5469008 1.9836662 1.2030389 1.6315968 0.0000000 1.4447096 1.4624882 1.2012855 1.2867655 1.5949874 1.5200853 
yHAB158_Kazachstania_viticola       1.7104063 1.7895180 1.7489127 1.5751417 1.8655664 1.4769389 1.4430681 1.4838857 1.3775863 1.6580936 1.5564906 1.9955964 1.6778717 1.9818978 1.4447096 0.0000000 1.4978899 1.4258233 1.4362268 1.9661363 1.9178726 
yHAB159_Kazachstania_solicola       1.5755380 1.4877768 1.8556343 1.5660278 1.8050583 1.5961329 0.3981811 1.6989677 1.0549761 0.5664601 1.1396325 2.1175930 1.4018954 1.5831435 1.4624882 1.4978899 0.0000000 1.3024899 0.0943460 1.5783645 1.9364403 
yHAB160_Kazachstania_kunashirensis  1.7413691 1.8172249 1.7672014 1.5649039 1.4847738 1.4344990 1.4567371 1.1188595 1.2229118 1.5001837 1.3984210 2.1984181 1.4184852 1.7427590 1.2012855 1.4258233 1.3024899 0.0000000 1.2615613 1.7820310 1.8788475 
yHAB164_Kazachstania_aerobia        1.4626679 1.4023360 1.7301724 1.4157487 1.6254300 1.4596999 0.3913386 1.5876562 1.0662745 0.6034126 1.0763938 1.8734147 1.4351976 1.4811321 1.2867655 1.4362268 0.0943460 1.2615613 0.0000000 1.5639483 1.8146988 
yHAB166_Kazachstania_yakushimaensis 1.8549499 1.9940142 2.3415070 1.6475246 1.8398274 1.7706747 1.5757123 1.8718582 1.4930493 1.5954218 1.5769293 2.2188395 1.6569810 0.5506355 1.5949874 1.9661363 1.5783645 1.7820310 1.5639483 0.0000000 1.9339883 
yHMPu5000035629_Yueomyces_sinensis  2.3122513 2.4697772 2.3116299 2.1583671 1.2610648 1.8589884 1.9332496 2.5005863 1.9309527 1.8869339 2.2606902 2.8314211 2.1321997 2.2724289 1.5200853 1.9178726 1.9364403 1.8788475 1.8146988 1.9339883 0.0000000 
