21
Kazachstania_africana               0.0000000 1.6807165 1.5258570 1.4968127 1.6891956 1.2918815 1.4052424 1.3424741 1.3827344 1.3973476 1.4538488 1.7052276 1.2561919 1.4099756 1.3301031 1.3564708 1.3715958 1.2829381 1.4219253 1.3695188 1.7377338 
Kazachstania_naganishii             1.6807165 0.0000000 1.7970945 1.8584917 2.0480003 1.4752845 1.3890491 1.7667421 1.4251876 1.3756837 1.3604739 2.0659487 1.5882562 1.5034782 1.7038226 1.6070055 1.4151632 1.6791595 1.4470030 1.4642989 2.1922346 
Naumovozyma_castellii               1.5258570 1.7970945 0.0000000 1.0179015 1.5591641 1.4644447 1.4212597 1.4903681 1.4352688 1.4095730 1.5191906 2.0065393 1.3840163 1.5538442 1.6249369 1.5754735 1.3955362 1.4054589 1.4014656 1.5086422 1.5673262 
Naumovozyma_dairenensis             1.4968127 1.8584917 1.0179015 0.0000000 1.6032511 1.4784322 1.5130327 1.5348689 1.5393644 1.4874712 1.5458067 1.9873392 1.4359330 1.5886716 1.5623281 1.5243215 1.4890983 1.3781984 1.4888918 1.5222489 1.7192205 
Tetrapisispora_blattae              1.6891956 2.0480003 1.5591641 1.6032511 0.0000000 1.7889801 1.5521465 1.6895571 1.7168120 1.6544933 1.6874261 2.0629072 1.7421603 1.8313071 1.7634971 1.7948620 1.5874911 1.6351073 1.6038313 1.7154316 1.3122442 
yHAB132_Kazachstania_martiniae      1.2918815 1.4752845 1.4644447 1.4784322 1.7889801 0.0000000 1.2161514 1.3247851 1.1449371 1.1683334 1.2553719 1.7939626 1.1625939 1.1687485 1.2754460 1.3991162 1.2169651 1.1783667 1.2606840 1.2527756 1.7539846 
yHAB133_Kazachstania_unispora       1.4052424 1.3890491 1.4212597 1.5130327 1.5521465 1.2161514 0.0000000 1.4219609 0.9384583 0.4374513 1.0356623 1.7959389 1.2884100 1.0746899 1.3351309 1.3043497 0.3321299 1.2889824 0.3415142 1.0177994 1.8134658 
yHAB134_Kazachstania_turicensis     1.3424741 1.7667421 1.4903681 1.5348689 1.6895571 1.3247851 1.4219609 0.0000000 1.3451496 1.4587966 1.4367293 1.8369399 1.1350439 1.4911539 1.2132849 1.3870636 1.4867545 0.9795566 1.5056706 1.4978271 1.7512474 
yHAB136_Kazachstania_bromeliacearum 1.3827344 1.4251876 1.4352688 1.5393644 1.7168120 1.1449371 0.9384583 1.3451496 0.0000000 1.0614475 1.0614117 1.7137575 1.2241768 1.0990326 1.3817999 1.3934761 0.9985324 1.1974184 0.9866637 1.0466393 1.8169215 
yHAB143_Kazachstania_siamensis      1.3973476 1.3756837 1.4095730 1.4874712 1.6544933 1.1683334 0.4374513 1.4587966 1.0614475 0.0000000 1.0547552 1.8587857 1.2927234 1.0900228 1.3386889 1.3912988 0.4772813 1.3142584 0.5172469 1.0724106 1.8733659 
yHAB147_Kazachstania_taianensis     1.4538488 1.3604739 1.5191906 1.5458067 1.6874261 1.2553719 1.0356623 1.4367293 1.0614117 1.0547552 0.0000000 1.8350644 1.3079779 1.1907387 1.4952885 1.4299850 1.0163180 1.4165203 1.0038718 1.1156116 1.9258890 
yHAB148_Kazachstania_intestinalis   1.7052276 2.0659487 2.0065393 1.9873392 2.0629072 1.7939626 1.7959389 1.8369399 1.7137575 1.8587857 1.8350644 0.0000000 1.8714943 1.8343901 1.9626438 1.9105961 1.7869489 1.7669003 1.8240463 1.8023285 2.1096832 
yHAB153_Kazachstania_rosinii        1.2561919 1.5882562 1.3840163 1.4359330 1.7421603 1.1625939 1.2884100 1.1350439 1.2241768 1.2927234 1.3079779 1.8714943 0.0000000 1.2281312 0.9939261 1.2705015 1.2799947 0.9052193 1.3015859 1.2758725 1.8264447 
yHAB154_Kazachstania_transvaalensis 1.4099756 1.5034782 1.5538442 1.5886716 1.8313071 1.1687485 1.0746899 1.4911539 1.0990326 1.0900228 1.1907387 1.8343901 1.2281312 0.0000000 1.4177054 1.4330304 1.0824369 1.3450221 1.1015692 0.4743554 1.9503203 
yHAB155_Kazachstania_spencerorum    1.3301031 1.7038226 1.6249369 1.5623281 1.7634971 1.2754460 1.3351309 1.2132849 1.3817999 1.3386889 1.4952885 1.9626438 0.9939261 1.4177054 0.0000000 1.3317953 1.3484830 1.0053272 1.3728342 1.3449413 1.8877936 
yHAB158_Kazachstania_viticola       1.3564708 1.6070055 1.5754735 1.5243215 1.7948620 1.3991162 1.3043497 1.3870636 1.3934761 1.3912988 1.4299850 1.9105961 1.2705015 1.4330304 1.3317953 0.0000000 1.4098268 1.3310279 1.4032448 1.3946254 1.9023400 
yHAB159_Kazachstania_solicola       1.3715958 1.4151632 1.3955362 1.4890983 1.5874911 1.2169651 0.3321299 1.4867545 0.9985324 0.4772813 1.0163180 1.7869489 1.2799947 1.0824369 1.3484830 1.4098268 0.0000000 1.3425701 0.1152347 1.1345168 1.8360425 
yHAB160_Kazachstania_kunashirensis  1.2829381 1.6791595 1.4054589 1.3781984 1.6351073 1.1783667 1.2889824 0.9795566 1.1974184 1.3142584 1.4165203 1.7669003 0.9052193 1.3450221 1.0053272 1.3310279 1.3425701 0.0000000 1.3525218 1.3187159 1.8179263 
yHAB164_Kazachstania_aerobia        1.4219253 1.4470030 1.4014656 1.4888918 1.6038313 1.2606840 0.3415142 1.5056706 0.9866637 0.5172469 1.0038718 1.8240463 1.3015859 1.1015692 1.3728342 1.4032448 0.1152347 1.3525218 0.0000000 1.1545161 1.8657117 
yHAB166_Kazachstania_yakushimaensis 1.3695188 1.4642989 1.5086422 1.5222489 1.7154316 1.2527756 1.0177994 1.4978271 1.0466393 1.0724106 1.1156116 1.8023285 1.2758725 0.4743554 1.3449413 1.3946254 1.1345168 1.3187159 1.1545161 0.0000000 1.8591192 
yHMPu5000035629_Yueomyces_sinensis  1.7377338 2.1922346 1.5673262 1.7192205 1.3122442 1.7539846 1.8134658 1.7512474 1.8169215 1.8733659 1.9258890 2.1096832 1.8264447 1.9503203 1.8877936 1.9023400 1.8360425 1.8179263 1.8657117 1.8591192 0.0000000 
