21
Kazachstania_africana               0.0000000 1.2021593 0.7624460 0.7319136 1.5682968 0.7007448 0.7515552 0.7067153 0.7033176 0.7728358 1.0574801 0.9821017 0.7324398 0.8698064 0.8944294 0.6717396 0.8212796 0.6480496 0.7783809 0.8189200 1.1953954 
Kazachstania_naganishii             1.2021593 0.0000000 1.0646628 1.1488562 1.6906918 0.9960416 0.9866717 1.1990763 0.8881521 0.9593743 0.6048889 0.8158486 1.0671542 0.9531416 1.1187741 1.1674674 1.0430593 1.1985131 1.1156369 0.9551499 1.7396396 
Naumovozyma_castellii               0.7624460 1.0646628 0.0000000 0.3956341 1.1156715 0.7262955 0.7856691 0.7514080 0.6039891 0.7385053 1.0775878 0.8207599 0.7805215 0.7823537 0.7996269 0.7383905 0.8028210 0.7912611 0.7984877 0.8067033 1.0116487 
Naumovozyma_dairenensis             0.7319136 1.1488562 0.3956341 0.0000000 1.2183225 0.6946289 0.7303199 0.6759228 0.6488406 0.7941443 1.1123724 0.9354265 0.7236948 0.6993475 0.6825623 0.6971600 0.7149873 0.7318304 0.7320268 0.7200546 0.9210019 
Tetrapisispora_blattae              1.5682968 1.6906918 1.1156715 1.2183225 0.0000000 1.2015010 1.3436335 1.3132122 1.3211456 1.3614398 1.7642899 1.5569018 1.3723146 1.4705166 1.4035999 1.5596931 1.4258565 1.3392096 1.4092258 1.3695382 1.0477472 
yHAB132_Kazachstania_martiniae      0.7007448 0.9960416 0.7262955 0.6946289 1.2015010 0.0000000 0.4850985 0.6176995 0.5221035 0.4983418 0.8856451 0.8021448 0.7341036 0.6544173 0.7657272 0.7680932 0.6695287 0.6179184 0.6258374 0.5884072 1.0027066 
yHAB133_Kazachstania_unispora       0.7515552 0.9866717 0.7856691 0.7303199 1.3436335 0.4850985 0.0000000 0.8078286 0.5568399 0.2092240 0.9491227 0.9706399 0.8625113 0.6271177 0.7342281 0.9282030 0.2695121 0.8118800 0.2314121 0.4835458 1.1983719 
yHAB134_Kazachstania_turicensis     0.7067153 1.1990763 0.7514080 0.6759228 1.3132122 0.6176995 0.8078286 0.0000000 0.6501317 0.7650508 1.2615268 0.9865841 0.7185904 0.7288293 0.6050005 0.7323047 0.8708224 0.3681070 0.8843801 0.7193715 0.9921755 
yHAB136_Kazachstania_bromeliacearum 0.7033176 0.8881521 0.6039891 0.6488406 1.3211456 0.5221035 0.5568399 0.6501317 0.0000000 0.5249693 0.9854400 0.8027958 0.7249927 0.5603050 0.7708157 0.7675818 0.6191827 0.6397428 0.6334878 0.5353941 1.0977009 
yHAB143_Kazachstania_siamensis      0.7728358 0.9593743 0.7385053 0.7941443 1.3614398 0.4983418 0.2092240 0.7650508 0.5249693 0.0000000 0.9100304 0.8681991 0.8139679 0.6052051 0.7818865 0.8132350 0.2956739 0.7862894 0.2899937 0.5072524 1.0721792 
yHAB147_Kazachstania_taianensis     1.0574801 0.6048889 1.0775878 1.1123724 1.7642899 0.8856451 0.9491227 1.2615268 0.9854400 0.9100304 0.0000000 0.9222482 1.0218728 0.9095370 1.0526774 1.1128732 0.9233300 1.1396724 1.0325218 0.8659634 1.7729342 
yHAB148_Kazachstania_intestinalis   0.9821017 0.8158486 0.8207599 0.9354265 1.5569018 0.8021448 0.9706399 0.9865841 0.8027958 0.8681991 0.9222482 0.0000000 1.0164827 0.8024546 0.9268093 0.8828681 0.8674053 1.0196528 0.8782690 0.8084662 1.3802777 
yHAB153_Kazachstania_rosinii        0.7324398 1.0671542 0.7805215 0.7236948 1.3723146 0.7341036 0.8625113 0.7185904 0.7249927 0.8139679 1.0218728 1.0164827 0.0000000 0.8254802 0.7139436 0.7281158 0.8456431 0.6105508 0.8695239 0.8014797 1.2472517 
yHAB154_Kazachstania_transvaalensis 0.8698064 0.9531416 0.7823537 0.6993475 1.4705166 0.6544173 0.6271177 0.7288293 0.5603050 0.6052051 0.9095370 0.8024546 0.8254802 0.0000000 0.8322525 0.8681385 0.7088502 0.7964503 0.6957917 0.2660142 1.1601135 
yHAB155_Kazachstania_spencerorum    0.8944294 1.1187741 0.7996269 0.6825623 1.4035999 0.7657272 0.7342281 0.6050005 0.7708157 0.7818865 1.0526774 0.9268093 0.7139436 0.8322525 0.0000000 0.7816761 0.8594280 0.6953826 0.8306507 0.8260765 1.1399013 
yHAB158_Kazachstania_viticola       0.6717396 1.1674674 0.7383905 0.6971600 1.5596931 0.7680932 0.9282030 0.7323047 0.7675818 0.8132350 1.1128732 0.8828681 0.7281158 0.8681385 0.7816761 0.0000000 0.8867582 0.6821977 0.9208782 0.8767308 1.0030845 
yHAB159_Kazachstania_solicola       0.8212796 1.0430593 0.8028210 0.7149873 1.4258565 0.6695287 0.2695121 0.8708224 0.6191827 0.2956739 0.9233300 0.8674053 0.8456431 0.7088502 0.8594280 0.8867582 0.0000000 0.9544936 0.1391824 0.6422094 1.1906118 
yHAB160_Kazachstania_kunashirensis  0.6480496 1.1985131 0.7912611 0.7318304 1.3392096 0.6179184 0.8118800 0.3681070 0.6397428 0.7862894 1.1396724 1.0196528 0.6105508 0.7964503 0.6953826 0.6821977 0.9544936 0.0000000 0.9134164 0.8083981 1.1637602 
yHAB164_Kazachstania_aerobia        0.7783809 1.1156369 0.7984877 0.7320268 1.4092258 0.6258374 0.2314121 0.8843801 0.6334878 0.2899937 1.0325218 0.8782690 0.8695239 0.6957917 0.8306507 0.9208782 0.1391824 0.9134164 0.0000000 0.5943643 1.1627589 
yHAB166_Kazachstania_yakushimaensis 0.8189200 0.9551499 0.8067033 0.7200546 1.3695382 0.5884072 0.4835458 0.7193715 0.5353941 0.5072524 0.8659634 0.8084662 0.8014797 0.2660142 0.8260765 0.8767308 0.6422094 0.8083981 0.5943643 0.0000000 1.1684528 
yHMPu5000035629_Yueomyces_sinensis  1.1953954 1.7396396 1.0116487 0.9210019 1.0477472 1.0027066 1.1983719 0.9921755 1.0977009 1.0721792 1.7729342 1.3802777 1.2472517 1.1601135 1.1399013 1.0030845 1.1906118 1.1637602 1.1627589 1.1684528 0.0000000 
