21
Kazachstania_africana               0.0000000 3.2829685 3.2765752 3.8307579 5.9917251 2.7709143 2.8843968 3.4264638 3.2085144 3.1105947 2.8835191 3.6138171 2.8335206 3.4203677 2.9427010 3.8491572 3.0267243 2.7628909 3.0129363 3.7416284 5.2775842 
Kazachstania_naganishii             3.2829685 0.0000000 3.6254475 3.8453213 6.0048175 2.7124384 2.7304751 2.8350774 2.5270338 3.0545163 2.3038004 2.8191811 2.6827989 2.9528153 2.5717114 3.8079068 2.7695927 2.8443813 2.9095760 2.8818687 6.1552664 
Naumovozyma_castellii               3.2765752 3.6254475 0.0000000 2.6096801 5.2162530 3.2512800 3.7282968 3.3108210 3.2337374 3.6808383 3.4179227 3.5230042 2.9237827 3.1293649 2.9852354 3.0860750 3.8395064 3.0274446 4.0807240 3.2569893 5.6562717 
Naumovozyma_dairenensis             3.8307579 3.8453213 2.6096801 0.0000000 4.9615337 3.0278207 3.7107942 3.7080378 3.2795418 3.2910015 3.5333728 3.7860249 3.4559607 3.6084094 3.0797437 3.6162970 3.7125107 3.6295025 3.5773187 3.6748469 6.0281935 
Tetrapisispora_blattae              5.9917251 6.0048175 5.2162530 4.9615337 0.0000000 4.0956350 5.4284257 4.6508155 5.4706150 5.7406035 6.0172690 5.1735104 4.6500189 4.9154704 4.3000540 4.6763615 5.5224526 4.7709514 5.6005854 5.1270712 3.2614897 
yHAB132_Kazachstania_martiniae      2.7709143 2.7124384 3.2512800 3.0278207 4.0956350 0.0000000 2.8646386 2.3326583 2.4292239 2.9424629 2.6917866 2.6174498 2.1318757 2.4712529 2.0753978 3.3560441 2.9047964 2.1427001 2.8635481 2.8061819 4.4733919 
yHAB133_Kazachstania_unispora       2.8843968 2.7304751 3.7282968 3.7107942 5.4284257 2.8646386 0.0000000 2.9265948 2.3634585 0.7820888 2.5202039 3.0804137 3.5011849 2.1646627 2.5672349 3.8273099 0.6018032 2.7375967 0.5583905 2.3501110 5.0877266 
yHAB134_Kazachstania_turicensis     3.4264638 2.8350774 3.3108210 3.7080378 4.6508155 2.3326583 2.9265948 0.0000000 2.4515031 3.0714565 2.4702973 2.9537261 2.2399656 2.2188348 1.9526706 3.3779916 3.0938958 1.3522331 3.0931618 2.5067132 5.0169963 
yHAB136_Kazachstania_bromeliacearum 3.2085144 2.5270338 3.2337374 3.2795418 5.4706150 2.4292239 2.3634585 2.4515031 0.0000000 2.4976912 2.2109970 2.9109696 2.8280305 2.2517847 2.4402445 4.0293708 2.7099431 2.4269160 2.7250775 2.3618346 5.3645367 
yHAB143_Kazachstania_siamensis      3.1105947 3.0545163 3.6808383 3.2910015 5.7406035 2.9424629 0.7820888 3.0714565 2.4976912 0.0000000 2.4448970 3.3629280 3.4014033 1.9968568 2.9358643 4.1214278 0.9671577 2.9237003 0.8460619 2.3315029 5.4264888 
yHAB147_Kazachstania_taianensis     2.8835191 2.3038004 3.4179227 3.5333728 6.0172690 2.6917866 2.5202039 2.4702973 2.2109970 2.4448970 0.0000000 3.0754486 2.5582271 2.3357836 2.7311902 4.2165355 2.6346880 2.3292957 2.8027451 2.7388577 5.6904889 
yHAB148_Kazachstania_intestinalis   3.6138171 2.8191811 3.5230042 3.7860249 5.1735104 2.6174498 3.0804137 2.9537261 2.9109696 3.3629280 3.0754486 0.0000000 3.0111855 3.0935472 2.8830624 3.8343159 2.9580182 2.8270286 3.1603340 3.3398014 6.1296455 
yHAB153_Kazachstania_rosinii        2.8335206 2.6827989 2.9237827 3.4559607 4.6500189 2.1318757 3.5011849 2.2399656 2.8280305 3.4014033 2.5582271 3.0111855 0.0000000 2.7382084 1.7435664 3.1051697 3.5483612 1.8498894 3.5748888 2.8172972 4.6096899 
yHAB154_Kazachstania_transvaalensis 3.4203677 2.9528153 3.1293649 3.6084094 4.9154704 2.4712529 2.1646627 2.2188348 2.2517847 1.9968568 2.3357836 3.0935472 2.7382084 0.0000000 2.0780877 3.0394224 2.3273534 2.3901733 2.4407922 0.5237631 5.4220967 
yHAB155_Kazachstania_spencerorum    2.9427010 2.5717114 2.9852354 3.0797437 4.3000540 2.0753978 2.5672349 1.9526706 2.4402445 2.9358643 2.7311902 2.8830624 1.7435664 2.0780877 0.0000000 3.1177073 2.7028334 1.4458929 2.6209666 2.4438471 4.7231250 
yHAB158_Kazachstania_viticola       3.8491572 3.8079068 3.0860750 3.6162970 4.6763615 3.3560441 3.8273099 3.3779916 4.0293708 4.1214278 4.2165355 3.8343159 3.1051697 3.0394224 3.1177073 0.0000000 4.0061399 2.9611316 3.9092430 3.5660138 4.9757323 
yHAB159_Kazachstania_solicola       3.0267243 2.7695927 3.8395064 3.7125107 5.5224526 2.9047964 0.6018032 3.0938958 2.7099431 0.9671577 2.6346880 2.9580182 3.5483612 2.3273534 2.7028334 4.0061399 0.0000000 2.8986411 0.2491683 2.3821310 5.6698090 
yHAB160_Kazachstania_kunashirensis  2.7628909 2.8443813 3.0274446 3.6295025 4.7709514 2.1427001 2.7375967 1.3522331 2.4269160 2.9237003 2.3292957 2.8270286 1.8498894 2.3901733 1.4458929 2.9611316 2.8986411 0.0000000 3.0913278 2.4973356 4.9816713 
yHAB164_Kazachstania_aerobia        3.0129363 2.9095760 4.0807240 3.5773187 5.6005854 2.8635481 0.5583905 3.0931618 2.7250775 0.8460619 2.8027451 3.1603340 3.5748888 2.4407922 2.6209666 3.9092430 0.2491683 3.0913278 0.0000000 2.6018287 5.1832577 
yHAB166_Kazachstania_yakushimaensis 3.7416284 2.8818687 3.2569893 3.6748469 5.1270712 2.8061819 2.3501110 2.5067132 2.3618346 2.3315029 2.7388577 3.3398014 2.8172972 0.5237631 2.4438471 3.5660138 2.3821310 2.4973356 2.6018287 0.0000000 5.5288691 
yHMPu5000035629_Yueomyces_sinensis  5.2775842 6.1552664 5.6562717 6.0281935 3.2614897 4.4733919 5.0877266 5.0169963 5.3645367 5.4264888 5.6904889 6.1296455 4.6096899 5.4220967 4.7231250 4.9757323 5.6698090 4.9816713 5.1832577 5.5288691 0.0000000 
