21
Kazachstania_africana               0.0000000 2.2856593 2.2936988 2.5950011 2.8836078 1.7893259 2.4800946 2.1616157 1.8613031 2.5204127 2.5096828 2.8799573 2.0797971 2.7177856 1.9657467 2.2196645 2.2913644 1.9162362 2.3668006 3.3248615 3.0457491 
Kazachstania_naganishii             2.2856593 0.0000000 2.5019145 2.5134350 3.5099268 2.2653321 2.5759789 2.5653260 1.6566812 2.3866277 2.4005239 2.8109634 2.5363281 2.5098913 2.5439599 2.6167383 2.3311576 2.4829559 2.3749703 2.9111026 3.4275181 
Naumovozyma_castellii               2.2936988 2.5019145 0.0000000 1.9200223 2.7272697 2.0874420 2.7341068 2.6877345 1.9010611 2.6436194 2.4038019 2.6348981 2.1730573 3.1146819 2.5098559 2.5690103 2.5177523 2.6465138 2.4233406 3.3119159 3.1563696 
Naumovozyma_dairenensis             2.5950011 2.5134350 1.9200223 0.0000000 2.6916719 2.1980786 2.8613480 2.6107677 2.0100966 2.4689863 2.9299592 2.6812334 2.2903572 2.8375450 2.2099720 2.1808208 2.5294338 2.4808007 2.4885577 3.2907499 2.9327442 
Tetrapisispora_blattae              2.8836078 3.5099268 2.7272697 2.6916719 0.0000000 2.7815073 3.3173437 3.2600301 3.1135223 3.7189808 3.8441346 3.1010001 2.7625522 3.8656926 2.9011621 2.7977099 3.3876301 2.9772877 3.5028450 4.7022702 2.5294241 
yHAB132_Kazachstania_martiniae      1.7893259 2.2653321 2.0874420 2.1980786 2.7815073 0.0000000 2.6698797 2.0564641 1.6772034 2.1930325 2.4162213 2.6771612 1.8179579 2.8497210 2.0451386 2.0088513 2.6232166 2.1793904 2.5693271 3.4460694 2.9737769 
yHAB133_Kazachstania_unispora       2.4800946 2.5759789 2.7341068 2.8613480 3.3173437 2.6698797 0.0000000 2.5759847 2.1166602 0.9964075 2.2970651 3.6424326 2.2748684 2.5070449 2.1164333 2.5767586 0.3833551 2.8062267 0.4239008 2.7788859 3.5902294 
yHAB134_Kazachstania_turicensis     2.1616157 2.5653260 2.6877345 2.6107677 3.2600301 2.0564641 2.5759847 0.0000000 2.0306677 2.5248373 3.1142640 3.1347818 2.1750795 2.8349532 2.0681515 2.5357475 2.6076240 1.5483985 2.5391098 3.1797340 2.6647463 
yHAB136_Kazachstania_bromeliacearum 1.8613031 1.6566812 1.9010611 2.0100966 3.1135223 1.6772034 2.1166602 2.0306677 0.0000000 1.8580869 1.8430615 2.2768262 1.7404414 2.5697101 1.8303860 1.7849164 2.0362753 1.7928986 2.0822999 2.9507642 2.9908750 
yHAB143_Kazachstania_siamensis      2.5204127 2.3866277 2.6436194 2.4689863 3.7189808 2.1930325 0.9964075 2.5248373 1.8580869 0.0000000 2.2145686 2.7336260 2.5206237 2.3260937 2.5388651 2.2181136 0.9600370 2.6349983 1.0097889 3.4207688 3.9279456 
yHAB147_Kazachstania_taianensis     2.5096828 2.4005239 2.4038019 2.9299592 3.8441346 2.4162213 2.2970651 3.1142640 1.8430615 2.2145686 0.0000000 2.4950711 2.3648478 2.9575532 2.2538119 2.6031141 2.2462201 2.7970644 2.0302711 3.2439933 3.9628991 
yHAB148_Kazachstania_intestinalis   2.8799573 2.8109634 2.6348981 2.6812334 3.1010001 2.6771612 3.6424326 3.1347818 2.2768262 2.7336260 2.4950711 0.0000000 2.7879506 3.5621868 2.6299892 2.5278528 3.2858175 3.1842462 3.1469613 3.6760193 3.9280655 
yHAB153_Kazachstania_rosinii        2.0797971 2.5363281 2.1730573 2.2903572 2.7625522 1.8179579 2.2748684 2.1750795 1.7404414 2.5206237 2.3648478 2.7879506 0.0000000 2.7676235 1.4686324 2.0301772 2.4621009 1.9187083 2.2973372 3.0854555 3.0256537 
yHAB154_Kazachstania_transvaalensis 2.7177856 2.5098913 3.1146819 2.8375450 3.8656926 2.8497210 2.5070449 2.8349532 2.5697101 2.3260937 2.9575532 3.5621868 2.7676235 0.0000000 3.0069027 3.0184120 2.5240283 2.7652533 2.3024394 1.1314394 3.6087065 
yHAB155_Kazachstania_spencerorum    1.9657467 2.5439599 2.5098559 2.2099720 2.9011621 2.0451386 2.1164333 2.0681515 1.8303860 2.5388651 2.2538119 2.6299892 1.4686324 3.0069027 0.0000000 1.9941857 2.1146740 1.8845524 2.1195984 3.1925489 3.2596389 
yHAB158_Kazachstania_viticola       2.2196645 2.6167383 2.5690103 2.1808208 2.7977099 2.0088513 2.5767586 2.5357475 1.7849164 2.2181136 2.6031141 2.5278528 2.0301772 3.0184120 1.9941857 0.0000000 2.3578699 2.0857456 2.4917927 3.7336773 3.4308741 
yHAB159_Kazachstania_solicola       2.2913644 2.3311576 2.5177523 2.5294338 3.3876301 2.6232166 0.3833551 2.6076240 2.0362753 0.9600370 2.2462201 3.2858175 2.4621009 2.5240283 2.1146740 2.3578699 0.0000000 2.6581963 0.1509821 2.6707521 3.4981301 
yHAB160_Kazachstania_kunashirensis  1.9162362 2.4829559 2.6465138 2.4808007 2.9772877 2.1793904 2.8062267 1.5483985 1.7928986 2.6349983 2.7970644 3.1842462 1.9187083 2.7652533 1.8845524 2.0857456 2.6581963 0.0000000 2.7794024 2.7005828 2.5034584 
yHAB164_Kazachstania_aerobia        2.3668006 2.3749703 2.4233406 2.4885577 3.5028450 2.5693271 0.4239008 2.5391098 2.0822999 1.0097889 2.0302711 3.1469613 2.2973372 2.3024394 2.1195984 2.4917927 0.1509821 2.7794024 0.0000000 2.4193014 3.6968494 
yHAB166_Kazachstania_yakushimaensis 3.3248615 2.9111026 3.3119159 3.2907499 4.7022702 3.4460694 2.7788859 3.1797340 2.9507642 3.4207688 3.2439933 3.6760193 3.0854555 1.1314394 3.1925489 3.7336773 2.6707521 2.7005828 2.4193014 0.0000000 4.3769984 
yHMPu5000035629_Yueomyces_sinensis  3.0457491 3.4275181 3.1563696 2.9327442 2.5294241 2.9737769 3.5902294 2.6647463 2.9908750 3.9279456 3.9628991 3.9280655 3.0256537 3.6087065 3.2596389 3.4308741 3.4981301 2.5034584 3.6968494 4.3769984 0.0000000 
