21
Kazachstania_africana               0.0000000 1.3830426 0.9582350 0.9237431 1.4001424 0.6660804 0.9675210 0.7693802 0.9301400 0.8944635 1.3184280 0.9929880 0.7844660 1.5002333 0.9843081 1.8237411 0.9056693 0.7672659 0.8544207 1.7793539 3.1468784 
Kazachstania_naganishii             1.3830426 0.0000000 1.4790658 1.5694357 2.3767376 1.5977979 1.6185632 1.5658894 1.3765446 1.4178260 0.9701401 1.3558486 1.2023867 2.2769489 1.7049501 2.7585100 1.4570145 1.5517766 1.4924791 2.2341420 3.9837625 
Naumovozyma_castellii               0.9582350 1.4790658 0.0000000 0.4674319 1.0916827 0.6466845 0.5276744 0.7380689 0.6679356 0.5509542 1.2691102 1.1342139 0.8802039 1.5378932 0.6980108 1.7492797 0.6021654 0.7262446 0.5983250 1.6066352 2.3394603 
Naumovozyma_dairenensis             0.9237431 1.5694357 0.4674319 0.0000000 1.0426151 0.6615858 0.6480279 0.7082728 0.7303693 0.6779176 1.2987443 1.2832267 0.9710027 1.5632165 0.8462786 1.6288597 0.6718273 0.7236615 0.6454196 1.7113737 2.5286474 
Tetrapisispora_blattae              1.4001424 2.3767376 1.0916827 1.0426151 0.0000000 1.0751122 1.0306933 1.1409081 1.1744359 1.1077183 2.0998365 1.6432552 1.2991286 1.6647389 1.0989426 1.6156432 1.1291060 1.2264021 1.1170570 1.8480520 1.8285527 
yHAB132_Kazachstania_martiniae      0.6660804 1.5977979 0.6466845 0.6615858 1.0751122 0.0000000 0.5767790 0.5600905 0.6980075 0.6441341 1.3697690 1.1010856 0.7245965 1.4869549 0.6395583 1.4498115 0.6632563 0.4800157 0.6471637 1.5357043 2.4758127 
yHAB133_Kazachstania_unispora       0.9675210 1.6185632 0.5276744 0.6480279 1.0306933 0.5767790 0.0000000 0.7492370 0.4616461 0.2457010 1.3802547 1.2355967 0.9875417 1.1731202 0.7018066 1.5231008 0.1905737 0.7229600 0.1815346 1.2262284 2.5017998 
yHAB134_Kazachstania_turicensis     0.7693802 1.5658894 0.7380689 0.7082728 1.1409081 0.5600905 0.7492370 0.0000000 0.7307993 0.7963348 1.4818198 1.1556723 0.6840329 1.6177239 0.6150444 1.6508896 0.7852423 0.4602543 0.7765895 1.5728080 2.4542971 
yHAB136_Kazachstania_bromeliacearum 0.9301400 1.3765446 0.6679356 0.7303693 1.1744359 0.6980075 0.4616461 0.7307993 0.0000000 0.4667022 1.2125598 1.2585337 0.8907000 1.4501787 0.7547193 1.8460135 0.4885906 0.7518010 0.5100123 1.5114470 2.2697998 
yHAB143_Kazachstania_siamensis      0.8944635 1.4178260 0.5509542 0.6779176 1.1077183 0.6441341 0.2457010 0.7963348 0.4667022 0.0000000 1.2333175 1.1957057 0.8522461 1.1410743 0.7841253 1.7730404 0.2274347 0.7286756 0.2336540 1.4021383 2.7235011 
yHAB147_Kazachstania_taianensis     1.3184280 0.9701401 1.2691102 1.2987443 2.0998365 1.3697690 1.3802547 1.4818198 1.2125598 1.2333175 0.0000000 1.0261488 1.0377691 1.9795185 1.4602831 2.6797312 1.3183254 1.5540081 1.3234212 1.9749189 3.6266165 
yHAB148_Kazachstania_intestinalis   0.9929880 1.3558486 1.1342139 1.2832267 1.6432552 1.1010856 1.2355967 1.1556723 1.2585337 1.1957057 1.0261488 0.0000000 0.8085333 2.0576416 1.0656504 2.1145531 1.2575475 1.0608878 1.2325988 2.0621428 2.9395256 
yHAB153_Kazachstania_rosinii        0.7844660 1.2023867 0.8802039 0.9710027 1.2991286 0.7245965 0.9875417 0.6840329 0.8907000 0.8522461 1.0377691 0.8085333 0.0000000 1.5978882 0.7559353 1.8992069 0.9960340 0.6384384 0.9981473 1.6795395 2.5754686 
yHAB154_Kazachstania_transvaalensis 1.5002333 2.2769489 1.5378932 1.5632165 1.6647389 1.4869549 1.1731202 1.6177239 1.4501787 1.1410743 1.9795185 2.0576416 1.5978882 0.0000000 1.6128906 2.9480856 1.1824192 1.4499594 1.1789527 0.4757618 2.9506491 
yHAB155_Kazachstania_spencerorum    0.9843081 1.7049501 0.6980108 0.8462786 1.0989426 0.6395583 0.7018066 0.6150444 0.7547193 0.7841253 1.4602831 1.0656504 0.7559353 1.6128906 0.0000000 1.7065636 0.7988215 0.5404421 0.7950728 1.8010051 2.3155015 
yHAB158_Kazachstania_viticola       1.8237411 2.7585100 1.7492797 1.6288597 1.6156432 1.4498115 1.5231008 1.6508896 1.8460135 1.7730404 2.6797312 2.1145531 1.8992069 2.9480856 1.7065636 0.0000000 1.5951377 1.6269587 1.5151661 2.8335560 2.9633140 
yHAB159_Kazachstania_solicola       0.9056693 1.4570145 0.6021654 0.6718273 1.1291060 0.6632563 0.1905737 0.7852423 0.4885906 0.2274347 1.3183254 1.2575475 0.9960340 1.1824192 0.7988215 1.5951377 0.0000000 0.7761499 0.0671493 1.3047999 2.4876109 
yHAB160_Kazachstania_kunashirensis  0.7672659 1.5517766 0.7262446 0.7236615 1.2264021 0.4800157 0.7229600 0.4602543 0.7518010 0.7286756 1.5540081 1.0608878 0.6384384 1.4499594 0.5404421 1.6269587 0.7761499 0.0000000 0.7195686 1.8441717 2.2312350 
yHAB164_Kazachstania_aerobia        0.8544207 1.4924791 0.5983250 0.6454196 1.1170570 0.6471637 0.1815346 0.7765895 0.5100123 0.2336540 1.3234212 1.2325988 0.9981473 1.1789527 0.7950728 1.5151661 0.0671493 0.7195686 0.0000000 1.3657096 2.4469854 
yHAB166_Kazachstania_yakushimaensis 1.7793539 2.2341420 1.6066352 1.7113737 1.8480520 1.5357043 1.2262284 1.5728080 1.5114470 1.4021383 1.9749189 2.0621428 1.6795395 0.4757618 1.8010051 2.8335560 1.3047999 1.8441717 1.3657096 0.0000000 3.4842540 
yHMPu5000035629_Yueomyces_sinensis  3.1468784 3.9837625 2.3394603 2.5286474 1.8285527 2.4758127 2.5017998 2.4542971 2.2697998 2.7235011 3.6266165 2.9395256 2.5754686 2.9506491 2.3155015 2.9633140 2.4876109 2.2312350 2.4469854 3.4842540 0.0000000 
