21
Kazachstania_africana               0.0000000 1.4504486 1.6579825 1.5408445 1.6391426 1.3672757 1.4860915 1.3913036 1.2706046 1.3191611 1.6230228 1.6931467 1.2712950 1.6929697 1.5266097 1.3889483 1.5904524 1.3349661 1.5294535 1.6790122 1.7166316 
Kazachstania_naganishii             1.4504486 0.0000000 1.6497836 1.7272734 1.8813387 1.3671438 1.1226094 1.6913475 1.0067525 1.0860591 1.0500452 1.3932458 1.5329661 1.6043093 1.6039330 1.3640090 1.1886714 1.5043184 1.1643904 1.5820562 2.1487327 
Naumovozyma_castellii               1.6579825 1.6497836 0.0000000 0.9461238 1.4671194 1.3790212 1.3117097 1.9123840 1.4595953 1.3392531 1.7165318 1.8764854 1.5679859 1.9378842 1.8884211 1.5086641 1.3748989 1.6660178 1.4148142 1.9563978 1.6615202 
Naumovozyma_dairenensis             1.5408445 1.7272734 0.9461238 0.0000000 1.4012188 1.5620297 1.4239066 1.5628628 1.4056698 1.5087866 1.8603665 1.9476682 1.6285042 1.7719558 1.7843439 1.5309754 1.6087818 1.7040829 1.5676404 1.7695529 1.6138503 
Tetrapisispora_blattae              1.6391426 1.8813387 1.4671194 1.4012188 0.0000000 1.7290765 1.6211509 1.6244981 1.5547196 1.7355317 2.0303186 2.0782405 1.7122748 1.8984124 1.9566634 1.5974176 1.7427784 1.8792991 1.7506639 1.8266213 1.0975705 
yHAB132_Kazachstania_martiniae      1.3672757 1.3671438 1.3790212 1.5620297 1.7290765 0.0000000 1.1384601 1.5068195 1.0318397 1.2836161 1.6097027 1.4993737 1.2949539 1.4895966 1.3666098 1.3919797 1.3062624 1.4253600 1.2425745 1.5374708 1.6115261 
yHAB133_Kazachstania_unispora       1.4860915 1.1226094 1.3117097 1.4239066 1.6211509 1.1384601 0.0000000 1.4580613 0.8732137 0.4676817 1.3422687 1.4486776 1.3416322 1.2232297 1.5515362 1.2522170 0.4200817 1.5130307 0.3717860 1.1751254 1.4268499 
yHAB134_Kazachstania_turicensis     1.3913036 1.6913475 1.9123840 1.5628628 1.6244981 1.5068195 1.4580613 0.0000000 1.4713210 1.5647941 2.1086689 2.0393521 1.2737870 1.9122077 1.5013394 1.4643127 1.5648192 1.0834936 1.5834618 1.8249241 1.7477657 
yHAB136_Kazachstania_bromeliacearum 1.2706046 1.0067525 1.4595953 1.4056698 1.5547196 1.0318397 0.8732137 1.4713210 0.0000000 0.9307823 1.3492737 1.4539228 1.1529352 1.3585998 1.3657094 1.2617589 0.9115984 1.4065863 0.9457684 1.2507001 1.6883955 
yHAB143_Kazachstania_siamensis      1.3191611 1.0860591 1.3392531 1.5087866 1.7355317 1.2836161 0.4676817 1.5647941 0.9307823 0.0000000 1.3280125 1.4698457 1.3542541 1.3505353 1.5580844 1.2576280 0.6052389 1.4278129 0.5963593 1.1435304 1.4647978 
yHAB147_Kazachstania_taianensis     1.6230228 1.0500452 1.7165318 1.8603665 2.0303186 1.6097027 1.3422687 2.1086689 1.3492737 1.3280125 0.0000000 1.4997692 1.5381985 1.7090213 1.8040269 1.6931554 1.2447179 1.8259596 1.3109843 1.7827311 2.3699628 
yHAB148_Kazachstania_intestinalis   1.6931467 1.3932458 1.8764854 1.9476682 2.0782405 1.4993737 1.4486776 2.0393521 1.4539228 1.4698457 1.4997692 0.0000000 1.7686559 1.6313184 1.9143793 1.7321560 1.5549665 1.8283600 1.4994211 1.6976414 2.1086459 
yHAB153_Kazachstania_rosinii        1.2712950 1.5329661 1.5679859 1.6285042 1.7122748 1.2949539 1.3416322 1.2737870 1.1529352 1.3542541 1.5381985 1.7686559 0.0000000 1.7374976 1.2742531 1.5316448 1.2669622 1.1086665 1.3113800 1.6892738 1.7908830 
yHAB154_Kazachstania_transvaalensis 1.6929697 1.6043093 1.9378842 1.7719558 1.8984124 1.4895966 1.2232297 1.9122077 1.3585998 1.3505353 1.7090213 1.6313184 1.7374976 0.0000000 1.8125501 1.8481581 1.3524016 1.7512143 1.3920346 0.4382103 1.8016413 
yHAB155_Kazachstania_spencerorum    1.5266097 1.6039330 1.8884211 1.7843439 1.9566634 1.3666098 1.5515362 1.5013394 1.3657094 1.5580844 1.8040269 1.9143793 1.2742531 1.8125501 0.0000000 1.7176871 1.5355030 1.4344329 1.5324402 1.7684013 1.8730420 
yHAB158_Kazachstania_viticola       1.3889483 1.3640090 1.5086641 1.5309754 1.5974176 1.3919797 1.2522170 1.4643127 1.2617589 1.2576280 1.6931554 1.7321560 1.5316448 1.8481581 1.7176871 0.0000000 1.3165825 1.5040264 1.3346863 1.7889898 1.8432052 
yHAB159_Kazachstania_solicola       1.5904524 1.1886714 1.3748989 1.6087818 1.7427784 1.3062624 0.4200817 1.5648192 0.9115984 0.6052389 1.2447179 1.5549665 1.2669622 1.3524016 1.5355030 1.3165825 0.0000000 1.5497809 0.1040359 1.2424348 1.5952867 
yHAB160_Kazachstania_kunashirensis  1.3349661 1.5043184 1.6660178 1.7040829 1.8792991 1.4253600 1.5130307 1.0834936 1.4065863 1.4278129 1.8259596 1.8283600 1.1086665 1.7512143 1.4344329 1.5040264 1.5497809 0.0000000 1.5096292 1.7238850 1.8732613 
yHAB164_Kazachstania_aerobia        1.5294535 1.1643904 1.4148142 1.5676404 1.7506639 1.2425745 0.3717860 1.5834618 0.9457684 0.5963593 1.3109843 1.4994211 1.3113800 1.3920346 1.5324402 1.3346863 0.1040359 1.5096292 0.0000000 1.2110711 1.4992831 
yHAB166_Kazachstania_yakushimaensis 1.6790122 1.5820562 1.9563978 1.7695529 1.8266213 1.5374708 1.1751254 1.8249241 1.2507001 1.1435304 1.7827311 1.6976414 1.6892738 0.4382103 1.7684013 1.7889898 1.2424348 1.7238850 1.2110711 0.0000000 1.6099028 
yHMPu5000035629_Yueomyces_sinensis  1.7166316 2.1487327 1.6615202 1.6138503 1.0975705 1.6115261 1.4268499 1.7477657 1.6883955 1.4647978 2.3699628 2.1086459 1.7908830 1.8016413 1.8730420 1.8432052 1.5952867 1.8732613 1.4992831 1.6099028 0.0000000 
