21
Kazachstania_africana               0.0000000 1.2639229 1.3339651 1.4551625 3.5204761 1.1141956 1.3404239 1.2019984 1.1873366 1.3942760 1.1864662 1.2431510 1.1116404 1.6803221 1.1091157 1.1367911 1.4025556 1.0794079 1.4007879 1.5851023 2.7241137 
Kazachstania_naganishii             1.2639229 0.0000000 1.2868941 1.3951682 3.0570458 1.1974677 1.3493599 1.2004199 1.4196107 1.2775285 1.0856223 1.2076619 1.1933600 2.2441188 1.3706627 1.4467183 1.4446946 1.2106874 1.4306869 2.0622709 3.0183761 
Naumovozyma_castellii               1.3339651 1.2868941 0.0000000 0.8031977 2.4730825 1.2800624 1.5833022 1.2352939 1.3593506 1.5445502 1.1591751 1.2647564 1.0068898 1.9793429 1.1176523 1.3763344 1.4846400 1.2244101 1.5811140 2.2110630 2.6384659 
Naumovozyma_dairenensis             1.4551625 1.3951682 0.8031977 0.0000000 3.0517923 1.4034359 1.5934030 1.3569849 1.8450547 1.4871423 1.3633472 1.5425147 1.0984678 2.5854910 1.2718359 1.4098613 1.5003311 1.3317031 1.5485866 2.2805387 2.9546613 
Tetrapisispora_blattae              3.5204761 3.0570458 2.4730825 3.0517923 0.0000000 2.6078187 3.0433281 3.2340986 2.4155795 2.8201349 3.0370842 2.5948884 3.2714245 2.8874873 3.0363911 2.5988399 3.3840362 3.1734304 3.1654916 2.9970067 2.4358190 
yHAB132_Kazachstania_martiniae      1.1141956 1.1974677 1.2800624 1.4034359 2.6078187 0.0000000 1.0707480 1.0410341 1.2407086 1.1966499 1.1541239 1.3123274 1.1342447 1.8609303 1.0759853 1.1861856 1.1130977 1.0199878 1.0790210 1.7284856 2.5634697 
yHAB133_Kazachstania_unispora       1.3404239 1.3493599 1.5833022 1.5934030 3.0433281 1.0707480 0.0000000 1.3066233 1.4277344 0.7010679 1.1816115 1.5983565 1.4738684 1.3459225 1.3935142 1.4406801 0.3509483 1.2625586 0.3110099 1.3110748 3.7261680 
yHAB134_Kazachstania_turicensis     1.2019984 1.2004199 1.2352939 1.3569849 3.2340986 1.0410341 1.3066233 0.0000000 1.4661336 1.3794140 1.1929262 1.3234355 0.8383280 1.9126217 0.9403853 1.3803823 1.2768532 0.5576402 1.2906187 1.9356731 2.9035001 
yHAB136_Kazachstania_bromeliacearum 1.1873366 1.4196107 1.3593506 1.8450547 2.4155795 1.2407086 1.4277344 1.4661336 0.0000000 1.4308854 1.1185033 1.2993516 1.3249376 1.8919832 1.2381701 1.2492126 1.3167447 1.3658874 1.4092059 1.6854971 2.5397757 
yHAB143_Kazachstania_siamensis      1.3942760 1.2775285 1.5445502 1.4871423 2.8201349 1.1966499 0.7010679 1.3794140 1.4308854 0.0000000 1.0407564 1.4346375 1.4846108 1.4487155 1.3385054 1.3925725 0.7335871 1.1530193 0.6605018 1.4285082 2.9222351 
yHAB147_Kazachstania_taianensis     1.1864662 1.0856223 1.1591751 1.3633472 3.0370842 1.1541239 1.1816115 1.1929262 1.1185033 1.0407564 0.0000000 1.2860849 1.0979275 1.4768058 1.0287473 1.1597122 1.1709712 1.0504362 1.1427742 1.5064369 3.2769826 
yHAB148_Kazachstania_intestinalis   1.2431510 1.2076619 1.2647564 1.5425147 2.5948884 1.3123274 1.5983565 1.3234355 1.2993516 1.4346375 1.2860849 0.0000000 1.3138798 1.6374379 1.0414081 1.3239889 1.4740059 1.2351087 1.4876399 1.6186650 3.0417453 
yHAB153_Kazachstania_rosinii        1.1116404 1.1933600 1.0068898 1.0984678 3.2714245 1.1342447 1.4738684 0.8383280 1.3249376 1.4846108 1.0979275 1.3138798 0.0000000 1.7531243 0.7936692 1.1916612 1.5098545 0.7721122 1.4163193 1.7698084 2.5067525 
yHAB154_Kazachstania_transvaalensis 1.6803221 2.2441188 1.9793429 2.5854910 2.8874873 1.8609303 1.3459225 1.9126217 1.8919832 1.4487155 1.4768058 1.6374379 1.7531243 0.0000000 1.4099118 1.7105742 1.4948258 1.4660002 1.4553169 0.3837994 3.2574797 
yHAB155_Kazachstania_spencerorum    1.1091157 1.3706627 1.1176523 1.2718359 3.0363911 1.0759853 1.3935142 0.9403853 1.2381701 1.3385054 1.0287473 1.0414081 0.7936692 1.4099118 0.0000000 1.1544480 1.4530168 0.8270260 1.3441917 1.5085043 2.6066630 
yHAB158_Kazachstania_viticola       1.1367911 1.4467183 1.3763344 1.4098613 2.5988399 1.1861856 1.4406801 1.3803823 1.2492126 1.3925725 1.1597122 1.3239889 1.1916612 1.7105742 1.1544480 0.0000000 1.3380084 1.2175253 1.3136717 1.6708346 2.6756219 
yHAB159_Kazachstania_solicola       1.4025556 1.4446946 1.4846400 1.5003311 3.3840362 1.1130977 0.3509483 1.2768532 1.3167447 0.7335871 1.1709712 1.4740059 1.5098545 1.4948258 1.4530168 1.3380084 0.0000000 1.3210987 0.1124840 1.4627925 3.8062725 
yHAB160_Kazachstania_kunashirensis  1.0794079 1.2106874 1.2244101 1.3317031 3.1734304 1.0199878 1.2625586 0.5576402 1.3658874 1.1530193 1.0504362 1.2351087 0.7721122 1.4660002 0.8270260 1.2175253 1.3210987 0.0000000 1.3740935 1.4184712 2.6456522 
yHAB164_Kazachstania_aerobia        1.4007879 1.4306869 1.5811140 1.5485866 3.1654916 1.0790210 0.3110099 1.2906187 1.4092059 0.6605018 1.1427742 1.4876399 1.4163193 1.4553169 1.3441917 1.3136717 0.1124840 1.3740935 0.0000000 1.4650004 3.8765995 
yHAB166_Kazachstania_yakushimaensis 1.5851023 2.0622709 2.2110630 2.2805387 2.9970067 1.7284856 1.3110748 1.9356731 1.6854971 1.4285082 1.5064369 1.6186650 1.7698084 0.3837994 1.5085043 1.6708346 1.4627925 1.4184712 1.4650004 0.0000000 3.0740057 
yHMPu5000035629_Yueomyces_sinensis  2.7241137 3.0183761 2.6384659 2.9546613 2.4358190 2.5634697 3.7261680 2.9035001 2.5397757 2.9222351 3.2769826 3.0417453 2.5067525 3.2574797 2.6066630 2.6756219 3.8062725 2.6456522 3.8765995 3.0740057 0.0000000 
