21
Kazachstania_africana               0.0000000 1.7270490 2.0219810 1.4903838 3.0926894 1.7332112 1.4828719 1.6802148 1.6068200 1.5221650 1.5212467 2.2934101 1.6113639 3.4350731 1.5657146 2.2531760 1.5779345 1.5923097 1.6104361 3.4822635 2.7421108 
Kazachstania_naganishii             1.7270490 0.0000000 2.0636667 1.7653679 2.9909013 1.8831701 1.4225420 1.9507647 1.3582524 1.5182187 1.2757935 2.0089054 1.7265447 3.3824601 1.9447682 2.4395661 1.3154356 1.8597978 1.3270867 3.0985038 2.5259395 
Naumovozyma_castellii               2.0219810 2.0636667 0.0000000 1.1532394 2.9679649 1.4124889 1.8010089 1.6620577 1.6706763 1.7965127 1.9202084 2.1990027 1.7724971 4.3505428 1.7108972 2.3952320 1.9171174 1.6678288 1.8955468 4.3819452 2.7821206 
Naumovozyma_dairenensis             1.4903838 1.7653679 1.1532394 0.0000000 2.4202113 1.3648648 1.3587240 1.4718324 1.2271259 1.5291463 1.6225694 1.8378475 1.5214249 3.4640358 1.4185041 1.7346382 1.5628184 1.7588724 1.4482423 3.9582679 2.1210029 
Tetrapisispora_blattae              3.0926894 2.9909013 2.9679649 2.4202113 0.0000000 2.8441961 2.4716678 3.2556470 3.1292164 2.4524324 3.0120997 2.7088572 3.2303370 5.4620620 2.7949531 3.4162438 2.8269069 2.6535943 2.8559247 5.1023625 1.6529929 
yHAB132_Kazachstania_martiniae      1.7332112 1.8831701 1.4124889 1.3648648 2.8441961 0.0000000 1.3644314 1.3533837 1.3314794 1.3710246 1.5523011 2.2344357 1.3558998 3.7509895 1.3997931 2.2065050 1.4119741 1.2238624 1.2944538 3.9723674 2.3284583 
yHAB133_Kazachstania_unispora       1.4828719 1.4225420 1.8010089 1.3587240 2.4716678 1.3644314 0.0000000 1.4863815 1.1763520 0.6282747 1.3229575 1.8052917 1.4692959 3.1984307 1.5094471 1.9742049 0.4169427 1.4537775 0.4038559 3.3480620 2.5253634 
yHAB134_Kazachstania_turicensis     1.6802148 1.9507647 1.6620577 1.4718324 3.2556470 1.3533837 1.4863815 0.0000000 1.4297592 1.5516854 1.8194575 2.1263426 1.2598803 4.2853619 1.1103103 2.0603293 1.3988892 0.9770182 1.4013792 4.1799424 2.7276465 
yHAB136_Kazachstania_bromeliacearum 1.6068200 1.3582524 1.6706763 1.2271259 3.1292164 1.3314794 1.1763520 1.4297592 0.0000000 1.1054099 1.3311259 1.8322796 1.4138023 3.2434204 1.3421033 2.0533806 1.1238792 1.5092943 1.0884267 3.2912031 2.1462146 
yHAB143_Kazachstania_siamensis      1.5221650 1.5182187 1.7965127 1.5291463 2.4524324 1.3710246 0.6282747 1.5516854 1.1054099 0.0000000 1.4271816 1.6708020 1.4960918 3.3354698 1.5461043 1.7674397 0.7101944 1.4712719 0.6614758 3.2916688 2.1142096 
yHAB147_Kazachstania_taianensis     1.5212467 1.2757935 1.9202084 1.6225694 3.0120997 1.5523011 1.3229575 1.8194575 1.3311259 1.4271816 0.0000000 1.7572537 1.6360519 3.0320457 1.9636839 2.0149811 1.4864493 1.9417580 1.4550376 3.3533286 2.2162278 
yHAB148_Kazachstania_intestinalis   2.2934101 2.0089054 2.1990027 1.8378475 2.7088572 2.2344357 1.8052917 2.1263426 1.8322796 1.6708020 1.7572537 0.0000000 2.4432176 4.0750624 2.1623563 2.1431385 1.8775454 1.9684346 1.9942186 3.6919147 2.6609175 
yHAB153_Kazachstania_rosinii        1.6113639 1.7265447 1.7724971 1.5214249 3.2303370 1.3558998 1.4692959 1.2598803 1.4138023 1.4960918 1.6360519 2.4432176 0.0000000 3.8759802 0.9218504 2.0974157 1.3867422 1.3028681 1.3804619 3.8763946 2.7443325 
yHAB154_Kazachstania_transvaalensis 3.4350731 3.3824601 4.3505428 3.4640358 5.4620620 3.7509895 3.1984307 4.2853619 3.2434204 3.3354698 3.0320457 4.0750624 3.8759802 0.0000000 4.0734673 5.3444134 3.2035198 3.8916506 3.0784448 1.5300565 4.6809690 
yHAB155_Kazachstania_spencerorum    1.5657146 1.9447682 1.7108972 1.4185041 2.7949531 1.3997931 1.5094471 1.1103103 1.3421033 1.5461043 1.9636839 2.1623563 0.9218504 4.0734673 0.0000000 1.9550289 1.5907034 1.2317001 1.5953477 4.0926895 2.4061068 
yHAB158_Kazachstania_viticola       2.2531760 2.4395661 2.3952320 1.7346382 3.4162438 2.2065050 1.9742049 2.0603293 2.0533806 1.7674397 2.0149811 2.1431385 2.0974157 5.3444134 1.9550289 0.0000000 2.1334253 2.0030591 2.0121972 4.6518375 2.8924801 
yHAB159_Kazachstania_solicola       1.5779345 1.3154356 1.9171174 1.5628184 2.8269069 1.4119741 0.4169427 1.3988892 1.1238792 0.7101944 1.4864493 1.8775454 1.3867422 3.2035198 1.5907034 2.1334253 0.0000000 1.5073726 0.0895256 3.1144834 2.4891715 
yHAB160_Kazachstania_kunashirensis  1.5923097 1.8597978 1.6678288 1.7588724 2.6535943 1.2238624 1.4537775 0.9770182 1.5092943 1.4712719 1.9417580 1.9684346 1.3028681 3.8916506 1.2317001 2.0030591 1.5073726 0.0000000 1.4626672 3.5346740 2.5499688 
yHAB164_Kazachstania_aerobia        1.6104361 1.3270867 1.8955468 1.4482423 2.8559247 1.2944538 0.4038559 1.4013792 1.0884267 0.6614758 1.4550376 1.9942186 1.3804619 3.0784448 1.5953477 2.0121972 0.0895256 1.4626672 0.0000000 3.0190713 2.5112491 
yHAB166_Kazachstania_yakushimaensis 3.4822635 3.0985038 4.3819452 3.9582679 5.1023625 3.9723674 3.3480620 4.1799424 3.2912031 3.2916688 3.3533286 3.6919147 3.8763946 1.5300565 4.0926895 4.6518375 3.1144834 3.5346740 3.0190713 0.0000000 4.4882077 
yHMPu5000035629_Yueomyces_sinensis  2.7421108 2.5259395 2.7821206 2.1210029 1.6529929 2.3284583 2.5253634 2.7276465 2.1462146 2.1142096 2.2162278 2.6609175 2.7443325 4.6809690 2.4061068 2.8924801 2.4891715 2.5499688 2.5112491 4.4882077 0.0000000 
