21
Kazachstania_africana               0.0000000 1.4177318 1.5517573 1.4723394 2.0002320 1.2349482 1.7330924 1.3867732 1.2908875 1.8194414 1.6694217 1.8032681 1.2122993 1.7956209 1.3491814 1.4098191 1.7287762 1.1993074 1.6387622 1.6722194 3.9260711 
Kazachstania_naganishii             1.4177318 0.0000000 1.5094499 1.6966605 2.1689383 1.0175283 1.2441996 1.6460575 0.8879266 1.2546898 1.0909973 1.6290500 1.4777616 1.9637541 1.3792937 1.5374581 1.1181189 1.7211622 1.0264208 1.3275739 2.7327790 
Naumovozyma_castellii               1.5517573 1.5094499 0.0000000 0.9189063 1.8309716 1.3745000 1.4505591 1.6981090 1.2130086 1.3856672 1.2344407 1.7798118 1.5428200 1.6421016 0.9467738 1.5212684 1.4019325 1.4676614 1.3918665 1.2266303 2.9367215 
Naumovozyma_dairenensis             1.4723394 1.6966605 0.9189063 0.0000000 2.1834163 1.4727334 1.4073824 1.7982427 1.5546409 1.6156732 1.5960106 1.7493963 1.7388354 2.0195692 1.1519475 1.7358346 1.3950880 1.4816564 1.2813119 1.6394634 3.7600986 
Tetrapisispora_blattae              2.0002320 2.1689383 1.8309716 2.1834163 0.0000000 1.7440128 2.0285413 1.6801239 2.0813493 2.0877828 2.3205373 2.1655658 1.9511780 2.2973390 1.7405980 1.9615608 2.0197563 1.8476240 1.9115748 2.0552359 2.6806178 
yHAB132_Kazachstania_martiniae      1.2349482 1.0175283 1.3745000 1.4727334 1.7440128 0.0000000 1.1924725 1.5125382 1.0047416 1.2301874 1.2476878 1.6935365 1.3192264 1.6054275 1.1698964 1.5173959 1.2641393 1.6366444 1.1761572 1.4556189 3.5258529 
yHAB133_Kazachstania_unispora       1.7330924 1.2441996 1.4505591 1.4073824 2.0285413 1.1924725 0.0000000 1.5696822 1.0022890 0.3111172 0.9140396 1.5056971 1.3280118 1.6046964 1.1457410 1.2209968 0.3112724 1.3657994 0.2823277 1.2208869 2.5989612 
yHAB134_Kazachstania_turicensis     1.3867732 1.6460575 1.6981090 1.7982427 1.6801239 1.5125382 1.5696822 0.0000000 1.3124764 1.4957620 1.4360862 1.7581504 1.3171675 2.1002026 1.2144678 1.4186292 1.5142648 0.9214441 1.5281698 1.7129958 3.4732492 
yHAB136_Kazachstania_bromeliacearum 1.2908875 0.8879266 1.2130086 1.5546409 2.0813493 1.0047416 1.0022890 1.3124764 0.0000000 0.8962113 0.7328747 1.4574595 1.2158840 1.2416704 1.1812867 1.2600684 0.9246801 1.2340928 0.9017566 1.1186265 2.8457576 
yHAB143_Kazachstania_siamensis      1.8194414 1.2546898 1.3856672 1.6156732 2.0877828 1.2301874 0.3111172 1.4957620 0.8962113 0.0000000 0.8410631 1.6133906 1.3502270 1.4561234 1.1760807 1.3323600 0.3904173 1.4704474 0.3279122 1.2460167 2.4919990 
yHAB147_Kazachstania_taianensis     1.6694217 1.0909973 1.2344407 1.5960106 2.3205373 1.2476878 0.9140396 1.4360862 0.7328747 0.8410631 0.0000000 1.8041524 1.3004993 1.3178188 1.4430056 1.5108291 0.8782033 1.3432809 0.8320379 1.1167484 2.5993892 
yHAB148_Kazachstania_intestinalis   1.8032681 1.6290500 1.7798118 1.7493963 2.1655658 1.6935365 1.5056971 1.7581504 1.4574595 1.6133906 1.8041524 0.0000000 1.6715881 2.3658888 1.4696144 1.6844912 1.5659283 1.7985507 1.4574801 2.0792095 3.9390562 
yHAB153_Kazachstania_rosinii        1.2122993 1.4777616 1.5428200 1.7388354 1.9511780 1.3192264 1.3280118 1.3171675 1.2158840 1.3502270 1.3004993 1.6715881 0.0000000 1.7497247 0.9767841 1.3340866 1.2055109 1.0444555 1.1510420 1.4109931 3.3072664 
yHAB154_Kazachstania_transvaalensis 1.7956209 1.9637541 1.6421016 2.0195692 2.2973390 1.6054275 1.6046964 2.1002026 1.2416704 1.4561234 1.3178188 2.3658888 1.7497247 0.0000000 1.8084593 1.9074549 1.4933916 1.8117379 1.4417309 0.4594466 3.7104112 
yHAB155_Kazachstania_spencerorum    1.3491814 1.3792937 0.9467738 1.1519475 1.7405980 1.1698964 1.1457410 1.2144678 1.1812867 1.1760807 1.4430056 1.4696144 0.9767841 1.8084593 0.0000000 1.4155941 1.0154297 1.1425008 1.0313412 1.4477717 2.6472994 
yHAB158_Kazachstania_viticola       1.4098191 1.5374581 1.5212684 1.7358346 1.9615608 1.5173959 1.2209968 1.4186292 1.2600684 1.3323600 1.5108291 1.6844912 1.3340866 1.9074549 1.4155941 0.0000000 1.2323359 1.2164200 1.1963874 1.8105954 3.2170439 
yHAB159_Kazachstania_solicola       1.7287762 1.1181189 1.4019325 1.3950880 2.0197563 1.2641393 0.3112724 1.5142648 0.9246801 0.3904173 0.8782033 1.5659283 1.2055109 1.4933916 1.0154297 1.2323359 0.0000000 1.3091773 0.0962368 1.2424738 2.3653803 
yHAB160_Kazachstania_kunashirensis  1.1993074 1.7211622 1.4676614 1.4816564 1.8476240 1.6366444 1.3657994 0.9214441 1.2340928 1.4704474 1.3432809 1.7985507 1.0444555 1.8117379 1.1425008 1.2164200 1.3091773 0.0000000 1.3068969 1.6475691 3.4902440 
yHAB164_Kazachstania_aerobia        1.6387622 1.0264208 1.3918665 1.2813119 1.9115748 1.1761572 0.2823277 1.5281698 0.9017566 0.3279122 0.8320379 1.4574801 1.1510420 1.4417309 1.0313412 1.1963874 0.0962368 1.3068969 0.0000000 1.2560410 2.3696085 
yHAB166_Kazachstania_yakushimaensis 1.6722194 1.3275739 1.2266303 1.6394634 2.0552359 1.4556189 1.2208869 1.7129958 1.1186265 1.2460167 1.1167484 2.0792095 1.4109931 0.4594466 1.4477717 1.8105954 1.2424738 1.6475691 1.2560410 0.0000000 3.2105556 
yHMPu5000035629_Yueomyces_sinensis  3.9260711 2.7327790 2.9367215 3.7600986 2.6806178 3.5258529 2.5989612 3.4732492 2.8457576 2.4919990 2.5993892 3.9390562 3.3072664 3.7104112 2.6472994 3.2170439 2.3653803 3.4902440 2.3696085 3.2105556 0.0000000 
