21
Kazachstania_africana               0.0000000 2.4083554 1.8327459 1.6934577 2.2137691 1.7071175 2.3543135 1.9299165 1.9514825 2.2443466 2.1885720 2.6100864 1.8877133 2.1388216 1.7601039 1.4730313 2.2189143 1.6181409 2.2072704 2.0172185 2.0055790 
Kazachstania_naganishii             2.4083554 0.0000000 1.9689361 1.9942124 2.5656330 2.1255537 2.0730710 2.4301842 1.7020122 2.2325801 1.6040870 2.9735510 2.4091486 2.2314628 2.5148063 2.3784842 2.1385227 2.1326684 2.1582775 2.1270289 2.7971763 
Naumovozyma_castellii               1.8327459 1.9689361 0.0000000 1.0946215 2.0065115 1.5313371 1.7118341 1.7884449 1.2825673 1.6981978 2.0036953 2.4994677 1.6150044 1.7776120 1.6810504 1.5829326 1.7667458 1.4766663 1.7051660 1.4285559 1.9302185 
Naumovozyma_dairenensis             1.6934577 1.9942124 1.0946215 0.0000000 1.8435848 1.4139224 1.6328231 1.4788240 1.2135692 1.6951590 2.3060060 2.4749774 1.4451500 1.6212512 1.5728193 1.5567147 1.6795559 1.2723874 1.6856798 1.5162526 2.0341517 
Tetrapisispora_blattae              2.2137691 2.5656330 2.0065115 1.8435848 0.0000000 1.9049666 2.1843576 2.2097729 1.9536028 2.1354768 2.7919976 2.9894567 2.0100979 2.1952003 2.0295933 2.1038411 2.4026439 1.9389087 2.3706993 2.1891236 1.3313541 
yHAB132_Kazachstania_martiniae      1.7071175 2.1255537 1.5313371 1.4139224 1.9049666 0.0000000 1.7487642 1.7570896 1.4237727 1.7234045 2.0390227 2.5990488 1.8446348 1.9194947 1.5058834 1.5977088 1.8331421 1.4578823 1.8850788 1.7080461 1.8985824 
yHAB133_Kazachstania_unispora       2.3543135 2.0730710 1.7118341 1.6328231 2.1843576 1.7487642 0.0000000 2.0583914 1.1221135 0.5945199 1.8276028 2.6144347 2.0027942 1.3096012 1.8557258 2.1155646 0.3638383 1.7932387 0.3631894 1.2438621 2.2766457 
yHAB134_Kazachstania_turicensis     1.9299165 2.4301842 1.7884449 1.4788240 2.2097729 1.7570896 2.0583914 0.0000000 1.5526590 2.0527794 2.5484150 2.5665272 1.4776659 1.9049687 1.3138331 1.6880086 2.1999609 0.9776150 2.1528294 1.9784981 1.9030005 
yHAB136_Kazachstania_bromeliacearum 1.9514825 1.7020122 1.2825673 1.2135692 1.9536028 1.4237727 1.1221135 1.5526590 0.0000000 1.2799538 1.5916830 2.0187067 1.5771471 1.2692791 1.7059359 1.6781669 1.1442981 1.3403999 1.1250897 1.1783035 1.8156155 
yHAB143_Kazachstania_siamensis      2.2443466 2.2325801 1.6981978 1.6951590 2.1354768 1.7234045 0.5945199 2.0527794 1.2799538 0.0000000 1.6655434 2.4440711 2.1269705 1.3317887 1.8751279 2.1330236 0.6945153 2.0014784 0.6828930 1.3123455 2.1266302 
yHAB147_Kazachstania_taianensis     2.1885720 1.6040870 2.0036953 2.3060060 2.7919976 2.0390227 1.8276028 2.5484150 1.5916830 1.6655434 0.0000000 2.8907803 2.0540914 1.8785690 2.0101818 2.5455639 1.7134657 2.1803491 1.7352121 1.6865462 2.6950506 
yHAB148_Kazachstania_intestinalis   2.6100864 2.9735510 2.4994677 2.4749774 2.9894567 2.5990488 2.6144347 2.5665272 2.0187067 2.4440711 2.8907803 0.0000000 2.5139703 2.6065246 2.5977067 2.7146591 2.5590502 2.4440819 2.5579634 2.5842151 2.7936181 
yHAB153_Kazachstania_rosinii        1.8877133 2.4091486 1.6150044 1.4451500 2.0100979 1.8446348 2.0027942 1.4776659 1.5771471 2.1269705 2.0540914 2.5139703 0.0000000 1.8953009 1.3496656 1.6627976 2.0661600 1.2833279 2.0999812 1.9594918 2.1660881 
yHAB154_Kazachstania_transvaalensis 2.1388216 2.2314628 1.7776120 1.6212512 2.1952003 1.9194947 1.3096012 1.9049687 1.2692791 1.3317887 1.8785690 2.6065246 1.8953009 0.0000000 1.5838697 2.0351004 1.3080751 1.8571737 1.3246347 0.5009506 2.0433539 
yHAB155_Kazachstania_spencerorum    1.7601039 2.5148063 1.6810504 1.5728193 2.0295933 1.5058834 1.8557258 1.3138331 1.7059359 1.8751279 2.0101818 2.5977067 1.3496656 1.5838697 0.0000000 1.6704305 1.9437262 1.3844270 1.9788650 1.5612462 1.9862381 
yHAB158_Kazachstania_viticola       1.4730313 2.3784842 1.5829326 1.5567147 2.1038411 1.5977088 2.1155646 1.6880086 1.6781669 2.1330236 2.5455639 2.7146591 1.6627976 2.0351004 1.6704305 0.0000000 2.1147663 1.6008230 2.1771322 1.9014079 1.8507841 
yHAB159_Kazachstania_solicola       2.2189143 2.1385227 1.7667458 1.6795559 2.4026439 1.8331421 0.3638383 2.1999609 1.1442981 0.6945153 1.7134657 2.5590502 2.0661600 1.3080751 1.9437262 2.1147663 0.0000000 1.8985898 0.1176188 1.2486871 2.2885422 
yHAB160_Kazachstania_kunashirensis  1.6181409 2.1326684 1.4766663 1.2723874 1.9389087 1.4578823 1.7932387 0.9776150 1.3403999 2.0014784 2.1803491 2.4440819 1.2833279 1.8571737 1.3844270 1.6008230 1.8985898 0.0000000 1.7955119 1.8221215 1.6558611 
yHAB164_Kazachstania_aerobia        2.2072704 2.1582775 1.7051660 1.6856798 2.3706993 1.8850788 0.3631894 2.1528294 1.1250897 0.6828930 1.7352121 2.5579634 2.0999812 1.3246347 1.9788650 2.1771322 0.1176188 1.7955119 0.0000000 1.2400521 2.3485793 
yHAB166_Kazachstania_yakushimaensis 2.0172185 2.1270289 1.4285559 1.5162526 2.1891236 1.7080461 1.2438621 1.9784981 1.1783035 1.3123455 1.6865462 2.5842151 1.9594918 0.5009506 1.5612462 1.9014079 1.2486871 1.8221215 1.2400521 0.0000000 2.1018970 
yHMPu5000035629_Yueomyces_sinensis  2.0055790 2.7971763 1.9302185 2.0341517 1.3313541 1.8985824 2.2766457 1.9030005 1.8156155 2.1266302 2.6950506 2.7936181 2.1660881 2.0433539 1.9862381 1.8507841 2.2885422 1.6558611 2.3485793 2.1018970 0.0000000 
