21
Kazachstania_africana               0.0000000 0.6845286 0.6370752 0.5770109 1.0160460 0.5104207 0.5615319 0.6775592 0.7056355 0.5415678 0.5473259 0.7078290 0.6323737 0.8920072 0.6018753 0.5623279 0.6116572 0.5475134 0.6326079 0.8955275 0.9386020 
Kazachstania_naganishii             0.6845286 0.0000000 0.7916962 0.8135281 1.1082828 0.6652773 0.7358680 0.7099613 0.6675817 0.7414840 0.6721572 0.6966282 0.6887944 0.8782284 0.8220636 0.7303161 0.7685044 0.7596464 0.7914622 0.9954654 1.2580250 
Naumovozyma_castellii               0.6370752 0.7916962 0.0000000 0.4560984 0.9704585 0.6239902 0.5989232 0.6176181 0.7546857 0.5913453 0.7855372 0.7778192 0.6962025 0.9093516 0.6509800 0.7277776 0.6830614 0.6167297 0.7020306 0.8410301 0.9187067 
Naumovozyma_dairenensis             0.5770109 0.8135281 0.4560984 0.0000000 1.0640453 0.4899060 0.5310500 0.6023317 0.6436038 0.5246366 0.6978151 0.6822667 0.6274848 0.9211833 0.6421765 0.5314422 0.5464336 0.4839269 0.5379873 0.7786960 0.9991790 
Tetrapisispora_blattae              1.0160460 1.1082828 0.9704585 1.0640453 0.0000000 1.0413902 1.0080245 1.1620757 1.2705351 0.9833721 1.1416973 1.0890546 1.2521548 1.4482332 1.2321878 1.3473194 1.0573752 1.0449312 1.1157361 1.3689588 0.8862822 
yHAB132_Kazachstania_martiniae      0.5104207 0.6652773 0.6239902 0.4899060 1.0413902 0.0000000 0.3577273 0.5138759 0.5882642 0.3957434 0.5673624 0.6430399 0.4768674 0.6646456 0.5050626 0.4612504 0.3925428 0.4433114 0.4364478 0.6540853 1.0211139 
yHAB133_Kazachstania_unispora       0.5615319 0.7358680 0.5989232 0.5310500 1.0080245 0.3577273 0.0000000 0.5233018 0.4649285 0.1525809 0.5615093 0.6894246 0.6333146 0.6656694 0.4754446 0.5821825 0.1685973 0.4858384 0.1892824 0.5468426 0.9776515 
yHAB134_Kazachstania_turicensis     0.6775592 0.7099613 0.6176181 0.6023317 1.1620757 0.5138759 0.5233018 0.0000000 0.5738441 0.4430997 0.6216558 0.6227046 0.5110250 0.7493218 0.4963593 0.6405319 0.5791667 0.3960215 0.5739448 0.7093491 1.0750971 
yHAB136_Kazachstania_bromeliacearum 0.7056355 0.6675817 0.7546857 0.6436038 1.2705351 0.5882642 0.4649285 0.5738441 0.0000000 0.4619516 0.7026955 0.7111969 0.6511371 0.8008457 0.6763926 0.6000762 0.4878861 0.5936051 0.4697860 0.7811591 1.0718839 
yHAB143_Kazachstania_siamensis      0.5415678 0.7414840 0.5913453 0.5246366 0.9833721 0.3957434 0.1525809 0.4430997 0.4619516 0.0000000 0.4952307 0.6784767 0.5706545 0.5903908 0.4754215 0.5468610 0.2037358 0.4474846 0.2036619 0.5672437 0.9057307 
yHAB147_Kazachstania_taianensis     0.5473259 0.6721572 0.7855372 0.6978151 1.1416973 0.5673624 0.5615093 0.6216558 0.7026955 0.4952307 0.0000000 0.7084891 0.5837443 0.8157426 0.7225628 0.6614821 0.4884691 0.5905433 0.4884190 0.7567423 1.1782052 
yHAB148_Kazachstania_intestinalis   0.7078290 0.6966282 0.7778192 0.6822667 1.0890546 0.6430399 0.6894246 0.6227046 0.7111969 0.6784767 0.7084891 0.0000000 0.6844203 0.9994929 0.7600449 0.7294804 0.6828272 0.6695471 0.7238786 1.0326945 1.0547257 
yHAB153_Kazachstania_rosinii        0.6323737 0.6887944 0.6962025 0.6274848 1.2521548 0.4768674 0.6333146 0.5110250 0.6511371 0.5706545 0.5837443 0.6844203 0.0000000 0.8433978 0.4792586 0.6744892 0.6034278 0.4441584 0.6364698 0.8328887 1.2063914 
yHAB154_Kazachstania_transvaalensis 0.8920072 0.8782284 0.9093516 0.9211833 1.4482332 0.6646456 0.6656694 0.7493218 0.8008457 0.5903908 0.8157426 0.9994929 0.8433978 0.0000000 0.7275495 0.7333799 0.7036573 0.7382398 0.7147954 0.2751113 1.0691166 
yHAB155_Kazachstania_spencerorum    0.6018753 0.8220636 0.6509800 0.6421765 1.2321878 0.5050626 0.4754446 0.4963593 0.6763926 0.4754215 0.7225628 0.7600449 0.4792586 0.7275495 0.0000000 0.7101874 0.5119343 0.5013336 0.5255681 0.6845729 0.9890704 
yHAB158_Kazachstania_viticola       0.5623279 0.7303161 0.7277776 0.5314422 1.3473194 0.4612504 0.5821825 0.6405319 0.6000762 0.5468610 0.6614821 0.7294804 0.6744892 0.7333799 0.7101874 0.0000000 0.6068353 0.5971460 0.6227283 0.7110370 0.9900515 
yHAB159_Kazachstania_solicola       0.6116572 0.7685044 0.6830614 0.5464336 1.0573752 0.3925428 0.1685973 0.5791667 0.4878861 0.2037358 0.4884691 0.6828272 0.6034278 0.7036573 0.5119343 0.6068353 0.0000000 0.4818577 0.0493190 0.6352277 0.9714154 
yHAB160_Kazachstania_kunashirensis  0.5475134 0.7596464 0.6167297 0.4839269 1.0449312 0.4433114 0.4858384 0.3960215 0.5936051 0.4474846 0.5905433 0.6695471 0.4441584 0.7382398 0.5013336 0.5971460 0.4818577 0.0000000 0.4979286 0.6879983 0.8114748 
yHAB164_Kazachstania_aerobia        0.6326079 0.7914622 0.7020306 0.5379873 1.1157361 0.4364478 0.1892824 0.5739448 0.4697860 0.2036619 0.4884190 0.7238786 0.6364698 0.7147954 0.5255681 0.6227283 0.0493190 0.4979286 0.0000000 0.6636233 0.9781893 
yHAB166_Kazachstania_yakushimaensis 0.8955275 0.9954654 0.8410301 0.7786960 1.3689588 0.6540853 0.5468426 0.7093491 0.7811591 0.5672437 0.7567423 1.0326945 0.8328887 0.2751113 0.6845729 0.7110370 0.6352277 0.6879983 0.6636233 0.0000000 0.9774309 
yHMPu5000035629_Yueomyces_sinensis  0.9386020 1.2580250 0.9187067 0.9991790 0.8862822 1.0211139 0.9776515 1.0750971 1.0718839 0.9057307 1.1782052 1.0547257 1.2063914 1.0691166 0.9890704 0.9900515 0.9714154 0.8114748 0.9781893 0.9774309 0.0000000 
