21
Kazachstania_africana               0.0000000 0.9111934 0.7513673 0.8405236 0.9796550 0.5822392 0.7278326 0.8666321 0.7321790 0.7276505 0.7985672 0.9717494 0.7529651 0.8764833 0.8165036 0.7127323 0.8021349 0.8101808 0.7564336 0.8168102 1.0922671 
Kazachstania_naganishii             0.9111934 0.0000000 0.9591298 1.2049640 1.1815553 0.8672309 0.8633587 1.0649503 0.7703462 0.8806164 0.8655223 0.8126647 0.8656381 1.0539816 0.9950316 1.0792109 0.8655809 1.0614689 0.8672897 0.9804841 1.3364252 
Naumovozyma_castellii               0.7513673 0.9591298 0.0000000 0.6634824 0.8369599 0.7490828 0.8394449 0.8852933 0.7883581 0.7981227 0.8649241 0.8609702 0.8431891 0.9056103 0.8579236 0.8456269 0.8973882 0.7828638 0.8885356 0.8924849 1.0071298 
Naumovozyma_dairenensis             0.8405236 1.2049640 0.6634824 0.0000000 0.8707955 0.8098652 0.8657832 0.9022698 0.8981079 0.8350004 0.8969382 0.9880128 1.0100337 0.9140659 0.9432441 0.8892575 0.9610229 0.8373391 0.9220030 0.9008281 1.0533987 
Tetrapisispora_blattae              0.9796550 1.1815553 0.8369599 0.8707955 0.0000000 0.7433531 0.8376909 0.9659536 0.8705883 0.8409830 0.9347566 1.0043532 0.8896846 1.0411061 0.7924208 0.9225509 0.9454907 0.8894757 0.9228439 0.9723365 0.7736557 
yHAB132_Kazachstania_martiniae      0.5822392 0.8672309 0.7490828 0.8098652 0.7433531 0.0000000 0.6730737 0.7279254 0.5728821 0.6567375 0.6716750 0.7879802 0.6756376 0.8213479 0.7160508 0.6849922 0.7545971 0.6996355 0.7504479 0.7732672 0.9753884 
yHAB133_Kazachstania_unispora       0.7278326 0.8633587 0.8394449 0.8657832 0.8376909 0.6730737 0.0000000 0.8554307 0.5891425 0.2686648 0.6174055 1.0306610 0.8124407 0.7180730 0.7826336 0.7866156 0.2069344 0.7803266 0.2091693 0.6503449 1.0604687 
yHAB134_Kazachstania_turicensis     0.8666321 1.0649503 0.8852933 0.9022698 0.9659536 0.7279254 0.8554307 0.0000000 0.7380867 0.7722018 0.8702456 0.9966588 0.8671807 0.9471927 0.8064894 0.8617339 0.8688541 0.4799836 0.8490899 0.8748419 1.0983193 
yHAB136_Kazachstania_bromeliacearum 0.7321790 0.7703462 0.7883581 0.8981079 0.8705883 0.5728821 0.5891425 0.7380867 0.0000000 0.5995005 0.7081000 0.7931130 0.7041932 0.7697794 0.7593753 0.6844340 0.6818081 0.7415580 0.6797416 0.6953686 1.0589141 
yHAB143_Kazachstania_siamensis      0.7276505 0.8806164 0.7981227 0.8350004 0.8409830 0.6567375 0.2686648 0.7722018 0.5995005 0.0000000 0.6303766 0.9832208 0.9353973 0.7649388 0.7706868 0.7462555 0.3254209 0.7805248 0.3175646 0.6704876 0.9903275 
yHAB147_Kazachstania_taianensis     0.7985672 0.8655223 0.8649241 0.8969382 0.9347566 0.6716750 0.6174055 0.8702456 0.7081000 0.6303766 0.0000000 1.0275061 0.8251253 0.7796416 0.8723686 0.8205962 0.6717408 0.8048362 0.6566192 0.7375376 1.1134728 
yHAB148_Kazachstania_intestinalis   0.9717494 0.8126647 0.8609702 0.9880128 1.0043532 0.7879802 1.0306610 0.9966588 0.7931130 0.9832208 1.0275061 0.0000000 0.8743497 1.0800236 0.9599012 0.8659254 0.9777350 0.9436851 1.0034446 1.0043536 1.2426098 
yHAB153_Kazachstania_rosinii        0.7529651 0.8656381 0.8431891 1.0100337 0.8896846 0.6756376 0.8124407 0.8671807 0.7041932 0.9353973 0.8251253 0.8743497 0.0000000 0.9721103 0.6878730 0.7690691 0.8737636 0.8092445 0.8489497 0.9928313 1.1385643 
yHAB154_Kazachstania_transvaalensis 0.8764833 1.0539816 0.9056103 0.9140659 1.0411061 0.8213479 0.7180730 0.9471927 0.7697794 0.7649388 0.7796416 1.0800236 0.9721103 0.0000000 0.9632718 0.9692006 0.8073209 0.8758194 0.7676793 0.2263242 1.1911816 
yHAB155_Kazachstania_spencerorum    0.8165036 0.9950316 0.8579236 0.9432441 0.7924208 0.7160508 0.7826336 0.8064894 0.7593753 0.7706868 0.8723686 0.9599012 0.6878730 0.9632718 0.0000000 0.7936647 0.8320193 0.8136896 0.8463951 0.9001823 0.9664069 
yHAB158_Kazachstania_viticola       0.7127323 1.0792109 0.8456269 0.8892575 0.9225509 0.6849922 0.7866156 0.8617339 0.6844340 0.7462555 0.8205962 0.8659254 0.7690691 0.9692006 0.7936647 0.0000000 0.8370273 0.7682071 0.8045368 0.9057989 1.0414883 
yHAB159_Kazachstania_solicola       0.8021349 0.8655809 0.8973882 0.9610229 0.9454907 0.7545971 0.2069344 0.8688541 0.6818081 0.3254209 0.6717408 0.9777350 0.8737636 0.8073209 0.8320193 0.8370273 0.0000000 0.8547381 0.1026806 0.7258275 1.0507117 
yHAB160_Kazachstania_kunashirensis  0.8101808 1.0614689 0.7828638 0.8373391 0.8894757 0.6996355 0.7803266 0.4799836 0.7415580 0.7805248 0.8048362 0.9436851 0.8092445 0.8758194 0.8136896 0.7682071 0.8547381 0.0000000 0.8568614 0.8257507 1.0919118 
yHAB164_Kazachstania_aerobia        0.7564336 0.8672897 0.8885356 0.9220030 0.9228439 0.7504479 0.2091693 0.8490899 0.6797416 0.3175646 0.6566192 1.0034446 0.8489497 0.7676793 0.8463951 0.8045368 0.1026806 0.8568614 0.0000000 0.6897610 1.1213061 
yHAB166_Kazachstania_yakushimaensis 0.8168102 0.9804841 0.8924849 0.9008281 0.9723365 0.7732672 0.6503449 0.8748419 0.6953686 0.6704876 0.7375376 1.0043536 0.9928313 0.2263242 0.9001823 0.9057989 0.7258275 0.8257507 0.6897610 0.0000000 1.0572293 
yHMPu5000035629_Yueomyces_sinensis  1.0922671 1.3364252 1.0071298 1.0533987 0.7736557 0.9753884 1.0604687 1.0983193 1.0589141 0.9903275 1.1134728 1.2426098 1.1385643 1.1911816 0.9664069 1.0414883 1.0507117 1.0919118 1.1213061 1.0572293 0.0000000 
