21
Kazachstania_africana               0.0000000 1.6808783 1.7758158 1.7969363 1.9923959 1.9651153 2.0222219 1.8040310 1.4912896 2.4804399 2.0188841 1.8342933 1.5681729 2.3757017 1.4759489 1.7059673 1.8644123 1.6702572 1.6866660 2.1146170 2.0406695 
Kazachstania_naganishii             1.6808783 0.0000000 1.8141535 1.7291025 2.0326357 1.7392988 1.9263179 1.6169061 1.3178647 2.1415566 1.5396509 1.7448096 1.4820918 2.1509490 1.4553551 1.5824166 1.9353961 1.5328929 1.8079112 2.2222932 1.9615835 
Naumovozyma_castellii               1.7758158 1.8141535 0.0000000 1.1030374 1.9869983 1.7853975 2.1210524 1.7366744 1.6221171 2.1964727 1.9053484 1.9067618 1.5063756 2.4361389 1.5530623 1.7076180 1.9902859 1.5876906 1.7729486 2.3444886 2.0656982 
Naumovozyma_dairenensis             1.7969363 1.7291025 1.1030374 0.0000000 1.7561709 1.5856559 2.4281347 1.6531297 1.6658534 2.2873811 1.9497234 1.9799896 1.7108206 2.3452129 1.6554476 1.6889574 2.1994961 1.6146366 2.0685195 2.1328231 2.0125578 
Tetrapisispora_blattae              1.9923959 2.0326357 1.9869983 1.7561709 0.0000000 1.9847077 2.0532072 2.1254170 1.9303922 2.3564283 2.2561562 2.1765105 2.0684128 2.5508597 1.7647843 1.9779539 1.9573602 1.9293008 1.8728300 2.5640516 1.7615335 
yHAB132_Kazachstania_martiniae      1.9651153 1.7392988 1.7853975 1.5856559 1.9847077 0.0000000 2.0732200 1.9086584 1.5370342 2.1169474 2.1870089 2.0966021 1.6375671 2.1636715 1.5847490 1.8011537 1.9663316 1.7779236 1.9139270 2.1408227 2.0597148 
yHAB133_Kazachstania_unispora       2.0222219 1.9263179 2.1210524 2.4281347 2.0532072 2.0732200 0.0000000 1.9693882 1.8156724 1.2065748 2.0046583 2.0886358 1.7332358 2.2260981 1.7546224 1.9308814 0.5952017 1.6787142 0.5846833 2.3162891 2.1392330 
yHAB134_Kazachstania_turicensis     1.8040310 1.6169061 1.7366744 1.6531297 2.1254170 1.9086584 1.9693882 0.0000000 1.5287779 2.2634549 1.8345942 2.0572812 1.2905780 2.3701393 1.2152387 1.5471532 1.8889880 0.9183410 1.9426867 2.2464943 1.9874429 
yHAB136_Kazachstania_bromeliacearum 1.4912896 1.3178647 1.6221171 1.6658534 1.9303922 1.5370342 1.8156724 1.5287779 0.0000000 2.1107514 1.3343273 1.6127774 1.5186001 1.8051008 1.5004388 1.3292156 1.6294447 1.5818888 1.5312752 1.9620259 2.0830597 
yHAB143_Kazachstania_siamensis      2.4804399 2.1415566 2.1964727 2.2873811 2.3564283 2.1169474 1.2065748 2.2634549 2.1107514 0.0000000 2.0410565 2.3902632 2.0159768 2.3039516 2.1092891 2.3649766 1.0496200 2.0010115 1.0886066 2.4114112 2.8197467 
yHAB147_Kazachstania_taianensis     2.0188841 1.5396509 1.9053484 1.9497234 2.2561562 2.1870089 2.0046583 1.8345942 1.3343273 2.0410565 0.0000000 2.1929843 1.8923431 2.0808031 1.8887456 2.0791802 1.9438456 1.9057259 1.9791888 1.9497255 2.2571879 
yHAB148_Kazachstania_intestinalis   1.8342933 1.7448096 1.9067618 1.9799896 2.1765105 2.0966021 2.0886358 2.0572812 1.6127774 2.3902632 2.1929843 0.0000000 1.7629417 2.5415427 1.5986908 1.7913673 1.8012411 1.8649683 1.8433510 2.6450336 2.3972716 
yHAB153_Kazachstania_rosinii        1.5681729 1.4820918 1.5063756 1.7108206 2.0684128 1.6375671 1.7332358 1.2905780 1.5186001 2.0159768 1.8923431 1.7629417 0.0000000 2.1932056 1.0260411 1.4304606 1.6533958 1.2884849 1.6011177 2.2027949 1.9894607 
yHAB154_Kazachstania_transvaalensis 2.3757017 2.1509490 2.4361389 2.3452129 2.5508597 2.1636715 2.2260981 2.3701393 1.8051008 2.3039516 2.0808031 2.5415427 2.1932056 0.0000000 2.4078226 2.5088591 2.2764811 2.3058018 2.1351592 1.0150754 2.7378648 
yHAB155_Kazachstania_spencerorum    1.4759489 1.4553551 1.5530623 1.6554476 1.7647843 1.5847490 1.7546224 1.2152387 1.5004388 2.1092891 1.8887456 1.5986908 1.0260411 2.4078226 0.0000000 1.3481757 1.7207581 1.0927047 1.6330121 2.1113257 1.8338419 
yHAB158_Kazachstania_viticola       1.7059673 1.5824166 1.7076180 1.6889574 1.9779539 1.8011537 1.9308814 1.5471532 1.3292156 2.3649766 2.0791802 1.7913673 1.4304606 2.5088591 1.3481757 0.0000000 1.8736756 1.5533474 1.7848861 2.3004981 1.9995809 
yHAB159_Kazachstania_solicola       1.8644123 1.9353961 1.9902859 2.1994961 1.9573602 1.9663316 0.5952017 1.8889880 1.6294447 1.0496200 1.9438456 1.8012411 1.6533958 2.2764811 1.7207581 1.8736756 0.0000000 1.6850731 0.1312405 2.2407784 2.2521421 
yHAB160_Kazachstania_kunashirensis  1.6702572 1.5328929 1.5876906 1.6146366 1.9293008 1.7779236 1.6787142 0.9183410 1.5818888 2.0010115 1.9057259 1.8649683 1.2884849 2.3058018 1.0927047 1.5533474 1.6850731 0.0000000 1.6466752 2.1643726 1.7230048 
yHAB164_Kazachstania_aerobia        1.6866660 1.8079112 1.7729486 2.0685195 1.8728300 1.9139270 0.5846833 1.9426867 1.5312752 1.0886066 1.9791888 1.8433510 1.6011177 2.1351592 1.6330121 1.7848861 0.1312405 1.6466752 0.0000000 2.1065472 2.0431031 
yHAB166_Kazachstania_yakushimaensis 2.1146170 2.2222932 2.3444886 2.1328231 2.5640516 2.1408227 2.3162891 2.2464943 1.9620259 2.4114112 1.9497255 2.6450336 2.2027949 1.0150754 2.1113257 2.3004981 2.2407784 2.1643726 2.1065472 0.0000000 2.3980033 
yHMPu5000035629_Yueomyces_sinensis  2.0406695 1.9615835 2.0656982 2.0125578 1.7615335 2.0597148 2.1392330 1.9874429 2.0830597 2.8197467 2.2571879 2.3972716 1.9894607 2.7378648 1.8338419 1.9995809 2.2521421 1.7230048 2.0431031 2.3980033 0.0000000 
