21
Kazachstania_africana               0.0000000 1.7759816 1.6087709 1.5801872 2.5902402 1.1576135 1.6495816 1.2166815 1.6005977 1.7195052 1.9587579 1.7551245 1.1450328 2.5482767 1.6806268 0.9836474 1.6280511 1.3056077 1.6813462 2.8461685 3.5915862 
Kazachstania_naganishii             1.7759816 0.0000000 2.3201441 2.2669638 3.0959145 2.0799920 1.7264947 2.0112290 1.5859827 1.8137113 1.4013539 2.1484757 1.8846727 2.4959899 2.0270259 2.1486563 1.6028675 2.0598189 1.7328041 2.7617230 3.4761331 
Naumovozyma_castellii               1.6087709 2.3201441 0.0000000 0.6352840 2.0102885 1.4220638 2.2829594 1.5086588 2.0145931 2.1339781 2.5794660 2.3170755 1.5271743 3.3880568 2.0434690 1.4998083 2.4303071 1.6695298 2.4000782 3.5697254 3.0359097 
Naumovozyma_dairenensis             1.5801872 2.2669638 0.6352840 0.0000000 1.9904698 1.7413688 2.3898701 1.4663755 2.2626390 2.0279830 2.5502195 2.4101144 1.5051029 2.9868496 2.1003099 1.2942278 2.4452324 1.6776510 2.4682569 3.1994321 2.4088890 
Tetrapisispora_blattae              2.5902402 3.0959145 2.0102885 1.9904698 0.0000000 2.1264087 3.3979705 2.5985802 2.4588353 3.0227917 2.7567100 2.7638485 1.9732645 3.7815833 2.4895856 1.9433915 3.3064428 2.5996148 3.2831999 3.6879387 2.2659095 
yHAB132_Kazachstania_martiniae      1.1576135 2.0799920 1.4220638 1.7413688 2.1264087 0.0000000 1.7096449 1.2355093 1.5077945 1.7926461 2.2928545 1.9654874 1.0838521 2.4335890 1.4907290 1.0414242 1.8551535 1.1124129 1.7740788 2.5278467 2.9696410 
yHAB133_Kazachstania_unispora       1.6495816 1.7264947 2.2829594 2.3898701 3.3979705 1.7096449 0.0000000 1.9901949 1.3429831 0.3332094 1.2344643 2.4497131 2.1207805 1.9079294 1.9304928 2.1531893 0.3203356 2.0459575 0.2563664 2.1222531 3.6459874 
yHAB134_Kazachstania_turicensis     1.2166815 2.0112290 1.5086588 1.4663755 2.5985802 1.2355093 1.9901949 0.0000000 1.6363653 2.2268342 2.4008185 2.1871585 1.1745806 3.1039892 1.4815456 1.0776644 2.1001219 0.5123506 2.1141259 3.6057784 3.5327485 
yHAB136_Kazachstania_bromeliacearum 1.6005977 1.5859827 2.0145931 2.2626390 2.4588353 1.5077945 1.3429831 1.6363653 0.0000000 1.4105861 1.5520652 1.8187711 1.7074027 2.1410719 1.9152939 1.6053152 1.3830148 1.6976478 1.3966209 2.5745603 2.8493425 
yHAB143_Kazachstania_siamensis      1.7195052 1.8137113 2.1339781 2.0279830 3.0227917 1.7926461 0.3332094 2.2268342 1.4105861 0.0000000 1.2952255 2.2531547 2.0634463 2.0387329 1.8687844 1.9745455 0.4184002 2.1758072 0.3944975 2.2328680 3.5697683 
yHAB147_Kazachstania_taianensis     1.9587579 1.4013539 2.5794660 2.5502195 2.7567100 2.2928545 1.2344643 2.4008185 1.5520652 1.2952255 0.0000000 1.9196834 1.9029423 2.1595300 2.5320545 2.1237262 1.0782971 2.4305929 1.3394204 2.2205094 4.5088831 
yHAB148_Kazachstania_intestinalis   1.7551245 2.1484757 2.3170755 2.4101144 2.7638485 1.9654874 2.4497131 2.1871585 1.8187711 2.2531547 1.9196834 0.0000000 1.6247842 3.6707024 2.3309996 1.8190778 2.4649169 2.3661465 2.4721757 3.7005912 4.2822079 
yHAB153_Kazachstania_rosinii        1.1450328 1.8846727 1.5271743 1.5051029 1.9732645 1.0838521 2.1207805 1.1745806 1.7074027 2.0634463 1.9029423 1.6247842 0.0000000 2.5667217 1.1704245 1.0722532 2.1355693 1.1140740 2.1105095 2.7713636 3.6259872 
yHAB154_Kazachstania_transvaalensis 2.5482767 2.4959899 3.3880568 2.9868496 3.7815833 2.4335890 1.9079294 3.1039892 2.1410719 2.0387329 2.1595300 3.6707024 2.5667217 0.0000000 2.2343464 2.8926193 2.0830902 2.4321318 2.0693614 0.5531282 3.8156813 
yHAB155_Kazachstania_spencerorum    1.6806268 2.0270259 2.0434690 2.1003099 2.4895856 1.4907290 1.9304928 1.4815456 1.9152939 1.8687844 2.5320545 2.3309996 1.1704245 2.2343464 0.0000000 1.4466382 2.0006786 1.3622455 1.8922205 2.3412046 3.1102102 
yHAB158_Kazachstania_viticola       0.9836474 2.1486563 1.4998083 1.2942278 1.9433915 1.0414242 2.1531893 1.0776644 1.6053152 1.9745455 2.1237262 1.8190778 1.0722532 2.8926193 1.4466382 0.0000000 2.2423625 1.0598319 2.2173365 3.0027569 3.1367247 
yHAB159_Kazachstania_solicola       1.6280511 1.6028675 2.4303071 2.4452324 3.3064428 1.8551535 0.3203356 2.1001219 1.3830148 0.4184002 1.0782971 2.4649169 2.1355693 2.0830902 2.0006786 2.2423625 0.0000000 2.2120225 0.2271211 2.1282702 3.6796944 
yHAB160_Kazachstania_kunashirensis  1.3056077 2.0598189 1.6695298 1.6776510 2.5996148 1.1124129 2.0459575 0.5123506 1.6976478 2.1758072 2.4305929 2.3661465 1.1140740 2.4321318 1.3622455 1.0598319 2.2120225 0.0000000 2.0388189 3.0445181 2.9370899 
yHAB164_Kazachstania_aerobia        1.6813462 1.7328041 2.4000782 2.4682569 3.2831999 1.7740788 0.2563664 2.1141259 1.3966209 0.3944975 1.3394204 2.4721757 2.1105095 2.0693614 1.8922205 2.2173365 0.2271211 2.0388189 0.0000000 2.1364211 3.6463107 
yHAB166_Kazachstania_yakushimaensis 2.8461685 2.7617230 3.5697254 3.1994321 3.6879387 2.5278467 2.1222531 3.6057784 2.5745603 2.2328680 2.2205094 3.7005912 2.7713636 0.5531282 2.3412046 3.0027569 2.1282702 3.0445181 2.1364211 0.0000000 3.5943058 
yHMPu5000035629_Yueomyces_sinensis  3.5915862 3.4761331 3.0359097 2.4088890 2.2659095 2.9696410 3.6459874 3.5327485 2.8493425 3.5697683 4.5088831 4.2822079 3.6259872 3.8156813 3.1102102 3.1367247 3.6796944 2.9370899 3.6463107 3.5943058 0.0000000 
