21
Kazachstania_africana               0.0000000 1.7632790 2.0067479 1.9944734 2.0803365 1.6371525 2.0466879 1.8849608 1.8180280 1.9560743 2.0182837 2.0749438 1.7150349 2.2146503 1.9384077 2.1245028 2.0235390 1.8817548 2.1799215 2.1459918 2.4583698 
Kazachstania_naganishii             1.7632790 0.0000000 1.7010184 1.7602181 1.8640075 1.4238803 1.4671856 1.6396769 1.4084022 1.3519782 1.3593865 1.7105650 1.5483171 1.8163140 1.6904223 1.8705576 1.5112925 1.6649396 1.5417596 1.8879154 1.9911769 
Naumovozyma_castellii               2.0067479 1.7010184 0.0000000 1.0960499 1.5357592 1.4284274 1.6616616 1.5828826 1.6587704 1.6865250 1.8644524 1.7606223 1.5160802 1.9749124 1.5188611 1.7130312 1.7191209 1.6189634 1.6920581 1.9885324 1.7334982 
Naumovozyma_dairenensis             1.9944734 1.7602181 1.0960499 0.0000000 1.7770741 1.4943706 1.7273540 1.6321128 1.7806590 1.6780338 1.7942427 1.8762155 1.5268381 2.0580901 1.6924186 1.7537889 1.6687437 1.6826147 1.7297560 1.9497747 1.9812517 
Tetrapisispora_blattae              2.0803365 1.8640075 1.5357592 1.7770741 0.0000000 1.7958403 1.8015465 1.7635427 1.8318191 1.7442102 1.7892348 1.8364185 1.5940613 1.9861362 1.7711758 1.9507092 1.9418794 1.5602288 1.9143096 1.8250047 1.0143354 
yHAB132_Kazachstania_martiniae      1.6371525 1.4238803 1.4284274 1.4943706 1.7958403 0.0000000 1.4489656 1.4430527 1.4001179 1.2968911 1.6753293 1.5668938 1.2764797 1.8171042 1.4021232 1.4166397 1.4128224 1.3539192 1.4592500 1.8319932 1.8826393 
yHAB133_Kazachstania_unispora       2.0466879 1.4671856 1.6616616 1.7273540 1.8015465 1.4489656 0.0000000 1.5648711 1.3498353 0.5132923 1.3313225 1.7248378 1.5604683 1.5747662 1.7863603 1.7414893 0.4398637 1.6296313 0.4563924 1.5460147 2.1035569 
yHAB134_Kazachstania_turicensis     1.8849608 1.6396769 1.5828826 1.6321128 1.7635427 1.4430527 1.5648711 0.0000000 1.5240501 1.5634520 1.6764379 1.6546201 1.2259906 1.9348417 1.2978064 1.6902870 1.6050817 1.0217917 1.6722838 1.8346197 1.9910778 
yHAB136_Kazachstania_bromeliacearum 1.8180280 1.4084022 1.6587704 1.7806590 1.8318191 1.4001179 1.3498353 1.5240501 0.0000000 1.3552907 1.4987283 1.7398073 1.4666201 1.7327976 1.5881929 1.7086158 1.4330298 1.4597509 1.4857775 1.6723104 2.1177926 
yHAB143_Kazachstania_siamensis      1.9560743 1.3519782 1.6865250 1.6780338 1.7442102 1.2968911 0.5132923 1.5634520 1.3552907 0.0000000 1.1684262 1.7124698 1.4684924 1.4677992 1.5810050 1.6670012 0.5916133 1.4965813 0.6003588 1.4562134 1.8920924 
yHAB147_Kazachstania_taianensis     2.0182837 1.3593865 1.8644524 1.7942427 1.7892348 1.6753293 1.3313225 1.6764379 1.4987283 1.1684262 0.0000000 1.9481098 1.5238410 1.5216362 1.8222179 1.8559849 1.2980277 1.6595803 1.4019702 1.5270575 1.9682534 
yHAB148_Kazachstania_intestinalis   2.0749438 1.7105650 1.7606223 1.8762155 1.8364185 1.5668938 1.7248378 1.6546201 1.7398073 1.7124698 1.9481098 0.0000000 1.6394262 2.2416234 1.8428332 1.7780572 1.7324428 1.7241549 1.7867852 2.1176920 1.9365917 
yHAB153_Kazachstania_rosinii        1.7150349 1.5483171 1.5160802 1.5268381 1.5940613 1.2764797 1.5604683 1.2259906 1.4666201 1.4684924 1.5238410 1.6394262 0.0000000 1.8143440 1.1827693 1.4762822 1.5049710 1.2942292 1.5371842 1.8278563 1.9476535 
yHAB154_Kazachstania_transvaalensis 2.2146503 1.8163140 1.9749124 2.0580901 1.9861362 1.8171042 1.5747662 1.9348417 1.7327976 1.4677992 1.5216362 2.2416234 1.8143440 0.0000000 2.0245245 2.1135841 1.6575583 1.9623605 1.6562788 0.4087246 2.0911609 
yHAB155_Kazachstania_spencerorum    1.9384077 1.6904223 1.5188611 1.6924186 1.7711758 1.4021232 1.7863603 1.2978064 1.5881929 1.5810050 1.8222179 1.8428332 1.1827693 2.0245245 0.0000000 1.5688296 1.7312962 1.2512143 1.7940465 2.0059737 1.9299344 
yHAB158_Kazachstania_viticola       2.1245028 1.8705576 1.7130312 1.7537889 1.9507092 1.4166397 1.7414893 1.6902870 1.7086158 1.6670012 1.8559849 1.7780572 1.4762822 2.1135841 1.5688296 0.0000000 1.7376288 1.5317663 1.7692327 2.0663114 2.2110526 
yHAB159_Kazachstania_solicola       2.0235390 1.5112925 1.7191209 1.6687437 1.9418794 1.4128224 0.4398637 1.6050817 1.4330298 0.5916133 1.2980277 1.7324428 1.5049710 1.6575583 1.7312962 1.7376288 0.0000000 1.6006882 0.1067725 1.5951409 2.0941106 
yHAB160_Kazachstania_kunashirensis  1.8817548 1.6649396 1.6189634 1.6826147 1.5602288 1.3539192 1.6296313 1.0217917 1.4597509 1.4965813 1.6595803 1.7241549 1.2942292 1.9623605 1.2512143 1.5317663 1.6006882 0.0000000 1.6574702 1.8479424 1.8933711 
yHAB164_Kazachstania_aerobia        2.1799215 1.5417596 1.6920581 1.7297560 1.9143096 1.4592500 0.4563924 1.6722838 1.4857775 0.6003588 1.4019702 1.7867852 1.5371842 1.6562788 1.7940465 1.7692327 0.1067725 1.6574702 0.0000000 1.6430041 2.0734213 
yHAB166_Kazachstania_yakushimaensis 2.1459918 1.8879154 1.9885324 1.9497747 1.8250047 1.8319932 1.5460147 1.8346197 1.6723104 1.4562134 1.5270575 2.1176920 1.8278563 0.4087246 2.0059737 2.0663114 1.5951409 1.8479424 1.6430041 0.0000000 2.0127302 
yHMPu5000035629_Yueomyces_sinensis  2.4583698 1.9911769 1.7334982 1.9812517 1.0143354 1.8826393 2.1035569 1.9910778 2.1177926 1.8920924 1.9682534 1.9365917 1.9476535 2.0911609 1.9299344 2.2110526 2.0941106 1.8933711 2.0734213 2.0127302 0.0000000 
