21
Kazachstania_africana               0.0000000 0.4816269 0.3473545 0.3181320 0.4414676 0.2839447 0.3659737 0.2802405 0.3149790 0.3190539 0.3553589 0.4545824 0.4250600 0.3474344 0.2904006 0.3199353 0.3939285 0.2250368 0.3990894 0.3637732 0.4553139 
Kazachstania_naganishii             0.4816269 0.0000000 0.5110891 0.4596084 0.6492529 0.4520556 0.5897991 0.5187355 0.3951865 0.4811387 0.4782497 0.5582358 0.4925520 0.5547283 0.5719232 0.5437245 0.4947273 0.4994849 0.5498166 0.5402609 0.7004095 
Naumovozyma_castellii               0.3473545 0.5110891 0.0000000 0.3020250 0.4970648 0.3334759 0.3792873 0.3856406 0.3222271 0.3691427 0.4135104 0.4676160 0.4348668 0.4644017 0.3716523 0.4483810 0.4220998 0.3439696 0.4827569 0.4477559 0.5572304 
Naumovozyma_dairenensis             0.3181320 0.4596084 0.3020250 0.0000000 0.4892966 0.2892884 0.3985607 0.3280626 0.2814769 0.3107170 0.3943090 0.4992654 0.3716859 0.3347051 0.3303475 0.3643982 0.3819060 0.2992637 0.3541257 0.3585522 0.4650421 
Tetrapisispora_blattae              0.4414676 0.6492529 0.4970648 0.4892966 0.0000000 0.4391922 0.5704932 0.4644360 0.4559708 0.4756239 0.5032150 0.5671364 0.5807779 0.5514640 0.4555113 0.4849092 0.5778205 0.4166559 0.5713676 0.5586484 0.3368680 
yHAB132_Kazachstania_martiniae      0.2839447 0.4520556 0.3334759 0.2892884 0.4391922 0.0000000 0.2902782 0.2402327 0.2519094 0.2785531 0.3452749 0.3528555 0.3437708 0.3676548 0.2768954 0.3252047 0.2915722 0.2116783 0.3131205 0.3684899 0.4620039 
yHAB133_Kazachstania_unispora       0.3659737 0.5897991 0.3792873 0.3985607 0.5704932 0.2902782 0.0000000 0.3527493 0.2975002 0.1955045 0.3814537 0.5628068 0.4607031 0.3746559 0.3352389 0.3998854 0.1198478 0.2753967 0.1151231 0.4231961 0.5121796 
yHAB134_Kazachstania_turicensis     0.2802405 0.5187355 0.3856406 0.3280626 0.4644360 0.2402327 0.3527493 0.0000000 0.2694869 0.3134781 0.3266708 0.4992739 0.3368066 0.3955435 0.2757134 0.3248033 0.3755361 0.1741161 0.3824131 0.3931213 0.4771001 
yHAB136_Kazachstania_bromeliacearum 0.3149790 0.3951865 0.3222271 0.2814769 0.4559708 0.2519094 0.2975002 0.2694869 0.0000000 0.2373628 0.2800773 0.4543163 0.3915146 0.2850984 0.2999860 0.3903226 0.2840243 0.2540257 0.2697462 0.3291707 0.4872574 
yHAB143_Kazachstania_siamensis      0.3190539 0.4811387 0.3691427 0.3107170 0.4756239 0.2785531 0.1955045 0.3134781 0.2373628 0.0000000 0.3756744 0.5033462 0.3659059 0.3364659 0.2795745 0.2878248 0.1760617 0.2498659 0.1556994 0.3656856 0.4674232 
yHAB147_Kazachstania_taianensis     0.3553589 0.4782497 0.4135104 0.3943090 0.5032150 0.3452749 0.3814537 0.3266708 0.2800773 0.3756744 0.0000000 0.5137133 0.4254186 0.4046139 0.3944372 0.3776407 0.3601769 0.2928764 0.3710050 0.4545179 0.6174749 
yHAB148_Kazachstania_intestinalis   0.4545824 0.5582358 0.4676160 0.4992654 0.5671364 0.3528555 0.5628068 0.4992739 0.4543163 0.5033462 0.5137133 0.0000000 0.5360176 0.5294438 0.4977720 0.5313985 0.5533985 0.4365245 0.5464816 0.5416962 0.5460450 
yHAB153_Kazachstania_rosinii        0.4250600 0.4925520 0.4348668 0.3716859 0.5807779 0.3437708 0.4607031 0.3368066 0.3915146 0.3659059 0.4254186 0.5360176 0.0000000 0.4634597 0.3971693 0.4301055 0.4402762 0.3189763 0.4823725 0.5874500 0.6549873 
yHAB154_Kazachstania_transvaalensis 0.3474344 0.5547283 0.4644017 0.3347051 0.5514640 0.3676548 0.3746559 0.3955435 0.2850984 0.3364659 0.4046139 0.5294438 0.4634597 0.0000000 0.3216602 0.3667930 0.3972096 0.3384292 0.3799816 0.1529281 0.4940425 
yHAB155_Kazachstania_spencerorum    0.2904006 0.5719232 0.3716523 0.3303475 0.4555113 0.2768954 0.3352389 0.2757134 0.2999860 0.2795745 0.3944372 0.4977720 0.3971693 0.3216602 0.0000000 0.3227471 0.3405913 0.2095896 0.3193913 0.3338627 0.4954734 
yHAB158_Kazachstania_viticola       0.3199353 0.5437245 0.4483810 0.3643982 0.4849092 0.3252047 0.3998854 0.3248033 0.3903226 0.2878248 0.3776407 0.5313985 0.4301055 0.3667930 0.3227471 0.0000000 0.3578681 0.2578045 0.3569893 0.3803950 0.5015117 
yHAB159_Kazachstania_solicola       0.3939285 0.4947273 0.4220998 0.3819060 0.5778205 0.2915722 0.1198478 0.3755361 0.2840243 0.1760617 0.3601769 0.5533985 0.4402762 0.3972096 0.3405913 0.3578681 0.0000000 0.3035215 0.0558403 0.4078524 0.5940258 
yHAB160_Kazachstania_kunashirensis  0.2250368 0.4994849 0.3439696 0.2992637 0.4166559 0.2116783 0.2753967 0.1741161 0.2540257 0.2498659 0.2928764 0.4365245 0.3189763 0.3384292 0.2095896 0.2578045 0.3035215 0.0000000 0.3188035 0.3384705 0.4132521 
yHAB164_Kazachstania_aerobia        0.3990894 0.5498166 0.4827569 0.3541257 0.5713676 0.3131205 0.1151231 0.3824131 0.2697462 0.1556994 0.3710050 0.5464816 0.4823725 0.3799816 0.3193913 0.3569893 0.0558403 0.3188035 0.0000000 0.4075376 0.5779218 
yHAB166_Kazachstania_yakushimaensis 0.3637732 0.5402609 0.4477559 0.3585522 0.5586484 0.3684899 0.4231961 0.3931213 0.3291707 0.3656856 0.4545179 0.5416962 0.5874500 0.1529281 0.3338627 0.3803950 0.4078524 0.3384705 0.4075376 0.0000000 0.4711402 
yHMPu5000035629_Yueomyces_sinensis  0.4553139 0.7004095 0.5572304 0.4650421 0.3368680 0.4620039 0.5121796 0.4771001 0.4872574 0.4674232 0.6174749 0.5460450 0.6549873 0.4940425 0.4954734 0.5015117 0.5940258 0.4132521 0.5779218 0.4711402 0.0000000 
