21
Kazachstania_africana               0.0000000 0.6889406 0.5270857 0.5364581 0.7180262 0.5628952 0.5292724 0.5346647 0.4674690 0.5311815 0.4680941 0.5116345 0.5079615 0.6530693 0.7712971 0.4011276 0.5304635 0.4838574 0.5221937 0.6573937 0.9461895 
Kazachstania_naganishii             0.6889406 0.0000000 0.6424755 0.7429615 0.9600869 0.6181267 0.5736733 0.7870625 0.4716203 0.5601242 0.4523590 0.6831367 0.7399600 0.8196859 1.2023252 0.6839820 0.4940132 0.7967389 0.5002654 0.7356477 1.2648795 
Naumovozyma_castellii               0.5270857 0.6424755 0.0000000 0.3804195 0.7018562 0.6078460 0.4941364 0.4588549 0.4633462 0.4661014 0.5008689 0.5803341 0.5629305 0.7159071 0.7159149 0.4355534 0.5010994 0.5695136 0.5006131 0.6723269 0.8083624 
Naumovozyma_dairenensis             0.5364581 0.7429615 0.3804195 0.0000000 0.8799996 0.7167636 0.6376769 0.5745188 0.5330224 0.5646336 0.6545183 0.6094902 0.6419062 0.8080984 0.8335311 0.5444758 0.6619508 0.6351664 0.6483490 0.7544828 1.1329064 
Tetrapisispora_blattae              0.7180262 0.9600869 0.7018562 0.8799996 0.0000000 0.9039757 0.7693670 0.7369850 0.7920874 0.8473458 0.8488849 0.7851905 0.7744427 1.0075891 1.1087299 0.6432007 0.7588356 0.7988728 0.7593477 1.0084788 0.6543728 
yHAB132_Kazachstania_martiniae      0.5628952 0.6181267 0.6078460 0.7167636 0.9039757 0.0000000 0.4844135 0.6408865 0.4227003 0.5276992 0.5532170 0.6470235 0.6932955 0.7255647 1.0795450 0.4098143 0.4620312 0.6237352 0.4617183 0.6511188 1.1694492 
yHAB133_Kazachstania_unispora       0.5292724 0.5736733 0.4941364 0.6376769 0.7693670 0.4844135 0.0000000 0.6622139 0.3490851 0.1679929 0.4086049 0.6375534 0.6823785 0.4596719 0.8597332 0.5056818 0.0905440 0.5807053 0.0808970 0.4440987 0.9778040 
yHAB134_Kazachstania_turicensis     0.5346647 0.7870625 0.4588549 0.5745188 0.7369850 0.6408865 0.6622139 0.0000000 0.6114905 0.6506866 0.7032385 0.7109972 0.5464914 0.8051402 0.7883951 0.4192817 0.6854472 0.3040461 0.6891953 0.7853355 1.1440869 
yHAB136_Kazachstania_bromeliacearum 0.4674690 0.4716203 0.4633462 0.5330224 0.7920874 0.4227003 0.3490851 0.6114905 0.0000000 0.3756773 0.3502735 0.5614997 0.5785554 0.4775065 0.9618039 0.5108167 0.3300903 0.5764368 0.3295748 0.4398435 1.0910537 
yHAB143_Kazachstania_siamensis      0.5311815 0.5601242 0.4661014 0.5646336 0.8473458 0.5276992 0.1679929 0.6506866 0.3756773 0.0000000 0.3771696 0.5785730 0.7196362 0.5304490 0.8599898 0.5409584 0.1840546 0.6001732 0.1940091 0.4779871 0.9877920 
yHAB147_Kazachstania_taianensis     0.4680941 0.4523590 0.5008689 0.6545183 0.8488849 0.5532170 0.4086049 0.7032385 0.3502735 0.3771696 0.0000000 0.5518588 0.5663926 0.5589797 0.9961284 0.5946268 0.3203549 0.6959207 0.3276900 0.5246727 1.1494819 
yHAB148_Kazachstania_intestinalis   0.5116345 0.6831367 0.5803341 0.6094902 0.7851905 0.6470235 0.6375534 0.7109972 0.5614997 0.5785730 0.5518588 0.0000000 0.7369222 0.7589035 0.9358499 0.6274793 0.6477507 0.7075014 0.6357955 0.6728522 0.9587631 
yHAB153_Kazachstania_rosinii        0.5079615 0.7399600 0.5629305 0.6419062 0.7744427 0.6932955 0.6823785 0.5464914 0.5785554 0.7196362 0.5663926 0.7369222 0.0000000 0.9516851 0.8247929 0.5141528 0.6308362 0.5784058 0.6346193 0.9344469 1.0592933 
yHAB154_Kazachstania_transvaalensis 0.6530693 0.8196859 0.7159071 0.8080984 1.0075891 0.7255647 0.4596719 0.8051402 0.4775065 0.5304490 0.5589797 0.7589035 0.9516851 0.0000000 1.0519657 0.6703842 0.5241510 0.7393049 0.5029018 0.1024097 1.1914219 
yHAB155_Kazachstania_spencerorum    0.7712971 1.2023252 0.7159149 0.8335311 1.1087299 1.0795450 0.8597332 0.7883951 0.9618039 0.8599898 0.9961284 0.9358499 0.8247929 1.0519657 0.0000000 0.7121864 0.9661574 0.7868085 0.9461760 1.0357952 1.1209235 
yHAB158_Kazachstania_viticola       0.4011276 0.6839820 0.4355534 0.5444758 0.6432007 0.4098143 0.5056818 0.4192817 0.5108167 0.5409584 0.5946268 0.6274793 0.5141528 0.6703842 0.7121864 0.0000000 0.5062430 0.4438905 0.4963604 0.6102046 1.0020275 
yHAB159_Kazachstania_solicola       0.5304635 0.4940132 0.5010994 0.6619508 0.7588356 0.4620312 0.0905440 0.6854472 0.3300903 0.1840546 0.3203549 0.6477507 0.6308362 0.5241510 0.9661574 0.5062430 0.0000000 0.6386092 0.0184853 0.4865404 1.0454838 
yHAB160_Kazachstania_kunashirensis  0.4838574 0.7967389 0.5695136 0.6351664 0.7988728 0.6237352 0.5807053 0.3040461 0.5764368 0.6001732 0.6959207 0.7075014 0.5784058 0.7393049 0.7868085 0.4438905 0.6386092 0.0000000 0.6323606 0.7280233 1.0186466 
yHAB164_Kazachstania_aerobia        0.5221937 0.5002654 0.5006131 0.6483490 0.7593477 0.4617183 0.0808970 0.6891953 0.3295748 0.1940091 0.3276900 0.6357955 0.6346193 0.5029018 0.9461760 0.4963604 0.0184853 0.6323606 0.0000000 0.4681206 1.0309800 
yHAB166_Kazachstania_yakushimaensis 0.6573937 0.7356477 0.6723269 0.7544828 1.0084788 0.6511188 0.4440987 0.7853355 0.4398435 0.4779871 0.5246727 0.6728522 0.9344469 0.1024097 1.0357952 0.6102046 0.4865404 0.7280233 0.4681206 0.0000000 1.1140410 
yHMPu5000035629_Yueomyces_sinensis  0.9461895 1.2648795 0.8083624 1.1329064 0.6543728 1.1694492 0.9778040 1.1440869 1.0910537 0.9877920 1.1494819 0.9587631 1.0592933 1.1914219 1.1209235 1.0020275 1.0454838 1.0186466 1.0309800 1.1140410 0.0000000 
