21
Kazachstania_africana               0.0000000 0.5242922 0.4432609 0.4841629 0.4611261 0.3153693 0.3837322 0.3710828 0.3503930 0.4255680 0.3768771 0.4609867 0.4541670 0.4223745 0.4244716 0.3173693 0.3096328 0.2986691 0.3179063 0.3790671 0.5149332 
Kazachstania_naganishii             0.5242922 0.0000000 0.4951897 0.5856183 0.6163404 0.5175870 0.5749114 0.5768281 0.4337694 0.5506824 0.3780244 0.4708394 0.4654815 0.4947283 0.6710804 0.5649928 0.5101063 0.5984440 0.5285422 0.4967571 0.7363697 
Naumovozyma_castellii               0.4432609 0.4951897 0.0000000 0.3117671 0.4763963 0.3357015 0.4122259 0.3754864 0.3403111 0.4371545 0.3785429 0.4428250 0.4780080 0.4852759 0.4429976 0.3425424 0.4238276 0.3736542 0.4419274 0.4343585 0.6103228 
Naumovozyma_dairenensis             0.4841629 0.5856183 0.3117671 0.0000000 0.4842944 0.4185878 0.4812422 0.4723739 0.4006374 0.4560703 0.5034776 0.5796797 0.5582678 0.4561476 0.4984490 0.3795319 0.5302691 0.4512412 0.5173268 0.4521137 0.6521039 
Tetrapisispora_blattae              0.4611261 0.6163404 0.4763963 0.4842944 0.0000000 0.4182489 0.4813711 0.4632367 0.4480093 0.5103811 0.4591048 0.5581106 0.5536090 0.4747590 0.5435705 0.3735638 0.4537583 0.4140453 0.4625615 0.4095293 0.3379877 
yHAB132_Kazachstania_martiniae      0.3153693 0.5175870 0.3357015 0.4185878 0.4182489 0.0000000 0.3461650 0.3494244 0.3504102 0.3947635 0.3497051 0.4074638 0.4873657 0.4070546 0.4267732 0.3195985 0.3145055 0.3372151 0.3075440 0.3276412 0.5182274 
yHAB133_Kazachstania_unispora       0.3837322 0.5749114 0.4122259 0.4812422 0.4813711 0.3461650 0.0000000 0.3661318 0.2623559 0.2089559 0.3376128 0.4523278 0.6434852 0.3474348 0.4725761 0.3794445 0.1364758 0.3454961 0.1394276 0.3069513 0.5637431 
yHAB134_Kazachstania_turicensis     0.3710828 0.5768281 0.3754864 0.4723739 0.4632367 0.3494244 0.3661318 0.0000000 0.3778701 0.4218249 0.4602466 0.5405145 0.5178775 0.4084601 0.3883100 0.3642202 0.3816598 0.2482893 0.3689960 0.3651935 0.5594528 
yHAB136_Kazachstania_bromeliacearum 0.3503930 0.4337694 0.3403111 0.4006374 0.4480093 0.3504102 0.2623559 0.3778701 0.0000000 0.3216783 0.3075409 0.4305920 0.5124691 0.3371839 0.4503120 0.3585433 0.2665257 0.3653278 0.2908075 0.3200405 0.5205851 
yHAB143_Kazachstania_siamensis      0.4255680 0.5506824 0.4371545 0.4560703 0.5103811 0.3947635 0.2089559 0.4218249 0.3216783 0.0000000 0.3600262 0.5524450 0.6032280 0.3751075 0.5215426 0.4275543 0.2310041 0.3994634 0.2234847 0.3379948 0.6388274 
yHAB147_Kazachstania_taianensis     0.3768771 0.3780244 0.3785429 0.5034776 0.4591048 0.3497051 0.3376128 0.4602466 0.3075409 0.3600262 0.0000000 0.3670115 0.3757847 0.4586359 0.5127677 0.3810195 0.3067448 0.4009561 0.3128185 0.3699020 0.6269092 
yHAB148_Kazachstania_intestinalis   0.4609867 0.4708394 0.4428250 0.5796797 0.5581106 0.4074638 0.4523278 0.5405145 0.4305920 0.5524450 0.3670115 0.0000000 0.4507241 0.5614369 0.6207304 0.5148238 0.4034395 0.5294260 0.4433477 0.5080707 0.7015272 
yHAB153_Kazachstania_rosinii        0.4541670 0.4654815 0.4780080 0.5582678 0.5536090 0.4873657 0.6434852 0.5178775 0.5124691 0.6032280 0.3757847 0.4507241 0.0000000 0.5839329 0.5176454 0.4879373 0.4899742 0.5038504 0.5355122 0.5254715 0.7110805 
yHAB154_Kazachstania_transvaalensis 0.4223745 0.4947283 0.4852759 0.4561476 0.4747590 0.4070546 0.3474348 0.4084601 0.3371839 0.3751075 0.4586359 0.5614369 0.5839329 0.0000000 0.4539916 0.4204538 0.3481354 0.4417197 0.3428945 0.1826107 0.5669616 
yHAB155_Kazachstania_spencerorum    0.4244716 0.6710804 0.4429976 0.4984490 0.5435705 0.4267732 0.4725761 0.3883100 0.4503120 0.5215426 0.5127677 0.6207304 0.5176454 0.4539916 0.0000000 0.4204367 0.4415513 0.3841445 0.4857918 0.4023178 0.6283291 
yHAB158_Kazachstania_viticola       0.3173693 0.5649928 0.3425424 0.3795319 0.3735638 0.3195985 0.3794445 0.3642202 0.3585433 0.4275543 0.3810195 0.5148238 0.4879373 0.4204538 0.4204367 0.0000000 0.3687894 0.3053181 0.3887456 0.3394410 0.5017582 
yHAB159_Kazachstania_solicola       0.3096328 0.5101063 0.4238276 0.5302691 0.4537583 0.3145055 0.1364758 0.3816598 0.2665257 0.2310041 0.3067448 0.4034395 0.4899742 0.3481354 0.4415513 0.3687894 0.0000000 0.3235128 0.0363868 0.3156876 0.5437919 
yHAB160_Kazachstania_kunashirensis  0.2986691 0.5984440 0.3736542 0.4512412 0.4140453 0.3372151 0.3454961 0.2482893 0.3653278 0.3994634 0.4009561 0.5294260 0.5038504 0.4417197 0.3841445 0.3053181 0.3235128 0.0000000 0.3318708 0.3556949 0.5073641 
yHAB164_Kazachstania_aerobia        0.3179063 0.5285422 0.4419274 0.5173268 0.4625615 0.3075440 0.1394276 0.3689960 0.2908075 0.2234847 0.3128185 0.4433477 0.5355122 0.3428945 0.4857918 0.3887456 0.0363868 0.3318708 0.0000000 0.3040877 0.5326467 
yHAB166_Kazachstania_yakushimaensis 0.3790671 0.4967571 0.4343585 0.4521137 0.4095293 0.3276412 0.3069513 0.3651935 0.3200405 0.3379948 0.3699020 0.5080707 0.5254715 0.1826107 0.4023178 0.3394410 0.3156876 0.3556949 0.3040877 0.0000000 0.5051759 
yHMPu5000035629_Yueomyces_sinensis  0.5149332 0.7363697 0.6103228 0.6521039 0.3379877 0.5182274 0.5637431 0.5594528 0.5205851 0.6388274 0.6269092 0.7015272 0.7110805 0.5669616 0.6283291 0.5017582 0.5437919 0.5073641 0.5326467 0.5051759 0.0000000 
