21
Kazachstania_africana               0.0000000 2.1091504 2.1482971 1.9952666 2.8314646 2.1247488 2.2501226 2.1067065 1.8467490 2.3250323 2.2325290 2.4996064 1.8844514 2.5617457 1.5677503 1.7956194 2.5950334 1.9953295 2.5147045 2.3791193 2.6920059 
Kazachstania_naganishii             2.1091504 0.0000000 2.1438147 2.4200065 3.8847893 1.7966246 1.9056524 2.2800479 1.2580773 2.0254168 1.6197938 2.0156882 1.7656574 2.4109493 2.0478778 1.8546321 1.9932740 2.1346666 1.9724064 2.2562272 3.1262363 
Naumovozyma_castellii               2.1482971 2.1438147 0.0000000 1.5153703 2.8789981 1.9063223 2.2083410 2.0311540 1.6955572 2.3027444 2.1618468 2.6733018 2.0649053 2.5362987 1.9352466 1.8523591 2.2236196 1.9147997 2.2799046 2.3420922 2.3376076 
Naumovozyma_dairenensis             1.9952666 2.4200065 1.5153703 0.0000000 2.9087504 2.1656588 2.4384540 2.0261424 1.9085439 2.4291707 2.1840856 2.5637446 2.1594223 2.6699018 1.8250570 1.6970981 2.6017770 1.9154964 2.4183761 2.7075778 2.4515047 
Tetrapisispora_blattae              2.8314646 3.8847893 2.8789981 2.9087504 0.0000000 2.9417982 3.1279860 3.1529815 3.0530070 2.7939209 3.3075619 3.9601025 3.1443294 2.9358818 2.9284395 2.9172018 3.2258308 2.9583266 3.1210769 2.9156139 2.0612073 
yHAB132_Kazachstania_martiniae      2.1247488 1.7966246 1.9063223 2.1656588 2.9417982 0.0000000 1.8547121 1.9361658 1.4112835 1.9124320 1.7668640 1.9671592 1.8614741 2.2050868 1.7341862 1.6565328 1.9033212 1.8614977 1.9390398 2.1567967 2.4506113 
yHAB133_Kazachstania_unispora       2.2501226 1.9056524 2.2083410 2.4384540 3.1279860 1.8547121 0.0000000 2.2275919 1.3423800 0.6114905 1.4902703 2.5143678 1.9594177 2.1196597 1.9292637 1.9748877 0.3832970 2.0765350 0.3582413 2.0442249 2.9479884 
yHAB134_Kazachstania_turicensis     2.1067065 2.2800479 2.0311540 2.0261424 3.1529815 1.9361658 2.2275919 0.0000000 1.8335298 2.1125854 1.8559692 2.1472645 1.5901475 2.3841317 1.1143845 1.6651786 2.2912850 0.8485886 2.2488399 2.2565914 2.4942068 
yHAB136_Kazachstania_bromeliacearum 1.8467490 1.2580773 1.6955572 1.9085439 3.0530070 1.4112835 1.3423800 1.8335298 0.0000000 1.3421800 1.3368755 1.6610985 1.6562409 1.9692670 1.3574776 1.2665274 1.4207400 1.5409905 1.4026263 1.8502021 2.5264475 
yHAB143_Kazachstania_siamensis      2.3250323 2.0254168 2.3027444 2.4291707 2.7939209 1.9124320 0.6114905 2.1125854 1.3421800 0.0000000 1.4716804 2.5524026 2.2167901 2.0972548 1.7797546 1.8918268 0.7031255 2.0056984 0.6262820 1.9264487 2.8393208 
yHAB147_Kazachstania_taianensis     2.2325290 1.6197938 2.1618468 2.1840856 3.3075619 1.7668640 1.4902703 1.8559692 1.3368755 1.4716804 0.0000000 1.8802601 2.0554297 2.0353726 1.8463305 1.6892447 1.6684118 2.0007165 1.5896114 1.9794809 2.5629003 
yHAB148_Kazachstania_intestinalis   2.4996064 2.0156882 2.6733018 2.5637446 3.9601025 1.9671592 2.5143678 2.1472645 1.6610985 2.5524026 1.8802601 0.0000000 2.3474891 2.8683560 2.1603658 2.0077411 2.4738206 2.2343751 2.4444124 2.7989833 3.0551556 
yHAB153_Kazachstania_rosinii        1.8844514 1.7656574 2.0649053 2.1594223 3.1443294 1.8614741 1.9594177 1.5901475 1.6562409 2.2167901 2.0554297 2.3474891 0.0000000 2.6236622 1.1342501 1.6046085 2.1529284 1.4274660 2.1068018 2.4972088 2.5296467 
yHAB154_Kazachstania_transvaalensis 2.5617457 2.4109493 2.5362987 2.6699018 2.9358818 2.2050868 2.1196597 2.3841317 1.9692670 2.0972548 2.0353726 2.8683560 2.6236622 0.0000000 2.4422093 2.4486246 2.3427789 2.3827545 2.3598559 0.4707010 2.9004646 
yHAB155_Kazachstania_spencerorum    1.5677503 2.0478778 1.9352466 1.8250570 2.9284395 1.7341862 1.9292637 1.1143845 1.3574776 1.7797546 1.8463305 2.1603658 1.1342501 2.4422093 0.0000000 1.3863304 2.0669699 1.1572395 1.9932562 2.2026100 2.4360245 
yHAB158_Kazachstania_viticola       1.7956194 1.8546321 1.8523591 1.6970981 2.9172018 1.6565328 1.9748877 1.6651786 1.2665274 1.8918268 1.6892447 2.0077411 1.6046085 2.4486246 1.3863304 0.0000000 2.0542348 1.5056876 2.0090134 2.3209914 2.5023622 
yHAB159_Kazachstania_solicola       2.5950334 1.9932740 2.2236196 2.6017770 3.2258308 1.9033212 0.3832970 2.2912850 1.4207400 0.7031255 1.6684118 2.4738206 2.1529284 2.3427789 2.0669699 2.0542348 0.0000000 2.1327615 0.1066616 2.0724432 3.1375496 
yHAB160_Kazachstania_kunashirensis  1.9953295 2.1346666 1.9147997 1.9154964 2.9583266 1.8614977 2.0765350 0.8485886 1.5409905 2.0056984 2.0007165 2.2343751 1.4274660 2.3827545 1.1572395 1.5056876 2.1327615 0.0000000 2.1444554 2.2265908 2.3445397 
yHAB164_Kazachstania_aerobia        2.5147045 1.9724064 2.2799046 2.4183761 3.1210769 1.9390398 0.3582413 2.2488399 1.4026263 0.6262820 1.5896114 2.4444124 2.1068018 2.3598559 1.9932562 2.0090134 0.1066616 2.1444554 0.0000000 2.0376600 3.0319738 
yHAB166_Kazachstania_yakushimaensis 2.3791193 2.2562272 2.3420922 2.7075778 2.9156139 2.1567967 2.0442249 2.2565914 1.8502021 1.9264487 1.9794809 2.7989833 2.4972088 0.4707010 2.2026100 2.3209914 2.0724432 2.2265908 2.0376600 0.0000000 2.9512025 
yHMPu5000035629_Yueomyces_sinensis  2.6920059 3.1262363 2.3376076 2.4515047 2.0612073 2.4506113 2.9479884 2.4942068 2.5264475 2.8393208 2.5629003 3.0551556 2.5296467 2.9004646 2.4360245 2.5023622 3.1375496 2.3445397 3.0319738 2.9512025 0.0000000 
