21
Kazachstania_africana               0.0000000 1.7997150 1.2837058 1.3507882 1.4856126 1.1828479 1.5303042 1.2694141 1.1134036 1.4504648 1.5619536 1.3729406 1.2214215 1.5052911 1.3569090 1.2932976 1.4771341 1.2001432 1.5315500 1.4416762 1.7387136 
Kazachstania_naganishii             1.7997150 0.0000000 1.6060929 1.8061288 1.8879907 1.3459435 1.6635380 1.8877167 1.2510487 1.6744552 1.0863177 1.1664139 1.5139903 1.5556142 1.6881539 1.9131632 1.4504914 1.9708280 1.7518846 1.7769050 1.7601770 
Naumovozyma_castellii               1.2837058 1.6060929 0.0000000 0.7965325 1.1257832 1.1237998 1.5943132 1.3983264 1.2113158 1.8031508 1.5960487 1.2132982 1.3792727 1.4610733 1.6018923 1.1894322 1.7359548 1.3307948 1.7566530 1.5680033 1.4029108 
Naumovozyma_dairenensis             1.3507882 1.8061288 0.7965325 0.0000000 1.3329499 1.2085049 1.4821122 1.3654430 1.2907637 1.8706964 1.5981804 1.4314009 1.4582126 1.7103029 1.8011077 1.5213140 1.8518462 1.4123643 1.7340982 1.5956832 1.6118293 
Tetrapisispora_blattae              1.4856126 1.8879907 1.1257832 1.3329499 0.0000000 1.2082110 1.6802201 1.2741010 1.3240643 1.7803499 1.6316330 1.4737514 1.6831899 1.5157034 1.4894972 1.3428731 1.7803906 1.1875805 1.6524355 1.4793364 1.1780413 
yHAB132_Kazachstania_martiniae      1.1828479 1.3459435 1.1237998 1.2085049 1.2082110 0.0000000 1.3050917 1.0447785 0.8719577 1.4737476 1.2555543 1.1075739 1.1285134 1.3446636 1.4612908 1.3291042 1.4038454 1.0786421 1.3601626 1.3735642 1.5280455 
yHAB133_Kazachstania_unispora       1.5303042 1.6635380 1.5943132 1.4821122 1.6802201 1.3050917 0.0000000 1.2944610 1.3616258 0.8689109 1.4918736 1.3811936 1.5334512 1.4429362 1.4786747 1.5890250 0.3745013 1.3417338 0.3934553 1.4534079 1.9028564 
yHAB134_Kazachstania_turicensis     1.2694141 1.8877167 1.3983264 1.3654430 1.2741010 1.0447785 1.2944610 0.0000000 1.2132485 1.5853258 1.6090990 1.4106575 1.1535025 1.5581987 1.3548000 1.1462940 1.4962743 0.7564521 1.4946621 1.3442252 1.3419321 
yHAB136_Kazachstania_bromeliacearum 1.1134036 1.2510487 1.2113158 1.2907637 1.3240643 0.8719577 1.3616258 1.2132485 0.0000000 1.4114507 1.1997981 0.9167233 1.2968747 1.2341579 1.5923402 1.3189588 1.3572595 1.0478297 1.3594769 1.1643596 1.6175431 
yHAB143_Kazachstania_siamensis      1.4504648 1.6744552 1.8031508 1.8706964 1.7803499 1.4737476 0.8689109 1.5853258 1.4114507 0.0000000 1.4394293 1.6421386 1.6591714 1.5244411 1.5232758 1.5553920 0.9693979 1.4082810 0.8676856 1.5292821 1.8595551 
yHAB147_Kazachstania_taianensis     1.5619536 1.0863177 1.5960487 1.5981804 1.6316330 1.2555543 1.4918736 1.6090990 1.1997981 1.4394293 0.0000000 1.1120536 1.3518968 1.4197821 1.6369626 1.6562918 1.4058347 1.5150182 1.5442215 1.4624485 1.7000065 
yHAB148_Kazachstania_intestinalis   1.3729406 1.1664139 1.2132982 1.4314009 1.4737514 1.1075739 1.3811936 1.4106575 0.9167233 1.6421386 1.1120536 0.0000000 1.3464402 1.6500339 1.5189739 1.3654722 1.4985358 1.5611475 1.5043426 1.5841487 1.8074377 
yHAB153_Kazachstania_rosinii        1.2214215 1.5139903 1.3792727 1.4582126 1.6831899 1.1285134 1.5334512 1.1535025 1.2968747 1.6591714 1.3518968 1.3464402 0.0000000 1.6388523 1.4228876 1.4545293 1.6068481 1.1311658 1.6324466 1.6599072 1.8722025 
yHAB154_Kazachstania_transvaalensis 1.5052911 1.5556142 1.4610733 1.7103029 1.5157034 1.3446636 1.4429362 1.5581987 1.2341579 1.5244411 1.4197821 1.6500339 1.6388523 0.0000000 1.5504119 1.7067291 1.5019570 1.5387245 1.4493252 0.4000030 1.8736049 
yHAB155_Kazachstania_spencerorum    1.3569090 1.6881539 1.6018923 1.8011077 1.4894972 1.4612908 1.4786747 1.3548000 1.5923402 1.5232758 1.6369626 1.5189739 1.4228876 1.5504119 0.0000000 1.4172361 1.6779574 1.3856941 1.5550336 1.3951318 1.7511799 
yHAB158_Kazachstania_viticola       1.2932976 1.9131632 1.1894322 1.5213140 1.3428731 1.3291042 1.5890250 1.1462940 1.3189588 1.5553920 1.6562918 1.3654722 1.4545293 1.7067291 1.4172361 0.0000000 1.5732614 1.2127917 1.6275006 1.6645305 1.5964378 
yHAB159_Kazachstania_solicola       1.4771341 1.4504914 1.7359548 1.8518462 1.7803906 1.4038454 0.3745013 1.4962743 1.3572595 0.9693979 1.4058347 1.4985358 1.6068481 1.5019570 1.6779574 1.5732614 0.0000000 1.5420984 0.2323710 1.6627425 2.2708597 
yHAB160_Kazachstania_kunashirensis  1.2001432 1.9708280 1.3307948 1.4123643 1.1875805 1.0786421 1.3417338 0.7564521 1.0478297 1.4082810 1.5150182 1.5611475 1.1311658 1.5387245 1.3856941 1.2127917 1.5420984 0.0000000 1.4030671 1.3487416 1.4821381 
yHAB164_Kazachstania_aerobia        1.5315500 1.7518846 1.7566530 1.7340982 1.6524355 1.3601626 0.3934553 1.4946621 1.3594769 0.8676856 1.5442215 1.5043426 1.6324466 1.4493252 1.5550336 1.6275006 0.2323710 1.4030671 0.0000000 1.4748788 2.0461084 
yHAB166_Kazachstania_yakushimaensis 1.4416762 1.7769050 1.5680033 1.5956832 1.4793364 1.3735642 1.4534079 1.3442252 1.1643596 1.5292821 1.4624485 1.5841487 1.6599072 0.4000030 1.3951318 1.6645305 1.6627425 1.3487416 1.4748788 0.0000000 1.7616335 
yHMPu5000035629_Yueomyces_sinensis  1.7387136 1.7601770 1.4029108 1.6118293 1.1780413 1.5280455 1.9028564 1.3419321 1.6175431 1.8595551 1.7000065 1.8074377 1.8722025 1.8736049 1.7511799 1.5964378 2.2708597 1.4821381 2.0461084 1.7616335 0.0000000 
