21
Kazachstania_africana               0.0000000 2.3292729 1.5304828 1.3066652 1.4218867 1.2097247 1.5221919 1.2992222 1.5562053 1.4571000 3.7058862 1.8083342 1.1344291 1.2504432 1.1838767 1.2670776 1.5412691 0.9950802 1.6097183 1.1343124 2.0414079 
Kazachstania_naganishii             2.3292729 0.0000000 1.9917208 2.6994814 2.2909143 1.7177234 2.2240019 2.2548896 1.9038774 2.2808026 1.7457685 1.4040392 1.5365818 2.2346087 1.9081748 2.2829432 2.0451902 1.8678595 1.9484814 1.9859145 3.2861345 
Naumovozyma_castellii               1.5304828 1.9917208 0.0000000 1.0499205 1.7823351 1.2668919 1.7489453 2.1652662 2.0036901 1.6488502 3.6908004 1.7792488 1.5754943 1.7316540 1.7274851 1.6465065 1.7394136 1.4986023 1.6747772 1.6282397 1.8337086 
Naumovozyma_dairenensis             1.3066652 2.6994814 1.0499205 0.0000000 1.4533659 1.4295038 1.7608471 1.9015737 1.9862612 1.8573046 3.6402945 1.8227136 1.7781170 1.5167922 1.6604028 2.2327488 1.7826217 1.4410007 1.7877455 1.4981351 2.4343063 
Tetrapisispora_blattae              1.4218867 2.2909143 1.7823351 1.4533659 0.0000000 1.1250658 1.7818628 1.6495172 1.6672366 1.6063287 3.7435626 1.7888936 1.5874390 1.6779225 1.3344802 1.6730568 1.9513947 1.4556839 1.9570020 1.6799419 1.8800376 
yHAB132_Kazachstania_martiniae      1.2097247 1.7177234 1.2668919 1.4295038 1.1250658 0.0000000 1.1903889 1.4322426 1.0300068 1.2127606 2.8147773 1.1451988 1.1502570 1.6256239 1.0583722 1.3098027 1.1570993 0.9590644 1.2225664 1.4754563 1.8942836 
yHAB133_Kazachstania_unispora       1.5221919 2.2240019 1.7489453 1.7608471 1.7818628 1.1903889 0.0000000 1.9567115 1.3481498 0.3339308 3.1584497 1.7057562 1.7085835 1.8122053 1.4360961 1.4038722 0.3156032 1.4365838 0.3022577 1.6025610 2.4958287 
yHAB134_Kazachstania_turicensis     1.2992222 2.2548896 2.1652662 1.9015737 1.6495172 1.4322426 1.9567115 0.0000000 1.5793432 1.9703414 3.4330543 1.8558475 1.4099892 1.8119515 1.3794985 1.5404217 1.8393130 1.1076194 1.8829021 1.7227566 2.2782256 
yHAB136_Kazachstania_bromeliacearum 1.5562053 1.9038774 2.0036901 1.9862612 1.6672366 1.0300068 1.3481498 1.5793432 0.0000000 1.4718221 2.3476306 1.4896231 1.4016070 1.6614760 1.5047822 1.9627814 1.3500482 1.5414538 1.3425881 1.4702161 2.2878712 
yHAB143_Kazachstania_siamensis      1.4571000 2.2808026 1.6488502 1.8573046 1.6063287 1.2127606 0.3339308 1.9703414 1.4718221 0.0000000 3.1147633 1.6790140 1.6136214 1.7921300 1.4678913 1.5370069 0.4416120 1.6280298 0.4247096 1.4560475 2.4350089 
yHAB147_Kazachstania_taianensis     3.7058862 1.7457685 3.6908004 3.6402945 3.7435626 2.8147773 3.1584497 3.4330543 2.3476306 3.1147633 0.0000000 2.0245396 2.0619784 2.9523761 2.8757067 3.6303659 2.6897573 3.3892612 2.6332283 2.6765566 5.2550757 
yHAB148_Kazachstania_intestinalis   1.8083342 1.4040392 1.7792488 1.8227136 1.7888936 1.1451988 1.7057562 1.8558475 1.4896231 1.6790140 2.0245396 0.0000000 1.3984087 1.9332368 1.2318357 1.7155334 1.5627572 1.5089852 1.4874212 1.7831063 2.4794363 
yHAB153_Kazachstania_rosinii        1.1344291 1.5365818 1.5754943 1.7781170 1.5874390 1.1502570 1.7085835 1.4099892 1.4016070 1.6136214 2.0619784 1.3984087 0.0000000 1.6205451 1.0204932 1.4468464 1.6631932 0.9414242 1.6400503 1.6994478 2.0757427 
yHAB154_Kazachstania_transvaalensis 1.2504432 2.2346087 1.7316540 1.5167922 1.6779225 1.6256239 1.8122053 1.8119515 1.6614760 1.7921300 2.9523761 1.9332368 1.6205451 0.0000000 1.6495379 2.1981432 1.8052475 1.4682395 1.6445946 0.4371401 2.7158128 
yHAB155_Kazachstania_spencerorum    1.1838767 1.9081748 1.7274851 1.6604028 1.3344802 1.0583722 1.4360961 1.3794985 1.5047822 1.4678913 2.8757067 1.2318357 1.0204932 1.6495379 0.0000000 1.6627066 1.5074013 0.8409816 1.4462688 1.5679181 2.1586417 
yHAB158_Kazachstania_viticola       1.2670776 2.2829432 1.6465065 2.2327488 1.6730568 1.3098027 1.4038722 1.5404217 1.9627814 1.5370069 3.6303659 1.7155334 1.4468464 2.1981432 1.6627066 0.0000000 1.4427248 1.8838354 1.4494166 2.0031143 2.1274107 
yHAB159_Kazachstania_solicola       1.5412691 2.0451902 1.7394136 1.7826217 1.9513947 1.1570993 0.3156032 1.8393130 1.3500482 0.4416120 2.6897573 1.5627572 1.6631932 1.8052475 1.5074013 1.4427248 0.0000000 1.6288713 0.1146572 1.5031313 2.6170406 
yHAB160_Kazachstania_kunashirensis  0.9950802 1.8678595 1.4986023 1.4410007 1.4556839 0.9590644 1.4365838 1.1076194 1.5414538 1.6280298 3.3892612 1.5089852 0.9414242 1.4682395 0.8409816 1.8838354 1.6288713 0.0000000 1.5989188 1.3932501 1.8353072 
yHAB164_Kazachstania_aerobia        1.6097183 1.9484814 1.6747772 1.7877455 1.9570020 1.2225664 0.3022577 1.8829021 1.3425881 0.4247096 2.6332283 1.4874212 1.6400503 1.6445946 1.4462688 1.4494166 0.1146572 1.5989188 0.0000000 1.4805871 2.5425652 
yHAB166_Kazachstania_yakushimaensis 1.1343124 1.9859145 1.6282397 1.4981351 1.6799419 1.4754563 1.6025610 1.7227566 1.4702161 1.4560475 2.6765566 1.7831063 1.6994478 0.4371401 1.5679181 2.0031143 1.5031313 1.3932501 1.4805871 0.0000000 2.4347575 
yHMPu5000035629_Yueomyces_sinensis  2.0414079 3.2861345 1.8337086 2.4343063 1.8800376 1.8942836 2.4958287 2.2782256 2.2878712 2.4350089 5.2550757 2.4794363 2.0757427 2.7158128 2.1586417 2.1274107 2.6170406 1.8353072 2.5425652 2.4347575 0.0000000 
