21
Kazachstania_africana               0.0000000 2.3478082 2.2586803 2.2751113 5.2657036 2.3982163 2.8008240 2.4900907 2.3007618 2.7294864 2.5185775 2.6200366 2.4321360 3.4976736 2.9780198 2.2544485 2.7696896 2.7595869 2.8582374 3.6965194 6.3882899 
Kazachstania_naganishii             2.3478082 0.0000000 2.3527681 2.2941309 5.8858175 2.4238242 2.3923150 2.7891923 1.6571009 2.3817749 1.7950161 2.6929612 2.5387531 2.9781759 2.7234606 2.4338101 2.3162967 2.6600119 2.2784555 3.1617629 6.9766013 
Naumovozyma_castellii               2.2586803 2.3527681 0.0000000 1.4286060 4.7721999 2.2243980 2.5566393 2.6808174 2.3086533 2.6224815 2.1779553 2.7429457 2.3271213 3.2634071 2.9140989 2.3584424 2.4741410 2.6894974 2.4447536 3.3106125 5.2535307 
Naumovozyma_dairenensis             2.2751113 2.2941309 1.4286060 0.0000000 4.8709794 2.0658044 2.6139257 2.3168915 2.0948658 2.5012031 2.1924866 2.2752666 2.3148604 2.9385480 2.7207589 2.2188136 2.5931710 2.4424193 2.5649142 3.0839620 5.7553011 
Tetrapisispora_blattae              5.2657036 5.8858175 4.7721999 4.8709794 0.0000000 5.1087623 5.4372158 5.4788963 5.4284133 5.4536712 6.0928374 5.1495510 5.7959560 6.3257503 5.5595407 5.8538361 5.6248332 5.9380950 5.5669248 6.8899343 2.9965337 
yHAB132_Kazachstania_martiniae      2.3982163 2.4238242 2.2243980 2.0658044 5.1087623 0.0000000 2.5815642 2.8305069 1.9724458 2.6463417 2.4994252 2.2413576 2.2361798 3.3233184 3.0505857 2.3361709 2.5063893 2.6953251 2.7504479 3.0514281 5.5117453 
yHAB133_Kazachstania_unispora       2.8008240 2.3923150 2.5566393 2.6139257 5.4372158 2.5815642 0.0000000 2.8340660 1.9336393 0.7248263 2.1622446 2.7813535 2.9128561 2.3800107 2.8594533 2.7529582 0.4437520 3.3527574 0.5056937 2.3955953 5.6323223 
yHAB134_Kazachstania_turicensis     2.4900907 2.7891923 2.6808174 2.3168915 5.4788963 2.8305069 2.8340660 0.0000000 2.7270203 2.9750175 2.8147233 2.9072983 2.2388649 3.4451020 2.2487943 2.6455984 2.8008066 1.6211273 3.0326345 3.6205801 5.9351924 
yHAB136_Kazachstania_bromeliacearum 2.3007618 1.6571009 2.3086533 2.0948658 5.4284133 1.9724458 1.9336393 2.7270203 0.0000000 2.1231945 1.7781404 2.4733633 2.3654287 2.5875240 2.8775614 2.2807473 2.1026997 2.6466615 2.1018784 2.5849641 6.2777181 
yHAB143_Kazachstania_siamensis      2.7294864 2.3817749 2.6224815 2.5012031 5.4536712 2.6463417 0.7248263 2.9750175 2.1231945 0.0000000 2.2380620 2.8059757 2.7488341 2.4893979 2.9559789 2.7782502 0.9127844 2.8899956 0.8794724 2.6523992 5.8329546 
yHAB147_Kazachstania_taianensis     2.5185775 1.7950161 2.1779553 2.1924866 6.0928374 2.4994252 2.1622446 2.8147233 1.7781404 2.2380620 0.0000000 2.4602682 2.5638804 2.8451833 2.8668418 2.5255486 2.0428631 2.7690353 2.1178855 3.0263260 6.5223421 
yHAB148_Kazachstania_intestinalis   2.6200366 2.6929612 2.7429457 2.2752666 5.1495510 2.2413576 2.7813535 2.9072983 2.4733633 2.8059757 2.4602682 0.0000000 2.8200202 3.5137941 3.2881724 2.8323011 2.7269367 2.9361127 2.8652660 3.4579326 5.6091304 
yHAB153_Kazachstania_rosinii        2.4321360 2.5387531 2.3271213 2.3148604 5.7959560 2.2361798 2.9128561 2.2388649 2.3654287 2.7488341 2.5638804 2.8200202 0.0000000 3.7389846 2.6479764 2.3611600 2.6866147 2.3846708 2.7918019 3.8273273 6.0309308 
yHAB154_Kazachstania_transvaalensis 3.4976736 2.9781759 3.2634071 2.9385480 6.3257503 3.3233184 2.3800107 3.4451020 2.5875240 2.4893979 2.8451833 3.5137941 3.7389846 0.0000000 3.7215744 3.4195911 2.3192852 3.9730576 2.3385946 0.7676705 5.6828987 
yHAB155_Kazachstania_spencerorum    2.9780198 2.7234606 2.9140989 2.7207589 5.5595407 3.0505857 2.8594533 2.2487943 2.8775614 2.9559789 2.8668418 3.2881724 2.6479764 3.7215744 0.0000000 2.8135497 2.8526951 2.1694262 2.8897484 3.7748860 5.6221751 
yHAB158_Kazachstania_viticola       2.2544485 2.4338101 2.3584424 2.2188136 5.8538361 2.3361709 2.7529582 2.6455984 2.2807473 2.7782502 2.5255486 2.8323011 2.3611600 3.4195911 2.8135497 0.0000000 2.6650430 2.7844315 2.7496583 3.2669331 5.1976971 
yHAB159_Kazachstania_solicola       2.7696896 2.3162967 2.4741410 2.5931710 5.6248332 2.5063893 0.4437520 2.8008066 2.1026997 0.9127844 2.0428631 2.7269367 2.6866147 2.3192852 2.8526951 2.6650430 0.0000000 3.1505800 0.1843320 2.5288796 5.3286437 
yHAB160_Kazachstania_kunashirensis  2.7595869 2.6600119 2.6894974 2.4424193 5.9380950 2.6953251 3.3527574 1.6211273 2.6466615 2.8899956 2.7690353 2.9361127 2.3846708 3.9730576 2.1694262 2.7844315 3.1505800 0.0000000 3.1132401 4.0176833 5.8755162 
yHAB164_Kazachstania_aerobia        2.8582374 2.2784555 2.4447536 2.5649142 5.5669248 2.7504479 0.5056937 3.0326345 2.1018784 0.8794724 2.1178855 2.8652660 2.7918019 2.3385946 2.8897484 2.7496583 0.1843320 3.1132401 0.0000000 2.6570989 5.2892222 
yHAB166_Kazachstania_yakushimaensis 3.6965194 3.1617629 3.3106125 3.0839620 6.8899343 3.0514281 2.3955953 3.6205801 2.5849641 2.6523992 3.0263260 3.4579326 3.8273273 0.7676705 3.7748860 3.2669331 2.5288796 4.0176833 2.6570989 0.0000000 5.9917899 
yHMPu5000035629_Yueomyces_sinensis  6.3882899 6.9766013 5.2535307 5.7553011 2.9965337 5.5117453 5.6323223 5.9351924 6.2777181 5.8329546 6.5223421 5.6091304 6.0309308 5.6828987 5.6221751 5.1976971 5.3286437 5.8755162 5.2892222 5.9917899 0.0000000 
