21
Kazachstania_africana               0.0000000 1.5539203 1.7373989 1.5797698 2.0941446 1.3650736 2.4663943 1.7645233 1.3769480 2.6933161 1.9375388 1.6225785 1.4535412 3.1361884 1.3968506 1.5355955 2.3578299 1.8287445 2.5936331 3.9552200 2.2509295 
Kazachstania_naganishii             1.5539203 0.0000000 2.2721832 2.1755848 2.5419105 1.8815335 2.7109113 1.8380197 1.5300688 2.9774331 1.3204979 1.7461763 1.9261878 3.7612613 2.1111783 2.2327862 2.5426041 1.6160400 2.9214360 3.4443588 2.9672563 
Naumovozyma_castellii               1.7373989 2.2721832 0.0000000 1.0068985 1.6903611 1.3298543 2.3488668 1.7250239 1.4807878 2.9563073 2.5582464 1.9620025 1.6350281 3.0668649 1.4656261 1.2609725 2.7252277 1.5862996 3.0616950 3.5563535 1.9454278 
Naumovozyma_dairenensis             1.5797698 2.1755848 1.0068985 0.0000000 1.8038298 1.4060221 1.9202984 1.6268025 1.4736349 2.3251191 2.6227331 1.8065485 1.4051300 3.2723914 1.3593069 1.2751784 2.1898232 1.6586622 2.3801478 3.3350101 1.8498691 
Tetrapisispora_blattae              2.0941446 2.5419105 1.6903611 1.8038298 0.0000000 1.7208043 2.2470183 1.7428106 1.5910390 2.6083394 3.2033991 2.5823234 1.9124839 3.2121624 1.6308163 1.5419424 2.4747552 1.8583077 2.3899870 2.9111485 1.3650650 
yHAB132_Kazachstania_martiniae      1.3650736 1.8815335 1.3298543 1.4060221 1.7208043 0.0000000 2.2641303 1.6613149 1.2177790 2.7408755 2.3354118 1.8733123 1.4495866 2.6721183 1.3319442 1.4052971 2.4553787 1.5881976 2.5730294 3.0292084 1.8805120 
yHAB133_Kazachstania_unispora       2.4663943 2.7109113 2.3488668 1.9202984 2.2470183 2.2641303 0.0000000 2.8575656 1.9744224 0.5905962 2.1217535 3.0085074 2.2306672 2.0933987 2.4207014 2.1726575 0.3747142 2.5087621 0.3591443 2.0608284 2.4612796 
yHAB134_Kazachstania_turicensis     1.7645233 1.8380197 1.7250239 1.6268025 1.7428106 1.6613149 2.8575656 0.0000000 1.4963962 3.0105838 2.5974987 1.9277435 1.4809923 2.5116969 1.3152500 1.5496241 2.7729492 1.0110099 2.8042510 2.6971998 2.1088569 
yHAB136_Kazachstania_bromeliacearum 1.3769480 1.5300688 1.4807878 1.4736349 1.5910390 1.2177790 1.9744224 1.4963962 0.0000000 2.2645579 2.1559444 1.6875817 1.6998241 2.8864544 1.6034662 1.2131129 1.8521613 1.5446341 2.0424408 2.6036017 1.9332240 
yHAB143_Kazachstania_siamensis      2.6933161 2.9774331 2.9563073 2.3251191 2.6083394 2.7408755 0.5905962 3.0105838 2.2645579 0.0000000 2.3627868 3.1570405 2.5702523 2.1571049 2.5877132 2.4116129 0.5833202 3.0737342 0.6394821 2.2494896 2.8219276 
yHAB147_Kazachstania_taianensis     1.9375388 1.3204979 2.5582464 2.6227331 3.2033991 2.3354118 2.1217535 2.5974987 2.1559444 2.3627868 0.0000000 2.3550784 2.1782078 2.6356509 2.0965043 2.7250626 2.1162172 2.3602664 2.2470966 3.4234009 3.0534276 
yHAB148_Kazachstania_intestinalis   1.6225785 1.7461763 1.9620025 1.8065485 2.5823234 1.8733123 3.0085074 1.9277435 1.6875817 3.1570405 2.3550784 0.0000000 1.6940095 4.5349612 2.0294840 1.7859011 3.2212998 1.8477922 3.2629057 4.2308893 2.4845025 
yHAB153_Kazachstania_rosinii        1.4535412 1.9261878 1.6350281 1.4051300 1.9124839 1.4495866 2.2306672 1.4809923 1.6998241 2.5702523 2.1782078 1.6940095 0.0000000 2.8646184 1.1784140 1.2891986 2.6657950 1.5975141 2.8137850 3.6791915 2.0911770 
yHAB154_Kazachstania_transvaalensis 3.1361884 3.7612613 3.0668649 3.2723914 3.2121624 2.6721183 2.0933987 2.5116969 2.8864544 2.1571049 2.6356509 4.5349612 2.8646184 0.0000000 2.4474131 2.4252999 1.8325592 2.7389106 1.9787554 0.6855934 3.1828189 
yHAB155_Kazachstania_spencerorum    1.3968506 2.1111783 1.4656261 1.3593069 1.6308163 1.3319442 2.4207014 1.3152500 1.6034662 2.5877132 2.0965043 2.0294840 1.1784140 2.4474131 0.0000000 1.2104840 2.5433815 1.4830689 2.6982675 3.1072167 1.9140036 
yHAB158_Kazachstania_viticola       1.5355955 2.2327862 1.2609725 1.2751784 1.5419424 1.4052971 2.1726575 1.5496241 1.2131129 2.4116129 2.7250626 1.7859011 1.2891986 2.4252999 1.2104840 0.0000000 2.3184602 1.6325819 2.5213966 2.7986176 2.1050411 
yHAB159_Kazachstania_solicola       2.3578299 2.5426041 2.7252277 2.1898232 2.4747552 2.4553787 0.3747142 2.7729492 1.8521613 0.5833202 2.1162172 3.2212998 2.6657950 1.8325592 2.5433815 2.3184602 0.0000000 2.5662185 0.1664700 1.9228907 2.8661965 
yHAB160_Kazachstania_kunashirensis  1.8287445 1.6160400 1.5862996 1.6586622 1.8583077 1.5881976 2.5087621 1.0110099 1.5446341 3.0737342 2.3602664 1.8477922 1.5975141 2.7389106 1.4830689 1.6325819 2.5662185 0.0000000 2.8692703 2.8927445 2.1579544 
yHAB164_Kazachstania_aerobia        2.5936331 2.9214360 3.0616950 2.3801478 2.3899870 2.5730294 0.3591443 2.8042510 2.0424408 0.6394821 2.2470966 3.2629057 2.8137850 1.9787554 2.6982675 2.5213966 0.1664700 2.8692703 0.0000000 2.0167715 3.0735499 
yHAB166_Kazachstania_yakushimaensis 3.9552200 3.4443588 3.5563535 3.3350101 2.9111485 3.0292084 2.0608284 2.6971998 2.6036017 2.2494896 3.4234009 4.2308893 3.6791915 0.6855934 3.1072167 2.7986176 1.9228907 2.8927445 2.0167715 0.0000000 3.3496877 
yHMPu5000035629_Yueomyces_sinensis  2.2509295 2.9672563 1.9454278 1.8498691 1.3650650 1.8805120 2.4612796 2.1088569 1.9332240 2.8219276 3.0534276 2.4845025 2.0911770 3.1828189 1.9140036 2.1050411 2.8661965 2.1579544 3.0735499 3.3496877 0.0000000 
