21
Kazachstania_africana               0.0000000 4.3626349 4.2106317 4.0652806 5.5004599 3.7127586 5.3938290 4.4349417 3.6617501 5.4725893 4.3676689 4.6871343 3.6320075 6.6440160 4.0975973 3.8444949 5.1092944 3.9480606 5.1187843 6.6100977 5.5018623 
Kazachstania_naganishii             4.3626349 0.0000000 4.4917724 4.6779848 5.7812324 3.9176384 4.9033422 4.7890268 3.0184626 4.8828554 3.5069667 4.4858362 3.9613236 5.9228995 3.9616368 4.3040017 4.9961351 4.1026750 5.1442915 5.5947205 5.7414373 
Naumovozyma_castellii               4.2106317 4.4917724 0.0000000 2.9842427 5.1903472 3.8062781 5.3772980 4.4422515 3.3603360 5.2107180 4.7206948 4.0817574 3.4719267 6.2669306 3.4689226 3.6988292 5.2524286 3.6984569 5.2394073 6.6107497 5.1161442 
Naumovozyma_dairenensis             4.0652806 4.6779848 2.9842427 0.0000000 4.7116719 3.6998236 4.5277770 4.5894269 3.5641754 4.8548154 4.4564884 4.7264166 3.9282405 6.4080162 3.6542494 3.8792387 4.5943234 3.8952183 4.7414649 5.9422750 5.6838769 
Tetrapisispora_blattae              5.5004599 5.7812324 5.1903472 4.7116719 0.0000000 4.7655730 7.6556646 6.5437214 5.3546635 6.9244698 5.8381905 6.4179164 5.1772825 8.0693164 5.3692409 5.3691486 7.0261286 5.9124154 7.4494568 8.5404427 3.8481154 
yHAB132_Kazachstania_martiniae      3.7127586 3.9176384 3.8062781 3.6998236 4.7655730 0.0000000 4.8114892 4.5741313 3.1254020 4.7329357 4.0037159 3.8445348 3.0630742 6.7150355 3.4235871 3.2475008 5.1426347 3.6190485 5.2606316 6.1415942 5.0813004 
yHAB133_Kazachstania_unispora       5.3938290 4.9033422 5.3772980 4.5277770 7.6556646 4.8114892 0.0000000 5.7119293 3.6968031 1.4121362 3.8612532 5.9362583 4.8322867 4.7770817 5.2181489 5.5674563 0.7967543 5.0111985 0.8743285 4.5725426 7.1726954 
yHAB134_Kazachstania_turicensis     4.4349417 4.7890268 4.4422515 4.5894269 6.5437214 4.5741313 5.7119293 0.0000000 4.0213785 6.0924915 4.9250813 4.8313314 3.2310758 7.0743535 3.5552273 4.5464742 5.9946392 2.8872867 6.1378553 7.3365420 6.0162170 
yHAB136_Kazachstania_bromeliacearum 3.6617501 3.0184626 3.3603360 3.5641754 5.3546635 3.1254020 3.6968031 4.0213785 0.0000000 3.6550389 3.0097386 3.8379612 2.9825554 5.0473179 3.1085217 3.4347684 3.6916119 3.4966544 3.7835840 4.6187898 4.6971890 
yHAB143_Kazachstania_siamensis      5.4725893 4.8828554 5.2107180 4.8548154 6.9244698 4.7329357 1.4121362 6.0924915 3.6550389 0.0000000 3.8632267 5.6941621 4.5401761 5.0535879 5.0080733 5.3054233 1.5170239 4.6537332 1.5643045 4.8214752 7.2459724 
yHAB147_Kazachstania_taianensis     4.3676689 3.5069667 4.7206948 4.4564884 5.8381905 4.0037159 3.8612532 4.9250813 3.0097386 3.8632267 0.0000000 4.7044941 3.6928854 5.8190514 4.4014800 4.3014485 4.0222773 4.3401054 4.1894315 5.2634336 6.0989380 
yHAB148_Kazachstania_intestinalis   4.6871343 4.4858362 4.0817574 4.7264166 6.4179164 3.8445348 5.9362583 4.8313314 3.8379612 5.6941621 4.7044941 0.0000000 3.9258491 7.1270014 3.9024050 4.0778308 6.4120693 4.3333067 6.1168467 6.8336721 5.5055768 
yHAB153_Kazachstania_rosinii        3.6320075 3.9613236 3.4719267 3.9282405 5.1772825 3.0630742 4.8322867 3.2310758 2.9825554 4.5401761 3.6928854 3.9258491 0.0000000 5.6537947 2.2643391 3.1469625 4.6353746 2.5918730 4.6776465 5.6952954 5.8464265 
yHAB154_Kazachstania_transvaalensis 6.6440160 5.9228995 6.2669306 6.4080162 8.0693164 6.7150355 4.7770817 7.0743535 5.0473179 5.0535879 5.8190514 7.1270014 5.6537947 0.0000000 6.4459815 6.6200514 4.9619046 6.4872914 5.0506107 1.2259448 8.1463447 
yHAB155_Kazachstania_spencerorum    4.0975973 3.9616368 3.4689226 3.6542494 5.3692409 3.4235871 5.2181489 3.5552273 3.1085217 5.0080733 4.4014800 3.9024050 2.2643391 6.4459815 0.0000000 3.4233512 4.9555133 2.8650343 5.0456807 6.5575600 5.6256123 
yHAB158_Kazachstania_viticola       3.8444949 4.3040017 3.6988292 3.8792387 5.3691486 3.2475008 5.5674563 4.5464742 3.4347684 5.3054233 4.3014485 4.0778308 3.1469625 6.6200514 3.4233512 0.0000000 5.1242141 3.3923162 5.1852452 6.5777061 5.9304202 
yHAB159_Kazachstania_solicola       5.1092944 4.9961351 5.2524286 4.5943234 7.0261286 5.1426347 0.7967543 5.9946392 3.6916119 1.5170239 4.0222773 6.4120693 4.6353746 4.9619046 4.9555133 5.1242141 0.0000000 5.1522798 0.2762642 4.7211637 6.6254877 
yHAB160_Kazachstania_kunashirensis  3.9480606 4.1026750 3.6984569 3.8952183 5.9124154 3.6190485 5.0111985 2.8872867 3.4966544 4.6537332 4.3401054 4.3333067 2.5918730 6.4872914 2.8650343 3.3923162 5.1522798 0.0000000 5.2308559 7.0634683 5.6658344 
yHAB164_Kazachstania_aerobia        5.1187843 5.1442915 5.2394073 4.7414649 7.4494568 5.2606316 0.8743285 6.1378553 3.7835840 1.5643045 4.1894315 6.1168467 4.6776465 5.0506107 5.0456807 5.1852452 0.2762642 5.2308559 0.0000000 4.8764003 7.1135137 
yHAB166_Kazachstania_yakushimaensis 6.6100977 5.5947205 6.6107497 5.9422750 8.5404427 6.1415942 4.5725426 7.3365420 4.6187898 4.8214752 5.2634336 6.8336721 5.6952954 1.2259448 6.5575600 6.5777061 4.7211637 7.0634683 4.8764003 0.0000000 8.2221295 
yHMPu5000035629_Yueomyces_sinensis  5.5018623 5.7414373 5.1161442 5.6838769 3.8481154 5.0813004 7.1726954 6.0162170 4.6971890 7.2459724 6.0989380 5.5055768 5.8464265 8.1463447 5.6256123 5.9304202 6.6254877 5.6658344 7.1135137 8.2221295 0.0000000 
