21
Kazachstania_africana               0.0000000 0.8840405 0.7733164 0.8827325 0.9777294 0.9277875 0.8074080 1.4136204 0.7675815 0.7573223 0.9725784 1.0794350 0.8611767 1.0207404 0.8178434 0.7607057 0.7419494 0.9344932 0.6630083 0.8606612 0.7755777 
Kazachstania_naganishii             0.8840405 0.0000000 0.8259068 0.8884601 1.0989458 1.0939855 0.8309004 1.3909232 0.6486271 0.9626193 0.9538453 1.0019308 0.9056155 1.0222763 0.9085937 0.8209050 0.8582806 0.9932058 0.8838428 1.0095296 1.1061131 
Naumovozyma_castellii               0.7733164 0.8259068 0.0000000 0.7152602 0.8283764 0.8981689 0.8486386 1.2194760 0.6191547 0.7761965 0.9130029 1.1325812 0.8035310 1.0473812 0.8621895 0.7394208 0.8223974 0.9169582 0.8470952 0.9847979 0.8905716 
Naumovozyma_dairenensis             0.8827325 0.8884601 0.7152602 0.0000000 0.9257171 0.9006674 0.8790553 1.2543516 0.7734219 0.8498431 0.9485117 1.0386985 0.8333117 1.0492334 0.7661850 0.7637375 0.8570254 0.7948609 0.8938627 0.9753879 0.9058052 
Tetrapisispora_blattae              0.9777294 1.0989458 0.8283764 0.9257171 0.0000000 1.0324436 0.9840402 1.3884024 0.9375836 0.9790878 1.3120286 1.2428777 1.0989900 1.1101477 0.8170711 0.9070122 0.8784228 1.0273529 0.9048007 1.0871942 0.7195291 
yHAB132_Kazachstania_martiniae      0.9277875 1.0939855 0.8981689 0.9006674 1.0324436 0.0000000 1.0216686 1.4125537 0.9619985 1.0319581 1.1219484 1.1483672 0.9614912 1.0061393 0.8688550 0.8166842 0.8857267 0.9729092 0.9539882 0.9954570 0.9828668 
yHAB133_Kazachstania_unispora       0.8074080 0.8309004 0.8486386 0.8790553 0.9840402 1.0216686 0.0000000 1.4381574 0.6034866 0.3546251 0.8493483 1.1246811 0.9901110 0.8696558 0.8210590 0.8182915 0.3444479 0.9159204 0.3704200 0.8269165 0.8706606 
yHAB134_Kazachstania_turicensis     1.4136204 1.3909232 1.2194760 1.2543516 1.3884024 1.4125537 1.4381574 0.0000000 1.1865402 1.3021452 1.5141773 1.5802642 1.3023760 1.6153347 1.2398555 1.1910475 1.3124072 1.0969520 1.3705181 1.4205119 1.4653410 
yHAB136_Kazachstania_bromeliacearum 0.7675815 0.6486271 0.6191547 0.7734219 0.9375836 0.9619985 0.6034866 1.1865402 0.0000000 0.6588679 0.7768985 0.9500418 0.7183300 0.7189609 0.7228595 0.7257279 0.7229004 0.7462211 0.7269377 0.7877223 0.6616611 
yHAB143_Kazachstania_siamensis      0.7573223 0.9626193 0.7761965 0.8498431 0.9790878 1.0319581 0.3546251 1.3021452 0.6588679 0.0000000 0.7828501 1.0570970 0.9363774 0.9039644 0.7702616 0.7748111 0.4156831 0.9408588 0.4098643 0.9524465 0.8504786 
yHAB147_Kazachstania_taianensis     0.9725784 0.9538453 0.9130029 0.9485117 1.3120286 1.1219484 0.8493483 1.5141773 0.7768985 0.7828501 0.0000000 1.0572846 0.8980128 1.0525447 1.1235666 0.9541670 0.8219481 1.2267562 0.8517901 0.9813401 1.2770592 
yHAB148_Kazachstania_intestinalis   1.0794350 1.0019308 1.1325812 1.0386985 1.2428777 1.1483672 1.1246811 1.5802642 0.9500418 1.0570970 1.0572846 0.0000000 1.0105763 1.2184485 1.1336326 1.0263964 0.9836825 0.9873030 0.9725110 1.1256666 1.3284239 
yHAB153_Kazachstania_rosinii        0.8611767 0.9056155 0.8035310 0.8333117 1.0989900 0.9614912 0.9901110 1.3023760 0.7183300 0.9363774 0.8980128 1.0105763 0.0000000 1.2105350 0.8334378 0.7985316 0.9071492 0.8503874 0.9865776 1.2109917 0.9418711 
yHAB154_Kazachstania_transvaalensis 1.0207404 1.0222763 1.0473812 1.0492334 1.1101477 1.0061393 0.8696558 1.6153347 0.7189609 0.9039644 1.0525447 1.2184485 1.2105350 0.0000000 1.0373557 1.0064831 0.9298244 0.9585562 0.9575296 0.3099041 0.9403960 
yHAB155_Kazachstania_spencerorum    0.8178434 0.9085937 0.8621895 0.7661850 0.8170711 0.8688550 0.8210590 1.2398555 0.7228595 0.7702616 1.1235666 1.1336326 0.8334378 1.0373557 0.0000000 0.8300499 0.8676056 0.6662551 0.8315148 0.9749715 0.8093273 
yHAB158_Kazachstania_viticola       0.7607057 0.8209050 0.7394208 0.7637375 0.9070122 0.8166842 0.8182915 1.1910475 0.7257279 0.7748111 0.9541670 1.0263964 0.7985316 1.0064831 0.8300499 0.0000000 0.9313510 0.7926069 0.8885328 0.9761456 0.8721923 
yHAB159_Kazachstania_solicola       0.7419494 0.8582806 0.8223974 0.8570254 0.8784228 0.8857267 0.3444479 1.3124072 0.7229004 0.4156831 0.8219481 0.9836825 0.9071492 0.9298244 0.8676056 0.9313510 0.0000000 0.9230848 0.0889713 0.8060151 0.8892554 
yHAB160_Kazachstania_kunashirensis  0.9344932 0.9932058 0.9169582 0.7948609 1.0273529 0.9729092 0.9159204 1.0969520 0.7462211 0.9408588 1.2267562 0.9873030 0.8503874 0.9585562 0.6662551 0.7926069 0.9230848 0.0000000 0.9158279 0.9737001 0.8048611 
yHAB164_Kazachstania_aerobia        0.6630083 0.8838428 0.8470952 0.8938627 0.9048007 0.9539882 0.3704200 1.3705181 0.7269377 0.4098643 0.8517901 0.9725110 0.9865776 0.9575296 0.8315148 0.8885328 0.0889713 0.9158279 0.0000000 0.8395597 0.8611167 
yHAB166_Kazachstania_yakushimaensis 0.8606612 1.0095296 0.9847979 0.9753879 1.0871942 0.9954570 0.8269165 1.4205119 0.7877223 0.9524465 0.9813401 1.1256666 1.2109917 0.3099041 0.9749715 0.9761456 0.8060151 0.9737001 0.8395597 0.0000000 0.9381703 
yHMPu5000035629_Yueomyces_sinensis  0.7755777 1.1061131 0.8905716 0.9058052 0.7195291 0.9828668 0.8706606 1.4653410 0.6616611 0.8504786 1.2770592 1.3284239 0.9418711 0.9403960 0.8093273 0.8721923 0.8892554 0.8048611 0.8611167 0.9381703 0.0000000 
