6
F          0.0000000 0.1058994 0.1014757 0.0969246 0.0946573 0.0945252 
A          0.1058994 0.0000000 0.0286209 0.0916276 0.0871610 0.0848178 
B          0.1014757 0.0286209 0.0000000 0.0872813 0.0828282 0.0827145 
E          0.0969246 0.0916276 0.0872813 0.0000000 0.0244455 0.0202996 
C          0.0946573 0.0871610 0.0828282 0.0244455 0.0000000 0.0121257 
D          0.0945252 0.0848178 0.0827145 0.0202996 0.0121257 0.0000000 
