6
F          0.0000000 0.0904678 0.1028919 0.0968157 0.1117844 0.1066826 
E          0.0904678 0.0000000 0.0752418 0.0717658 0.0885918 0.0837175 
D          0.1028919 0.0752418 0.0000000 0.0836100 0.0983566 0.0933591 
C          0.0968157 0.0717658 0.0836100 0.0000000 0.0654962 0.0586661 
A          0.1117844 0.0885918 0.0983566 0.0654962 0.0000000 0.0141785 
B          0.1066826 0.0837175 0.0933591 0.0586661 0.0141785 0.0000000 
