6
F          0.0000000 0.0852359 0.1109298 0.1110104 0.1229612 0.1289363 
E          0.0852359 0.0000000 0.0765643 0.0766176 0.0857755 0.0911454 
A          0.1109298 0.0765643 0.0000000 0.0040167 0.0717767 0.0768920 
B          0.1110104 0.0766176 0.0040167 0.0000000 0.0718262 0.0769458 
C          0.1229612 0.0857755 0.0717767 0.0718262 0.0000000 0.0266642 
D          0.1289363 0.0911454 0.0768920 0.0769458 0.0266642 0.0000000 
