6
C          0.0000000 0.0498671 0.0478984 0.1210936 0.1232768 0.1360746 
A          0.0498671 0.0000000 0.0182823 0.1254624 0.1252153 0.1403871 
B          0.0478984 0.0182823 0.0000000 0.1235661 0.1233221 0.1385061 
F          0.1210936 0.1254624 0.1235661 0.0000000 0.0736646 0.0829287 
D          0.1232768 0.1252153 0.1233221 0.0736646 0.0000000 0.0307560 
E          0.1360746 0.1403871 0.1385061 0.0829287 0.0307560 0.0000000 
