6
F          0.0000000 0.1166985 0.1044396 0.1138064 0.0997287 0.0970263 
E          0.1166985 0.0000000 0.1145209 0.1192794 0.1104392 0.1096135 
A          0.1044396 0.1145209 0.0000000 0.0202921 0.0588624 0.0585965 
B          0.1138064 0.1192794 0.0202921 0.0000000 0.0654169 0.0629620 
C          0.0997287 0.1104392 0.0588624 0.0654169 0.0000000 0.0142122 
D          0.0970263 0.1096135 0.0585965 0.0629620 0.0142122 0.0000000 
