6
F          0.0000000 0.0945798 0.0988980 0.1084072 0.1153622 0.1220906 
C          0.0945798 0.0000000 0.0348894 0.0855125 0.0830512 0.0918549 
E          0.0988980 0.0348894 0.0000000 0.0942629 0.0828817 0.0916665 
D          0.1084072 0.0855125 0.0942629 0.0000000 0.0854122 0.0897422 
A          0.1153622 0.0830512 0.0828817 0.0854122 0.0000000 0.0265240 
B          0.1220906 0.0918549 0.0916665 0.0897422 0.0265240 0.0000000 
