6
F          0.0000000 0.1041733 0.1134516 0.1134987 0.1206978 0.1352896 
E          0.1041733 0.0000000 0.0676123 0.0676388 0.0743625 0.0834866 
C          0.1134516 0.0676123 0.0000000 0.0040118 0.0564165 0.0652527 
D          0.1134987 0.0676388 0.0040118 0.0000000 0.0564382 0.0652781 
A          0.1206978 0.0743625 0.0564165 0.0564382 0.0000000 0.0414270 
B          0.1352896 0.0834866 0.0652527 0.0652781 0.0414270 0.0000000 
