6
E          0.0000000 0.1354530 0.1198641 0.1222411 0.0971468 0.0970071 
F          0.1354530 0.0000000 0.1294179 0.1318265 0.1022364 0.1020881 
A          0.1198641 0.1294179 0.0000000 0.0060062 0.0827514 0.0826340 
B          0.1222411 0.1318265 0.0060062 0.0000000 0.0850059 0.0848860 
C          0.0971468 0.1022364 0.0827514 0.0850059 0.0000000 0.0040164 
D          0.0970071 0.1020881 0.0826340 0.0848860 0.0040164 0.0000000 
