6
F          0.0000000 0.1454334 0.1568892 0.1273521 0.1468030 0.1443862 
D          0.1454334 0.0000000 0.0370519 0.0764155 0.1038980 0.1016014 
E          0.1568892 0.0370519 0.0000000 0.0896038 0.1128750 0.1105604 
C          0.1273521 0.0764155 0.0896038 0.0000000 0.0648422 0.0626724 
A          0.1468030 0.1038980 0.1128750 0.0648422 0.0000000 0.0120633 
B          0.1443862 0.1016014 0.1105604 0.0626724 0.0120633 0.0000000 
