6
F          0.0000000 0.1104413 0.1061076 0.1097557 0.1168769 0.1074120 
D          0.1104413 0.0000000 0.0307088 0.0970177 0.1014657 0.0943675 
E          0.1061076 0.0307088 0.0000000 0.0904023 0.0926078 0.0877915 
C          0.1097557 0.0970177 0.0904023 0.0000000 0.0696691 0.0629336 
A          0.1168769 0.1014657 0.0926078 0.0696691 0.0000000 0.0265594 
B          0.1074120 0.0943675 0.0877915 0.0629336 0.0265594 0.0000000 
