10
A          0.0000000 0.2058560 0.2032079 0.2002642 0.2098783 0.2060884 0.1890900 0.2026669 0.2079111 0.2109075 
A0         0.2058560 0.0000000 0.0697817 0.1588602 0.1919816 0.1857773 0.1631339 0.1831603 0.0606139 0.0607236 
A1         0.2032079 0.0697817 0.0000000 0.1687746 0.1970513 0.1907882 0.1656186 0.1932703 0.0653111 0.0676552 
A4         0.2002642 0.1588602 0.1687746 0.0000000 0.1750899 0.1690546 0.1608799 0.1657804 0.1712167 0.1633797 
B          0.2098783 0.1919816 0.1970513 0.1750899 0.0000000 0.0183609 0.0906804 0.0928791 0.1892125 0.1974778 
C          0.2060884 0.1857773 0.1907882 0.1690546 0.0183609 0.0000000 0.0857024 0.0856574 0.1881445 0.1911962 
D          0.1890900 0.1631339 0.1656186 0.1608799 0.0906804 0.0857024 0.0000000 0.0853087 0.1654639 0.1678304 
E          0.2026669 0.1831603 0.1932703 0.1657804 0.0928791 0.0856574 0.0853087 0.0000000 0.1881575 0.1936845 
H          0.2079111 0.0606139 0.0653111 0.1712167 0.1892125 0.1881445 0.1654639 0.1881575 0.0000000 0.0243289 
I          0.2109075 0.0607236 0.0676552 0.1633797 0.1974778 0.1911962 0.1678304 0.1936845 0.0243289 0.0000000 
