10
A          0.0000000 0.2728884 0.2563805 0.2292230 0.2091196 0.2094882 0.2198932 0.2222004 0.2524930 0.2607885 
A0         0.2728884 0.0000000 0.0764781 0.1513876 0.2446648 0.2479915 0.2697693 0.2497568 0.0456580 0.0477734 
A1         0.2563805 0.0764781 0.0000000 0.1485539 0.2240362 0.2272257 0.2513018 0.2264396 0.0456659 0.0520638 
A4         0.2292230 0.1513876 0.1485539 0.0000000 0.2213230 0.2244972 0.2289970 0.2127398 0.1339158 0.1362705 
B          0.2091196 0.2446648 0.2240362 0.2213230 0.0000000 0.0019978 0.1221210 0.1103109 0.2213787 0.2239419 
C          0.2094882 0.2479915 0.2272257 0.2244972 0.0019978 0.0000000 0.1247124 0.1128411 0.2245536 0.2271294 
D          0.2198932 0.2697693 0.2513018 0.2289970 0.1221210 0.1247124 0.0000000 0.0852878 0.2402459 0.2428513 
E          0.2222004 0.2497568 0.2264396 0.2127398 0.1103109 0.1128411 0.0852878 0.0000000 0.2210076 0.2289141 
H          0.2524930 0.0456580 0.0456659 0.1339158 0.2213787 0.2245536 0.2402459 0.2210076 0.0000000 0.0060201 
I          0.2607885 0.0477734 0.0520638 0.1362705 0.2239419 0.2271294 0.2428513 0.2289141 0.0060201 0.0000000 
