10
A          0.0000000 0.1874561 0.1928523 0.2039020 0.2150600 0.2096025 0.2056563 0.1991803 0.2025455 0.1999664 
A0         0.1874561 0.0000000 0.1084849 0.2036210 0.1904294 0.1801534 0.1738656 0.1677604 0.0369615 0.0327807 
A1         0.1928523 0.1084849 0.0000000 0.2091167 0.1900234 0.1848263 0.1714789 0.1703932 0.1249531 0.1202776 
A4         0.2039020 0.2036210 0.2091167 0.0000000 0.2345781 0.2344198 0.2197745 0.2156515 0.2115500 0.2090198 
B          0.2150600 0.1904294 0.1900234 0.2345781 0.0000000 0.0182403 0.1282739 0.1227910 0.2035728 0.1983534 
C          0.2096025 0.1801534 0.1848263 0.2344198 0.0182403 0.0000000 0.1234501 0.1180274 0.1982755 0.1930890 
D          0.2056563 0.1738656 0.1714789 0.2197745 0.1282739 0.1234501 0.0000000 0.0765006 0.1893681 0.1765992 
E          0.1991803 0.1677604 0.1703932 0.2156515 0.1227910 0.1180274 0.0765006 0.0000000 0.1830543 0.1704513 
H          0.2025455 0.0369615 0.1249531 0.2115500 0.2035728 0.1982755 0.1893681 0.1830543 0.0000000 0.0454422 
I          0.1999664 0.0327807 0.1202776 0.2090198 0.1983534 0.1930890 0.1765992 0.1704513 0.0454422 0.0000000 
