10
A          0.0000000 0.2391446 0.2071251 0.2091554 0.1978405 0.2009603 0.2070284 0.2102176 0.2407237 0.2062835 
A0         0.2391446 0.0000000 0.0812789 0.1625897 0.1864054 0.1894394 0.1903007 0.1832865 0.0309792 0.0675560 
A1         0.2071251 0.0812789 0.0000000 0.1380785 0.1683908 0.1713129 0.1645406 0.1605487 0.0837933 0.0521463 
A4         0.2091554 0.1625897 0.1380785 0.0000000 0.1646519 0.1675731 0.1733064 0.1741745 0.1684178 0.1375766 
B          0.1978405 0.1864054 0.1683908 0.1646519 0.0000000 0.0100430 0.1387262 0.1340866 0.1869861 0.1604685 
C          0.2009603 0.1894394 0.1713129 0.1675731 0.0100430 0.0000000 0.1343711 0.1368094 0.1926557 0.1633366 
D          0.2070284 0.1903007 0.1645406 0.1733064 0.1387262 0.1343711 0.0000000 0.0650590 0.1960149 0.1615019 
E          0.2102176 0.1832865 0.1605487 0.1741745 0.1340866 0.1368094 0.0650590 0.0000000 0.1889702 0.1526273 
H          0.2407237 0.0309792 0.0837933 0.1684178 0.1869861 0.1926557 0.1960149 0.1889702 0.0000000 0.0721501 
I          0.2062835 0.0675560 0.0521463 0.1375766 0.1604685 0.1633366 0.1615019 0.1526273 0.0721501 0.0000000 
