10
A          0.0000000 0.1785696 0.2159445 0.1867099 0.1607559 0.1708382 0.1725827 0.1637129 0.1887632 0.2050378 
A0         0.1785696 0.0000000 0.0855624 0.1408707 0.1459658 0.1509576 0.1530981 0.1522381 0.0348833 0.0434385 
A1         0.2159445 0.0855624 0.0000000 0.1790152 0.1818016 0.1870408 0.1892053 0.1856270 0.0946044 0.1040892 
A4         0.1867099 0.1408707 0.1790152 0.0000000 0.1289191 0.1265787 0.1334952 0.1327350 0.1506272 0.1636446 
B          0.1607559 0.1459658 0.1818016 0.1289191 0.0000000 0.0121077 0.0769025 0.0810088 0.1581814 0.1713500 
C          0.1708382 0.1509576 0.1870408 0.1265787 0.0121077 0.0000000 0.0814297 0.0855394 0.1632453 0.1765160 
D          0.1725827 0.1530981 0.1892053 0.1334952 0.0769025 0.0814297 0.0000000 0.0783980 0.1604326 0.1786749 
E          0.1637129 0.1522381 0.1856270 0.1327350 0.0810088 0.0855394 0.0783980 0.0000000 0.1522385 0.1701928 
H          0.1887632 0.0348833 0.0946044 0.1506272 0.1581814 0.1632453 0.1604326 0.1522385 0.0000000 0.0328013 
I          0.2050378 0.0434385 0.1040892 0.1636446 0.1713500 0.1765160 0.1786749 0.1701928 0.0328013 0.0000000 
