10
A          0.0000000 0.1973286 0.2021674 0.1763513 0.1933581 0.2070936 0.1794359 0.1822882 0.1953183 0.1985032 
A0         0.1973286 0.0000000 0.0326671 0.1878921 0.2006009 0.2058029 0.1867002 0.2022870 0.0809112 0.0833741 
A1         0.2021674 0.0326671 0.0000000 0.1927123 0.2080166 0.2081337 0.1965421 0.2071389 0.0852666 0.0877502 
A4         0.1763513 0.1878921 0.1927123 0.0000000 0.1927428 0.2066511 0.1837777 0.1816237 0.1788903 0.1846044 
B          0.1933581 0.2006009 0.2080166 0.1927428 0.0000000 0.0583947 0.0873547 0.0897510 0.2069012 0.2128762 
C          0.2070936 0.2058029 0.2081337 0.2066511 0.0583947 0.0000000 0.0919102 0.0920875 0.2095890 0.2155916 
D          0.1794359 0.1867002 0.1965421 0.1837777 0.0873547 0.0919102 0.0000000 0.0496924 0.1978960 0.2037477 
E          0.1822882 0.2022870 0.2071389 0.1816237 0.0897510 0.0920875 0.0496924 0.0000000 0.2060235 0.2119646 
H          0.1953183 0.0809112 0.0852666 0.1788903 0.2069012 0.2095890 0.1978960 0.2060235 0.0000000 0.0101328 
I          0.1985032 0.0833741 0.0877502 0.1846044 0.2128762 0.2155916 0.2037477 0.2119646 0.0101328 0.0000000 
