10
A          0.0000000 0.1853953 0.1960950 0.1907829 0.1663204 0.1608064 0.1852035 0.1769631 0.2031521 0.1964348 
A0         0.1853953 0.0000000 0.0784391 0.1650952 0.1983524 0.1925258 0.2072480 0.2019613 0.0831013 0.0782840 
A1         0.1960950 0.0784391 0.0000000 0.1881080 0.2032163 0.2031546 0.2151551 0.2151883 0.0896313 0.0803095 
A4         0.1907829 0.1650952 0.1881080 0.0000000 0.1712084 0.1656571 0.2015855 0.1983750 0.1901616 0.1867565 
B          0.1663204 0.1983524 0.2032163 0.1712084 0.0000000 0.0122677 0.1170387 0.1123216 0.2002165 0.1964263 
C          0.1608064 0.1925258 0.2031546 0.1656571 0.0122677 0.0000000 0.1167574 0.1120530 0.1943952 0.1906718 
D          0.1852035 0.2072480 0.2151551 0.2015855 0.1170387 0.1167574 0.0000000 0.0765285 0.2280135 0.2160783 
E          0.1769631 0.2019613 0.2151883 0.1983750 0.1123216 0.1120530 0.0765285 0.0000000 0.2172361 0.2054923 
H          0.2031521 0.0831013 0.0896313 0.1901616 0.2002165 0.1943952 0.2280135 0.2172361 0.0000000 0.0284247 
I          0.1964348 0.0782840 0.0803095 0.1867565 0.1964263 0.1906718 0.2160783 0.2054923 0.0284247 0.0000000 
