10
A          0.0000000 0.1988372 0.1868221 0.1853138 0.2467502 0.2167341 0.2374279 0.2441363 0.1741413 0.1986749 
A0         0.1988372 0.0000000 0.0671843 0.1975161 0.2546963 0.2211638 0.2456301 0.2655332 0.0806196 0.0925593 
A1         0.1868221 0.0671843 0.0000000 0.1703378 0.2508871 0.2284020 0.2439038 0.2636320 0.0668417 0.0805873 
A4         0.1853138 0.1975161 0.1703378 0.0000000 0.2321720 0.2156205 0.2316635 0.2494361 0.1677237 0.1812017 
B          0.2467502 0.2546963 0.2508871 0.2321720 0.0000000 0.0545026 0.1075615 0.1246720 0.2421688 0.2559729 
C          0.2167341 0.2211638 0.2284020 0.2156205 0.0545026 0.0000000 0.0835821 0.0953500 0.2174209 0.2359380 
D          0.2374279 0.2456301 0.2439038 0.2316635 0.1075615 0.0835821 0.0000000 0.0741245 0.2327667 0.2543762 
E          0.2441363 0.2655332 0.2636320 0.2494361 0.1246720 0.0953500 0.0741245 0.0000000 0.2467239 0.2717520 
H          0.1741413 0.0806196 0.0668417 0.1677237 0.2421688 0.2174209 0.2327667 0.2467239 0.0000000 0.0541838 
I          0.1986749 0.0925593 0.0805873 0.1812017 0.2559729 0.2359380 0.2543762 0.2717520 0.0541838 0.0000000 
