10
A          0.0000000 0.1754559 0.1827082 0.1617228 0.2055336 0.2087066 0.1820293 0.1889045 0.1855347 0.1888428 
A0         0.1754559 0.0000000 0.0607039 0.1407140 0.2008458 0.2039978 0.1849095 0.2021028 0.0521405 0.0653713 
A1         0.1827082 0.0607039 0.0000000 0.1380813 0.2080576 0.2112445 0.1869905 0.2041700 0.0605276 0.0738620 
A4         0.1617228 0.1407140 0.1380813 0.0000000 0.1988999 0.1990620 0.1723697 0.1771350 0.1407051 0.1461693 
B          0.2055336 0.2008458 0.2080576 0.1988999 0.0000000 0.0140975 0.0894303 0.0935070 0.2109963 0.2092703 
C          0.2087066 0.2039978 0.2112445 0.1990620 0.0140975 0.0000000 0.0896225 0.0937076 0.2142059 0.2124823 
D          0.1820293 0.1849095 0.1869905 0.1723697 0.0894303 0.0896225 0.0000000 0.0876499 0.1873789 0.1855842 
E          0.1889045 0.2021028 0.2041700 0.1771350 0.0935070 0.0937076 0.0876499 0.0000000 0.2071084 0.2053635 
H          0.1855347 0.0521405 0.0605276 0.1407051 0.2109963 0.2142059 0.1873789 0.2071084 0.0000000 0.0287290 
I          0.1888428 0.0653713 0.0738620 0.1461693 0.2092703 0.2124823 0.1855842 0.2053635 0.0287290 0.0000000 
