10
A          0.0000000 0.1709469 0.1775665 0.1711940 0.1839070 0.1840336 0.1694930 0.1646559 0.1863468 0.1893664 
A0         0.1709469 0.0000000 0.0903347 0.1314556 0.1901474 0.1902794 0.1759074 0.1756432 0.0435339 0.0457570 
A1         0.1775665 0.0903347 0.0000000 0.1453073 0.2072889 0.2074333 0.1902478 0.1930547 0.0972056 0.1043186 
A4         0.1711940 0.1314556 0.1453073 0.0000000 0.2010545 0.2011952 0.1737528 0.1817636 0.1436477 0.1464292 
B          0.1839070 0.1901474 0.2072889 0.2010545 0.0000000 0.0080756 0.1138485 0.1068760 0.2035564 0.2067008 
C          0.1840336 0.1902794 0.2074333 0.2011952 0.0080756 0.0000000 0.1139239 0.1069466 0.2036989 0.2068461 
D          0.1694930 0.1759074 0.1902478 0.1737528 0.1138485 0.1139239 0.0000000 0.0692426 0.1862551 0.1892735 
E          0.1646559 0.1756432 0.1930547 0.1817636 0.1068760 0.1069466 0.0692426 0.0000000 0.1911025 0.1914465 
H          0.1863468 0.0435339 0.0972056 0.1436477 0.2035564 0.2036989 0.1862551 0.1911025 0.0000000 0.0100579 
I          0.1893664 0.0457570 0.1043186 0.1464292 0.2067008 0.2068461 0.1892735 0.1914465 0.0100579 0.0000000 
