10
A          0.0000000 0.2042170 0.2114261 0.1844100 0.2006458 0.2113532 0.2059713 0.1961428 0.2042395 0.2013610 
A0         0.2042170 0.0000000 0.0519581 0.1807080 0.2115947 0.2332222 0.2119012 0.2366116 0.0895018 0.0916274 
A1         0.2114261 0.0519581 0.0000000 0.1832115 0.2163239 0.2353733 0.2132171 0.2414182 0.0895541 0.0916818 
A4         0.1844100 0.1807080 0.1832115 0.0000000 0.1697813 0.1801212 0.1852461 0.2014045 0.1655778 0.1753896 
B          0.2006458 0.2115947 0.2163239 0.1697813 0.0000000 0.0161634 0.1110184 0.1277762 0.2090232 0.2113507 
C          0.2113532 0.2332222 0.2353733 0.1801212 0.0161634 0.0000000 0.1251456 0.1422256 0.2252226 0.2275681 
D          0.2059713 0.2119012 0.2132171 0.1852461 0.1110184 0.1251456 0.0000000 0.1114888 0.2092216 0.2115512 
E          0.1961428 0.2366116 0.2414182 0.2014045 0.1277762 0.1422256 0.1114888 0.0000000 0.2099036 0.2122610 
H          0.2042395 0.0895018 0.0895541 0.1655778 0.2090232 0.2252226 0.2092216 0.2099036 0.0000000 0.0182245 
I          0.2013610 0.0916274 0.0916818 0.1753896 0.2113507 0.2275681 0.2115512 0.2122610 0.0182245 0.0000000 
