10
A          0.0000000 0.1748917 0.1803878 0.1834752 0.1430592 0.1458026 0.1619094 0.1650990 0.1855732 0.1820098 
A0         0.1748917 0.0000000 0.0350857 0.1740099 0.1818836 0.1847693 0.1880352 0.1633625 0.0994575 0.0893848 
A1         0.1803878 0.0350857 0.0000000 0.1766915 0.1819571 0.1822478 0.1847736 0.1661144 0.1046701 0.0967594 
A4         0.1834752 0.1740099 0.1766915 0.0000000 0.1830385 0.1859907 0.1876755 0.1919054 0.1785090 0.1783182 
B          0.1430592 0.1818836 0.1819571 0.1830385 0.0000000 0.0162535 0.1244722 0.1074426 0.1784482 0.1749753 
C          0.1458026 0.1847693 0.1822478 0.1859907 0.0162535 0.0000000 0.1300180 0.1128448 0.1787350 0.1699296 
D          0.1619094 0.1880352 0.1847736 0.1876755 0.1244722 0.1300180 0.0000000 0.1329971 0.1855177 0.1792034 
E          0.1650990 0.1633625 0.1661144 0.1919054 0.1074426 0.1128448 0.1329971 0.0000000 0.1705085 0.1618370 
H          0.1855732 0.0994575 0.1046701 0.1785090 0.1784482 0.1787350 0.1855177 0.1705085 0.0000000 0.0246609 
I          0.1820098 0.0893848 0.0967594 0.1783182 0.1749753 0.1699296 0.1792034 0.1618370 0.0246609 0.0000000 
