10
A          0.0000000 0.2172793 0.2177184 0.2204081 0.2234043 0.2261729 0.2076876 0.2066694 0.2118454 0.2088866 
A0         0.2172793 0.0000000 0.0611425 0.1638497 0.2137453 0.2164938 0.1954145 0.1917772 0.0913545 0.0867125 
A1         0.2177184 0.0611425 0.0000000 0.1684875 0.2205019 0.2232583 0.2021375 0.1984562 0.0931841 0.0885535 
A4         0.2204081 0.1638497 0.1684875 0.0000000 0.1881299 0.1856522 0.1698860 0.1827757 0.1543910 0.1542828 
B          0.2234043 0.2137453 0.2205019 0.1881299 0.0000000 0.0020041 0.0628629 0.0739329 0.2058486 0.2029605 
C          0.2261729 0.2164938 0.2232583 0.1856522 0.0020041 0.0000000 0.0650630 0.0761688 0.2085713 0.2056704 
D          0.2076876 0.1954145 0.2021375 0.1698860 0.0628629 0.0650630 0.0000000 0.0608427 0.1928600 0.1900266 
E          0.2066694 0.1917772 0.1984562 0.1827757 0.0739329 0.0761688 0.0608427 0.0000000 0.1892454 0.1864427 
H          0.2118454 0.0913545 0.0931841 0.1543910 0.2058486 0.2085713 0.1928600 0.1892454 0.0000000 0.0040182 
I          0.2088866 0.0867125 0.0885535 0.1542828 0.2029605 0.2056704 0.1900266 0.1864427 0.0040182 0.0000000 
