10
A          0.0000000 0.1797420 0.1914521 0.1975370 0.2141100 0.2187820 0.2034111 0.2143537 0.1874079 0.1791815 
A0         0.1797420 0.0000000 0.0762574 0.1258733 0.1642034 0.1727910 0.1705438 0.1661093 0.0499708 0.0476760 
A1         0.1914521 0.0762574 0.0000000 0.1395077 0.1781845 0.1843600 0.1871529 0.1827181 0.0873625 0.0848413 
A4         0.1975370 0.1258733 0.1395077 0.0000000 0.1853381 0.1790294 0.1894003 0.1843413 0.1329911 0.1325623 
B          0.2141100 0.1642034 0.1781845 0.1853381 0.0000000 0.0788893 0.1542963 0.1493919 0.1741423 0.1710248 
C          0.2187820 0.1727910 0.1843600 0.1790294 0.0788893 0.0000000 0.1455621 0.1436373 0.1828890 0.1796905 
D          0.2034111 0.1705438 0.1871529 0.1894003 0.1542963 0.1455621 0.0000000 0.1044146 0.1770944 0.1769146 
E          0.2143537 0.1661093 0.1827181 0.1843413 0.1493919 0.1436373 0.1044146 0.0000000 0.1761838 0.1730176 
H          0.1874079 0.0499708 0.0873625 0.1329911 0.1741423 0.1828890 0.1770944 0.1761838 0.0000000 0.0141226 
I          0.1791815 0.0476760 0.0848413 0.1325623 0.1710248 0.1796905 0.1769146 0.1730176 0.0141226 0.0000000 
