10
A          0.0000000 0.1978392 0.2094993 0.2072744 0.2042230 0.2043753 0.2161260 0.2028848 0.2089648 0.2096551 
A0         0.1978392 0.0000000 0.0223804 0.1759287 0.1946616 0.1948068 0.2294067 0.2130940 0.0585234 0.0608777 
A1         0.2094993 0.0223804 0.0000000 0.1712699 0.1957811 0.1959280 0.2361957 0.2196651 0.0673507 0.0675906 
A4         0.2072744 0.1759287 0.1712699 0.0000000 0.2053814 0.2055404 0.2318208 0.2154821 0.1782602 0.1814814 
B          0.2042230 0.1946616 0.1957811 0.2053814 0.0000000 0.0141294 0.1143963 0.1050905 0.2057226 0.2116663 
C          0.2043753 0.1948068 0.1959280 0.2055404 0.0141294 0.0000000 0.1167379 0.1074029 0.2058773 0.2118263 
D          0.2161260 0.2294067 0.2361957 0.2318208 0.1143963 0.1167379 0.0000000 0.0582807 0.2248198 0.2392079 
E          0.2028848 0.2130940 0.2196651 0.2154821 0.1050905 0.1074029 0.0582807 0.0000000 0.2053137 0.2139787 
H          0.2089648 0.0585234 0.0673507 0.1782602 0.2057226 0.2058773 0.2248198 0.2053137 0.0000000 0.0142003 
I          0.2096551 0.0608777 0.0675906 0.1814814 0.2116663 0.2118263 0.2392079 0.2139787 0.0142003 0.0000000 
