10
A          0.0000000 0.1578045 0.1481172 0.1944867 0.2109471 0.2194489 0.2009427 0.1927834 0.1680862 0.1449753 
A0         0.1578045 0.0000000 0.0857331 0.1450724 0.1602162 0.1650208 0.1559306 0.1632413 0.0543151 0.0246324 
A1         0.1481172 0.0857331 0.0000000 0.1455847 0.1810090 0.1807346 0.1662695 0.1736802 0.0923762 0.0790659 
A4         0.1944867 0.1450724 0.1455847 0.0000000 0.2157859 0.2208235 0.2052655 0.2101823 0.1550090 0.1404265 
B          0.2109471 0.1602162 0.1810090 0.2157859 0.0000000 0.0327056 0.1110952 0.1131961 0.1886982 0.1655270 
C          0.2194489 0.1650208 0.1807346 0.2208235 0.0327056 0.0000000 0.1180150 0.1177068 0.1883967 0.1652724 
D          0.2009427 0.1559306 0.1662695 0.2052655 0.1110952 0.1180150 0.0000000 0.0916472 0.1788333 0.1561637 
E          0.1927834 0.1632413 0.1736802 0.2101823 0.1131961 0.1177068 0.0916472 0.0000000 0.1863207 0.1610511 
H          0.1680862 0.0543151 0.0923762 0.1550090 0.1886982 0.1883967 0.1788333 0.1863207 0.0000000 0.0500730 
I          0.1449753 0.0246324 0.0790659 0.1404265 0.1655270 0.1652724 0.1561637 0.1610511 0.0500730 0.0000000 
