10
A          0.0000000 0.1778963 0.1710421 0.1998546 0.2000553 0.1947889 0.1883265 0.1740848 0.1662046 0.1718746 
A0         0.1778963 0.0000000 0.0739263 0.1395136 0.1412682 0.1387429 0.1305208 0.1372000 0.0392956 0.0436479 
A1         0.1710421 0.0739263 0.0000000 0.1423732 0.1418587 0.1393198 0.1334105 0.1230527 0.0544686 0.0633187 
A4         0.1998546 0.1395136 0.1423732 0.0000000 0.1623473 0.1646290 0.1534629 0.1552831 0.1256592 0.1379650 
B          0.2000553 0.1412682 0.1418587 0.1623473 0.0000000 0.0100103 0.0831076 0.0896656 0.1299605 0.1398991 
C          0.1947889 0.1387429 0.1393198 0.1646290 0.0100103 0.0000000 0.0807999 0.0873388 0.1274656 0.1373599 
D          0.1883265 0.1305208 0.1334105 0.1534629 0.0831076 0.0807999 0.0000000 0.0811904 0.1120965 0.1194293 
E          0.1740848 0.1372000 0.1230527 0.1552831 0.0896656 0.0873388 0.0811904 0.0000000 0.1211165 0.1309813 
H          0.1662046 0.0392956 0.0544686 0.1256592 0.1299605 0.1274656 0.1120965 0.1211165 0.0000000 0.0246696 
I          0.1718746 0.0436479 0.0633187 0.1379650 0.1398991 0.1373599 0.1194293 0.1309813 0.0246696 0.0000000 
