10
A          0.0000000 0.2162183 0.2095758 0.2116416 0.1947062 0.2000929 0.1803359 0.1774090 0.2069441 0.2012198 
A0         0.2162183 0.0000000 0.0676528 0.1407718 0.1519257 0.1545957 0.1484928 0.1579871 0.0329508 0.0307982 
A1         0.2095758 0.0676528 0.0000000 0.1373918 0.1464398 0.1490775 0.1330759 0.1472141 0.0672875 0.0649833 
A4         0.2116416 0.1407718 0.1373918 0.0000000 0.1507447 0.1533896 0.1495384 0.1584810 0.1370780 0.1371434 
B          0.1947062 0.1519257 0.1464398 0.1507447 0.0000000 0.0040176 0.0927958 0.1086075 0.1459902 0.1384299 
C          0.2000929 0.1545957 0.1490775 0.1533896 0.0040176 0.0000000 0.0974477 0.1133448 0.1486182 0.1410226 
D          0.1803359 0.1484928 0.1330759 0.1495384 0.0927958 0.0974477 0.0000000 0.0804271 0.1426387 0.1351585 
E          0.1774090 0.1579871 0.1472141 0.1584810 0.1086075 0.1133448 0.0804271 0.0000000 0.1520224 0.1444648 
H          0.2069441 0.0329508 0.0672875 0.1370780 0.1459902 0.1486182 0.1426387 0.1520224 0.0000000 0.0100645 
I          0.2012198 0.0307982 0.0649833 0.1371434 0.1384299 0.1410226 0.1351585 0.1444648 0.0100645 0.0000000 
