10
A          0.0000000 0.2077094 0.2040932 0.2268408 0.2605895 0.2731099 0.2717718 0.2843550 0.2216232 0.2157857 
A0         0.2077094 0.0000000 0.0609753 0.1713586 0.2366850 0.2482452 0.2380045 0.2499184 0.0286236 0.0265067 
A1         0.2040932 0.0609753 0.0000000 0.1705101 0.2324481 0.2438777 0.2257195 0.2402055 0.0698594 0.0609257 
A4         0.2268408 0.1713586 0.1705101 0.0000000 0.2601863 0.2747579 0.2533907 0.2628217 0.1818496 0.1764046 
B          0.2605895 0.2366850 0.2324481 0.2601863 0.0000000 0.0329767 0.1093479 0.1285749 0.2483229 0.2422207 
C          0.2731099 0.2482452 0.2438777 0.2747579 0.0329767 0.0000000 0.1216173 0.1363552 0.2600684 0.2538590 
D          0.2717718 0.2380045 0.2257195 0.2533907 0.1093479 0.1216173 0.0000000 0.0722492 0.2413173 0.2351422 
E          0.2843550 0.2499184 0.2402055 0.2628217 0.1285749 0.1363552 0.0722492 0.0000000 0.2560330 0.2414274 
H          0.2216232 0.0286236 0.0698594 0.1818496 0.2483229 0.2600684 0.2413173 0.2560330 0.0000000 0.0265503 
I          0.2157857 0.0265067 0.0609257 0.1764046 0.2422207 0.2538590 0.2351422 0.2414274 0.0265503 0.0000000 
