10
A          0.0000000 0.2035871 0.1973637 0.2294760 0.2421106 0.2390726 0.2407732 0.2450423 0.1950222 0.2076062 
A0         0.2035871 0.0000000 0.1035541 0.1654650 0.1856328 0.1859694 0.1954693 0.1784512 0.0560554 0.0581073 
A1         0.1973637 0.1035541 0.0000000 0.1606111 0.1808456 0.1755309 0.1794337 0.1730680 0.1054943 0.1076011 
A4         0.2294760 0.1654650 0.1606111 0.0000000 0.1979191 0.2003359 0.2048647 0.2091440 0.1697519 0.1719444 
B          0.2421106 0.1856328 0.1808456 0.1979191 0.0000000 0.0265779 0.0997526 0.0763996 0.1899498 0.1954087 
C          0.2390726 0.1859694 0.1755309 0.2003359 0.0265779 0.0000000 0.0973756 0.0695119 0.1845992 0.1900082 
D          0.2407732 0.1954693 0.1794337 0.2048647 0.0997526 0.0973756 0.0000000 0.1092377 0.1890576 0.1997131 
E          0.2450423 0.1784512 0.1730680 0.2091440 0.0763996 0.0695119 0.1092377 0.0000000 0.1821583 0.1875517 
H          0.1950222 0.0560554 0.1054943 0.1697519 0.1899498 0.1845992 0.1890576 0.1821583 0.0000000 0.0222613 
I          0.2076062 0.0581073 0.1076011 0.1719444 0.1954087 0.1900082 0.1997131 0.1875517 0.0222613 0.0000000 
