10
A          0.0000000 0.2103074 0.1985626 0.2087351 0.2170774 0.2091756 0.1834324 0.1952451 0.2188443 0.2167309 
A0         0.2103074 0.0000000 0.0874094 0.1449725 0.1448331 0.1399417 0.1156265 0.1238302 0.0736582 0.0738374 
A1         0.1985626 0.0874094 0.0000000 0.1468128 0.1490284 0.1441316 0.1197795 0.1163937 0.0898733 0.0900969 
A4         0.2087351 0.1449725 0.1468128 0.0000000 0.1749464 0.1651718 0.1327079 0.1333028 0.1454229 0.1433255 
B          0.2170774 0.1448331 0.1490284 0.1749464 0.0000000 0.0349501 0.1106468 0.1066391 0.1476347 0.1474940 
C          0.2091756 0.1399417 0.1441316 0.1651718 0.0349501 0.0000000 0.1037244 0.0997111 0.1475644 0.1425786 
D          0.1834324 0.1156265 0.1197795 0.1327079 0.1106468 0.1037244 0.0000000 0.0679895 0.1207648 0.1159602 
E          0.1952451 0.1238302 0.1163937 0.1333028 0.1066391 0.0997111 0.0679895 0.0000000 0.1265336 0.1194505 
H          0.2188443 0.0736582 0.0898733 0.1454229 0.1476347 0.1475644 0.1207648 0.1265336 0.0000000 0.0162094 
I          0.2167309 0.0738374 0.0900969 0.1433255 0.1474940 0.1425786 0.1159602 0.1194505 0.0162094 0.0000000 
