10
A          0.0000000 0.2249766 0.2164353 0.2100756 0.1862984 0.1891887 0.1824586 0.1984207 0.2117883 0.2166536 
A0         0.2249766 0.0000000 0.0816605 0.1350091 0.1805585 0.1783210 0.1797801 0.1134051 0.0245644 0.0287639 
A1         0.2164353 0.0816605 0.0000000 0.1171520 0.1663715 0.1641348 0.1630862 0.0978000 0.0704692 0.0750303 
A4         0.2100756 0.1350091 0.1171520 0.0000000 0.1760199 0.1762275 0.1728457 0.1113444 0.1231371 0.1280477 
B          0.1862984 0.1805585 0.1663715 0.1760199 0.0000000 0.0080402 0.0696961 0.1624670 0.1705888 0.1758704 
C          0.1891887 0.1783210 0.1641348 0.1762275 0.0080402 0.0000000 0.0741848 0.1626557 0.1683589 0.1736327 
D          0.1824586 0.1797801 0.1630862 0.1728457 0.0696961 0.0741848 0.0000000 0.1617831 0.1698613 0.1751148 
E          0.1984207 0.1134051 0.0978000 0.1113444 0.1624670 0.1626557 0.1617831 0.0000000 0.1018469 0.1065998 
H          0.2117883 0.0245644 0.0704692 0.1231371 0.1705888 0.1683589 0.1698613 0.1018469 0.0000000 0.0142487 
I          0.2166536 0.0287639 0.0750303 0.1280477 0.1758704 0.1736327 0.1751148 0.1065998 0.0142487 0.0000000 
