10
A          0.0000000 0.2019309 0.2141585 0.2156083 0.2098861 0.2069813 0.2140864 0.2148155 0.2008724 0.2181707 
A0         0.2019309 0.0000000 0.0733991 0.1636525 0.1863403 0.1912179 0.1776961 0.1734417 0.0306241 0.0389257 
A1         0.2141585 0.0733991 0.0000000 0.1619050 0.1851944 0.1952802 0.1866915 0.1797666 0.0805268 0.0893264 
A4         0.2156083 0.1636525 0.1619050 0.0000000 0.1864714 0.1966934 0.1881366 0.1786633 0.1648852 0.1771214 
B          0.2098861 0.1863403 0.1851944 0.1864714 0.0000000 0.0415210 0.1400454 0.1360713 0.1876899 0.2056870 
C          0.2069813 0.1912179 0.1952802 0.1966934 0.0415210 0.0000000 0.1351436 0.1311647 0.1901099 0.2106714 
D          0.2140864 0.1776961 0.1866915 0.1881366 0.1400454 0.1351436 0.0000000 0.0790843 0.1815899 0.2018855 
E          0.2148155 0.1734417 0.1797666 0.1786633 0.1360713 0.1311647 0.0790843 0.0000000 0.1722244 0.1924189 
H          0.2008724 0.0306241 0.0805268 0.1648852 0.1876899 0.1901099 0.1815899 0.1722244 0.0000000 0.0327171 
I          0.2181707 0.0389257 0.0893264 0.1771214 0.2056870 0.2106714 0.2018855 0.1924189 0.0327171 0.0000000 
