10
A          0.0000000 0.2051690 0.1718484 0.1878269 0.1827381 0.1681619 0.1658744 0.1719421 0.1933921 0.1932799 
A0         0.2051690 0.0000000 0.0739905 0.1507900 0.1977119 0.1729963 0.1736420 0.1793855 0.0498412 0.0969494 
A1         0.1718484 0.0739905 0.0000000 0.1317509 0.1566761 0.1433180 0.1536904 0.1543513 0.0611851 0.0743066 
A4         0.1878269 0.1507900 0.1317509 0.0000000 0.1826885 0.1638740 0.1693348 0.1776604 0.1419668 0.1470280 
B          0.1827381 0.1977119 0.1566761 0.1826885 0.0000000 0.0962043 0.1010637 0.1036517 0.1809184 0.1778107 
C          0.1681619 0.1729963 0.1433180 0.1638740 0.0962043 0.0000000 0.0603889 0.0628217 0.1640661 0.1566171 
D          0.1658744 0.1736420 0.1536904 0.1693348 0.1010637 0.0603889 0.0000000 0.0693938 0.1696139 0.1670007 
E          0.1719421 0.1793855 0.1543513 0.1776604 0.1036517 0.0628217 0.0693938 0.0000000 0.1703588 0.1622845 
H          0.1933921 0.0498412 0.0611851 0.1419668 0.1809184 0.1640661 0.1696139 0.1703588 0.0000000 0.0837944 
I          0.1932799 0.0969494 0.0743066 0.1470280 0.1778107 0.1566171 0.1670007 0.1622845 0.0837944 0.0000000 
