10
A          0.0000000 0.2042462 0.2033624 0.2137237 0.1821713 0.1749378 0.1726250 0.1905451 0.1990832 0.1937822 
A0         0.2042462 0.0000000 0.0827195 0.1670058 0.1737125 0.1666580 0.1618802 0.1744216 0.0539645 0.0475538 
A1         0.2033624 0.0827195 0.0000000 0.1554269 0.1676356 0.1554786 0.1557285 0.1604091 0.0831029 0.0764035 
A4         0.2137237 0.1670058 0.1554269 0.0000000 0.1902128 0.1803790 0.1608857 0.1761667 0.1649972 0.1575340 
B          0.1821713 0.1737125 0.1676356 0.1902128 0.0000000 0.0182880 0.1016365 0.1275823 0.1691769 0.1642295 
C          0.1749378 0.1666580 0.1554786 0.1803790 0.0182880 0.0000000 0.0972131 0.1207733 0.1646532 0.1572078 
D          0.1726250 0.1618802 0.1557285 0.1608857 0.1016365 0.0972131 0.0000000 0.0811801 0.1598321 0.1500353 
E          0.1905451 0.1744216 0.1604091 0.1761667 0.1275823 0.1207733 0.0811801 0.0000000 0.1747737 0.1673915 
H          0.1990832 0.0539645 0.0831029 0.1649972 0.1691769 0.1646532 0.1598321 0.1747737 0.0000000 0.0100599 
I          0.1937822 0.0475538 0.0764035 0.1575340 0.1642295 0.1572078 0.1500353 0.1673915 0.0100599 0.0000000 
