10
A          0.0000000 0.2051240 0.2028713 0.2033390 0.2044018 0.2100296 0.2229194 0.2251321 0.2149612 0.2041776 
A0         0.2051240 0.0000000 0.1324068 0.1821630 0.2034161 0.2090108 0.2216163 0.2085846 0.0244591 0.0162100 
A1         0.2028713 0.1324068 0.0000000 0.1703141 0.1900112 0.1954946 0.2056878 0.2082534 0.1296308 0.1247380 
A4         0.2033390 0.1821630 0.1703141 0.0000000 0.1964755 0.2019712 0.2395876 0.2282212 0.1846952 0.1743847 
B          0.2044018 0.2034161 0.1900112 0.1964755 0.0000000 0.0080939 0.1337137 0.1238409 0.2080755 0.1973309 
C          0.2100296 0.2090108 0.1954946 0.2019712 0.0080939 0.0000000 0.1387402 0.1287873 0.2136900 0.2028563 
D          0.2229194 0.2216163 0.2056878 0.2395876 0.1337137 0.1387402 0.0000000 0.0655541 0.2237230 0.2153460 
E          0.2251321 0.2085846 0.2082534 0.2282212 0.1238409 0.1287873 0.0655541 0.0000000 0.2132536 0.2024465 
H          0.2149612 0.0244591 0.1296308 0.1846952 0.2080755 0.2136900 0.2237230 0.2132536 0.0000000 0.0080348 
I          0.2041776 0.0162100 0.1247380 0.1743847 0.1973309 0.2028563 0.2153460 0.2024465 0.0080348 0.0000000 
