10
A          0.0000000 0.1732066 0.1828408 0.1830832 0.1751096 0.1908693 0.1732615 0.1750242 0.1704280 0.1654553 
A0         0.1732066 0.0000000 0.0734633 0.1260418 0.1730369 0.1657363 0.1486163 0.1529057 0.0456252 0.0413668 
A1         0.1828408 0.0734633 0.0000000 0.1428365 0.1903906 0.1779326 0.1731177 0.1645256 0.0847949 0.0803343 
A4         0.1830832 0.1260418 0.1428365 0.0000000 0.1881724 0.1831392 0.1680582 0.1648160 0.1383891 0.1335317 
B          0.1751096 0.1730369 0.1903906 0.1881724 0.0000000 0.0328872 0.0928708 0.1041826 0.1806987 0.1755908 
C          0.1908693 0.1657363 0.1779326 0.1831392 0.0328872 0.0000000 0.0974904 0.0950777 0.1733416 0.1682703 
D          0.1732615 0.1486163 0.1731177 0.1680582 0.0928708 0.0974904 0.0000000 0.0566222 0.1610229 0.1560176 
E          0.1750242 0.1529057 0.1645256 0.1648160 0.1041826 0.0950777 0.0566222 0.0000000 0.1603751 0.1553926 
H          0.1704280 0.0456252 0.0847949 0.1383891 0.1806987 0.1733416 0.1610229 0.1603751 0.0000000 0.0080351 
I          0.1654553 0.0413668 0.0803343 0.1335317 0.1755908 0.1682703 0.1560176 0.1553926 0.0080351 0.0000000 
