10
A          0.0000000 0.1872330 0.1765585 0.1571738 0.2315034 0.2321222 0.2034197 0.1929199 0.1864441 0.1787505 
A0         0.1872330 0.0000000 0.0413187 0.1505289 0.2239646 0.2271922 0.1983857 0.1854928 0.0894076 0.0805373 
A1         0.1765585 0.0413187 0.0000000 0.1531952 0.2215905 0.2248094 0.1933659 0.1807445 0.0917690 0.0828656 
A4         0.1571738 0.1505289 0.1531952 0.0000000 0.2060341 0.2065628 0.1813942 0.1714659 0.1546950 0.1450495 
B          0.2315034 0.2239646 0.2215905 0.2060341 0.0000000 0.0060107 0.0585203 0.1213193 0.2283739 0.2177750 
C          0.2321222 0.2271922 0.2248094 0.2065628 0.0060107 0.0000000 0.0607956 0.1239305 0.2316125 0.2209568 
D          0.2034197 0.1983857 0.1933659 0.1813942 0.0585203 0.0607956 0.0000000 0.1065293 0.2105626 0.2002283 
E          0.1929199 0.1854928 0.1807445 0.1714659 0.1213193 0.1239305 0.1065293 0.0000000 0.1897943 0.1797962 
H          0.1864441 0.0894076 0.0917690 0.1546950 0.2283739 0.2316125 0.2105626 0.1897943 0.0000000 0.0080403 
I          0.1787505 0.0805373 0.0828656 0.1450495 0.2177750 0.2209568 0.2002283 0.1797962 0.0080403 0.0000000 
