10
A          0.0000000 0.1640460 0.1636272 0.1670910 0.1548464 0.1549245 0.1535396 0.1712074 0.1593937 0.1643850 
A0         0.1640460 0.0000000 0.0735176 0.1321832 0.1534414 0.1487007 0.1569788 0.1748664 0.0306005 0.0347728 
A1         0.1636272 0.0735176 0.0000000 0.1442032 0.1583631 0.1535992 0.1594553 0.1724482 0.0714049 0.0758146 
A4         0.1670910 0.1321832 0.1442032 0.0000000 0.1661301 0.1613199 0.1575419 0.1810823 0.1230468 0.1278182 
B          0.1548464 0.1534414 0.1583631 0.1661301 0.0000000 0.0161693 0.0894339 0.0963818 0.1586034 0.1635655 
C          0.1549245 0.1487007 0.1535992 0.1613199 0.0161693 0.0000000 0.0850140 0.0941298 0.1538309 0.1587687 
D          0.1535396 0.1569788 0.1594553 0.1575419 0.0894339 0.0850140 0.0000000 0.0767589 0.1548187 0.1597928 
E          0.1712074 0.1748664 0.1724482 0.1810823 0.0963818 0.0941298 0.0767589 0.0000000 0.1751363 0.1802446 
H          0.1593937 0.0306005 0.0714049 0.1230468 0.1586034 0.1538309 0.1548187 0.1751363 0.0000000 0.0040107 
I          0.1643850 0.0347728 0.0758146 0.1278182 0.1635655 0.1587687 0.1597928 0.1802446 0.0040107 0.0000000 
