10
A          0.0000000 0.1848231 0.1641772 0.1557503 0.2040012 0.1694157 0.1764424 0.1736667 0.1530255 0.1782890 
A0         0.1848231 0.0000000 0.0457673 0.1515999 0.2214226 0.1811580 0.1929755 0.1835739 0.0699837 0.0882462 
A1         0.1641772 0.0457673 0.0000000 0.1319670 0.1976000 0.1584828 0.1626259 0.1658052 0.0500752 0.0678831 
A4         0.1557503 0.1515999 0.1319670 0.0000000 0.1985818 0.1597124 0.1737873 0.1695086 0.1305037 0.1433986 
B          0.2040012 0.2214226 0.1976000 0.1985818 0.0000000 0.1029449 0.1050614 0.1101574 0.2121918 0.2188293 
C          0.1694157 0.1811580 0.1584828 0.1597124 0.1029449 0.0000000 0.0601629 0.0584328 0.1645336 0.1806960 
D          0.1764424 0.1929755 0.1626259 0.1737873 0.1050614 0.0601629 0.0000000 0.0689819 0.1762853 0.1901498 
E          0.1736667 0.1835739 0.1658052 0.1695086 0.1101574 0.0584328 0.0689819 0.0000000 0.1719457 0.1781825 
H          0.1530255 0.0699837 0.0500752 0.1305037 0.2121918 0.1645336 0.1762853 0.1719457 0.0000000 0.0591997 
I          0.1782890 0.0882462 0.0678831 0.1433986 0.2188293 0.1806960 0.1901498 0.1781825 0.0591997 0.0000000 
