10
A          0.0000000 0.2101066 0.2206520 0.1958182 0.2090739 0.2146998 0.1775302 0.1769377 0.2056443 0.2110515 
A0         0.2101066 0.0000000 0.0328856 0.1228765 0.1854330 0.1779448 0.1588297 0.1618431 0.0630513 0.0630919 
A1         0.2206520 0.0328856 0.0000000 0.1323269 0.2010193 0.1934222 0.1795652 0.1802334 0.0652516 0.0652937 
A4         0.1958182 0.1228765 0.1323269 0.0000000 0.1868780 0.1845358 0.1683507 0.1689692 0.1327147 0.1328008 
B          0.2090739 0.1854330 0.2010193 0.1868780 0.0000000 0.0120942 0.1050864 0.1006253 0.1913575 0.1914852 
C          0.2146998 0.1779448 0.1934222 0.1845358 0.0120942 0.0000000 0.1052578 0.0984290 0.1863069 0.1864312 
D          0.1775302 0.1588297 0.1795652 0.1683507 0.1050864 0.1052578 0.0000000 0.0704715 0.1725431 0.1726574 
E          0.1769377 0.1618431 0.1802334 0.1689692 0.1006253 0.0984290 0.0704715 0.0000000 0.1701359 0.1702486 
H          0.2056443 0.0630513 0.0652516 0.1327147 0.1913575 0.1863069 0.1725431 0.1701359 0.0000000 0.0121545 
I          0.2110515 0.0630919 0.0652937 0.1328008 0.1914852 0.1864312 0.1726574 0.1702486 0.0121545 0.0000000 
