10
A          0.0000000 0.2119655 0.2182447 0.1821973 0.1957206 0.2224197 0.2265200 0.2371967 0.2071546 0.2158525 
A0         0.2119655 0.0000000 0.0330244 0.1658830 0.1372857 0.1540663 0.1696519 0.1743251 0.0566290 0.0611916 
A1         0.2182447 0.0330244 0.0000000 0.1666529 0.1475218 0.1621827 0.1785143 0.1778219 0.0633009 0.0679326 
A4         0.1821973 0.1658830 0.1666529 0.0000000 0.1388773 0.1706782 0.1772682 0.1837718 0.1564136 0.1668712 
B          0.1957206 0.1372857 0.1475218 0.1388773 0.0000000 0.1490174 0.1626038 0.1593971 0.1447745 0.1502080 
C          0.2224197 0.1540663 0.1621827 0.1706782 0.1490174 0.0000000 0.0845316 0.0820593 0.1666610 0.1673349 
D          0.2265200 0.1696519 0.1785143 0.1772682 0.1626038 0.0845316 0.0000000 0.0939492 0.1858774 0.1942718 
E          0.2371967 0.1743251 0.1778219 0.1837718 0.1593971 0.0820593 0.0939492 0.0000000 0.1772172 0.1855772 
H          0.2071546 0.0566290 0.0633009 0.1564136 0.1447745 0.1666610 0.1858774 0.1772172 0.0000000 0.0121687 
I          0.2158525 0.0611916 0.0679326 0.1668712 0.1502080 0.1673349 0.1942718 0.1855772 0.0121687 0.0000000 
