10
A          0.0000000 0.2121353 0.2327366 0.1836158 0.2198222 0.2169058 0.1965258 0.1988382 0.2266980 0.2199034 
A0         0.2121353 0.0000000 0.0306067 0.1314532 0.2394766 0.2364318 0.2282959 0.2279033 0.0720009 0.0655732 
A1         0.2327366 0.0306067 0.0000000 0.1430109 0.2440864 0.2410314 0.2381171 0.2405146 0.0739662 0.0719438 
A4         0.1836158 0.1314532 0.1430109 0.0000000 0.2052046 0.2023355 0.1892631 0.1864597 0.1454243 0.1409223 
B          0.2198222 0.2394766 0.2440864 0.2052046 0.0000000 0.0080586 0.1371636 0.1369602 0.2644826 0.2511627 
C          0.2169058 0.2364318 0.2410314 0.2023355 0.0080586 0.0000000 0.1346172 0.1344186 0.2613251 0.2480578 
D          0.1965258 0.2282959 0.2381171 0.1892631 0.1371636 0.1346172 0.0000000 0.0827986 0.2355717 0.2334028 
E          0.1988382 0.2279033 0.2405146 0.1864597 0.1369602 0.1344186 0.0827986 0.0000000 0.2405778 0.2329993 
H          0.2266980 0.0720009 0.0739662 0.1454243 0.2644826 0.2613251 0.2355717 0.2405778 0.0000000 0.0697403 
I          0.2199034 0.0655732 0.0719438 0.1409223 0.2511627 0.2480578 0.2334028 0.2329993 0.0697403 0.0000000 
