10
A          0.0000000 0.2017979 0.1859043 0.2022158 0.2089559 0.2150399 0.2399510 0.2215467 0.1812384 0.1838501 
A0         0.2017979 0.0000000 0.0785332 0.1360500 0.1682757 0.1739542 0.1765072 0.1721044 0.0286218 0.0265546 
A1         0.1859043 0.0785332 0.0000000 0.1286073 0.1530406 0.1560292 0.1820453 0.1744573 0.0609395 0.0587864 
A4         0.2022158 0.1360500 0.1286073 0.0000000 0.1713062 0.1821203 0.1933303 0.1804759 0.1216884 0.1193646 
B          0.2089559 0.1682757 0.1530406 0.1713062 0.0000000 0.0141074 0.1572304 0.1402513 0.1533740 0.1509755 
C          0.2150399 0.1739542 0.1560292 0.1821203 0.0141074 0.0000000 0.1577084 0.1528887 0.1589059 0.1564862 
D          0.2399510 0.1765072 0.1820453 0.1933303 0.1572304 0.1577084 0.0000000 0.1017347 0.1692690 0.1668205 
E          0.2215467 0.1721044 0.1744573 0.1804759 0.1402513 0.1528887 0.1017347 0.0000000 0.1648652 0.1624176 
H          0.1812384 0.0286218 0.0609395 0.1216884 0.1533740 0.1589059 0.1692690 0.1648652 0.0000000 0.0060551 
I          0.1838501 0.0265546 0.0587864 0.1193646 0.1509755 0.1564862 0.1668205 0.1624176 0.0060551 0.0000000 
