10
A          0.0000000 0.2185727 0.2092413 0.1663850 0.1948828 0.1948828 0.1863379 0.1830458 0.2103457 0.1994032 
A0         0.2185727 0.0000000 0.0624942 0.1714765 0.1720591 0.1720591 0.1708240 0.1731336 0.0430240 0.0346071 
A1         0.2092413 0.0624942 0.0000000 0.1674827 0.1756868 0.1756868 0.1746129 0.1692200 0.0606074 0.0497413 
A4         0.1663850 0.1714765 0.1674827 0.0000000 0.1633926 0.1633926 0.1523833 0.1447260 0.1690055 0.1587148 
B          0.1948828 0.1720591 0.1756868 0.1633926 0.0000000 0.0040264 0.1045824 0.0880867 0.1773980 0.1619366 
C          0.1948828 0.1720591 0.1756868 0.1633926 0.0040264 0.0000000 0.1045824 0.0880867 0.1773980 0.1619366 
D          0.1863379 0.1708240 0.1746129 0.1523833 0.1045824 0.1045824 0.0000000 0.0500673 0.1761027 0.1657413 
E          0.1830458 0.1731336 0.1692200 0.1447260 0.0880867 0.0880867 0.0500673 0.0000000 0.1733291 0.1630184 
H          0.2103457 0.0430240 0.0606074 0.1690055 0.1773980 0.1773980 0.1761027 0.1733291 0.0000000 0.0161162 
I          0.1994032 0.0346071 0.0497413 0.1587148 0.1619366 0.1619366 0.1657413 0.1630184 0.0161162 0.0000000 
