10
A          0.0000000 0.2063968 0.2015559 0.2262989 0.1656195 0.1698554 0.1604701 0.1651762 0.2047352 0.2075930 
A0         0.2063968 0.0000000 0.0306899 0.1272936 0.2034771 0.2077647 0.2190936 0.2075064 0.0806342 0.0829437 
A1         0.2015559 0.0306899 0.0000000 0.1298102 0.2038426 0.2081382 0.2141611 0.2026369 0.0807490 0.0830622 
A4         0.2262989 0.1272936 0.1298102 0.0000000 0.2155676 0.2198859 0.2234958 0.2303202 0.1426317 0.1452115 
B          0.1656195 0.2034771 0.2038426 0.2155676 0.0000000 0.0101052 0.0948412 0.0970094 0.1967311 0.1995901 
C          0.1698554 0.2077647 0.2081382 0.2198859 0.0101052 0.0000000 0.1015307 0.1037040 0.1985183 0.2013734 
D          0.1604701 0.2190936 0.2141611 0.2234958 0.0948412 0.1015307 0.0000000 0.0810590 0.2069836 0.2098813 
E          0.1651762 0.2075064 0.2026369 0.2303202 0.0970094 0.1037040 0.0810590 0.0000000 0.2014049 0.2042746 
H          0.2047352 0.0806342 0.0807490 0.1426317 0.1967311 0.1985183 0.2069836 0.2014049 0.0000000 0.0020009 
I          0.2075930 0.0829437 0.0830622 0.1452115 0.1995901 0.2013734 0.2098813 0.2042746 0.0020009 0.0000000 
