10
A          0.0000000 0.2189715 0.2082758 0.2325130 0.2411860 0.2383609 0.2434405 0.2517856 0.2241574 0.2215633 
A0         0.2189715 0.0000000 0.0497801 0.1199612 0.1753047 0.1777640 0.1725777 0.1701299 0.0141708 0.0121355 
A1         0.2082758 0.0497801 0.0000000 0.1105580 0.1700936 0.1675579 0.1624426 0.1600221 0.0540292 0.0519031 
A4         0.2325130 0.1199612 0.1105580 0.0000000 0.1803038 0.1777354 0.1928552 0.1828033 0.1221946 0.1198962 
B          0.2411860 0.1753047 0.1700936 0.1803038 0.0000000 0.0060361 0.1549133 0.1548094 0.1826921 0.1802247 
C          0.2383609 0.1777640 0.1675579 0.1777354 0.0060361 0.0000000 0.1524273 0.1523257 0.1801182 0.1776574 
D          0.2434405 0.1725777 0.1624426 0.1928552 0.1549133 0.1524273 0.0000000 0.0582526 0.1749215 0.1724749 
E          0.2517856 0.1701299 0.1600221 0.1828033 0.1548094 0.1523257 0.0582526 0.0000000 0.1724703 0.1700288 
H          0.2241574 0.0141708 0.0540292 0.1221946 0.1826921 0.1801182 0.1749215 0.1724703 0.0000000 0.0020054 
I          0.2215633 0.0121355 0.0519031 0.1198962 0.1802247 0.1776574 0.1724749 0.1700288 0.0020054 0.0000000 
