10
A          0.0000000 0.1624355 0.1514669 0.2043238 0.1920227 0.2040480 0.1996306 0.2068727 0.1622926 0.1648006 
A0         0.1624355 0.0000000 0.0614037 0.1742471 0.1868405 0.2115878 0.1998743 0.2047595 0.0309043 0.0372560 
A1         0.1514669 0.0614037 0.0000000 0.1641080 0.1870747 0.1977739 0.1974420 0.2022623 0.0679328 0.0746569 
A4         0.2043238 0.1742471 0.1641080 0.0000000 0.2328757 0.2368082 0.2300542 0.2267852 0.1740887 0.1818628 
B          0.1920227 0.1868405 0.1870747 0.2328757 0.0000000 0.1275638 0.0542441 0.0739061 0.1918848 0.1965801 
C          0.2040480 0.2115878 0.1977739 0.2368082 0.1275638 0.0000000 0.1228583 0.1293747 0.2141915 0.2189767 
D          0.1996306 0.1998743 0.1974420 0.2300542 0.0542441 0.1228583 0.0000000 0.0716873 0.2017359 0.2064400 
E          0.2068727 0.2047595 0.2022623 0.2267852 0.0739061 0.1293747 0.0716873 0.0000000 0.2098764 0.2146043 
H          0.1622926 0.0309043 0.0679328 0.1740887 0.1918848 0.2141915 0.2017359 0.2098764 0.0000000 0.0183274 
I          0.1648006 0.0372560 0.0746569 0.1818628 0.1965801 0.2189767 0.2064400 0.2146043 0.0183274 0.0000000 
