10
A          0.0000000 0.2162839 0.2247751 0.2309961 0.2290446 0.2176083 0.2153014 0.2157093 0.2221319 0.2089582 
A0         0.2162839 0.0000000 0.0740363 0.1328976 0.1880003 0.1699147 0.1330362 0.1260519 0.0435819 0.0308286 
A1         0.2247751 0.0740363 0.0000000 0.1528386 0.1960566 0.1802252 0.1309862 0.1238884 0.0900737 0.0764328 
A4         0.2309961 0.1328976 0.1528386 0.0000000 0.2040806 0.1906850 0.1582186 0.1460377 0.1657877 0.1505539 
B          0.2290446 0.1880003 0.1960566 0.2040806 0.0000000 0.0242639 0.2106162 0.2037104 0.2045848 0.1910824 
C          0.2176083 0.1699147 0.1802252 0.1906850 0.0242639 0.0000000 0.1995637 0.1927094 0.1885389 0.1753394 
D          0.2153014 0.1330362 0.1309862 0.1582186 0.2106162 0.1995637 0.0000000 0.0905368 0.1531359 0.1381571 
E          0.2157093 0.1260519 0.1238884 0.1460377 0.2037104 0.1927094 0.0905368 0.0000000 0.1484775 0.1335611 
H          0.2221319 0.0435819 0.0900737 0.1657877 0.2045848 0.1885389 0.1531359 0.1484775 0.0000000 0.0287217 
I          0.2089582 0.0308286 0.0764328 0.1505539 0.1910824 0.1753394 0.1381571 0.1335611 0.0287217 0.0000000 
