10
A          0.0000000 0.2124372 0.2223347 0.2079772 0.2237183 0.2074384 0.2026455 0.1968537 0.2149881 0.2124660 
A0         0.2124372 0.0000000 0.0500200 0.1420500 0.1861107 0.1757765 0.1680221 0.1712898 0.0693577 0.0583496 
A1         0.2223347 0.0500200 0.0000000 0.1438990 0.1927237 0.1818145 0.1850735 0.1805613 0.0714970 0.0581772 
A4         0.2079772 0.1420500 0.1438990 0.0000000 0.1980176 0.1875848 0.1929243 0.1682061 0.1603831 0.1451305 
B          0.2237183 0.1861107 0.1927237 0.1980176 0.0000000 0.0162786 0.0587134 0.0812952 0.2020942 0.1861971 
C          0.2074384 0.1757765 0.1818145 0.1875848 0.0162786 0.0000000 0.0500346 0.0723061 0.1916678 0.1759912 
D          0.2026455 0.1680221 0.1850735 0.1929243 0.0587134 0.0500346 0.0000000 0.0813151 0.1889109 0.1762384 
E          0.1968537 0.1712898 0.1805613 0.1682061 0.0812952 0.0723061 0.0813151 0.0000000 0.1898895 0.1717777 
H          0.2149881 0.0693577 0.0714970 0.1603831 0.2020942 0.1916678 0.1889109 0.1898895 0.0000000 0.0536768 
I          0.2124660 0.0583496 0.0581772 0.1451305 0.1861971 0.1759912 0.1762384 0.1717777 0.0536768 0.0000000 
