10
A          0.0000000 0.1711322 0.1876463 0.1540686 0.1934962 0.1910328 0.1973540 0.1942754 0.1647791 0.1648055 
A0         0.1711322 0.0000000 0.0742561 0.2054165 0.1995594 0.1945455 0.2036153 0.2108438 0.0697053 0.0697143 
A1         0.1876463 0.0742561 0.0000000 0.2064718 0.2031410 0.2033054 0.2071350 0.2118221 0.0722566 0.0722660 
A4         0.1540686 0.2054165 0.2064718 0.0000000 0.2118134 0.2067623 0.2100746 0.2232517 0.1855466 0.1855777 
B          0.1934962 0.1995594 0.2031410 0.2118134 0.0000000 0.0182610 0.0764162 0.0854076 0.1871898 0.1821043 
C          0.1910328 0.1945455 0.2033054 0.2067623 0.0182610 0.0000000 0.0742239 0.0831937 0.1764358 0.1771546 
D          0.1973540 0.2036153 0.2071350 0.2100746 0.0764162 0.0742239 0.0000000 0.0814358 0.1884754 0.1833501 
E          0.1942754 0.2108438 0.2118221 0.2232517 0.0854076 0.0831937 0.0814358 0.0000000 0.1931130 0.1879770 
H          0.1647791 0.0697053 0.0722566 0.1855466 0.1871898 0.1764358 0.1884754 0.1931130 0.0000000 0.0121630 
I          0.1648055 0.0697143 0.0722660 0.1855777 0.1821043 0.1771546 0.1833501 0.1879770 0.0121630 0.0000000 
