10
A          0.0000000 0.1484333 0.1581879 0.1629753 0.1552154 0.1788832 0.1457413 0.1527806 0.1432958 0.1432794 
A0         0.1484333 0.0000000 0.0458515 0.1765751 0.1508405 0.1718448 0.1388857 0.1487938 0.0567558 0.0545931 
A1         0.1581879 0.0458515 0.0000000 0.1943484 0.1656002 0.1843973 0.1485568 0.1536035 0.0610752 0.0589035 
A4         0.1629753 0.1765751 0.1943484 0.0000000 0.1707630 0.1923742 0.1634472 0.1730661 0.1845295 0.1819869 
B          0.1552154 0.1508405 0.1656002 0.1707630 0.0000000 0.0328239 0.0833173 0.0946585 0.1510990 0.1486587 
C          0.1788832 0.1718448 0.1843973 0.1923742 0.0328239 0.0000000 0.0970808 0.1132868 0.1721443 0.1696311 
D          0.1457413 0.1388857 0.1485568 0.1634472 0.0833173 0.0970808 0.0000000 0.0586659 0.1342638 0.1294075 
E          0.1527806 0.1487938 0.1536035 0.1730661 0.0946585 0.1132868 0.0586659 0.0000000 0.1417334 0.1393106 
H          0.1432958 0.0567558 0.0610752 0.1845295 0.1510990 0.1721443 0.1342638 0.1417334 0.0000000 0.0182852 
I          0.1432794 0.0545931 0.0589035 0.1819869 0.1486587 0.1696311 0.1294075 0.1393106 0.0182852 0.0000000 
