10
A          0.0000000 0.2260269 0.1937508 0.2028377 0.2412725 0.2381942 0.2315196 0.2052313 0.2282312 0.2197899 
A0         0.2260269 0.0000000 0.0742912 0.1346458 0.2288554 0.2258539 0.1636587 0.1354344 0.0413203 0.0307544 
A1         0.1937508 0.0742912 0.0000000 0.1276069 0.1985031 0.1956560 0.1437638 0.1210244 0.0808168 0.0696307 
A4         0.2028377 0.1346458 0.1276069 0.0000000 0.2018259 0.2068029 0.1582053 0.1255343 0.1393968 0.1344269 
B          0.2412725 0.2288554 0.1985031 0.2018259 0.0000000 0.0060180 0.2217092 0.1935052 0.2284753 0.2200229 
C          0.2381942 0.2258539 0.1956560 0.2068029 0.0060180 0.0000000 0.2134386 0.1855875 0.2308108 0.2223453 
D          0.2315196 0.1636587 0.1437638 0.1582053 0.2217092 0.2134386 0.0000000 0.0719545 0.1733966 0.1679813 
E          0.2052313 0.1354344 0.1210244 0.1255343 0.1935052 0.1855875 0.0719545 0.0000000 0.1496843 0.1396984 
H          0.2282312 0.0413203 0.0808168 0.1393968 0.2284753 0.2308108 0.1733966 0.1496843 0.0000000 0.0140960 
I          0.2197899 0.0307544 0.0696307 0.1344269 0.2200229 0.2223453 0.1679813 0.1396984 0.0140960 0.0000000 
