10
A          0.0000000 0.2189066 0.1923049 0.2030292 0.2096769 0.2068251 0.1856943 0.2187593 0.2164102 0.2067257 
A0         0.2189066 0.0000000 0.1014394 0.1575675 0.1889735 0.1886758 0.1705714 0.1925030 0.0477389 0.0308519 
A1         0.1923049 0.1014394 0.0000000 0.1431354 0.1758726 0.1731616 0.1578069 0.1817738 0.1088225 0.0950921 
A4         0.2030292 0.1575675 0.1431354 0.0000000 0.1865244 0.1862310 0.1731887 0.1986302 0.1628253 0.1534528 
B          0.2096769 0.1889735 0.1758726 0.1865244 0.0000000 0.0121288 0.0538825 0.0973221 0.1950238 0.1770967 
C          0.2068251 0.1886758 0.1731616 0.1862310 0.0121288 0.0000000 0.0538093 0.0971826 0.1947135 0.1768193 
D          0.1856943 0.1705714 0.1578069 0.1731887 0.0538825 0.0538093 0.0000000 0.0766710 0.1763997 0.1588830 
E          0.2187593 0.1925030 0.1817738 0.1986302 0.0973221 0.0971826 0.0766710 0.0000000 0.1925785 0.1780386 
H          0.2164102 0.0477389 0.1088225 0.1628253 0.1950238 0.1947135 0.1763997 0.1925785 0.0000000 0.0329757 
I          0.2067257 0.0308519 0.0950921 0.1534528 0.1770967 0.1768193 0.1588830 0.1780386 0.0329757 0.0000000 
