40
Candida_glabrata                            0.00000000 0.94352015 1.05544778 0.97031610 0.53507390 1.14423117 0.55890229 0.51644912 0.89027908 0.91969530 3.40014296 0.88374284 0.88804810 0.87461201 0.88787193 0.89488200 0.88924396 0.87209023 1.06405550 1.00029178 0.92183474 0.90660673 0.98215701 0.96845364 0.90324906 0.99102327 1.00804231 1.04903094 0.90407477 1.08231643 0.94784914 0.95692079 0.97606054 0.93844689 0.99300622 1.05783923 1.00523862 0.98412690 1.01628696 1.11859831 
Kazachstania_africana                       0.94352015 0.00000000 0.93629377 0.92792980 0.92563343 1.15348459 0.95928589 0.90787929 0.76498975 0.76557139 3.73263731 0.82016340 0.81977215 0.81581096 0.82645134 0.82469058 0.82217762 0.81409309 0.94443675 0.90993292 0.83031364 0.70143738 0.76500931 0.74633987 0.68677767 0.76827970 0.87888499 0.92870170 0.70652252 0.86729197 0.69175105 0.70276278 0.78438737 0.68600253 0.78260663 0.83465756 0.91559476 0.88553098 0.92339358 0.98069209 
Kazachstania_naganishii                     1.05544778 0.93629377 0.00000000 1.11252313 1.04492828 1.25098767 1.05184090 1.02321179 0.95501926 1.00621954 3.17211745 0.96698821 0.97762238 0.94988160 0.96435055 0.98398638 0.97436185 0.94915285 1.22561211 1.15399147 1.07485408 0.89295834 0.89154520 0.99552767 0.75124787 0.89216257 0.74017785 0.96136821 0.83476183 0.99874666 0.95474829 0.98548692 0.85880813 0.96516705 0.89127857 0.99355804 1.18333909 1.14801018 1.18202726 1.33332244 
Nakaseomyces_bacillisporus                  0.97031610 0.92792980 1.11252313 0.00000000 0.95695789 1.01427293 0.98311970 0.94111239 0.86897897 0.87923245 3.84183796 0.88194733 0.88332751 0.87551433 0.89050256 0.88860789 0.88506320 0.87459249 1.02529506 0.98275836 0.90603077 0.90176950 0.94838977 0.94716252 0.87960110 0.95013640 1.06680511 1.07736827 0.92809209 1.04039992 0.92181351 0.93033810 0.95969168 0.90735549 0.95975998 1.01045104 0.98705279 0.96502084 0.99377907 1.08116293 
Nakaseomyces_bracarensis                    0.53507390 0.92563343 1.04492828 0.95695789 0.00000000 1.14244427 0.35236944 0.30626580 0.87335568 0.89911390 3.41514942 0.87117617 0.87594866 0.86215234 0.88037368 0.88109634 0.87455184 0.86208290 1.04359935 0.98444075 0.90457864 0.88748639 0.95529001 0.94801766 0.88206657 0.96652881 1.00126200 1.04131740 0.89101147 1.06418418 0.92021882 0.93268636 0.95275994 0.91781702 0.96720823 1.03543873 0.99004594 0.95949321 1.00224399 1.08873502 
Nakaseomyces_castellii                      1.14423117 1.15348459 1.25098767 1.01427293 1.14244427 0.00000000 1.15595511 1.13074486 1.10788352 1.13355910 3.59556309 1.09910881 1.09601014 1.08831591 1.10285630 1.10265377 1.09783515 1.08846461 1.28479809 1.23302627 1.15922210 1.13940146 1.21162744 1.20507062 1.12861149 1.20838328 1.21509310 1.24988201 1.13177235 1.29382243 1.16842748 1.17144989 1.20174713 1.16463199 1.21690793 1.27716309 1.24129099 1.21082640 1.24208543 1.35406804 
Nakaseomyces_delphensis                     0.55890229 0.95928589 1.05184090 0.98311970 0.35236944 1.15595511 0.00000000 0.28475218 0.90370831 0.93539708 3.36280937 0.89300690 0.89835764 0.88018850 0.89755891 0.90561878 0.89622888 0.87892844 1.08708506 1.02127767 0.94488534 0.92342198 1.00257888 0.98988729 0.92027017 1.00927760 1.00181041 1.05958519 0.90751057 1.10555427 0.96670693 0.97974948 0.99138970 0.95946950 1.01073309 1.08304819 1.03076911 1.00414345 1.03796215 1.14586277 
Nakaseomyces_nivariensis                    0.51644912 0.90787929 1.02321179 0.94111239 0.30626580 1.13074486 0.28475218 0.00000000 0.85730548 0.88609377 3.35310464 0.85001227 0.85368325 0.83919830 0.85612641 0.86117296 0.85273344 0.83866578 1.02426424 0.96658720 0.88542292 0.86721001 0.93537265 0.92498222 0.86345761 0.94819635 0.97797153 1.02390772 0.87054439 1.04283012 0.90470156 0.92362958 0.93111996 0.90017210 0.94670535 1.01630069 0.97226402 0.94382664 0.98426298 1.07377266 
Naumovozyma_castellii                       0.89027908 0.76498975 0.95501926 0.86897897 0.87335568 1.10788352 0.90370831 0.85730548 0.00000000 0.55137000 3.69802260 0.75057396 0.75181230 0.74343639 0.75579255 0.75499309 0.75235515 0.74285895 0.89705492 0.87070774 0.78426040 0.73454604 0.77990281 0.78824668 0.69409456 0.78384551 0.89498950 0.94600292 0.75935345 0.89657705 0.74274280 0.75991178 0.79867650 0.74392067 0.79964566 0.86561733 0.87925527 0.84751275 0.88500621 0.95249448 
Naumovozyma_dairenensis                     0.91969530 0.76557139 1.00621954 0.87923245 0.89911390 1.13355910 0.93539708 0.88609377 0.55137000 0.00000000 3.98930992 0.77138963 0.77304647 0.76816609 0.78296999 0.77640220 0.77361510 0.76921290 0.88228379 0.86729003 0.77836515 0.73752653 0.76695029 0.77283136 0.69924652 0.76917288 0.94324677 0.97021741 0.79176994 0.87546047 0.74176484 0.75254737 0.79822815 0.73085205 0.78912715 0.84079746 0.87105485 0.84450436 0.87735300 0.92191325 
Neurospora_crassa                           3.40014296 3.73263731 3.17211745 3.84183796 3.41514942 3.59556309 3.36280937 3.35310464 3.69802260 3.98930992 0.00000000 3.51640520 3.52311495 3.41427651 3.45565676 3.56805664 3.50143784 3.40042154 4.12196552 3.97440421 3.87326738 3.78418610 4.06119579 3.92835160 3.87436108 4.09388150 3.06916604 3.51564626 3.27501113 4.13291482 3.95780190 3.97887051 3.74449063 4.05408716 3.94726055 4.20766468 4.12955983 4.00728675 4.06819515 4.33536957 
Saccharomyces_arboricola                    0.88374284 0.82016340 0.96698821 0.88194733 0.87117617 1.09910881 0.89300690 0.85001227 0.75057396 0.77138963 3.51640520 0.00000000 0.20416003 0.18763985 0.17288634 0.20165547 0.18892231 0.18452906 0.95185266 0.90907304 0.81841506 0.79528938 0.86195447 0.86104705 0.77535541 0.86805383 0.91737638 0.97511406 0.79326832 0.96981414 0.81847830 0.83214804 0.86674209 0.81330761 0.87730934 0.94489497 0.91838441 0.88796709 0.92245906 1.02010868 
Saccharomyces_cerevisiae                    0.88804810 0.81977215 0.97762238 0.88332751 0.87594866 1.09601014 0.89835764 0.85368325 0.75181230 0.77304647 3.52311495 0.20416003 0.00000000 0.22229375 0.19365564 0.16525380 0.09529380 0.22002916 0.95059484 0.91017503 0.81937989 0.79361139 0.86428097 0.86216136 0.78100106 0.87320318 0.92624728 0.98125128 0.79968805 0.97028724 0.81482032 0.82675908 0.87634205 0.81121587 0.88385387 0.94435270 0.92007035 0.88797082 0.92090145 1.01606810 
Saccharomyces_eubayanus                     0.87461201 0.81581096 0.94988160 0.87551433 0.86215234 1.08831591 0.88018850 0.83919830 0.74343639 0.76816609 3.41427651 0.18763985 0.22229375 0.00000000 0.19183421 0.22007892 0.20783916 0.06305476 0.94772734 0.90642287 0.81554524 0.79217904 0.86213907 0.85804145 0.76723755 0.87006398 0.89850527 0.96155063 0.77871690 0.96628673 0.81555803 0.82928198 0.86269319 0.81172244 0.87514469 0.94422735 0.91840355 0.88638313 0.92160599 1.02191534 
Saccharomyces_kudriavzevii                  0.88787193 0.82645134 0.96435055 0.89050256 0.88037368 1.10285630 0.89755891 0.85612641 0.75579255 0.78296999 3.45565676 0.17288634 0.19365564 0.19183421 0.00000000 0.18991057 0.17717659 0.18814658 0.96250773 0.92268694 0.82738798 0.80758001 0.87659341 0.87347814 0.78526660 0.88451622 0.91631140 0.98042609 0.79926259 0.98138564 0.82732941 0.84322199 0.87942995 0.82540858 0.89251873 0.95803392 0.93232397 0.90063718 0.93523409 1.03646406 
Saccharomyces_mikatae                       0.89488200 0.82469058 0.98398638 0.88860789 0.88109634 1.10265377 0.90561878 0.86117296 0.75499309 0.77640220 3.56805664 0.20165547 0.16525380 0.22007892 0.18991057 0.00000000 0.14598654 0.21723126 0.95167136 0.91305251 0.82250873 0.79984385 0.86536738 0.86414016 0.78328474 0.87359614 0.93355555 0.98707581 0.80860118 0.97085603 0.81801711 0.83212345 0.87966816 0.81445968 0.88465296 0.94440450 0.92148407 0.88904227 0.92163234 1.01807822 
Saccharomyces_paradoxus                     0.88924396 0.82217762 0.97436185 0.88506320 0.87455184 1.09783515 0.89622888 0.85273344 0.75235515 0.77361510 3.50143784 0.18892231 0.09529380 0.20783916 0.17717659 0.14598654 0.00000000 0.20530132 0.95057306 0.91243975 0.81935056 0.79498915 0.86379295 0.86159185 0.78005193 0.87267915 0.92408124 0.97975732 0.79922507 0.97088811 0.81765117 0.82987310 0.87523728 0.81290892 0.88267358 0.94329487 0.92178818 0.88820486 0.92171835 1.01810893 
Saccharomyces_uvarum                        0.87209023 0.81409309 0.94915285 0.87459249 0.86208290 1.08846461 0.87892844 0.83866578 0.74285895 0.76921290 3.40042154 0.18452906 0.22002916 0.06305476 0.18814658 0.21723126 0.20530132 0.00000000 0.94957978 0.90688644 0.81503110 0.79352901 0.86136314 0.85851424 0.76709180 0.86923834 0.89678969 0.95990704 0.77638576 0.96857615 0.81651679 0.82915218 0.86045849 0.81403251 0.87611429 0.94367168 0.91891339 0.88702650 0.92195742 1.02648044 
Tetrapisispora_blattae                      1.06405550 0.94443675 1.22561211 1.02529506 1.04359935 1.28479809 1.08708506 1.02426424 0.89705492 0.88228379 4.12196552 0.95185266 0.95059484 0.94772734 0.96250773 0.95167136 0.95057306 0.94957978 0.00000000 0.93490637 0.85465282 0.90647553 0.92433355 0.93688697 0.88378024 0.93220995 1.16186304 1.14852085 0.98735485 1.03493956 0.91219177 0.92840622 0.96023307 0.89885446 0.94953863 0.99093973 0.93467088 0.90780567 0.94166858 0.67939508 
Tetrapisispora_phaffii                      1.00029178 0.90993292 1.15399147 0.98275836 0.98444075 1.23302627 1.02127767 0.96658720 0.87070774 0.86729003 3.97440421 0.90907304 0.91017503 0.90642287 0.92268694 0.91305251 0.91243975 0.90688644 0.93490637 0.00000000 0.68348401 0.87055496 0.91231923 0.91278051 0.86556934 0.92794433 1.09386698 1.09644317 0.92862074 1.02727284 0.89000218 0.90076092 0.93953967 0.86565871 0.93292932 0.97940911 0.28915459 0.41560151 0.28633323 0.96231899 
Vanderwaltozyma_polyspora                   0.92183474 0.83031364 1.07485408 0.90603077 0.90457864 1.15922210 0.94488534 0.88542292 0.78426040 0.77836515 3.87326738 0.81841506 0.81937989 0.81554524 0.82738798 0.82250873 0.81935056 0.81503110 0.85465282 0.68348401 0.00000000 0.78751995 0.84060427 0.83971099 0.78048022 0.85139048 1.02239730 1.01496153 0.84570493 0.95408994 0.80254606 0.82291764 0.86982579 0.79009462 0.86126919 0.90683557 0.69353316 0.65816914 0.69930294 0.88511233 
yHAB132_Kazachstania_martiniae              0.90660673 0.70143738 0.89295834 0.90176950 0.88748639 1.13940146 0.92342198 0.86721001 0.73454604 0.73752653 3.78418610 0.79528938 0.79361139 0.79217904 0.80758001 0.79984385 0.79498915 0.79352901 0.90647553 0.87055496 0.78751995 0.00000000 0.69361317 0.71677275 0.61783707 0.70883169 0.83003233 0.87919531 0.69812424 0.82050874 0.66964458 0.69383437 0.72246531 0.66002322 0.71655334 0.77782501 0.87702653 0.84567172 0.88001782 0.93879844 
yHAB133_Kazachstania_unispora               0.98215701 0.76500931 0.89154520 0.94838977 0.95529001 1.21162744 1.00257888 0.93537265 0.77990281 0.76695029 4.06119579 0.86195447 0.86428097 0.86213907 0.87659341 0.86536738 0.86379295 0.86136314 0.92433355 0.91231923 0.84060427 0.69361317 0.00000000 0.74869440 0.56185949 0.28353759 0.76021932 0.94013778 0.80112345 0.69386904 0.71968642 0.74673844 0.21690866 0.71391690 0.20954545 0.65212795 0.91521737 0.88463868 0.92696140 0.94000504 
yHAB134_Kazachstania_turicensis             0.96845364 0.74633987 0.99552767 0.94716252 0.94801766 1.20507062 0.98988729 0.92498222 0.78824668 0.77283136 3.92835160 0.86104705 0.86216136 0.85804145 0.87347814 0.86414016 0.86159185 0.85851424 0.93688697 0.91278051 0.83971099 0.71677275 0.74869440 0.00000000 0.70477292 0.76279912 0.93282507 0.96755852 0.67821266 0.87057786 0.63104931 0.73810774 0.78263653 0.46338094 0.77605027 0.83127668 0.91760815 0.88913557 0.93097597 0.96018438 
yHAB136_Kazachstania_bromeliacearum         0.90324906 0.68677767 0.75124787 0.87960110 0.88206657 1.12861149 0.92027017 0.86345761 0.69409456 0.69924652 3.87436108 0.77535541 0.78100106 0.76723755 0.78526660 0.78328474 0.78005193 0.76709180 0.88378024 0.86556934 0.78048022 0.61783707 0.56185949 0.70477292 0.00000000 0.57219664 0.69170800 0.83004485 0.69197741 0.69420431 0.65324572 0.67736121 0.59208064 0.65360994 0.58853091 0.65952530 0.87050721 0.84271921 0.88269831 0.92241442 
yHAB143_Kazachstania_siamensis              0.99102327 0.76827970 0.89216257 0.95013640 0.96652881 1.20838328 1.00927760 0.94819635 0.78384551 0.76917288 4.09388150 0.86805383 0.87320318 0.87006398 0.88451622 0.87359614 0.87267915 0.86923834 0.93220995 0.92794433 0.85139048 0.70883169 0.28353759 0.76279912 0.57219664 0.00000000 0.75575869 0.93560014 0.81242246 0.69563375 0.73251398 0.75322724 0.32279894 0.72504748 0.31414177 0.66190901 0.92724747 0.90062489 0.93907946 0.95692748 
yHAB147_Kazachstania_taianensis             1.00804231 0.87888499 0.74017785 1.06680511 1.00126200 1.21509310 1.00181041 0.97797153 0.89498950 0.94324677 3.06916604 0.91737638 0.92624728 0.89850527 0.91631140 0.93355555 0.92408124 0.89678969 1.16186304 1.09386698 1.02239730 0.83003233 0.76021932 0.93282507 0.69170800 0.75575869 0.00000000 0.92675681 0.78153115 0.87991500 0.90185435 0.92208569 0.73613811 0.90352295 0.76595936 0.87135024 1.11757336 1.08850393 1.11771014 1.25673875 
yHAB148_Kazachstania_intestinalis           1.04903094 0.92870170 0.96136821 1.07736827 1.04131740 1.24988201 1.05958519 1.02390772 0.94600292 0.97021741 3.51564626 0.97511406 0.98125128 0.96155063 0.98042609 0.98707581 0.97975732 0.95990704 1.14852085 1.09644317 1.01496153 0.87919531 0.94013778 0.96755852 0.83004485 0.93560014 0.92675681 0.00000000 0.88118397 1.03797820 0.93577556 0.93987281 0.93194374 0.93288344 0.94829713 1.02262363 1.11136448 1.08610467 1.11753391 1.22911961 
yHAB153_Kazachstania_rosinii                0.90407477 0.70652252 0.83476183 0.92809209 0.89101147 1.13177235 0.90751057 0.87054439 0.75935345 0.79176994 3.27501113 0.79326832 0.79968805 0.77871690 0.79926259 0.80860118 0.79922507 0.77638576 0.98735485 0.92862074 0.84570493 0.69812424 0.80112345 0.67821266 0.69197741 0.81242246 0.78153115 0.88118397 0.00000000 0.91270757 0.59126169 0.72410193 0.78581646 0.61441334 0.80892412 0.88570627 0.94958021 0.91775241 0.95067981 1.05971544 
yHAB154_Kazachstania_transvaalensis         1.08231643 0.86729197 0.99874666 1.04039992 1.06418418 1.29382243 1.10555427 1.04283012 0.89657705 0.87546047 4.13291482 0.96981414 0.97028724 0.96628673 0.98138564 0.97085603 0.97088811 0.96857615 1.03493956 1.02727284 0.95408994 0.82050874 0.69386904 0.87057786 0.69420431 0.69563375 0.87991500 1.03797820 0.91270757 0.00000000 0.83507044 0.86189310 0.73312058 0.82712506 0.72328625 0.27098673 1.02599588 1.00118793 1.03862187 1.04979756 
yHAB155_Kazachstania_spencerorum            0.94784914 0.69175105 0.95474829 0.92181351 0.92021882 1.16842748 0.96670693 0.90470156 0.74274280 0.74176484 3.95780190 0.81847830 0.81482032 0.81555803 0.82732941 0.81801711 0.81765117 0.81651679 0.91219177 0.89000218 0.80254606 0.66964458 0.71968642 0.63104931 0.65324572 0.73251398 0.90185435 0.93577556 0.59126169 0.83507044 0.00000000 0.68162968 0.75516358 0.56742216 0.74148849 0.79564919 0.89311194 0.85914598 0.89998946 0.94056625 
yHAB158_Kazachstania_viticola               0.95692079 0.70276278 0.98548692 0.93033810 0.93268636 1.17144989 0.97974948 0.92362958 0.75991178 0.75254737 3.97887051 0.83214804 0.82675908 0.82928198 0.84322199 0.83212345 0.82987310 0.82915218 0.92840622 0.90076092 0.82291764 0.69383437 0.74673844 0.73810774 0.67736121 0.75322724 0.92208569 0.93987281 0.72410193 0.86189310 0.68162968 0.00000000 0.77379075 0.68139888 0.76513584 0.82406098 0.90347447 0.87547618 0.91183898 0.95354646 
yHAB159_Kazachstania_solicola               0.97606054 0.78438737 0.85880813 0.95969168 0.95275994 1.20174713 0.99138970 0.93111996 0.79867650 0.79822815 3.74449063 0.86674209 0.87634205 0.86269319 0.87942995 0.87966816 0.87523728 0.86045849 0.96023307 0.93953967 0.86982579 0.72246531 0.21690866 0.78263653 0.59208064 0.32279894 0.73613811 0.93194374 0.78581646 0.73312058 0.75516358 0.77379075 0.00000000 0.75197696 0.08645355 0.70062277 0.94734829 0.91891776 0.96000379 0.99700621 
yHAB160_Kazachstania_kunashirensis          0.93844689 0.68600253 0.96516705 0.90735549 0.91781702 1.16463199 0.95946950 0.90017210 0.74392067 0.73085205 4.05408716 0.81330761 0.81121587 0.81172244 0.82540858 0.81445968 0.81290892 0.81403251 0.89885446 0.86565871 0.79009462 0.66002322 0.71391690 0.46338094 0.65360994 0.72504748 0.90352295 0.93288344 0.61441334 0.82712506 0.56742216 0.68139888 0.75197696 0.00000000 0.73940650 0.78175983 0.86412024 0.83820498 0.87558321 0.91376666 
yHAB164_Kazachstania_aerobia                0.99300622 0.78260663 0.89127857 0.95975998 0.96720823 1.21690793 1.01073309 0.94670535 0.79964566 0.78912715 3.94726055 0.87730934 0.88385387 0.87514469 0.89251873 0.88465296 0.88267358 0.87611429 0.94953863 0.93292932 0.86126919 0.71655334 0.20954545 0.77605027 0.58853091 0.31414177 0.76595936 0.94829713 0.80892412 0.72328625 0.74148849 0.76513584 0.08645355 0.73940650 0.00000000 0.68622951 0.93748985 0.90941570 0.94843431 0.97238267 
yHAB166_Kazachstania_yakushimaensis         1.05783923 0.83465756 0.99355804 1.01045104 1.03543873 1.27716309 1.08304819 1.01630069 0.86561733 0.84079746 4.20766468 0.94489497 0.94435270 0.94422735 0.95803392 0.94440450 0.94329487 0.94367168 0.99093973 0.97940911 0.90683557 0.77782501 0.65212795 0.83127668 0.65952530 0.66190901 0.87135024 1.02262363 0.88570627 0.27098673 0.79564919 0.82406098 0.70062277 0.78175983 0.68622951 0.00000000 0.97775736 0.94709879 0.98762730 0.99085828 
yHMPu5000034875_Tetrapisispora_fleetii      1.00523862 0.91559476 1.18333909 0.98705279 0.99004594 1.24129099 1.03076911 0.97226402 0.87925527 0.87105485 4.12955983 0.91838441 0.92007035 0.91840355 0.93232397 0.92148407 0.92178818 0.91891339 0.93467088 0.28915459 0.69353316 0.87702653 0.91521737 0.91760815 0.87050721 0.92724747 1.11757336 1.11136448 0.94958021 1.02599588 0.89311194 0.90347447 0.94734829 0.86412024 0.93748985 0.97775736 0.00000000 0.42868719 0.16621455 0.95712708 
yHMPu5000034876_Tetrapisispora_iriomotensis 0.98412690 0.88553098 1.14801018 0.96502084 0.95949321 1.21082640 1.00414345 0.94382664 0.84751275 0.84450436 4.00728675 0.88796709 0.88797082 0.88638313 0.90063718 0.88904227 0.88820486 0.88702650 0.90780567 0.41560151 0.65816914 0.84567172 0.88463868 0.88913557 0.84271921 0.90062489 1.08850393 1.08610467 0.91775241 1.00118793 0.85914598 0.87547618 0.91891776 0.83820498 0.90941570 0.94709879 0.42868719 0.00000000 0.43317100 0.93162714 
yHMPu5000034877_Tetrapisispora_namnaonensis 1.01628696 0.92339358 1.18202726 0.99377907 1.00224399 1.24208543 1.03796215 0.98426298 0.88500621 0.87735300 4.06819515 0.92245906 0.92090145 0.92160599 0.93523409 0.92163234 0.92171835 0.92195742 0.94166858 0.28633323 0.69930294 0.88001782 0.92696140 0.93097597 0.88269831 0.93907946 1.11771014 1.11753391 0.95067981 1.03862187 0.89998946 0.91183898 0.96000379 0.87558321 0.94843431 0.98762730 0.16621455 0.43317100 0.00000000 0.97314610 
yHMPu5000035629_Yueomyces_sinensis          1.11859831 0.98069209 1.33332244 1.08116293 1.08873502 1.35406804 1.14586277 1.07377266 0.95249448 0.92191325 4.33536957 1.02010868 1.01606810 1.02191534 1.03646406 1.01807822 1.01810893 1.02648044 0.67939508 0.96231899 0.88511233 0.93879844 0.94000504 0.96018438 0.92241442 0.95692748 1.25673875 1.22911961 1.05971544 1.04979756 0.94056625 0.95354646 0.99700621 0.91376666 0.97238267 0.99085828 0.95712708 0.93162714 0.97314610 0.00000000 
