6
F          0.0000000 0.0851217 0.0830710 0.0921893 0.0966849 0.0966266 
E          0.0851217 0.0000000 0.0563626 0.0673374 0.0874174 0.0873649 
A          0.0830710 0.0563626 0.0000000 0.0162929 0.0477854 0.0477570 
B          0.0921893 0.0673374 0.0162929 0.0000000 0.0564519 0.0564183 
C          0.0966849 0.0874174 0.0477854 0.0564519 0.0000000 0.0286998 
D          0.0966266 0.0873649 0.0477570 0.0564183 0.0286998 0.0000000 
