6
F          0.0000000 0.0845554 0.0818583 0.1118604 0.1011400 0.1006471 
D          0.0845554 0.0000000 0.0225054 0.0953750 0.0847302 0.0865666 
E          0.0818583 0.0225054 0.0000000 0.0926093 0.0796944 0.0838610 
C          0.1118604 0.0953750 0.0926093 0.0000000 0.0701325 0.0719869 
A          0.1011400 0.0847302 0.0796944 0.0701325 0.0000000 0.0142598 
B          0.1006471 0.0865666 0.0838610 0.0719869 0.0142598 0.0000000 
