6
A          0.0000000 0.0162502 0.0396339 0.0415971 0.0761800 0.0788890 
B          0.0162502 0.0000000 0.0309557 0.0329242 0.0626259 0.0652136 
C          0.0396339 0.0309557 0.0000000 0.0223529 0.0742739 0.0769772 
D          0.0415971 0.0329242 0.0223529 0.0000000 0.0717409 0.0699821 
E          0.0761800 0.0626259 0.0742739 0.0717409 0.0000000 0.0831956 
F          0.0788890 0.0652136 0.0769772 0.0699821 0.0831956 0.0000000 
