6
E          0.0000000 0.1348239 0.1130328 0.1014716 0.1222461 0.1219275 
F          0.1348239 0.0000000 0.1154960 0.1036324 0.1128232 0.1194684 
C          0.1130328 0.1154960 0.0000000 0.0223873 0.0563585 0.0583799 
D          0.1014716 0.1036324 0.0223873 0.0000000 0.0455194 0.0496472 
A          0.1222461 0.1128232 0.0563585 0.0455194 0.0000000 0.0517986 
B          0.1219275 0.1194684 0.0583799 0.0496472 0.0517986 0.0000000 
