6
E          0.0000000 0.0224010 0.0244557 0.0716355 0.0809485 0.0762867 
C          0.0224010 0.0000000 0.0265338 0.0829269 0.0924576 0.0832097 
D          0.0244557 0.0265338 0.0000000 0.0806711 0.0924526 0.0832050 
F          0.0716355 0.0829269 0.0806711 0.0000000 0.1034368 0.0986008 
A          0.0809485 0.0924576 0.0924526 0.1034368 0.0000000 0.0080822 
B          0.0762867 0.0832097 0.0832050 0.0986008 0.0080822 0.0000000 
