6
F          0.0000000 0.1306488 0.1425886 0.1244018 0.1365576 0.1341181 
A          0.1306488 0.0000000 0.0120559 0.0874866 0.1012641 0.0989408 
B          0.1425886 0.0120559 0.0000000 0.0965669 0.1128570 0.1104960 
E          0.1244018 0.0874866 0.0965669 0.0000000 0.0329657 0.0308561 
C          0.1365576 0.1012641 0.1128570 0.0329657 0.0000000 0.0183496 
D          0.1341181 0.0989408 0.1104960 0.0308561 0.0183496 0.0000000 
