6
F          0.0000000 0.1062207 0.0965906 0.0988511 0.0968426 0.1037950 
E          0.1062207 0.0000000 0.0759927 0.0737985 0.0894930 0.0873751 
C          0.0965906 0.0759927 0.0000000 0.0182601 0.0453801 0.0475536 
D          0.0988511 0.0737985 0.0182601 0.0000000 0.0474949 0.0454360 
A          0.0968426 0.0894930 0.0453801 0.0474949 0.0000000 0.0223389 
B          0.1037950 0.0873751 0.0475536 0.0454360 0.0223389 0.0000000 
