6
F          0.0000000 0.1046124 0.1028465 0.0903725 0.0814020 0.0889481 
A          0.1046124 0.0000000 0.0040107 0.0986502 0.0878235 0.0955684 
B          0.1028465 0.0040107 0.0000000 0.0968858 0.0860171 0.0937728 
E          0.0903725 0.0986502 0.0968858 0.0000000 0.0508468 0.0533176 
C          0.0814020 0.0878235 0.0860171 0.0508468 0.0000000 0.0142076 
D          0.0889481 0.0955684 0.0937728 0.0533176 0.0142076 0.0000000 
