6
C          0.0000000 0.0019946 0.0607342 0.0583509 0.1442274 0.1298739 
D          0.0019946 0.0000000 0.0629273 0.0605292 0.1466965 0.1322983 
A          0.0607342 0.0629273 0.0000000 0.0224723 0.1425569 0.1329191 
B          0.0583509 0.0605292 0.0224723 0.0000000 0.1343078 0.1272227 
E          0.1442274 0.1466965 0.1425569 0.1343078 0.0000000 0.1137543 
F          0.1298739 0.1322983 0.1329191 0.1272227 0.1137543 0.0000000 
