6
F          0.0000000 0.1199611 0.1291892 0.1291892 0.1319144 0.1276042 
E          0.1199611 0.0000000 0.0832039 0.0832039 0.0945381 0.0925861 
A          0.1291892 0.0832039 0.0000000 0.0040266 0.0826828 0.0784916 
B          0.1291892 0.0832039 0.0040266 0.0000000 0.0826828 0.0784916 
C          0.1319144 0.0945381 0.0826828 0.0826828 0.0000000 0.0327640 
D          0.1276042 0.0925861 0.0784916 0.0784916 0.0327640 0.0000000 
