6
F          0.0000000 0.1435227 0.1441586 0.1392358 0.1200155 0.1202984 
E          0.1435227 0.0000000 0.0785861 0.0785153 0.0521787 0.0566910 
C          0.1441586 0.0785861 0.0000000 0.0040026 0.0412490 0.0456424 
D          0.1392358 0.0785153 0.0040026 0.0000000 0.0412139 0.0456030 
A          0.1200155 0.0521787 0.0412490 0.0412139 0.0000000 0.0162827 
B          0.1202984 0.0566910 0.0456424 0.0456030 0.0162827 0.0000000 
