6
E          0.0000000 0.1182717 0.0856274 0.0878954 0.0925156 0.0946782 
F          0.1182717 0.0000000 0.1039726 0.1016936 0.1203622 0.1178864 
A          0.0856274 0.1039726 0.0000000 0.0060144 0.0477417 0.0455647 
B          0.0878954 0.1016936 0.0060144 0.0000000 0.0498859 0.0477009 
C          0.0925156 0.1203622 0.0477417 0.0498859 0.0000000 0.0224023 
D          0.0946782 0.1178864 0.0455647 0.0477009 0.0224023 0.0000000 
