6
F          0.0000000 0.1185773 0.1140673 0.1141665 0.1089195 0.1042562 
E          0.1185773 0.0000000 0.0898354 0.0944270 0.0872356 0.0849345 
C          0.1140673 0.0898354 0.0000000 0.0121073 0.0498178 0.0476490 
D          0.1141665 0.0944270 0.0121073 0.0000000 0.0498593 0.0476883 
A          0.1089195 0.0872356 0.0498178 0.0498593 0.0000000 0.0141698 
B          0.1042562 0.0849345 0.0476490 0.0476883 0.0141698 0.0000000 
