40
Candida_glabrata                            0.0000000 0.4312322 0.8614550 0.5682957 0.3457942 0.6585321 0.3941099 0.3407471 0.4384438 0.4356533 1.7871110 0.4979838 0.4674920 0.4843841 0.4868580 0.4908347 0.4822389 0.4796624 0.4653925 0.4806642 0.5010705 0.4923075 0.4168082 0.5529461 0.5297482 0.4595689 0.7891086 0.5847482 0.5609726 0.6027148 0.5124948 0.4729062 0.4579204 0.5334571 0.4655550 0.6097311 0.4837724 0.4567508 0.5145802 0.4980404 
Kazachstania_africana                       0.4312322 0.0000000 0.6644950 0.5149682 0.4490954 0.6681995 0.4503369 0.4394404 0.4215380 0.4571080 1.6485211 0.4644624 0.4617368 0.4435026 0.4532591 0.4767003 0.4726082 0.4350731 0.5085675 0.5550613 0.4928180 0.4253146 0.4298848 0.5095621 0.4302558 0.4302406 0.5813464 0.5370912 0.4910191 0.5504676 0.5404760 0.4658068 0.3876712 0.4347911 0.4051314 0.5729847 0.4728050 0.4768677 0.5086182 0.5044494 
Kazachstania_naganishii                     0.8614550 0.6644950 0.0000000 0.7946452 0.8935006 0.8929559 0.8416247 0.8376747 0.8735407 0.8277998 1.6775670 0.8464350 0.8364554 0.8339106 0.8405596 0.8595745 0.8015170 0.8390847 0.9588790 0.9101649 0.9422039 0.7890087 0.8003047 0.7346455 0.7002546 0.7443629 0.5828691 0.7090244 0.6737964 1.0348501 0.8621166 0.8009020 0.7848574 0.6078646 0.8183325 1.0199307 0.9358016 0.9116856 0.9439746 0.9842887 
Nakaseomyces_bacillisporus                  0.5682957 0.5149682 0.7946452 0.0000000 0.5330573 0.6879882 0.5431437 0.4778110 0.4792645 0.4833091 1.8014631 0.4424669 0.4421900 0.4296829 0.4673072 0.4537520 0.4494505 0.4247161 0.4844323 0.4702186 0.5018789 0.4978729 0.4485942 0.5199423 0.5074576 0.4384904 0.6253561 0.5615920 0.4858179 0.6632589 0.5549519 0.4755158 0.4250877 0.5263808 0.4516779 0.6337286 0.4582994 0.4959004 0.4945498 0.5386817 
Nakaseomyces_bracarensis                    0.3457942 0.4490954 0.8935006 0.5330573 0.0000000 0.6417518 0.2355263 0.1951351 0.4271758 0.4433334 1.6470929 0.4731707 0.5196575 0.4630122 0.4935244 0.4957167 0.4971228 0.4691290 0.4233347 0.5124144 0.4840529 0.5092419 0.4281772 0.5506249 0.5472763 0.4318387 0.7012106 0.6022140 0.5740725 0.5902230 0.5350983 0.4712688 0.4587154 0.5641555 0.4532228 0.5939643 0.4388598 0.4932880 0.4694527 0.4648330 
Nakaseomyces_castellii                      0.6585321 0.6681995 0.8929559 0.6879882 0.6417518 0.0000000 0.6762374 0.6360951 0.6486815 0.6536988 1.7849714 0.6378317 0.6226613 0.6064241 0.6533690 0.6061484 0.6300935 0.6053711 0.6355457 0.6918534 0.7029411 0.7350656 0.6533096 0.6538758 0.7076428 0.6372877 0.7750206 0.6898585 0.5894849 0.8015631 0.8188604 0.6596348 0.7130963 0.6676895 0.7112552 0.8062878 0.6583266 0.6946948 0.6762245 0.6686423 
Nakaseomyces_delphensis                     0.3941099 0.4503369 0.8416247 0.5431437 0.2355263 0.6762374 0.0000000 0.2146870 0.4702247 0.4765270 1.6563185 0.4863903 0.5070678 0.4742101 0.4851356 0.5034689 0.4822816 0.4898012 0.4603105 0.5111133 0.5154870 0.5164528 0.4556620 0.5201345 0.6022186 0.4700564 0.6555843 0.5583632 0.5605488 0.6267664 0.5724183 0.4944552 0.4786892 0.5146975 0.4727236 0.6334135 0.5330099 0.5117796 0.5264433 0.5130991 
Nakaseomyces_nivariensis                    0.3407471 0.4394404 0.8376747 0.4778110 0.1951351 0.6360951 0.2146870 0.0000000 0.4414571 0.4564459 1.6761341 0.4482930 0.4772194 0.4359432 0.4634060 0.4587552 0.4629126 0.4333846 0.4580037 0.4684404 0.4774656 0.4463486 0.4279944 0.5298031 0.5470909 0.4449792 0.6250872 0.5615928 0.4914283 0.6089089 0.5145552 0.4840060 0.4653805 0.4766454 0.4516511 0.6291239 0.4487786 0.4937353 0.4810951 0.4617588 
Naumovozyma_castellii                       0.4384438 0.4215380 0.8735407 0.4792645 0.4271758 0.6486815 0.4702247 0.4414571 0.0000000 0.2701454 1.8908592 0.3845983 0.4030174 0.3646729 0.3822465 0.3951610 0.4054146 0.3513558 0.3779291 0.4448548 0.4107800 0.4558775 0.3869453 0.5152950 0.5219547 0.3811881 0.6660863 0.5619629 0.5687144 0.4548730 0.4333848 0.3587828 0.4232450 0.5374996 0.4011719 0.4507450 0.4234046 0.4201379 0.4488021 0.4268157 
Naumovozyma_dairenensis                     0.4356533 0.4571080 0.8277998 0.4833091 0.4433334 0.6536988 0.4765270 0.4564459 0.2701454 0.0000000 1.8479636 0.3837532 0.4043794 0.3704689 0.3651030 0.3993192 0.4016132 0.3807953 0.4091510 0.4433378 0.4191437 0.4361299 0.3454657 0.4760798 0.4875437 0.3631836 0.6340744 0.5529987 0.5092758 0.4747379 0.4910845 0.3759586 0.4029536 0.5679672 0.3983350 0.4737706 0.4364522 0.4538128 0.4569341 0.4298609 
Neurospora_crassa                           1.7871110 1.6485211 1.6775670 1.8014631 1.6470929 1.7849714 1.6563185 1.6761341 1.8908592 1.8479636 0.0000000 1.8615550 1.7779043 1.8428859 1.7712619 1.8954549 1.8538323 1.8141283 1.9316593 1.6781420 1.7347049 1.7432417 1.5481636 1.5997406 1.5620953 1.6119611 1.5668078 1.6012639 1.5267101 2.0436006 2.2509906 1.9599355 1.5626180 1.4915269 1.6651240 2.1360993 1.8265325 1.7830027 1.8038419 1.6671926 
Saccharomyces_arboricola                    0.4979838 0.4644624 0.8464350 0.4424669 0.4731707 0.6378317 0.4863903 0.4482930 0.3845983 0.3837532 1.8615550 0.0000000 0.1573596 0.1198972 0.1229401 0.1449504 0.1635739 0.1201437 0.4268653 0.4584936 0.4270833 0.4478796 0.4317205 0.4984371 0.5314445 0.4384319 0.6398916 0.5678901 0.4956850 0.5461404 0.4813169 0.4515630 0.4437440 0.5763283 0.4312777 0.5012081 0.4255717 0.4562649 0.4386407 0.4415613 
Saccharomyces_cerevisiae                    0.4674920 0.4617368 0.8364554 0.4421900 0.5196575 0.6226613 0.5070678 0.4772194 0.4030174 0.4043794 1.7779043 0.1573596 0.0000000 0.1601540 0.1334991 0.1108292 0.0746174 0.1588085 0.4460597 0.4583720 0.4365312 0.4683683 0.4321657 0.5190237 0.5106277 0.4342333 0.6396519 0.5850793 0.4809819 0.5521382 0.4825109 0.4560248 0.4289702 0.5755111 0.4310259 0.5079784 0.4686600 0.4807280 0.4325572 0.4698624 
Saccharomyces_eubayanus                     0.4843841 0.4435026 0.8339106 0.4296829 0.4630122 0.6064241 0.4742101 0.4359432 0.3646729 0.3704689 1.8428859 0.1198972 0.1601540 0.0000000 0.1291302 0.1390189 0.1577107 0.0388509 0.4018307 0.4274307 0.3937304 0.4533525 0.3585423 0.4842907 0.4878565 0.3926364 0.6444247 0.5822450 0.4850838 0.5305964 0.4759104 0.4260502 0.3750147 0.5332836 0.3644476 0.4898383 0.4093370 0.4252308 0.4211640 0.4241208 
Saccharomyces_kudriavzevii                  0.4868580 0.4532591 0.8405596 0.4673072 0.4935244 0.6533690 0.4851356 0.4634060 0.3822465 0.3651030 1.7712619 0.1229401 0.1334991 0.1291302 0.0000000 0.1269417 0.1348600 0.1328082 0.4521898 0.4681713 0.4436231 0.4670808 0.4084380 0.5101265 0.5311995 0.4563596 0.6426415 0.5724831 0.4926364 0.5532750 0.4586743 0.4418439 0.4547475 0.5305427 0.4458680 0.5442543 0.4512951 0.4691505 0.4446932 0.4671206 
Saccharomyces_mikatae                       0.4908347 0.4767003 0.8595745 0.4537520 0.4957167 0.6061484 0.5034689 0.4587552 0.3951610 0.3993192 1.8954549 0.1449504 0.1108292 0.1390189 0.1269417 0.0000000 0.1160196 0.1332513 0.4103465 0.4710555 0.4170653 0.4810506 0.3970495 0.5248418 0.5317850 0.4175038 0.7138444 0.5762969 0.5106560 0.5652380 0.4680148 0.4403547 0.4409798 0.5961027 0.4400561 0.5102115 0.4391129 0.4579818 0.4433992 0.4290891 
Saccharomyces_paradoxus                     0.4822389 0.4726082 0.8015170 0.4494505 0.4971228 0.6300935 0.4822816 0.4629126 0.4054146 0.4016132 1.8538323 0.1635739 0.0746174 0.1577107 0.1348600 0.1160196 0.0000000 0.1537108 0.4299148 0.4709492 0.4350866 0.4849126 0.4306867 0.5111251 0.5111203 0.4176091 0.6769518 0.5944005 0.4708834 0.5264201 0.4844760 0.4532670 0.4508237 0.5842527 0.4359493 0.4863159 0.4630860 0.4752239 0.4275080 0.4740883 
Saccharomyces_uvarum                        0.4796624 0.4350731 0.8390847 0.4247161 0.4691290 0.6053711 0.4898012 0.4333846 0.3513558 0.3807953 1.8141283 0.1201437 0.1588085 0.0388509 0.1328082 0.1332513 0.1537108 0.0000000 0.4060733 0.4327245 0.3868129 0.4603787 0.3706421 0.4885866 0.4553871 0.3961654 0.6569094 0.5698929 0.4819241 0.5354342 0.5070746 0.4324706 0.3735361 0.5265540 0.3665460 0.4985434 0.4332072 0.4412429 0.4433691 0.4333303 
Tetrapisispora_blattae                      0.4653925 0.5085675 0.9588790 0.4844323 0.4233347 0.6355457 0.4603105 0.4580037 0.3779291 0.4091510 1.9316593 0.4268653 0.4460597 0.4018307 0.4521898 0.4103465 0.4299148 0.4060733 0.0000000 0.4347134 0.3848510 0.4918608 0.3412803 0.5309268 0.5441665 0.3695657 0.7376871 0.5975517 0.5154944 0.4833574 0.4822470 0.4117900 0.3919500 0.5741732 0.3830462 0.4576716 0.3769087 0.4294509 0.4303320 0.3236301 
Tetrapisispora_phaffii                      0.4806642 0.5550613 0.9101649 0.4702186 0.5124144 0.6918534 0.5111133 0.4684404 0.4448548 0.4433378 1.6781420 0.4584936 0.4583720 0.4274307 0.4681713 0.4710555 0.4709492 0.4327245 0.4347134 0.0000000 0.3773805 0.4789237 0.3718289 0.4759073 0.5729737 0.3969154 0.7096033 0.6316065 0.5174421 0.5662046 0.5158142 0.4934017 0.4076139 0.5291426 0.4061726 0.5825906 0.2059764 0.2791958 0.2338504 0.4430597 
Vanderwaltozyma_polyspora                   0.5010705 0.4928180 0.9422039 0.5018789 0.4840529 0.7029411 0.5154870 0.4774656 0.4107800 0.4191437 1.7347049 0.4270833 0.4365312 0.3937304 0.4436231 0.4170653 0.4350866 0.3868129 0.3848510 0.3773805 0.0000000 0.4470737 0.3003523 0.4943867 0.4534940 0.3427801 0.6537017 0.5870541 0.5392834 0.5277779 0.4844249 0.4265291 0.3597206 0.5301997 0.3276083 0.4552759 0.3923206 0.3579293 0.4074427 0.3864570 
yHAB132_Kazachstania_martiniae              0.4923075 0.4253146 0.7890087 0.4978729 0.5092419 0.7350656 0.5164528 0.4463486 0.4558775 0.4361299 1.7432417 0.4478796 0.4683683 0.4533525 0.4670808 0.4810506 0.4849126 0.4603787 0.4918608 0.4789237 0.4470737 0.0000000 0.4429047 0.4676277 0.5229270 0.4355032 0.5874689 0.6275034 0.4444042 0.6020188 0.5279937 0.4423126 0.4310136 0.4787809 0.4343293 0.5717042 0.4678451 0.4851978 0.4635524 0.5063943 
yHAB133_Kazachstania_unispora               0.4168082 0.4298848 0.8003047 0.4485942 0.4281772 0.6533096 0.4556620 0.4279944 0.3869453 0.3454657 1.5481636 0.4317205 0.4321657 0.3585423 0.4084380 0.3970495 0.4306867 0.3706421 0.3412803 0.3718289 0.3003523 0.4429047 0.0000000 0.4118860 0.3324168 0.1619548 0.5776830 0.5313135 0.4289434 0.4170538 0.3883350 0.3880049 0.1316872 0.4468304 0.1264933 0.3899752 0.3515197 0.3901171 0.3886870 0.3777925 
yHAB134_Kazachstania_turicensis             0.5529461 0.5095621 0.7346455 0.5199423 0.5506249 0.6538758 0.5201345 0.5298031 0.5152950 0.4760798 1.5997406 0.4984371 0.5190237 0.4842907 0.5101265 0.5248418 0.5111251 0.4885866 0.5309268 0.4759073 0.4943867 0.4676277 0.4118860 0.0000000 0.4522703 0.4101776 0.5832891 0.6087122 0.3901342 0.6456593 0.5540156 0.4962530 0.4268870 0.3785382 0.4557222 0.6108852 0.4846197 0.4872910 0.5083270 0.5642813 
yHAB136_Kazachstania_bromeliacearum         0.5297482 0.4302558 0.7002546 0.5074576 0.5472763 0.7076428 0.6022186 0.5470909 0.5219547 0.4875437 1.5620953 0.5314445 0.5106277 0.4878565 0.5311995 0.5317850 0.5111203 0.4553871 0.5441665 0.5729737 0.4534940 0.5229270 0.3324168 0.4522703 0.0000000 0.3561828 0.4672036 0.5519186 0.4593243 0.6255137 0.4712682 0.6054215 0.3668596 0.4607316 0.3543013 0.6290996 0.6116777 0.5329960 0.5981337 0.5661360 
yHAB143_Kazachstania_siamensis              0.4595689 0.4302406 0.7443629 0.4384904 0.4318387 0.6372877 0.4700564 0.4449792 0.3811881 0.3631836 1.6119611 0.4384319 0.4342333 0.3926364 0.4563596 0.4175038 0.4176091 0.3961654 0.3695657 0.3969154 0.3427801 0.4355032 0.1619548 0.4101776 0.3561828 0.0000000 0.5519687 0.5354859 0.4822065 0.3904355 0.4255130 0.3906287 0.1697420 0.4792164 0.1618456 0.3775732 0.3658848 0.3825765 0.3905089 0.3563916 
yHAB147_Kazachstania_taianensis             0.7891086 0.5813464 0.5828691 0.6253561 0.7012106 0.7750206 0.6555843 0.6250872 0.6660863 0.6340744 1.5668078 0.6398916 0.6396519 0.6444247 0.6426415 0.7138444 0.6769518 0.6569094 0.7376871 0.7096033 0.6537017 0.5874689 0.5776830 0.5832891 0.4672036 0.5519687 0.0000000 0.6230028 0.4629248 0.8347182 0.6697654 0.6424819 0.5775663 0.5595796 0.5650009 0.8569073 0.6726628 0.6847976 0.7036308 0.7610420 
yHAB148_Kazachstania_intestinalis           0.5847482 0.5370912 0.7090244 0.5615920 0.6022140 0.6898585 0.5583632 0.5615928 0.5619629 0.5529987 1.6012639 0.5678901 0.5850793 0.5822450 0.5724831 0.5762969 0.5944005 0.5698929 0.5975517 0.6316065 0.5870541 0.6275034 0.5313135 0.6087122 0.5519186 0.5354859 0.6230028 0.0000000 0.5085446 0.6203310 0.6169032 0.5882404 0.5716003 0.5867742 0.5743163 0.6896971 0.6020037 0.5993831 0.6196228 0.6468511 
yHAB153_Kazachstania_rosinii                0.5609726 0.4910191 0.6737964 0.4858179 0.5740725 0.5894849 0.5605488 0.4914283 0.5687144 0.5092758 1.5267101 0.4956850 0.4809819 0.4850838 0.4926364 0.5106560 0.4708834 0.4819241 0.5154944 0.5174421 0.5392834 0.4444042 0.4289434 0.3901342 0.4593243 0.4822065 0.4629248 0.5085446 0.0000000 0.6658407 0.4526708 0.4884933 0.5066003 0.4412761 0.5211124 0.7045170 0.5295846 0.5082228 0.5202787 0.5398828 
yHAB154_Kazachstania_transvaalensis         0.6027148 0.5504676 1.0348501 0.6632589 0.5902230 0.8015631 0.6267664 0.6089089 0.4548730 0.4747379 2.0436006 0.5461404 0.5521382 0.5305964 0.5532750 0.5652380 0.5264201 0.5354342 0.4833574 0.5662046 0.5277779 0.6020188 0.4170538 0.6456593 0.6255137 0.3904355 0.8347182 0.6203310 0.6658407 0.0000000 0.5930043 0.5715100 0.4708995 0.6405313 0.4748139 0.1602276 0.5579266 0.5421535 0.5557321 0.5499107 
yHAB155_Kazachstania_spencerorum            0.5124948 0.5404760 0.8621166 0.5549519 0.5350983 0.8188604 0.5724183 0.5145552 0.4333848 0.4910845 2.2509906 0.4813169 0.4825109 0.4759104 0.4586743 0.4680148 0.4844760 0.5070746 0.4822470 0.5158142 0.4844249 0.5279937 0.3883350 0.5540156 0.4712682 0.4255130 0.6697654 0.6169032 0.4526708 0.5930043 0.0000000 0.4477282 0.4329489 0.5379049 0.4157693 0.5626820 0.4724860 0.4495367 0.5096581 0.5304395 
yHAB158_Kazachstania_viticola               0.4729062 0.4658068 0.8009020 0.4755158 0.4712688 0.6596348 0.4944552 0.4840060 0.3587828 0.3759586 1.9599355 0.4515630 0.4560248 0.4260502 0.4418439 0.4403547 0.4532670 0.4324706 0.4117900 0.4934017 0.4265291 0.4423126 0.3880049 0.4962530 0.6054215 0.3906287 0.6424819 0.5882404 0.4884933 0.5715100 0.4477282 0.0000000 0.4243481 0.5841999 0.4094178 0.5172510 0.4248900 0.4231267 0.4319958 0.4735513 
yHAB159_Kazachstania_solicola               0.4579204 0.3876712 0.7848574 0.4250877 0.4587154 0.7130963 0.4786892 0.4653805 0.4232450 0.4029536 1.5626180 0.4437440 0.4289702 0.3750147 0.4547475 0.4409798 0.4508237 0.3735361 0.3919500 0.4076139 0.3597206 0.4310136 0.1316872 0.4268870 0.3668596 0.1697420 0.5775663 0.5716003 0.5066003 0.4708995 0.4329489 0.4243481 0.0000000 0.4397908 0.0446389 0.4737661 0.3931593 0.4277973 0.4345279 0.3829149 
yHAB160_Kazachstania_kunashirensis          0.5334571 0.4347911 0.6078646 0.5263808 0.5641555 0.6676895 0.5146975 0.4766454 0.5374996 0.5679672 1.4915269 0.5763283 0.5755111 0.5332836 0.5305427 0.5961027 0.5842527 0.5265540 0.5741732 0.5291426 0.5301997 0.4787809 0.4468304 0.3785382 0.4607316 0.4792164 0.5595796 0.5867742 0.4412761 0.6405313 0.5379049 0.5841999 0.4397908 0.0000000 0.4056254 0.6695571 0.5538336 0.5637380 0.5781871 0.5860950 
yHAB164_Kazachstania_aerobia                0.4655550 0.4051314 0.8183325 0.4516779 0.4532228 0.7112552 0.4727236 0.4516511 0.4011719 0.3983350 1.6651240 0.4312777 0.4310259 0.3644476 0.4458680 0.4400561 0.4359493 0.3665460 0.3830462 0.4061726 0.3276083 0.4343293 0.1264933 0.4557222 0.3543013 0.1618456 0.5650009 0.5743163 0.5211124 0.4748139 0.4157693 0.4094178 0.0446389 0.4056254 0.0000000 0.4389520 0.3903497 0.4142296 0.4290596 0.3685742 
yHAB166_Kazachstania_yakushimaensis         0.6097311 0.5729847 1.0199307 0.6337286 0.5939643 0.8062878 0.6334135 0.6291239 0.4507450 0.4737706 2.1360993 0.5012081 0.5079784 0.4898383 0.5442543 0.5102115 0.4863159 0.4985434 0.4576716 0.5825906 0.4552759 0.5717042 0.3899752 0.6108852 0.6290996 0.3775732 0.8569073 0.6896971 0.7045170 0.1602276 0.5626820 0.5172510 0.4737661 0.6695571 0.4389520 0.0000000 0.5575659 0.5504951 0.5500158 0.4941574 
yHMPu5000034875_Tetrapisispora_fleetii      0.4837724 0.4728050 0.9358016 0.4582994 0.4388598 0.6583266 0.5330099 0.4487786 0.4234046 0.4364522 1.8265325 0.4255717 0.4686600 0.4093370 0.4512951 0.4391129 0.4630860 0.4332072 0.3769087 0.2059764 0.3923206 0.4678451 0.3515197 0.4846197 0.6116777 0.3658848 0.6726628 0.6020037 0.5295846 0.5579266 0.4724860 0.4248900 0.3931593 0.5538336 0.3903497 0.5575659 0.0000000 0.2466611 0.1499995 0.4187160 
yHMPu5000034876_Tetrapisispora_iriomotensis 0.4567508 0.4768677 0.9116856 0.4959004 0.4932880 0.6946948 0.5117796 0.4937353 0.4201379 0.4538128 1.7830027 0.4562649 0.4807280 0.4252308 0.4691505 0.4579818 0.4752239 0.4412429 0.4294509 0.2791958 0.3579293 0.4851978 0.3901171 0.4872910 0.5329960 0.3825765 0.6847976 0.5993831 0.5082228 0.5421535 0.4495367 0.4231267 0.4277973 0.5637380 0.4142296 0.5504951 0.2466611 0.0000000 0.2828366 0.4340032 
yHMPu5000034877_Tetrapisispora_namnaonensis 0.5145802 0.5086182 0.9439746 0.4945498 0.4694527 0.6762245 0.5264433 0.4810951 0.4488021 0.4569341 1.8038419 0.4386407 0.4325572 0.4211640 0.4446932 0.4433992 0.4275080 0.4433691 0.4303320 0.2338504 0.4074427 0.4635524 0.3886870 0.5083270 0.5981337 0.3905089 0.7036308 0.6196228 0.5202787 0.5557321 0.5096581 0.4319958 0.4345279 0.5781871 0.4290596 0.5500158 0.1499995 0.2828366 0.0000000 0.4481663 
yHMPu5000035629_Yueomyces_sinensis          0.4980404 0.5044494 0.9842887 0.5386817 0.4648330 0.6686423 0.5130991 0.4617588 0.4268157 0.4298609 1.6671926 0.4415613 0.4698624 0.4241208 0.4671206 0.4290891 0.4740883 0.4333303 0.3236301 0.4430597 0.3864570 0.5063943 0.3777925 0.5642813 0.5661360 0.3563916 0.7610420 0.6468511 0.5398828 0.5499107 0.5304395 0.4735513 0.3829149 0.5860950 0.3685742 0.4941574 0.4187160 0.4340032 0.4481663 0.0000000 
