40
Candida_glabrata                            0.0000000 2.3829221 2.5284438 2.5134021 1.1512438 2.5806363 1.1582613 1.1868370 2.3916971 2.5279260 8.9999989 2.1696884 2.1765216 2.1454514 2.1150821 2.1538038 2.2022487 2.1491336 2.6340955 3.0465567 2.6426533 2.1717572 2.9016595 2.5755800 2.3716453 2.8455262 2.4108754 2.6937141 2.2581353 2.6007484 2.3676039 2.5257123 2.8356441 2.5045762 2.8616560 2.6110320 3.1541663 2.8662537 3.0794370 2.9431351 
Kazachstania_africana                       2.3829221 0.0000000 1.8662151 2.2587012 2.3295870 2.4168924 2.3556445 2.3484477 1.9188063 2.0274656 8.9999986 1.8755110 1.8754331 1.8439603 1.8797482 1.8548746 1.8276215 1.8511274 2.4231134 2.9021563 2.3547515 1.6866127 2.1881093 1.8891204 1.7137939 2.1939377 1.8656303 2.3958493 1.7120601 1.9295671 1.7730233 1.7930827 2.2002336 1.8431845 2.2430785 1.8814745 2.9428099 2.7219349 2.8602036 2.9077457 
Kazachstania_naganishii                     2.5284438 1.8662151 0.0000000 2.3684086 2.5216392 2.5687554 2.5083402 2.4099911 2.1322318 2.1582091 8.9999985 2.0376490 2.0183366 2.0013939 1.9996167 2.0446648 2.0337355 1.9857303 2.6303854 2.9723424 2.5660228 1.7496989 2.1233912 2.0028922 1.4844180 2.1128367 1.7348717 2.2694518 1.8010775 1.9377478 1.8137959 2.0160985 2.0955364 1.8921819 2.1253549 1.8473483 2.9866547 2.8056273 2.9472212 3.0265826 
Nakaseomyces_bacillisporus                  2.5134021 2.2587012 2.3684086 0.0000000 2.4897012 2.0683012 2.4727587 2.4500230 2.2080828 2.3457271 8.9999988 2.0358608 2.0269608 2.0262104 2.0270169 2.0165954 1.9910339 2.0100197 2.5868911 3.0639919 2.6182181 2.2797033 2.5819014 2.5167825 2.1845052 2.8657975 2.4509937 2.8113436 2.3053499 2.4738442 2.2509366 2.3850389 2.7413159 2.4595198 2.7857112 2.4365994 3.2246294 2.8398337 3.2130701 2.9977335 
Nakaseomyces_bracarensis                    1.1512438 2.3295870 2.5216392 2.4897012 0.0000000 2.7133296 0.8016942 0.7055138 2.3088974 2.5703079 8.9999988 2.1776700 2.1242879 2.0921962 2.0959735 2.1428722 2.1434426 2.0939136 2.5533146 3.0904449 2.6760642 2.2543944 2.7367505 2.6116083 2.3729513 2.6792527 2.4725879 2.7830982 2.2600082 2.5033874 2.2934704 2.5993269 2.6228594 2.5065854 2.7274761 2.5724132 3.1767694 2.9161616 3.2211330 2.9937259 
Nakaseomyces_castellii                      2.5806363 2.4168924 2.5687554 2.0683012 2.7133296 0.0000000 2.7596014 2.7157642 2.4418733 2.5395418 8.9999988 2.4455536 2.4547175 2.3647316 2.3399863 2.4417874 2.4317482 2.4101516 2.7428681 3.3088996 2.7711337 2.3949493 2.9454316 2.6475773 2.5431792 3.1131870 2.6738490 3.0275696 2.4078040 2.6655028 2.5376105 2.6004732 2.9934116 2.6543669 3.0880401 2.6692583 3.3263081 3.1819948 3.2797490 3.2689525 
Nakaseomyces_delphensis                     1.1582613 2.3556445 2.5083402 2.4727587 0.8016942 2.7596014 0.0000000 0.6613242 2.2771714 2.5240976 8.9999987 2.0863098 2.0444283 2.0243705 2.0288562 2.0809570 2.0589920 2.0185119 2.4930207 3.0915931 2.6455066 2.1895944 2.7236985 2.4695463 2.3640660 2.8015920 2.4054553 2.7939407 2.2300236 2.4975415 2.1460062 2.4935390 2.7985289 2.5153681 2.8102118 2.5791556 3.2149732 2.7901632 3.2141745 3.0475017 
Nakaseomyces_nivariensis                    1.1868370 2.3484477 2.4099911 2.4500230 0.7055138 2.7157642 0.6613242 0.0000000 2.2669938 2.5048711 8.9999986 2.0058687 1.9331825 1.9928200 1.9749787 1.9677134 1.9655607 1.9819029 2.4513137 2.9911454 2.5949174 2.1483068 2.6775963 2.5370351 2.2430608 2.7012366 2.3709349 2.6499585 2.1312469 2.3943241 2.1612521 2.4534232 2.5900109 2.3917684 2.6329578 2.4808547 3.1634531 2.8616811 3.0823785 2.9355977 
Naumovozyma_castellii                       2.3916971 1.9188063 2.1322318 2.2080828 2.3088974 2.4418733 2.2771714 2.2669938 0.0000000 1.8113212 8.9999986 1.8891314 1.8846064 1.8598997 1.8950026 1.8765887 1.8790461 1.8630830 2.2556428 2.7932456 2.3067483 1.8875624 2.2664890 2.1721492 1.8674875 2.3711045 2.1177640 2.4960769 1.8784322 2.1083933 1.8977198 2.0449794 2.2699602 2.0664902 2.2916992 1.9869081 2.8563860 2.5936643 2.7768883 2.7913901 
Naumovozyma_dairenensis                     2.5279260 2.0274656 2.1582091 2.3457271 2.5703079 2.5395418 2.5240976 2.5048711 1.8113212 0.0000000 8.9999988 2.0290530 2.0343552 2.0068264 1.9792551 2.0467032 1.9970792 2.0183241 2.6395891 3.0033685 2.4429857 2.0171359 2.4185580 2.1784727 2.0676811 2.3925118 2.2432527 2.5159529 2.1743311 2.1456202 2.0188635 2.1056485 2.4247088 2.1547124 2.4830928 2.1705239 3.0103986 2.8094850 3.0514477 3.0892349 
Neurospora_crassa                           8.9999989 8.9999986 8.9999985 8.9999988 8.9999988 8.9999988 8.9999987 8.9999986 8.9999986 8.9999988 0.0000000 8.9999986 8.9999985 8.9999987 8.9999985 8.9999986 8.9999985 8.9999987 8.9999981 8.9999986 8.9999989 8.9999987 8.9999987 8.9999987 8.9999986 8.9999989 8.9999983 8.9999989 8.9999985 8.9999985 8.9999988 8.9999987 8.9999987 8.9999987 8.9999988 8.9999987 8.9999985 8.9999989 8.9999984 8.9999983 
Saccharomyces_arboricola                    2.1696884 1.8755110 2.0376490 2.0358608 2.1776700 2.4455536 2.0863098 2.0058687 1.8891314 2.0290530 8.9999986 0.0000000 0.4620345 0.4012170 0.3977236 0.4414580 0.4171815 0.3971074 2.3228077 2.7658735 2.2906340 1.8351460 2.2826040 2.0853142 1.7899125 2.3063431 1.9809528 2.4383197 1.7629068 2.1380313 1.8500316 1.9680345 2.3289220 1.9012006 2.3413315 2.0700723 2.7797513 2.6312822 2.6956638 2.6980445 
Saccharomyces_cerevisiae                    2.1765216 1.8754331 2.0183366 2.0269608 2.1242879 2.4547175 2.0444283 1.9331825 1.8846064 2.0343552 8.9999985 0.4620345 0.0000000 0.4678437 0.4136240 0.3439642 0.1886955 0.4581921 2.3316925 2.7343216 2.2867666 1.8373550 2.2557532 2.0868563 1.7775847 2.3162149 1.9409898 2.4711919 1.7066024 2.0584913 1.8336251 1.9605020 2.3149672 1.9280059 2.2830859 2.0643985 2.8175422 2.6848466 2.7628367 2.6566892 
Saccharomyces_eubayanus                     2.1454514 1.8439603 2.0013939 2.0262104 2.0921962 2.3647316 2.0243705 1.9928200 1.8598997 2.0068264 8.9999987 0.4012170 0.4678437 0.0000000 0.4111400 0.4555707 0.4446348 0.1110249 2.4009281 2.7641074 2.2479913 1.7913888 2.2477378 2.0559415 1.8088333 2.2548297 2.0098793 2.4829467 1.6930023 2.0557150 1.8197350 1.9608226 2.3046160 1.9378420 2.3285013 2.0783007 2.8330096 2.6217729 2.7453100 2.6901072 
Saccharomyces_kudriavzevii                  2.1150821 1.8797482 1.9996167 2.0270169 2.0959735 2.3399863 2.0288562 1.9749787 1.8950026 1.9792551 8.9999985 0.3977236 0.4136240 0.4111400 0.0000000 0.4119493 0.3852623 0.4013062 2.2977491 2.7281410 2.3129908 1.7918403 2.2477360 2.0958706 1.7816721 2.3737803 1.9472033 2.4607535 1.6772378 2.0226711 1.8142415 1.9426805 2.3135494 1.8677525 2.3056328 2.0424565 2.8116974 2.6090939 2.7454228 2.6518691 
Saccharomyces_mikatae                       2.1538038 1.8548746 2.0446648 2.0165954 2.1428722 2.4417874 2.0809570 1.9677134 1.8765887 2.0467032 8.9999986 0.4414580 0.3439642 0.4555707 0.4119493 0.0000000 0.2988899 0.4445317 2.3047724 2.7014951 2.3259272 1.8740503 2.2371978 2.1072542 1.7973868 2.3225098 2.0061000 2.4964563 1.7078723 2.0877098 1.7656434 2.0140062 2.3444728 1.9149782 2.3464264 2.0128857 2.7836171 2.6606908 2.7628921 2.6455623 
Saccharomyces_paradoxus                     2.2022487 1.8276215 2.0337355 1.9910339 2.1434426 2.4317482 2.0589920 1.9655607 1.8790461 1.9970792 8.9999985 0.4171815 0.1886955 0.4446348 0.3852623 0.2988899 0.0000000 0.4301085 2.3589861 2.7389448 2.3039440 1.8436582 2.2397370 2.0802738 1.7696881 2.3113385 1.9729301 2.4940186 1.6956383 2.0856984 1.8341482 1.9413049 2.3388200 1.9126768 2.3495375 2.0556393 2.7617261 2.6552407 2.6787957 2.6967485 
Saccharomyces_uvarum                        2.1491336 1.8511274 1.9857303 2.0100197 2.0939136 2.4101516 2.0185119 1.9819029 1.8630830 2.0183241 8.9999987 0.3971074 0.4581921 0.1110249 0.4013062 0.4445317 0.4301085 0.0000000 2.3517218 2.7840347 2.2347258 1.7678083 2.2074964 2.0447126 1.7959774 2.2748615 1.9742112 2.4237682 1.6961442 2.0819311 1.8077705 1.9760543 2.2684219 1.9023481 2.3328705 2.0607229 2.8123166 2.6307031 2.7661069 2.6661737 
Tetrapisispora_blattae                      2.6340955 2.4231134 2.6303854 2.5868911 2.5533146 2.7428681 2.4930207 2.4513137 2.2556428 2.6395891 8.9999981 2.3228077 2.3316925 2.4009281 2.2977491 2.3047724 2.3589861 2.3517218 0.0000000 2.8049845 2.3582830 2.4471627 2.6284402 2.6099707 2.3872613 2.7555685 2.5848116 2.9509287 2.4646012 2.5664076 2.4208355 2.4502953 2.6711544 2.4008599 2.7140523 2.5087759 2.9664743 2.8121345 2.8755923 1.5361459 
Tetrapisispora_phaffii                      3.0465567 2.9021563 2.9723424 3.0639919 3.0904449 3.3088996 3.0915931 2.9911454 2.7932456 3.0033685 8.9999986 2.7658735 2.7343216 2.7641074 2.7281410 2.7014951 2.7389448 2.7840347 2.8049845 0.0000000 2.0368671 2.8302122 3.1848164 3.1245724 2.8495775 3.2807649 2.9275272 3.3142567 2.9756645 2.9613969 2.9620385 2.9908012 3.1092865 3.0704894 3.1017033 3.1372145 0.7675284 1.2985441 0.7892248 3.2764381 
Vanderwaltozyma_polyspora                   2.6426533 2.3547515 2.5660228 2.6182181 2.6760642 2.7711337 2.6455066 2.5949174 2.3067483 2.4429857 8.9999989 2.2906340 2.2867666 2.2479913 2.3129908 2.3259272 2.3039440 2.2347258 2.3582830 2.0368671 0.0000000 2.4140956 2.7079496 2.5185604 2.2848695 2.7654559 2.6379193 3.0335070 2.2691645 2.6190558 2.3783772 2.5242809 2.6949332 2.5195962 2.7287792 2.5203501 2.1739883 1.9840000 2.1489533 2.7022314 
yHAB132_Kazachstania_martiniae              2.1717572 1.6866127 1.7496989 2.2797033 2.2543944 2.3949493 2.1895944 2.1483068 1.8875624 2.0171359 8.9999987 1.8351460 1.8373550 1.7913888 1.7918403 1.8740503 1.8436582 1.7678083 2.4471627 2.8302122 2.4140956 0.0000000 2.1289967 1.8837849 1.5362053 2.1462589 1.8068280 2.1794233 1.6164805 1.8778526 1.6744409 1.9521794 2.1736085 1.8307220 2.1572045 1.8755129 2.8923059 2.6001463 2.8686856 2.6866152 
yHAB133_Kazachstania_unispora               2.9016595 2.1881093 2.1233912 2.5819014 2.7367505 2.9454316 2.7236985 2.6775963 2.2664890 2.4185580 8.9999987 2.2826040 2.2557532 2.2477378 2.2477360 2.2371978 2.2397370 2.2074964 2.6284402 3.1848164 2.7079496 2.1289967 0.0000000 2.4186945 1.7551172 0.8227230 1.8782883 2.5964064 2.0949071 1.8578200 2.1058022 2.2817588 0.6591521 2.3322639 0.6454742 1.9220563 3.2977255 3.0313433 3.2244977 3.1478471 
yHAB134_Kazachstania_turicensis             2.5755800 1.8891204 2.0028922 2.5167825 2.6116083 2.6475773 2.4695463 2.5370351 2.1721492 2.1784727 8.9999987 2.0853142 2.0868563 2.0559415 2.0958706 2.1072542 2.0802738 2.0447126 2.6099707 3.1245724 2.5185604 1.8837849 2.4186945 0.0000000 1.8626888 2.2954798 2.0313500 2.4228856 1.7943638 2.1704801 1.7272970 2.0852116 2.2819327 1.4277411 2.3152525 2.1264215 3.1925718 2.8956178 3.1726734 2.8501701 
yHAB136_Kazachstania_bromeliacearum         2.3716453 1.7137939 1.4844180 2.1845052 2.3729513 2.5431792 2.3640660 2.2430608 1.8674875 2.0676811 8.9999986 1.7899125 1.7775847 1.8088333 1.7816721 1.7973868 1.7696881 1.7959774 2.3872613 2.8495775 2.2848695 1.5362053 1.7551172 1.8626888 0.0000000 1.8733401 1.3962741 2.2047359 1.5823834 1.5909164 1.6566356 1.7519972 1.8508264 1.7983591 1.8359465 1.4744602 2.8558147 2.6547304 2.7818176 2.8674880 
yHAB143_Kazachstania_siamensis              2.8455262 2.1939377 2.1128367 2.8657975 2.6792527 3.1131870 2.8015920 2.7012366 2.3711045 2.3925118 8.9999989 2.3063431 2.3162149 2.2548297 2.3737803 2.3225098 2.3113385 2.2748615 2.7555685 3.2807649 2.7654559 2.1462589 0.8227230 2.2954798 1.8733401 0.0000000 1.9711499 2.6373322 2.2475813 1.9761345 2.1727287 2.3239837 0.8564355 2.3389162 0.8947806 1.8924873 3.3141335 3.1580029 3.2567279 3.1570342 
yHAB147_Kazachstania_taianensis             2.4108754 1.8656303 1.7348717 2.4509937 2.4725879 2.6738490 2.4054553 2.3709349 2.1177640 2.2432527 8.9999983 1.9809528 1.9409898 2.0098793 1.9472033 2.0061000 1.9729301 1.9742112 2.5848116 2.9275272 2.6379193 1.8068280 1.8782883 2.0313500 1.3962741 1.9711499 0.0000000 2.3607528 1.7243325 1.6048065 1.8078259 2.0854005 1.9197719 1.9411446 1.9431656 1.5569899 2.9963057 2.8971270 2.9135455 2.9963711 
yHAB148_Kazachstania_intestinalis           2.6937141 2.3958493 2.2694518 2.8113436 2.7830982 3.0275696 2.7939407 2.6499585 2.4960769 2.5159529 8.9999989 2.4383197 2.4711919 2.4829467 2.4607535 2.4964563 2.4940186 2.4237682 2.9509287 3.3142567 3.0335070 2.1794233 2.5964064 2.4228856 2.2047359 2.6373322 2.3607528 0.0000000 2.4037921 2.4127950 2.2824066 2.4970150 2.6252394 2.4813898 2.5948948 2.4521830 3.2787131 3.1053345 3.2495854 3.4492994 
yHAB153_Kazachstania_rosinii                2.2581353 1.7120601 1.8010775 2.3053499 2.2600082 2.4078040 2.2300236 2.1312469 1.8784322 2.1743311 8.9999985 1.7629068 1.7066024 1.6930023 1.6772378 1.7078723 1.6956383 1.6961442 2.4646012 2.9756645 2.2691645 1.6164805 2.0949071 1.7943638 1.5823834 2.2475813 1.7243325 2.4037921 0.0000000 1.8915597 1.3608718 1.9230568 2.2017533 1.5984117 2.1879668 1.8110947 3.0470885 2.6317053 2.9208016 2.8789971 
yHAB154_Kazachstania_transvaalensis         2.6007484 1.9295671 1.9377478 2.4738442 2.5033874 2.6655028 2.4975415 2.3943241 2.1083933 2.1456202 8.9999985 2.1380313 2.0584913 2.0557150 2.0226711 2.0877098 2.0856984 2.0819311 2.5664076 2.9613969 2.6190558 1.8778526 1.8578200 2.1704801 1.5909164 1.9761345 1.6048065 2.4127950 1.8915597 0.0000000 1.8240712 2.0708278 1.9354611 2.0819425 1.9535524 0.6234207 3.1915972 2.9117137 3.0789515 3.0736613 
yHAB155_Kazachstania_spencerorum            2.3676039 1.7730233 1.8137959 2.2509366 2.2934704 2.5376105 2.1460062 2.1612521 1.8977198 2.0188635 8.9999988 1.8500316 1.8336251 1.8197350 1.8142415 1.7656434 1.8341482 1.8077705 2.4208355 2.9620385 2.3783772 1.6744409 2.1058022 1.7272970 1.6566356 2.1727287 1.8078259 2.2824066 1.3608718 1.8240712 0.0000000 1.8155551 2.1994068 1.6283372 2.2040471 1.8017421 2.9382083 2.6621667 3.0168653 2.6674526 
yHAB158_Kazachstania_viticola               2.5257123 1.7930827 2.0160985 2.3850389 2.5993269 2.6004732 2.4935390 2.4534232 2.0449794 2.1056485 8.9999987 1.9680345 1.9605020 1.9608226 1.9426805 2.0140062 1.9413049 1.9760543 2.4502953 2.9908012 2.5242809 1.9521794 2.2817588 2.0852116 1.7519972 2.3239837 2.0854005 2.4970150 1.9230568 2.0708278 1.8155551 0.0000000 2.3049976 1.9487659 2.2821569 2.0600149 2.9732226 2.6682367 2.9620201 3.1898561 
yHAB159_Kazachstania_solicola               2.8356441 2.2002336 2.0955364 2.7413159 2.6228594 2.9934116 2.7985289 2.5900109 2.2699602 2.4247088 8.9999987 2.3289220 2.3149672 2.3046160 2.3135494 2.3444728 2.3388200 2.2684219 2.6711544 3.1092865 2.6949332 2.1736085 0.6591521 2.2819327 1.8508264 0.8564355 1.9197719 2.6252394 2.2017533 1.9354611 2.1994068 2.3049976 0.0000000 2.4623801 0.2118520 2.0067773 3.2649865 3.1572914 3.1582987 3.1815616 
yHAB160_Kazachstania_kunashirensis          2.5045762 1.8431845 1.8921819 2.4595198 2.5065854 2.6543669 2.5153681 2.3917684 2.0664902 2.1547124 8.9999987 1.9012006 1.9280059 1.9378420 1.8677525 1.9149782 1.9126768 1.9023481 2.4008599 3.0704894 2.5195962 1.8307220 2.3322639 1.4277411 1.7983591 2.3389162 1.9411446 2.4813898 1.5984117 2.0819425 1.6283372 1.9487659 2.4623801 0.0000000 2.4166462 2.0322814 2.9406403 2.7991173 2.9225045 2.8131891 
yHAB164_Kazachstania_aerobia                2.8616560 2.2430785 2.1253549 2.7857112 2.7274761 3.0880401 2.8102118 2.6329578 2.2916992 2.4830928 8.9999988 2.3413315 2.2830859 2.3285013 2.3056328 2.3464264 2.3495375 2.3328705 2.7140523 3.1017033 2.7287792 2.1572045 0.6454742 2.3152525 1.8359465 0.8947806 1.9431656 2.5948948 2.1879668 1.9535524 2.2040471 2.2821569 0.2118520 2.4166462 0.0000000 2.0519185 3.2968887 3.1914364 3.2327261 3.1682373 
yHAB166_Kazachstania_yakushimaensis         2.6110320 1.8814745 1.8473483 2.4365994 2.5724132 2.6692583 2.5791556 2.4808547 1.9869081 2.1705239 8.9999987 2.0700723 2.0643985 2.0783007 2.0424565 2.0128857 2.0556393 2.0607229 2.5087759 3.1372145 2.5203501 1.8755129 1.9220563 2.1264215 1.4744602 1.8924873 1.5569899 2.4521830 1.8110947 0.6234207 1.8017421 2.0600149 2.0067773 2.0322814 2.0519185 0.0000000 3.1867837 2.8754276 3.2281917 3.0632230 
yHMPu5000034875_Tetrapisispora_fleetii      3.1541663 2.9428099 2.9866547 3.2246294 3.1767694 3.3263081 3.2149732 3.1634531 2.8563860 3.0103986 8.9999985 2.7797513 2.8175422 2.8330096 2.8116974 2.7836171 2.7617261 2.8123166 2.9664743 0.7675284 2.1739883 2.8923059 3.2977255 3.1925718 2.8558147 3.3141335 2.9963057 3.2787131 3.0470885 3.1915972 2.9382083 2.9732226 3.2649865 2.9406403 3.2968887 3.1867837 0.0000000 1.3102839 0.3911872 3.3751227 
yHMPu5000034876_Tetrapisispora_iriomotensis 2.8662537 2.7219349 2.8056273 2.8398337 2.9161616 3.1819948 2.7901632 2.8616811 2.5936643 2.8094850 8.9999989 2.6312822 2.6848466 2.6217729 2.6090939 2.6606908 2.6552407 2.6307031 2.8121345 1.2985441 1.9840000 2.6001463 3.0313433 2.8956178 2.6547304 3.1580029 2.8971270 3.1053345 2.6317053 2.9117137 2.6621667 2.6682367 3.1572914 2.7991173 3.1914364 2.8754276 1.3102839 0.0000000 1.3095265 3.1082121 
yHMPu5000034877_Tetrapisispora_namnaonensis 3.0794370 2.8602036 2.9472212 3.2130701 3.2211330 3.2797490 3.2141745 3.0823785 2.7768883 3.0514477 8.9999984 2.6956638 2.7628367 2.7453100 2.7454228 2.7628921 2.6787957 2.7661069 2.8755923 0.7892248 2.1489533 2.8686856 3.2244977 3.1726734 2.7818176 3.2567279 2.9135455 3.2495854 2.9208016 3.0789515 3.0168653 2.9620201 3.1582987 2.9225045 3.2327261 3.2281917 0.3911872 1.3095265 0.0000000 3.3280443 
yHMPu5000035629_Yueomyces_sinensis          2.9431351 2.9077457 3.0265826 2.9977335 2.9937259 3.2689525 3.0475017 2.9355977 2.7913901 3.0892349 8.9999983 2.6980445 2.6566892 2.6901072 2.6518691 2.6455623 2.6967485 2.6661737 1.5361459 3.2764381 2.7022314 2.6866152 3.1478471 2.8501701 2.8674880 3.1570342 2.9963711 3.4492994 2.8789971 3.0736613 2.6674526 3.1898561 3.1815616 2.8131891 3.1682373 3.0632230 3.3751227 3.1082121 3.3280443 0.0000000 
