40
Candida_glabrata                            0.0000000 2.3107368 2.3490697 2.4260581 1.2177209 2.6159766 1.3164860 1.3620996 2.0481048 2.0942336 8.9999990 3.8925083 3.9269222 3.7359138 3.8989817 4.0002731 3.9848364 3.8131998 2.8532374 2.9893396 2.1681464 2.0155063 2.3400139 2.3780965 2.0701513 2.3872942 2.3541553 2.3657362 2.2495230 2.5203219 2.1824336 2.2871102 2.2439672 2.3089023 2.2899146 2.3462792 2.6887090 2.5708329 2.7384939 2.5888220 
Kazachstania_africana                       2.3107368 0.0000000 1.8147312 2.1532254 2.3258831 2.5966639 2.5165116 2.4200624 1.6846588 1.6458687 8.9999983 3.8150978 3.7061310 3.7178936 3.8577935 3.7172058 3.8532347 3.8664158 2.5582881 2.4693673 1.8972442 1.4116522 1.8632381 1.6402378 1.4939409 1.8124245 1.7993885 1.9013023 1.4233975 2.1340904 1.6088447 1.6084066 1.8239721 1.5783868 1.8591820 1.9075622 2.4843486 2.2931859 2.4837846 2.3222506 
Kazachstania_naganishii                     2.3490697 1.8147312 0.0000000 2.3036351 2.2980669 2.9563057 2.5773801 2.5337548 2.0889939 2.1966423 8.9999988 3.7702603 3.7997764 3.7460257 3.7335832 3.7639688 3.8053015 3.8374309 2.9129485 2.7236251 2.4014952 1.8576107 1.8698954 1.9271210 1.6897904 1.8906753 1.8406798 2.0101461 1.9385025 2.3253958 1.8560943 2.0328275 1.7917547 1.8970496 1.8680018 2.1174825 2.8193172 2.7655351 2.8051415 3.0309978 
Nakaseomyces_bacillisporus                  2.4260581 2.1532254 2.3036351 0.0000000 2.4192258 2.2700005 2.3649094 2.5451847 2.0094233 2.1104533 8.9999984 3.9318844 3.7818386 3.7136393 3.8787425 3.8226624 3.8241975 3.7731861 2.6343544 2.6386241 2.0428837 1.9733037 2.2288826 2.0924888 1.9504490 2.2329302 2.1306347 2.3839920 2.0357017 2.5197624 2.0528548 2.0597753 2.3433477 2.1003230 2.3881755 2.3523640 2.6375754 2.6345090 2.6459449 2.5411162 
Nakaseomyces_bracarensis                    1.2177209 2.3258831 2.2980669 2.4192258 0.0000000 2.7728072 0.7506617 0.6894005 2.0660919 2.2742959 8.9999982 4.0806590 4.0801332 4.1323938 4.0666175 4.0808193 4.1178946 4.2545799 3.1764200 2.6502413 2.4183181 2.1092666 2.4248937 2.3852453 2.1045894 2.4779103 2.2932595 2.3949431 2.1580871 2.7875878 2.1908834 2.3993626 2.2671516 2.3564694 2.3664968 2.5604577 2.7543196 2.8546103 2.7196331 2.9948100 
Nakaseomyces_castellii                      2.6159766 2.5966639 2.9563057 2.2700005 2.7728072 0.0000000 2.8805270 2.7257287 2.4284019 2.4754207 8.9999981 4.1154011 4.1196433 4.0892934 4.1703766 4.1792256 4.0477943 4.0515256 3.2762609 2.9441943 2.8031075 2.4610889 2.8117135 2.4573119 2.4709776 2.7333136 2.5373094 2.7142344 2.4756841 3.0428865 2.6464070 2.4500696 2.7121969 2.5088052 2.7207471 2.6871891 3.0426168 2.9918051 3.0327103 3.0555919 
Nakaseomyces_delphensis                     1.3164860 2.5165116 2.5773801 2.3649094 0.7506617 2.8805270 0.0000000 0.6016626 2.1203829 2.4424744 8.9999988 4.2058894 3.9980998 4.2496766 4.1353364 4.2635120 4.0484572 4.2722520 3.1935335 2.7747660 2.3527042 2.1454230 2.4825541 2.4529014 2.2872609 2.5574633 2.3478569 2.5941991 2.2283430 2.8319221 2.3702389 2.3773637 2.3508619 2.4921044 2.5030615 2.5726754 2.8385167 2.7791498 2.8393210 2.9743450 
Nakaseomyces_nivariensis                    1.3620996 2.4200624 2.5337548 2.5451847 0.6894005 2.7257287 0.6016626 0.0000000 2.0851450 2.4655540 8.9999981 4.0257277 3.9978811 4.1273473 4.1281314 4.1787327 4.0834573 4.1345661 3.0907067 2.7811975 2.3913439 2.2146791 2.4642089 2.4777455 2.3208641 2.5852898 2.3797635 2.5848963 2.2935971 2.6727255 2.4151069 2.4346548 2.4050238 2.5228991 2.4680268 2.5037234 2.8508996 2.7282946 2.8783883 3.0504949 
Naumovozyma_castellii                       2.0481048 1.6846588 2.0889939 2.0094233 2.0660919 2.4284019 2.1203829 2.0851450 0.0000000 1.0283289 8.9999986 3.6141238 3.5007380 3.6853726 3.5649203 3.6317246 3.6226695 3.7120381 2.6850290 2.2785147 1.7643226 1.4850185 1.9574694 1.6792043 1.4464038 2.0491509 1.8043545 1.9304805 1.5004656 2.1245340 1.5990494 1.5768134 2.0004333 1.5818405 1.9877600 1.9428470 2.3097212 2.4580386 2.2585044 2.3230313 
Naumovozyma_dairenensis                     2.0942336 1.6458687 2.1966423 2.1104533 2.2742959 2.4754207 2.4424744 2.4655540 1.0283289 0.0000000 8.9999986 3.6926348 3.6409961 3.6165538 3.6481190 3.6818714 3.7880378 3.7167325 2.8478831 2.2726624 1.8318005 1.4823943 1.9536054 1.7909896 1.5230447 2.0717083 1.7798406 1.9586543 1.6738478 2.1608665 1.7025959 1.6841547 1.9753257 1.6504477 1.9263486 1.9635964 2.4645311 2.2376948 2.4900999 2.3312904 
Neurospora_crassa                           8.9999990 8.9999983 8.9999988 8.9999984 8.9999982 8.9999981 8.9999988 8.9999981 8.9999986 8.9999986 0.0000000 8.9999989 8.9999990 8.9999980 8.9999989 8.9999980 8.9999990 8.9999980 8.9999989 8.9999989 8.9999989 8.9999989 8.9999987 8.9999981 8.9999988 8.9999987 8.9999989 8.9999990 8.9999989 8.9999989 8.9999983 8.9999990 8.9999986 8.9999984 8.9999986 8.9999988 8.9999990 8.9999982 8.9999980 8.9999985 
Saccharomyces_arboricola                    3.8925083 3.8150978 3.7702603 3.9318844 4.0806590 4.1154011 4.2058894 4.0257277 3.6141238 3.6926348 8.9999989 0.0000000 0.3696971 0.3332440 0.3028978 0.3808480 0.3370498 0.3302621 3.9643733 4.2354499 3.5052716 3.4886519 3.3609940 3.4066016 3.5761657 3.5041084 3.6774438 3.7297096 3.2500872 3.8422762 3.4467658 3.4962145 3.3172250 3.3303652 3.2570007 3.8330876 4.1933617 4.1409875 4.1991627 4.0378423 
Saccharomyces_cerevisiae                    3.9269222 3.7061310 3.7997764 3.7818386 4.0801332 4.1196433 3.9980998 3.9978811 3.5007380 3.6409961 8.9999990 0.3696971 0.0000000 0.3827815 0.3584517 0.2835115 0.1403423 0.3753527 3.9015399 3.9906712 3.5429110 3.4561097 3.3272920 3.3344925 3.3610218 3.3768454 3.4365396 3.6314741 3.2692229 3.7476281 3.5343169 3.3567940 3.3523877 3.3321351 3.3125582 3.7512082 4.0444462 4.0481151 4.1048963 3.9603826 
Saccharomyces_eubayanus                     3.7359138 3.7178936 3.7460257 3.7136393 4.1323938 4.0892934 4.2496766 4.1273473 3.6853726 3.6165538 8.9999980 0.3332440 0.3827815 0.0000000 0.3389619 0.3935605 0.3582624 0.0900314 3.8249360 4.0044997 3.5458693 3.4372348 3.2843664 3.4773960 3.4015087 3.3510896 3.6605068 3.6640465 3.2322847 3.8123930 3.4918077 3.4176391 3.1638062 3.2797475 3.1305384 3.7990533 4.0591132 3.9461302 4.1215614 3.8714484 
Saccharomyces_kudriavzevii                  3.8989817 3.8577935 3.7335832 3.8787425 4.0666175 4.1703766 4.1353364 4.1281314 3.5649203 3.6481190 8.9999989 0.3028978 0.3584517 0.3389619 0.0000000 0.3386989 0.3165088 0.3255700 3.9607111 4.1973494 3.6028850 3.4876088 3.2459967 3.3955405 3.4496807 3.4578060 3.5067193 3.7457271 3.3441828 3.7742289 3.4890056 3.3804604 3.2976014 3.3433587 3.2714675 3.8429925 4.1130693 4.0438578 4.1239687 3.8819792 
Saccharomyces_mikatae                       4.0002731 3.7172058 3.7639688 3.8226624 4.0808193 4.1792256 4.2635120 4.1787327 3.6317246 3.6818714 8.9999980 0.3808480 0.2835115 0.3935605 0.3386989 0.0000000 0.2369035 0.3737239 3.8047375 3.9826066 3.4996039 3.4316198 3.3599173 3.4531626 3.5459501 3.4281443 3.6807831 3.7079763 3.3272083 3.8348465 3.4835048 3.4236631 3.4267185 3.3637340 3.3991520 3.8319800 4.0533910 4.0606878 4.0588268 3.9538200 
Saccharomyces_paradoxus                     3.9848364 3.8532347 3.8053015 3.8241975 4.1178946 4.0477943 4.0484572 4.0834573 3.6226695 3.7880378 8.9999990 0.3370498 0.1403423 0.3582624 0.3165088 0.2369035 0.0000000 0.3627106 3.9747156 4.0059929 3.5722504 3.5447225 3.3947540 3.4297371 3.4684879 3.4303877 3.5730024 3.6607435 3.3246131 3.7873860 3.6158559 3.4189946 3.3150445 3.4020985 3.3310131 3.7488213 4.0377811 4.1734713 4.0631897 3.9379800 
Saccharomyces_uvarum                        3.8131998 3.8664158 3.8374309 3.7731861 4.2545799 4.0515256 4.2722520 4.1345661 3.7120381 3.7167325 8.9999980 0.3302621 0.3753527 0.0900314 0.3255700 0.3737239 0.3627106 0.0000000 3.8427056 4.0479068 3.5362154 3.4666520 3.2185933 3.4796733 3.5088023 3.3145899 3.7524548 3.7403860 3.2363381 3.8374012 3.3834036 3.4536622 3.1688412 3.2878831 3.0980149 3.7800961 4.1343136 3.9027211 4.0950615 4.0005568 
Tetrapisispora_blattae                      2.8532374 2.5582881 2.9129485 2.6343544 3.1764200 3.2762609 3.1935335 3.0907067 2.6850290 2.8478831 8.9999989 3.9643733 3.9015399 3.8249360 3.9607111 3.8047375 3.9747156 3.8427056 0.0000000 3.1183183 2.4749680 2.5488413 2.7564524 2.5646985 2.6481493 2.7999693 3.0441761 3.0426929 2.5560870 2.9060793 2.5783798 2.7890959 2.9478755 2.5465051 2.8587781 2.9137040 2.9865916 2.9144476 3.0248358 1.9482109 
Tetrapisispora_phaffii                      2.9893396 2.4693673 2.7236251 2.6386241 2.6502413 2.9441943 2.7747660 2.7811975 2.2785147 2.2726624 8.9999989 4.2354499 3.9906712 4.0044997 4.1973494 3.9826066 4.0059929 4.0479068 3.1183183 0.0000000 1.8195450 2.2259296 2.5231814 2.3829386 2.2121760 2.4236645 2.4754326 2.5048142 2.2650731 2.5666116 2.3359521 2.5854003 2.3381403 2.3626274 2.4128146 2.4339630 0.5926679 0.8975956 0.5601712 2.6446202 
Vanderwaltozyma_polyspora                   2.1681464 1.8972442 2.4014952 2.0428837 2.4183181 2.8031075 2.3527042 2.3913439 1.7643226 1.8318005 8.9999989 3.5052716 3.5429110 3.5458693 3.6028850 3.4996039 3.5722504 3.5362154 2.4749680 1.8195450 0.0000000 1.6650983 2.0273325 1.9027487 1.7344223 2.0874023 2.0076593 1.9738716 1.6709666 2.1923076 1.7952954 2.0101302 1.9932815 1.8126984 2.0023440 2.0045719 1.7987326 1.7149520 1.8430166 2.2392655 
yHAB132_Kazachstania_martiniae              2.0155063 1.4116522 1.8576107 1.9733037 2.1092666 2.4610889 2.1454230 2.2146791 1.4850185 1.4823943 8.9999989 3.4886519 3.4561097 3.4372348 3.4876088 3.4316198 3.5447225 3.4666520 2.5488413 2.2259296 1.6650983 0.0000000 1.7061283 1.5430978 1.0849101 1.6877421 1.4036280 1.6751089 1.3733495 1.8953996 1.3979713 1.2852571 1.7278296 1.4062030 1.6882651 1.7610506 2.3307262 2.1450577 2.3791845 2.3349700 
yHAB133_Kazachstania_unispora               2.3400139 1.8632381 1.8698954 2.2288826 2.4248937 2.8117135 2.4825541 2.4642089 1.9574694 1.9536054 8.9999987 3.3609940 3.3272920 3.2843664 3.2459967 3.3599173 3.3947540 3.2185933 2.7564524 2.5231814 2.0273325 1.7061283 0.0000000 1.6221662 1.4459143 0.4931205 1.6054022 2.0573752 1.6397621 1.6411066 1.7280607 1.8502505 0.3981113 1.7596051 0.3759821 1.5243161 2.5837593 2.2916655 2.6321738 2.4254956 
yHAB134_Kazachstania_turicensis             2.3780965 1.6402378 1.9271210 2.0924888 2.3852453 2.4573119 2.4529014 2.4777455 1.6792043 1.7909896 8.9999981 3.4066016 3.3344925 3.4773960 3.3955405 3.4531626 3.4297371 3.4796733 2.5646985 2.3829386 1.9027487 1.5430978 1.6221662 0.0000000 1.5908881 1.6596947 1.7885377 2.0502574 1.3451076 2.0252005 1.3367160 1.6729422 1.7501073 1.0234877 1.6912209 1.7803964 2.3340974 2.4193936 2.3881230 2.4846720 
yHAB136_Kazachstania_bromeliacearum         2.0701513 1.4939409 1.6897904 1.9504490 2.1045894 2.4709776 2.2872609 2.3208641 1.4464038 1.5230447 8.9999988 3.5761657 3.3610218 3.4015087 3.4496807 3.5459501 3.4684879 3.5088023 2.6481493 2.2121760 1.7344223 1.0849101 1.4459143 1.5908881 0.0000000 1.5188249 1.3925878 1.5829437 1.3922523 1.7068649 1.4166422 1.4026667 1.5032643 1.4872581 1.5071064 1.4861878 2.2857475 2.1249506 2.2545822 2.3851338 
yHAB143_Kazachstania_siamensis              2.3872942 1.8124245 1.8906753 2.2329302 2.4779103 2.7333136 2.5574633 2.5852898 2.0491509 2.0717083 8.9999987 3.5041084 3.3768454 3.3510896 3.4578060 3.4281443 3.4303877 3.3145899 2.7999693 2.4236645 2.0874023 1.6877421 0.4931205 1.6596947 1.5188249 0.0000000 1.5055328 2.1198042 1.7204041 1.6063470 1.7559589 1.8590481 0.6083217 1.7533439 0.5831737 1.5604595 2.5691532 2.3201205 2.5616149 2.4060441 
yHAB147_Kazachstania_taianensis             2.3541553 1.7993885 1.8406798 2.1306347 2.2932595 2.5373094 2.3478569 2.3797635 1.8043545 1.7798406 8.9999989 3.6774438 3.4365396 3.6605068 3.5067193 3.6807831 3.5730024 3.7524548 3.0441761 2.4754326 2.0076593 1.4036280 1.6054022 1.7885377 1.3925878 1.5055328 0.0000000 1.8729183 1.6969878 1.7948098 1.8353229 1.7840686 1.5590241 1.7316843 1.5686388 1.6563153 2.4883571 2.4411838 2.5145262 2.5358953 
yHAB148_Kazachstania_intestinalis           2.3657362 1.9013023 2.0101461 2.3839920 2.3949431 2.7142344 2.5941991 2.5848963 1.9304805 1.9586543 8.9999990 3.7297096 3.6314741 3.6640465 3.7457271 3.7079763 3.6607435 3.7403860 3.0426929 2.5048142 1.9738716 1.6751089 2.0573752 2.0502574 1.5829437 2.1198042 1.8729183 0.0000000 1.8620827 2.3776094 1.8655627 1.9143286 2.0750927 1.9066212 2.0403543 2.1559633 2.6167446 2.4367166 2.5392789 2.9207980 
yHAB153_Kazachstania_rosinii                2.2495230 1.4233975 1.9385025 2.0357017 2.1580871 2.4756841 2.2283430 2.2935971 1.5004656 1.6738478 8.9999989 3.2500872 3.2692229 3.2322847 3.3441828 3.3272083 3.3246131 3.2363381 2.5560870 2.2650731 1.6709666 1.3733495 1.6397621 1.3451076 1.3922523 1.7204041 1.6969878 1.8620827 0.0000000 1.9403995 1.0756812 1.4229667 1.6500319 1.0699589 1.6734437 1.7536681 2.3914106 2.2504686 2.3639588 2.2924108 
yHAB154_Kazachstania_transvaalensis         2.5203219 2.1340904 2.3253958 2.5197624 2.7875878 3.0428865 2.8319221 2.6727255 2.1245340 2.1608665 8.9999989 3.8422762 3.7476281 3.8123930 3.7742289 3.8348465 3.7873860 3.8374012 2.9060793 2.5666116 2.1923076 1.8953996 1.6411066 2.0252005 1.7068649 1.6063470 1.7948098 2.3776094 1.9403995 0.0000000 1.9497459 2.1014694 1.7586828 1.9858172 1.7520297 0.6662175 2.5240655 2.5278104 2.5437692 2.6062292 
yHAB155_Kazachstania_spencerorum            2.1824336 1.6088447 1.8560943 2.0528548 2.1908834 2.6464070 2.3702389 2.4151069 1.5990494 1.7025959 8.9999983 3.4467658 3.5343169 3.4918077 3.4890056 3.4835048 3.6158559 3.3834036 2.5783798 2.3359521 1.7952954 1.3979713 1.7280607 1.3367160 1.4166422 1.7559589 1.8353229 1.8655627 1.0756812 1.9497459 0.0000000 1.5310343 1.6839250 1.1927479 1.7443900 1.7926853 2.4524673 2.3189901 2.3509769 2.4378661 
yHAB158_Kazachstania_viticola               2.2871102 1.6084066 2.0328275 2.0597753 2.3993626 2.4500696 2.3773637 2.4346548 1.5768134 1.6841547 8.9999990 3.4962145 3.3567940 3.4176391 3.3804604 3.4236631 3.4189946 3.4536622 2.7890959 2.5854003 2.0101302 1.2852571 1.8502505 1.6729422 1.4026667 1.8590481 1.7840686 1.9143286 1.4229667 2.1014694 1.5310343 0.0000000 1.8293573 1.5546790 1.8468847 1.9815320 2.5854018 2.5351158 2.6089917 2.6527667 
yHAB159_Kazachstania_solicola               2.2439672 1.8239721 1.7917547 2.3433477 2.2671516 2.7121969 2.3508619 2.4050238 2.0004333 1.9753257 8.9999986 3.3172250 3.3523877 3.1638062 3.2976014 3.4267185 3.3150445 3.1688412 2.9478755 2.3381403 1.9932815 1.7278296 0.3981113 1.7501073 1.5032643 0.6083217 1.5590241 2.0750927 1.6500319 1.7586828 1.6839250 1.8293573 0.0000000 1.7976552 0.1765764 1.5855745 2.4714741 2.1893726 2.5050611 2.4455110 
yHAB160_Kazachstania_kunashirensis          2.3089023 1.5783868 1.8970496 2.1003230 2.3564694 2.5088052 2.4921044 2.5228991 1.5818405 1.6504477 8.9999984 3.3303652 3.3321351 3.2797475 3.3433587 3.3637340 3.4020985 3.2878831 2.5465051 2.3626274 1.8126984 1.4062030 1.7596051 1.0234877 1.4872581 1.7533439 1.7316843 1.9066212 1.0699589 1.9858172 1.1927479 1.5546790 1.7976552 0.0000000 1.7286362 1.7858205 2.3593446 2.4313171 2.3739185 2.3940302 
yHAB164_Kazachstania_aerobia                2.2899146 1.8591820 1.8680018 2.3881755 2.3664968 2.7207471 2.5030615 2.4680268 1.9877600 1.9263486 8.9999986 3.2570007 3.3125582 3.1305384 3.2714675 3.3991520 3.3310131 3.0980149 2.8587781 2.4128146 2.0023440 1.6882651 0.3759821 1.6912209 1.5071064 0.5831737 1.5686388 2.0403543 1.6734437 1.7520297 1.7443900 1.8468847 0.1765764 1.7286362 0.0000000 1.5703628 2.5753278 2.2048641 2.5828646 2.4362615 
yHAB166_Kazachstania_yakushimaensis         2.3462792 1.9075622 2.1174825 2.3523640 2.5604577 2.6871891 2.5726754 2.5037234 1.9428470 1.9635964 8.9999988 3.8330876 3.7512082 3.7990533 3.8429925 3.8319800 3.7488213 3.7800961 2.9137040 2.4339630 2.0045719 1.7610506 1.5243161 1.7803964 1.4861878 1.5604595 1.6563153 2.1559633 1.7536681 0.6662175 1.7926853 1.9815320 1.5855745 1.7858205 1.5703628 0.0000000 2.3863238 2.3297396 2.3178092 2.4807405 
yHMPu5000034875_Tetrapisispora_fleetii      2.6887090 2.4843486 2.8193172 2.6375754 2.7543196 3.0426168 2.8385167 2.8508996 2.3097212 2.4645311 8.9999990 4.1933617 4.0444462 4.0591132 4.1130693 4.0533910 4.0377811 4.1343136 2.9865916 0.5926679 1.7987326 2.3307262 2.5837593 2.3340974 2.2857475 2.5691532 2.4883571 2.6167446 2.3914106 2.5240655 2.4524673 2.5854018 2.4714741 2.3593446 2.5753278 2.3863238 0.0000000 0.9469943 0.2682114 2.6695132 
yHMPu5000034876_Tetrapisispora_iriomotensis 2.5708329 2.2931859 2.7655351 2.6345090 2.8546103 2.9918051 2.7791498 2.7282946 2.4580386 2.2376948 8.9999982 4.1409875 4.0481151 3.9461302 4.0438578 4.0606878 4.1734713 3.9027211 2.9144476 0.8975956 1.7149520 2.1450577 2.2916655 2.4193936 2.1249506 2.3201205 2.4411838 2.4367166 2.2504686 2.5278104 2.3189901 2.5351158 2.1893726 2.4313171 2.2048641 2.3297396 0.9469943 0.0000000 1.0012349 2.4884184 
yHMPu5000034877_Tetrapisispora_namnaonensis 2.7384939 2.4837846 2.8051415 2.6459449 2.7196331 3.0327103 2.8393210 2.8783883 2.2585044 2.4900999 8.9999980 4.1991627 4.1048963 4.1215614 4.1239687 4.0588268 4.0631897 4.0950615 3.0248358 0.5601712 1.8430166 2.3791845 2.6321738 2.3881230 2.2545822 2.5616149 2.5145262 2.5392789 2.3639588 2.5437692 2.3509769 2.6089917 2.5050611 2.3739185 2.5828646 2.3178092 0.2682114 1.0012349 0.0000000 2.7318529 
yHMPu5000035629_Yueomyces_sinensis          2.5888220 2.3222506 3.0309978 2.5411162 2.9948100 3.0555919 2.9743450 3.0504949 2.3230313 2.3312904 8.9999985 4.0378423 3.9603826 3.8714484 3.8819792 3.9538200 3.9379800 4.0005568 1.9482109 2.6446202 2.2392655 2.3349700 2.4254956 2.4846720 2.3851338 2.4060441 2.5358953 2.9207980 2.2924108 2.6062292 2.4378661 2.6527667 2.4455110 2.3940302 2.4362615 2.4807405 2.6695132 2.4884184 2.7318529 0.0000000 
