40
Candida_glabrata                            0.0000000 1.1191415 1.3227864 1.1692654 0.6968542 1.2771168 0.7838823 0.6901157 1.0577792 1.1068870 3.4298003 1.1437863 1.2068714 1.1568262 1.1855216 1.2362647 1.2231623 1.1493758 1.1800213 1.2237675 1.1623218 1.3635155 1.3782850 1.2612245 1.1129315 1.2970467 1.3736214 1.3744117 1.1207883 1.3330489 1.1118850 1.1157724 1.2838269 1.1316968 1.3277409 1.2775414 1.2644723 1.2015935 1.2698830 1.1497824 
Kazachstania_africana                       1.1191415 0.0000000 1.0881645 1.0108016 1.0939907 1.2272550 1.1065516 1.0199316 0.7738980 0.8465643 3.3720323 0.9147311 0.9314824 0.8943375 0.9289404 0.9511368 0.9487026 0.8725109 0.9394449 1.0245355 0.9959043 1.1449959 1.0704264 0.8928748 1.0145385 1.0456980 1.0325410 1.1700319 0.8231791 1.0241232 0.8871175 0.9050304 1.0226536 0.8166518 1.0569384 1.0423366 1.0807051 1.0637780 1.0644339 0.9609298 
Kazachstania_naganishii                     1.3227864 1.0881645 0.0000000 1.2352341 1.2154713 1.4087533 1.1747037 1.1967091 1.0989093 1.1590867 3.2597025 1.2169432 1.2404449 1.2261036 1.2090561 1.2145867 1.2574165 1.2046650 1.2198975 1.3598610 1.2993268 1.1858794 0.9229058 1.2368841 0.8457438 0.9163040 0.8847616 1.1332846 1.0850501 0.9725273 1.1235554 1.2071930 0.8770456 1.2031584 0.9468814 0.9144167 1.4000241 1.3976407 1.3799243 1.2506511 
Nakaseomyces_bacillisporus                  1.1692654 1.0108016 1.2352341 0.0000000 1.0145711 1.1200887 1.0554777 1.0273128 0.8915648 0.9316683 3.7586452 0.9832097 1.0128919 1.0155497 1.0318814 1.0452823 1.0188176 0.9903339 0.9979771 1.2657059 1.0847015 1.3376944 1.1511423 0.9744497 1.1334369 1.1008578 1.2278834 1.2699706 0.9655695 1.2560783 1.0088482 1.0080122 1.1175723 0.9461331 1.1540871 1.1649740 1.2088963 1.1576721 1.2033023 0.9914127 
Nakaseomyces_bracarensis                    0.6968542 1.0939907 1.2154713 1.0145711 0.0000000 1.2637313 0.4225509 0.3884948 1.0136917 1.0397810 3.4813032 1.0824035 1.0966300 1.0967687 1.0915525 1.1360167 1.0952154 1.0973292 1.1031039 1.3017470 1.1041655 1.3406242 1.3036282 1.1329318 1.1186512 1.2573017 1.2011436 1.3064984 1.0370472 1.2525014 1.0194683 1.1114885 1.2489695 1.1368796 1.3135371 1.1825767 1.3012766 1.2643767 1.3129452 1.0747317 
Nakaseomyces_castellii                      1.2771168 1.2272550 1.4087533 1.1200887 1.2637313 0.0000000 1.2233955 1.2171790 1.2034909 1.1534709 3.7237683 1.2208157 1.2410272 1.2318023 1.2394527 1.2395720 1.2729041 1.2230994 1.2109852 1.3680893 1.3178794 1.5104569 1.4217761 1.2972682 1.3941739 1.4448029 1.4116499 1.4833581 1.2098715 1.3319040 1.2752812 1.1796626 1.3683785 1.2965109 1.4680790 1.3452009 1.4005438 1.4781368 1.4209168 1.2507291 
Nakaseomyces_delphensis                     0.7838823 1.1065516 1.1747037 1.0554777 0.4225509 1.2233955 0.0000000 0.3585042 1.0606846 1.0060560 3.6293633 1.0872274 1.1235128 1.1256325 1.1095702 1.1575852 1.1130760 1.0895562 1.0932503 1.2973270 1.1082804 1.3820417 1.2734836 1.1571398 1.1766368 1.2573719 1.2314976 1.2263684 1.0735267 1.2995944 1.0648271 1.1210929 1.2165244 1.1329235 1.3012520 1.2274395 1.2765895 1.3134249 1.3492937 1.1051526 
Nakaseomyces_nivariensis                    0.6901157 1.0199316 1.1967091 1.0273128 0.3884948 1.2171790 0.3585042 0.0000000 0.9749505 0.9643434 3.6366588 1.1012460 1.1179415 1.1129115 1.1230616 1.1757706 1.1001865 1.0932874 1.0504754 1.2626386 1.1046126 1.2873063 1.2351677 1.0434653 1.1046636 1.1998993 1.2037493 1.2846369 1.0649246 1.2581763 1.0056229 1.0708563 1.1915187 1.0408943 1.2135539 1.1518136 1.2536444 1.2278618 1.3091356 1.0694716 
Naumovozyma_castellii                       1.0577792 0.7738980 1.0989093 0.8915648 1.0136917 1.2034909 1.0606846 0.9749505 0.0000000 0.5987795 3.5468048 0.8415796 0.8393107 0.8492793 0.8706720 0.8683502 0.8902415 0.8420264 0.8021444 1.0478484 0.9627372 1.0892397 0.9994555 0.8984292 0.9073361 1.0901258 0.9855927 1.2109588 0.7519521 1.0567040 0.8160675 0.8252524 1.1018041 0.8183903 1.0869424 0.9958965 1.0394825 1.0645247 1.0421471 0.8403804 
Naumovozyma_dairenensis                     1.1068870 0.8465643 1.1590867 0.9316683 1.0397810 1.1534709 1.0060560 0.9643434 0.5987795 0.0000000 3.4531775 0.8773327 0.9152126 0.9033819 0.9237144 0.9387951 0.9144856 0.9136395 0.8320000 1.0347354 0.9570502 1.1898171 1.0073854 0.9046995 1.0535584 0.9937213 1.0258991 1.2453401 0.8056948 1.0314904 0.8810019 0.8861058 1.0433030 0.8289855 1.0798314 1.0018629 1.0667497 1.1179745 1.0334460 0.8408200 
Neurospora_crassa                           3.4298003 3.3720323 3.2597025 3.7586452 3.4813032 3.7237683 3.6293633 3.6366588 3.5468048 3.4531775 0.0000000 3.5269237 3.4104485 3.4985234 3.4838078 3.4033483 3.3936690 3.4288256 3.6611066 3.6632534 3.8430049 3.4150788 3.7207296 3.4809789 3.4192315 3.4511651 3.6157870 3.5558926 3.5901487 3.8365670 3.5835723 3.7183437 3.4907069 3.6951848 3.4898178 3.7016598 3.8022160 3.9609689 3.9235863 3.8287866 
Saccharomyces_arboricola                    1.1437863 0.9147311 1.2169432 0.9832097 1.0824035 1.2208157 1.0872274 1.1012460 0.8415796 0.8773327 3.5269237 0.0000000 0.3245555 0.2734576 0.2585805 0.3137584 0.3151499 0.2763652 0.8851437 1.0475004 1.0254944 1.1678330 1.0808519 1.0053399 1.0351851 1.0880424 1.0889291 1.2227047 0.8645331 1.0798664 0.8994578 0.9074078 1.0641665 0.8989736 1.0810901 1.0735897 1.0913474 1.0611278 1.1325511 0.8922157 
Saccharomyces_cerevisiae                    1.2068714 0.9314824 1.2404449 1.0128919 1.0966300 1.2410272 1.1235128 1.1179415 0.8393107 0.9152126 3.4104485 0.3245555 0.0000000 0.3327799 0.3186339 0.2684507 0.1512205 0.3359271 0.9363178 1.0894278 1.0854891 1.1538307 1.1497854 1.0143011 1.0726229 1.1612870 1.1380648 1.2588108 0.9004034 1.0784292 0.9528490 0.9570762 1.1776107 0.9670390 1.1715978 1.1041022 1.1354999 1.1167933 1.1710089 0.9524448 
Saccharomyces_eubayanus                     1.1568262 0.8943375 1.2261036 1.0155497 1.0967687 1.2318023 1.1256325 1.1129115 0.8492793 0.9033819 3.4985234 0.2734576 0.3327799 0.0000000 0.2821436 0.3120112 0.3128716 0.0915572 0.9268423 1.0654165 1.0603597 1.1197985 1.1463952 1.0195433 1.0347817 1.1154562 1.1384010 1.2411326 0.8881200 1.0261371 0.9550919 0.9856997 1.1492874 0.9658991 1.1716476 1.0801891 1.1322237 1.0963894 1.1514674 0.9559519 
Saccharomyces_kudriavzevii                  1.1855216 0.9289404 1.2090561 1.0318814 1.0915525 1.2394527 1.1095702 1.1230616 0.8706720 0.9237144 3.4838078 0.2585805 0.3186339 0.2821436 0.0000000 0.3094721 0.2951952 0.2783041 0.9228177 1.1332363 1.0175489 1.1943403 1.1554109 1.0472288 1.0683983 1.1389860 1.1248285 1.2615646 0.9128433 1.0642824 0.9564798 0.9726924 1.1436576 0.9729853 1.1699632 1.0917904 1.1674144 1.1408206 1.1982402 0.9505252 
Saccharomyces_mikatae                       1.2362647 0.9511368 1.2145867 1.0452823 1.1360167 1.2395720 1.1575852 1.1757706 0.8683502 0.9387951 3.4033483 0.3137584 0.2684507 0.3120112 0.3094721 0.0000000 0.2424687 0.3237329 0.9544463 1.1406945 1.0814354 1.1770637 1.1613454 1.0342729 1.0848677 1.1702759 1.1316803 1.2673151 0.9354742 1.0939626 0.9707379 1.0356359 1.1533758 0.9694357 1.1875426 1.0990029 1.1828053 1.1659072 1.1860647 0.9748257 
Saccharomyces_paradoxus                     1.2231623 0.9487026 1.2574165 1.0188176 1.0952154 1.2729041 1.1130760 1.1001865 0.8902415 0.9144856 3.3936690 0.3151499 0.1512205 0.3128716 0.2951952 0.2424687 0.0000000 0.3200515 0.9521077 1.1285119 1.0693339 1.1994490 1.1479465 1.0371660 1.0943678 1.1705517 1.1189386 1.2473760 0.8862496 1.1058266 0.9372021 1.0121324 1.1785033 0.9982011 1.1825291 1.1083444 1.1374935 1.1446357 1.1888922 0.9627418 
Saccharomyces_uvarum                        1.1493758 0.8725109 1.2046650 0.9903339 1.0973292 1.2230994 1.0895562 1.0932874 0.8420264 0.9136395 3.4288256 0.2763652 0.3359271 0.0915572 0.2783041 0.3237329 0.3200515 0.0000000 0.9202850 1.0739169 1.0489522 1.1109092 1.1139653 0.9997315 1.0156353 1.1055722 1.1255829 1.2458923 0.8639459 1.0210473 0.9410880 0.9825167 1.1201233 0.9438859 1.1425911 1.0689791 1.1227050 1.1157799 1.1210445 0.9522498 
Tetrapisispora_blattae                      1.1800213 0.9394449 1.2198975 0.9979771 1.1031039 1.2109852 1.0932503 1.0504754 0.8021444 0.8320000 3.6611066 0.8851437 0.9363178 0.9268423 0.9228177 0.9544463 0.9521077 0.9202850 0.0000000 1.0494780 0.8899540 1.2156751 0.9828099 0.8819927 1.0041933 1.0121612 1.0984165 1.3903175 0.8572828 1.1033300 0.8743961 0.9436773 1.0075035 0.8425855 1.0238510 1.0416714 1.0210096 1.0189975 1.0208336 0.5885576 
Tetrapisispora_phaffii                      1.2237675 1.0245355 1.3598610 1.2657059 1.3017470 1.3680893 1.2973270 1.2626386 1.0478484 1.0347354 3.6632534 1.0475004 1.0894278 1.0654165 1.1332363 1.1406945 1.1285119 1.0739169 1.0494780 0.0000000 0.9935176 1.3475558 1.1227348 1.1032143 1.2075333 1.1560342 1.2295608 1.4602579 1.0439694 1.1858302 1.0587018 1.0293225 1.2038137 1.0546258 1.2114775 1.1593054 0.3773841 0.5364145 0.4003989 1.0120773 
Vanderwaltozyma_polyspora                   1.1623218 0.9959043 1.2993268 1.0847015 1.1041655 1.3178794 1.1082804 1.1046126 0.9627372 0.9570502 3.8430049 1.0254944 1.0854891 1.0603597 1.0175489 1.0814354 1.0693339 1.0489522 0.8899540 0.9935176 0.0000000 1.2309567 1.1723229 1.0167773 1.0684622 1.1646338 1.1640023 1.3108824 1.0009726 1.1186741 1.0285976 0.9699705 1.2190093 0.9559510 1.2366152 1.0730055 0.9454215 0.9763506 0.9339547 0.8433186 
yHAB132_Kazachstania_martiniae              1.3635155 1.1449959 1.1858794 1.3376944 1.3406242 1.5104569 1.3820417 1.2873063 1.0892397 1.1898171 3.4150788 1.1678330 1.1538307 1.1197985 1.1943403 1.1770637 1.1994490 1.1109092 1.2156751 1.3475558 1.2309567 0.0000000 1.1013219 1.1870301 1.0831904 1.1427730 1.1004375 1.2397560 1.1380787 1.1624813 1.1409207 1.1102744 1.1601266 1.1926653 1.1381264 1.1608230 1.3698112 1.3757966 1.3782599 1.1152428 
yHAB133_Kazachstania_unispora               1.3782850 1.0704264 0.9229058 1.1511423 1.3036282 1.4217761 1.2734836 1.2351677 0.9994555 1.0073854 3.7207296 1.0808519 1.1497854 1.1463952 1.1554109 1.1613454 1.1479465 1.1139653 0.9828099 1.1227348 1.1723229 1.1013219 0.0000000 0.9551044 0.7478034 0.4005462 0.7642513 1.1068312 0.9397612 0.7322257 0.9905548 1.0341800 0.3269913 0.9330312 0.3266895 0.6828163 1.1240250 1.1402482 1.1200925 0.9720070 
yHAB134_Kazachstania_turicensis             1.2612245 0.8928748 1.2368841 0.9744497 1.1329318 1.2972682 1.1571398 1.0434653 0.8984292 0.9046995 3.4809789 1.0053399 1.0143011 1.0195433 1.0472288 1.0342729 1.0371660 0.9997315 0.8819927 1.1032143 1.0167773 1.1870301 0.9551044 0.0000000 1.0831510 0.9862272 1.1197497 1.2800840 0.7511856 1.0748050 0.8060040 0.8614802 1.0268366 0.5704823 1.0335883 1.0342506 1.0292555 1.0871848 1.0627689 0.8851352 
yHAB136_Kazachstania_bromeliacearum         1.1129315 1.0145385 0.8457438 1.1334369 1.1186512 1.3941739 1.1766368 1.1046636 0.9073361 1.0535584 3.4192315 1.0351851 1.0726229 1.0347817 1.0683983 1.0848677 1.0943678 1.0156353 1.0041933 1.2075333 1.0684622 1.0831904 0.7478034 1.0831510 0.0000000 0.7572096 0.7468152 1.0275812 1.0187651 0.7890143 0.9625305 0.9909663 0.7956981 0.9859630 0.7584471 0.6886304 1.2046769 1.1598670 1.1903046 0.9941492 
yHAB143_Kazachstania_siamensis              1.2970467 1.0456980 0.9163040 1.1008578 1.2573017 1.4448029 1.2573719 1.1998993 1.0901258 0.9937213 3.4511651 1.0880424 1.1612870 1.1154562 1.1389860 1.1702759 1.1705517 1.1055722 1.0121612 1.1560342 1.1646338 1.1427730 0.4005462 0.9862272 0.7572096 0.0000000 0.7585384 1.1380481 0.9684834 0.7202610 0.9945922 1.0206935 0.4420806 1.0017115 0.4325042 0.7506355 1.1248490 1.1868090 1.1343625 1.0762821 
yHAB147_Kazachstania_taianensis             1.3736214 1.0325410 0.8847616 1.2278834 1.2011436 1.4116499 1.2314976 1.2037493 0.9855927 1.0258991 3.6157870 1.0889291 1.1380648 1.1384010 1.1248285 1.1316803 1.1189386 1.1255829 1.0984165 1.2295608 1.1640023 1.1004375 0.7642513 1.1197497 0.7468152 0.7585384 0.0000000 1.1204837 1.0205701 0.8325230 0.9535817 1.0568920 0.8002529 1.0460781 0.7913828 0.7665061 1.2703179 1.2762082 1.2488308 1.1202181 
yHAB148_Kazachstania_intestinalis           1.3744117 1.1700319 1.1332846 1.2699706 1.3064984 1.4833581 1.2263684 1.2846369 1.2109588 1.2453401 3.5558926 1.2227047 1.2588108 1.2411326 1.2615646 1.2673151 1.2473760 1.2458923 1.3903175 1.4602579 1.3108824 1.2397560 1.1068312 1.2800840 1.0275812 1.1380481 1.1204837 0.0000000 1.1871502 1.1856695 1.1561148 1.2928124 1.0769698 1.2664338 1.1390684 1.1532486 1.3805492 1.4736686 1.4938717 1.3513907 
yHAB153_Kazachstania_rosinii                1.1207883 0.8231791 1.0850501 0.9655695 1.0370472 1.2098715 1.0735267 1.0649246 0.7519521 0.8056948 3.5901487 0.8645331 0.9004034 0.8881200 0.9128433 0.9354742 0.8862496 0.8639459 0.8572828 1.0439694 1.0009726 1.1380787 0.9397612 0.7511856 1.0187651 0.9684834 1.0205701 1.1871502 0.0000000 1.0215172 0.6952404 0.8681367 0.9901699 0.7004481 0.9950131 1.0437527 1.0097540 1.0770342 1.0861110 0.9186731 
yHAB154_Kazachstania_transvaalensis         1.3330489 1.0241232 0.9725273 1.2560783 1.2525014 1.3319040 1.2995944 1.2581763 1.0567040 1.0314904 3.8365670 1.0798664 1.0784292 1.0261371 1.0642824 1.0939626 1.1058266 1.0210473 1.1033300 1.1858302 1.1186741 1.1624813 0.7322257 1.0748050 0.7890143 0.7202610 0.8325230 1.1856695 1.0215172 0.0000000 1.0542406 1.0371028 0.7625756 0.9576414 0.7519255 0.3574583 1.1881509 1.2241629 1.2322635 1.1150396 
yHAB155_Kazachstania_spencerorum            1.1118850 0.8871175 1.1235554 1.0088482 1.0194683 1.2752812 1.0648271 1.0056229 0.8160675 0.8810019 3.5835723 0.8994578 0.9528490 0.9550919 0.9564798 0.9707379 0.9372021 0.9410880 0.8743961 1.0587018 1.0285976 1.1409207 0.9905548 0.8060040 0.9625305 0.9945922 0.9535817 1.1561148 0.6952404 1.0542406 0.0000000 0.8547464 1.0082978 0.7370784 1.0344928 0.9888919 1.0939031 1.0666745 1.0961437 0.8867026 
yHAB158_Kazachstania_viticola               1.1157724 0.9050304 1.2071930 1.0080122 1.1114885 1.1796626 1.1210929 1.0708563 0.8252524 0.8861058 3.7183437 0.9074078 0.9570762 0.9856997 0.9726924 1.0356359 1.0121324 0.9825167 0.9436773 1.0293225 0.9699705 1.1102744 1.0341800 0.8614802 0.9909663 1.0206935 1.0568920 1.2928124 0.8681367 1.0371028 0.8547464 0.0000000 1.0304148 0.8697667 1.0522235 0.9733748 1.0335293 1.0634463 1.0175012 0.9540089 
yHAB159_Kazachstania_solicola               1.2838269 1.0226536 0.8770456 1.1175723 1.2489695 1.3683785 1.2165244 1.1915187 1.1018041 1.0433030 3.4907069 1.0641665 1.1776107 1.1492874 1.1436576 1.1533758 1.1785033 1.1201233 1.0075035 1.2038137 1.2190093 1.1601266 0.3269913 1.0268366 0.7956981 0.4420806 0.8002529 1.0769698 0.9901699 0.7625756 1.0082978 1.0304148 0.0000000 0.9828813 0.1699020 0.7025712 1.1661429 1.1940035 1.1492779 1.0622921 
yHAB160_Kazachstania_kunashirensis          1.1316968 0.8166518 1.2031584 0.9461331 1.1368796 1.2965109 1.1329235 1.0408943 0.8183903 0.8289855 3.6951848 0.8989736 0.9670390 0.9658991 0.9729853 0.9694357 0.9982011 0.9438859 0.8425855 1.0546258 0.9559510 1.1926653 0.9330312 0.5704823 0.9859630 1.0017115 1.0460781 1.2664338 0.7004481 0.9576414 0.7370784 0.8697667 0.9828813 0.0000000 0.9884159 0.9354509 0.9809758 1.0215759 1.0612308 0.8692632 
yHAB164_Kazachstania_aerobia                1.3277409 1.0569384 0.9468814 1.1540871 1.3135371 1.4680790 1.3012520 1.2135539 1.0869424 1.0798314 3.4898178 1.0810901 1.1715978 1.1716476 1.1699632 1.1875426 1.1825291 1.1425911 1.0238510 1.2114775 1.2366152 1.1381264 0.3266895 1.0335883 0.7584471 0.4325042 0.7913828 1.1390684 0.9950131 0.7519255 1.0344928 1.0522235 0.1699020 0.9884159 0.0000000 0.7226545 1.1871454 1.2283763 1.2048302 1.0481500 
yHAB166_Kazachstania_yakushimaensis         1.2775414 1.0423366 0.9144167 1.1649740 1.1825767 1.3452009 1.2274395 1.1518136 0.9958965 1.0018629 3.7016598 1.0735897 1.1041022 1.0801891 1.0917904 1.0990029 1.1083444 1.0689791 1.0416714 1.1593054 1.0730055 1.1608230 0.6828163 1.0342506 0.6886304 0.7506355 0.7665061 1.1532486 1.0437527 0.3574583 0.9888919 0.9733748 0.7025712 0.9354509 0.7226545 0.0000000 1.1862944 1.1437293 1.1785513 1.0424521 
yHMPu5000034875_Tetrapisispora_fleetii      1.2644723 1.0807051 1.4000241 1.2088963 1.3012766 1.4005438 1.2765895 1.2536444 1.0394825 1.0667497 3.8022160 1.0913474 1.1354999 1.1322237 1.1674144 1.1828053 1.1374935 1.1227050 1.0210096 0.3773841 0.9454215 1.3698112 1.1240250 1.0292555 1.2046769 1.1248490 1.2703179 1.3805492 1.0097540 1.1881509 1.0939031 1.0335293 1.1661429 0.9809758 1.1871454 1.1862944 0.0000000 0.5867057 0.2428224 0.9541312 
yHMPu5000034876_Tetrapisispora_iriomotensis 1.2015935 1.0637780 1.3976407 1.1576721 1.2643767 1.4781368 1.3134249 1.2278618 1.0645247 1.1179745 3.9609689 1.0611278 1.1167933 1.0963894 1.1408206 1.1659072 1.1446357 1.1157799 1.0189975 0.5364145 0.9763506 1.3757966 1.1402482 1.0871848 1.1598670 1.1868090 1.2762082 1.4736686 1.0770342 1.2241629 1.0666745 1.0634463 1.1940035 1.0215759 1.2283763 1.1437293 0.5867057 0.0000000 0.5965592 0.9963856 
yHMPu5000034877_Tetrapisispora_namnaonensis 1.2698830 1.0644339 1.3799243 1.2033023 1.3129452 1.4209168 1.3492937 1.3091356 1.0421471 1.0334460 3.9235863 1.1325511 1.1710089 1.1514674 1.1982402 1.1860647 1.1888922 1.1210445 1.0208336 0.4003989 0.9339547 1.3782599 1.1200925 1.0627689 1.1903046 1.1343625 1.2488308 1.4938717 1.0861110 1.2322635 1.0961437 1.0175012 1.1492779 1.0612308 1.2048302 1.1785513 0.2428224 0.5965592 0.0000000 0.9811189 
yHMPu5000035629_Yueomyces_sinensis          1.1497824 0.9609298 1.2506511 0.9914127 1.0747317 1.2507291 1.1051526 1.0694716 0.8403804 0.8408200 3.8287866 0.8922157 0.9524448 0.9559519 0.9505252 0.9748257 0.9627418 0.9522498 0.5885576 1.0120773 0.8433186 1.1152428 0.9720070 0.8851352 0.9941492 1.0762821 1.1202181 1.3513907 0.9186731 1.1150396 0.8867026 0.9540089 1.0622921 0.8692632 1.0481500 1.0424521 0.9541312 0.9963856 0.9811189 0.0000000 
