40
Candida_glabrata                            0.0000000 1.3490462 1.6266762 1.4760214 0.8259811 1.4150713 0.8160199 0.7470546 1.3803437 1.2676457 4.3569383 1.2442009 1.2156775 1.2187584 1.3399914 1.2398696 1.1829198 1.2009225 1.3519003 1.3470680 1.1631290 1.2137434 1.1592140 1.2215878 1.3160834 1.2743676 1.7657870 1.5652792 1.2670694 1.4375588 1.3018264 1.5791284 1.2734574 1.2965328 1.2921651 1.4195300 1.4312789 1.2931986 1.4304666 1.3900793 
Kazachstania_africana                       1.3490462 0.0000000 1.2754105 1.4201279 1.1810605 1.5983333 1.2237662 1.1526132 1.2167821 1.1699300 4.5725226 1.2376832 1.1567698 1.1811175 1.2960951 1.1999186 1.1768668 1.2380473 1.4090707 1.2004960 1.0373249 0.9283555 1.0061463 1.0614941 1.0239075 0.9925007 1.6698181 1.4154433 0.9521845 1.1073958 1.0100808 1.1098073 0.9930471 0.9536508 1.0101589 0.9543138 1.2337941 1.1497552 1.2239121 1.3014841 
Kazachstania_naganishii                     1.6266762 1.2754105 0.0000000 1.6339336 1.5491295 1.6176163 1.5662009 1.5102964 1.5068536 1.4502918 4.7105825 1.3327617 1.3561311 1.3508737 1.3879043 1.3407410 1.3180466 1.3519041 1.6810312 1.4294550 1.3493020 1.0867141 1.1087595 1.3827494 1.0352595 1.1666778 1.2648826 1.2864556 1.2231782 1.1886326 1.3805101 1.6742077 1.0804700 1.3914495 1.1456017 1.2145153 1.4773337 1.4129095 1.5388920 1.7188068 
Nakaseomyces_bacillisporus                  1.4760214 1.4201279 1.6339336 0.0000000 1.4940967 1.2897964 1.4581786 1.3465092 1.3593896 1.1292037 4.7819506 1.3122259 1.3204704 1.3221019 1.3965646 1.2998040 1.2906481 1.3237926 1.2787276 1.3006431 1.1965965 1.2929203 1.2194711 1.3351016 1.2705615 1.1737668 1.9327877 1.6605780 1.3453890 1.4148454 1.4089409 1.4259541 1.2754812 1.3249551 1.2276334 1.3498369 1.2896325 1.2400698 1.2958377 1.3299008 
Nakaseomyces_bracarensis                    0.8259811 1.1810605 1.5491295 1.4940967 0.0000000 1.3109068 0.6388951 0.5148201 1.3379264 1.3581058 4.2828066 1.2446283 1.2412092 1.2022993 1.3591608 1.3134549 1.2658434 1.2202051 1.4255044 1.3131329 1.1781968 1.1340897 1.2959915 1.2291682 1.3864209 1.2859271 1.7119855 1.5034320 1.2536557 1.3987376 1.2620834 1.4572720 1.2805970 1.2293575 1.3610596 1.4630876 1.3534379 1.2295946 1.4204980 1.4384416 
Nakaseomyces_castellii                      1.4150713 1.5983333 1.6176163 1.2897964 1.3109068 0.0000000 1.3537275 1.3333340 1.5895658 1.4570042 5.0046614 1.4682608 1.4623242 1.4463602 1.5364085 1.4646329 1.4815279 1.3838462 1.6603207 1.5266100 1.3958993 1.3768003 1.5554705 1.5993041 1.4946193 1.5992921 1.9058419 1.8194358 1.5226269 1.4636690 1.5893234 1.8358789 1.6104183 1.5907373 1.6401622 1.5072977 1.5986973 1.4202908 1.5863346 1.7056317 
Nakaseomyces_delphensis                     0.8160199 1.2237662 1.5662009 1.4581786 0.6388951 1.3537275 0.0000000 0.5029139 1.3486889 1.2799221 3.9911878 1.2948999 1.2195452 1.2537481 1.3950121 1.2985541 1.2220508 1.2427781 1.3941476 1.2720363 1.1798625 1.2064744 1.2510938 1.2715479 1.3973105 1.2391115 1.8048256 1.4604097 1.2169541 1.3639914 1.2402307 1.4430630 1.2740419 1.2444603 1.3109197 1.3524399 1.3714009 1.2250420 1.3444990 1.3592358 
Nakaseomyces_nivariensis                    0.7470546 1.1526132 1.5102964 1.3465092 0.5148201 1.3333340 0.5029139 0.0000000 1.2177751 1.2241888 3.9549091 1.1414912 1.1390901 1.1566723 1.2248337 1.1825123 1.1136732 1.1452288 1.3940247 1.1958177 1.0883359 1.0744829 1.1400001 1.0781971 1.2318628 1.1436131 1.7363133 1.5335168 1.2308201 1.2361563 1.1985690 1.3225149 1.1415224 1.1032471 1.2074544 1.2605212 1.2621149 1.1076245 1.2945191 1.2852929 
Naumovozyma_castellii                       1.3803437 1.2167821 1.5068536 1.3593896 1.3379264 1.5895658 1.3486889 1.2177751 0.0000000 0.8540274 4.3947102 1.2399649 1.1531861 1.2697992 1.2981905 1.1748960 1.1534954 1.2638225 1.2986184 1.3116423 1.1745953 1.1129426 1.1828651 1.1662035 1.2221677 1.1619113 1.7303075 1.5858521 1.1684047 1.3843188 1.1958345 1.3076231 1.2226648 1.1729504 1.2409396 1.3421702 1.3163998 1.1845309 1.3544786 1.2403171 
Naumovozyma_dairenensis                     1.2676457 1.1699300 1.4502918 1.1292037 1.3581058 1.4570042 1.2799221 1.2241888 0.8540274 0.0000000 4.4373492 1.1326417 1.1570363 1.1113321 1.2141768 1.1747368 1.1526946 1.1426278 1.1875214 1.1660079 1.0265006 1.0159214 1.0720989 1.1006821 1.0950851 1.0399998 1.7168133 1.4048874 1.0916934 1.3211348 1.1158382 1.2012792 1.1350912 1.1018320 1.0675800 1.3440058 1.1714650 1.2119238 1.1758655 1.2264325 
Neurospora_crassa                           4.3569383 4.5725226 4.7105825 4.7819506 4.2828066 5.0046614 3.9911878 3.9549091 4.3947102 4.4373492 0.0000000 4.5197364 4.3698982 4.5147529 5.1397623 4.5878948 4.6214574 4.5259001 4.3471105 4.2192328 4.3289049 4.3616634 4.5295769 4.2759488 4.8280091 4.7570289 4.3750894 4.7600488 4.4445409 4.6502589 4.1691479 4.8581568 4.1633416 4.7528312 4.3065986 4.7421943 4.6024023 4.6113732 4.5600751 4.4866328 
Saccharomyces_arboricola                    1.2442009 1.2376832 1.3327617 1.3122259 1.2446283 1.4682608 1.2948999 1.1414912 1.2399649 1.1326417 4.5197364 0.0000000 0.3205971 0.2985025 0.3383503 0.3249385 0.3430681 0.2970264 1.3692429 1.1768713 1.0901512 1.1101971 1.1060030 1.1673162 1.2049189 1.2503969 1.6046245 1.5159517 1.2638066 1.2579532 1.3675359 1.5582205 1.1058042 1.2193781 1.1338805 1.2778931 1.1389701 1.2159804 1.2085127 1.3658774 
Saccharomyces_cerevisiae                    1.2156775 1.1567698 1.3561311 1.3204704 1.2412092 1.4623242 1.2195452 1.1390901 1.1531861 1.1570363 4.3698982 0.3205971 0.0000000 0.3148521 0.3299983 0.2374881 0.1432652 0.3190378 1.2633330 1.1961779 1.1404817 1.1464353 1.1086056 1.1432471 1.1804064 1.1892126 1.6740387 1.5155315 1.1744677 1.1801221 1.2926081 1.4927560 1.0930827 1.1047520 1.0738208 1.2225762 1.1268117 1.2096490 1.2263854 1.3627615 
Saccharomyces_eubayanus                     1.2187584 1.1811175 1.3508737 1.3221019 1.2022993 1.4463602 1.2537481 1.1566723 1.2697992 1.1113321 4.5147529 0.2985025 0.3148521 0.0000000 0.3365250 0.3245425 0.3245573 0.0894029 1.3227512 1.2025969 1.1197555 1.1433786 1.1196091 1.1523668 1.1957844 1.2170861 1.6075184 1.4997279 1.1624644 1.1831091 1.3346251 1.5134174 1.1054849 1.1603989 1.0681447 1.2344325 1.1862803 1.2777904 1.2036570 1.4078276 
Saccharomyces_kudriavzevii                  1.3399914 1.2960951 1.3879043 1.3965646 1.3591608 1.5364085 1.3950121 1.2248337 1.2981905 1.2141768 5.1397623 0.3383503 0.3299983 0.3365250 0.0000000 0.3360194 0.3424768 0.3227155 1.3662262 1.2819410 1.2131674 1.2123087 1.2400997 1.1911658 1.3029569 1.3278640 1.7610655 1.5545001 1.3039662 1.2695000 1.4082062 1.6820438 1.2280091 1.2936185 1.2246322 1.3206883 1.2440500 1.3383798 1.2522306 1.4174767 
Saccharomyces_mikatae                       1.2398696 1.1999186 1.3407410 1.2998040 1.3134549 1.4646329 1.2985541 1.1825123 1.1748960 1.1747368 4.5878948 0.3249385 0.2374881 0.3245425 0.3360194 0.0000000 0.2228999 0.3087762 1.3665957 1.2090333 1.1648328 1.1902091 1.1315474 1.1585043 1.2097209 1.1875874 1.6679870 1.4954552 1.2051059 1.2499056 1.3232668 1.5445281 1.1377791 1.2033179 1.1370012 1.2703299 1.1645167 1.1975893 1.1723810 1.3575923 
Saccharomyces_paradoxus                     1.1829198 1.1768668 1.3180466 1.2906481 1.2658434 1.4815279 1.2220508 1.1136732 1.1534954 1.1526946 4.6214574 0.3430681 0.1432652 0.3245573 0.3424768 0.2228999 0.0000000 0.3168078 1.3120694 1.1788695 1.1828461 1.1506528 1.1333926 1.1630886 1.1914354 1.1899054 1.6411878 1.5061762 1.2241452 1.2496060 1.3330651 1.5234199 1.1351374 1.1699645 1.1082688 1.2317406 1.1293940 1.2158575 1.1703015 1.3579515 
Saccharomyces_uvarum                        1.2009225 1.2380473 1.3519041 1.3237926 1.2202051 1.3838462 1.2427781 1.1452288 1.2638225 1.1426278 4.5259001 0.2970264 0.3190378 0.0894029 0.3227155 0.3087762 0.3168078 0.0000000 1.3455309 1.2410040 1.0989697 1.1331204 1.1255608 1.1286315 1.2034754 1.2505127 1.5858078 1.5275856 1.2042292 1.1868195 1.3238333 1.5418470 1.0984930 1.1591814 1.0851209 1.2589071 1.1862180 1.2803210 1.2148952 1.4143743 
Tetrapisispora_blattae                      1.3519003 1.4090707 1.6810312 1.2787276 1.4255044 1.6603207 1.3941476 1.3940247 1.2986184 1.1875214 4.3471105 1.3692429 1.2633330 1.3227512 1.3662262 1.3665957 1.3120694 1.3455309 0.0000000 1.1847391 1.0735774 1.1996175 1.1702586 1.2929883 1.2601041 1.2027451 2.0233557 1.5622209 1.3400466 1.3989825 1.3081666 1.4694756 1.1907439 1.4047183 1.1794349 1.3512031 1.1302848 1.1176345 1.1505406 0.9607891 
Tetrapisispora_phaffii                      1.3470680 1.2004960 1.4294550 1.3006431 1.3131329 1.5266100 1.2720363 1.1958177 1.3116423 1.1660079 4.2192328 1.1768713 1.1961779 1.2025969 1.2819410 1.2090333 1.1788695 1.2410040 1.1847391 0.0000000 0.8102704 1.0609822 1.1211073 1.1847097 1.0820821 1.1541124 1.7126974 1.4960688 1.2026827 1.2651857 1.2217442 1.3167099 1.0843897 1.1328806 1.0840182 1.1979791 0.4233219 0.5260144 0.4546319 1.1654591 
Vanderwaltozyma_polyspora                   1.1631290 1.0373249 1.3493020 1.1965965 1.1781968 1.3958993 1.1798625 1.0883359 1.1745953 1.0265006 4.3289049 1.0901512 1.1404817 1.1197555 1.2131674 1.1648328 1.1828461 1.0989697 1.0735774 0.8102704 0.0000000 0.8846868 0.9670854 1.0347982 1.0426472 1.0134699 1.6940021 1.2784778 1.0847717 1.1994949 1.1537326 1.1922290 1.0009960 1.0306207 0.9779294 1.1090873 0.8321442 0.8438980 0.8373594 1.1368730 
yHAB132_Kazachstania_martiniae              1.2137434 0.9283555 1.0867141 1.2929203 1.1340897 1.3768003 1.2064744 1.0744829 1.1129426 1.0159214 4.3616634 1.1101971 1.1464353 1.1433786 1.2123087 1.1902091 1.1506528 1.1331204 1.1996175 1.0609822 0.8846868 0.0000000 0.8477555 0.8878966 0.8441096 0.9108403 1.4063022 1.1908746 0.9218906 1.0039056 1.0070749 1.1181731 0.8533808 0.8746693 0.8605818 0.8817229 1.0544412 1.1447963 1.1306313 1.0919652 
yHAB133_Kazachstania_unispora               1.1592140 1.0061463 1.1087595 1.2194711 1.2959915 1.5554705 1.2510938 1.1400001 1.1828651 1.0720989 4.5295769 1.1060030 1.1086056 1.1196091 1.2400997 1.1315474 1.1333926 1.1255608 1.1702586 1.1211073 0.9670854 0.8477555 0.0000000 0.9783731 0.7005954 0.3190627 1.3359456 1.2970798 1.0217709 0.9729028 1.0832799 1.1574937 0.2289793 0.9784222 0.2485044 0.8974870 1.1175991 1.0884883 1.1994162 1.1993142 
yHAB134_Kazachstania_turicensis             1.2215878 1.0614941 1.3827494 1.3351016 1.2291682 1.5993041 1.2715479 1.0781971 1.1662035 1.1006821 4.2759488 1.1673162 1.1432471 1.1523668 1.1911658 1.1585043 1.1630886 1.1286315 1.2929883 1.1847097 1.0347982 0.8878966 0.9783731 0.0000000 1.0555948 1.0083471 1.6640521 1.4760572 0.8659829 1.1369638 0.8313401 1.1339027 0.9752459 0.6036559 0.9915966 1.0562478 1.1836737 1.1437796 1.2693374 1.2206609 
yHAB136_Kazachstania_bromeliacearum         1.3160834 1.0239075 1.0352595 1.2705615 1.3864209 1.4946193 1.3973105 1.2318628 1.2221677 1.0950851 4.8280091 1.2049189 1.1804064 1.1957844 1.3029569 1.2097209 1.1914354 1.2034754 1.2601041 1.0820821 1.0426472 0.8441096 0.7005954 1.0555948 0.0000000 0.7030994 1.4335538 1.2058233 1.0063710 0.9375966 1.1189867 1.3500090 0.7131114 1.0305841 0.7364153 0.8476889 1.1443202 1.1045729 1.2202007 1.2122937 
yHAB143_Kazachstania_siamensis              1.2743676 0.9925007 1.1666778 1.1737668 1.2859271 1.5992921 1.2391115 1.1436131 1.1619113 1.0399998 4.7570289 1.2503969 1.1892126 1.2170861 1.3278640 1.1875874 1.1899054 1.2505127 1.2027451 1.1541124 1.0134699 0.9108403 0.3190627 1.0083471 0.7030994 0.0000000 1.3043633 1.2335295 1.0492852 0.9559446 1.0727679 1.1572598 0.3469483 0.9550098 0.3545635 0.8561414 1.1488721 1.0820978 1.2136886 1.2751927 
yHAB147_Kazachstania_taianensis             1.7657870 1.6698181 1.2648826 1.9327877 1.7119855 1.9058419 1.8048256 1.7363133 1.7303075 1.7168133 4.3750894 1.6046245 1.6740387 1.6075184 1.7610655 1.6679870 1.6411878 1.5858078 2.0233557 1.7126974 1.6940021 1.4063022 1.3359456 1.6640521 1.4335538 1.3043633 0.0000000 1.6432527 1.5288789 1.5394687 1.6652202 1.8928989 1.2668376 1.6332377 1.2888373 1.5015810 1.8662510 1.7342786 1.8897304 1.9768956 
yHAB148_Kazachstania_intestinalis           1.5652792 1.4154433 1.2864556 1.6605780 1.5034320 1.8194358 1.4604097 1.5335168 1.5858521 1.4048874 4.7600488 1.5159517 1.5155315 1.4997279 1.5545001 1.4954552 1.5061762 1.5275856 1.5622209 1.4960688 1.2784778 1.1908746 1.2970798 1.4760572 1.2058233 1.2335295 1.6432527 0.0000000 1.3463063 1.3448010 1.4550478 1.6350656 1.2412637 1.3636480 1.2436983 1.3579273 1.5494015 1.5207879 1.5665812 1.7655708 
yHAB153_Kazachstania_rosinii                1.2670694 0.9521845 1.2231782 1.3453890 1.2536557 1.5226269 1.2169541 1.2308201 1.1684047 1.0916934 4.4445409 1.2638066 1.1744677 1.1624644 1.3039662 1.2051059 1.2241452 1.2042292 1.3400466 1.2026827 1.0847717 0.9218906 1.0217709 0.8659829 1.0063710 1.0492852 1.5288789 1.3463063 0.0000000 1.1866163 0.7646322 1.0838107 1.0132729 0.7715706 1.0356949 1.1051179 1.1794592 1.1254417 1.2527805 1.3194523 
yHAB154_Kazachstania_transvaalensis         1.4375588 1.1073958 1.1886326 1.4148454 1.3987376 1.4636690 1.3639914 1.2361563 1.3843188 1.3211348 4.6502589 1.2579532 1.1801221 1.1831091 1.2695000 1.2499056 1.2496060 1.1868195 1.3989825 1.2651857 1.1994949 1.0039056 0.9729028 1.1369638 0.9375966 0.9559446 1.5394687 1.3448010 1.1866163 0.0000000 1.0343193 1.3643395 0.9519703 1.1613638 0.9769069 0.3477073 1.3252092 1.2518453 1.3101784 1.3789691 
yHAB155_Kazachstania_spencerorum            1.3018264 1.0100808 1.3805101 1.4089409 1.2620834 1.5893234 1.2402307 1.1985690 1.1958345 1.1158382 4.1691479 1.3675359 1.2926081 1.3346251 1.4082062 1.3232668 1.3330651 1.3238333 1.3081666 1.2217442 1.1537326 1.0070749 1.0832799 0.8313401 1.1189867 1.0727679 1.6652202 1.4550478 0.7646322 1.0343193 0.0000000 1.0616278 1.0529909 0.8003382 1.0547420 1.0310936 1.2901570 1.2050818 1.3072490 1.2688858 
yHAB158_Kazachstania_viticola               1.5791284 1.1098073 1.6742077 1.4259541 1.4572720 1.8358789 1.4430630 1.3225149 1.3076231 1.2012792 4.8581568 1.5582205 1.4927560 1.5134174 1.6820438 1.5445281 1.5234199 1.5418470 1.4694756 1.3167099 1.1922290 1.1181731 1.1574937 1.1339027 1.3500090 1.1572598 1.8928989 1.6350656 1.0838107 1.3643395 1.0616278 0.0000000 1.2066377 1.1387531 1.2123525 1.2330405 1.3387628 1.1987627 1.3587213 1.3783224 
yHAB159_Kazachstania_solicola               1.2734574 0.9930471 1.0804700 1.2754812 1.2805970 1.6104183 1.2740419 1.1415224 1.2226648 1.1350912 4.1633416 1.1058042 1.0930827 1.1054849 1.2280091 1.1377791 1.1351374 1.0984930 1.1907439 1.0843897 1.0009960 0.8533808 0.2289793 0.9752459 0.7131114 0.3469483 1.2668376 1.2412637 1.0132729 0.9519703 1.0529909 1.2066377 0.0000000 0.9734116 0.1250847 0.8662879 1.1344707 1.1046371 1.2074188 1.2733925 
yHAB160_Kazachstania_kunashirensis          1.2965328 0.9536508 1.3914495 1.3249551 1.2293575 1.5907373 1.2444603 1.1032471 1.1729504 1.1018320 4.7528312 1.2193781 1.1047520 1.1603989 1.2936185 1.2033179 1.1699645 1.1591814 1.4047183 1.1328806 1.0306207 0.8746693 0.9784222 0.6036559 1.0305841 0.9550098 1.6332377 1.3636480 0.7715706 1.1613638 0.8003382 1.1387531 0.9734116 0.0000000 0.9785514 1.0425889 1.2075297 1.0456529 1.2733214 1.2181124 
yHAB164_Kazachstania_aerobia                1.2921651 1.0101589 1.1456017 1.2276334 1.3610596 1.6401622 1.3109197 1.2074544 1.2409396 1.0675800 4.3065986 1.1338805 1.0738208 1.0681447 1.2246322 1.1370012 1.1082688 1.0851209 1.1794349 1.0840182 0.9779294 0.8605818 0.2485044 0.9915966 0.7364153 0.3545635 1.2888373 1.2436983 1.0356949 0.9769069 1.0547420 1.2123525 0.1250847 0.9785514 0.0000000 0.8780787 1.1049793 1.0549002 1.1705173 1.2270632 
yHAB166_Kazachstania_yakushimaensis         1.4195300 0.9543138 1.2145153 1.3498369 1.4630876 1.5072977 1.3524399 1.2605212 1.3421702 1.3440058 4.7421943 1.2778931 1.2225762 1.2344325 1.3206883 1.2703299 1.2317406 1.2589071 1.3512031 1.1979791 1.1090873 0.8817229 0.8974870 1.0562478 0.8476889 0.8561414 1.5015810 1.3579273 1.1051179 0.3477073 1.0310936 1.2330405 0.8662879 1.0425889 0.8780787 0.0000000 1.2022092 1.2049815 1.2562660 1.2231935 
yHMPu5000034875_Tetrapisispora_fleetii      1.4312789 1.2337941 1.4773337 1.2896325 1.3534379 1.5986973 1.3714009 1.2621149 1.3163998 1.1714650 4.6024023 1.1389701 1.1268117 1.1862803 1.2440500 1.1645167 1.1293940 1.1862180 1.1302848 0.4233219 0.8321442 1.0544412 1.1175991 1.1836737 1.1443202 1.1488721 1.8662510 1.5494015 1.1794592 1.3252092 1.2901570 1.3387628 1.1344707 1.2075297 1.1049793 1.2022092 0.0000000 0.5716623 0.2633419 1.1754298 
yHMPu5000034876_Tetrapisispora_iriomotensis 1.2931986 1.1497552 1.4129095 1.2400698 1.2295946 1.4202908 1.2250420 1.1076245 1.1845309 1.2119238 4.6113732 1.2159804 1.2096490 1.2777904 1.3383798 1.1975893 1.2158575 1.2803210 1.1176345 0.5260144 0.8438980 1.1447963 1.0884883 1.1437796 1.1045729 1.0820978 1.7342786 1.5207879 1.1254417 1.2518453 1.2050818 1.1987627 1.1046371 1.0456529 1.0549002 1.2049815 0.5716623 0.0000000 0.6216156 1.1196170 
yHMPu5000034877_Tetrapisispora_namnaonensis 1.4304666 1.2239121 1.5388920 1.2958377 1.4204980 1.5863346 1.3444990 1.2945191 1.3544786 1.1758655 4.5600751 1.2085127 1.2263854 1.2036570 1.2522306 1.1723810 1.1703015 1.2148952 1.1505406 0.4546319 0.8373594 1.1306313 1.1994162 1.2693374 1.2202007 1.2136886 1.8897304 1.5665812 1.2527805 1.3101784 1.3072490 1.3587213 1.2074188 1.2733214 1.1705173 1.2562660 0.2633419 0.6216156 0.0000000 1.1920043 
yHMPu5000035629_Yueomyces_sinensis          1.3900793 1.3014841 1.7188068 1.3299008 1.4384416 1.7056317 1.3592358 1.2852929 1.2403171 1.2264325 4.4866328 1.3658774 1.3627615 1.4078276 1.4174767 1.3575923 1.3579515 1.4143743 0.9607891 1.1654591 1.1368730 1.0919652 1.1993142 1.2206609 1.2122937 1.2751927 1.9768956 1.7655708 1.3194523 1.3789691 1.2688858 1.3783224 1.2733925 1.2181124 1.2270632 1.2231935 1.1754298 1.1196170 1.1920043 0.0000000 
