40
Candida_glabrata                            0.0000000 2.5594296 2.5288503 2.5303872 1.4336098 2.5842131 1.5638839 1.5032434 2.3602354 2.5866262 6.5130490 2.0587060 2.1779111 2.0618164 2.2622152 2.1228340 2.1388675 2.0500424 2.4534506 2.7595182 2.6830794 2.4647877 2.5759617 2.2602283 2.4628267 2.4874868 3.0958319 2.5791910 2.3514617 2.6244654 2.0578545 2.4748934 2.4754677 2.2207226 2.4814759 2.5161757 2.8158157 2.8509715 2.7861549 2.9199125 
Kazachstania_africana                       2.5594296 0.0000000 2.0184371 2.2243996 2.3696043 2.6282210 2.4808570 2.5203661 2.1567619 2.1872714 6.1037522 1.9918227 2.0337588 1.8734035 1.9769641 2.0233865 1.9775866 1.9151705 2.2204043 2.6335127 2.4633376 1.9958246 2.0411240 1.8582139 1.8249321 1.8501561 2.4401592 2.0882593 1.9075871 2.2171989 1.7344479 1.7708884 2.0171768 1.8403797 1.9649721 2.2503946 2.4954184 2.5179893 2.5681819 2.6617426 
Kazachstania_naganishii                     2.5288503 2.0184371 0.0000000 2.2223174 2.2972630 2.4412996 2.4501929 2.4640567 2.1802417 2.1810676 6.4008520 1.8970123 1.8561221 1.8526644 1.9381421 1.8585379 1.8053343 1.8563263 2.2613639 2.5476640 2.3540042 1.7856661 1.6241744 1.8425391 1.4655573 1.6641914 1.8019235 2.1814143 1.7839036 1.8878853 1.7953051 1.9216497 1.6557943 1.9800132 1.7023225 1.8772845 2.4846423 2.5198886 2.6517689 2.5106756 
Nakaseomyces_bacillisporus                  2.5303872 2.2243996 2.2223174 0.0000000 2.3364662 2.0735854 2.2942909 2.4121066 2.1663095 2.1685349 6.3362303 1.8825328 1.9372217 1.8948181 2.0011258 1.9282767 1.8845628 1.9583698 2.4065716 2.4552391 2.4063103 2.3517394 2.1436543 1.8651876 2.0294983 2.0938590 2.4769527 2.4201323 2.0522830 2.1358616 2.0419974 2.2246311 2.0956181 1.9313567 2.0623488 2.1067222 2.4196794 2.3022757 2.4950305 2.6423776 
Nakaseomyces_bracarensis                    1.4336098 2.3696043 2.2972630 2.3364662 0.0000000 2.5686546 0.7909279 0.6712297 2.4414503 2.4239432 6.2803249 1.9968635 2.0013370 1.9652506 2.1542125 1.9813032 1.9687740 2.0137539 2.3397641 2.6829362 2.4695097 2.3789272 2.3162439 2.1637096 2.2687405 2.2442330 2.8588039 2.4630890 2.2205593 2.5024297 2.1210916 2.1948654 2.3643424 2.2643833 2.3394145 2.4253334 2.6358323 2.7432737 2.7347942 2.7117499 
Nakaseomyces_castellii                      2.5842131 2.6282210 2.4412996 2.0735854 2.5686546 0.0000000 2.6273034 2.5618016 2.7156365 2.7294972 6.2840203 2.2389154 2.1870348 2.1489520 2.3001177 2.1462793 2.2016445 2.1479122 2.6030581 2.8129105 2.8058478 2.7071102 2.5972712 2.3547769 2.2732575 2.6616039 2.7948081 2.8617263 2.2517267 2.6323864 2.3604253 2.5035957 2.6753640 2.3473794 2.6284982 2.7469147 2.8714913 2.8995641 2.9217366 2.8275603 
Nakaseomyces_delphensis                     1.5638839 2.4808570 2.4501929 2.2942909 0.7909279 2.6273034 0.0000000 0.6030708 2.3727699 2.3614900 6.2960860 2.0801713 2.1598989 1.9940123 2.1418156 2.1576380 2.1062397 2.0667179 2.3556931 2.6126577 2.3615212 2.4856031 2.3431812 2.2059983 2.2507220 2.2772681 2.9363586 2.4181646 2.2007931 2.4695631 2.1067597 2.2628253 2.3527669 2.2966530 2.3103974 2.3305702 2.6279630 2.6837485 2.7137913 2.7553494 
Nakaseomyces_nivariensis                    1.5032434 2.5203661 2.4640567 2.4121066 0.6712297 2.5618016 0.6030708 0.0000000 2.3979090 2.3853656 6.1419356 2.0523774 2.1398612 2.0661564 2.2152763 2.0898703 2.1212380 2.1321152 2.2802859 2.6317511 2.5033322 2.5189781 2.2898129 2.2430553 2.3500903 2.2346305 2.8295549 2.3535501 2.1068262 2.5135345 2.1640331 2.3457586 2.3738151 2.2915863 2.3821106 2.3547902 2.6843508 2.7438219 2.7591225 2.7938475 
Naumovozyma_castellii                       2.3602354 2.1567619 2.1802417 2.1663095 2.4414503 2.7156365 2.3727699 2.3979090 0.0000000 1.7750244 6.3323296 1.9066833 1.9353638 1.9184531 2.0308257 1.9705521 1.9290038 1.9774669 2.4265249 2.5634218 2.3056395 2.1899328 2.1002324 1.9270364 1.8446116 2.0099790 2.3291026 2.2662885 2.1036311 2.3156977 1.9893064 2.0773279 2.1245194 1.8845319 2.0611167 2.1769176 2.3620631 2.3962591 2.3589131 2.7842286 
Naumovozyma_dairenensis                     2.5866262 2.1872714 2.1810676 2.1685349 2.4239432 2.7294972 2.3614900 2.3853656 1.7750244 0.0000000 6.1493437 1.7174651 1.8165989 1.7206645 1.7670799 1.7243377 1.7335735 1.6773222 2.2149328 2.3226388 2.1334240 2.0198530 2.0947006 1.7139539 1.8030167 1.9851116 2.2232990 2.3018034 2.0878103 2.2006700 1.8854590 1.9187646 2.0127596 2.0089540 2.0546750 2.0719185 2.1962788 2.2186401 2.3381606 2.3796819 
Neurospora_crassa                           6.5130490 6.1037522 6.4008520 6.3362303 6.2803249 6.2840203 6.2960860 6.1419356 6.3323296 6.1493437 0.0000000 6.0082112 5.6814550 5.9876303 6.0700034 5.7820715 5.7562927 6.0420530 6.5821480 6.6430904 6.4107887 6.3088119 5.9610178 5.6364585 6.2517230 6.0757530 6.0520626 6.5749849 5.9467155 6.4968439 5.7288657 5.7583756 6.1782225 5.7916748 6.2670313 6.2051947 6.6637771 6.6651630 6.8862291 6.6171293 
Saccharomyces_arboricola                    2.0587060 1.9918227 1.8970123 1.8825328 1.9968635 2.2389154 2.0801713 2.0523774 1.9066833 1.7174651 6.0082112 0.0000000 0.4605837 0.4139420 0.3475114 0.4341895 0.4252026 0.4243963 2.0704625 2.2889105 1.9594154 1.9147222 1.8724429 1.7147341 1.7491876 1.8828328 2.0764631 2.1605545 1.8727643 2.0330082 1.6177790 1.7038656 1.7944678 1.6796616 1.8556064 1.9488693 2.1111991 1.9957325 2.1815533 2.2472149 
Saccharomyces_cerevisiae                    2.1779111 2.0337588 1.8561221 1.9372217 2.0013370 2.1870348 2.1598989 2.1398612 1.9353638 1.8165989 5.6814550 0.4605837 0.0000000 0.4773681 0.4031471 0.3348257 0.1871196 0.4779734 2.1782349 2.2645965 1.8719151 1.8847618 1.8106839 1.7125992 1.7462509 1.8502753 1.9984787 2.0811902 1.7931444 2.0147371 1.6292689 1.7688908 1.7585212 1.7714043 1.8077832 1.9436312 2.1168913 1.9570867 2.2295880 2.3146948 
Saccharomyces_eubayanus                     2.0618164 1.8734035 1.8526644 1.8948181 1.9652506 2.1489520 1.9940123 2.0661564 1.9184531 1.7206645 5.9876303 0.4139420 0.4773681 0.0000000 0.4036475 0.4365595 0.4247945 0.1397092 2.0443857 2.3292342 1.9582547 1.7719422 1.8000575 1.6932332 1.6400788 1.8682489 2.0416817 2.1100372 1.7123192 2.0109538 1.5743764 1.6932126 1.7594038 1.6241665 1.8136389 1.9061406 2.0910022 2.0367654 2.1371405 2.2255778 
Saccharomyces_kudriavzevii                  2.2622152 1.9769641 1.9381421 2.0011258 2.1542125 2.3001177 2.1418156 2.2152763 2.0308257 1.7670799 6.0700034 0.3475114 0.4031471 0.4036475 0.0000000 0.3758925 0.3713643 0.3971793 2.1331966 2.2752665 1.9642438 1.9540198 1.8722302 1.7606232 1.8042575 2.0098085 2.0074258 2.2478501 1.8366325 2.0521999 1.7313512 1.7670742 1.8418682 1.7829188 1.8644187 1.9967421 2.0883226 1.9873596 2.1225304 2.4147588 
Saccharomyces_mikatae                       2.1228340 2.0233865 1.8585379 1.9282767 1.9813032 2.1462793 2.1576380 2.0898703 1.9705521 1.7243377 5.7820715 0.4341895 0.3348257 0.4365595 0.3758925 0.0000000 0.2869685 0.4351504 2.1683341 2.3086293 1.9460905 1.8562465 1.8059129 1.7133533 1.6991919 1.8047414 2.0015594 2.1818045 1.8123714 2.0357564 1.6276820 1.7392348 1.7365214 1.6946610 1.8129573 1.9465222 2.1283385 2.0286346 2.2619708 2.3755794 
Saccharomyces_paradoxus                     2.1388675 1.9775866 1.8053343 1.8845628 1.9687740 2.2016445 2.1062397 2.1212380 1.9290038 1.7335735 5.7562927 0.4252026 0.1871196 0.4247945 0.3713643 0.2869685 0.0000000 0.4386200 2.1168799 2.2201685 1.9053711 1.9013282 1.7884475 1.7437751 1.7240831 1.8181962 2.0067578 2.1162067 1.7888089 1.9953567 1.5991795 1.7189193 1.8081499 1.7018837 1.7991114 1.8851814 2.0858633 1.9627837 2.2011704 2.3642115 
Saccharomyces_uvarum                        2.0500424 1.9151705 1.8563263 1.9583698 2.0137539 2.1479122 2.0667179 2.1321152 1.9774669 1.6773222 6.0420530 0.4243963 0.4779734 0.1397092 0.3971793 0.4351504 0.4386200 0.0000000 2.0927948 2.2754711 1.9480135 1.8015936 1.8082472 1.7019110 1.6310986 1.8885707 2.0784006 2.1210492 1.7760269 2.0006526 1.5969081 1.6807317 1.7905173 1.7198920 1.8587493 1.8790204 2.0535245 1.9636124 2.1052792 2.2957123 
Tetrapisispora_blattae                      2.4534506 2.2204043 2.2613639 2.4065716 2.3397641 2.6030581 2.3556931 2.2802859 2.4265249 2.2149328 6.5821480 2.0704625 2.1782349 2.0443857 2.1331966 2.1683341 2.1168799 2.0927948 0.0000000 2.5239134 2.4097885 2.3258112 2.2948114 1.9400682 2.0441397 2.2402708 2.6651184 2.3664897 2.1111161 2.4523097 2.1390583 2.3134323 2.3311304 2.1316393 2.3291023 2.4869013 2.5777680 2.5472071 2.5112131 1.3488388 
Tetrapisispora_phaffii                      2.7595182 2.6335127 2.5476640 2.4552391 2.6829362 2.8129105 2.6126577 2.6317511 2.5634218 2.3226388 6.6430904 2.2889105 2.2645965 2.3292342 2.2752665 2.3086293 2.2201685 2.2754711 2.5239134 0.0000000 1.9226201 2.6756417 2.5199614 2.2373621 2.2910297 2.4496407 2.7491737 2.7295055 2.4588175 2.5371649 2.2264103 2.4647026 2.6388524 2.4307656 2.5836249 2.5056695 0.6666511 1.1636181 0.6073576 2.6228358 
Vanderwaltozyma_polyspora                   2.6830794 2.4633376 2.3540042 2.4063103 2.4695097 2.8058478 2.3615212 2.5033322 2.3056395 2.1334240 6.4107887 1.9594154 1.8719151 1.9582547 1.9642438 1.9460905 1.9053711 1.9480135 2.4097885 1.9226201 0.0000000 2.3103291 2.2449514 2.1270880 2.0155883 2.1653276 2.4372597 2.5095118 2.1509179 2.4948468 2.0346780 2.2916574 2.1717957 2.1264453 2.2413987 2.2901668 1.8645699 1.8520822 1.9159284 2.4526920 
yHAB132_Kazachstania_martiniae              2.4647877 1.9958246 1.7856661 2.3517394 2.3789272 2.7071102 2.4856031 2.5189781 2.1899328 2.0198530 6.3088119 1.9147222 1.8847618 1.7719422 1.9540198 1.8562465 1.9013282 1.8015936 2.3258112 2.6756417 2.3103291 0.0000000 1.9035975 1.7685997 1.7151124 1.9155894 2.1936072 1.9868648 1.8809892 2.1026458 1.7762729 1.8692032 1.8408678 1.9203954 1.8571214 2.0420974 2.5759259 2.5298831 2.5624749 2.4654270 
yHAB133_Kazachstania_unispora               2.5759617 2.0411240 1.6241744 2.1436543 2.3162439 2.5972712 2.3431812 2.2898129 2.1002324 2.0947006 5.9610178 1.8724429 1.8106839 1.8000575 1.8722302 1.8059129 1.7884475 1.8082472 2.2948114 2.5199614 2.2449514 1.9035975 0.0000000 1.6049296 1.3233507 0.6401269 1.5438798 2.0639308 1.7873084 1.7375883 1.7391202 1.7980342 0.4847655 1.8549713 0.5066029 1.4781013 2.4386953 2.3763673 2.4771221 2.4593259 
yHAB134_Kazachstania_turicensis             2.2602283 1.8582139 1.8425391 1.8651876 2.1637096 2.3547769 2.2059983 2.2430553 1.9270364 1.7139539 5.6364585 1.7147341 1.7125992 1.6932332 1.7606232 1.7133533 1.7437751 1.7019110 1.9400682 2.2373621 2.1270880 1.7685997 1.6049296 0.0000000 1.5279984 1.5469391 2.0461608 1.9420295 1.4633374 1.9403062 1.4978303 1.5973228 1.6600313 0.9793786 1.6476813 1.8430705 2.1089020 2.0609092 2.2161352 2.2605748 
yHAB136_Kazachstania_bromeliacearum         2.4628267 1.8249321 1.4655573 2.0294983 2.2687405 2.2732575 2.2507220 2.3500903 1.8446116 1.8030167 6.2517230 1.7491876 1.7462509 1.6400788 1.8042575 1.6991919 1.7240831 1.6310986 2.0441397 2.2910297 2.0155883 1.7151124 1.3233507 1.5279984 0.0000000 1.3243114 1.5192373 1.8114336 1.5710162 1.6234284 1.6060135 1.5261001 1.3407376 1.6038733 1.3381244 1.5718769 2.2609936 2.0184074 2.2052351 2.1723994 
yHAB143_Kazachstania_siamensis              2.4874868 1.8501561 1.6641914 2.0938590 2.2442330 2.6616039 2.2772681 2.2346305 2.0099790 1.9851116 6.0757530 1.8828328 1.8502753 1.8682489 2.0098085 1.8047414 1.8181962 1.8885707 2.2402708 2.4496407 2.1653276 1.9155894 0.6401269 1.5469391 1.3243114 0.0000000 1.5254057 2.1949775 1.8169582 1.6472993 1.6960843 1.8318795 0.6812978 1.8333091 0.6707050 1.5838887 2.3491491 2.4576068 2.4179910 2.5314559 
yHAB147_Kazachstania_taianensis             3.0958319 2.4401592 1.8019235 2.4769527 2.8588039 2.7948081 2.9363586 2.8295549 2.3291026 2.2232990 6.0520626 2.0764631 1.9984787 2.0416817 2.0074258 2.0015594 2.0067578 2.0784006 2.6651184 2.7491737 2.4372597 2.1936072 1.5438798 2.0461608 1.5192373 1.5254057 0.0000000 2.3756417 2.1233845 1.9239302 1.9725901 2.2118898 1.5956364 2.2660202 1.6084140 1.8548642 2.6441573 2.6608866 2.6430262 2.7567946 
yHAB148_Kazachstania_intestinalis           2.5791910 2.0882593 2.1814143 2.4201323 2.4630890 2.8617263 2.4181646 2.3535501 2.2662885 2.3018034 6.5749849 2.1605545 2.0811902 2.1100372 2.2478501 2.1818045 2.1162067 2.1210492 2.3664897 2.7295055 2.5095118 1.9868648 2.0639308 1.9420295 1.8114336 2.1949775 2.3756417 0.0000000 1.8633117 2.2998447 2.0496185 2.0076475 1.9710611 2.0786358 2.0092547 2.0791252 2.6666461 2.7885302 2.6990143 2.5726703 
yHAB153_Kazachstania_rosinii                2.3514617 1.9075871 1.7839036 2.0522830 2.2205593 2.2517267 2.2007931 2.1068262 2.1036311 2.0878103 5.9467155 1.8727643 1.7931444 1.7123192 1.8366325 1.8123714 1.7888089 1.7760269 2.1111161 2.4588175 2.1509179 1.8809892 1.7873084 1.4633374 1.5710162 1.8169582 2.1233845 1.8633117 0.0000000 2.1186381 1.3648344 1.6541854 1.7611344 1.5177651 1.7401767 2.1014852 2.3983603 2.3714207 2.4498016 2.3156923 
yHAB154_Kazachstania_transvaalensis         2.6244654 2.2171989 1.8878853 2.1358616 2.5024297 2.6323864 2.4695631 2.5135345 2.3156977 2.2006700 6.4968439 2.0330082 2.0147371 2.0109538 2.0521999 2.0357564 1.9953567 2.0006526 2.4523097 2.5371649 2.4948468 2.1026458 1.7375883 1.9403062 1.6234284 1.6472993 1.9239302 2.2998447 2.1186381 0.0000000 1.8414293 1.9562058 1.6986072 1.9374928 1.6735241 0.6952610 2.4784314 2.5097890 2.4637344 2.5784355 
yHAB155_Kazachstania_spencerorum            2.0578545 1.7344479 1.7953051 2.0419974 2.1210916 2.3604253 2.1067597 2.1640331 1.9893064 1.8854590 5.7288657 1.6177790 1.6292689 1.5743764 1.7313512 1.6276820 1.5991795 1.5969081 2.1390583 2.2264103 2.0346780 1.7762729 1.7391202 1.4978303 1.6060135 1.6960843 1.9725901 2.0496185 1.3648344 1.8414293 0.0000000 1.5684903 1.8328462 1.4381453 1.7559592 1.8766174 2.2054299 2.2784912 2.2877052 2.3224479 
yHAB158_Kazachstania_viticola               2.4748934 1.7708884 1.9216497 2.2246311 2.1948654 2.5035957 2.2628253 2.3457586 2.0773279 1.9187646 5.7583756 1.7038656 1.7688908 1.6932126 1.7670742 1.7392348 1.7189193 1.6807317 2.3134323 2.4647026 2.2916574 1.8692032 1.7980342 1.5973228 1.5261001 1.8318795 2.2118898 2.0076475 1.6541854 1.9562058 1.5684903 0.0000000 1.8483096 1.6334955 1.8077806 1.9189485 2.3463016 2.2667259 2.4003785 2.4742068 
yHAB159_Kazachstania_solicola               2.4754677 2.0171768 1.6557943 2.0956181 2.3643424 2.6753640 2.3527669 2.3738151 2.1245194 2.0127596 6.1782225 1.7944678 1.7585212 1.7594038 1.8418682 1.7365214 1.8081499 1.7905173 2.3311304 2.6388524 2.1717957 1.8408678 0.4847655 1.6600313 1.3407376 0.6812978 1.5956364 1.9710611 1.7611344 1.6986072 1.8328462 1.8483096 0.0000000 1.8994736 0.1682595 1.5112292 2.4136142 2.5141567 2.5688400 2.4357105 
yHAB160_Kazachstania_kunashirensis          2.2207226 1.8403797 1.9800132 1.9313567 2.2643833 2.3473794 2.2966530 2.2915863 1.8845319 2.0089540 5.7916748 1.6796616 1.7714043 1.6241665 1.7829188 1.6946610 1.7018837 1.7198920 2.1316393 2.4307656 2.1264453 1.9203954 1.8549713 0.9793786 1.6038733 1.8333091 2.2660202 2.0786358 1.5177651 1.9374928 1.4381453 1.6334955 1.8994736 0.0000000 1.8738540 1.9069969 2.2995306 2.2646270 2.3372505 2.4193648 
yHAB164_Kazachstania_aerobia                2.4814759 1.9649721 1.7023225 2.0623488 2.3394145 2.6284982 2.3103974 2.3821106 2.0611167 2.0546750 6.2670313 1.8556064 1.8077832 1.8136389 1.8644187 1.8129573 1.7991114 1.8587493 2.3291023 2.5836249 2.2413987 1.8571214 0.5066029 1.6476813 1.3381244 0.6707050 1.6084140 2.0092547 1.7401767 1.6735241 1.7559592 1.8077806 0.1682595 1.8738540 0.0000000 1.5299624 2.3164340 2.5251139 2.4570721 2.4328657 
yHAB166_Kazachstania_yakushimaensis         2.5161757 2.2503946 1.8772845 2.1067222 2.4253334 2.7469147 2.3305702 2.3547902 2.1769176 2.0719185 6.2051947 1.9488693 1.9436312 1.9061406 1.9967421 1.9465222 1.8851814 1.8790204 2.4869013 2.5056695 2.2901668 2.0420974 1.4781013 1.8430705 1.5718769 1.5838887 1.8548642 2.0791252 2.1014852 0.6952610 1.8766174 1.9189485 1.5112292 1.9069969 1.5299624 0.0000000 2.6775329 2.5260066 2.5994372 2.4504312 
yHMPu5000034875_Tetrapisispora_fleetii      2.8158157 2.4954184 2.4846423 2.4196794 2.6358323 2.8714913 2.6279630 2.6843508 2.3620631 2.1962788 6.6637771 2.1111991 2.1168913 2.0910022 2.0883226 2.1283385 2.0858633 2.0535245 2.5777680 0.6666511 1.8645699 2.5759259 2.4386953 2.1089020 2.2609936 2.3491491 2.6441573 2.6666461 2.3983603 2.4784314 2.2054299 2.3463016 2.4136142 2.2995306 2.3164340 2.6775329 0.0000000 1.0586037 0.3639225 2.6139632 
yHMPu5000034876_Tetrapisispora_iriomotensis 2.8509715 2.5179893 2.5198886 2.3022757 2.7432737 2.8995641 2.6837485 2.7438219 2.3962591 2.2186401 6.6651630 1.9957325 1.9570867 2.0367654 1.9873596 2.0286346 1.9627837 1.9636124 2.5472071 1.1636181 1.8520822 2.5298831 2.3763673 2.0609092 2.0184074 2.4576068 2.6608866 2.7885302 2.3714207 2.5097890 2.2784912 2.2667259 2.5141567 2.2646270 2.5251139 2.5260066 1.0586037 0.0000000 1.0945001 2.7611565 
yHMPu5000034877_Tetrapisispora_namnaonensis 2.7861549 2.5681819 2.6517689 2.4950305 2.7347942 2.9217366 2.7137913 2.7591225 2.3589131 2.3381606 6.8862291 2.1815533 2.2295880 2.1371405 2.1225304 2.2619708 2.2011704 2.1052792 2.5112131 0.6073576 1.9159284 2.5624749 2.4771221 2.2161352 2.2052351 2.4179910 2.6430262 2.6990143 2.4498016 2.4637344 2.2877052 2.4003785 2.5688400 2.3372505 2.4570721 2.5994372 0.3639225 1.0945001 0.0000000 2.6245542 
yHMPu5000035629_Yueomyces_sinensis          2.9199125 2.6617426 2.5106756 2.6423776 2.7117499 2.8275603 2.7553494 2.7938475 2.7842286 2.3796819 6.6171293 2.2472149 2.3146948 2.2255778 2.4147588 2.3755794 2.3642115 2.2957123 1.3488388 2.6228358 2.4526920 2.4654270 2.4593259 2.2605748 2.1723994 2.5314559 2.7567946 2.5726703 2.3156923 2.5784355 2.3224479 2.4742068 2.4357105 2.4193648 2.4328657 2.4504312 2.6139632 2.7611565 2.6245542 0.0000000 
