40
Candida_glabrata                            0.0000000 0.3402458 0.3528438 0.3350321 0.2438843 0.4550833 0.2437984 0.2161380 0.3331279 0.3218844 0.9740317 0.3017913 0.3062885 0.2695521 0.2972217 0.3068341 0.3057322 0.2691398 0.3682413 0.3364939 0.3718618 0.3300985 0.3051596 0.2989600 0.3209909 0.3323564 0.3361565 0.4587468 0.2744578 0.4310426 0.4047493 0.3599091 0.2984747 0.2938663 0.3140678 0.3693951 0.3335956 0.3202516 0.3563214 0.3336395 
Kazachstania_africana                       0.3402458 0.0000000 0.4577890 0.3620171 0.3738192 0.5200870 0.4156929 0.3677196 0.3089447 0.3046872 1.1572367 0.3275430 0.2958333 0.3073935 0.3198843 0.3275842 0.3113741 0.3110782 0.3345517 0.3200629 0.3448948 0.3172674 0.2667663 0.2605918 0.3018752 0.3068571 0.4477699 0.5280368 0.3241884 0.3797267 0.3289488 0.2747798 0.2942286 0.2659276 0.2815790 0.3548582 0.3186623 0.2837679 0.3148351 0.3425679 
Kazachstania_naganishii                     0.3528438 0.4577890 0.0000000 0.4906276 0.3899218 0.5086452 0.3706224 0.3819090 0.4218298 0.4148011 0.9356202 0.4097556 0.3952197 0.4091282 0.3946057 0.4089955 0.3903107 0.3986459 0.4873301 0.4840683 0.4864454 0.4546440 0.4061780 0.4286405 0.4107533 0.4038405 0.3020159 0.4268751 0.3239936 0.5223673 0.4906434 0.4497706 0.3434023 0.4246567 0.3674986 0.4992433 0.4704959 0.4287380 0.4610605 0.4796899 
Nakaseomyces_bacillisporus                  0.3350321 0.3620171 0.4906276 0.0000000 0.3847627 0.4749245 0.4465301 0.4165891 0.3428968 0.3274273 1.0569813 0.3459361 0.3379778 0.3331302 0.3531826 0.3628829 0.3402828 0.3264087 0.3594151 0.3415980 0.3365039 0.3231502 0.3076755 0.3097122 0.3740764 0.3186309 0.4986358 0.5345303 0.3977867 0.3842216 0.3402157 0.3013002 0.3646148 0.2995982 0.3471878 0.3491562 0.3160145 0.3147025 0.3291099 0.3291797 
Nakaseomyces_bracarensis                    0.2438843 0.3738192 0.3899218 0.3847627 0.0000000 0.4841267 0.1978567 0.1573872 0.3269436 0.3312397 0.9318921 0.3188852 0.3144850 0.2981309 0.3175719 0.3280663 0.3273512 0.2930878 0.3746409 0.3440161 0.3852665 0.3674521 0.3097159 0.3026048 0.3459644 0.3618522 0.3696443 0.5064365 0.3018136 0.4115048 0.4177585 0.3557728 0.3140468 0.3095501 0.3227042 0.3743413 0.3348765 0.3177546 0.3495927 0.3683140 
Nakaseomyces_castellii                      0.4550833 0.5200870 0.5086452 0.4749245 0.4841267 0.0000000 0.5232943 0.4833175 0.4820116 0.4860354 1.0448762 0.4595938 0.4516640 0.4519297 0.4598426 0.4874135 0.4560111 0.4476855 0.5419933 0.4715813 0.5172690 0.4742430 0.5041935 0.5118240 0.4765972 0.5162680 0.5375241 0.5882137 0.4821000 0.5568099 0.4912696 0.4700872 0.5176564 0.4589574 0.5088977 0.5436402 0.4737969 0.4879096 0.4732248 0.4824850 
Nakaseomyces_delphensis                     0.2437984 0.4156929 0.3706224 0.4465301 0.1978567 0.5232943 0.0000000 0.1587860 0.3591083 0.3565237 0.9353678 0.3471751 0.3497708 0.3293491 0.3273928 0.3514232 0.3568375 0.3347955 0.4116187 0.3929062 0.4097988 0.3919441 0.3753888 0.3721424 0.3774326 0.3922737 0.3392560 0.4737915 0.3007151 0.4969887 0.4771035 0.3981199 0.3523359 0.3688909 0.3611219 0.4690300 0.3809717 0.3622947 0.4002638 0.4186177 
Nakaseomyces_nivariensis                    0.2161380 0.3677196 0.3819090 0.4165891 0.1573872 0.4833175 0.1587860 0.0000000 0.3369260 0.3375372 0.9198556 0.3172160 0.2954309 0.2995716 0.2986586 0.3136298 0.3019586 0.2944723 0.3735720 0.3631039 0.3719373 0.3536673 0.3237689 0.3253607 0.3613440 0.3507259 0.3332144 0.4683442 0.2835405 0.4558902 0.4111041 0.3525765 0.3429621 0.3088926 0.3487142 0.4146920 0.3442900 0.3218095 0.3530686 0.3753327 
Naumovozyma_castellii                       0.3331279 0.3089447 0.4218298 0.3428968 0.3269436 0.4820116 0.3591083 0.3369260 0.0000000 0.2217192 1.0745397 0.2528047 0.2567956 0.2317174 0.2650487 0.2672402 0.2666871 0.2345862 0.3226788 0.2901830 0.3116665 0.2940588 0.2230254 0.2349839 0.2620817 0.2629427 0.4125270 0.5140473 0.3303231 0.3395942 0.3109288 0.2674800 0.2771235 0.2334769 0.2523971 0.3260705 0.2752110 0.2434832 0.2916613 0.2767909 
Naumovozyma_dairenensis                     0.3218844 0.3046872 0.4148011 0.3274273 0.3312397 0.4860354 0.3565237 0.3375372 0.2217192 0.0000000 1.1269396 0.2848677 0.2523460 0.2671038 0.3051607 0.2905402 0.2584744 0.2678459 0.2983036 0.2758364 0.3177097 0.2871290 0.2181480 0.2134325 0.2658726 0.2593033 0.4582545 0.5498176 0.3304261 0.3301545 0.2748383 0.2389792 0.2584707 0.2233865 0.2378028 0.2952571 0.2609390 0.2515800 0.2862169 0.2713791 
Neurospora_crassa                           0.9740317 1.1572367 0.9356202 1.0569813 0.9318921 1.0448762 0.9353678 0.9198556 1.0745397 1.1269396 0.0000000 1.0521531 1.0427222 1.0117197 1.0403093 1.0450904 1.0440995 1.0062323 1.1251478 1.0662155 1.1099524 1.0373634 1.1139855 1.0746939 1.1258325 1.1510149 0.8571874 1.0354214 0.8610552 1.1536617 1.1644373 1.1098980 1.0952509 1.1429572 1.0984977 1.1288888 1.1134679 1.0655500 1.1130441 1.1149410 
Saccharomyces_arboricola                    0.3017913 0.3275430 0.4097556 0.3459361 0.3188852 0.4595938 0.3471751 0.3172160 0.2528047 0.2848677 1.0521531 0.0000000 0.1002421 0.0841604 0.0971034 0.1146726 0.0971298 0.0904877 0.2964190 0.3189721 0.3004551 0.2809288 0.2472500 0.2741662 0.2958348 0.2833320 0.3996654 0.4865102 0.3052120 0.3473959 0.3419435 0.3086713 0.2699887 0.2583951 0.2616217 0.3174813 0.2872353 0.2555108 0.3202519 0.2847492 
Saccharomyces_cerevisiae                    0.3062885 0.2958333 0.3952197 0.3379778 0.3144850 0.4516640 0.3497708 0.2954309 0.2567956 0.2523460 1.0427222 0.1002421 0.0000000 0.0996663 0.0940965 0.0868777 0.0376690 0.1025024 0.2953971 0.3037886 0.3123850 0.2651712 0.2289715 0.2697149 0.2946620 0.2678029 0.3961995 0.5004363 0.3133187 0.3591263 0.3291318 0.2900403 0.2596582 0.2441276 0.2389114 0.3172839 0.2941531 0.2602932 0.3209722 0.2893163 
Saccharomyces_eubayanus                     0.2695521 0.3073935 0.4091282 0.3331302 0.2981309 0.4519297 0.3293491 0.2995716 0.2317174 0.2671038 1.0117197 0.0841604 0.0996663 0.0000000 0.1006293 0.1163796 0.0956532 0.0197862 0.2857255 0.3027629 0.2961804 0.2676007 0.2510257 0.2613947 0.2843891 0.2743415 0.3963481 0.4916269 0.2978495 0.3580072 0.3369285 0.2946651 0.2607996 0.2513390 0.2489225 0.3342603 0.2916620 0.2539234 0.3052038 0.2751796 
Saccharomyces_kudriavzevii                  0.2972217 0.3198843 0.3946057 0.3531826 0.3175719 0.4598426 0.3273928 0.2986586 0.2650487 0.3051607 1.0403093 0.0971034 0.0940965 0.1006293 0.0000000 0.1088417 0.0878567 0.1031190 0.2892391 0.3288401 0.3144480 0.2973549 0.2470690 0.2911972 0.2990261 0.2849245 0.3864043 0.4800933 0.3108601 0.3741943 0.3373269 0.3078040 0.2738084 0.2655674 0.2639686 0.3303239 0.3084017 0.2704199 0.3300041 0.2983701 
Saccharomyces_mikatae                       0.3068341 0.3275842 0.4089955 0.3628829 0.3280663 0.4874135 0.3514232 0.3136298 0.2672402 0.2905402 1.0450904 0.1146726 0.0868777 0.1163796 0.1088417 0.0000000 0.0830854 0.1160608 0.3188340 0.3390493 0.3392994 0.2750520 0.2750698 0.2986054 0.3093276 0.2965419 0.3804318 0.4922354 0.3165143 0.3663922 0.3602788 0.3054301 0.2650751 0.2595758 0.2679897 0.3459876 0.3117987 0.2810942 0.3344871 0.3244336 
Saccharomyces_paradoxus                     0.3057322 0.3113741 0.3903107 0.3402828 0.3273512 0.4560111 0.3568375 0.3019586 0.2666871 0.2584744 1.0440995 0.0971298 0.0376690 0.0956532 0.0878567 0.0830854 0.0000000 0.0977142 0.3043981 0.3260811 0.3146308 0.2701927 0.2511460 0.2753033 0.3096891 0.2782976 0.4033648 0.4907449 0.3116888 0.3605401 0.3355164 0.2975116 0.2683236 0.2515516 0.2523470 0.3302388 0.3043727 0.2712182 0.3323986 0.3058701 
Saccharomyces_uvarum                        0.2691398 0.3110782 0.3986459 0.3264087 0.2930878 0.4476855 0.3347955 0.2944723 0.2345862 0.2678459 1.0062323 0.0904877 0.1025024 0.0197862 0.1031190 0.1160608 0.0977142 0.0000000 0.2835344 0.2972059 0.2850617 0.2745419 0.2461582 0.2573133 0.2866266 0.2694180 0.3948885 0.4834452 0.2938104 0.3568889 0.3363825 0.2941571 0.2640049 0.2478825 0.2475940 0.3311150 0.2868002 0.2516973 0.3062399 0.2748117 
Tetrapisispora_blattae                      0.3682413 0.3345517 0.4873301 0.3594151 0.3746409 0.5419933 0.4116187 0.3735720 0.3226788 0.2983036 1.1251478 0.2964190 0.2953971 0.2857255 0.2892391 0.3188340 0.3043981 0.2835344 0.0000000 0.2774898 0.3279395 0.3056877 0.2814153 0.2634508 0.3154347 0.2789873 0.5210612 0.5315029 0.3546085 0.3804100 0.3342306 0.2926926 0.2796467 0.2366095 0.2652489 0.3223120 0.2902627 0.2471397 0.3073154 0.2236887 
Tetrapisispora_phaffii                      0.3364939 0.3200629 0.4840683 0.3415980 0.3440161 0.4715813 0.3929062 0.3631039 0.2901830 0.2758364 1.0662155 0.3189721 0.3037886 0.3027629 0.3288401 0.3390493 0.3260811 0.2972059 0.2774898 0.0000000 0.2882695 0.2880246 0.2548850 0.2395530 0.3013234 0.2970524 0.5007154 0.5461008 0.3368858 0.3520288 0.3192086 0.2713783 0.2960771 0.2265578 0.2701623 0.3098862 0.1532408 0.1857822 0.1487130 0.2658059 
Vanderwaltozyma_polyspora                   0.3718618 0.3448948 0.4864454 0.3365039 0.3852665 0.5172690 0.4097988 0.3719373 0.3116665 0.3177097 1.1099524 0.3004551 0.3123850 0.2961804 0.3144480 0.3392994 0.3146308 0.2850617 0.3279395 0.2882695 0.0000000 0.3129813 0.2763141 0.2744039 0.3225215 0.2991350 0.4950817 0.5237318 0.3773190 0.4057495 0.3429883 0.2814090 0.3167373 0.2511729 0.2970806 0.3497535 0.2925381 0.2758711 0.3000626 0.2852002 
yHAB132_Kazachstania_martiniae              0.3300985 0.3172674 0.4546440 0.3231502 0.3674521 0.4742430 0.3919441 0.3536673 0.2940588 0.2871290 1.0373634 0.2809288 0.2651712 0.2676007 0.2973549 0.2750520 0.2701927 0.2745419 0.3056877 0.2880246 0.3129813 0.0000000 0.2558102 0.2359613 0.2580519 0.2992751 0.4543647 0.5073035 0.3570252 0.3375716 0.2807923 0.2846927 0.2940318 0.2382105 0.2698966 0.2889742 0.2814094 0.2594039 0.2699001 0.2976255 
yHAB133_Kazachstania_unispora               0.3051596 0.2667663 0.4061780 0.3076755 0.3097159 0.5041935 0.3753888 0.3237689 0.2230254 0.2181480 1.1139855 0.2472500 0.2289715 0.2510257 0.2470690 0.2750698 0.2511460 0.2461582 0.2814153 0.2548850 0.2763141 0.2558102 0.0000000 0.1660376 0.1984185 0.1553099 0.4204797 0.5140193 0.3083770 0.2750336 0.2545267 0.2242280 0.1316875 0.1698040 0.1116258 0.2363972 0.2415667 0.2187626 0.2592318 0.2408365 
yHAB134_Kazachstania_turicensis             0.2989600 0.2605918 0.4286405 0.3097122 0.3026048 0.5118240 0.3721424 0.3253607 0.2349839 0.2134325 1.0746939 0.2741662 0.2697149 0.2613947 0.2911972 0.2986054 0.2753033 0.2573133 0.2634508 0.2395530 0.2744039 0.2359613 0.1660376 0.0000000 0.2149089 0.2115202 0.4505307 0.5265413 0.2703983 0.3198727 0.2477248 0.2223046 0.2481398 0.1427315 0.2226533 0.2712307 0.2282230 0.2012409 0.2468056 0.2569790 
yHAB136_Kazachstania_bromeliacearum         0.3209909 0.3018752 0.4107533 0.3740764 0.3459644 0.4765972 0.3774326 0.3613440 0.2620817 0.2658726 1.1258325 0.2958348 0.2946620 0.2843891 0.2990261 0.3093276 0.3096891 0.2866266 0.3154347 0.3013234 0.3225215 0.2580519 0.1984185 0.2149089 0.0000000 0.2315543 0.4696874 0.5122754 0.3570347 0.3392181 0.2741710 0.2727691 0.2395453 0.2214021 0.2205321 0.2921044 0.2812748 0.2452073 0.2921190 0.2584249 
yHAB143_Kazachstania_siamensis              0.3323564 0.3068571 0.4038405 0.3186309 0.3618522 0.5162680 0.3922737 0.3507259 0.2629427 0.2593033 1.1510149 0.2833320 0.2678029 0.2743415 0.2849245 0.2965419 0.2782976 0.2694180 0.2789873 0.2970524 0.2991350 0.2992751 0.1553099 0.2115202 0.2315543 0.0000000 0.4444632 0.5292485 0.3274353 0.3218982 0.2831280 0.2493751 0.2033504 0.1993336 0.1782941 0.2690245 0.2608823 0.2446152 0.2783164 0.2515267 
yHAB147_Kazachstania_taianensis             0.3361565 0.4477699 0.3020159 0.4986358 0.3696443 0.5375241 0.3392560 0.3332144 0.4125270 0.4582545 0.8571874 0.3996654 0.3961995 0.3963481 0.3864043 0.3804318 0.4033648 0.3948885 0.5210612 0.5007154 0.4950817 0.4543647 0.4204797 0.4505307 0.4696874 0.4444632 0.0000000 0.4251552 0.2952375 0.5751339 0.4989599 0.4867654 0.3414332 0.4692524 0.3824883 0.5436726 0.4843125 0.4715622 0.5075952 0.5290673 
yHAB148_Kazachstania_intestinalis           0.4587468 0.5280368 0.4268751 0.5345303 0.5064365 0.5882137 0.4737915 0.4683442 0.5140473 0.5498176 1.0354214 0.4865102 0.5004363 0.4916269 0.4800933 0.4922354 0.4907449 0.4834452 0.5315029 0.5461008 0.5237318 0.5073035 0.5140193 0.5265413 0.5122754 0.5292485 0.4251552 0.0000000 0.4695955 0.6058584 0.5662324 0.4778265 0.4771234 0.5211443 0.5126676 0.6180624 0.5080524 0.5030080 0.5146135 0.5626338 
yHAB153_Kazachstania_rosinii                0.2744578 0.3241884 0.3239936 0.3977867 0.3018136 0.4821000 0.3007151 0.2835405 0.3303231 0.3304261 0.8610552 0.3052120 0.3133187 0.2978495 0.3108601 0.3165143 0.3116888 0.2938104 0.3546085 0.3368858 0.3773190 0.3570252 0.3083770 0.2703983 0.3570347 0.3274353 0.2952375 0.4695955 0.0000000 0.4112055 0.3956777 0.3517903 0.2889184 0.2859556 0.3106767 0.4030826 0.3449225 0.3116789 0.3516285 0.3723181 
yHAB154_Kazachstania_transvaalensis         0.4310426 0.3797267 0.5223673 0.3842216 0.4115048 0.5568099 0.4969887 0.4558902 0.3395942 0.3301545 1.1536617 0.3473959 0.3591263 0.3580072 0.3741943 0.3663922 0.3605401 0.3568889 0.3804100 0.3520288 0.4057495 0.3375716 0.2750336 0.3198727 0.3392181 0.3218982 0.5751339 0.6058584 0.4112055 0.0000000 0.3515794 0.3648318 0.3478674 0.3159191 0.3263293 0.1571305 0.3473745 0.3218746 0.3460994 0.3829499 
yHAB155_Kazachstania_spencerorum            0.4047493 0.3289488 0.4906434 0.3402157 0.4177585 0.4912696 0.4771035 0.4111041 0.3109288 0.2748383 1.1644373 0.3419435 0.3291318 0.3369285 0.3373269 0.3602788 0.3355164 0.3363825 0.3342306 0.3192086 0.3429883 0.2807923 0.2545267 0.2477248 0.2741710 0.2831280 0.4989599 0.5662324 0.3956777 0.3515794 0.0000000 0.2566394 0.3277217 0.2371162 0.2949603 0.3102059 0.2902046 0.2817409 0.3153615 0.2925048 
yHAB158_Kazachstania_viticola               0.3599091 0.2747798 0.4497706 0.3013002 0.3557728 0.4700872 0.3981199 0.3525765 0.2674800 0.2389792 1.1098980 0.3086713 0.2900403 0.2946651 0.3078040 0.3054301 0.2975116 0.2941571 0.2926926 0.2713783 0.2814090 0.2846927 0.2242280 0.2223046 0.2727691 0.2493751 0.4867654 0.4778265 0.3517903 0.3648318 0.2566394 0.0000000 0.2601289 0.2164362 0.2445425 0.3113020 0.2613062 0.2438977 0.2666621 0.2766898 
yHAB159_Kazachstania_solicola               0.2984747 0.2942286 0.3434023 0.3646148 0.3140468 0.5176564 0.3523359 0.3429621 0.2771235 0.2584707 1.0952509 0.2699887 0.2596582 0.2607996 0.2738084 0.2650751 0.2683236 0.2640049 0.2796467 0.2960771 0.3167373 0.2940318 0.1316875 0.2481398 0.2395453 0.2033504 0.3414332 0.4771234 0.2889184 0.3478674 0.3277217 0.2601289 0.0000000 0.2168224 0.0635100 0.3015424 0.3048259 0.2775624 0.3204813 0.2831696 
yHAB160_Kazachstania_kunashirensis          0.2938663 0.2659276 0.4246567 0.2995982 0.3095501 0.4589574 0.3688909 0.3088926 0.2334769 0.2233865 1.1429572 0.2583951 0.2441276 0.2513390 0.2655674 0.2595758 0.2515516 0.2478825 0.2366095 0.2265578 0.2511729 0.2382105 0.1698040 0.1427315 0.2214021 0.1993336 0.4692524 0.5211443 0.2859556 0.3159191 0.2371162 0.2164362 0.2168224 0.0000000 0.1886200 0.2560593 0.2087600 0.1797604 0.2292157 0.2254505 
yHAB164_Kazachstania_aerobia                0.3140678 0.2815790 0.3674986 0.3471878 0.3227042 0.5088977 0.3611219 0.3487142 0.2523971 0.2378028 1.0984977 0.2616217 0.2389114 0.2489225 0.2639686 0.2679897 0.2523470 0.2475940 0.2652489 0.2701623 0.2970806 0.2698966 0.1116258 0.2226533 0.2205321 0.1782941 0.3824883 0.5126676 0.3106767 0.3263293 0.2949603 0.2445425 0.0635100 0.1886200 0.0000000 0.2715683 0.2829560 0.2566500 0.2887610 0.2568791 
yHAB166_Kazachstania_yakushimaensis         0.3693951 0.3548582 0.4992433 0.3491562 0.3743413 0.5436402 0.4690300 0.4146920 0.3260705 0.2952571 1.1288888 0.3174813 0.3172839 0.3342603 0.3303239 0.3459876 0.3302388 0.3311150 0.3223120 0.3098862 0.3497535 0.2889742 0.2363972 0.2712307 0.2921044 0.2690245 0.5436726 0.6180624 0.4030826 0.1571305 0.3102059 0.3113020 0.3015424 0.2560593 0.2715683 0.0000000 0.3091517 0.2723560 0.3152184 0.2968882 
yHMPu5000034875_Tetrapisispora_fleetii      0.3335956 0.3186623 0.4704959 0.3160145 0.3348765 0.4737969 0.3809717 0.3442900 0.2752110 0.2609390 1.1134679 0.2872353 0.2941531 0.2916620 0.3084017 0.3117987 0.3043727 0.2868002 0.2902627 0.1532408 0.2925381 0.2814094 0.2415667 0.2282230 0.2812748 0.2608823 0.4843125 0.5080524 0.3449225 0.3473745 0.2902046 0.2613062 0.3048259 0.2087600 0.2829560 0.3091517 0.0000000 0.1782156 0.0885980 0.2568068 
yHMPu5000034876_Tetrapisispora_iriomotensis 0.3202516 0.2837679 0.4287380 0.3147025 0.3177546 0.4879096 0.3622947 0.3218095 0.2434832 0.2515800 1.0655500 0.2555108 0.2602932 0.2539234 0.2704199 0.2810942 0.2712182 0.2516973 0.2471397 0.1857822 0.2758711 0.2594039 0.2187626 0.2012409 0.2452073 0.2446152 0.4715622 0.5030080 0.3116789 0.3218746 0.2817409 0.2438977 0.2775624 0.1797604 0.2566500 0.2723560 0.1782156 0.0000000 0.1843453 0.2439978 
yHMPu5000034877_Tetrapisispora_namnaonensis 0.3563214 0.3148351 0.4610605 0.3291099 0.3495927 0.4732248 0.4002638 0.3530686 0.2916613 0.2862169 1.1130441 0.3202519 0.3209722 0.3052038 0.3300041 0.3344871 0.3323986 0.3062399 0.3073154 0.1487130 0.3000626 0.2699001 0.2592318 0.2468056 0.2921190 0.2783164 0.5075952 0.5146135 0.3516285 0.3460994 0.3153615 0.2666621 0.3204813 0.2292157 0.2887610 0.3152184 0.0885980 0.1843453 0.0000000 0.2768977 
yHMPu5000035629_Yueomyces_sinensis          0.3336395 0.3425679 0.4796899 0.3291797 0.3683140 0.4824850 0.4186177 0.3753327 0.2767909 0.2713791 1.1149410 0.2847492 0.2893163 0.2751796 0.2983701 0.3244336 0.3058701 0.2748117 0.2236887 0.2658059 0.2852002 0.2976255 0.2408365 0.2569790 0.2584249 0.2515267 0.5290673 0.5626338 0.3723181 0.3829499 0.2925048 0.2766898 0.2831696 0.2254505 0.2568791 0.2968882 0.2568068 0.2439978 0.2768977 0.0000000 
