40
Candida_glabrata                            0.0000000 1.2989183 1.3504085 1.1638483 0.6514013 1.2909333 0.7245695 0.6067645 1.1470370 1.0767235 3.4800136 0.9578442 1.0082501 0.9878741 0.9683694 0.9607260 1.0053450 0.9793688 1.4534079 1.7648516 1.4416759 1.1221585 1.2702487 1.2372305 1.0665129 1.3471537 1.5296165 1.2667807 1.0820611 1.4164659 1.2821134 1.5394000 1.2679430 1.1494543 1.2768135 1.4895569 1.7208193 1.7924245 1.7347969 1.6824966 
Kazachstania_africana                       1.2989183 0.0000000 1.2361903 1.2993571 1.2676828 1.5330925 1.2939956 1.2081412 1.1620471 1.0022381 3.7248112 1.0661711 1.0720869 1.1068707 1.0890873 1.1063279 1.0474516 1.1270698 1.5061083 1.9475654 1.4061069 1.1461961 1.1821316 1.2023164 1.0169651 1.1873457 1.4277184 1.3462577 1.1040479 1.3084870 1.2168785 1.2738478 1.2502951 1.0533531 1.2363374 1.3106335 2.0341715 1.9081502 1.9965053 1.7367739 
Kazachstania_naganishii                     1.3504085 1.2361903 0.0000000 1.4315128 1.3755908 1.4294098 1.3168596 1.3276904 1.2391742 1.2241567 3.5682911 1.1932208 1.2060153 1.2443018 1.2060636 1.2195164 1.1964210 1.2700419 1.8168361 1.9430502 1.6033385 1.1846756 1.2685826 1.2996314 1.1040364 1.2211814 1.1499186 1.3223125 1.2031535 1.3696578 1.2583447 1.6424218 1.2452395 1.3129159 1.1955610 1.4819667 2.0383253 2.2531136 1.9600507 2.0074077 
Nakaseomyces_bacillisporus                  1.1638483 1.2993571 1.4315128 0.0000000 1.1120088 1.0617615 1.1105635 1.0518523 1.0818245 1.0424668 3.9176562 1.0750701 0.9597920 1.0194662 0.9639225 1.0101451 1.0223566 0.9988627 1.4155342 1.6935371 1.4702668 1.0829536 1.2237158 1.1419759 1.0387400 1.1153133 1.3855250 1.3396231 1.1528887 1.2980438 1.1199257 1.4455615 1.2547686 1.1424623 1.2456988 1.3662495 1.7111687 1.7431721 1.6767327 1.6148597 
Nakaseomyces_bracarensis                    0.6514013 1.2676828 1.3755908 1.1120088 0.0000000 1.1976422 0.4177132 0.3608082 1.1679964 1.0135268 3.2178808 1.0275392 0.9892458 1.0640453 0.9980950 0.9922664 0.9870930 1.0327615 1.4763646 1.7122208 1.3790626 1.1019984 1.2914027 1.2361456 1.0353378 1.2788008 1.4003987 1.2861893 1.1279719 1.4509320 1.2008656 1.5013681 1.2507586 1.1646514 1.2711817 1.4915821 1.8868413 1.7650286 1.8858697 1.6958836 
Nakaseomyces_castellii                      1.2909333 1.5330925 1.4294098 1.0617615 1.1976422 0.0000000 1.3005214 1.2600306 1.2226659 1.2390446 3.7104933 1.2626460 1.1684430 1.2395504 1.1894964 1.1936340 1.2058106 1.2755745 1.7306166 2.0214099 1.4650774 1.3773044 1.4383272 1.3198176 1.1784743 1.4347646 1.4564541 1.4053103 1.3964067 1.5360216 1.2857024 1.5733380 1.3600342 1.2849197 1.3693457 1.5767583 2.0142491 1.9449590 2.0358518 1.7365592 
Nakaseomyces_delphensis                     0.7245695 1.2939956 1.3168596 1.1105635 0.4177132 1.3005214 0.0000000 0.3584220 1.1744617 1.0860182 3.2906418 1.0403130 1.0135664 1.0659529 1.0665247 1.0384874 1.0093502 1.0591456 1.6838078 1.8477759 1.5026501 1.0960625 1.3526232 1.3126830 1.0797694 1.2447788 1.3834622 1.3597514 1.2319613 1.4549084 1.2366425 1.4971275 1.3447581 1.2875124 1.3511414 1.5252494 1.8695286 1.8759228 1.9647220 1.7694991 
Nakaseomyces_nivariensis                    0.6067645 1.2081412 1.3276904 1.0518523 0.3608082 1.2600306 0.3584220 0.0000000 1.0091901 0.9610908 3.1824314 0.9195098 0.9517534 0.9368731 0.9427139 0.9506717 0.9412164 0.9361533 1.4184537 1.7284154 1.3780963 1.0432835 1.2135292 1.1838560 0.9445167 1.1950538 1.3685871 1.2572440 1.0841455 1.3555484 1.2079911 1.4545636 1.1937178 1.1151576 1.1985348 1.4245394 1.7447380 1.7725472 1.8680528 1.5364285 
Naumovozyma_castellii                       1.1470370 1.1620471 1.2391742 1.0818245 1.1679964 1.2226659 1.1744617 1.0091901 0.0000000 0.7079275 3.6035377 0.8648576 0.8703184 0.8664764 0.8928079 0.8848772 0.8590781 0.9096913 1.4296999 1.7637890 1.4106787 0.8819737 1.2384218 1.0255602 0.9267305 1.1252397 1.2930441 1.4580138 0.9706939 1.3267867 1.0793309 1.3723556 1.2095649 0.9624675 1.1806226 1.2840509 1.7838902 1.7296843 1.8077464 1.6560425 
Naumovozyma_dairenensis                     1.0767235 1.0022381 1.2241567 1.0424668 1.0135268 1.2390446 1.0860182 0.9610908 0.7079275 0.0000000 3.5226074 0.8442100 0.8506125 0.8443325 0.8327361 0.8157176 0.8396823 0.8496698 1.2749550 1.6897738 1.2800519 0.9088265 1.0914108 0.9505798 0.8527697 1.0002273 1.4065504 1.3298774 0.9704026 1.2263665 1.0264652 1.3612433 1.1128141 0.8466248 1.1266249 1.1721353 1.8381909 1.7307106 1.7673327 1.5905274 
Neurospora_crassa                           3.4800136 3.7248112 3.5682911 3.9176562 3.2178808 3.7104933 3.2906418 3.1824314 3.6035377 3.5226074 0.0000000 3.4068167 3.2653692 3.4846203 3.3852680 3.4760284 3.3157322 3.4856524 4.0860617 4.1423737 3.8794313 3.2634672 3.0585324 3.8102548 3.4011273 3.2098885 3.3106715 3.9104185 3.5557036 3.5933626 3.8705005 3.9790543 3.2937792 4.2897583 3.2744609 3.6636762 4.0916782 3.9498582 4.2512516 4.2045774 
Saccharomyces_arboricola                    0.9578442 1.0661711 1.1932208 1.0750701 1.0275392 1.2626460 1.0403130 0.9195098 0.8648576 0.8442100 3.4068167 0.0000000 0.2786745 0.2678770 0.2479541 0.2824384 0.2675509 0.2563262 1.2170532 1.6931211 1.2826733 0.9246950 1.1345820 1.0682704 0.9694108 1.0634614 1.2450243 1.3647974 0.9070311 1.3253609 0.9626436 1.3150813 1.0951718 1.0017221 1.1123729 1.2945564 1.6707697 1.7552590 1.6726015 1.5793815 
Saccharomyces_cerevisiae                    1.0082501 1.0720869 1.2060153 0.9597920 0.9892458 1.1684430 1.0135664 0.9517534 0.8703184 0.8506125 3.2653692 0.2786745 0.0000000 0.3428904 0.2916952 0.2488011 0.1452921 0.3488160 1.2366900 1.6457121 1.3244416 0.8556592 1.1395136 1.0310211 0.9316626 1.0684771 1.2403219 1.3475933 0.8676711 1.3045907 0.9573022 1.3138211 1.0865897 0.9852040 1.1021169 1.2735309 1.6409504 1.7789777 1.6327018 1.4759877 
Saccharomyces_eubayanus                     0.9878741 1.1068707 1.2443018 1.0194662 1.0640453 1.2395504 1.0659529 0.9368731 0.8664764 0.8443325 3.4846203 0.2678770 0.3428904 0.0000000 0.3153247 0.3265605 0.3414841 0.1196705 1.1637669 1.7343635 1.2981485 0.9214042 1.1745556 1.0851398 0.9932343 1.1260443 1.2803851 1.3816632 0.8606814 1.3631729 1.0102023 1.3771428 1.1829821 1.0193084 1.2036332 1.3555412 1.6658194 1.7130864 1.6930443 1.5475943 
Saccharomyces_kudriavzevii                  0.9683694 1.0890873 1.2060636 0.9639225 0.9980950 1.1894964 1.0665247 0.9427139 0.8928079 0.8327361 3.3852680 0.2479541 0.2916952 0.3153247 0.0000000 0.2745668 0.2776121 0.3083141 1.1839308 1.7156135 1.3190487 0.9585279 1.1959416 1.0720441 0.9793303 1.0769063 1.2200708 1.3494389 0.8583776 1.2990905 1.0354732 1.3692210 1.1375969 0.9856029 1.1691222 1.3377581 1.6421238 1.7216230 1.6871095 1.5899479 
Saccharomyces_mikatae                       0.9607260 1.1063279 1.2195164 1.0101451 0.9922664 1.1936340 1.0384874 0.9506717 0.8848772 0.8157176 3.4760284 0.2824384 0.2488011 0.3265605 0.2745668 0.0000000 0.2273845 0.3232008 1.2303740 1.6760175 1.2677165 0.9291072 1.1869588 1.0785395 0.9505473 1.0878302 1.2835577 1.2962462 0.8834356 1.2923974 0.9820660 1.3931852 1.1622154 1.0109320 1.1706485 1.2902057 1.6417245 1.6665616 1.6713809 1.5706901 
Saccharomyces_paradoxus                     1.0053450 1.0474516 1.1964210 1.0223566 0.9870930 1.2058106 1.0093502 0.9412164 0.8590781 0.8396823 3.3157322 0.2675509 0.1452921 0.3414841 0.2776121 0.2273845 0.0000000 0.3193626 1.1859161 1.7059311 1.3208207 0.8648196 1.1296896 1.0544500 0.9571578 1.0550573 1.2562412 1.2859300 0.8823628 1.3016274 0.9640336 1.3393966 1.0925040 1.0160841 1.0833811 1.2661108 1.6606730 1.7213835 1.6642714 1.4998907 
Saccharomyces_uvarum                        0.9793688 1.1270698 1.2700419 0.9988627 1.0327615 1.2755745 1.0591456 0.9361533 0.9096913 0.8496698 3.4856524 0.2563262 0.3488160 0.1196705 0.3083141 0.3232008 0.3193626 0.0000000 1.1455617 1.6768232 1.3008324 0.9246733 1.1797431 1.0828797 0.9909802 1.1019903 1.2491078 1.3976779 0.8577860 1.3878854 0.9677311 1.3765197 1.1586243 1.0036742 1.1834572 1.3572797 1.6667889 1.6669167 1.6834717 1.5900585 
Tetrapisispora_blattae                      1.4534079 1.5061083 1.8168361 1.4155342 1.4763646 1.7306166 1.6838078 1.4184537 1.4296999 1.2749550 4.0860617 1.2170532 1.2366900 1.1637669 1.1839308 1.2303740 1.1859161 1.1455617 0.0000000 1.9500825 1.7570672 1.3921672 1.6358984 1.3876079 1.4417179 1.4895336 1.8990014 1.6716148 1.3431381 1.7232369 1.3891878 1.5847121 1.6298614 1.3369859 1.6089371 1.7668318 1.7599820 1.8700440 1.6972684 1.2060924 
Tetrapisispora_phaffii                      1.7648516 1.9475654 1.9430502 1.6935371 1.7122208 2.0214099 1.8477759 1.7284154 1.7637890 1.6897738 4.1423737 1.6931211 1.6457121 1.7343635 1.7156135 1.6760175 1.7059311 1.6768232 1.9500825 0.0000000 1.5205730 1.5632922 1.7936742 1.7375560 1.6701922 1.9386604 2.0834020 2.1060108 1.6534018 2.0303850 1.6484947 2.0889493 1.8712565 1.6949283 1.8538897 2.1049137 0.5019064 0.7844435 0.5051529 2.0291493 
Vanderwaltozyma_polyspora                   1.4416759 1.4061069 1.6033385 1.4702668 1.3790626 1.4650774 1.5026501 1.3780963 1.4106787 1.2800519 3.8794313 1.2826733 1.3244416 1.2981485 1.3190487 1.2677165 1.3208207 1.3008324 1.7570672 1.5205730 0.0000000 1.3878313 1.5180202 1.4198733 1.2940432 1.5883394 1.8908223 1.9006362 1.3125561 1.6854694 1.4844757 1.6761397 1.5198810 1.3671764 1.4811046 1.5834330 1.6552876 1.6459592 1.6114403 1.8748359 
yHAB132_Kazachstania_martiniae              1.1221585 1.1461961 1.1846756 1.0829536 1.1019984 1.3773044 1.0960625 1.0432835 0.8819737 0.9088265 3.2634672 0.9246950 0.8556592 0.9214042 0.9585279 0.9291072 0.8648196 0.9246733 1.3921672 1.5632922 1.3878313 0.0000000 1.0192837 1.0100582 0.8425691 0.9299607 1.2455013 1.1920083 0.9322487 1.1704379 0.9911385 1.2566219 1.0681248 0.9439711 1.0791681 1.2134598 1.5448376 1.4899037 1.5925880 1.4747988 
yHAB133_Kazachstania_unispora               1.2702487 1.1821316 1.2685826 1.2237158 1.2914027 1.4383272 1.3526232 1.2135292 1.2384218 1.0914108 3.0585324 1.1345820 1.1395136 1.1745556 1.1959416 1.1869588 1.1296896 1.1797431 1.6358984 1.7936742 1.5180202 1.0192837 0.0000000 1.1200221 0.7949760 0.3681896 1.2018417 1.4675200 1.2614268 0.8780915 1.1076917 1.1759590 0.2730915 1.1671902 0.2591240 0.8460775 1.8052629 1.7070994 1.6974761 1.7861191 
yHAB134_Kazachstania_turicensis             1.2372305 1.2023164 1.2996314 1.1419759 1.2361456 1.3198176 1.3126830 1.1838560 1.0255602 0.9505798 3.8102548 1.0682704 1.0310211 1.0851398 1.0720441 1.0785395 1.0544500 1.0828797 1.3876079 1.7375560 1.4198733 1.0100582 1.1200221 0.0000000 1.0228435 1.1112864 1.4319036 1.4194716 0.9965011 1.0695727 1.0503777 1.2314843 1.1656197 0.6484395 1.1296177 1.0503244 1.8505499 1.7505902 1.7225704 1.6021793 
yHAB136_Kazachstania_bromeliacearum         1.0665129 1.0169651 1.1040364 1.0387400 1.0353378 1.1784743 1.0797694 0.9445167 0.9267305 0.8527697 3.4011273 0.9694108 0.9316626 0.9932343 0.9793303 0.9505473 0.9571578 0.9909802 1.4417179 1.6701922 1.2940432 0.8425691 0.7949760 1.0228435 0.0000000 0.7960779 1.1167016 1.0865597 1.0192713 0.9992862 0.9731559 1.2156151 0.8121312 1.0287064 0.8368650 0.9757867 1.6317334 1.6762472 1.6365239 1.5288443 
yHAB143_Kazachstania_siamensis              1.3471537 1.1873457 1.2211814 1.1153133 1.2788008 1.4347646 1.2447788 1.1950538 1.1252397 1.0002273 3.2098885 1.0634614 1.0684771 1.1260443 1.0769063 1.0878302 1.0550573 1.1019903 1.4895336 1.9386604 1.5883394 0.9299607 0.3681896 1.1112864 0.7960779 0.0000000 1.1989782 1.3963310 1.2930294 0.8768124 1.1357939 1.0501914 0.4362290 1.1583674 0.4329133 0.8852606 1.9274666 1.8853133 1.8909941 1.7118978 
yHAB147_Kazachstania_taianensis             1.5296165 1.4277184 1.1499186 1.3855250 1.4003987 1.4564541 1.3834622 1.3685871 1.2930441 1.4065504 3.3106715 1.2450243 1.2403219 1.2803851 1.2200708 1.2835577 1.2562412 1.2491078 1.8990014 2.0834020 1.8908223 1.2455013 1.2018417 1.4319036 1.1167016 1.1989782 0.0000000 1.4321462 1.2644197 1.2683956 1.2935512 1.5792837 1.1564123 1.4131047 1.1833978 1.2613143 2.2915656 2.2556905 2.1449512 2.1177407 
yHAB148_Kazachstania_intestinalis           1.2667807 1.3462577 1.3223125 1.3396231 1.2861893 1.4053103 1.3597514 1.2572440 1.4580138 1.3298774 3.9104185 1.3647974 1.3475933 1.3816632 1.3494389 1.2962462 1.2859300 1.3976779 1.6716148 2.1060108 1.9006362 1.1920083 1.4675200 1.4194716 1.0865597 1.3963310 1.4321462 0.0000000 1.2579346 1.4891557 1.3413491 1.6102043 1.4733790 1.3165437 1.4837432 1.5650332 2.1881985 2.0683335 2.1343870 1.8800266 
yHAB153_Kazachstania_rosinii                1.0820611 1.1040479 1.2031535 1.1528887 1.1279719 1.3964067 1.2319613 1.0841455 0.9706939 0.9704026 3.5557036 0.9070311 0.8676711 0.8606814 0.8583776 0.8834356 0.8823628 0.8577860 1.3431381 1.6534018 1.3125561 0.9322487 1.2614268 0.9965011 1.0192713 1.2930294 1.2644197 1.2579346 0.0000000 1.3120226 0.9335564 1.4538758 1.2200515 0.9093874 1.2403317 1.2471809 1.5971335 1.6895704 1.6816299 1.5136756 
yHAB154_Kazachstania_transvaalensis         1.4164659 1.3084870 1.3696578 1.2980438 1.4509320 1.5360216 1.4549084 1.3555484 1.3267867 1.2263665 3.5933626 1.3253609 1.3045907 1.3631729 1.2990905 1.2923974 1.3016274 1.3878854 1.7232369 2.0303850 1.6854694 1.1704379 0.8780915 1.0695727 0.9992862 0.8768124 1.2683956 1.4891557 1.3120226 0.0000000 1.2485281 1.3508998 0.8946103 1.1867359 0.9087374 0.2961591 2.1064105 1.8601970 2.1265110 1.9168584 
yHAB155_Kazachstania_spencerorum            1.2821134 1.2168785 1.2583447 1.1199257 1.2008656 1.2857024 1.2366425 1.2079911 1.0793309 1.0264652 3.8705005 0.9626436 0.9573022 1.0102023 1.0354732 0.9820660 0.9640336 0.9677311 1.3891878 1.6484947 1.4844757 0.9911385 1.1076917 1.0503777 0.9731559 1.1357939 1.2935512 1.3413491 0.9335564 1.2485281 0.0000000 1.5739192 1.1192789 0.9284988 1.1194114 1.1893214 1.7790034 1.7881397 1.7581773 1.5723052 
yHAB158_Kazachstania_viticola               1.5394000 1.2738478 1.6424218 1.4455615 1.5013681 1.5733380 1.4971275 1.4545636 1.3723556 1.3612433 3.9790543 1.3150813 1.3138211 1.3771428 1.3692210 1.3931852 1.3393966 1.3765197 1.5847121 2.0889493 1.6761397 1.2566219 1.1759590 1.2314843 1.2156151 1.0501914 1.5792837 1.6102043 1.4538758 1.3508998 1.5739192 0.0000000 1.2126916 1.3236701 1.2217415 1.3176168 1.9998367 1.8135720 2.0244834 1.8634109 
yHAB159_Kazachstania_solicola               1.2679430 1.2502951 1.2452395 1.2547686 1.2507586 1.3600342 1.3447581 1.1937178 1.2095649 1.1128141 3.2937792 1.0951718 1.0865897 1.1829821 1.1375969 1.1622154 1.0925040 1.1586243 1.6298614 1.8712565 1.5198810 1.0681248 0.2730915 1.1656197 0.8121312 0.4362290 1.1564123 1.4733790 1.2200515 0.8946103 1.1192789 1.2126916 0.0000000 1.1783119 0.1055145 0.8516189 1.8879798 1.8748984 1.7531231 1.8624305 
yHAB160_Kazachstania_kunashirensis          1.1494543 1.0533531 1.3129159 1.1424623 1.1646514 1.2849197 1.2875124 1.1151576 0.9624675 0.8466248 4.2897583 1.0017221 0.9852040 1.0193084 0.9856029 1.0109320 1.0160841 1.0036742 1.3369859 1.6949283 1.3671764 0.9439711 1.1671902 0.6484395 1.0287064 1.1583674 1.4131047 1.3165437 0.9093874 1.1867359 0.9284988 1.3236701 1.1783119 0.0000000 1.1461863 1.1981210 1.9021166 1.7151498 1.8646224 1.5649697 
yHAB164_Kazachstania_aerobia                1.2768135 1.2363374 1.1955610 1.2456988 1.2711817 1.3693457 1.3511414 1.1985348 1.1806226 1.1266249 3.2744609 1.1123729 1.1021169 1.2036332 1.1691222 1.1706485 1.0833811 1.1834572 1.6089371 1.8538897 1.4811046 1.0791681 0.2591240 1.1296177 0.8368650 0.4329133 1.1833978 1.4837432 1.2403317 0.9087374 1.1194114 1.2217415 0.1055145 1.1461863 0.0000000 0.8576153 1.8285787 1.8716812 1.7440803 1.8422018 
yHAB166_Kazachstania_yakushimaensis         1.4895569 1.3106335 1.4819667 1.3662495 1.4915821 1.5767583 1.5252494 1.4245394 1.2840509 1.1721353 3.6636762 1.2945564 1.2735309 1.3555412 1.3377581 1.2902057 1.2661108 1.3572797 1.7668318 2.1049137 1.5834330 1.2134598 0.8460775 1.0503244 0.9757867 0.8852606 1.2613143 1.5650332 1.2471809 0.2961591 1.1893214 1.3176168 0.8516189 1.1981210 0.8576153 0.0000000 2.2284696 1.8871950 2.1696933 1.8593526 
yHMPu5000034875_Tetrapisispora_fleetii      1.7208193 2.0341715 2.0383253 1.7111687 1.8868413 2.0142491 1.8695286 1.7447380 1.7838902 1.8381909 4.0916782 1.6707697 1.6409504 1.6658194 1.6421238 1.6417245 1.6606730 1.6667889 1.7599820 0.5019064 1.6552876 1.5448376 1.8052629 1.8505499 1.6317334 1.9274666 2.2915656 2.1881985 1.5971335 2.1064105 1.7790034 1.9998367 1.8879798 1.9021166 1.8285787 2.2284696 0.0000000 0.7738152 0.3056423 1.9594606 
yHMPu5000034876_Tetrapisispora_iriomotensis 1.7924245 1.9081502 2.2531136 1.7431721 1.7650286 1.9449590 1.8759228 1.7725472 1.7296843 1.7307106 3.9498582 1.7552590 1.7789777 1.7130864 1.7216230 1.6665616 1.7213835 1.6669167 1.8700440 0.7844435 1.6459592 1.4899037 1.7070994 1.7505902 1.6762472 1.8853133 2.2556905 2.0683335 1.6895704 1.8601970 1.7881397 1.8135720 1.8748984 1.7151498 1.8716812 1.8871950 0.7738152 0.0000000 0.7877615 1.9685515 
yHMPu5000034877_Tetrapisispora_namnaonensis 1.7347969 1.9965053 1.9600507 1.6767327 1.8858697 2.0358518 1.9647220 1.8680528 1.8077464 1.7673327 4.2512516 1.6726015 1.6327018 1.6930443 1.6871095 1.6713809 1.6642714 1.6834717 1.6972684 0.5051529 1.6114403 1.5925880 1.6974761 1.7225704 1.6365239 1.8909941 2.1449512 2.1343870 1.6816299 2.1265110 1.7581773 2.0244834 1.7531231 1.8646224 1.7440803 2.1696933 0.3056423 0.7877615 0.0000000 2.0311816 
yHMPu5000035629_Yueomyces_sinensis          1.6824966 1.7367739 2.0074077 1.6148597 1.6958836 1.7365592 1.7694991 1.5364285 1.6560425 1.5905274 4.2045774 1.5793815 1.4759877 1.5475943 1.5899479 1.5706901 1.4998907 1.5900585 1.2060924 2.0291493 1.8748359 1.4747988 1.7861191 1.6021793 1.5288443 1.7118978 2.1177407 1.8800266 1.5136756 1.9168584 1.5723052 1.8634109 1.8624305 1.5649697 1.8422018 1.8593526 1.9594606 1.9685515 2.0311816 0.0000000 
