40
Candida_glabrata                            0.0000000 0.3050267 0.4830862 0.4008047 0.1972770 0.5763184 0.2642410 0.1691836 0.3017304 0.2917134 1.3545726 0.2929642 0.3255089 0.2725679 0.3300680 0.2954541 0.3132925 0.2969387 0.3037966 0.3026255 0.2974328 0.2881544 0.2844665 0.2779866 0.2691614 0.2593661 0.3596877 0.3932319 0.4532292 0.3509758 0.3075355 0.3087281 0.3459858 0.3091217 0.3696508 0.3596055 0.2722371 0.2651368 0.2830732 0.2813994 
Kazachstania_africana                       0.3050267 0.0000000 0.4867772 0.3345821 0.3164333 0.6342885 0.4432112 0.3468788 0.2608048 0.2658269 1.4575765 0.2970567 0.3140973 0.2856441 0.2956861 0.2753715 0.2899060 0.2789634 0.2949780 0.2545857 0.2816680 0.2329683 0.2118786 0.2671475 0.2354207 0.2147645 0.3262986 0.4348384 0.4192462 0.2575919 0.2548408 0.2511405 0.2876546 0.2199664 0.2941794 0.2355961 0.2079488 0.2520972 0.2557243 0.2568912 
Kazachstania_naganishii                     0.4830862 0.4867772 0.0000000 0.5171526 0.4448392 0.7365912 0.4672991 0.4678209 0.4242214 0.4992213 1.3452730 0.4072221 0.4495999 0.3930264 0.4535376 0.4693612 0.4284333 0.4059939 0.5240008 0.4708826 0.4784810 0.4449455 0.4338603 0.5043865 0.3885043 0.4453169 0.3625117 0.5161645 0.4599479 0.4502581 0.5125931 0.5106428 0.3856036 0.5311031 0.4871630 0.4820861 0.4644503 0.4749410 0.4968385 0.5379205 
Nakaseomyces_bacillisporus                  0.4008047 0.3345821 0.5171526 0.0000000 0.4121275 0.6188395 0.4708198 0.4363644 0.3036299 0.3672755 1.6206814 0.3550913 0.3776671 0.3377272 0.3729964 0.3630389 0.3689630 0.3444067 0.3509447 0.3366677 0.3147788 0.3347275 0.3328591 0.3266164 0.3350940 0.3163295 0.4500501 0.5933661 0.5598056 0.3071399 0.3216495 0.3194274 0.3879085 0.2880552 0.3852285 0.3070712 0.3095347 0.3023014 0.3165482 0.3449997 
Nakaseomyces_bracarensis                    0.1972770 0.3164333 0.4448392 0.4121275 0.0000000 0.5760603 0.2190381 0.1782433 0.3172291 0.2594298 1.2894403 0.3098215 0.3206924 0.3010671 0.3386403 0.3211939 0.3095492 0.3058532 0.3282098 0.2638677 0.2854329 0.2832597 0.2901750 0.2807702 0.3049108 0.2835593 0.3478771 0.4506970 0.5062008 0.3140424 0.3212079 0.3122614 0.3579993 0.3161014 0.3397650 0.3436866 0.2724175 0.2587757 0.2785291 0.2740055 
Nakaseomyces_castellii                      0.5763184 0.6342885 0.7365912 0.6188395 0.5760603 0.0000000 0.6059142 0.5768630 0.5622813 0.5614428 1.6588194 0.5771707 0.6270918 0.5749361 0.5873687 0.5593009 0.5754494 0.6169583 0.6039906 0.5868293 0.5395562 0.6207960 0.5870383 0.5549423 0.6354272 0.5589794 0.6233474 0.6494906 0.6751596 0.6189489 0.6512884 0.5636582 0.6565934 0.5831947 0.6384978 0.5961447 0.5888404 0.5701647 0.5567290 0.5501274 
Nakaseomyces_delphensis                     0.2642410 0.4432112 0.4672991 0.4708198 0.2190381 0.6059142 0.0000000 0.2338910 0.3604806 0.3488579 1.3237776 0.3737106 0.4089026 0.3821389 0.4007729 0.3761681 0.3871613 0.3724205 0.4344306 0.3745568 0.3899333 0.3688578 0.3526049 0.3954278 0.3815122 0.3383283 0.4305158 0.4880276 0.5627122 0.4113133 0.3940765 0.3786274 0.3727345 0.4012303 0.4350662 0.4274941 0.3918826 0.3609651 0.3793600 0.3555197 
Nakaseomyces_nivariensis                    0.1691836 0.3468788 0.4678209 0.4363644 0.1782433 0.5768630 0.2338910 0.0000000 0.2637633 0.2827662 1.1547455 0.3239396 0.3543786 0.3090427 0.3308852 0.3127848 0.3381175 0.3312617 0.3557421 0.3104943 0.3065393 0.3059309 0.3190857 0.3000993 0.2989699 0.3074633 0.3574778 0.4028118 0.5126023 0.3886959 0.3190152 0.3303088 0.3648403 0.3259759 0.4026516 0.3717342 0.2929831 0.2901101 0.3118006 0.3081726 
Naumovozyma_castellii                       0.3017304 0.2608048 0.4242214 0.3036299 0.3172291 0.5622813 0.3604806 0.2637633 0.0000000 0.1617194 1.4548641 0.2399618 0.2761195 0.2324865 0.2461845 0.2223054 0.2481095 0.2353349 0.2766398 0.2538852 0.1996726 0.2438915 0.1971404 0.2449756 0.1741843 0.2071176 0.3279637 0.3162666 0.4898755 0.2452439 0.1850844 0.2081640 0.2544692 0.2195260 0.2444744 0.2548146 0.2189290 0.2076342 0.2427697 0.2153512 
Naumovozyma_dairenensis                     0.2917134 0.2658269 0.4992213 0.3672755 0.2594298 0.5614428 0.3488579 0.2827662 0.1617194 0.0000000 1.4801078 0.2795591 0.2854473 0.2597727 0.2921526 0.2601208 0.2721452 0.2692418 0.2484117 0.2471434 0.2317066 0.2549004 0.1783180 0.2489639 0.1871372 0.1852567 0.3780492 0.3980677 0.5326275 0.2223538 0.2161079 0.2050546 0.2732048 0.2446917 0.2065813 0.2448609 0.2009514 0.2031217 0.2216792 0.1826412 
Neurospora_crassa                           1.3545726 1.4575765 1.3452730 1.6206814 1.2894403 1.6588194 1.3237776 1.1547455 1.4548641 1.4801078 0.0000000 1.3044502 1.3309449 1.2575394 1.4643010 1.5111537 1.4059173 1.2696884 1.6020943 1.3679816 1.4972768 1.3504853 1.4757698 1.5168565 1.4803282 1.5599523 1.3392223 1.5597067 1.1913074 1.6088037 1.6428416 1.4434302 1.2874605 1.5951201 1.5333466 1.5560963 1.4884376 1.4221208 1.5001501 1.4566864 
Saccharomyces_arboricola                    0.2929642 0.2970567 0.4072221 0.3550913 0.3098215 0.5771707 0.3737106 0.3239396 0.2399618 0.2795591 1.3044502 0.0000000 0.1615740 0.1211466 0.1281787 0.1323494 0.1366263 0.1198434 0.3045218 0.2871191 0.2665989 0.2420099 0.2369450 0.2742821 0.2287778 0.2463728 0.3290690 0.4145015 0.4022730 0.2985955 0.2625262 0.2324655 0.2736399 0.2327223 0.3061985 0.2952305 0.2697999 0.2498410 0.2800635 0.2819299 
Saccharomyces_cerevisiae                    0.3255089 0.3140973 0.4495999 0.3776671 0.3206924 0.6270918 0.4089026 0.3543786 0.2761195 0.2854473 1.3309449 0.1615740 0.0000000 0.1820110 0.1567629 0.1309186 0.0745109 0.1791475 0.3220403 0.3005959 0.3151430 0.2744999 0.2596352 0.2811554 0.2379714 0.2538821 0.3755836 0.4066193 0.4619740 0.3155892 0.2810480 0.2553704 0.3127990 0.2477695 0.3235398 0.3291664 0.2981785 0.2624665 0.3035518 0.2701514 
Saccharomyces_eubayanus                     0.2725679 0.2856441 0.3930264 0.3377272 0.3010671 0.5749361 0.3821389 0.3090427 0.2324865 0.2597727 1.2575394 0.1211466 0.1820110 0.0000000 0.1657726 0.1627582 0.1578537 0.0556410 0.2809921 0.2744052 0.2700958 0.2438583 0.2402917 0.2608824 0.2063029 0.2405813 0.3215845 0.3717503 0.4184670 0.2842824 0.2527476 0.2140222 0.2655145 0.2414702 0.2755686 0.3019933 0.2555224 0.2561827 0.2805122 0.2528247 
Saccharomyces_kudriavzevii                  0.3300680 0.2956861 0.4535376 0.3729964 0.3386403 0.5873687 0.4007729 0.3308852 0.2461845 0.2921526 1.4643010 0.1281787 0.1567629 0.1657726 0.0000000 0.1464652 0.1492304 0.1471063 0.3396142 0.3028171 0.3004168 0.2959783 0.2688210 0.2931289 0.2519184 0.2620886 0.3554964 0.4069479 0.4349365 0.3634513 0.2863883 0.2764760 0.3052238 0.2625185 0.3265964 0.3557586 0.3020052 0.2852767 0.3034851 0.2951789 
Saccharomyces_mikatae                       0.2954541 0.2753715 0.4693612 0.3630389 0.3211939 0.5593009 0.3761681 0.3127848 0.2223054 0.2601208 1.5111537 0.1323494 0.1309186 0.1627582 0.1464652 0.0000000 0.1139445 0.1480045 0.2818279 0.2810157 0.2835654 0.2498656 0.2307167 0.2620404 0.2181658 0.2202503 0.3531428 0.3628833 0.4664095 0.2961576 0.2436160 0.2252224 0.3047747 0.2174928 0.3141060 0.3035008 0.2692084 0.2522635 0.2656958 0.2532415 
Saccharomyces_paradoxus                     0.3132925 0.2899060 0.4284333 0.3689630 0.3095492 0.5754494 0.3871613 0.3381175 0.2481095 0.2721452 1.4059173 0.1366263 0.0745109 0.1578537 0.1492304 0.1139445 0.0000000 0.1463992 0.3049543 0.2848156 0.3021099 0.2671357 0.2547952 0.2771648 0.2323654 0.2478322 0.3577049 0.3828226 0.4446090 0.2996393 0.2756102 0.2561406 0.2995294 0.2357528 0.3049001 0.3187472 0.2802440 0.2607570 0.2917803 0.2687302 
Saccharomyces_uvarum                        0.2969387 0.2789634 0.4059939 0.3444067 0.3058532 0.6169583 0.3724205 0.3312617 0.2353349 0.2692418 1.2696884 0.1198434 0.1791475 0.0556410 0.1471063 0.1480045 0.1463992 0.0000000 0.2820015 0.2611986 0.2708285 0.2334597 0.2393524 0.2622994 0.2123488 0.2351421 0.3323578 0.3661109 0.4028323 0.3004438 0.2517246 0.2196921 0.2586329 0.2300632 0.2787568 0.3068228 0.2560889 0.2661181 0.2738340 0.2544243 
Tetrapisispora_blattae                      0.3037966 0.2949780 0.5240008 0.3509447 0.3282098 0.6039906 0.4344306 0.3557421 0.2766398 0.2484117 1.6020943 0.3045218 0.3220403 0.2809921 0.3396142 0.2818279 0.3049543 0.2820015 0.0000000 0.2379814 0.2832198 0.2570594 0.2114401 0.2677857 0.2495651 0.2089234 0.4168333 0.4217507 0.4691521 0.2523787 0.2453544 0.2111385 0.3121066 0.2486164 0.2779011 0.2831603 0.2105724 0.2371155 0.2438518 0.1904899 
Tetrapisispora_phaffii                      0.3026255 0.2545857 0.4708826 0.3366677 0.2638677 0.5868293 0.3745568 0.3104943 0.2538852 0.2471434 1.3679816 0.2871191 0.3005959 0.2744052 0.3028171 0.2810157 0.2848156 0.2611986 0.2379814 0.0000000 0.2114052 0.2171418 0.2166231 0.2314194 0.2780215 0.2072860 0.3135311 0.3936074 0.4083194 0.2331927 0.2520570 0.2419708 0.2696484 0.2077179 0.2610821 0.2604854 0.1319326 0.1634598 0.1763336 0.2412364 
Vanderwaltozyma_polyspora                   0.2974328 0.2816680 0.4784810 0.3147788 0.2854329 0.5395562 0.3899333 0.3065393 0.1996726 0.2317066 1.4972768 0.2665989 0.3151430 0.2700958 0.3004168 0.2835654 0.3021099 0.2708285 0.2832198 0.2114052 0.0000000 0.2332243 0.2115262 0.2704455 0.2331673 0.2147961 0.3272686 0.3603167 0.4744723 0.2653402 0.2263116 0.2393574 0.2746297 0.2349773 0.2583258 0.2690323 0.1984038 0.1933443 0.2067903 0.2388169 
yHAB132_Kazachstania_martiniae              0.2881544 0.2329683 0.4449455 0.3347275 0.2832597 0.6207960 0.3688578 0.3059309 0.2438915 0.2549004 1.3504853 0.2420099 0.2744999 0.2438583 0.2959783 0.2498656 0.2671357 0.2334597 0.2570594 0.2171418 0.2332243 0.0000000 0.1819992 0.1998122 0.2159417 0.1954372 0.3302678 0.4004017 0.4270816 0.2361767 0.1992175 0.1875813 0.2768622 0.1669015 0.2647611 0.2421605 0.2150815 0.2179704 0.2445552 0.2233154 
yHAB133_Kazachstania_unispora               0.2844665 0.2118786 0.4338603 0.3328591 0.2901750 0.5870383 0.3526049 0.3190857 0.1971404 0.1783180 1.4757698 0.2369450 0.2596352 0.2402917 0.2688210 0.2307167 0.2547952 0.2393524 0.2114401 0.2166231 0.2115262 0.1819992 0.0000000 0.1854899 0.1522854 0.1041739 0.2913530 0.3904477 0.4672748 0.1661140 0.1880727 0.1631639 0.1503486 0.1700404 0.1367240 0.1911234 0.1839153 0.1627847 0.1960736 0.1536873 
yHAB134_Kazachstania_turicensis             0.2779866 0.2671475 0.5043865 0.3266164 0.2807702 0.5549423 0.3954278 0.3000993 0.2449756 0.2489639 1.5168565 0.2742821 0.2811554 0.2608824 0.2931289 0.2620404 0.2771648 0.2622994 0.2677857 0.2314194 0.2704455 0.1998122 0.1854899 0.0000000 0.1881708 0.1868586 0.3346975 0.3662383 0.4188900 0.2437459 0.1697045 0.1680601 0.2626633 0.1515043 0.2504149 0.2258227 0.2059007 0.2264717 0.2421772 0.2286741 
yHAB136_Kazachstania_bromeliacearum         0.2691614 0.2354207 0.3885043 0.3350940 0.3049108 0.6354272 0.3815122 0.2989699 0.1741843 0.1871372 1.4803282 0.2287778 0.2379714 0.2063029 0.2519184 0.2181658 0.2323654 0.2123488 0.2495651 0.2780215 0.2331673 0.2159417 0.1522854 0.1881708 0.0000000 0.1724387 0.3075008 0.3974681 0.4958885 0.2031612 0.1935038 0.1875015 0.2211865 0.2044006 0.2237929 0.2405884 0.2195354 0.2096366 0.2488951 0.1939868 
yHAB143_Kazachstania_siamensis              0.2593661 0.2147645 0.4453169 0.3163295 0.2835593 0.5589794 0.3383283 0.3074633 0.2071176 0.1852567 1.5599523 0.2463728 0.2538821 0.2405813 0.2620886 0.2202503 0.2478322 0.2351421 0.2089234 0.2072860 0.2147961 0.1954372 0.1041739 0.1868586 0.1724387 0.0000000 0.3207022 0.3659544 0.4475512 0.1562296 0.1846093 0.1481215 0.2062877 0.1708543 0.1628400 0.1681136 0.1831779 0.1892369 0.2131801 0.1486588 
yHAB147_Kazachstania_taianensis             0.3596877 0.3262986 0.3625117 0.4500501 0.3478771 0.6233474 0.4305158 0.3574778 0.3279637 0.3780492 1.3392223 0.3290690 0.3755836 0.3215845 0.3554964 0.3531428 0.3577049 0.3323578 0.4168333 0.3135311 0.3272686 0.3302678 0.2913530 0.3346975 0.3075008 0.3207022 0.0000000 0.4136268 0.4821447 0.3428384 0.3782421 0.3914483 0.2901924 0.3423938 0.3602520 0.3711737 0.3207212 0.3360567 0.3251648 0.3898033 
yHAB148_Kazachstania_intestinalis           0.3932319 0.4348384 0.5161645 0.5933661 0.4506970 0.6494906 0.4880276 0.4028118 0.3162666 0.3980677 1.5597067 0.4145015 0.4066193 0.3717503 0.4069479 0.3628833 0.3828226 0.3661109 0.4217507 0.3936074 0.3603167 0.4004017 0.3904477 0.3662383 0.3974681 0.3659544 0.4136268 0.0000000 0.5787358 0.4202753 0.3598898 0.3688502 0.3603148 0.4026986 0.4147706 0.3980796 0.4003202 0.3704943 0.4207732 0.4383956 
yHAB153_Kazachstania_rosinii                0.4532292 0.4192462 0.4599479 0.5598056 0.5062008 0.6751596 0.5627122 0.5126023 0.4898755 0.5326275 1.1913074 0.4022730 0.4619740 0.4184670 0.4349365 0.4664095 0.4446090 0.4028323 0.4691521 0.4083194 0.4744723 0.4270816 0.4672748 0.4188900 0.4958885 0.4475512 0.4821447 0.5787358 0.0000000 0.5138874 0.4573285 0.4419273 0.3882859 0.4418421 0.4975476 0.4687627 0.4251506 0.4465284 0.4124508 0.4833565 
yHAB154_Kazachstania_transvaalensis         0.3509758 0.2575919 0.4502581 0.3071399 0.3140424 0.6189489 0.4113133 0.3886959 0.2452439 0.2223538 1.6088037 0.2985955 0.3155892 0.2842824 0.3634513 0.2961576 0.2996393 0.3004438 0.2523787 0.2331927 0.2653402 0.2361767 0.1661140 0.2437459 0.2031612 0.1562296 0.3428384 0.4202753 0.5138874 0.0000000 0.2020951 0.2195458 0.2796209 0.2160012 0.2345433 0.0839541 0.2224691 0.2321841 0.2621930 0.2163628 
yHAB155_Kazachstania_spencerorum            0.3075355 0.2548408 0.5125931 0.3216495 0.3212079 0.6512884 0.3940765 0.3190152 0.1850844 0.2161079 1.6428416 0.2625262 0.2810480 0.2527476 0.2863883 0.2436160 0.2756102 0.2517246 0.2453544 0.2520570 0.2263116 0.1992175 0.1880727 0.1697045 0.1935038 0.1846093 0.3782421 0.3598898 0.4573285 0.2020951 0.0000000 0.1680577 0.2795716 0.1688964 0.2383850 0.2093117 0.1951558 0.2203431 0.2158629 0.1905272 
yHAB158_Kazachstania_viticola               0.3087281 0.2511405 0.5106428 0.3194274 0.3122614 0.5636582 0.3786274 0.3303088 0.2081640 0.2050546 1.4434302 0.2324655 0.2553704 0.2140222 0.2764760 0.2252224 0.2561406 0.2196921 0.2111385 0.2419708 0.2393574 0.1875813 0.1631639 0.1680601 0.1875015 0.1481215 0.3914483 0.3688502 0.4419273 0.2195458 0.1680577 0.0000000 0.2660702 0.1684120 0.2240685 0.2168094 0.2053030 0.2081185 0.2372201 0.1708155 
yHAB159_Kazachstania_solicola               0.3459858 0.2876546 0.3856036 0.3879085 0.3579993 0.6565934 0.3727345 0.3648403 0.2544692 0.2732048 1.2874605 0.2736399 0.3127990 0.2655145 0.3052238 0.3047747 0.2995294 0.2586329 0.3121066 0.2696484 0.2746297 0.2768622 0.1503486 0.2626633 0.2211865 0.2062877 0.2901924 0.3603148 0.3882859 0.2796209 0.2795716 0.2660702 0.0000000 0.2696366 0.1190497 0.2575051 0.2765550 0.2799404 0.2823071 0.2641258 
yHAB160_Kazachstania_kunashirensis          0.3091217 0.2199664 0.5311031 0.2880552 0.3161014 0.5831947 0.4012303 0.3259759 0.2195260 0.2446917 1.5951201 0.2327223 0.2477695 0.2414702 0.2625185 0.2174928 0.2357528 0.2300632 0.2486164 0.2077179 0.2349773 0.1669015 0.1700404 0.1515043 0.2044006 0.1708543 0.3423938 0.4026986 0.4418421 0.2160012 0.1688964 0.1684120 0.2696366 0.0000000 0.2598347 0.2142923 0.1890236 0.2055451 0.2212886 0.1795177 
yHAB164_Kazachstania_aerobia                0.3696508 0.2941794 0.4871630 0.3852285 0.3397650 0.6384978 0.4350662 0.4026516 0.2444744 0.2065813 1.5333466 0.3061985 0.3235398 0.2755686 0.3265964 0.3141060 0.3049001 0.2787568 0.2779011 0.2610821 0.2583258 0.2647611 0.1367240 0.2504149 0.2237929 0.1628400 0.3602520 0.4147706 0.4975476 0.2345433 0.2383850 0.2240685 0.1190497 0.2598347 0.0000000 0.2291228 0.2412243 0.2574209 0.2542740 0.2027330 
yHAB166_Kazachstania_yakushimaensis         0.3596055 0.2355961 0.4820861 0.3070712 0.3436866 0.5961447 0.4274941 0.3717342 0.2548146 0.2448609 1.5560963 0.2952305 0.3291664 0.3019933 0.3557586 0.3035008 0.3187472 0.3068228 0.2831603 0.2604854 0.2690323 0.2421605 0.1911234 0.2258227 0.2405884 0.1681136 0.3711737 0.3980796 0.4687627 0.0839541 0.2093117 0.2168094 0.2575051 0.2142923 0.2291228 0.0000000 0.2347721 0.2385437 0.2751515 0.2237214 
yHMPu5000034875_Tetrapisispora_fleetii      0.2722371 0.2079488 0.4644503 0.3095347 0.2724175 0.5888404 0.3918826 0.2929831 0.2189290 0.2009514 1.4884376 0.2697999 0.2981785 0.2555224 0.3020052 0.2692084 0.2802440 0.2560889 0.2105724 0.1319326 0.1984038 0.2150815 0.1839153 0.2059007 0.2195354 0.1831779 0.3207212 0.4003202 0.4251506 0.2224691 0.1951558 0.2053030 0.2765550 0.1890236 0.2412243 0.2347721 0.0000000 0.1216125 0.1139867 0.1849442 
yHMPu5000034876_Tetrapisispora_iriomotensis 0.2651368 0.2520972 0.4749410 0.3023014 0.2587757 0.5701647 0.3609651 0.2901101 0.2076342 0.2031217 1.4221208 0.2498410 0.2624665 0.2561827 0.2852767 0.2522635 0.2607570 0.2661181 0.2371155 0.1634598 0.1933443 0.2179704 0.1627847 0.2264717 0.2096366 0.1892369 0.3360567 0.3704943 0.4465284 0.2321841 0.2203431 0.2081185 0.2799404 0.2055451 0.2574209 0.2385437 0.1216125 0.0000000 0.1526560 0.1871764 
yHMPu5000034877_Tetrapisispora_namnaonensis 0.2830732 0.2557243 0.4968385 0.3165482 0.2785291 0.5567290 0.3793600 0.3118006 0.2427697 0.2216792 1.5001501 0.2800635 0.3035518 0.2805122 0.3034851 0.2656958 0.2917803 0.2738340 0.2438518 0.1763336 0.2067903 0.2445552 0.1960736 0.2421772 0.2488951 0.2131801 0.3251648 0.4207732 0.4124508 0.2621930 0.2158629 0.2372201 0.2823071 0.2212886 0.2542740 0.2751515 0.1139867 0.1526560 0.0000000 0.2067789 
yHMPu5000035629_Yueomyces_sinensis          0.2813994 0.2568912 0.5379205 0.3449997 0.2740055 0.5501274 0.3555197 0.3081726 0.2153512 0.1826412 1.4566864 0.2819299 0.2701514 0.2528247 0.2951789 0.2532415 0.2687302 0.2544243 0.1904899 0.2412364 0.2388169 0.2233154 0.1536873 0.2286741 0.1939868 0.1486588 0.3898033 0.4383956 0.4833565 0.2163628 0.1905272 0.1708155 0.2641258 0.1795177 0.2027330 0.2237214 0.1849442 0.1871764 0.2067789 0.0000000 
