40
Candida_glabrata                            0.0000000 1.4628680 1.7297349 1.6220619 0.9412900 1.9667854 1.0493712 0.9534732 1.3289684 1.5917609 4.0450883 1.4438026 1.3765142 1.4107413 1.4737238 1.4548427 1.3387017 1.4403321 1.6777379 1.6773187 1.6256917 1.4839568 1.6503222 1.5939507 1.5296469 1.7192498 1.5839241 1.6382057 1.5450107 1.6139422 1.6338520 1.4843744 1.7184479 1.5119541 1.7304994 1.6830762 1.7040863 1.6972746 1.6539694 1.7267905 
Kazachstania_africana                       1.4628680 0.0000000 1.3909473 1.5160394 1.4235578 2.0012742 1.4821988 1.3655969 1.3988420 1.4101925 4.1599957 1.3045423 1.3340478 1.2606181 1.3172021 1.3370139 1.2976111 1.2821876 1.4609433 1.6233658 1.4772518 1.2487729 1.3090488 1.2725941 1.1681666 1.3827287 1.4067010 1.4885401 1.1060036 1.5014810 1.2728678 1.1599103 1.3515045 1.2606008 1.3330431 1.5711166 1.6935530 1.5897201 1.6917702 1.5260117 
Kazachstania_naganishii                     1.7297349 1.3909473 0.0000000 1.7846399 1.7528770 2.1520483 1.8435512 1.6554387 1.5908439 1.6146605 3.9740464 1.5060074 1.5845506 1.5004867 1.5306289 1.5216152 1.5639622 1.5097073 1.6910039 1.9396887 1.6884702 1.3149502 1.2799821 1.4705807 1.1738152 1.2303943 1.1366795 1.4375078 1.4003326 1.4780602 1.5097852 1.5206768 1.3136445 1.5236130 1.3057786 1.5165985 1.9478077 1.8656681 1.9466014 1.8277695 
Nakaseomyces_bacillisporus                  1.6220619 1.5160394 1.7846399 0.0000000 1.6097099 1.6461235 1.5093152 1.5198572 1.4356006 1.5710608 4.3073188 1.4383103 1.4527925 1.4854356 1.4275879 1.4685879 1.4979539 1.4892353 1.5355162 1.7302053 1.5791545 1.4949698 1.5900160 1.5852944 1.5742365 1.7144962 1.8469096 1.6585551 1.5644877 1.8872730 1.6375733 1.5850397 1.6625962 1.6188694 1.6750198 1.9221019 1.7575476 1.7174370 1.7953082 1.6196272 
Nakaseomyces_bracarensis                    0.9412900 1.4235578 1.7528770 1.6097099 0.0000000 1.9073372 0.5993477 0.5468647 1.4040561 1.5404579 4.0685073 1.4505292 1.4663315 1.4482734 1.4916396 1.4461670 1.4327327 1.4453579 1.5864719 1.7821422 1.6185079 1.4189532 1.6046820 1.5909240 1.4700553 1.5973958 1.5719473 1.7203761 1.5245279 1.6858250 1.6066379 1.3900947 1.5956842 1.5505092 1.6092075 1.6723263 1.7681915 1.7129634 1.7306234 1.6382549 
Nakaseomyces_castellii                      1.9667854 2.0012742 2.1520483 1.6461235 1.9073372 0.0000000 1.8064821 1.8213806 2.0664006 2.0579783 4.4477657 1.8210351 1.8465037 1.7691115 1.8708854 1.8606338 1.8110487 1.7280825 2.0714308 2.1121032 2.0233007 1.9661519 1.9807298 2.1343779 2.0386862 1.9823450 2.0681765 2.0966751 1.8635158 2.1336055 2.1518840 1.9778802 2.1429324 2.0470600 2.1136996 2.0806472 2.1348531 2.0405191 2.1459642 2.2541591 
Nakaseomyces_delphensis                     1.0493712 1.4821988 1.8435512 1.5093152 0.5993477 1.8064821 0.0000000 0.4877586 1.4645029 1.5253932 4.1655844 1.5329868 1.4995719 1.4880408 1.5463130 1.5446652 1.4714631 1.4801178 1.6168478 1.7254161 1.5986064 1.4601249 1.5667703 1.6040397 1.4580461 1.5368607 1.5771084 1.6822217 1.4607533 1.5871168 1.5561722 1.4781649 1.5368582 1.5420030 1.5625492 1.6248622 1.6908129 1.7544896 1.7429437 1.6815644 
Nakaseomyces_nivariensis                    0.9534732 1.3655969 1.6554387 1.5198572 0.5468647 1.8213806 0.4877586 0.0000000 1.3547939 1.5250867 4.0435122 1.3412708 1.3591040 1.3361420 1.4142416 1.3766973 1.3311482 1.3272130 1.4995250 1.6622740 1.4839196 1.3464624 1.5035102 1.5504744 1.4099774 1.5315561 1.5692710 1.6072010 1.4230797 1.5983162 1.4311701 1.4631915 1.4754223 1.4809797 1.4935934 1.6288968 1.6308803 1.6338366 1.7163217 1.5032395 
Naumovozyma_castellii                       1.3289684 1.3988420 1.5908439 1.4356006 1.4040561 2.0664006 1.4645029 1.3547939 0.0000000 1.0182831 3.8835142 1.3165096 1.2601134 1.2848514 1.2897211 1.2755856 1.3038943 1.2732312 1.4558434 1.5063827 1.4383008 1.2942524 1.4329677 1.5008870 1.3023617 1.5163565 1.5468047 1.4413759 1.3405728 1.5192575 1.4681327 1.3580723 1.5390510 1.4567601 1.5181246 1.5616885 1.4867695 1.4888329 1.5317716 1.4815522 
Naumovozyma_dairenensis                     1.5917609 1.4101925 1.6146605 1.5710608 1.5404579 2.0579783 1.5253932 1.5250867 1.0182831 0.0000000 4.2577485 1.4126653 1.3784698 1.4376298 1.4653815 1.4448125 1.3967031 1.4219229 1.5139665 1.6440850 1.5609600 1.3998116 1.5256304 1.5660558 1.4155989 1.5734997 1.6322663 1.5201887 1.3582160 1.6413196 1.4559797 1.3815838 1.5057733 1.5437078 1.5435760 1.6131299 1.7515979 1.5948936 1.6731600 1.5478685 
Neurospora_crassa                           4.0450883 4.1599957 3.9740464 4.3073188 4.0685073 4.4477657 4.1655844 4.0435122 3.8835142 4.2577485 0.0000000 3.9256486 3.9102774 3.9025096 3.9400095 3.8633070 3.7951901 3.9067060 4.3993948 4.1694421 3.9307674 3.9256887 4.1415318 4.3036046 4.2200923 4.0904704 4.2577430 4.3243958 4.0897768 4.0851830 4.4159497 4.1438844 4.3216806 4.3393075 4.2382264 4.2677081 4.4754084 4.3221492 4.6435739 4.2176817 
Saccharomyces_arboricola                    1.4438026 1.3045423 1.5060074 1.4383103 1.4505292 1.8210351 1.5329868 1.3412708 1.3165096 1.4126653 3.9256486 0.0000000 0.2973694 0.2750394 0.2503616 0.3238142 0.2951996 0.2600893 1.4624055 1.5358501 1.3918593 1.3094383 1.5360671 1.5767496 1.4445974 1.5644531 1.5392848 1.5091664 1.3138532 1.6231822 1.4848158 1.5264587 1.6115483 1.5057014 1.5995780 1.6430939 1.4751695 1.5807137 1.5073636 1.5529324 
Saccharomyces_cerevisiae                    1.3765142 1.3340478 1.5845506 1.4527925 1.4663315 1.8465037 1.4995719 1.3591040 1.2601134 1.3784698 3.9102774 0.2973694 0.0000000 0.3180023 0.2856890 0.2618467 0.1397885 0.3321213 1.4345036 1.5135967 1.3545912 1.3629504 1.5054989 1.5363993 1.4074263 1.5488736 1.5477791 1.5745289 1.3293209 1.6206713 1.4679465 1.5039371 1.6106757 1.4768444 1.6200729 1.6092007 1.5139270 1.5891975 1.5196876 1.4774818 
Saccharomyces_eubayanus                     1.4107413 1.2606181 1.5004867 1.4854356 1.4482734 1.7691115 1.4880408 1.3361420 1.2848514 1.4376298 3.9025096 0.2750394 0.3180023 0.0000000 0.2739561 0.3355311 0.3079750 0.0976581 1.5239107 1.5307540 1.4415706 1.3769077 1.5738714 1.5048681 1.4028962 1.5177786 1.4378044 1.4724544 1.2826666 1.6323304 1.5297366 1.5350786 1.6593993 1.4418297 1.6696328 1.6518543 1.5131906 1.5422674 1.5269093 1.5976491 
Saccharomyces_kudriavzevii                  1.4737238 1.3172021 1.5306289 1.4275879 1.4916396 1.8708854 1.5463130 1.4142416 1.2897211 1.4653815 3.9400095 0.2503616 0.2856890 0.2739561 0.0000000 0.2987971 0.2608788 0.2759732 1.4588623 1.5311076 1.4228272 1.3376673 1.5294092 1.5330134 1.4335175 1.5921176 1.5339170 1.5321798 1.2954498 1.6388955 1.5106506 1.4984123 1.6097029 1.4341634 1.6151038 1.6860657 1.5346837 1.5806448 1.5153039 1.5825950 
Saccharomyces_mikatae                       1.4548427 1.3370139 1.5216152 1.4685879 1.4461670 1.8606338 1.5446652 1.3766973 1.2755856 1.4448125 3.8633070 0.3238142 0.2618467 0.3355311 0.2987971 0.0000000 0.2434515 0.3397230 1.4642173 1.5529194 1.3716643 1.3849200 1.5405027 1.5973735 1.4278627 1.5907183 1.5811515 1.5560719 1.3146655 1.6498669 1.5451055 1.5387251 1.6077328 1.5093181 1.6156779 1.6472551 1.5129340 1.5585063 1.5448195 1.5023206 
Saccharomyces_paradoxus                     1.3387017 1.2976111 1.5639622 1.4979539 1.4327327 1.8110487 1.4714631 1.3311482 1.3038943 1.3967031 3.7951901 0.2951996 0.1397885 0.3079750 0.2608788 0.2434515 0.0000000 0.3140271 1.4019500 1.5532320 1.3423332 1.3566930 1.5066599 1.5664183 1.4020865 1.5105723 1.5234681 1.5549909 1.3336667 1.6325169 1.5169022 1.4991903 1.5733396 1.4261039 1.5980883 1.6139297 1.4988446 1.5253937 1.5281889 1.4778272 
Saccharomyces_uvarum                        1.4403321 1.2821876 1.5097073 1.4892353 1.4453579 1.7280825 1.4801178 1.3272130 1.2732312 1.4219229 3.9067060 0.2600893 0.3321213 0.0976581 0.2759732 0.3397230 0.3140271 0.0000000 1.5210040 1.5668900 1.4417403 1.3750463 1.5740710 1.5486970 1.4169626 1.5098470 1.4414707 1.4497165 1.2755562 1.5889837 1.5727282 1.5348856 1.6496474 1.4579204 1.6415308 1.6437217 1.5133080 1.5421921 1.5099957 1.6069333 
Tetrapisispora_blattae                      1.6777379 1.4609433 1.6910039 1.5355162 1.5864719 2.0714308 1.6168478 1.4995250 1.4558434 1.5139665 4.3993948 1.4624055 1.4345036 1.5239107 1.4588623 1.4642173 1.4019500 1.5210040 0.0000000 1.3935035 1.2314077 1.3799332 1.6535923 1.5663605 1.5758636 1.7453360 1.7120218 1.6484559 1.5701727 1.8111968 1.6183225 1.5869185 1.6672356 1.6429888 1.6620771 1.7940114 1.3699784 1.3554520 1.3834696 0.7312349 
Tetrapisispora_phaffii                      1.6773187 1.6233658 1.9396887 1.7302053 1.7821422 2.1121032 1.7254161 1.6622740 1.5063827 1.6440850 4.1694421 1.5358501 1.5135967 1.5307540 1.5311076 1.5529194 1.5532320 1.5668900 1.3935035 0.0000000 1.1174257 1.5588258 1.7072393 1.7082662 1.6706122 1.8036198 1.9198719 1.7859313 1.6256085 1.8991135 1.6519303 1.5920342 1.7679383 1.5915318 1.7182760 1.8030184 0.4346782 0.6110813 0.3853830 1.3718589 
Vanderwaltozyma_polyspora                   1.6256917 1.4772518 1.6884702 1.5791545 1.6185079 2.0233007 1.5986064 1.4839196 1.4383008 1.5609600 3.9307674 1.3918593 1.3545912 1.4415706 1.4228272 1.3716643 1.3423332 1.4417403 1.2314077 1.1174257 0.0000000 1.3801858 1.5790390 1.7090845 1.4728067 1.6164643 1.7968344 1.6102004 1.5095429 1.6990106 1.6578280 1.5616577 1.6021962 1.6632842 1.5963417 1.7143743 1.1713310 1.1521663 1.1111325 1.2153972 
yHAB132_Kazachstania_martiniae              1.4839568 1.2487729 1.3149502 1.4949698 1.4189532 1.9661519 1.4601249 1.3464624 1.2942524 1.3998116 3.9256887 1.3094383 1.3629504 1.3769077 1.3376673 1.3849200 1.3566930 1.3750463 1.3799332 1.5588258 1.3801858 0.0000000 1.1690714 1.2285015 1.1092304 1.2197911 1.3209733 1.3422612 1.1900539 1.4188203 1.1790620 1.2031205 1.2072139 1.2322724 1.2177719 1.3974730 1.6535682 1.5250745 1.6336795 1.3929058 
yHAB133_Kazachstania_unispora               1.6503222 1.3090488 1.2799821 1.5900160 1.6046820 1.9807298 1.5667703 1.5035102 1.4329677 1.5256304 4.1415318 1.5360671 1.5054989 1.5738714 1.5294092 1.5405027 1.5066599 1.5740710 1.6535923 1.7072393 1.5790390 1.1690714 0.0000000 1.3677265 1.0630703 0.4922824 1.2648949 1.4969935 1.2457653 1.3134394 1.2433255 1.3902017 0.3570058 1.3018014 0.3491379 1.2818653 1.7444191 1.6887024 1.7525754 1.5856745 
yHAB134_Kazachstania_turicensis             1.5939507 1.2725941 1.4705807 1.5852944 1.5909240 2.1343779 1.6040397 1.5504744 1.5008870 1.5660558 4.3036046 1.5767496 1.5363993 1.5048681 1.5330134 1.5973735 1.5664183 1.5486970 1.5663605 1.7082662 1.7090845 1.2285015 1.3677265 0.0000000 1.3571287 1.3535609 1.4595992 1.4770460 1.1395527 1.6351232 1.0907166 1.2748355 1.3955423 0.7941562 1.3740840 1.5053602 1.7110694 1.7712301 1.7064998 1.5699906 
yHAB136_Kazachstania_bromeliacearum         1.5296469 1.1681666 1.1738152 1.5742365 1.4700553 2.0386862 1.4580461 1.4099774 1.3023617 1.4155989 4.2200923 1.4445974 1.4074263 1.4028962 1.4335175 1.4278627 1.4020865 1.4169626 1.5758636 1.6706122 1.4728067 1.1092304 1.0630703 1.3571287 0.0000000 1.0956526 1.2292587 1.3595794 1.3160114 1.3543877 1.2936234 1.2433936 1.0771704 1.3272962 1.0683412 1.2464660 1.6278977 1.5799582 1.6273800 1.4624558 
yHAB143_Kazachstania_siamensis              1.7192498 1.3827287 1.2303943 1.7144962 1.5973958 1.9823450 1.5368607 1.5315561 1.5163565 1.5734997 4.0904704 1.5644531 1.5488736 1.5177786 1.5921176 1.5907183 1.5105723 1.5098470 1.7453360 1.8036198 1.6164643 1.2197911 0.4922824 1.3535609 1.0956526 0.0000000 1.1276573 1.4808358 1.2183400 1.2687603 1.3421721 1.4209479 0.5626777 1.4512803 0.5272429 1.3013729 1.8176289 1.7914521 1.8061462 1.7223574 
yHAB147_Kazachstania_taianensis             1.5839241 1.4067010 1.1366795 1.8469096 1.5719473 2.0681765 1.5771084 1.5692710 1.5468047 1.6322663 4.2577430 1.5392848 1.5477791 1.4378044 1.5339170 1.5811515 1.5234681 1.4414707 1.7120218 1.9198719 1.7968344 1.3209733 1.2648949 1.4595992 1.2292587 1.1276573 0.0000000 1.2730547 1.2523340 1.4391272 1.5248840 1.5148715 1.3026825 1.5700177 1.2889011 1.4996481 1.8146972 1.8030705 1.8799840 1.8795651 
yHAB148_Kazachstania_intestinalis           1.6382057 1.4885401 1.4375078 1.6585551 1.7203761 2.0966751 1.6822217 1.6072010 1.4413759 1.5201887 4.3243958 1.5091664 1.5745289 1.4724544 1.5321798 1.5560719 1.5549909 1.4497165 1.6484559 1.7859313 1.6102004 1.3422612 1.4969935 1.4770460 1.3595794 1.4808358 1.2730547 0.0000000 1.3772445 1.5750223 1.5111358 1.4937132 1.4785794 1.4865867 1.4483336 1.6783401 1.8126136 1.8187330 1.7874107 1.6877594 
yHAB153_Kazachstania_rosinii                1.5450107 1.1060036 1.4003326 1.5644877 1.5245279 1.8635158 1.4607533 1.4230797 1.3405728 1.3582160 4.0897768 1.3138532 1.3293209 1.2826666 1.2954498 1.3146655 1.3336667 1.2755562 1.5701727 1.6256085 1.5095429 1.1900539 1.2457653 1.1395527 1.3160114 1.2183400 1.2523340 1.3772445 0.0000000 1.4556137 1.0367378 1.2511705 1.2471073 1.1292180 1.2220208 1.5082956 1.7326407 1.6775119 1.6894258 1.5399059 
yHAB154_Kazachstania_transvaalensis         1.6139422 1.5014810 1.4780602 1.8872730 1.6858250 2.1336055 1.5871168 1.5983162 1.5192575 1.6413196 4.0851830 1.6231822 1.6206713 1.6323304 1.6388955 1.6498669 1.6325169 1.5889837 1.8111968 1.8991135 1.6990106 1.4188203 1.3134394 1.6351232 1.3543877 1.2687603 1.4391272 1.5750223 1.4556137 0.0000000 1.4744752 1.4813158 1.3493149 1.5752136 1.3509345 0.4784893 1.8487174 1.8186719 1.7829339 1.7365607 
yHAB155_Kazachstania_spencerorum            1.6338520 1.2728678 1.5097852 1.6375733 1.6066379 2.1518840 1.5561722 1.4311701 1.4681327 1.4559797 4.4159497 1.4848158 1.4679465 1.5297366 1.5106506 1.5451055 1.5169022 1.5727282 1.6183225 1.6519303 1.6578280 1.1790620 1.2433255 1.0907166 1.2936234 1.3421721 1.5248840 1.5111358 1.0367378 1.4744752 0.0000000 1.1042542 1.3089082 1.1553217 1.2866361 1.4782114 1.7528772 1.7307258 1.6996899 1.4349263 
yHAB158_Kazachstania_viticola               1.4843744 1.1599103 1.5206768 1.5850397 1.3900947 1.9778802 1.4781649 1.4631915 1.3580723 1.3815838 4.1438844 1.5264587 1.5039371 1.5350786 1.4984123 1.5387251 1.4991903 1.5348856 1.5869185 1.5920342 1.5616577 1.2031205 1.3902017 1.2748355 1.2433936 1.4209479 1.5148715 1.4937132 1.2511705 1.4813158 1.1042542 0.0000000 1.3379461 1.2518101 1.3721059 1.4827151 1.7339317 1.6323958 1.7106559 1.5585849 
yHAB159_Kazachstania_solicola               1.7184479 1.3515045 1.3136445 1.6625962 1.5956842 2.1429324 1.5368582 1.4754223 1.5390510 1.5057733 4.3216806 1.6115483 1.6106757 1.6593993 1.6097029 1.6077328 1.5733396 1.6496474 1.6672356 1.7679383 1.6021962 1.2072139 0.3570058 1.3955423 1.0771704 0.5626777 1.3026825 1.4785794 1.2471073 1.3493149 1.3089082 1.3379461 0.0000000 1.4324413 0.1219626 1.3396042 1.8012196 1.7552534 1.7898360 1.6540235 
yHAB160_Kazachstania_kunashirensis          1.5119541 1.2606008 1.5236130 1.6188694 1.5505092 2.0470600 1.5420030 1.4809797 1.4567601 1.5437078 4.3393075 1.5057014 1.4768444 1.4418297 1.4341634 1.5093181 1.4261039 1.4579204 1.6429888 1.5915318 1.6632842 1.2322724 1.3018014 0.7941562 1.3272962 1.4512803 1.5700177 1.4865867 1.1292180 1.5752136 1.1553217 1.2518101 1.4324413 0.0000000 1.3857546 1.5782709 1.6438594 1.6806428 1.6453566 1.5787002 
yHAB164_Kazachstania_aerobia                1.7304994 1.3330431 1.3057786 1.6750198 1.6092075 2.1136996 1.5625492 1.4935934 1.5181246 1.5435760 4.2382264 1.5995780 1.6200729 1.6696328 1.6151038 1.6156779 1.5980883 1.6415308 1.6620771 1.7182760 1.5963417 1.2177719 0.3491379 1.3740840 1.0683412 0.5272429 1.2889011 1.4483336 1.2220208 1.3509345 1.2866361 1.3721059 0.1219626 1.3857546 0.0000000 1.3255464 1.7513275 1.7261181 1.7378210 1.6629795 
yHAB166_Kazachstania_yakushimaensis         1.6830762 1.5711166 1.5165985 1.9221019 1.6723263 2.0806472 1.6248622 1.6288968 1.5616885 1.6131299 4.2677081 1.6430939 1.6092007 1.6518543 1.6860657 1.6472551 1.6139297 1.6437217 1.7940114 1.8030184 1.7143743 1.3974730 1.2818653 1.5053602 1.2464660 1.3013729 1.4996481 1.6783401 1.5082956 0.4784893 1.4782114 1.4827151 1.3396042 1.5782709 1.3255464 0.0000000 1.8470292 1.8298868 1.8308186 1.8276874 
yHMPu5000034875_Tetrapisispora_fleetii      1.7040863 1.6935530 1.9478077 1.7575476 1.7681915 2.1348531 1.6908129 1.6308803 1.4867695 1.7515979 4.4754084 1.4751695 1.5139270 1.5131906 1.5346837 1.5129340 1.4988446 1.5133080 1.3699784 0.4346782 1.1713310 1.6535682 1.7444191 1.7110694 1.6278977 1.8176289 1.8146972 1.8126136 1.7326407 1.8487174 1.7528772 1.7339317 1.8012196 1.6438594 1.7513275 1.8470292 0.0000000 0.6402756 0.2370614 1.4640800 
yHMPu5000034876_Tetrapisispora_iriomotensis 1.6972746 1.5897201 1.8656681 1.7174370 1.7129634 2.0405191 1.7544896 1.6338366 1.4888329 1.5948936 4.3221492 1.5807137 1.5891975 1.5422674 1.5806448 1.5585063 1.5253937 1.5421921 1.3554520 0.6110813 1.1521663 1.5250745 1.6887024 1.7712301 1.5799582 1.7914521 1.8030705 1.8187330 1.6775119 1.8186719 1.7307258 1.6323958 1.7552534 1.6806428 1.7261181 1.8298868 0.6402756 0.0000000 0.6608691 1.4104207 
yHMPu5000034877_Tetrapisispora_namnaonensis 1.6539694 1.6917702 1.9466014 1.7953082 1.7306234 2.1459642 1.7429437 1.7163217 1.5317716 1.6731600 4.6435739 1.5073636 1.5196876 1.5269093 1.5153039 1.5448195 1.5281889 1.5099957 1.3834696 0.3853830 1.1111325 1.6336795 1.7525754 1.7064998 1.6273800 1.8061462 1.8799840 1.7874107 1.6894258 1.7829339 1.6996899 1.7106559 1.7898360 1.6453566 1.7378210 1.8308186 0.2370614 0.6608691 0.0000000 1.4509649 
yHMPu5000035629_Yueomyces_sinensis          1.7267905 1.5260117 1.8277695 1.6196272 1.6382549 2.2541591 1.6815644 1.5032395 1.4815522 1.5478685 4.2176817 1.5529324 1.4774818 1.5976491 1.5825950 1.5023206 1.4778272 1.6069333 0.7312349 1.3718589 1.2153972 1.3929058 1.5856745 1.5699906 1.4624558 1.7223574 1.8795651 1.6877594 1.5399059 1.7365607 1.4349263 1.5585849 1.6540235 1.5787002 1.6629795 1.8276874 1.4640800 1.4104207 1.4509649 0.0000000 
