40
Candida_glabrata                            0.0000000 0.1920425 0.2638253 0.2374910 0.1402914 0.2759210 0.1566494 0.1319811 0.1843494 0.1972585 0.9675004 0.1865127 0.1839454 0.1961466 0.1776003 0.1894215 0.1882333 0.1973656 0.2097198 0.2067917 0.1892814 0.2083700 0.2133928 0.1979584 0.1961033 0.2090913 0.2499449 0.2234271 0.2345787 0.2519251 0.2196848 0.1934900 0.2058585 0.1957549 0.2129134 0.2205356 0.2100527 0.2082250 0.2073694 0.1989309 
Kazachstania_africana                       0.1920425 0.0000000 0.2737158 0.2102835 0.1941783 0.2832528 0.2026686 0.1853917 0.1587681 0.1458973 1.0725645 0.1732336 0.1657620 0.1845001 0.1764009 0.1843490 0.1788224 0.1863478 0.1639244 0.1841488 0.1736242 0.1476095 0.1396899 0.1253037 0.1309786 0.1288724 0.2308812 0.2184687 0.2159917 0.1715253 0.1747624 0.1330825 0.1443721 0.1272082 0.1469989 0.1462710 0.1765108 0.1591112 0.1909816 0.1445067 
Kazachstania_naganishii                     0.2638253 0.2737158 0.0000000 0.2936594 0.2597805 0.3645003 0.2752415 0.2461336 0.2357145 0.2585405 1.0468245 0.2538513 0.2586263 0.2552874 0.2509991 0.2670724 0.2567458 0.2722238 0.3124445 0.2861957 0.2845690 0.2811075 0.2885706 0.2617123 0.2476120 0.2855991 0.1974944 0.2408006 0.2444127 0.3213359 0.3006747 0.2942814 0.2747486 0.2889101 0.2833397 0.3010761 0.2998498 0.3134826 0.2982561 0.3024923 
Nakaseomyces_bacillisporus                  0.2374910 0.2102835 0.2936594 0.0000000 0.2411301 0.3023780 0.2578923 0.2224504 0.2241713 0.2398290 1.1122103 0.2253681 0.2320596 0.2317120 0.2275514 0.2487016 0.2411864 0.2461108 0.2510194 0.2587111 0.2233277 0.2414165 0.2451623 0.2348373 0.2078297 0.2373079 0.2658441 0.2600589 0.2868123 0.2703444 0.2701280 0.2328404 0.2340225 0.2334072 0.2467080 0.2593910 0.2412887 0.2653178 0.2471554 0.2185373 
Nakaseomyces_bracarensis                    0.1402914 0.1941783 0.2597805 0.2411301 0.0000000 0.2934604 0.1077889 0.0851891 0.2014000 0.2113776 1.0066152 0.1802639 0.1932675 0.2000909 0.1895061 0.1968951 0.1893732 0.1986389 0.2285193 0.2143338 0.1959726 0.2103439 0.2121332 0.2056484 0.2106656 0.2103191 0.2501023 0.2172346 0.2474146 0.2558046 0.2408657 0.2108375 0.2079928 0.2151814 0.2148012 0.2521154 0.2188816 0.2165755 0.2263455 0.2011318 
Nakaseomyces_castellii                      0.2759210 0.2832528 0.3645003 0.3023780 0.2934604 0.0000000 0.2937235 0.2704395 0.2958118 0.2860453 1.1864168 0.2687469 0.2937829 0.2749026 0.2823387 0.2888327 0.3023164 0.2865592 0.3233996 0.3065907 0.3085875 0.3046552 0.3168977 0.2956615 0.3084388 0.2944496 0.3725057 0.3378039 0.3442985 0.2900477 0.3087272 0.2823967 0.3121873 0.2828383 0.3103270 0.2885522 0.3064406 0.3128482 0.3014119 0.3129442 
Nakaseomyces_delphensis                     0.1566494 0.2026686 0.2752415 0.2578923 0.1077889 0.2937235 0.0000000 0.0903593 0.2097404 0.2163878 1.0607479 0.2000920 0.2096487 0.2142620 0.2037367 0.2131265 0.2053250 0.2198054 0.2277419 0.2135220 0.2145211 0.2166304 0.2246135 0.2274204 0.2169395 0.2207749 0.2727793 0.2360177 0.2631625 0.2407738 0.2526687 0.2209967 0.2237705 0.2142865 0.2217282 0.2430380 0.2213744 0.2308305 0.2156676 0.2278569 
Nakaseomyces_nivariensis                    0.1319811 0.1853917 0.2461336 0.2224504 0.0851891 0.2704395 0.0903593 0.0000000 0.1877204 0.2057934 1.0051441 0.1783143 0.1824362 0.1852506 0.1741519 0.1877525 0.1817262 0.1949322 0.2065765 0.1967857 0.1834670 0.1984159 0.2050385 0.2012880 0.1979953 0.2037089 0.2298075 0.2139226 0.2432037 0.2401273 0.2240463 0.2027442 0.1927591 0.1914270 0.2093290 0.2282077 0.1968387 0.2107205 0.1927410 0.2039973 
Naumovozyma_castellii                       0.1843494 0.1587681 0.2357145 0.2241713 0.2014000 0.2958118 0.2097404 0.1877204 0.0000000 0.1531507 1.1022941 0.1743612 0.1607477 0.1644053 0.1733274 0.1749579 0.1651830 0.1667632 0.1768348 0.1828070 0.1934858 0.1617579 0.1528746 0.1596772 0.1473307 0.1540485 0.2246292 0.2252797 0.2322618 0.1834096 0.1967796 0.1660057 0.1658381 0.1657043 0.1659541 0.1811875 0.1769234 0.1747258 0.1910494 0.1633125 
Naumovozyma_dairenensis                     0.1972585 0.1458973 0.2585405 0.2398290 0.2113776 0.2860453 0.2163878 0.2057934 0.1531507 0.0000000 1.1742131 0.1677478 0.1823175 0.1754262 0.1725429 0.1744774 0.1808775 0.1722677 0.1732592 0.1978258 0.1963430 0.1691431 0.1358095 0.1423920 0.1372377 0.1357395 0.2365228 0.2160658 0.2486067 0.1640063 0.1856623 0.1553075 0.1541498 0.1473753 0.1573153 0.1530261 0.1973950 0.1852460 0.2057061 0.1516884 
Neurospora_crassa                           0.9675004 1.0725645 1.0468245 1.1122103 1.0066152 1.1864168 1.0607479 1.0051441 1.1022941 1.1742131 0.0000000 1.1171299 1.1192230 1.0471733 1.1161526 1.1885729 1.1242053 1.0546726 1.1778456 1.1630913 1.1291019 1.1044672 1.1401148 1.0207309 1.0861043 1.1204402 0.9639971 1.1117782 0.9024777 1.2255856 1.1774619 1.1312674 1.0115378 1.0765091 1.0505270 1.1723574 1.1689147 1.1353669 1.1367800 1.1899383 
Saccharomyces_arboricola                    0.1865127 0.1732336 0.2538513 0.2253681 0.1802639 0.2687469 0.2000920 0.1783143 0.1743612 0.1677478 1.1171299 0.0000000 0.0930549 0.0970314 0.0875487 0.0924777 0.0954509 0.0956139 0.1890991 0.2114377 0.2108548 0.1685988 0.1757334 0.1814383 0.1722651 0.1651163 0.2395556 0.2240429 0.2341683 0.2046515 0.2256070 0.1773960 0.1700393 0.1708744 0.1776565 0.1924435 0.2080531 0.1935908 0.2167178 0.1740326 
Saccharomyces_cerevisiae                    0.1839454 0.1657620 0.2586263 0.2320596 0.1932675 0.2937829 0.2096487 0.1824362 0.1607477 0.1823175 1.1192230 0.0930549 0.0000000 0.1152730 0.0983024 0.0912758 0.0571021 0.1254045 0.1812870 0.2134481 0.2046868 0.1855912 0.1674921 0.1862330 0.1720337 0.1665725 0.2497097 0.2354599 0.2395650 0.2057948 0.2149420 0.1736420 0.1767125 0.1654540 0.1833788 0.1879557 0.2018711 0.1867161 0.2058023 0.1805952 
Saccharomyces_eubayanus                     0.1961466 0.1845001 0.2552874 0.2317120 0.2000909 0.2749026 0.2142620 0.1852506 0.1644053 0.1754262 1.0471733 0.0970314 0.1152730 0.0000000 0.0932117 0.1103703 0.1050169 0.0425567 0.1917570 0.2307533 0.2136390 0.1844321 0.1902655 0.1857580 0.1791519 0.1859855 0.2508517 0.2264531 0.2513314 0.2204446 0.2314837 0.1817063 0.1889555 0.1803837 0.1933634 0.2038513 0.2098374 0.2007422 0.2153675 0.1900485 
Saccharomyces_kudriavzevii                  0.1776003 0.1764009 0.2509991 0.2275514 0.1895061 0.2823387 0.2037367 0.1741519 0.1733274 0.1725429 1.1161526 0.0875487 0.0983024 0.0932117 0.0000000 0.0949925 0.0861032 0.1085589 0.1906881 0.2036434 0.1983016 0.1848053 0.1748800 0.1818478 0.1755994 0.1710778 0.2396229 0.2266384 0.2420285 0.1980918 0.2196151 0.1719727 0.1770441 0.1734289 0.1862930 0.1841202 0.1925673 0.2016737 0.2076659 0.1819123 
Saccharomyces_mikatae                       0.1894215 0.1843490 0.2670724 0.2487016 0.1968951 0.2888327 0.2131265 0.1877525 0.1749579 0.1744774 1.1885729 0.0924777 0.0912758 0.1103703 0.0949925 0.0000000 0.0842438 0.1169160 0.1950360 0.2205735 0.2210017 0.1810720 0.1782088 0.1881941 0.1771581 0.1727928 0.2680550 0.2354231 0.2625565 0.2051949 0.2278869 0.1778182 0.1849893 0.1705812 0.1869012 0.1912255 0.2126824 0.1993301 0.2244936 0.1869232 
Saccharomyces_paradoxus                     0.1882333 0.1788224 0.2567458 0.2411864 0.1893732 0.3023164 0.2053250 0.1817262 0.1651830 0.1808775 1.1242053 0.0954509 0.0571021 0.1050169 0.0861032 0.0842438 0.0000000 0.1122964 0.1850942 0.2210247 0.1971983 0.1802809 0.1752298 0.1848586 0.1776584 0.1715529 0.2562995 0.2341995 0.2446051 0.2010939 0.2265837 0.1668532 0.1826364 0.1740481 0.1829991 0.1868455 0.2100002 0.1937475 0.2144267 0.1793735 
Saccharomyces_uvarum                        0.1973656 0.1863478 0.2722238 0.2461108 0.1986389 0.2865592 0.2198054 0.1949322 0.1667632 0.1722677 1.0546726 0.0956139 0.1254045 0.0425567 0.1085589 0.1169160 0.1122964 0.0000000 0.1923814 0.2136289 0.2169437 0.1869950 0.1906176 0.1960598 0.1776204 0.1814840 0.2537204 0.2394094 0.2438317 0.2230091 0.2448162 0.1834765 0.1942040 0.1872413 0.1983771 0.2079647 0.2114284 0.1993508 0.2183529 0.1921448 
Tetrapisispora_blattae                      0.2097198 0.1639244 0.3124445 0.2510194 0.2285193 0.3233996 0.2277419 0.2065765 0.1768348 0.1732592 1.1778456 0.1890991 0.1812870 0.1917570 0.1906881 0.1950360 0.1850942 0.1923814 0.0000000 0.1842564 0.1987955 0.1656995 0.1574197 0.1646908 0.1604488 0.1550532 0.2905343 0.2422653 0.2488387 0.1810528 0.1882380 0.1718314 0.1733422 0.1512449 0.1660442 0.1668166 0.1800784 0.1690007 0.1851212 0.1442479 
Tetrapisispora_phaffii                      0.2067917 0.1841488 0.2861957 0.2587111 0.2143338 0.3065907 0.2135220 0.1967857 0.1828070 0.1978258 1.1630913 0.2114377 0.2134481 0.2307533 0.2036434 0.2205735 0.2210247 0.2136289 0.1842564 0.0000000 0.1954231 0.1862057 0.1893887 0.1881284 0.1711131 0.1930526 0.2661131 0.2550621 0.2486468 0.2214919 0.2184839 0.2068239 0.1930693 0.2024686 0.1966847 0.2054831 0.0978748 0.1143624 0.1154277 0.1895068 
Vanderwaltozyma_polyspora                   0.1892814 0.1736242 0.2845690 0.2233277 0.1959726 0.3085875 0.2145211 0.1834670 0.1934858 0.1963430 1.1291019 0.2108548 0.2046868 0.2136390 0.1983016 0.2210017 0.1971983 0.2169437 0.1987955 0.1954231 0.0000000 0.2034665 0.1980153 0.1771280 0.1798345 0.1895776 0.2673348 0.2342612 0.2748174 0.2229236 0.2167071 0.2048356 0.1951518 0.1875069 0.1966482 0.2030003 0.1911676 0.1844802 0.1967106 0.1866313 
yHAB132_Kazachstania_martiniae              0.2083700 0.1476095 0.2811075 0.2414165 0.2103439 0.3046552 0.2166304 0.1984159 0.1617579 0.1691431 1.1044672 0.1685988 0.1855912 0.1844321 0.1848053 0.1810720 0.1802809 0.1869950 0.1656995 0.1862057 0.2034665 0.0000000 0.1521119 0.1488390 0.1386188 0.1526888 0.2685174 0.2266234 0.2388413 0.1754578 0.1801569 0.1558058 0.1647326 0.1409082 0.1545490 0.1641670 0.1807921 0.1708903 0.1982738 0.1572057 
yHAB133_Kazachstania_unispora               0.2133928 0.1396899 0.2885706 0.2451623 0.2121332 0.3168977 0.2246135 0.2050385 0.1528746 0.1358095 1.1401148 0.1757334 0.1674921 0.1902655 0.1748800 0.1782088 0.1752298 0.1906176 0.1574197 0.1893887 0.1980153 0.1521119 0.0000000 0.1276450 0.1187270 0.0662014 0.2553960 0.2348972 0.2537174 0.1521304 0.1671720 0.1474383 0.0668268 0.1340334 0.0673265 0.1333467 0.1845856 0.1542239 0.2002632 0.1339146 
yHAB134_Kazachstania_turicensis             0.1979584 0.1253037 0.2617123 0.2348373 0.2056484 0.2956615 0.2274204 0.2012880 0.1596772 0.1423920 1.0207309 0.1814383 0.1862330 0.1857580 0.1818478 0.1881941 0.1848586 0.1960598 0.1646908 0.1881284 0.1771280 0.1488390 0.1276450 0.0000000 0.1320008 0.1386473 0.2323211 0.2221074 0.2102904 0.1798989 0.1595345 0.1443845 0.1413567 0.1026990 0.1416233 0.1589030 0.1854589 0.1672627 0.1959015 0.1391861 
yHAB136_Kazachstania_bromeliacearum         0.1961033 0.1309786 0.2476120 0.2078297 0.2106656 0.3084388 0.2169395 0.1979953 0.1473307 0.1372377 1.0861043 0.1722651 0.1720337 0.1791519 0.1755994 0.1771581 0.1776584 0.1776204 0.1604488 0.1711131 0.1798345 0.1386188 0.1187270 0.1320008 0.0000000 0.1188891 0.2227724 0.2060471 0.2352145 0.1610612 0.1706328 0.1475966 0.1310047 0.1358965 0.1321290 0.1550442 0.1806005 0.1639438 0.1870079 0.1488277 
yHAB143_Kazachstania_siamensis              0.2090913 0.1288724 0.2855991 0.2373079 0.2103191 0.2944496 0.2207749 0.2037089 0.1540485 0.1357395 1.1204402 0.1651163 0.1665725 0.1859855 0.1710778 0.1727928 0.1715529 0.1814840 0.1550532 0.1930526 0.1895776 0.1526888 0.0662014 0.1386473 0.1188891 0.0000000 0.2474916 0.2239091 0.2500813 0.1358761 0.1730767 0.1381763 0.0933764 0.1218242 0.0956716 0.1244922 0.1810175 0.1605790 0.1931408 0.1313293 
yHAB147_Kazachstania_taianensis             0.2499449 0.2308812 0.1974944 0.2658441 0.2501023 0.3725057 0.2727793 0.2298075 0.2246292 0.2365228 0.9639971 0.2395556 0.2497097 0.2508517 0.2396229 0.2680550 0.2562995 0.2537204 0.2905343 0.2661131 0.2673348 0.2685174 0.2553960 0.2323211 0.2227724 0.2474916 0.0000000 0.2392501 0.2010836 0.2985683 0.2892028 0.2539729 0.2429659 0.2616843 0.2633228 0.2685845 0.2808897 0.2905906 0.2758109 0.2925317 
yHAB148_Kazachstania_intestinalis           0.2234271 0.2184687 0.2408006 0.2600589 0.2172346 0.3378039 0.2360177 0.2139226 0.2252797 0.2160658 1.1117782 0.2240429 0.2354599 0.2264531 0.2266384 0.2354231 0.2341995 0.2394094 0.2422653 0.2550621 0.2342612 0.2266234 0.2348972 0.2221074 0.2060471 0.2239091 0.2392501 0.0000000 0.2722688 0.2645541 0.2462698 0.2106036 0.2367594 0.2290806 0.2364520 0.2546983 0.2533733 0.2512819 0.2469044 0.2350224 
yHAB153_Kazachstania_rosinii                0.2345787 0.2159917 0.2444127 0.2868123 0.2474146 0.3442985 0.2631625 0.2432037 0.2322618 0.2486067 0.9024777 0.2341683 0.2395650 0.2513314 0.2420285 0.2625565 0.2446051 0.2438317 0.2488387 0.2486468 0.2748174 0.2388413 0.2537174 0.2102904 0.2352145 0.2500813 0.2010836 0.2722688 0.0000000 0.3064233 0.2499322 0.2482528 0.2306637 0.2344658 0.2534748 0.2782381 0.2679899 0.2633576 0.2682301 0.2696647 
yHAB154_Kazachstania_transvaalensis         0.2519251 0.1715253 0.3213359 0.2703444 0.2558046 0.2900477 0.2407738 0.2401273 0.1834096 0.1640063 1.2255856 0.2046515 0.2057948 0.2204446 0.1980918 0.2051949 0.2010939 0.2230091 0.1810528 0.2214919 0.2229236 0.1754578 0.1521304 0.1798989 0.1610612 0.1358761 0.2985683 0.2645541 0.3064233 0.0000000 0.1972677 0.1730470 0.1822462 0.1521231 0.1721605 0.0657784 0.2100327 0.1980758 0.2240808 0.1807183 
yHAB155_Kazachstania_spencerorum            0.2196848 0.1747624 0.3006747 0.2701280 0.2408657 0.3087272 0.2526687 0.2240463 0.1967796 0.1856623 1.1774619 0.2256070 0.2149420 0.2314837 0.2196151 0.2278869 0.2265837 0.2448162 0.1882380 0.2184839 0.2167071 0.1801569 0.1671720 0.1595345 0.1706328 0.1730767 0.2892028 0.2462698 0.2499322 0.1972677 0.0000000 0.1812485 0.1832697 0.1572225 0.1790239 0.1806218 0.2090300 0.2021423 0.2185746 0.1812831 
yHAB158_Kazachstania_viticola               0.1934900 0.1330825 0.2942814 0.2328404 0.2108375 0.2823967 0.2209967 0.2027442 0.1660057 0.1553075 1.1312674 0.1773960 0.1736420 0.1817063 0.1719727 0.1778182 0.1668532 0.1834765 0.1718314 0.2068239 0.2048356 0.1558058 0.1474383 0.1443845 0.1475966 0.1381763 0.2539729 0.2106036 0.2482528 0.1730470 0.1812485 0.0000000 0.1633477 0.1332597 0.1660953 0.1471835 0.1849090 0.1786838 0.1990625 0.1470659 
yHAB159_Kazachstania_solicola               0.2058585 0.1443721 0.2747486 0.2340225 0.2079928 0.3121873 0.2237705 0.1927591 0.1658381 0.1541498 1.0115378 0.1700393 0.1767125 0.1889555 0.1770441 0.1849893 0.1826364 0.1942040 0.1733422 0.1930693 0.1951518 0.1647326 0.0668268 0.1413567 0.1310047 0.0933764 0.2429659 0.2367594 0.2306637 0.1822462 0.1832697 0.1633477 0.0000000 0.1554868 0.0306728 0.1600272 0.1923985 0.1654244 0.2027753 0.1474751 
yHAB160_Kazachstania_kunashirensis          0.1957549 0.1272082 0.2889101 0.2334072 0.2151814 0.2828383 0.2142865 0.1914270 0.1657043 0.1473753 1.0765091 0.1708744 0.1654540 0.1803837 0.1734289 0.1705812 0.1740481 0.1872413 0.1512449 0.2024686 0.1875069 0.1409082 0.1340334 0.1026990 0.1358965 0.1218242 0.2616843 0.2290806 0.2344658 0.1521231 0.1572225 0.1332597 0.1554868 0.0000000 0.1506400 0.1431595 0.1843997 0.1672798 0.2040451 0.1376573 
yHAB164_Kazachstania_aerobia                0.2129134 0.1469989 0.2833397 0.2467080 0.2148012 0.3103270 0.2217282 0.2093290 0.1659541 0.1573153 1.0505270 0.1776565 0.1833788 0.1933634 0.1862930 0.1869012 0.1829991 0.1983771 0.1660442 0.1966847 0.1966482 0.1545490 0.0673265 0.1416233 0.1321290 0.0956716 0.2633228 0.2364520 0.2534748 0.1721605 0.1790239 0.1660953 0.0306728 0.1506400 0.0000000 0.1564518 0.1923221 0.1604622 0.2071216 0.1421019 
yHAB166_Kazachstania_yakushimaensis         0.2205356 0.1462710 0.3010761 0.2593910 0.2521154 0.2885522 0.2430380 0.2282077 0.1811875 0.1530261 1.1723574 0.1924435 0.1879557 0.2038513 0.1841202 0.1912255 0.1868455 0.2079647 0.1668166 0.2054831 0.2030003 0.1641670 0.1333467 0.1589030 0.1550442 0.1244922 0.2685845 0.2546983 0.2782381 0.0657784 0.1806218 0.1471835 0.1600272 0.1431595 0.1564518 0.0000000 0.1976229 0.1791438 0.2117221 0.1652827 
yHMPu5000034875_Tetrapisispora_fleetii      0.2100527 0.1765108 0.2998498 0.2412887 0.2188816 0.3064406 0.2213744 0.1968387 0.1769234 0.1973950 1.1689147 0.2080531 0.2018711 0.2098374 0.1925673 0.2126824 0.2100002 0.2114284 0.1800784 0.0978748 0.1911676 0.1807921 0.1845856 0.1854589 0.1806005 0.1810175 0.2808897 0.2533733 0.2679899 0.2100327 0.2090300 0.1849090 0.1923985 0.1843997 0.1923221 0.1976229 0.0000000 0.1074751 0.0814554 0.1702139 
yHMPu5000034876_Tetrapisispora_iriomotensis 0.2082250 0.1591112 0.3134826 0.2653178 0.2165755 0.3128482 0.2308305 0.2107205 0.1747258 0.1852460 1.1353669 0.1935908 0.1867161 0.2007422 0.2016737 0.1993301 0.1937475 0.1993508 0.1690007 0.1143624 0.1844802 0.1708903 0.1542239 0.1672627 0.1639438 0.1605790 0.2905906 0.2512819 0.2633576 0.1980758 0.2021423 0.1786838 0.1654244 0.1672798 0.1604622 0.1791438 0.1074751 0.0000000 0.1207726 0.1590873 
yHMPu5000034877_Tetrapisispora_namnaonensis 0.2073694 0.1909816 0.2982561 0.2471554 0.2263455 0.3014119 0.2156676 0.1927410 0.1910494 0.2057061 1.1367800 0.2167178 0.2058023 0.2153675 0.2076659 0.2244936 0.2144267 0.2183529 0.1851212 0.1154277 0.1967106 0.1982738 0.2002632 0.1959015 0.1870079 0.1931408 0.2758109 0.2469044 0.2682301 0.2240808 0.2185746 0.1990625 0.2027753 0.2040451 0.2071216 0.2117221 0.0814554 0.1207726 0.0000000 0.1989754 
yHMPu5000035629_Yueomyces_sinensis          0.1989309 0.1445067 0.3024923 0.2185373 0.2011318 0.3129442 0.2278569 0.2039973 0.1633125 0.1516884 1.1899383 0.1740326 0.1805952 0.1900485 0.1819123 0.1869232 0.1793735 0.1921448 0.1442479 0.1895068 0.1866313 0.1572057 0.1339146 0.1391861 0.1488277 0.1313293 0.2925317 0.2350224 0.2696647 0.1807183 0.1812831 0.1470659 0.1474751 0.1376573 0.1421019 0.1652827 0.1702139 0.1590873 0.1989754 0.0000000 
