40
Candida_glabrata                            0.0000000 0.6486433 0.7166139 0.6242254 0.4496602 0.7237216 0.4118477 0.4375242 0.6733168 0.5745550 1.6573562 0.5894235 0.6374933 0.5422810 0.5542733 0.5643193 0.6223937 0.5451389 0.5484146 0.6223353 0.5926043 0.5651318 0.5743002 0.5798636 0.5766709 0.5823028 0.6930294 0.6070363 0.5866260 0.7602874 0.6033910 0.5760044 0.5507223 0.5700737 0.5576993 0.7420908 0.6231945 0.5343394 0.6177155 0.6020580 
Kazachstania_africana                       0.6486433 0.0000000 0.6481033 0.5616221 0.5396603 0.6965445 0.6110583 0.5451178 0.4462693 0.4873820 1.6194851 0.4945219 0.5428309 0.4667674 0.5413463 0.5455847 0.5375882 0.4698860 0.4783793 0.4884182 0.4034697 0.3889086 0.4225720 0.4818445 0.4094850 0.4137615 0.5200763 0.5585743 0.4561697 0.5804783 0.3957710 0.4469581 0.3933067 0.3876659 0.4113674 0.5662945 0.4881073 0.4634141 0.5316943 0.5044102 
Kazachstania_naganishii                     0.7166139 0.6481033 0.0000000 0.7518602 0.6949409 0.7033824 0.6712042 0.6261553 0.6924513 0.6979844 1.1427603 0.6849728 0.6521249 0.6134249 0.6498771 0.7285250 0.6475660 0.6187147 0.7082006 0.7526919 0.6667522 0.6939753 0.6531721 0.6725950 0.6581937 0.6677494 0.4298413 0.5821718 0.5703144 0.7661499 0.7479195 0.7277310 0.6400319 0.6544657 0.6460488 0.9562483 0.6161125 0.7214611 0.6038825 0.7482986 
Nakaseomyces_bacillisporus                  0.6242254 0.5616221 0.7518602 0.0000000 0.6151281 0.6785962 0.6055353 0.6129622 0.6044991 0.5782429 1.6275886 0.5581628 0.5834129 0.5492932 0.5260742 0.5649663 0.5642826 0.5366869 0.6600651 0.5458496 0.5768902 0.4764376 0.5451847 0.5993986 0.5457981 0.5742942 0.6448216 0.5975063 0.5472790 0.6643953 0.5282196 0.6115850 0.5180176 0.5527703 0.5305782 0.6565811 0.5504514 0.5157832 0.5431484 0.6325001 
Nakaseomyces_bracarensis                    0.4496602 0.5396603 0.6949409 0.6151281 0.0000000 0.7585079 0.3018473 0.2428146 0.6392231 0.5756993 1.4604774 0.5385652 0.6167311 0.5211040 0.5500840 0.5916111 0.6055802 0.5289201 0.5498890 0.5966611 0.5307200 0.5497211 0.5266842 0.6186268 0.5877440 0.5548114 0.6345678 0.6557809 0.5611989 0.6810400 0.5570341 0.5762139 0.5441729 0.6154448 0.5604707 0.6636631 0.5645583 0.5804478 0.5464676 0.6459637 
Nakaseomyces_castellii                      0.7237216 0.6965445 0.7033824 0.6785962 0.7585079 0.0000000 0.7483052 0.7818717 0.7297161 0.7733203 1.6591089 0.6883780 0.6758062 0.6771951 0.6871961 0.6831748 0.6911486 0.6825011 0.6755454 0.6873098 0.6312978 0.6738687 0.6272329 0.7155996 0.6019435 0.7558511 0.7586448 0.7717960 0.7189185 0.7159933 0.7175298 0.7373689 0.6707266 0.7108095 0.6548866 0.8171536 0.7355256 0.6489116 0.7125400 0.8198884 
Nakaseomyces_delphensis                     0.4118477 0.6110583 0.6712042 0.6055353 0.3018473 0.7483052 0.0000000 0.2614185 0.6493707 0.6058702 1.4097921 0.5564759 0.5736510 0.5147018 0.5372470 0.5525292 0.5400692 0.5133134 0.6443322 0.6247988 0.6434104 0.5819962 0.5730137 0.6088715 0.6156248 0.5726683 0.6294993 0.6269906 0.5809743 0.7548204 0.6135649 0.6643808 0.5747148 0.5823610 0.6031566 0.7794342 0.6164379 0.5829583 0.6569392 0.6182597 
Nakaseomyces_nivariensis                    0.4375242 0.5451178 0.6261553 0.6129622 0.2428146 0.7818717 0.2614185 0.0000000 0.5625441 0.5797355 1.2888402 0.5595346 0.5999573 0.5650453 0.5769784 0.5776302 0.5660615 0.5749437 0.5303025 0.5523595 0.5301842 0.5593439 0.4683423 0.5523868 0.5491022 0.5473985 0.6090709 0.6376136 0.6070522 0.6998248 0.4967564 0.5673690 0.5269952 0.5385875 0.5362778 0.7059932 0.5485534 0.5097441 0.5556809 0.5559832 
Naumovozyma_castellii                       0.6733168 0.4462693 0.6924513 0.6044991 0.6392231 0.7297161 0.6493707 0.5625441 0.0000000 0.3926444 1.7815299 0.5075402 0.4979566 0.5302704 0.5115450 0.5477968 0.5403883 0.5388081 0.5163455 0.5123031 0.4656525 0.4816504 0.4534120 0.4957869 0.3686887 0.4362228 0.6089727 0.5099948 0.4955478 0.5827019 0.4513180 0.4088209 0.4910966 0.4518054 0.4863252 0.6200438 0.5488903 0.5155018 0.5662429 0.5464415 
Naumovozyma_dairenensis                     0.5745550 0.4873820 0.6979844 0.5782429 0.5756993 0.7733203 0.6058702 0.5797355 0.3926444 0.0000000 1.9142856 0.4413496 0.5014192 0.4527702 0.4588762 0.4451706 0.5023821 0.4543508 0.5395366 0.4584904 0.4410392 0.4339638 0.3787165 0.4789908 0.3487050 0.3653147 0.5860609 0.5208503 0.4654727 0.4804639 0.4880042 0.4226068 0.3822155 0.4377696 0.3703235 0.4685574 0.4965410 0.4282248 0.5417174 0.4596969 
Neurospora_crassa                           1.6573562 1.6194851 1.1427603 1.6275886 1.4604774 1.6591089 1.4097921 1.2888402 1.7815299 1.9142856 0.0000000 1.5201276 1.6032925 1.4590663 1.4849321 1.6372102 1.5231993 1.4422094 1.6776938 1.5717577 1.6677705 1.5115593 1.7450058 1.6960594 1.6137025 1.6016551 1.3286698 1.5050978 1.4902672 1.7132843 1.5511259 1.7128363 1.4680015 1.5931400 1.5008534 1.9581029 1.6144939 1.6684684 1.6039483 1.6420810 
Saccharomyces_arboricola                    0.5894235 0.4945219 0.6849728 0.5581628 0.5385652 0.6883780 0.5564759 0.5595346 0.5075402 0.4413496 1.5201276 0.0000000 0.1689157 0.1469637 0.1355749 0.1560904 0.1718755 0.1354748 0.5351312 0.5323195 0.4307574 0.4215883 0.4649946 0.5257490 0.4107573 0.4762288 0.5518092 0.6197820 0.5590401 0.5996443 0.4815016 0.5539767 0.4592788 0.5213562 0.4629373 0.5712210 0.5497551 0.5010613 0.5175072 0.5249339 
Saccharomyces_cerevisiae                    0.6374933 0.5428309 0.6521249 0.5834129 0.6167311 0.6758062 0.5736510 0.5999573 0.4979566 0.5014192 1.6032925 0.1689157 0.0000000 0.2030076 0.1736737 0.1419297 0.0808963 0.1915937 0.5611600 0.5151303 0.4521094 0.4493346 0.4921555 0.5444531 0.4328745 0.4912438 0.6378836 0.6021882 0.5487802 0.6205476 0.4976771 0.5049988 0.5136256 0.5603750 0.5163680 0.6060592 0.5599768 0.5037657 0.5484375 0.5631086 
Saccharomyces_eubayanus                     0.5422810 0.4667674 0.6134249 0.5492932 0.5211040 0.6771951 0.5147018 0.5650453 0.5302704 0.4527702 1.4590663 0.1469637 0.2030076 0.0000000 0.1722132 0.1866438 0.2047456 0.0456902 0.5106535 0.4855520 0.3993323 0.3990222 0.4500005 0.4854832 0.3598628 0.4588968 0.5314040 0.5440076 0.4915380 0.5784569 0.4970723 0.5156442 0.4572354 0.4875170 0.4515340 0.5710384 0.5540569 0.4745043 0.5451489 0.4829225 
Saccharomyces_kudriavzevii                  0.5542733 0.5413463 0.6498771 0.5260742 0.5500840 0.6871961 0.5372470 0.5769784 0.5115450 0.4588762 1.4849321 0.1355749 0.1736737 0.1722132 0.0000000 0.1692690 0.1761008 0.1621087 0.5345818 0.5095047 0.4482307 0.4127755 0.4766482 0.4923145 0.4095876 0.4523848 0.5618433 0.5725969 0.5141913 0.6056065 0.4977320 0.5051922 0.4886885 0.5031771 0.4803960 0.5866263 0.5230212 0.4677273 0.4806340 0.4991388 
Saccharomyces_mikatae                       0.5643193 0.5455847 0.7285250 0.5649663 0.5916111 0.6831748 0.5525292 0.5776302 0.5477968 0.4451706 1.6372102 0.1560904 0.1419297 0.1866438 0.1692690 0.0000000 0.1319691 0.1827571 0.5641780 0.5128548 0.4826901 0.4503115 0.4917622 0.5426569 0.4267452 0.4791656 0.6258210 0.6206944 0.5501673 0.5988496 0.5145172 0.5083434 0.4932341 0.5019576 0.4835525 0.5903381 0.5683123 0.4974553 0.5680948 0.5073286 
Saccharomyces_paradoxus                     0.6223937 0.5375882 0.6475660 0.5642826 0.6055802 0.6911486 0.5400692 0.5660615 0.5403883 0.5023821 1.5231993 0.1718755 0.0808963 0.2047456 0.1761008 0.1319691 0.0000000 0.1878713 0.5439266 0.5359206 0.4649122 0.4676793 0.5003898 0.5423805 0.4260047 0.4792768 0.6243618 0.5656073 0.5490600 0.5780196 0.5168629 0.5297113 0.5025028 0.5353656 0.5086844 0.6165471 0.5425273 0.4817631 0.5378222 0.5491870 
Saccharomyces_uvarum                        0.5451389 0.4698860 0.6187147 0.5366869 0.5289201 0.6825011 0.5133134 0.5749437 0.5388081 0.4543508 1.4422094 0.1354748 0.1915937 0.0456902 0.1621087 0.1827571 0.1878713 0.0000000 0.4907095 0.4863714 0.4121920 0.4095525 0.4636568 0.5012402 0.3670635 0.4535229 0.5280777 0.5567817 0.5035775 0.5870498 0.4943345 0.5162934 0.4700540 0.4912987 0.4664758 0.5948736 0.5534756 0.4708397 0.5119773 0.4971245 
Tetrapisispora_blattae                      0.5484146 0.4783793 0.7082006 0.6600651 0.5498890 0.6755454 0.6443322 0.5303025 0.5163455 0.5395366 1.6776938 0.5351312 0.5611600 0.5106535 0.5345818 0.5641780 0.5439266 0.4907095 0.0000000 0.5098770 0.4390901 0.4357163 0.4642335 0.5359547 0.4314095 0.4783461 0.5817405 0.6227178 0.5716383 0.5648800 0.4692949 0.4520374 0.4531512 0.4877138 0.4541054 0.5844864 0.5061484 0.4389247 0.5740855 0.3404931 
Tetrapisispora_phaffii                      0.6223353 0.4884182 0.7526919 0.5458496 0.5966611 0.6873098 0.6247988 0.5523595 0.5123031 0.4584904 1.5717577 0.5323195 0.5151303 0.4855520 0.5095047 0.5128548 0.5359206 0.4863714 0.5098770 0.0000000 0.3597912 0.4489920 0.4521093 0.5169773 0.4250609 0.4733726 0.6296616 0.5889255 0.4649745 0.5617156 0.4441283 0.4159967 0.4765167 0.4546094 0.4826349 0.5277727 0.2740509 0.2692361 0.2860804 0.4856349 
Vanderwaltozyma_polyspora                   0.5926043 0.4034697 0.6667522 0.5768902 0.5307200 0.6312978 0.6434104 0.5301842 0.4656525 0.4410392 1.6677705 0.4307574 0.4521094 0.3993323 0.4482307 0.4826901 0.4649122 0.4121920 0.4390901 0.3597912 0.0000000 0.4142422 0.4266096 0.4850394 0.3834262 0.4299105 0.5927126 0.5759351 0.5280574 0.5323019 0.4434171 0.4192608 0.3928807 0.4109542 0.3831861 0.5235947 0.3738403 0.3702146 0.4434812 0.4793143 
yHAB132_Kazachstania_martiniae              0.5651318 0.3889086 0.6939753 0.4764376 0.5497211 0.6738687 0.5819962 0.5593439 0.4816504 0.4339638 1.5115593 0.4215883 0.4493346 0.3990222 0.4127755 0.4503115 0.4676793 0.4095525 0.4357163 0.4489920 0.4142422 0.0000000 0.3699247 0.4643480 0.3665439 0.3868544 0.5636422 0.5225637 0.4143602 0.5349686 0.4025341 0.3926017 0.3730996 0.3649869 0.3766789 0.4985870 0.4731923 0.4213978 0.4902790 0.4188165 
yHAB133_Kazachstania_unispora               0.5743002 0.4225720 0.6531721 0.5451847 0.5266842 0.6272329 0.5730137 0.4683423 0.4534120 0.3787165 1.7450058 0.4649946 0.4921555 0.4500005 0.4766482 0.4917622 0.5003898 0.4636568 0.4642335 0.4521093 0.4266096 0.3699247 0.0000000 0.4454769 0.2733660 0.1799086 0.5126333 0.6021965 0.4682386 0.4740351 0.4445925 0.3497418 0.1309845 0.4122460 0.1248193 0.4545228 0.4583101 0.4409227 0.5236720 0.4248301 
yHAB134_Kazachstania_turicensis             0.5798636 0.4818445 0.6725950 0.5993986 0.6186268 0.7155996 0.6088715 0.5523868 0.4957869 0.4789908 1.6960594 0.5257490 0.5444531 0.4854832 0.4923145 0.5426569 0.5423805 0.5012402 0.5359547 0.5169773 0.4850394 0.4643480 0.4454769 0.0000000 0.4038309 0.4191821 0.6197949 0.5425748 0.4424030 0.5691327 0.4625257 0.4605622 0.4315854 0.3983174 0.4414112 0.5069294 0.5679962 0.4728809 0.5871692 0.5509088 
yHAB136_Kazachstania_bromeliacearum         0.5766709 0.4094850 0.6581937 0.5457981 0.5877440 0.6019435 0.6156248 0.5491022 0.3686887 0.3487050 1.6137025 0.4107573 0.4328745 0.3598628 0.4095876 0.4267452 0.4260047 0.3670635 0.4314095 0.4250609 0.3834262 0.3665439 0.2733660 0.4038309 0.0000000 0.3043145 0.5014681 0.5036952 0.3961877 0.4660856 0.3976136 0.3768766 0.3362930 0.3654157 0.3207999 0.4054659 0.4427078 0.4119872 0.4914917 0.4650028 
yHAB143_Kazachstania_siamensis              0.5823028 0.4137615 0.6677494 0.5742942 0.5548114 0.7558511 0.5726683 0.5473985 0.4362228 0.3653147 1.6016551 0.4762288 0.4912438 0.4588968 0.4523848 0.4791656 0.4792768 0.4535229 0.4783461 0.4733726 0.4299105 0.3868544 0.1799086 0.4191821 0.3043145 0.0000000 0.5256834 0.5558729 0.4457443 0.4863729 0.4814919 0.3536806 0.1802235 0.4138304 0.1636991 0.4854561 0.4869315 0.4569110 0.5051988 0.4099782 
yHAB147_Kazachstania_taianensis             0.6930294 0.5200763 0.4298413 0.6448216 0.6345678 0.7586448 0.6294993 0.6090709 0.6089727 0.5860609 1.3286698 0.5518092 0.6378836 0.5314040 0.5618433 0.6258210 0.6243618 0.5280777 0.5817405 0.6296616 0.5927126 0.5636422 0.5126333 0.6197949 0.5014681 0.5256834 0.0000000 0.5491276 0.5477416 0.6577596 0.5383564 0.5732006 0.4629091 0.6146255 0.4804213 0.6885225 0.6212377 0.6384117 0.5692775 0.6546639 
yHAB148_Kazachstania_intestinalis           0.6070363 0.5585743 0.5821718 0.5975063 0.6557809 0.7717960 0.6269906 0.6376136 0.5099948 0.5208503 1.5050978 0.6197820 0.6021882 0.5440076 0.5725969 0.6206944 0.5656073 0.5567817 0.6227178 0.5889255 0.5759351 0.5225637 0.6021965 0.5425748 0.5036952 0.5558729 0.5491276 0.0000000 0.5657819 0.6795781 0.5798853 0.5621130 0.5525574 0.5963915 0.5591718 0.7321169 0.5672497 0.6068779 0.6137562 0.6248842 
yHAB153_Kazachstania_rosinii                0.5866260 0.4561697 0.5703144 0.5472790 0.5611989 0.7189185 0.5809743 0.6070522 0.4955478 0.4654727 1.4902672 0.5590401 0.5487802 0.4915380 0.5141913 0.5501673 0.5490600 0.5035775 0.5716383 0.4649745 0.5280574 0.4143602 0.4682386 0.4424030 0.3961877 0.4457443 0.5477416 0.5657819 0.0000000 0.5642899 0.3848587 0.4370797 0.4141254 0.4233251 0.4159754 0.5529038 0.5239640 0.4894717 0.5299491 0.5591660 
yHAB154_Kazachstania_transvaalensis         0.7602874 0.5804783 0.7661499 0.6643953 0.6810400 0.7159933 0.7548204 0.6998248 0.5827019 0.4804639 1.7132843 0.5996443 0.6205476 0.5784569 0.6056065 0.5988496 0.5780196 0.5870498 0.5648800 0.5617156 0.5323019 0.5349686 0.4740351 0.5691327 0.4660856 0.4863729 0.6577596 0.6795781 0.5642899 0.0000000 0.5341891 0.4772642 0.4978628 0.5804785 0.4859256 0.1981140 0.5992847 0.5093643 0.6292596 0.6292249 
yHAB155_Kazachstania_spencerorum            0.6033910 0.3957710 0.7479195 0.5282196 0.5570341 0.7175298 0.6135649 0.4967564 0.4513180 0.4880042 1.5511259 0.4815016 0.4976771 0.4970723 0.4977320 0.5145172 0.5168629 0.4943345 0.4692949 0.4441283 0.4434171 0.4025341 0.4445925 0.4625257 0.3976136 0.4814919 0.5383564 0.5798853 0.3848587 0.5341891 0.0000000 0.4457565 0.4660344 0.3793727 0.4657145 0.4851930 0.5234754 0.4388691 0.5054565 0.4840171 
yHAB158_Kazachstania_viticola               0.5760044 0.4469581 0.7277310 0.6115850 0.5762139 0.7373689 0.6643808 0.5673690 0.4088209 0.4226068 1.7128363 0.5539767 0.5049988 0.5156442 0.5051922 0.5083434 0.5297113 0.5162934 0.4520374 0.4159967 0.4192608 0.3926017 0.3497418 0.4605622 0.3768766 0.3536806 0.5732006 0.5621130 0.4370797 0.4772642 0.4457565 0.0000000 0.4057093 0.4247961 0.3737474 0.4704201 0.4757839 0.4043099 0.4858559 0.4860769 
yHAB159_Kazachstania_solicola               0.5507223 0.3933067 0.6400319 0.5180176 0.5441729 0.6707266 0.5747148 0.5269952 0.4910966 0.3822155 1.4680015 0.4592788 0.5136256 0.4572354 0.4886885 0.4932341 0.5025028 0.4700540 0.4531512 0.4765167 0.3928807 0.3730996 0.1309845 0.4315854 0.3362930 0.1802235 0.4629091 0.5525574 0.4141254 0.4978628 0.4660344 0.4057093 0.0000000 0.3976760 0.0413133 0.4856899 0.4660152 0.4423036 0.5141605 0.4107634 
yHAB160_Kazachstania_kunashirensis          0.5700737 0.3876659 0.6544657 0.5527703 0.6154448 0.7108095 0.5823610 0.5385875 0.4518054 0.4377696 1.5931400 0.5213562 0.5603750 0.4875170 0.5031771 0.5019576 0.5353656 0.4912987 0.4877138 0.4546094 0.4109542 0.3649869 0.4122460 0.3983174 0.3654157 0.4138304 0.6146255 0.5963915 0.4233251 0.5804785 0.3793727 0.4247961 0.3976760 0.0000000 0.4060246 0.5122744 0.4523779 0.4108200 0.5183212 0.4866681 
yHAB164_Kazachstania_aerobia                0.5576993 0.4113674 0.6460488 0.5305782 0.5604707 0.6548866 0.6031566 0.5362778 0.4863252 0.3703235 1.5008534 0.4629373 0.5163680 0.4515340 0.4803960 0.4835525 0.5086844 0.4664758 0.4541054 0.4826349 0.3831861 0.3766789 0.1248193 0.4414112 0.3207999 0.1636991 0.4804213 0.5591718 0.4159754 0.4859256 0.4657145 0.3737474 0.0413133 0.4060246 0.0000000 0.4696962 0.4536588 0.4234805 0.5275286 0.3932406 
yHAB166_Kazachstania_yakushimaensis         0.7420908 0.5662945 0.9562483 0.6565811 0.6636631 0.8171536 0.7794342 0.7059932 0.6200438 0.4685574 1.9581029 0.5712210 0.6060592 0.5710384 0.5866263 0.5903381 0.6165471 0.5948736 0.5844864 0.5277727 0.5235947 0.4985870 0.4545228 0.5069294 0.4054659 0.4854561 0.6885225 0.7321169 0.5529038 0.1981140 0.4851930 0.4704201 0.4856899 0.5122744 0.4696962 0.0000000 0.5946626 0.4930008 0.6370707 0.5694794 
yHMPu5000034875_Tetrapisispora_fleetii      0.6231945 0.4881073 0.6161125 0.5504514 0.5645583 0.7355256 0.6164379 0.5485534 0.5488903 0.4965410 1.6144939 0.5497551 0.5599768 0.5540569 0.5230212 0.5683123 0.5425273 0.5534756 0.5061484 0.2740509 0.3738403 0.4731923 0.4583101 0.5679962 0.4427078 0.4869315 0.6212377 0.5672497 0.5239640 0.5992847 0.5234754 0.4757839 0.4660152 0.4523779 0.4536588 0.5946626 0.0000000 0.3078623 0.2170482 0.4728313 
yHMPu5000034876_Tetrapisispora_iriomotensis 0.5343394 0.4634141 0.7214611 0.5157832 0.5804478 0.6489116 0.5829583 0.5097441 0.5155018 0.4282248 1.6684684 0.5010613 0.5037657 0.4745043 0.4677273 0.4974553 0.4817631 0.4708397 0.4389247 0.2692361 0.3702146 0.4213978 0.4409227 0.4728809 0.4119872 0.4569110 0.6384117 0.6068779 0.4894717 0.5093643 0.4388691 0.4043099 0.4423036 0.4108200 0.4234805 0.4930008 0.3078623 0.0000000 0.3591925 0.4487972 
yHMPu5000034877_Tetrapisispora_namnaonensis 0.6177155 0.5316943 0.6038825 0.5431484 0.5464676 0.7125400 0.6569392 0.5556809 0.5662429 0.5417174 1.6039483 0.5175072 0.5484375 0.5451489 0.4806340 0.5680948 0.5378222 0.5119773 0.5740855 0.2860804 0.4434812 0.4902790 0.5236720 0.5871692 0.4914917 0.5051988 0.5692775 0.6137562 0.5299491 0.6292596 0.5054565 0.4858559 0.5141605 0.5183212 0.5275286 0.6370707 0.2170482 0.3591925 0.0000000 0.5804976 
yHMPu5000035629_Yueomyces_sinensis          0.6020580 0.5044102 0.7482986 0.6325001 0.6459637 0.8198884 0.6182597 0.5559832 0.5464415 0.4596969 1.6420810 0.5249339 0.5631086 0.4829225 0.4991388 0.5073286 0.5491870 0.4971245 0.3404931 0.4856349 0.4793143 0.4188165 0.4248301 0.5509088 0.4650028 0.4099782 0.6546639 0.6248842 0.5591660 0.6292249 0.4840171 0.4860769 0.4107634 0.4866681 0.3932406 0.5694794 0.4728313 0.4487972 0.5804976 0.0000000 
