40
Candida_glabrata                            0.0000000 2.3898238 2.3280310 2.7693030 1.4643149 2.6234263 1.6216073 1.5497645 2.2553241 2.3694057 5.1715969 2.4567807 2.4124684 2.2862891 2.4674221 2.5133593 2.5738138 2.3006119 2.5419490 2.6296585 2.4891531 2.2103690 2.2916737 2.2261306 2.2551755 2.2906197 2.1816506 2.6388952 2.0685387 2.2984999 2.1291706 2.6477412 2.3081587 2.2336476 2.3107092 2.2263454 2.6736282 2.5812913 2.7628248 2.4804539 
Kazachstania_africana                       2.3898238 0.0000000 1.8562070 2.2960904 2.2953595 2.4272731 2.2845038 2.1345169 2.0028462 2.0814221 5.3865866 2.1521716 2.1167716 2.1374420 2.1506111 2.0718187 2.1589056 2.0979313 2.5400712 2.3197147 1.9945971 1.7955811 1.9761109 1.9885381 1.8126386 2.1421335 1.8394786 2.1354260 1.5705442 1.9852427 1.6865977 2.1103234 2.0607479 1.6480682 2.0305599 1.8661096 2.2109249 2.0312631 2.2920319 2.5489381 
Kazachstania_naganishii                     2.3280310 1.8562070 0.0000000 2.2828914 2.1935095 2.5043574 2.2800361 2.1522976 1.9322874 2.2549007 5.1006540 2.5108501 2.2621491 2.1513467 2.3151232 2.2432746 2.3024852 2.1446005 2.3644934 2.2678963 2.1207439 1.6686696 1.7696444 2.2277171 1.4286691 1.7895103 1.6725763 2.0804544 1.7262570 1.7088603 1.7072459 2.1141387 1.7900687 1.7964126 1.8010491 1.6501256 2.2783854 2.2177698 2.2014158 2.5226326 
Nakaseomyces_bacillisporus                  2.7693030 2.2960904 2.2828914 0.0000000 2.3807175 2.3014706 2.4797461 2.2743276 2.1738625 2.1098225 5.0515339 2.4767484 2.3478553 2.4746590 2.4962124 2.5286680 2.5686583 2.4778377 2.6398938 2.4904410 2.3103196 2.1173973 2.2490466 2.4083441 2.1707031 2.2053213 2.2196999 2.6257963 1.9649653 2.3926756 2.0003431 2.2282971 2.2244511 1.9699096 2.1861927 2.1876359 2.5546878 2.6045272 2.4999321 2.4647807 
Nakaseomyces_bracarensis                    1.4643149 2.2953595 2.1935095 2.3807175 0.0000000 2.3886342 0.9223388 0.7158612 2.1147543 2.2132006 5.0288060 2.3409372 2.3168556 2.1509987 2.3021982 2.3300472 2.2987659 2.1213562 2.3156052 2.5496882 2.1510160 2.0836298 2.3043143 2.3781123 2.1700445 2.3041236 2.3599264 2.6208714 1.9974748 2.2293687 1.9476874 2.2691762 2.3234746 1.9715753 2.3580198 2.1591360 2.5307179 2.4452961 2.5446103 2.4595852 
Nakaseomyces_castellii                      2.6234263 2.4272731 2.5043574 2.3014706 2.3886342 0.0000000 2.4745425 2.3970946 2.5340846 2.4258286 4.8352825 2.5371841 2.6153915 2.3841820 2.5230819 2.6952694 2.6095885 2.5453920 2.9652272 2.8332323 2.5133347 2.5093893 2.5605304 2.6797690 2.2519445 2.5335518 2.3332544 2.7002123 2.3906082 2.7563289 2.3506787 2.7039652 2.6358220 2.4522162 2.5892956 2.5001667 2.8125324 3.0325365 2.8314612 2.6962580 
Nakaseomyces_delphensis                     1.6216073 2.2845038 2.2800361 2.4797461 0.9223388 2.4745425 0.0000000 0.7118798 2.2084723 2.2624812 5.1200861 2.4804132 2.3589976 2.3209924 2.4407343 2.4427178 2.3738496 2.3230025 2.4121801 2.4224393 2.2833210 2.2245532 2.3216826 2.5564890 2.1453646 2.4581187 2.2104612 2.5756867 1.9736744 2.2324221 1.9863692 2.3290142 2.5444752 1.9682350 2.4163668 2.1306882 2.4834503 2.3883230 2.4384314 2.6169756 
Nakaseomyces_nivariensis                    1.5497645 2.1345169 2.1522976 2.2743276 0.7158612 2.3970946 0.7118798 0.0000000 2.0470831 2.1302208 4.9691748 2.2258127 2.2246748 2.1829341 2.2289938 2.3228316 2.2148499 2.1619688 2.3618488 2.2493121 2.1415122 2.1203007 2.3000784 2.3043069 2.1527170 2.4293766 2.2312886 2.5800737 1.9421743 2.1458520 1.8270962 2.2765522 2.4131559 1.9585803 2.3568401 2.1007406 2.1294942 2.1816333 2.1979507 2.4761564 
Naumovozyma_castellii                       2.2553241 2.0028462 1.9322874 2.1738625 2.1147543 2.5340846 2.2084723 2.0470831 0.0000000 1.5102763 5.2659124 2.3534256 2.2855823 2.1808257 2.4078412 2.2895131 2.3816283 2.1846908 2.5497895 2.1868746 2.2060867 1.8416213 2.0435978 2.1532735 1.9633589 2.0251454 1.9106703 2.5036083 1.7492139 2.0259955 1.6248448 2.1496877 2.0698822 1.8799764 2.0793788 1.8637390 2.2664398 2.1267810 2.3156248 2.2723414 
Naumovozyma_dairenensis                     2.3694057 2.0814221 2.2549007 2.1098225 2.2132006 2.4258286 2.2624812 2.1302208 1.5102763 0.0000000 4.9175744 2.2156459 2.1095631 2.1520143 2.2610243 2.3001565 2.2707959 2.1014321 2.3334305 2.1611315 2.1775957 1.8076179 2.0384693 2.1310173 1.8360086 1.8184854 2.1775781 2.4537248 1.8005507 2.1299271 1.7757969 2.2234758 1.9903200 1.7694929 1.9875883 1.8721694 2.1487957 2.1304717 2.2688594 2.2061490 
Neurospora_crassa                           5.1715969 5.3865866 5.1006540 5.0515339 5.0288060 4.8352825 5.1200861 4.9691748 5.2659124 4.9175744 0.0000000 5.4890815 5.3280097 5.1077198 5.3786149 5.3411869 5.3200748 5.1802727 5.2547293 5.4236513 5.6964916 5.0740200 5.4321675 6.1679472 5.4784074 5.1692404 5.3644255 5.5759099 5.0766342 5.4098049 5.5237074 5.1406029 5.2287733 5.9103300 5.3071729 5.2856810 5.6180166 5.8482977 5.5725169 5.1672529 
Saccharomyces_arboricola                    2.4567807 2.1521716 2.5108501 2.4767484 2.3409372 2.5371841 2.4804132 2.2258127 2.3534256 2.2156459 5.4890815 0.0000000 0.6350539 0.5506657 0.5149936 0.5840962 0.5446227 0.5206498 2.5925175 2.2611264 2.3705320 2.4090096 2.5389841 2.4856809 2.4181816 2.3762330 2.3106522 2.7701995 2.0749450 2.2264349 2.1130587 2.4950224 2.6464665 2.1968518 2.5993946 2.2718192 2.2563146 2.2580638 2.3439356 2.5380685 
Saccharomyces_cerevisiae                    2.4124684 2.1167716 2.2621491 2.3478553 2.3168556 2.6153915 2.3589976 2.2246748 2.2855823 2.1095631 5.3280097 0.6350539 0.0000000 0.6555319 0.5232001 0.4334185 0.2578841 0.6380459 2.6005549 2.4021669 2.4398355 2.1425717 2.6078851 2.4830576 2.4751488 2.4977391 2.2943939 2.8692761 2.1435534 2.3018471 2.0625708 2.4645271 2.7521916 2.1038133 2.7500352 2.3135986 2.3295077 2.2723474 2.3992427 2.6673496 
Saccharomyces_eubayanus                     2.2862891 2.1374420 2.1513467 2.4746590 2.1509987 2.3841820 2.3209924 2.1829341 2.1808257 2.1520143 5.1077198 0.5506657 0.6555319 0.0000000 0.5157105 0.6009394 0.6135576 0.1596882 2.6529003 2.2442705 2.1636758 2.1360985 2.3500137 2.2635449 2.2447750 2.3295365 2.1018771 2.6336351 1.9495401 2.2260204 1.9124668 2.2294077 2.4521490 2.0730945 2.4838244 2.2044681 2.1247229 2.3549761 2.2305915 2.3854488 
Saccharomyces_kudriavzevii                  2.4674221 2.1506111 2.3151232 2.4962124 2.3021982 2.5230819 2.4407343 2.2289938 2.4078412 2.2610243 5.3786149 0.5149936 0.5232001 0.5157105 0.0000000 0.5070239 0.4635359 0.4934285 2.6315777 2.3890046 2.2744259 2.1937970 2.2998338 2.5130422 2.2596895 2.2948849 2.2402360 2.7175366 2.1270824 2.2841974 2.1351832 2.3541325 2.4051032 2.2298864 2.4304921 2.1863739 2.3713567 2.3371960 2.4027008 2.7318475 
Saccharomyces_mikatae                       2.5133593 2.0718187 2.2432746 2.5286680 2.3300472 2.6952694 2.4427178 2.3228316 2.2895131 2.3001565 5.3411869 0.5840962 0.4334185 0.6009394 0.5070239 0.0000000 0.3653710 0.5797112 2.8316578 2.3368312 2.3022396 2.1945657 2.5908683 2.4892286 2.5233472 2.4459390 2.3700796 2.8454299 2.0685995 2.3209166 2.1365131 2.5508891 2.6452990 2.2224937 2.5910357 2.3893449 2.3417341 2.5031949 2.4379249 2.7649175 
Saccharomyces_paradoxus                     2.5738138 2.1589056 2.3024852 2.5686583 2.2987659 2.6095885 2.3738496 2.2148499 2.3816283 2.2707959 5.3200748 0.5446227 0.2578841 0.6135576 0.4635359 0.3653710 0.0000000 0.5724927 2.6429112 2.4302539 2.3805420 2.1947495 2.5194202 2.6310655 2.4402164 2.4429250 2.3133554 2.8659820 2.1623240 2.3244990 2.1236972 2.4479403 2.6913500 2.2575042 2.6679473 2.3713274 2.4124239 2.4308291 2.4298578 2.7954491 
Saccharomyces_uvarum                        2.3006119 2.0979313 2.1446005 2.4778377 2.1213562 2.5453920 2.3230025 2.1619688 2.1846908 2.1014321 5.1802727 0.5206498 0.6380459 0.1596882 0.4934285 0.5797112 0.5724927 0.0000000 2.6806598 2.2531234 2.1943555 2.0390730 2.2862843 2.2725426 2.2282958 2.2716162 2.0420661 2.5813138 1.9598361 2.2392204 1.9533228 2.2269835 2.4103785 2.1459344 2.4425743 2.1942699 2.1341239 2.3321508 2.2459720 2.4072315 
Tetrapisispora_blattae                      2.5419490 2.5400712 2.3644934 2.6398938 2.3156052 2.9652272 2.4121801 2.3618488 2.5497895 2.3334305 5.2547293 2.5925175 2.6005549 2.6529003 2.6315777 2.8316578 2.6429112 2.6806598 0.0000000 2.6305821 2.4901006 2.4462810 2.4712943 2.6959626 2.4667980 2.4797864 2.4120368 2.5926244 2.3419276 2.5430402 2.3283783 2.5159285 2.4683856 2.0750546 2.4791649 2.4219504 2.6954542 2.5791423 2.6347073 1.9288223 
Tetrapisispora_phaffii                      2.6296585 2.3197147 2.2678963 2.4904410 2.5496882 2.8332323 2.4224393 2.2493121 2.1868746 2.1611315 5.4236513 2.2611264 2.4021669 2.2442705 2.3890046 2.3368312 2.4302539 2.2531234 2.6305821 0.0000000 1.8569430 2.2207336 2.2506704 2.2569123 2.1815911 2.2739813 2.2856231 2.6387804 1.9651248 2.2842542 2.0145014 2.4540207 2.2759237 2.0841383 2.2514914 2.1652141 0.6878773 1.0258331 0.7347681 2.1937745 
Vanderwaltozyma_polyspora                   2.4891531 1.9945971 2.1207439 2.3103196 2.1510160 2.5133347 2.2833210 2.1415122 2.2060867 2.1775957 5.6964916 2.3705320 2.4398355 2.1636758 2.2744259 2.3022396 2.3805420 2.1943555 2.4901006 1.8569430 0.0000000 1.9604060 2.2277060 2.5336792 1.9594628 2.1670764 2.1604690 2.5691683 1.9603326 2.1880486 1.9100936 2.3272997 2.3653637 2.0316941 2.3404888 2.0194579 1.8038251 1.7677546 1.8255850 2.3001128 
yHAB132_Kazachstania_martiniae              2.2103690 1.7955811 1.6686696 2.1173973 2.0836298 2.5093893 2.2245532 2.1203007 1.8416213 1.8076179 5.0740200 2.4090096 2.1425717 2.1360985 2.1937970 2.1945657 2.1947495 2.0390730 2.4462810 2.2207336 1.9604060 0.0000000 1.8228978 1.8972984 1.6938452 1.8893166 1.7436619 2.2248061 1.5239573 1.7728206 1.5409070 1.9499149 1.8659346 1.5783219 1.8514035 1.6429567 2.2512370 2.2380291 2.2447819 2.4361945 
yHAB133_Kazachstania_unispora               2.2916737 1.9761109 1.7696444 2.2490466 2.3043143 2.5605304 2.3216826 2.3000784 2.0435978 2.0384693 5.4321675 2.5389841 2.6078851 2.3500137 2.2998338 2.5908683 2.5194202 2.2862843 2.4712943 2.2506704 2.2277060 1.8228978 0.0000000 1.9507517 1.3988261 0.5561128 1.5952781 2.5128248 1.7133926 1.8236371 1.7907385 2.1956547 0.2862155 1.7656513 0.2873892 1.6057736 2.2438450 2.3153859 2.2849971 2.5798441 
yHAB134_Kazachstania_turicensis             2.2261306 1.9885381 2.2277171 2.4083441 2.3781123 2.6797690 2.5564890 2.3043069 2.1532735 2.1310173 6.1679472 2.4856809 2.4830576 2.2635449 2.5130422 2.4892286 2.6310655 2.2725426 2.6959626 2.2569123 2.5336792 1.8972984 1.9507517 0.0000000 1.9797820 1.9954225 2.0450570 2.5176424 1.5501118 2.1784301 1.5569275 2.2748427 2.0896303 1.2192310 2.0934134 1.9878814 2.1126966 2.2413276 2.3765701 2.5132412 
yHAB136_Kazachstania_bromeliacearum         2.2551755 1.8126386 1.4286691 2.1707031 2.1700445 2.2519445 2.1453646 2.1527170 1.9633589 1.8360086 5.4784074 2.4181816 2.4751488 2.2447750 2.2596895 2.5233472 2.4402164 2.2282958 2.4667980 2.1815911 1.9594628 1.6938452 1.3988261 1.9797820 0.0000000 1.4960668 1.4481448 2.1019538 1.6172403 1.6194038 1.5737674 2.0063389 1.4318955 1.6300639 1.5005793 1.5256912 2.1305310 2.0682052 2.1288920 2.1731654 
yHAB143_Kazachstania_siamensis              2.2906197 2.1421335 1.7895103 2.2053213 2.3041236 2.5335518 2.4581187 2.4293766 2.0251454 1.8184854 5.1692404 2.3762330 2.4977391 2.3295365 2.2948849 2.4459390 2.4429250 2.2716162 2.4797864 2.2739813 2.1670764 1.8893166 0.5561128 1.9954225 1.4960668 0.0000000 1.6736259 2.3972114 1.7184541 1.9172218 1.7314611 2.2883606 0.6005160 1.8186796 0.5921910 1.7043811 2.3841779 2.3741805 2.4017540 2.5324676 
yHAB147_Kazachstania_taianensis             2.1816506 1.8394786 1.6725763 2.2196999 2.3599264 2.3332544 2.2104612 2.2312886 1.9106703 2.1775781 5.3644255 2.3106522 2.2943939 2.1018771 2.2402360 2.3700796 2.3133554 2.0420661 2.4120368 2.2856231 2.1604690 1.7436619 1.5952781 2.0450570 1.4481448 1.6736259 0.0000000 2.2625658 1.5469392 1.6639904 1.7802427 2.0447189 1.7318456 1.6703214 1.7054725 1.5252523 2.3774532 2.2583116 2.3683079 2.2420141 
yHAB148_Kazachstania_intestinalis           2.6388952 2.1354260 2.0804544 2.6257963 2.6208714 2.7002123 2.5756867 2.5800737 2.5036083 2.4537248 5.5759099 2.7701995 2.8692761 2.6336351 2.7175366 2.8454299 2.8659820 2.5813138 2.5926244 2.6387804 2.5691683 2.2248061 2.5128248 2.5176424 2.1019538 2.3972114 2.2625658 0.0000000 2.1827964 2.3405983 2.2651704 2.6603802 2.5970262 2.2609339 2.5288773 2.2351895 2.6856417 2.6254882 2.7871992 2.6642865 
yHAB153_Kazachstania_rosinii                2.0685387 1.5705442 1.7262570 1.9649653 1.9974748 2.3906082 1.9736744 1.9421743 1.7492139 1.8005507 5.0766342 2.0749450 2.1435534 1.9495401 2.1270824 2.0685995 2.1623240 1.9598361 2.3419276 1.9651248 1.9603326 1.5239573 1.7133926 1.5501118 1.6172403 1.7184541 1.5469392 2.1827964 0.0000000 1.8327381 1.1192263 1.8720895 1.7417412 1.1660736 1.7450807 1.5526039 2.0002890 1.9418529 2.0938401 2.2404186 
yHAB154_Kazachstania_transvaalensis         2.2984999 1.9852427 1.7088603 2.3926756 2.2293687 2.7563289 2.2324221 2.1458520 2.0259955 2.1299271 5.4098049 2.2264349 2.3018471 2.2260204 2.2841974 2.3209166 2.3244990 2.2392204 2.5430402 2.2842542 2.1880486 1.7728206 1.8236371 2.1784301 1.6194038 1.9172218 1.6639904 2.3405983 1.8327381 0.0000000 1.6764422 2.2687448 1.8369381 1.8712289 1.8517691 0.8300407 2.2213096 2.3309552 2.2305298 2.4357002 
yHAB155_Kazachstania_spencerorum            2.1291706 1.6865977 1.7072459 2.0003431 1.9476874 2.3506787 1.9863692 1.8270962 1.6248448 1.7757969 5.5237074 2.1130587 2.0625708 1.9124668 2.1351832 2.1365131 2.1236972 1.9533228 2.3283783 2.0145014 1.9100936 1.5409070 1.7907385 1.5569275 1.5737674 1.7314611 1.7802427 2.2651704 1.1192263 1.6764422 0.0000000 1.9523918 1.7593214 1.2716845 1.7999901 1.6634596 2.0167530 2.2180138 2.0734955 2.2032339 
yHAB158_Kazachstania_viticola               2.6477412 2.1103234 2.1141387 2.2282971 2.2691762 2.7039652 2.3290142 2.2765522 2.1496877 2.2234758 5.1406029 2.4950224 2.4645271 2.2294077 2.3541325 2.5508891 2.4479403 2.2269835 2.5159285 2.4540207 2.3272997 1.9499149 2.1956547 2.2748427 2.0063389 2.2883606 2.0447189 2.6603802 1.8720895 2.2687448 1.9523918 0.0000000 2.1624109 1.8856189 2.1326498 2.0624124 2.4448854 2.5395985 2.4970410 2.4915487 
yHAB159_Kazachstania_solicola               2.3081587 2.0607479 1.7900687 2.2244511 2.3234746 2.6358220 2.5444752 2.4131559 2.0698822 1.9903200 5.2287733 2.6464665 2.7521916 2.4521490 2.4051032 2.6452990 2.6913500 2.4103785 2.4683856 2.2759237 2.3653637 1.8659346 0.2862155 2.0896303 1.4318955 0.6005160 1.7318456 2.5970262 1.7417412 1.8369381 1.7593214 2.1624109 0.0000000 1.8350935 0.1111950 1.7011866 2.2996424 2.3684957 2.4338791 2.6280026 
yHAB160_Kazachstania_kunashirensis          2.2336476 1.6480682 1.7964126 1.9699096 1.9715753 2.4522162 1.9682350 1.9585803 1.8799764 1.7694929 5.9103300 2.1968518 2.1038133 2.0730945 2.2298864 2.2224937 2.2575042 2.1459344 2.0750546 2.0841383 2.0316941 1.5783219 1.7656513 1.2192310 1.6300639 1.8186796 1.6703214 2.2609339 1.1660736 1.8712289 1.2716845 1.8856189 1.8350935 0.0000000 1.8647005 1.5981225 2.1247604 2.0447281 2.0353707 2.1628589 
yHAB164_Kazachstania_aerobia                2.3107092 2.0305599 1.8010491 2.1861927 2.3580198 2.5892956 2.4163668 2.3568401 2.0793788 1.9875883 5.3071729 2.5993946 2.7500352 2.4838244 2.4304921 2.5910357 2.6679473 2.4425743 2.4791649 2.2514914 2.3404888 1.8514035 0.2873892 2.0934134 1.5005793 0.5921910 1.7054725 2.5288773 1.7450807 1.8517691 1.7999901 2.1326498 0.1111950 1.8647005 0.0000000 1.7075387 2.3171606 2.4419855 2.4119082 2.5573701 
yHAB166_Kazachstania_yakushimaensis         2.2263454 1.8661096 1.6501256 2.1876359 2.1591360 2.5001667 2.1306882 2.1007406 1.8637390 1.8721694 5.2856810 2.2718192 2.3135986 2.2044681 2.1863739 2.3893449 2.3713274 2.1942699 2.4219504 2.1652141 2.0194579 1.6429567 1.6057736 1.9878814 1.5256912 1.7043811 1.5252523 2.2351895 1.5526039 0.8300407 1.6634596 2.0624124 1.7011866 1.5981225 1.7075387 0.0000000 2.1954054 2.0604836 2.2044664 2.2264134 
yHMPu5000034875_Tetrapisispora_fleetii      2.6736282 2.2109249 2.2783854 2.5546878 2.5307179 2.8125324 2.4834503 2.1294942 2.2664398 2.1487957 5.6180166 2.2563146 2.3295077 2.1247229 2.3713567 2.3417341 2.4124239 2.1341239 2.6954542 0.6878773 1.8038251 2.2512370 2.2438450 2.1126966 2.1305310 2.3841779 2.3774532 2.6856417 2.0002890 2.2213096 2.0167530 2.4448854 2.2996424 2.1247604 2.3171606 2.1954054 0.0000000 1.0610566 0.3596997 2.2337616 
yHMPu5000034876_Tetrapisispora_iriomotensis 2.5812913 2.0312631 2.2177698 2.6045272 2.4452961 3.0325365 2.3883230 2.1816333 2.1267810 2.1304717 5.8482977 2.2580638 2.2723474 2.3549761 2.3371960 2.5031949 2.4308291 2.3321508 2.5791423 1.0258331 1.7677546 2.2380291 2.3153859 2.2413276 2.0682052 2.3741805 2.2583116 2.6254882 1.9418529 2.3309552 2.2180138 2.5395985 2.3684957 2.0447281 2.4419855 2.0604836 1.0610566 0.0000000 1.0436011 2.3084738 
yHMPu5000034877_Tetrapisispora_namnaonensis 2.7628248 2.2920319 2.2014158 2.4999321 2.5446103 2.8314612 2.4384314 2.1979507 2.3156248 2.2688594 5.5725169 2.3439356 2.3992427 2.2305915 2.4027008 2.4379249 2.4298578 2.2459720 2.6347073 0.7347681 1.8255850 2.2447819 2.2849971 2.3765701 2.1288920 2.4017540 2.3683079 2.7871992 2.0938401 2.2305298 2.0734955 2.4970410 2.4338791 2.0353707 2.4119082 2.2044664 0.3596997 1.0436011 0.0000000 2.2529688 
yHMPu5000035629_Yueomyces_sinensis          2.4804539 2.5489381 2.5226326 2.4647807 2.4595852 2.6962580 2.6169756 2.4761564 2.2723414 2.2061490 5.1672529 2.5380685 2.6673496 2.3854488 2.7318475 2.7649175 2.7954491 2.4072315 1.9288223 2.1937745 2.3001128 2.4361945 2.5798441 2.5132412 2.1731654 2.5324676 2.2420141 2.6642865 2.2404186 2.4357002 2.2032339 2.4915487 2.6280026 2.1628589 2.5573701 2.2264134 2.2337616 2.3084738 2.2529688 0.0000000 
