40
Candida_glabrata                            0.0000000 0.7662505 0.8613286 0.7899213 0.5010710 0.9389308 0.5381594 0.4218652 0.7787713 0.7708920 3.3683352 0.7308567 0.7544960 0.7372570 0.7497398 0.7793917 0.7592988 0.7342400 0.7950620 0.7957331 0.7666232 0.7463954 0.6570655 0.8406090 0.7357920 0.6737680 0.9261791 0.9673447 0.8126363 0.7940440 0.7122358 0.8486833 0.6778255 0.7545006 0.6670550 0.7203526 0.8587452 0.7539407 0.9071169 0.8155775 
Kazachstania_africana                       0.7662505 0.0000000 0.8670896 0.8907692 0.7161151 1.0002304 0.8613747 0.6948153 0.6595020 0.7182329 3.9612325 0.6794856 0.6971966 0.6603611 0.7084539 0.7275529 0.7026061 0.6227522 0.7757888 0.7222858 0.6664092 0.6509282 0.6005179 0.7077901 0.6366060 0.6071947 0.8611338 0.8460939 0.7035262 0.6312517 0.5482203 0.6345433 0.6364799 0.5767447 0.6340939 0.5892883 0.7851712 0.7420642 0.7958777 0.7699472 
Kazachstania_naganishii                     0.8613286 0.8670896 0.0000000 1.0475402 0.8900856 1.1640667 0.8745003 0.8585113 0.7790788 0.8388841 3.2727318 0.8344099 0.8557735 0.8113918 0.8561395 0.8366112 0.8229174 0.7916203 0.8396023 0.8671633 0.9120094 0.7719383 0.6363803 0.8342879 0.6057026 0.6250440 0.6520348 0.9628735 0.7188869 0.6486481 0.7624756 0.8203588 0.6134073 0.7619455 0.6335688 0.6612338 0.9710799 0.8473953 0.9556462 1.0403128 
Nakaseomyces_bacillisporus                  0.7899213 0.8907692 1.0475402 0.0000000 0.8137244 0.9029336 0.8557124 0.7856588 0.8314909 0.7695864 3.6958250 0.8604811 0.8557088 0.8316237 0.8447129 0.8818627 0.8499558 0.8106268 0.9446510 0.9378661 0.8152503 0.7676162 0.8032020 0.8454837 0.8122734 0.8794487 1.0889095 1.0146347 0.9287056 0.8682075 0.7657398 0.8931038 0.8308629 0.7791649 0.8259596 0.8309344 0.9773655 0.8234867 0.9436767 0.9066965 
Nakaseomyces_bracarensis                    0.5010710 0.7161151 0.8900856 0.8137244 0.0000000 0.9641653 0.3638345 0.2478558 0.7106492 0.6624178 3.4912327 0.7145812 0.7799487 0.6974119 0.7409768 0.7402053 0.7563405 0.7145627 0.8270644 0.7798652 0.6947282 0.7527879 0.5989948 0.7968518 0.6972345 0.6498638 0.8350829 0.8407499 0.7640232 0.7694063 0.7425451 0.8191242 0.6406817 0.6590952 0.6164684 0.7418569 0.7983846 0.7212807 0.8477644 0.8369966 
Nakaseomyces_castellii                      0.9389308 1.0002304 1.1640667 0.9029336 0.9641653 0.0000000 1.0591479 1.0169392 0.9592357 0.9151589 4.3669432 0.9845103 0.9140759 0.9045153 0.9833287 1.0018584 0.9423058 0.8998231 1.0438907 0.9541570 0.9718118 1.0022020 0.9875291 0.9826145 0.9250334 0.9576731 1.0314283 1.0713432 0.9870361 1.0462722 0.9651098 0.9974324 0.9598372 1.0263085 0.9858803 1.0630970 1.0911175 0.8892351 0.9732959 1.0724710 
Nakaseomyces_delphensis                     0.5381594 0.8613747 0.8745003 0.8557124 0.3638345 1.0591479 0.0000000 0.2708046 0.7196034 0.7339543 3.3969229 0.8001767 0.8112389 0.7553487 0.8129482 0.8281209 0.8420898 0.8026211 0.8301813 0.8368754 0.7868726 0.7738982 0.6550488 0.8622181 0.7552405 0.7546514 0.8075341 0.9262438 0.7172091 0.8496665 0.7780203 0.8848603 0.7059123 0.7925042 0.7057529 0.7761048 0.8659955 0.7793500 0.8954964 0.9155404 
Nakaseomyces_nivariensis                    0.4218652 0.6948153 0.8585113 0.7856588 0.2478558 1.0169392 0.2708046 0.0000000 0.6529917 0.6985935 3.2269744 0.6532963 0.6806462 0.6145899 0.6686672 0.6550438 0.6868963 0.6030735 0.7021986 0.7371409 0.6643584 0.6820787 0.5886028 0.7298858 0.6585671 0.6227365 0.8014116 0.8843823 0.7162469 0.7422383 0.6838428 0.7829698 0.6237903 0.6651913 0.6064032 0.6639769 0.7498298 0.6731027 0.8236059 0.7730105 
Naumovozyma_castellii                       0.7787713 0.6595020 0.7790788 0.8314909 0.7106492 0.9592357 0.7196034 0.6529917 0.0000000 0.4089180 4.1020010 0.6305261 0.6289248 0.6050404 0.6680448 0.6557703 0.6292039 0.6109619 0.7222556 0.7106910 0.6930037 0.6522353 0.5029077 0.6400426 0.5249982 0.5167265 0.8061403 0.8287480 0.6464037 0.6105357 0.5215799 0.6406237 0.5667874 0.5919600 0.5644287 0.6363649 0.7976574 0.7043929 0.7787779 0.7843882 
Naumovozyma_dairenensis                     0.7708920 0.7182329 0.8388841 0.7695864 0.6624178 0.9151589 0.7339543 0.6985935 0.4089180 0.0000000 4.0758207 0.6041993 0.6454644 0.6518036 0.6575140 0.6398983 0.6427477 0.6506347 0.7084667 0.6572346 0.6388327 0.6605206 0.5665903 0.7196265 0.6049909 0.5684037 0.8559600 0.8984680 0.6947573 0.5983704 0.5505673 0.6680005 0.6407393 0.5752479 0.6055881 0.5888479 0.7670737 0.6602516 0.7415770 0.7392912 
Neurospora_crassa                           3.3683352 3.9612325 3.2727318 3.6958250 3.4912327 4.3669432 3.3969229 3.2269744 4.1020010 4.0758207 0.0000000 3.5359497 3.8387507 3.4786602 3.5745061 3.7373804 3.7804310 3.4804587 3.8835222 3.6958697 3.4245627 3.7391450 3.9151132 3.5996163 3.8797907 4.0082793 3.2407754 3.9063399 3.5096489 3.9524721 3.5120823 3.5382903 3.8720211 3.8140845 3.8845605 3.7631573 3.8226090 3.6255154 3.7850226 4.1762575 
Saccharomyces_arboricola                    0.7308567 0.6794856 0.8344099 0.8604811 0.7145812 0.9845103 0.8001767 0.6532963 0.6305261 0.6041993 3.5359497 0.0000000 0.2470116 0.1948048 0.2100100 0.2316258 0.2529313 0.2018095 0.7163165 0.7090193 0.6342796 0.6578768 0.6599519 0.7514292 0.6305182 0.6653200 0.8343169 0.8944034 0.7010596 0.7153651 0.5822289 0.6507245 0.7080263 0.6421821 0.6950459 0.6383285 0.7366889 0.7060104 0.7367913 0.7582808 
Saccharomyces_cerevisiae                    0.7544960 0.6971966 0.8557735 0.8557088 0.7799487 0.9140759 0.8112389 0.6806462 0.6289248 0.6454644 3.8387507 0.2470116 0.0000000 0.2352964 0.2345893 0.1696657 0.1089520 0.2303875 0.7858825 0.6797150 0.6914338 0.6975002 0.6781027 0.7952561 0.6454798 0.6818734 0.8590922 0.9551329 0.7472697 0.7370704 0.6053829 0.7440506 0.7410729 0.6633986 0.7220251 0.6718766 0.7633848 0.6883333 0.7423180 0.8189509 
Saccharomyces_eubayanus                     0.7372570 0.6603611 0.8113918 0.8316237 0.6974119 0.9045153 0.7553487 0.6145899 0.6050404 0.6518036 3.4786602 0.1948048 0.2352964 0.0000000 0.2194868 0.2274324 0.2399229 0.0550822 0.7071231 0.6769014 0.6233556 0.6239216 0.6627117 0.7463125 0.6135131 0.6576944 0.8474233 0.9386752 0.6797098 0.6825467 0.5605394 0.6812964 0.7132139 0.6428939 0.6839586 0.6567836 0.7035735 0.6578602 0.7223160 0.7537751 
Saccharomyces_kudriavzevii                  0.7497398 0.7084539 0.8561395 0.8447129 0.7409768 0.9833287 0.8129482 0.6686672 0.6680448 0.6575140 3.5745061 0.2100100 0.2345893 0.2194868 0.0000000 0.2188302 0.2415269 0.2209770 0.7967573 0.7189330 0.6662522 0.6843084 0.7170059 0.7732524 0.6541963 0.6970825 0.8339376 0.9190429 0.7525447 0.7292737 0.6334449 0.7386646 0.7230649 0.6822212 0.7052747 0.6862309 0.7835281 0.7233089 0.7686991 0.7952539 
Saccharomyces_mikatae                       0.7793917 0.7275529 0.8366112 0.8818627 0.7402053 1.0018584 0.8281209 0.6550438 0.6557703 0.6398983 3.7373804 0.2316258 0.1696657 0.2274324 0.2188302 0.0000000 0.1754272 0.2244267 0.7923462 0.6999439 0.7058566 0.6975360 0.6977239 0.7964481 0.6655967 0.7049568 0.8251018 0.9078208 0.7497466 0.7507060 0.5985377 0.7084156 0.7345528 0.6828565 0.6991110 0.6942462 0.7355268 0.6775850 0.7573611 0.7940319 
Saccharomyces_paradoxus                     0.7592988 0.7026061 0.8229174 0.8499558 0.7563405 0.9423058 0.8420898 0.6868963 0.6292039 0.6427477 3.7804310 0.2529313 0.1089520 0.2399229 0.2415269 0.1754272 0.0000000 0.2442289 0.7865517 0.7100158 0.6967398 0.6992083 0.6656956 0.8047087 0.6482414 0.6962646 0.8471031 0.9470586 0.7363939 0.7166687 0.6276329 0.7366386 0.7241774 0.6713511 0.7075603 0.6587743 0.7690556 0.7069935 0.7613277 0.8336776 
Saccharomyces_uvarum                        0.7342400 0.6227522 0.7916203 0.8106268 0.7145627 0.8998231 0.8026211 0.6030735 0.6109619 0.6506347 3.4804587 0.2018095 0.2303875 0.0550822 0.2209770 0.2244267 0.2442289 0.0000000 0.6871746 0.6605366 0.6283651 0.6352442 0.6736909 0.7419045 0.6029778 0.6717590 0.8329553 0.9755641 0.6830648 0.6836795 0.5443073 0.6681161 0.7137014 0.6243188 0.6774178 0.6525889 0.7083875 0.6626138 0.7019386 0.7629373 
Tetrapisispora_blattae                      0.7950620 0.7757888 0.8396023 0.9446510 0.8270644 1.0438907 0.8301813 0.7021986 0.7222556 0.7084667 3.8835222 0.7163165 0.7858825 0.7071231 0.7967573 0.7923462 0.7865517 0.6871746 0.0000000 0.7059411 0.6540453 0.6972407 0.6314139 0.7348551 0.6273100 0.6723114 1.1156947 0.9527081 0.8686858 0.7918481 0.6460681 0.6285745 0.6482836 0.6887774 0.6363605 0.6822644 0.7652776 0.7504108 0.7888857 0.5487270 
Tetrapisispora_phaffii                      0.7957331 0.7222858 0.8671633 0.9378661 0.7798652 0.9541570 0.8368754 0.7371409 0.7106910 0.6572346 3.6958697 0.7090193 0.6797150 0.6769014 0.7189330 0.6999439 0.7100158 0.6605366 0.7059411 0.0000000 0.5268840 0.7637759 0.6568148 0.7804179 0.7020359 0.7362590 0.9083265 0.9258559 0.7346639 0.8613521 0.6224440 0.6445027 0.6999385 0.6550769 0.6878828 0.7388586 0.3187666 0.3372027 0.3014838 0.7642145 
Vanderwaltozyma_polyspora                   0.7666232 0.6664092 0.9120094 0.8152503 0.6947282 0.9718118 0.7868726 0.6643584 0.6930037 0.6388327 3.4245627 0.6342796 0.6914338 0.6233556 0.6662522 0.7058566 0.6967398 0.6283651 0.6540453 0.5268840 0.0000000 0.6636265 0.6200230 0.7519504 0.7046414 0.6656164 1.0139336 0.9195798 0.7891676 0.7482432 0.5784717 0.6646093 0.6441201 0.6127503 0.6235583 0.6925758 0.5724556 0.5170670 0.5776465 0.6676735 
yHAB132_Kazachstania_martiniae              0.7463954 0.6509282 0.7719383 0.7676162 0.7527879 1.0022020 0.7738982 0.6820787 0.6522353 0.6605206 3.7391450 0.6578768 0.6975002 0.6239216 0.6843084 0.6975360 0.6992083 0.6352442 0.6972407 0.7637759 0.6636265 0.0000000 0.5289314 0.5904507 0.5339399 0.5823837 0.9107061 0.8008396 0.6276129 0.6426091 0.4913195 0.5692626 0.5988023 0.5322573 0.5689583 0.6299322 0.7688541 0.6844326 0.7715751 0.7919039 
yHAB133_Kazachstania_unispora               0.6570655 0.6005179 0.6363803 0.8032020 0.5989948 0.9875291 0.6550488 0.5886028 0.5029077 0.5665903 3.9151132 0.6599519 0.6781027 0.6627117 0.7170059 0.6977239 0.6656956 0.6736909 0.6314139 0.6568148 0.6200230 0.5289314 0.0000000 0.6097315 0.3432243 0.2071244 0.7552923 0.7874311 0.6718217 0.4859981 0.4779679 0.5942807 0.1351424 0.5293366 0.1341181 0.4150957 0.7570718 0.5985907 0.7419535 0.6979605 
yHAB134_Kazachstania_turicensis             0.8406090 0.7077901 0.8342879 0.8454837 0.7968518 0.9826145 0.8622181 0.7298858 0.6400426 0.7196265 3.5996163 0.7514292 0.7952561 0.7463125 0.7732524 0.7964481 0.8047087 0.7419045 0.7348551 0.7804179 0.7519504 0.5904507 0.6097315 0.0000000 0.6744824 0.6320282 0.9386570 0.9064360 0.6043873 0.7467704 0.4808840 0.6673315 0.6314384 0.4030864 0.6110047 0.6726182 0.8092738 0.6936074 0.8031643 0.7580567 
yHAB136_Kazachstania_bromeliacearum         0.7357920 0.6366060 0.6057026 0.8122734 0.6972345 0.9250334 0.7552405 0.6585671 0.5249982 0.6049909 3.8797907 0.6305182 0.6454798 0.6135131 0.6541963 0.6655967 0.6482414 0.6029778 0.6273100 0.7020359 0.7046414 0.5339399 0.3432243 0.6744824 0.0000000 0.4120314 0.7126623 0.7697382 0.6393906 0.4880653 0.4630771 0.5645157 0.3740838 0.5891863 0.3813119 0.4172098 0.7469983 0.6640415 0.7750492 0.7937528 
yHAB143_Kazachstania_siamensis              0.6737680 0.6071947 0.6250440 0.8794487 0.6498638 0.9576731 0.7546514 0.6227365 0.5167265 0.5684037 4.0082793 0.6653200 0.6818734 0.6576944 0.6970825 0.7049568 0.6962646 0.6717590 0.6723114 0.7362590 0.6656164 0.5823837 0.2071244 0.6320282 0.4120314 0.0000000 0.7243719 0.8265296 0.7611317 0.4756677 0.5433438 0.5762346 0.2555251 0.5478927 0.2554793 0.4778907 0.7988798 0.6707302 0.7763514 0.6898397 
yHAB147_Kazachstania_taianensis             0.9261791 0.8611338 0.6520348 1.0889095 0.8350829 1.0314283 0.8075341 0.8014116 0.8061403 0.8559600 3.2407754 0.8343169 0.8590922 0.8474233 0.8339376 0.8251018 0.8471031 0.8329553 1.1156947 0.9083265 1.0139336 0.9107061 0.7552923 0.9386570 0.7126623 0.7243719 0.0000000 0.8502360 0.5907200 0.8273328 0.7851176 0.9707330 0.7119342 0.9263650 0.7401470 0.8354267 1.0578681 0.9046387 1.0217509 1.3186330 
yHAB148_Kazachstania_intestinalis           0.9673447 0.8460939 0.9628735 1.0146347 0.8407499 1.0713432 0.9262438 0.8843823 0.8287480 0.8984680 3.9063399 0.8944034 0.9551329 0.9386752 0.9190429 0.9078208 0.9470586 0.9755641 0.9527081 0.9258559 0.9195798 0.8008396 0.7874311 0.9064360 0.7697382 0.8265296 0.8502360 0.0000000 0.8682993 0.9261704 0.8142218 0.9331260 0.7866375 0.8620714 0.8003770 0.8688592 1.0107693 0.8524987 1.0043552 1.1016605 
yHAB153_Kazachstania_rosinii                0.8126363 0.7035262 0.7188869 0.9287056 0.7640232 0.9870361 0.7172091 0.7162469 0.6464037 0.6947573 3.5096489 0.7010596 0.7472697 0.6797098 0.7525447 0.7497466 0.7363939 0.6830648 0.8686858 0.7346639 0.7891676 0.6276129 0.6718217 0.6043873 0.6393906 0.7611317 0.5907200 0.8682993 0.0000000 0.7717313 0.5216973 0.7376986 0.6677006 0.5459823 0.6833511 0.6927608 0.8861103 0.7101413 0.8237753 0.9603633 
yHAB154_Kazachstania_transvaalensis         0.7940440 0.6312517 0.6486481 0.8682075 0.7694063 1.0462722 0.8496665 0.7422383 0.6105357 0.5983704 3.9524721 0.7153651 0.7370704 0.6825467 0.7292737 0.7507060 0.7166687 0.6836795 0.7918481 0.8613521 0.7482432 0.6426091 0.4859981 0.7467704 0.4880653 0.4756677 0.8273328 0.9261704 0.7717313 0.0000000 0.5905180 0.7236514 0.5046829 0.6261529 0.4733728 0.2276977 0.8342461 0.7864547 0.7992440 0.7809615 
yHAB155_Kazachstania_spencerorum            0.7122358 0.5482203 0.7624756 0.7657398 0.7425451 0.9651098 0.7780203 0.6838428 0.5215799 0.5505673 3.5120823 0.5822289 0.6053829 0.5605394 0.6334449 0.5985377 0.6276329 0.5443073 0.6460681 0.6224440 0.5784717 0.4913195 0.4779679 0.4808840 0.4630771 0.5433438 0.7851176 0.8142218 0.5216973 0.5905180 0.0000000 0.5415679 0.5314836 0.4035673 0.4883199 0.5324340 0.7107158 0.5660715 0.7139446 0.7040489 
yHAB158_Kazachstania_viticola               0.8486833 0.6345433 0.8203588 0.8931038 0.8191242 0.9974324 0.8848603 0.7829698 0.6406237 0.6680005 3.5382903 0.6507245 0.7440506 0.6812964 0.7386646 0.7084156 0.7366386 0.6681161 0.6285745 0.6445027 0.6646093 0.5692626 0.5942807 0.6673315 0.5645157 0.5762346 0.9707330 0.9331260 0.7376986 0.7236514 0.5415679 0.0000000 0.6286922 0.5222951 0.6173135 0.6092590 0.8036145 0.6616713 0.7775257 0.7161990 
yHAB159_Kazachstania_solicola               0.6778255 0.6364799 0.6134073 0.8308629 0.6406817 0.9598372 0.7059123 0.6237903 0.5667874 0.6407393 3.8720211 0.7080263 0.7410729 0.7132139 0.7230649 0.7345528 0.7241774 0.7137014 0.6482836 0.6999385 0.6441201 0.5988023 0.1351424 0.6314384 0.3740838 0.2555251 0.7119342 0.7866375 0.6677006 0.5046829 0.5314836 0.6286922 0.0000000 0.5638507 0.0659315 0.4319023 0.7994729 0.6195201 0.8043739 0.7750670 
yHAB160_Kazachstania_kunashirensis          0.7545006 0.5767447 0.7619455 0.7791649 0.6590952 1.0263085 0.7925042 0.6651913 0.5919600 0.5752479 3.8140845 0.6421821 0.6633986 0.6428939 0.6822212 0.6828565 0.6713511 0.6243188 0.6887774 0.6550769 0.6127503 0.5322573 0.5293366 0.4030864 0.5891863 0.5478927 0.9263650 0.8620714 0.5459823 0.6261529 0.4035673 0.5222951 0.5638507 0.0000000 0.5225378 0.5501802 0.6943604 0.6125968 0.6736267 0.6951564 
yHAB164_Kazachstania_aerobia                0.6670550 0.6340939 0.6335688 0.8259596 0.6164684 0.9858803 0.7057529 0.6064032 0.5644287 0.6055881 3.8845605 0.6950459 0.7220251 0.6839586 0.7052747 0.6991110 0.7075603 0.6774178 0.6363605 0.6878828 0.6235583 0.5689583 0.1341181 0.6110047 0.3813119 0.2554793 0.7401470 0.8003770 0.6833511 0.4733728 0.4883199 0.6173135 0.0659315 0.5225378 0.0000000 0.4312963 0.7566218 0.6211076 0.7774193 0.7125661 
yHAB166_Kazachstania_yakushimaensis         0.7203526 0.5892883 0.6612338 0.8309344 0.7418569 1.0630970 0.7761048 0.6639769 0.6363649 0.5888479 3.7631573 0.6383285 0.6718766 0.6567836 0.6862309 0.6942462 0.6587743 0.6525889 0.6822644 0.7388586 0.6925758 0.6299322 0.4150957 0.6726182 0.4172098 0.4778907 0.8354267 0.8688592 0.6927608 0.2276977 0.5324340 0.6092590 0.4319023 0.5501802 0.4312963 0.0000000 0.7627925 0.6842804 0.7683990 0.6803534 
yHMPu5000034875_Tetrapisispora_fleetii      0.8587452 0.7851712 0.9710799 0.9773655 0.7983846 1.0911175 0.8659955 0.7498298 0.7976574 0.7670737 3.8226090 0.7366889 0.7633848 0.7035735 0.7835281 0.7355268 0.7690556 0.7083875 0.7652776 0.3187666 0.5724556 0.7688541 0.7570718 0.8092738 0.7469983 0.7988798 1.0578681 1.0107693 0.8861103 0.8342461 0.7107158 0.8036145 0.7994729 0.6943604 0.7566218 0.7627925 0.0000000 0.3757274 0.1919779 0.7912542 
yHMPu5000034876_Tetrapisispora_iriomotensis 0.7539407 0.7420642 0.8473953 0.8234867 0.7212807 0.8892351 0.7793500 0.6731027 0.7043929 0.6602516 3.6255154 0.7060104 0.6883333 0.6578602 0.7233089 0.6775850 0.7069935 0.6626138 0.7504108 0.3372027 0.5170670 0.6844326 0.5985907 0.6936074 0.6640415 0.6707302 0.9046387 0.8524987 0.7101413 0.7864547 0.5660715 0.6616713 0.6195201 0.6125968 0.6211076 0.6842804 0.3757274 0.0000000 0.4387661 0.7299257 
yHMPu5000034877_Tetrapisispora_namnaonensis 0.9071169 0.7958777 0.9556462 0.9436767 0.8477644 0.9732959 0.8954964 0.8236059 0.7787779 0.7415770 3.7850226 0.7367913 0.7423180 0.7223160 0.7686991 0.7573611 0.7613277 0.7019386 0.7888857 0.3014838 0.5776465 0.7715751 0.7419535 0.8031643 0.7750492 0.7763514 1.0217509 1.0043552 0.8237753 0.7992440 0.7139446 0.7775257 0.8043739 0.6736267 0.7774193 0.7683990 0.1919779 0.4387661 0.0000000 0.8318293 
yHMPu5000035629_Yueomyces_sinensis          0.8155775 0.7699472 1.0403128 0.9066965 0.8369966 1.0724710 0.9155404 0.7730105 0.7843882 0.7392912 4.1762575 0.7582808 0.8189509 0.7537751 0.7952539 0.7940319 0.8336776 0.7629373 0.5487270 0.7642145 0.6676735 0.7919039 0.6979605 0.7580567 0.7937528 0.6898397 1.3186330 1.1016605 0.9603633 0.7809615 0.7040489 0.7161990 0.7750670 0.6951564 0.7125661 0.6803534 0.7912542 0.7299257 0.8318293 0.0000000 
