40
Candida_glabrata                            0.0000000 0.4763368 0.4748805 0.3899534 0.2421094 0.6649366 0.2869817 0.2414836 0.4771238 0.5659330 2.4600688 0.3836260 0.4437749 0.3611975 0.3895533 0.4254998 0.4621859 0.3407119 0.6212340 0.5014594 0.5393950 0.5546932 0.5273801 0.5020245 0.4348612 0.4416019 0.4780317 0.4739788 0.4969668 0.5312550 0.7938467 0.6015058 0.4259908 0.5507218 0.4779658 0.5192248 0.6202637 0.5251708 0.4846677 0.6702242 
Kazachstania_africana                       0.4763368 0.0000000 0.5688389 0.4903165 0.5558915 0.6155095 0.6591673 0.5304462 0.3261982 0.3645919 3.4720591 0.4610496 0.4463702 0.4325410 0.4820192 0.4516577 0.4575265 0.4320397 0.4941427 0.4444818 0.5445065 0.4125119 0.3809691 0.3586054 0.3895643 0.3308981 0.7029020 0.6644862 0.5614602 0.4082648 0.4329491 0.4397819 0.4026581 0.3375729 0.4086236 0.3754683 0.4376520 0.5167783 0.5203191 0.4589183 
Kazachstania_naganishii                     0.4748805 0.5688389 0.0000000 0.5485350 0.5116245 0.7662568 0.5218774 0.5069306 0.4875874 0.5590457 2.9958835 0.4787747 0.4913830 0.4729036 0.4988704 0.5293020 0.4924223 0.4599627 0.7751928 0.6259574 0.7455343 0.6251993 0.5257033 0.5748946 0.4603798 0.5218893 0.4094145 0.5929849 0.5382680 0.5435784 0.7315790 0.6926250 0.4748832 0.5550247 0.5283370 0.5503894 0.7386185 0.6429233 0.6602434 0.9197385 
Nakaseomyces_bacillisporus                  0.3899534 0.4903165 0.5485350 0.0000000 0.4562640 0.7533715 0.5398063 0.4676266 0.5078912 0.5629105 2.3936978 0.4407933 0.4955971 0.3913827 0.4459352 0.5151594 0.5200235 0.3649046 0.6345657 0.5948313 0.6071957 0.6172930 0.6538156 0.5373020 0.4886506 0.5802307 0.5530188 0.5178685 0.5666060 0.5867661 0.7383320 0.6005426 0.5436260 0.6305270 0.5965231 0.5964012 0.6855349 0.6090288 0.5719976 0.7623896 
Nakaseomyces_bracarensis                    0.2421094 0.5558915 0.5116245 0.4562640 0.0000000 0.7609231 0.2324208 0.1542687 0.5366536 0.5586622 2.5376201 0.4877362 0.5445728 0.4678407 0.4918915 0.4935227 0.5366318 0.4526257 0.6481398 0.6145987 0.6483651 0.5952799 0.5531556 0.5536274 0.4451139 0.4869431 0.5788850 0.5414555 0.5527306 0.5867804 0.7607688 0.5565497 0.5300387 0.6087648 0.5460331 0.6064408 0.7359792 0.5939977 0.5752352 0.6900716 
Nakaseomyces_castellii                      0.6649366 0.6155095 0.7662568 0.7533715 0.7609231 0.0000000 0.7776588 0.6582305 0.6177020 0.6700107 3.8762520 0.7007404 0.6823849 0.6914626 0.7086907 0.6889806 0.6798975 0.6604409 0.7087853 0.7647654 0.7779829 0.6845116 0.6552687 0.6583745 0.7259487 0.6572617 0.8634703 0.7322143 0.8490231 0.7168378 0.8283107 0.7671683 0.7085518 0.7680151 0.7182195 0.7408959 0.8150976 0.6539953 0.8013981 0.8612680 
Nakaseomyces_delphensis                     0.2869817 0.6591673 0.5218774 0.5398063 0.2324208 0.7776588 0.0000000 0.2562386 0.6345416 0.7121841 3.5605145 0.5647105 0.6002668 0.5370743 0.5342849 0.5876004 0.5742737 0.5294157 0.7588775 0.7606098 0.7545224 0.7594389 0.6710379 0.6444068 0.5644912 0.6342483 0.4862196 0.5482367 0.5670356 0.7009130 0.9445938 0.7493798 0.5580712 0.7006540 0.6392837 0.7133655 0.8897696 0.6977734 0.6533766 0.8414406 
Nakaseomyces_nivariensis                    0.2414836 0.5304462 0.5069306 0.4676266 0.1542687 0.6582305 0.2562386 0.0000000 0.5088864 0.6016050 2.5169285 0.4451328 0.4811111 0.4524864 0.4694825 0.4774883 0.4873744 0.4307597 0.6373941 0.5848998 0.6070038 0.5291871 0.5212351 0.5702759 0.4580074 0.4512479 0.5655418 0.5802841 0.6077559 0.6010712 0.7333551 0.5980458 0.4963521 0.5634554 0.5290624 0.5413014 0.6188171 0.5413107 0.5349781 0.6495793 
Naumovozyma_castellii                       0.4771238 0.3261982 0.4875874 0.5078912 0.5366536 0.6177020 0.6345416 0.5088864 0.0000000 0.2038680 3.6269139 0.3504920 0.3390461 0.3762629 0.3587201 0.3529511 0.3437254 0.3580479 0.4303714 0.4463907 0.4841945 0.3312955 0.2994865 0.3360194 0.3336421 0.2624076 0.6066711 0.6494987 0.5030009 0.3641267 0.4906491 0.4077462 0.3283947 0.2698214 0.3365290 0.3512792 0.4163712 0.4203162 0.4629109 0.5016647 
Naumovozyma_dairenensis                     0.5659330 0.3645919 0.5590457 0.5629105 0.5586622 0.6700107 0.7121841 0.6016050 0.2038680 0.0000000 4.0504685 0.3578638 0.3465771 0.3570369 0.3565608 0.3497970 0.3548445 0.3616426 0.4620448 0.4099127 0.4507995 0.3193556 0.2877881 0.3505621 0.3082020 0.2850089 0.6160223 0.6840292 0.5566246 0.3468311 0.4433107 0.3632962 0.3393888 0.2994912 0.3076406 0.3379277 0.4824197 0.4269258 0.5284594 0.5056182 
Neurospora_crassa                           2.4600688 3.4720591 2.9958835 2.3936978 2.5376201 3.8762520 3.5605145 2.5169285 3.6269139 4.0504685 0.0000000 3.1966204 3.3770952 2.5877549 3.2264309 3.8201635 3.7888161 2.8258753 4.8655717 3.6701076 3.7670996 4.2129926 3.3922830 3.3798203 3.6794398 2.9554349 1.9960664 4.7031662 2.5849285 4.4366746 4.9100623 3.9718333 3.5059814 3.5889069 3.7648421 4.0842712 4.8148296 3.9862199 3.4809925 3.4552853 
Saccharomyces_arboricola                    0.3836260 0.4610496 0.4787747 0.4407933 0.4877362 0.7007404 0.5647105 0.4451328 0.3504920 0.3578638 3.1966204 0.0000000 0.1805969 0.1320248 0.1118762 0.1628170 0.1437827 0.1116995 0.5536028 0.4542599 0.5124540 0.4547997 0.3834809 0.3943458 0.3611625 0.3843871 0.5563558 0.5146472 0.5165603 0.5239183 0.5862805 0.4883152 0.3835757 0.4219415 0.4188484 0.4617314 0.5428128 0.4592348 0.4894424 0.6912348 
Saccharomyces_cerevisiae                    0.4437749 0.4463702 0.4913830 0.4955971 0.5445728 0.6823849 0.6002668 0.4811111 0.3390461 0.3465771 3.3770952 0.1805969 0.0000000 0.1908501 0.1789104 0.1514923 0.0976524 0.1944630 0.5408157 0.4923177 0.5137780 0.4049567 0.3682686 0.3605563 0.3920671 0.3476795 0.6146927 0.5573973 0.5609429 0.4765184 0.4952763 0.4825393 0.3887492 0.3916859 0.3785319 0.4282416 0.5228254 0.4265283 0.5214866 0.6354654 
Saccharomyces_eubayanus                     0.3611975 0.4325410 0.4729036 0.3913827 0.4678407 0.6914626 0.5370743 0.4524864 0.3762629 0.3570369 2.5877549 0.1320248 0.1908501 0.0000000 0.1480851 0.1851164 0.1789787 0.0350847 0.5606482 0.4970361 0.4821030 0.4492946 0.4023858 0.4039571 0.3766866 0.3857941 0.4587079 0.5343544 0.4809435 0.5219348 0.6100441 0.5048168 0.3926865 0.4342622 0.4030835 0.4773992 0.5797684 0.5055119 0.4920439 0.7053613 
Saccharomyces_kudriavzevii                  0.3895533 0.4820192 0.4988704 0.4459352 0.4918915 0.7086907 0.5342849 0.4694825 0.3587201 0.3565608 3.2264309 0.1118762 0.1789104 0.1480851 0.0000000 0.1601261 0.1633166 0.1355272 0.6388200 0.5057736 0.4980738 0.4651576 0.4003200 0.4082316 0.3799777 0.3977571 0.5176329 0.5175301 0.5104803 0.5414051 0.6319969 0.5336096 0.3858449 0.4558843 0.4040392 0.5024315 0.5779803 0.5180802 0.5227741 0.7094599 
Saccharomyces_mikatae                       0.4254998 0.4516577 0.5293020 0.5151594 0.4935227 0.6889806 0.5876004 0.4774883 0.3529511 0.3497970 3.8201635 0.1628170 0.1514923 0.1851164 0.1601261 0.0000000 0.1249535 0.1844732 0.5398314 0.4779237 0.4604445 0.3989719 0.3702501 0.3629039 0.3722341 0.3348873 0.6083825 0.5369143 0.5594077 0.4615832 0.5405298 0.4876698 0.3800999 0.3891290 0.3349680 0.4294262 0.4862173 0.4501199 0.4998895 0.6180942 
Saccharomyces_paradoxus                     0.4621859 0.4575265 0.4924223 0.5200235 0.5366318 0.6798975 0.5742737 0.4873744 0.3437254 0.3548445 3.7888161 0.1437827 0.0976524 0.1789787 0.1633166 0.1249535 0.0000000 0.1758569 0.5681480 0.4752289 0.4758466 0.4219122 0.3810763 0.3720748 0.4092416 0.3728697 0.5904007 0.5407704 0.5478142 0.5103715 0.5460392 0.4723272 0.3971493 0.3983930 0.3763168 0.4462645 0.5246887 0.4714275 0.4808250 0.6488964 
Saccharomyces_uvarum                        0.3407119 0.4320397 0.4599627 0.3649046 0.4526257 0.6604409 0.5294157 0.4307597 0.3580479 0.3616426 2.8258753 0.1116995 0.1944630 0.0350847 0.1355272 0.1844732 0.1758569 0.0000000 0.5554651 0.4703619 0.4735742 0.4489236 0.3815648 0.3892632 0.3648524 0.3714283 0.4514643 0.5026457 0.4878730 0.5143324 0.6313188 0.4630944 0.3688145 0.4453090 0.3995988 0.4619364 0.5643017 0.4995849 0.4826851 0.7126988 
Tetrapisispora_blattae                      0.6212340 0.4941427 0.7751928 0.6345657 0.6481398 0.7087853 0.7588775 0.6373941 0.4303714 0.4620448 4.8655717 0.5536028 0.5408157 0.5606482 0.6388200 0.5398314 0.5681480 0.5554651 0.0000000 0.5833933 0.5978509 0.4406191 0.4290083 0.4854328 0.4122204 0.4488281 0.8796160 0.7176751 0.7304324 0.4379018 0.4872389 0.4519792 0.5236693 0.4267623 0.5372593 0.4387948 0.5222743 0.4799302 0.5880966 0.4603311 
Tetrapisispora_phaffii                      0.5014594 0.4444818 0.6259574 0.5948313 0.6145987 0.7647654 0.7606098 0.5848998 0.4463907 0.4099127 3.6701076 0.4542599 0.4923177 0.4970361 0.5057736 0.4779237 0.4752289 0.4703619 0.5833933 0.0000000 0.4846846 0.5213304 0.4544375 0.4673818 0.4704392 0.4484946 0.7446499 0.6019584 0.5696774 0.4909387 0.5641419 0.4598391 0.4578040 0.4251822 0.4652140 0.4918106 0.2940737 0.3056580 0.2928439 0.6425504 
Vanderwaltozyma_polyspora                   0.5393950 0.5445065 0.7455343 0.6071957 0.6483651 0.7779829 0.7545224 0.6070038 0.4841945 0.4507995 3.7670996 0.5124540 0.5137780 0.4821030 0.4980738 0.4604445 0.4758466 0.4735742 0.5978509 0.4846846 0.0000000 0.5318151 0.5133316 0.5317037 0.4881512 0.4808225 0.7859856 0.6639271 0.7235732 0.5625825 0.5973459 0.5652086 0.5094387 0.5129905 0.4823258 0.5238893 0.4601366 0.4430944 0.5321005 0.5990556 
yHAB132_Kazachstania_martiniae              0.5546932 0.4125119 0.6251993 0.6172930 0.5952799 0.6845116 0.7594389 0.5291871 0.3312955 0.3193556 4.2129926 0.4547997 0.4049567 0.4492946 0.4651576 0.3989719 0.4219122 0.4489236 0.4406191 0.5213304 0.5318151 0.0000000 0.3369933 0.3449789 0.3612781 0.3163028 0.6788342 0.7764874 0.5548164 0.3870853 0.4676483 0.4636541 0.3645356 0.3279884 0.3841904 0.3304698 0.4929545 0.3982768 0.4982723 0.4806083 
yHAB133_Kazachstania_unispora               0.5273801 0.3809691 0.5257033 0.6538156 0.5531556 0.6552687 0.6710379 0.5212351 0.2994865 0.2877881 3.3922830 0.3834809 0.3682686 0.4023858 0.4003200 0.3702501 0.3810763 0.3815648 0.4290083 0.4544375 0.5133316 0.3369933 0.0000000 0.3585051 0.3203139 0.1471482 0.5800199 0.6422700 0.5848052 0.2659561 0.4011270 0.4171030 0.1983936 0.3124961 0.1802754 0.2490820 0.4456778 0.4156410 0.5269080 0.5157594 
yHAB134_Kazachstania_turicensis             0.5020245 0.3586054 0.5748946 0.5373020 0.5536274 0.6583745 0.6444068 0.5702759 0.3360194 0.3505621 3.3798203 0.3943458 0.3605563 0.4039571 0.4082316 0.3629039 0.3720748 0.3892632 0.4854328 0.4673818 0.5317037 0.3449789 0.3585051 0.0000000 0.3552327 0.3064776 0.6112363 0.6757454 0.4961263 0.3856294 0.5000115 0.4763437 0.3834310 0.3025409 0.4112690 0.3729311 0.5153320 0.4375705 0.5242071 0.5077025 
yHAB136_Kazachstania_bromeliacearum         0.4348612 0.3895643 0.4603798 0.4886506 0.4451139 0.7259487 0.5644912 0.4580074 0.3336421 0.3082020 3.6794398 0.3611625 0.3920671 0.3766866 0.3799777 0.3722341 0.4092416 0.3648524 0.4122204 0.4704392 0.4881512 0.3612781 0.3203139 0.3552327 0.0000000 0.2696316 0.5272909 0.6151668 0.5702288 0.2902477 0.4536788 0.4404621 0.3404046 0.3640423 0.3337282 0.2923429 0.4622922 0.4357776 0.5413636 0.4888479 
yHAB143_Kazachstania_siamensis              0.4416019 0.3308981 0.5218893 0.5802307 0.4869431 0.6572617 0.6342483 0.4512479 0.2624076 0.2850089 2.9554349 0.3843871 0.3476795 0.3857941 0.3977571 0.3348873 0.3728697 0.3714283 0.4488281 0.4484946 0.4808225 0.3163028 0.1471482 0.3064776 0.2696316 0.0000000 0.5552055 0.6108412 0.5305812 0.2938358 0.4278427 0.4005977 0.2065117 0.2757056 0.1936520 0.2295735 0.4537062 0.4412556 0.5018601 0.4090900 
yHAB147_Kazachstania_taianensis             0.4780317 0.7029020 0.4094145 0.5530188 0.5788850 0.8634703 0.4862196 0.5655418 0.6066711 0.6160223 1.9960664 0.5563558 0.6146927 0.4587079 0.5176329 0.6083825 0.5904007 0.4514643 0.8796160 0.7446499 0.7859856 0.6788342 0.5800199 0.6112363 0.5272909 0.5552055 0.0000000 0.6183518 0.4311209 0.6815982 0.9064632 0.7685992 0.4741569 0.6930320 0.6079667 0.6611126 0.8853600 0.8028879 0.6956921 1.1482497 
yHAB148_Kazachstania_intestinalis           0.4739788 0.6644862 0.5929849 0.5178685 0.5414555 0.7322143 0.5482367 0.5802841 0.6494987 0.6840292 4.7031662 0.5146472 0.5573973 0.5343544 0.5175301 0.5369143 0.5407704 0.5026457 0.7176751 0.6019584 0.6639271 0.7764874 0.6422700 0.6757454 0.6151668 0.6108412 0.6183518 0.0000000 0.7430546 0.6704893 0.7938818 0.7663055 0.5853840 0.7113236 0.5954642 0.7603655 0.7438755 0.6007647 0.6668282 0.8778947 
yHAB153_Kazachstania_rosinii                0.4969668 0.5614602 0.5382680 0.5666060 0.5527306 0.8490231 0.5670356 0.6077559 0.5030009 0.5566246 2.5849285 0.5165603 0.5609429 0.4809435 0.5104803 0.5594077 0.5478142 0.4878730 0.7304324 0.5696774 0.7235732 0.5548164 0.5848052 0.4961263 0.5702288 0.5305812 0.4311209 0.7430546 0.0000000 0.6666314 0.7645123 0.6712915 0.4796082 0.4762836 0.5803943 0.6241097 0.7829257 0.7141456 0.6160942 0.9075345 
yHAB154_Kazachstania_transvaalensis         0.5312550 0.4082648 0.5435784 0.5867661 0.5867804 0.7168378 0.7009130 0.6010712 0.3641267 0.3468311 4.4366746 0.5239183 0.4765184 0.5219348 0.5414051 0.4615832 0.5103715 0.5143324 0.4379018 0.4909387 0.5625825 0.3870853 0.2659561 0.3856294 0.2902477 0.2938358 0.6815982 0.6704893 0.6666314 0.0000000 0.3776772 0.4362296 0.3421969 0.3841294 0.3300924 0.1765195 0.5004125 0.4827148 0.5392733 0.4658135 
yHAB155_Kazachstania_spencerorum            0.7938467 0.4329491 0.7315790 0.7383320 0.7607688 0.8283107 0.9445938 0.7333551 0.4906491 0.4433107 4.9100623 0.5862805 0.4952763 0.6100441 0.6319969 0.5405298 0.5460392 0.6313188 0.4872389 0.5641419 0.5973459 0.4676483 0.4011270 0.5000115 0.4536788 0.4278427 0.9064632 0.7938818 0.7645123 0.3776772 0.0000000 0.4677603 0.4946220 0.3750774 0.4581698 0.3914964 0.5320145 0.5397741 0.6269196 0.4535716 
yHAB158_Kazachstania_viticola               0.6015058 0.4397819 0.6926250 0.6005426 0.5565497 0.7671683 0.7493798 0.5980458 0.4077462 0.3632962 3.9718333 0.4883152 0.4825393 0.5048168 0.5336096 0.4876698 0.4723272 0.4630944 0.4519792 0.4598391 0.5652086 0.4636541 0.4171030 0.4763437 0.4404621 0.4005977 0.7685992 0.7663055 0.6712915 0.4362296 0.4677603 0.0000000 0.4350209 0.3422276 0.4230300 0.3705801 0.5069254 0.4393644 0.5609918 0.5256315 
yHAB159_Kazachstania_solicola               0.4259908 0.4026581 0.4748832 0.5436260 0.5300387 0.7085518 0.5580712 0.4963521 0.3283947 0.3393888 3.5059814 0.3835757 0.3887492 0.3926865 0.3858449 0.3800999 0.3971493 0.3688145 0.5236693 0.4578040 0.5094387 0.3645356 0.1983936 0.3834310 0.3404046 0.2065117 0.4741569 0.5853840 0.4796082 0.3421969 0.4946220 0.4350209 0.0000000 0.3305966 0.0922406 0.3016215 0.5216007 0.4635428 0.4921314 0.5974240 
yHAB160_Kazachstania_kunashirensis          0.5507218 0.3375729 0.5550247 0.6305270 0.6087648 0.7680151 0.7006540 0.5634554 0.2698214 0.2994912 3.5889069 0.4219415 0.3916859 0.4342622 0.4558843 0.3891290 0.3983930 0.4453090 0.4267623 0.4251822 0.5129905 0.3279884 0.3124961 0.3025409 0.3640423 0.2757056 0.6930320 0.7113236 0.4762836 0.3841294 0.3750774 0.3422276 0.3305966 0.0000000 0.3282083 0.3398927 0.4456248 0.4141540 0.4840819 0.4284469 
yHAB164_Kazachstania_aerobia                0.4779658 0.4086236 0.5283370 0.5965231 0.5460331 0.7182195 0.6392837 0.5290624 0.3365290 0.3076406 3.7648421 0.4188484 0.3785319 0.4030835 0.4040392 0.3349680 0.3763168 0.3995988 0.5372593 0.4652140 0.4823258 0.3841904 0.1802754 0.4112690 0.3337282 0.1936520 0.6079667 0.5954642 0.5803943 0.3300924 0.4581698 0.4230300 0.0922406 0.3282083 0.0000000 0.2999185 0.4996945 0.4525647 0.5230580 0.5698272 
yHAB166_Kazachstania_yakushimaensis         0.5192248 0.3754683 0.5503894 0.5964012 0.6064408 0.7408959 0.7133655 0.5413014 0.3512792 0.3379277 4.0842712 0.4617314 0.4282416 0.4773992 0.5024315 0.4294262 0.4462645 0.4619364 0.4387948 0.4918106 0.5238893 0.3304698 0.2490820 0.3729311 0.2923429 0.2295735 0.6611126 0.7603655 0.6241097 0.1765195 0.3914964 0.3705801 0.3016215 0.3398927 0.2999185 0.0000000 0.4697811 0.4462100 0.5432129 0.4273801 
yHMPu5000034875_Tetrapisispora_fleetii      0.6202637 0.4376520 0.7386185 0.6855349 0.7359792 0.8150976 0.8897696 0.6188171 0.4163712 0.4824197 4.8148296 0.5428128 0.5228254 0.5797684 0.5779803 0.4862173 0.5246887 0.5643017 0.5222743 0.2940737 0.4601366 0.4929545 0.4456778 0.5153320 0.4622922 0.4537062 0.8853600 0.7438755 0.7829257 0.5004125 0.5320145 0.5069254 0.5216007 0.4456248 0.4996945 0.4697811 0.0000000 0.3265254 0.2600083 0.6091214 
yHMPu5000034876_Tetrapisispora_iriomotensis 0.5251708 0.5167783 0.6429233 0.6090288 0.5939977 0.6539953 0.6977734 0.5413107 0.4203162 0.4269258 3.9862199 0.4592348 0.4265283 0.5055119 0.5180802 0.4501199 0.4714275 0.4995849 0.4799302 0.3056580 0.4430944 0.3982768 0.4156410 0.4375705 0.4357776 0.4412556 0.8028879 0.6007647 0.7141456 0.4827148 0.5397741 0.4393644 0.4635428 0.4141540 0.4525647 0.4462100 0.3265254 0.0000000 0.3612488 0.5767499 
yHMPu5000034877_Tetrapisispora_namnaonensis 0.4846677 0.5203191 0.6602434 0.5719976 0.5752352 0.8013981 0.6533766 0.5349781 0.4629109 0.5284594 3.4809925 0.4894424 0.5214866 0.4920439 0.5227741 0.4998895 0.4808250 0.4826851 0.5880966 0.2928439 0.5321005 0.4982723 0.5269080 0.5242071 0.5413636 0.5018601 0.6956921 0.6668282 0.6160942 0.5392733 0.6269196 0.5609918 0.4921314 0.4840819 0.5230580 0.5432129 0.2600083 0.3612488 0.0000000 0.6654377 
yHMPu5000035629_Yueomyces_sinensis          0.6702242 0.4589183 0.9197385 0.7623896 0.6900716 0.8612680 0.8414406 0.6495793 0.5016647 0.5056182 3.4552853 0.6912348 0.6354654 0.7053613 0.7094599 0.6180942 0.6488964 0.7126988 0.4603311 0.6425504 0.5990556 0.4806083 0.5157594 0.5077025 0.4888479 0.4090900 1.1482497 0.8778947 0.9075345 0.4658135 0.4535716 0.5256315 0.5974240 0.4284469 0.5698272 0.4273801 0.6091214 0.5767499 0.6654377 0.0000000 
