40
Candida_glabrata                            0.0000000 0.4262951 0.4798900 0.4120400 0.2842321 0.5499587 0.3194835 0.2652317 0.3748800 0.3908660 1.7268103 0.3697108 0.3912619 0.3763892 0.4254020 0.3989340 0.4022502 0.3657878 0.4262189 0.4179901 0.3436541 0.4032469 0.3735975 0.4013878 0.3556464 0.3509924 0.3819384 0.4641375 0.4149376 0.4119701 0.4815742 0.4001974 0.3641378 0.4366543 0.3646572 0.4004345 0.4234665 0.4225645 0.4317581 0.4141732 
Kazachstania_africana                       0.4262951 0.0000000 0.5082936 0.4481983 0.4131965 0.6322296 0.4590243 0.3986299 0.3902800 0.3676536 2.0736313 0.3904736 0.4126813 0.4115658 0.4086626 0.4165848 0.4100512 0.3921776 0.4117577 0.3951859 0.3466734 0.3779259 0.3291681 0.3943476 0.3581663 0.3070724 0.4150970 0.4946036 0.3918267 0.4083588 0.3965387 0.3630213 0.3149923 0.3819071 0.3388711 0.3646591 0.4243425 0.4214844 0.4199168 0.3979224 
Kazachstania_naganishii                     0.4798900 0.5082936 0.0000000 0.5414749 0.4582543 0.6584407 0.4807189 0.4474852 0.4480384 0.4694858 1.6949732 0.4538037 0.4666422 0.4333833 0.4606136 0.4552890 0.4612049 0.4416958 0.5208856 0.4850205 0.4295072 0.4593410 0.4231173 0.4675820 0.3713665 0.4069448 0.3894764 0.5366759 0.4943666 0.5115689 0.5549057 0.5197065 0.4027828 0.4843882 0.4001622 0.5040350 0.5408229 0.5220380 0.5492557 0.5284088 
Nakaseomyces_bacillisporus                  0.4120400 0.4481983 0.5414749 0.0000000 0.3863123 0.5314918 0.4248834 0.3597246 0.3809198 0.3475344 2.2140470 0.3693493 0.3811787 0.3743173 0.4015481 0.3849234 0.3711624 0.3687387 0.4467110 0.4198171 0.3796108 0.4067732 0.3866246 0.4764791 0.3788173 0.3795931 0.4311530 0.4686931 0.4746939 0.4365248 0.5056012 0.4145684 0.3918832 0.4325935 0.4000686 0.4248315 0.4314817 0.4424635 0.4352750 0.4283623 
Nakaseomyces_bracarensis                    0.2842321 0.4131965 0.4582543 0.3863123 0.0000000 0.5302778 0.2149640 0.1516867 0.4086834 0.3873689 1.8234679 0.3702519 0.3791421 0.3798212 0.4228969 0.3818816 0.3817942 0.3839552 0.4337208 0.3856522 0.3248836 0.3972663 0.3699293 0.4491426 0.3447232 0.3542089 0.3961520 0.4583492 0.4428566 0.4392157 0.5007489 0.3985433 0.3615256 0.4372029 0.3687582 0.4107232 0.4217958 0.4020793 0.4358881 0.4200000 
Nakaseomyces_castellii                      0.5499587 0.6322296 0.6584407 0.5314918 0.5302778 0.0000000 0.5670815 0.5303416 0.5915829 0.5641784 1.9551859 0.5624656 0.5596530 0.5785608 0.5875038 0.5512266 0.5707443 0.5595983 0.6101544 0.5821150 0.5654024 0.5908889 0.5835094 0.6362263 0.5910190 0.5631364 0.5980067 0.6726562 0.6230223 0.6612675 0.6696516 0.6156223 0.5796547 0.6445069 0.5644539 0.6336909 0.6358056 0.6039420 0.6163203 0.6412475 
Nakaseomyces_delphensis                     0.3194835 0.4590243 0.4807189 0.4248834 0.2149640 0.5670815 0.0000000 0.1851475 0.4262408 0.4310562 1.9009218 0.4271805 0.4370063 0.4332791 0.4431815 0.4225757 0.4299453 0.4260240 0.4678471 0.4188886 0.3687475 0.4248085 0.4124629 0.4684241 0.3888805 0.4043989 0.4236578 0.4729132 0.4687867 0.4591899 0.5068162 0.4375890 0.3883249 0.4874069 0.3874172 0.4482027 0.4710492 0.4304551 0.4668144 0.4394763 
Nakaseomyces_nivariensis                    0.2652317 0.3986299 0.4474852 0.3597246 0.1516867 0.5303416 0.1851475 0.0000000 0.3755839 0.3751229 1.7274057 0.3595455 0.3798145 0.3764586 0.3885761 0.3791988 0.3601886 0.3771098 0.4127537 0.3623516 0.3219200 0.3666574 0.3419431 0.4134146 0.3302708 0.3367996 0.3503628 0.4338491 0.3914795 0.4062448 0.4661293 0.3670164 0.3316177 0.4342293 0.3393904 0.3906218 0.4016654 0.3741073 0.4085182 0.3831941 
Naumovozyma_castellii                       0.3748800 0.3902800 0.4480384 0.3809198 0.4086834 0.5915829 0.4262408 0.3755839 0.0000000 0.2535713 1.9205866 0.3154588 0.3328707 0.3257745 0.3431293 0.3343416 0.3336953 0.3210007 0.3806867 0.3803013 0.3123913 0.3509085 0.3165752 0.3775012 0.2901737 0.2979915 0.3568812 0.4363788 0.3693537 0.4049290 0.3939311 0.3656805 0.3078752 0.3785615 0.3053803 0.3897534 0.4193697 0.3702229 0.3899776 0.3621190 
Naumovozyma_dairenensis                     0.3908660 0.3676536 0.4694858 0.3475344 0.3873689 0.5641784 0.4310562 0.3751229 0.2535713 0.0000000 2.0990145 0.3326867 0.3583424 0.3273229 0.3479151 0.3501529 0.3428543 0.3263815 0.3416079 0.3692104 0.3063066 0.3316706 0.2966188 0.3356878 0.2741738 0.2787733 0.3524759 0.4409531 0.3680886 0.3541472 0.3644274 0.3578480 0.2914325 0.3318204 0.3099339 0.3141333 0.4198442 0.3818710 0.4004489 0.3752690 
Neurospora_crassa                           1.7268103 2.0736313 1.6949732 2.2140470 1.8234679 1.9551859 1.9009218 1.7274057 1.9205866 2.0990145 0.0000000 2.0100985 2.0124920 1.8852250 1.9290183 2.0111012 1.9370933 1.9181337 2.0703187 2.0837808 1.9200557 2.0052128 1.9026826 1.8252172 1.8727645 1.9028496 1.6813957 2.0641087 1.7956759 2.2294945 2.0955269 1.9217596 1.7936881 2.0240998 1.8388198 2.1798299 2.0684936 2.0826722 2.1154740 1.8652983 
Saccharomyces_arboricola                    0.3697108 0.3904736 0.4538037 0.3693493 0.3702519 0.5624656 0.4271805 0.3595455 0.3154588 0.3326867 2.0100985 0.0000000 0.1708617 0.1712266 0.1630015 0.1640393 0.1624908 0.1632936 0.4313681 0.3871519 0.3297747 0.3697392 0.3410887 0.4358346 0.3148516 0.3114663 0.3707959 0.4277644 0.3919844 0.4070206 0.4180935 0.3648535 0.3258188 0.4055940 0.3264884 0.3772820 0.4273459 0.3770925 0.4105360 0.4025910 
Saccharomyces_cerevisiae                    0.3912619 0.4126813 0.4666422 0.3811787 0.3791421 0.5596530 0.4370063 0.3798145 0.3328707 0.3583424 2.0124920 0.1708617 0.0000000 0.1955731 0.1698474 0.1436740 0.0675203 0.1857772 0.4161646 0.3847186 0.3292659 0.3963586 0.3614014 0.4346995 0.3321364 0.3289667 0.3661975 0.4346821 0.4078424 0.4192022 0.4135326 0.3673562 0.3449379 0.4377940 0.3431836 0.4033152 0.4176533 0.3821256 0.4168319 0.3995933 
Saccharomyces_eubayanus                     0.3763892 0.4115658 0.4333833 0.3743173 0.3798212 0.5785608 0.4332791 0.3764586 0.3257745 0.3273229 1.8852250 0.1712266 0.1955731 0.0000000 0.1802997 0.1959764 0.1909085 0.0582179 0.4112697 0.3581007 0.3088569 0.3550478 0.3271438 0.4164608 0.3084158 0.3023533 0.3662640 0.4453360 0.3811133 0.4091424 0.4158516 0.3703500 0.3148628 0.4014048 0.3203394 0.3666257 0.3804823 0.3611774 0.3779358 0.3928502 
Saccharomyces_kudriavzevii                  0.4254020 0.4086626 0.4606136 0.4015481 0.4228969 0.5875038 0.4431815 0.3885761 0.3431293 0.3479151 1.9290183 0.1630015 0.1698474 0.1802997 0.0000000 0.1759143 0.1647888 0.1667034 0.4555236 0.3912879 0.3323462 0.3856688 0.3633682 0.4488698 0.3398686 0.3389694 0.3757037 0.4643037 0.4149422 0.4358555 0.4309845 0.3980384 0.3487798 0.4530005 0.3511000 0.4098954 0.4426371 0.4065389 0.4310333 0.4335045 
Saccharomyces_mikatae                       0.3989340 0.4165848 0.4552890 0.3849234 0.3818816 0.5512266 0.4225757 0.3791988 0.3343416 0.3501529 2.0111012 0.1640393 0.1436740 0.1959764 0.1759143 0.0000000 0.1273573 0.1920795 0.4159727 0.3987724 0.3387818 0.3817990 0.3516180 0.4424992 0.3273056 0.3357553 0.3769645 0.4482004 0.4285658 0.4200883 0.4310184 0.3663741 0.3533220 0.4328803 0.3516687 0.4018185 0.4283285 0.3928816 0.4217911 0.4042488 
Saccharomyces_paradoxus                     0.4022502 0.4100512 0.4612049 0.3711624 0.3817942 0.5707443 0.4299453 0.3601886 0.3336953 0.3428543 1.9370933 0.1624908 0.0675203 0.1909085 0.1647888 0.1273573 0.0000000 0.1716384 0.4124439 0.3837204 0.3235120 0.3833954 0.3620019 0.4236914 0.3287086 0.3261608 0.3562071 0.4499121 0.4079722 0.4171211 0.4135101 0.3482561 0.3428463 0.4334047 0.3462333 0.3977634 0.4080441 0.3746801 0.4095554 0.3891339 
Saccharomyces_uvarum                        0.3657878 0.3921776 0.4416958 0.3687387 0.3839552 0.5595983 0.4260240 0.3771098 0.3210007 0.3263815 1.9181337 0.1632936 0.1857772 0.0582179 0.1667034 0.1920795 0.1716384 0.0000000 0.4167368 0.3667528 0.3162305 0.3566541 0.3339453 0.4093288 0.3146457 0.3148581 0.3643102 0.4407680 0.3922737 0.4231768 0.4172736 0.3721516 0.3202790 0.4024432 0.3233982 0.3904028 0.3915594 0.3812143 0.3906842 0.3952596 
Tetrapisispora_blattae                      0.4262189 0.4117577 0.5208856 0.4467110 0.4337208 0.6101544 0.4678471 0.4127537 0.3806867 0.3416079 2.0703187 0.4313681 0.4161646 0.4112697 0.4555236 0.4159727 0.4124439 0.4167368 0.0000000 0.3806346 0.3383603 0.3522419 0.3767205 0.3917670 0.3554343 0.3594711 0.4538931 0.4702484 0.4343476 0.4309116 0.4332128 0.3803403 0.3882302 0.4273984 0.3947425 0.3906622 0.3971721 0.3814001 0.4154848 0.3040535 
Tetrapisispora_phaffii                      0.4179901 0.3951859 0.4850205 0.4198171 0.3856522 0.5821150 0.4188886 0.3623516 0.3803013 0.3692104 2.0837808 0.3871519 0.3847186 0.3581007 0.3912879 0.3987724 0.3837204 0.3667528 0.3806346 0.0000000 0.2652751 0.3727164 0.3509273 0.4132704 0.3272201 0.3340829 0.4147259 0.4903728 0.4343469 0.4029286 0.4212896 0.3901780 0.3266496 0.3994603 0.3487423 0.3855767 0.2334893 0.2388145 0.2203501 0.3602514 
Vanderwaltozyma_polyspora                   0.3436541 0.3466734 0.4295072 0.3796108 0.3248836 0.5654024 0.3687475 0.3219200 0.3123913 0.3063066 1.9200557 0.3297747 0.3292659 0.3088569 0.3323462 0.3387818 0.3235120 0.3162305 0.3383603 0.2652751 0.0000000 0.3163858 0.2939825 0.3747490 0.2741231 0.2668652 0.3384889 0.4343534 0.3696492 0.3741373 0.3845283 0.3439657 0.2737953 0.3637312 0.2842403 0.3500924 0.3030045 0.2827968 0.3168772 0.3082966 
yHAB132_Kazachstania_martiniae              0.4032469 0.3779259 0.4593410 0.4067732 0.3972663 0.5908889 0.4248085 0.3666574 0.3509085 0.3316706 2.0052128 0.3697392 0.3963586 0.3550478 0.3856688 0.3817990 0.3833954 0.3566541 0.3522419 0.3727164 0.3163858 0.0000000 0.2779300 0.3929958 0.2883576 0.2766423 0.3417988 0.4318166 0.3837321 0.3728222 0.4004327 0.3360911 0.2551110 0.3804706 0.2652598 0.3416425 0.3711360 0.3749991 0.3876405 0.3486006 
yHAB133_Kazachstania_unispora               0.3735975 0.3291681 0.4231173 0.3866246 0.3699293 0.5835094 0.4124629 0.3419431 0.3165752 0.2966188 1.9026826 0.3410887 0.3614014 0.3271438 0.3633682 0.3516180 0.3620019 0.3339453 0.3767205 0.3509273 0.2939825 0.2779300 0.0000000 0.3224925 0.2326765 0.1406011 0.3138340 0.4043003 0.3309453 0.3019540 0.3572503 0.3281894 0.1173634 0.3111100 0.1280428 0.2658066 0.4038371 0.3669426 0.4040060 0.3451553 
yHAB134_Kazachstania_turicensis             0.4013878 0.3943476 0.4675820 0.4764791 0.4491426 0.6362263 0.4684241 0.4134146 0.3775012 0.3356878 1.8252172 0.4358346 0.4346995 0.4164608 0.4488698 0.4424992 0.4236914 0.4093288 0.3917670 0.4132704 0.3747490 0.3929958 0.3224925 0.0000000 0.3225459 0.3143647 0.4124656 0.4981511 0.3741161 0.4371978 0.3874496 0.4038755 0.3244121 0.2179398 0.3476067 0.3782517 0.4574975 0.4231761 0.4493926 0.3675003 
yHAB136_Kazachstania_bromeliacearum         0.3556464 0.3581663 0.3713665 0.3788173 0.3447232 0.5910190 0.3888805 0.3302708 0.2901737 0.2741738 1.8727645 0.3148516 0.3321364 0.3084158 0.3398686 0.3273056 0.3287086 0.3146457 0.3554343 0.3272201 0.2741231 0.2883576 0.2326765 0.3225459 0.0000000 0.2112592 0.3045552 0.4184004 0.3559121 0.3205350 0.3648839 0.3398367 0.2261656 0.3404557 0.2423668 0.2910576 0.3738802 0.3634884 0.3804226 0.3317359 
yHAB143_Kazachstania_siamensis              0.3509924 0.3070724 0.4069448 0.3795931 0.3542089 0.5631364 0.4043989 0.3367996 0.2979915 0.2787733 1.9028496 0.3114663 0.3289667 0.3023533 0.3389694 0.3357553 0.3261608 0.3148581 0.3594711 0.3340829 0.2668652 0.2766423 0.1406011 0.3143647 0.2112592 0.0000000 0.2825751 0.3985581 0.3239796 0.2795335 0.3646501 0.3211626 0.1365214 0.3187186 0.1561535 0.2431940 0.3801388 0.3524492 0.3902704 0.3281549 
yHAB147_Kazachstania_taianensis             0.3819384 0.4150970 0.3894764 0.4311530 0.3961520 0.5980067 0.4236578 0.3503628 0.3568812 0.3524759 1.6813957 0.3707959 0.3661975 0.3662640 0.3757037 0.3769645 0.3562071 0.3643102 0.4538931 0.4147259 0.3384889 0.3417988 0.3138340 0.4124656 0.3045552 0.2825751 0.0000000 0.4294127 0.4056699 0.3818951 0.4555500 0.3816150 0.2853969 0.4005011 0.2943910 0.3485856 0.4535165 0.4156612 0.4632708 0.4234543 
yHAB148_Kazachstania_intestinalis           0.4641375 0.4946036 0.5366759 0.4686931 0.4583492 0.6726562 0.4729132 0.4338491 0.4363788 0.4409531 2.0641087 0.4277644 0.4346821 0.4453360 0.4643037 0.4482004 0.4499121 0.4407680 0.4702484 0.4903728 0.4343534 0.4318166 0.4043003 0.4981511 0.4184004 0.3985581 0.4294127 0.0000000 0.4743456 0.4711220 0.5307404 0.4498340 0.4308566 0.5033266 0.4338336 0.4721966 0.5102380 0.4965702 0.5268575 0.4644703 
yHAB153_Kazachstania_rosinii                0.4149376 0.3918267 0.4943666 0.4746939 0.4428566 0.6230223 0.4687867 0.3914795 0.3693537 0.3680886 1.7956759 0.3919844 0.4078424 0.3811133 0.4149422 0.4285658 0.4079722 0.3922737 0.4343476 0.4343469 0.3696492 0.3837321 0.3309453 0.3741161 0.3559121 0.3239796 0.4056699 0.4743456 0.0000000 0.4713688 0.3354573 0.3865978 0.3289596 0.3731577 0.3526153 0.4369101 0.4298123 0.4211906 0.4262799 0.3931907 
yHAB154_Kazachstania_transvaalensis         0.4119701 0.4083588 0.5115689 0.4365248 0.4392157 0.6612675 0.4591899 0.4062448 0.4049290 0.3541472 2.2294945 0.4070206 0.4192022 0.4091424 0.4358555 0.4200883 0.4171211 0.4231768 0.4309116 0.4029286 0.3741373 0.3728222 0.3019540 0.4371978 0.3205350 0.2795335 0.3818951 0.4711220 0.4713688 0.0000000 0.4537537 0.3742940 0.2978032 0.3934705 0.3093091 0.1331186 0.4221148 0.4185718 0.4094323 0.4222383 
yHAB155_Kazachstania_spencerorum            0.4815742 0.3965387 0.5549057 0.5056012 0.5007489 0.6696516 0.5068162 0.4661293 0.3939311 0.3644274 2.0955269 0.4180935 0.4135326 0.4158516 0.4309845 0.4310184 0.4135101 0.4172736 0.4332128 0.4212896 0.3845283 0.4004327 0.3572503 0.3874496 0.3648839 0.3646501 0.4555500 0.5307404 0.3354573 0.4537537 0.0000000 0.4279149 0.3628302 0.4044601 0.3781185 0.4252217 0.4324962 0.4240046 0.4332905 0.4166248 
yHAB158_Kazachstania_viticola               0.4001974 0.3630213 0.5197065 0.4145684 0.3985433 0.6156223 0.4375890 0.3670164 0.3656805 0.3578480 1.9217596 0.3648535 0.3673562 0.3703500 0.3980384 0.3663741 0.3482561 0.3721516 0.3803403 0.3901780 0.3439657 0.3360911 0.3281894 0.4038755 0.3398367 0.3211626 0.3816150 0.4498340 0.3865978 0.3742940 0.4279149 0.0000000 0.3137344 0.3853336 0.3197492 0.3631708 0.3874969 0.3948620 0.4006647 0.3693937 
yHAB159_Kazachstania_solicola               0.3641378 0.3149923 0.4027828 0.3918832 0.3615256 0.5796547 0.3883249 0.3316177 0.3078752 0.2914325 1.7936881 0.3258188 0.3449379 0.3148628 0.3487798 0.3533220 0.3428463 0.3202790 0.3882302 0.3266496 0.2737953 0.2551110 0.1173634 0.3244121 0.2261656 0.1365214 0.2853969 0.4308566 0.3289596 0.2978032 0.3628302 0.3137344 0.0000000 0.3121424 0.0509631 0.2549860 0.3900649 0.3651569 0.3736270 0.3355671 
yHAB160_Kazachstania_kunashirensis          0.4366543 0.3819071 0.4843882 0.4325935 0.4372029 0.6445069 0.4874069 0.4342293 0.3785615 0.3318204 2.0240998 0.4055940 0.4377940 0.4014048 0.4530005 0.4328803 0.4334047 0.4024432 0.4273984 0.3994603 0.3637312 0.3804706 0.3111100 0.2179398 0.3404557 0.3187186 0.4005011 0.5033266 0.3731577 0.3934705 0.4044601 0.3853336 0.3121424 0.0000000 0.3330322 0.3474089 0.4379065 0.4146544 0.4331746 0.3744543 
yHAB164_Kazachstania_aerobia                0.3646572 0.3388711 0.4001622 0.4000686 0.3687582 0.5644539 0.3874172 0.3393904 0.3053803 0.3099339 1.8388198 0.3264884 0.3431836 0.3203394 0.3511000 0.3516687 0.3462333 0.3233982 0.3947425 0.3487423 0.2842403 0.2652598 0.1280428 0.3476067 0.2423668 0.1561535 0.2943910 0.4338336 0.3526153 0.3093091 0.3781185 0.3197492 0.0509631 0.3330322 0.0000000 0.2793371 0.4018124 0.3792290 0.3789934 0.3421840 
yHAB166_Kazachstania_yakushimaensis         0.4004345 0.3646591 0.5040350 0.4248315 0.4107232 0.6336909 0.4482027 0.3906218 0.3897534 0.3141333 2.1798299 0.3772820 0.4033152 0.3666257 0.4098954 0.4018185 0.3977634 0.3904028 0.3906622 0.3855767 0.3500924 0.3416425 0.2658066 0.3782517 0.2910576 0.2431940 0.3485856 0.4721966 0.4369101 0.1331186 0.4252217 0.3631708 0.2549860 0.3474089 0.2793371 0.0000000 0.4149581 0.3805556 0.4147558 0.3798170 
yHMPu5000034875_Tetrapisispora_fleetii      0.4234665 0.4243425 0.5408229 0.4314817 0.4217958 0.6358056 0.4710492 0.4016654 0.4193697 0.4198442 2.0684936 0.4273459 0.4176533 0.3804823 0.4426371 0.4283285 0.4080441 0.3915594 0.3971721 0.2334893 0.3030045 0.3711360 0.4038371 0.4574975 0.3738802 0.3801388 0.4535165 0.5102380 0.4298123 0.4221148 0.4324962 0.3874969 0.3900649 0.4379065 0.4018124 0.4149581 0.0000000 0.2891688 0.1626213 0.3757870 
yHMPu5000034876_Tetrapisispora_iriomotensis 0.4225645 0.4214844 0.5220380 0.4424635 0.4020793 0.6039420 0.4304551 0.3741073 0.3702229 0.3818710 2.0826722 0.3770925 0.3821256 0.3611774 0.4065389 0.3928816 0.3746801 0.3812143 0.3814001 0.2388145 0.2827968 0.3749991 0.3669426 0.4231761 0.3634884 0.3524492 0.4156612 0.4965702 0.4211906 0.4185718 0.4240046 0.3948620 0.3651569 0.4146544 0.3792290 0.3805556 0.2891688 0.0000000 0.2813795 0.3571260 
yHMPu5000034877_Tetrapisispora_namnaonensis 0.4317581 0.4199168 0.5492557 0.4352750 0.4358881 0.6163203 0.4668144 0.4085182 0.3899776 0.4004489 2.1154740 0.4105360 0.4168319 0.3779358 0.4310333 0.4217911 0.4095554 0.3906842 0.4154848 0.2203501 0.3168772 0.3876405 0.4040060 0.4493926 0.3804226 0.3902704 0.4632708 0.5268575 0.4262799 0.4094323 0.4332905 0.4006647 0.3736270 0.4331746 0.3789934 0.4147558 0.1626213 0.2813795 0.0000000 0.3765240 
yHMPu5000035629_Yueomyces_sinensis          0.4141732 0.3979224 0.5284088 0.4283623 0.4200000 0.6412475 0.4394763 0.3831941 0.3621190 0.3752690 1.8652983 0.4025910 0.3995933 0.3928502 0.4335045 0.4042488 0.3891339 0.3952596 0.3040535 0.3602514 0.3082966 0.3486006 0.3451553 0.3675003 0.3317359 0.3281549 0.4234543 0.4644703 0.3931907 0.4222383 0.4166248 0.3693937 0.3355671 0.3744543 0.3421840 0.3798170 0.3757870 0.3571260 0.3765240 0.0000000 
