40
Candida_glabrata                            0.0000000 2.8423184 3.4441482 3.1420393 1.7299678 3.4207550 1.8034279 1.8250715 2.9334678 2.9184462 6.2584813 2.7469623 2.5681089 2.6454105 2.7626868 2.6050516 2.6145522 2.6393424 3.0956283 3.6015823 3.6011529 2.9808053 3.2926256 3.3735986 2.7444157 3.2886975 3.3172053 3.0802883 2.8622544 3.4173232 2.8140952 3.6045475 3.1149102 3.1568423 3.1556766 3.2681727 3.5238705 3.3377160 3.7201760 3.3102614 
Kazachstania_africana                       2.8423184 0.0000000 2.3649582 2.2174434 2.5693893 2.8270568 2.4881863 2.5795777 2.0608991 1.9692249 5.9202193 2.0545954 2.0186329 2.0110864 2.0143640 2.0323214 2.0356123 1.9563588 2.5252233 2.9497561 2.7580549 1.9539515 2.1877111 2.1137364 2.0180076 2.0355196 2.4341343 2.4865976 1.7523873 2.3855602 1.7467924 2.0579246 2.1685686 2.0106629 2.1530515 2.3947890 2.7896811 2.7892774 2.7866433 2.6706974 
Kazachstania_naganishii                     3.4441482 2.3649582 0.0000000 2.3432329 3.3616132 2.9964535 3.2339017 3.3273071 2.3486014 2.4139078 5.3689674 2.3153982 2.3436214 2.3782899 2.3193646 2.2960465 2.3653351 2.3124753 2.8351920 2.8371519 2.8627728 2.0967197 1.8398533 2.7023557 1.4845280 1.9622905 1.7677587 2.4231283 2.1431937 2.0432457 2.1248516 2.4186660 1.9237191 2.3960798 2.0133064 1.9051877 2.9494659 2.8583123 2.7674216 2.9680595 
Nakaseomyces_bacillisporus                  3.1420393 2.2174434 2.3432329 0.0000000 2.8272714 2.1158939 3.0043655 2.8199311 2.2644534 2.2178095 5.8269506 2.0758563 2.0140981 2.0619468 2.0219612 2.0794364 2.0317382 2.0400206 2.5324502 3.1016383 2.4995093 2.5057758 2.4627788 2.6648956 2.1173985 2.5658467 2.5556750 2.9400532 2.3294476 2.9080015 2.4347220 2.5284955 2.4628781 2.5852434 2.5773526 2.7448071 2.9143668 2.9265090 2.9829055 2.8073482 
Nakaseomyces_bracarensis                    1.7299678 2.5693893 3.3616132 2.8272714 0.0000000 3.1059567 0.9504845 0.8737642 2.5218863 2.6829964 6.0632516 2.6543314 2.6687847 2.5832930 2.5693398 2.5180899 2.6232729 2.6330787 2.7021334 3.4217829 3.0525474 2.7456561 2.9954858 2.8943929 2.6984467 2.9517431 3.0184466 3.1004826 2.8522460 2.9845249 2.7944438 2.9996356 2.9134048 2.9969919 2.9008316 2.9263085 3.4448000 3.3309836 3.5398316 3.0927762 
Nakaseomyces_castellii                      3.4207550 2.8270568 2.9964535 2.1158939 3.1059567 0.0000000 3.3378410 3.2196731 2.8677008 2.7119616 6.2956917 2.5308223 2.6515832 2.5282217 2.5322666 2.6084251 2.6351428 2.4939447 3.0278718 3.4362736 3.0228584 2.6796007 2.9939052 3.1488777 2.7317100 3.1157865 2.7813746 3.4135581 3.0569550 3.3177300 2.8753378 2.9912042 2.9417751 2.9425918 2.8915080 3.1567075 3.3232580 3.0928125 3.3471510 3.2223774 
Nakaseomyces_delphensis                     1.8034279 2.4881863 3.2339017 3.0043655 0.9504845 3.3378410 0.0000000 0.7478620 2.6945287 2.6881750 6.1871587 2.7585351 2.6492825 2.6386368 2.6076659 2.6099779 2.6340343 2.6600035 3.1557460 3.6368960 3.1491553 2.8425530 3.0365427 3.0056919 2.9317922 3.0993695 3.1203095 3.2089928 3.0005542 3.0718309 2.9989783 3.0425249 3.0194040 2.9319318 3.0671990 3.0777167 3.3574873 3.1482674 3.4717679 3.0590882 
Nakaseomyces_nivariensis                    1.8250715 2.5795777 3.3273071 2.8199311 0.8737642 3.2196731 0.7478620 0.0000000 2.5240014 2.6361381 6.0483635 2.7162266 2.6611581 2.6810540 2.6085873 2.7103946 2.6413836 2.6810218 3.0462527 3.4236762 3.0265538 2.8536984 2.7560024 2.9347507 2.8664336 2.8975175 3.0584110 2.9816602 2.9770369 2.9639799 2.8137435 2.9879871 2.8872786 2.9393893 2.9167823 2.9935132 3.2532055 3.1048259 3.3029479 3.0984130 
Naumovozyma_castellii                       2.9334678 2.0608991 2.3486014 2.2644534 2.5218863 2.8677008 2.6945287 2.5240014 0.0000000 1.4942440 5.5437841 1.9697973 1.9170780 1.9712053 1.9631201 1.9531093 1.9424525 1.9700081 2.2905806 2.5947194 2.4957769 1.9368509 2.1392796 2.2934908 1.8362312 2.0646384 2.3159676 2.5598232 2.0083249 2.6653513 2.0455027 2.3679060 2.1407265 2.3175258 2.0705086 2.4715954 2.4658037 2.4600067 2.5322622 2.3347646 
Naumovozyma_dairenensis                     2.9184462 1.9692249 2.4139078 2.2178095 2.6829964 2.7119616 2.6881750 2.6361381 1.4942440 0.0000000 6.1828791 1.8631433 1.9029422 1.8064098 1.8578681 1.9147078 1.8987715 1.7916090 2.2652784 2.5652521 2.0384314 2.1363106 2.1150388 2.2508424 1.8609010 1.9723412 2.3898494 2.4631663 1.9565793 2.6818860 2.0817944 2.3122600 1.9371739 2.1164321 2.0531381 2.3515598 2.3601528 2.4177980 2.5397743 2.1908612 
Neurospora_crassa                           6.2584813 5.9202193 5.3689674 5.8269506 6.0632516 6.2956917 6.1871587 6.0483635 5.5437841 6.1828791 0.0000000 5.6349328 5.4230888 5.4995016 5.3030361 5.4779807 5.4095836 5.5738708 5.2185608 6.5747639 6.3219901 5.2602855 5.8729072 5.9315453 5.6289275 6.0628143 5.2753627 6.8353254 5.5675728 6.4102637 6.0487660 6.3122531 5.6180772 6.4484400 5.6930207 5.9379791 7.0801482 6.3116281 7.0671565 5.4282734 
Saccharomyces_arboricola                    2.7469623 2.0545954 2.3153982 2.0758563 2.6543314 2.5308223 2.7585351 2.7162266 1.9697973 1.8631433 5.6349328 0.0000000 0.3744758 0.3531778 0.3260308 0.3541396 0.3404686 0.3220119 2.2518231 2.5229244 2.2425847 1.9551906 2.0727528 2.2036576 1.8284895 2.1950952 2.3429198 2.3428271 1.9292951 2.5730842 1.9190787 2.2926400 2.1506357 2.2051607 2.2189494 2.3621057 2.4527736 2.4621779 2.4836942 2.3619327 
Saccharomyces_cerevisiae                    2.5681089 2.0186329 2.3436214 2.0140981 2.6687847 2.6515832 2.6492825 2.6611581 1.9170780 1.9029422 5.4230888 0.3744758 0.0000000 0.4005064 0.3533937 0.2985067 0.1718592 0.3600239 2.2816954 2.5714407 2.3016398 1.8882910 2.0707551 2.2923536 1.8893479 2.1734099 2.3293002 2.3710286 2.0223712 2.5861354 1.9387307 2.3111028 2.0897724 2.2755505 2.2080482 2.3684298 2.4549756 2.3971650 2.5100109 2.3565679 
Saccharomyces_eubayanus                     2.6454105 2.0110864 2.3782899 2.0619468 2.5832930 2.5282217 2.6386368 2.6810540 1.9712053 1.8064098 5.4995016 0.3531778 0.4005064 0.0000000 0.3374522 0.3882992 0.3876434 0.1220736 2.1548556 2.7203017 2.2600101 1.9126294 2.0616122 2.2177092 1.8518332 2.2313032 2.2822265 2.4499502 2.0287491 2.6429892 1.8855499 2.2779493 2.0891861 2.2230180 2.2025310 2.4013929 2.5906865 2.5144567 2.6501166 2.3120468 
Saccharomyces_kudriavzevii                  2.7626868 2.0143640 2.3193646 2.0219612 2.5693398 2.5322666 2.6076659 2.6085873 1.9631201 1.8578681 5.3030361 0.3260308 0.3533937 0.3374522 0.0000000 0.3646122 0.3398936 0.3080084 2.1480136 2.6644135 2.2699455 1.9790706 2.0581347 2.3362337 1.8500032 2.2522796 2.3294364 2.3808059 2.0742018 2.5233346 1.9574171 2.2477688 2.1884410 2.2451955 2.2660694 2.2542205 2.5458488 2.5327990 2.5922794 2.3629761 
Saccharomyces_mikatae                       2.6050516 2.0323214 2.2960465 2.0794364 2.5180899 2.6084251 2.6099779 2.7103946 1.9531093 1.9147078 5.4779807 0.3541396 0.2985067 0.3882992 0.3646122 0.0000000 0.2812526 0.3695253 2.2353340 2.5964028 2.2052630 1.9336665 2.0844991 2.2033585 1.8644277 2.1933372 2.3200993 2.4669908 2.0175773 2.6165413 1.9431497 2.2385739 2.1637426 2.2522864 2.1985644 2.3550030 2.5128233 2.3583387 2.5671842 2.3032700 
Saccharomyces_paradoxus                     2.6145522 2.0356123 2.3653351 2.0317382 2.6232729 2.6351428 2.6340343 2.6413836 1.9424525 1.8987715 5.4095836 0.3404686 0.1718592 0.3876434 0.3398936 0.2812526 0.0000000 0.3429090 2.2512763 2.4915803 2.2974684 1.8682909 2.0545709 2.2667389 1.8546222 2.1603365 2.3386750 2.3705390 1.9689703 2.5369138 1.9430945 2.2511466 2.1534262 2.1733820 2.2225711 2.3740898 2.4332249 2.3772721 2.4963278 2.3503940 
Saccharomyces_uvarum                        2.6393424 1.9563588 2.3124753 2.0400206 2.6330787 2.4939447 2.6600035 2.6810218 1.9700081 1.7916090 5.5738708 0.3220119 0.3600239 0.1220736 0.3080084 0.3695253 0.3429090 0.0000000 2.1993937 2.6401569 2.2485195 1.9591261 2.0273340 2.2507424 1.8238927 2.2338165 2.2848402 2.4569582 1.9866052 2.5911136 1.8680647 2.3239526 2.1078727 2.1849440 2.2386509 2.3265714 2.5051906 2.5063545 2.6098485 2.3311919 
Tetrapisispora_blattae                      3.0956283 2.5252233 2.8351920 2.5324502 2.7021334 3.0278718 3.1557460 3.0462527 2.2905806 2.2652784 5.2185608 2.2518231 2.2816954 2.1548556 2.1480136 2.2353340 2.2512763 2.1993937 0.0000000 2.8261516 2.4021997 2.4636715 2.7634245 2.6516607 2.4726098 2.7465349 2.8925706 2.9702334 2.5099104 3.2337839 2.3736377 2.6556624 2.6880300 2.5988764 2.8229643 2.6468532 2.6131839 2.6915856 2.7482795 1.4825416 
Tetrapisispora_phaffii                      3.6015823 2.9497561 2.8371519 3.1016383 3.4217829 3.4362736 3.6368960 3.4236762 2.5947194 2.5652521 6.5747639 2.5229244 2.5714407 2.7203017 2.6644135 2.5964028 2.4915803 2.6401569 2.8261516 0.0000000 2.2933224 2.7073971 2.8847879 2.9555705 2.8303668 2.8409747 2.9738123 2.9427766 2.7237131 3.0755441 2.6518336 3.0865526 2.9464978 2.9459224 2.9059672 2.8930942 0.6508953 1.1626842 0.6785237 2.7668492 
Vanderwaltozyma_polyspora                   3.6011529 2.7580549 2.8627728 2.4995093 3.0525474 3.0228584 3.1491553 3.0265538 2.4957769 2.0384314 6.3219901 2.2425847 2.3016398 2.2600101 2.2699455 2.2052630 2.2974684 2.2485195 2.4021997 2.2933224 0.0000000 2.5514909 2.6182981 2.9622935 2.3239191 2.7505203 3.2216895 2.6578480 2.8025002 3.0181528 2.6069189 2.8018931 2.6311989 2.9178546 2.6328849 2.6852781 2.2935110 2.0683236 2.4136776 2.4266145 
yHAB132_Kazachstania_martiniae              2.9808053 1.9539515 2.0967197 2.5057758 2.7456561 2.6796007 2.8425530 2.8536984 1.9368509 2.1363106 5.2602855 1.9551906 1.8882910 1.9126294 1.9790706 1.9336665 1.8682909 1.9591261 2.4636715 2.7073971 2.5514909 0.0000000 2.0046602 2.3961458 1.6159431 2.0996958 2.1128588 2.3396245 2.0564787 2.3540383 1.9162947 2.4025754 2.0800581 2.1127269 2.0596257 2.1800431 2.6185860 2.5849126 2.5785584 2.5976224 
yHAB133_Kazachstania_unispora               3.2926256 2.1877111 1.8398533 2.4627788 2.9954858 2.9939052 3.0365427 2.7560024 2.1392796 2.1150388 5.8729072 2.0727528 2.0707551 2.0616122 2.0581347 2.0844991 2.0545709 2.0273340 2.7634245 2.8847879 2.6182981 2.0046602 0.0000000 2.2500892 1.4353988 0.7744833 1.7390540 2.4328783 2.1043053 2.0359858 2.1149401 2.1546034 0.5245798 2.2324837 0.5017708 1.8200529 2.8273171 2.7844793 2.9723976 2.8929256 
yHAB134_Kazachstania_turicensis             3.3735986 2.1137364 2.7023557 2.6648956 2.8943929 3.1488777 3.0056919 2.9347507 2.2934908 2.2508424 5.9315453 2.2036576 2.2923536 2.2177092 2.3362337 2.2033585 2.2667389 2.2507424 2.6516607 2.9555705 2.9622935 2.3961458 2.2500892 0.0000000 2.1921825 2.3243492 2.4624023 2.7341759 1.5866546 2.5354689 1.6328983 2.1699606 2.3309944 1.2896689 2.4026234 2.4838521 2.8425214 2.8467733 2.8299203 2.8243218 
yHAB136_Kazachstania_bromeliacearum         2.7444157 2.0180076 1.4845280 2.1173985 2.6984467 2.7317100 2.9317922 2.8664336 1.8362312 1.8609010 5.6289275 1.8284895 1.8893479 1.8518332 1.8500032 1.8644277 1.8546222 1.8238927 2.4726098 2.8303668 2.3239191 1.6159431 1.4353988 2.1921825 0.0000000 1.5960864 1.4663705 2.1920270 1.8082213 1.9218834 1.8078381 1.9646001 1.5543981 2.1629631 1.6324747 1.6241040 2.6288203 2.5505953 2.6165330 2.5844684 
yHAB143_Kazachstania_siamensis              3.2886975 2.0355196 1.9622905 2.5658467 2.9517431 3.1157865 3.0993695 2.8975175 2.0646384 1.9723412 6.0628143 2.1950952 2.1734099 2.2313032 2.2522796 2.1933372 2.1603365 2.2338165 2.7465349 2.8409747 2.7505203 2.0996958 0.7744833 2.3243492 1.5960864 0.0000000 1.7495355 2.3187981 2.0597004 2.0919388 2.2133818 2.1364943 0.7629542 2.2406236 0.7297690 1.8388795 2.6719141 2.9575257 2.8842100 2.9459891 
yHAB147_Kazachstania_taianensis             3.3172053 2.4341343 1.7677587 2.5556750 3.0184466 2.7813746 3.1203095 3.0584110 2.3159676 2.3898494 5.2753627 2.3429198 2.3293002 2.2822265 2.3294364 2.3200993 2.3386750 2.2848402 2.8925706 2.9738123 3.2216895 2.1128588 1.7390540 2.4624023 1.4663705 1.7495355 0.0000000 2.7028228 2.1503105 1.9630999 2.2824299 2.5082588 1.6065288 2.5426774 1.6727045 1.9735727 2.7269316 2.8988411 2.6770377 3.2635714 
yHAB148_Kazachstania_intestinalis           3.0802883 2.4865976 2.4231283 2.9400532 3.1004826 3.4135581 3.2089928 2.9816602 2.5598232 2.4631663 6.8353254 2.3428271 2.3710286 2.4499502 2.3808059 2.4669908 2.3705390 2.4569582 2.9702334 2.9427766 2.6578480 2.3396245 2.4328783 2.7341759 2.1920270 2.3187981 2.7028228 0.0000000 2.5933756 2.4599810 2.4954313 3.0234140 2.5029857 2.7054671 2.4853508 2.5189808 2.9108119 2.9849380 2.9525679 3.1983210 
yHAB153_Kazachstania_rosinii                2.8622544 1.7523873 2.1431937 2.3294476 2.8522460 3.0569550 3.0005542 2.9770369 2.0083249 1.9565793 5.5675728 1.9292951 2.0223712 2.0287491 2.0742018 2.0175773 1.9689703 1.9866052 2.5099104 2.7237131 2.8025002 2.0564787 2.1043053 1.5866546 1.8082213 2.0597004 2.1503105 2.5933756 0.0000000 2.2751840 1.0886337 1.9997727 2.0844617 1.4542359 2.0908978 2.1404031 2.3601886 2.5733161 2.4963325 2.6959267 
yHAB154_Kazachstania_transvaalensis         3.4173232 2.3855602 2.0432457 2.9080015 2.9845249 3.3177300 3.0718309 2.9639799 2.6653513 2.6818860 6.4102637 2.5730842 2.5861354 2.6429892 2.5233346 2.6165413 2.5369138 2.5911136 3.2337839 3.0755441 3.0181528 2.3540383 2.0359858 2.5354689 1.9218834 2.0919388 1.9630999 2.4599810 2.2751840 0.0000000 2.4026058 2.5010869 2.1165876 2.4926751 2.1692653 0.6835104 3.2022280 2.9806504 3.0306063 3.0402817 
yHAB155_Kazachstania_spencerorum            2.8140952 1.7467924 2.1248516 2.4347220 2.7944438 2.8753378 2.9989783 2.8137435 2.0455027 2.0817944 6.0487660 1.9190787 1.9387307 1.8855499 1.9574171 1.9431497 1.9430945 1.8680647 2.3736377 2.6518336 2.6069189 1.9162947 2.1149401 1.6328983 1.8078381 2.2133818 2.2824299 2.4954313 1.0886337 2.4026058 0.0000000 1.9388722 2.2344148 1.4450944 2.2656436 2.1666339 2.7036265 2.5229626 2.6707599 2.5178529 
yHAB158_Kazachstania_viticola               3.6045475 2.0579246 2.4186660 2.5284955 2.9996356 2.9912042 3.0425249 2.9879871 2.3679060 2.3122600 6.3122531 2.2926400 2.3111028 2.2779493 2.2477688 2.2385739 2.2511466 2.3239526 2.6556624 3.0865526 2.8018931 2.4025754 2.1546034 2.1699606 1.9646001 2.1364943 2.5082588 3.0234140 1.9997727 2.5010869 1.9388722 0.0000000 2.3010351 2.1172114 2.3056929 2.3616329 2.9529366 2.9978795 2.9761748 3.0433448 
yHAB159_Kazachstania_solicola               3.1149102 2.1685686 1.9237191 2.4628781 2.9134048 2.9417751 3.0194040 2.8872786 2.1407265 1.9371739 5.6180772 2.1506357 2.0897724 2.0891861 2.1884410 2.1637426 2.1534262 2.1078727 2.6880300 2.9464978 2.6311989 2.0800581 0.5245798 2.3309944 1.5543981 0.7629542 1.6065288 2.5029857 2.0844617 2.1165876 2.2344148 2.3010351 0.0000000 2.3513108 0.1612327 1.9041487 2.8531913 2.9230263 2.9196234 2.7455545 
yHAB160_Kazachstania_kunashirensis          3.1568423 2.0106629 2.3960798 2.5852434 2.9969919 2.9425918 2.9319318 2.9393893 2.3175258 2.1164321 6.4484400 2.2051607 2.2755505 2.2230180 2.2451955 2.2522864 2.1733820 2.1849440 2.5988764 2.9459224 2.9178546 2.1127269 2.2324837 1.2896689 2.1629631 2.2406236 2.5426774 2.7054671 1.4542359 2.4926751 1.4450944 2.1172114 2.3513108 0.0000000 2.3700059 2.4273233 2.6705614 2.8431310 2.6980577 2.6523845 
yHAB164_Kazachstania_aerobia                3.1556766 2.1530515 2.0133064 2.5773526 2.9008316 2.8915080 3.0671990 2.9167823 2.0705086 2.0531381 5.6930207 2.2189494 2.2080482 2.2025310 2.2660694 2.1985644 2.2225711 2.2386509 2.8229643 2.9059672 2.6328849 2.0596257 0.5017708 2.4026234 1.6324747 0.7297690 1.6727045 2.4853508 2.0908978 2.1692653 2.2656436 2.3056929 0.1612327 2.3700059 0.0000000 1.9313851 2.8342680 2.9381020 2.9296940 2.8095371 
yHAB166_Kazachstania_yakushimaensis         3.2681727 2.3947890 1.9051877 2.7448071 2.9263085 3.1567075 3.0777167 2.9935132 2.4715954 2.3515598 5.9379791 2.3621057 2.3684298 2.4013929 2.2542205 2.3550030 2.3740898 2.3265714 2.6468532 2.8930942 2.6852781 2.1800431 1.8200529 2.4838521 1.6241040 1.8388795 1.9735727 2.5189808 2.1404031 0.6835104 2.1666339 2.3616329 1.9041487 2.4273233 1.9313851 0.0000000 2.7843350 2.7811474 2.8171265 2.8003985 
yHMPu5000034875_Tetrapisispora_fleetii      3.5238705 2.7896811 2.9494659 2.9143668 3.4448000 3.3232580 3.3574873 3.2532055 2.4658037 2.3601528 7.0801482 2.4527736 2.4549756 2.5906865 2.5458488 2.5128233 2.4332249 2.5051906 2.6131839 0.6508953 2.2935110 2.6185860 2.8273171 2.8425214 2.6288203 2.6719141 2.7269316 2.9108119 2.3601886 3.2022280 2.7036265 2.9529366 2.8531913 2.6705614 2.8342680 2.7843350 0.0000000 1.1333335 0.3626056 2.6741821 
yHMPu5000034876_Tetrapisispora_iriomotensis 3.3377160 2.7892774 2.8583123 2.9265090 3.3309836 3.0928125 3.1482674 3.1048259 2.4600067 2.4177980 6.3116281 2.4621779 2.3971650 2.5144567 2.5327990 2.3583387 2.3772721 2.5063545 2.6915856 1.1626842 2.0683236 2.5849126 2.7844793 2.8467733 2.5505953 2.9575257 2.8988411 2.9849380 2.5733161 2.9806504 2.5229626 2.9978795 2.9230263 2.8431310 2.9381020 2.7811474 1.1333335 0.0000000 1.1387004 2.7492072 
yHMPu5000034877_Tetrapisispora_namnaonensis 3.7201760 2.7866433 2.7674216 2.9829055 3.5398316 3.3471510 3.4717679 3.3029479 2.5322622 2.5397743 7.0671565 2.4836942 2.5100109 2.6501166 2.5922794 2.5671842 2.4963278 2.6098485 2.7482795 0.6785237 2.4136776 2.5785584 2.9723976 2.8299203 2.6165330 2.8842100 2.6770377 2.9525679 2.4963325 3.0306063 2.6707599 2.9761748 2.9196234 2.6980577 2.9296940 2.8171265 0.3626056 1.1387004 0.0000000 2.6900967 
yHMPu5000035629_Yueomyces_sinensis          3.3102614 2.6706974 2.9680595 2.8073482 3.0927762 3.2223774 3.0590882 3.0984130 2.3347646 2.1908612 5.4282734 2.3619327 2.3565679 2.3120468 2.3629761 2.3032700 2.3503940 2.3311919 1.4825416 2.7668492 2.4266145 2.5976224 2.8929256 2.8243218 2.5844684 2.9459891 3.2635714 3.1983210 2.6959267 3.0402817 2.5178529 3.0433448 2.7455545 2.6523845 2.8095371 2.8003985 2.6741821 2.7492072 2.6900967 0.0000000 
