40
Candida_glabrata                            0.0000000 0.4218732 0.6173964 0.3705114 0.3312378 0.5066146 0.2922520 0.2501298 0.3814482 0.3810966 1.0787001 0.3915670 0.4089879 0.3931424 0.3819675 0.4725301 0.4098633 0.3884808 0.4587697 0.3919683 0.3915486 0.3740710 0.5117906 0.3989243 0.4644979 0.4479270 0.4265359 0.5040515 0.3608446 0.5119872 0.3948067 0.4023690 0.4787003 0.3974315 0.4842108 0.5120314 0.4353640 0.4018887 0.4013182 0.4903577 
Kazachstania_africana                       0.4218732 0.0000000 0.6535593 0.3944230 0.4485274 0.4892368 0.4965328 0.3766957 0.3291255 0.3066089 1.2276101 0.3484348 0.3873733 0.3278852 0.3919540 0.4223027 0.3772503 0.3596515 0.3352078 0.3254811 0.3966227 0.2863630 0.3251688 0.2603829 0.3756698 0.3283381 0.4365932 0.4223458 0.3964491 0.4421813 0.3304722 0.2669943 0.3262500 0.2758466 0.3472222 0.4093813 0.3388198 0.3331465 0.3729573 0.3055327 
Kazachstania_naganishii                     0.6173964 0.6535593 0.0000000 0.7011318 0.4802152 0.5244689 0.5807741 0.5138600 0.6639229 0.6006718 1.0425747 0.5818795 0.6477694 0.5663142 0.6181548 0.6681712 0.6251944 0.6043496 0.7870359 0.6769851 0.6458867 0.6293592 0.7801406 0.6508052 0.6623792 0.8226603 0.3997311 0.5416666 0.5892151 0.7295118 0.7142562 0.7398520 0.7060389 0.7409227 0.7592891 0.7798908 0.7512224 0.7800797 0.7139902 0.8645220 
Nakaseomyces_bacillisporus                  0.3705114 0.3944230 0.7011318 0.0000000 0.4777831 0.4314913 0.4977212 0.4129980 0.3572315 0.4147713 1.2920158 0.4365165 0.3776619 0.4058442 0.4018627 0.4287589 0.3463071 0.3822920 0.3480820 0.3955356 0.3502273 0.3571029 0.4175801 0.3876537 0.4332085 0.3602833 0.5567455 0.5058612 0.4598602 0.5081170 0.3619240 0.3621514 0.3535970 0.3839096 0.4115842 0.4174554 0.4038588 0.3886585 0.3678269 0.3764913 
Nakaseomyces_bracarensis                    0.3312378 0.4485274 0.4802152 0.4777831 0.0000000 0.5219954 0.2695711 0.2233517 0.4320885 0.4415365 1.0000407 0.4098295 0.4994759 0.3899308 0.4205110 0.5306804 0.4759087 0.3929368 0.6018622 0.4567619 0.4781149 0.4743247 0.5519277 0.4930624 0.5313622 0.5780343 0.3518667 0.4811449 0.4380344 0.6308716 0.5153219 0.4197863 0.4920657 0.4940894 0.4966920 0.5926088 0.4966364 0.4243598 0.4627722 0.5255318 
Nakaseomyces_castellii                      0.5066146 0.4892368 0.5244689 0.4314913 0.5219954 0.0000000 0.5704642 0.4749552 0.5013254 0.4809429 1.2452513 0.4830890 0.4745318 0.4797040 0.5035381 0.5383168 0.5278914 0.4642678 0.5095391 0.5099971 0.5162508 0.4630347 0.6220752 0.5040982 0.5659970 0.5234527 0.6348362 0.5809002 0.5085447 0.5879450 0.5389239 0.4869059 0.5309775 0.4679840 0.5519549 0.5491640 0.4972154 0.5022138 0.5426651 0.5409640 
Nakaseomyces_delphensis                     0.2922520 0.4965328 0.5807741 0.4977212 0.2695711 0.5704642 0.0000000 0.1991925 0.4563288 0.4449232 1.0979940 0.4433604 0.4479323 0.4473613 0.4274112 0.5069691 0.4593691 0.4027285 0.5794839 0.4626475 0.4083097 0.4458029 0.5545020 0.4757462 0.5972664 0.5730900 0.4047836 0.4754491 0.4415766 0.6271923 0.5323965 0.4846226 0.4808727 0.5009902 0.4801553 0.5610844 0.4677543 0.4894126 0.4448673 0.5099257 
Nakaseomyces_nivariensis                    0.2501298 0.3766957 0.5138600 0.4129980 0.2233517 0.4749552 0.1991925 0.0000000 0.4138681 0.4208653 0.9831888 0.4260596 0.4110782 0.3911878 0.4247361 0.4593634 0.3928434 0.3828886 0.4619490 0.4315451 0.3939987 0.4198905 0.5082958 0.3923538 0.4800171 0.5001733 0.3689229 0.4676302 0.3487825 0.5039154 0.4998531 0.4161868 0.4272178 0.4642174 0.4789157 0.4930120 0.4206722 0.4251676 0.4270078 0.4960507 
Naumovozyma_castellii                       0.3814482 0.3291255 0.6639229 0.3572315 0.4320885 0.5013254 0.4563288 0.4138681 0.0000000 0.2199858 1.3447559 0.3328230 0.3370738 0.3155145 0.3433615 0.4501315 0.3527841 0.3256454 0.2988764 0.3470529 0.3364305 0.3249540 0.3184283 0.2634845 0.3579436 0.3311463 0.5101662 0.4908027 0.3296380 0.3966006 0.3110315 0.2695945 0.3281796 0.2847184 0.3039680 0.3383131 0.3078818 0.3365108 0.3434072 0.3179874 
Naumovozyma_dairenensis                     0.3810966 0.3066089 0.6006718 0.4147713 0.4415365 0.4809429 0.4449232 0.4208653 0.2199858 0.0000000 1.1520220 0.3533128 0.3532917 0.3239308 0.3763860 0.3983220 0.3737848 0.3338952 0.2871323 0.3950991 0.3525049 0.3364402 0.3770284 0.2615151 0.3694516 0.3187345 0.4808595 0.5145689 0.3491434 0.4154862 0.3553383 0.2924432 0.3549780 0.3197230 0.3644757 0.4233644 0.3365919 0.3661176 0.3700807 0.3007459 
Neurospora_crassa                           1.0787001 1.2276101 1.0425747 1.2920158 1.0000407 1.2452513 1.0979940 0.9831888 1.3447559 1.1520220 0.0000000 1.1822687 1.2644308 1.1716661 1.1249885 1.3480157 1.2397859 1.1429499 1.3832481 1.1975678 1.2323760 1.3712963 1.3891866 1.2239369 1.2694797 1.3096902 0.9438025 1.2149736 1.1961199 1.3085892 1.3350133 1.4015855 1.2925053 1.3096889 1.3353957 1.2546339 1.2652845 1.2663330 1.1949568 1.3054685 
Saccharomyces_arboricola                    0.3915670 0.3484348 0.5818795 0.4365165 0.4098295 0.4830890 0.4433604 0.4260596 0.3328230 0.3533128 1.1822687 0.0000000 0.1564519 0.1311649 0.1582044 0.2013915 0.1510155 0.1213371 0.3759991 0.3542920 0.3834853 0.3573765 0.3983690 0.3474584 0.4107935 0.3876994 0.4926759 0.4691605 0.4080885 0.5035442 0.3550431 0.3454372 0.3797459 0.3751196 0.3527854 0.4835276 0.3844359 0.3642479 0.3929375 0.3887605 
Saccharomyces_cerevisiae                    0.4089879 0.3873733 0.6477694 0.3776619 0.4994759 0.4745318 0.4479323 0.4110782 0.3370738 0.3532917 1.2644308 0.1564519 0.0000000 0.1532365 0.1573731 0.1295247 0.0647650 0.1428855 0.3111604 0.3674924 0.3322815 0.3026411 0.3289530 0.3517366 0.3961281 0.3969460 0.5210402 0.5573084 0.3631837 0.4243952 0.3276132 0.3010401 0.3560721 0.3709854 0.3555583 0.4157638 0.3401433 0.3900544 0.3680902 0.3584448 
Saccharomyces_eubayanus                     0.3931424 0.3278852 0.5663142 0.4058442 0.3899308 0.4797040 0.4473613 0.3911878 0.3155145 0.3239308 1.1716661 0.1311649 0.1532365 0.0000000 0.1450426 0.1840128 0.1580918 0.0415817 0.3479369 0.3266604 0.3564449 0.3296590 0.3981061 0.3463159 0.4196474 0.3968604 0.4190781 0.4664297 0.3225501 0.4087009 0.3152714 0.3013172 0.3657834 0.3160857 0.3700345 0.4147357 0.3354428 0.3529929 0.4097032 0.3621043 
Saccharomyces_kudriavzevii                  0.3819675 0.3919540 0.6181548 0.4018627 0.4205110 0.5035381 0.4274112 0.4247361 0.3433615 0.3763860 1.1249885 0.1582044 0.1573731 0.1450426 0.0000000 0.1862243 0.1583558 0.1346510 0.3612173 0.3766905 0.3549625 0.3428338 0.4082356 0.3916219 0.4567234 0.3981087 0.4619420 0.5711199 0.3938603 0.4464707 0.3310667 0.2985014 0.3631533 0.3407427 0.3690730 0.4128184 0.3587836 0.3598080 0.3785557 0.3425569 
Saccharomyces_mikatae                       0.4725301 0.4223027 0.6681712 0.4287589 0.5306804 0.5383168 0.5069691 0.4593634 0.4501315 0.3983220 1.3480157 0.2013915 0.1295247 0.1840128 0.1862243 0.0000000 0.1330253 0.1768392 0.3681225 0.4121308 0.4242762 0.3627606 0.3875677 0.4161569 0.4321801 0.4126513 0.5124095 0.5187245 0.4250166 0.4485043 0.3906946 0.3363364 0.3993076 0.3619983 0.3970174 0.4808167 0.3798354 0.3693065 0.4267864 0.3900260 
Saccharomyces_paradoxus                     0.4098633 0.3772503 0.6251944 0.3463071 0.4759087 0.5278914 0.4593691 0.3928434 0.3527841 0.3737848 1.2397859 0.1510155 0.0647650 0.1580918 0.1583558 0.1330253 0.0000000 0.1378238 0.3232832 0.3968379 0.3682151 0.3183604 0.3548900 0.3363849 0.4108881 0.3639452 0.4942024 0.5152401 0.3928921 0.4431866 0.3560362 0.3244031 0.4018499 0.3679316 0.3913631 0.4106720 0.4072576 0.3946636 0.3666712 0.3624310 
Saccharomyces_uvarum                        0.3884808 0.3596515 0.6043496 0.3822920 0.3929368 0.4642678 0.4027285 0.3828886 0.3256454 0.3338952 1.1429499 0.1213371 0.1428855 0.0415817 0.1346510 0.1768392 0.1378238 0.0000000 0.3696313 0.3585358 0.3489865 0.3350893 0.3865484 0.3463084 0.4445710 0.4132199 0.4281633 0.4356201 0.3660084 0.4235551 0.3387153 0.3144230 0.3671947 0.3650295 0.3630411 0.4519612 0.3582869 0.3917268 0.4203055 0.3590735 
Tetrapisispora_blattae                      0.4587697 0.3352078 0.7870359 0.3480820 0.6018622 0.5095391 0.5794839 0.4619490 0.2988764 0.2871323 1.3832481 0.3759991 0.3111604 0.3479369 0.3612173 0.3681225 0.3232832 0.3696313 0.0000000 0.3771399 0.3305223 0.2960863 0.2768456 0.2846628 0.4093827 0.2366939 0.5728611 0.5824813 0.3729871 0.3696205 0.3200496 0.2498380 0.3177830 0.2670967 0.2856694 0.3908444 0.3292509 0.3096098 0.3502198 0.2033259 
Tetrapisispora_phaffii                      0.3919683 0.3254811 0.6769851 0.3955356 0.4567619 0.5099971 0.4626475 0.4315451 0.3470529 0.3950991 1.1975678 0.3542920 0.3674924 0.3266604 0.3766905 0.4121308 0.3968379 0.3585358 0.3771399 0.0000000 0.2600843 0.3144310 0.4406701 0.3231093 0.4460952 0.3602087 0.4352728 0.4115165 0.3915926 0.5056592 0.3417239 0.3478644 0.4524641 0.3495806 0.4506883 0.4440244 0.2056045 0.2107656 0.2031324 0.3279767 
Vanderwaltozyma_polyspora                   0.3915486 0.3966227 0.6458867 0.3502273 0.4781149 0.5162508 0.4083097 0.3939987 0.3364305 0.3525049 1.2323760 0.3834853 0.3322815 0.3564449 0.3549625 0.4242762 0.3682151 0.3489865 0.3305223 0.2600843 0.0000000 0.3468329 0.3566663 0.3544431 0.4559314 0.3260837 0.4346756 0.4779884 0.4056641 0.4499911 0.3479411 0.3760164 0.3388016 0.3357884 0.3426263 0.4301593 0.2938316 0.3166184 0.3138774 0.3470923 
yHAB132_Kazachstania_martiniae              0.3740710 0.2863630 0.6293592 0.3571029 0.4743247 0.4630347 0.4458029 0.4198905 0.3249540 0.3364402 1.3712963 0.3573765 0.3026411 0.3296590 0.3428338 0.3627606 0.3183604 0.3350893 0.2960863 0.3144310 0.3468329 0.0000000 0.3006618 0.2639365 0.4021444 0.2992025 0.4286768 0.4510088 0.3628071 0.4261757 0.3011827 0.2258061 0.3126820 0.2563050 0.3121971 0.3600303 0.2869014 0.2952958 0.3214465 0.3025165 
yHAB133_Kazachstania_unispora               0.5117906 0.3251688 0.7801406 0.4175801 0.5519277 0.6220752 0.5545020 0.5082958 0.3184283 0.3770284 1.3891866 0.3983690 0.3289530 0.3981061 0.4082356 0.3875677 0.3548900 0.3865484 0.2768456 0.4406701 0.3566663 0.3006618 0.0000000 0.3367736 0.2958007 0.1311564 0.6226768 0.5090233 0.4400228 0.2835507 0.3259539 0.2273462 0.1442146 0.3165485 0.1356273 0.2429871 0.3739218 0.3609539 0.4142905 0.3084001 
yHAB134_Kazachstania_turicensis             0.3989243 0.2603829 0.6508052 0.3876537 0.4930624 0.5040982 0.4757462 0.3923538 0.2634845 0.2615151 1.2239369 0.3474584 0.3517366 0.3463159 0.3916219 0.4161569 0.3363849 0.3463084 0.2846628 0.3231093 0.3544431 0.2639365 0.3367736 0.0000000 0.3367481 0.2889230 0.4214133 0.4491887 0.3301605 0.3536082 0.2319023 0.2734075 0.3342970 0.1967121 0.3323305 0.3114619 0.3147318 0.3088450 0.3152350 0.2962911 
yHAB136_Kazachstania_bromeliacearum         0.4644979 0.3756698 0.6623792 0.4332085 0.5313622 0.5659970 0.5972664 0.4800171 0.3579436 0.3694516 1.2694797 0.4107935 0.3961281 0.4196474 0.4567234 0.4321801 0.4108881 0.4445710 0.4093827 0.4460952 0.4559314 0.4021444 0.2958007 0.3367481 0.0000000 0.3246568 0.5410578 0.5000464 0.4519851 0.4247752 0.4441127 0.3354564 0.3378444 0.3997838 0.3136465 0.4499612 0.3777503 0.4404850 0.4078469 0.4001250 
yHAB143_Kazachstania_siamensis              0.4479270 0.3283381 0.8226603 0.3602833 0.5780343 0.5234527 0.5730900 0.5001733 0.3311463 0.3187345 1.3096902 0.3876994 0.3969460 0.3968604 0.3981087 0.4126513 0.3639452 0.4132199 0.2366939 0.3602087 0.3260837 0.2992025 0.1311564 0.2889230 0.3246568 0.0000000 0.6109112 0.4716211 0.4825994 0.3107334 0.3368672 0.2134781 0.2106151 0.2764031 0.1871148 0.2847716 0.3602323 0.3249148 0.3959674 0.3180539 
yHAB147_Kazachstania_taianensis             0.4265359 0.4365932 0.3997311 0.5567455 0.3518667 0.6348362 0.4047836 0.3689229 0.5101662 0.4808595 0.9438025 0.4926759 0.5210402 0.4190781 0.4619420 0.5124095 0.4942024 0.4281633 0.5728611 0.4352728 0.4346756 0.4286768 0.6226768 0.4214133 0.5410578 0.6109112 0.0000000 0.4877471 0.4440403 0.6145800 0.5128008 0.5219775 0.5512294 0.4598299 0.5452824 0.6232167 0.5364816 0.5134961 0.4663440 0.5453158 
yHAB148_Kazachstania_intestinalis           0.5040515 0.4223458 0.5416666 0.5058612 0.4811449 0.5809002 0.4754491 0.4676302 0.4908027 0.5145689 1.2149736 0.4691605 0.5573084 0.4664297 0.5711199 0.5187245 0.5152401 0.4356201 0.5824813 0.4115165 0.4779884 0.4510088 0.5090233 0.4491887 0.5000464 0.4716211 0.4877471 0.0000000 0.5170181 0.5266838 0.5235456 0.5142347 0.4871444 0.5306548 0.4814703 0.5755803 0.5470457 0.4498310 0.4744225 0.5001102 
yHAB153_Kazachstania_rosinii                0.3608446 0.3964491 0.5892151 0.4598602 0.4380344 0.5085447 0.4415766 0.3487825 0.3296380 0.3491434 1.1961199 0.4080885 0.3631837 0.3225501 0.3938603 0.4250166 0.3928921 0.3660084 0.3729871 0.3915926 0.4056641 0.3628071 0.4400228 0.3301605 0.4519851 0.4825994 0.4440403 0.5170181 0.0000000 0.4573482 0.3200560 0.3938683 0.4073311 0.3230314 0.4554322 0.4387580 0.3776210 0.4045071 0.3865439 0.4216774 
yHAB154_Kazachstania_transvaalensis         0.5119872 0.4421813 0.7295118 0.5081170 0.6308716 0.5879450 0.6271923 0.5039154 0.3966006 0.4154862 1.3085892 0.5035442 0.4243952 0.4087009 0.4464707 0.4485043 0.4431866 0.4235551 0.3696205 0.5056592 0.4499911 0.4261757 0.2835507 0.3536082 0.4247752 0.3107334 0.6145800 0.5266838 0.4573482 0.0000000 0.3724677 0.3424299 0.3080858 0.4073568 0.3128148 0.1817665 0.4718078 0.4728089 0.5510758 0.3964129 
yHAB155_Kazachstania_spencerorum            0.3948067 0.3304722 0.7142562 0.3619240 0.5153219 0.5389239 0.5323965 0.4998531 0.3110315 0.3553383 1.3350133 0.3550431 0.3276132 0.3152714 0.3310667 0.3906946 0.3560362 0.3387153 0.3200496 0.3417239 0.3479411 0.3011827 0.3259539 0.2319023 0.4441127 0.3368672 0.5128008 0.5235456 0.3200560 0.3724677 0.0000000 0.2323222 0.3419900 0.2238199 0.3173019 0.3102630 0.3034258 0.3211002 0.3210877 0.3000149 
yHAB158_Kazachstania_viticola               0.4023690 0.2669943 0.7398520 0.3621514 0.4197863 0.4869059 0.4846226 0.4161868 0.2695945 0.2924432 1.4015855 0.3454372 0.3010401 0.3013172 0.2985014 0.3363364 0.3244031 0.3144230 0.2498380 0.3478644 0.3760164 0.2258061 0.2273462 0.2734075 0.3354564 0.2134781 0.5219775 0.5142347 0.3938683 0.3424299 0.2323222 0.0000000 0.2573901 0.2717835 0.2224099 0.2986015 0.2835599 0.3368489 0.3214730 0.2683383 
yHAB159_Kazachstania_solicola               0.4787003 0.3262500 0.7060389 0.3535970 0.4920657 0.5309775 0.4808727 0.4272178 0.3281796 0.3549780 1.2925053 0.3797459 0.3560721 0.3657834 0.3631533 0.3993076 0.4018499 0.3671947 0.3177830 0.4524641 0.3388016 0.3126820 0.1442146 0.3342970 0.3378444 0.2106151 0.5512294 0.4871444 0.4073311 0.3080858 0.3419900 0.2573901 0.0000000 0.3239726 0.0487914 0.2919358 0.3375682 0.3912684 0.3898327 0.3757579 
yHAB160_Kazachstania_kunashirensis          0.3974315 0.2758466 0.7409227 0.3839096 0.4940894 0.4679840 0.5009902 0.4642174 0.2847184 0.3197230 1.3096889 0.3751196 0.3709854 0.3160857 0.3407427 0.3619983 0.3679316 0.3650295 0.2670967 0.3495806 0.3357884 0.2563050 0.3165485 0.1967121 0.3997838 0.2764031 0.4598299 0.5306548 0.3230314 0.4073568 0.2238199 0.2717835 0.3239726 0.0000000 0.3003991 0.3259138 0.3175716 0.3208322 0.3755916 0.2713222 
yHAB164_Kazachstania_aerobia                0.4842108 0.3472222 0.7592891 0.4115842 0.4966920 0.5519549 0.4801553 0.4789157 0.3039680 0.3644757 1.3353957 0.3527854 0.3555583 0.3700345 0.3690730 0.3970174 0.3913631 0.3630411 0.2856694 0.4506883 0.3426263 0.3121971 0.1356273 0.3323305 0.3136465 0.1871148 0.5452824 0.4814703 0.4554322 0.3128148 0.3173019 0.2224099 0.0487914 0.3003991 0.0000000 0.3040775 0.3433566 0.3546281 0.3465305 0.3575582 
yHAB166_Kazachstania_yakushimaensis         0.5120314 0.4093813 0.7798908 0.4174554 0.5926088 0.5491640 0.5610844 0.4930120 0.3383131 0.4233644 1.2546339 0.4835276 0.4157638 0.4147357 0.4128184 0.4808167 0.4106720 0.4519612 0.3908444 0.4440244 0.4301593 0.3600303 0.2429871 0.3114619 0.4499612 0.2847716 0.6232167 0.5755803 0.4387580 0.1817665 0.3102630 0.2986015 0.2919358 0.3259138 0.3040775 0.0000000 0.3869971 0.4203037 0.4424622 0.3890934 
yHMPu5000034875_Tetrapisispora_fleetii      0.4353640 0.3388198 0.7512224 0.4038588 0.4966364 0.4972154 0.4677543 0.4206722 0.3078818 0.3365919 1.2652845 0.3844359 0.3401433 0.3354428 0.3587836 0.3798354 0.4072576 0.3582869 0.3292509 0.2056045 0.2938316 0.2869014 0.3739218 0.3147318 0.3777503 0.3602323 0.5364816 0.5470457 0.3776210 0.4718078 0.3034258 0.2835599 0.3375682 0.3175716 0.3433566 0.3869971 0.0000000 0.2076062 0.1249361 0.2871750 
yHMPu5000034876_Tetrapisispora_iriomotensis 0.4018887 0.3331465 0.7800797 0.3886585 0.4243598 0.5022138 0.4894126 0.4251676 0.3365108 0.3661176 1.2663330 0.3642479 0.3900544 0.3529929 0.3598080 0.3693065 0.3946636 0.3917268 0.3096098 0.2107656 0.3166184 0.2952958 0.3609539 0.3088450 0.4404850 0.3249148 0.5134961 0.4498310 0.4045071 0.4728089 0.3211002 0.3368489 0.3912684 0.3208322 0.3546281 0.4203037 0.2076062 0.0000000 0.2455409 0.2727449 
yHMPu5000034877_Tetrapisispora_namnaonensis 0.4013182 0.3729573 0.7139902 0.3678269 0.4627722 0.5426651 0.4448673 0.4270078 0.3434072 0.3700807 1.1949568 0.3929375 0.3680902 0.4097032 0.3785557 0.4267864 0.3666712 0.4203055 0.3502198 0.2031324 0.3138774 0.3214465 0.4142905 0.3152350 0.4078469 0.3959674 0.4663440 0.4744225 0.3865439 0.5510758 0.3210877 0.3214730 0.3898327 0.3755916 0.3465305 0.4424622 0.1249361 0.2455409 0.0000000 0.3688669 
yHMPu5000035629_Yueomyces_sinensis          0.4903577 0.3055327 0.8645220 0.3764913 0.5255318 0.5409640 0.5099257 0.4960507 0.3179874 0.3007459 1.3054685 0.3887605 0.3584448 0.3621043 0.3425569 0.3900260 0.3624310 0.3590735 0.2033259 0.3279767 0.3470923 0.3025165 0.3084001 0.2962911 0.4001250 0.3180539 0.5453158 0.5001102 0.4216774 0.3964129 0.3000149 0.2683383 0.3757579 0.2713222 0.3575582 0.3890934 0.2871750 0.2727449 0.3688669 0.0000000 
