40
Candida_glabrata                            0.0000000 0.7067529 0.6266147 0.5620094 0.2342184 0.5665691 0.2438160 0.2517070 0.6280358 0.6655567 0.8310696 0.4098734 0.4229680 0.3800156 0.4296589 0.4169255 0.4273130 0.3827978 0.6255848 0.4347747 0.4228636 0.4703472 0.6929477 0.4706247 0.7204833 0.8596700 0.8156069 0.4800660 0.4928825 0.8964493 0.6406280 0.8042307 0.7044108 0.5665216 0.7634329 0.9100368 0.4551674 0.3836671 0.4770926 0.8473602 
Kazachstania_africana                       0.7067529 0.0000000 0.7474390 0.8389620 0.6806408 0.7437658 0.6675426 0.6382609 0.6912245 0.5818716 1.2537775 0.6481016 0.5835100 0.6220815 0.6469836 0.6213799 0.6088815 0.6407591 0.8076576 0.5816741 0.6039127 0.6001073 0.6681257 0.4827625 0.7388450 0.8211190 0.9938843 0.7400968 0.6578884 0.7675098 0.5622733 0.5986345 0.7217574 0.5521593 0.6030141 0.7814491 0.5937999 0.6144180 0.5798853 0.9288936 
Kazachstania_naganishii                     0.6266147 0.7474390 0.0000000 0.7609461 0.6354729 0.7817826 0.6415262 0.6634232 0.6993639 0.7299752 1.0607482 0.6085132 0.5886513 0.5730272 0.5754784 0.6259601 0.5850056 0.5879979 0.8320325 0.6410083 0.7295129 0.5672452 0.6729152 0.5870809 0.4929566 0.7684654 0.6304765 0.5256589 0.5187884 0.8349665 0.7158310 0.8088935 0.5882916 0.5971815 0.6919296 0.9035399 0.6411470 0.5743970 0.6664080 1.0213115 
Nakaseomyces_bacillisporus                  0.5620094 0.8389620 0.7609461 0.0000000 0.6477096 0.6960638 0.6162909 0.6649303 0.8052248 0.8839184 0.9307335 0.6115681 0.6252634 0.5388512 0.5877850 0.6505857 0.6290338 0.5072901 0.8620708 0.6833212 0.7051442 0.8333206 0.9220779 0.8108974 0.7873945 1.0338412 0.7283704 0.5626896 0.5731534 1.0079919 0.9536522 0.8975509 0.7143152 0.8841662 0.9643197 1.0887843 0.7325171 0.6763951 0.7459792 1.1435463 
Nakaseomyces_bracarensis                    0.2342184 0.6806408 0.6354729 0.6477096 0.0000000 0.6000446 0.1716334 0.1444820 0.6012524 0.5809280 0.8894530 0.3972566 0.3859907 0.3868251 0.4236909 0.3817281 0.3903398 0.3955825 0.6583686 0.4012215 0.3508973 0.4568208 0.6489984 0.4589421 0.6785358 0.8567568 0.8493894 0.5474902 0.5155083 0.7766535 0.5999739 0.7406215 0.6670757 0.5236273 0.6983438 0.8407829 0.4338556 0.3608217 0.4348971 0.7639721 
Nakaseomyces_castellii                      0.5665691 0.7437658 0.7817826 0.6960638 0.6000446 0.0000000 0.6380037 0.6183454 0.7944054 0.7892123 1.0635571 0.6162010 0.5847690 0.6397154 0.5665111 0.5865150 0.5855398 0.6008641 0.8018390 0.5710316 0.6797073 0.6611421 0.7498685 0.6703918 0.7772882 0.9589323 0.8577890 0.6857191 0.7438507 0.8572144 0.8223329 0.9217593 0.7756056 0.7150754 0.8751837 0.8625075 0.6219393 0.6519133 0.6264486 0.9627393 
Nakaseomyces_delphensis                     0.2438160 0.6675426 0.6415262 0.6162909 0.1716334 0.6380037 0.0000000 0.1316148 0.5973266 0.6364368 0.8177943 0.4076639 0.4283535 0.3810815 0.3863432 0.4201128 0.4020556 0.3825355 0.6047997 0.4134091 0.3752192 0.4716586 0.7416836 0.5019805 0.7180665 0.8444221 0.8765302 0.5878593 0.4711091 0.8372449 0.6295763 0.8046676 0.6645302 0.5496938 0.7458529 0.8958382 0.4252024 0.3833665 0.4477889 0.7960710 
Nakaseomyces_nivariensis                    0.2517070 0.6382609 0.6634232 0.6649303 0.1444820 0.6183454 0.1316148 0.0000000 0.6162458 0.6062750 0.8626220 0.4202468 0.4067231 0.4309523 0.4392490 0.4349182 0.4199305 0.4319208 0.6304176 0.4176878 0.3429183 0.4747789 0.6531520 0.4602925 0.7260359 0.8601142 0.8756924 0.5969049 0.5132140 0.7722182 0.5888919 0.7794373 0.7023843 0.5174903 0.7163428 0.8295335 0.4167575 0.3626166 0.4238197 0.7790981 
Naumovozyma_castellii                       0.6280358 0.6912245 0.6993639 0.8052248 0.6012524 0.7944054 0.5973266 0.6162458 0.0000000 0.4728571 1.0423791 0.5760431 0.5818968 0.5989007 0.5626758 0.6025809 0.5790023 0.5861548 0.6241690 0.5706686 0.6198274 0.6191802 0.6223766 0.5790689 0.6315929 0.8081772 0.9815320 0.6448427 0.6411349 0.8664863 0.6812965 0.6780305 0.7019058 0.6260054 0.7116222 0.8178446 0.5823298 0.5498601 0.5849853 0.8935999 
Naumovozyma_dairenensis                     0.6655567 0.5818716 0.7299752 0.8839184 0.5809280 0.7892123 0.6364368 0.6062750 0.4728571 0.0000000 1.2552089 0.6687864 0.5873381 0.6936711 0.6625036 0.6190295 0.6081622 0.6798873 0.7436169 0.5162461 0.5982340 0.5481769 0.5733133 0.4533883 0.6547087 0.8049779 1.0423698 0.6776609 0.7267011 0.7672312 0.4930204 0.6134844 0.6838470 0.5149634 0.5368223 0.7538577 0.5046016 0.5487449 0.5294950 0.8125088 
Neurospora_crassa                           0.8310696 1.2537775 1.0607482 0.9307335 0.8894530 1.0635571 0.8177943 0.8626220 1.0423791 1.2552089 0.0000000 0.8915916 0.9982699 0.8223770 0.8838011 0.9937415 0.9568652 0.8206660 0.8974271 1.0201664 0.9845894 1.0204195 1.2553180 1.2918836 1.2530044 1.3326135 0.8881170 0.9781478 0.7495785 1.3674648 1.2874349 1.2468182 1.0358250 1.3488631 1.3245401 1.5442533 1.1025364 0.9548611 1.1227016 1.2268735 
Saccharomyces_arboricola                    0.4098734 0.6481016 0.6085132 0.6115681 0.3972566 0.6162010 0.4076639 0.4202468 0.5760431 0.6687864 0.8915916 0.0000000 0.1691786 0.1761482 0.1604741 0.1753037 0.1469077 0.1889171 0.5926644 0.4420434 0.4642166 0.5493496 0.6792285 0.5575491 0.6540717 0.8027843 0.8536696 0.5479108 0.5182042 0.8149179 0.6408715 0.7645717 0.6035623 0.5925086 0.6434454 0.8329132 0.5108743 0.4605514 0.5188829 0.8569918 
Saccharomyces_cerevisiae                    0.4229680 0.5835100 0.5886513 0.6252634 0.3859907 0.5847690 0.4283535 0.4067231 0.5818968 0.5873381 0.9982699 0.1691786 0.0000000 0.1974311 0.1524311 0.1409292 0.0849192 0.2116005 0.6457244 0.4456718 0.4316187 0.5020848 0.6575920 0.4713947 0.6921183 0.7734978 0.8568838 0.5090611 0.4822405 0.7624204 0.5908759 0.7092391 0.6066575 0.4949274 0.6176180 0.8163612 0.4849148 0.4604835 0.4698452 0.8539627 
Saccharomyces_eubayanus                     0.3800156 0.6220815 0.5730272 0.5388512 0.3868251 0.6397154 0.3810815 0.4309523 0.5989007 0.6936711 0.8223770 0.1761482 0.1974311 0.0000000 0.1657532 0.1918806 0.1856832 0.0575078 0.6235283 0.4893186 0.4735627 0.5615244 0.7300324 0.5595065 0.6539213 0.8282438 0.8009758 0.4832951 0.4413309 0.8531411 0.6527038 0.7701715 0.5509602 0.6164608 0.7085137 0.9097901 0.4932191 0.4782786 0.5229592 0.8672528 
Saccharomyces_kudriavzevii                  0.4296589 0.6469836 0.5754784 0.5877850 0.4236909 0.5665111 0.3863432 0.4392490 0.5626758 0.6625036 0.8838011 0.1604741 0.1524311 0.1657532 0.0000000 0.1605837 0.1488479 0.1810560 0.6036422 0.4425196 0.4503740 0.5100841 0.7047070 0.5302322 0.6550320 0.8028809 0.8383113 0.4689025 0.4818064 0.7706590 0.6498809 0.7727793 0.5964933 0.5594263 0.7046324 0.8583798 0.4725780 0.4378732 0.4756452 0.7927288 
Saccharomyces_mikatae                       0.4169255 0.6213799 0.6259601 0.6505857 0.3817281 0.5865150 0.4201128 0.4349182 0.6025809 0.6190295 0.9937415 0.1753037 0.1409292 0.1918806 0.1605837 0.0000000 0.1377666 0.2101770 0.6664261 0.4251906 0.4317129 0.5258043 0.6687344 0.4642063 0.6789326 0.7952440 0.8938547 0.5195846 0.5514775 0.7793763 0.5802413 0.7259874 0.6401254 0.5118678 0.6490071 0.8645902 0.4604980 0.4477321 0.4668645 0.8254439 
Saccharomyces_paradoxus                     0.4273130 0.6088815 0.5850056 0.6290338 0.3903398 0.5855398 0.4020556 0.4199305 0.5790023 0.6081622 0.9568652 0.1469077 0.0849192 0.1856832 0.1488479 0.1377666 0.0000000 0.1923066 0.6247393 0.4077762 0.4411067 0.4907035 0.6693297 0.4809961 0.6684011 0.7718326 0.8668070 0.4972710 0.4829911 0.7909545 0.6075306 0.7134398 0.6216807 0.5118260 0.6616925 0.8359424 0.4813545 0.4437173 0.4742745 0.8264232 
Saccharomyces_uvarum                        0.3827978 0.6407591 0.5879979 0.5072901 0.3955825 0.6008641 0.3825355 0.4319208 0.5861548 0.6798873 0.8206660 0.1889171 0.2116005 0.0575078 0.1810560 0.2101770 0.1923066 0.0000000 0.6143555 0.4644689 0.4677864 0.5523912 0.7374824 0.5582148 0.6389160 0.8496544 0.7667002 0.4718398 0.4851088 0.8550351 0.6640624 0.7856353 0.5480781 0.6092501 0.6990934 0.8701102 0.5084250 0.4670741 0.5066939 0.8611559 
Tetrapisispora_blattae                      0.6255848 0.8076576 0.8320325 0.8620708 0.6583686 0.8018390 0.6047997 0.6304176 0.6241690 0.7436169 0.8974271 0.5926644 0.6457244 0.6235283 0.6036422 0.6664261 0.6247393 0.6143555 0.0000000 0.5869919 0.6357062 0.7058288 0.7508832 0.7288154 0.8737545 0.9489212 0.9768056 0.8026683 0.7484565 0.8770485 0.8343456 0.8447380 0.7322169 0.8216150 0.7682393 0.8775156 0.6736481 0.6307548 0.6927936 0.7679756 
Tetrapisispora_phaffii                      0.4347747 0.5816741 0.6410083 0.6833212 0.4012215 0.5710316 0.4134091 0.4176878 0.5706686 0.5162461 1.0201664 0.4420434 0.4456718 0.4893186 0.4425196 0.4251906 0.4077762 0.4644689 0.5869919 0.0000000 0.3271441 0.4087949 0.5532207 0.3552430 0.6158817 0.7393263 0.9508608 0.6224424 0.6004863 0.7298143 0.5509389 0.5798321 0.6753663 0.4157849 0.5782057 0.7851720 0.1957253 0.2564956 0.1878062 0.6904758 
Vanderwaltozyma_polyspora                   0.4228636 0.6039127 0.7295129 0.7051442 0.3508973 0.6797073 0.3752192 0.3429183 0.6198274 0.5982340 0.9845894 0.4642166 0.4316187 0.4735627 0.4503740 0.4317129 0.4411067 0.4677864 0.6357062 0.3271441 0.0000000 0.4231838 0.5889632 0.3998233 0.7473382 0.8636593 1.0201601 0.5902437 0.5633753 0.7113045 0.5497091 0.6841941 0.6999882 0.4551101 0.6248312 0.7890699 0.3600451 0.3319653 0.3781860 0.6895280 
yHAB132_Kazachstania_martiniae              0.4703472 0.6001073 0.5672452 0.8333206 0.4568208 0.6611421 0.4716586 0.4747789 0.6191802 0.5481769 1.0204195 0.5493496 0.5020848 0.5615244 0.5100841 0.5258043 0.4907035 0.5523912 0.7058288 0.4087949 0.4231838 0.0000000 0.5008932 0.2772357 0.6270826 0.7902997 0.8871313 0.6183277 0.5596864 0.6448149 0.4703497 0.6672795 0.6492989 0.3421709 0.5825130 0.7657431 0.4155730 0.3978963 0.4289656 0.7547034 
yHAB133_Kazachstania_unispora               0.6929477 0.6681257 0.6729152 0.9220779 0.6489984 0.7498685 0.7416836 0.6531520 0.6223766 0.5733133 1.2553180 0.6792285 0.6575920 0.7300324 0.7047070 0.6687344 0.6693297 0.7374824 0.7508832 0.5532207 0.5889632 0.5008932 0.0000000 0.4724871 0.5950242 0.5283729 0.9213146 0.7300131 0.7526943 0.6067376 0.5683852 0.6704250 0.4038913 0.4921620 0.2998899 0.5962332 0.5276183 0.5950273 0.5657449 0.9031502 
yHAB134_Kazachstania_turicensis             0.4706247 0.4827625 0.5870809 0.8108974 0.4589421 0.6703918 0.5019805 0.4602925 0.5790689 0.4533883 1.2918836 0.5575491 0.4713947 0.5595065 0.5302322 0.4642063 0.4809961 0.5582148 0.7288154 0.3552430 0.3998233 0.2772357 0.4724871 0.0000000 0.5866658 0.6873963 0.9640148 0.6220441 0.5470027 0.6372984 0.3966574 0.5515442 0.6611338 0.1886890 0.4777737 0.6630606 0.3892919 0.4023260 0.3850313 0.7134876 
yHAB136_Kazachstania_bromeliacearum         0.7204833 0.7388450 0.4929566 0.7873945 0.6785358 0.7772882 0.7180665 0.7260359 0.6315929 0.6547087 1.2530044 0.6540717 0.6921183 0.6539213 0.6550320 0.6789326 0.6684011 0.6389160 0.8737545 0.6158817 0.7473382 0.6270826 0.5950242 0.5866658 0.0000000 0.7380246 0.8464836 0.5959096 0.6765005 0.7475093 0.7014588 0.7886454 0.5738815 0.6179367 0.6584765 0.6690951 0.5873068 0.6225058 0.6451943 1.0350181 
yHAB143_Kazachstania_siamensis              0.8596700 0.8211190 0.7684654 1.0338412 0.8567568 0.9589323 0.8444221 0.8601142 0.8081772 0.8049779 1.3326135 0.8027843 0.7734978 0.8282438 0.8028809 0.7952440 0.7718326 0.8496544 0.9489212 0.7393263 0.8636593 0.7902997 0.5283729 0.6873963 0.7380246 0.0000000 1.0564390 0.8896620 0.8920361 0.9144782 0.8479108 0.8670445 0.6366396 0.7509449 0.5956673 0.8637802 0.7572796 0.7828492 0.7665110 0.9817363 
yHAB147_Kazachstania_taianensis             0.8156069 0.9938843 0.6304765 0.7283704 0.8493894 0.8577890 0.8765302 0.8756924 0.9815320 1.0423698 0.8881170 0.8536696 0.8568838 0.8009758 0.8383113 0.8938547 0.8668070 0.7667002 0.9768056 0.9508608 1.0201601 0.8871313 0.9213146 0.9640148 0.8464836 1.0564390 0.0000000 0.6841594 0.6007910 1.1550864 1.0115475 1.0903255 0.6853699 0.9861452 0.9358545 1.1605438 1.0761913 0.9788542 1.0496307 1.4071832 
yHAB148_Kazachstania_intestinalis           0.4800660 0.7400968 0.5256589 0.5626896 0.5474902 0.6857191 0.5878593 0.5969049 0.6448427 0.6776609 0.9781478 0.5479108 0.5090611 0.4832951 0.4689025 0.5195846 0.4972710 0.4718398 0.8026683 0.6224424 0.5902437 0.6183277 0.7300131 0.6220441 0.5959096 0.8896620 0.6841594 0.0000000 0.4860540 0.8716936 0.6771521 0.8176308 0.6602867 0.6215542 0.7574471 0.9668572 0.6272911 0.6157743 0.6350483 0.9865010 
yHAB153_Kazachstania_rosinii                0.4928825 0.6578884 0.5187884 0.5731534 0.5155083 0.7438507 0.4711091 0.5132140 0.6411349 0.7267011 0.7495785 0.5182042 0.4822405 0.4413309 0.4818064 0.5514775 0.4829911 0.4851088 0.7484565 0.6004863 0.5633753 0.5596864 0.7526943 0.5470027 0.6765005 0.8920361 0.6007910 0.4860540 0.0000000 0.9174288 0.6715597 0.8060696 0.5943153 0.5336265 0.7394305 0.9798174 0.6056626 0.5926772 0.6403661 1.0392642 
yHAB154_Kazachstania_transvaalensis         0.8964493 0.7675098 0.8349665 1.0079919 0.7766535 0.8572144 0.8372449 0.7722182 0.8664863 0.7672312 1.3674648 0.8149179 0.7624204 0.8531411 0.7706590 0.7793763 0.7909545 0.8550351 0.8770485 0.7298143 0.7113045 0.6448149 0.6067376 0.6372984 0.7475093 0.9144782 1.1550864 0.8716936 0.9174288 0.0000000 0.7459983 0.7426124 0.8225307 0.7088048 0.6488729 0.2134893 0.6545028 0.6487906 0.6587225 0.9336776 
yHAB155_Kazachstania_spencerorum            0.6406280 0.5622733 0.7158310 0.9536522 0.5999739 0.8223329 0.6295763 0.5888919 0.6812965 0.4930204 1.2874349 0.6408715 0.5908759 0.6527038 0.6498809 0.5802413 0.6075306 0.6640624 0.8343456 0.5509389 0.5497091 0.4703497 0.5683852 0.3966574 0.7014588 0.8479108 1.0115475 0.6771521 0.6715597 0.7459983 0.0000000 0.6240660 0.7870372 0.3462954 0.6079351 0.7873142 0.4931207 0.5593004 0.5218161 0.7217324 
yHAB158_Kazachstania_viticola               0.8042307 0.5986345 0.8088935 0.8975509 0.7406215 0.9217593 0.8046676 0.7794373 0.6780305 0.6134844 1.2468182 0.7645717 0.7092391 0.7701715 0.7727793 0.7259874 0.7134398 0.7856353 0.8447380 0.5798321 0.6841941 0.6672795 0.6704250 0.5515442 0.7886454 0.8670445 1.0903255 0.8176308 0.8060696 0.7426124 0.6240660 0.0000000 0.7898941 0.5625042 0.6548631 0.7635835 0.6534374 0.7074971 0.6399263 0.9076235 
yHAB159_Kazachstania_solicola               0.7044108 0.7217574 0.5882916 0.7143152 0.6670757 0.7756056 0.6645302 0.7023843 0.7019058 0.6838470 1.0358250 0.6035623 0.6066575 0.5509602 0.5964933 0.6401254 0.6216807 0.5480781 0.7322169 0.6753663 0.6999882 0.6492989 0.4038913 0.6611338 0.5738815 0.6366396 0.6853699 0.6602867 0.5943153 0.8225307 0.7870372 0.7898941 0.0000000 0.6897679 0.3116482 0.8003562 0.6982363 0.6671664 0.7325422 1.0107347 
yHAB160_Kazachstania_kunashirensis          0.5665216 0.5521593 0.5971815 0.8841662 0.5236273 0.7150754 0.5496938 0.5174903 0.6260054 0.5149634 1.3488631 0.5925086 0.4949274 0.6164608 0.5594263 0.5118678 0.5118260 0.6092501 0.8216150 0.4157849 0.4551101 0.3421709 0.4921620 0.1886890 0.6179367 0.7509449 0.9861452 0.6215542 0.5336265 0.7088048 0.3462954 0.5625042 0.6897679 0.0000000 0.4916045 0.7484043 0.3999710 0.4605417 0.4050471 0.7218624 
yHAB164_Kazachstania_aerobia                0.7634329 0.6030141 0.6919296 0.9643197 0.6983438 0.8751837 0.7458529 0.7163428 0.7116222 0.5368223 1.3245401 0.6434454 0.6176180 0.7085137 0.7046324 0.6490071 0.6616925 0.6990934 0.7682393 0.5782057 0.6248312 0.5825130 0.2998899 0.4777737 0.6584765 0.5956673 0.9358545 0.7574471 0.7394305 0.6488729 0.6079351 0.6548631 0.3116482 0.4916045 0.0000000 0.6951260 0.5770880 0.6231487 0.5595805 0.9330247 
yHAB166_Kazachstania_yakushimaensis         0.9100368 0.7814491 0.9035399 1.0887843 0.8407829 0.8625075 0.8958382 0.8295335 0.8178446 0.7538577 1.5442533 0.8329132 0.8163612 0.9097901 0.8583798 0.8645902 0.8359424 0.8701102 0.8775156 0.7851720 0.7890699 0.7657431 0.5962332 0.6630606 0.6690951 0.8637802 1.1605438 0.9668572 0.9798174 0.2134893 0.7873142 0.7635835 0.8003562 0.7484043 0.6951260 0.0000000 0.7130562 0.7666727 0.7192235 0.9743827 
yHMPu5000034875_Tetrapisispora_fleetii      0.4551674 0.5937999 0.6411470 0.7325171 0.4338556 0.6219393 0.4252024 0.4167575 0.5823298 0.5046016 1.1025364 0.5108743 0.4849148 0.4932191 0.4725780 0.4604980 0.4813545 0.5084250 0.6736481 0.1957253 0.3600451 0.4155730 0.5276183 0.3892919 0.5873068 0.7572796 1.0761913 0.6272911 0.6056626 0.6545028 0.4931207 0.6534374 0.6982363 0.3999710 0.5770880 0.7130562 0.0000000 0.2258527 0.1396926 0.6571572 
yHMPu5000034876_Tetrapisispora_iriomotensis 0.3836671 0.6144180 0.5743970 0.6763951 0.3608217 0.6519133 0.3833665 0.3626166 0.5498601 0.5487449 0.9548611 0.4605514 0.4604835 0.4782786 0.4378732 0.4477321 0.4437173 0.4670741 0.6307548 0.2564956 0.3319653 0.3978963 0.5950273 0.4023260 0.6225058 0.7828492 0.9788542 0.6157743 0.5926772 0.6487906 0.5593004 0.7074971 0.6671664 0.4605417 0.6231487 0.7666727 0.2258527 0.0000000 0.2628129 0.6632381 
yHMPu5000034877_Tetrapisispora_namnaonensis 0.4770926 0.5798853 0.6664080 0.7459792 0.4348971 0.6264486 0.4477889 0.4238197 0.5849853 0.5294950 1.1227016 0.5188829 0.4698452 0.5229592 0.4756452 0.4668645 0.4742745 0.5066939 0.6927936 0.1878062 0.3781860 0.4289656 0.5657449 0.3850313 0.6451943 0.7665110 1.0496307 0.6350483 0.6403661 0.6587225 0.5218161 0.6399263 0.7325422 0.4050471 0.5595805 0.7192235 0.1396926 0.2628129 0.0000000 0.6613850 
yHMPu5000035629_Yueomyces_sinensis          0.8473602 0.9288936 1.0213115 1.1435463 0.7639721 0.9627393 0.7960710 0.7790981 0.8935999 0.8125088 1.2268735 0.8569918 0.8539627 0.8672528 0.7927288 0.8254439 0.8264232 0.8611559 0.7679756 0.6904758 0.6895280 0.7547034 0.9031502 0.7134876 1.0350181 0.9817363 1.4071832 0.9865010 1.0392642 0.9336776 0.7217324 0.9076235 1.0107347 0.7218624 0.9330247 0.9743827 0.6571572 0.6632381 0.6613850 0.0000000 
