40
Candida_glabrata                            0.0000000 0.5454499 0.6267540 0.7091239 0.4863556 0.7508860 0.4416335 0.4411120 0.5566084 0.4708773 1.5217624 0.6009873 0.6007299 0.6442227 0.6113181 0.6377138 0.6115408 0.7155402 0.6870895 0.6983869 0.7159018 0.5501291 0.5220256 0.5028567 0.5464318 0.4857017 0.7279686 0.7046190 0.6572772 0.5579788 0.5481446 0.5961799 0.5193764 0.5827574 0.5042110 0.5826744 0.6731667 0.6991014 0.6804779 0.8542133 
Kazachstania_africana                       0.5454499 0.0000000 0.6007842 0.6662079 0.6067546 0.7055516 0.6000261 0.5575194 0.5567164 0.5323760 1.3875874 0.5852474 0.5686325 0.5901357 0.5925605 0.5806990 0.5827669 0.6695246 0.5163543 0.6980728 0.6619074 0.5217307 0.4493289 0.5277007 0.4786802 0.4693451 0.7291874 0.7098691 0.5715976 0.6001117 0.5285126 0.5706643 0.5147513 0.4414594 0.5125959 0.5136125 0.6497787 0.6186914 0.6773241 0.9586107 
Kazachstania_naganishii                     0.6267540 0.6007842 0.0000000 0.6473292 0.6391115 0.7490738 0.5819570 0.5922464 0.5602389 0.5847675 1.3680658 0.6080658 0.5692954 0.5704459 0.6276350 0.6069688 0.5553423 0.6717944 0.6643474 0.6696810 0.6811539 0.5480537 0.5016536 0.5710752 0.4787194 0.5123775 0.5607517 0.6851413 0.5990498 0.5951932 0.5792009 0.5873040 0.4722073 0.6272679 0.4845818 0.5873294 0.6618373 0.6962684 0.6649691 1.0262489 
Nakaseomyces_bacillisporus                  0.7091239 0.6662079 0.6473292 0.0000000 0.6818444 0.6764558 0.7027721 0.6508718 0.5897495 0.5700661 1.4422969 0.6406273 0.6397377 0.6545390 0.6403867 0.7025008 0.6479490 0.7074868 0.5604009 0.6670310 0.6915897 0.5600820 0.5373302 0.6260402 0.5050048 0.5216513 0.7512357 0.7382617 0.6532770 0.6024496 0.5932286 0.6303012 0.5734471 0.6293772 0.5866943 0.5894644 0.7018589 0.7788368 0.7192866 1.0171056 
Nakaseomyces_bracarensis                    0.4863556 0.6067546 0.6391115 0.6818444 0.0000000 0.8049750 0.4013201 0.3492846 0.5585726 0.6215952 1.3437471 0.6725315 0.6485883 0.6612693 0.6452429 0.6743785 0.6507335 0.7424599 0.7532000 0.6385024 0.7764861 0.6058454 0.5915486 0.6568927 0.6092041 0.5345625 0.6504926 0.7644442 0.5897346 0.6704111 0.6137486 0.6115017 0.5880937 0.6258421 0.5887790 0.6871205 0.6728606 0.6739055 0.7119266 1.0206393 
Nakaseomyces_castellii                      0.7508860 0.7055516 0.7490738 0.6764558 0.8049750 0.0000000 0.7965876 0.7780066 0.7545050 0.7516360 1.3513551 0.8338929 0.8195810 0.8040023 0.7927222 0.8265296 0.8066263 0.8713866 0.7027319 0.8096168 0.8180273 0.7504376 0.7162695 0.7155184 0.6924454 0.6954102 0.8514252 0.8374379 0.7865843 0.7865508 0.7640159 0.7554358 0.7108273 0.7077132 0.7227068 0.7379766 0.7992306 0.8379355 0.7651737 1.1292514 
Nakaseomyces_delphensis                     0.4416335 0.6000261 0.5819570 0.7027721 0.4013201 0.7965876 0.0000000 0.3534330 0.5685250 0.5185125 1.3444223 0.6447271 0.6377934 0.5954038 0.5954716 0.6309621 0.6417829 0.6411394 0.6723516 0.6362520 0.7562631 0.6226014 0.5310226 0.5477243 0.5784637 0.5217120 0.6654211 0.7178474 0.6902344 0.6255599 0.5786189 0.5807562 0.5270496 0.5883388 0.4669515 0.6400080 0.6961642 0.6223560 0.6729843 0.9083898 
Nakaseomyces_nivariensis                    0.4411120 0.5575194 0.5922464 0.6508718 0.3492846 0.7780066 0.3534330 0.0000000 0.5056288 0.5353184 1.3351881 0.6111762 0.6268793 0.6156436 0.5907436 0.6357721 0.6072711 0.6647368 0.6470986 0.6380178 0.7195118 0.5548283 0.5044816 0.5567242 0.4838653 0.4447503 0.6321112 0.7190662 0.6097647 0.5725863 0.5449324 0.5264858 0.5014898 0.5754265 0.5068757 0.5893464 0.6500827 0.6245174 0.6606774 0.8658699 
Naumovozyma_castellii                       0.5566084 0.5567164 0.5602389 0.5897495 0.5585726 0.7545050 0.5685250 0.5056288 0.0000000 0.3270542 1.4026958 0.5336524 0.5525415 0.5441405 0.5736981 0.5915106 0.5700031 0.6095249 0.4630874 0.5999093 0.6023459 0.5189069 0.4384588 0.4802273 0.4865606 0.4640656 0.5781912 0.7434975 0.5673882 0.5560679 0.4988279 0.4761015 0.4650227 0.4657701 0.4749722 0.5591195 0.6058404 0.6233652 0.6848120 0.8362791 
Naumovozyma_dairenensis                     0.4708773 0.5323760 0.5847675 0.5700661 0.6215952 0.7516360 0.5185125 0.5353184 0.3270542 0.0000000 1.4736090 0.5427594 0.5077963 0.5179683 0.5613082 0.5775046 0.5271335 0.6252528 0.4959926 0.6041987 0.6720197 0.4393509 0.3933337 0.4887369 0.4566913 0.4019966 0.6555068 0.7710089 0.6121398 0.4996597 0.4626872 0.4054500 0.4242129 0.4366020 0.4109375 0.4845412 0.5637790 0.6865059 0.6011443 0.7578171 
Neurospora_crassa                           1.5217624 1.3875874 1.3680658 1.4422969 1.3437471 1.3513551 1.3444223 1.3351881 1.4026958 1.4736090 0.0000000 1.5229790 1.4094786 1.3904561 1.4460607 1.4271792 1.4368726 1.3554494 1.4760195 1.4553552 1.5610385 1.5850655 1.4658937 1.5227471 1.5452061 1.4418378 1.1328707 1.5410959 1.4178054 1.4970254 1.5527742 1.5400241 1.4892144 1.5423994 1.4759301 1.4534751 1.5823210 1.4491958 1.5844395 1.8960631 
Saccharomyces_arboricola                    0.6009873 0.5852474 0.6080658 0.6406273 0.6725315 0.8338929 0.6447271 0.6111762 0.5336524 0.5427594 1.5229790 0.0000000 0.2294827 0.2195570 0.2213639 0.2626279 0.2248164 0.3100317 0.5849699 0.5641144 0.6378955 0.6246410 0.5361606 0.5557075 0.5662972 0.5203658 0.6504455 0.8242813 0.5716060 0.5537350 0.5354444 0.5416051 0.5434206 0.5974482 0.5366754 0.5922154 0.5880593 0.6906539 0.6679601 0.9627639 
Saccharomyces_cerevisiae                    0.6007299 0.5686325 0.5692954 0.6397377 0.6485883 0.8195810 0.6377934 0.6268793 0.5525415 0.5077963 1.4094786 0.2294827 0.0000000 0.2495165 0.2425104 0.2261925 0.1076195 0.3286346 0.5956597 0.6309912 0.6770126 0.5624858 0.5182899 0.5663990 0.5467860 0.5212258 0.6851265 0.7367747 0.5673990 0.5715011 0.5580007 0.5454451 0.5306132 0.5836616 0.5055545 0.5633245 0.6329649 0.7399554 0.7125785 0.9877618 
Saccharomyces_eubayanus                     0.6442227 0.5901357 0.5704459 0.6545390 0.6612693 0.8040023 0.5954038 0.6156436 0.5441405 0.5179683 1.3904561 0.2195570 0.2495165 0.0000000 0.2607896 0.2976981 0.2189577 0.1465604 0.6109915 0.5840900 0.6052871 0.6223499 0.5440400 0.5685830 0.5908837 0.5051950 0.6354043 0.8170167 0.5797689 0.5903373 0.5328507 0.5475677 0.5386895 0.6179981 0.5429935 0.6063299 0.6119436 0.7215389 0.6729479 0.9886562 
Saccharomyces_kudriavzevii                  0.6113181 0.5925605 0.6276350 0.6403867 0.6452429 0.7927222 0.5954716 0.5907436 0.5736981 0.5613082 1.4460607 0.2213639 0.2425104 0.2607896 0.0000000 0.2442273 0.2158476 0.3378456 0.6359852 0.6352194 0.6885252 0.6228076 0.5237735 0.5873226 0.5350887 0.5223524 0.6520318 0.8193210 0.5957070 0.5785619 0.5761513 0.5138251 0.5121769 0.6251278 0.5029043 0.6232895 0.6701373 0.7286267 0.7175885 1.0137521 
Saccharomyces_mikatae                       0.6377138 0.5806990 0.6069688 0.7025008 0.6743785 0.8265296 0.6309621 0.6357721 0.5915106 0.5775046 1.4271792 0.2626279 0.2261925 0.2976981 0.2442273 0.0000000 0.1689004 0.3756241 0.6763076 0.6569265 0.6704050 0.5967437 0.5820065 0.6339643 0.5874954 0.5663053 0.6767647 0.7996260 0.6171475 0.5847136 0.6053970 0.5921503 0.5508843 0.6236077 0.5228784 0.5958461 0.6807088 0.7669080 0.7158178 1.0741779 
Saccharomyces_paradoxus                     0.6115408 0.5827669 0.5553423 0.6479490 0.6507335 0.8066263 0.6417829 0.6072711 0.5700031 0.5271335 1.4368726 0.2248164 0.1076195 0.2189577 0.2158476 0.1689004 0.0000000 0.3078315 0.6198094 0.6347354 0.6779419 0.5649168 0.5084293 0.5609536 0.5488376 0.5045475 0.6497225 0.7816293 0.5551059 0.5575812 0.5580884 0.5648493 0.5495953 0.6318093 0.5257145 0.5867464 0.6467631 0.7433724 0.7232609 1.0228774 
Saccharomyces_uvarum                        0.7155402 0.6695246 0.6717944 0.7074868 0.7424599 0.8713866 0.6411394 0.6647368 0.6095249 0.6252528 1.3554494 0.3100317 0.3286346 0.1465604 0.3378456 0.3756241 0.3078315 0.0000000 0.6875207 0.6524008 0.6921723 0.7042556 0.6365224 0.6296781 0.6100020 0.6012371 0.7123667 0.8978211 0.6585643 0.6275753 0.6301474 0.6576646 0.6450838 0.6528732 0.6407705 0.6369602 0.7160668 0.7831379 0.7592054 1.0842729 
Tetrapisispora_blattae                      0.6870895 0.5163543 0.6643474 0.5604009 0.7532000 0.7027319 0.6723516 0.6470986 0.4630874 0.4959926 1.4760195 0.5849699 0.5956597 0.6109915 0.6359852 0.6763076 0.6198094 0.6875207 0.0000000 0.6481438 0.5610468 0.5408886 0.4860065 0.4951050 0.5620880 0.5059089 0.8923542 0.7391520 0.6705626 0.5579270 0.5323217 0.5480477 0.5602604 0.5283981 0.5700615 0.5094303 0.5524155 0.6018245 0.5829011 0.8040500 
Tetrapisispora_phaffii                      0.6983869 0.6980728 0.6696810 0.6670310 0.6385024 0.8096168 0.6362520 0.6380178 0.5999093 0.6041987 1.4553552 0.5641144 0.6309912 0.5840900 0.6352194 0.6569265 0.6347354 0.6524008 0.6481438 0.0000000 0.5924375 0.6278099 0.6298781 0.6891261 0.6482161 0.6108850 0.8098917 0.8542244 0.7372309 0.6501003 0.6006972 0.6303797 0.7098847 0.6657195 0.6915418 0.6586878 0.3612980 0.5613026 0.3676527 0.9724643 
Vanderwaltozyma_polyspora                   0.7159018 0.6619074 0.6811539 0.6915897 0.7764861 0.8180273 0.7562631 0.7195118 0.6023459 0.6720197 1.5610385 0.6378955 0.6770126 0.6052871 0.6885252 0.6704050 0.6779419 0.6921723 0.5610468 0.5924375 0.0000000 0.6141926 0.5839356 0.7142517 0.5987596 0.5690452 0.9071638 0.8073882 0.6972484 0.6494865 0.5886892 0.6475149 0.5915676 0.6166446 0.6078018 0.5861643 0.5016669 0.6222688 0.5310121 0.8588641 
yHAB132_Kazachstania_martiniae              0.5501291 0.5217307 0.5480537 0.5600820 0.6058454 0.7504376 0.6226014 0.5548283 0.5189069 0.4393509 1.5850655 0.6246410 0.5624858 0.6223499 0.6228076 0.5967437 0.5649168 0.7042556 0.5408886 0.6278099 0.6141926 0.0000000 0.3404607 0.5214177 0.3960849 0.4045682 0.7522353 0.6894418 0.5578676 0.5539019 0.4234766 0.4629773 0.4074486 0.4978665 0.4112804 0.4828552 0.6292944 0.6273531 0.5814904 0.8707721 
yHAB133_Kazachstania_unispora               0.5220256 0.4493289 0.5016536 0.5373302 0.5915486 0.7162695 0.5310226 0.5044816 0.4384588 0.3933337 1.4658937 0.5361606 0.5182899 0.5440400 0.5237735 0.5820065 0.5084293 0.6365224 0.4860065 0.6298781 0.5839356 0.3404607 0.0000000 0.4502634 0.3624517 0.2050134 0.6169958 0.6725801 0.5624347 0.4555471 0.4172889 0.4090598 0.2088363 0.4376900 0.2149252 0.4325428 0.5817602 0.6307854 0.6235916 0.7707047 
yHAB134_Kazachstania_turicensis             0.5028567 0.5277007 0.5710752 0.6260402 0.6568927 0.7155184 0.5477243 0.5567242 0.4802273 0.4887369 1.5227471 0.5557075 0.5663990 0.5685830 0.5873226 0.6339643 0.5609536 0.6296781 0.4951050 0.6891261 0.7142517 0.5214177 0.4502634 0.0000000 0.4890619 0.4459651 0.7909097 0.7632901 0.6187997 0.4890948 0.5242094 0.4239174 0.4548919 0.4073233 0.4560127 0.5139852 0.6640391 0.7127600 0.7222404 0.7770473 
yHAB136_Kazachstania_bromeliacearum         0.5464318 0.4786802 0.4787194 0.5050048 0.6092041 0.6924454 0.5784637 0.4838653 0.4865606 0.4566913 1.5452061 0.5662972 0.5467860 0.5908837 0.5350887 0.5874954 0.5488376 0.6100020 0.5620880 0.6482161 0.5987596 0.3960849 0.3624517 0.4890619 0.0000000 0.3668296 0.6625393 0.6914850 0.5640425 0.5082513 0.4525235 0.4455128 0.3483089 0.4388293 0.3623360 0.4555114 0.6086897 0.6118990 0.6284321 0.8148000 
yHAB143_Kazachstania_siamensis              0.4857017 0.4693451 0.5123775 0.5216513 0.5345625 0.6954102 0.5217120 0.4447503 0.4640656 0.4019966 1.4418378 0.5203658 0.5212258 0.5051950 0.5223524 0.5663053 0.5045475 0.6012371 0.5059089 0.6108850 0.5690452 0.4045682 0.2050134 0.4459651 0.3668296 0.0000000 0.6167291 0.6243791 0.5418044 0.4462496 0.4177808 0.4051287 0.2593381 0.4282935 0.2734389 0.3969810 0.5763083 0.6181359 0.6291867 0.7521001 
yHAB147_Kazachstania_taianensis             0.7279686 0.7291874 0.5607517 0.7512357 0.6504926 0.8514252 0.6654211 0.6321112 0.5781912 0.6555068 1.1328707 0.6504455 0.6851265 0.6354043 0.6520318 0.6767647 0.6497225 0.7123667 0.8923542 0.8098917 0.9071638 0.7522353 0.6169958 0.7909097 0.6625393 0.6167291 0.0000000 0.8911429 0.6885101 0.8095619 0.7824959 0.7112533 0.5657422 0.7571596 0.5863932 0.8285636 0.9139107 0.9125821 0.9556133 1.3009846 
yHAB148_Kazachstania_intestinalis           0.7046190 0.7098691 0.6851413 0.7382617 0.7644442 0.8374379 0.7178474 0.7190662 0.7434975 0.7710089 1.5410959 0.8242813 0.7367747 0.8170167 0.8193210 0.7996260 0.7816293 0.8978211 0.7391520 0.8542244 0.8073882 0.6894418 0.6725801 0.7632901 0.6914850 0.6243791 0.8911429 0.0000000 0.8086595 0.7808478 0.8083731 0.6716917 0.6763341 0.7323646 0.6960238 0.6890368 0.8037056 0.8147352 0.7749052 1.1542708 
yHAB153_Kazachstania_rosinii                0.6572772 0.5715976 0.5990498 0.6532770 0.5897346 0.7865843 0.6902344 0.6097647 0.5673882 0.6121398 1.4178054 0.5716060 0.5673990 0.5797689 0.5957070 0.6171475 0.5551059 0.6585643 0.6705626 0.7372309 0.6972484 0.5578676 0.5624347 0.6187997 0.5640425 0.5418044 0.6885101 0.8086595 0.0000000 0.6452192 0.5481882 0.6166597 0.5366377 0.5435154 0.5372828 0.6014780 0.7474990 0.7872900 0.7942790 1.0117483 
yHAB154_Kazachstania_transvaalensis         0.5579788 0.6001117 0.5951932 0.6024496 0.6704111 0.7865508 0.6255599 0.5725863 0.5560679 0.4996597 1.4970254 0.5537350 0.5715011 0.5903373 0.5785619 0.5847136 0.5575812 0.6275753 0.5579270 0.6501003 0.6494865 0.5539019 0.4555471 0.4890948 0.5082513 0.4462496 0.8095619 0.7808478 0.6452192 0.0000000 0.5324677 0.5330064 0.4725383 0.5663523 0.5019401 0.2514000 0.6721897 0.6785858 0.6659848 0.8052727 
yHAB155_Kazachstania_spencerorum            0.5481446 0.5285126 0.5792009 0.5932286 0.6137486 0.7640159 0.5786189 0.5449324 0.4988279 0.4626872 1.5527742 0.5354444 0.5580007 0.5328507 0.5761513 0.6053970 0.5580884 0.6301474 0.5323217 0.6006972 0.5886892 0.4234766 0.4172889 0.5242094 0.4525235 0.4177808 0.7824959 0.8083731 0.5481882 0.5324677 0.0000000 0.4628086 0.4489818 0.4714113 0.4504617 0.4940543 0.5738214 0.6440859 0.5762131 0.7618391 
yHAB158_Kazachstania_viticola               0.5961799 0.5706643 0.5873040 0.6303012 0.6115017 0.7554358 0.5807562 0.5264858 0.4761015 0.4054500 1.5400241 0.5416051 0.5454451 0.5475677 0.5138251 0.5921503 0.5648493 0.6576646 0.5480477 0.6303797 0.6475149 0.4629773 0.4090598 0.4239174 0.4455128 0.4051287 0.7112533 0.6716917 0.6166597 0.5330064 0.4628086 0.0000000 0.4050377 0.4242574 0.4202936 0.4893415 0.5796943 0.6921576 0.6551050 0.8716175 
yHAB159_Kazachstania_solicola               0.5193764 0.5147513 0.4722073 0.5734471 0.5880937 0.7108273 0.5270496 0.5014898 0.4650227 0.4242129 1.4892144 0.5434206 0.5306132 0.5386895 0.5121769 0.5508843 0.5495953 0.6450838 0.5602604 0.7098847 0.5915676 0.4074486 0.2088363 0.4548919 0.3483089 0.2593381 0.5657422 0.6763341 0.5366377 0.4725383 0.4489818 0.4050377 0.0000000 0.4466528 0.0881060 0.4252051 0.6161639 0.6210239 0.6131136 0.7878590 
yHAB160_Kazachstania_kunashirensis          0.5827574 0.4414594 0.6272679 0.6293772 0.6258421 0.7077132 0.5883388 0.5754265 0.4657701 0.4366020 1.5423994 0.5974482 0.5836616 0.6179981 0.6251278 0.6236077 0.6318093 0.6528732 0.5283981 0.6657195 0.6166446 0.4978665 0.4376900 0.4073233 0.4388293 0.4282935 0.7571596 0.7323646 0.5435154 0.5663523 0.4714113 0.4242574 0.4466528 0.0000000 0.4749678 0.4746775 0.5831732 0.6614491 0.6615873 0.7951651 
yHAB164_Kazachstania_aerobia                0.5042110 0.5125959 0.4845818 0.5866943 0.5887790 0.7227068 0.4669515 0.5068757 0.4749722 0.4109375 1.4759301 0.5366754 0.5055545 0.5429935 0.5029043 0.5228784 0.5257145 0.6407705 0.5700615 0.6915418 0.6078018 0.4112804 0.2149252 0.4560127 0.3623360 0.2734389 0.5863932 0.6960238 0.5372828 0.5019401 0.4504617 0.4202936 0.0881060 0.4749678 0.0000000 0.4560286 0.6011071 0.6026791 0.5840488 0.8113638 
yHAB166_Kazachstania_yakushimaensis         0.5826744 0.5136125 0.5873294 0.5894644 0.6871205 0.7379766 0.6400080 0.5893464 0.5591195 0.4845412 1.4534751 0.5922154 0.5633245 0.6063299 0.6232895 0.5958461 0.5867464 0.6369602 0.5094303 0.6586878 0.5861643 0.4828552 0.4325428 0.5139852 0.4555114 0.3969810 0.8285636 0.6890368 0.6014780 0.2514000 0.4940543 0.4893415 0.4252051 0.4746775 0.4560286 0.0000000 0.6138743 0.5890763 0.6615274 0.7480466 
yHMPu5000034875_Tetrapisispora_fleetii      0.6731667 0.6497787 0.6618373 0.7018589 0.6728606 0.7992306 0.6961642 0.6500827 0.6058404 0.5637790 1.5823210 0.5880593 0.6329649 0.6119436 0.6701373 0.6807088 0.6467631 0.7160668 0.5524155 0.3612980 0.5016669 0.6292944 0.5817602 0.6640391 0.6086897 0.5763083 0.9139107 0.8037056 0.7474990 0.6721897 0.5738214 0.5796943 0.6161639 0.5831732 0.6011071 0.6138743 0.0000000 0.4802681 0.2587072 0.8716526 
yHMPu5000034876_Tetrapisispora_iriomotensis 0.6991014 0.6186914 0.6962684 0.7788368 0.6739055 0.8379355 0.6223560 0.6245174 0.6233652 0.6865059 1.4491958 0.6906539 0.7399554 0.7215389 0.7286267 0.7669080 0.7433724 0.7831379 0.6018245 0.5613026 0.6222688 0.6273531 0.6307854 0.7127600 0.6118990 0.6181359 0.9125821 0.8147352 0.7872900 0.6785858 0.6440859 0.6921576 0.6210239 0.6614491 0.6026791 0.5890763 0.4802681 0.0000000 0.5031815 0.8875373 
yHMPu5000034877_Tetrapisispora_namnaonensis 0.6804779 0.6773241 0.6649691 0.7192866 0.7119266 0.7651737 0.6729843 0.6606774 0.6848120 0.6011443 1.5844395 0.6679601 0.7125785 0.6729479 0.7175885 0.7158178 0.7232609 0.7592054 0.5829011 0.3676527 0.5310121 0.5814904 0.6235916 0.7222404 0.6284321 0.6291867 0.9556133 0.7749052 0.7942790 0.6659848 0.5762131 0.6551050 0.6131136 0.6615873 0.5840488 0.6615274 0.2587072 0.5031815 0.0000000 0.9066572 
yHMPu5000035629_Yueomyces_sinensis          0.8542133 0.9586107 1.0262489 1.0171056 1.0206393 1.1292514 0.9083898 0.8658699 0.8362791 0.7578171 1.8960631 0.9627639 0.9877618 0.9886562 1.0137521 1.0741779 1.0228774 1.0842729 0.8040500 0.9724643 0.8588641 0.8707721 0.7707047 0.7770473 0.8148000 0.7521001 1.3009846 1.1542708 1.0117483 0.8052727 0.7618391 0.8716175 0.7878590 0.7951651 0.8113638 0.7480466 0.8716526 0.8875373 0.9066572 0.0000000 
