40
Candida_glabrata                            0.0000000 0.4203336 0.5924254 0.5763337 0.2655530 0.7616558 0.3328077 0.2625024 0.4020685 0.3927490 1.7346423 0.6171573 0.5398481 0.6241970 0.5918989 0.5648814 0.5551476 0.6522205 0.4695656 0.3926850 0.4055588 0.4593978 0.4488321 0.4716828 0.4778544 0.4355215 0.5758073 0.5466264 0.5763577 0.4777488 0.5195769 0.4268658 0.4283779 0.4519030 0.4355504 0.4434567 0.4203831 0.4137974 0.4130424 0.4701793 
Kazachstania_africana                       0.4203336 0.0000000 0.4671704 0.5283190 0.4857527 0.7221934 0.5164372 0.4771587 0.3597290 0.3513144 1.6523421 0.5546910 0.4888531 0.5961850 0.5511154 0.4954676 0.5050630 0.6294356 0.3042321 0.3382106 0.3222203 0.3626443 0.3115734 0.3418060 0.3312890 0.2790201 0.4780936 0.4118677 0.4871367 0.3559994 0.3958372 0.3406966 0.3183170 0.2837020 0.3143667 0.3277419 0.3385752 0.3089786 0.3506327 0.3561176 
Kazachstania_naganishii                     0.5924254 0.4671704 0.0000000 0.5977414 0.6023401 0.8063696 0.5811137 0.6028696 0.4742671 0.5400790 1.5171263 0.5507188 0.5309869 0.5195382 0.4951061 0.5347204 0.5561261 0.5223521 0.5704733 0.5228236 0.5543222 0.4622334 0.4550157 0.5108713 0.4374706 0.4668756 0.3848104 0.5135668 0.5484806 0.5123605 0.5895320 0.5443424 0.4455998 0.5026538 0.4501231 0.5043010 0.5151687 0.5075669 0.4868600 0.5938143 
Nakaseomyces_bacillisporus                  0.5763337 0.5283190 0.5977414 0.0000000 0.6291725 0.7831688 0.5966570 0.5761921 0.4842025 0.4846015 1.7730224 0.5703159 0.5923811 0.6236443 0.6262835 0.6047315 0.6010821 0.6333594 0.5021198 0.4941288 0.4935911 0.5589217 0.4774051 0.6118715 0.5213006 0.4909777 0.5187941 0.5830425 0.6013541 0.5919502 0.6334377 0.5740691 0.4963273 0.5299330 0.4987864 0.5579325 0.5142772 0.5047107 0.5108656 0.5644656 
Nakaseomyces_bracarensis                    0.2655530 0.4857527 0.6023401 0.6291725 0.0000000 0.8108702 0.2149038 0.1659666 0.4059606 0.4357772 1.6568367 0.6269132 0.5633929 0.5941163 0.5920281 0.5628183 0.5783851 0.5986614 0.5022725 0.4615294 0.4140700 0.4793241 0.4793655 0.5268283 0.5065426 0.4649004 0.5767688 0.5622772 0.5590994 0.5643669 0.5930869 0.4496974 0.4666159 0.5173539 0.4628409 0.5297568 0.4483291 0.4238444 0.4567614 0.5591696 
Nakaseomyces_castellii                      0.7616558 0.7221934 0.8063696 0.7831688 0.8108702 0.0000000 0.8176490 0.7620398 0.7212014 0.6917726 1.9356632 0.9090245 0.7924320 0.9673536 0.8718482 0.8164506 0.8148437 0.9672906 0.7426939 0.6741714 0.6957193 0.7610795 0.7216720 0.7080397 0.7246923 0.7462464 0.8514590 0.7042168 0.8776384 0.7839702 0.7915183 0.7390766 0.7193077 0.7192801 0.7043256 0.8126254 0.6729903 0.6743983 0.6758479 0.8777061 
Nakaseomyces_delphensis                     0.3328077 0.5164372 0.5811137 0.5966570 0.2149038 0.8176490 0.0000000 0.1926031 0.4817134 0.4715869 1.6615195 0.6247048 0.5918700 0.5330219 0.5977202 0.5720845 0.5828064 0.5484302 0.5704164 0.5249518 0.4627309 0.5388892 0.5328396 0.5582849 0.5393224 0.5009137 0.5217706 0.5659696 0.5246385 0.6237871 0.6685649 0.5062909 0.5213026 0.5582049 0.5237507 0.5912361 0.5179308 0.4656238 0.5473196 0.6205578 
Nakaseomyces_nivariensis                    0.2625024 0.4771587 0.6028696 0.5761921 0.1659666 0.7620398 0.1926031 0.0000000 0.4118437 0.4111609 1.6943496 0.6294011 0.5651485 0.5882264 0.6067549 0.5655319 0.5718120 0.6148643 0.5085297 0.4408646 0.4273715 0.4827871 0.4538650 0.5058301 0.5011143 0.4541508 0.5827250 0.5460304 0.5533964 0.5517276 0.5840348 0.4457649 0.4668616 0.5038450 0.4782022 0.5220227 0.4486109 0.3890635 0.4518030 0.5408362 
Naumovozyma_castellii                       0.4020685 0.3597290 0.4742671 0.4842025 0.4059606 0.7212014 0.4817134 0.4118437 0.0000000 0.2493570 1.8174389 0.5202536 0.4782088 0.5689466 0.5180955 0.4966857 0.4959477 0.6225214 0.3121955 0.3408697 0.3290198 0.3657237 0.3228616 0.3698541 0.3172320 0.3149781 0.5047693 0.4390208 0.5521007 0.3878480 0.4229267 0.3948966 0.3380104 0.3962086 0.3315345 0.3719788 0.3315499 0.3444037 0.3484524 0.3948254 
Naumovozyma_dairenensis                     0.3927490 0.3513144 0.5400790 0.4846015 0.4357772 0.6917726 0.4715869 0.4111609 0.2493570 0.0000000 1.8416102 0.5036513 0.4716859 0.5781589 0.5201533 0.4758974 0.4792980 0.6249083 0.3174772 0.3489003 0.3161022 0.3980001 0.3132237 0.3635924 0.3239343 0.3178063 0.5250059 0.4278470 0.5713110 0.3561312 0.3928982 0.3647480 0.3208741 0.3628717 0.3225679 0.3599522 0.3557135 0.3535300 0.3438668 0.3696612 
Neurospora_crassa                           1.7346423 1.6523421 1.5171263 1.7730224 1.6568367 1.9356632 1.6615195 1.6943496 1.8174389 1.8416102 0.0000000 1.7109264 1.7407722 1.5083671 1.5349579 1.5969504 1.7320524 1.5358392 1.7543041 1.6694245 1.9206261 1.7680541 1.8759084 1.7031794 1.8232822 1.9050701 1.3753680 1.6156269 1.4978220 1.7616614 2.0751039 1.7931504 1.7585251 1.8857465 1.7650213 1.7700278 1.7532971 1.5750724 1.6971337 1.8992935 
Saccharomyces_arboricola                    0.6171573 0.5546910 0.5507188 0.5703159 0.6269132 0.9090245 0.6247048 0.6294011 0.5202536 0.5036513 1.7109264 0.0000000 0.1744287 0.2032907 0.1346520 0.1698249 0.1784129 0.2078496 0.5766408 0.5948582 0.5810442 0.5804682 0.5591983 0.5508293 0.4998296 0.6025698 0.4467958 0.4718537 0.5260425 0.5678129 0.6348213 0.6244613 0.5576040 0.6378520 0.5483458 0.5609360 0.5655191 0.5957547 0.5626243 0.6562583 
Saccharomyces_cerevisiae                    0.5398481 0.4888531 0.5309869 0.5923811 0.5633929 0.7924320 0.5918700 0.5651485 0.4782088 0.4716859 1.7407722 0.1744287 0.0000000 0.2376320 0.1530983 0.1150280 0.0772844 0.2440633 0.5127423 0.5241192 0.4856742 0.5062051 0.5102029 0.4822298 0.4784534 0.5517965 0.4522000 0.4389605 0.5172655 0.5101455 0.5702939 0.5180317 0.4986859 0.5354286 0.4973289 0.4944521 0.4983730 0.5318044 0.5329943 0.5715566 
Saccharomyces_eubayanus                     0.6241970 0.5961850 0.5195382 0.6236443 0.5941163 0.9673536 0.5330219 0.5882264 0.5689466 0.5781589 1.5083671 0.2032907 0.2376320 0.0000000 0.1715392 0.2211074 0.2445854 0.0605693 0.6550226 0.6198444 0.5918733 0.6410252 0.6223193 0.6195499 0.5399496 0.6550565 0.3873412 0.4922196 0.4397340 0.6706941 0.7361770 0.6869977 0.5681585 0.7034689 0.5803902 0.6203648 0.6309282 0.6362873 0.6144388 0.7219021 
Saccharomyces_kudriavzevii                  0.5918989 0.5511154 0.4951061 0.6262835 0.5920281 0.8718482 0.5977202 0.6067549 0.5180955 0.5201533 1.5349579 0.1346520 0.1530983 0.1715392 0.0000000 0.1475497 0.1488610 0.1749605 0.6048239 0.5858181 0.5857379 0.6052861 0.5867345 0.5497890 0.5268649 0.6268517 0.3988619 0.4682326 0.5089705 0.5998089 0.6499387 0.6098396 0.5570563 0.6317266 0.5645321 0.5823104 0.5806303 0.5988401 0.5919033 0.6597614 
Saccharomyces_mikatae                       0.5648814 0.4954676 0.5347204 0.6047315 0.5628183 0.8164506 0.5720845 0.5655319 0.4966857 0.4758974 1.5969504 0.1698249 0.1150280 0.2211074 0.1475497 0.0000000 0.1114949 0.2233617 0.5252699 0.5184395 0.5087506 0.5194198 0.5147851 0.4920049 0.4744692 0.5498488 0.4398675 0.4438735 0.5101166 0.5323558 0.5578781 0.5338310 0.5078557 0.5347249 0.5065693 0.4962323 0.4997371 0.5295270 0.5397573 0.5698674 
Saccharomyces_paradoxus                     0.5551476 0.5050630 0.5561261 0.6010821 0.5783851 0.8148437 0.5828064 0.5718120 0.4959477 0.4792980 1.7320524 0.1784129 0.0772844 0.2445854 0.1488610 0.1114949 0.0000000 0.2526017 0.5357209 0.5187268 0.5034376 0.5464750 0.5255364 0.4883294 0.4883040 0.5541026 0.4471801 0.4506824 0.5166626 0.5462797 0.5742329 0.5457923 0.5081129 0.5424823 0.4994352 0.5145115 0.4924681 0.5450713 0.5286153 0.5812644 
Saccharomyces_uvarum                        0.6522205 0.6294356 0.5223521 0.6333594 0.5986614 0.9672906 0.5484302 0.6148643 0.6225214 0.6249083 1.5358392 0.2078496 0.2440633 0.0605693 0.1749605 0.2233617 0.2526017 0.0000000 0.6921524 0.6744453 0.6399941 0.6712304 0.6717351 0.6293785 0.5808174 0.7034279 0.3934828 0.5334036 0.4437129 0.7238291 0.7766034 0.7139825 0.6134981 0.7255302 0.6294897 0.6482912 0.6757735 0.6980270 0.6563074 0.7544603 
Tetrapisispora_blattae                      0.4695656 0.3042321 0.5704733 0.5021198 0.5022725 0.7426939 0.5704164 0.5085297 0.3121955 0.3174772 1.7543041 0.5766408 0.5127423 0.6550226 0.6048239 0.5252699 0.5357209 0.6921524 0.0000000 0.3215598 0.2659474 0.3506722 0.3094859 0.3767954 0.3401705 0.3007238 0.5894200 0.4454856 0.5671762 0.3495114 0.3793657 0.3700300 0.3319666 0.3252840 0.3153797 0.3408279 0.3057425 0.3232825 0.3434129 0.2747502 
Tetrapisispora_phaffii                      0.3926850 0.3382106 0.5228236 0.4941288 0.4615294 0.6741714 0.5249518 0.4408646 0.3408697 0.3489003 1.6694245 0.5948582 0.5241192 0.6198444 0.5858181 0.5184395 0.5187268 0.6744453 0.3215598 0.0000000 0.2986058 0.3427619 0.3238385 0.3418986 0.3402260 0.3221312 0.5169945 0.4377765 0.5954186 0.3769630 0.4210216 0.4004336 0.3265709 0.3334362 0.3211046 0.3518183 0.1824842 0.2178148 0.1860947 0.3452733 
Vanderwaltozyma_polyspora                   0.4055588 0.3222203 0.5543222 0.4935911 0.4140700 0.6957193 0.4627309 0.4273715 0.3290198 0.3161022 1.9206261 0.5810442 0.4856742 0.5918733 0.5857379 0.5087506 0.5034376 0.6399941 0.2659474 0.2986058 0.0000000 0.3752075 0.3392685 0.3941820 0.3726265 0.3406854 0.5227326 0.4164623 0.4963148 0.3809649 0.4195934 0.3672013 0.3550956 0.3713297 0.3526194 0.3622081 0.2719936 0.2937685 0.2960120 0.3774236 
yHAB132_Kazachstania_martiniae              0.4593978 0.3626443 0.4622334 0.5589217 0.4793241 0.7610795 0.5388892 0.4827871 0.3657237 0.3980001 1.7680541 0.5804682 0.5062051 0.6410252 0.6052861 0.5194198 0.5464750 0.6712304 0.3506722 0.3427619 0.3752075 0.0000000 0.3422540 0.3543288 0.3589949 0.3212460 0.5155039 0.4426846 0.5585930 0.3511699 0.4347570 0.3751122 0.3418596 0.3684481 0.3476773 0.3324590 0.3311730 0.3265425 0.3632432 0.4082099 
yHAB133_Kazachstania_unispora               0.4488321 0.3115734 0.4550157 0.4774051 0.4793655 0.7216720 0.5328396 0.4538650 0.3228616 0.3132237 1.8759084 0.5591983 0.5102029 0.6223193 0.5867345 0.5147851 0.5255364 0.6717351 0.3094859 0.3238385 0.3392685 0.3422540 0.0000000 0.3165659 0.2489893 0.1155231 0.4734530 0.3954535 0.5483706 0.2729039 0.3388797 0.3326443 0.1229605 0.2685390 0.1091663 0.2556267 0.2964477 0.3197571 0.3194323 0.3184693 
yHAB134_Kazachstania_turicensis             0.4716828 0.3418060 0.5108713 0.6118715 0.5268283 0.7080397 0.5582849 0.5058301 0.3698541 0.3635924 1.7031794 0.5508293 0.4822298 0.6195499 0.5497890 0.4920049 0.4883294 0.6293785 0.3767954 0.3418986 0.3941820 0.3543288 0.3165659 0.0000000 0.3555886 0.3193329 0.5267420 0.4477141 0.5227348 0.3902436 0.3670797 0.3348035 0.3233528 0.2427478 0.3201311 0.3822003 0.3572696 0.3616801 0.3842215 0.3752216 
yHAB136_Kazachstania_bromeliacearum         0.4778544 0.3312890 0.4374706 0.5213006 0.5065426 0.7246923 0.5393224 0.5011143 0.3172320 0.3239343 1.8232822 0.4998296 0.4784534 0.5399496 0.5268649 0.4744692 0.4883040 0.5808174 0.3401705 0.3402260 0.3726265 0.3589949 0.2489893 0.3555886 0.0000000 0.2316973 0.4124501 0.3991723 0.5668383 0.3374700 0.4233233 0.4227051 0.2665223 0.3385405 0.2620446 0.3329932 0.3762076 0.3581936 0.3666013 0.4230686 
yHAB143_Kazachstania_siamensis              0.4355215 0.2790201 0.4668756 0.4909777 0.4649004 0.7462464 0.5009137 0.4541508 0.3149781 0.3178063 1.9050701 0.6025698 0.5517965 0.6550565 0.6268517 0.5498488 0.5541026 0.7034279 0.3007238 0.3221312 0.3406854 0.3212460 0.1155231 0.3193329 0.2316973 0.0000000 0.4670796 0.3976436 0.5786415 0.2695078 0.3428771 0.2961454 0.1613946 0.2541039 0.1501316 0.2574987 0.3264703 0.3078859 0.3337512 0.3000527 
yHAB147_Kazachstania_taianensis             0.5758073 0.4780936 0.3848104 0.5187941 0.5767688 0.8514590 0.5217706 0.5827250 0.5047693 0.5250059 1.3753680 0.4467958 0.4522000 0.3873412 0.3988619 0.4398675 0.4471801 0.3934828 0.5894200 0.5169945 0.5227326 0.5155039 0.4734530 0.5267420 0.4124501 0.4670796 0.0000000 0.4608282 0.4040566 0.4980047 0.6168244 0.5700305 0.4290052 0.5681971 0.4356752 0.4604640 0.5468416 0.5212964 0.5274308 0.6665679 
yHAB148_Kazachstania_intestinalis           0.5466264 0.4118677 0.5135668 0.5830425 0.5622772 0.7042168 0.5659696 0.5460304 0.4390208 0.4278470 1.6156269 0.4718537 0.4389605 0.4922196 0.4682326 0.4438735 0.4506824 0.5334036 0.4454856 0.4377765 0.4164623 0.4426846 0.3954535 0.4477141 0.3991723 0.3976436 0.4608282 0.0000000 0.5580415 0.4495721 0.5199561 0.5014675 0.4164845 0.3929911 0.4146283 0.4122476 0.4240878 0.4331327 0.4131538 0.4994389 
yHAB153_Kazachstania_rosinii                0.5763577 0.4871367 0.5484806 0.6013541 0.5590994 0.8776384 0.5246385 0.5533964 0.5521007 0.5713110 1.4978220 0.5260425 0.5172655 0.4397340 0.5089705 0.5101166 0.5166626 0.4437129 0.5671762 0.5954186 0.4963148 0.5585930 0.5483706 0.5227348 0.5668383 0.5786415 0.4040566 0.5580415 0.0000000 0.5804204 0.6282532 0.5490659 0.4853856 0.5518724 0.5088188 0.5551752 0.6030068 0.5451488 0.5778392 0.6665127 
yHAB154_Kazachstania_transvaalensis         0.4777488 0.3559994 0.5123605 0.5919502 0.5643669 0.7839702 0.6237871 0.5517276 0.3878480 0.3561312 1.7616614 0.5678129 0.5101455 0.6706941 0.5998089 0.5323558 0.5462797 0.7238291 0.3495114 0.3769630 0.3809649 0.3511699 0.2729039 0.3902436 0.3374700 0.2695078 0.4980047 0.4495721 0.5804204 0.0000000 0.3648591 0.3545010 0.3048147 0.3492728 0.2971985 0.1629570 0.3528054 0.3597746 0.3768562 0.3879562 
yHAB155_Kazachstania_spencerorum            0.5195769 0.3958372 0.5895320 0.6334377 0.5930869 0.7915183 0.6685649 0.5840348 0.4229267 0.3928982 2.0751039 0.6348213 0.5702939 0.7361770 0.6499387 0.5578781 0.5742329 0.7766034 0.3793657 0.4210216 0.4195934 0.4347570 0.3388797 0.3670797 0.4233233 0.3428771 0.6168244 0.5199561 0.6282532 0.3648591 0.0000000 0.3524296 0.3994751 0.2999578 0.3869038 0.3546018 0.3935810 0.4259772 0.4200285 0.3948680 
yHAB158_Kazachstania_viticola               0.4268658 0.3406966 0.5443424 0.5740691 0.4496974 0.7390766 0.5062909 0.4457649 0.3948966 0.3647480 1.7931504 0.6244613 0.5180317 0.6869977 0.6098396 0.5338310 0.5457923 0.7139825 0.3700300 0.4004336 0.3672013 0.3751122 0.3326443 0.3348035 0.4227051 0.2961454 0.5700305 0.5014675 0.5490659 0.3545010 0.3524296 0.0000000 0.3292090 0.3073605 0.3174096 0.3468363 0.3757659 0.3753297 0.4098634 0.3741374 
yHAB159_Kazachstania_solicola               0.4283779 0.3183170 0.4455998 0.4963273 0.4666159 0.7193077 0.5213026 0.4668616 0.3380104 0.3208741 1.7585251 0.5576040 0.4986859 0.5681585 0.5570563 0.5078557 0.5081129 0.6134981 0.3319666 0.3265709 0.3550956 0.3418596 0.1229605 0.3233528 0.2665223 0.1613946 0.4290052 0.4164845 0.4853856 0.3048147 0.3994751 0.3292090 0.0000000 0.2979523 0.0559427 0.2725281 0.3165759 0.3209993 0.3323751 0.3462835 
yHAB160_Kazachstania_kunashirensis          0.4519030 0.2837020 0.5026538 0.5299330 0.5173539 0.7192801 0.5582049 0.5038450 0.3962086 0.3628717 1.8857465 0.6378520 0.5354286 0.7034689 0.6317266 0.5347249 0.5424823 0.7255302 0.3252840 0.3334362 0.3713297 0.3684481 0.2685390 0.2427478 0.3385405 0.2541039 0.5681971 0.3929911 0.5518724 0.3492728 0.2999578 0.3073605 0.2979523 0.0000000 0.2883576 0.3077084 0.3253883 0.3386097 0.3408916 0.3139462 
yHAB164_Kazachstania_aerobia                0.4355504 0.3143667 0.4501231 0.4987864 0.4628409 0.7043256 0.5237507 0.4782022 0.3315345 0.3225679 1.7650213 0.5483458 0.4973289 0.5803902 0.5645321 0.5065693 0.4994352 0.6294897 0.3153797 0.3211046 0.3526194 0.3476773 0.1091663 0.3201311 0.2620446 0.1501316 0.4356752 0.4146283 0.5088188 0.2971985 0.3869038 0.3174096 0.0559427 0.2883576 0.0000000 0.2689603 0.3101224 0.3180425 0.3342675 0.3181930 
yHAB166_Kazachstania_yakushimaensis         0.4434567 0.3277419 0.5043010 0.5579325 0.5297568 0.8126254 0.5912361 0.5220227 0.3719788 0.3599522 1.7700278 0.5609360 0.4944521 0.6203648 0.5823104 0.4962323 0.5145115 0.6482912 0.3408279 0.3518183 0.3622081 0.3324590 0.2556267 0.3822003 0.3329932 0.2574987 0.4604640 0.4122476 0.5551752 0.1629570 0.3546018 0.3468363 0.2725281 0.3077084 0.2689603 0.0000000 0.3126649 0.3135996 0.3261594 0.3640151 
yHMPu5000034875_Tetrapisispora_fleetii      0.4203831 0.3385752 0.5151687 0.5142772 0.4483291 0.6729903 0.5179308 0.4486109 0.3315499 0.3557135 1.7532971 0.5655191 0.4983730 0.6309282 0.5806303 0.4997371 0.4924681 0.6757735 0.3057425 0.1824842 0.2719936 0.3311730 0.2964477 0.3572696 0.3762076 0.3264703 0.5468416 0.4240878 0.6030068 0.3528054 0.3935810 0.3757659 0.3165759 0.3253883 0.3101224 0.3126649 0.0000000 0.2033323 0.1022984 0.3169103 
yHMPu5000034876_Tetrapisispora_iriomotensis 0.4137974 0.3089786 0.5075669 0.5047107 0.4238444 0.6743983 0.4656238 0.3890635 0.3444037 0.3535300 1.5750724 0.5957547 0.5318044 0.6362873 0.5988401 0.5295270 0.5450713 0.6980270 0.3232825 0.2178148 0.2937685 0.3265425 0.3197571 0.3616801 0.3581936 0.3078859 0.5212964 0.4331327 0.5451488 0.3597746 0.4259772 0.3753297 0.3209993 0.3386097 0.3180425 0.3135996 0.2033323 0.0000000 0.2201661 0.3489842 
yHMPu5000034877_Tetrapisispora_namnaonensis 0.4130424 0.3506327 0.4868600 0.5108656 0.4567614 0.6758479 0.5473196 0.4518030 0.3484524 0.3438668 1.6971337 0.5626243 0.5329943 0.6144388 0.5919033 0.5397573 0.5286153 0.6563074 0.3434129 0.1860947 0.2960120 0.3632432 0.3194323 0.3842215 0.3666013 0.3337512 0.5274308 0.4131538 0.5778392 0.3768562 0.4200285 0.4098634 0.3323751 0.3408916 0.3342675 0.3261594 0.1022984 0.2201661 0.0000000 0.3656076 
yHMPu5000035629_Yueomyces_sinensis          0.4701793 0.3561176 0.5938143 0.5644656 0.5591696 0.8777061 0.6205578 0.5408362 0.3948254 0.3696612 1.8992935 0.6562583 0.5715566 0.7219021 0.6597614 0.5698674 0.5812644 0.7544603 0.2747502 0.3452733 0.3774236 0.4082099 0.3184693 0.3752216 0.4230686 0.3000527 0.6665679 0.4994389 0.6665127 0.3879562 0.3948680 0.3741374 0.3462835 0.3139462 0.3181930 0.3640151 0.3169103 0.3489842 0.3656076 0.0000000 
