40
Candida_glabrata                            0.0000000 2.5927841 2.4853000 2.4033195 1.5432330 3.3759460 1.5760619 1.5279557 2.8417541 2.6189663 6.8789362 2.0682529 2.1674444 2.1034686 2.0829338 2.1199476 2.1901391 2.1586518 3.7137805 2.7710117 2.4816457 2.4395919 2.5371438 2.7017905 2.4432380 2.4501964 2.2013335 2.4593132 2.3475901 2.7140545 2.3739346 2.6907205 2.8002880 2.6864291 2.6993478 2.8862541 2.9384513 3.3809811 2.8846753 3.5491792 
Kazachstania_africana                       2.5927841 0.0000000 2.4782979 2.4752687 2.6769888 3.2254178 2.6971217 2.6625240 2.3273670 2.2557126 6.4453259 2.1033301 2.1800572 2.1415016 2.1101416 2.1874885 2.1454506 2.1348431 2.9141296 2.7325828 2.2566745 2.1690335 2.1991336 1.8919943 1.8578135 2.2171139 2.1856598 2.2254888 2.2178734 2.2848463 2.0846574 2.1196392 2.2532585 2.0709857 2.1805851 2.2804149 2.6840097 2.8589185 2.7693646 3.1443256 
Kazachstania_naganishii                     2.4853000 2.4782979 0.0000000 2.5986186 2.4050239 3.1378387 2.3984642 2.5000057 2.5603243 2.4441957 5.7938426 2.3406089 2.3093628 2.3066480 2.3855930 2.3169879 2.3351060 2.2753868 3.5155686 2.7158518 2.5199572 2.0001761 2.0108543 2.1922257 1.7600307 1.9232504 1.5667399 2.3561005 1.8688976 2.2092927 2.1621645 2.2935963 1.9754617 2.2200143 1.9493636 2.3132008 3.0678969 2.9427583 2.6844068 3.4929278 
Nakaseomyces_bacillisporus                  2.4033195 2.4752687 2.5986186 0.0000000 2.5692073 2.9185344 2.7814682 2.6250727 2.2939297 2.1065313 6.5588398 1.8793246 1.8795402 1.8829309 1.9309602 2.0101083 1.9134551 1.8599474 3.3417266 2.2903421 2.2452880 2.2502320 2.4516185 2.2170547 1.9470922 2.1947326 2.0561435 2.2989612 2.0049771 2.5217588 2.1883313 2.5217341 2.3874356 2.2306985 2.3568201 2.4311263 2.5186955 2.6887766 2.4729129 2.9544194 
Nakaseomyces_bracarensis                    1.5432330 2.6769888 2.4050239 2.5692073 0.0000000 3.1769395 0.9160997 0.7858427 2.6783623 2.6322213 6.7113659 2.1807442 2.1797754 2.1593487 2.1845601 2.2304786 2.1931378 2.1932081 3.3062243 2.5261754 2.3925026 2.5853686 2.7624014 2.6106716 2.2399208 2.4467217 2.2522041 2.6671873 2.4859096 2.9679984 2.2603960 2.8255661 2.7980197 2.7522051 2.8115974 2.8529952 2.8506809 2.8878620 2.7301817 3.6327445 
Nakaseomyces_castellii                      3.3759460 3.2254178 3.1378387 2.9185344 3.1769395 0.0000000 3.3277071 3.2044081 3.5668683 3.0149965 7.4305938 2.9602243 2.9087956 2.9728089 3.0101955 2.9331035 2.9151046 3.0232615 3.9687590 3.2238848 3.0773475 3.0884304 3.4043368 2.9380839 2.9352646 2.9970979 3.0955146 3.0862616 3.2670328 3.3485763 3.2216040 3.2720892 3.2974217 3.3388398 3.3953006 3.4349835 3.6535943 3.6598917 3.5184513 3.6033972 
Nakaseomyces_delphensis                     1.5760619 2.6971217 2.3984642 2.7814682 0.9160997 3.3277071 0.0000000 0.7058556 2.9494494 2.5425093 6.6028296 2.2722467 2.2009857 2.2848577 2.2427507 2.3724176 2.2519262 2.2679796 3.6133191 2.6088710 2.3835831 2.5171246 2.7696202 2.5010846 2.2833501 2.5171722 2.3149029 2.7708892 2.5260764 2.9017232 2.3709534 2.9565356 2.7124165 2.8284741 2.7489119 2.9345848 2.7895648 3.1036322 2.6943386 3.5159249 
Nakaseomyces_nivariensis                    1.5279557 2.6625240 2.5000057 2.6250727 0.7858427 3.2044081 0.7058556 0.0000000 2.8890592 2.5187266 6.9726656 2.2219950 2.1512335 2.2081163 2.1783833 2.2372807 2.1961748 2.1702223 3.3929198 2.5835664 2.3837902 2.7846571 2.8426825 2.5438843 2.2183774 2.4800893 2.3142478 2.6639179 2.5233561 3.0938862 2.4086364 2.9580254 2.7755073 2.6662984 2.7741374 3.0826639 2.8348340 2.9612045 2.6190586 3.5264024 
Naumovozyma_castellii                       2.8417541 2.3273670 2.5603243 2.2939297 2.6783623 3.5668683 2.9494494 2.8890592 0.0000000 1.6986349 6.3397777 1.9858420 2.0963515 2.0101234 2.0438857 2.0300165 2.0419746 1.9937048 3.2403147 2.3183183 2.2336784 2.2414736 2.4112644 2.1143428 2.0708671 2.2644114 2.2123918 2.4024065 2.1985442 2.4537344 2.2110956 2.4415653 2.4203113 2.3296705 2.4234201 2.6114278 2.5181998 2.5394137 2.5622274 3.0183607 
Naumovozyma_dairenensis                     2.6189663 2.2557126 2.4441957 2.1065313 2.6322213 3.0149965 2.5425093 2.5187266 1.6986349 0.0000000 6.9592196 1.9166573 2.0110873 1.8607187 1.9893718 1.9875650 1.9896989 1.8722488 2.7366792 2.2449345 1.9899729 2.1561289 2.1013564 1.8914071 1.7117742 2.0884406 2.0816254 2.3971078 1.9537145 2.2187528 2.0349030 2.0769112 2.4313495 2.1936309 2.3663298 2.2597134 2.1744009 2.2507674 2.2483408 2.8359918 
Neurospora_crassa                           6.8789362 6.4453259 5.7938426 6.5588398 6.7113659 7.4305938 6.6028296 6.9726656 6.3397777 6.9592196 0.0000000 6.7099755 6.8885295 6.6817761 6.5397022 6.8001267 6.6291192 6.4326665 7.4046366 6.4095825 6.6075336 6.4919168 6.8827579 6.4092159 6.9311296 7.0306435 6.2494697 6.4404312 6.2254805 7.3990188 6.3721562 7.2681637 6.8441732 6.4312634 6.7512177 7.6575003 6.7863935 6.4879981 7.0316370 7.5770922 
Saccharomyces_arboricola                    2.0682529 2.1033301 2.3406089 1.8793246 2.1807442 2.9602243 2.2722467 2.2219950 1.9858420 1.9166573 6.7099755 0.0000000 0.3814402 0.3069092 0.2886459 0.3835970 0.3894949 0.3090303 3.2490114 2.3766475 1.8926381 1.9991113 2.2899674 2.1415743 1.7628437 2.0557515 2.1079430 2.2289913 2.1084869 2.3789625 2.2280034 2.1073406 2.3211458 1.9284449 2.2804238 2.4605727 2.4982879 2.6029114 2.4348936 3.0677455 
Saccharomyces_cerevisiae                    2.1674444 2.1800572 2.3093628 1.8795402 2.1797754 2.9087956 2.2009857 2.1512335 2.0963515 2.0110873 6.8885295 0.3814402 0.0000000 0.3974874 0.3163232 0.2951347 0.1865755 0.4025963 3.0831405 2.4750224 2.0013631 1.8852467 2.2567973 2.1092585 1.9099082 2.0641173 2.1074511 2.2084836 2.2063722 2.4190452 2.1089264 2.1468914 2.3048823 2.0305054 2.2246179 2.4476007 2.5886344 2.5791244 2.4819505 3.2589243 
Saccharomyces_eubayanus                     2.1034686 2.1415016 2.3066480 1.8829309 2.1593487 2.9728089 2.2848577 2.2081163 2.0101234 1.8607187 6.6817761 0.3069092 0.3974874 0.0000000 0.3090744 0.4067481 0.3869862 0.1138038 3.1273141 2.4487014 1.9030149 1.9951131 2.2602388 2.1618730 1.8490020 2.1146031 2.0794393 2.2162275 2.1321663 2.3368059 2.0901669 2.1029996 2.3026369 2.0379190 2.3121653 2.5051869 2.5000526 2.6278454 2.4011801 3.1602506 
Saccharomyces_kudriavzevii                  2.0829338 2.1101416 2.3855930 1.9309602 2.1845601 3.0101955 2.2427507 2.1783833 2.0438857 1.9893718 6.5397022 0.2886459 0.3163232 0.3090744 0.0000000 0.3581366 0.3302840 0.3093827 3.2773449 2.4541153 1.9843190 2.0567731 2.1941484 2.1908574 1.8715672 2.1318393 2.1394879 2.2668468 2.2193300 2.4054368 2.0901721 2.1096005 2.3305372 2.0757736 2.3000773 2.4737267 2.5523657 2.6102501 2.5227700 3.2196351 
Saccharomyces_mikatae                       2.1199476 2.1874885 2.3169879 2.0101083 2.2304786 2.9331035 2.3724176 2.2372807 2.0300165 1.9875650 6.8001267 0.3835970 0.2951347 0.4067481 0.3581366 0.0000000 0.2923389 0.4032548 3.0474866 2.5004522 1.9345412 1.9579951 2.2323056 2.0179294 1.8971032 2.0747163 2.0840548 2.2172706 2.1887601 2.3429703 2.1834732 2.1470613 2.3130320 1.9296691 2.2490959 2.3917520 2.6518447 2.6269279 2.5596856 3.2406563 
Saccharomyces_paradoxus                     2.1901391 2.1454506 2.3351060 1.9134551 2.1931378 2.9151046 2.2519262 2.1961748 2.0419746 1.9896989 6.6291192 0.3894949 0.1865755 0.3869862 0.3302840 0.2923389 0.0000000 0.3922778 3.1517423 2.4995067 1.9656999 1.9200666 2.1857974 2.0610525 1.8949886 2.0883374 2.0787650 2.1764667 2.2771268 2.3454777 2.1519287 2.0624364 2.2601786 2.0315682 2.2319079 2.4260310 2.5726335 2.5929767 2.4438111 3.1713780 
Saccharomyces_uvarum                        2.1586518 2.1348431 2.2753868 1.8599474 2.1932081 3.0232615 2.2679796 2.1702223 1.9937048 1.8722488 6.4326665 0.3090303 0.4025963 0.1138038 0.3093827 0.4032548 0.3922778 0.0000000 3.1534302 2.4643400 1.9203080 1.9691970 2.2278672 2.1012624 1.8080983 2.0563639 2.0906616 2.2266699 2.1627740 2.3452067 2.0863193 2.0698148 2.2974252 1.9768727 2.2854834 2.4723070 2.4661620 2.4871597 2.3786568 3.1231772 
Tetrapisispora_blattae                      3.7137805 2.9141296 3.5155686 3.3417266 3.3062243 3.9687590 3.6133191 3.3929198 3.2403147 2.7366792 7.4046366 3.2490114 3.0831405 3.1273141 3.2773449 3.0474866 3.1517423 3.1534302 0.0000000 2.7583764 2.6799359 2.7986184 3.0051327 2.7615999 2.5897162 2.7313516 2.8287723 3.0114480 3.0271400 2.9623104 3.1642916 3.2191183 3.1258129 3.1173666 3.0325897 3.0024817 2.9017288 3.3844062 2.9090284 2.0452941 
Tetrapisispora_phaffii                      2.7710117 2.7325828 2.7158518 2.2903421 2.5261754 3.2238848 2.6088710 2.5835664 2.3183183 2.2449345 6.4095825 2.3766475 2.4750224 2.4487014 2.4541153 2.5004522 2.4995067 2.4643400 2.7583764 0.0000000 1.9147375 2.3859575 2.4793159 2.2797933 2.0939897 2.3195028 2.3830865 2.6462268 2.4478628 2.4893365 2.4477999 2.7695618 2.3246532 2.2753172 2.3502827 2.4540857 0.6260227 1.0979213 0.6161310 2.8157549 
Vanderwaltozyma_polyspora                   2.4816457 2.2566745 2.5199572 2.2452880 2.3925026 3.0773475 2.3835831 2.3837902 2.2336784 1.9899729 6.6075336 1.8926381 2.0013631 1.9030149 1.9843190 1.9345412 1.9656999 1.9203080 2.6799359 1.9147375 0.0000000 2.0941830 2.0849742 1.8731756 1.8171062 1.9409846 2.1319813 2.1331853 2.3483507 2.1763201 2.0935963 2.2023039 2.3486588 1.9638248 2.2699725 2.1872114 2.0375664 2.1020331 2.0061419 2.7035592 
yHAB132_Kazachstania_martiniae              2.4395919 2.1690335 2.0001761 2.2502320 2.5853686 3.0884304 2.5171246 2.7846571 2.2414736 2.1561289 6.4919168 1.9991113 1.8852467 1.9951131 2.0567731 1.9579951 1.9200666 1.9691970 2.7986184 2.3859575 2.0941830 0.0000000 1.9801840 1.5915806 1.5924054 1.5944853 1.6695991 2.0826008 1.8685666 2.1199246 1.9208470 1.9684451 2.0068539 1.8964843 1.9118921 2.0519025 2.5468422 2.5474100 2.3843926 3.1574105 
yHAB133_Kazachstania_unispora               2.5371438 2.1991336 2.0108543 2.4516185 2.7624014 3.4043368 2.7696202 2.8426825 2.4112644 2.1013564 6.8827579 2.2899674 2.2567973 2.2602388 2.1941484 2.2323056 2.1857974 2.2278672 3.0051327 2.4793159 2.0849742 1.9801840 0.0000000 1.9681380 1.4549873 0.8970210 1.5407914 2.2222226 2.0117865 1.7111026 2.1307112 2.1341688 0.7097744 1.9520106 0.7176493 1.6787483 2.4451702 2.6430711 2.5268079 3.0493723 
yHAB134_Kazachstania_turicensis             2.7017905 1.8919943 2.1922257 2.2170547 2.6106716 2.9380839 2.5010846 2.5438843 2.1143428 1.8914071 6.4092159 2.1415743 2.1092585 2.1618730 2.1908574 2.0179294 2.0610525 2.1012624 2.7615999 2.2797933 1.8731756 1.5915806 1.9681380 0.0000000 1.5599963 1.7988880 1.8956015 2.2431247 1.7555915 1.8801292 1.5762323 1.8116011 1.9683730 1.3021164 1.9417654 1.9824914 2.4437694 2.6012034 2.4249326 2.8295518 
yHAB136_Kazachstania_bromeliacearum         2.4432380 1.8578135 1.7600307 1.9470922 2.2399208 2.9352646 2.2833501 2.2183774 2.0708671 1.7117742 6.9311296 1.7628437 1.9099082 1.8490020 1.8715672 1.8971032 1.8949886 1.8080983 2.5897162 2.0939897 1.8171062 1.5924054 1.4549873 1.5599963 0.0000000 1.2919620 1.3891955 1.7140573 1.7649745 1.6600279 1.7467240 1.8113091 1.5447145 1.5583907 1.5579435 1.5629188 2.1930842 2.4989568 2.1951194 2.7834533 
yHAB143_Kazachstania_siamensis              2.4501964 2.2171139 1.9232504 2.1947326 2.4467217 2.9970979 2.5171722 2.4800893 2.2644114 2.0884406 7.0306435 2.0557515 2.0641173 2.1146031 2.1318393 2.0747163 2.0883374 2.0563639 2.7313516 2.3195028 1.9409846 1.5944853 0.8970210 1.7988880 1.2919620 0.0000000 1.6702344 1.8453208 1.9989380 1.5981408 1.8128945 1.9053692 0.9676422 1.8746100 0.9680211 1.4803616 2.1549971 2.4024244 2.2538253 2.5818618 
yHAB147_Kazachstania_taianensis             2.2013335 2.1856598 1.5667399 2.0561435 2.2522041 3.0955146 2.3149029 2.3142478 2.2123918 2.0816254 6.2494697 2.1079430 2.1074511 2.0794393 2.1394879 2.0840548 2.0787650 2.0906616 2.8287723 2.3830865 2.1319813 1.6695991 1.5407914 1.8956015 1.3891955 1.6702344 0.0000000 1.9472670 1.7250022 1.6818741 1.8602206 2.0751813 1.6216094 1.8333128 1.6173982 1.7290786 2.5630633 2.7811541 2.4493289 2.9086315 
yHAB148_Kazachstania_intestinalis           2.4593132 2.2254888 2.3561005 2.2989612 2.6671873 3.0862616 2.7708892 2.6639179 2.4024065 2.3971078 6.4404312 2.2289913 2.2084836 2.2162275 2.2668468 2.2172706 2.1764667 2.2266699 3.0114480 2.6462268 2.1331853 2.0826008 2.2222226 2.2431247 1.7140573 1.8453208 1.9472670 0.0000000 2.1490784 2.4133212 2.0647964 2.1941523 2.3386912 2.0503942 2.2287917 2.3928121 2.6826541 3.0462510 2.6146830 3.3033128 
yHAB153_Kazachstania_rosinii                2.3475901 2.2178734 1.8688976 2.0049771 2.4859096 3.2670328 2.5260764 2.5233561 2.1985442 1.9537145 6.2254805 2.1084869 2.2063722 2.1321663 2.2193300 2.1887601 2.2771268 2.1627740 3.0271400 2.4478628 2.3483507 1.8685666 2.0117865 1.7555915 1.7649745 1.9989380 1.7250022 2.1490784 0.0000000 2.2537993 1.4737543 1.9662229 2.1941040 1.5141645 2.1291287 2.2395961 2.4308332 2.5942698 2.4714046 3.0925431 
yHAB154_Kazachstania_transvaalensis         2.7140545 2.2848463 2.2092927 2.5217588 2.9679984 3.3485763 2.9017232 3.0938862 2.4537344 2.2187528 7.3990188 2.3789625 2.4190452 2.3368059 2.4054368 2.3429703 2.3454777 2.3452067 2.9623104 2.4893365 2.1763201 2.1199246 1.7111026 1.8801292 1.6600279 1.5981408 1.6818741 2.4133212 2.2537993 0.0000000 2.3079349 2.2804070 1.8280563 2.1856281 1.8210651 0.6057336 2.4825635 3.1530292 2.6478550 3.3447515 
yHAB155_Kazachstania_spencerorum            2.3739346 2.0846574 2.1621645 2.1883313 2.2603960 3.2216040 2.3709534 2.4086364 2.2110956 2.0349030 6.3721562 2.2280034 2.1089264 2.0901669 2.0901721 2.1834732 2.1519287 2.0863193 3.1642916 2.4477999 2.0935963 1.9208470 2.1307112 1.5762323 1.7467240 1.8128945 1.8602206 2.0647964 1.4737543 2.3079349 0.0000000 1.8070397 2.1788134 1.3576240 2.1400380 2.2024059 2.4182458 2.8176848 2.3500414 2.8724978 
yHAB158_Kazachstania_viticola               2.6907205 2.1196392 2.2935963 2.5217341 2.8255661 3.2720892 2.9565356 2.9580254 2.4415653 2.0769112 7.2681637 2.1073406 2.1468914 2.1029996 2.1096005 2.1470613 2.0624364 2.0698148 3.2191183 2.7695618 2.2023039 1.9684451 2.1341688 1.8116011 1.8113091 1.9053692 2.0751813 2.1941523 1.9662229 2.2804070 1.8070397 0.0000000 2.2312605 1.9247147 2.3088440 2.3647698 2.7562288 2.8614322 2.7731580 3.2067974 
yHAB159_Kazachstania_solicola               2.8002880 2.2532585 1.9754617 2.3874356 2.7980197 3.2974217 2.7124165 2.7755073 2.4203113 2.4313495 6.8441732 2.3211458 2.3048823 2.3026369 2.3305372 2.3130320 2.2601786 2.2974252 3.1258129 2.3246532 2.3486588 2.0068539 0.7097744 1.9683730 1.5447145 0.9676422 1.6216094 2.3386912 2.1941040 1.8280563 2.1788134 2.2312605 0.0000000 2.0521915 0.2100822 1.6381181 2.4674703 2.6756146 2.5456627 3.2401324 
yHAB160_Kazachstania_kunashirensis          2.6864291 2.0709857 2.2200143 2.2306985 2.7522051 3.3388398 2.8284741 2.6662984 2.3296705 2.1936309 6.4312634 1.9284449 2.0305054 2.0379190 2.0757736 1.9296691 2.0315682 1.9768727 3.1173666 2.2753172 1.9638248 1.8964843 1.9520106 1.3021164 1.5583907 1.8746100 1.8333128 2.0503942 1.5141645 2.1856281 1.3576240 1.9247147 2.0521915 0.0000000 2.0526887 2.0381775 2.4558901 2.5884226 2.3534882 2.7598948 
yHAB164_Kazachstania_aerobia                2.6993478 2.1805851 1.9493636 2.3568201 2.8115974 3.3953006 2.7489119 2.7741374 2.4234201 2.3663298 6.7512177 2.2804238 2.2246179 2.3121653 2.3000773 2.2490959 2.2319079 2.2854834 3.0325897 2.3502827 2.2699725 1.9118921 0.7176493 1.9417654 1.5579435 0.9680211 1.6173982 2.2287917 2.1291287 1.8210651 2.1400380 2.3088440 0.2100822 2.0526887 0.0000000 1.6994978 2.3920771 2.6594092 2.4603177 3.0501562 
yHAB166_Kazachstania_yakushimaensis         2.8862541 2.2804149 2.3132008 2.4311263 2.8529952 3.4349835 2.9345848 3.0826639 2.6114278 2.2597134 7.6575003 2.4605727 2.4476007 2.5051869 2.4737267 2.3917520 2.4260310 2.4723070 3.0024817 2.4540857 2.1872114 2.0519025 1.6787483 1.9824914 1.5629188 1.4803616 1.7290786 2.3928121 2.2395961 0.6057336 2.2024059 2.3647698 1.6381181 2.0381775 1.6994978 0.0000000 2.4647993 3.2577575 2.5633501 3.4718426 
yHMPu5000034875_Tetrapisispora_fleetii      2.9384513 2.6840097 3.0678969 2.5186955 2.8506809 3.6535943 2.7895648 2.8348340 2.5181998 2.1744009 6.7863935 2.4982879 2.5886344 2.5000526 2.5523657 2.6518447 2.5726335 2.4661620 2.9017288 0.6260227 2.0375664 2.5468422 2.4451702 2.4437694 2.1930842 2.1549971 2.5630633 2.6826541 2.4308332 2.4825635 2.4182458 2.7562288 2.4674703 2.4558901 2.3920771 2.4647993 0.0000000 1.1731089 0.3386400 2.7483946 
yHMPu5000034876_Tetrapisispora_iriomotensis 3.3809811 2.8589185 2.9427583 2.6887766 2.8878620 3.6598917 3.1036322 2.9612045 2.5394137 2.2507674 6.4879981 2.6029114 2.5791244 2.6278454 2.6102501 2.6269279 2.5929767 2.4871597 3.3844062 1.0979213 2.1020331 2.5474100 2.6430711 2.6012034 2.4989568 2.4024244 2.7811541 3.0462510 2.5942698 3.1530292 2.8176848 2.8614322 2.6756146 2.5884226 2.6594092 3.2577575 1.1731089 0.0000000 1.1861984 3.3405267 
yHMPu5000034877_Tetrapisispora_namnaonensis 2.8846753 2.7693646 2.6844068 2.4729129 2.7301817 3.5184513 2.6943386 2.6190586 2.5622274 2.2483408 7.0316370 2.4348936 2.4819505 2.4011801 2.5227700 2.5596856 2.4438111 2.3786568 2.9090284 0.6161310 2.0061419 2.3843926 2.5268079 2.4249326 2.1951194 2.2538253 2.4493289 2.6146830 2.4714046 2.6478550 2.3500414 2.7731580 2.5456627 2.3534882 2.4603177 2.5633501 0.3386400 1.1861984 0.0000000 2.8339373 
yHMPu5000035629_Yueomyces_sinensis          3.5491792 3.1443256 3.4929278 2.9544194 3.6327445 3.6033972 3.5159249 3.5264024 3.0183607 2.8359918 7.5770922 3.0677455 3.2589243 3.1602506 3.2196351 3.2406563 3.1713780 3.1231772 2.0452941 2.8157549 2.7035592 3.1574105 3.0493723 2.8295518 2.7834533 2.5818618 2.9086315 3.3033128 3.0925431 3.3447515 2.8724978 3.2067974 3.2401324 2.7598948 3.0501562 3.4718426 2.7483946 3.3405267 2.8339373 0.0000000 
