40
Candida_glabrata                            0.0000000 1.5584166 1.4798123 1.4112726 0.8248432 1.6606396 0.8511065 0.7558222 1.1484012 1.1905279 4.3237144 1.1152845 1.0813017 1.1094808 1.1096046 1.0565755 1.0381771 1.0682794 1.2496428 1.5234245 1.3045060 1.1236847 1.1099404 1.2278011 1.0890338 1.2289516 1.6254107 1.5359712 1.1764808 1.3486163 1.1044130 1.1310229 1.0684859 1.1571311 1.1259515 1.4947231 1.4974428 1.4250851 1.4925340 1.5440337 
Kazachstania_africana                       1.5584166 0.0000000 1.2485386 1.6473053 1.4681007 1.8859102 1.5008160 1.2394141 1.0784385 1.1697292 3.8906037 1.2108668 1.2246817 1.2539544 1.2138285 1.2544139 1.2277514 1.2052890 1.4583626 1.6801060 1.5695689 1.2039851 1.0039118 1.2645649 1.1685933 1.0194223 1.5387378 1.4960183 1.2048949 1.1759574 1.1791380 1.1188166 1.0392352 1.2179421 1.0699962 1.6245654 1.5917837 1.4884812 1.6094378 1.5479957 
Kazachstania_naganishii                     1.4798123 1.2485386 0.0000000 1.7050759 1.4196737 1.7883711 1.4341404 1.3091314 1.0361256 1.0439536 3.7295600 1.2465850 1.1949372 1.2231870 1.2066019 1.1974434 1.2651716 1.1632802 1.4932530 1.6148639 1.4562746 1.1162545 0.9991488 1.3184594 1.1220201 0.9999720 0.8491325 1.4464615 1.3300255 1.0010346 1.3417487 1.3343332 0.9952358 1.3033627 1.0317843 1.5019357 1.7381128 1.4466553 1.6973422 1.6823859 
Nakaseomyces_bacillisporus                  1.4112726 1.6473053 1.7050759 0.0000000 1.6261217 1.8196247 1.6056029 1.4501856 1.3946744 1.4648011 4.4090358 1.3618688 1.3141872 1.2787476 1.3672606 1.3029575 1.2851094 1.2512918 1.5676968 1.7062081 1.4594852 1.4947708 1.3147721 1.5441050 1.2697089 1.2590851 1.9723896 1.6150085 1.4601262 1.5115074 1.6202734 1.4224502 1.2495580 1.4860274 1.3142273 1.7557148 1.5983207 1.7804123 1.7073106 1.6647247 
Nakaseomyces_bracarensis                    0.8248432 1.4681007 1.4196737 1.6261217 0.0000000 1.5594721 0.5114407 0.4821705 1.1733336 1.1148368 4.2068521 1.1041126 1.0533456 1.0961341 1.1077308 1.1109693 1.0710075 1.1177343 1.4231482 1.4814611 1.3661934 1.1324213 1.0783060 1.2737452 1.1943532 1.0871704 1.5832163 1.4643152 1.3134300 1.1774750 1.1861310 1.1913601 1.0979912 1.3720389 1.1088286 1.5636295 1.6038825 1.2676497 1.4994972 1.5968694 
Nakaseomyces_castellii                      1.6606396 1.8859102 1.7883711 1.8196247 1.5594721 0.0000000 1.5055016 1.6482292 1.6832682 1.7240255 4.7311876 1.7359185 1.6235265 1.7435262 1.7314147 1.6660136 1.6423953 1.6514027 1.9333952 1.8118740 1.7961052 1.7301433 1.4471804 1.9383967 1.6024702 1.6033242 2.0239247 1.8917936 1.7400611 1.5959900 1.8196514 1.7185788 1.5100572 1.8846860 1.5151251 1.8239523 1.9209548 1.7596245 1.8982662 2.1281249 
Nakaseomyces_delphensis                     0.8511065 1.5008160 1.4341404 1.6056029 0.5114407 1.5055016 0.0000000 0.5036266 1.2069230 1.1225127 4.0341452 1.0449145 1.0057969 1.0378315 1.0646451 1.0444457 0.9551021 1.0232769 1.2950283 1.4168123 1.2530067 1.1508925 1.0112582 1.2156050 1.2002470 1.0093439 1.6294371 1.6217653 1.2505531 1.1970152 1.2743335 1.1023792 1.0561618 1.2734043 1.0757763 1.4136697 1.5093467 1.3689751 1.5280615 1.5836974 
Nakaseomyces_nivariensis                    0.7558222 1.2394141 1.3091314 1.4501856 0.4821705 1.6482292 0.5036266 0.0000000 1.1151435 1.0382521 3.9838676 0.9105945 0.9687491 0.9771555 0.9498226 0.9777088 0.9548182 0.9728692 1.2826196 1.4153181 1.1752464 1.0099841 1.0036464 1.1431220 1.0813301 1.0851921 1.6377636 1.3189500 1.1951551 1.1534540 1.1446606 1.0840282 1.0492346 1.1207743 1.0617338 1.2900618 1.4163886 1.2120068 1.4638433 1.5432218 
Naumovozyma_castellii                       1.1484012 1.0784385 1.0361256 1.3946744 1.1733336 1.6832682 1.2069230 1.1151435 0.0000000 0.6898694 3.8178190 0.9958562 1.0061618 0.9776159 0.9582805 1.0232825 1.0130261 0.9369880 1.0130917 1.2665969 1.0689773 0.8071657 0.8167567 0.9993559 0.8360026 0.7905789 1.2690874 1.1609244 1.0892470 1.0047165 0.9801029 0.9861688 0.8668012 0.8910435 0.8756191 1.2240291 1.2936799 1.1890530 1.2761309 1.1477647 
Naumovozyma_dairenensis                     1.1905279 1.1697292 1.0439536 1.4648011 1.1148368 1.7240255 1.1225127 1.0382521 0.6898694 0.0000000 4.3758676 1.0392211 1.1428819 1.0553471 1.0895811 1.0707026 1.1048259 1.1026726 1.0902021 1.4077452 1.0607958 0.9195177 0.7816161 1.0052432 0.8564642 0.8362799 1.2591797 1.2701783 1.1581909 1.0930128 1.0670113 1.0895711 0.8244398 0.9824285 0.8433168 1.3655111 1.4106881 1.2024506 1.4162636 1.3208767 
Neurospora_crassa                           4.3237144 3.8906037 3.7295600 4.4090358 4.2068521 4.7311876 4.0341452 3.9838676 3.8178190 4.3758676 0.0000000 4.0541948 4.0237113 3.9230012 4.1389186 4.0896809 4.0118978 3.9373239 4.0472150 4.4058389 4.1798053 3.7338459 4.0704721 4.4503617 3.5881059 4.1213380 3.5636820 3.9132819 4.1554868 3.9255478 4.8394483 4.2998334 3.9663273 4.3222186 3.9660150 4.3619062 3.8678160 4.0519476 4.2487779 4.1918252 
Saccharomyces_arboricola                    1.1152845 1.2108668 1.2465850 1.3618688 1.1041126 1.7359185 1.0449145 0.9105945 0.9958562 1.0392211 4.0541948 0.0000000 0.3696625 0.2925359 0.2543306 0.3093271 0.3166192 0.2587165 1.2276254 1.3413514 1.1938548 1.0520253 0.9585875 1.1673111 0.9935795 0.9972665 1.6272325 1.2784919 1.0506334 1.0289880 1.1252402 1.0112135 1.1274227 1.1709605 1.0815916 1.2989471 1.4235751 1.3457836 1.4920249 1.5333292 
Saccharomyces_cerevisiae                    1.0813017 1.2246817 1.1949372 1.3141872 1.0533456 1.6235265 1.0057969 0.9687491 1.0061618 1.1428819 4.0237113 0.3696625 0.0000000 0.3590506 0.3553831 0.2470807 0.1507628 0.3512089 1.1718181 1.2993296 1.1776174 0.9679905 0.9441036 1.1650717 0.9564212 0.9986918 1.5872433 1.3035295 0.9908975 1.0389117 1.1029355 1.0267147 1.0975140 1.1650480 1.0877444 1.3142971 1.4088610 1.3326371 1.3365100 1.4768944 
Saccharomyces_eubayanus                     1.1094808 1.2539544 1.2231870 1.2787476 1.0961341 1.7435262 1.0378315 0.9771555 0.9776159 1.0553471 3.9230012 0.2925359 0.3590506 0.0000000 0.2634664 0.3704888 0.3547848 0.1077583 1.1922336 1.3627237 1.1608009 1.0568888 0.9373095 1.1616984 0.9800820 0.9407802 1.4500834 1.2039620 1.0491073 1.0275342 1.0785760 1.0014126 1.0840625 1.1157489 1.0433099 1.3436081 1.4539153 1.3528630 1.4840024 1.5559860 
Saccharomyces_kudriavzevii                  1.1096046 1.2138285 1.2066019 1.3672606 1.1077308 1.7314147 1.0646451 0.9498226 0.9582805 1.0895811 4.1389186 0.2543306 0.3553831 0.2634664 0.0000000 0.2956686 0.3102801 0.2371777 1.2295190 1.3927381 1.2029521 1.0958023 0.9643783 1.1559015 0.9978256 0.9739078 1.5767513 1.2859567 1.0448315 1.0460921 1.0901563 1.0434463 1.1672323 1.1526289 1.0862209 1.2774695 1.4558948 1.3622339 1.4785195 1.5616455 
Saccharomyces_mikatae                       1.0565755 1.2544139 1.1974434 1.3029575 1.1109693 1.6660136 1.0444457 0.9777088 1.0232825 1.0707026 4.0896809 0.3093271 0.2470807 0.3704888 0.2956686 0.0000000 0.1879633 0.3345532 1.2315791 1.3196382 1.1832926 1.0129436 0.9120543 1.1021599 0.9769719 0.9779234 1.5473931 1.1733229 1.0284230 1.0283406 1.0712902 1.0821929 1.0275007 1.1341115 1.0181382 1.2635097 1.3588929 1.3735155 1.4004263 1.5439658 
Saccharomyces_paradoxus                     1.0381771 1.2277514 1.2651716 1.2851094 1.0710075 1.6423953 0.9551021 0.9548182 1.0130261 1.1048259 4.0118978 0.3166192 0.1507628 0.3547848 0.3102801 0.1879633 0.0000000 0.3281903 1.1971364 1.2781548 1.1797896 1.0290870 0.9182963 1.1219646 0.9401113 0.9825836 1.5727000 1.2581553 1.0199741 1.0229371 1.0656769 1.0493267 1.0434126 1.1152696 1.0128335 1.2095583 1.4399548 1.2986896 1.4044953 1.5390122 
Saccharomyces_uvarum                        1.0682794 1.2052890 1.1632802 1.2512918 1.1177343 1.6514027 1.0232769 0.9728692 0.9369880 1.1026726 3.9373239 0.2587165 0.3512089 0.1077583 0.2371777 0.3345532 0.3281903 0.0000000 1.1819066 1.3355005 1.1954311 1.0196156 0.9260585 1.1206203 0.9410213 0.9454187 1.5226933 1.2335001 1.0200445 0.9922817 1.0919089 0.9884669 1.0678966 1.0733330 1.0401989 1.2947490 1.4640842 1.3599724 1.4718912 1.5624788 
Tetrapisispora_blattae                      1.2496428 1.4583626 1.4932530 1.5676968 1.4231482 1.9333952 1.2950283 1.2826196 1.0130917 1.0902021 4.0472150 1.2276254 1.1718181 1.1922336 1.2295190 1.2315791 1.1971364 1.1819066 0.0000000 1.1511401 1.0131290 1.0021911 0.9816219 1.1216854 0.8652891 0.9697547 1.8786893 1.3900402 1.3346867 1.2241365 1.1814595 1.1259704 1.0812005 1.1789255 1.0741250 1.4504036 1.1178040 1.1597151 1.0845461 0.7831338 
Tetrapisispora_phaffii                      1.5234245 1.6801060 1.6148639 1.7062081 1.4814611 1.8118740 1.4168123 1.4153181 1.2665969 1.4077452 4.4058389 1.3413514 1.2993296 1.3627237 1.3927381 1.3196382 1.2781548 1.3355005 1.1511401 0.0000000 1.0607459 1.2911596 1.2777889 1.4454660 1.1797092 1.2997190 1.8600620 1.7137644 1.4994184 1.4311753 1.7065011 1.3803028 1.3509479 1.3491808 1.3689886 1.6404068 0.6139449 0.8144136 0.6090832 1.3940653 
Vanderwaltozyma_polyspora                   1.3045060 1.5695689 1.4562746 1.4594852 1.3661934 1.7961052 1.2530067 1.1752464 1.0689773 1.0607958 4.1798053 1.1938548 1.1776174 1.1608009 1.2029521 1.1832926 1.1797896 1.1954311 1.0131290 1.0607459 0.0000000 1.0993820 0.9567691 1.2854508 1.0596001 1.0483762 1.8759745 1.3971031 1.2012265 1.2258037 1.3476758 1.1883112 1.0508246 1.2608411 1.0137797 1.3624244 1.0946751 1.0634204 1.0770944 1.1270499 
yHAB132_Kazachstania_martiniae              1.1236847 1.2039851 1.1162545 1.4947708 1.1324213 1.7301433 1.1508925 1.0099841 0.8071657 0.9195177 3.7338459 1.0520253 0.9679905 1.0568888 1.0958023 1.0129436 1.0290870 1.0196156 1.0021911 1.2911596 1.0993820 0.0000000 0.7667266 0.9660593 0.7957264 0.7775723 1.3709894 1.3591864 1.0025772 0.9901827 0.9594772 0.8787420 0.8122968 0.9635303 0.8162685 1.1857051 1.3818009 1.1532111 1.3531801 1.2258307 
yHAB133_Kazachstania_unispora               1.1099404 1.0039118 0.9991488 1.3147721 1.0783060 1.4471804 1.0112582 1.0036464 0.8167567 0.7816161 4.0704721 0.9585875 0.9441036 0.9373095 0.9643783 0.9120543 0.9182963 0.9260585 0.9816219 1.2777889 0.9567691 0.7667266 0.0000000 0.7753918 0.5997545 0.2783186 1.1972478 1.2177361 1.0561753 0.7440609 0.8666511 0.8376908 0.2522698 0.8844324 0.2210933 0.9460611 1.3771626 1.2567227 1.2254715 1.2347839 
yHAB134_Kazachstania_turicensis             1.2278011 1.2645649 1.3184594 1.5441050 1.2737452 1.9383967 1.2156050 1.1431220 0.9993559 1.0052432 4.4503617 1.1673111 1.1650717 1.1616984 1.1559015 1.1021599 1.1219646 1.1206203 1.1216854 1.4454660 1.2854508 0.9660593 0.7753918 0.0000000 0.9495310 0.7988698 1.4925742 1.3761655 1.0107483 1.0748530 0.7979929 0.9511742 0.9182862 0.6059478 0.8461220 1.3322943 1.3947594 1.3002581 1.3778610 1.3390912 
yHAB136_Kazachstania_bromeliacearum         1.0890338 1.1685933 1.1220201 1.2697089 1.1943532 1.6024702 1.2002470 1.0813301 0.8360026 0.8564642 3.5881059 0.9935795 0.9564212 0.9800820 0.9978256 0.9769719 0.9401113 0.9410213 0.8652891 1.1797092 1.0596001 0.7957264 0.5997545 0.9495310 0.0000000 0.6562863 1.3687720 1.2535556 1.0850984 0.9210579 0.9969655 1.0165603 0.6336433 0.9205633 0.6364454 1.1345711 1.1065843 1.1137649 1.1490221 1.2739353 
yHAB143_Kazachstania_siamensis              1.2289516 1.0194223 0.9999720 1.2590851 1.0871704 1.6033242 1.0093439 1.0851921 0.7905789 0.8362799 4.1213380 0.9972665 0.9986918 0.9407802 0.9739078 0.9779234 0.9825836 0.9454187 0.9697547 1.2997190 1.0483762 0.7775723 0.2783186 0.7988698 0.6562863 0.0000000 1.0835957 1.3360622 1.1303962 0.7797298 0.9864083 0.9800302 0.3725011 0.9211601 0.3212297 1.0873882 1.3487285 1.1488492 1.2160720 1.2672764 
yHAB147_Kazachstania_taianensis             1.6254107 1.5387378 0.8491325 1.9723896 1.5832163 2.0239247 1.6294371 1.6377636 1.2690874 1.2591797 3.5636820 1.6272325 1.5872433 1.4500834 1.5767513 1.5473931 1.5727000 1.5226933 1.8786893 1.8600620 1.8759745 1.3709894 1.1972478 1.4925742 1.3687720 1.0835957 0.0000000 1.7292158 1.4710214 1.3725777 1.4932391 1.5942893 1.0553445 1.5232774 1.1226083 2.0206322 1.9939069 1.7371212 2.0480422 1.9093423 
yHAB148_Kazachstania_intestinalis           1.5359712 1.4960183 1.4464615 1.6150085 1.4643152 1.8917936 1.6217653 1.3189500 1.1609244 1.2701783 3.9132819 1.2784919 1.3035295 1.2039620 1.2859567 1.1733229 1.2581553 1.2335001 1.3900402 1.7137644 1.3971031 1.3591864 1.2177361 1.3761655 1.2535556 1.3360622 1.7292158 0.0000000 1.4947163 1.2198926 1.3641387 1.2421593 1.3157497 1.3187166 1.2807761 1.5075608 1.5767969 1.5780752 1.5776842 1.5139212 
yHAB153_Kazachstania_rosinii                1.1764808 1.2048949 1.3300255 1.4601262 1.3134300 1.7400611 1.2505531 1.1951551 1.0892470 1.1581909 4.1554868 1.0506334 0.9908975 1.0491073 1.0448315 1.0284230 1.0199741 1.0200445 1.3346867 1.4994184 1.2012265 1.0025772 1.0561753 1.0107483 1.0850984 1.1303962 1.4710214 1.4947163 0.0000000 1.1216399 0.9014590 1.0148664 1.1406191 0.9140698 1.1006803 1.2266540 1.4609124 1.4112236 1.5104022 1.5724163 
yHAB154_Kazachstania_transvaalensis         1.3486163 1.1759574 1.0010346 1.5115074 1.1774750 1.5959900 1.1970152 1.1534540 1.0047165 1.0930128 3.9255478 1.0289880 1.0389117 1.0275342 1.0460921 1.0283406 1.0229371 0.9922817 1.2241365 1.4311753 1.2258037 0.9901827 0.7440609 1.0748530 0.9210579 0.7797298 1.3725777 1.2198926 1.1216399 0.0000000 1.1455551 1.1285098 0.8197701 1.1143624 0.8301178 0.6749020 1.4703147 1.4399791 1.3930000 1.4355629 
yHAB155_Kazachstania_spencerorum            1.1044130 1.1791380 1.3417487 1.6202734 1.1861310 1.8196514 1.2743335 1.1446606 0.9801029 1.0670113 4.8394483 1.1252402 1.1029355 1.0785760 1.0901563 1.0712902 1.0656769 1.0919089 1.1814595 1.7065011 1.3476758 0.9594772 0.8666511 0.7979929 0.9969655 0.9864083 1.4932391 1.3641387 0.9014590 1.1455551 0.0000000 0.8989767 1.0072383 0.7701223 1.0031956 1.5091872 1.5693660 1.2775913 1.5381017 1.5047506 
yHAB158_Kazachstania_viticola               1.1310229 1.1188166 1.3343332 1.4224502 1.1913601 1.7185788 1.1023792 1.0840282 0.9861688 1.0895711 4.2998334 1.0112135 1.0267147 1.0014126 1.0434463 1.0821929 1.0493267 0.9884669 1.1259704 1.3803028 1.1883112 0.8787420 0.8376908 0.9511742 1.0165603 0.9800302 1.5942893 1.2421593 1.0148664 1.1285098 0.8989767 0.0000000 0.8926576 0.8979504 0.9344751 1.1577079 1.4109889 1.3221837 1.3006349 1.3657753 
yHAB159_Kazachstania_solicola               1.0684859 1.0392352 0.9952358 1.2495580 1.0979912 1.5100572 1.0561618 1.0492346 0.8668012 0.8244398 3.9663273 1.1274227 1.0975140 1.0840625 1.1672323 1.0275007 1.0434126 1.0678966 1.0812005 1.3509479 1.0508246 0.8122968 0.2522698 0.9182862 0.6336433 0.3725011 1.0553445 1.3157497 1.1406191 0.8197701 1.0072383 0.8926576 0.0000000 0.9359959 0.1068686 1.1058670 1.3682979 1.3445618 1.2928451 1.2964327 
yHAB160_Kazachstania_kunashirensis          1.1571311 1.2179421 1.3033627 1.4860274 1.3720389 1.8846860 1.2734043 1.1207743 0.8910435 0.9824285 4.3222186 1.1709605 1.1650480 1.1157489 1.1526289 1.1341115 1.1152696 1.0733330 1.1789255 1.3491808 1.2608411 0.9635303 0.8844324 0.6059478 0.9205633 0.9211601 1.5232774 1.3187166 0.9140698 1.1143624 0.7701223 0.8979504 0.9359959 0.0000000 0.9427372 1.1904719 1.3775242 1.2424692 1.3507495 1.3773924 
yHAB164_Kazachstania_aerobia                1.1259515 1.0699962 1.0317843 1.3142273 1.1088286 1.5151251 1.0757763 1.0617338 0.8756191 0.8433168 3.9660150 1.0815916 1.0877444 1.0433099 1.0862209 1.0181382 1.0128335 1.0401989 1.0741250 1.3689886 1.0137797 0.8162685 0.2210933 0.8461220 0.6364454 0.3212297 1.1226083 1.2807761 1.1006803 0.8301178 1.0031956 0.9344751 0.1068686 0.9427372 0.0000000 1.0723375 1.3690448 1.3095544 1.2854339 1.3000789 
yHAB166_Kazachstania_yakushimaensis         1.4947231 1.6245654 1.5019357 1.7557148 1.5636295 1.8239523 1.4136697 1.2900618 1.2240291 1.3655111 4.3619062 1.2989471 1.3142971 1.3436081 1.2774695 1.2635097 1.2095583 1.2947490 1.4504036 1.6404068 1.3624244 1.1857051 0.9460611 1.3322943 1.1345711 1.0873882 2.0206322 1.5075608 1.2266540 0.6749020 1.5091872 1.1577079 1.1058670 1.1904719 1.0723375 0.0000000 1.8445558 1.6311809 1.8460762 1.7287787 
yHMPu5000034875_Tetrapisispora_fleetii      1.4974428 1.5917837 1.7381128 1.5983207 1.6038825 1.9209548 1.5093467 1.4163886 1.2936799 1.4106881 3.8678160 1.4235751 1.4088610 1.4539153 1.4558948 1.3588929 1.4399548 1.4640842 1.1178040 0.6139449 1.0946751 1.3818009 1.3771626 1.3947594 1.1065843 1.3487285 1.9939069 1.5767969 1.4609124 1.4703147 1.5693660 1.4109889 1.3682979 1.3775242 1.3690448 1.8445558 0.0000000 0.8787688 0.2908794 1.2437451 
yHMPu5000034876_Tetrapisispora_iriomotensis 1.4250851 1.4884812 1.4466553 1.7804123 1.2676497 1.7596245 1.3689751 1.2120068 1.1890530 1.2024506 4.0519476 1.3457836 1.3326371 1.3528630 1.3622339 1.3735155 1.2986896 1.3599724 1.1597151 0.8144136 1.0634204 1.1532111 1.2567227 1.3002581 1.1137649 1.1488492 1.7371212 1.5780752 1.4112236 1.4399791 1.2775913 1.3221837 1.3445618 1.2424692 1.3095544 1.6311809 0.8787688 0.0000000 0.7790139 1.3005220 
yHMPu5000034877_Tetrapisispora_namnaonensis 1.4925340 1.6094378 1.6973422 1.7073106 1.4994972 1.8982662 1.5280615 1.4638433 1.2761309 1.4162636 4.2487779 1.4920249 1.3365100 1.4840024 1.4785195 1.4004263 1.4044953 1.4718912 1.0845461 0.6090832 1.0770944 1.3531801 1.2254715 1.3778610 1.1490221 1.2160720 2.0480422 1.5776842 1.5104022 1.3930000 1.5381017 1.3006349 1.2928451 1.3507495 1.2854339 1.8460762 0.2908794 0.7790139 0.0000000 1.3157245 
yHMPu5000035629_Yueomyces_sinensis          1.5440337 1.5479957 1.6823859 1.6647247 1.5968694 2.1281249 1.5836974 1.5432218 1.1477647 1.3208767 4.1918252 1.5333292 1.4768944 1.5559860 1.5616455 1.5439658 1.5390122 1.5624788 0.7831338 1.3940653 1.1270499 1.2258307 1.2347839 1.3390912 1.2739353 1.2672764 1.9093423 1.5139212 1.5724163 1.4355629 1.5047506 1.3657753 1.2964327 1.3773924 1.3000789 1.7287787 1.2437451 1.3005220 1.3157245 0.0000000 
