40
Candida_glabrata                            0.0000000 0.2512043 0.2755175 0.2857971 0.1871757 0.5002510 0.2288240 0.1700420 0.2630478 0.3365108 1.1497279 0.2838232 0.2858373 0.2488699 0.2796911 0.2886442 0.2674306 0.2445726 0.2853277 0.2691487 0.3099560 0.2492798 0.2143957 0.1915591 0.2173761 0.2450821 0.2499095 0.2921010 0.1891044 0.3044633 0.2307458 0.2419649 0.2153712 0.2298460 0.2173095 0.2638516 0.2777394 0.2458308 0.2975389 0.2603337 
Kazachstania_africana                       0.2512043 0.0000000 0.3067171 0.2930389 0.2770377 0.5486084 0.3264522 0.2913619 0.1963771 0.2208844 1.2688857 0.1982418 0.1954286 0.1826567 0.2207046 0.2099375 0.2065175 0.1947415 0.2171259 0.2153514 0.2052322 0.1704379 0.1554920 0.1625517 0.1705143 0.1768076 0.2405716 0.3319926 0.2115368 0.1803526 0.1919577 0.1610684 0.1768162 0.1703007 0.1670952 0.1578503 0.2338975 0.2133389 0.2180972 0.2126475 
Kazachstania_naganishii                     0.2755175 0.3067171 0.0000000 0.3501626 0.2788257 0.6213624 0.3048856 0.2798597 0.3196076 0.3337304 1.1443550 0.2901589 0.2877548 0.2548218 0.2802811 0.3087043 0.3105084 0.2512524 0.3260954 0.2918879 0.3083463 0.2641234 0.2244454 0.2488220 0.2518389 0.2631519 0.2842260 0.3195774 0.2642750 0.3277871 0.2759128 0.2998214 0.2428461 0.2702144 0.2450841 0.2757601 0.3031321 0.2583613 0.3106108 0.3169876 
Nakaseomyces_bacillisporus                  0.2857971 0.2930389 0.3501626 0.0000000 0.3126124 0.6141670 0.3718688 0.2861808 0.2768680 0.3439667 1.3184596 0.2699926 0.2757946 0.2727876 0.2887979 0.2997889 0.2798576 0.2661806 0.2935016 0.3088477 0.2831325 0.2869660 0.2402981 0.2493544 0.2553337 0.2598803 0.3007248 0.3693106 0.2474097 0.2814368 0.2675228 0.2698584 0.2521031 0.2671954 0.2330403 0.2895418 0.2956795 0.2867371 0.3119572 0.2981952 
Nakaseomyces_bracarensis                    0.1871757 0.2770377 0.2788257 0.3126124 0.0000000 0.5199109 0.1356136 0.0932139 0.2465440 0.3383451 1.1489409 0.2765189 0.2774344 0.2617254 0.2566325 0.2742561 0.2613199 0.2607802 0.3006810 0.2520574 0.2948475 0.2383291 0.2164660 0.2191094 0.2206574 0.2588919 0.2252229 0.3267893 0.2057591 0.3201463 0.2367176 0.2505360 0.2237973 0.2392400 0.2239552 0.2762379 0.3085435 0.2491201 0.2831203 0.2560766 
Nakaseomyces_castellii                      0.5002510 0.5486084 0.6213624 0.6141670 0.5199109 0.0000000 0.5493184 0.5383067 0.5443199 0.6877658 1.2939933 0.5673436 0.6018228 0.5540982 0.5835150 0.5669456 0.6005792 0.5561233 0.5873223 0.6264982 0.5816918 0.5597410 0.5717279 0.5328823 0.5464544 0.5873065 0.5933142 0.5782824 0.5325328 0.5709328 0.5475111 0.5526979 0.5597749 0.5568315 0.5734092 0.5626378 0.6598434 0.5657213 0.6013830 0.6225102 
Nakaseomyces_delphensis                     0.2288240 0.3264522 0.3048856 0.3718688 0.1356136 0.5493184 0.0000000 0.1174003 0.3062429 0.3817352 1.2188971 0.3371056 0.3369141 0.3071713 0.3346169 0.3220960 0.3287353 0.3218174 0.3620733 0.3167905 0.3481049 0.2832385 0.2671297 0.2600115 0.2859068 0.2948998 0.3126151 0.3348846 0.2619278 0.3493424 0.3072289 0.2854280 0.2736587 0.2956496 0.2783516 0.3293086 0.3725467 0.3165358 0.3762265 0.3269885 
Nakaseomyces_nivariensis                    0.1700420 0.2913619 0.2798597 0.2861808 0.0932139 0.5383067 0.1174003 0.0000000 0.2556026 0.3529491 1.1220604 0.2903734 0.2930492 0.2687328 0.2808142 0.2869373 0.2910763 0.2747987 0.3048249 0.2789834 0.3098488 0.2658999 0.2439702 0.2261092 0.2409931 0.2584647 0.2395844 0.3070992 0.2246316 0.3322395 0.2470710 0.2535878 0.2403905 0.2598286 0.2407898 0.2909272 0.3226336 0.2791812 0.3243689 0.2822419 
Naumovozyma_castellii                       0.2630478 0.1963771 0.3196076 0.2768680 0.2465440 0.5443199 0.3062429 0.2556026 0.0000000 0.2071793 1.3231037 0.1908905 0.2091882 0.1865343 0.2024313 0.2078587 0.2007847 0.2025053 0.1905872 0.2110842 0.1934072 0.1862691 0.1592365 0.1656621 0.1718564 0.1839234 0.2436625 0.3062553 0.1994207 0.1798081 0.1614953 0.1898700 0.1690618 0.1746903 0.1612071 0.1644011 0.2028598 0.1980990 0.2355581 0.1971552 
Naumovozyma_dairenensis                     0.3365108 0.2208844 0.3337304 0.3439667 0.3383451 0.6877658 0.3817352 0.3529491 0.2071793 0.0000000 1.6099025 0.2177611 0.2424943 0.2266025 0.2548492 0.2689076 0.2479849 0.2258551 0.2440925 0.2485587 0.2420952 0.2315767 0.1688081 0.1775515 0.1999962 0.1949744 0.2702311 0.3723879 0.2655916 0.1881344 0.2113306 0.1910457 0.1871282 0.1901372 0.1747993 0.1634850 0.2268408 0.2513032 0.2748390 0.2160482 
Neurospora_crassa                           1.1497279 1.2688857 1.1443550 1.3184596 1.1489409 1.2939933 1.2188971 1.1220604 1.3231037 1.6099025 0.0000000 1.3225701 1.2633352 1.2026118 1.1957191 1.2045326 1.2754697 1.1858190 1.3790946 1.3097994 1.3760161 1.2364544 1.1387080 1.1792710 1.2557009 1.2508276 1.1729062 1.5059207 1.1301178 1.3300171 1.2704536 1.2865658 1.1576753 1.3095604 1.1975301 1.2893879 1.2983580 1.3383662 1.2768499 1.2780797 
Saccharomyces_arboricola                    0.2838232 0.1982418 0.2901589 0.2699926 0.2765189 0.5673436 0.3371056 0.2903734 0.1908905 0.2177611 1.3225701 0.0000000 0.1072351 0.1149941 0.1055901 0.1334516 0.1049950 0.1276060 0.2266040 0.2355227 0.2185590 0.2027455 0.1602573 0.1733102 0.1566817 0.1908756 0.2166727 0.2861323 0.2097782 0.2031350 0.1743259 0.1774744 0.1754091 0.1723694 0.1750994 0.1664136 0.2125178 0.1892904 0.2085856 0.2093864 
Saccharomyces_cerevisiae                    0.2858373 0.1954286 0.2877548 0.2757946 0.2774344 0.6018228 0.3369141 0.2930492 0.2091882 0.2424943 1.2633352 0.1072351 0.0000000 0.1332362 0.1108856 0.1091733 0.0571002 0.1329443 0.2486748 0.2541433 0.2431083 0.2226506 0.1780382 0.1999151 0.1753534 0.1962803 0.2228596 0.3145957 0.2229168 0.2179544 0.1887407 0.2125202 0.1943251 0.2045658 0.1909079 0.1805712 0.2560190 0.2284901 0.2613312 0.2113803 
Saccharomyces_eubayanus                     0.2488699 0.1826567 0.2548218 0.2727876 0.2617254 0.5540982 0.3071713 0.2687328 0.1865343 0.2266025 1.2026118 0.1149941 0.1332362 0.0000000 0.1071442 0.1258308 0.1179949 0.0442498 0.2047059 0.2192493 0.2192295 0.1918488 0.1598446 0.1670885 0.1398362 0.1816263 0.1824741 0.2547892 0.1799307 0.2052714 0.1734064 0.1800823 0.1705056 0.1762385 0.1674287 0.1748314 0.2191025 0.1911184 0.2181256 0.1993315 
Saccharomyces_kudriavzevii                  0.2796911 0.2207046 0.2802811 0.2887979 0.2566325 0.5835150 0.3346169 0.2808142 0.2024313 0.2548492 1.1957191 0.1055901 0.1108856 0.1071442 0.0000000 0.1086805 0.1001113 0.1047295 0.2356818 0.2453245 0.2336273 0.2321236 0.1788693 0.2056767 0.1661454 0.2093401 0.2237725 0.3386012 0.2134319 0.2287717 0.1899560 0.1966948 0.1718406 0.1996225 0.1790824 0.1986630 0.2522042 0.2053762 0.2320522 0.2127326 
Saccharomyces_mikatae                       0.2886442 0.2099375 0.3087043 0.2997889 0.2742561 0.5669456 0.3220960 0.2869373 0.2078587 0.2689076 1.2045326 0.1334516 0.1091733 0.1258308 0.1086805 0.0000000 0.0936043 0.1238029 0.2361638 0.2565723 0.2367285 0.2245190 0.1683047 0.2048820 0.1722381 0.1905934 0.2213013 0.3081439 0.2390564 0.2236085 0.1855100 0.2097555 0.1842358 0.1987348 0.1868204 0.1962648 0.2272090 0.2181228 0.2424632 0.2172560 
Saccharomyces_paradoxus                     0.2674306 0.2065175 0.3105084 0.2798576 0.2613199 0.6005792 0.3287353 0.2910763 0.2007847 0.2479849 1.2754697 0.1049950 0.0571002 0.1179949 0.1001113 0.0936043 0.0000000 0.1262076 0.2491355 0.2481194 0.2581390 0.2271657 0.1706418 0.1944303 0.1643911 0.2047915 0.2032119 0.2864541 0.2202347 0.2177941 0.1869857 0.2110843 0.1843163 0.1948990 0.1859599 0.1953144 0.2328254 0.2272341 0.2502794 0.2091580 
Saccharomyces_uvarum                        0.2445726 0.1947415 0.2512524 0.2661806 0.2607802 0.5561233 0.3218174 0.2747987 0.2025053 0.2258551 1.1858190 0.1276060 0.1329443 0.0442498 0.1047295 0.1238029 0.1262076 0.0000000 0.2169203 0.2254465 0.2097346 0.2035311 0.1574760 0.1692604 0.1415075 0.1914208 0.2097176 0.2564295 0.1902424 0.2182405 0.1765567 0.1771783 0.1720790 0.1925971 0.1715400 0.1859302 0.2442442 0.2087859 0.2409217 0.2067634 
Tetrapisispora_blattae                      0.2853277 0.2171259 0.3260954 0.2935016 0.3006810 0.5873223 0.3620733 0.3048249 0.1905872 0.2440925 1.3790946 0.2266040 0.2486748 0.2047059 0.2356818 0.2361638 0.2491355 0.2169203 0.0000000 0.2192990 0.2173117 0.1978846 0.1602038 0.1627362 0.1648172 0.1842053 0.2499156 0.3264102 0.2106756 0.2028678 0.2222177 0.1961993 0.1743085 0.1914982 0.1705145 0.1773747 0.1839541 0.1742706 0.2046909 0.1674396 
Tetrapisispora_phaffii                      0.2691487 0.2153514 0.2918879 0.3088477 0.2520574 0.6264982 0.3167905 0.2789834 0.2110842 0.2485587 1.3097994 0.2355227 0.2541433 0.2192493 0.2453245 0.2565723 0.2481194 0.2254465 0.2192990 0.0000000 0.2039865 0.2167853 0.1658082 0.1894576 0.1964635 0.1947739 0.2368001 0.3097812 0.2013417 0.2146655 0.2019931 0.1974230 0.1756100 0.2005680 0.1764501 0.1993963 0.1142697 0.1417733 0.1434725 0.2172781 
Vanderwaltozyma_polyspora                   0.3099560 0.2052322 0.3083463 0.2831325 0.2948475 0.5816918 0.3481049 0.3098488 0.1934072 0.2420952 1.3760161 0.2185590 0.2431083 0.2192295 0.2336273 0.2367285 0.2581390 0.2097346 0.2173117 0.2039865 0.0000000 0.2413609 0.1742484 0.2238188 0.1912097 0.1866193 0.2678025 0.3085595 0.2706503 0.1891683 0.2063147 0.2088024 0.1693151 0.1996890 0.1777458 0.1919192 0.2141359 0.1871535 0.2284573 0.2165122 
yHAB132_Kazachstania_martiniae              0.2492798 0.1704379 0.2641234 0.2869660 0.2383291 0.5597410 0.2832385 0.2658999 0.1862691 0.2315767 1.2364544 0.2027455 0.2226506 0.1918488 0.2321236 0.2245190 0.2271657 0.2035311 0.1978846 0.2167853 0.2413609 0.0000000 0.1358142 0.1511599 0.1611337 0.1625788 0.2301056 0.3078578 0.1870904 0.1862742 0.1549832 0.1746366 0.1462389 0.1527642 0.1437338 0.1431171 0.2136131 0.1902690 0.2261361 0.2035684 
yHAB133_Kazachstania_unispora               0.2143957 0.1554920 0.2244454 0.2402981 0.2164660 0.5717279 0.2671297 0.2439702 0.1592365 0.1688081 1.1387080 0.1602573 0.1780382 0.1598446 0.1788693 0.1683047 0.1706418 0.1574760 0.1602038 0.1658082 0.1742484 0.1358142 0.0000000 0.1026020 0.1015468 0.0770776 0.1709938 0.2590274 0.1619594 0.1428965 0.1397856 0.1359159 0.0584748 0.1210655 0.0618543 0.1138592 0.1650614 0.1435259 0.1849749 0.1491164 
yHAB134_Kazachstania_turicensis             0.1915591 0.1625517 0.2488220 0.2493544 0.2191094 0.5328823 0.2600115 0.2261092 0.1656621 0.1775515 1.1792710 0.1733102 0.1999151 0.1670885 0.2056767 0.2048820 0.1944303 0.1692604 0.1627362 0.1894576 0.2238188 0.1511599 0.1026020 0.0000000 0.1328956 0.1422560 0.1922067 0.2821987 0.1569943 0.1645012 0.1583128 0.1388599 0.1209628 0.1158122 0.1205272 0.1252740 0.2061453 0.1693572 0.2300924 0.1530978 
yHAB136_Kazachstania_bromeliacearum         0.2173761 0.1705143 0.2518389 0.2553337 0.2206574 0.5464544 0.2859068 0.2409931 0.1718564 0.1999962 1.2557009 0.1566817 0.1753534 0.1398362 0.1661454 0.1722381 0.1643911 0.1415075 0.1648172 0.1964635 0.1912097 0.1611337 0.1015468 0.1328956 0.0000000 0.1352628 0.1552529 0.2590229 0.1599063 0.1836653 0.1457852 0.1515175 0.1016495 0.1375009 0.1029591 0.1411359 0.2040731 0.1490754 0.2185342 0.1600021 
yHAB143_Kazachstania_siamensis              0.2450821 0.1768076 0.2631519 0.2598803 0.2588919 0.5873065 0.2948998 0.2584647 0.1839234 0.1949744 1.2508276 0.1908756 0.1962803 0.1816263 0.2093401 0.1905934 0.2047915 0.1914208 0.1842053 0.1947739 0.1866193 0.1625788 0.0770776 0.1422560 0.1352628 0.0000000 0.1845676 0.3303054 0.2104838 0.1481254 0.1661350 0.1671746 0.0906135 0.1579151 0.0941826 0.1305602 0.1800492 0.1668281 0.2021626 0.1618882 
yHAB147_Kazachstania_taianensis             0.2499095 0.2405716 0.2842260 0.3007248 0.2252229 0.5933142 0.3126151 0.2395844 0.2436625 0.2702311 1.1729062 0.2166727 0.2228596 0.1824741 0.2237725 0.2213013 0.2032119 0.2097176 0.2499156 0.2368001 0.2678025 0.2301056 0.1709938 0.1922067 0.1552529 0.1845676 0.0000000 0.3279625 0.2051222 0.2650757 0.1979558 0.2266343 0.1744324 0.2067056 0.1762090 0.2156340 0.2430151 0.2067219 0.2383552 0.2391170 
yHAB148_Kazachstania_intestinalis           0.2921010 0.3319926 0.3195774 0.3693106 0.3267893 0.5782824 0.3348846 0.3070992 0.3062553 0.3723879 1.5059207 0.2861323 0.3145957 0.2547892 0.3386012 0.3081439 0.2864541 0.2564295 0.3264102 0.3097812 0.3085595 0.3078578 0.2590274 0.2821987 0.2590229 0.3303054 0.3279625 0.0000000 0.2338013 0.3474624 0.3075106 0.3113037 0.2969821 0.3044335 0.3063840 0.2997710 0.3109308 0.3093235 0.3179339 0.3169233 
yHAB153_Kazachstania_rosinii                0.1891044 0.2115368 0.2642750 0.2474097 0.2057591 0.5325328 0.2619278 0.2246316 0.1994207 0.2655916 1.1301178 0.2097782 0.2229168 0.1799307 0.2134319 0.2390564 0.2202347 0.1902424 0.2106756 0.2013417 0.2706503 0.1870904 0.1619594 0.1569943 0.1599063 0.2104838 0.2051222 0.2338013 0.0000000 0.2492359 0.1730193 0.1978626 0.1572109 0.1874118 0.1518267 0.2227630 0.2147288 0.2068121 0.2208576 0.2129640 
yHAB154_Kazachstania_transvaalensis         0.3044633 0.1803526 0.3277871 0.2814368 0.3201463 0.5709328 0.3493424 0.3322395 0.1798081 0.1881344 1.3300171 0.2031350 0.2179544 0.2052714 0.2287717 0.2236085 0.2177941 0.2182405 0.2028678 0.2146655 0.1891683 0.1862742 0.1428965 0.1645012 0.1836653 0.1481254 0.2650757 0.3474624 0.2492359 0.0000000 0.1790993 0.1580221 0.1606645 0.1444497 0.1555481 0.0801142 0.1989878 0.1897491 0.2308490 0.1997181 
yHAB155_Kazachstania_spencerorum            0.2307458 0.1919577 0.2759128 0.2675228 0.2367176 0.5475111 0.3072289 0.2470710 0.1614953 0.2113306 1.2704536 0.1743259 0.1887407 0.1734064 0.1899560 0.1855100 0.1869857 0.1765567 0.2222177 0.2019931 0.2063147 0.1549832 0.1397856 0.1583128 0.1457852 0.1661350 0.1979558 0.3075106 0.1730193 0.1790993 0.0000000 0.1782301 0.1251429 0.1462398 0.1321485 0.1490302 0.2026251 0.1728017 0.2249372 0.1799588 
yHAB158_Kazachstania_viticola               0.2419649 0.1610684 0.2998214 0.2698584 0.2505360 0.5526979 0.2854280 0.2535878 0.1898700 0.1910457 1.2865658 0.1774744 0.2125202 0.1800823 0.1966948 0.2097555 0.2110843 0.1771783 0.1961993 0.1974230 0.2088024 0.1746366 0.1359159 0.1388599 0.1515175 0.1671746 0.2266343 0.3113037 0.1978626 0.1580221 0.1782301 0.0000000 0.1531133 0.1400743 0.1493643 0.1279695 0.1831336 0.1852331 0.2171314 0.1802369 
yHAB159_Kazachstania_solicola               0.2153712 0.1768162 0.2428461 0.2521031 0.2237973 0.5597749 0.2736587 0.2403905 0.1690618 0.1871282 1.1576753 0.1754091 0.1943251 0.1705056 0.1718406 0.1842358 0.1843163 0.1720790 0.1743085 0.1756100 0.1693151 0.1462389 0.0584748 0.1209628 0.1016495 0.0906135 0.1744324 0.2969821 0.1572109 0.1606645 0.1251429 0.1531133 0.0000000 0.1525467 0.0339423 0.1354128 0.1879603 0.1423558 0.1997766 0.1631719 
yHAB160_Kazachstania_kunashirensis          0.2298460 0.1703007 0.2702144 0.2671954 0.2392400 0.5568315 0.2956496 0.2598286 0.1746903 0.1901372 1.3095604 0.1723694 0.2045658 0.1762385 0.1996225 0.1987348 0.1948990 0.1925971 0.1914982 0.2005680 0.1996890 0.1527642 0.1210655 0.1158122 0.1375009 0.1579151 0.2067056 0.3044335 0.1874118 0.1444497 0.1462398 0.1400743 0.1525467 0.0000000 0.1373569 0.1273746 0.2002095 0.1723171 0.2284254 0.1723400 
yHAB164_Kazachstania_aerobia                0.2173095 0.1670952 0.2450841 0.2330403 0.2239552 0.5734092 0.2783516 0.2407898 0.1612071 0.1747993 1.1975301 0.1750994 0.1909079 0.1674287 0.1790824 0.1868204 0.1859599 0.1715400 0.1705145 0.1764501 0.1777458 0.1437338 0.0618543 0.1205272 0.1029591 0.0941826 0.1762090 0.3063840 0.1518267 0.1555481 0.1321485 0.1493643 0.0339423 0.1373569 0.0000000 0.1266279 0.1774160 0.1526472 0.1934132 0.1422787 
yHAB166_Kazachstania_yakushimaensis         0.2638516 0.1578503 0.2757601 0.2895418 0.2762379 0.5626378 0.3293086 0.2909272 0.1644011 0.1634850 1.2893879 0.1664136 0.1805712 0.1748314 0.1986630 0.1962648 0.1953144 0.1859302 0.1773747 0.1993963 0.1919192 0.1431171 0.1138592 0.1252740 0.1411359 0.1305602 0.2156340 0.2997710 0.2227630 0.0801142 0.1490302 0.1279695 0.1354128 0.1273746 0.1266279 0.0000000 0.1883503 0.1637909 0.2040526 0.1706021 
yHMPu5000034875_Tetrapisispora_fleetii      0.2777394 0.2338975 0.3031321 0.2956795 0.3085435 0.6598434 0.3725467 0.3226336 0.2028598 0.2268408 1.2983580 0.2125178 0.2560190 0.2191025 0.2522042 0.2272090 0.2328254 0.2442442 0.1839541 0.1142697 0.2141359 0.2136131 0.1650614 0.2061453 0.2040731 0.1800492 0.2430151 0.3109308 0.2147288 0.1989878 0.2026251 0.1831336 0.1879603 0.2002095 0.1774160 0.1883503 0.0000000 0.1256327 0.0719972 0.2186470 
yHMPu5000034876_Tetrapisispora_iriomotensis 0.2458308 0.2133389 0.2583613 0.2867371 0.2491201 0.5657213 0.3165358 0.2791812 0.1980990 0.2513032 1.3383662 0.1892904 0.2284901 0.1911184 0.2053762 0.2181228 0.2272341 0.2087859 0.1742706 0.1417733 0.1871535 0.1902690 0.1435259 0.1693572 0.1490754 0.1668281 0.2067219 0.3093235 0.2068121 0.1897491 0.1728017 0.1852331 0.1423558 0.1723171 0.1526472 0.1637909 0.1256327 0.0000000 0.1429776 0.1808903 
yHMPu5000034877_Tetrapisispora_namnaonensis 0.2975389 0.2180972 0.3106108 0.3119572 0.2831203 0.6013830 0.3762265 0.3243689 0.2355581 0.2748390 1.2768499 0.2085856 0.2613312 0.2181256 0.2320522 0.2424632 0.2502794 0.2409217 0.2046909 0.1434725 0.2284573 0.2261361 0.1849749 0.2300924 0.2185342 0.2021626 0.2383552 0.3179339 0.2208576 0.2308490 0.2249372 0.2171314 0.1997766 0.2284254 0.1934132 0.2040526 0.0719972 0.1429776 0.0000000 0.2386045 
yHMPu5000035629_Yueomyces_sinensis          0.2603337 0.2126475 0.3169876 0.2981952 0.2560766 0.6225102 0.3269885 0.2822419 0.1971552 0.2160482 1.2780797 0.2093864 0.2113803 0.1993315 0.2127326 0.2172560 0.2091580 0.2067634 0.1674396 0.2172781 0.2165122 0.2035684 0.1491164 0.1530978 0.1600021 0.1618882 0.2391170 0.3169233 0.2129640 0.1997181 0.1799588 0.1802369 0.1631719 0.1723400 0.1422787 0.1706021 0.2186470 0.1808903 0.2386045 0.0000000 
