40
Candida_glabrata                            0.0000000 2.3628796 2.1547284 2.2228346 1.4134240 2.2184698 1.4888405 1.4451749 2.2479733 2.2507386 5.9139413 2.0949219 2.0836133 2.1165063 2.0939279 2.1505151 2.1672282 2.0951533 2.6609673 2.6345655 2.4725157 2.3016793 2.2249990 2.1345946 2.0812041 2.2063760 2.0914579 2.3334806 2.3344357 2.1742856 2.1489637 2.0325283 2.2822955 2.2861377 2.3386130 2.2678875 2.8134927 2.5641830 2.6272950 2.7388421 
Kazachstania_africana                       2.3628796 0.0000000 1.7331583 2.2884943 2.1351780 2.2583601 2.2060423 2.1945314 1.9576268 1.9807340 5.6869627 1.9118673 1.8152812 1.9102246 1.9171095 1.9477889 1.8223122 1.9244925 2.3804963 2.4156351 2.1617650 1.7509341 1.7649094 1.8084798 1.6623014 1.7660638 1.6628648 1.8709286 1.5560085 1.9086527 1.6511999 1.7230062 1.7989668 1.7253694 1.9253568 1.7555728 2.4864327 2.4083789 2.2774528 2.3944449 
Kazachstania_naganishii                     2.1547284 1.7331583 0.0000000 2.2424657 2.0322631 2.2867217 2.0745367 2.1332073 1.8642550 1.9278866 5.2467905 1.8702228 1.9265137 1.8378013 1.8902169 1.9335204 1.9276859 1.7947990 2.4291686 2.3715521 2.2284184 1.8063313 1.7039355 1.9288838 1.6457145 1.6733738 1.6091837 1.9352780 1.7604565 1.8199977 1.8698952 1.8455921 1.7383311 2.0145198 1.8007025 1.8242710 2.6348955 2.6024036 2.3284824 2.4060883 
Nakaseomyces_bacillisporus                  2.2228346 2.2884943 2.2424657 0.0000000 2.1017771 1.8122026 2.1385912 2.1483151 2.1126393 2.0745046 6.0098776 1.9767815 1.9596018 1.9160229 1.9980287 1.9380946 1.9531368 1.8539506 2.6047021 2.3819451 2.2117672 2.1070465 2.1465524 2.1434452 1.9632694 2.1951649 2.1292484 2.3001358 2.1576141 2.0895046 2.1124033 2.1578137 2.1050778 2.1846779 2.2165649 2.1978867 2.7847714 2.3994170 2.5257921 2.6455846 
Nakaseomyces_bracarensis                    1.4134240 2.1351780 2.0322631 2.1017771 0.0000000 2.2545844 0.9022317 0.7859511 2.0770129 2.1268402 5.4719799 1.9195112 2.0024032 1.9313831 1.9167038 2.0505457 2.0396419 1.9725952 2.4608473 2.5506897 2.2550025 2.2257123 2.0487404 2.0352310 1.8781391 2.0493443 2.0912338 2.2911544 2.0846201 2.1773616 2.0426779 1.9911678 2.1166421 2.2005847 2.1380429 2.0360865 2.7816703 2.3965207 2.4735092 2.4391672 
Nakaseomyces_castellii                      2.2184698 2.2583601 2.2867217 1.8122026 2.2545844 0.0000000 2.3605711 2.2993219 2.2577774 2.1907399 5.5423696 2.1356121 2.1932894 2.1569816 2.1595033 2.1881175 2.1840555 2.1134983 2.5679732 2.5048369 2.2100408 2.2097912 2.2802016 2.2276390 2.2701497 2.3434635 2.3634073 2.3294589 2.2465621 2.2990105 2.2805429 2.2052124 2.2166763 2.3678014 2.3262505 2.3674757 2.8017661 2.6497149 2.6506230 2.7976644 
Nakaseomyces_delphensis                     1.4888405 2.2060423 2.0745367 2.1385912 0.9022317 2.3605711 0.0000000 0.8238181 2.1930535 2.0856485 5.4736992 2.0172708 2.0662149 2.0679446 2.0613925 2.1108942 2.0655635 2.0991881 2.5186992 2.5723492 2.2590598 2.3875549 2.1312937 2.1128522 2.0302713 2.0991834 2.1260220 2.1802244 2.0939495 2.2223248 2.0512100 2.0828121 2.1107101 2.2416919 2.1567776 2.1735308 2.8949215 2.4592784 2.5438903 2.4743770 
Nakaseomyces_nivariensis                    1.4451749 2.1945314 2.1332073 2.1483151 0.7859511 2.2993219 0.8238181 0.0000000 2.1306735 2.1714838 5.4345958 1.9332274 1.9410868 1.9417528 1.9340040 2.0784478 1.9763676 1.9579610 2.5333893 2.5362526 2.1560801 2.2277337 1.9636870 2.0619361 1.9536347 1.9603362 2.0652116 2.2821371 2.1779737 2.1298893 2.0368341 2.0510759 1.9676687 2.1795838 2.0158971 2.0988869 2.7748855 2.3388836 2.5265628 2.3425463 
Naumovozyma_castellii                       2.2479733 1.9576268 1.8642550 2.1126393 2.0770129 2.2577774 2.1930535 2.1306735 0.0000000 1.4436413 5.8124668 1.8503761 1.8383568 1.7951875 1.8221381 1.8717647 1.8057161 1.7805940 2.3233414 2.4355456 2.2129993 1.8057552 1.8470541 1.8466794 1.7524227 1.7404074 1.7500907 2.1554655 1.7096924 2.0417717 1.7991479 1.8636286 1.8004527 2.0013219 1.8533054 1.9806545 2.6716440 2.3320321 2.3818555 2.3189618 
Naumovozyma_dairenensis                     2.2507386 1.9807340 1.9278866 2.0745046 2.1268402 2.1907399 2.0856485 2.1714838 1.4436413 0.0000000 6.0092621 1.7379222 1.7802300 1.7343165 1.7586952 1.8413617 1.7897964 1.7150746 2.3914288 2.5159849 2.0472341 1.9299011 1.8461189 1.9231483 1.7731788 1.8683265 1.8854957 2.1490589 1.8608626 1.9755209 1.9448325 2.0058054 1.7419837 2.0257714 1.8204808 1.9267298 2.8106718 2.3251605 2.4464947 2.1986943 
Neurospora_crassa                           5.9139413 5.6869627 5.2467905 6.0098776 5.4719799 5.5423696 5.4736992 5.4345958 5.8124668 6.0092621 0.0000000 5.8971811 5.5937627 5.7831563 5.9330455 5.9723429 5.7196649 5.8749201 5.4748665 6.2718809 5.6180154 5.9164552 5.7980482 5.5828020 5.5010611 5.8186682 5.6731986 5.9906113 5.7108878 6.2678554 5.6676566 6.1312313 5.5487831 6.2684686 5.4110662 5.8494383 6.4193550 5.7549178 6.1116758 5.4763148 
Saccharomyces_arboricola                    2.0949219 1.9118673 1.8702228 1.9767815 1.9195112 2.1356121 2.0172708 1.9332274 1.8503761 1.7379222 5.8971811 0.0000000 0.5171160 0.5381946 0.4413432 0.5416673 0.4855102 0.5285536 2.3825116 2.2437732 1.9766938 1.8567540 1.8700319 1.8617246 1.7636498 1.9885595 1.8589273 2.0591359 1.7811604 1.9888826 1.8438944 1.8950513 1.9288065 2.0223643 1.9846155 1.9725897 2.6717968 2.3966636 2.3582590 2.1329021 
Saccharomyces_cerevisiae                    2.0836133 1.8152812 1.9265137 1.9596018 2.0024032 2.1932894 2.0662149 1.9410868 1.8383568 1.7802300 5.5937627 0.5171160 0.0000000 0.6004357 0.4857050 0.4219792 0.2347619 0.5920520 2.3316537 2.2590663 1.9912025 1.9404789 1.8343110 1.9037018 1.7153320 1.9160038 1.8639761 2.1164586 1.7364605 1.9383683 1.8468389 1.8691475 1.8438981 1.9671037 1.9007529 2.0186036 2.7301523 2.4926322 2.3009067 2.0902737 
Saccharomyces_eubayanus                     2.1165063 1.9102246 1.8378013 1.9160229 1.9313831 2.1569816 2.0679446 1.9417528 1.7951875 1.7343165 5.7831563 0.5381946 0.6004357 0.0000000 0.4914901 0.6448879 0.5904999 0.1451612 2.3950293 2.2913445 1.9513532 1.8991969 1.8737455 1.9048281 1.7802211 1.9370548 1.8757272 2.1231580 1.7612685 2.0177721 1.8535041 1.9165832 1.9672035 1.9661679 1.9758443 2.0003550 2.6769079 2.5015747 2.3391260 2.1088815 
Saccharomyces_kudriavzevii                  2.0939279 1.9171095 1.8902169 1.9980287 1.9167038 2.1595033 2.0613925 1.9340040 1.8221381 1.7586952 5.9330455 0.4413432 0.4857050 0.4914901 0.0000000 0.5206297 0.4528587 0.5016819 2.3915459 2.1579816 1.9796778 1.8911756 1.8551055 1.9300471 1.7112099 1.9165997 1.8832318 2.0826092 1.7417081 2.0305915 1.7800711 1.8738791 1.9453391 1.9991387 1.9850001 2.0488391 2.5711674 2.4290500 2.2301204 2.1339162 
Saccharomyces_mikatae                       2.1505151 1.9477889 1.9335204 1.9380946 2.0505457 2.1881175 2.1108942 2.0784478 1.8717647 1.8413617 5.9723429 0.5416673 0.4219792 0.6448879 0.5206297 0.0000000 0.4064334 0.6237873 2.3576837 2.2854259 1.9338893 1.9204337 1.8900542 1.9313699 1.7451651 1.9368577 1.8581791 2.1888722 1.7958826 1.9857484 1.9120392 1.8929216 1.9151285 1.9956251 1.9725615 2.0300256 2.7643640 2.4737360 2.3820290 2.1074520 
Saccharomyces_paradoxus                     2.1672282 1.8223122 1.9276859 1.9531368 2.0396419 2.1840555 2.0655635 1.9763676 1.8057161 1.7897964 5.7196649 0.4855102 0.2347619 0.5904999 0.4528587 0.4064334 0.0000000 0.5658493 2.3693881 2.2577922 1.9933744 1.9658945 1.8992976 1.9978516 1.7061597 1.9241112 1.8314654 2.1099613 1.7583999 1.9230179 1.8826876 1.8932250 1.9382099 1.9818543 1.9790312 1.9919767 2.7121539 2.4581015 2.3424539 2.2019141 
Saccharomyces_uvarum                        2.0951533 1.9244925 1.7947990 1.8539506 1.9725952 2.1134983 2.0991881 1.9579610 1.7805940 1.7150746 5.8749201 0.5285536 0.5920520 0.1451612 0.5016819 0.6237873 0.5658493 0.0000000 2.3626308 2.2090645 1.9436668 1.8767732 1.8629816 1.8812919 1.7740611 1.8749123 1.9108347 2.0686642 1.7764911 1.9780099 1.8527109 1.9441010 1.9603049 1.9712226 2.0153601 1.9131740 2.5355872 2.5058284 2.2721438 2.1019027 
Tetrapisispora_blattae                      2.6609673 2.3804963 2.4291686 2.6047021 2.4608473 2.5679732 2.5186992 2.5333893 2.3233414 2.3914288 5.4748665 2.3825116 2.3316537 2.3950293 2.3915459 2.3576837 2.3693881 2.3626308 0.0000000 2.6317710 2.4034495 2.3204973 2.3361787 2.4742870 2.2412895 2.3214152 2.3238197 2.4596338 2.2497489 2.4035551 2.3651755 2.5130592 2.2814627 2.3885842 2.4366019 2.3720963 2.8688940 2.4899543 2.5714283 1.8908309 
Tetrapisispora_phaffii                      2.6345655 2.4156351 2.3715521 2.3819451 2.5506897 2.5048369 2.5723492 2.5362526 2.4355456 2.5159849 6.2718809 2.2437732 2.2590663 2.2913445 2.1579816 2.2854259 2.2577922 2.2090645 2.6317710 0.0000000 2.0645731 2.2829613 2.3337678 2.5739824 2.3259695 2.3269140 2.3253307 2.6610031 2.3286506 2.3665131 2.4133145 2.4588602 2.2762701 2.4427968 2.3679369 2.2289996 1.0968659 1.3819541 0.8318889 2.3174270 
Vanderwaltozyma_polyspora                   2.4725157 2.1617650 2.2284184 2.2117672 2.2550025 2.2100408 2.2590598 2.1560801 2.2129993 2.0472341 5.6180154 1.9766938 1.9912025 1.9513532 1.9796778 1.9338893 1.9933744 1.9436668 2.4034495 2.0645731 0.0000000 2.0649277 2.0266231 2.1688231 1.9456071 2.0895571 2.0509778 2.4622934 2.1029821 2.0906921 2.0908382 2.2921401 2.0432288 2.3504604 2.0992501 2.0878884 2.3175350 2.0732615 2.0181435 2.1997434 
yHAB132_Kazachstania_martiniae              2.3016793 1.7509341 1.8063313 2.1070465 2.2257123 2.2097912 2.3875549 2.2277337 1.8057552 1.9299011 5.9164552 1.8567540 1.9404789 1.8991969 1.8911756 1.9204337 1.9658945 1.8767732 2.3204973 2.2829613 2.0649277 0.0000000 1.5631277 1.7187385 1.6039497 1.5358292 1.5994718 1.8910169 1.5049731 1.7378410 1.6157594 1.7898311 1.6389327 1.6824861 1.6584107 1.6859236 2.6019900 2.4792146 2.3463189 2.3823345 
yHAB133_Kazachstania_unispora               2.2249990 1.7649094 1.7039355 2.1465524 2.0487404 2.2802016 2.1312937 1.9636870 1.8470541 1.8461189 5.7980482 1.8700319 1.8343110 1.8737455 1.8551055 1.8900542 1.8992976 1.8629816 2.3361787 2.3337678 2.0266231 1.5631277 0.0000000 1.5153407 1.2600607 0.6980659 1.2604820 1.7930253 1.5418882 1.5110400 1.5270767 1.6341047 0.5804791 1.6445007 0.6390324 1.3539599 2.5426851 2.3866654 2.4062127 2.2657730 
yHAB134_Kazachstania_turicensis             2.1345946 1.8084798 1.9288838 2.1434452 2.0352310 2.2276390 2.1128522 2.0619361 1.8466794 1.9231483 5.5828020 1.8617246 1.9037018 1.9048281 1.9300471 1.9313699 1.9978516 1.8812919 2.4742870 2.5739824 2.1688231 1.7187385 1.5153407 0.0000000 1.6706667 1.7239916 1.7707262 1.9955323 1.5183801 1.8159397 1.5513697 1.6948609 1.6677681 1.2063779 1.7513617 1.7113191 2.9141071 2.5377261 2.5289606 2.4882507 
yHAB136_Kazachstania_bromeliacearum         2.0812041 1.6623014 1.6457145 1.9632694 1.8781391 2.2701497 2.0302713 1.9536347 1.7524227 1.7731788 5.5010611 1.7636498 1.7153320 1.7802211 1.7112099 1.7451651 1.7061597 1.7740611 2.2412895 2.3259695 1.9456071 1.6039497 1.2600607 1.6706667 0.0000000 1.2890399 1.2549365 1.7717679 1.5941643 1.3983532 1.5432820 1.5348049 1.3297316 1.6416506 1.3185140 1.3675740 2.5949807 2.2813660 2.3356373 2.1491048 
yHAB143_Kazachstania_siamensis              2.2063760 1.7660638 1.6733738 2.1951649 2.0493443 2.3434635 2.0991834 1.9603362 1.7404074 1.8683265 5.8186682 1.9885595 1.9160038 1.9370548 1.9165997 1.9368577 1.9241112 1.8749123 2.3214152 2.3269140 2.0895571 1.5358292 0.6980659 1.7239916 1.2890399 0.0000000 1.2232246 1.8580963 1.6570756 1.4924407 1.5673218 1.6435494 0.7389859 1.7436737 0.7874080 1.4203279 2.5680253 2.3231561 2.3538053 2.2442907 
yHAB147_Kazachstania_taianensis             2.0914579 1.6628648 1.6091837 2.1292484 2.0912338 2.3634073 2.1260220 2.0652116 1.7500907 1.8854957 5.6731986 1.8589273 1.8639761 1.8757272 1.8832318 1.8581791 1.8314654 1.9108347 2.3238197 2.3253307 2.0509778 1.5994718 1.2604820 1.7707262 1.2549365 1.2232246 0.0000000 1.7206151 1.5784974 1.5675951 1.6663360 1.7165000 1.2782443 1.7712348 1.3087481 1.4357155 2.5257892 2.2396800 2.2496029 2.2413687 
yHAB148_Kazachstania_intestinalis           2.3334806 1.8709286 1.9352780 2.3001358 2.2911544 2.3294589 2.1802244 2.2821371 2.1554655 2.1490589 5.9906113 2.0591359 2.1164586 2.1231580 2.0826092 2.1888722 2.1099613 2.0686642 2.4596338 2.6610031 2.4622934 1.8910169 1.7930253 1.9955323 1.7717679 1.8580963 1.7206151 0.0000000 1.9519954 1.9186905 1.8431284 1.9804424 1.8345359 2.0598626 1.9090974 1.9679352 2.9087276 2.6399068 2.6882510 2.4126763 
yHAB153_Kazachstania_rosinii                2.3344357 1.5560085 1.7604565 2.1576141 2.0846201 2.2465621 2.0939495 2.1779737 1.7096924 1.8608626 5.7108878 1.7811604 1.7364605 1.7612685 1.7417081 1.7958826 1.7583999 1.7764911 2.2497489 2.3286506 2.1029821 1.5049731 1.5418882 1.5183801 1.5941643 1.6570756 1.5784974 1.9519954 0.0000000 1.7459351 1.2833241 1.6514961 1.5594590 1.4755637 1.6684570 1.6733694 2.5941093 2.2961559 2.2703232 2.2057820 
yHAB154_Kazachstania_transvaalensis         2.1742856 1.9086527 1.8199977 2.0895046 2.1773616 2.2990105 2.2223248 2.1298893 2.0417717 1.9755209 6.2678554 1.9888826 1.9383683 2.0177721 2.0305915 1.9857484 1.9230179 1.9780099 2.4035551 2.3665131 2.0906921 1.7378410 1.5110400 1.8159397 1.3983532 1.4924407 1.5675951 1.9186905 1.7459351 0.0000000 1.7422058 1.7998157 1.4785192 1.7962581 1.5281924 0.6877712 2.5586451 2.5337378 2.2962384 2.4190953 
yHAB155_Kazachstania_spencerorum            2.1489637 1.6511999 1.8698952 2.1124033 2.0426779 2.2805429 2.0512100 2.0368341 1.7991479 1.9448325 5.6676566 1.8438944 1.8468389 1.8535041 1.7800711 1.9120392 1.8826876 1.8527109 2.3651755 2.4133145 2.0908382 1.6157594 1.5270767 1.5513697 1.5432820 1.5673218 1.6663360 1.8431284 1.2833241 1.7422058 0.0000000 1.6349754 1.5750676 1.5598048 1.6205502 1.6774242 2.6862542 2.5518546 2.3749933 2.3708219 
yHAB158_Kazachstania_viticola               2.0325283 1.7230062 1.8455921 2.1578137 1.9911678 2.2052124 2.0828121 2.0510759 1.8636286 2.0058054 6.1312313 1.8950513 1.8691475 1.9165832 1.8738791 1.8929216 1.8932250 1.9441010 2.5130592 2.4588602 2.2921401 1.7898311 1.6341047 1.6948609 1.5348049 1.6435494 1.7165000 1.9804424 1.6514961 1.7998157 1.6349754 0.0000000 1.6789265 1.7624806 1.7207761 1.7154292 2.7125057 2.4043689 2.4510081 2.2483762 
yHAB159_Kazachstania_solicola               2.2822955 1.7989668 1.7383311 2.1050778 2.1166421 2.2166763 2.1107101 1.9676687 1.8004527 1.7419837 5.5487831 1.9288065 1.8438981 1.9672035 1.9453391 1.9151285 1.9382099 1.9603049 2.2814627 2.2762701 2.0432288 1.6389327 0.5804791 1.6677681 1.3297316 0.7389859 1.2782443 1.8345359 1.5594590 1.4785192 1.5750676 1.6789265 0.0000000 1.7913334 0.1772343 1.4153411 2.5892531 2.2983000 2.3272621 2.2733192 
yHAB160_Kazachstania_kunashirensis          2.2861377 1.7253694 2.0145198 2.1846779 2.2005847 2.3678014 2.2416919 2.1795838 2.0013219 2.0257714 6.2684686 2.0223643 1.9671037 1.9661679 1.9991387 1.9956251 1.9818543 1.9712226 2.3885842 2.4427968 2.3504604 1.6824861 1.6445007 1.2063779 1.6416506 1.7436737 1.7712348 2.0598626 1.4755637 1.7962581 1.5598048 1.7624806 1.7913334 0.0000000 1.8700657 1.8431379 2.8229531 2.5451076 2.5308043 2.4723151 
yHAB164_Kazachstania_aerobia                2.3386130 1.9253568 1.8007025 2.2165649 2.1380429 2.3262505 2.1567776 2.0158971 1.8533054 1.8204808 5.4110662 1.9846155 1.9007529 1.9758443 1.9850001 1.9725615 1.9790312 2.0153601 2.4366019 2.3679369 2.0992501 1.6584107 0.6390324 1.7513617 1.3185140 0.7874080 1.3087481 1.9090974 1.6684570 1.5281924 1.6205502 1.7207761 0.1772343 1.8700657 0.0000000 1.4641881 2.6454919 2.3435488 2.4274194 2.3226648 
yHAB166_Kazachstania_yakushimaensis         2.2678875 1.7555728 1.8242710 2.1978867 2.0360865 2.3674757 2.1735308 2.0988869 1.9806545 1.9267298 5.8494383 1.9725897 2.0186036 2.0003550 2.0488391 2.0300256 1.9919767 1.9131740 2.3720963 2.2289996 2.0878884 1.6859236 1.3539599 1.7113191 1.3675740 1.4203279 1.4357155 1.9679352 1.6733694 0.6877712 1.6774242 1.7154292 1.4153411 1.8431379 1.4641881 0.0000000 2.5130401 2.3740072 2.2010216 2.3787113 
yHMPu5000034875_Tetrapisispora_fleetii      2.8134927 2.4864327 2.6348955 2.7847714 2.7816703 2.8017661 2.8949215 2.7748855 2.6716440 2.8106718 6.4193550 2.6717968 2.7301523 2.6769079 2.5711674 2.7643640 2.7121539 2.5355872 2.8688940 1.0968659 2.3175350 2.6019900 2.5426851 2.9141071 2.5949807 2.5680253 2.5257892 2.9087276 2.5941093 2.5586451 2.6862542 2.7125057 2.5892531 2.8229531 2.6454919 2.5130401 0.0000000 1.6346736 0.6939572 2.8561599 
yHMPu5000034876_Tetrapisispora_iriomotensis 2.5641830 2.4083789 2.6024036 2.3994170 2.3965207 2.6497149 2.4592784 2.3388836 2.3320321 2.3251605 5.7549178 2.3966636 2.4926322 2.5015747 2.4290500 2.4737360 2.4581015 2.5058284 2.4899543 1.3819541 2.0732615 2.4792146 2.3866654 2.5377261 2.2813660 2.3231561 2.2396800 2.6399068 2.2961559 2.5337378 2.5518546 2.4043689 2.2983000 2.5451076 2.3435488 2.3740072 1.6346736 0.0000000 1.4531288 2.3900450 
yHMPu5000034877_Tetrapisispora_namnaonensis 2.6272950 2.2774528 2.3284824 2.5257921 2.4735092 2.6506230 2.5438903 2.5265628 2.3818555 2.4464947 6.1116758 2.3582590 2.3009067 2.3391260 2.2301204 2.3820290 2.3424539 2.2721438 2.5714283 0.8318889 2.0181435 2.3463189 2.4062127 2.5289606 2.3356373 2.3538053 2.2496029 2.6882510 2.2703232 2.2962384 2.3749933 2.4510081 2.3272621 2.5308043 2.4274194 2.2010216 0.6939572 1.4531288 0.0000000 2.4387866 
yHMPu5000035629_Yueomyces_sinensis          2.7388421 2.3944449 2.4060883 2.6455846 2.4391672 2.7976644 2.4743770 2.3425463 2.3189618 2.1986943 5.4763148 2.1329021 2.0902737 2.1088815 2.1339162 2.1074520 2.2019141 2.1019027 1.8908309 2.3174270 2.1997434 2.3823345 2.2657730 2.4882507 2.1491048 2.2442907 2.2413687 2.4126763 2.2057820 2.4190953 2.3708219 2.2483762 2.2733192 2.4723151 2.3226648 2.3787113 2.8561599 2.3900450 2.4387866 0.0000000 
