40
Candida_glabrata                            0.0000000 0.8237817 0.9525343 0.8479187 0.4914265 1.1097763 0.4995611 0.4673043 0.7856681 0.8387734 5.4158110 0.6364906 0.7041818 0.6196434 0.7185643 0.6557927 0.6215708 0.6195275 1.6571076 0.6859801 0.8197610 0.6398584 0.8303552 0.8058852 0.7985642 0.7400387 1.1264574 0.7248138 0.7709105 0.8126001 0.7535107 0.7489167 0.7633465 0.7643619 0.7728065 0.8404603 0.7008100 0.8134482 0.7107992 1.0227811 
Kazachstania_africana                       0.8237817 0.0000000 1.1025654 0.7671632 0.8695837 1.0132286 0.7759461 0.7936806 0.7033856 0.6264393 4.8956768 0.6345272 0.6732283 0.7005075 0.6354645 0.6133322 0.6406201 0.7302519 1.6767929 0.8096136 0.6544870 0.4896699 0.6065230 0.6228526 0.5491087 0.5611428 1.3212932 0.7869446 0.5163695 0.7315659 0.4510447 0.5179728 0.5783216 0.4462180 0.5879110 0.7622323 0.7670496 0.9262740 0.8058009 0.9724145 
Kazachstania_naganishii                     0.9525343 1.1025654 0.0000000 1.1154354 1.0484310 1.1053316 1.0764145 0.9818891 1.0589275 1.1928931 4.5180946 1.0826496 1.0468441 1.0241004 1.0157149 0.9911499 1.0062937 0.9845402 2.0359983 1.1098517 1.1323488 1.0544016 0.9662822 1.0109896 1.0621459 0.8957271 0.6652028 0.8588594 0.9637507 1.0738935 1.1258231 1.1724169 0.9195981 1.0158057 0.9810368 1.2045586 1.2930150 1.0951008 1.2578540 1.3920568 
Nakaseomyces_bacillisporus                  0.8479187 0.7671632 1.1154354 0.0000000 0.8756954 0.9749696 0.8030445 0.7586000 0.6636748 0.6942043 4.4948652 0.5606045 0.5598776 0.5827259 0.6070197 0.5915711 0.5799166 0.6110702 1.7972553 0.7440777 0.7307406 0.6038717 0.5788010 0.6930721 0.6315701 0.6455812 1.3967900 0.8453355 0.5972104 0.6907447 0.5592364 0.6722997 0.6518439 0.5885085 0.6736240 0.6939401 0.7668893 0.7940521 0.7289473 1.0983231 
Nakaseomyces_bracarensis                    0.4914265 0.8695837 1.0484310 0.8756954 0.0000000 1.0753594 0.3792633 0.3473438 0.7884602 0.8485299 4.4889060 0.7583622 0.7670445 0.7587062 0.7079372 0.7828184 0.7720396 0.8111160 1.5852846 0.6617085 0.6958395 0.7656395 0.7762624 0.8136201 0.7868641 0.7461570 1.1915144 0.7801717 0.7238583 0.7992274 0.6952674 0.8111015 0.7609739 0.7197913 0.7573600 0.7757382 0.6403496 0.7009697 0.6229793 0.9821169 
Nakaseomyces_castellii                      1.1097763 1.0132286 1.1053316 0.9749696 1.0753594 0.0000000 1.1327196 1.1374887 1.0209150 1.0848925 5.0531822 0.8837566 0.8070658 0.7517038 0.8402614 0.7870194 0.8037887 0.7628740 1.8220781 1.0270085 1.0582732 0.9626411 0.9786598 0.9780204 1.0894785 0.9363463 1.2149860 1.0830880 0.9395417 1.1971860 1.0897597 1.1461463 0.9378047 1.0256862 0.9402567 1.1649488 1.0301703 1.0133431 1.0358141 1.3947727 
Nakaseomyces_delphensis                     0.4995611 0.7759461 1.0764145 0.8030445 0.3792633 1.1327196 0.0000000 0.3270280 0.7631942 0.6895463 4.8330446 0.6357889 0.6374928 0.6360562 0.6102591 0.6351361 0.6242044 0.6510192 1.6962189 0.6789509 0.6587349 0.6916128 0.7831663 0.7643127 0.7013262 0.7485697 1.1681127 0.8080415 0.7134710 0.8090181 0.6416855 0.6937287 0.7366715 0.6712504 0.7291262 0.8058327 0.6216337 0.6388919 0.6813245 1.0072350 
Nakaseomyces_nivariensis                    0.4673043 0.7936806 0.9818891 0.7586000 0.3473438 1.1374887 0.3270280 0.0000000 0.8052873 0.7250980 4.5109283 0.7375707 0.7032832 0.6690068 0.6378841 0.6865012 0.6886479 0.7411752 1.6230835 0.7425364 0.7106473 0.7140546 0.7352646 0.6970348 0.7349433 0.7063272 1.0895022 0.7546567 0.6832666 0.8154747 0.6364897 0.7331643 0.7098566 0.6982453 0.7264336 0.8318117 0.6546471 0.5757780 0.6516533 1.0600812 
Naumovozyma_castellii                       0.7856681 0.7033856 1.0589275 0.6636748 0.7884602 1.0209150 0.7631942 0.8052873 0.0000000 0.5739999 4.8300933 0.6832074 0.6318901 0.6113943 0.7102955 0.6453924 0.6851873 0.6808055 1.3336129 0.7429694 0.5368093 0.5778531 0.5746191 0.6522926 0.5950252 0.5920525 1.3574357 0.9155650 0.5403778 0.7002393 0.4389269 0.5843185 0.5690409 0.5315362 0.5751160 0.6443597 0.7385370 0.7773318 0.7158034 1.0713534 
Naumovozyma_dairenensis                     0.8387734 0.6264393 1.1928931 0.6942043 0.8485299 1.0848925 0.6895463 0.7250980 0.5739999 0.0000000 5.5634848 0.6462870 0.6490738 0.6677723 0.6305558 0.6630492 0.6714847 0.7078461 1.3695814 0.7777930 0.5673892 0.4866682 0.6208454 0.6090019 0.6133449 0.6282900 1.4079810 0.8612554 0.5791105 0.6817611 0.4641759 0.4847363 0.5704969 0.5127073 0.5704147 0.6234099 0.7363775 0.8044303 0.7327451 0.9790573 
Neurospora_crassa                           5.4158110 4.8956768 4.5180946 4.4948652 4.4889060 5.0531822 4.8330446 4.5109283 4.8300933 5.5634848 0.0000000 5.1720801 4.9522952 5.1008774 4.7515009 5.2498519 4.8975849 5.0704777 5.8236205 5.2842926 5.1013948 4.8751407 4.8360428 4.9133932 5.4503760 5.5880227 4.2787921 4.4763712 5.2734984 4.2928561 5.3953511 4.8000810 4.9100229 4.9867517 4.8888946 4.7945843 4.8921477 5.6195514 4.9297374 5.2556189 
Saccharomyces_arboricola                    0.6364906 0.6345272 1.0826496 0.5606045 0.7583622 0.8837566 0.6357889 0.7375707 0.6832074 0.6462870 5.1720801 0.0000000 0.2252140 0.2340127 0.2225641 0.2684190 0.2172900 0.2250035 1.3528283 0.7829263 0.6224955 0.5015616 0.5990123 0.6311016 0.6420702 0.5547628 1.1963257 0.7480873 0.5627871 0.7676328 0.5707158 0.6208190 0.6200337 0.5462075 0.6039804 0.8063755 0.7073481 0.7436004 0.7338873 0.9613217 
Saccharomyces_cerevisiae                    0.7041818 0.6732283 1.0468441 0.5598776 0.7670445 0.8070658 0.6374928 0.7032832 0.6318901 0.6490738 4.9522952 0.2252140 0.0000000 0.2022481 0.1976503 0.1810632 0.1024571 0.2143813 1.3048127 0.7210275 0.6717259 0.5473207 0.5363348 0.5806828 0.5985182 0.4876415 1.1372057 0.6908463 0.5487408 0.7209009 0.5546989 0.5860525 0.5536193 0.5302771 0.5641420 0.7599318 0.6523616 0.7535794 0.7109302 1.0147394 
Saccharomyces_eubayanus                     0.6196434 0.7005075 1.0241004 0.5827259 0.7587062 0.7517038 0.6360562 0.6690068 0.6113943 0.6677723 5.1008774 0.2340127 0.2022481 0.0000000 0.2289796 0.2671936 0.1959183 0.0733030 1.3107820 0.7209081 0.6359676 0.5557333 0.5040591 0.5749093 0.5582336 0.4842202 1.1243119 0.7667406 0.5513115 0.6727221 0.5541250 0.6471411 0.5601611 0.5371882 0.5530950 0.7629076 0.7138153 0.7545734 0.7327709 0.9204220 
Saccharomyces_kudriavzevii                  0.7185643 0.6354645 1.0157149 0.6070197 0.7079372 0.8402614 0.6102591 0.6378841 0.7102955 0.6305558 4.7515009 0.2225641 0.1976503 0.2289796 0.0000000 0.2458670 0.1872593 0.2350016 1.3152224 0.7272342 0.6645441 0.5065503 0.5377865 0.5843176 0.5670019 0.5086370 1.2041021 0.7188281 0.5490577 0.7126438 0.5696837 0.6671416 0.5747572 0.5410481 0.5651078 0.7550588 0.6767289 0.7841935 0.7168872 0.9301441 
Saccharomyces_mikatae                       0.6557927 0.6133322 0.9911499 0.5915711 0.7828184 0.7870194 0.6351361 0.6865012 0.6453924 0.6630492 5.2498519 0.2684190 0.1810632 0.2671936 0.2458670 0.0000000 0.1496224 0.2650516 1.4315185 0.7165884 0.6583613 0.5327789 0.5927988 0.6033230 0.6292465 0.5313381 1.1687509 0.7538633 0.5551547 0.7638290 0.5840754 0.6245965 0.6165520 0.5398474 0.5900611 0.7593136 0.7610489 0.7781003 0.7929246 1.0016304 
Saccharomyces_paradoxus                     0.6215708 0.6406201 1.0062937 0.5799166 0.7720396 0.8037887 0.6242044 0.6886479 0.6851873 0.6714847 4.8975849 0.2172900 0.1024571 0.1959183 0.1872593 0.1496224 0.0000000 0.1781845 1.3178750 0.7001417 0.6293541 0.5716742 0.5528599 0.6234276 0.6206399 0.4984930 1.1096884 0.7079932 0.5604681 0.7700450 0.5799959 0.6460662 0.5809081 0.5411440 0.5994190 0.7812221 0.6970080 0.8124828 0.7369413 1.0212509 
Saccharomyces_uvarum                        0.6195275 0.7302519 0.9845402 0.6110702 0.8111160 0.7628740 0.6510192 0.7411752 0.6808055 0.7078461 5.0704777 0.2250035 0.2143813 0.0733030 0.2350016 0.2650516 0.1781845 0.0000000 1.3351547 0.7187804 0.6687176 0.5559854 0.5463705 0.6296037 0.5978173 0.5184889 1.0709066 0.6747557 0.6312151 0.7262248 0.6186400 0.6521937 0.6277462 0.5862187 0.6111642 0.8101790 0.7144796 0.7684580 0.7497106 0.9577631 
Tetrapisispora_blattae                      1.6571076 1.6767929 2.0359983 1.7972553 1.5852846 1.8220781 1.6962189 1.6230835 1.3336129 1.3695814 5.8236205 1.3528283 1.3048127 1.3107820 1.3152224 1.4315185 1.3178750 1.3351547 0.0000000 1.6178342 1.3304324 1.2830805 1.2987989 1.6176702 1.2917839 1.4450976 1.9355481 1.7007362 1.5298269 1.5954302 1.5194968 1.5100984 1.4154759 1.5987426 1.3299757 1.4564684 1.5961674 1.6001334 1.5981210 1.6849541 
Tetrapisispora_phaffii                      0.6859801 0.8096136 1.1098517 0.7440777 0.6617085 1.0270085 0.6789509 0.7425364 0.7429694 0.7777930 5.2842926 0.7829263 0.7210275 0.7209081 0.7272342 0.7165884 0.7001417 0.7187804 1.6178342 0.0000000 0.6179578 0.7142993 0.6697329 0.7885124 0.6499423 0.7473739 1.3554305 0.7973289 0.7423410 0.8260999 0.6213442 0.7272036 0.6980516 0.6713031 0.6833517 0.7554065 0.2731147 0.4595984 0.2242213 0.9081622 
Vanderwaltozyma_polyspora                   0.8197610 0.6544870 1.1323488 0.7307406 0.6958395 1.0582732 0.6587349 0.7106473 0.5368093 0.5673892 5.1013948 0.6224955 0.6717259 0.6359676 0.6645441 0.6583613 0.6293541 0.6687176 1.3304324 0.6179578 0.0000000 0.5880516 0.6328757 0.6427850 0.6309960 0.6121704 1.3927894 0.8046230 0.5956897 0.6631362 0.5071722 0.6005117 0.5768219 0.5139221 0.5792431 0.6213794 0.5656976 0.6024007 0.5716524 0.9252186 
yHAB132_Kazachstania_martiniae              0.6398584 0.4896699 1.0544016 0.6038717 0.7656395 0.9626411 0.6916128 0.7140546 0.5778531 0.4866682 4.8751407 0.5015616 0.5473207 0.5557333 0.5065503 0.5327789 0.5716742 0.5559854 1.2830805 0.7142993 0.5880516 0.0000000 0.4942831 0.5068569 0.4184085 0.5228781 1.2779155 0.7499559 0.4641095 0.5412763 0.3450871 0.4192378 0.4718217 0.4582710 0.4494385 0.5141030 0.6908045 0.6930166 0.7123688 0.8703030 
yHAB133_Kazachstania_unispora               0.8303552 0.6065230 0.9662822 0.5788010 0.7762624 0.9786598 0.7831663 0.7352646 0.5746191 0.6208454 4.8360428 0.5990123 0.5363348 0.5040591 0.5377865 0.5927988 0.5528599 0.5463705 1.2987989 0.6697329 0.6328757 0.4942831 0.0000000 0.5493101 0.3655679 0.2315379 1.2311642 0.7780584 0.5726117 0.5648298 0.4221712 0.4778167 0.2079877 0.4122349 0.1727200 0.5363370 0.6387613 0.8389152 0.7141600 0.8068407 
yHAB134_Kazachstania_turicensis             0.8058852 0.6228526 1.0109896 0.6930721 0.8136201 0.9780204 0.7643127 0.6970348 0.6522926 0.6090019 4.9133932 0.6311016 0.5806828 0.5749093 0.5843176 0.6033230 0.6234276 0.6296037 1.6176702 0.7885124 0.6427850 0.5068569 0.5493101 0.0000000 0.5963957 0.5310950 1.3261835 0.7976120 0.5297246 0.6371081 0.4442903 0.5599938 0.5775899 0.4369672 0.5411790 0.6155207 0.8517560 0.7548656 0.8324445 0.9925504 
yHAB136_Kazachstania_bromeliacearum         0.7985642 0.5491087 1.0621459 0.6315701 0.7868641 1.0894785 0.7013262 0.7349433 0.5950252 0.6133449 5.4503760 0.6420702 0.5985182 0.5582336 0.5670019 0.6292465 0.6206399 0.5978173 1.2917839 0.6499423 0.6309960 0.4184085 0.3655679 0.5963957 0.0000000 0.3571751 1.3199532 0.7442259 0.4786292 0.5005080 0.4193734 0.4485487 0.4517311 0.4025444 0.4189657 0.5204016 0.6097056 0.7383760 0.7294586 0.7673407 
yHAB143_Kazachstania_siamensis              0.7400387 0.5611428 0.8957271 0.6455812 0.7461570 0.9363463 0.7485697 0.7063272 0.5920525 0.6282900 5.5880227 0.5547628 0.4876415 0.4842202 0.5086370 0.5313381 0.4984930 0.5184889 1.4450976 0.7473739 0.6121704 0.5228781 0.2315379 0.5310950 0.3571751 0.0000000 1.0542808 0.7147085 0.5716059 0.5800548 0.4475893 0.5483591 0.2868845 0.4419550 0.2471992 0.6276472 0.7441204 0.7839300 0.7928637 0.9282703 
yHAB147_Kazachstania_taianensis             1.1264574 1.3212932 0.6652028 1.3967900 1.1915144 1.2149860 1.1681127 1.0895022 1.3574357 1.4079810 4.2787921 1.1963257 1.1372057 1.1243119 1.2041021 1.1687509 1.1096884 1.0709066 1.9355481 1.3554305 1.3927894 1.2779155 1.2311642 1.3261835 1.3199532 1.0542808 0.0000000 0.9791745 1.3235636 1.3369026 1.4662306 1.4001335 1.2326235 1.3673783 1.3069089 1.4690336 1.5433340 1.2878609 1.4861328 1.4937706 
yHAB148_Kazachstania_intestinalis           0.7248138 0.7869446 0.8588594 0.8453355 0.7801717 1.0830880 0.8080415 0.7546567 0.9155650 0.8612554 4.4763712 0.7480873 0.6908463 0.7667406 0.7188281 0.7538633 0.7079932 0.6747557 1.7007362 0.7973289 0.8046230 0.7499559 0.7780584 0.7976120 0.7442259 0.7147085 0.9791745 0.0000000 0.6741962 0.8607154 0.7747747 0.7539209 0.8631065 0.7197162 0.8686369 0.9277555 0.7799849 0.8048850 0.8593137 1.1563586 
yHAB153_Kazachstania_rosinii                0.7709105 0.5163695 0.9637507 0.5972104 0.7238583 0.9395417 0.7134710 0.6832666 0.5403778 0.5791105 5.2734984 0.5627871 0.5487408 0.5513115 0.5490577 0.5551547 0.5604681 0.6312151 1.5298269 0.7423410 0.5956897 0.4641095 0.5726117 0.5297246 0.4786292 0.5716059 1.3235636 0.6741962 0.0000000 0.6712964 0.4014500 0.5351862 0.5432831 0.4078108 0.5361760 0.6410377 0.7162546 0.7457926 0.6952297 0.9142935 
yHAB154_Kazachstania_transvaalensis         0.8126001 0.7315659 1.0738935 0.6907447 0.7992274 1.1971860 0.8090181 0.8154747 0.7002393 0.6817611 4.2928561 0.7676328 0.7209009 0.6727221 0.7126438 0.7638290 0.7700450 0.7262248 1.5954302 0.8260999 0.6631362 0.5412763 0.5648298 0.6371081 0.5005080 0.5800548 1.3369026 0.8607154 0.6712964 0.0000000 0.4920357 0.5275498 0.5913549 0.5380581 0.5990479 0.1779675 0.7854434 0.9365170 0.7807335 0.9846370 
yHAB155_Kazachstania_spencerorum            0.7535107 0.4510447 1.1258231 0.5592364 0.6952674 1.0897597 0.6416855 0.6364897 0.4389269 0.4641759 5.3953511 0.5707158 0.5546989 0.5541250 0.5696837 0.5840754 0.5799959 0.6186400 1.5194968 0.6213442 0.5071722 0.3450871 0.4221712 0.4442903 0.4193734 0.4475893 1.4662306 0.7747747 0.4014500 0.4920357 0.0000000 0.3601364 0.4474732 0.2795240 0.4417160 0.4188466 0.6030382 0.7307006 0.6028450 0.9017363 
yHAB158_Kazachstania_viticola               0.7489167 0.5179728 1.1724169 0.6722997 0.8111015 1.1461463 0.6937287 0.7331643 0.5843185 0.4847363 4.8000810 0.6208190 0.5860525 0.6471411 0.6671416 0.6245965 0.6460662 0.6521937 1.5100984 0.7272036 0.6005117 0.4192378 0.4778167 0.5599938 0.4485487 0.5483591 1.4001335 0.7539209 0.5351862 0.5275498 0.3601364 0.0000000 0.5374601 0.4510911 0.5180360 0.4928748 0.6860121 0.7125472 0.7537663 1.0316134 
yHAB159_Kazachstania_solicola               0.7633465 0.5783216 0.9195981 0.6518439 0.7609739 0.9378047 0.7366715 0.7098566 0.5690409 0.5704969 4.9100229 0.6200337 0.5536193 0.5601611 0.5747572 0.6165520 0.5809081 0.6277462 1.4154759 0.6980516 0.5768219 0.4718217 0.2079877 0.5775899 0.4517311 0.2868845 1.2326235 0.8631065 0.5432831 0.5913549 0.4474732 0.5374601 0.0000000 0.4228309 0.0974134 0.6101580 0.6968700 0.7491854 0.7023469 0.8738497 
yHAB160_Kazachstania_kunashirensis          0.7643619 0.4462180 1.0158057 0.5885085 0.7197913 1.0256862 0.6712504 0.6982453 0.5315362 0.5127073 4.9867517 0.5462075 0.5302771 0.5371882 0.5410481 0.5398474 0.5411440 0.5862187 1.5987426 0.6713031 0.5139221 0.4582710 0.4122349 0.4369672 0.4025444 0.4419550 1.3673783 0.7197162 0.4078108 0.5380581 0.2795240 0.4510911 0.4228309 0.0000000 0.4431836 0.5286175 0.6477965 0.8382689 0.6407148 0.8196747 
yHAB164_Kazachstania_aerobia                0.7728065 0.5879110 0.9810368 0.6736240 0.7573600 0.9402567 0.7291262 0.7264336 0.5751160 0.5704147 4.8888946 0.6039804 0.5641420 0.5530950 0.5651078 0.5900611 0.5994190 0.6111642 1.3299757 0.6833517 0.5792431 0.4494385 0.1727200 0.5411790 0.4189657 0.2471992 1.3069089 0.8686369 0.5361760 0.5990479 0.4417160 0.5180360 0.0974134 0.4431836 0.0000000 0.5721556 0.6877963 0.7537432 0.7216242 0.7875367 
yHAB166_Kazachstania_yakushimaensis         0.8404603 0.7622323 1.2045586 0.6939401 0.7757382 1.1649488 0.8058327 0.8318117 0.6443597 0.6234099 4.7945843 0.8063755 0.7599318 0.7629076 0.7550588 0.7593136 0.7812221 0.8101790 1.4564684 0.7554065 0.6213794 0.5141030 0.5363370 0.6155207 0.5204016 0.6276472 1.4690336 0.9277555 0.6410377 0.1779675 0.4188466 0.4928748 0.6101580 0.5286175 0.5721556 0.0000000 0.7129730 0.8773845 0.7059958 0.9196937 
yHMPu5000034875_Tetrapisispora_fleetii      0.7008100 0.7670496 1.2930150 0.7668893 0.6403496 1.0301703 0.6216337 0.6546471 0.7385370 0.7363775 4.8921477 0.7073481 0.6523616 0.7138153 0.6767289 0.7610489 0.6970080 0.7144796 1.5961674 0.2731147 0.5656976 0.6908045 0.6387613 0.8517560 0.6097056 0.7441204 1.5433340 0.7799849 0.7162546 0.7854434 0.6030382 0.6860121 0.6968700 0.6477965 0.6877963 0.7129730 0.0000000 0.4316477 0.1766171 0.8638060 
yHMPu5000034876_Tetrapisispora_iriomotensis 0.8134482 0.9262740 1.0951008 0.7940521 0.7009697 1.0133431 0.6388919 0.5757780 0.7773318 0.8044303 5.6195514 0.7436004 0.7535794 0.7545734 0.7841935 0.7781003 0.8124828 0.7684580 1.6001334 0.4595984 0.6024007 0.6930166 0.8389152 0.7548656 0.7383760 0.7839300 1.2878609 0.8048850 0.7457926 0.9365170 0.7307006 0.7125472 0.7491854 0.8382689 0.7537432 0.8773845 0.4316477 0.0000000 0.4566921 1.1180654 
yHMPu5000034877_Tetrapisispora_namnaonensis 0.7107992 0.8058009 1.2578540 0.7289473 0.6229793 1.0358141 0.6813245 0.6516533 0.7158034 0.7327451 4.9297374 0.7338873 0.7109302 0.7327709 0.7168872 0.7929246 0.7369413 0.7497106 1.5981210 0.2242213 0.5716524 0.7123688 0.7141600 0.8324445 0.7294586 0.7928637 1.4861328 0.8593137 0.6952297 0.7807335 0.6028450 0.7537663 0.7023469 0.6407148 0.7216242 0.7059958 0.1766171 0.4566921 0.0000000 0.9190246 
yHMPu5000035629_Yueomyces_sinensis          1.0227811 0.9724145 1.3920568 1.0983231 0.9821169 1.3947727 1.0072350 1.0600812 1.0713534 0.9790573 5.2556189 0.9613217 1.0147394 0.9204220 0.9301441 1.0016304 1.0212509 0.9577631 1.6849541 0.9081622 0.9252186 0.8703030 0.8068407 0.9925504 0.7673407 0.9282703 1.4937706 1.1563586 0.9142935 0.9846370 0.9017363 1.0316134 0.8738497 0.8196747 0.7875367 0.9196937 0.8638060 1.1180654 0.9190246 0.0000000 
