40
Candida_glabrata                            0.0000000 0.8766193 1.1592682 1.0062956 0.5743180 1.2919037 0.5675328 0.5336858 0.8627197 0.9357637 7.0394901 0.7592151 0.7046461 0.8020063 0.7717738 0.7613722 0.7304845 0.8090649 0.8155055 1.1332405 0.9848303 0.8194324 0.9845477 0.9370550 0.9140855 1.0755155 0.9640974 1.0455107 1.1279830 1.0032784 0.8534642 1.1197637 1.0615977 1.0650718 0.9931682 1.0254633 0.8785879 0.9970688 0.9286801 0.8919384 
Kazachstania_africana                       0.8766193 0.0000000 0.8810990 1.0434701 0.8626149 1.1774494 1.0202344 0.9222403 0.8544920 0.7511573 5.2347021 0.6133513 0.6056982 0.6883841 0.6302370 0.5949860 0.5702381 0.6336919 0.9204283 0.9984342 0.9253665 0.5819157 0.5785826 0.6604355 0.5513101 0.5836552 0.6869833 0.9218739 0.6362131 0.5593410 0.6043950 0.6057084 0.6161575 0.5670117 0.5581092 0.5304842 0.8484271 1.0436605 0.8366501 0.7810516 
Kazachstania_naganishii                     1.1592682 0.8810990 0.0000000 1.1570935 1.1985468 1.0430197 1.2719341 1.1054818 1.0322645 0.9859247 5.4831991 0.8711750 0.9431451 0.8388330 0.9570524 0.8955503 0.8867479 0.8947359 1.2199643 1.3922776 1.2487627 0.8102490 0.7442492 0.9237553 0.6080039 0.7648367 0.7126623 0.8175209 0.6712303 0.7195057 0.9413636 0.9332866 0.8031596 0.7316573 0.7686577 0.7651611 1.2898111 1.1942797 1.3325606 1.2197290 
Nakaseomyces_bacillisporus                  1.0062956 1.0434701 1.1570935 0.0000000 0.9314833 1.0031578 0.9852359 0.8578797 0.8545205 0.6671481 6.7901050 0.9415112 0.9005452 0.8617894 0.9408291 0.8538883 0.8611440 0.8383194 0.9323951 0.8473680 0.9879918 0.9128770 0.9924482 1.0273011 0.9774169 0.9619017 1.0498053 1.0823049 1.2542945 0.9937940 1.0416891 1.0245986 0.9986059 0.9947089 0.9773645 1.0400878 0.8425790 1.0556093 0.8444818 0.9606212 
Nakaseomyces_bracarensis                    0.5743180 0.8626149 1.1985468 0.9314833 0.0000000 1.3636520 0.3862463 0.4175870 0.8135208 0.8939881 5.5260927 0.7365764 0.7581201 0.7807115 0.7159609 0.6937660 0.7237165 0.7453197 0.8554397 1.0154525 0.8862139 0.8840553 0.8861095 0.9032887 0.8104252 0.8460480 0.9059426 1.1274228 1.0090105 0.8979267 0.8341271 1.0458468 0.8969018 1.0222263 0.9256369 0.8642108 0.8932029 1.0396491 0.9481059 0.8421442 
Nakaseomyces_castellii                      1.2919037 1.1774494 1.0430197 1.0031578 1.3636520 0.0000000 1.2866585 1.1086905 1.0598731 1.0924575 5.5774445 1.2172880 1.1233850 1.1192127 1.1743689 1.1394663 1.1500921 1.1552124 1.1260058 1.1602409 1.1959627 1.1699896 1.1124507 1.2676170 1.0155161 1.1521167 1.0789165 1.1099163 1.2612566 1.0006090 1.2996380 1.5051455 1.1323851 1.2111758 1.1062935 0.9807908 1.2156038 1.0286553 1.1823116 1.0022849 
Nakaseomyces_delphensis                     0.5675328 1.0202344 1.2719341 0.9852359 0.3862463 1.2866585 0.0000000 0.3438818 0.8417638 0.9045317 6.2252572 0.9014403 0.9497162 0.9686497 0.7881991 0.8343454 0.8530500 0.9115045 0.8857984 1.0853724 0.9536233 0.9661959 0.9127872 1.1296032 0.9362175 0.8588250 1.0522798 1.1639754 1.1006063 0.9554112 0.9542806 0.9952170 0.8793929 1.1213984 0.8884867 0.8998151 1.0358977 0.9984913 1.0256824 0.7812157 
Nakaseomyces_nivariensis                    0.5336858 0.9222403 1.1054818 0.8578797 0.4175870 1.1086905 0.3438818 0.0000000 0.7568711 0.8773941 5.6996711 0.9363357 0.8359468 0.9165694 0.8713067 0.7893536 0.8295869 0.8693634 0.8424740 0.9800301 0.8377296 0.8267728 0.7264013 0.9713573 0.8025908 0.8653048 0.9170517 1.1415969 1.0442950 0.8038516 0.8316519 0.9849267 0.8638979 0.8958305 0.7898148 0.8528991 0.9621008 0.9284209 0.9431768 0.7694379 
Naumovozyma_castellii                       0.8627197 0.8544920 1.0322645 0.8545205 0.8135208 1.0598731 0.8417638 0.7568711 0.0000000 0.7436194 6.5838904 0.7421536 0.6953720 0.7389514 0.6386418 0.6791588 0.7441810 0.6974855 0.8422126 0.9429029 0.7582515 0.7696835 0.8434387 0.8694143 0.6092894 0.7433587 0.8049391 0.9529841 0.8999576 0.8247244 0.9368757 1.0898369 0.8458255 0.9755312 0.8170058 0.9442580 0.8425306 0.9760290 0.7868170 0.8780433 
Naumovozyma_dairenensis                     0.9357637 0.7511573 0.9859247 0.6671481 0.8939881 1.0924575 0.9045317 0.8773941 0.7436194 0.0000000 6.6322208 0.7875067 0.7786727 0.8089211 0.8373976 0.7506628 0.7652793 0.7418376 0.7584079 0.8793614 0.8469024 0.8519645 0.7433889 1.0181789 0.7056459 0.7954123 1.0227818 1.0538371 0.9772602 0.8089023 0.9143392 0.8806228 0.8902026 0.7865113 0.8330031 0.7914602 0.8231956 1.0528207 0.8214724 0.7265138 
Neurospora_crassa                           7.0394901 5.2347021 5.4831991 6.7901050 5.5260927 5.5774445 6.2252572 5.6996711 6.5838904 6.6322208 0.0000000 6.6511965 6.4956967 6.6059725 6.8968308 6.6741681 6.7753050 6.5804261 6.0627358 8.8291370 6.7856402 5.8054588 6.6207792 6.3712115 5.6049791 6.1405600 5.1767857 5.9223593 5.2366509 5.3139691 6.8833698 7.1829138 5.4451739 6.9113853 5.6441177 5.6879180 7.4236495 7.3053927 7.1378786 7.1663437 
Saccharomyces_arboricola                    0.7592151 0.6133513 0.8711750 0.9415112 0.7365764 1.2172880 0.9014403 0.9363357 0.7421536 0.7875067 6.6511965 0.0000000 0.2514595 0.2591195 0.2081439 0.2149473 0.2022914 0.2183150 1.0036324 0.8967716 0.9810480 0.6839367 0.7050104 0.8705633 0.6707333 0.7050144 0.7917248 0.8776642 0.8179211 0.6510525 0.7298814 0.8550838 0.6916650 0.8738659 0.6907075 0.7495893 0.9084748 0.9716592 0.9335583 1.0053673 
Saccharomyces_cerevisiae                    0.7046461 0.6056982 0.9431451 0.9005452 0.7581201 1.1233850 0.9497162 0.8359468 0.6953720 0.7786727 6.4956967 0.2514595 0.0000000 0.3072144 0.2322971 0.2303287 0.1203680 0.2501346 0.9754280 0.8602439 1.0290661 0.7109908 0.7845436 0.8987097 0.6577677 0.7493764 0.7633398 0.8973768 0.7981239 0.7555009 0.7768257 0.8390574 0.7838896 0.8799375 0.7948714 0.7131611 0.8339851 0.9878965 0.9049502 0.9973128 
Saccharomyces_eubayanus                     0.8020063 0.6883841 0.8388330 0.8617894 0.7807115 1.1192127 0.9686497 0.9165694 0.7389514 0.8089211 6.6059725 0.2591195 0.3072144 0.0000000 0.2677423 0.2992662 0.2990680 0.0813887 0.9888415 0.8994974 1.1030605 0.7378537 0.8315041 0.8301072 0.7740342 0.8677047 0.7537981 0.8659034 0.7576196 0.8247969 0.7257755 0.9349205 0.7417723 0.8857078 0.7831419 0.8677469 0.9540340 1.0607702 0.9365704 1.0194306 
Saccharomyces_kudriavzevii                  0.7717738 0.6302370 0.9570524 0.9408291 0.7159609 1.1743689 0.7881991 0.8713067 0.6386418 0.8373976 6.8968308 0.2081439 0.2322971 0.2677423 0.0000000 0.2185775 0.2056992 0.2370759 0.9412529 1.0036663 1.0296282 0.7234451 0.7878933 0.8343778 0.6774696 0.7558738 0.8098433 0.8820152 0.7271726 0.7322258 0.7240966 0.9121641 0.7497413 0.8973816 0.7259813 0.7974113 0.9089597 0.9720948 0.9226320 1.0284346 
Saccharomyces_mikatae                       0.7613722 0.5949860 0.8955503 0.8538883 0.6937660 1.1394663 0.8343454 0.7893536 0.6791588 0.7506628 6.6741681 0.2149473 0.2303287 0.2992662 0.2185775 0.0000000 0.1662814 0.2779250 1.0094315 0.8515137 1.0169229 0.6853259 0.7422344 0.7873609 0.6493009 0.7807328 0.7172629 0.8953639 0.8046344 0.7461250 0.6915315 0.8413556 0.7243804 0.9127130 0.7234552 0.7124139 0.9133115 1.0138690 0.9403581 0.9544116 
Saccharomyces_paradoxus                     0.7304845 0.5702381 0.8867479 0.8611440 0.7237165 1.1500921 0.8530500 0.8295869 0.7441810 0.7652793 6.7753050 0.2022914 0.1203680 0.2990680 0.2056992 0.1662814 0.0000000 0.2392179 0.9184071 0.7806760 0.9682314 0.6898432 0.7894459 0.8318640 0.6630945 0.7265136 0.7874578 0.8564327 0.7768859 0.7375234 0.7388685 0.8117251 0.7375126 0.8295187 0.7308400 0.7552621 0.8430304 0.9474806 0.8789320 0.9387440 
Saccharomyces_uvarum                        0.8090649 0.6336919 0.8947359 0.8383194 0.7453197 1.1552124 0.9115045 0.8693634 0.6974855 0.7418376 6.5804261 0.2183150 0.2501346 0.0813887 0.2370759 0.2779250 0.2392179 0.0000000 1.0053291 0.8203587 1.0109623 0.6958715 0.7370513 0.8291601 0.7304303 0.7305043 0.8469325 0.8803478 0.7446332 0.7419902 0.7293539 0.8859691 0.7272538 0.8596118 0.7336351 0.7903920 0.8584511 1.0240107 0.8620581 0.9573629 
Tetrapisispora_blattae                      0.8155055 0.9204283 1.2199643 0.9323951 0.8554397 1.1260058 0.8857984 0.8424740 0.8422126 0.7584079 6.0627358 1.0036324 0.9754280 0.9888415 0.9412529 1.0094315 0.9184071 1.0053291 0.0000000 0.9670209 0.9315408 1.0550272 0.8862562 0.9788769 0.9198836 0.9049787 1.0642628 1.1173743 1.2322513 0.8657498 1.0316903 1.1948281 0.9615932 1.0137246 0.9092158 0.8573528 0.8045524 0.8157596 0.7382280 0.4600896 
Tetrapisispora_phaffii                      1.1332405 0.9984342 1.3922776 0.8473680 1.0154525 1.1602409 1.0853724 0.9800301 0.9429029 0.8793614 8.8291370 0.8967716 0.8602439 0.8994974 1.0036663 0.8515137 0.7806760 0.8203587 0.9670209 0.0000000 0.4911260 1.1018498 0.8475188 0.9167735 0.9750715 0.8620872 1.1884241 1.2706372 1.1844713 0.9140124 0.9222394 0.9976903 1.0329079 1.1944635 0.9323663 0.8701620 0.2529627 0.5710315 0.3238140 0.8592821 
Vanderwaltozyma_polyspora                   0.9848303 0.9253665 1.2487627 0.9879918 0.8862139 1.1959627 0.9536233 0.8377296 0.7582515 0.8469024 6.7856402 0.9810480 1.0290661 1.1030605 1.0296282 1.0169229 0.9682314 1.0109623 0.9315408 0.4911260 0.0000000 0.9604499 0.8305567 1.0517190 0.9219366 0.8172485 1.1364009 1.1930267 1.1676590 0.9484275 0.9134459 1.1081283 0.9014512 1.0842520 0.8524010 0.8808056 0.5035979 0.5956686 0.5632146 0.8784883 
yHAB132_Kazachstania_martiniae              0.8194324 0.5819157 0.8102490 0.9128770 0.8840553 1.1699896 0.9661959 0.8267728 0.7696835 0.8519645 5.8054588 0.6839367 0.7109908 0.7378537 0.7234451 0.6853259 0.6898432 0.6958715 1.0550272 1.1018498 0.9604499 0.0000000 0.5164747 0.6309436 0.5501502 0.5417146 0.6222113 0.8378036 0.7529292 0.5920098 0.6037349 0.7667155 0.6324790 0.6014827 0.5567297 0.5852798 0.9503970 1.2421163 1.0328005 1.1387295 
yHAB133_Kazachstania_unispora               0.9845477 0.5785826 0.7442492 0.9924482 0.8861095 1.1124507 0.9127872 0.7264013 0.8434387 0.7433889 6.6207792 0.7050104 0.7845436 0.8315041 0.7878933 0.7422344 0.7894459 0.7370513 0.8862562 0.8475188 0.8305567 0.5164747 0.0000000 0.5978765 0.3629794 0.1795944 0.6306384 0.9405452 0.8949632 0.3630234 0.5192699 0.5954977 0.2466482 0.5905790 0.2137683 0.3191200 0.8366721 0.9757613 0.9247923 0.8539800 
yHAB134_Kazachstania_turicensis             0.9370550 0.6604355 0.9237553 1.0273011 0.9032887 1.2676170 1.1296032 0.9713573 0.8694143 1.0181789 6.3712115 0.8705633 0.8987097 0.8301072 0.8343778 0.7873609 0.8318640 0.8291601 0.9788769 0.9167735 1.0517190 0.6309436 0.5978765 0.0000000 0.6387621 0.6464326 0.8311729 1.1503985 0.7855428 0.6388898 0.5360126 0.8176594 0.7584432 0.5880784 0.7365844 0.7098011 0.9017258 1.1679323 0.9834742 1.0042122 
yHAB136_Kazachstania_bromeliacearum         0.9140855 0.5513101 0.6080039 0.9774169 0.8104252 1.0155161 0.9362175 0.8025908 0.6092894 0.7056459 5.6049791 0.6707333 0.6577677 0.7740342 0.6774696 0.6493009 0.6630945 0.7304303 0.9198836 0.9750715 0.9219366 0.5501502 0.3629794 0.6387621 0.0000000 0.3730271 0.4959239 0.8283984 0.7771838 0.4338416 0.6633511 0.7125059 0.5153581 0.6422597 0.4932444 0.4520418 0.8336527 1.1140839 0.8487273 0.8837491 
yHAB143_Kazachstania_siamensis              1.0755155 0.5836552 0.7648367 0.9619017 0.8460480 1.1521167 0.8588250 0.8653048 0.7433587 0.7954123 6.1405600 0.7050144 0.7493764 0.8677047 0.7558738 0.7807328 0.7265136 0.7305043 0.9049787 0.8620872 0.8172485 0.5417146 0.1795944 0.6464326 0.3730271 0.0000000 0.6141102 0.8692553 0.8820610 0.3936781 0.5517763 0.4837935 0.2875520 0.6816360 0.2590998 0.3442911 0.8601142 1.0234797 1.0210007 0.7004874 
yHAB147_Kazachstania_taianensis             0.9640974 0.6869833 0.7126623 1.0498053 0.9059426 1.0789165 1.0522798 0.9170517 0.8049391 1.0227818 5.1767857 0.7917248 0.7633398 0.7537981 0.8098433 0.7172629 0.7874578 0.8469325 1.0642628 1.1884241 1.1364009 0.6222113 0.6306384 0.8311729 0.4959239 0.6141102 0.0000000 0.7471700 0.7056490 0.6618958 0.7933077 0.8946328 0.5492656 0.8921459 0.6348158 0.6531827 1.1354151 1.3343607 1.0733854 1.1518513 
yHAB148_Kazachstania_intestinalis           1.0455107 0.9218739 0.8175209 1.0823049 1.1274228 1.1099163 1.1639754 1.1415969 0.9529841 1.0538371 5.9223593 0.8776642 0.8973768 0.8659034 0.8820152 0.8953639 0.8564327 0.8803478 1.1173743 1.2706372 1.1930267 0.8378036 0.9405452 1.1503985 0.8283984 0.8692553 0.7471700 0.0000000 0.9068766 0.7789124 1.0036999 1.0304488 0.7856655 1.0009708 0.8327171 0.8211101 1.1740407 1.3727883 1.1321635 1.3502617 
yHAB153_Kazachstania_rosinii                1.1279830 0.6362131 0.6712303 1.2542945 1.0090105 1.2612566 1.1006063 1.0442950 0.8999576 0.9772602 5.2366509 0.8179211 0.7981239 0.7576196 0.7271726 0.8046344 0.7768859 0.7446332 1.2322513 1.1844713 1.1676590 0.7529292 0.8949632 0.7855428 0.7771838 0.8820610 0.7056490 0.9068766 0.0000000 0.8790393 0.7642525 0.7118303 0.7614109 0.7291480 0.8020524 0.8776043 1.3846366 1.2420498 1.2636399 1.1888369 
yHAB154_Kazachstania_transvaalensis         1.0032784 0.5593410 0.7195057 0.9937940 0.8979267 1.0006090 0.9554112 0.8038516 0.8247244 0.8089023 5.3139691 0.6510525 0.7555009 0.8247969 0.7322258 0.7461250 0.7375234 0.7419902 0.8657498 0.9140124 0.9484275 0.5920098 0.3630234 0.6388898 0.4338416 0.3936781 0.6618958 0.7789124 0.8790393 0.0000000 0.5953068 0.7998926 0.5362185 0.7295348 0.4452522 0.2191595 0.7945766 1.0671851 0.8440003 0.8516240 
yHAB155_Kazachstania_spencerorum            0.8534642 0.6043950 0.9413636 1.0416891 0.8341271 1.2996380 0.9542806 0.8316519 0.9368757 0.9143392 6.8833698 0.7298814 0.7768257 0.7257755 0.7240966 0.6915315 0.7388685 0.7293539 1.0316903 0.9222394 0.9134459 0.6037349 0.5192699 0.5360126 0.6633511 0.5517763 0.7933077 1.0036999 0.7642525 0.5953068 0.0000000 0.6071186 0.6107212 0.6286676 0.5921404 0.6104215 0.8974278 1.1466327 1.0134046 0.8951474 
yHAB158_Kazachstania_viticola               1.1197637 0.6057084 0.9332866 1.0245986 1.0458468 1.5051455 0.9952170 0.9849267 1.0898369 0.8806228 7.1829138 0.8550838 0.8390574 0.9349205 0.9121641 0.8413556 0.8117251 0.8859691 1.1948281 0.9976903 1.1081283 0.7667155 0.5954977 0.8176594 0.7125059 0.4837935 0.8946328 1.0304488 0.7118303 0.7998926 0.6071186 0.0000000 0.7112083 0.7566599 0.6794200 0.7120748 1.0345967 1.1374458 1.1259343 0.8234911 
yHAB159_Kazachstania_solicola               1.0615977 0.6161575 0.8031596 0.9986059 0.8969018 1.1323851 0.8793929 0.8638979 0.8458255 0.8902026 5.4451739 0.6916650 0.7838896 0.7417723 0.7497413 0.7243804 0.7375126 0.7272538 0.9615932 1.0329079 0.9014512 0.6324790 0.2466482 0.7584432 0.5153581 0.2875520 0.5492656 0.7856655 0.7614109 0.5362185 0.6107212 0.7112083 0.0000000 0.7445749 0.1060338 0.4575345 0.9917400 1.0839341 1.0514519 0.9326211 
yHAB160_Kazachstania_kunashirensis          1.0650718 0.5670117 0.7316573 0.9947089 1.0222263 1.2111758 1.1213984 0.8958305 0.9755312 0.7865113 6.9113853 0.8738659 0.8799375 0.8857078 0.8973816 0.9127130 0.8295187 0.8596118 1.0137246 1.1944635 1.0842520 0.6014827 0.5905790 0.5880784 0.6422597 0.6816360 0.8921459 1.0009708 0.7291480 0.7295348 0.6286676 0.7566599 0.7445749 0.0000000 0.7148971 0.7289016 1.0740439 1.0551017 1.1359328 1.1226850 
yHAB164_Kazachstania_aerobia                0.9931682 0.5581092 0.7686577 0.9773645 0.9256369 1.1062935 0.8884867 0.7898148 0.8170058 0.8330031 5.6441177 0.6907075 0.7948714 0.7831419 0.7259813 0.7234552 0.7308400 0.7336351 0.9092158 0.9323663 0.8524010 0.5567297 0.2137683 0.7365844 0.4932444 0.2590998 0.6348158 0.8327171 0.8020524 0.4452522 0.5921404 0.6794200 0.1060338 0.7148971 0.0000000 0.4029955 0.9300870 1.0412893 0.9485971 0.8770388 
yHAB166_Kazachstania_yakushimaensis         1.0254633 0.5304842 0.7651611 1.0400878 0.8642108 0.9807908 0.8998151 0.8528991 0.9442580 0.7914602 5.6879180 0.7495893 0.7131611 0.8677469 0.7974113 0.7124139 0.7552621 0.7903920 0.8573528 0.8701620 0.8808056 0.5852798 0.3191200 0.7098011 0.4520418 0.3442911 0.6531827 0.8211101 0.8776043 0.2191595 0.6104215 0.7120748 0.4575345 0.7289016 0.4029955 0.0000000 0.8778345 1.0033709 0.9580821 0.9378897 
yHMPu5000034875_Tetrapisispora_fleetii      0.8785879 0.8484271 1.2898111 0.8425790 0.8932029 1.2156038 1.0358977 0.9621008 0.8425306 0.8231956 7.4236495 0.9084748 0.8339851 0.9540340 0.9089597 0.9133115 0.8430304 0.8584511 0.8045524 0.2529627 0.5035979 0.9503970 0.8366721 0.9017258 0.8336527 0.8601142 1.1354151 1.1740407 1.3846366 0.7945766 0.8974278 1.0345967 0.9917400 1.0740439 0.9300870 0.8778345 0.0000000 0.5170611 0.1400775 0.8470857 
yHMPu5000034876_Tetrapisispora_iriomotensis 0.9970688 1.0436605 1.1942797 1.0556093 1.0396491 1.0286553 0.9984913 0.9284209 0.9760290 1.0528207 7.3053927 0.9716592 0.9878965 1.0607702 0.9720948 1.0138690 0.9474806 1.0240107 0.8157596 0.5710315 0.5956686 1.2421163 0.9757613 1.1679323 1.1140839 1.0234797 1.3343607 1.3727883 1.2420498 1.0671851 1.1466327 1.1374458 1.0839341 1.0551017 1.0412893 1.0033709 0.5170611 0.0000000 0.5551327 0.9824975 
yHMPu5000034877_Tetrapisispora_namnaonensis 0.9286801 0.8366501 1.3325606 0.8444818 0.9481059 1.1823116 1.0256824 0.9431768 0.7868170 0.8214724 7.1378786 0.9335583 0.9049502 0.9365704 0.9226320 0.9403581 0.8789320 0.8620581 0.7382280 0.3238140 0.5632146 1.0328005 0.9247923 0.9834742 0.8487273 1.0210007 1.0733854 1.1321635 1.2636399 0.8440003 1.0134046 1.1259343 1.0514519 1.1359328 0.9485971 0.9580821 0.1400775 0.5551327 0.0000000 0.9025570 
yHMPu5000035629_Yueomyces_sinensis          0.8919384 0.7810516 1.2197290 0.9606212 0.8421442 1.0022849 0.7812157 0.7694379 0.8780433 0.7265138 7.1663437 1.0053673 0.9973128 1.0194306 1.0284346 0.9544116 0.9387440 0.9573629 0.4600896 0.8592821 0.8784883 1.1387295 0.8539800 1.0042122 0.8837491 0.7004874 1.1518513 1.3502617 1.1888369 0.8516240 0.8951474 0.8234911 0.9326211 1.1226850 0.8770388 0.9378897 0.8470857 0.9824975 0.9025570 0.0000000 
