40
Candida_glabrata                            0.0000000 1.5136694 1.7912407 2.7094639 0.8166979 1.6975968 0.8583033 0.7196249 1.2150390 1.3809499 4.6693319 1.3130533 1.3156871 1.2795208 1.2864529 1.3456507 1.2707161 1.2907805 1.5292966 1.4597864 1.3920717 1.3707642 1.3585200 1.3722122 1.4062745 1.4010591 1.4045454 2.0333598 1.4915878 2.1289037 1.4463811 1.5756891 1.3943728 1.3486138 1.3795503 2.0711731 1.4236528 1.3613342 1.4660806 1.2865085 
Kazachstania_africana                       1.5136694 0.0000000 1.7077863 2.4599909 1.4443663 1.7202038 1.5607931 1.3634637 1.1779818 1.1285721 5.1833896 1.2944850 1.2680467 1.2692898 1.3190523 1.3053296 1.2746368 1.2839092 1.4230092 1.4466581 1.3471641 1.0070883 1.2023257 1.0078877 1.1542343 1.2219510 1.2623750 1.7385361 1.1335241 1.6537784 1.0096420 1.0316370 1.2257823 1.0634879 1.2495017 1.5738510 1.4595942 1.3163429 1.5093373 1.1970003 
Kazachstania_naganishii                     1.7912407 1.7077863 0.0000000 2.6563113 1.8263181 2.2115883 1.8029431 1.7393099 1.6409497 1.6811906 4.6364544 1.7214810 1.7562303 1.7269519 1.7109428 1.6977659 1.7774707 1.7821294 1.8612492 1.8948245 1.7294783 1.5276112 1.3971225 1.5757250 1.3661307 1.4613335 1.2681044 1.8963800 1.4049503 1.8161182 1.4898936 1.7397082 1.4494533 1.5985725 1.3660662 1.7702916 1.9236669 1.7471266 1.9428348 1.7761138 
Nakaseomyces_bacillisporus                  2.7094639 2.4599909 2.6563113 0.0000000 2.5269191 2.4751409 2.4748838 2.4521740 2.2474699 2.3667564 6.1122615 2.4388661 2.4139114 2.3863570 2.3306659 2.3870049 2.4556559 2.3737211 2.3147564 2.6280841 2.3596979 2.4631030 2.3763561 2.3501864 2.3786895 2.3881054 2.4241817 2.8307860 2.3775109 2.4866879 2.4231763 2.5769529 2.4411499 2.4736824 2.1051394 2.4473367 2.5062425 2.5621669 2.5634252 2.2180928 
Nakaseomyces_bracarensis                    0.8166979 1.4443663 1.8263181 2.5269191 0.0000000 1.8017754 0.6105070 0.4699990 1.3059581 1.1925732 4.7399322 1.2778601 1.2676977 1.2866865 1.2726785 1.2992170 1.2986799 1.2920036 1.4189629 1.4061871 1.3295503 1.2801017 1.2486871 1.4149825 1.3154183 1.3600626 1.2930240 1.9839205 1.4145042 1.9022108 1.3380767 1.4913596 1.3108772 1.3329426 1.3491266 1.8452205 1.3322831 1.2800408 1.3577470 1.2768916 
Nakaseomyces_castellii                      1.6975968 1.7202038 2.2115883 2.4751409 1.8017754 0.0000000 1.7708732 1.7051610 1.6804734 1.6802490 5.1456873 1.7494662 1.7197105 1.7076005 1.7439887 1.7689140 1.7403146 1.6970124 1.7172600 1.7552301 1.7600444 1.7315896 1.7079272 1.8411037 1.7861207 1.7712639 1.8313996 2.2913102 1.8726312 2.2061208 1.7283641 1.9178829 1.7475101 1.8679742 1.7780090 2.2523594 1.8496854 1.7566336 1.8511120 1.7533513 
Nakaseomyces_delphensis                     0.8583033 1.5607931 1.8029431 2.4748838 0.6105070 1.7708732 0.0000000 0.4462698 1.2924150 1.2940249 4.8296229 1.2320278 1.3160498 1.2450773 1.2828665 1.2864309 1.3127462 1.2327750 1.3682610 1.4363407 1.2655430 1.4153811 1.3647924 1.4527497 1.4610618 1.4356092 1.3514447 2.1061107 1.5138286 1.9588162 1.4380292 1.6386255 1.3865149 1.4494621 1.4165276 1.9520480 1.4410602 1.3695583 1.4512120 1.3717331 
Nakaseomyces_nivariensis                    0.7196249 1.3634637 1.7393099 2.4521740 0.4699990 1.7051610 0.4462698 0.0000000 1.1708256 1.2304723 4.6951129 1.1887582 1.2532561 1.1588177 1.1990560 1.2325514 1.1994575 1.1569926 1.3174333 1.3440711 1.1981105 1.2689494 1.2122482 1.3048797 1.3091591 1.3356024 1.2738644 1.9904712 1.3728016 1.9479562 1.2789264 1.4909060 1.2847659 1.3145507 1.2670050 1.9003206 1.3297253 1.2289122 1.3372169 1.2612751 
Naumovozyma_castellii                       1.2150390 1.1779818 1.6409497 2.2474699 1.3059581 1.6804734 1.2924150 1.1708256 0.0000000 0.8331854 4.5525588 1.1071546 1.1321478 1.0871409 1.1340873 1.1266218 1.1132522 1.0938183 1.2825389 1.2459954 1.2583567 1.0393164 1.0899845 1.1622826 1.1404156 1.2111628 1.2191935 1.7164214 1.2470428 1.6986452 1.0573378 1.1506777 1.1787392 1.1331617 1.2466476 1.5734892 1.2525251 1.1662208 1.2168714 1.1266020 
Naumovozyma_dairenensis                     1.3809499 1.1285721 1.6811906 2.3667564 1.1925732 1.6802490 1.2940249 1.2304723 0.8331854 0.0000000 5.3492225 1.0619195 1.1119864 1.0820803 1.0776682 1.0727078 1.0967567 1.0680601 1.2287165 1.2070675 1.1990932 0.9926492 1.1238520 1.0914323 1.0881068 1.1855392 1.2166009 1.7625607 1.1921326 1.5739933 0.9906610 1.2260019 1.1788361 1.0880960 1.1703350 1.5076762 1.1879211 1.1098904 1.1919780 1.1381780 
Neurospora_crassa                           4.6693319 5.1833896 4.6364544 6.1122615 4.7399322 5.1456873 4.8296229 4.6951129 4.5525588 5.3492225 0.0000000 5.2157991 5.3615375 5.0803637 4.9444956 5.1430009 5.2286830 5.2018903 5.1590216 5.9085553 5.2512102 5.2114626 4.9427595 5.5599003 5.5444076 5.2924380 4.5316662 4.8396833 4.0373562 6.5750549 5.2246980 6.0141914 4.5720850 4.9637344 4.6858186 6.4178347 5.9207254 5.4433988 6.0556826 4.9635625 
Saccharomyces_arboricola                    1.3130533 1.2944850 1.7214810 2.4388661 1.2778601 1.7494662 1.2320278 1.1887582 1.1071546 1.0619195 5.2157991 0.0000000 0.3359356 0.2554803 0.2692277 0.3269330 0.2875802 0.2377303 1.2546235 1.2928584 1.2461112 1.1239799 1.2960204 1.2320973 1.2717355 1.2956466 1.2009829 1.9036931 1.3546899 1.7978758 1.1324674 1.3283081 1.3160570 1.2091960 1.3975137 1.8149045 1.3674344 1.1831638 1.3310245 1.1231357 
Saccharomyces_cerevisiae                    1.3156871 1.2680467 1.7562303 2.4139114 1.2676977 1.7197105 1.3160498 1.2532561 1.1321478 1.1119864 5.3615375 0.3359356 0.0000000 0.3386380 0.2978857 0.2413766 0.1444927 0.3216788 1.2664898 1.3004469 1.2389878 1.1370854 1.2983399 1.2530380 1.2640412 1.3403762 1.2099222 1.8612357 1.3515337 1.8676644 1.1752750 1.2897974 1.3836624 1.2240613 1.4040979 1.8816114 1.3532879 1.2081015 1.3508697 1.1729536 
Saccharomyces_eubayanus                     1.2795208 1.2692898 1.7269519 2.3863570 1.2866865 1.7076005 1.2450773 1.1588177 1.0871409 1.0820803 5.0803637 0.2554803 0.3386380 0.0000000 0.2639091 0.3220740 0.2735617 0.0778261 1.2453382 1.2861182 1.2186760 1.1205319 1.2578402 1.2072605 1.1949820 1.2869281 1.2332895 1.8466918 1.3377422 1.8041403 1.1294135 1.2959470 1.2746150 1.1759347 1.3266260 1.8885997 1.3305308 1.1600235 1.3417001 1.1163478 
Saccharomyces_kudriavzevii                  1.2864529 1.3190523 1.7109428 2.3306659 1.2726785 1.7439887 1.2828665 1.1990560 1.1340873 1.0776682 4.9444956 0.2692277 0.2978857 0.2639091 0.0000000 0.2906830 0.2610018 0.2455309 1.2262476 1.2964012 1.2511312 1.1358689 1.3180218 1.1981451 1.2570398 1.3364008 1.2462886 1.8817958 1.3778229 1.9094404 1.1158325 1.2939874 1.3574473 1.2200832 1.3658097 1.9240128 1.3747488 1.1848417 1.3879061 1.1485934 
Saccharomyces_mikatae                       1.3456507 1.3053296 1.6977659 2.3870049 1.2992170 1.7689140 1.2864309 1.2325514 1.1266218 1.0727078 5.1430009 0.3269330 0.2413766 0.3220740 0.2906830 0.0000000 0.2014242 0.3065749 1.2528231 1.3110727 1.2591956 1.1464108 1.3144912 1.2142443 1.2606430 1.3212931 1.2657389 1.8851207 1.3875387 1.8403811 1.1678782 1.3383717 1.3473109 1.2775085 1.3807439 1.8302803 1.3281775 1.1932379 1.3499655 1.1986647 
Saccharomyces_paradoxus                     1.2707161 1.2746368 1.7774707 2.4556559 1.2986799 1.7403146 1.3127462 1.1994575 1.1132522 1.0967567 5.2286830 0.2875802 0.1444927 0.2735617 0.2610018 0.2014242 0.0000000 0.2629074 1.2560816 1.3225965 1.2604003 1.1199422 1.2863935 1.2136757 1.2573148 1.3297381 1.1916461 1.8872991 1.3499268 1.8514593 1.1421152 1.3112151 1.3735345 1.2246085 1.4183190 1.8642328 1.3676633 1.1749598 1.3821434 1.1728115 
Saccharomyces_uvarum                        1.2907805 1.2839092 1.7821294 2.3737211 1.2920036 1.6970124 1.2327750 1.1569926 1.0938183 1.0680601 5.2018903 0.2377303 0.3216788 0.0778261 0.2455309 0.3065749 0.2629074 0.0000000 1.2591694 1.3025123 1.2185646 1.1215544 1.2610545 1.1973849 1.1937258 1.2807976 1.2419288 1.8358681 1.3216367 1.8042726 1.1298329 1.3089839 1.2894733 1.1738092 1.3282277 1.8538445 1.3491040 1.1689220 1.3629993 1.1158109 
Tetrapisispora_blattae                      1.5292966 1.4230092 1.8612492 2.3147564 1.4189629 1.7172600 1.3682610 1.3174333 1.2825389 1.2287165 5.1590216 1.2546235 1.2664898 1.2453382 1.2262476 1.2528231 1.2560816 1.2591694 0.0000000 1.3171537 1.2114970 1.1345578 1.2703947 1.2868237 1.2781508 1.3158677 1.4004902 1.7840101 1.4743580 1.7653358 1.2172495 1.3623490 1.3248856 1.2746302 1.2890195 1.7715854 1.3099423 1.1913343 1.3318489 0.9166434 
Tetrapisispora_phaffii                      1.4597864 1.4466581 1.8948245 2.6280841 1.4061871 1.7552301 1.4363407 1.3440711 1.2459954 1.2070675 5.9085553 1.2928584 1.3004469 1.2861182 1.2964012 1.3110727 1.3225965 1.3025123 1.3171537 0.0000000 1.0999576 1.1316112 1.3323429 1.3539550 1.2805934 1.4296417 1.3577998 1.9274862 1.4535748 1.8493463 1.3394179 1.4773578 1.3941236 1.3731157 1.4053120 1.7386050 0.4676571 0.6057960 0.4522464 1.1182869 
Vanderwaltozyma_polyspora                   1.3920717 1.3471641 1.7294783 2.3596979 1.3295503 1.7600444 1.2655430 1.1981105 1.2583567 1.1990932 5.2512102 1.2461112 1.2389878 1.2186760 1.2511312 1.2591956 1.2604003 1.2185646 1.2114970 1.0999576 0.0000000 1.0298043 1.2191140 1.2085628 1.2258001 1.3053676 1.2948628 1.8778060 1.3405442 1.6788764 1.1776488 1.4316568 1.2792366 1.2562071 1.2359156 1.6348899 1.0885344 0.9392079 1.1417895 1.0219687 
yHAB132_Kazachstania_martiniae              1.3707642 1.0070883 1.5276112 2.4631030 1.2801017 1.7315896 1.4153811 1.2689494 1.0393164 0.9926492 5.2114626 1.1239799 1.1370854 1.1205319 1.1358689 1.1464108 1.1199422 1.1215544 1.1345578 1.1316112 1.0298043 0.0000000 0.8234132 0.8775300 0.8264861 0.8626833 0.9627892 1.5024708 1.0667365 1.4103707 0.8666516 1.0881721 0.8458457 0.9156236 0.8131164 1.2871533 1.1335272 1.0277951 1.1745531 0.9936121 
yHAB133_Kazachstania_unispora               1.3585200 1.2023257 1.3971225 2.3763561 1.2486871 1.7079272 1.3647924 1.2122482 1.0899845 1.1238520 4.9427595 1.2960204 1.2983399 1.2578402 1.3180218 1.3144912 1.2863935 1.2610545 1.2703947 1.3323429 1.2191140 0.8234132 0.0000000 1.0310379 0.6626448 0.3527867 0.7857618 1.5535138 1.1839327 1.3389787 0.9910263 1.1999941 0.2226251 1.0966139 0.2517825 1.2272313 1.3894603 1.2405120 1.4228109 1.1415339 
yHAB134_Kazachstania_turicensis             1.3722122 1.0078877 1.5757250 2.3501864 1.4149825 1.8411037 1.4527497 1.3048797 1.1622826 1.0914323 5.5599003 1.2320973 1.2530380 1.2072605 1.1981451 1.2142443 1.2136757 1.1973849 1.2868237 1.3539550 1.2085628 0.8775300 1.0310379 0.0000000 0.9849041 1.0385964 1.1730654 1.7178598 0.9012947 1.6033824 0.7764706 1.0104910 1.0754746 0.5927595 1.0517549 1.4560977 1.4008651 1.2174548 1.4017131 1.1226821 
yHAB136_Kazachstania_bromeliacearum         1.4062745 1.1542343 1.3661307 2.3786895 1.3154183 1.7861207 1.4610618 1.3091591 1.1404156 1.0881068 5.5444076 1.2717355 1.2640412 1.1949820 1.2570398 1.2606430 1.2573148 1.1937258 1.2781508 1.2805934 1.2258001 0.8264861 0.6626448 0.9849041 0.0000000 0.7471107 0.7931258 1.4284806 1.0690147 1.3343062 0.9392916 1.0774428 0.7305416 1.0419719 0.7293546 1.2533937 1.3098321 1.2025759 1.3614431 1.1565619 
yHAB143_Kazachstania_siamensis              1.4010591 1.2219510 1.4613335 2.3881054 1.3600626 1.7712639 1.4356092 1.3356024 1.2111628 1.1855392 5.2924380 1.2956466 1.3403762 1.2869281 1.3364008 1.3212931 1.3297381 1.2807976 1.3158677 1.4296417 1.3053676 0.8626833 0.3527867 1.0385964 0.7471107 0.0000000 0.8210049 1.6184139 1.2786066 1.3346775 1.0358894 1.2587668 0.4178988 1.1063341 0.3920208 1.2429379 1.4224967 1.3039402 1.4567040 1.2166091 
yHAB147_Kazachstania_taianensis             1.4045454 1.2623750 1.2681044 2.4241817 1.2930240 1.8313996 1.3514447 1.2738644 1.2191935 1.2166009 4.5316662 1.2009829 1.2099222 1.2332895 1.2462886 1.2657389 1.1916461 1.2419288 1.4004902 1.3577998 1.2948628 0.9627892 0.7857618 1.1730654 0.7931258 0.8210049 0.0000000 1.6237568 1.1239421 1.4165454 1.0451456 1.3226170 0.8001251 1.1999908 0.8116473 1.3907464 1.2875605 1.3257341 1.3883328 1.2309918 
yHAB148_Kazachstania_intestinalis           2.0333598 1.7385361 1.8963800 2.8307860 1.9839205 2.2913102 2.1061107 1.9904712 1.7164214 1.7625607 4.8396833 1.9036931 1.8612357 1.8466918 1.8817958 1.8851207 1.8872991 1.8358681 1.7840101 1.9274862 1.8778060 1.5024708 1.5535138 1.7178598 1.4284806 1.6184139 1.6237568 0.0000000 1.5762122 1.9824699 1.6977340 1.7597866 1.6317665 1.8316239 1.5680856 1.9334178 2.0044968 1.9127184 2.0863048 1.7917042 
yHAB153_Kazachstania_rosinii                1.4915878 1.1335241 1.4049503 2.3775109 1.4145042 1.8726312 1.5138286 1.3728016 1.2470428 1.1921326 4.0373562 1.3546899 1.3515337 1.3377422 1.3778229 1.3875387 1.3499268 1.3216367 1.4743580 1.4535748 1.3405442 1.0667365 1.1839327 0.9012947 1.0690147 1.2786066 1.1239421 1.5762122 0.0000000 1.6897742 0.8707641 1.1348040 1.2318205 0.8589447 1.1565264 1.6627965 1.4957151 1.3978526 1.5274599 1.3620223 
yHAB154_Kazachstania_transvaalensis         2.1289037 1.6537784 1.8161182 2.4866879 1.9022108 2.2061208 1.9588162 1.9479562 1.6986452 1.5739933 6.5750549 1.7978758 1.8676644 1.8041403 1.9094404 1.8403811 1.8514593 1.8042726 1.7653358 1.8493463 1.6788764 1.4103707 1.3389787 1.6033824 1.3343062 1.3346775 1.4165454 1.9824699 1.6897742 0.0000000 1.5383852 1.5954083 1.3767920 1.6613189 1.2159057 0.4107148 1.8568076 1.7786878 1.9783991 1.5892161 
yHAB155_Kazachstania_spencerorum            1.4463811 1.0096420 1.4898936 2.4231763 1.3380767 1.7283641 1.4380292 1.2789264 1.0573378 0.9906610 5.2246980 1.1324674 1.1752750 1.1294135 1.1158325 1.1678782 1.1421152 1.1298329 1.2172495 1.3394179 1.1776488 0.8666516 0.9910263 0.7764706 0.9392916 1.0358894 1.0451456 1.6977340 0.8707641 1.5383852 0.0000000 1.0065281 1.0393068 0.7618073 1.0427764 1.4974013 1.2902684 1.2082444 1.3122367 1.1320709 
yHAB158_Kazachstania_viticola               1.5756891 1.0316370 1.7397082 2.5769529 1.4913596 1.9178829 1.6386255 1.4909060 1.1506777 1.2260019 6.0141914 1.3283081 1.2897974 1.2959470 1.2939874 1.3383717 1.3112151 1.3089839 1.3623490 1.4773578 1.4316568 1.0881721 1.1999941 1.0104910 1.0774428 1.2587668 1.3226170 1.7597866 1.1348040 1.5954083 1.0065281 0.0000000 1.2081383 1.0830422 1.2731163 1.6237931 1.4144374 1.3008387 1.4470279 1.2169540 
yHAB159_Kazachstania_solicola               1.3943728 1.2257823 1.4494533 2.4411499 1.3108772 1.7475101 1.3865149 1.2847659 1.1787392 1.1788361 4.5720850 1.3160570 1.3836624 1.2746150 1.3574473 1.3473109 1.3735345 1.2894733 1.3248856 1.3941236 1.2792366 0.8458457 0.2226251 1.0754746 0.7305416 0.4178988 0.8001251 1.6317665 1.2318205 1.3767920 1.0393068 1.2081383 0.0000000 1.0944529 0.0862719 1.2980995 1.4568429 1.3182662 1.4764337 1.1970790 
yHAB160_Kazachstania_kunashirensis          1.3486138 1.0634879 1.5985725 2.4736824 1.3329426 1.8679742 1.4494621 1.3145507 1.1331617 1.0880960 4.9637344 1.2091960 1.2240613 1.1759347 1.2200832 1.2775085 1.2246085 1.1738092 1.2746302 1.3731157 1.2562071 0.9156236 1.0966139 0.5927595 1.0419719 1.1063341 1.1999908 1.8316239 0.8589447 1.6613189 0.7618073 1.0830422 1.0944529 0.0000000 1.1246191 1.5616679 1.3169318 1.2033322 1.3686581 1.1110010 
yHAB164_Kazachstania_aerobia                1.3795503 1.2495017 1.3660662 2.1051394 1.3491266 1.7780090 1.4165276 1.2670050 1.2466476 1.1703350 4.6858186 1.3975137 1.4040979 1.3266260 1.3658097 1.3807439 1.4183190 1.3282277 1.2890195 1.4053120 1.2359156 0.8131164 0.2517825 1.0517549 0.7293546 0.3920208 0.8116473 1.5680856 1.1565264 1.2159057 1.0427764 1.2731163 0.0862719 1.1246191 0.0000000 1.1077339 1.4951954 1.3296017 1.5089432 1.1494530 
yHAB166_Kazachstania_yakushimaensis         2.0711731 1.5738510 1.7702916 2.4473367 1.8452205 2.2523594 1.9520480 1.9003206 1.5734892 1.5076762 6.4178347 1.8149045 1.8816114 1.8885997 1.9240128 1.8302803 1.8642328 1.8538445 1.7715854 1.7386050 1.6348899 1.2871533 1.2272313 1.4560977 1.2533937 1.2429379 1.3907464 1.9334178 1.6627965 0.4107148 1.4974013 1.6237931 1.2980995 1.5616679 1.1077339 0.0000000 1.8111599 1.6724913 1.8834992 1.5459483 
yHMPu5000034875_Tetrapisispora_fleetii      1.4236528 1.4595942 1.9236669 2.5062425 1.3322831 1.8496854 1.4410602 1.3297253 1.2525251 1.1879211 5.9207254 1.3674344 1.3532879 1.3305308 1.3747488 1.3281775 1.3676633 1.3491040 1.3099423 0.4676571 1.0885344 1.1335272 1.3894603 1.4008651 1.3098321 1.4224967 1.2875605 2.0044968 1.4957151 1.8568076 1.2902684 1.4144374 1.4568429 1.3169318 1.4951954 1.8111599 0.0000000 0.5931901 0.2206168 1.0976590 
yHMPu5000034876_Tetrapisispora_iriomotensis 1.3613342 1.3163429 1.7471266 2.5621669 1.2800408 1.7566336 1.3695583 1.2289122 1.1662208 1.1098904 5.4433988 1.1831638 1.2081015 1.1600235 1.1848417 1.1932379 1.1749598 1.1689220 1.1913343 0.6057960 0.9392079 1.0277951 1.2405120 1.2174548 1.2025759 1.3039402 1.3257341 1.9127184 1.3978526 1.7786878 1.2082444 1.3008387 1.3182662 1.2033322 1.3296017 1.6724913 0.5931901 0.0000000 0.5812009 0.9913255 
yHMPu5000034877_Tetrapisispora_namnaonensis 1.4660806 1.5093373 1.9428348 2.5634252 1.3577470 1.8511120 1.4512120 1.3372169 1.2168714 1.1919780 6.0556826 1.3310245 1.3508697 1.3417001 1.3879061 1.3499655 1.3821434 1.3629993 1.3318489 0.4522464 1.1417895 1.1745531 1.4228109 1.4017131 1.3614431 1.4567040 1.3883328 2.0863048 1.5274599 1.9783991 1.3122367 1.4470279 1.4764337 1.3686581 1.5089432 1.8834992 0.2206168 0.5812009 0.0000000 1.0990987 
yHMPu5000035629_Yueomyces_sinensis          1.2865085 1.1970003 1.7761138 2.2180928 1.2768916 1.7533513 1.3717331 1.2612751 1.1266020 1.1381780 4.9635625 1.1231357 1.1729536 1.1163478 1.1485934 1.1986647 1.1728115 1.1158109 0.9166434 1.1182869 1.0219687 0.9936121 1.1415339 1.1226821 1.1565619 1.2166091 1.2309918 1.7917042 1.3620223 1.5892161 1.1320709 1.2169540 1.1970790 1.1110010 1.1494530 1.5459483 1.0976590 0.9913255 1.0990987 0.0000000 
