40
Candida_glabrata                            0.0000000 1.4829828 1.6609212 1.5996534 0.9726286 1.8787655 0.9781558 0.9477315 1.5948866 1.5349667 3.6216832 1.5929442 1.5395419 1.5831436 1.5904021 1.5201315 1.5044371 1.5545800 1.9365313 1.6032636 1.4267128 1.4246030 1.5038011 1.3258139 1.4310179 1.4889132 1.6768666 1.6034109 1.4899760 1.5203888 1.3113761 1.4263151 1.4561860 1.3844177 1.4587450 1.4351552 1.5147461 1.4828456 1.5554094 1.9488284 
Kazachstania_africana                       1.4829828 0.0000000 1.5390044 1.5543450 1.3366678 2.0550138 1.3900309 1.2890149 1.3298141 1.2803133 3.5741085 1.4870731 1.4547857 1.5931819 1.5053478 1.4922955 1.4698734 1.5417645 1.8371242 1.3527338 1.1801058 1.2184189 1.2560189 1.0437019 1.1110263 1.2308356 1.7267630 1.4195957 1.1156135 1.2374429 1.0713440 1.1877379 1.3222731 1.1221030 1.2940121 1.1989326 1.4194985 1.3129083 1.4721252 1.7463350 
Kazachstania_naganishii                     1.6609212 1.5390044 0.0000000 1.7734044 1.6977039 2.0561490 1.6225964 1.5665623 1.4300936 1.5177822 3.2795424 1.5456356 1.6177383 1.5683987 1.6277412 1.5801096 1.5756835 1.6254597 2.0409253 1.6033471 1.4736947 1.5298125 1.5591919 1.5395767 1.2813280 1.4994876 1.3705283 1.5825417 1.4239856 1.4723786 1.4658732 1.3691150 1.4973920 1.5091407 1.4959655 1.5912236 1.7136023 1.5375385 1.7087972 1.8396695 
Nakaseomyces_bacillisporus                  1.5996534 1.5543450 1.7734044 0.0000000 1.5514375 1.6736927 1.5185781 1.4935030 1.5637864 1.4344326 3.6607238 1.5852068 1.6865890 1.6707596 1.6474772 1.6851017 1.6220037 1.6392568 1.9324604 1.4428128 1.3282022 1.5312838 1.5545453 1.5498007 1.3926467 1.3764306 1.9191702 1.7915597 1.6197288 1.5321427 1.4385514 1.5220098 1.5799198 1.5248333 1.4588647 1.4601719 1.3754960 1.3542733 1.4081099 1.8222880 
Nakaseomyces_bracarensis                    0.9726286 1.3366678 1.6977039 1.5514375 0.0000000 2.0080259 0.5852561 0.4879944 1.6528862 1.4454317 3.3025296 1.5657752 1.5838502 1.5716299 1.7150364 1.6124521 1.5347390 1.5880734 2.1186676 1.4935697 1.4151358 1.3600424 1.4893703 1.4487542 1.4079148 1.4025428 1.6374709 1.6442854 1.4600104 1.3911600 1.4463487 1.4732520 1.5009854 1.4094576 1.4726008 1.3822310 1.4679696 1.5414359 1.6151208 1.8107268 
Nakaseomyces_castellii                      1.8787655 2.0550138 2.0561490 1.6736927 2.0080259 0.0000000 1.7995901 2.0264405 1.9278348 1.7860589 3.6706358 1.9410016 1.9261702 1.9948516 1.9471088 1.8896395 1.9897007 2.0033559 2.2973750 1.7348404 2.0482214 1.9523101 1.9711981 1.9097771 1.8805670 1.8380287 2.0584951 1.9865716 1.9315117 1.9842741 1.8993170 1.7973389 1.9300529 1.8444970 1.9286839 1.9562625 1.9276723 1.8924160 1.7945554 2.2813545 
Nakaseomyces_delphensis                     0.9781558 1.3900309 1.6225964 1.5185781 0.5852561 1.7995901 0.0000000 0.5103887 1.4056795 1.3073711 3.4991398 1.5682236 1.5621305 1.5360400 1.6250043 1.5838610 1.5817195 1.5689787 2.0829965 1.4955224 1.4632969 1.3908912 1.5621160 1.3744744 1.2892470 1.5280546 1.7686468 1.5471393 1.3916375 1.5565723 1.4441003 1.4535128 1.4521902 1.3295310 1.4414602 1.5448095 1.5012986 1.4744813 1.5987334 1.9077094 
Nakaseomyces_nivariensis                    0.9477315 1.2890149 1.5665623 1.4935030 0.4879944 2.0264405 0.5103887 0.0000000 1.4343974 1.2864587 3.5092017 1.6524202 1.5734084 1.5498461 1.6730685 1.5990046 1.5422508 1.6086493 2.1003810 1.4597101 1.3645203 1.3220232 1.3947689 1.3676520 1.2368155 1.4334657 1.6797071 1.4633777 1.3366026 1.4014534 1.2903782 1.3692414 1.4226966 1.3315976 1.3719462 1.3116384 1.3467747 1.3457726 1.4345939 1.7388913 
Naumovozyma_castellii                       1.5948866 1.3298141 1.4300936 1.5637864 1.6528862 1.9278348 1.4056795 1.4343974 0.0000000 0.9275276 3.9425951 1.5428248 1.5227254 1.6044832 1.5503706 1.4329006 1.4416059 1.5923283 2.0129369 1.5007716 1.4366782 1.2085806 1.3142997 1.2541099 1.0953891 1.2211143 1.7016894 1.4734974 1.3537163 1.2179860 1.2538788 1.2745551 1.3795313 1.1940449 1.3564939 1.3453692 1.4619187 1.3472361 1.4473690 1.9979425 
Naumovozyma_dairenensis                     1.5349667 1.2803133 1.5177822 1.4344326 1.4454317 1.7860589 1.3073711 1.2864587 0.9275276 0.0000000 4.2716125 1.4814186 1.4687567 1.4824752 1.5186342 1.4495767 1.4535641 1.5839416 2.0263495 1.3432316 1.3162653 1.1413453 1.0148089 1.1701053 0.9573711 1.0744441 1.8788721 1.3440681 1.3205718 1.3075770 1.1229307 1.1598486 1.1617477 1.1129513 1.0733706 1.2778610 1.2659958 1.2342326 1.3143883 1.7186245 
Neurospora_crassa                           3.6216832 3.5741085 3.2795424 3.6607238 3.3025296 3.6706358 3.4991398 3.5092017 3.9425951 4.2716125 0.0000000 3.2657435 3.4490108 3.2708356 3.3169476 3.4232820 3.3627433 3.1196286 3.4780105 3.7965908 3.7147292 4.2253754 4.6631422 3.8410545 4.2526366 3.9707695 3.7399317 3.6934637 3.3339256 3.9069055 3.5888600 3.9266731 4.1820589 3.8630080 4.3088599 4.1242372 3.8988437 3.8557459 4.1947111 3.7433473 
Saccharomyces_arboricola                    1.5929442 1.4870731 1.5456356 1.5852068 1.5657752 1.9410016 1.5682236 1.6524202 1.5428248 1.4814186 3.2657435 0.0000000 0.3880119 0.3436156 0.3156706 0.3757849 0.3831837 0.3206045 1.8908684 1.6160538 1.4507335 1.5806042 1.7419498 1.5811186 1.5843235 1.6574268 1.3749278 1.5825977 1.3587754 1.7670304 1.6340308 1.5754563 1.8070011 1.5746615 1.8105465 1.7445200 1.8102384 1.5802362 1.7025999 1.9541180 
Saccharomyces_cerevisiae                    1.5395419 1.4547857 1.6177383 1.6865890 1.5838502 1.9261702 1.5621305 1.5734084 1.5227254 1.4687567 3.4490108 0.3880119 0.0000000 0.4269971 0.3809380 0.2974432 0.1873834 0.4012590 1.8484205 1.5814053 1.4330067 1.5032422 1.6091344 1.5767315 1.5221388 1.5394006 1.4492773 1.6615043 1.4082803 1.6091943 1.5413858 1.5126998 1.6669218 1.5527203 1.7039381 1.6284288 1.7859396 1.5122649 1.6468851 1.8642955 
Saccharomyces_eubayanus                     1.5831436 1.5931819 1.5683987 1.6707596 1.5716299 1.9948516 1.5360400 1.5498461 1.6044832 1.4824752 3.2708356 0.3436156 0.4269971 0.0000000 0.3104843 0.4218716 0.4015780 0.1103731 1.9151260 1.6999305 1.4434390 1.5557233 1.6939704 1.6505077 1.5888543 1.6051639 1.2325729 1.6620517 1.2940192 1.7402584 1.5954031 1.6534869 1.7203736 1.5811119 1.7042577 1.7528046 1.8012317 1.7234048 1.7407866 1.9505091 
Saccharomyces_kudriavzevii                  1.5904021 1.5053478 1.6277412 1.6474772 1.7150364 1.9471088 1.6250043 1.6730685 1.5503706 1.5186342 3.3169476 0.3156706 0.3809380 0.3104843 0.0000000 0.3503775 0.3381784 0.3085253 1.9617025 1.6499793 1.5007119 1.5807038 1.6746965 1.6368851 1.5872274 1.6708121 1.3768715 1.7524489 1.3718432 1.7488413 1.5971882 1.6141850 1.7590229 1.6624347 1.7640204 1.7511691 1.8150365 1.6271729 1.6932529 1.9041316 
Saccharomyces_mikatae                       1.5201315 1.4922955 1.5801096 1.6851017 1.6124521 1.8896395 1.5838610 1.5990046 1.4329006 1.4495767 3.4232820 0.3757849 0.2974432 0.4218716 0.3503775 0.0000000 0.2612902 0.4029372 1.8408430 1.6030206 1.3497703 1.5784264 1.6640095 1.5303869 1.5232735 1.5769359 1.6141713 1.5754768 1.4543834 1.7047611 1.5601577 1.4921372 1.6443032 1.5792190 1.6450521 1.6441340 1.7427357 1.6055359 1.6368873 1.8912334 
Saccharomyces_paradoxus                     1.5044371 1.4698734 1.5756835 1.6220037 1.5347390 1.9897007 1.5817195 1.5422508 1.4416059 1.4535641 3.3627433 0.3831837 0.1873834 0.4015780 0.3381784 0.2612902 0.0000000 0.3792472 1.8382749 1.5995403 1.4495996 1.5027427 1.5863211 1.5167155 1.5431590 1.4651010 1.4235920 1.6972383 1.4047353 1.5844966 1.5201035 1.4835647 1.6117632 1.5126702 1.6567861 1.5413856 1.7815466 1.5301004 1.6116666 1.8343119 
Saccharomyces_uvarum                        1.5545800 1.5417645 1.6254597 1.6392568 1.5880734 2.0033559 1.5689787 1.6086493 1.5923283 1.5839416 3.1196286 0.3206045 0.4012590 0.1103731 0.3085253 0.4029372 0.3792472 0.0000000 1.9573460 1.6613939 1.4865110 1.5847160 1.7818356 1.6409345 1.6063876 1.6464153 1.2424481 1.6690985 1.2453945 1.7699991 1.6170233 1.7453486 1.7786580 1.5992088 1.7648918 1.8023450 1.8207481 1.7010888 1.7026620 1.9797337 
Tetrapisispora_blattae                      1.9365313 1.8371242 2.0409253 1.9324604 2.1186676 2.2973750 2.0829965 2.1003810 2.0129369 2.0263495 3.4780105 1.8908684 1.8484205 1.9151260 1.9617025 1.8408430 1.8382749 1.9573460 0.0000000 1.9739876 1.7650074 1.7839794 1.9574519 1.7497754 1.5609232 1.8081697 2.3122878 1.9581591 2.1601745 1.9489507 1.9474866 1.8922826 2.0545790 1.8475506 2.0061389 1.7669272 1.6997603 1.6722201 1.7696333 1.1614825 
Tetrapisispora_phaffii                      1.6032636 1.3527338 1.6033471 1.4428128 1.4935697 1.7348404 1.4955224 1.4597101 1.5007716 1.3432316 3.7965908 1.6160538 1.5814053 1.6999305 1.6499793 1.6030206 1.5995403 1.6613939 1.9739876 0.0000000 1.2343004 1.2981192 1.3292330 1.2233047 1.2590108 1.4951132 2.0343928 1.4914844 1.3540020 1.5192025 1.3716593 1.3210109 1.4556441 1.2325721 1.4032016 1.4195056 0.6338811 0.9392176 0.6060805 1.8062508 
Vanderwaltozyma_polyspora                   1.4267128 1.1801058 1.4736947 1.3282022 1.4151358 2.0482214 1.4632969 1.3645203 1.4366782 1.3162653 3.7147292 1.4507335 1.4330067 1.4434390 1.5007119 1.3497703 1.4495996 1.4865110 1.7650074 1.2343004 0.0000000 1.3036959 1.2986829 1.1534615 1.2228873 1.3143758 1.9432451 1.4326642 1.3133855 1.3477162 1.1191169 1.3842925 1.3988950 1.1634222 1.3530121 1.3052129 1.2767532 1.0399320 1.2817154 1.6111461 
yHAB132_Kazachstania_martiniae              1.4246030 1.2184189 1.5298125 1.5312838 1.3600424 1.9523101 1.3908912 1.3220232 1.2085806 1.1413453 4.2253754 1.5806042 1.5032422 1.5557233 1.5807038 1.5784264 1.5027427 1.5847160 1.7839794 1.2981192 1.3036959 0.0000000 1.1715551 1.1489591 0.9990525 1.1882977 1.6622592 1.4205928 1.1748057 1.3256337 1.0856873 1.0848672 1.2064862 1.1855620 1.1765276 1.2684852 1.3950775 1.1737453 1.3979178 1.7188063 
yHAB133_Kazachstania_unispora               1.5038011 1.2560189 1.5591919 1.5545453 1.4893703 1.9711981 1.5621160 1.3947689 1.3142997 1.0148089 4.6631422 1.7419498 1.6091344 1.6939704 1.6746965 1.6640095 1.5863211 1.7818356 1.9574519 1.3292330 1.2986829 1.1715551 0.0000000 1.0251276 1.0009465 0.4923732 1.6760569 1.4478460 1.2883386 0.9378710 1.0745821 1.0639409 0.3256241 1.0545131 0.2954107 0.8800865 1.4668652 1.2619388 1.3941459 1.7562951 
yHAB134_Kazachstania_turicensis             1.3258139 1.0437019 1.5395767 1.5498007 1.4487542 1.9097771 1.3744744 1.3676520 1.2541099 1.1701053 3.8410545 1.5811186 1.5767315 1.6505077 1.6368851 1.5303869 1.5167155 1.6409345 1.7497754 1.2233047 1.1534615 1.1489591 1.0251276 0.0000000 1.1920769 1.1071840 1.6264975 1.3522813 1.0985107 1.2920752 0.8652459 1.0049873 1.0898044 0.6677754 1.0561642 1.0929936 1.3475730 1.2028525 1.3611439 1.7508631 
yHAB136_Kazachstania_bromeliacearum         1.4310179 1.1110263 1.2813280 1.3926467 1.4079148 1.8805670 1.2892470 1.2368155 1.0953891 0.9573711 4.2526366 1.5843235 1.5221388 1.5888543 1.5872274 1.5232735 1.5431590 1.6063876 1.5609232 1.2590108 1.2228873 0.9990525 1.0009465 1.1920769 0.0000000 0.9679671 1.6489787 1.2313499 1.2576542 1.1397922 1.0037006 1.0773539 1.0647983 1.1179307 1.0243837 1.1597471 1.1947403 1.1840871 1.2019105 1.6100543 
yHAB143_Kazachstania_siamensis              1.4889132 1.2308356 1.4994876 1.3764306 1.4025428 1.8380287 1.5280546 1.4334657 1.2211143 1.0744441 3.9707695 1.6574268 1.5394006 1.6051639 1.6708121 1.5769359 1.4651010 1.6464153 1.8081697 1.4951132 1.3143758 1.1882977 0.4923732 1.1071840 0.9679671 0.0000000 1.5382382 1.4457511 1.3985541 1.0214449 1.0881950 1.1138996 0.5648108 1.1451377 0.5293592 0.9627438 1.4922830 1.3503381 1.4649330 1.8373497 
yHAB147_Kazachstania_taianensis             1.6768666 1.7267630 1.3705283 1.9191702 1.6374709 2.0584951 1.7686468 1.6797071 1.7016894 1.8788721 3.7399317 1.3749278 1.4492773 1.2325729 1.3768715 1.6141713 1.4235920 1.2424481 2.3122878 2.0343928 1.9432451 1.6622592 1.6760569 1.6264975 1.6489787 1.5382382 0.0000000 2.0179594 1.1919336 1.7315391 1.8138798 1.9238157 1.5320454 1.7983797 1.5929428 1.8055414 2.0365521 1.9493456 2.0709371 2.1498672 
yHAB148_Kazachstania_intestinalis           1.6034109 1.4195957 1.5825417 1.7915597 1.6442854 1.9865716 1.5471393 1.4633777 1.4734974 1.3440681 3.6934637 1.5825977 1.6615043 1.6620517 1.7524489 1.5754768 1.6972383 1.6690985 1.9581591 1.4914844 1.4326642 1.4205928 1.4478460 1.3522813 1.2313499 1.4457511 2.0179594 0.0000000 1.5277141 1.6340888 1.3671291 1.3612074 1.4322130 1.3638430 1.3780460 1.5786943 1.5513090 1.3716784 1.5331116 1.7515116 
yHAB153_Kazachstania_rosinii                1.4899760 1.1156135 1.4239856 1.6197288 1.4600104 1.9315117 1.3916375 1.3366026 1.3537163 1.3205718 3.3339256 1.3587754 1.4082803 1.2940192 1.3718432 1.4543834 1.4047353 1.2453945 2.1601745 1.3540020 1.3133855 1.1748057 1.2883386 1.0985107 1.2576542 1.3985541 1.1919336 1.5277141 0.0000000 1.4405622 1.1423306 1.2002405 1.3278864 1.0612069 1.2942395 1.5386964 1.4517703 1.4231848 1.5122153 1.7462797 
yHAB154_Kazachstania_transvaalensis         1.5203888 1.2374429 1.4723786 1.5321427 1.3911600 1.9842741 1.5565723 1.4014534 1.2179860 1.3075770 3.9069055 1.7670304 1.6091943 1.7402584 1.7488413 1.7047611 1.5844966 1.7699991 1.9489507 1.5192025 1.3477162 1.3256337 0.9378710 1.2920752 1.1397922 1.0214449 1.7315391 1.6340888 1.4405622 0.0000000 1.2446663 1.3258030 1.0309876 1.1909343 0.9955583 0.4688772 1.5504356 1.4331577 1.5523759 1.8415701 
yHAB155_Kazachstania_spencerorum            1.3113761 1.0713440 1.4658732 1.4385514 1.4463487 1.8993170 1.4441003 1.2903782 1.2538788 1.1229307 3.5888600 1.6340308 1.5413858 1.5954031 1.5971882 1.5601577 1.5201035 1.6170233 1.9474866 1.3716593 1.1191169 1.0856873 1.0745821 0.8652459 1.0037006 1.0881950 1.8138798 1.3671291 1.1423306 1.2446663 0.0000000 1.0353725 1.1226168 0.8594193 1.0519609 1.2218578 1.3674506 1.1051026 1.3798670 1.7085876 
yHAB158_Kazachstania_viticola               1.4263151 1.1877379 1.3691150 1.5220098 1.4732520 1.7973389 1.4535128 1.3692414 1.2745551 1.1598486 3.9266731 1.5754563 1.5126998 1.6534869 1.6141850 1.4921372 1.4835647 1.7453486 1.8922826 1.3210109 1.3842925 1.0848672 1.0639409 1.0049873 1.0773539 1.1138996 1.9238157 1.3612074 1.2002405 1.3258030 1.0353725 0.0000000 1.1281703 0.9601205 1.0815917 1.2438749 1.5090515 1.3160132 1.5519509 1.6908450 
yHAB159_Kazachstania_solicola               1.4561860 1.3222731 1.4973920 1.5799198 1.5009854 1.9300529 1.4521902 1.4226966 1.3795313 1.1617477 4.1820589 1.8070011 1.6669218 1.7203736 1.7590229 1.6443032 1.6117632 1.7786580 2.0545790 1.4556441 1.3988950 1.2064862 0.3256241 1.0898044 1.0647983 0.5648108 1.5320454 1.4322130 1.3278864 1.0309876 1.1226168 1.1281703 0.0000000 1.1302869 0.1193396 0.9821168 1.5091497 1.2975489 1.4481106 1.8358256 
yHAB160_Kazachstania_kunashirensis          1.3844177 1.1221030 1.5091407 1.5248333 1.4094576 1.8444970 1.3295310 1.3315976 1.1940449 1.1129513 3.8630080 1.5746615 1.5527203 1.5811119 1.6624347 1.5792190 1.5126702 1.5992088 1.8475506 1.2325721 1.1634222 1.1855620 1.0545131 0.6677754 1.1179307 1.1451377 1.7983797 1.3638430 1.0612069 1.1909343 0.8594193 0.9601205 1.1302869 0.0000000 1.1062000 1.1720031 1.3097468 1.2526096 1.3690197 1.5681747 
yHAB164_Kazachstania_aerobia                1.4587450 1.2940121 1.4959655 1.4588647 1.4726008 1.9286839 1.4414602 1.3719462 1.3564939 1.0733706 4.3088599 1.8105465 1.7039381 1.7042577 1.7640204 1.6450521 1.6567861 1.7648918 2.0061389 1.4032016 1.3530121 1.1765276 0.2954107 1.0561642 1.0243837 0.5293592 1.5929428 1.3780460 1.2942395 0.9955583 1.0519609 1.0815917 0.1193396 1.1062000 0.0000000 0.9829995 1.4237481 1.2892671 1.3948183 1.8445364 
yHAB166_Kazachstania_yakushimaensis         1.4351552 1.1989326 1.5912236 1.4601719 1.3822310 1.9562625 1.5448095 1.3116384 1.3453692 1.2778610 4.1242372 1.7445200 1.6284288 1.7528046 1.7511691 1.6441340 1.5413856 1.8023450 1.7669272 1.4195056 1.3052129 1.2684852 0.8800865 1.0929936 1.1597471 0.9627438 1.8055414 1.5786943 1.5386964 0.4688772 1.2218578 1.2438749 0.9821168 1.1720031 0.9829995 0.0000000 1.2895254 1.2547405 1.3311416 1.7471432 
yHMPu5000034875_Tetrapisispora_fleetii      1.5147461 1.4194985 1.7136023 1.3754960 1.4679696 1.9276723 1.5012986 1.3467747 1.4619187 1.2659958 3.8988437 1.8102384 1.7859396 1.8012317 1.8150365 1.7427357 1.7815466 1.8207481 1.6997603 0.6338811 1.2767532 1.3950775 1.4668652 1.3475730 1.1947403 1.4922830 2.0365521 1.5513090 1.4517703 1.5504356 1.3674506 1.5090515 1.5091497 1.3097468 1.4237481 1.2895254 0.0000000 0.8479557 0.3510502 1.6054676 
yHMPu5000034876_Tetrapisispora_iriomotensis 1.4828456 1.3129083 1.5375385 1.3542733 1.5414359 1.8924160 1.4744813 1.3457726 1.3472361 1.2342326 3.8557459 1.5802362 1.5122649 1.7234048 1.6271729 1.6055359 1.5301004 1.7010888 1.6722201 0.9392176 1.0399320 1.1737453 1.2619388 1.2028525 1.1840871 1.3503381 1.9493456 1.3716784 1.4231848 1.4331577 1.1051026 1.3160132 1.2975489 1.2526096 1.2892671 1.2547405 0.8479557 0.0000000 0.9159307 1.5360078 
yHMPu5000034877_Tetrapisispora_namnaonensis 1.5554094 1.4721252 1.7087972 1.4081099 1.6151208 1.7945554 1.5987334 1.4345939 1.4473690 1.3143883 4.1947111 1.7025999 1.6468851 1.7407866 1.6932529 1.6368873 1.6116666 1.7026620 1.7696333 0.6060805 1.2817154 1.3979178 1.3941459 1.3611439 1.2019105 1.4649330 2.0709371 1.5331116 1.5122153 1.5523759 1.3798670 1.5519509 1.4481106 1.3690197 1.3948183 1.3311416 0.3510502 0.9159307 0.0000000 1.7994821 
yHMPu5000035629_Yueomyces_sinensis          1.9488284 1.7463350 1.8396695 1.8222880 1.8107268 2.2813545 1.9077094 1.7388913 1.9979425 1.7186245 3.7433473 1.9541180 1.8642955 1.9505091 1.9041316 1.8912334 1.8343119 1.9797337 1.1614825 1.8062508 1.6111461 1.7188063 1.7562951 1.7508631 1.6100543 1.8373497 2.1498672 1.7515116 1.7462797 1.8415701 1.7085876 1.6908450 1.8358256 1.5681747 1.8445364 1.7471432 1.6054676 1.5360078 1.7994821 0.0000000 
