40
Candida_glabrata                            0.0000000 3.7696437 3.6322793 3.2993254 1.4669719 3.9584330 1.4763441 1.3949202 3.1220169 3.3193569 8.9999982 3.2078161 3.2653519 3.1965409 3.2843005 3.2516859 3.2171990 3.1347678 3.8689813 3.5811480 3.5264993 3.7971840 3.5235328 4.4187341 3.8961701 3.6620023 3.5308781 4.0070384 3.7959915 3.7177984 3.8119286 3.1037370 3.6168476 4.4371475 3.5928771 3.6242491 3.8002103 3.8697174 3.6447916 4.0814397 
Kazachstania_africana                       3.7696437 0.0000000 2.4711014 3.1589343 3.5480170 3.3694380 3.5048714 3.3647627 2.3860231 2.4020883 8.9999982 2.6489114 2.5701076 2.5913683 2.5886874 2.5945361 2.5577220 2.5643017 3.1689202 3.3325192 3.0464420 2.2308228 2.4094121 2.3653917 2.1299250 2.5542024 2.1994951 2.8693367 2.0776170 2.7213102 2.2925433 2.0328015 2.6320077 2.2351621 2.5809812 2.4386763 3.3604334 3.3458468 3.2909990 3.3698959 
Kazachstania_naganishii                     3.6322793 2.4711014 0.0000000 3.2261688 3.5815284 4.1149732 3.4635608 3.4655061 2.4074541 2.5870437 8.9999980 2.6985136 2.7629098 2.8329863 2.7822199 2.8161041 2.6584362 2.7685842 3.6140766 3.5390512 3.2897422 2.2054598 2.3693550 2.7880846 1.7065301 2.2565322 1.8235174 2.9552281 2.4311080 2.4851537 2.4361985 2.2206089 2.2204790 2.4758069 2.3290617 2.3810623 3.3655467 3.3165681 3.4571181 3.8473903 
Nakaseomyces_bacillisporus                  3.2993254 3.1589343 3.2261688 0.0000000 3.1081196 2.9551075 3.0110474 3.2039435 2.4136628 2.4164107 8.9999988 2.6030607 2.5064650 2.6077668 2.6995122 2.5718115 2.5033519 2.5717802 3.3500198 3.0773595 3.2248549 2.8309752 3.1269728 3.3389170 2.9854776 3.3835095 3.2230718 3.5867318 3.0200195 3.4080210 3.0772793 2.5362546 3.3919684 3.1992868 3.2097910 3.3175196 3.1349396 3.2986584 3.1258666 3.4802340 
Nakaseomyces_bracarensis                    1.4669719 3.5480170 3.5815284 3.1081196 0.0000000 3.8895957 0.8014141 0.7149205 3.0159157 2.9411059 8.9999985 2.7526647 2.8344860 2.8957486 2.9263917 2.9066822 2.9377142 2.8971511 3.8105417 3.4718276 3.4912878 3.3653842 3.4588909 3.9254819 3.4611424 3.7632174 3.6094363 3.7504559 3.6859300 3.9587163 3.3967020 2.9172384 3.7225295 4.0620464 3.4983740 3.7716226 3.5927728 3.6475584 3.5519088 3.7484964 
Nakaseomyces_castellii                      3.9584330 3.3694380 4.1149732 2.9551075 3.8895957 0.0000000 3.7828011 3.6953297 3.0829651 3.4486751 8.9999985 3.0079546 2.9528665 3.0530856 3.0615740 3.1568707 3.0117315 2.9873866 3.5037886 3.5815460 3.2013142 3.4944672 3.7880913 3.9299159 3.6758940 3.7161743 3.6854052 4.0313937 3.4121620 3.8630957 3.5221952 3.1741308 4.0187968 3.7824446 3.9487226 3.8425287 3.6298733 3.5631235 3.5033279 3.8213939 
Nakaseomyces_delphensis                     1.4763441 3.5048714 3.4635608 3.0110474 0.8014141 3.7828011 0.0000000 0.7016149 2.9093772 2.9080200 8.9999982 2.9283370 2.9483591 2.8769063 2.9623563 2.8583283 2.9523904 2.8642153 3.5163312 3.4405462 3.1417160 3.1722259 3.3749286 4.1410585 3.3046454 3.6062758 3.6005657 3.8269716 3.4802817 3.8327024 3.3347258 2.8048902 3.4772190 3.8962883 3.4656975 3.6340254 3.5215561 3.3755319 3.4906046 3.6582648 
Nakaseomyces_nivariensis                    1.3949202 3.3647627 3.4655061 3.2039435 0.7149205 3.6953297 0.7016149 0.0000000 2.9213806 2.9138312 8.9999990 2.9927616 3.0766873 3.0349423 3.0613437 3.0473943 3.0805104 2.9864726 3.5990321 3.2582131 3.1683294 3.1530449 3.2640461 3.8364760 3.3298830 3.6152754 3.4644259 3.6323902 3.3716134 3.7632084 3.4639359 3.2911056 3.5173822 3.9352404 3.3759859 3.5474337 3.5548807 3.1339178 3.3411840 3.8934502 
Naumovozyma_castellii                       3.1220169 2.3860231 2.4074541 2.4136628 3.0159157 3.0829651 2.9093772 2.9213806 0.0000000 1.3854396 8.9999990 1.9251334 1.9330368 1.9099071 1.9941896 1.9484478 1.8688646 1.8900544 2.6893850 2.5320053 2.4158378 2.1785712 2.3853520 2.8583586 2.2020090 2.4633264 2.2139575 2.8897134 2.2201664 2.8288351 2.3341304 1.8887337 2.4529040 2.3106661 2.3714969 2.5889026 2.5842516 2.6514075 2.6652440 2.8736802 
Naumovozyma_dairenensis                     3.3193569 2.4020883 2.5870437 2.4164107 2.9411059 3.4486751 2.9080200 2.9138312 1.3854396 0.0000000 8.9999980 2.1946465 2.2528143 2.2811433 2.1543623 2.3408890 2.2473236 2.2621761 2.7879733 2.5962975 2.4646305 2.3915851 2.5711806 2.7879316 2.3726962 2.5446369 2.2693482 2.9684624 2.3359352 2.9625706 2.5036970 1.9858221 2.5759711 2.5752843 2.5412679 2.9269545 2.7615982 2.6476759 2.8091204 3.0129633 
Neurospora_crassa                           8.9999982 8.9999982 8.9999980 8.9999988 8.9999985 8.9999985 8.9999982 8.9999990 8.9999990 8.9999980 0.0000000 8.9999990 8.9999985 8.9999988 8.9999982 8.9999990 8.9999983 8.9999990 8.9999984 8.9999986 8.9999982 8.9999990 8.9999982 8.9999982 8.9999984 8.9999989 8.9999981 8.9999984 8.9999984 8.9999981 8.9999984 8.9999981 8.9999981 8.9999990 8.9999980 8.9999985 8.9999983 8.9999981 8.9999981 8.9999984 
Saccharomyces_arboricola                    3.2078161 2.6489114 2.6985136 2.6030607 2.7526647 3.0079546 2.9283370 2.9927616 1.9251334 2.1946465 8.9999990 0.0000000 0.4966725 0.4299497 0.3817422 0.4833565 0.4564104 0.3884519 3.0701493 2.8920801 2.4910404 2.5383515 2.9143905 3.0110861 2.4837421 2.9272606 2.5622008 3.0228196 2.5598665 3.0318018 2.4693346 2.1844129 2.9948732 2.6741131 2.8726748 2.8178768 2.8358896 2.7683080 2.6748762 3.1153933 
Saccharomyces_cerevisiae                    3.2653519 2.5701076 2.7629098 2.5064650 2.8344860 2.9528665 2.9483591 3.0766873 1.9330368 2.2528143 8.9999985 0.4966725 0.0000000 0.5510338 0.4625988 0.4001974 0.1981753 0.4884446 3.1242353 2.9390330 2.4307681 2.5093740 2.8041942 3.0998746 2.5186689 2.7824251 2.5777988 3.0332618 2.3883149 2.9742023 2.4746815 2.1101413 2.8806506 2.5074929 2.6974214 2.7768831 2.9905753 2.8602318 2.8628885 3.1813887 
Saccharomyces_eubayanus                     3.1965409 2.5913683 2.8329863 2.6077668 2.8957486 3.0530856 2.8769063 3.0349423 1.9099071 2.2811433 8.9999988 0.4299497 0.5510338 0.0000000 0.3833582 0.4935777 0.4986192 0.1325163 2.9770539 2.8548387 2.4494943 2.4021451 2.8623821 2.9220667 2.3764690 2.7624563 2.5730844 3.0465373 2.4891391 2.9808314 2.4288016 2.1262715 2.8206873 2.5246894 2.6602949 2.7774366 2.7842550 2.7164943 2.7480603 3.0502944 
Saccharomyces_kudriavzevii                  3.2843005 2.5886874 2.7822199 2.6995122 2.9263917 3.0615740 2.9623563 3.0613437 1.9941896 2.1543623 8.9999982 0.3817422 0.4625988 0.3833582 0.0000000 0.4548149 0.4195300 0.3726563 3.1173509 3.0058823 2.5823860 2.5304987 2.8329825 2.9056513 2.3621943 2.7630374 2.5180096 2.9372254 2.3958192 2.9630691 2.4926047 2.0714796 2.9392672 2.6219211 2.8259065 2.7988368 2.9743839 2.8315906 2.8643111 3.1138209 
Saccharomyces_mikatae                       3.2516859 2.5945361 2.8161041 2.5718115 2.9066822 3.1568707 2.8583283 3.0473943 1.9484478 2.3408890 8.9999990 0.4833565 0.4001974 0.4935777 0.4548149 0.0000000 0.3322680 0.4550556 3.0677420 2.9772643 2.5095706 2.4770198 2.8126610 3.0527775 2.5318784 2.7902134 2.6723144 3.0098527 2.4106097 3.0487729 2.5116415 2.1041269 2.8590526 2.5371059 2.6841814 2.8435853 2.9451350 2.8679988 2.7865867 3.1499532 
Saccharomyces_paradoxus                     3.2171990 2.5577220 2.6584362 2.5033519 2.9377142 3.0117315 2.9523904 3.0805104 1.8688646 2.2473236 8.9999983 0.4564104 0.1981753 0.4986192 0.4195300 0.3322680 0.0000000 0.4604327 3.0077683 2.9520017 2.5103465 2.4918109 2.7439388 3.0550373 2.5117042 2.7803498 2.6096077 3.0797858 2.4514527 2.9623181 2.4075307 2.1476077 2.7922338 2.5545882 2.6497198 2.7365870 2.9098175 2.8365384 2.7739164 3.1624997 
Saccharomyces_uvarum                        3.1347678 2.5643017 2.7685842 2.5717802 2.8971511 2.9873866 2.8642153 2.9864726 1.8900544 2.2621761 8.9999990 0.3884519 0.4884446 0.1325163 0.3726563 0.4550556 0.4604327 0.0000000 2.9529928 2.8220190 2.3834756 2.4458727 2.8202411 2.9446257 2.4022810 2.7073801 2.5837488 3.1027424 2.4288296 2.9893985 2.3968275 2.0811002 2.8049627 2.5245426 2.6618178 2.7988402 2.7455417 2.6181908 2.6772850 3.0171149 
Tetrapisispora_blattae                      3.8689813 3.1689202 3.6140766 3.3500198 3.8105417 3.5037886 3.5163312 3.5990321 2.6893850 2.7879733 8.9999984 3.0701493 3.1242353 2.9770539 3.1173509 3.0677420 3.0077683 2.9529928 0.0000000 3.0184531 2.6318949 2.9553562 3.3590194 3.6142792 3.0772439 3.3388865 3.2982896 3.7358782 3.1783608 3.4924823 3.3240728 3.1379455 3.4998401 3.4293225 3.4889141 3.4948371 3.0447212 3.0410301 3.0062372 1.5765941 
Tetrapisispora_phaffii                      3.5811480 3.3325192 3.5390512 3.0773595 3.4718276 3.5815460 3.4405462 3.2582131 2.5320053 2.5962975 8.9999986 2.8920801 2.9390330 2.8548387 3.0058823 2.9772643 2.9520017 2.8220190 3.0184531 0.0000000 2.0588933 3.2646817 3.1741386 4.0907581 3.2323892 3.4884774 3.1636664 3.9459711 3.3735102 3.5401837 3.2539165 2.9685216 3.5032245 3.7813312 3.3088452 3.4400070 0.6982823 1.1653186 0.6719491 3.0861604 
Vanderwaltozyma_polyspora                   3.5264993 3.0464420 3.2897422 3.2248549 3.4912878 3.2013142 3.1417160 3.1683294 2.4158378 2.4646305 8.9999982 2.4910404 2.4307681 2.4494943 2.5823860 2.5095706 2.5103465 2.3834756 2.6318949 2.0588933 0.0000000 2.9151957 3.1077753 3.2762518 3.0479729 3.1712875 3.0899661 3.3347365 2.7418909 3.2689928 2.8283280 2.6081997 3.1311556 2.9047550 3.0587679 3.1382326 2.0897943 2.0595147 2.0475735 2.7787434 
yHAB132_Kazachstania_martiniae              3.7971840 2.2308228 2.2054598 2.8309752 3.3653842 3.4944672 3.1722259 3.1530449 2.1785712 2.3915851 8.9999990 2.5383515 2.5093740 2.4021451 2.5304987 2.4770198 2.4918109 2.4458727 2.9553562 3.2646817 2.9151957 0.0000000 2.4185395 2.5093327 1.7793383 2.3192187 2.0921151 2.4782507 2.0419287 2.6582849 2.0437067 2.0842021 2.4234981 2.0959677 2.3967904 2.4900194 3.1325854 3.1470853 3.1742325 3.1290007 
yHAB133_Kazachstania_unispora               3.5235328 2.4094121 2.3693550 3.1269728 3.4588909 3.7880913 3.3749286 3.2640461 2.3853520 2.5711806 8.9999982 2.9143905 2.8041942 2.8623821 2.8329825 2.8126610 2.7439388 2.8202411 3.3590194 3.1741386 3.1077753 2.4185395 0.0000000 2.6798402 1.8578131 0.7286834 1.9197590 2.8715031 2.3394170 2.0394286 2.7422359 2.2349569 0.5808027 2.3764785 0.5419156 2.1487818 3.1829183 3.1735028 3.2426935 3.5437482 
yHAB134_Kazachstania_turicensis             4.4187341 2.3653917 2.7880846 3.3389170 3.9254819 3.9299159 4.1410585 3.8364760 2.8583586 2.7879316 8.9999982 3.0110861 3.0998746 2.9220667 2.9056513 3.0527775 3.0550373 2.9446257 3.6142792 4.0907581 3.2762518 2.5093327 2.6798402 0.0000000 2.5788362 2.6699268 2.5494180 3.2823491 1.9642789 3.2082562 2.1832357 2.3637803 2.8373015 1.5221890 2.7623998 3.1155446 3.8987615 3.7426054 3.7071306 3.9632523 
yHAB136_Kazachstania_bromeliacearum         3.8961701 2.1299250 1.7065301 2.9854776 3.4611424 3.6758940 3.3046454 3.3298830 2.2020090 2.3726962 8.9999984 2.4837421 2.5186689 2.3764690 2.3621943 2.5318784 2.5117042 2.4022810 3.0772439 3.2323892 3.0479729 1.7793383 1.8578131 2.5788362 0.0000000 1.9130565 1.7364207 2.5980482 1.9789554 2.1291835 2.1214019 2.1369618 1.9616369 2.2990256 1.9633603 2.0675731 3.1266829 3.0829952 3.0741347 3.5254018 
yHAB143_Kazachstania_siamensis              3.6620023 2.5542024 2.2565322 3.3835095 3.7632174 3.7161743 3.6062758 3.6152754 2.4633264 2.5446369 8.9999989 2.9272606 2.7824251 2.7624563 2.7630374 2.7902134 2.7803498 2.7073801 3.3388865 3.4884774 3.1712875 2.3192187 0.7286834 2.6699268 1.9130565 0.0000000 1.7825092 2.8806698 2.2151632 2.0835454 2.4639492 2.2182928 0.8974670 2.3770272 0.8688875 2.1387892 3.3748057 3.3440640 3.3532619 3.6742578 
yHAB147_Kazachstania_taianensis             3.5308781 2.1994951 1.8235174 3.2230718 3.6094363 3.6854052 3.6005657 3.4644259 2.2139575 2.2693482 8.9999981 2.5622008 2.5777988 2.5730844 2.5180096 2.6723144 2.6096077 2.5837488 3.2982896 3.1636664 3.0899661 2.0921151 1.9197590 2.5494180 1.7364207 1.7825092 0.0000000 2.5934587 2.1861732 2.0399227 2.2495578 2.0397909 1.9099826 2.2946938 1.8606374 1.8852615 3.1970985 3.1229828 2.9968342 3.6993199 
yHAB148_Kazachstania_intestinalis           4.0070384 2.8693367 2.9552281 3.5867318 3.7504559 4.0313937 3.8269716 3.6323902 2.8897134 2.9684624 8.9999984 3.0228196 3.0332618 3.0465373 2.9372254 3.0098527 3.0797858 3.1027424 3.7358782 3.9459711 3.3347365 2.4782507 2.8715031 3.2823491 2.5980482 2.8806698 2.5934587 0.0000000 2.7385248 3.4338417 2.7903604 2.4123477 3.1551618 3.1166199 3.0812047 3.2267520 3.8842367 3.9766515 3.6014316 4.0833019 
yHAB153_Kazachstania_rosinii                3.7959915 2.0776170 2.4311080 3.0200195 3.6859300 3.4121620 3.4802817 3.3716134 2.2201664 2.3359352 8.9999984 2.5598665 2.3883149 2.4891391 2.3958192 2.4106097 2.4514527 2.4288296 3.1783608 3.3735102 2.7418909 2.0419287 2.3394170 1.9642789 1.9789554 2.2151632 2.1861732 2.7385248 0.0000000 2.6409697 1.3927051 1.6752974 2.3193051 1.8453520 2.3229023 2.5951899 3.1773093 3.1515078 3.1109315 3.3878711 
yHAB154_Kazachstania_transvaalensis         3.7177984 2.7213102 2.4851537 3.4080210 3.9587163 3.8630957 3.8327024 3.7632084 2.8288351 2.9625706 8.9999981 3.0318018 2.9742023 2.9808314 2.9630691 3.0487729 2.9623181 2.9893985 3.4924823 3.5401837 3.2689928 2.6582849 2.0394286 3.2082562 2.1291835 2.0835454 2.0399227 3.4338417 2.6409697 0.0000000 2.8050804 2.5362655 2.1020438 2.8430371 2.1309545 0.7004823 3.5079099 3.2569234 3.3707053 3.5500685 
yHAB155_Kazachstania_spencerorum            3.8119286 2.2925433 2.4361985 3.0772793 3.3967020 3.5221952 3.3347258 3.4639359 2.3341304 2.5036970 8.9999984 2.4693346 2.4746815 2.4288016 2.4926047 2.5116415 2.4075307 2.3968275 3.3240728 3.2539165 2.8283280 2.0437067 2.7422359 2.1832357 2.1214019 2.4639492 2.2495578 2.7903604 1.3927051 2.8050804 0.0000000 1.8714599 2.6827365 1.8248173 2.6182445 2.5318624 3.1190013 3.1544407 3.0254705 3.0160082 
yHAB158_Kazachstania_viticola               3.1037370 2.0328015 2.2206089 2.5362546 2.9172384 3.1741308 2.8048902 3.2911056 1.8887337 1.9858221 8.9999981 2.1844129 2.1101413 2.1262715 2.0714796 2.1041269 2.1476077 2.0811002 3.1379455 2.9685216 2.6081997 2.0842021 2.2349569 2.3637803 2.1369618 2.2182928 2.0397909 2.4123477 1.6752974 2.5362655 1.8714599 0.0000000 2.2915034 2.1646838 2.2726701 2.5224620 2.8811476 2.9781248 2.8595504 3.1239177 
yHAB159_Kazachstania_solicola               3.6168476 2.6320077 2.2204790 3.3919684 3.7225295 4.0187968 3.4772190 3.5173822 2.4529040 2.5759711 8.9999981 2.9948732 2.8806506 2.8206873 2.9392672 2.8590526 2.7922338 2.8049627 3.4998401 3.5032245 3.1311556 2.4234981 0.5808027 2.8373015 1.9616369 0.8974670 1.9099826 3.1551618 2.3193051 2.1020438 2.6827365 2.2915034 0.0000000 2.3769252 0.1742433 2.1316427 3.3506995 3.1625753 3.3308479 3.6072673 
yHAB160_Kazachstania_kunashirensis          4.4371475 2.2351621 2.4758069 3.1992868 4.0620464 3.7824446 3.8962883 3.9352404 2.3106661 2.5752843 8.9999990 2.6741131 2.5074929 2.5246894 2.6219211 2.5371059 2.5545882 2.5245426 3.4293225 3.7813312 2.9047550 2.0959677 2.3764785 1.5221890 2.2990256 2.3770272 2.2946938 3.1166199 1.8453520 2.8430371 1.8248173 2.1646838 2.3769252 0.0000000 2.3469748 2.6088721 3.5645987 3.5128593 3.6547593 3.6381775 
yHAB164_Kazachstania_aerobia                3.5928771 2.5809812 2.3290617 3.2097910 3.4983740 3.9487226 3.4656975 3.3759859 2.3714969 2.5412679 8.9999980 2.8726748 2.6974214 2.6602949 2.8259065 2.6841814 2.6497198 2.6618178 3.4889141 3.3088452 3.0587679 2.3967904 0.5419156 2.7623998 1.9633603 0.8688875 1.8606374 3.0812047 2.3229023 2.1309545 2.6182445 2.2726701 0.1742433 2.3469748 0.0000000 2.1122509 3.2624785 3.1696253 3.3225986 3.4385724 
yHAB166_Kazachstania_yakushimaensis         3.6242491 2.4386763 2.3810623 3.3175196 3.7716226 3.8425287 3.6340254 3.5474337 2.5889026 2.9269545 8.9999985 2.8178768 2.7768831 2.7774366 2.7988368 2.8435853 2.7365870 2.7988402 3.4948371 3.4400070 3.1382326 2.4900194 2.1487818 3.1155446 2.0675731 2.1387892 1.8852615 3.2267520 2.5951899 0.7004823 2.5318624 2.5224620 2.1316427 2.6088721 2.1122509 0.0000000 3.2510437 3.2308591 3.1306524 3.5454532 
yHMPu5000034875_Tetrapisispora_fleetii      3.8002103 3.3604334 3.3655467 3.1349396 3.5927728 3.6298733 3.5215561 3.5548807 2.5842516 2.7615982 8.9999983 2.8358896 2.9905753 2.7842550 2.9743839 2.9451350 2.9098175 2.7455417 3.0447212 0.6982823 2.0897943 3.1325854 3.1829183 3.8987615 3.1266829 3.3748057 3.1970985 3.8842367 3.1773093 3.5079099 3.1190013 2.8811476 3.3506995 3.5645987 3.2624785 3.2510437 0.0000000 1.1219578 0.3390800 2.8004038 
yHMPu5000034876_Tetrapisispora_iriomotensis 3.8697174 3.3458468 3.3165681 3.2986584 3.6475584 3.5631235 3.3755319 3.1339178 2.6514075 2.6476759 8.9999981 2.7683080 2.8602318 2.7164943 2.8315906 2.8679988 2.8365384 2.6181908 3.0410301 1.1653186 2.0595147 3.1470853 3.1735028 3.7426054 3.0829952 3.3440640 3.1229828 3.9766515 3.1515078 3.2569234 3.1544407 2.9781248 3.1625753 3.5128593 3.1696253 3.2308591 1.1219578 0.0000000 1.1069739 3.0948960 
yHMPu5000034877_Tetrapisispora_namnaonensis 3.6447916 3.2909990 3.4571181 3.1258666 3.5519088 3.5033279 3.4906046 3.3411840 2.6652440 2.8091204 8.9999981 2.6748762 2.8628885 2.7480603 2.8643111 2.7865867 2.7739164 2.6772850 3.0062372 0.6719491 2.0475735 3.1742325 3.2426935 3.7071306 3.0741347 3.3532619 2.9968342 3.6014316 3.1109315 3.3707053 3.0254705 2.8595504 3.3308479 3.6547593 3.3225986 3.1306524 0.3390800 1.1069739 0.0000000 2.9034097 
yHMPu5000035629_Yueomyces_sinensis          4.0814397 3.3698959 3.8473903 3.4802340 3.7484964 3.8213939 3.6582648 3.8934502 2.8736802 3.0129633 8.9999984 3.1153933 3.1813887 3.0502944 3.1138209 3.1499532 3.1624997 3.0171149 1.5765941 3.0861604 2.7787434 3.1290007 3.5437482 3.9632523 3.5254018 3.6742578 3.6993199 4.0833019 3.3878711 3.5500685 3.0160082 3.1239177 3.6072673 3.6381775 3.4385724 3.5454532 2.8004038 3.0948960 2.9034097 0.0000000 
