40
Candida_glabrata                            0.0000000 1.2268090 1.5822883 1.4408760 0.8298113 1.7445995 0.8575199 0.8250528 1.2517779 1.1704642 4.3371692 1.2586888 1.2317945 1.3394453 1.2686289 1.2105772 1.2517413 1.3768453 1.4372797 1.3684001 1.1991805 1.1968242 1.2063695 1.3789308 1.2377543 1.1461485 1.3465669 1.4912620 1.3833403 1.3676821 1.2999041 1.2029709 1.1896503 1.2059794 1.1887987 1.3525483 1.3642494 1.2972394 1.3402967 1.1210199 
Kazachstania_africana                       1.2268090 0.0000000 1.3727387 1.3308947 1.2149516 1.7495419 1.3379628 1.4109399 1.0688546 1.0057082 4.5964865 1.2611451 1.2150150 1.3188265 1.2412405 1.2808395 1.2325237 1.3146910 1.2958334 1.2536765 1.1915782 0.9943910 0.8507909 1.0778303 0.8826526 0.9220682 1.0933735 1.3596236 1.1961229 1.1677415 1.0301775 1.0579843 0.9095840 1.0038976 0.8736030 0.9881198 1.2261910 1.1104003 1.2109188 1.1028713 
Kazachstania_naganishii                     1.5822883 1.3727387 0.0000000 1.4415119 1.6379466 1.7924091 1.6333331 1.6216377 1.4047991 1.4982862 4.0086022 1.6204825 1.5746921 1.5774268 1.6123927 1.5775664 1.5679910 1.5973400 1.7766435 1.6343614 1.7047608 1.4271870 1.3322619 1.5198447 1.2348784 1.3006246 1.0298045 1.4729861 1.0804108 1.3933093 1.5692963 1.4146718 1.3140766 1.6789836 1.3510918 1.3763533 1.7667902 1.7138857 1.7116570 1.5332088 
Nakaseomyces_bacillisporus                  1.4408760 1.3308947 1.4415119 0.0000000 1.4468474 1.6453150 1.5584997 1.4811914 1.0884116 1.2106206 3.8498384 1.5397994 1.5343569 1.5811257 1.4951667 1.5266062 1.5324866 1.5337106 1.5692486 1.4805198 1.4931368 1.3244255 1.1700713 1.4369860 1.2874043 1.2303168 1.4821726 1.5563321 1.4530400 1.2929703 1.5605729 1.3608085 1.1848856 1.3879789 1.1973926 1.3598096 1.4668638 1.4494590 1.4626537 1.3969911 
Nakaseomyces_bracarensis                    0.8298113 1.2149516 1.6379466 1.4468474 0.0000000 1.9613333 0.6268167 0.6286692 1.2134407 1.1848371 4.7501539 1.3735354 1.3394505 1.4122236 1.4117096 1.3499135 1.3597403 1.4462722 1.4310742 1.2882617 1.3288520 1.4004795 1.1763831 1.3552490 1.1680983 1.2191594 1.5584320 1.6449723 1.5950520 1.3059569 1.4328726 1.2652130 1.1780553 1.2459691 1.1847325 1.2891198 1.3607894 1.3033416 1.4041502 1.1777149 
Nakaseomyces_castellii                      1.7445995 1.7495419 1.7924091 1.6453150 1.9613333 0.0000000 1.9708259 2.0219874 1.5951103 1.7456267 4.6777012 2.0125504 2.0950495 2.0533147 1.9831135 1.9645266 2.0318956 1.8927256 1.8927209 1.7549391 1.8804126 1.8998416 1.6686144 1.8054602 1.7618939 1.7240686 1.7924469 1.8527921 1.8372497 1.7358608 1.8223371 1.6912203 1.7244557 1.7990571 1.7045546 1.6393616 1.8515141 1.7481378 1.7891336 1.7850372 
Nakaseomyces_delphensis                     0.8575199 1.3379628 1.6333331 1.5584997 0.6268167 1.9708259 0.0000000 0.5216638 1.2849700 1.2647623 4.3856710 1.4430209 1.3535241 1.4337380 1.3877286 1.3980418 1.4326515 1.4325521 1.5172722 1.3702922 1.4167769 1.3996765 1.1834404 1.3974063 1.2512108 1.2313248 1.3629165 1.5657421 1.6038364 1.3218917 1.4547652 1.3207367 1.2317095 1.3047003 1.1982379 1.3328919 1.3069443 1.3766916 1.2157767 1.2171587 
Nakaseomyces_nivariensis                    0.8250528 1.4109399 1.6216377 1.4811914 0.6286692 2.0219874 0.5216638 0.0000000 1.3097588 1.2884768 4.1345671 1.3350889 1.3241992 1.4106877 1.4105019 1.3880451 1.4138220 1.4603120 1.4303306 1.3562888 1.4191157 1.3237858 1.2689050 1.3348788 1.2852518 1.2523357 1.4855899 1.5911557 1.4512229 1.3307678 1.4304545 1.2839730 1.2112159 1.2435941 1.2150504 1.3259638 1.3494757 1.3400002 1.2345921 1.1920389 
Naumovozyma_castellii                       1.2517779 1.0688546 1.4047991 1.0884116 1.2134407 1.5951103 1.2849700 1.3097588 0.0000000 0.6150680 4.2694985 1.1274464 1.0969464 1.1246426 1.0853773 1.0462243 1.0904499 1.0997019 1.1379184 0.9424291 1.0561681 1.0533885 0.9031538 1.2609515 0.9033342 0.8691284 1.1904030 1.3106609 1.1819114 1.1797572 1.1326757 0.8764408 0.9341733 1.0621688 0.9326123 1.0400815 1.0143050 0.9741956 0.9761481 0.9231958 
Naumovozyma_dairenensis                     1.1704642 1.0057082 1.4982862 1.2106206 1.1848371 1.7456267 1.2647623 1.2884768 0.6150680 0.0000000 4.4763527 1.1624865 1.0916408 1.1690632 1.1407562 1.1417260 1.1413417 1.1138582 1.1253132 0.9998189 1.0965345 1.0523155 0.9012420 1.1410434 0.8571240 0.8368458 1.1807480 1.4276867 1.2568607 1.1196956 1.1593298 0.8714727 0.8405211 0.9633800 0.8523164 1.0189948 1.0528206 0.9122628 1.0784692 0.9819525 
Neurospora_crassa                           4.3371692 4.5964865 4.0086022 3.8498384 4.7501539 4.6777012 4.3856710 4.1345671 4.2694985 4.4763527 0.0000000 4.4652500 4.2486200 4.3652285 4.4966706 4.2413213 4.3941485 4.2975048 4.6184487 4.5077148 4.4776942 3.9661000 4.3513295 4.9865518 4.9612188 4.5873041 4.1723329 4.5967665 4.1053705 4.5074146 4.4648776 4.2181318 4.5148292 5.1047587 4.5543814 4.3027392 4.4190398 4.5531424 4.5017863 4.2589336 
Saccharomyces_arboricola                    1.2586888 1.2611451 1.6204825 1.5397994 1.3735354 2.0125504 1.4430209 1.3350889 1.1274464 1.1624865 4.4652500 0.0000000 0.3135084 0.2849789 0.2764420 0.2745484 0.2711186 0.2853231 1.3992491 1.2508299 1.1984544 1.2660427 1.1729479 1.4227275 1.2696876 1.1213487 1.2923113 1.6156914 1.4408465 1.5117260 1.3509429 1.1206428 1.1875569 1.3180348 1.1843864 1.3368624 1.2575210 1.1744692 1.2955027 1.2097622 
Saccharomyces_cerevisiae                    1.2317945 1.2150150 1.5746921 1.5343569 1.3394505 2.0950495 1.3535241 1.3241992 1.0969464 1.0916408 4.2486200 0.3135084 0.0000000 0.3414167 0.3294313 0.2564256 0.1790188 0.3539809 1.4173504 1.2328445 1.2244112 1.2529459 1.1644322 1.4097857 1.2538780 1.1182287 1.2948921 1.5861783 1.4581218 1.4989209 1.2400592 1.0689854 1.2234542 1.2568071 1.2100363 1.3609152 1.2417989 1.1969742 1.2309527 1.1335550 
Saccharomyces_eubayanus                     1.3394453 1.3188265 1.5774268 1.5811257 1.4122236 2.0533147 1.4337380 1.4106877 1.1246426 1.1690632 4.3652285 0.2849789 0.3414167 0.0000000 0.3301848 0.3362963 0.3312248 0.1069454 1.2822516 1.2994286 1.2498566 1.2932639 1.1838919 1.3625891 1.2615113 1.1075109 1.3202603 1.6559952 1.4444429 1.4773389 1.3423857 1.1702007 1.2122286 1.3236480 1.1837823 1.3417227 1.2351694 1.2060843 1.2838511 1.1936466 
Saccharomyces_kudriavzevii                  1.2686289 1.2412405 1.6123927 1.4951667 1.4117096 1.9831135 1.3877286 1.4105019 1.0853773 1.1407562 4.4966706 0.2764420 0.3294313 0.3301848 0.0000000 0.3211727 0.2997888 0.3492386 1.3337750 1.2462888 1.2936120 1.2606670 1.2031648 1.3898424 1.2784391 1.1180084 1.2837986 1.6497725 1.3944192 1.4975728 1.3866462 1.1237846 1.2395899 1.4128576 1.2210983 1.3626170 1.2919452 1.2130855 1.2998292 1.1819671 
Saccharomyces_mikatae                       1.2105772 1.2808395 1.5775664 1.5266062 1.3499135 1.9645266 1.3980418 1.3880451 1.0462243 1.1417260 4.2413213 0.2745484 0.2564256 0.3362963 0.3211727 0.0000000 0.2107094 0.3370969 1.4337550 1.2086688 1.1844806 1.2448245 1.1530716 1.3790923 1.2507315 1.1011142 1.2784107 1.6093362 1.3864784 1.5450723 1.2732393 1.1379402 1.1448427 1.2787033 1.1669298 1.4079352 1.2269026 1.1878070 1.2433105 1.1853217 
Saccharomyces_paradoxus                     1.2517413 1.2325237 1.5679910 1.5324866 1.3597403 2.0318956 1.4326515 1.4138220 1.0904499 1.1413417 4.3941485 0.2711186 0.1790188 0.3312248 0.2997888 0.2107094 0.0000000 0.3374809 1.3758834 1.2365773 1.2359659 1.3159860 1.2373520 1.3694884 1.2566968 1.1946289 1.2850904 1.5995531 1.3767979 1.5320328 1.2975356 1.1736403 1.2552613 1.3230928 1.2328739 1.4306748 1.2399600 1.1662800 1.2381045 1.2183624 
Saccharomyces_uvarum                        1.3768453 1.3146910 1.5973400 1.5337106 1.4462722 1.8927256 1.4325521 1.4603120 1.0997019 1.1138582 4.2975048 0.2853231 0.3539809 0.1069454 0.3492386 0.3370969 0.3374809 0.0000000 1.2901019 1.2696827 1.2137762 1.3128431 1.1527948 1.3590902 1.2331800 1.0776761 1.3240988 1.6164453 1.4269281 1.4795255 1.3301516 1.1629729 1.1568415 1.3389801 1.1300405 1.3111386 1.2622131 1.1727339 1.3359120 1.2084350 
Tetrapisispora_blattae                      1.4372797 1.2958334 1.7766435 1.5692486 1.4310742 1.8927209 1.5172722 1.4303306 1.1379184 1.1253132 4.6184487 1.3992491 1.4173504 1.2822516 1.3337750 1.4337550 1.3758834 1.2901019 0.0000000 1.2874551 1.2675413 1.2447887 1.1286911 1.4026075 1.3930500 1.2632789 1.6609057 1.5708887 1.5893525 1.4193213 1.5103201 1.3334847 1.2745693 1.3227755 1.2525615 1.3028946 1.1709725 1.2033839 1.1740341 1.0154036 
Tetrapisispora_phaffii                      1.3684001 1.2536765 1.6343614 1.4805198 1.2882617 1.7549391 1.3702922 1.3562888 0.9424291 0.9998189 4.5077148 1.2508299 1.2328445 1.2994286 1.2462888 1.2086688 1.2365773 1.2696827 1.2874551 0.0000000 1.0066110 1.1549605 1.0026119 1.1644716 1.1110045 1.0587821 1.2391379 1.4564668 1.2906466 1.2772354 1.2258226 1.1241341 1.0286934 1.0389331 1.0438284 1.1647081 0.4559830 0.6146500 0.4505798 1.0857643 
Vanderwaltozyma_polyspora                   1.1991805 1.1915782 1.7047608 1.4931368 1.3288520 1.8804126 1.4167769 1.4191157 1.0561681 1.0965345 4.4776942 1.1984544 1.2244112 1.2498566 1.2936120 1.1844806 1.2359659 1.2137762 1.2675413 1.0066110 0.0000000 1.1949336 1.0133895 1.2137241 1.0936659 1.0300121 1.4023976 1.5307261 1.3457251 1.3387691 1.1530236 1.0665602 1.0474302 1.1444262 1.0660946 1.1591144 1.0274202 1.0200634 1.0619701 1.0071758 
yHAB132_Kazachstania_martiniae              1.1968242 0.9943910 1.4271870 1.3244255 1.4004795 1.8998416 1.3996765 1.3237858 1.0533885 1.0523155 3.9661000 1.2660427 1.2529459 1.2932639 1.2606670 1.2448245 1.3159860 1.3128431 1.2447887 1.1549605 1.1949336 0.0000000 0.8265825 1.0921311 0.9785914 0.8449508 1.1346929 1.3126589 1.2184422 1.1308655 1.0701593 1.0419490 0.8523716 1.0232254 0.8369782 1.0238224 1.0623655 1.2032617 1.2032556 1.1072080 
yHAB133_Kazachstania_unispora               1.2063695 0.8507909 1.3322619 1.1700713 1.1763831 1.6686144 1.1834404 1.2689050 0.9031538 0.9012420 4.3513295 1.1729479 1.1644322 1.1838919 1.2031648 1.1530716 1.2373520 1.1527948 1.1286911 1.0026119 1.0133895 0.8265825 0.0000000 0.9467429 0.6164200 0.3074879 0.9827447 1.1309124 1.2178147 0.8180295 0.8401345 0.8417072 0.2479720 0.8272014 0.2501429 0.7184136 1.0019768 0.9143879 1.0286459 0.9597381 
yHAB134_Kazachstania_turicensis             1.3789308 1.0778303 1.5198447 1.4369860 1.3552490 1.8054602 1.3974063 1.3348788 1.2609515 1.1410434 4.9865518 1.4227275 1.4097857 1.3625891 1.3898424 1.3790923 1.3694884 1.3590902 1.4026075 1.1644716 1.2137241 1.0921311 0.9467429 0.0000000 0.9947120 0.9823275 1.3163575 1.4606325 1.1060963 1.1850076 0.9458475 1.1060484 0.9504378 0.7269517 0.9584018 1.0907954 1.1806318 1.0905731 1.1553655 1.2517405 
yHAB136_Kazachstania_bromeliacearum         1.2377543 0.8826526 1.2348784 1.2874043 1.1680983 1.7618939 1.2512108 1.2852518 0.9033342 0.8571240 4.9612188 1.2696876 1.2538780 1.2615113 1.2784391 1.2507315 1.2566968 1.2331800 1.3930500 1.1110045 1.0936659 0.9785914 0.6164200 0.9947120 0.0000000 0.6289084 0.9478388 1.1607159 1.1760807 0.9061868 0.9600422 0.9728654 0.6286220 0.8318569 0.6251892 0.8151634 1.0993898 0.9911354 1.1056551 1.1726128 
yHAB143_Kazachstania_siamensis              1.1461485 0.9220682 1.3006246 1.2303168 1.2191594 1.7240686 1.2313248 1.2523357 0.8691284 0.8368458 4.5873041 1.1213487 1.1182287 1.1075109 1.1180084 1.1011142 1.1946289 1.0776761 1.2632789 1.0587821 1.0300121 0.8449508 0.3074879 0.9823275 0.6289084 0.0000000 0.9696990 1.2118154 1.2903745 0.8177956 0.8670424 0.8483103 0.3510730 0.8904446 0.3401051 0.7008401 1.0253546 0.9591863 1.0708089 0.9394190 
yHAB147_Kazachstania_taianensis             1.3465669 1.0933735 1.0298045 1.4821726 1.5584320 1.7924469 1.3629165 1.4855899 1.1904030 1.1807480 4.1723329 1.2923113 1.2948921 1.3202603 1.2837986 1.2784107 1.2850904 1.3240988 1.6609057 1.2391379 1.4023976 1.1346929 0.9827447 1.3163575 0.9478388 0.9696990 0.0000000 1.2842370 1.1771729 1.0329449 1.3543565 1.1982293 0.9511563 1.3432386 0.9872848 1.1037584 1.2974877 1.2364458 1.2626413 1.3401478 
yHAB148_Kazachstania_intestinalis           1.4912620 1.3596236 1.4729861 1.5563321 1.6449723 1.8527921 1.5657421 1.5911557 1.3106609 1.4276867 4.5967665 1.6156914 1.5861783 1.6559952 1.6497725 1.6093362 1.5995531 1.6164453 1.5708887 1.4564668 1.5307261 1.3126589 1.1309124 1.4606325 1.1607159 1.2118154 1.2842370 0.0000000 1.3544329 1.3238200 1.4236426 1.2493006 1.2336874 1.2881619 1.2233041 1.3011931 1.3910834 1.3945484 1.4297001 1.5705929 
yHAB153_Kazachstania_rosinii                1.3833403 1.1961229 1.0804108 1.4530400 1.5950520 1.8372497 1.6038364 1.4512229 1.1819114 1.2568607 4.1053705 1.4408465 1.4581218 1.4444429 1.3944192 1.3864784 1.3767979 1.4269281 1.5893525 1.2906466 1.3457251 1.2184422 1.2178147 1.1060963 1.1760807 1.2903745 1.1771729 1.3544329 0.0000000 1.4098075 1.0794499 1.0463284 1.1714996 1.0353457 1.1993927 1.2054882 1.3460827 1.2763765 1.2950848 1.3792267 
yHAB154_Kazachstania_transvaalensis         1.3676821 1.1677415 1.3933093 1.2929703 1.3059569 1.7358608 1.3218917 1.3307678 1.1797572 1.1196956 4.5074146 1.5117260 1.4989209 1.4773389 1.4975728 1.5450723 1.5320328 1.4795255 1.4193213 1.2772354 1.3387691 1.1308655 0.8180295 1.1850076 0.9061868 0.8177956 1.0329449 1.3238200 1.4098075 0.0000000 1.2434336 1.1521816 0.8189417 1.1132335 0.8201718 0.5526439 1.2898811 1.2531996 1.2508744 1.2561203 
yHAB155_Kazachstania_spencerorum            1.2999041 1.0301775 1.5692963 1.5605729 1.4328726 1.8223371 1.4547652 1.4304545 1.1326757 1.1593298 4.4648776 1.3509429 1.2400592 1.3423857 1.3866462 1.2732393 1.2975356 1.3301516 1.5103201 1.2258226 1.1530236 1.0701593 0.8401345 0.9458475 0.9600422 0.8670424 1.3543565 1.4236426 1.0794499 1.2434336 0.0000000 0.9274278 0.8540805 0.8162338 0.8167076 1.1378496 1.2375780 1.2288331 1.3089097 1.2130296 
yHAB158_Kazachstania_viticola               1.2029709 1.0579843 1.4146718 1.3608085 1.2652130 1.6912203 1.3207367 1.2839730 0.8764408 0.8714727 4.2181318 1.1206428 1.0689854 1.1702007 1.1237846 1.1379402 1.1736403 1.1629729 1.3334847 1.1241341 1.0665602 1.0419490 0.8417072 1.1060484 0.9728654 0.8483103 1.1982293 1.2493006 1.0463284 1.1521816 0.9274278 0.0000000 0.8665285 0.9356346 0.8289946 0.9831757 1.0655325 1.0805810 1.0885347 1.0748761 
yHAB159_Kazachstania_solicola               1.1896503 0.9095840 1.3140766 1.1848856 1.1780553 1.7244557 1.2317095 1.2112159 0.9341733 0.8405211 4.5148292 1.1875569 1.2234542 1.2122286 1.2395899 1.1448427 1.2552613 1.1568415 1.2745693 1.0286934 1.0474302 0.8523716 0.2479720 0.9504378 0.6286220 0.3510730 0.9511563 1.2336874 1.1714996 0.8189417 0.8540805 0.8665285 0.0000000 0.8855329 0.0964606 0.7089669 1.0269670 0.9850711 1.0528176 0.9812682 
yHAB160_Kazachstania_kunashirensis          1.2059794 1.0038976 1.6789836 1.3879789 1.2459691 1.7990571 1.3047003 1.2435941 1.0621688 0.9633800 5.1047587 1.3180348 1.2568071 1.3236480 1.4128576 1.2787033 1.3230928 1.3389801 1.3227755 1.0389331 1.1444262 1.0232254 0.8272014 0.7269517 0.8318569 0.8904446 1.3432386 1.2881619 1.0353457 1.1132335 0.8162338 0.9356346 0.8855329 0.0000000 0.8880168 0.9911631 1.0038723 0.9702734 1.0598574 1.0878930 
yHAB164_Kazachstania_aerobia                1.1887987 0.8736030 1.3510918 1.1973926 1.1847325 1.7045546 1.1982379 1.2150504 0.9326123 0.8523164 4.5543814 1.1843864 1.2100363 1.1837823 1.2210983 1.1669298 1.2328739 1.1300405 1.2525615 1.0438284 1.0660946 0.8369782 0.2501429 0.9584018 0.6251892 0.3401051 0.9872848 1.2233041 1.1993927 0.8201718 0.8167076 0.8289946 0.0964606 0.8880168 0.0000000 0.7201376 0.9998108 0.9685206 1.0245742 0.9493317 
yHAB166_Kazachstania_yakushimaensis         1.3525483 0.9881198 1.3763533 1.3598096 1.2891198 1.6393616 1.3328919 1.3259638 1.0400815 1.0189948 4.3027392 1.3368624 1.3609152 1.3417227 1.3626170 1.4079352 1.4306748 1.3111386 1.3028946 1.1647081 1.1591144 1.0238224 0.7184136 1.0907954 0.8151634 0.7008401 1.1037584 1.3011931 1.2054882 0.5526439 1.1378496 0.9831757 0.7089669 0.9911631 0.7201376 0.0000000 1.2590527 1.1645911 1.2017306 1.1066353 
yHMPu5000034875_Tetrapisispora_fleetii      1.3642494 1.2261910 1.7667902 1.4668638 1.3607894 1.8515141 1.3069443 1.3494757 1.0143050 1.0528206 4.4190398 1.2575210 1.2417989 1.2351694 1.2919452 1.2269026 1.2399600 1.2622131 1.1709725 0.4559830 1.0274202 1.0623655 1.0019768 1.1806318 1.0993898 1.0253546 1.2974877 1.3910834 1.3460827 1.2898811 1.2375780 1.0655325 1.0269670 1.0038723 0.9998108 1.2590527 0.0000000 0.6008241 0.2470348 1.0814769 
yHMPu5000034876_Tetrapisispora_iriomotensis 1.2972394 1.1104003 1.7138857 1.4494590 1.3033416 1.7481378 1.3766916 1.3400002 0.9741956 0.9122628 4.5531424 1.1744692 1.1969742 1.2060843 1.2130855 1.1878070 1.1662800 1.1727339 1.2033839 0.6146500 1.0200634 1.2032617 0.9143879 1.0905731 0.9911354 0.9591863 1.2364458 1.3945484 1.2763765 1.2531996 1.2288331 1.0805810 0.9850711 0.9702734 0.9685206 1.1645911 0.6008241 0.0000000 0.6192001 1.0660173 
yHMPu5000034877_Tetrapisispora_namnaonensis 1.3402967 1.2109188 1.7116570 1.4626537 1.4041502 1.7891336 1.2157767 1.2345921 0.9761481 1.0784692 4.5017863 1.2955027 1.2309527 1.2838511 1.2998292 1.2433105 1.2381045 1.3359120 1.1740341 0.4505798 1.0619701 1.2032556 1.0286459 1.1553655 1.1056551 1.0708089 1.2626413 1.4297001 1.2950848 1.2508744 1.3089097 1.0885347 1.0528176 1.0598574 1.0245742 1.2017306 0.2470348 0.6192001 0.0000000 1.0149649 
yHMPu5000035629_Yueomyces_sinensis          1.1210199 1.1028713 1.5332088 1.3969911 1.1777149 1.7850372 1.2171587 1.1920389 0.9231958 0.9819525 4.2589336 1.2097622 1.1335550 1.1936466 1.1819671 1.1853217 1.2183624 1.2084350 1.0154036 1.0857643 1.0071758 1.1072080 0.9597381 1.2517405 1.1726128 0.9394190 1.3401478 1.5705929 1.3792267 1.2561203 1.2130296 1.0748761 0.9812682 1.0878930 0.9493317 1.1066353 1.0814769 1.0660173 1.0149649 0.0000000 
