40
Candida_glabrata                            0.0000000 1.4076945 1.0716618 1.1107097 0.7252637 1.4097265 0.7068128 0.6843067 1.0826000 1.1469111 6.0961210 1.0476833 1.0565838 0.9954528 1.0457220 0.9888717 1.0198300 1.0070821 1.6459977 1.6039130 1.5288821 1.1144749 1.1537983 1.2719116 1.0814293 1.1328784 1.0567855 1.1923469 1.2298290 1.1865797 1.1822539 1.0934638 1.1750175 1.2582832 1.1966494 1.2114979 1.6642429 1.6055242 1.6480562 1.5648700 
Kazachstania_africana                       1.4076945 0.0000000 1.7089687 1.4297508 1.4302111 1.8711197 1.4518149 1.3874769 1.4862068 1.2989688 7.6491755 1.3729673 1.3606070 1.4013779 1.3422062 1.3429128 1.3280919 1.4250300 1.6277040 1.7980619 1.5470486 1.2781908 1.2316188 1.0891086 1.2044694 1.2780037 1.5438404 1.3586023 1.2064630 1.3209556 1.0623493 1.0751216 1.4358513 1.1768174 1.4079930 1.3750998 1.8066226 1.8105930 1.8493433 1.8509132 
Kazachstania_naganishii                     1.0716618 1.7089687 0.0000000 1.2865930 1.0737846 1.5628765 0.9746425 1.0009307 1.1572497 1.1740150 6.2411648 1.0286654 1.1486097 1.1193130 1.0789436 1.0748464 1.1102795 1.1360726 1.9419557 1.9544515 1.7263059 1.1937338 1.4196741 1.2331460 0.9997510 1.2682026 0.9579065 1.1394311 1.1513026 1.3360036 1.2575783 1.2862533 1.3330829 1.3325041 1.2973963 1.2781952 1.8856660 1.7324836 1.8597075 1.6746600 
Nakaseomyces_bacillisporus                  1.1107097 1.4297508 1.2865930 0.0000000 1.1194243 1.2676300 1.1774059 1.1380162 1.0666755 1.1292622 6.6896842 1.0425945 1.0568764 1.0681094 1.1058182 1.1206620 1.0706924 1.0487933 1.5933534 1.5505160 1.5441708 1.1497240 1.1204005 1.1859093 1.0595288 1.2039898 1.2737776 1.2423049 1.3164347 1.2031272 1.2435078 1.3043681 1.2532877 1.3310093 1.2307273 1.2291877 1.7118042 1.4360524 1.6290086 1.6280427 
Nakaseomyces_bracarensis                    0.7252637 1.4302111 1.0737846 1.1194243 0.0000000 1.4617986 0.5387632 0.4584148 1.0845922 1.0788380 6.2735891 1.0984606 1.0420072 1.0902998 1.0788879 1.0603698 1.0953960 1.0989922 1.5271793 1.6234875 1.5622965 1.1513142 1.2366396 1.2468639 1.0357097 1.2527459 1.1419688 1.1859598 1.2061349 1.2395045 1.1318814 1.2315581 1.2910175 1.2692441 1.3176576 1.1607956 1.7302126 1.6707481 1.7309767 1.6093335 
Nakaseomyces_castellii                      1.4097265 1.8711197 1.5628765 1.2676300 1.4617986 0.0000000 1.3794585 1.3054759 1.4301002 1.4695941 6.9501282 1.4708334 1.3580131 1.4228394 1.3736593 1.4492625 1.3825143 1.4053518 1.7459911 1.7935225 1.8968034 1.3979703 1.5439547 1.5497844 1.3856584 1.4912661 1.5020469 1.4755043 1.4787727 1.7307403 1.4146859 1.5029123 1.6359453 1.4552202 1.6408046 1.7112254 1.8894798 1.7036671 1.8200806 1.7685591 
Nakaseomyces_delphensis                     0.7068128 1.4518149 0.9746425 1.1774059 0.5387632 1.3794585 0.0000000 0.4363389 1.1484238 1.1164534 6.2265318 1.0399160 1.0821137 1.1119986 1.0259968 1.0890121 1.0893906 1.0962024 1.6310791 1.7072804 1.5421945 1.0927443 1.3252415 1.2108169 1.1429780 1.3068680 1.0811746 1.1787779 1.1680003 1.3078203 1.1289077 1.4534173 1.3109334 1.3335551 1.3241498 1.2208761 1.7830974 1.6380343 1.8350634 1.6120881 
Nakaseomyces_nivariensis                    0.6843067 1.3874769 1.0009307 1.1380162 0.4584148 1.3054759 0.4363389 0.0000000 1.1145944 1.1389499 6.4027618 1.0860868 1.1217496 1.0614199 1.1008885 1.1187872 1.1301890 1.1188459 1.5543603 1.7006783 1.4288329 1.0867240 1.2781235 1.2268081 1.0561019 1.1977207 1.0353662 1.2062760 1.1990820 1.2449918 1.0599149 1.2365255 1.3011683 1.3557022 1.2766472 1.1472763 1.7090408 1.6568417 1.7353166 1.4937316 
Naumovozyma_castellii                       1.0826000 1.4862068 1.1572497 1.0666755 1.0845922 1.4301002 1.1484238 1.1145944 0.0000000 0.8108536 7.1145249 0.8864850 0.8962865 0.8422060 0.9430312 0.8598452 0.8340456 0.8626640 1.4905493 1.5763704 1.4009003 1.0176856 1.1166608 1.1036251 0.8769499 1.0951180 1.0699978 1.2123606 1.0972274 1.1780803 0.9993275 1.0307092 1.0260939 1.1782212 1.0874194 1.1953231 1.6296711 1.3951332 1.6154495 1.3247691 
Naumovozyma_dairenensis                     1.1469111 1.2989688 1.1740150 1.1292622 1.0788380 1.4695941 1.1164534 1.1389499 0.8108536 0.0000000 6.5943310 0.8797753 0.9259666 0.9301880 0.8935868 0.9349809 0.9158830 0.9442665 1.3745911 1.5362537 1.4764225 1.0925089 1.1763094 1.0886573 0.9750700 1.1012115 1.1633366 1.1312280 1.1764031 1.1045433 0.9711487 1.2194993 1.1845046 1.1839221 1.2008300 1.1792686 1.6335104 1.5021647 1.6538096 1.5319529 
Neurospora_crassa                           6.0961210 7.6491755 6.2411648 6.6896842 6.2735891 6.9501282 6.2265318 6.4027618 7.1145249 6.5943310 0.0000000 6.9893589 7.1259284 7.0343494 6.6884222 6.5367850 6.7464318 6.7152965 8.5620308 7.2040121 8.7583587 7.3383119 8.9999987 8.6109603 8.0628184 8.9999987 6.1534997 7.0718772 7.0223172 8.0304484 8.0993716 7.5354593 8.3296523 8.2018965 8.7288292 8.7808635 8.5431523 8.4845025 7.6779632 8.9999987 
Saccharomyces_arboricola                    1.0476833 1.3729673 1.0286654 1.0425945 1.0984606 1.4708334 1.0399160 1.0860868 0.8864850 0.8797753 6.9893589 0.0000000 0.2588309 0.2698301 0.2579408 0.2797857 0.2668034 0.2688310 1.5352745 1.3613116 1.2687243 1.1221418 1.0843150 1.0818730 0.8741204 1.0743193 1.0818573 1.1644451 1.1371066 1.1922852 1.1310064 1.1390816 1.0825855 1.1846778 1.1250871 1.2472513 1.4323758 1.2304532 1.4746044 1.4042246 
Saccharomyces_cerevisiae                    1.0565838 1.3606070 1.1486097 1.0568764 1.0420072 1.3580131 1.0821137 1.1217496 0.8962865 0.9259666 7.1259284 0.2588309 0.0000000 0.2977324 0.2831394 0.2404637 0.1357824 0.3122444 1.4115211 1.4404529 1.2938676 1.1734483 1.0688992 1.0903640 1.0010414 1.1358026 1.1166321 1.1864178 1.1999973 1.1983750 1.1351200 1.0923764 1.1407177 1.2211122 1.1474262 1.2323933 1.5194992 1.3423552 1.5526295 1.4439223 
Saccharomyces_eubayanus                     0.9954528 1.4013779 1.1193130 1.0681094 1.0902998 1.4228394 1.1119986 1.0614199 0.8422060 0.9301880 7.0343494 0.2698301 0.2977324 0.0000000 0.3508067 0.3109826 0.3095189 0.1104721 1.4786110 1.2990739 1.3196256 1.0983456 1.0383446 1.1092308 0.8577070 1.1206877 1.1196304 1.1848709 1.1498993 1.1686998 1.0833870 1.0600747 1.1284313 1.2246061 1.1544738 1.1412725 1.4851146 1.3096716 1.4179740 1.4578604 
Saccharomyces_kudriavzevii                  1.0457220 1.3422062 1.0789436 1.1058182 1.0788879 1.3736593 1.0259968 1.1008885 0.9430312 0.8935868 6.6884222 0.2579408 0.2831394 0.3508067 0.0000000 0.2859330 0.2596699 0.3488805 1.4623479 1.3481559 1.2774722 1.0785217 1.0912433 1.1229558 0.9815667 1.1232434 1.1037956 1.1871085 1.1635229 1.1617754 1.1292891 1.1033206 1.1819216 1.2200020 1.1462608 1.3012121 1.5196898 1.3340780 1.5249738 1.4118641 
Saccharomyces_mikatae                       0.9888717 1.3429128 1.0748464 1.1206620 1.0603698 1.4492625 1.0890121 1.1187872 0.8598452 0.9349809 6.5367850 0.2797857 0.2404637 0.3109826 0.2859330 0.0000000 0.2013581 0.3059581 1.4861591 1.3840318 1.3006777 1.1086631 1.1133022 1.0897664 0.9262262 1.0818910 1.0540016 1.2044864 1.1475355 1.2119576 1.1584494 1.0714689 1.1185390 1.2063120 1.1184050 1.2785563 1.4834434 1.2868985 1.5236202 1.4885399 
Saccharomyces_paradoxus                     1.0198300 1.3280919 1.1102795 1.0706924 1.0953960 1.3825143 1.0893906 1.1301890 0.8340456 0.9158830 6.7464318 0.2668034 0.1357824 0.3095189 0.2596699 0.2013581 0.0000000 0.3051213 1.3971715 1.4124179 1.2955172 1.1135596 1.0654879 1.0757145 0.9764210 1.1070509 1.0748213 1.2078851 1.1738832 1.2000951 1.1451146 1.0874972 1.0599672 1.2132139 1.1076565 1.2452553 1.5408440 1.2944570 1.5135876 1.3681957 
Saccharomyces_uvarum                        1.0070821 1.4250300 1.1360726 1.0487933 1.0989922 1.4053518 1.0962024 1.1188459 0.8626640 0.9442665 6.7152965 0.2688310 0.3122444 0.1104721 0.3488805 0.3059581 0.3051213 0.0000000 1.4962565 1.3234984 1.3429850 1.0796098 1.0685140 1.1352041 0.8833321 1.1222826 1.0935709 1.1711444 1.1142794 1.1905310 1.0493405 1.1154303 1.1241860 1.2246181 1.1148264 1.1951498 1.4892953 1.3171207 1.4290365 1.4497620 
Tetrapisispora_blattae                      1.6459977 1.6277040 1.9419557 1.5933534 1.5271793 1.7459911 1.6310791 1.5543603 1.4905493 1.3745911 8.5620308 1.5352745 1.4115211 1.4786110 1.4623479 1.4861591 1.3971715 1.4962565 0.0000000 1.3559328 1.4306957 1.3912193 1.2496176 1.4952644 1.3283970 1.3846780 1.6027209 1.4689129 1.5447733 1.4854054 1.3569460 1.3770221 1.3792203 1.6587370 1.3869841 1.4219377 1.6185527 1.5549603 1.5861644 0.8983264 
Tetrapisispora_phaffii                      1.6039130 1.7980619 1.9544515 1.5505160 1.6234875 1.7935225 1.7072804 1.7006783 1.5763704 1.5362537 7.2040121 1.3613116 1.4404529 1.2990739 1.3481559 1.3840318 1.4124179 1.3234984 1.3559328 0.0000000 0.8688465 1.4016786 1.4987311 1.3510709 1.4182639 1.5483274 1.5662552 1.7004932 1.5127106 1.6599409 1.3590868 1.4846068 1.5497011 1.5297491 1.5828740 1.5800702 0.3515785 0.5830641 0.3747624 1.5418187 
Vanderwaltozyma_polyspora                   1.5288821 1.5470486 1.7263059 1.5441708 1.5622965 1.8968034 1.5421945 1.4288329 1.4009003 1.4764225 8.7583587 1.2687243 1.2938676 1.3196256 1.2774722 1.3006777 1.2955172 1.3429850 1.4306957 0.8688465 0.0000000 1.2886321 1.3568424 1.3870086 1.2224094 1.3964730 1.5036225 1.6305839 1.3558615 1.4957246 1.3204954 1.3400843 1.4333874 1.3936619 1.5659875 1.3588730 0.9121436 0.9058403 0.9302240 1.3785967 
yHAB132_Kazachstania_martiniae              1.1144749 1.2781908 1.1937338 1.1497240 1.1513142 1.3979703 1.0927443 1.0867240 1.0176856 1.0925089 7.3383119 1.1221418 1.1734483 1.0983456 1.0785217 1.1086631 1.1135596 1.0796098 1.3912193 1.4016786 1.2886321 0.0000000 1.0228223 0.9738785 0.9732604 1.0927484 1.0917138 1.1896779 0.9840807 1.0741768 0.7883499 0.9875271 1.0427620 1.0255704 1.0227711 1.0903541 1.5286443 1.3513354 1.4662843 1.3877821 
yHAB133_Kazachstania_unispora               1.1537983 1.2316188 1.4196741 1.1204005 1.2366396 1.5439547 1.3252415 1.2781235 1.1166608 1.1763094 8.9999987 1.0843150 1.0688992 1.0383446 1.0912433 1.1133022 1.0654879 1.0685140 1.2496176 1.4987311 1.3568424 1.0228223 0.0000000 1.1319079 0.8125987 0.3749537 1.1270547 1.2668880 1.1457863 0.9389528 0.9656379 1.0936501 0.3352542 1.1988068 0.3251408 0.8397257 1.5804437 1.4788078 1.6305330 1.4151259 
yHAB134_Kazachstania_turicensis             1.2719116 1.0891086 1.2331460 1.1859093 1.2468639 1.5497844 1.2108169 1.2268081 1.1036251 1.0886573 8.6109603 1.0818730 1.0903640 1.1092308 1.1229558 1.0897664 1.0757145 1.1352041 1.4952644 1.3510709 1.3870086 0.9738785 1.1319079 0.0000000 0.9552705 1.0693145 1.2729811 1.2947006 0.9406331 1.1652585 0.7677163 1.0615388 1.1859440 0.6379813 1.2080981 1.0843195 1.5116059 1.3141862 1.4706694 1.5277659 
yHAB136_Kazachstania_bromeliacearum         1.0814293 1.2044694 0.9997510 1.0595288 1.0357097 1.3856584 1.1429780 1.0561019 0.8769499 0.9750700 8.0628184 0.8741204 1.0010414 0.8577070 0.9815667 0.9262262 0.9764210 0.8833321 1.3283970 1.4182639 1.2224094 0.9732604 0.8125987 0.9552705 0.0000000 0.8439532 0.9836625 1.0878885 1.1246608 0.9102942 0.8956622 0.8886096 0.9243827 1.0224228 0.8875839 0.8696135 1.4317985 1.3531806 1.4708171 1.3498470 
yHAB143_Kazachstania_siamensis              1.1328784 1.2780037 1.2682026 1.2039898 1.2527459 1.4912661 1.3068680 1.1977207 1.0951180 1.1012115 8.9999987 1.0743193 1.1358026 1.1206877 1.1232434 1.0818910 1.1070509 1.1222826 1.3846780 1.5483274 1.3964730 1.0927484 0.3749537 1.0693145 0.8439532 0.0000000 1.1441066 1.2739603 1.1740680 0.8622936 0.9701501 1.1689755 0.5040013 1.2717196 0.4808563 0.8590148 1.6528267 1.5213333 1.6960794 1.4769230 
yHAB147_Kazachstania_taianensis             1.0567855 1.5438404 0.9579065 1.2737776 1.1419688 1.5020469 1.0811746 1.0353662 1.0699978 1.1633366 6.1534997 1.0818573 1.1166321 1.1196304 1.1037956 1.0540016 1.0748213 1.0935709 1.6027209 1.5662552 1.5036225 1.0917138 1.1270547 1.2729811 0.9836625 1.1441066 0.0000000 1.0792877 1.0484035 1.2413186 1.1580384 1.2098377 1.0828103 1.3731806 1.1301489 1.2276808 1.6763751 1.5399717 1.6752303 1.5664131 
yHAB148_Kazachstania_intestinalis           1.1923469 1.3586023 1.1394311 1.2423049 1.1859598 1.4755043 1.1787779 1.2062760 1.2123606 1.1312280 7.0718772 1.1644451 1.1864178 1.1848709 1.1871085 1.2044864 1.2078851 1.1711444 1.4689129 1.7004932 1.6305839 1.1896779 1.2668880 1.2947006 1.0878885 1.2739603 1.0792877 0.0000000 1.2732779 1.4133064 1.2477757 1.2367323 1.3053980 1.3160233 1.3681565 1.4477975 1.8036121 1.5856055 1.8186191 1.6614811 
yHAB153_Kazachstania_rosinii                1.2298290 1.2064630 1.1513026 1.3164347 1.2061349 1.4787727 1.1680003 1.1990820 1.0972274 1.1764031 7.0223172 1.1371066 1.1999973 1.1498993 1.1635229 1.1475355 1.1738832 1.1142794 1.5447733 1.5127106 1.3558615 0.9840807 1.1457863 0.9406331 1.1246608 1.1740680 1.0484035 1.2732779 0.0000000 1.2678964 0.8325612 0.9080314 1.2081968 0.8755296 1.2253693 1.2249815 1.5859427 1.4286658 1.5576192 1.4253672 
yHAB154_Kazachstania_transvaalensis         1.1865797 1.3209556 1.3360036 1.2031272 1.2395045 1.7307403 1.3078203 1.2449918 1.1780803 1.1045433 8.0304484 1.1922852 1.1983750 1.1686998 1.1617754 1.2119576 1.2000951 1.1905310 1.4854054 1.6599409 1.4957246 1.0741768 0.9389528 1.1652585 0.9102942 0.8622936 1.2413186 1.4133064 1.2678964 0.0000000 0.9935464 0.9961981 1.0336266 1.2030558 1.0162598 0.3870227 1.7527384 1.6237294 1.7591485 1.6934744 
yHAB155_Kazachstania_spencerorum            1.1822539 1.0623493 1.2575783 1.2435078 1.1318814 1.4146859 1.1289077 1.0599149 0.9993275 0.9711487 8.0993716 1.1310064 1.1351200 1.0833870 1.1292891 1.1584494 1.1451146 1.0493405 1.3569460 1.3590868 1.3204954 0.7883499 0.9656379 0.7677163 0.8956622 0.9701501 1.1580384 1.2477757 0.8325612 0.9935464 0.0000000 0.8595989 1.1608379 0.8849240 1.1143321 0.9545275 1.4549032 1.4001225 1.4093094 1.3480208 
yHAB158_Kazachstania_viticola               1.0934638 1.0751216 1.2862533 1.3043681 1.2315581 1.5029123 1.4534173 1.2365255 1.0307092 1.2194993 7.5354593 1.1390816 1.0923764 1.0600747 1.1033206 1.0714689 1.0874972 1.1154303 1.3770221 1.4846068 1.3400843 0.9875271 1.0936501 1.0615388 0.8886096 1.1689755 1.2098377 1.2367323 0.9080314 0.9961981 0.8595989 0.0000000 1.2083731 1.1253097 1.2016575 1.1297538 1.4239801 1.4585707 1.3071213 1.5080720 
yHAB159_Kazachstania_solicola               1.1750175 1.4358513 1.3330829 1.2532877 1.2910175 1.6359453 1.3109334 1.3011683 1.0260939 1.1845046 8.3296523 1.0825855 1.1407177 1.1284313 1.1819216 1.1185390 1.0599672 1.1241860 1.3792203 1.5497011 1.4333874 1.0427620 0.3352542 1.1859440 0.9243827 0.5040013 1.0828103 1.3053980 1.2081968 1.0336266 1.1608379 1.2083731 0.0000000 1.3138985 0.1589636 0.9857053 1.6284209 1.6965882 1.6164082 1.5078393 
yHAB160_Kazachstania_kunashirensis          1.2582832 1.1768174 1.3325041 1.3310093 1.2692441 1.4552202 1.3335551 1.3557022 1.1782212 1.1839221 8.2018965 1.1846778 1.2211122 1.2246061 1.2200020 1.2063120 1.2132139 1.2246181 1.6587370 1.5297491 1.3936619 1.0255704 1.1988068 0.6379813 1.0224228 1.2717196 1.3731806 1.3160233 0.8755296 1.2030558 0.8849240 1.1253097 1.3138985 0.0000000 1.3252755 1.1985679 1.5636875 1.3932877 1.5519812 1.5150554 
yHAB164_Kazachstania_aerobia                1.1966494 1.4079930 1.2973963 1.2307273 1.3176576 1.6408046 1.3241498 1.2766472 1.0874194 1.2008300 8.7288292 1.1250871 1.1474262 1.1544738 1.1462608 1.1184050 1.1076565 1.1148264 1.3869841 1.5828740 1.5659875 1.0227711 0.3251408 1.2080981 0.8875839 0.4808563 1.1301489 1.3681565 1.2253693 1.0162598 1.1143321 1.2016575 0.1589636 1.3252755 0.0000000 0.9563616 1.6804488 1.6296008 1.7236018 1.5217366 
yHAB166_Kazachstania_yakushimaensis         1.2114979 1.3750998 1.2781952 1.2291877 1.1607956 1.7112254 1.2208761 1.1472763 1.1953231 1.1792686 8.7808635 1.2472513 1.2323933 1.1412725 1.3012121 1.2785563 1.2452553 1.1951498 1.4219377 1.5800702 1.3588730 1.0903541 0.8397257 1.0843195 0.8696135 0.8590148 1.2276808 1.4477975 1.2249815 0.3870227 0.9545275 1.1297538 0.9857053 1.1985679 0.9563616 0.0000000 1.6489499 1.5626967 1.6150062 1.5928561 
yHMPu5000034875_Tetrapisispora_fleetii      1.6642429 1.8066226 1.8856660 1.7118042 1.7302126 1.8894798 1.7830974 1.7090408 1.6296711 1.6335104 8.5431523 1.4323758 1.5194992 1.4851146 1.5196898 1.4834434 1.5408440 1.4892953 1.6185527 0.3515785 0.9121436 1.5286443 1.5804437 1.5116059 1.4317985 1.6528267 1.6763751 1.8036121 1.5859427 1.7527384 1.4549032 1.4239801 1.6284209 1.5636875 1.6804488 1.6489499 0.0000000 0.5566319 0.2564490 1.5468854 
yHMPu5000034876_Tetrapisispora_iriomotensis 1.6055242 1.8105930 1.7324836 1.4360524 1.6707481 1.7036671 1.6380343 1.6568417 1.3951332 1.5021647 8.4845025 1.2304532 1.3423552 1.3096716 1.3340780 1.2868985 1.2944570 1.3171207 1.5549603 0.5830641 0.9058403 1.3513354 1.4788078 1.3141862 1.3531806 1.5213333 1.5399717 1.5856055 1.4286658 1.6237294 1.4001225 1.4585707 1.6965882 1.3932877 1.6296008 1.5626967 0.5566319 0.0000000 0.5578992 1.5001447 
yHMPu5000034877_Tetrapisispora_namnaonensis 1.6480562 1.8493433 1.8597075 1.6290086 1.7309767 1.8200806 1.8350634 1.7353166 1.6154495 1.6538096 7.6779632 1.4746044 1.5526295 1.4179740 1.5249738 1.5236202 1.5135876 1.4290365 1.5861644 0.3747624 0.9302240 1.4662843 1.6305330 1.4706694 1.4708171 1.6960794 1.6752303 1.8186191 1.5576192 1.7591485 1.4093094 1.3071213 1.6164082 1.5519812 1.7236018 1.6150062 0.2564490 0.5578992 0.0000000 1.6703995 
yHMPu5000035629_Yueomyces_sinensis          1.5648700 1.8509132 1.6746600 1.6280427 1.6093335 1.7685591 1.6120881 1.4937316 1.3247691 1.5319529 8.9999987 1.4042246 1.4439223 1.4578604 1.4118641 1.4885399 1.3681957 1.4497620 0.8983264 1.5418187 1.3785967 1.3877821 1.4151259 1.5277659 1.3498470 1.4769230 1.5664131 1.6614811 1.4253672 1.6934744 1.3480208 1.5080720 1.5078393 1.5150554 1.5217366 1.5928561 1.5468854 1.5001447 1.6703995 0.0000000 
