40
Candida_glabrata                            0.0000000 2.0263090 2.1284692 1.8257510 1.1852688 2.3784296 1.1799929 1.1777542 1.7679422 1.7483145 8.4516898 1.9554979 1.8818785 1.8680855 1.8898228 1.9434569 1.9005347 1.8807501 2.6996099 1.9668335 2.1126864 1.7329564 1.9117407 2.1422277 1.8400086 2.0233194 1.8819843 2.0581549 2.0940800 2.0644263 2.0135506 2.0805734 1.8891139 2.1042182 1.8277523 2.0545983 2.1029766 1.9569212 1.9631555 2.4225456 
Kazachstania_africana                       2.0263090 0.0000000 1.8349982 1.8657115 2.0799101 2.3279367 2.0777395 2.0744090 1.3720184 1.4469974 8.9999986 1.6679616 1.6531458 1.5698421 1.5807432 1.5481379 1.6305930 1.5457598 2.2574881 1.7127170 1.8166014 1.2010713 1.4632475 1.6265497 1.2333489 1.4137633 1.4424833 1.6571781 1.4037530 1.6094804 1.3409639 1.4589420 1.4188330 1.5017408 1.4207640 1.5452818 1.8023959 1.7411929 1.7743828 1.8296040 
Kazachstania_naganishii                     2.1284692 1.8349982 0.0000000 2.1313378 2.2659660 2.6468502 2.2935684 2.3934594 1.8032346 1.7389568 8.5970480 1.8706371 1.8024914 1.7974081 1.8368608 1.9124733 1.9075422 1.8320388 2.7476785 2.2930323 2.1864744 1.5949665 1.5953959 2.1154333 1.2036854 1.5734402 1.3629667 1.8357187 1.6784544 1.6895315 1.8262120 1.9104453 1.5568242 1.9117121 1.6460758 1.6893464 2.3657904 2.3420240 2.3503410 2.3393784 
Nakaseomyces_bacillisporus                  1.8257510 1.8657115 2.1313378 0.0000000 1.9599788 2.2266928 2.0748345 1.9310360 1.6441891 1.5108213 8.9999984 1.7495094 1.6682044 1.6720189 1.7216706 1.7291465 1.7794724 1.7273215 2.3700484 1.9265725 1.8234821 1.7045960 1.7347772 2.0939527 1.5464563 1.6766333 1.8290491 2.0516014 1.8619972 1.8726963 1.8916968 1.7685605 1.6554565 2.0237602 1.6128592 1.8262638 1.9090559 1.9324122 1.8644351 2.2865178 
Nakaseomyces_bracarensis                    1.1852688 2.0799101 2.2659660 1.9599788 0.0000000 2.5171645 0.6724971 0.6278922 1.7865437 1.8706319 8.9999984 2.0027135 1.9049800 1.8538555 1.9416347 2.0395123 1.9666250 1.8763121 2.6240420 2.0605280 2.0761793 1.9152211 1.8593234 2.3463752 1.9222712 1.7664742 1.9729354 2.1802076 2.1214853 2.0163135 1.9443329 2.0498681 1.8714799 2.2409912 1.8356509 2.0098354 2.1696446 2.0435604 2.1881204 2.2092244 
Nakaseomyces_castellii                      2.3784296 2.3279367 2.6468502 2.2266928 2.5171645 0.0000000 2.5442216 2.4846687 2.1529055 2.1555415 8.9999989 2.4023707 2.3750481 2.3287575 2.3735735 2.2985463 2.3745087 2.3608879 2.8980423 2.7811825 2.6317400 2.3262647 2.5849752 2.7597162 2.1910230 2.4667486 2.3595990 2.4133622 2.5221980 2.5194100 2.4711781 2.3733949 2.4699622 2.6316973 2.4710553 2.5495230 2.7504387 2.6032097 2.8808655 3.0262499 
Nakaseomyces_delphensis                     1.1799929 2.0777395 2.2935684 2.0748345 0.6724971 2.5442216 0.0000000 0.4854757 1.7949449 1.8041116 8.9130577 2.0254662 2.0077195 1.9177938 2.0014169 2.0169545 2.0388645 1.9173975 2.7470224 2.1600997 2.1683520 1.9578443 1.8881990 2.3580768 1.9583881 1.9413683 1.9649885 2.2503445 2.0310643 2.1845155 2.0623769 2.0711255 1.9337852 2.1912391 1.9008706 2.2333262 2.3117350 2.0312440 2.2807266 2.2551011 
Nakaseomyces_nivariensis                    1.1777542 2.0744090 2.3934594 1.9310360 0.6278922 2.4846687 0.4854757 0.0000000 1.8542307 1.8128466 8.9999981 1.9947901 1.9186520 1.8318887 1.9179790 1.9801548 2.0027017 1.8538979 2.5353403 2.0913424 2.0463294 1.8848064 1.9334633 2.3399447 1.9084944 1.8741898 1.9422955 2.2976073 1.9646977 2.1175765 1.9568728 2.0296597 1.9003166 2.1708032 1.8718915 2.0628641 2.2775723 2.0764608 2.2259872 2.1870172 
Naumovozyma_castellii                       1.7679422 1.3720184 1.8032346 1.6441891 1.7865437 2.1529055 1.7949449 1.8542307 0.0000000 0.9124725 8.9999985 1.4086266 1.3430263 1.3762948 1.4045369 1.3873539 1.3708497 1.3976295 2.2840573 1.7175277 1.7790977 1.2759018 1.4126913 1.7082349 1.1134844 1.4456488 1.4632502 1.5985959 1.4936521 1.5983972 1.3987987 1.2881123 1.4101730 1.5526186 1.4149651 1.5412530 1.7045225 1.6556666 1.7669438 1.9528587 
Naumovozyma_dairenensis                     1.7483145 1.4469974 1.7389568 1.5108213 1.8706319 2.1555415 1.8041116 1.8128466 0.9124725 0.0000000 8.9999985 1.4226381 1.4520252 1.3765897 1.4401564 1.4274086 1.4358589 1.4068554 2.2709512 1.6412567 1.6488921 1.2530450 1.4151481 1.7032880 1.0921059 1.4085223 1.4142898 1.6881842 1.5058025 1.4447328 1.5007320 1.2469067 1.4523424 1.5338517 1.4423383 1.3998344 1.7214969 1.6399670 1.7370301 1.9455632 
Neurospora_crassa                           8.4516898 8.9999986 8.5970480 8.9999984 8.9999984 8.9999989 8.9130577 8.9999981 8.9999985 8.9999985 0.0000000 8.9999985 8.9999985 8.9999985 8.9999985 8.9999987 8.9999985 8.9999985 8.9999981 8.9999982 8.9999986 8.9693446 8.9112627 8.5815674 8.9999983 8.9999986 8.9999982 8.9999986 8.6831420 8.9999988 8.9999989 8.8853050 8.3410522 8.9999985 8.4180290 8.9999981 8.9999987 8.9999989 8.9999983 8.9999988 
Saccharomyces_arboricola                    1.9554979 1.6679616 1.8706371 1.7495094 2.0027135 2.4023707 2.0254662 1.9947901 1.4086266 1.4226381 8.9999985 0.0000000 0.4572382 0.4190186 0.3870345 0.4057744 0.4300888 0.4002288 2.3479431 1.8486875 1.7700012 1.4462845 1.6654686 1.9088736 1.4205240 1.6307111 1.5699684 1.8995482 1.7012091 1.7172021 1.6497519 1.5231340 1.6318287 1.8065951 1.6934989 1.7970284 1.8734047 1.7402724 1.9031260 1.9445988 
Saccharomyces_cerevisiae                    1.8818785 1.6531458 1.8024914 1.6682044 1.9049800 2.3750481 2.0077195 1.9186520 1.3430263 1.4520252 8.9999985 0.4572382 0.0000000 0.4570414 0.3709389 0.3123868 0.1754896 0.4380295 2.2953843 1.7334456 1.7364349 1.3866941 1.5789514 1.8672494 1.3494181 1.6330428 1.5132579 1.9162640 1.7392241 1.6672299 1.5194381 1.4982374 1.6268350 1.7707682 1.7263798 1.7188289 1.8310571 1.7263217 1.8474896 1.8841921 
Saccharomyces_eubayanus                     1.8680855 1.5698421 1.7974081 1.6720189 1.8538555 2.3287575 1.9177938 1.8318887 1.3762948 1.3765897 8.9999985 0.4190186 0.4570414 0.0000000 0.4016421 0.4538719 0.4497757 0.1241694 2.2334080 1.7313810 1.7822493 1.4125859 1.5601198 1.8970983 1.3542842 1.6044705 1.4730593 1.8509498 1.5903422 1.6790591 1.5633405 1.4709690 1.5914638 1.7197059 1.6179588 1.6856355 1.8075295 1.6996394 1.7811224 1.8557288 
Saccharomyces_kudriavzevii                  1.8898228 1.5807432 1.8368608 1.7216706 1.9416347 2.3735735 2.0014169 1.9179790 1.4045369 1.4401564 8.9999985 0.3870345 0.3709389 0.4016421 0.0000000 0.3800315 0.3455762 0.3616748 2.3825659 1.7205061 1.6858046 1.3806493 1.5765455 1.8625271 1.2969607 1.6349985 1.5249380 1.8092645 1.6705103 1.6731829 1.5723774 1.5371818 1.6123545 1.7414200 1.6576724 1.6761922 1.8108247 1.6879600 1.8690008 1.8642606 
Saccharomyces_mikatae                       1.9434569 1.5481379 1.9124733 1.7291465 2.0395123 2.2985463 2.0169545 1.9801548 1.3873539 1.4274086 8.9999987 0.4057744 0.3123868 0.4538719 0.3800315 0.0000000 0.2809352 0.4031654 2.2636458 1.7332501 1.7972758 1.4159117 1.5468198 1.8289483 1.3685543 1.6100391 1.5160857 1.9527949 1.6776056 1.6587453 1.5760006 1.4822376 1.5978577 1.7249971 1.6427264 1.6752065 1.8120302 1.6722860 1.8398038 1.9490359 
Saccharomyces_paradoxus                     1.9005347 1.6305930 1.9075422 1.7794724 1.9666250 2.3745087 2.0388645 2.0027017 1.3708497 1.4358589 8.9999985 0.4300888 0.1754896 0.4497757 0.3455762 0.2809352 0.0000000 0.4127825 2.3893180 1.7984175 1.8365923 1.4293556 1.5503799 1.8942216 1.3422586 1.6129991 1.5337477 1.9292870 1.7054893 1.6993662 1.5679744 1.5481217 1.5997983 1.8282646 1.6800701 1.7299628 1.8803104 1.7341969 1.9296191 1.9188179 
Saccharomyces_uvarum                        1.8807501 1.5457598 1.8320388 1.7273215 1.8763121 2.3608879 1.9173975 1.8538979 1.3976295 1.4068554 8.9999985 0.4002288 0.4380295 0.1241694 0.3616748 0.4031654 0.4127825 0.0000000 2.2546745 1.7415246 1.7465109 1.4378127 1.5652197 1.9023228 1.3362379 1.6472462 1.4772655 1.8961255 1.6165477 1.6711871 1.5337044 1.4573515 1.5767072 1.7567806 1.6339508 1.6731416 1.7838036 1.6725021 1.8054508 1.8516255 
Tetrapisispora_blattae                      2.6996099 2.2574881 2.7476785 2.3700484 2.6240420 2.8980423 2.7470224 2.5353403 2.2840573 2.2709512 8.9999981 2.3479431 2.2953843 2.2334080 2.3825659 2.2636458 2.3893180 2.2546745 0.0000000 2.3686328 2.4442692 2.2345049 2.3810786 2.5324795 2.1975489 2.3548555 2.5311786 2.6913250 2.4151805 2.4860802 2.2327301 2.4567779 2.2663457 2.3749958 2.3347911 2.3790299 2.4162480 2.3026788 2.4118679 1.7211345 
Tetrapisispora_phaffii                      1.9668335 1.7127170 2.2930323 1.9265725 2.0605280 2.7811825 2.1600997 2.0913424 1.7175277 1.6412567 8.9999982 1.8486875 1.7334456 1.7313810 1.7205061 1.7332501 1.7984175 1.7415246 2.3686328 0.0000000 1.6343805 1.5580166 1.8060616 2.1136632 1.5437253 1.7910432 1.8679977 2.1345781 1.9446837 1.9377550 1.6897835 1.7221681 1.7945594 1.9663295 1.7897860 1.9558913 0.5980111 0.8823281 0.5343526 1.9706541 
Vanderwaltozyma_polyspora                   2.1126864 1.8166014 2.1864744 1.8234821 2.0761793 2.6317400 2.1683520 2.0463294 1.7790977 1.6488921 8.9999986 1.7700012 1.7364349 1.7822493 1.6858046 1.7972758 1.8365923 1.7465109 2.4442692 1.6343805 0.0000000 1.7380818 1.7280131 2.0370426 1.6086698 1.6846963 1.7806478 2.1212128 1.8679857 1.8220880 1.7726686 1.7513987 1.6817508 1.9057227 1.7467519 1.7499336 1.6310541 1.5299028 1.6405727 1.8406179 
yHAB132_Kazachstania_martiniae              1.7329564 1.2010713 1.5949665 1.7045960 1.9152211 2.3262647 1.9578443 1.8848064 1.2759018 1.2530450 8.9693446 1.4462845 1.3866941 1.4125859 1.3806493 1.4159117 1.4293556 1.4378127 2.2345049 1.5580166 1.7380818 0.0000000 1.1532805 1.5311847 0.9750912 1.2553899 1.2057271 1.6553114 1.3049694 1.3718046 1.2647443 1.3027152 1.1603849 1.3801023 1.1372113 1.3029591 1.6633004 1.5255776 1.6262779 1.9069676 
yHAB133_Kazachstania_unispora               1.9117407 1.4632475 1.5953959 1.7347772 1.8593234 2.5849752 1.8881990 1.9334633 1.4126913 1.4151481 8.9112627 1.6654686 1.5789514 1.5601198 1.5765455 1.5468198 1.5503799 1.5652197 2.3810786 1.8060616 1.7280131 1.1532805 0.0000000 1.5640565 0.8402126 0.5308200 1.0293918 1.5911842 1.4999821 1.1055561 1.3878903 1.2696345 0.3707233 1.4900425 0.3659045 1.1295790 1.8405288 1.7425373 1.8753396 2.0974428 
yHAB134_Kazachstania_turicensis             2.1422277 1.6265497 2.1154333 2.0939527 2.3463752 2.7597162 2.3580768 2.3399447 1.7082349 1.7032880 8.5815674 1.9088736 1.8672494 1.8970983 1.8625271 1.8289483 1.8942216 1.9023228 2.5324795 2.1136632 2.0370426 1.5311847 1.5640565 0.0000000 1.4804942 1.6226718 1.6841412 1.9131860 1.5449926 1.7810331 1.4685809 1.6614142 1.6342035 1.0990347 1.6502592 1.7102063 2.1694076 1.9408374 2.1500716 2.1743844 
yHAB136_Kazachstania_bromeliacearum         1.8400086 1.2333489 1.2036854 1.5464563 1.9222712 2.1910230 1.9583881 1.9084944 1.1134844 1.0921059 8.9999983 1.4205240 1.3494181 1.3542842 1.2969607 1.3685543 1.3422586 1.3362379 2.1975489 1.5437253 1.6086698 0.9750912 0.8402126 1.4804942 0.0000000 0.8670634 0.8917246 1.4373040 1.2987256 1.0578364 1.1261480 1.1606863 0.8311675 1.3924333 0.8351128 1.0281894 1.6201850 1.5789230 1.6822253 1.7793178 
yHAB143_Kazachstania_siamensis              2.0233194 1.4137633 1.5734402 1.6766333 1.7664742 2.4667486 1.9413683 1.8741898 1.4456488 1.4085223 8.9999986 1.6307111 1.6330428 1.6044705 1.6349985 1.6100391 1.6129991 1.6472462 2.3548555 1.7910432 1.6846963 1.2553899 0.5308200 1.6226718 0.8670634 0.0000000 1.0226846 1.6165856 1.5709669 1.1507821 1.4845504 1.3273495 0.5559105 1.5214195 0.5460271 1.0952580 1.8921821 1.7504854 1.8687206 2.0140164 
yHAB147_Kazachstania_taianensis             1.8819843 1.4424833 1.3629667 1.8290491 1.9729354 2.3595990 1.9649885 1.9422955 1.4632502 1.4142898 8.9999982 1.5699684 1.5132579 1.4730593 1.5249380 1.5160857 1.5337477 1.4772655 2.5311786 1.8679977 1.7806478 1.2057271 1.0293918 1.6841412 0.8917246 1.0226846 0.0000000 1.7105848 1.5185145 1.2444771 1.4626596 1.4219441 1.0506830 1.5839902 1.0334461 1.1847424 1.9975025 1.8259070 1.9712734 1.9631627 
yHAB148_Kazachstania_intestinalis           2.0581549 1.6571781 1.8357187 2.0516014 2.1802076 2.4133622 2.2503445 2.2976073 1.5985959 1.6881842 8.9999986 1.8995482 1.9162640 1.8509498 1.8092645 1.9527949 1.9292870 1.8961255 2.6913250 2.1345781 2.1212128 1.6553114 1.5911842 1.9131860 1.4373040 1.6165856 1.7105848 0.0000000 1.7341665 1.7244475 1.7239854 1.7736769 1.6420542 1.6924633 1.5933852 1.6341206 2.1297425 2.0989457 2.1398718 2.1451445 
yHAB153_Kazachstania_rosinii                2.0940800 1.4037530 1.6784544 1.8619972 2.1214853 2.5221980 2.0310643 1.9646977 1.4936521 1.5058025 8.6831420 1.7012091 1.7392241 1.5903422 1.6705103 1.6776056 1.7054893 1.6165477 2.4151805 1.9446837 1.8679857 1.3049694 1.4999821 1.5449926 1.2987256 1.5709669 1.5185145 1.7341665 0.0000000 1.7077711 1.1917505 1.4459040 1.5053023 1.2958746 1.5454088 1.6823129 2.0216543 1.7979455 2.0271738 2.1207614 
yHAB154_Kazachstania_transvaalensis         2.0644263 1.6094804 1.6895315 1.8726963 2.0163135 2.5194100 2.1845155 2.1175765 1.5983972 1.4447328 8.9999988 1.7172021 1.6672299 1.6790591 1.6731829 1.6587453 1.6993662 1.6711871 2.4860802 1.9377550 1.8220880 1.3718046 1.1055561 1.7810331 1.0578364 1.1507821 1.2444771 1.7244475 1.7077711 0.0000000 1.6019477 1.4465982 1.1427148 1.6146521 1.1522738 0.4045695 2.0517484 2.0502683 2.0253628 1.9993277 
yHAB155_Kazachstania_spencerorum            2.0135506 1.3409639 1.8262120 1.8916968 1.9443329 2.4711781 2.0623769 1.9568728 1.3987987 1.5007320 8.9999989 1.6497519 1.5194381 1.5633405 1.5723774 1.5760006 1.5679744 1.5337044 2.2327301 1.6897835 1.7726686 1.2647443 1.3878903 1.4685809 1.1261480 1.4845504 1.4626596 1.7239854 1.1917505 1.6019477 0.0000000 1.4479612 1.4112758 1.2563574 1.3957922 1.5412845 1.8794682 1.8184776 1.8931353 1.9156002 
yHAB158_Kazachstania_viticola               2.0805734 1.4589420 1.9104453 1.7685605 2.0498681 2.3733949 2.0711255 2.0296597 1.2881123 1.2469067 8.8853050 1.5231340 1.4982374 1.4709690 1.5371818 1.4822376 1.5481217 1.4573515 2.4567779 1.7221681 1.7513987 1.3027152 1.2696345 1.6614142 1.1606863 1.3273495 1.4219441 1.7736769 1.4459040 1.4465982 1.4479612 0.0000000 1.3140605 1.5055712 1.2990806 1.4632224 1.8084440 1.6982815 1.8653844 2.0372020 
yHAB159_Kazachstania_solicola               1.8891139 1.4188330 1.5568242 1.6554565 1.8714799 2.4699622 1.9337852 1.9003166 1.4101730 1.4523424 8.3410522 1.6318287 1.6268350 1.5914638 1.6123545 1.5978577 1.5997983 1.5767072 2.2663457 1.7945594 1.6817508 1.1603849 0.3707233 1.6342035 0.8311675 0.5559105 1.0506830 1.6420542 1.5053023 1.1427148 1.4112758 1.3140605 0.0000000 1.5391693 0.1222913 1.1488453 1.8385144 1.7584580 1.8842547 1.9211135 
yHAB160_Kazachstania_kunashirensis          2.1042182 1.5017408 1.9117121 2.0237602 2.2409912 2.6316973 2.1912391 2.1708032 1.5526186 1.5338517 8.9999985 1.8065951 1.7707682 1.7197059 1.7414200 1.7249971 1.8282646 1.7567806 2.3749958 1.9663295 1.9057227 1.3801023 1.4900425 1.0990347 1.3924333 1.5214195 1.5839902 1.6924633 1.2958746 1.6146521 1.2563574 1.5055712 1.5391693 0.0000000 1.4919481 1.4923027 1.9557847 1.9889579 1.9492536 2.0827443 
yHAB164_Kazachstania_aerobia                1.8277523 1.4207640 1.6460758 1.6128592 1.8356509 2.4710553 1.9008706 1.8718915 1.4149651 1.4423383 8.4180290 1.6934989 1.7263798 1.6179588 1.6576724 1.6427264 1.6800701 1.6339508 2.3347911 1.7897860 1.7467519 1.1372113 0.3659045 1.6502592 0.8351128 0.5460271 1.0334461 1.5933852 1.5454088 1.1522738 1.3957922 1.2990806 0.1222913 1.4919481 0.0000000 1.1521941 1.8542554 1.8419925 1.9272106 1.9768686 
yHAB166_Kazachstania_yakushimaensis         2.0545983 1.5452818 1.6893464 1.8262638 2.0098354 2.5495230 2.2333262 2.0628641 1.5412530 1.3998344 8.9999981 1.7970284 1.7188289 1.6856355 1.6761922 1.6752065 1.7299628 1.6731416 2.3790299 1.9558913 1.7499336 1.3029591 1.1295790 1.7102063 1.0281894 1.0952580 1.1847424 1.6341206 1.6823129 0.4045695 1.5412845 1.4632224 1.1488453 1.4923027 1.1521941 0.0000000 1.9599373 1.9801865 1.9880090 2.0747871 
yHMPu5000034875_Tetrapisispora_fleetii      2.1029766 1.8023959 2.3657904 1.9090559 2.1696446 2.7504387 2.3117350 2.2775723 1.7045225 1.7214969 8.9999987 1.8734047 1.8310571 1.8075295 1.8108247 1.8120302 1.8803104 1.7838036 2.4162480 0.5980111 1.6310541 1.6633004 1.8405288 2.1694076 1.6201850 1.8921821 1.9975025 2.1297425 2.0216543 2.0517484 1.8794682 1.8084440 1.8385144 1.9557847 1.8542554 1.9599373 0.0000000 0.9776384 0.3305569 2.0560632 
yHMPu5000034876_Tetrapisispora_iriomotensis 1.9569212 1.7411929 2.3420240 1.9324122 2.0435604 2.6032097 2.0312440 2.0764608 1.6556666 1.6399670 8.9999989 1.7402724 1.7263217 1.6996394 1.6879600 1.6722860 1.7341969 1.6725021 2.3026788 0.8823281 1.5299028 1.5255776 1.7425373 1.9408374 1.5789230 1.7504854 1.8259070 2.0989457 1.7979455 2.0502683 1.8184776 1.6982815 1.7584580 1.9889579 1.8419925 1.9801865 0.9776384 0.0000000 0.9559475 1.8913202 
yHMPu5000034877_Tetrapisispora_namnaonensis 1.9631555 1.7743828 2.3503410 1.8644351 2.1881204 2.8808655 2.2807266 2.2259872 1.7669438 1.7370301 8.9999983 1.9031260 1.8474896 1.7811224 1.8690008 1.8398038 1.9296191 1.8054508 2.4118679 0.5343526 1.6405727 1.6262779 1.8753396 2.1500716 1.6822253 1.8687206 1.9712734 2.1398718 2.0271738 2.0253628 1.8931353 1.8653844 1.8842547 1.9492536 1.9272106 1.9880090 0.3305569 0.9559475 0.0000000 2.0116990 
yHMPu5000035629_Yueomyces_sinensis          2.4225456 1.8296040 2.3393784 2.2865178 2.2092244 3.0262499 2.2551011 2.1870172 1.9528587 1.9455632 8.9999988 1.9445988 1.8841921 1.8557288 1.8642606 1.9490359 1.9188179 1.8516255 1.7211345 1.9706541 1.8406179 1.9069676 2.0974428 2.1743844 1.7793178 2.0140164 1.9631627 2.1451445 2.1207614 1.9993277 1.9156002 2.0372020 1.9211135 2.0827443 1.9768686 2.0747871 2.0560632 1.8913202 2.0116990 0.0000000 
