40
Candida_glabrata                            0.0000000 0.8875579 0.8422489 0.8447216 0.4573805 1.0463348 0.5176140 0.4506138 0.8695389 0.9517759 2.9352314 0.8113365 0.8207768 0.8471411 0.8166566 0.8065093 0.8457397 0.8633013 0.8297191 0.9508174 0.8180447 0.8184477 0.9027027 1.0800962 0.8630140 0.9163186 0.7213825 0.9815502 0.7792910 0.9039932 0.8486614 0.8177814 0.8783460 0.8416146 0.8906441 0.8932671 1.0133249 0.9329549 0.9714271 0.8814812 
Kazachstania_africana                       0.8875579 0.0000000 1.0226078 0.9125185 0.8676480 1.1080184 1.0795469 0.9211432 0.8182219 0.7803425 3.4186863 0.7939998 0.7620682 0.7851509 0.7856535 0.7570396 0.7866012 0.7875900 0.7847427 0.9158059 0.8607967 0.7058962 0.6511772 0.9110483 0.7182185 0.6281207 1.0246550 0.9416481 0.8189861 0.7451426 0.7742319 0.6859497 0.7047035 0.7428378 0.6823147 0.7382630 0.9332759 0.9263568 0.9222074 0.8040102 
Kazachstania_naganishii                     0.8422489 1.0226078 0.0000000 1.0352506 0.9331194 1.3143785 0.8174478 0.8731608 0.9979234 1.1352294 2.8199562 1.0954482 1.0943168 1.1114908 1.0096680 1.0649931 1.0138020 1.1211790 1.1163878 1.3027003 1.0900308 1.0245846 1.0546052 1.1734479 0.9566610 0.9966812 0.6128013 0.9513602 0.7906197 1.0085592 0.9760866 1.0646315 1.0224850 1.0699689 1.0528507 1.0048229 1.3053883 1.2548222 1.2930713 1.1711893 
Nakaseomyces_bacillisporus                  0.8447216 0.9125185 1.0352506 0.0000000 0.8947438 1.0407137 0.9948369 0.9009719 0.8951191 0.8402047 3.4023272 0.9704699 0.9244269 0.9469422 0.9600659 0.9303329 0.9161905 0.9436989 0.8945998 0.9854085 0.8674210 0.8613372 0.8626681 1.0043270 0.9487684 0.8633748 1.0056523 0.9319871 0.8849358 0.8404186 0.8884392 0.8805167 0.8489752 0.7845629 0.8312497 0.8370108 0.9566227 1.0476499 0.9534311 0.8753533 
Nakaseomyces_bracarensis                    0.4573805 0.8676480 0.9331194 0.8947438 0.0000000 1.1881028 0.5335864 0.3465501 0.7533686 0.8709098 2.8709978 0.7632900 0.7492425 0.7612523 0.8060567 0.7792240 0.7561693 0.7901637 0.8219043 0.8351379 0.7999627 0.6799001 0.7164460 0.9523164 0.7973535 0.7891903 0.9234713 1.0070451 0.8148501 0.8336133 0.8169675 0.7460272 0.7758570 0.8058823 0.7375263 0.7553445 0.8763404 0.8166310 0.8891837 0.7785594 
Nakaseomyces_castellii                      1.0463348 1.1080184 1.3143785 1.0407137 1.1881028 0.0000000 1.1773491 1.1638010 1.1917248 1.3158637 3.6631499 1.1899798 1.1991904 1.2827487 1.2110023 1.2045448 1.2016209 1.2672650 1.1543992 1.2973069 1.1591494 1.2394118 1.2243040 1.3237200 1.2242063 1.1953414 1.2397598 1.1878476 1.2216940 1.1739208 1.2432467 1.1555976 1.2476187 1.2744912 1.2219805 1.2158541 1.3477451 1.3172553 1.3458455 1.2737320 
Nakaseomyces_delphensis                     0.5176140 1.0795469 0.8174478 0.9948369 0.5335864 1.1773491 0.0000000 0.4305367 0.9810934 1.1139262 2.9887050 0.9796386 0.9435451 0.9786652 0.9366320 0.9452203 0.9396696 0.9882538 1.0962798 1.2548430 0.9829218 0.9879323 1.0712367 1.1698027 1.0475522 1.0834231 0.6535236 1.0812937 0.7630534 1.0789617 1.0754203 1.0236709 1.0565414 1.0421072 1.0591027 1.0415699 1.2095304 1.1696111 1.1606012 1.0909100 
Nakaseomyces_nivariensis                    0.4506138 0.9211432 0.8731608 0.9009719 0.3465501 1.1638010 0.4305367 0.0000000 0.7624457 0.8677084 2.9034351 0.8063424 0.7493261 0.7983970 0.7940297 0.7713602 0.7770096 0.8069156 0.8725010 0.9220256 0.8185583 0.7717405 0.7593489 0.9475257 0.8304826 0.8380264 0.8659736 0.9774540 0.8460823 0.8221714 0.8540670 0.7922812 0.7857683 0.8541291 0.7689979 0.7995146 0.9730030 0.9222684 0.9180007 0.8740263 
Naumovozyma_castellii                       0.8695389 0.8182219 0.9979234 0.8951191 0.7533686 1.1917248 0.9810934 0.7624457 0.0000000 0.6767644 3.3469047 0.7894047 0.7889439 0.8191749 0.8116793 0.8043770 0.8141570 0.8005704 0.9220150 0.9152862 0.8186894 0.7684656 0.6881522 0.8818916 0.7151987 0.7813563 1.0445732 0.9238495 0.9262602 0.7452800 0.8335634 0.7276261 0.7215714 0.7799225 0.7305162 0.7319090 0.9189303 0.8385512 0.8995769 0.8567322 
Naumovozyma_dairenensis                     0.9517759 0.7803425 1.1352294 0.8402047 0.8709098 1.3158637 1.1139262 0.8677084 0.6767644 0.0000000 3.6961217 0.8382060 0.7974547 0.8235658 0.8469308 0.8309060 0.8093451 0.8244349 0.8501364 0.8958746 0.7904740 0.7358135 0.6653569 0.8941279 0.8035164 0.6793867 1.2431199 0.9620272 1.0875312 0.7474875 0.8716142 0.6869502 0.7331808 0.7693541 0.7048578 0.7011760 0.8464461 0.8182985 0.8718008 0.8256167 
Neurospora_crassa                           2.9352314 3.4186863 2.8199562 3.4023272 2.8709978 3.6631499 2.9887050 2.9034351 3.3469047 3.6961217 0.0000000 3.8223864 3.6463489 3.7048954 3.5310332 3.6100618 3.6157214 3.7109765 3.5556605 3.7311297 3.6107597 3.4122466 3.4081134 3.9185997 3.6319803 3.6081776 2.9438818 3.1428230 3.0251032 3.3595758 3.4310853 3.8137955 3.1771060 3.7621369 3.3563607 3.3754162 3.7133554 3.6475061 3.6329967 3.5875127 
Saccharomyces_arboricola                    0.8113365 0.7939998 1.0954482 0.9704699 0.7632900 1.1899798 0.9796386 0.8063424 0.7894047 0.8382060 3.8223864 0.0000000 0.2421917 0.2236040 0.2276267 0.2550821 0.2464806 0.2297328 0.8749444 0.8489513 0.8147808 0.7316397 0.7428422 1.0337748 0.7669643 0.7802527 1.0289148 0.9621382 0.8490648 0.8110116 0.9056996 0.6739161 0.7950570 0.7978552 0.7515100 0.7485676 0.8851029 0.8489572 0.8981697 0.8227586 
Saccharomyces_cerevisiae                    0.8207768 0.7620682 1.0943168 0.9244269 0.7492425 1.1991904 0.9435451 0.7493261 0.7889439 0.7974547 3.6463489 0.2421917 0.0000000 0.2783936 0.2533529 0.2024986 0.1405010 0.2767162 0.8248906 0.8627999 0.8004032 0.7162086 0.7388121 0.9896202 0.7569625 0.7459018 1.0060703 0.9526717 0.8667900 0.7995551 0.9294327 0.7082395 0.8035257 0.8164225 0.7467645 0.7346081 0.8674361 0.8500911 0.8933511 0.8320076 
Saccharomyces_eubayanus                     0.8471411 0.7851509 1.1114908 0.9469422 0.7612523 1.2827487 0.9786652 0.7983970 0.8191749 0.8235658 3.7048954 0.2236040 0.2783936 0.0000000 0.2563008 0.2778358 0.2625105 0.0795002 0.8582960 0.7896354 0.8262932 0.7353698 0.7376838 1.0662973 0.7961021 0.7692238 1.0567226 0.9800552 0.8911814 0.8480744 0.8978142 0.7031401 0.7665416 0.7871832 0.7609674 0.7475124 0.8506713 0.8611171 0.8605922 0.7908637 
Saccharomyces_kudriavzevii                  0.8166566 0.7856535 1.0096680 0.9600659 0.8060567 1.2110023 0.9366320 0.7940297 0.8116793 0.8469308 3.5310332 0.2276267 0.2533529 0.2563008 0.0000000 0.2608528 0.2469832 0.2542546 0.8676883 0.9033673 0.7946995 0.7380450 0.7782949 1.0555729 0.8086505 0.7904890 1.0379084 1.0176714 0.8575540 0.8363640 0.8781863 0.7484371 0.8097881 0.7547742 0.7956458 0.7641138 0.9106741 0.9074473 0.9520907 0.8214516 
Saccharomyces_mikatae                       0.8065093 0.7570396 1.0649931 0.9303329 0.7792240 1.2045448 0.9452203 0.7713602 0.8043770 0.8309060 3.6100618 0.2550821 0.2024986 0.2778358 0.2608528 0.0000000 0.1836052 0.2594745 0.8512817 0.9048882 0.8060185 0.7110489 0.7431288 1.0051306 0.7852765 0.7641315 1.0171202 0.9746957 0.8350446 0.8280268 0.9123496 0.7088825 0.8333153 0.8058344 0.7587893 0.7654411 0.9409771 0.8768844 0.9629382 0.8496599 
Saccharomyces_paradoxus                     0.8457397 0.7866012 1.0138020 0.9161905 0.7561693 1.2016209 0.9396696 0.7770096 0.8141570 0.8093451 3.6157214 0.2464806 0.1405010 0.2625105 0.2469832 0.1836052 0.0000000 0.2648431 0.8264874 0.8623859 0.7818908 0.6667322 0.7369238 0.9718305 0.7929703 0.7775470 1.0430280 0.9783684 0.8682570 0.7932149 0.8913973 0.6995547 0.8404899 0.7626424 0.7753053 0.7388344 0.8882440 0.8344242 0.8883803 0.8420190 
Saccharomyces_uvarum                        0.8633013 0.7875900 1.1211790 0.9436989 0.7901637 1.2672650 0.9882538 0.8069156 0.8005704 0.8244349 3.7109765 0.2297328 0.2767162 0.0795002 0.2542546 0.2594745 0.2648431 0.0000000 0.8701398 0.7908101 0.8107665 0.7210803 0.7565215 1.0610655 0.8033359 0.7781796 1.0922617 1.0024797 0.8973017 0.8540298 0.9380140 0.7037451 0.7965034 0.7917470 0.7747107 0.7507766 0.8403070 0.8467463 0.8756203 0.8194630 
Tetrapisispora_blattae                      0.8297191 0.7847427 1.1163878 0.8945998 0.8219043 1.1543992 1.0962798 0.8725010 0.9220150 0.8501364 3.5556605 0.8749444 0.8248906 0.8582960 0.8676883 0.8512817 0.8264874 0.8701398 0.0000000 0.7805318 0.7131081 0.8120332 0.6934910 0.8802836 0.7277943 0.6710890 1.2062940 0.9507144 0.9838169 0.7805245 0.7879211 0.7601540 0.7182793 0.6703698 0.7354822 0.7751389 0.7877550 0.7498627 0.7707062 0.6746423 
Tetrapisispora_phaffii                      0.9508174 0.9158059 1.3027003 0.9854085 0.8351379 1.2973069 1.2548430 0.9220256 0.9152862 0.8958746 3.7311297 0.8489513 0.8627999 0.7896354 0.9033673 0.9048882 0.8623859 0.7908101 0.7805318 0.0000000 0.6347674 0.8701150 0.7896358 1.0460605 0.9330564 0.8023995 1.2999670 1.0469846 1.0541856 0.9347079 0.9396564 0.7931051 0.8134831 0.8114494 0.7869700 0.8826714 0.2809823 0.3664338 0.3043759 0.7803085 
Vanderwaltozyma_polyspora                   0.8180447 0.8607967 1.0900308 0.8674210 0.7999627 1.1591494 0.9829218 0.8185583 0.8186894 0.7904740 3.6107597 0.8147808 0.8004032 0.8262932 0.7946995 0.8060185 0.7818908 0.8107665 0.7131081 0.6347674 0.0000000 0.7429481 0.6910414 0.8749413 0.7256920 0.7050497 1.1476233 0.9868070 0.9331467 0.6558703 0.7969699 0.7359367 0.6653873 0.6745664 0.6928380 0.6587700 0.6744026 0.6564702 0.6754761 0.7365105 
yHAB132_Kazachstania_martiniae              0.8184477 0.7058962 1.0245846 0.8613372 0.6799001 1.2394118 0.9879323 0.7717405 0.7684656 0.7358135 3.4122466 0.7316397 0.7162086 0.7353698 0.7380450 0.7110489 0.6667322 0.7210803 0.8120332 0.8701150 0.7429481 0.0000000 0.5504599 0.8104095 0.6470754 0.5945952 1.0729573 0.8724407 0.8320958 0.6661666 0.6693330 0.5568095 0.6206051 0.5937544 0.5968667 0.5603523 0.8317797 0.8278334 0.8420050 0.7460833 
yHAB133_Kazachstania_unispora               0.9027027 0.6511772 1.0546052 0.8626681 0.7164460 1.2243040 1.0712367 0.7593489 0.6881522 0.6653569 3.4081134 0.7428422 0.7388121 0.7376838 0.7782949 0.7431288 0.7369238 0.7565215 0.6934910 0.7896358 0.6910414 0.5504599 0.0000000 0.7861907 0.4731016 0.2682450 0.9626956 0.8321251 0.8729795 0.5376219 0.6023818 0.5578950 0.2003302 0.6056854 0.1970365 0.4655453 0.7879429 0.7554949 0.8137742 0.6750388 
yHAB134_Kazachstania_turicensis             1.0800962 0.9110483 1.1734479 1.0043270 0.9523164 1.3237200 1.1698027 0.9475257 0.8818916 0.8941279 3.9185997 1.0337748 0.9896202 1.0662973 1.0555729 1.0051306 0.9718305 1.0610655 0.8802836 1.0460605 0.8749413 0.8104095 0.7861907 0.0000000 0.8565023 0.7687951 1.2661773 1.0937514 0.9529059 0.8529925 0.7652620 0.8549553 0.8538317 0.5321234 0.8261982 0.8234550 1.0224011 0.9825244 1.0633515 0.9060884 
yHAB136_Kazachstania_bromeliacearum         0.8630140 0.7182185 0.9566610 0.9487684 0.7973535 1.2242063 1.0475522 0.8304826 0.7151987 0.8035164 3.6319803 0.7669643 0.7569625 0.7961021 0.8086505 0.7852765 0.7929703 0.8033359 0.7277943 0.9330564 0.7256920 0.6470754 0.4731016 0.8565023 0.0000000 0.5174114 0.9734420 0.8372534 0.8912458 0.5923839 0.6593776 0.6684064 0.4961934 0.6633368 0.5018387 0.5245165 0.9161802 0.8935424 0.9311273 0.7118965 
yHAB143_Kazachstania_siamensis              0.9163186 0.6281207 0.9966812 0.8633748 0.7891903 1.1953414 1.0834231 0.8380264 0.7813563 0.6793867 3.6081776 0.7802527 0.7459018 0.7692238 0.7904890 0.7641315 0.7775470 0.7781796 0.6710890 0.8023995 0.7050497 0.5945952 0.2682450 0.7687951 0.5174114 0.0000000 0.9389354 0.8422012 0.8654794 0.5067333 0.5949904 0.5808514 0.3225559 0.5213892 0.3055259 0.4969127 0.7833090 0.7890866 0.8205990 0.6951448 
yHAB147_Kazachstania_taianensis             0.7213825 1.0246550 0.6128013 1.0056523 0.9234713 1.2397598 0.6535236 0.8659736 1.0445732 1.2431199 2.9438818 1.0289148 1.0060703 1.0567226 1.0379084 1.0171202 1.0430280 1.0922617 1.2062940 1.2999670 1.1476233 1.0729573 0.9626956 1.2661773 0.9734420 0.9389354 0.0000000 0.9143503 0.6555381 1.0057715 1.0961366 1.0924387 0.9576540 1.1790971 0.9606710 0.9941093 1.3275027 1.3548518 1.3619298 1.2987866 
yHAB148_Kazachstania_intestinalis           0.9815502 0.9416481 0.9513602 0.9319871 1.0070451 1.1878476 1.0812937 0.9774540 0.9238495 0.9620272 3.1428230 0.9621382 0.9526717 0.9800552 1.0176714 0.9746957 0.9783684 1.0024797 0.9507144 1.0469846 0.9868070 0.8724407 0.8321251 1.0937514 0.8372534 0.8422012 0.9143503 0.0000000 0.9548627 0.9026382 0.9280540 0.9151450 0.8547941 0.9376681 0.8055283 0.8909270 1.0564528 1.1211451 1.0369406 0.9829917 
yHAB153_Kazachstania_rosinii                0.7792910 0.8189861 0.7906197 0.8849358 0.8148501 1.2216940 0.7630534 0.8460823 0.9262602 1.0875312 3.0251032 0.8490648 0.8667900 0.8911814 0.8575540 0.8350446 0.8682570 0.8973017 0.9838169 1.0541856 0.9331467 0.8320958 0.8729795 0.9529059 0.8912458 0.8654794 0.6555381 0.9548627 0.0000000 0.9010823 0.7048582 0.8435488 0.8352719 0.8040929 0.8361317 0.8201895 1.1735401 1.0314400 1.1373944 1.0202863 
yHAB154_Kazachstania_transvaalensis         0.9039932 0.7451426 1.0085592 0.8404186 0.8336133 1.1739208 1.0789617 0.8221714 0.7452800 0.7474875 3.3595758 0.8110116 0.7995551 0.8480744 0.8363640 0.8280268 0.7932149 0.8540298 0.7805245 0.9347079 0.6558703 0.6661666 0.5376219 0.8529925 0.5923839 0.5067333 1.0057715 0.9026382 0.9010823 0.0000000 0.6718557 0.6349294 0.5853558 0.5962137 0.5762903 0.2294091 0.9136703 0.8687071 0.9684420 0.7762719 
yHAB155_Kazachstania_spencerorum            0.8486614 0.7742319 0.9760866 0.8884392 0.8169675 1.2432467 1.0754203 0.8540670 0.8335634 0.8716142 3.4310853 0.9056996 0.9294327 0.8978142 0.8781863 0.9123496 0.8913973 0.9380140 0.7879211 0.9396564 0.7969699 0.6693330 0.6023818 0.7652620 0.6593776 0.5949904 1.0961366 0.9280540 0.7048582 0.6718557 0.0000000 0.6371362 0.5934070 0.5571277 0.5880547 0.6412248 0.8944742 0.8801027 0.9794349 0.8507425 
yHAB158_Kazachstania_viticola               0.8177814 0.6859497 1.0646315 0.8805167 0.7460272 1.1555976 1.0236709 0.7922812 0.7276261 0.6869502 3.8137955 0.6739161 0.7082395 0.7031401 0.7484371 0.7088825 0.6995547 0.7037451 0.7601540 0.7931051 0.7359367 0.5568095 0.5578950 0.8549553 0.6684064 0.5808514 1.0924387 0.9151450 0.8435488 0.6349294 0.6371362 0.0000000 0.5887375 0.5919340 0.5745633 0.6162394 0.8066577 0.7536611 0.8016147 0.7337825 
yHAB159_Kazachstania_solicola               0.8783460 0.7047035 1.0224850 0.8489752 0.7758570 1.2476187 1.0565414 0.7857683 0.7215714 0.7331808 3.1771060 0.7950570 0.8035257 0.7665416 0.8097881 0.8333153 0.8404899 0.7965034 0.7182793 0.8134831 0.6653873 0.6206051 0.2003302 0.8538317 0.4961934 0.3225559 0.9576540 0.8547941 0.8352719 0.5853558 0.5934070 0.5887375 0.0000000 0.6318234 0.0779807 0.5346951 0.8179611 0.7837542 0.8227832 0.6727224 
yHAB160_Kazachstania_kunashirensis          0.8416146 0.7428378 1.0699689 0.7845629 0.8058823 1.2744912 1.0421072 0.8541291 0.7799225 0.7693541 3.7621369 0.7978552 0.8164225 0.7871832 0.7547742 0.8058344 0.7626424 0.7917470 0.6703698 0.8114494 0.6745664 0.5937544 0.6056854 0.5321234 0.6633368 0.5213892 1.1790971 0.9376681 0.8040929 0.5962137 0.5571277 0.5919340 0.6318234 0.0000000 0.6106136 0.5930356 0.7962906 0.7615953 0.8381455 0.6931510 
yHAB164_Kazachstania_aerobia                0.8906441 0.6823147 1.0528507 0.8312497 0.7375263 1.2219805 1.0591027 0.7689979 0.7305162 0.7048578 3.3563607 0.7515100 0.7467645 0.7609674 0.7956458 0.7587893 0.7753053 0.7747107 0.7354822 0.7869700 0.6928380 0.5968667 0.1970365 0.8261982 0.5018387 0.3055259 0.9606710 0.8055283 0.8361317 0.5762903 0.5880547 0.5745633 0.0779807 0.6106136 0.0000000 0.5306992 0.7588333 0.7551070 0.7899103 0.7054515 
yHAB166_Kazachstania_yakushimaensis         0.8932671 0.7382630 1.0048229 0.8370108 0.7553445 1.2158541 1.0415699 0.7995146 0.7319090 0.7011760 3.3754162 0.7485676 0.7346081 0.7475124 0.7641138 0.7654411 0.7388344 0.7507766 0.7751389 0.8826714 0.6587700 0.5603523 0.4655453 0.8234550 0.5245165 0.4969127 0.9941093 0.8909270 0.8201895 0.2294091 0.6412248 0.6162394 0.5346951 0.5930356 0.5306992 0.0000000 0.8809516 0.8038913 0.8855277 0.6995012 
yHMPu5000034875_Tetrapisispora_fleetii      1.0133249 0.9332759 1.3053883 0.9566227 0.8763404 1.3477451 1.2095304 0.9730030 0.9189303 0.8464461 3.7133554 0.8851029 0.8674361 0.8506713 0.9106741 0.9409771 0.8882440 0.8403070 0.7877550 0.2809823 0.6744026 0.8317797 0.7879429 1.0224011 0.9161802 0.7833090 1.3275027 1.0564528 1.1735401 0.9136703 0.8944742 0.8066577 0.8179611 0.7962906 0.7588333 0.8809516 0.0000000 0.3784384 0.1738958 0.7678646 
yHMPu5000034876_Tetrapisispora_iriomotensis 0.9329549 0.9263568 1.2548222 1.0476499 0.8166310 1.3172553 1.1696111 0.9222684 0.8385512 0.8182985 3.6475061 0.8489572 0.8500911 0.8611171 0.9074473 0.8768844 0.8344242 0.8467463 0.7498627 0.3664338 0.6564702 0.8278334 0.7554949 0.9825244 0.8935424 0.7890866 1.3548518 1.1211451 1.0314400 0.8687071 0.8801027 0.7536611 0.7837542 0.7615953 0.7551070 0.8038913 0.3784384 0.0000000 0.3945088 0.7467706 
yHMPu5000034877_Tetrapisispora_namnaonensis 0.9714271 0.9222074 1.2930713 0.9534311 0.8891837 1.3458455 1.1606012 0.9180007 0.8995769 0.8718008 3.6329967 0.8981697 0.8933511 0.8605922 0.9520907 0.9629382 0.8883803 0.8756203 0.7707062 0.3043759 0.6754761 0.8420050 0.8137742 1.0633515 0.9311273 0.8205990 1.3619298 1.0369406 1.1373944 0.9684420 0.9794349 0.8016147 0.8227832 0.8381455 0.7899103 0.8855277 0.1738958 0.3945088 0.0000000 0.8222979 
yHMPu5000035629_Yueomyces_sinensis          0.8814812 0.8040102 1.1711893 0.8753533 0.7785594 1.2737320 1.0909100 0.8740263 0.8567322 0.8256167 3.5875127 0.8227586 0.8320076 0.7908637 0.8214516 0.8496599 0.8420190 0.8194630 0.6746423 0.7803085 0.7365105 0.7460833 0.6750388 0.9060884 0.7118965 0.6951448 1.2987866 0.9829917 1.0202863 0.7762719 0.8507425 0.7337825 0.6727224 0.6931510 0.7054515 0.6995012 0.7678646 0.7467706 0.8222979 0.0000000 
