40
Candida_glabrata                            0.0000000 0.7900365 0.9113329 0.7697564 0.6571849 0.9823372 0.6688800 0.6731102 0.8658362 0.7326992 2.4720694 0.7846024 0.7606584 0.7920251 0.8375713 0.7286865 0.6993462 0.7587697 0.8584899 0.7241973 0.7777595 0.7346131 0.5969298 0.7302244 0.6606640 0.5939503 0.6604188 0.7915472 0.7867351 0.7713397 0.6995557 0.8118943 0.8175234 0.7017587 0.7879381 0.7446572 0.5833937 0.8287619 0.6751853 0.9749798 
Kazachstania_africana                       0.7900365 0.0000000 1.0068277 0.6718814 0.6812542 1.0129917 0.8558761 0.6108995 0.5757127 0.6379709 2.6556471 0.8207716 0.8182278 0.6984010 0.7771764 0.7093557 0.7823134 0.7260374 0.7830328 0.7402270 0.6862718 0.5990122 0.5529707 0.5242438 0.6748136 0.6272982 0.7246877 0.7972210 0.6923856 0.7139628 0.7570194 0.7176018 0.7346907 0.5460395 0.6877179 0.6819535 0.5983562 0.6397231 0.6638474 0.8115087 
Kazachstania_naganishii                     0.9113329 1.0068277 0.0000000 0.7653933 0.7630895 0.7764224 0.7453415 0.6402559 0.9704517 0.9938278 2.1014982 0.6587108 0.8564896 0.7224125 0.7531777 0.8160805 0.8433385 0.6460044 1.1115029 0.8754521 0.9243213 0.9819178 1.0942454 0.9021986 0.8918489 0.9614740 0.6218255 0.6127643 0.8101768 0.9622565 0.9502907 0.8097166 0.7646123 1.0732754 0.8358773 1.0234782 0.9168584 0.9120277 0.9371105 1.0540244 
Nakaseomyces_bacillisporus                  0.7697564 0.6718814 0.7653933 0.0000000 0.7338393 0.8969380 0.7390992 0.6602275 0.7111930 0.6944244 2.5079698 0.5840657 0.6731560 0.6648086 0.7167280 0.6887090 0.6908359 0.6661604 0.7403214 0.6701556 0.6616824 0.6371843 0.5533599 0.5907714 0.5869402 0.5916012 0.8182293 0.6809604 0.6634637 0.6932167 0.6137767 0.6640825 0.7157625 0.6398391 0.6574398 0.7459071 0.7589767 0.6202202 0.7666488 0.7724819 
Nakaseomyces_bracarensis                    0.6571849 0.6812542 0.7630895 0.7338393 0.0000000 0.9662865 0.4148334 0.3741645 0.7469228 0.7114363 2.5803599 0.7467298 0.8091602 0.7445528 0.8081578 0.7572822 0.7417078 0.7612388 0.7218555 0.6855402 0.6849999 0.7589941 0.5130765 0.6875728 0.6034871 0.5718702 0.7098107 0.6813290 0.7736172 0.6758360 0.7101534 0.7015725 0.6989543 0.6629429 0.7829615 0.7223510 0.6625722 0.6533708 0.6885939 0.8372330 
Nakaseomyces_castellii                      0.9823372 1.0129917 0.7764224 0.8969380 0.9662865 0.0000000 0.8733033 0.8481835 0.9529709 0.9489909 2.5054330 0.8268585 0.9522012 0.7742086 0.8749759 0.8913459 0.8797182 0.8409675 1.2451547 0.9994366 0.9950173 1.0434389 0.9773694 0.9683130 0.9681574 0.9162051 0.8390303 0.8568895 0.9481106 0.9864731 1.0616202 1.0300017 0.8724078 0.9499299 0.9434449 1.1042539 1.0237696 0.9399890 1.0282705 1.0962571 
Nakaseomyces_delphensis                     0.6688800 0.8558761 0.7453415 0.7390992 0.4148334 0.8733033 0.0000000 0.3616244 0.8816577 0.8629458 2.2953313 0.7114242 0.7862710 0.7084006 0.7654548 0.6987666 0.7102208 0.7256186 0.9886331 0.7884832 0.7784671 0.8447430 0.6422651 0.7829456 0.6741193 0.6449591 0.6758808 0.7513252 0.7482601 0.7881852 0.8500268 0.7375324 0.6943703 0.8820486 0.8128276 0.8294555 0.7307579 0.7560214 0.7964446 0.8847512 
Nakaseomyces_nivariensis                    0.6731102 0.6108995 0.6402559 0.6602275 0.3741645 0.8481835 0.3616244 0.0000000 0.7270746 0.7034518 2.3214957 0.6628391 0.6954393 0.6999844 0.7033018 0.7147951 0.7221253 0.6698596 0.8420586 0.6858341 0.7583980 0.6525710 0.5946544 0.6221286 0.6486117 0.6181502 0.6933005 0.6683153 0.7223683 0.6957845 0.6900201 0.6430505 0.5996525 0.6428684 0.7279323 0.7318580 0.7385052 0.6647756 0.7790124 0.8120215 
Naumovozyma_castellii                       0.8658362 0.5757127 0.9704517 0.7111930 0.7469228 0.9529709 0.8816577 0.7270746 0.0000000 0.4772137 2.4435278 0.6948990 0.7535098 0.6549453 0.6617275 0.6996528 0.6871066 0.6540776 0.7396174 0.6324623 0.6220410 0.6300303 0.5707610 0.5798654 0.4827087 0.5544653 0.7147951 0.7117242 0.7112441 0.5809893 0.6011905 0.7456174 0.7044907 0.5106606 0.5481683 0.5618542 0.7330924 0.6306601 0.7176973 0.7261473 
Naumovozyma_dairenensis                     0.7326992 0.6379709 0.9938278 0.6944244 0.7114363 0.9489909 0.8629458 0.7034518 0.4772137 0.0000000 2.6946212 0.8122622 0.7302295 0.7627164 0.7633180 0.7469216 0.7332485 0.7893509 0.7513599 0.7253551 0.6861201 0.5174596 0.4532752 0.4430252 0.4886253 0.4101831 0.7574930 0.7548792 0.5835145 0.4960582 0.4018760 0.6854749 0.7362023 0.4284693 0.5203880 0.4927882 0.8315862 0.7148271 0.7655279 0.6524585 
Neurospora_crassa                           2.4720694 2.6556471 2.1014982 2.5079698 2.5803599 2.5054330 2.2953313 2.3214957 2.4435278 2.6946212 0.0000000 2.5857275 2.4122313 2.2817724 2.4163217 2.4416703 2.4591526 2.2142023 2.7926375 2.4651218 2.8592295 2.8706175 2.5839745 2.5909277 2.6977091 2.5266123 2.4241495 2.2652672 2.2858980 2.6935206 2.7538253 2.8612584 2.4599674 2.6994527 2.4994788 2.5420120 2.5571514 2.4701827 2.5780184 2.5766574 
Saccharomyces_arboricola                    0.7846024 0.8207716 0.6587108 0.5840657 0.7467298 0.8268585 0.7114242 0.6628391 0.6948990 0.8122622 2.5857275 0.0000000 0.2552943 0.2380606 0.1861812 0.2617349 0.2233712 0.2242140 0.9952511 0.7267270 0.7219928 0.7197538 0.7302985 0.7623662 0.6787608 0.7437374 0.6915616 0.6789805 0.7328090 0.7338583 0.7519354 0.7398736 0.6522343 0.8202499 0.6735628 0.7934245 0.8171666 0.6993515 0.8236097 0.8532364 
Saccharomyces_cerevisiae                    0.7606584 0.8182278 0.8564896 0.6731560 0.8091602 0.9522012 0.7862710 0.6954393 0.7535098 0.7302295 2.4122313 0.2552943 0.0000000 0.3599356 0.3117699 0.1701117 0.0829548 0.3562747 1.0117625 0.7513838 0.7947992 0.6220431 0.6176829 0.7289818 0.6932163 0.6669024 0.7563360 0.7703175 0.7471046 0.6584657 0.6513895 0.7826673 0.7061135 0.7798910 0.6935944 0.7203350 0.8742227 0.7370473 0.9125750 0.7862242 
Saccharomyces_eubayanus                     0.7920251 0.6984010 0.7224125 0.6648086 0.7445528 0.7742086 0.7084006 0.6999844 0.6549453 0.7627164 2.2817724 0.2380606 0.3599356 0.0000000 0.2417318 0.3087444 0.3115594 0.0501805 0.9784991 0.6619183 0.6832736 0.7340236 0.7066417 0.7459805 0.6913068 0.7647199 0.6022824 0.6122743 0.7533282 0.8030426 0.7556760 0.7514404 0.5794905 0.7845910 0.6863564 0.8389094 0.7346034 0.7059022 0.7966679 0.8759461 
Saccharomyces_kudriavzevii                  0.8375713 0.7771764 0.7531777 0.7167280 0.8081578 0.8749759 0.7654548 0.7033018 0.6617275 0.7633180 2.4163217 0.1861812 0.3117699 0.2417318 0.0000000 0.2805727 0.2478659 0.2088306 0.9458010 0.7569839 0.7676345 0.7185014 0.7002845 0.6838002 0.6630364 0.7784895 0.7066452 0.6791263 0.7701428 0.7238118 0.7620199 0.7835566 0.6078296 0.8548918 0.6817380 0.8205521 0.7869110 0.7403070 0.8827823 0.8162027 
Saccharomyces_mikatae                       0.7286865 0.7093557 0.8160805 0.6887090 0.7572822 0.8913459 0.6987666 0.7147951 0.6996528 0.7469216 2.4416703 0.2617349 0.1701117 0.3087444 0.2805727 0.0000000 0.1471750 0.2700239 0.9809948 0.7508176 0.7082934 0.6732718 0.6709687 0.6790243 0.6979748 0.7757422 0.7285238 0.7200892 0.6931358 0.7586328 0.7222009 0.7818308 0.7334050 0.7294094 0.6847332 0.7523406 0.7994644 0.6487260 0.7745341 0.7725916 
Saccharomyces_paradoxus                     0.6993462 0.7823134 0.8433385 0.6908359 0.7417078 0.8797182 0.7102208 0.7221253 0.6871066 0.7332485 2.4591526 0.2233712 0.0829548 0.3115594 0.2478659 0.1471750 0.0000000 0.2905431 0.9528710 0.7147529 0.7097253 0.5949572 0.6608409 0.7154266 0.6382434 0.6875495 0.7291733 0.6329490 0.7094392 0.6620716 0.6717901 0.7603180 0.6816269 0.7635323 0.6682577 0.6903007 0.8336034 0.7044895 0.8826441 0.7372519 
Saccharomyces_uvarum                        0.7587697 0.7260374 0.6460044 0.6661604 0.7612388 0.8409675 0.7256186 0.6698596 0.6540776 0.7893509 2.2142023 0.2242140 0.3562747 0.0501805 0.2088306 0.2700239 0.2905431 0.0000000 0.9607928 0.6974446 0.6848305 0.7122835 0.7189345 0.7386311 0.6851317 0.7524505 0.5949371 0.5812339 0.7389028 0.7707550 0.7464960 0.7241526 0.5869914 0.8016045 0.6615510 0.7776080 0.7192877 0.6805620 0.8167049 0.8025658 
Tetrapisispora_blattae                      0.8584899 0.7830328 1.1115029 0.7403214 0.7218555 1.2451547 0.9886331 0.8420586 0.7396174 0.7513599 2.7926375 0.9952511 1.0117625 0.9784991 0.9458010 0.9809948 0.9528710 0.9607928 0.0000000 0.9082217 0.6608076 0.6235214 0.5357046 0.5827626 0.6517288 0.7442829 0.8882801 0.8231288 0.8209587 0.6368263 0.6067573 0.7396437 0.8414198 0.6106566 0.7749166 0.6982678 0.8215662 0.7763425 0.7968761 0.7461670 
Tetrapisispora_phaffii                      0.7241973 0.7402270 0.8754521 0.6701556 0.6855402 0.9994366 0.7884832 0.6858341 0.6324623 0.7253551 2.4651218 0.7267270 0.7513838 0.6619183 0.7569839 0.7508176 0.7147529 0.6974446 0.9082217 0.0000000 0.6559543 0.6584519 0.6101127 0.7066877 0.5866937 0.6566860 0.7810180 0.8571132 0.7797979 0.6753287 0.6901141 0.6849585 0.7009622 0.6602138 0.6490661 0.6506005 0.5026180 0.5787638 0.4210057 0.8797075 
Vanderwaltozyma_polyspora                   0.7777595 0.6862718 0.9243213 0.6616824 0.6849999 0.9950173 0.7784671 0.7583980 0.6220410 0.6861201 2.8592295 0.7219928 0.7947992 0.6832736 0.7676345 0.7082934 0.7097253 0.6848305 0.6608076 0.6559543 0.0000000 0.6779132 0.6446483 0.5034270 0.5569716 0.6312479 0.7592117 0.7669216 0.6897462 0.6609047 0.5895192 0.5573414 0.7919492 0.5388183 0.7360082 0.7045078 0.6190861 0.6400637 0.7174543 0.7599019 
yHAB132_Kazachstania_martiniae              0.7346131 0.5990122 0.9819178 0.6371843 0.7589941 1.0434389 0.8447430 0.6525710 0.6300303 0.5174596 2.8706175 0.7197538 0.6220431 0.7340236 0.7185014 0.6732718 0.5949572 0.7122835 0.6235214 0.6584519 0.6779132 0.0000000 0.5679771 0.6323936 0.5279443 0.5842533 0.7186602 0.8242730 0.5940486 0.4419022 0.5130346 0.6828146 0.6969902 0.4927360 0.6010344 0.5428748 0.7268937 0.5793494 0.6145258 0.6386929 
yHAB133_Kazachstania_unispora               0.5969298 0.5529707 1.0942454 0.5533599 0.5130765 0.9773694 0.6422651 0.5946544 0.5707610 0.4532752 2.5839745 0.7302985 0.6176829 0.7066417 0.7002845 0.6709687 0.6608409 0.7189345 0.5357046 0.6101127 0.6446483 0.5679771 0.0000000 0.3893104 0.4378744 0.2651683 0.7202561 0.8527692 0.6698646 0.4315805 0.4146299 0.6569055 0.4804063 0.4073037 0.3862435 0.3811324 0.6435884 0.5726370 0.6863629 0.6541867 
yHAB134_Kazachstania_turicensis             0.7302244 0.5242438 0.9021986 0.5907714 0.6875728 0.9683130 0.7829456 0.6221286 0.5798654 0.4430252 2.5909277 0.7623662 0.7289818 0.7459805 0.6838002 0.6790243 0.7154266 0.7386311 0.5827626 0.7066877 0.5034270 0.6323936 0.3893104 0.0000000 0.4757535 0.4357593 0.6590890 0.7257271 0.7098724 0.4385016 0.4194245 0.5950271 0.7293310 0.3313572 0.5854361 0.3435195 0.6997759 0.6171122 0.7030898 0.5170032 
yHAB136_Kazachstania_bromeliacearum         0.6606640 0.6748136 0.8918489 0.5869402 0.6034871 0.9681574 0.6741193 0.6486117 0.4827087 0.4886253 2.6977091 0.6787608 0.6932163 0.6913068 0.6630364 0.6979748 0.6382434 0.6851317 0.6517288 0.5866937 0.5569716 0.5279443 0.4378744 0.4757535 0.0000000 0.3566748 0.6700426 0.7010867 0.6148360 0.4384623 0.4410212 0.6063045 0.6421533 0.4667419 0.5208660 0.4609482 0.5755811 0.6522050 0.5973408 0.7001211 
yHAB143_Kazachstania_siamensis              0.5939503 0.6272982 0.9614740 0.5916012 0.5718702 0.9162051 0.6449591 0.6181502 0.5544653 0.4101831 2.5266123 0.7437374 0.6669024 0.7647199 0.7784895 0.7757422 0.6875495 0.7524505 0.7442829 0.6566860 0.6312479 0.5842533 0.2651683 0.4357593 0.3566748 0.0000000 0.7312397 0.7970752 0.6054522 0.3481038 0.4521323 0.5957325 0.5217294 0.3813273 0.4141193 0.3561965 0.6380284 0.7031461 0.7150973 0.6639089 
yHAB147_Kazachstania_taianensis             0.6604188 0.7246877 0.6218255 0.8182293 0.7098107 0.8390303 0.6758808 0.6933005 0.7147951 0.7574930 2.4241495 0.6915616 0.7563360 0.6022824 0.7066452 0.7285238 0.7291733 0.5949371 0.8882801 0.7810180 0.7592117 0.7186602 0.7202561 0.6590890 0.6700426 0.7312397 0.0000000 0.6364388 0.6802869 0.8096955 0.8061385 0.6782603 0.6452844 0.8359677 0.6977402 0.8658355 0.7136825 0.7312155 0.7713744 0.9878080 
yHAB148_Kazachstania_intestinalis           0.7915472 0.7972210 0.6127643 0.6809604 0.6813290 0.8568895 0.7513252 0.6683153 0.7117242 0.7548792 2.2652672 0.6789805 0.7703175 0.6122743 0.6791263 0.7200892 0.6329490 0.5812339 0.8231288 0.8571132 0.7669216 0.8242730 0.8527692 0.7257271 0.7010867 0.7970752 0.6364388 0.0000000 0.7143570 0.9346272 0.8067358 0.7039151 0.6171631 0.9475101 0.6692068 0.9296728 0.8866949 0.6655373 0.9131427 1.0079971 
yHAB153_Kazachstania_rosinii                0.7867351 0.6923856 0.8101768 0.6634637 0.7736172 0.9481106 0.7482601 0.7223683 0.7112441 0.5835145 2.2858980 0.7328090 0.7471046 0.7533282 0.7701428 0.6931358 0.7094392 0.7389028 0.8209587 0.7797979 0.6897462 0.5940486 0.6698646 0.7098724 0.6148360 0.6054522 0.6802869 0.7143570 0.0000000 0.6007350 0.5578736 0.6994352 0.6756697 0.6234589 0.7312982 0.7140200 0.7633077 0.6080137 0.7186055 0.6933352 
yHAB154_Kazachstania_transvaalensis         0.7713397 0.7139628 0.9622565 0.6932167 0.6758360 0.9864731 0.7881852 0.6957845 0.5809893 0.4960582 2.6935206 0.7338583 0.6584657 0.8030426 0.7238118 0.7586328 0.6620716 0.7707550 0.6368263 0.6753287 0.6609047 0.4419022 0.4315805 0.4385016 0.4384623 0.3481038 0.8096955 0.9346272 0.6007350 0.0000000 0.3728166 0.6085654 0.6878620 0.3924906 0.4868612 0.1919146 0.6182738 0.7294008 0.5121017 0.5943179 
yHAB155_Kazachstania_spencerorum            0.6995557 0.7570194 0.9502907 0.6137767 0.7101534 1.0616202 0.8500268 0.6900201 0.6011905 0.4018760 2.7538253 0.7519354 0.6513895 0.7556760 0.7620199 0.7222009 0.6717901 0.7464960 0.6067573 0.6901141 0.5895192 0.5130346 0.4146299 0.4194245 0.4410212 0.4521323 0.8061385 0.8067358 0.5578736 0.3728166 0.0000000 0.5291092 0.7270556 0.3067209 0.6313866 0.4100484 0.7191124 0.7103324 0.6462733 0.6083525 
yHAB158_Kazachstania_viticola               0.8118943 0.7176018 0.8097166 0.6640825 0.7015725 1.0300017 0.7375324 0.6430505 0.7456174 0.6854749 2.8612584 0.7398736 0.7826673 0.7514404 0.7835566 0.7818308 0.7603180 0.7241526 0.7396437 0.6849585 0.5573414 0.6828146 0.6569055 0.5950271 0.6063045 0.5957325 0.6782603 0.7039151 0.6994352 0.6085654 0.5291092 0.0000000 0.6615151 0.6487313 0.5864431 0.7026553 0.6835099 0.6401903 0.7238350 0.8917358 
yHAB159_Kazachstania_solicola               0.8175234 0.7346907 0.7646123 0.7157625 0.6989543 0.8724078 0.6943703 0.5996525 0.7044907 0.7362023 2.4599674 0.6522343 0.7061135 0.5794905 0.6078296 0.7334050 0.6816269 0.5869914 0.8414198 0.7009622 0.7919492 0.6969902 0.4804063 0.7293310 0.6421533 0.5217294 0.6452844 0.6171631 0.6756697 0.6878620 0.7270556 0.6615151 0.0000000 0.7870105 0.1384447 0.6610740 0.8165700 0.6719093 0.8501490 0.9347684 
yHAB160_Kazachstania_kunashirensis          0.7017587 0.5460395 1.0732754 0.6398391 0.6629429 0.9499299 0.8820486 0.6428684 0.5106606 0.4284693 2.6994527 0.8202499 0.7798910 0.7845910 0.8548918 0.7294094 0.7635323 0.8016045 0.6106566 0.6602138 0.5388183 0.4927360 0.4073037 0.3313572 0.4667419 0.3813273 0.8359677 0.9475101 0.6234589 0.3924906 0.3067209 0.6487313 0.7870105 0.0000000 0.6583949 0.3282267 0.6389371 0.5212506 0.6161238 0.5387955 
yHAB164_Kazachstania_aerobia                0.7879381 0.6877179 0.8358773 0.6574398 0.7829615 0.9434449 0.8128276 0.7279323 0.5481683 0.5203880 2.4994788 0.6735628 0.6935944 0.6863564 0.6817380 0.6847332 0.6682577 0.6615510 0.7749166 0.6490661 0.7360082 0.6010344 0.3862435 0.5854361 0.5208660 0.4141193 0.6977402 0.6692068 0.7312982 0.4868612 0.6313866 0.5864431 0.1384447 0.6583949 0.0000000 0.4894214 0.7880310 0.6826793 0.7787377 0.8031533 
yHAB166_Kazachstania_yakushimaensis         0.7446572 0.6819535 1.0234782 0.7459071 0.7223510 1.1042539 0.8294555 0.7318580 0.5618542 0.4927882 2.5420120 0.7934245 0.7203350 0.8389094 0.8205521 0.7523406 0.6903007 0.7776080 0.6982678 0.6506005 0.7045078 0.5428748 0.3811324 0.3435195 0.4609482 0.3561965 0.8658355 0.9296728 0.7140200 0.1919146 0.4100484 0.7026553 0.6610740 0.3282267 0.4894214 0.0000000 0.7030746 0.6995426 0.6158352 0.5385595 
yHMPu5000034875_Tetrapisispora_fleetii      0.5833937 0.5983562 0.9168584 0.7589767 0.6625722 1.0237696 0.7307579 0.7385052 0.7330924 0.8315862 2.5571514 0.8171666 0.8742227 0.7346034 0.7869110 0.7994644 0.8336034 0.7192877 0.8215662 0.5026180 0.6190861 0.7268937 0.6435884 0.6997759 0.5755811 0.6380284 0.7136825 0.8866949 0.7633077 0.6182738 0.7191124 0.6835099 0.8165700 0.6389371 0.7880310 0.7030746 0.0000000 0.5660822 0.2040283 0.8802931 
yHMPu5000034876_Tetrapisispora_iriomotensis 0.8287619 0.6397231 0.9120277 0.6202202 0.6533708 0.9399890 0.7560214 0.6647756 0.6306601 0.7148271 2.4701827 0.6993515 0.7370473 0.7059022 0.7403070 0.6487260 0.7044895 0.6805620 0.7763425 0.5787638 0.6400637 0.5793494 0.5726370 0.6171122 0.6522050 0.7031461 0.7312155 0.6655373 0.6080137 0.7294008 0.7103324 0.6401903 0.6719093 0.5212506 0.6826793 0.6995426 0.5660822 0.0000000 0.5043256 0.7719832 
yHMPu5000034877_Tetrapisispora_namnaonensis 0.6751853 0.6638474 0.9371105 0.7666488 0.6885939 1.0282705 0.7964446 0.7790124 0.7176973 0.7655279 2.5780184 0.8236097 0.9125750 0.7966679 0.8827823 0.7745341 0.8826441 0.8167049 0.7968761 0.4210057 0.7174543 0.6145258 0.6863629 0.7030898 0.5973408 0.7150973 0.7713744 0.9131427 0.7186055 0.5121017 0.6462733 0.7238350 0.8501490 0.6161238 0.7787377 0.6158352 0.2040283 0.5043256 0.0000000 0.8329244 
yHMPu5000035629_Yueomyces_sinensis          0.9749798 0.8115087 1.0540244 0.7724819 0.8372330 1.0962571 0.8847512 0.8120215 0.7261473 0.6524585 2.5766574 0.8532364 0.7862242 0.8759461 0.8162027 0.7725916 0.7372519 0.8025658 0.7461670 0.8797075 0.7599019 0.6386929 0.6541867 0.5170032 0.7001211 0.6639089 0.9878080 1.0079971 0.6933352 0.5943179 0.6083525 0.8917358 0.9347684 0.5387955 0.8031533 0.5385595 0.8802931 0.7719832 0.8329244 0.0000000 
