40
Candida_glabrata                            0.0000000 0.4697927 0.5315636 0.6622813 0.3126235 1.5697644 0.4593079 0.2735860 0.4591498 0.4755283 2.0802915 0.5593604 0.5458736 0.5753886 0.4623251 0.6162015 0.5301180 0.5527883 0.4846826 0.7627746 0.4963909 0.4474307 0.4197245 0.5461231 0.4593255 0.4922011 0.4434073 0.9262589 0.5676235 0.5324838 0.5707811 0.5173257 0.4429740 0.5173796 0.4711654 0.5171031 0.6953918 0.6628217 0.8024075 0.4560988 
Kazachstania_africana                       0.4697927 0.0000000 0.4796612 0.6236398 0.5229647 1.5350514 0.6814177 0.4697835 0.3858634 0.3426077 2.1947940 0.4695180 0.4197656 0.5141295 0.4430448 0.4765979 0.4181693 0.4725199 0.4068165 0.7743131 0.4802433 0.3378551 0.3888804 0.4556565 0.3724067 0.4438045 0.4245935 0.9003412 0.3817986 0.3779534 0.4695809 0.3389460 0.3833561 0.3420048 0.3755865 0.3666934 0.6589701 0.4698852 0.6135817 0.3438746 
Kazachstania_naganishii                     0.5315636 0.4796612 0.0000000 0.7666639 0.7218867 1.5457702 0.7917289 0.6497774 0.4679505 0.4801117 2.5144852 0.5552106 0.6458544 0.6772616 0.6264620 0.6054098 0.5980872 0.6634511 0.5454591 0.8140873 0.5900750 0.5083569 0.4986393 0.6440513 0.4268940 0.5134041 0.4708726 0.9717410 0.6510477 0.5017928 0.7009433 0.5949730 0.4317293 0.5824809 0.4667249 0.4866654 0.7689448 0.6726763 0.7058402 0.4879284 
Nakaseomyces_bacillisporus                  0.6622813 0.6236398 0.7666639 0.0000000 0.7070131 1.2783398 0.8696504 0.6118298 0.6340314 0.6466412 2.6457544 0.6582301 0.6524239 0.6962120 0.6887730 0.6186734 0.6183272 0.6438395 0.6939937 0.8339604 0.5786366 0.6213193 0.6640227 0.7718405 0.7056115 0.7715002 0.6026772 0.8203553 0.5336596 0.6467701 0.6272807 0.6366632 0.7040223 0.6273383 0.6823336 0.6253191 0.7149325 0.6786807 0.7176391 0.6470560 
Nakaseomyces_bracarensis                    0.3126235 0.5229647 0.7218867 0.7070131 0.0000000 1.4262062 0.2921844 0.1268686 0.6476104 0.6018132 2.1013806 0.5762206 0.6458064 0.6200535 0.5979387 0.6779074 0.6270075 0.6427510 0.6698735 0.8729551 0.7083274 0.5531160 0.5219922 0.6974992 0.6363195 0.6288762 0.5332218 0.8614383 0.5215392 0.6126250 0.6317504 0.6221870 0.4905554 0.6645224 0.5233364 0.5928777 0.6731404 0.6505196 0.8184706 0.6665935 
Nakaseomyces_castellii                      1.5697644 1.5350514 1.5457702 1.2783398 1.4262062 0.0000000 1.3689014 1.5710613 1.6238071 1.7588126 3.1301741 1.7363812 1.7735127 1.6709656 1.7444206 1.7023642 1.7379156 1.7091995 1.6895526 1.5478214 2.0290969 1.6940778 1.7251148 1.6998892 1.6384915 1.7594584 1.6386846 1.6760170 1.6359959 1.5705150 1.8034022 1.8281968 1.6433091 1.7476047 1.6803543 1.6173327 1.2237475 1.4007511 1.4085876 1.6559488 
Nakaseomyces_delphensis                     0.4593079 0.6814177 0.7917289 0.8696504 0.2921844 1.3689014 0.0000000 0.2880615 0.6527344 0.7104463 2.0780041 0.7321289 0.7802962 0.7266746 0.7394191 0.7949810 0.7793327 0.6982465 0.8221009 0.9421674 0.8779044 0.6844347 0.6443817 0.7740991 0.6637988 0.7940813 0.6898856 0.9350967 0.7348796 0.7552147 0.8844911 0.7284913 0.6644801 0.7343759 0.6879490 0.7600122 0.8533563 0.7767976 0.8746738 0.7329578 
Nakaseomyces_nivariensis                    0.2735860 0.4697835 0.6497774 0.6118298 0.1268686 1.5710613 0.2880615 0.0000000 0.5027428 0.5156496 1.9644031 0.4564904 0.5600210 0.5106205 0.4625894 0.5585245 0.5155882 0.5618425 0.5445526 0.9034167 0.6284422 0.4708409 0.3996461 0.6172840 0.5388501 0.5283389 0.4436818 0.8599990 0.4511720 0.5891555 0.5410796 0.5017853 0.4189311 0.5206796 0.4484676 0.5150915 0.5850528 0.5806204 0.7299995 0.5591525 
Naumovozyma_castellii                       0.4591498 0.3858634 0.4679505 0.6340314 0.6476104 1.6238071 0.6527344 0.5027428 0.0000000 0.3127506 2.2712181 0.5234631 0.4274024 0.5223756 0.4829664 0.4957089 0.4158561 0.4925188 0.4088528 0.6908227 0.4035514 0.4096912 0.4120432 0.4357683 0.3047334 0.4168769 0.4209081 0.8203796 0.4648980 0.3943441 0.4214216 0.4216857 0.3972409 0.4185783 0.3964395 0.4000065 0.7780975 0.5533977 0.6787117 0.4111903 
Naumovozyma_dairenensis                     0.4755283 0.3426077 0.4801117 0.6466412 0.6018132 1.7588126 0.7104463 0.5156496 0.3127506 0.0000000 2.5470018 0.4664747 0.4132291 0.5043582 0.4127579 0.4308402 0.4169302 0.5131517 0.3173236 0.7917762 0.3911274 0.3470727 0.2952493 0.3797359 0.2999152 0.2784498 0.5222185 0.9288749 0.4571744 0.3560186 0.4462053 0.3458673 0.3596391 0.3975161 0.2814380 0.3344584 0.7945011 0.5438117 0.7945529 0.3410945 
Neurospora_crassa                           2.0802915 2.1947940 2.5144852 2.6457544 2.1013806 3.1301741 2.0780041 1.9644031 2.2712181 2.5470018 0.0000000 2.0373811 2.1731247 2.0819315 2.2503463 2.2635268 2.2479603 2.0883806 2.5214435 2.1577268 2.4292148 2.2324431 2.5572241 2.2900854 2.6402184 2.6703529 1.8811811 3.0656967 2.3374519 2.7046194 2.9837123 2.4736271 2.5163228 2.2716870 2.5009433 2.3593423 1.9260240 2.3127689 2.0636480 2.1813046 
Saccharomyces_arboricola                    0.5593604 0.4695180 0.5552106 0.6582301 0.5762206 1.7363812 0.7321289 0.4564904 0.5234631 0.4664747 2.0373811 0.0000000 0.2073851 0.2244728 0.2309269 0.1688697 0.2009305 0.2383905 0.4640577 0.8464914 0.4811640 0.4506496 0.4947900 0.5629400 0.4295362 0.5477419 0.5307594 0.8213461 0.4100750 0.5478137 0.5051501 0.4682283 0.4722279 0.4593636 0.4870825 0.5468890 0.7289553 0.6390862 0.7431351 0.5088087 
Saccharomyces_cerevisiae                    0.5458736 0.4197656 0.6458544 0.6524239 0.6458064 1.7735127 0.7802962 0.5600210 0.4274024 0.4132291 2.1731247 0.2073851 0.0000000 0.2506889 0.2299351 0.1552033 0.1138743 0.2389713 0.4495389 0.7986667 0.4527801 0.4267341 0.3811012 0.5213848 0.4283596 0.4432515 0.5346657 0.8079147 0.4553321 0.5239757 0.4857125 0.4304435 0.4803962 0.4525009 0.4327079 0.5066905 0.7720059 0.6901797 0.7662835 0.4542240 
Saccharomyces_eubayanus                     0.5753886 0.5141295 0.6772616 0.6962120 0.6200535 1.6709656 0.7266746 0.5106205 0.5223756 0.5043582 2.0819315 0.2244728 0.2506889 0.0000000 0.2179090 0.2577880 0.2443522 0.0774115 0.4967166 0.7596115 0.5055110 0.4269960 0.5365837 0.5878318 0.5330280 0.5615490 0.5885704 0.8426726 0.4719166 0.5885239 0.4871992 0.5020392 0.5586135 0.4487698 0.5258144 0.5896081 0.7602102 0.6644526 0.7064290 0.5126130 
Saccharomyces_kudriavzevii                  0.4623251 0.4430448 0.6264620 0.6887730 0.5979387 1.7444206 0.7394191 0.4625894 0.4829664 0.4127579 2.2503463 0.2309269 0.2299351 0.2179090 0.0000000 0.2206926 0.1994947 0.2458334 0.4772815 0.8597144 0.5351691 0.4864523 0.4597053 0.5779404 0.4576261 0.4653773 0.5496737 0.8495549 0.4571212 0.5332779 0.4952387 0.4257269 0.5005040 0.4412135 0.4875642 0.5186269 0.7900863 0.6364175 0.7801308 0.4512987 
Saccharomyces_mikatae                       0.6162015 0.4765979 0.6054098 0.6186734 0.6779074 1.7023642 0.7949810 0.5585245 0.4957089 0.4308402 2.2635268 0.1688697 0.1552033 0.2577880 0.2206926 0.0000000 0.1548674 0.2555032 0.4452097 0.8406765 0.4518348 0.4560103 0.4582593 0.5939349 0.4631283 0.5454111 0.5464245 0.8479793 0.4415125 0.5494472 0.5257477 0.4586289 0.5090450 0.4591278 0.4977543 0.5390908 0.8125937 0.6210894 0.8586268 0.5354014 
Saccharomyces_paradoxus                     0.5301180 0.4181693 0.5980872 0.6183272 0.6270075 1.7379156 0.7793327 0.5155882 0.4158561 0.4169302 2.2479603 0.2009305 0.1138743 0.2443522 0.1994947 0.1548674 0.0000000 0.2515486 0.4522455 0.7791286 0.4513955 0.4447185 0.3958610 0.5453652 0.4208908 0.4699141 0.5155121 0.8346975 0.4529585 0.4606073 0.4460573 0.4217261 0.4564618 0.3980966 0.4452859 0.5111491 0.7761212 0.6747452 0.7906059 0.4504440 
Saccharomyces_uvarum                        0.5527883 0.4725199 0.6634511 0.6438395 0.6427510 1.7091995 0.6982465 0.5618425 0.4925188 0.5131517 2.0883806 0.2383905 0.2389713 0.0774115 0.2458334 0.2555032 0.2515486 0.0000000 0.4956600 0.7432043 0.4549768 0.4341761 0.5146453 0.5730794 0.4630897 0.5584724 0.5121475 0.7378873 0.4924238 0.5523852 0.5437904 0.4993679 0.6013291 0.4336886 0.5581667 0.5248206 0.7118804 0.6398605 0.7648260 0.5221984 
Tetrapisispora_blattae                      0.4846826 0.4068165 0.5454591 0.6939937 0.6698735 1.6895526 0.8221009 0.5445526 0.4088528 0.3173236 2.5214435 0.4640577 0.4495389 0.4967166 0.4772815 0.4452097 0.4522455 0.4956600 0.0000000 0.7912083 0.3449236 0.3830615 0.3777420 0.5082486 0.3081067 0.3359093 0.5069394 0.7900201 0.5127149 0.4125818 0.4955412 0.3887870 0.4027279 0.4814396 0.3593293 0.3922284 0.7295630 0.5473181 0.7258842 0.2064963 
Tetrapisispora_phaffii                      0.7627746 0.7743131 0.8140873 0.8339604 0.8729551 1.5478214 0.9421674 0.9034167 0.6908227 0.7917762 2.1577268 0.8464914 0.7986667 0.7596115 0.8597144 0.8406765 0.7791286 0.7432043 0.7912083 0.0000000 0.8015747 0.6594460 0.7493861 0.8843375 0.7029977 0.7835349 0.7485615 0.8954530 0.8343111 0.8178936 0.7807507 0.6831730 0.7112973 0.7632522 0.7059794 0.7037778 0.4175474 0.4861982 0.4137044 0.6820055 
Vanderwaltozyma_polyspora                   0.4963909 0.4802433 0.5900750 0.5786366 0.7083274 2.0290969 0.8779044 0.6284422 0.4035514 0.3911274 2.4292148 0.4811640 0.4527801 0.5055110 0.5351691 0.4518348 0.4513955 0.4549768 0.3449236 0.8015747 0.0000000 0.4020391 0.4101128 0.5366125 0.4289246 0.4478309 0.5569459 0.7306750 0.4559956 0.4907022 0.4340876 0.5073850 0.4638093 0.4633883 0.4311433 0.4313847 0.7615371 0.5930544 0.7311130 0.3671051 
yHAB132_Kazachstania_martiniae              0.4474307 0.3378551 0.5083569 0.6213193 0.5531160 1.6940778 0.6844347 0.4708409 0.4096912 0.3470727 2.2324431 0.4506496 0.4267341 0.4269960 0.4864523 0.4560103 0.4447185 0.4341761 0.3830615 0.6594460 0.4020391 0.0000000 0.3343255 0.4168920 0.3363468 0.3679022 0.3654583 0.7581460 0.3341440 0.4204353 0.3609420 0.2897525 0.3873637 0.3831729 0.3533926 0.3484106 0.6221227 0.6024795 0.5421637 0.3588264 
yHAB133_Kazachstania_unispora               0.4197245 0.3888804 0.4986393 0.6640227 0.5219922 1.7251148 0.6443817 0.3996461 0.4120432 0.2952493 2.5572241 0.4947900 0.3811012 0.5365837 0.4597053 0.4582593 0.3958610 0.5146453 0.3777420 0.7493861 0.4101128 0.3343255 0.0000000 0.4326943 0.2464886 0.1377700 0.3504342 0.9487766 0.3876597 0.2814950 0.4094900 0.3082806 0.1348886 0.3422702 0.0940743 0.2215382 0.7519258 0.5246296 0.6737392 0.2953456 
yHAB134_Kazachstania_turicensis             0.5461231 0.4556565 0.6440513 0.7718405 0.6974992 1.6998892 0.7740991 0.6172840 0.4357683 0.3797359 2.2900854 0.5629400 0.5213848 0.5878318 0.5779404 0.5939349 0.5453652 0.5730794 0.5082486 0.8843375 0.5366125 0.4168920 0.4326943 0.0000000 0.3819331 0.4160131 0.5621776 0.9478168 0.4556023 0.4564143 0.5142972 0.4467169 0.5320467 0.2753876 0.4469650 0.4159438 0.8598754 0.7163909 0.9713964 0.4239425 
yHAB136_Kazachstania_bromeliacearum         0.4593255 0.3724067 0.4268940 0.7056115 0.6363195 1.6384915 0.6637988 0.5388501 0.3047334 0.2999152 2.6402184 0.4295362 0.4283596 0.5330280 0.4576261 0.4631283 0.4208908 0.4630897 0.3081067 0.7029977 0.4289246 0.3363468 0.2464886 0.3819331 0.0000000 0.2784857 0.3359010 0.8215563 0.4276796 0.2482998 0.4343650 0.3420437 0.3368306 0.3260547 0.2529463 0.2661737 0.8328217 0.5664600 0.7475604 0.2998633 
yHAB143_Kazachstania_siamensis              0.4922011 0.4438045 0.5134041 0.7715002 0.6288762 1.7594584 0.7940813 0.5283389 0.4168769 0.2784498 2.6703529 0.5477419 0.4432515 0.5615490 0.4653773 0.5454111 0.4699141 0.5584724 0.3359093 0.7835349 0.4478309 0.3679022 0.1377700 0.4160131 0.2784857 0.0000000 0.4715168 0.9497949 0.5190494 0.2994407 0.4075583 0.3349859 0.1657279 0.4552859 0.1198689 0.2479119 0.7537466 0.5955666 0.7152028 0.2931472 
yHAB147_Kazachstania_taianensis             0.4434073 0.4245935 0.4708726 0.6026772 0.5332218 1.6386846 0.6898856 0.4436818 0.4209081 0.5222185 1.8811811 0.5307594 0.5346657 0.5885704 0.5496737 0.5464245 0.5155121 0.5121475 0.5069394 0.7485615 0.5569459 0.3654583 0.3504342 0.5621776 0.3359010 0.4715168 0.0000000 0.8839526 0.4161904 0.4575934 0.5841658 0.4262214 0.3539906 0.4906300 0.3635001 0.3831113 0.6310386 0.5380430 0.6325946 0.4773898 
yHAB148_Kazachstania_intestinalis           0.9262589 0.9003412 0.9717410 0.8203553 0.8614383 1.6760170 0.9350967 0.8599990 0.8203796 0.9288749 3.0656967 0.8213461 0.8079147 0.8426726 0.8495549 0.8479793 0.8346975 0.7378873 0.7900201 0.8954530 0.7306750 0.7581460 0.9487766 0.9478168 0.8215563 0.9497949 0.8839526 0.0000000 0.7649531 0.8817946 0.8281954 0.7479026 0.9657927 0.8846962 0.9624738 0.8029250 0.9578192 1.0372472 0.9586266 0.8333129 
yHAB153_Kazachstania_rosinii                0.5676235 0.3817986 0.6510477 0.5336596 0.5215392 1.6359959 0.7348796 0.4511720 0.4648980 0.4571744 2.3374519 0.4100750 0.4553321 0.4719166 0.4571212 0.4415125 0.4529585 0.4924238 0.5127149 0.8343111 0.4559956 0.3341440 0.3876597 0.4556023 0.4276796 0.5190494 0.4161904 0.7649531 0.0000000 0.5048999 0.3778407 0.3846773 0.4455896 0.3643891 0.4167057 0.4191390 0.6944053 0.6108441 0.6744493 0.4745938 
yHAB154_Kazachstania_transvaalensis         0.5324838 0.3779534 0.5017928 0.6467701 0.6126250 1.5705150 0.7552147 0.5891555 0.3943441 0.3560186 2.7046194 0.5478137 0.5239757 0.5885239 0.5332779 0.5494472 0.4606073 0.5523852 0.4125818 0.8178936 0.4907022 0.4204353 0.2814950 0.4564143 0.2482998 0.2994407 0.4575934 0.8817946 0.5048999 0.0000000 0.4959975 0.4137551 0.3375437 0.4997056 0.2895256 0.1881553 0.8815734 0.6164977 0.8361619 0.3666110 
yHAB155_Kazachstania_spencerorum            0.5707811 0.4695809 0.7009433 0.6272807 0.6317504 1.8034022 0.8844911 0.5410796 0.4214216 0.4462053 2.9837123 0.5051501 0.4857125 0.4871992 0.4952387 0.5257477 0.4460573 0.5437904 0.4955412 0.7807507 0.4340876 0.3609420 0.4094900 0.5142972 0.4343650 0.4075583 0.5841658 0.8281954 0.3778407 0.4959975 0.0000000 0.3888042 0.4191831 0.3770185 0.3943666 0.4760893 0.8372578 0.6761371 0.7533327 0.4168751 
yHAB158_Kazachstania_viticola               0.5173257 0.3389460 0.5949730 0.6366632 0.6221870 1.8281968 0.7284913 0.5017853 0.4216857 0.3458673 2.4736271 0.4682283 0.4304435 0.5020392 0.4257269 0.4586289 0.4217261 0.4993679 0.3887870 0.6831730 0.5073850 0.2897525 0.3082806 0.4467169 0.3420437 0.3349859 0.4262214 0.7479026 0.3846773 0.4137551 0.3888042 0.0000000 0.3322076 0.3719680 0.2938099 0.2931689 0.6935207 0.5940024 0.6700860 0.3089722 
yHAB159_Kazachstania_solicola               0.4429740 0.3833561 0.4317293 0.7040223 0.4905554 1.6433091 0.6644801 0.4189311 0.3972409 0.3596391 2.5163228 0.4722279 0.4803962 0.5586135 0.5005040 0.5090450 0.4564618 0.6013291 0.4027279 0.7112973 0.4638093 0.3873637 0.1348886 0.5320467 0.3368306 0.1657279 0.3539906 0.9657927 0.4455896 0.3375437 0.4191831 0.3322076 0.0000000 0.4537511 0.0543751 0.3270975 0.6033111 0.4825246 0.6387239 0.3605503 
yHAB160_Kazachstania_kunashirensis          0.5173796 0.3420048 0.5824809 0.6273383 0.6645224 1.7476047 0.7343759 0.5206796 0.4185783 0.3975161 2.2716870 0.4593636 0.4525009 0.4487698 0.4412135 0.4591278 0.3980966 0.4336886 0.4814396 0.7632522 0.4633883 0.3831729 0.3422702 0.2753876 0.3260547 0.4552859 0.4906300 0.8846962 0.3643891 0.4997056 0.3770185 0.3719680 0.4537511 0.0000000 0.3991908 0.4247845 0.7638645 0.5307298 0.7648167 0.3837852 
yHAB164_Kazachstania_aerobia                0.4711654 0.3755865 0.4667249 0.6823336 0.5233364 1.6803543 0.6879490 0.4484676 0.3964395 0.2814380 2.5009433 0.4870825 0.4327079 0.5258144 0.4875642 0.4977543 0.4452859 0.5581667 0.3593293 0.7059794 0.4311433 0.3533926 0.0940743 0.4469650 0.2529463 0.1198689 0.3635001 0.9624738 0.4167057 0.2895256 0.3943666 0.2938099 0.0543751 0.3991908 0.0000000 0.2711844 0.6678449 0.4916371 0.6456874 0.2893608 
yHAB166_Kazachstania_yakushimaensis         0.5171031 0.3666934 0.4866654 0.6253191 0.5928777 1.6173327 0.7600122 0.5150915 0.4000065 0.3344584 2.3593423 0.5468890 0.5066905 0.5896081 0.5186269 0.5390908 0.5111491 0.5248206 0.3922284 0.7037778 0.4313847 0.3484106 0.2215382 0.4159438 0.2661737 0.2479119 0.3831113 0.8029250 0.4191390 0.1881553 0.4760893 0.2931689 0.3270975 0.4247845 0.2711844 0.0000000 0.8600663 0.5893047 0.7418982 0.3054148 
yHMPu5000034875_Tetrapisispora_fleetii      0.6953918 0.6589701 0.7689448 0.7149325 0.6731404 1.2237475 0.8533563 0.5850528 0.7780975 0.7945011 1.9260240 0.7289553 0.7720059 0.7602102 0.7900863 0.8125937 0.7761212 0.7118804 0.7295630 0.4175474 0.7615371 0.6221227 0.7519258 0.8598754 0.8328217 0.7537466 0.6310386 0.9578192 0.6944053 0.8815734 0.8372578 0.6935207 0.6033111 0.7638645 0.6678449 0.8600663 0.0000000 0.3385435 0.2536931 0.7925648 
yHMPu5000034876_Tetrapisispora_iriomotensis 0.6628217 0.4698852 0.6726763 0.6786807 0.6505196 1.4007511 0.7767976 0.5806204 0.5533977 0.5438117 2.3127689 0.6390862 0.6901797 0.6644526 0.6364175 0.6210894 0.6747452 0.6398605 0.5473181 0.4861982 0.5930544 0.6024795 0.5246296 0.7163909 0.5664600 0.5955666 0.5380430 1.0372472 0.6108441 0.6164977 0.6761371 0.5940024 0.4825246 0.5307298 0.4916371 0.5893047 0.3385435 0.0000000 0.4318750 0.5535962 
yHMPu5000034877_Tetrapisispora_namnaonensis 0.8024075 0.6135817 0.7058402 0.7176391 0.8184706 1.4085876 0.8746738 0.7299995 0.6787117 0.7945529 2.0636480 0.7431351 0.7662835 0.7064290 0.7801308 0.8586268 0.7906059 0.7648260 0.7258842 0.4137044 0.7311130 0.5421637 0.6737392 0.9713964 0.7475604 0.7152028 0.6325946 0.9586266 0.6744493 0.8361619 0.7533327 0.6700860 0.6387239 0.7648167 0.6456874 0.7418982 0.2536931 0.4318750 0.0000000 0.6814926 
yHMPu5000035629_Yueomyces_sinensis          0.4560988 0.3438746 0.4879284 0.6470560 0.6665935 1.6559488 0.7329578 0.5591525 0.4111903 0.3410945 2.1813046 0.5088087 0.4542240 0.5126130 0.4512987 0.5354014 0.4504440 0.5221984 0.2064963 0.6820055 0.3671051 0.3588264 0.2953456 0.4239425 0.2998633 0.2931472 0.4773898 0.8333129 0.4745938 0.3666110 0.4168751 0.3089722 0.3605503 0.3837852 0.2893608 0.3054148 0.7925648 0.5535962 0.6814926 0.0000000 
