40
Candida_glabrata                            0.0000000 1.5683619 2.0512730 1.6974077 0.9380482 1.9874519 1.0376100 1.0434594 1.7748028 1.6139193 3.1840883 1.4110992 1.3901757 1.3616127 1.4424017 1.3663223 1.3849174 2.0315418 2.2383110 1.8583432 1.8245790 1.6070243 1.8385701 1.9918899 1.8767165 1.8243982 1.7380901 1.8648091 1.6559944 1.9079044 1.6488511 1.6154234 1.8745307 1.5834117 1.8563522 1.9385381 1.8531721 1.8084862 1.7556739 1.6479155 
Kazachstania_africana                       1.5683619 0.0000000 1.7077454 1.5659461 1.5074629 1.7784189 1.4793625 1.4457916 1.4587391 1.4479964 3.2958578 1.3478314 1.3012355 1.3930203 1.3243292 1.3287109 1.2899943 1.7113921 1.9236740 1.6388042 1.5166394 1.2603640 1.3910897 1.4612372 1.4781141 1.3991813 1.4082076 1.4659545 1.2011429 1.5876010 1.2442414 1.2093952 1.4335359 1.3332490 1.4328592 1.6499828 1.6583490 1.7779487 1.5851712 1.6509861 
Kazachstania_naganishii                     2.0512730 1.7077454 0.0000000 1.9907032 2.0614936 2.3544520 2.1098051 1.9024639 2.0119386 1.9580649 3.0027600 1.5653743 1.6804816 1.5503100 1.6180778 1.6099595 1.6801514 2.5509372 3.0016156 2.2169884 2.1773777 1.8133719 1.4098737 1.9520791 1.7138259 1.4418664 1.4134810 1.7907587 1.7634765 1.8953014 1.7452685 1.7177057 1.4519541 1.8250614 1.4736710 1.8454866 2.1412198 2.3814816 2.3509995 2.1158025 
Nakaseomyces_bacillisporus                  1.6974077 1.5659461 1.9907032 0.0000000 1.7582754 1.7479325 1.7185100 1.8103695 1.7682478 1.6853086 3.5287299 1.7178912 1.6743514 1.6762543 1.6748176 1.5476869 1.6299515 2.2174885 2.3388373 1.9516598 1.7851827 1.5995005 1.5765378 1.8594348 1.8107863 1.5751180 1.7935139 1.8872275 1.7223603 1.8653620 1.7521386 1.8242984 1.7052790 1.6322739 1.6931948 1.6636681 2.0155489 1.9280037 1.9272563 1.8614427 
Nakaseomyces_bracarensis                    0.9380482 1.5074629 2.0614936 1.7582754 0.0000000 2.0054415 0.4568200 0.4813455 1.6471583 1.4737631 3.2899828 1.4546130 1.5120963 1.4238251 1.4388284 1.4750616 1.4867190 1.8084824 2.1361623 1.9129335 1.6769456 1.5360812 1.6782373 1.9525409 1.8072011 1.6276424 1.6762365 1.8376889 1.5799782 1.6245689 1.5778902 1.4095272 1.7463320 1.7178450 1.8177490 1.7353221 1.7212051 1.7491874 1.7119956 1.5843090 
Nakaseomyces_castellii                      1.9874519 1.7784189 2.3544520 1.7479325 2.0054415 0.0000000 2.0498788 2.0406353 1.9808157 1.9896492 3.3873475 1.9589014 1.8867950 1.7905479 1.8185103 1.8222276 1.8303100 2.3567064 2.5091839 2.0249922 1.9901898 1.8406602 1.7864694 2.1801839 1.8699642 1.7589037 1.8672738 2.0122674 2.0078442 2.1079200 1.8533617 1.9251282 1.8846965 2.0391037 1.7556678 2.1403567 2.0443058 2.1850528 1.9756040 2.1497819 
Nakaseomyces_delphensis                     1.0376100 1.4793625 2.1098051 1.7185100 0.4568200 2.0498788 0.0000000 0.4499272 1.7180188 1.7667414 3.3825088 1.4784003 1.5340284 1.4260034 1.5029113 1.4983008 1.5129526 1.8540208 2.1292508 1.9258137 1.8017399 1.4474953 1.7505104 1.8719714 1.8487827 1.7403863 1.8178171 1.7591318 1.6490953 1.7998268 1.7373383 1.4434039 1.8656878 1.6867922 1.9352519 1.8158314 1.9169733 1.8689988 1.8257039 1.6229008 
Nakaseomyces_nivariensis                    1.0434594 1.4457916 1.9024639 1.8103695 0.4813455 2.0406353 0.4499272 0.0000000 1.7264686 1.5615834 3.0822422 1.4378853 1.4851827 1.4961530 1.4071004 1.4609051 1.4935274 1.8193098 2.1800348 1.9221329 1.6834507 1.5009161 1.7085210 1.9014886 1.8675851 1.7110940 1.7360190 1.6677531 1.4678460 1.6972402 1.5911835 1.4950627 1.7802578 1.7162076 1.7987672 1.8198075 1.7909452 1.7819391 1.7606484 1.5483960 
Naumovozyma_castellii                       1.7748028 1.4587391 2.0119386 1.7682478 1.6471583 1.9808157 1.7180188 1.7264686 0.0000000 1.1067163 3.1762561 1.7840636 1.7715771 1.7878530 1.7633187 1.6815713 1.7322359 2.2276150 2.4559273 1.9953001 1.8294861 1.5211757 1.5271842 1.8455352 1.5616245 1.5804283 1.6637285 1.8020110 1.6840669 1.8468784 1.5637323 1.5920754 1.5869623 1.5520602 1.5866936 1.6924612 2.0438325 2.2470365 1.9892434 1.9245598 
Naumovozyma_dairenensis                     1.6139193 1.4479964 1.9580649 1.6853086 1.4737631 1.9896492 1.7667414 1.5615834 1.1067163 0.0000000 3.1559728 1.7449387 1.7031375 1.8328552 1.7200709 1.6527781 1.6845780 1.9360604 2.1705534 1.9666712 1.7572474 1.5391000 1.5161001 1.6384280 1.5249312 1.4774616 1.6703025 1.6314543 1.5151697 1.8285539 1.4483959 1.4909447 1.6073216 1.4388067 1.4864470 1.9042912 1.9331130 2.0272140 1.9821623 1.7068305 
Neurospora_crassa                           3.1840883 3.2958578 3.0027600 3.5287299 3.2899828 3.3873475 3.3825088 3.0822422 3.1762561 3.1559728 0.0000000 2.9971325 3.0059172 3.0221551 3.2003522 3.2139574 3.1848558 3.5165941 4.0853132 4.3506601 4.0121274 3.0794296 3.3995868 3.2878180 3.8012718 3.3623408 3.1157435 3.7808194 3.1395089 3.4289204 3.2868516 3.7731693 3.5108156 3.4769734 3.2224670 3.4681875 4.2162947 3.9655934 4.2136197 3.5073844 
Saccharomyces_arboricola                    1.4110992 1.3478314 1.5653743 1.7178912 1.4546130 1.9589014 1.4784003 1.4378853 1.7840636 1.7449387 2.9971325 0.0000000 0.3210243 0.3035190 0.2602084 0.3200317 0.2936689 1.6987253 1.9657720 1.8534580 1.8378817 1.5474983 1.6488400 1.8474494 1.5809350 1.7605242 1.6262063 1.5959942 1.4446775 2.1173325 1.6156001 1.5445351 1.8048590 1.6981101 1.8752734 2.2918408 1.7715374 1.9238360 1.8012885 1.6636566 
Saccharomyces_cerevisiae                    1.3901757 1.3012355 1.6804816 1.6743514 1.5120963 1.8867950 1.5340284 1.4851827 1.7715771 1.7031375 3.0059172 0.3210243 0.0000000 0.3414995 0.2964853 0.2398602 0.1435542 1.8426754 1.8432160 1.7958603 1.9025137 1.4875747 1.6574471 1.8986943 1.6019994 1.7626907 1.5745894 1.5828916 1.4218756 2.0673402 1.5254888 1.4615350 1.8180633 1.6008434 1.8597592 2.1129778 1.8474177 1.8585440 1.8090391 1.5656852 
Saccharomyces_eubayanus                     1.3616127 1.3930203 1.5503100 1.6762543 1.4238251 1.7905479 1.4260034 1.4961530 1.7878530 1.8328552 3.0221551 0.3035190 0.3414995 0.0000000 0.2994244 0.3909636 0.3356200 1.7791866 1.9830267 1.9078906 1.8836331 1.5586556 1.8066718 1.8718835 1.6167044 1.9153289 1.6657648 1.6486940 1.4241052 2.1593664 1.6537267 1.6123559 1.8748547 1.7212499 1.9603169 2.1967685 1.7725422 1.9533392 1.8550835 1.6423446 
Saccharomyces_kudriavzevii                  1.4424017 1.3243292 1.6180778 1.6748176 1.4388284 1.8185103 1.5029113 1.4071004 1.7633187 1.7200709 3.2003522 0.2602084 0.2964853 0.2994244 0.0000000 0.2964828 0.2677799 1.7464128 1.9047124 1.8170019 1.8295967 1.5717612 1.7156118 1.9257714 1.5369635 1.8102365 1.5975796 1.6794941 1.4485285 2.0790204 1.5194220 1.5158843 1.8574368 1.6572162 1.9198765 2.0892872 1.7371125 1.8487865 1.7985361 1.5868937 
Saccharomyces_mikatae                       1.3663223 1.3287109 1.6099595 1.5476869 1.4750616 1.8222276 1.4983008 1.4609051 1.6815713 1.6527781 3.2139574 0.3200317 0.2398602 0.3909636 0.2964828 0.0000000 0.2237859 1.7254361 1.8890037 1.8308227 1.8889333 1.4526632 1.6099558 1.8591045 1.5550784 1.6100930 1.6431024 1.6428253 1.3891944 1.9482299 1.5588935 1.4948735 1.7327777 1.5807530 1.7294093 2.0688269 1.8679534 1.8443150 1.8552082 1.5407422 
Saccharomyces_paradoxus                     1.3849174 1.2899943 1.6801514 1.6299515 1.4867190 1.8303100 1.5129526 1.4935274 1.7322359 1.6845780 3.1848558 0.2936689 0.1435542 0.3356200 0.2677799 0.2237859 0.0000000 1.7978619 1.9028972 1.7813869 1.9375323 1.4140620 1.6934300 1.9197860 1.6117651 1.7676386 1.6374527 1.6023769 1.4041346 2.0790067 1.5831163 1.4538994 1.8344471 1.6177639 1.8643605 2.1125719 1.8244734 1.9063648 1.8182811 1.6146221 
Saccharomyces_uvarum                        2.0315418 1.7113921 2.5509372 2.2174885 1.8084824 2.3567064 1.8540208 1.8193098 2.2276150 1.9360604 3.5165941 1.6987253 1.8426754 1.7791866 1.7464128 1.7254361 1.7978619 0.0000000 2.4762638 1.9830446 1.8922527 2.0105866 2.0240227 2.1463648 2.2044422 1.9400563 2.0710376 2.0169496 1.8798927 2.1307804 2.0108565 1.9005960 2.0618070 1.9653230 1.9268448 2.0682588 1.9562532 1.9356352 2.0292610 1.8145171 
Tetrapisispora_blattae                      2.2383110 1.9236740 3.0016156 2.3388373 2.1361623 2.5091839 2.1292508 2.1800348 2.4559273 2.1705534 4.0853132 1.9657720 1.8432160 1.9830267 1.9047124 1.8890037 1.9028972 2.4762638 0.0000000 2.1607396 2.1748694 2.1359948 2.3726583 2.2265446 2.1184160 2.3059580 2.5242406 2.3752067 2.0804674 2.7751192 2.0382175 2.1882639 2.5497880 2.2420969 2.5458518 2.7179316 2.1301418 2.2575085 2.0955793 1.4397976 
Tetrapisispora_phaffii                      1.8583432 1.6388042 2.2169884 1.9516598 1.9129335 2.0249922 1.9258137 1.9221329 1.9953001 1.9666712 4.3506601 1.8534580 1.7958603 1.9078906 1.8170019 1.8308227 1.7813869 1.9830446 2.1607396 0.0000000 1.1279169 1.9845733 1.8528958 2.0319109 2.1399023 1.8607158 1.9598798 1.8767383 1.9395572 2.0360142 1.7911899 1.8163104 1.8640039 2.0593157 1.8490465 2.0489318 0.5168430 0.8075486 0.4772640 1.8505368 
Vanderwaltozyma_polyspora                   1.8245790 1.5166394 2.1773777 1.7851827 1.6769456 1.9901898 1.8017399 1.6834507 1.8294861 1.7572474 4.0121274 1.8378817 1.9025137 1.8836331 1.8295967 1.8889333 1.9375323 1.8922527 2.1748694 1.1279169 0.0000000 1.8803383 1.6810720 1.7304876 1.8034897 1.6717230 1.9155032 1.8784604 1.7559936 1.6710263 1.6397885 1.6533445 1.7184520 1.7965853 1.6720105 1.6489127 1.2461160 1.1560733 1.1665636 1.7243502 
yHAB132_Kazachstania_martiniae              1.6070243 1.2603640 1.8133719 1.5995005 1.5360812 1.8406602 1.4474953 1.5009161 1.5211757 1.5391000 3.0794296 1.5474983 1.4875747 1.5586556 1.5717612 1.4526632 1.4140620 2.0105866 2.1359948 1.9845733 1.8803383 0.0000000 1.4766041 1.6588790 1.4580895 1.5415785 1.4972070 1.4696269 1.2653526 1.7452455 1.2677352 1.3557039 1.5414776 1.2972295 1.4705924 1.6160901 2.0529238 2.0294610 2.0114854 1.5954637 
yHAB133_Kazachstania_unispora               1.8385701 1.3910897 1.4098737 1.5765378 1.6782373 1.7864694 1.7505104 1.7085210 1.5271842 1.5161001 3.3995868 1.6488400 1.6574471 1.8066718 1.7156118 1.6099558 1.6934300 2.0240227 2.3726583 1.8528958 1.6810720 1.4766041 0.0000000 1.6492875 1.3979335 0.4521059 1.1395099 1.7825883 1.4840330 1.4045215 1.3701680 1.5541629 0.3937973 1.5396556 0.4000917 1.3643392 1.8280091 1.7783721 1.7977647 1.6227808 
yHAB134_Kazachstania_turicensis             1.9918899 1.4612372 1.9520791 1.8594348 1.9525409 2.1801839 1.8719714 1.9014886 1.8455352 1.6384280 3.2878180 1.8474494 1.8986943 1.8718835 1.9257714 1.8591045 1.9197860 2.1463648 2.2265446 2.0319109 1.7304876 1.6588790 1.6492875 0.0000000 1.5868215 1.4241053 1.7102050 1.9351762 1.6687352 1.9493847 1.6261519 1.7197644 1.6588055 1.1722033 1.6883506 2.0081109 2.1225480 2.1118025 2.1650070 1.9971168 
yHAB136_Kazachstania_bromeliacearum         1.8767165 1.4781141 1.7138259 1.8107863 1.8072011 1.8699642 1.8487827 1.8675851 1.5616245 1.5249312 3.8012718 1.5809350 1.6019994 1.6167044 1.5369635 1.5550784 1.6117651 2.2044422 2.1184160 2.1399023 1.8034897 1.4580895 1.3979335 1.5868215 0.0000000 1.4112375 1.4080705 1.7592941 1.6659295 1.7721217 1.4535427 1.4339593 1.5267949 1.3858882 1.4545924 1.6129181 1.9797283 2.2106435 2.0195510 1.8641536 
yHAB143_Kazachstania_siamensis              1.8243982 1.3991813 1.4418664 1.5751180 1.6276424 1.7589037 1.7403863 1.7110940 1.5804283 1.4774616 3.3623408 1.7605242 1.7626907 1.9153289 1.8102365 1.6100930 1.7676386 1.9400563 2.3059580 1.8607158 1.6717230 1.5415785 0.4521059 1.4241053 1.4112375 0.0000000 1.0553107 1.7703701 1.5177155 1.3556731 1.3683549 1.4944099 0.5042871 1.4008843 0.5316476 1.3881282 1.8940709 1.7621005 1.8857446 1.7008739 
yHAB147_Kazachstania_taianensis             1.7380901 1.4082076 1.4134810 1.7935139 1.6762365 1.8672738 1.8178171 1.7360190 1.6637285 1.6703025 3.1157435 1.6262063 1.5745894 1.6657648 1.5975796 1.6431024 1.6374527 2.0710376 2.5242406 1.9598798 1.9155032 1.4972070 1.1395099 1.7102050 1.4080705 1.0553107 0.0000000 1.6891096 1.5606328 1.6144621 1.5795021 1.5632253 1.1597353 1.5532871 1.1352881 1.3736556 2.0965390 2.0713940 2.0116286 1.9193076 
yHAB148_Kazachstania_intestinalis           1.8648091 1.4659545 1.7907587 1.8872275 1.8376889 2.0122674 1.7591318 1.6677531 1.8020110 1.6314543 3.7808194 1.5959942 1.5828916 1.6486940 1.6794941 1.6428253 1.6023769 2.0169496 2.3752067 1.8767383 1.8784604 1.4696269 1.7825883 1.9351762 1.7592941 1.7703701 1.6891096 0.0000000 1.4459427 1.8033550 1.3997193 1.4189101 1.7180751 1.6024682 1.7157057 1.8993519 2.0116277 2.0495166 2.0482900 1.7890806 
yHAB153_Kazachstania_rosinii                1.6559944 1.2011429 1.7634765 1.7223603 1.5799782 2.0078442 1.6490953 1.4678460 1.6840669 1.5151697 3.1395089 1.4446775 1.4218756 1.4241052 1.4485285 1.3891944 1.4041346 1.8798927 2.0804674 1.9395572 1.7559936 1.2653526 1.4840330 1.6687352 1.6659295 1.5177155 1.5606328 1.4459427 0.0000000 1.6865256 1.1937490 1.2259433 1.5674399 1.2538126 1.5418132 1.6391027 1.9036088 1.9379808 1.8030673 1.8625081 
yHAB154_Kazachstania_transvaalensis         1.9079044 1.5876010 1.8953014 1.8653620 1.6245689 2.1079200 1.7998268 1.6972402 1.8468784 1.8285539 3.4289204 2.1173325 2.0673402 2.1593664 2.0790204 1.9482299 2.0790067 2.1307804 2.7751192 2.0360142 1.6710263 1.7452455 1.4045215 1.9493847 1.7721217 1.3556731 1.6144621 1.8033550 1.6865256 0.0000000 1.5164199 1.6221318 1.5000319 1.5714881 1.5339180 0.5440701 2.0079369 1.7777268 1.8967326 1.9901040 
yHAB155_Kazachstania_spencerorum            1.6488511 1.2442414 1.7452685 1.7521386 1.5778902 1.8533617 1.7373383 1.5911835 1.5637323 1.4483959 3.2868516 1.6156001 1.5254888 1.6537267 1.5194220 1.5588935 1.5831163 2.0108565 2.0382175 1.7911899 1.6397885 1.2677352 1.3701680 1.6261519 1.4535427 1.3683549 1.5795021 1.3997193 1.1937490 1.5164199 0.0000000 1.2229112 1.4741412 1.1250998 1.4519565 1.5942032 1.7767674 1.8208582 1.7813192 1.6957534 
yHAB158_Kazachstania_viticola               1.6154234 1.2093952 1.7177057 1.8242984 1.4095272 1.9251282 1.4434039 1.4950627 1.5920754 1.4909447 3.7731693 1.5445351 1.4615350 1.6123559 1.5158843 1.4948735 1.4538994 1.9005960 2.1882639 1.8163104 1.6533445 1.3557039 1.5541629 1.7197644 1.4339593 1.4944099 1.5632253 1.4189101 1.2259433 1.6221318 1.2229112 0.0000000 1.5092182 1.4650469 1.5174118 1.7556168 1.7869489 1.8937377 1.7552233 1.6134835 
yHAB159_Kazachstania_solicola               1.8745307 1.4335359 1.4519541 1.7052790 1.7463320 1.8846965 1.8656878 1.7802578 1.5869623 1.6073216 3.5108156 1.8048590 1.8180633 1.8748547 1.8574368 1.7327777 1.8344471 2.0618070 2.5497880 1.8640039 1.7184520 1.5414776 0.3937973 1.6588055 1.5267949 0.5042871 1.1597353 1.7180751 1.5674399 1.5000319 1.4741412 1.5092182 0.0000000 1.5854025 0.1726847 1.5205718 2.0027347 1.8232574 1.9198818 1.7285085 
yHAB160_Kazachstania_kunashirensis          1.5834117 1.3332490 1.8250614 1.6322739 1.7178450 2.0391037 1.6867922 1.7162076 1.5520602 1.4388067 3.4769734 1.6981101 1.6008434 1.7212499 1.6572162 1.5807530 1.6177639 1.9653230 2.2420969 2.0593157 1.7965853 1.2972295 1.5396556 1.1722033 1.3858882 1.4008843 1.5532871 1.6024682 1.2538126 1.5714881 1.1250998 1.4650469 1.5854025 0.0000000 1.5811648 1.6201143 1.9986387 1.7604208 1.9158078 1.7840496 
yHAB164_Kazachstania_aerobia                1.8563522 1.4328592 1.4736710 1.6931948 1.8177490 1.7556678 1.9352519 1.7987672 1.5866936 1.4864470 3.2224670 1.8752734 1.8597592 1.9603169 1.9198765 1.7294093 1.8643605 1.9268448 2.5458518 1.8490465 1.6720105 1.4705924 0.4000917 1.6883506 1.4545924 0.5316476 1.1352881 1.7157057 1.5418132 1.5339180 1.4519565 1.5174118 0.1726847 1.5811648 0.0000000 1.5256642 2.0067689 1.8287872 1.9290025 1.7064772 
yHAB166_Kazachstania_yakushimaensis         1.9385381 1.6499828 1.8454866 1.6636681 1.7353221 2.1403567 1.8158314 1.8198075 1.6924612 1.9042912 3.4681875 2.2918408 2.1129778 2.1967685 2.0892872 2.0688269 2.1125719 2.0682588 2.7179316 2.0489318 1.6489127 1.6160901 1.3643392 2.0081109 1.6129181 1.3881282 1.3736556 1.8993519 1.6391027 0.5440701 1.5942032 1.7556168 1.5205718 1.6201143 1.5256642 0.0000000 2.0216457 2.0224971 1.8987310 1.8624740 
yHMPu5000034875_Tetrapisispora_fleetii      1.8531721 1.6583490 2.1412198 2.0155489 1.7212051 2.0443058 1.9169733 1.7909452 2.0438325 1.9331130 4.2162947 1.7715374 1.8474177 1.7725422 1.7371125 1.8679534 1.8244734 1.9562532 2.1301418 0.5168430 1.2461160 2.0529238 1.8280091 2.1225480 1.9797283 1.8940709 2.0965390 2.0116277 1.9036088 2.0079369 1.7767674 1.7869489 2.0027347 1.9986387 2.0067689 2.0216457 0.0000000 0.7715682 0.2959979 1.7283169 
yHMPu5000034876_Tetrapisispora_iriomotensis 1.8084862 1.7779487 2.3814816 1.9280037 1.7491874 2.1850528 1.8689988 1.7819391 2.2470365 2.0272140 3.9655934 1.9238360 1.8585440 1.9533392 1.8487865 1.8443150 1.9063648 1.9356352 2.2575085 0.8075486 1.1560733 2.0294610 1.7783721 2.1118025 2.2106435 1.7621005 2.0713940 2.0495166 1.9379808 1.7777268 1.8208582 1.8937377 1.8232574 1.7604208 1.8287872 2.0224971 0.7715682 0.0000000 0.7191156 1.8884707 
yHMPu5000034877_Tetrapisispora_namnaonensis 1.7556739 1.5851712 2.3509995 1.9272563 1.7119956 1.9756040 1.8257039 1.7606484 1.9892434 1.9821623 4.2136197 1.8012885 1.8090391 1.8550835 1.7985361 1.8552082 1.8182811 2.0292610 2.0955793 0.4772640 1.1665636 2.0114854 1.7977647 2.1650070 2.0195510 1.8857446 2.0116286 2.0482900 1.8030673 1.8967326 1.7813192 1.7552233 1.9198818 1.9158078 1.9290025 1.8987310 0.2959979 0.7191156 0.0000000 1.6727173 
yHMPu5000035629_Yueomyces_sinensis          1.6479155 1.6509861 2.1158025 1.8614427 1.5843090 2.1497819 1.6229008 1.5483960 1.9245598 1.7068305 3.5073844 1.6636566 1.5656852 1.6423446 1.5868937 1.5407422 1.6146221 1.8145171 1.4397976 1.8505368 1.7243502 1.5954637 1.6227808 1.9971168 1.8641536 1.7008739 1.9193076 1.7890806 1.8625081 1.9901040 1.6957534 1.6134835 1.7285085 1.7840496 1.7064772 1.8624740 1.7283169 1.8884707 1.6727173 0.0000000 
