40
Candida_glabrata                            0.0000000 1.2947863 1.2864044 1.4387486 0.8976664 1.5441705 0.8333386 0.9104440 1.2859991 1.3461303 8.7629374 1.2412949 1.2354277 1.2307443 1.1857584 1.3755003 1.2600823 1.2604863 1.5535029 1.5403115 1.3545975 1.3599314 1.6402177 1.3571634 1.2252942 1.6073143 1.2086685 1.2567962 1.1564462 1.8945085 1.3317633 1.2678156 1.5885182 1.3879290 1.6167806 1.9598826 1.4776889 1.4656727 1.5141595 1.8524789 
Kazachstania_africana                       1.2947863 0.0000000 1.1698471 1.1037947 1.0657471 1.1699389 1.1002746 1.0808956 0.7680062 0.9752021 8.9999986 0.9385349 0.8744642 0.8828326 0.9346602 0.9550128 0.8878307 0.8872667 1.0667831 1.0265844 0.8640744 0.7350661 1.1604950 0.7452797 0.6995517 1.0691901 1.6252036 1.2761653 0.8097368 1.5068106 0.9029737 0.7948248 1.0362995 0.7876254 1.0587218 1.3874848 1.0711443 0.9874709 1.0422113 1.3042324 
Kazachstania_naganishii                     1.2864044 1.1698471 0.0000000 1.3936635 1.3380867 1.4939629 1.4770507 1.4624692 1.1713993 1.2600446 8.9999987 1.2707351 1.3196920 1.2763534 1.2896717 1.3358092 1.3183368 1.2934152 1.3494982 1.4737297 1.4428902 1.1871271 1.3065047 1.1637908 1.0236914 1.2424137 1.3046709 1.2900247 0.9686095 1.6355731 1.1189153 1.2834734 1.2925926 1.2439027 1.2531106 1.8027180 1.3681478 1.5524218 1.4273379 1.7826604 
Nakaseomyces_bacillisporus                  1.4387486 1.1037947 1.3936635 0.0000000 1.0893883 1.1354725 1.0924325 1.1142518 1.0416818 1.0624672 8.9999980 1.0118747 1.0554513 1.0017432 1.0219269 1.0449177 1.1109944 1.0198503 1.0627868 1.0045473 0.8740959 0.9170697 1.1318507 1.0208466 0.9262969 1.1225388 1.8928282 1.4693401 1.1443258 1.4679187 1.0501698 0.9583753 1.1175456 0.9008537 1.1329404 1.4821007 0.9552986 0.9996321 0.9744781 1.1667571 
Nakaseomyces_bracarensis                    0.8976664 1.0657471 1.3380867 1.0893883 0.0000000 1.3585171 0.4766302 0.4607990 1.0877004 1.0573002 8.9999988 1.0383732 1.1105631 1.0025215 1.1550648 1.1260240 1.0971986 1.0356872 1.0321687 1.2052302 0.9574089 1.0181124 1.3151539 1.0221064 0.9552260 1.2980035 1.8268948 1.3993835 1.1030858 1.5409465 1.1328858 1.0590379 1.2926318 0.9709268 1.3200277 1.5834656 1.1062301 1.0846441 1.2213524 1.2040787 
Nakaseomyces_castellii                      1.5441705 1.1699389 1.4939629 1.1354725 1.3585171 0.0000000 1.4535251 1.3170202 1.2413486 1.3587121 8.9999986 1.2990457 1.1874172 1.1427878 1.2631045 1.2770713 1.2404074 1.1518128 1.4049682 1.4289111 1.3628720 1.2967548 1.5868472 1.3208554 1.3018005 1.3672871 1.8896066 1.6652562 1.2818939 1.6570505 1.3737075 1.2800835 1.4860235 1.1766176 1.4650521 1.7573366 1.3176626 1.4032525 1.3194635 1.6892947 
Nakaseomyces_delphensis                     0.8333386 1.1002746 1.4770507 1.0924325 0.4766302 1.4535251 0.0000000 0.4358519 1.0707334 1.0761452 8.9999986 1.0931230 1.1008249 1.1066819 1.1127348 1.1527372 1.1428639 1.0931980 1.1832178 1.1632533 0.9828675 1.0276510 1.2872059 1.1783867 0.9178302 1.2807038 1.7269193 1.4142276 1.1271403 1.5492809 1.2335912 1.1034027 1.2864733 0.9912457 1.2860906 1.5842122 1.0862161 1.0869918 1.2131012 1.2760704 
Nakaseomyces_nivariensis                    0.9104440 1.0808956 1.4624692 1.1142518 0.4607990 1.3170202 0.4358519 0.0000000 1.1710622 1.1099791 8.9999988 1.0375183 1.0468800 1.0000350 1.1237608 0.9960641 1.0792241 1.0698608 1.0527364 1.1913445 0.9548623 1.0217489 1.2396883 1.0446282 0.9340820 1.2323808 1.8664962 1.4549527 1.0429378 1.4720116 1.1355235 1.0608182 1.2234653 0.9189645 1.1955497 1.5813310 1.1368895 1.0836518 1.2389221 1.1910688 
Naumovozyma_castellii                       1.2859991 0.7680062 1.1713993 1.0416818 1.0877004 1.2413486 1.0707334 1.1710622 0.0000000 0.6363570 8.9999986 0.8941334 0.8870352 0.8432272 0.9157776 0.8668233 0.8942997 0.8430485 0.9808568 1.0199418 0.9442139 0.7823669 0.9868542 0.8033429 0.6991647 0.9783428 1.6493563 1.2907328 0.8203079 1.2312930 0.9399886 0.8700593 0.9834956 0.7829753 1.0169635 1.3144432 0.9578303 0.9051445 0.9752137 1.1836264 
Naumovozyma_dairenensis                     1.3461303 0.9752021 1.2600446 1.0624672 1.0573002 1.3587121 1.0761452 1.1099791 0.6363570 0.0000000 8.9999987 0.9316498 0.9504893 0.9086074 0.9752273 0.9220731 0.9587251 0.9146702 1.0497212 0.9889431 0.9576779 0.9063068 1.1179387 0.8200522 0.8011457 1.0918813 1.8429207 1.4497510 1.0307793 1.4626573 1.0769179 0.9478366 1.0202826 0.8793776 1.0404355 1.4463201 1.0549656 1.0166731 1.0653139 1.2864285 
Neurospora_crassa                           8.7629374 8.9999986 8.9999987 8.9999980 8.9999988 8.9999986 8.9999986 8.9999988 8.9999986 8.9999987 0.0000000 8.9999990 8.9999988 8.9999980 8.9999989 8.9999985 8.9999990 8.9999984 8.9999986 8.9999988 8.9999984 8.9999982 8.9999984 8.9999988 8.9999987 8.9999983 8.4073676 8.9999989 8.9999984 8.9999990 8.9999989 8.9999980 8.9999986 8.9999989 8.9999987 8.9999984 8.9999982 8.9999989 8.9999990 8.9999982 
Saccharomyces_arboricola                    1.2412949 0.9385349 1.2707351 1.0118747 1.0383732 1.2990457 1.0931230 1.0375183 0.8941334 0.9316498 8.9999990 0.0000000 0.3234564 0.2842445 0.2585602 0.3136409 0.3054286 0.2739514 0.8600843 0.8324624 0.8459011 0.8922422 1.0810952 0.8254956 0.7956511 1.0598858 1.5003079 1.3612425 0.7778256 1.3611850 1.0626672 0.8950590 1.0460757 0.7704084 1.0200966 1.3898665 0.8707415 0.8502458 0.8962704 1.1846536 
Saccharomyces_cerevisiae                    1.2354277 0.8744642 1.3196920 1.0554513 1.1105631 1.1874172 1.1008249 1.0468800 0.8870352 0.9504893 8.9999988 0.3234564 0.0000000 0.2893418 0.3088980 0.2815655 0.1480228 0.3048106 0.8844385 0.9099524 0.8010380 0.9223183 1.1145386 0.8961009 0.8563820 1.0237126 1.4994226 1.3513282 0.8824731 1.3078567 1.0841831 0.8847748 1.0546180 0.8090180 1.0247699 1.4729534 0.9383067 0.8747349 0.9198147 1.1890632 
Saccharomyces_eubayanus                     1.2307443 0.8828326 1.2763534 1.0017432 1.0025215 1.1427878 1.1066819 1.0000350 0.8432272 0.9086074 8.9999980 0.2842445 0.2893418 0.0000000 0.2575254 0.3034073 0.2716748 0.0906934 0.8716745 0.8506262 0.7368148 0.8368984 1.0543099 0.8009308 0.7542684 1.0328463 1.4953977 1.3225645 0.7951720 1.3744269 1.0153471 0.8734651 0.9801448 0.7247411 0.9985692 1.4143208 0.9359647 0.7883350 0.9252707 1.2106817 
Saccharomyces_kudriavzevii                  1.1857584 0.9346602 1.2896717 1.0219269 1.1550648 1.2631045 1.1127348 1.1237608 0.9157776 0.9752273 8.9999989 0.2585602 0.3088980 0.2575254 0.0000000 0.2822583 0.2792240 0.2652304 0.9471184 0.8774537 0.8161338 0.8955045 1.1399749 0.8471546 0.8371912 1.0988455 1.4671214 1.3843067 0.8609053 1.4248225 1.0983229 0.8917502 1.0522124 0.7668031 1.0312042 1.4451976 0.9126433 0.8389215 0.9125153 1.2310964 
Saccharomyces_mikatae                       1.3755003 0.9550128 1.3358092 1.0449177 1.1260240 1.2770713 1.1527372 0.9960641 0.8668233 0.9220731 8.9999985 0.3136409 0.2815655 0.3034073 0.2822583 0.0000000 0.2287501 0.2748765 0.8581154 0.8480575 0.8093476 0.9008740 1.1084791 0.8258669 0.8550508 1.0428436 1.5191761 1.3681665 0.8391027 1.3573164 1.0786061 0.9020364 1.0741837 0.7171737 1.0378465 1.4076639 0.8855216 0.8718019 0.9416738 1.1760628 
Saccharomyces_paradoxus                     1.2600823 0.8878307 1.3183368 1.1109944 1.0971986 1.2404074 1.1428639 1.0792241 0.8942997 0.9587251 8.9999990 0.3054286 0.1480228 0.2716748 0.2792240 0.2287501 0.0000000 0.2626901 0.9012959 0.8901239 0.8104357 0.8853786 1.0953524 0.8623879 0.8474515 1.0398986 1.5203388 1.3733383 0.8278964 1.3074904 1.0924384 0.8423232 1.0154206 0.7735856 0.9847108 1.4768020 0.9474983 0.9172166 0.9629892 1.1784923 
Saccharomyces_uvarum                        1.2604863 0.8872667 1.2934152 1.0198503 1.0356872 1.1518128 1.0931980 1.0698608 0.8430485 0.9146702 8.9999984 0.2739514 0.3048106 0.0906934 0.2652304 0.2748765 0.2626901 0.0000000 0.8676704 0.8271511 0.7648637 0.8310645 1.0311120 0.8030064 0.7763404 1.0113607 1.4776300 1.2972237 0.7922520 1.3497892 1.0206994 0.8353787 0.9394905 0.7026104 0.9477121 1.4100751 0.9351143 0.8020720 0.9474330 1.1979437 
Tetrapisispora_blattae                      1.5535029 1.0667831 1.3494982 1.0627868 1.0321687 1.4049682 1.1832178 1.0527364 0.9808568 1.0497212 8.9999986 0.8600843 0.8844385 0.8716745 0.9471184 0.8581154 0.9012959 0.8676704 0.0000000 0.8904445 0.8040225 0.9598185 1.1713031 0.8279098 0.8777278 1.0736492 2.0110124 1.3759958 0.9607690 1.4337140 1.1053367 0.9462172 1.1318567 0.8302695 1.1749008 1.3807489 0.9889300 0.8959475 0.9298995 0.8828011 
Tetrapisispora_phaffii                      1.5403115 1.0265844 1.4737297 1.0045473 1.2052302 1.4289111 1.1632533 1.1913445 1.0199418 0.9889431 8.9999988 0.8324624 0.9099524 0.8506262 0.8774537 0.8480575 0.8901239 0.8271511 0.8904445 0.0000000 0.7820913 0.9058749 1.0769739 0.8471284 0.8348135 1.0827208 2.0033066 1.4030437 1.0321308 1.3400315 1.1376267 0.8410349 1.0365718 0.7575887 1.0203566 1.3222984 0.3703148 0.3982929 0.3446441 1.1182711 
Vanderwaltozyma_polyspora                   1.3545975 0.8640744 1.4428902 0.8740959 0.9574089 1.3628720 0.9828675 0.9548623 0.9442139 0.9576779 8.9999984 0.8459011 0.8010380 0.7368148 0.8161338 0.8093476 0.8104357 0.7648637 0.8040225 0.7820913 0.0000000 0.8461493 1.1157287 0.8327835 0.7587104 1.1421943 1.8963347 1.4261354 0.9940971 1.4145547 1.0201763 0.8158505 1.1072786 0.7909939 1.0723899 1.3586881 0.8192391 0.7068549 0.8170656 0.9115779 
yHAB132_Kazachstania_martiniae              1.3599314 0.7350661 1.1871271 0.9170697 1.0181124 1.2967548 1.0276510 1.0217489 0.7823669 0.9063068 8.9999982 0.8922422 0.9223183 0.8368984 0.8955045 0.9008740 0.8853786 0.8310645 0.9598185 0.9058749 0.8461493 0.0000000 0.8659632 0.6098165 0.6378974 0.8634904 1.6697160 1.2252836 0.7499070 1.2480812 0.8499286 0.6957491 0.8410765 0.4821362 0.9071165 1.2195023 0.9156060 0.8000944 0.8633415 1.0894074 
yHAB133_Kazachstania_unispora               1.6402177 1.1604950 1.3065047 1.1318507 1.3151539 1.5868472 1.2872059 1.2396883 0.9868542 1.1179387 8.9999984 1.0810952 1.1145386 1.0543099 1.1399749 1.1084791 1.0953524 1.0311120 1.1713031 1.0769739 1.1157287 0.8659632 0.0000000 0.7681084 0.8107318 0.3476834 1.7590014 1.2811145 1.1303372 0.9222038 1.1735280 0.9323738 0.2460022 0.8298124 0.2481951 0.9673266 1.0358141 1.0636497 1.0771937 0.9378488 
yHAB134_Kazachstania_turicensis             1.3571634 0.7452797 1.1637908 1.0208466 1.0221064 1.3208554 1.1783867 1.0446282 0.8033429 0.8200522 8.9999988 0.8254956 0.8961009 0.8009308 0.8471546 0.8258669 0.8623879 0.8030064 0.8279098 0.8471284 0.8327835 0.6098165 0.7681084 0.0000000 0.6191332 0.8272789 1.7893286 1.3224343 0.7022168 1.1481235 0.8535923 0.7383281 0.8527521 0.4782022 0.8367514 1.2228088 0.8864818 0.7800727 0.8565880 1.0137315 
yHAB136_Kazachstania_bromeliacearum         1.2252942 0.6995517 1.0236914 0.9262969 0.9552260 1.3018005 0.9178302 0.9340820 0.6991647 0.8011457 8.9999987 0.7956511 0.8563820 0.7542684 0.8371912 0.8550508 0.8474515 0.7763404 0.8777278 0.8348135 0.7587104 0.6378974 0.8107318 0.6191332 0.0000000 0.7435240 1.6508206 1.1801980 0.7595720 1.1577215 0.8263720 0.6934724 0.8414692 0.5677400 0.8135717 1.1430083 0.8553848 0.8258371 0.8729345 1.0288108 
yHAB143_Kazachstania_siamensis              1.6073143 1.0691901 1.2424137 1.1225388 1.2980035 1.3672871 1.2807038 1.2323808 0.9783428 1.0918813 8.9999983 1.0598858 1.0237126 1.0328463 1.0988455 1.0428436 1.0398986 1.0113607 1.0736492 1.0827208 1.1421943 0.8634904 0.3476834 0.8272789 0.7435240 0.0000000 1.6634362 1.2549537 1.1829848 0.9385910 1.2663491 0.9365888 0.4185007 0.8051636 0.4048632 0.9846087 1.0513540 1.0082272 1.1655816 1.0976902 
yHAB147_Kazachstania_taianensis             1.2086685 1.6252036 1.3046709 1.8928282 1.8268948 1.8896066 1.7269193 1.8664962 1.6493563 1.8429207 8.4073676 1.5003079 1.4994226 1.4953977 1.4671214 1.5191761 1.5203388 1.4776300 2.0110124 2.0033066 1.8963347 1.6697160 1.7590014 1.7893286 1.6508206 1.6634362 0.0000000 1.7459524 1.4625394 2.0027850 1.4976751 1.8382275 1.7591928 1.8703614 1.7412696 2.0778393 1.9286286 1.9521143 1.8831748 2.4484177 
yHAB148_Kazachstania_intestinalis           1.2567962 1.2761653 1.2900247 1.4693401 1.3993835 1.6652562 1.4142276 1.4549527 1.2907328 1.4497510 8.9999989 1.3612425 1.3513282 1.3225645 1.3843067 1.3681665 1.3733383 1.2972237 1.3759958 1.4030437 1.4261354 1.2252836 1.2811145 1.3224343 1.1801980 1.2549537 1.7459524 0.0000000 1.2898949 1.6215704 1.4228104 1.3624956 1.3234636 1.3434630 1.3163135 1.6750399 1.5089546 1.4290758 1.3813436 1.6120826 
yHAB153_Kazachstania_rosinii                1.1564462 0.8097368 0.9686095 1.1443258 1.1030858 1.2818939 1.1271403 1.0429378 0.8203079 1.0307793 8.9999984 0.7778256 0.8824731 0.7951720 0.8609053 0.8391027 0.8278964 0.7922520 0.9607690 1.0321308 0.9940971 0.7499070 1.1303372 0.7022168 0.7595720 1.1829848 1.4625394 1.2898949 0.0000000 1.4161745 0.7916741 0.8337093 1.0612061 0.6678514 1.0838953 1.4565718 0.9972964 0.9919160 0.9895753 1.3131561 
yHAB154_Kazachstania_transvaalensis         1.8945085 1.5068106 1.6355731 1.4679187 1.5409465 1.6570505 1.5492809 1.4720116 1.2312930 1.4626573 8.9999990 1.3611850 1.3078567 1.3744269 1.4248225 1.3573164 1.3074904 1.3497892 1.4337140 1.3400315 1.4145547 1.2480812 0.9222038 1.1481235 1.1577215 0.9385910 2.0027850 1.6215704 1.4161745 0.0000000 1.4448986 1.2864660 1.0688421 1.0953107 1.0237669 0.3677602 1.2517538 1.3664119 1.3370381 1.4029162 
yHAB155_Kazachstania_spencerorum            1.3317633 0.9029737 1.1189153 1.0501698 1.1328858 1.3737075 1.2335912 1.1355235 0.9399886 1.0769179 8.9999989 1.0626672 1.0841831 1.0153471 1.0983229 1.0786061 1.0924384 1.0206994 1.1053367 1.1376267 1.0201763 0.8499286 1.1735280 0.8535923 0.8263720 1.2663491 1.4976751 1.4228104 0.7916741 1.4448986 0.0000000 0.9109396 1.1567535 0.8225413 1.1429375 1.6222659 1.1317366 1.1509462 1.0691494 1.4335057 
yHAB158_Kazachstania_viticola               1.2678156 0.7948248 1.2834734 0.9583753 1.0590379 1.2800835 1.1034027 1.0608182 0.8700593 0.9478366 8.9999980 0.8950590 0.8847748 0.8734651 0.8917502 0.9020364 0.8423232 0.8353787 0.9462172 0.8410349 0.8158505 0.6957491 0.9323738 0.7383281 0.6934724 0.9365888 1.8382275 1.3624956 0.8337093 1.2864660 0.9109396 0.0000000 0.9294975 0.5795787 0.9313357 1.3477545 0.8549226 0.8376770 0.8941849 1.0342232 
yHAB159_Kazachstania_solicola               1.5885182 1.0362995 1.2925926 1.1175456 1.2926318 1.4860235 1.2864733 1.2234653 0.9834956 1.0202826 8.9999986 1.0460757 1.0546180 0.9801448 1.0522124 1.0741837 1.0154206 0.9394905 1.1318567 1.0365718 1.1072786 0.8410765 0.2460022 0.8527521 0.8414692 0.4185007 1.7591928 1.3234636 1.0612061 1.0688421 1.1567535 0.9294975 0.0000000 0.8440963 0.0943161 1.0356136 1.0709255 0.9859119 1.1423987 1.0227764 
yHAB160_Kazachstania_kunashirensis          1.3879290 0.7876254 1.2439027 0.9008537 0.9709268 1.1766176 0.9912457 0.9189645 0.7829753 0.8793776 8.9999989 0.7704084 0.8090180 0.7247411 0.7668031 0.7171737 0.7735856 0.7026104 0.8302695 0.7575887 0.7909939 0.4821362 0.8298124 0.4782022 0.5677400 0.8051636 1.8703614 1.3434630 0.6678514 1.0953107 0.8225413 0.5795787 0.8440963 0.0000000 0.8339117 1.2125198 0.7809732 0.7295809 0.7621472 0.9743192 
yHAB164_Kazachstania_aerobia                1.6167806 1.0587218 1.2531106 1.1329404 1.3200277 1.4650521 1.2860906 1.1955497 1.0169635 1.0404355 8.9999987 1.0200966 1.0247699 0.9985692 1.0312042 1.0378465 0.9847108 0.9477121 1.1749008 1.0203566 1.0723899 0.9071165 0.2481951 0.8367514 0.8135717 0.4048632 1.7412696 1.3163135 1.0838953 1.0237669 1.1429375 0.9313357 0.0943161 0.8339117 0.0000000 1.0390272 1.0769858 0.9805477 1.1560104 0.9839222 
yHAB166_Kazachstania_yakushimaensis         1.9598826 1.3874848 1.8027180 1.4821007 1.5834656 1.7573366 1.5842122 1.5813310 1.3144432 1.4463201 8.9999984 1.3898665 1.4729534 1.4143208 1.4451976 1.4076639 1.4768020 1.4100751 1.3807489 1.3222984 1.3586881 1.2195023 0.9673266 1.2228088 1.1430083 0.9846087 2.0778393 1.6750399 1.4565718 0.3677602 1.6222659 1.3477545 1.0356136 1.2125198 1.0390272 0.0000000 1.3272750 1.3878164 1.4021087 1.3483783 
yHMPu5000034875_Tetrapisispora_fleetii      1.4776889 1.0711443 1.3681478 0.9552986 1.1062301 1.3176626 1.0862161 1.1368895 0.9578303 1.0549656 8.9999982 0.8707415 0.9383067 0.9359647 0.9126433 0.8855216 0.9474983 0.9351143 0.9889300 0.3703148 0.8192391 0.9156060 1.0358141 0.8864818 0.8553848 1.0513540 1.9286286 1.5089546 0.9972964 1.2517538 1.1317366 0.8549226 1.0709255 0.7809732 1.0769858 1.3272750 0.0000000 0.5054055 0.2476809 1.1710399 
yHMPu5000034876_Tetrapisispora_iriomotensis 1.4656727 0.9874709 1.5524218 0.9996321 1.0846441 1.4032525 1.0869918 1.0836518 0.9051445 1.0166731 8.9999989 0.8502458 0.8747349 0.7883350 0.8389215 0.8718019 0.9172166 0.8020720 0.8959475 0.3982929 0.7068549 0.8000944 1.0636497 0.7800727 0.8258371 1.0082272 1.9521143 1.4290758 0.9919160 1.3664119 1.1509462 0.8376770 0.9859119 0.7295809 0.9805477 1.3878164 0.5054055 0.0000000 0.4723792 0.9896845 
yHMPu5000034877_Tetrapisispora_namnaonensis 1.5141595 1.0422113 1.4273379 0.9744781 1.2213524 1.3194635 1.2131012 1.2389221 0.9752137 1.0653139 8.9999990 0.8962704 0.9198147 0.9252707 0.9125153 0.9416738 0.9629892 0.9474330 0.9298995 0.3446441 0.8170656 0.8633415 1.0771937 0.8565880 0.8729345 1.1655816 1.8831748 1.3813436 0.9895753 1.3370381 1.0691494 0.8941849 1.1423987 0.7621472 1.1560104 1.4021087 0.2476809 0.4723792 0.0000000 1.1530112 
yHMPu5000035629_Yueomyces_sinensis          1.8524789 1.3042324 1.7826604 1.1667571 1.2040787 1.6892947 1.2760704 1.1910688 1.1836264 1.2864285 8.9999982 1.1846536 1.1890632 1.2106817 1.2310964 1.1760628 1.1784923 1.1979437 0.8828011 1.1182711 0.9115779 1.0894074 0.9378488 1.0137315 1.0288108 1.0976902 2.4484177 1.6120826 1.3131561 1.4029162 1.4335057 1.0342232 1.0227764 0.9743192 0.9839222 1.3483783 1.1710399 0.9896845 1.1530112 0.0000000 
