40
Candida_glabrata                            0.0000000 2.7126056 2.8828398 2.5566265 1.4272484 2.9048184 1.5393814 1.4332365 2.5474401 2.4280891 5.8234753 2.3817089 2.5627223 2.4643439 2.4821159 2.5414567 2.5540178 2.4453514 2.8531660 2.8279010 2.6773145 2.3230654 2.6647311 2.6493496 2.3851575 2.6686984 2.6916155 2.6070212 2.6897693 2.7312387 2.4707736 2.6595820 2.7178515 2.5299362 2.7176395 2.7644649 3.0281855 2.9278910 2.9092163 3.0349954 
Kazachstania_africana                       2.7126056 0.0000000 2.2259812 2.4318747 2.6076150 2.7249764 2.8261416 2.7569580 1.9449479 2.0224620 5.7994151 1.9286736 2.0895973 2.0008753 2.0525175 1.9732403 2.0687377 2.0884671 2.3741447 2.4408532 2.2307610 1.6348123 1.9279122 1.9909441 1.8517084 2.0426989 2.1636221 2.2073743 1.6769634 2.2321310 1.8462135 1.7364869 2.1385782 1.9469102 2.1221260 2.1567000 2.4667149 2.5119649 2.3455923 2.3217830 
Kazachstania_naganishii                     2.8828398 2.2259812 0.0000000 2.5172588 2.7155931 3.0469470 2.7131971 2.5602209 1.8415063 2.1411580 5.8028238 2.0410717 2.1155243 1.9747475 2.0736262 2.0801241 2.0753819 2.0458355 2.3382893 2.6284501 2.4525445 1.8085073 1.8990005 2.0925516 1.7149330 1.9184256 1.5420266 1.9247971 1.7627592 1.9915100 1.9792240 1.8015408 1.9596019 2.0177595 1.9284702 1.9576185 2.8700591 2.9014326 2.8736706 2.6072570 
Nakaseomyces_bacillisporus                  2.5566265 2.4318747 2.5172588 0.0000000 2.3821112 2.2401731 2.5113843 2.5051270 2.0328496 2.3194101 5.6983332 2.1950116 2.1953034 2.2707106 2.3187546 2.2241254 2.2060728 2.2286303 2.2464922 2.6343156 2.2197573 2.1349668 2.4540059 2.2947290 2.3332640 2.4287637 2.4607864 2.5543246 2.3266613 2.5441552 2.1919286 2.4063521 2.4282684 2.0904278 2.5168163 2.5533177 2.6139502 2.5767224 2.5044783 2.3465565 
Nakaseomyces_bracarensis                    1.4272484 2.6076150 2.7155931 2.3821112 0.0000000 2.7302165 0.7679819 0.7042408 2.4436694 2.3430171 5.8009139 2.3135238 2.3589326 2.2759097 2.4333395 2.3576612 2.3329094 2.2821014 2.7133568 2.8433380 2.5924447 2.2892217 2.3888771 2.6823606 2.4522371 2.4553516 2.6469325 2.7057020 2.5179945 2.4364209 2.3011535 2.4607176 2.4121766 2.5288683 2.3982623 2.4323346 2.9827140 2.8058385 2.9430566 2.8080533 
Nakaseomyces_castellii                      2.9048184 2.7249764 3.0469470 2.2401731 2.7302165 0.0000000 2.8210976 2.6601438 2.6962189 2.6314681 5.8494393 2.4463280 2.4568443 2.3987893 2.4101696 2.4495872 2.5178491 2.3862552 2.7388891 2.8530596 2.8759174 2.5470216 2.9253867 2.7178289 2.7436851 2.7912763 2.6910958 2.8643466 2.7274990 2.6891815 2.6323098 2.7313236 3.0151863 2.7638110 3.0069504 2.8746892 2.9888802 2.7914458 3.0775433 2.8743827 
Nakaseomyces_delphensis                     1.5393814 2.8261416 2.7131971 2.5113843 0.7679819 2.8210976 0.0000000 0.6080617 2.4681109 2.5010266 6.0017936 2.2910781 2.3430472 2.2983418 2.3511525 2.3460472 2.3338935 2.3070658 2.7023236 2.9843161 2.6052964 2.4190830 2.5984043 2.5738110 2.3531906 2.6243597 2.6277422 2.8346472 2.6669065 2.4229479 2.3210794 2.4978068 2.6395824 2.4202205 2.6792534 2.5190164 3.0898387 2.9337630 2.9697866 2.9651981 
Nakaseomyces_nivariensis                    1.4332365 2.7569580 2.5602209 2.5051270 0.7042408 2.6601438 0.6080617 0.0000000 2.4495469 2.4973988 5.5697051 2.2479030 2.2637798 2.2303970 2.3359382 2.2264347 2.2530123 2.2470496 2.6827296 3.0749271 2.6286746 2.3837300 2.5531844 2.5112634 2.4300169 2.5213554 2.6404565 2.6200034 2.4919696 2.4021072 2.2151304 2.4761974 2.5608094 2.3635537 2.6166510 2.4722455 3.0534309 2.9147638 3.0942653 2.7536159 
Naumovozyma_castellii                       2.5474401 1.9449479 1.8415063 2.0328496 2.4436694 2.6962189 2.4681109 2.4495469 0.0000000 1.2758252 5.2613031 1.6658893 1.6816600 1.6451452 1.7130362 1.6168692 1.6800032 1.6806506 1.8900628 2.2553415 1.9013484 1.5556015 1.7183088 1.7959846 1.6474795 1.6768765 1.7860798 2.1071881 1.5680584 1.8648492 1.6580785 1.6226147 1.7376879 1.7114940 1.7615736 1.8883038 2.2376184 2.0978583 2.0587955 2.1010358 
Naumovozyma_dairenensis                     2.4280891 2.0224620 2.1411580 2.3194101 2.3430171 2.6314681 2.5010266 2.4973988 1.2758252 0.0000000 5.6956449 1.8069248 1.8744685 1.7947517 1.8093942 1.7593410 1.8007497 1.8173956 2.0993947 2.5139792 2.1576045 1.8167324 1.7671726 1.8231303 1.8547598 1.8823423 1.9749883 2.2442557 1.8404264 2.0938729 1.8469978 1.8507307 2.0505399 1.7520209 1.9809087 2.0767672 2.3008027 2.3628293 2.3594303 2.1914072 
Neurospora_crassa                           5.8234753 5.7994151 5.8028238 5.6983332 5.8009139 5.8494393 6.0017936 5.5697051 5.2613031 5.6956449 0.0000000 5.7447686 5.7482386 5.6615686 5.6036312 5.5287620 5.9058217 5.6711910 6.2199683 5.4502960 5.6378472 5.2987651 5.7216399 6.3832029 5.2527451 6.0146935 5.1778289 5.7525171 5.8656947 5.6397918 5.9039141 6.0673730 5.6919497 5.8265766 5.9097450 5.6090131 5.8529877 5.2330852 5.7099578 5.8618259 
Saccharomyces_arboricola                    2.3817089 1.9286736 2.0410717 2.1950116 2.3135238 2.4463280 2.2910781 2.2479030 1.6658893 1.8069248 5.7447686 0.0000000 0.3880736 0.3509259 0.2936145 0.3623143 0.3526549 0.3679937 1.9803819 2.2761473 1.9228191 1.5964324 1.8476213 1.9104550 1.5473818 1.8941336 1.9810539 2.2142232 1.6282387 2.0130666 1.7845111 1.6349154 2.0124292 1.8032805 1.9691035 2.0741615 2.3135301 2.3293115 2.2425025 2.0970221 
Saccharomyces_cerevisiae                    2.5627223 2.0895973 2.1155243 2.1953034 2.3589326 2.4568443 2.3430472 2.2637798 1.6816600 1.8744685 5.7482386 0.3880736 0.0000000 0.4493749 0.4266898 0.3469037 0.2016506 0.4667131 1.9365495 2.3668276 2.0285582 1.6700890 1.8723748 1.9709422 1.6082921 1.9703611 2.0053824 2.1931678 1.6697076 2.0378972 1.7442857 1.6214713 1.9831149 1.8930694 2.0164976 2.1413287 2.3387691 2.3037369 2.3318518 2.1926572 
Saccharomyces_eubayanus                     2.4643439 2.0008753 1.9747475 2.2707106 2.2759097 2.3987893 2.2983418 2.2303970 1.6451452 1.7947517 5.6615686 0.3509259 0.4493749 0.0000000 0.3480451 0.4286140 0.4153033 0.1334161 1.9478780 2.2938587 2.0197329 1.6518573 1.7932576 1.9064950 1.5491170 1.8749228 1.9550402 2.2752308 1.6851414 1.9766933 1.7694697 1.6786229 1.9938471 1.8434857 1.9606824 2.0482596 2.3374482 2.2537343 2.2969802 2.1356219 
Saccharomyces_kudriavzevii                  2.4821159 2.0525175 2.0736262 2.3187546 2.4333395 2.4101696 2.3511525 2.3359382 1.7130362 1.8093942 5.6036312 0.2936145 0.4266898 0.3480451 0.0000000 0.3844705 0.3628982 0.3745049 1.9382608 2.2212232 2.0043914 1.6160147 1.8409651 1.8835178 1.6003976 1.9606031 2.0061921 2.2746405 1.7206930 2.0879314 1.7981505 1.6513180 2.0007633 1.8245575 2.0102186 2.1007889 2.2664047 2.2140325 2.2115765 2.0990187 
Saccharomyces_mikatae                       2.5414567 1.9732403 2.0801241 2.2241254 2.3576612 2.4495872 2.3460472 2.2264347 1.6168692 1.7593410 5.5287620 0.3623143 0.3469037 0.4286140 0.3844705 0.0000000 0.2651940 0.4530084 1.8790018 2.3498871 1.9527545 1.6268764 1.8502881 1.9347250 1.5556395 1.9349200 1.9921344 2.2067273 1.6984430 2.0092608 1.7885192 1.6474776 2.0063042 1.8035121 2.0168117 2.0700799 2.3469334 2.1822987 2.2854478 2.0651870 
Saccharomyces_paradoxus                     2.5540178 2.0687377 2.0753819 2.2060728 2.3329094 2.5178491 2.3338935 2.2530123 1.6800032 1.8007497 5.9058217 0.3526549 0.2016506 0.4153033 0.3628982 0.2651940 0.0000000 0.4134752 1.9249773 2.3543070 1.9592067 1.6421638 1.8275343 1.9291787 1.5308501 1.9105969 1.9055646 2.1808068 1.6452173 2.0184720 1.7074450 1.6592004 2.0009722 1.8536176 1.9973024 2.1272886 2.3800903 2.2636329 2.3528847 2.0947287 
Saccharomyces_uvarum                        2.4453514 2.0884671 2.0458355 2.2286303 2.2821014 2.3862552 2.3070658 2.2470496 1.6806506 1.8173956 5.6711910 0.3679937 0.4667131 0.1334161 0.3745049 0.4530084 0.4134752 0.0000000 1.9994470 2.3281984 2.0471107 1.6879696 1.8611582 1.9168355 1.5776613 1.9241094 1.9485302 2.3198119 1.7053773 2.0412373 1.7819226 1.6342504 2.0640249 1.8578334 2.0058282 2.0469092 2.3774359 2.2286374 2.4281911 2.1521226 
Tetrapisispora_blattae                      2.8531660 2.3741447 2.3382893 2.2464922 2.7133568 2.7388891 2.7023236 2.6827296 1.8900628 2.0993947 6.2199683 1.9803819 1.9365495 1.9478780 1.9382608 1.8790018 1.9249773 1.9994470 0.0000000 2.0977097 1.8762025 2.0515012 2.1739101 2.2000348 2.0637778 2.1043867 2.4198565 2.3874771 2.1305305 2.3802153 2.1270499 1.9186244 2.1913593 2.1405992 2.1394590 2.3396201 2.0702317 2.0819429 2.0152394 1.3385944 
Tetrapisispora_phaffii                      2.8279010 2.4408532 2.6284501 2.6343156 2.8433380 2.8530596 2.9843161 3.0749271 2.2553415 2.5139792 5.4502960 2.2761473 2.3668276 2.2938587 2.2212232 2.3498871 2.3543070 2.3281984 2.0977097 0.0000000 1.7516365 2.1478746 2.3799063 2.4458490 2.2506943 2.4182619 2.4645986 2.4925727 2.2198425 2.3846593 2.2527989 2.2079041 2.4140625 2.2888368 2.2996277 2.4199117 0.6949951 0.9315870 0.6449728 2.2729920 
Vanderwaltozyma_polyspora                   2.6773145 2.2307610 2.4525445 2.2197573 2.5924447 2.8759174 2.6052964 2.6286746 1.9013484 2.1576045 5.6378472 1.9228191 2.0285582 2.0197329 2.0043914 1.9527545 1.9592067 2.0471107 1.8762025 1.7516365 0.0000000 2.1926421 2.2757087 2.1910348 2.1173874 2.2034577 2.3007018 2.4183902 2.1198112 2.2182929 1.9355177 2.0977859 2.3170171 2.2126911 2.2933591 2.3173581 1.8518702 1.9097486 1.6678463 1.9090695 
yHAB132_Kazachstania_martiniae              2.3230654 1.6348123 1.8085073 2.1349668 2.2892217 2.5470216 2.4190830 2.3837300 1.5556015 1.8167324 5.2987651 1.5964324 1.6700890 1.6518573 1.6160147 1.6268764 1.6421638 1.6879696 2.0515012 2.1478746 2.1926421 0.0000000 1.5393224 1.6894568 1.3204459 1.6316216 1.7016167 1.8974510 1.3630375 1.7787192 1.4672716 1.4592750 1.6621733 1.4524229 1.6267306 1.8059780 2.4165074 2.2858865 2.2332617 2.1100076 
yHAB133_Kazachstania_unispora               2.6647311 1.9279122 1.8990005 2.4540059 2.3888771 2.9253867 2.5984043 2.5531844 1.7183088 1.7671726 5.7216399 1.8476213 1.8723748 1.7932576 1.8409651 1.8502881 1.8275343 1.8611582 2.1739101 2.3799063 2.2757087 1.5393224 0.0000000 1.8076834 1.4396427 0.5940351 1.6128231 2.1194052 1.7047660 1.6722279 1.8061996 1.7739919 0.4788576 1.6996976 0.4683867 1.5912731 2.4911810 2.5611946 2.5131157 2.2997575 
yHAB134_Kazachstania_turicensis             2.6493496 1.9909441 2.0925516 2.2947290 2.6823606 2.7178289 2.5738110 2.5112634 1.7959846 1.8231303 6.3832029 1.9104550 1.9709422 1.9064950 1.8835178 1.9347250 1.9291787 1.9168355 2.2000348 2.4458490 2.1910348 1.6894568 1.8076834 0.0000000 1.6301549 1.8402521 1.8806874 2.1284296 1.5686294 1.8766204 1.4749335 1.5704692 1.8785414 1.0263049 1.8441418 2.0139865 2.4563348 2.4978463 2.4805907 2.4145125 
yHAB136_Kazachstania_bromeliacearum         2.3851575 1.8517084 1.7149330 2.3332640 2.4522371 2.7436851 2.3531906 2.4300169 1.6474795 1.8547598 5.2527451 1.5473818 1.6082921 1.5491170 1.6003976 1.5556395 1.5308501 1.5776613 2.0637778 2.2506943 2.1173874 1.3204459 1.4396427 1.6301549 0.0000000 1.4910147 1.5881161 2.0247422 1.4153069 1.6634436 1.4599528 1.5429174 1.5643936 1.5282054 1.4936030 1.6428169 2.3845980 2.3401649 2.3520669 2.1571424 
yHAB143_Kazachstania_siamensis              2.6686984 2.0426989 1.9184256 2.4287637 2.4553516 2.7912763 2.6243597 2.5213554 1.6768765 1.8823423 6.0146935 1.8941336 1.9703611 1.8749228 1.9606031 1.9349200 1.9105969 1.9241094 2.1043867 2.4182619 2.2034577 1.6316216 0.5940351 1.8402521 1.4910147 0.0000000 1.5594719 2.0949782 1.6906344 1.6099415 1.6954721 1.7696348 0.7578797 1.6505820 0.7220433 1.5774795 2.5347509 2.4761435 2.5780515 2.3277206 
yHAB147_Kazachstania_taianensis             2.6916155 2.1636221 1.5420266 2.4607864 2.6469325 2.6910958 2.6277422 2.6404565 1.7860798 1.9749883 5.1778289 1.9810539 2.0053824 1.9550402 2.0061921 1.9921344 1.9055646 1.9485302 2.4198565 2.4645986 2.3007018 1.7016167 1.6128231 1.8806874 1.5881161 1.5594719 0.0000000 1.9719299 1.5600337 1.8918699 1.8621904 1.9319000 1.5872827 1.8010534 1.6717721 1.9176263 2.5787320 2.6230120 2.5588084 2.4257272 
yHAB148_Kazachstania_intestinalis           2.6070212 2.2073743 1.9247971 2.5543246 2.7057020 2.8643466 2.8346472 2.6200034 2.1071881 2.2442557 5.7525171 2.2142232 2.1931678 2.2752308 2.2746405 2.2067273 2.1808068 2.3198119 2.3874771 2.4925727 2.4183902 1.8974510 2.1194052 2.1284296 2.0247422 2.0949782 1.9719299 0.0000000 1.9077490 2.2274389 1.9613859 1.9972136 2.2001312 2.1781673 2.2157523 2.1833442 2.5239816 2.7586245 2.4522272 2.6989983 
yHAB153_Kazachstania_rosinii                2.6897693 1.6769634 1.7627592 2.3266613 2.5179945 2.7274990 2.6669065 2.4919696 1.5680584 1.8404264 5.8656947 1.6282387 1.6697076 1.6851414 1.7206930 1.6984430 1.6452173 1.7053773 2.1305305 2.2198425 2.1198112 1.3630375 1.7047660 1.5686294 1.4153069 1.6906344 1.5600337 1.9077490 0.0000000 2.0742061 1.3723619 1.5665447 1.8166071 1.3935863 1.7860607 2.0274399 2.2412123 2.1442735 2.2651472 2.2141724 
yHAB154_Kazachstania_transvaalensis         2.7312387 2.2321310 1.9915100 2.5441552 2.4364209 2.6891815 2.4229479 2.4021072 1.8648492 2.0938729 5.6397918 2.0130666 2.0378972 1.9766933 2.0879314 2.0092608 2.0184720 2.0412373 2.3802153 2.3846593 2.2182929 1.7787192 1.6722279 1.8766204 1.6634436 1.6099415 1.8918699 2.2274389 2.0742061 0.0000000 1.8283532 1.8681981 1.8320672 1.9293779 1.8166710 0.6223272 2.4773412 2.5935575 2.4061530 2.4660837 
yHAB155_Kazachstania_spencerorum            2.4707736 1.8462135 1.9792240 2.1919286 2.3011535 2.6323098 2.3210794 2.2151304 1.6580785 1.8469978 5.9039141 1.7845111 1.7442857 1.7694697 1.7981505 1.7885192 1.7074450 1.7819226 2.1270499 2.2527989 1.9355177 1.4672716 1.8061996 1.4749335 1.4599528 1.6954721 1.8621904 1.9613859 1.3723619 1.8283532 0.0000000 1.5802898 1.8620089 1.3055817 1.8745364 1.9584343 2.3763464 2.3565320 2.3340111 2.1549732 
yHAB158_Kazachstania_viticola               2.6595820 1.7364869 1.8015408 2.4063521 2.4607176 2.7313236 2.4978068 2.4761974 1.6226147 1.8507307 6.0673730 1.6349154 1.6214713 1.6786229 1.6513180 1.6474776 1.6592004 1.6342504 1.9186244 2.2079041 2.0977859 1.4592750 1.7739919 1.5704692 1.5429174 1.7696348 1.9319000 1.9972136 1.5665447 1.8681981 1.5802898 0.0000000 1.8647755 1.7581517 1.8748417 1.8193114 2.2893249 2.0881778 2.1470792 2.1290308 
yHAB159_Kazachstania_solicola               2.7178515 2.1385782 1.9596019 2.4282684 2.4121766 3.0151863 2.6395824 2.5608094 1.7376879 2.0505399 5.6919497 2.0124292 1.9831149 1.9938471 2.0007633 2.0063042 2.0009722 2.0640249 2.1913593 2.4140625 2.3170171 1.6621733 0.4788576 1.8785414 1.5643936 0.7578797 1.5872827 2.2001312 1.8166071 1.8320672 1.8620089 1.8647755 0.0000000 1.8779820 0.2061507 1.7405462 2.6693436 2.6420713 2.6483194 2.3956122 
yHAB160_Kazachstania_kunashirensis          2.5299362 1.9469102 2.0177595 2.0904278 2.5288683 2.7638110 2.4202205 2.3635537 1.7114940 1.7520209 5.8265766 1.8032805 1.8930694 1.8434857 1.8245575 1.8035121 1.8536176 1.8578334 2.1405992 2.2888368 2.2126911 1.4524229 1.6996976 1.0263049 1.5282054 1.6505820 1.8010534 2.1781673 1.3935863 1.9293779 1.3055817 1.7581517 1.8779820 0.0000000 1.8130066 1.7994382 2.2984792 2.3344110 2.4430328 2.2118350 
yHAB164_Kazachstania_aerobia                2.7176395 2.1221260 1.9284702 2.5168163 2.3982623 3.0069504 2.6792534 2.6166510 1.7615736 1.9809087 5.9097450 1.9691035 2.0164976 1.9606824 2.0102186 2.0168117 1.9973024 2.0058282 2.1394590 2.2996277 2.2933591 1.6267306 0.4683867 1.8441418 1.4936030 0.7220433 1.6717721 2.2157523 1.7860607 1.8166710 1.8745364 1.8748417 0.2061507 1.8130066 0.0000000 1.7301237 2.5605794 2.6091957 2.4666022 2.3578940 
yHAB166_Kazachstania_yakushimaensis         2.7644649 2.1567000 1.9576185 2.5533177 2.4323346 2.8746892 2.5190164 2.4722455 1.8883038 2.0767672 5.6090131 2.0741615 2.1413287 2.0482596 2.1007889 2.0700799 2.1272886 2.0469092 2.3396201 2.4199117 2.3173581 1.8059780 1.5912731 2.0139865 1.6428169 1.5774795 1.9176263 2.1833442 2.0274399 0.6223272 1.9584343 1.8193114 1.7405462 1.7994382 1.7301237 0.0000000 2.3518539 2.5576496 2.3417795 2.3730012 
yHMPu5000034875_Tetrapisispora_fleetii      3.0281855 2.4667149 2.8700591 2.6139502 2.9827140 2.9888802 3.0898387 3.0534309 2.2376184 2.3008027 5.8529877 2.3135301 2.3387691 2.3374482 2.2664047 2.3469334 2.3800903 2.3774359 2.0702317 0.6949951 1.8518702 2.4165074 2.4911810 2.4563348 2.3845980 2.5347509 2.5787320 2.5239816 2.2412123 2.4773412 2.3763464 2.2893249 2.6693436 2.2984792 2.5605794 2.3518539 0.0000000 1.0325807 0.4252510 2.1984502 
yHMPu5000034876_Tetrapisispora_iriomotensis 2.9278910 2.5119649 2.9014326 2.5767224 2.8058385 2.7914458 2.9337630 2.9147638 2.0978583 2.3628293 5.2330852 2.3293115 2.3037369 2.2537343 2.2140325 2.1822987 2.2636329 2.2286374 2.0819429 0.9315870 1.9097486 2.2858865 2.5611946 2.4978463 2.3401649 2.4761435 2.6230120 2.7586245 2.1442735 2.5935575 2.3565320 2.0881778 2.6420713 2.3344110 2.6091957 2.5576496 1.0325807 0.0000000 0.9500691 2.2228696 
yHMPu5000034877_Tetrapisispora_namnaonensis 2.9092163 2.3455923 2.8736706 2.5044783 2.9430566 3.0775433 2.9697866 3.0942653 2.0587955 2.3594303 5.7099578 2.2425025 2.3318518 2.2969802 2.2115765 2.2854478 2.3528847 2.4281911 2.0152394 0.6449728 1.6678463 2.2332617 2.5131157 2.4805907 2.3520669 2.5780515 2.5588084 2.4522272 2.2651472 2.4061530 2.3340111 2.1470792 2.6483194 2.4430328 2.4666022 2.3417795 0.4252510 0.9500691 0.0000000 2.0911642 
yHMPu5000035629_Yueomyces_sinensis          3.0349954 2.3217830 2.6072570 2.3465565 2.8080533 2.8743827 2.9651981 2.7536159 2.1010358 2.1914072 5.8618259 2.0970221 2.1926572 2.1356219 2.0990187 2.0651870 2.0947287 2.1521226 1.3385944 2.2729920 1.9090695 2.1100076 2.2997575 2.4145125 2.1571424 2.3277206 2.4257272 2.6989983 2.2141724 2.4660837 2.1549732 2.1290308 2.3956122 2.2118350 2.3578940 2.3730012 2.1984502 2.2228696 2.0911642 0.0000000 
