40
Candida_glabrata                            0.0000000 0.9006253 1.0002828 0.9900127 0.6473366 1.1101084 0.6168213 0.6205332 0.8924482 0.8749087 3.5889441 0.9289434 0.9075385 0.8944576 0.9113164 0.8585600 0.9164324 0.9008340 1.5895994 0.9702925 0.9537299 0.8853965 0.8835889 1.0840122 0.8634691 0.9712982 1.2299502 0.9837340 0.9830445 1.0478253 0.9652191 0.8580222 0.8838714 0.9388850 0.9106469 1.0090245 0.9873842 0.9704356 0.9557101 1.2066315 
Kazachstania_africana                       0.9006253 0.0000000 1.1846016 1.0672989 0.8712273 1.1570725 0.9413420 0.9162319 0.8148535 0.8439780 3.8810663 0.9503049 0.9580291 0.9596389 0.9920985 0.9980916 0.9531396 0.9750176 1.6809466 0.9456143 0.9762704 0.8214588 0.8398729 1.0245377 0.7636999 0.9102274 1.4034163 1.0139822 0.9503815 0.9041573 0.8693574 0.7638218 0.9004706 0.8619959 0.8690787 0.8452769 1.0466596 0.9368284 1.0188722 1.1337376 
Kazachstania_naganishii                     1.0002828 1.1846016 0.0000000 1.0876997 0.9838146 1.1405758 1.0151996 0.8774358 0.9131402 0.9892253 3.6247141 1.0365687 1.0236846 1.0249086 1.0060682 0.9909454 1.0038738 1.0377015 2.0796447 1.0810655 1.1024193 0.9624427 1.0111388 1.0180046 0.9088269 0.9996358 1.0247269 0.9308422 0.9166127 1.0575669 1.1372264 0.9963374 0.9779984 1.0552707 1.0169995 1.0606817 1.0624481 1.0974442 1.0611689 1.5199711 
Nakaseomyces_bacillisporus                  0.9900127 1.0672989 1.0876997 0.0000000 0.9361936 0.9688297 1.0016990 0.9582950 0.8845956 0.9120556 3.9745751 1.0217231 1.0150262 1.0272477 0.9749238 1.0053102 1.0238723 1.0206506 1.8293751 1.1234975 1.1056016 0.9587725 0.9591593 1.0711720 0.9186350 1.0335340 1.4155767 1.0785582 1.0207030 1.0482002 1.1440588 0.8614100 1.0185368 0.8990965 1.0139375 0.9669657 1.1491371 1.0911574 1.1303812 1.3627200 
Nakaseomyces_bracarensis                    0.6473366 0.8712273 0.9838146 0.9361936 0.0000000 1.1920957 0.4928007 0.4070098 0.7742282 0.8336623 3.7057855 0.8589696 0.8838447 0.8884262 0.9026701 0.8732140 0.8714058 0.9135329 1.6961412 0.9682793 1.0159930 0.8442655 0.8131499 0.9975620 0.7783449 0.9229734 1.1978532 0.9745031 0.8218934 0.9287512 0.9179984 0.7837632 0.8509844 0.9045241 0.8323645 0.9245091 0.9826227 0.9700748 0.9663499 1.2656607 
Nakaseomyces_castellii                      1.1101084 1.1570725 1.1405758 0.9688297 1.1920957 0.0000000 1.0930476 1.1119319 1.0153114 1.0654885 3.9519912 1.0968674 1.1293731 1.0965932 1.1412181 1.1111784 1.1560155 1.0981191 2.0107019 1.3426265 1.2367662 1.0961055 1.1710514 1.2681940 1.1513231 1.2087827 1.5810206 1.1991711 1.1663166 1.2928550 1.2507201 1.0914157 1.2391567 1.1895602 1.2484816 1.1673580 1.3311473 1.1979620 1.2981055 1.5465717 
Nakaseomyces_delphensis                     0.6168213 0.9413420 1.0151996 1.0016990 0.4928007 1.0930476 0.0000000 0.4133019 0.8277915 0.9174181 3.5077358 0.8910487 0.9163103 0.8811732 0.9372859 0.8769880 0.8872785 0.8867864 1.6728600 0.9775373 1.0939996 0.9496980 0.9080074 0.9939521 0.8549792 0.9686578 1.1630693 0.9379931 0.9245489 0.9689238 1.0270091 0.8558951 0.9420339 0.9960101 0.9467578 1.0394247 1.0270660 0.9934223 1.0011278 1.3434005 
Nakaseomyces_nivariensis                    0.6205332 0.9162319 0.8774358 0.9582950 0.4070098 1.1119319 0.4133019 0.0000000 0.8143809 0.8438723 3.5201889 0.8232553 0.8609795 0.8693685 0.8136595 0.8582549 0.8296570 0.9039018 1.6541397 0.9710599 0.9766507 0.8174549 0.8300424 0.9363530 0.8099177 0.8801765 1.1616561 0.9205168 0.8307696 0.9221740 0.9708138 0.7982097 0.8447235 0.9257923 0.8884101 0.9275447 0.9935233 0.9321921 0.9050190 1.3427679 
Naumovozyma_castellii                       0.8924482 0.8148535 0.9131402 0.8845956 0.7742282 1.0153114 0.8277915 0.8143809 0.0000000 0.5875384 3.7645483 0.7503860 0.7723019 0.7449615 0.7418649 0.7536687 0.7443642 0.7448753 1.6978705 0.8858096 0.9003343 0.8013271 0.8354286 0.8720070 0.7306605 0.9089889 1.2830437 0.8705497 0.8216511 0.9221316 0.8133513 0.7210042 0.8889524 0.7937246 0.9105526 0.8837453 0.9711119 0.8987573 0.9066906 1.2105098 
Naumovozyma_dairenensis                     0.8749087 0.8439780 0.9892253 0.9120556 0.8336623 1.0654885 0.9174181 0.8438723 0.5875384 0.0000000 4.0538898 0.7728778 0.7928539 0.7611099 0.7789604 0.8378534 0.7897431 0.7910328 1.7480527 0.8894236 0.9092530 0.8235937 0.7601593 0.9039267 0.6505948 0.8211912 1.2770682 0.9430714 0.8525372 0.9832456 0.8299067 0.7690558 0.8624380 0.7299073 0.8349988 0.9343630 0.9566280 0.8972916 0.9420730 1.1967779 
Neurospora_crassa                           3.5889441 3.8810663 3.6247141 3.9745751 3.7057855 3.9519912 3.5077358 3.5201889 3.7645483 4.0538898 0.0000000 3.9065081 3.8627517 3.9651955 4.0612813 3.9269937 3.9747262 3.9822529 4.6717467 3.6912979 4.0252029 3.9123845 3.6905287 3.5351320 3.7455968 4.1918652 3.4287074 3.8457869 3.4623797 3.9908110 3.7922542 3.7978372 3.6005251 3.7356062 3.7361383 3.9154590 3.7717070 3.9209813 3.8000915 3.9056732 
Saccharomyces_arboricola                    0.9289434 0.9503049 1.0365687 1.0217231 0.8589696 1.0968674 0.8910487 0.8232553 0.7503860 0.7728778 3.9065081 0.0000000 0.2858402 0.2893391 0.2326105 0.2752062 0.2772751 0.2745925 1.7088615 0.8916588 0.9228429 0.7944676 0.8401415 0.9651562 0.8524914 0.8725795 1.1605894 1.0685417 0.9147050 0.9038998 1.0055378 0.8378730 0.8581511 0.9023560 0.8493186 0.9185224 0.9065976 0.8475949 0.8901245 1.3010358 
Saccharomyces_cerevisiae                    0.9075385 0.9580291 1.0236846 1.0150262 0.8838447 1.1293731 0.9163103 0.8609795 0.7723019 0.7928539 3.8627517 0.2858402 0.0000000 0.3754899 0.2673199 0.2098684 0.1356395 0.3605576 1.7462948 0.9218865 0.9251525 0.8184459 0.8299517 0.9598868 0.8303733 0.8800159 1.2084504 1.0555812 0.9067990 0.8883643 0.9588414 0.8629046 0.8487496 0.9191261 0.8205349 0.9176267 0.9379829 0.8616753 0.8957732 1.2911239 
Saccharomyces_eubayanus                     0.8944576 0.9596389 1.0249086 1.0272477 0.8884262 1.0965932 0.8811732 0.8693685 0.7449615 0.7611099 3.9651955 0.2893391 0.3754899 0.0000000 0.2877213 0.3464895 0.3208618 0.0838583 1.7601734 0.9696089 0.9259420 0.8434703 0.8675143 1.0155599 0.8289769 0.9004730 1.2213886 1.0428259 0.9269145 0.9343835 1.0068495 0.8605525 0.8702640 0.8831640 0.8890110 0.9790761 0.9913043 0.8639583 0.9459052 1.3036445 
Saccharomyces_kudriavzevii                  0.9113164 0.9920985 1.0060682 0.9749238 0.9026701 1.1412181 0.9372859 0.8136595 0.7418649 0.7789604 4.0612813 0.2326105 0.2673199 0.2877213 0.0000000 0.2526133 0.2370934 0.2657514 1.7263659 0.9070206 0.8995508 0.8172579 0.8383049 0.9823282 0.8127153 0.9047616 1.1828293 1.0523442 0.9206445 0.9393726 0.9862816 0.8643087 0.8565944 0.9387905 0.8672869 0.9297347 0.9132057 0.8440802 0.8879687 1.3211872 
Saccharomyces_mikatae                       0.8585600 0.9980916 0.9909454 1.0053102 0.8732140 1.1111784 0.8769880 0.8582549 0.7536687 0.8378534 3.9269937 0.2752062 0.2098684 0.3464895 0.2526133 0.0000000 0.1758851 0.3217892 1.6704865 0.9509491 0.9203081 0.8408144 0.8532585 1.0022407 0.8525196 0.9185390 1.1686670 1.0422253 0.9153307 0.8950518 1.0166384 0.8938150 0.8560369 0.9058614 0.8572692 0.9504212 0.9584648 0.8950049 0.9085442 1.3030866 
Saccharomyces_paradoxus                     0.9164324 0.9531396 1.0038738 1.0238723 0.8714058 1.1560155 0.8872785 0.8296570 0.7443642 0.7897431 3.9747262 0.2772751 0.1356395 0.3208618 0.2370934 0.1758851 0.0000000 0.3082859 1.7723661 0.8963831 0.9014353 0.8284059 0.8338524 0.9490607 0.8313399 0.8922734 1.2560881 1.0619926 0.9139268 0.9021283 1.0020034 0.8711407 0.8563940 0.8970951 0.8489922 0.9123498 0.9027146 0.8169339 0.8664701 1.2778098 
Saccharomyces_uvarum                        0.9008340 0.9750176 1.0377015 1.0206506 0.9135329 1.0981191 0.8867864 0.9039018 0.7448753 0.7910328 3.9822529 0.2745925 0.3605576 0.0838583 0.2657514 0.3217892 0.3082859 0.0000000 1.7800339 1.0006203 0.9254848 0.8572590 0.8615869 1.0214739 0.8736497 0.8975900 1.2331660 1.0302861 0.9516584 0.9648980 1.0503579 0.8797197 0.8786964 0.9378219 0.8955542 1.0087157 0.9986302 0.8928005 0.9743146 1.3124588 
Tetrapisispora_blattae                      1.5895994 1.6809466 2.0796447 1.8293751 1.6961412 2.0107019 1.6728600 1.6541397 1.6978705 1.7480527 4.6717467 1.7088615 1.7462948 1.7601734 1.7263659 1.6704865 1.7723661 1.7800339 0.0000000 1.6868206 1.5917887 1.6757892 1.7549268 1.7099882 1.7355413 1.7874133 2.3317078 1.8813000 1.7633948 1.7969518 1.7694252 1.6495649 1.7642768 1.7275118 1.7733299 1.6833768 1.6211657 1.5636827 1.6479819 1.4489841 
Tetrapisispora_phaffii                      0.9702925 0.9456143 1.0810655 1.1234975 0.9682793 1.3426265 0.9775373 0.9710599 0.8858096 0.8894236 3.6912979 0.8916588 0.9218865 0.9696089 0.9070206 0.9509491 0.8963831 1.0006203 1.6868206 0.0000000 0.7579041 0.8583921 0.8476328 1.0209411 0.8463499 0.9025326 1.4300868 1.1302333 0.8978096 0.8976929 0.8742635 0.7592709 0.8750725 0.8427666 0.8676381 0.8764008 0.3020000 0.4159924 0.3207168 1.2029460 
Vanderwaltozyma_polyspora                   0.9537299 0.9762704 1.1024193 1.1056016 1.0159930 1.2367662 1.0939996 0.9766507 0.9003343 0.9092530 4.0252029 0.9228429 0.9251525 0.9259420 0.8995508 0.9203081 0.9014353 0.9254848 1.5917887 0.7579041 0.0000000 0.9254941 0.9994072 1.1084498 0.8861564 1.0099202 1.3879264 1.1272361 0.9953163 1.0545108 0.9281603 0.8291654 1.0248577 1.0067175 1.0385071 0.9804429 0.7819047 0.7879124 0.7640250 1.1870113 
yHAB132_Kazachstania_martiniae              0.8853965 0.8214588 0.9624427 0.9587725 0.8442655 1.0961055 0.9496980 0.8174549 0.8013271 0.8235937 3.9123845 0.7944676 0.8184459 0.8434703 0.8172579 0.8408144 0.8284059 0.8572590 1.6757892 0.8583921 0.9254941 0.0000000 0.7900070 0.8981166 0.6941241 0.8921194 1.2239215 0.9258002 0.8069897 0.8908916 0.7680392 0.6535124 0.8572530 0.8067679 0.8816867 0.8727197 0.8976047 0.8052741 0.8401365 1.0935051 
yHAB133_Kazachstania_unispora               0.8835889 0.8398729 1.0111388 0.9591593 0.8131499 1.1710514 0.9080074 0.8300424 0.8354286 0.7601593 3.6905287 0.8401415 0.8299517 0.8675143 0.8383049 0.8532585 0.8338524 0.8615869 1.7549268 0.8476328 0.9994072 0.7900070 0.0000000 0.9511136 0.6300895 0.2904344 1.1342238 0.8777228 0.8538028 0.6541936 0.8139046 0.7492358 0.1754338 0.8090196 0.1657377 0.5871006 0.9507694 0.8847601 0.9349588 1.1908192 
yHAB134_Kazachstania_turicensis             1.0840122 1.0245377 1.0180046 1.0711720 0.9975620 1.2681940 0.9939521 0.9363530 0.8720070 0.9039267 3.5351320 0.9651562 0.9598868 1.0155599 0.9823282 1.0022407 0.9490607 1.0214739 1.7099882 1.0209411 1.1084498 0.8981166 0.9511136 0.0000000 0.8363131 0.8775853 1.1775820 0.9632839 0.7843599 1.0384005 0.8352537 0.9266792 0.9607519 0.5997914 0.9882381 0.9719593 1.0542816 0.9557402 1.0698129 1.3820440 
yHAB136_Kazachstania_bromeliacearum         0.8634691 0.7636999 0.9088269 0.9186350 0.7783449 1.1513231 0.8549792 0.8099177 0.7306605 0.6505948 3.7455968 0.8524914 0.8303733 0.8289769 0.8127153 0.8525196 0.8313399 0.8736497 1.7355413 0.8463499 0.8861564 0.6941241 0.6300895 0.8363131 0.0000000 0.7146593 1.1761012 0.8096639 0.7524032 0.6896792 0.6267419 0.6475142 0.7045677 0.7006598 0.6904145 0.7021892 0.9420300 0.8553626 0.9060058 1.1793305 
yHAB143_Kazachstania_siamensis              0.9712982 0.9102274 0.9996358 1.0335340 0.9229734 1.2087827 0.9686578 0.8801765 0.9089889 0.8211912 4.1918652 0.8725795 0.8800159 0.9004730 0.9047616 0.9185390 0.8922734 0.8975900 1.7874133 0.9025326 1.0099202 0.8921194 0.2904344 0.8775853 0.7146593 0.0000000 1.1150945 0.9201028 0.9149489 0.6986018 0.8869616 0.8249320 0.3655294 0.8835543 0.3387349 0.6851544 0.9724907 0.9615346 0.9499656 1.2644101 
yHAB147_Kazachstania_taianensis             1.2299502 1.4034163 1.0247269 1.4155767 1.1978532 1.5810206 1.1630693 1.1616561 1.2830437 1.2770682 3.4287074 1.1605894 1.2084504 1.2213886 1.1828293 1.1686670 1.2560881 1.2331660 2.3317078 1.4300868 1.3879264 1.2239215 1.1342238 1.1775820 1.1761012 1.1150945 0.0000000 1.2343323 1.0855681 1.1674446 1.3745012 1.2992520 1.0992571 1.3079050 1.1493255 1.2041339 1.4426133 1.4616025 1.5041820 1.8429088 
yHAB148_Kazachstania_intestinalis           0.9837340 1.0139822 0.9308422 1.0785582 0.9745031 1.1991711 0.9379931 0.9205168 0.8705497 0.9430714 3.8457869 1.0685417 1.0555812 1.0428259 1.0523442 1.0422253 1.0619926 1.0302861 1.8813000 1.1302333 1.1272361 0.9258002 0.8777228 0.9632839 0.8096639 0.9201028 1.2343323 0.0000000 0.8997338 0.9864927 0.9995807 0.9667257 0.8755612 0.9321216 0.9290008 0.9927056 1.1538297 1.0934498 1.1700176 1.4295288 
yHAB153_Kazachstania_rosinii                0.9830445 0.9503815 0.9166127 1.0207030 0.8218934 1.1663166 0.9245489 0.8307696 0.8216511 0.8525372 3.4623797 0.9147050 0.9067990 0.9269145 0.9206445 0.9153307 0.9139268 0.9516584 1.7633948 0.8978096 0.9953163 0.8069897 0.8538028 0.7843599 0.7524032 0.9149489 1.0855681 0.8997338 0.0000000 0.9774494 0.8074028 0.8186653 0.8908084 0.8332223 0.8916237 0.9571188 0.9619385 0.9527638 0.9659064 1.4449921 
yHAB154_Kazachstania_transvaalensis         1.0478253 0.9041573 1.0575669 1.0482002 0.9287512 1.2928550 0.9689238 0.9221740 0.9221316 0.9832456 3.9908110 0.9038998 0.8883643 0.9343835 0.9393726 0.8950518 0.9021283 0.9648980 1.7969518 0.8976929 1.0545108 0.8908916 0.6541936 1.0384005 0.6896792 0.6986018 1.1674446 0.9864927 0.9774494 0.0000000 0.9471933 0.8893465 0.7235363 0.9731405 0.7198383 0.3061460 0.9893807 0.9355667 0.9680637 1.2400740 
yHAB155_Kazachstania_spencerorum            0.9652191 0.8693574 1.1372264 1.1440588 0.9179984 1.2507201 1.0270091 0.9708138 0.8133513 0.8299067 3.7922542 1.0055378 0.9588414 1.0068495 0.9862816 1.0166384 1.0020034 1.0503579 1.7694252 0.8742635 0.9281603 0.7680392 0.8139046 0.8352537 0.6267419 0.8869616 1.3745012 0.9995807 0.8074028 0.9471933 0.0000000 0.7046321 0.8417535 0.7067509 0.8406352 0.9700390 0.9077096 0.8345813 0.8811755 1.1915213 
yHAB158_Kazachstania_viticola               0.8580222 0.7638218 0.9963374 0.8614100 0.7837632 1.0914157 0.8558951 0.7982097 0.7210042 0.7690558 3.7978372 0.8378730 0.8629046 0.8605525 0.8643087 0.8938150 0.8711407 0.8797197 1.6495649 0.7592709 0.8291654 0.6535124 0.7492358 0.9266792 0.6475142 0.8249320 1.2992520 0.9667257 0.8186653 0.8893465 0.7046321 0.0000000 0.8092176 0.6768481 0.7705323 0.8331363 0.8553186 0.7542917 0.8544622 1.1009871 
yHAB159_Kazachstania_solicola               0.8838714 0.9004706 0.9779984 1.0185368 0.8509844 1.2391567 0.9420339 0.8447235 0.8889524 0.8624380 3.6005251 0.8581511 0.8487496 0.8702640 0.8565944 0.8560369 0.8563940 0.8786964 1.7642768 0.8750725 1.0248577 0.8572530 0.1754338 0.9607519 0.7045677 0.3655294 1.0992571 0.8755612 0.8908084 0.7235363 0.8417535 0.8092176 0.0000000 0.8494987 0.0850344 0.6835429 0.9503827 0.8937915 0.9538845 1.2356751 
yHAB160_Kazachstania_kunashirensis          0.9388850 0.8619959 1.0552707 0.8990965 0.9045241 1.1895602 0.9960101 0.9257923 0.7937246 0.7299073 3.7356062 0.9023560 0.9191261 0.8831640 0.9387905 0.9058614 0.8970951 0.9378219 1.7275118 0.8427666 1.0067175 0.8067679 0.8090196 0.5997914 0.7006598 0.8835543 1.3079050 0.9321216 0.8332223 0.9731405 0.7067509 0.6768481 0.8494987 0.0000000 0.8646362 0.9107531 0.8902032 0.8002273 0.8772829 1.2654593 
yHAB164_Kazachstania_aerobia                0.9106469 0.8690787 1.0169995 1.0139375 0.8323645 1.2484816 0.9467578 0.8884101 0.9105526 0.8349988 3.7361383 0.8493186 0.8205349 0.8890110 0.8672869 0.8572692 0.8489922 0.8955542 1.7733299 0.8676381 1.0385071 0.8816867 0.1657377 0.9882381 0.6904145 0.3387349 1.1493255 0.9290008 0.8916237 0.7198383 0.8406352 0.7705323 0.0850344 0.8646362 0.0000000 0.6438054 0.9712106 0.8998989 0.9756364 1.2306474 
yHAB166_Kazachstania_yakushimaensis         1.0090245 0.8452769 1.0606817 0.9669657 0.9245091 1.1673580 1.0394247 0.9275447 0.8837453 0.9343630 3.9154590 0.9185224 0.9176267 0.9790761 0.9297347 0.9504212 0.9123498 1.0087157 1.6833768 0.8764008 0.9804429 0.8727197 0.5871006 0.9719593 0.7021892 0.6851544 1.2041339 0.9927056 0.9571188 0.3061460 0.9700390 0.8331363 0.6835429 0.9107531 0.6438054 0.0000000 0.9245158 0.9302414 0.8966596 1.2041908 
yHMPu5000034875_Tetrapisispora_fleetii      0.9873842 1.0466596 1.0624481 1.1491371 0.9826227 1.3311473 1.0270660 0.9935233 0.9711119 0.9566280 3.7717070 0.9065976 0.9379829 0.9913043 0.9132057 0.9584648 0.9027146 0.9986302 1.6211657 0.3020000 0.7819047 0.8976047 0.9507694 1.0542816 0.9420300 0.9724907 1.4426133 1.1538297 0.9619385 0.9893807 0.9077096 0.8553186 0.9503827 0.8902032 0.9712106 0.9245158 0.0000000 0.3997933 0.1990980 1.2076616 
yHMPu5000034876_Tetrapisispora_iriomotensis 0.9704356 0.9368284 1.0974442 1.0911574 0.9700748 1.1979620 0.9934223 0.9321921 0.8987573 0.8972916 3.9209813 0.8475949 0.8616753 0.8639583 0.8440802 0.8950049 0.8169339 0.8928005 1.5636827 0.4159924 0.7879124 0.8052741 0.8847601 0.9557402 0.8553626 0.9615346 1.4616025 1.0934498 0.9527638 0.9355667 0.8345813 0.7542917 0.8937915 0.8002273 0.8998989 0.9302414 0.3997933 0.0000000 0.3973723 1.1650696 
yHMPu5000034877_Tetrapisispora_namnaonensis 0.9557101 1.0188722 1.0611689 1.1303812 0.9663499 1.2981055 1.0011278 0.9050190 0.9066906 0.9420730 3.8000915 0.8901245 0.8957732 0.9459052 0.8879687 0.9085442 0.8664701 0.9743146 1.6479819 0.3207168 0.7640250 0.8401365 0.9349588 1.0698129 0.9060058 0.9499656 1.5041820 1.1700176 0.9659064 0.9680637 0.8811755 0.8544622 0.9538845 0.8772829 0.9756364 0.8966596 0.1990980 0.3973723 0.0000000 1.1747597 
yHMPu5000035629_Yueomyces_sinensis          1.2066315 1.1337376 1.5199711 1.3627200 1.2656607 1.5465717 1.3434005 1.3427679 1.2105098 1.1967779 3.9056732 1.3010358 1.2911239 1.3036445 1.3211872 1.3030866 1.2778098 1.3124588 1.4489841 1.2029460 1.1870113 1.0935051 1.1908192 1.3820440 1.1793305 1.2644101 1.8429088 1.4295288 1.4449921 1.2400740 1.1915213 1.1009871 1.2356751 1.2654593 1.2306474 1.2041908 1.2076616 1.1650696 1.1747597 0.0000000 
