40
Candida_glabrata                            0.0000000 1.2013817 1.5714353 1.5642858 0.8793175 1.7122321 0.9361776 0.7935151 1.2056290 1.2373765 5.8572120 1.3253786 1.3865614 1.3159256 1.3623082 1.3852903 1.3589865 1.3246999 1.3083735 1.5812626 1.4288613 1.3143551 1.2895007 1.3559148 1.2916436 1.2588338 1.2719885 1.7554938 1.3184007 1.3569002 1.2780559 1.3317966 1.2360389 1.3058572 1.2439250 1.3861214 1.6076362 1.5093440 1.6611053 1.4056480 
Kazachstania_africana                       1.2013817 0.0000000 1.2268573 1.3818241 1.1441679 1.6247424 1.2592124 1.1923433 0.9255700 0.9696650 5.7369698 0.9889478 1.0124999 0.9597109 0.9763724 1.0218061 1.0206494 0.9532772 1.0886412 1.3297111 1.0704692 0.9337296 0.8801602 0.9943900 0.8275819 0.9267582 0.9667457 1.4699619 0.8546746 1.1392019 0.8531530 0.9108959 0.8777067 0.8962565 0.8829306 1.1554078 1.3519696 1.2113982 1.3240101 1.1188454 
Kazachstania_naganishii                     1.5714353 1.2268573 0.0000000 1.6958724 1.4615486 1.9686638 1.3887914 1.3952612 1.3248762 1.2224103 5.9383047 1.2457378 1.3905570 1.2433487 1.3061423 1.3308688 1.3441474 1.2869316 1.3296260 1.6715180 1.3708312 1.2326023 1.0758800 1.3559009 0.9348604 1.1261536 1.0248416 1.7201472 1.1519785 1.3864296 1.1633668 1.2829951 1.0473069 1.2680091 1.0547497 1.3077671 1.7537023 1.5267407 1.7536300 1.4312831 
Nakaseomyces_bacillisporus                  1.5642858 1.3818241 1.6958724 0.0000000 1.5252142 1.8114856 1.6642490 1.5133781 1.3737337 1.3204117 6.7135936 1.5028600 1.5477067 1.4396823 1.5308632 1.4799977 1.5978959 1.4872955 1.4255468 1.6774807 1.4894740 1.4347350 1.3077287 1.3923730 1.3429841 1.4504727 1.3761876 1.6735829 1.3517048 1.5708560 1.2877526 1.4938234 1.2625079 1.3632484 1.2546787 1.5495073 1.6338964 1.6234543 1.7014542 1.5226907 
Nakaseomyces_bracarensis                    0.8793175 1.1441679 1.4615486 1.5252142 0.0000000 1.6774208 0.5983530 0.5086489 1.0810770 1.1654345 5.6742723 1.2554956 1.2413372 1.1686758 1.1894856 1.2835400 1.1849074 1.1983540 1.2819216 1.4856366 1.3306896 1.1131170 1.1625091 1.2229819 1.1082154 1.2334364 1.1394884 1.5778152 1.1805147 1.3530613 1.1155708 1.1700896 1.1057758 1.1858051 1.1175810 1.2678648 1.5676377 1.3819380 1.5587885 1.2445299 
Nakaseomyces_castellii                      1.7122321 1.6247424 1.9686638 1.8114856 1.6774208 0.0000000 1.6983360 1.7019398 1.6914073 1.5984639 7.0942517 1.6061456 1.6654217 1.5051598 1.6167749 1.6803808 1.6442408 1.5521437 1.5689516 1.8325033 1.8302055 1.7699628 1.5499814 1.7106445 1.6667026 1.6279526 1.5942046 2.1024385 1.6499345 1.7664739 1.7016737 1.6399843 1.5757525 1.8139999 1.5620845 1.8043416 1.8437832 1.9924166 1.9295548 1.6825082 
Nakaseomyces_delphensis                     0.9361776 1.2592124 1.3887914 1.6642490 0.5983530 1.6983360 0.0000000 0.5163616 1.1526226 1.1749040 6.2562235 1.2768010 1.3084334 1.2410876 1.2896626 1.3447199 1.3046030 1.2938937 1.2873225 1.5320660 1.4194444 1.2148641 1.1424942 1.2721449 1.2238843 1.2286987 1.2472686 1.6380223 1.2452498 1.4603030 1.2959731 1.3059863 1.1470961 1.2859366 1.1262720 1.3711540 1.4886956 1.3970368 1.5384803 1.2910095 
Nakaseomyces_nivariensis                    0.7935151 1.1923433 1.3952612 1.5133781 0.5086489 1.7019398 0.5163616 0.0000000 1.0727879 1.1219179 5.8805141 1.2379836 1.2375044 1.1887466 1.1868896 1.2925983 1.2070936 1.1812177 1.2213424 1.3934064 1.2969530 1.1761719 1.0712995 1.2034401 1.1070810 1.0998903 1.1455737 1.6275477 1.1416406 1.2713028 1.1338571 1.2054642 1.0865972 1.1492785 1.1029058 1.2296961 1.4781852 1.2606751 1.5211341 1.2010003 
Naumovozyma_castellii                       1.2056290 0.9255700 1.3248762 1.3737337 1.0810770 1.6914073 1.1526226 1.0727879 0.0000000 0.7094425 6.1961358 0.9771623 0.9875570 0.9281039 0.9786385 0.9931353 0.9755989 0.9404071 1.0127702 1.3410177 1.0548442 0.9098463 0.8705809 1.0830691 0.8400237 0.8415254 0.9245741 1.4661124 0.8875199 1.0958157 0.9351441 0.8993336 0.8605068 1.0143378 0.8519088 1.1021051 1.3561889 1.2043516 1.3668270 1.0121093 
Naumovozyma_dairenensis                     1.2373765 0.9696650 1.2224103 1.3204117 1.1654345 1.5984639 1.1749040 1.1219179 0.7094425 0.0000000 6.6298408 1.0013484 1.0632840 0.9920712 1.0275247 1.0883249 1.0664165 0.9831806 1.0005665 1.3688358 1.1552799 1.0061735 0.9233278 0.9612929 0.9023498 0.9604524 0.9875323 1.4190577 0.9473200 1.0355335 0.9630096 0.9508137 0.8881430 1.0511085 0.8762407 1.0478047 1.3549859 1.1772537 1.4032031 1.0729792 
Neurospora_crassa                           5.8572120 5.7369698 5.9383047 6.7135936 5.6742723 7.0942517 6.2562235 5.8805141 6.1961358 6.6298408 0.0000000 5.8453437 5.9111494 5.8883205 5.9362120 5.8080117 5.8548926 6.0085404 6.3176110 6.9235298 6.3856310 5.9487241 5.7353049 6.5076547 6.1140719 6.1550474 5.6741898 6.4739897 6.3545758 6.9230450 6.0077941 6.3855600 5.8058488 6.3212732 5.7063216 6.7351376 7.3233844 6.3134545 6.8674890 6.9630194 
Saccharomyces_arboricola                    1.3253786 0.9889478 1.2457378 1.5028600 1.2554956 1.6061456 1.2768010 1.2379836 0.9771623 1.0013484 5.8453437 0.0000000 0.3360679 0.3119977 0.2897276 0.3175549 0.3159864 0.2773864 1.1706521 1.4547523 1.1708209 0.9559656 0.9601000 1.2073800 0.9477576 1.0192030 1.0180242 1.5263270 0.9982100 1.3026907 0.9669988 1.1160949 0.9957060 1.0323753 1.0158309 1.3107906 1.4759613 1.3533572 1.5230878 1.1773692 
Saccharomyces_cerevisiae                    1.3865614 1.0124999 1.3905570 1.5477067 1.2413372 1.6654217 1.3084334 1.2375044 0.9875570 1.0632840 5.9111494 0.3360679 0.0000000 0.3625358 0.3148362 0.2874303 0.1560948 0.3432466 1.1837907 1.3971195 1.2559630 0.9939778 1.0874364 1.2064865 0.9791676 1.0948727 1.0602772 1.4914464 1.0397851 1.3765316 1.0528840 1.1571851 1.0617654 1.0498195 1.0855742 1.3366982 1.4347172 1.2949267 1.5140064 1.1959217 
Saccharomyces_eubayanus                     1.3159256 0.9597109 1.2433487 1.4396823 1.1686758 1.5051598 1.2410876 1.1887466 0.9281039 0.9920712 5.8883205 0.3119977 0.3625358 0.0000000 0.3221999 0.3386034 0.3407535 0.0959727 1.1438478 1.4086056 1.2263184 0.9606353 0.9318914 1.1198803 0.9007969 0.9874293 0.9667722 1.4922648 0.9784234 1.2433017 0.9228189 1.1331731 0.9306857 1.0274350 0.9530920 1.2274493 1.4038210 1.3008547 1.4415930 1.1501632 
Saccharomyces_kudriavzevii                  1.3623082 0.9763724 1.3061423 1.5308632 1.1894856 1.6167749 1.2896626 1.1868896 0.9786385 1.0275247 5.9362120 0.2897276 0.3148362 0.3221999 0.0000000 0.3172576 0.2790335 0.2943616 1.2369843 1.3993796 1.1974155 0.9746841 1.0146724 1.2053470 0.9714485 1.0338865 1.0268757 1.4803880 1.0120475 1.3650303 1.0050449 1.1920673 1.0115689 1.0579383 1.0358799 1.2868319 1.4748440 1.3732025 1.5143812 1.2407251 
Saccharomyces_mikatae                       1.3852903 1.0218061 1.3308688 1.4799977 1.2835400 1.6803808 1.3447199 1.2925983 0.9931353 1.0883249 5.8080117 0.3175549 0.2874303 0.3386034 0.3172576 0.0000000 0.2371575 0.3308250 1.1943587 1.4152446 1.2415394 0.9482943 1.0373296 1.2393756 0.9804358 1.0495657 1.0889933 1.5427286 1.0696663 1.3043852 1.0137667 1.1462957 1.0396040 1.1160667 1.0367166 1.2570234 1.4270433 1.3755543 1.4979881 1.1683821 
Saccharomyces_paradoxus                     1.3589865 1.0206494 1.3441474 1.5978959 1.1849074 1.6442408 1.3046030 1.2070936 0.9755989 1.0664165 5.8548926 0.3159864 0.1560948 0.3407535 0.2790335 0.2371575 0.0000000 0.3344305 1.1860795 1.4014758 1.2241019 0.9776476 1.0305312 1.2285796 0.9904038 1.0548449 1.0567065 1.5190052 1.0609539 1.3546305 1.0269931 1.1443893 1.0281660 1.0961472 1.0214895 1.2815609 1.4185312 1.2844028 1.5304738 1.1095981 
Saccharomyces_uvarum                        1.3246999 0.9532772 1.2869316 1.4872955 1.1983540 1.5521437 1.2938937 1.1812177 0.9404071 0.9831806 6.0085404 0.2773864 0.3432466 0.0959727 0.2943616 0.3308250 0.3344305 0.0000000 1.1857278 1.4370122 1.2343689 0.9569916 0.9313982 1.1662641 0.9043931 0.9815536 0.9887959 1.5015402 0.9650380 1.2715836 0.9489979 1.1286107 0.9479087 1.0414066 0.9757771 1.2435393 1.4176993 1.3213250 1.4792513 1.1619473 
Tetrapisispora_blattae                      1.3083735 1.0886412 1.3296260 1.4255468 1.2819216 1.5689516 1.2873225 1.2213424 1.0127702 1.0005665 6.3176110 1.1706521 1.1837907 1.1438478 1.2369843 1.1943587 1.1860795 1.1857278 0.0000000 1.2968166 1.0663302 1.1055986 1.0119853 1.0766308 0.9556260 1.0334887 1.1235722 1.6005068 1.0588905 1.2906995 1.0248594 1.0524703 0.9750770 1.0467390 0.9669033 1.2005337 1.3189298 1.2598619 1.4541438 0.7922840 
Tetrapisispora_phaffii                      1.5812626 1.3297111 1.6715180 1.6774807 1.4856366 1.8325033 1.5320660 1.3934064 1.3410177 1.3688358 6.9235298 1.4547523 1.3971195 1.4086056 1.3993796 1.4152446 1.4014758 1.4370122 1.2968166 0.0000000 1.1499745 1.3533937 1.2643833 1.3505461 1.2638039 1.3005371 1.3417145 1.7859460 1.2183155 1.4892689 1.1770359 1.3425848 1.2524063 1.3095162 1.3340740 1.3547248 0.5846458 0.8796765 0.6110888 1.2981915 
Vanderwaltozyma_polyspora                   1.4288613 1.0704692 1.3708312 1.4894740 1.3306896 1.8302055 1.4194444 1.2969530 1.0548442 1.1552799 6.3856310 1.1708209 1.2559630 1.2263184 1.1974155 1.2415394 1.2241019 1.2343689 1.0663302 1.1499745 0.0000000 1.0239774 1.0590575 1.1906387 1.0512629 1.1169823 1.1718618 1.6392658 1.1008552 1.2456675 1.1008733 1.0674869 1.0680740 1.1451000 1.0580393 1.1909090 1.2579495 1.2688542 1.3036571 1.1539094 
yHAB132_Kazachstania_martiniae              1.3143551 0.9337296 1.2326023 1.4347350 1.1131170 1.7699628 1.2148641 1.1761719 0.9098463 1.0061735 5.9487241 0.9559656 0.9939778 0.9606353 0.9746841 0.9482943 0.9776476 0.9569916 1.1055986 1.3533937 1.0239774 0.0000000 0.8007417 1.0532758 0.8073721 0.8787432 0.9799580 1.6176741 0.9309370 1.1739589 0.9178526 0.9117255 0.8367541 0.9380668 0.8112202 1.0412560 1.4183602 1.2631369 1.4390778 1.0508826 
yHAB133_Kazachstania_unispora               1.2895007 0.8801602 1.0758800 1.3077287 1.1625091 1.5499814 1.1424942 1.0712995 0.8705809 0.9233278 5.7353049 0.9601000 1.0874364 0.9318914 1.0146724 1.0373296 1.0305312 0.9313982 1.0119853 1.2643833 1.0590575 0.8007417 0.0000000 0.9815956 0.6252351 0.4156286 0.6724160 1.3939693 0.8675224 1.0116821 0.7689875 0.9048908 0.2647275 0.8514530 0.2765518 0.9350882 1.3419006 1.1983035 1.3479513 0.9856543 
yHAB134_Kazachstania_turicensis             1.3559148 0.9943900 1.3559009 1.3923730 1.2229819 1.7106445 1.2721449 1.2034401 1.0830691 0.9612929 6.5076547 1.2073800 1.2064865 1.1198803 1.2053470 1.2393756 1.2285796 1.1662641 1.0766308 1.3505461 1.1906387 1.0532758 0.9815956 0.0000000 1.0181220 1.0437582 1.0710242 1.6733594 0.8564912 1.1105306 0.8350561 1.0098194 0.9640403 0.6928931 0.9649261 1.0793662 1.4015572 1.2345253 1.4724424 1.1431714 
yHAB136_Kazachstania_bromeliacearum         1.2916436 0.8275819 0.9348604 1.3429841 1.1082154 1.6667026 1.2238843 1.1070810 0.8400237 0.9023498 6.1140719 0.9477576 0.9791676 0.9007969 0.9714485 0.9804358 0.9904038 0.9043931 0.9556260 1.2638039 1.0512629 0.8073721 0.6252351 1.0181220 0.0000000 0.6602443 0.6641347 1.4455202 0.8402072 1.0045466 0.8413779 0.8859941 0.6360228 0.8692713 0.6094833 0.9446432 1.2743460 1.1586438 1.3471204 0.9706634 
yHAB143_Kazachstania_siamensis              1.2588338 0.9267582 1.1261536 1.4504727 1.2334364 1.6279526 1.2286987 1.0998903 0.8415254 0.9604524 6.1550474 1.0192030 1.0948727 0.9874293 1.0338865 1.0495657 1.0548449 0.9815536 1.0334887 1.3005371 1.1169823 0.8787432 0.4156286 1.0437582 0.6602443 0.0000000 0.7821522 1.4288490 0.9417242 1.0135760 0.9210723 0.9562468 0.4336678 0.9542782 0.4452309 0.9392356 1.3774731 1.1767667 1.3719748 1.0692821 
yHAB147_Kazachstania_taianensis             1.2719885 0.9667457 1.0248416 1.3761876 1.1394884 1.5942046 1.2472686 1.1455737 0.9245741 0.9875323 5.6741898 1.0180242 1.0602772 0.9667722 1.0268757 1.0889933 1.0567065 0.9887959 1.1235722 1.3417145 1.1718618 0.9799580 0.6724160 1.0710242 0.6641347 0.7821522 0.0000000 1.4807145 0.9070067 1.0272193 0.9405210 1.0147014 0.6911907 0.9874388 0.6835997 0.9398754 1.4276382 1.2304297 1.5014545 1.1312920 
yHAB148_Kazachstania_intestinalis           1.7554938 1.4699619 1.7201472 1.6735829 1.5778152 2.1024385 1.6380223 1.6275477 1.4661124 1.4190577 6.4739897 1.5263270 1.4914464 1.4922648 1.4803880 1.5427286 1.5190052 1.5015402 1.6005068 1.7859460 1.6392658 1.6176741 1.3939693 1.6733594 1.4455202 1.4288490 1.4807145 0.0000000 1.5115224 1.5046571 1.4769046 1.5523867 1.3557646 1.5045026 1.3792121 1.5667955 1.7202547 1.6796667 1.8093525 1.5704640 
yHAB153_Kazachstania_rosinii                1.3184007 0.8546746 1.1519785 1.3517048 1.1805147 1.6499345 1.2452498 1.1416406 0.8875199 0.9473200 6.3545758 0.9982100 1.0397851 0.9784234 1.0120475 1.0696663 1.0609539 0.9650380 1.0588905 1.2183155 1.1008552 0.9309370 0.8675224 0.8564912 0.8402072 0.9417242 0.9070067 1.5115224 0.0000000 1.1127903 0.6977098 0.8252702 0.8831401 0.7874122 0.8941392 1.1042497 1.2553077 1.2065436 1.2794151 1.0254844 
yHAB154_Kazachstania_transvaalensis         1.3569002 1.1392019 1.3864296 1.5708560 1.3530613 1.7664739 1.4603030 1.2713028 1.0958157 1.0355335 6.9230450 1.3026907 1.3765316 1.2433017 1.3650303 1.3043852 1.3546305 1.2715836 1.2906995 1.4892689 1.2456675 1.1739589 1.0116821 1.1105306 1.0045466 1.0135760 1.0272193 1.5046571 1.1127903 0.0000000 1.1246811 1.0818678 0.9911578 1.0675683 1.0169689 0.4527629 1.4333964 1.4373186 1.4655032 1.2813029 
yHAB155_Kazachstania_spencerorum            1.2780559 0.8531530 1.1633668 1.2877526 1.1155708 1.7016737 1.2959731 1.1338571 0.9351441 0.9630096 6.0077941 0.9669988 1.0528840 0.9228189 1.0050449 1.0137667 1.0269931 0.9489979 1.0248594 1.1770359 1.1008733 0.9178526 0.7689875 0.8350561 0.8413779 0.9210723 0.9405210 1.4769046 0.6977098 1.1246811 0.0000000 0.8313963 0.7794525 0.7354780 0.7820808 1.0819961 1.2435542 1.1232096 1.2988479 1.0585972 
yHAB158_Kazachstania_viticola               1.3317966 0.9108959 1.2829951 1.4938234 1.1700896 1.6399843 1.3059863 1.2054642 0.8993336 0.9508137 6.3855600 1.1160949 1.1571851 1.1331731 1.1920673 1.1462957 1.1443893 1.1286107 1.0524703 1.3425848 1.0674869 0.9117255 0.9048908 1.0098194 0.8859941 0.9562468 1.0147014 1.5523867 0.8252702 1.0818678 0.8313963 0.0000000 0.8266997 0.9760994 0.8371320 1.0814844 1.3695825 1.1775118 1.3999569 1.0376135 
yHAB159_Kazachstania_solicola               1.2360389 0.8777067 1.0473069 1.2625079 1.1057758 1.5757525 1.1470961 1.0865972 0.8605068 0.8881430 5.8058488 0.9957060 1.0617654 0.9306857 1.0115689 1.0396040 1.0281660 0.9479087 0.9750770 1.2524063 1.0680740 0.8367541 0.2647275 0.9640403 0.6360228 0.4336678 0.6911907 1.3557646 0.8831401 0.9911578 0.7794525 0.8266997 0.0000000 0.8816432 0.1183462 0.9842143 1.2919119 1.1071177 1.2802001 0.9689800 
yHAB160_Kazachstania_kunashirensis          1.3058572 0.8962565 1.2680091 1.3632484 1.1858051 1.8139999 1.2859366 1.1492785 1.0143378 1.0511085 6.3212732 1.0323753 1.0498195 1.0274350 1.0579383 1.1160667 1.0961472 1.0414066 1.0467390 1.3095162 1.1451000 0.9380668 0.8514530 0.6928931 0.8692713 0.9542782 0.9874388 1.5045026 0.7874122 1.0675683 0.7354780 0.9760994 0.8816432 0.0000000 0.8685660 1.0537944 1.2755656 1.2325881 1.3418939 1.1335142 
yHAB164_Kazachstania_aerobia                1.2439250 0.8829306 1.0547497 1.2546787 1.1175810 1.5620845 1.1262720 1.1029058 0.8519088 0.8762407 5.7063216 1.0158309 1.0855742 0.9530920 1.0358799 1.0367166 1.0214895 0.9757771 0.9669033 1.3340740 1.0580393 0.8112202 0.2765518 0.9649261 0.6094833 0.4452309 0.6835997 1.3792121 0.8941392 1.0169689 0.7820808 0.8371320 0.1183462 0.8685660 0.0000000 0.9833342 1.3296762 1.1115845 1.3553637 0.9717615 
yHAB166_Kazachstania_yakushimaensis         1.3861214 1.1554078 1.3077671 1.5495073 1.2678648 1.8043416 1.3711540 1.2296961 1.1021051 1.0478047 6.7351376 1.3107906 1.3366982 1.2274493 1.2868319 1.2570234 1.2815609 1.2435393 1.2005337 1.3547248 1.1909090 1.0412560 0.9350882 1.0793662 0.9446432 0.9392356 0.9398754 1.5667955 1.1042497 0.4527629 1.0819961 1.0814844 0.9842143 1.0537944 0.9833342 0.0000000 1.4082179 1.2929876 1.4219135 1.2379439 
yHMPu5000034875_Tetrapisispora_fleetii      1.6076362 1.3519696 1.7537023 1.6338964 1.5676377 1.8437832 1.4886956 1.4781852 1.3561889 1.3549859 7.3233844 1.4759613 1.4347172 1.4038210 1.4748440 1.4270433 1.4185312 1.4176993 1.3189298 0.5846458 1.2579495 1.4183602 1.3419006 1.4015572 1.2743460 1.3774731 1.4276382 1.7202547 1.2553077 1.4333964 1.2435542 1.3695825 1.2919119 1.2755656 1.3296762 1.4082179 0.0000000 0.8888554 0.3221828 1.3693000 
yHMPu5000034876_Tetrapisispora_iriomotensis 1.5093440 1.2113982 1.5267407 1.6234543 1.3819380 1.9924166 1.3970368 1.2606751 1.2043516 1.1772537 6.3134545 1.3533572 1.2949267 1.3008547 1.3732025 1.3755543 1.2844028 1.3213250 1.2598619 0.8796765 1.2688542 1.2631369 1.1983035 1.2345253 1.1586438 1.1767667 1.2304297 1.6796667 1.2065436 1.4373186 1.1232096 1.1775118 1.1071177 1.2325881 1.1115845 1.2929876 0.8888554 0.0000000 0.8847268 1.2301934 
yHMPu5000034877_Tetrapisispora_namnaonensis 1.6611053 1.3240101 1.7536300 1.7014542 1.5587885 1.9295548 1.5384803 1.5211341 1.3668270 1.4032031 6.8674890 1.5230878 1.5140064 1.4415930 1.5143812 1.4979881 1.5304738 1.4792513 1.4541438 0.6110888 1.3036571 1.4390778 1.3479513 1.4724424 1.3471204 1.3719748 1.5014545 1.8093525 1.2794151 1.4655032 1.2988479 1.3999569 1.2802001 1.3418939 1.3553637 1.4219135 0.3221828 0.8847268 0.0000000 1.3556369 
yHMPu5000035629_Yueomyces_sinensis          1.4056480 1.1188454 1.4312831 1.5226907 1.2445299 1.6825082 1.2910095 1.2010003 1.0121093 1.0729792 6.9630194 1.1773692 1.1959217 1.1501632 1.2407251 1.1683821 1.1095981 1.1619473 0.7922840 1.2981915 1.1539094 1.0508826 0.9856543 1.1431714 0.9706634 1.0692821 1.1312920 1.5704640 1.0254844 1.2813029 1.0585972 1.0376135 0.9689800 1.1335142 0.9717615 1.2379439 1.3693000 1.2301934 1.3556369 0.0000000 
