40
Candida_glabrata                            0.0000000 1.3439182 1.4673653 1.1750137 0.6274769 1.2898694 0.6295251 0.5987835 1.2423646 1.1794680 2.3330249 1.1125823 1.0934235 1.1539540 1.0883422 1.0977048 1.0685963 1.1187142 1.0068979 1.1193164 1.0111179 1.2999300 1.3572365 1.3480702 1.3469218 1.3490175 1.3548067 1.4016773 1.1959097 1.2974549 1.2235107 1.2653250 1.3097810 1.2238699 1.2936964 1.3459435 1.0366279 1.0374912 1.0894720 1.1814754 
Kazachstania_africana                       1.3439182 0.0000000 1.1905296 1.3896859 1.1990081 1.5149341 1.3493723 1.3166879 1.6019188 1.4294990 2.6692560 1.4750923 1.4402946 1.3935148 1.4840297 1.4848367 1.3851209 1.4189681 1.2328351 1.4363724 1.3856812 0.8219820 1.1108216 0.9247620 1.1595939 1.0400730 1.0133027 1.0090288 0.8489352 1.0525679 0.8959445 0.8148934 1.0534167 0.8470521 1.0445451 1.0931975 1.3254673 1.4059908 1.3799180 1.2780877 
Kazachstania_naganishii                     1.4673653 1.1905296 0.0000000 1.6242497 1.3070335 1.5733744 1.3268445 1.3007388 1.5018404 1.3635088 2.6913117 1.3952323 1.3769662 1.3688821 1.4236647 1.4197611 1.3883222 1.3885159 1.4583596 1.3547856 1.5771467 0.9702248 0.8027374 1.0361270 0.8340781 0.7866241 0.6205801 0.8641572 0.8429427 0.7219319 1.0643747 1.0323306 0.7687438 0.9975375 0.7615230 0.7216354 1.3880161 1.5004307 1.4520230 1.6295697 
Nakaseomyces_bacillisporus                  1.1750137 1.3896859 1.6242497 0.0000000 1.0498065 1.2642887 1.1853301 1.1252080 1.3008182 1.2624581 2.6488849 1.2257010 1.2094028 1.1790356 1.2316276 1.1589667 1.1740890 1.1312737 1.1793678 1.1383576 1.2351520 1.4055616 1.4944754 1.4696592 1.6332316 1.4786172 1.5926194 1.5823389 1.4352408 1.6073253 1.4150861 1.3535963 1.4315730 1.3905314 1.4015633 1.6157908 1.1204887 1.1808604 1.2094291 1.3544356 
Nakaseomyces_bracarensis                    0.6274769 1.1990081 1.3070335 1.0498065 0.0000000 1.2343155 0.4112430 0.4177456 1.0878712 1.1223298 2.3058166 1.1094496 1.1234663 1.1403709 1.1903827 1.1283781 1.1077838 1.1370047 0.9963845 0.9968270 0.9682298 1.2308750 1.3464643 1.1984065 1.3575571 1.2713751 1.2677948 1.3172851 1.2155831 1.3287239 1.3331575 1.1516445 1.3238130 1.1719324 1.3113845 1.3137652 0.9133980 0.9547886 0.9713166 0.9987436 
Nakaseomyces_castellii                      1.2898694 1.5149341 1.5733744 1.2642887 1.2343155 0.0000000 1.2292233 1.2414772 1.5256822 1.3921934 2.5352305 1.2548414 1.2109338 1.2356025 1.2664245 1.2479926 1.2750875 1.2226062 1.2340231 1.2391589 1.3295087 1.4812140 1.6985834 1.5298923 1.7390097 1.6777422 1.5997358 1.5871915 1.6970824 1.6957170 1.7480625 1.4770865 1.7206559 1.5696259 1.6804387 1.7204056 1.2646530 1.2501173 1.2217519 1.4038258 
Nakaseomyces_delphensis                     0.6295251 1.3493723 1.3268445 1.1853301 0.4112430 1.2292233 0.0000000 0.3578448 1.2403544 1.1466727 2.4584537 1.0309705 1.0951587 1.0896416 1.1159467 1.1347771 1.0694669 1.0901849 1.0238447 1.0261943 0.9414674 1.3060780 1.4551467 1.1989201 1.3926420 1.3464565 1.3612877 1.4249356 1.2993203 1.3969323 1.3473526 1.2259770 1.3815170 1.1293856 1.3658478 1.3966620 0.9661629 1.0523321 0.9990472 1.1069434 
Nakaseomyces_nivariensis                    0.5987835 1.3166879 1.3007388 1.1252080 0.4177456 1.2414772 0.3578448 0.0000000 1.2967795 1.1140006 2.2744118 1.0355129 1.1032568 1.1321432 1.1381350 1.0984561 1.0634224 1.1003790 1.0692153 1.0246466 1.0134001 1.2242755 1.3537359 1.2382421 1.4175294 1.2838818 1.3806536 1.4147782 1.2530176 1.3632110 1.3955937 1.2445541 1.3268487 1.1913268 1.3040397 1.4041284 0.9837093 1.0607893 0.9766768 1.1485020 
Naumovozyma_castellii                       1.2423646 1.6019188 1.5018404 1.3008182 1.0878712 1.5256822 1.2403544 1.2967795 0.0000000 0.9956075 2.7083837 1.3346061 1.3908637 1.3694896 1.4174047 1.4000461 1.3595932 1.3334038 1.2529646 1.2562867 1.3155005 1.3690582 1.4577732 1.5688703 1.6338347 1.4401439 1.6094304 1.5526104 1.6925865 1.5254228 1.5272306 1.5928382 1.4170574 1.4518270 1.3755033 1.5400145 1.2431245 1.3790179 1.3021219 1.6551810 
Naumovozyma_dairenensis                     1.1794680 1.4294990 1.3635088 1.2624581 1.1223298 1.3921934 1.1466727 1.1140006 0.9956075 0.0000000 2.8039218 1.1399383 1.1767001 1.2204871 1.0922813 1.1007682 1.1048147 1.1885209 1.3100559 1.2090379 1.2634029 1.3830839 1.1099173 1.2061442 1.3796186 1.1607064 1.3427913 1.3357267 1.3285474 1.1918900 1.2767750 1.2004052 1.1705056 1.0536785 1.1535940 1.2608788 1.1631306 1.3078522 1.2721093 1.5180337 
Neurospora_crassa                           2.3330249 2.6692560 2.6913117 2.6488849 2.3058166 2.5352305 2.4584537 2.2744118 2.7083837 2.8039218 0.0000000 2.5943824 2.6718614 2.5463205 2.4954147 2.4727422 2.5162656 2.4583011 2.2897839 2.6963801 2.4269242 2.6691028 2.4660209 2.5338782 2.8237763 2.4588157 2.3926156 2.5547284 2.7310687 2.7976047 2.4737559 2.5553762 2.5267263 2.5696833 2.4250338 2.7494661 2.5347537 2.5969243 2.5183095 2.4098570 
Saccharomyces_arboricola                    1.1125823 1.4750923 1.3952323 1.2257010 1.1094496 1.2548414 1.0309705 1.0355129 1.3346061 1.1399383 2.5943824 0.0000000 0.3153958 0.2620219 0.2479705 0.2882891 0.2730952 0.2450626 1.1407964 1.1649575 1.1404187 1.3488016 1.4367805 1.2812085 1.5146334 1.3355818 1.3695957 1.4913256 1.2797923 1.4344584 1.3410250 1.2535505 1.3700484 1.2606365 1.3566125 1.4715287 1.1639406 1.1492071 1.1819034 1.2907621 
Saccharomyces_cerevisiae                    1.0934235 1.4402946 1.3769662 1.2094028 1.1234663 1.2109338 1.0951587 1.1032568 1.3908637 1.1767001 2.6718614 0.3153958 0.0000000 0.2944324 0.2628673 0.2196329 0.1266000 0.2718138 1.1705591 1.1658781 1.1868421 1.3371963 1.5453461 1.3381797 1.6519583 1.4293253 1.4614240 1.4835165 1.2804539 1.4939409 1.3915213 1.3261763 1.4586018 1.3715973 1.4456074 1.4643692 1.0836435 1.1086087 1.1431767 1.2855513 
Saccharomyces_eubayanus                     1.1539540 1.3935148 1.3688821 1.1790356 1.1403709 1.2356025 1.0896416 1.1321432 1.3694896 1.2204871 2.5463205 0.2620219 0.2944324 0.0000000 0.2685553 0.3204048 0.2976618 0.0917973 1.1590636 1.1453044 1.1606280 1.3574384 1.5332342 1.2777658 1.4623005 1.3803243 1.4389556 1.4875129 1.2573488 1.4205801 1.2781405 1.3573615 1.4170738 1.3022435 1.3922215 1.4455584 1.1047483 1.1744391 1.1530119 1.1970960 
Saccharomyces_kudriavzevii                  1.0883422 1.4840297 1.4236647 1.2316276 1.1903827 1.2664245 1.1159467 1.1381350 1.4174047 1.0922813 2.4954147 0.2479705 0.2628673 0.2685553 0.0000000 0.2496619 0.2691261 0.2858209 1.1514809 1.1801077 1.1138578 1.3798515 1.5533983 1.3087332 1.5832631 1.4184942 1.4932586 1.4635156 1.3373013 1.4869539 1.3143312 1.3367234 1.4582798 1.3126297 1.4614070 1.4707812 1.1283252 1.1261653 1.1534822 1.2530037 
Saccharomyces_mikatae                       1.0977048 1.4848367 1.4197611 1.1589667 1.1283781 1.2479926 1.1347771 1.0984561 1.4000461 1.1007682 2.4727422 0.2882891 0.2196329 0.3204048 0.2496619 0.0000000 0.2176327 0.3094146 1.1422583 1.1363612 1.1463816 1.3401713 1.4497865 1.3243504 1.5999650 1.4243898 1.3942429 1.4553324 1.2873433 1.4588573 1.3578962 1.3448403 1.4171316 1.3061667 1.4082116 1.4752910 1.0646455 1.0994532 1.1117892 1.2670002 
Saccharomyces_paradoxus                     1.0685963 1.3851209 1.3883222 1.1740890 1.1077838 1.2750875 1.0694669 1.0634224 1.3595932 1.1048147 2.5162656 0.2730952 0.1266000 0.2976618 0.2691261 0.2176327 0.0000000 0.2785364 1.1235310 1.0880722 1.2003469 1.3001906 1.4593620 1.2884847 1.5992864 1.3717137 1.4458393 1.5050402 1.2911342 1.4356962 1.3071263 1.2490217 1.3667343 1.3261071 1.3613220 1.4177652 1.0420035 1.0735794 1.1041881 1.2340004 
Saccharomyces_uvarum                        1.1187142 1.4189681 1.3885159 1.1312737 1.1370047 1.2226062 1.0901849 1.1003790 1.3334038 1.1885209 2.4583011 0.2450626 0.2718138 0.0917973 0.2858209 0.3094146 0.2785364 0.0000000 1.1301537 1.1477744 1.1190635 1.3251936 1.4435985 1.2635838 1.4450624 1.3373593 1.4054256 1.4871416 1.2427207 1.4188921 1.2582211 1.3481771 1.3427226 1.2824372 1.3189169 1.4385240 1.1011964 1.1495928 1.1621101 1.2137079 
Tetrapisispora_blattae                      1.0068979 1.2328351 1.4583596 1.1793678 0.9963845 1.2340231 1.0238447 1.0692153 1.2529646 1.3100559 2.2897839 1.1407964 1.1705591 1.1590636 1.1514809 1.1422583 1.1235310 1.1301537 0.0000000 0.8401746 0.8426030 1.2252082 1.3064437 1.2461916 1.3316353 1.3481214 1.2725001 1.4704762 1.4010840 1.3897452 1.3123001 1.2333309 1.3088339 1.2009401 1.2764300 1.3213936 0.8167999 0.9118954 0.8508026 0.8062806 
Tetrapisispora_phaffii                      1.1193164 1.4363724 1.3547856 1.1383576 0.9968270 1.2391589 1.0261943 1.0246466 1.2562867 1.2090379 2.6963801 1.1649575 1.1658781 1.1453044 1.1801077 1.1363612 1.0880722 1.1477744 0.8401746 0.0000000 0.7263376 1.2570566 1.2261296 1.2793793 1.3728717 1.2540142 1.3676032 1.4901202 1.3813140 1.3054335 1.2812275 1.2168808 1.2290055 1.2665171 1.1952166 1.3450343 0.3485046 0.4706491 0.3421387 1.0688417 
Vanderwaltozyma_polyspora                   1.0111179 1.3856812 1.5771467 1.2351520 0.9682298 1.3295087 0.9414674 1.0134001 1.3155005 1.2634029 2.4269242 1.1404187 1.1868421 1.1606280 1.1138578 1.1463816 1.2003469 1.1190635 0.8426030 0.7263376 0.0000000 1.2123807 1.4126912 1.2877363 1.3100953 1.3075523 1.2726994 1.3986405 1.3421817 1.4028886 1.1788059 1.1357640 1.3998233 1.1659863 1.4000428 1.4631724 0.7038620 0.7028246 0.7476267 1.0991371 
yHAB132_Kazachstania_martiniae              1.2999300 0.8219820 0.9702248 1.4055616 1.2308750 1.4812140 1.3060780 1.2242755 1.3690582 1.3830839 2.6691028 1.3488016 1.3371963 1.3574384 1.3798515 1.3401713 1.3001906 1.3251936 1.2252082 1.2570566 1.2123807 0.0000000 0.8160787 0.8027267 0.7631146 0.7731687 0.7316981 0.8599578 0.8773321 0.8085448 0.9132746 0.7496710 0.7890755 0.7864058 0.7984958 0.7942480 1.2791789 1.2321161 1.3218120 1.3053065 
yHAB133_Kazachstania_unispora               1.3572365 1.1108216 0.8027374 1.4944754 1.3464643 1.6985834 1.4551467 1.3537359 1.4577732 1.1099173 2.4660209 1.4367805 1.5453461 1.5332342 1.5533983 1.4497865 1.4593620 1.4435985 1.3064437 1.2261296 1.4126912 0.8160787 0.0000000 0.7986515 0.6535764 0.2261139 0.6381226 0.8994610 0.9741101 0.5911551 0.9279614 0.9122257 0.1399531 0.7874687 0.1355812 0.5424747 1.2281696 1.2341360 1.2841618 1.4442522 
yHAB134_Kazachstania_turicensis             1.3480702 0.9247620 1.0361270 1.4696592 1.1984065 1.5298923 1.1989201 1.2382421 1.5688703 1.2061442 2.5338782 1.2812085 1.3381797 1.2777658 1.3087332 1.3243504 1.2884847 1.2635838 1.2461916 1.2793793 1.2877363 0.8027267 0.7986515 0.0000000 0.8336287 0.8323534 0.8575089 0.8922789 0.7403134 0.8832728 0.6580721 0.8485438 0.7830165 0.3430324 0.7928811 0.7992517 1.2748298 1.2756098 1.3180481 1.3559935 
yHAB136_Kazachstania_bromeliacearum         1.3469218 1.1595939 0.8340781 1.6332316 1.3575571 1.7390097 1.3926420 1.4175294 1.6338347 1.3796186 2.8237763 1.5146334 1.6519583 1.4623005 1.5832631 1.5999650 1.5992864 1.4450624 1.3316353 1.3728717 1.3100953 0.7631146 0.6535764 0.8336287 0.0000000 0.6322693 0.5960526 0.8412127 1.0233730 0.6731046 0.9579751 0.8649750 0.6453117 0.8226203 0.6708782 0.6754638 1.2954272 1.3089726 1.4229181 1.4490131 
yHAB143_Kazachstania_siamensis              1.3490175 1.0400730 0.7866241 1.4786172 1.2713751 1.6777422 1.3464565 1.2838818 1.4401439 1.1607064 2.4588157 1.3355818 1.4293253 1.3803243 1.4184942 1.4243898 1.3717137 1.3373593 1.3481214 1.2540142 1.3075523 0.7731687 0.2261139 0.8323534 0.6322693 0.0000000 0.6038518 0.8735030 0.9607229 0.5967252 0.8468852 0.8091716 0.2280505 0.7840100 0.2278756 0.5381492 1.1738563 1.2415487 1.2658746 1.3018476 
yHAB147_Kazachstania_taianensis             1.3548067 1.0133027 0.6205801 1.5926194 1.2677948 1.5997358 1.3612877 1.3806536 1.6094304 1.3427913 2.3926156 1.3695957 1.4614240 1.4389556 1.4932586 1.3942429 1.4458393 1.4054256 1.2725001 1.3676032 1.2726994 0.7316981 0.6381226 0.8575089 0.5960526 0.6038518 0.0000000 0.7214266 0.7870381 0.7012922 0.8445317 0.8725668 0.6105538 0.8769211 0.6051386 0.6259683 1.3195176 1.3212082 1.3297716 1.4259919 
yHAB148_Kazachstania_intestinalis           1.4016773 1.0090288 0.8641572 1.5823389 1.3172851 1.5871915 1.4249356 1.4147782 1.5526104 1.3357267 2.5547284 1.4913256 1.4835165 1.4875129 1.4635156 1.4553324 1.5050402 1.4871416 1.4704762 1.4901202 1.3986405 0.8599578 0.8994610 0.8922789 0.8412127 0.8735030 0.7214266 0.0000000 0.8559176 0.9039034 1.0047791 0.9293800 0.8745115 0.9295724 0.8671465 0.8970273 1.3768311 1.5442917 1.4108253 1.5460321 
yHAB153_Kazachstania_rosinii                1.1959097 0.8489352 0.8429427 1.4352408 1.2155831 1.6970824 1.2993203 1.2530176 1.6925865 1.3285474 2.7310687 1.2797923 1.2804539 1.2573488 1.3373013 1.2873433 1.2911342 1.2427207 1.4010840 1.3813140 1.3421817 0.8773321 0.9741101 0.7403134 1.0233730 0.9607229 0.7870381 0.8559176 0.0000000 0.9599354 0.5628782 0.7897992 0.8929966 0.6505075 0.8921031 0.9810575 1.3453874 1.4335485 1.3820317 1.5568382 
yHAB154_Kazachstania_transvaalensis         1.2974549 1.0525679 0.7219319 1.6073253 1.3287239 1.6957170 1.3969323 1.3632110 1.5254228 1.1918900 2.7976047 1.4344584 1.4939409 1.4205801 1.4869539 1.4588573 1.4356962 1.4188921 1.3897452 1.3054335 1.4028886 0.8085448 0.5911551 0.8832728 0.6731046 0.5967252 0.7012922 0.9039034 0.9599354 0.0000000 0.9472957 0.8414971 0.6365307 0.8479992 0.6247067 0.2193120 1.2148965 1.2369357 1.2605844 1.4319509 
yHAB155_Kazachstania_spencerorum            1.2235107 0.8959445 1.0643747 1.4150861 1.3331575 1.7480625 1.3473526 1.3955937 1.5272306 1.2767750 2.4737559 1.3410250 1.3915213 1.2781405 1.3143312 1.3578962 1.3071263 1.2582211 1.3123001 1.2812275 1.1788059 0.9132746 0.9279614 0.6580721 0.9579751 0.8468852 0.8445317 1.0047791 0.5628782 0.9472957 0.0000000 0.8413206 0.8919583 0.5383989 0.8739235 0.9366829 1.2444190 1.2975734 1.3406872 1.3319192 
yHAB158_Kazachstania_viticola               1.2653250 0.8148934 1.0323306 1.3535963 1.1516445 1.4770865 1.2259770 1.2445541 1.5928382 1.2004052 2.5553762 1.2535505 1.3261763 1.3573615 1.3367234 1.3448403 1.2490217 1.3481771 1.2333309 1.2168808 1.1357640 0.7496710 0.9122257 0.8485438 0.8649750 0.8091716 0.8725668 0.9293800 0.7897992 0.8414971 0.8413206 0.0000000 0.8936726 0.7717647 0.8749894 0.8462004 1.0992775 1.2129963 1.2538955 1.3347177 
yHAB159_Kazachstania_solicola               1.3097810 1.0534167 0.7687438 1.4315730 1.3238130 1.7206559 1.3815170 1.3268487 1.4170574 1.1705056 2.5267263 1.3700484 1.4586018 1.4170738 1.4582798 1.4171316 1.3667343 1.3427226 1.3088339 1.2290055 1.3998233 0.7890755 0.1399531 0.7830165 0.6453117 0.2280505 0.6105538 0.8745115 0.8929966 0.6365307 0.8919583 0.8936726 0.0000000 0.8228229 0.0446905 0.5432437 1.2669689 1.2405355 1.3276540 1.4472504 
yHAB160_Kazachstania_kunashirensis          1.2238699 0.8470521 0.9975375 1.3905314 1.1719324 1.5696259 1.1293856 1.1913268 1.4518270 1.0536785 2.5696833 1.2606365 1.3715973 1.3022435 1.3126297 1.3061667 1.3261071 1.2824372 1.2009401 1.2665171 1.1659863 0.7864058 0.7874687 0.3430324 0.8226203 0.7840100 0.8769211 0.9295724 0.6505075 0.8479992 0.5383989 0.7717647 0.8228229 0.0000000 0.8207611 0.8337010 1.1916324 1.2217203 1.2315290 1.3310012 
yHAB164_Kazachstania_aerobia                1.2936964 1.0445451 0.7615230 1.4015633 1.3113845 1.6804387 1.3658478 1.3040397 1.3755033 1.1535940 2.4250338 1.3566125 1.4456074 1.3922215 1.4614070 1.4082116 1.3613220 1.3189169 1.2764300 1.1952166 1.4000428 0.7984958 0.1355812 0.7928811 0.6708782 0.2278756 0.6051386 0.8671465 0.8921031 0.6247067 0.8739235 0.8749894 0.0446905 0.8207611 0.0000000 0.5675596 1.2187254 1.2075634 1.2765348 1.4066918 
yHAB166_Kazachstania_yakushimaensis         1.3459435 1.0931975 0.7216354 1.6157908 1.3137652 1.7204056 1.3966620 1.4041284 1.5400145 1.2608788 2.7494661 1.4715287 1.4643692 1.4455584 1.4707812 1.4752910 1.4177652 1.4385240 1.3213936 1.3450343 1.4631724 0.7942480 0.5424747 0.7992517 0.6754638 0.5381492 0.6259683 0.8970273 0.9810575 0.2193120 0.9366829 0.8462004 0.5432437 0.8337010 0.5675596 0.0000000 1.2415368 1.2549448 1.3062803 1.3451995 
yHMPu5000034875_Tetrapisispora_fleetii      1.0366279 1.3254673 1.3880161 1.1204887 0.9133980 1.2646530 0.9661629 0.9837093 1.2431245 1.1631306 2.5347537 1.1639406 1.0836435 1.1047483 1.1283252 1.0646455 1.0420035 1.1011964 0.8167999 0.3485046 0.7038620 1.2791789 1.2281696 1.2748298 1.2954272 1.1738563 1.3195176 1.3768311 1.3453874 1.2148965 1.2444190 1.0992775 1.2669689 1.1916324 1.2187254 1.2415368 0.0000000 0.5108283 0.1894547 1.0095360 
yHMPu5000034876_Tetrapisispora_iriomotensis 1.0374912 1.4059908 1.5004307 1.1808604 0.9547886 1.2501173 1.0523321 1.0607893 1.3790179 1.3078522 2.5969243 1.1492071 1.1086087 1.1744391 1.1261653 1.0994532 1.0735794 1.1495928 0.9118954 0.4706491 0.7028246 1.2321161 1.2341360 1.2756098 1.3089726 1.2415487 1.3212082 1.5442917 1.4335485 1.2369357 1.2975734 1.2129963 1.2405355 1.2217203 1.2075634 1.2549448 0.5108283 0.0000000 0.5530814 1.0851387 
yHMPu5000034877_Tetrapisispora_namnaonensis 1.0894720 1.3799180 1.4520230 1.2094291 0.9713166 1.2217519 0.9990472 0.9766768 1.3021219 1.2721093 2.5183095 1.1819034 1.1431767 1.1530119 1.1534822 1.1117892 1.1041881 1.1621101 0.8508026 0.3421387 0.7476267 1.3218120 1.2841618 1.3180481 1.4229181 1.2658746 1.3297716 1.4108253 1.3820317 1.2605844 1.3406872 1.2538955 1.3276540 1.2315290 1.2765348 1.3062803 0.1894547 0.5530814 0.0000000 1.0170527 
yHMPu5000035629_Yueomyces_sinensis          1.1814754 1.2780877 1.6295697 1.3544356 0.9987436 1.4038258 1.1069434 1.1485020 1.6551810 1.5180337 2.4098570 1.2907621 1.2855513 1.1970960 1.2530037 1.2670002 1.2340004 1.2137079 0.8062806 1.0688417 1.0991371 1.3053065 1.4442522 1.3559935 1.4490131 1.3018476 1.4259919 1.5460321 1.5568382 1.4319509 1.3319192 1.3347177 1.4472504 1.3310012 1.4066918 1.3451995 1.0095360 1.0851387 1.0170527 0.0000000 
