40
Candida_glabrata                            0.0000000 0.6175765 0.7744488 0.6695311 0.4282538 0.9037189 0.3938081 0.3715122 0.5997406 0.6192834 1.5678699 0.5258731 0.5499337 0.5244697 0.5557369 0.6038863 0.5597624 0.5317886 0.7651857 0.6081347 0.5118682 0.5510446 0.5614515 0.5793824 0.5913526 0.6784168 0.7063993 0.6668404 0.5141715 0.6821919 0.7080260 0.6424545 0.5816259 0.5870825 0.5715169 0.6838406 0.6454810 0.5817709 0.6574707 1.0413099 
Kazachstania_africana                       0.6175765 0.0000000 0.7039105 0.8062863 0.6823521 0.9739558 0.6681178 0.6204410 0.5012128 0.5170159 1.5546052 0.5554913 0.5703576 0.5640475 0.5217345 0.5571612 0.5656386 0.5495066 0.7029759 0.6676049 0.5286080 0.5107278 0.5019092 0.4403649 0.5429649 0.5454311 0.6598979 0.6545841 0.4981246 0.6274335 0.5680005 0.5665385 0.5741702 0.4866282 0.5725357 0.5694266 0.6932570 0.7086837 0.7353523 0.8945774 
Kazachstania_naganishii                     0.7744488 0.7039105 0.0000000 0.5759463 0.6665039 0.9987412 0.5552700 0.7379741 0.6737013 0.6628621 1.2099806 0.6478019 0.6571850 0.6764049 0.6657640 0.7095103 0.6747399 0.6361750 0.9239730 0.8135326 0.7163780 0.7070254 0.6808084 0.6407979 0.6330379 0.5759819 0.4331989 0.6877805 0.5822535 0.6373020 0.9092557 0.7361736 0.5818005 0.6584237 0.5728728 0.6471359 0.8649523 0.8369592 0.7991007 1.2085733 
Nakaseomyces_bacillisporus                  0.6695311 0.8062863 0.5759463 0.0000000 0.6259756 0.9872046 0.5566017 0.7208224 0.6997065 0.7497531 1.3670743 0.6721043 0.6726662 0.6294592 0.6469766 0.6529517 0.6737156 0.6360534 0.8788287 0.9127714 0.6830393 0.6964758 0.7408402 0.7914020 0.6776989 0.7517401 0.5808818 0.6360102 0.6077020 0.7490434 0.9114884 0.7555086 0.7741543 0.8123736 0.7949567 0.7686035 0.8823998 0.8300697 0.8488270 1.1966976 
Nakaseomyces_bracarensis                    0.4282538 0.6823521 0.6665039 0.6259756 0.0000000 1.0248192 0.3106222 0.3328095 0.6883420 0.6405406 1.3522238 0.5582859 0.5757833 0.5595961 0.5553115 0.5852173 0.5767632 0.5613714 0.7769208 0.7608396 0.5227923 0.6339822 0.5963363 0.6257240 0.6032743 0.6561297 0.6748699 0.6799146 0.5329802 0.6919093 0.7989457 0.6220708 0.6770013 0.6570123 0.6776434 0.7109281 0.7084811 0.6940445 0.7190691 1.1630418 
Nakaseomyces_castellii                      0.9037189 0.9739558 0.9987412 0.9872046 1.0248192 0.0000000 1.0082812 0.9767324 0.9267571 0.9307625 1.6117844 0.9064740 0.8508265 0.8500577 0.8821765 0.8705671 0.8469506 0.8679205 1.1152830 1.0571917 0.8980136 0.7901938 1.0599874 0.9498884 0.9170370 0.9175986 0.9591578 1.0034431 0.8443258 0.9644752 1.0041710 0.9018683 0.9440688 0.9396062 0.9356586 0.9333133 0.9967697 1.0118504 0.9426350 1.2167345 
Nakaseomyces_delphensis                     0.3938081 0.6681178 0.5552700 0.5566017 0.3106222 1.0082812 0.0000000 0.2479372 0.6683199 0.6398954 1.3764762 0.6357278 0.5894171 0.5855139 0.6166912 0.6762992 0.6152723 0.5955767 0.8364008 0.7036197 0.5193038 0.6002787 0.6311524 0.6165887 0.6035590 0.6275563 0.6024910 0.6294151 0.5030353 0.6767265 0.8252707 0.6821394 0.5720648 0.6674057 0.5700554 0.7088205 0.6985374 0.7121178 0.7303629 1.1233957 
Nakaseomyces_nivariensis                    0.3715122 0.6204410 0.7379741 0.7208224 0.3328095 0.9767324 0.2479372 0.0000000 0.6188057 0.6137286 1.4412428 0.6058131 0.5217694 0.5542718 0.5624753 0.6035444 0.5552455 0.5619752 0.7668488 0.6545591 0.5111312 0.5881104 0.5240994 0.5570629 0.6084149 0.6718141 0.7543342 0.6750909 0.5313220 0.6367193 0.7144868 0.6114304 0.5808396 0.6075717 0.6027963 0.6557531 0.6082569 0.6067731 0.6332986 1.0494744 
Naumovozyma_castellii                       0.5997406 0.5012128 0.6737013 0.6997065 0.6883420 0.9267571 0.6683199 0.6188057 0.0000000 0.3191806 1.4350383 0.5037535 0.4842902 0.4884776 0.5140512 0.5080769 0.4868204 0.4764947 0.6783842 0.6382148 0.4537812 0.4614408 0.4435202 0.4203255 0.4087444 0.4941242 0.6723608 0.6165320 0.5541117 0.5502562 0.5342087 0.4777745 0.4582781 0.4108890 0.4691017 0.5588371 0.6047958 0.5809798 0.6577774 0.8416902 
Naumovozyma_dairenensis                     0.6192834 0.5170159 0.6628621 0.7497531 0.6405406 0.9307625 0.6398954 0.6137286 0.3191806 0.0000000 1.5421671 0.6215036 0.4896619 0.5215107 0.6266949 0.5939819 0.5579848 0.5183268 0.6677921 0.5784840 0.4873430 0.5011244 0.4481148 0.5109590 0.4126040 0.4533954 0.7099633 0.5715548 0.5382616 0.5368412 0.4818968 0.5040650 0.4416497 0.4073751 0.4517240 0.4943226 0.5066527 0.6049885 0.5587445 0.7983258 
Neurospora_crassa                           1.5678699 1.5546052 1.2099806 1.3670743 1.3522238 1.6117844 1.3764762 1.4412428 1.4350383 1.5421671 0.0000000 1.5893355 1.5308266 1.5044769 1.4507190 1.5203100 1.5504281 1.5484116 1.7781905 1.6484255 1.3803576 1.5436178 1.5678126 1.4530339 1.5652177 1.5448579 1.4460453 1.4440740 1.3232844 1.3799945 1.5191356 1.6030491 1.4923160 1.5466523 1.4876522 1.3872294 1.7129734 1.5788641 1.7132886 1.8717911 
Saccharomyces_arboricola                    0.5258731 0.5554913 0.6478019 0.6721043 0.5582859 0.9064740 0.6357278 0.6058131 0.5037535 0.6215036 1.5893355 0.0000000 0.2180996 0.2407116 0.1632792 0.2103480 0.2016075 0.2159026 0.7592123 0.6754224 0.5436666 0.5706851 0.5104547 0.6114583 0.4826272 0.5725672 0.6703009 0.6699215 0.5504403 0.6338464 0.6844416 0.5660311 0.5431810 0.5482651 0.5552702 0.6156030 0.6758605 0.6589922 0.7274900 1.0731947 
Saccharomyces_cerevisiae                    0.5499337 0.5703576 0.6571850 0.6726662 0.5757833 0.8508265 0.5894171 0.5217694 0.4842902 0.4896619 1.5308266 0.2180996 0.0000000 0.2325206 0.1895747 0.1727929 0.1119401 0.2313577 0.7326396 0.6562876 0.4924241 0.5385215 0.4652334 0.5244398 0.4530702 0.4922311 0.6657142 0.5779983 0.5315216 0.6392470 0.5459105 0.5001311 0.4831112 0.4796615 0.4796949 0.5243490 0.6137245 0.5907113 0.6126478 0.9896889 
Saccharomyces_eubayanus                     0.5244697 0.5640475 0.6764049 0.6294592 0.5595961 0.8500577 0.5855139 0.5542718 0.4884776 0.5215107 1.5044769 0.2407116 0.2325206 0.0000000 0.2217854 0.2181582 0.2367484 0.0740793 0.7422133 0.6557100 0.4978891 0.5871103 0.5517367 0.5577388 0.4453173 0.4897279 0.6280620 0.6199167 0.5410615 0.6070459 0.6125383 0.5362151 0.4748912 0.5594890 0.5190102 0.6039835 0.5916915 0.5913063 0.6383270 1.0115292 
Saccharomyces_kudriavzevii                  0.5557369 0.5217345 0.6657640 0.6469766 0.5553115 0.8821765 0.6166912 0.5624753 0.5140512 0.6266949 1.4507190 0.1632792 0.1895747 0.2217854 0.0000000 0.1713223 0.1802192 0.2151483 0.7537685 0.6153849 0.5041805 0.5823506 0.5207084 0.5652651 0.4545093 0.5531360 0.6173422 0.6667575 0.5473675 0.6422465 0.6218511 0.5897759 0.5361702 0.5538164 0.5181305 0.6048193 0.6116179 0.6206096 0.6998455 1.0607168 
Saccharomyces_mikatae                       0.6038863 0.5571612 0.7095103 0.6529517 0.5852173 0.8705671 0.6762992 0.6035444 0.5080769 0.5939819 1.5203100 0.2103480 0.1727929 0.2181582 0.1713223 0.0000000 0.1527636 0.2294895 0.7508610 0.6628314 0.4958196 0.5934907 0.4781618 0.5754593 0.4583740 0.5037817 0.6419203 0.6276991 0.5571808 0.6269953 0.5875153 0.5956576 0.4995622 0.5369681 0.5106746 0.5853893 0.6445772 0.6337089 0.6772262 0.9826012 
Saccharomyces_paradoxus                     0.5597624 0.5656386 0.6747399 0.6737156 0.5767632 0.8469506 0.6152723 0.5552455 0.4868204 0.5579848 1.5504281 0.2016075 0.1119401 0.2367484 0.1802192 0.1527636 0.0000000 0.2328004 0.7785131 0.6801649 0.4993467 0.5551385 0.5034468 0.5710697 0.4861337 0.5162198 0.6760721 0.6152163 0.5671240 0.6337768 0.6082192 0.5968946 0.5099100 0.5341120 0.5012587 0.5612830 0.6435878 0.6338663 0.6587024 1.0359497 
Saccharomyces_uvarum                        0.5317886 0.5495066 0.6361750 0.6360534 0.5613714 0.8679205 0.5955767 0.5619752 0.4764947 0.5183268 1.5484116 0.2159026 0.2313577 0.0740793 0.2151483 0.2294895 0.2328004 0.0000000 0.7550874 0.6583608 0.5018354 0.5688324 0.5204221 0.5476509 0.4251249 0.4553830 0.6429064 0.6121516 0.5191366 0.5992363 0.6494721 0.5165657 0.4772669 0.5108919 0.5057197 0.5951973 0.6175819 0.5992710 0.6608822 1.0068329 
Tetrapisispora_blattae                      0.7651857 0.7029759 0.9239730 0.8788287 0.7769208 1.1152830 0.8364008 0.7668488 0.6783842 0.6677921 1.7781905 0.7592123 0.7326396 0.7422133 0.7537685 0.7508610 0.7785131 0.7550874 0.0000000 0.7452081 0.6364204 0.6698973 0.6892467 0.6660228 0.6650066 0.6569491 0.9528806 0.7985165 0.7471224 0.6781940 0.7593891 0.7866674 0.6593476 0.6697468 0.6960758 0.7017162 0.6932426 0.7142505 0.7544927 0.7216446 
Tetrapisispora_phaffii                      0.6081347 0.6676049 0.8135326 0.9127714 0.7608396 1.0571917 0.7036197 0.6545591 0.6382148 0.5784840 1.6484255 0.6754224 0.6562876 0.6557100 0.6153849 0.6628314 0.6801649 0.6583608 0.7452081 0.0000000 0.4915391 0.6762524 0.5910911 0.6500819 0.6371878 0.6344598 0.8779113 0.7945318 0.6272180 0.7975494 0.7140445 0.6527398 0.6141738 0.6128939 0.5922489 0.6814355 0.3342942 0.3970797 0.3506351 0.9031189 
Vanderwaltozyma_polyspora                   0.5118682 0.5286080 0.7163780 0.6830393 0.5227923 0.8980136 0.5193038 0.5111312 0.4537812 0.4873430 1.3803576 0.5436666 0.4924241 0.4978891 0.5041805 0.4958196 0.4993467 0.5018354 0.6364204 0.4915391 0.0000000 0.4827057 0.3912826 0.4576844 0.4408700 0.4856029 0.6854599 0.6256211 0.5162307 0.5789839 0.6162339 0.5481347 0.4785691 0.4760661 0.4646832 0.5497982 0.4595554 0.4369532 0.5210951 0.9907280 
yHAB132_Kazachstania_martiniae              0.5510446 0.5107278 0.7070254 0.6964758 0.6339822 0.7901938 0.6002787 0.5881104 0.4614408 0.5011244 1.5436178 0.5706851 0.5385215 0.5871103 0.5823506 0.5934907 0.5551385 0.5688324 0.6698973 0.6762524 0.4827057 0.0000000 0.4862163 0.4036729 0.4099624 0.4680115 0.7236931 0.5968210 0.5223626 0.6061983 0.4898703 0.5302802 0.5088283 0.3744638 0.4992975 0.4877643 0.6158429 0.6291304 0.6838732 0.8148190 
yHAB133_Kazachstania_unispora               0.5614515 0.5019092 0.6808084 0.7408402 0.5963363 1.0599874 0.6311524 0.5240994 0.4435202 0.4481148 1.5678126 0.5104547 0.4652334 0.5517367 0.5207084 0.4781618 0.5034468 0.5204221 0.6892467 0.5910911 0.3912826 0.4862163 0.0000000 0.4652522 0.3194937 0.3118589 0.6404401 0.5713654 0.5083487 0.5222168 0.5682942 0.5359325 0.2165282 0.4111815 0.2228993 0.4735301 0.5905271 0.5225452 0.6311301 0.9169928 
yHAB134_Kazachstania_turicensis             0.5793824 0.4403649 0.6407979 0.7914020 0.6257240 0.9498884 0.6165887 0.5570629 0.4203255 0.5109590 1.4530339 0.6114583 0.5244398 0.5577388 0.5652651 0.5754593 0.5710697 0.5476509 0.6660228 0.6500819 0.4576844 0.4036729 0.4652522 0.0000000 0.4999418 0.5058980 0.6417627 0.6100422 0.5019453 0.6413947 0.5512974 0.4976764 0.4637075 0.3204429 0.4605315 0.5633522 0.6157442 0.5584869 0.6528381 0.9885127 
yHAB136_Kazachstania_bromeliacearum         0.5913526 0.5429649 0.6330379 0.6776989 0.6032743 0.9170370 0.6035590 0.6084149 0.4087444 0.4126040 1.5652177 0.4826272 0.4530702 0.4453173 0.4545093 0.4583740 0.4861337 0.4251249 0.6650066 0.6371878 0.4408700 0.4099624 0.3194937 0.4999418 0.0000000 0.3083227 0.5494366 0.5499521 0.5052267 0.5105570 0.5927898 0.4848642 0.3475172 0.4460177 0.3554598 0.4707749 0.5512648 0.5534766 0.6047440 0.8691421 
yHAB143_Kazachstania_siamensis              0.6784168 0.5454311 0.5759819 0.7517401 0.6561297 0.9175986 0.6275563 0.6718141 0.4941242 0.4533954 1.5448579 0.5725672 0.4922311 0.4897279 0.5531360 0.5037817 0.5162198 0.4553830 0.6569491 0.6344598 0.4856029 0.4680115 0.3118589 0.5058980 0.3083227 0.0000000 0.6373837 0.6243221 0.5658749 0.4832343 0.5832356 0.5163471 0.3150022 0.4895824 0.3150865 0.4376383 0.6627997 0.5917103 0.6540492 0.7749231 
yHAB147_Kazachstania_taianensis             0.7063993 0.6598979 0.4331989 0.5808818 0.6748699 0.9591578 0.6024910 0.7543342 0.6723608 0.7099633 1.4460453 0.6703009 0.6657142 0.6280620 0.6173422 0.6419203 0.6760721 0.6429064 0.9528806 0.8779113 0.6854599 0.7236931 0.6404401 0.6417627 0.5494366 0.6373837 0.0000000 0.6733877 0.5457565 0.7835548 0.9040893 0.6700698 0.5858668 0.6226378 0.6011591 0.8037639 0.8496965 0.8650477 0.8492657 1.2676479 
yHAB148_Kazachstania_intestinalis           0.6668404 0.6545841 0.6877805 0.6360102 0.6799146 1.0034431 0.6294151 0.6750909 0.6165320 0.5715548 1.4440740 0.6699215 0.5779983 0.6199167 0.6667575 0.6276991 0.6152163 0.6121516 0.7985165 0.7945318 0.6256211 0.5968210 0.5713654 0.6100422 0.5499521 0.6243221 0.6733877 0.0000000 0.5698324 0.6355798 0.7201916 0.6176549 0.5897581 0.5767821 0.6180876 0.6178038 0.7151945 0.7396045 0.7824285 1.1354864 
yHAB153_Kazachstania_rosinii                0.5141715 0.4981246 0.5822535 0.6077020 0.5329802 0.8443258 0.5030353 0.5313220 0.5541117 0.5382616 1.3232844 0.5504403 0.5315216 0.5410615 0.5473675 0.5571808 0.5671240 0.5191366 0.7471224 0.6272180 0.5162307 0.5223626 0.5083487 0.5019453 0.5052267 0.5658749 0.5457565 0.5698324 0.0000000 0.6892175 0.5664324 0.4844970 0.5414689 0.4299219 0.5152724 0.6908762 0.6133766 0.5824543 0.6461875 1.0278587 
yHAB154_Kazachstania_transvaalensis         0.6821919 0.6274335 0.6373020 0.7490434 0.6919093 0.9644752 0.6767265 0.6367193 0.5502562 0.5368412 1.3799945 0.6338464 0.6392470 0.6070459 0.6422465 0.6269953 0.6337768 0.5992363 0.6781940 0.7975494 0.5789839 0.6061983 0.5222168 0.6413947 0.5105570 0.4832343 0.7835548 0.6355798 0.6892175 0.0000000 0.6239079 0.6172400 0.5016391 0.5885870 0.5206008 0.2527254 0.7484804 0.7241603 0.7700009 0.9380170 
yHAB155_Kazachstania_spencerorum            0.7080260 0.5680005 0.9092557 0.9114884 0.7989457 1.0041710 0.8252707 0.7144868 0.5342087 0.4818968 1.5191356 0.6844416 0.5459105 0.6125383 0.6218511 0.5875153 0.6082192 0.6494721 0.7593891 0.7140445 0.6162339 0.4898703 0.5682942 0.5512974 0.5927898 0.5832356 0.9040893 0.7201916 0.5664324 0.6239079 0.0000000 0.6029757 0.6275638 0.4765525 0.5942017 0.5107669 0.6617655 0.6147148 0.6823320 0.9055630 
yHAB158_Kazachstania_viticola               0.6424545 0.5665385 0.7361736 0.7555086 0.6220708 0.9018683 0.6821394 0.6114304 0.4777745 0.5040650 1.6030491 0.5660311 0.5001311 0.5362151 0.5897759 0.5956576 0.5968946 0.5165657 0.7866674 0.6527398 0.5481347 0.5302802 0.5359325 0.4976764 0.4848642 0.5163471 0.6700698 0.6176549 0.4844970 0.6172400 0.6029757 0.0000000 0.5384301 0.4661131 0.5645090 0.6725240 0.6261497 0.5969663 0.6240941 1.1235011 
yHAB159_Kazachstania_solicola               0.5816259 0.5741702 0.5818005 0.7741543 0.6770013 0.9440688 0.5720648 0.5808396 0.4582781 0.4416497 1.4923160 0.5431810 0.4831112 0.4748912 0.5361702 0.4995622 0.5099100 0.4772669 0.6593476 0.6141738 0.4785691 0.5088283 0.2165282 0.4637075 0.3475172 0.3150022 0.5858668 0.5897581 0.5414689 0.5016391 0.6275638 0.5384301 0.0000000 0.4693064 0.0720895 0.5061373 0.6241900 0.5491219 0.6645853 0.9275104 
yHAB160_Kazachstania_kunashirensis          0.5870825 0.4866282 0.6584237 0.8123736 0.6570123 0.9396062 0.6674057 0.6075717 0.4108890 0.4073751 1.5466523 0.5482651 0.4796615 0.5594890 0.5538164 0.5369681 0.5341120 0.5108919 0.6697468 0.6128939 0.4760661 0.3744638 0.4111815 0.3204429 0.4460177 0.4895824 0.6226378 0.5767821 0.4299219 0.5885870 0.4765525 0.4661131 0.4693064 0.0000000 0.4490730 0.5089537 0.6346810 0.5713726 0.6669474 0.8565182 
yHAB164_Kazachstania_aerobia                0.5715169 0.5725357 0.5728728 0.7949567 0.6776434 0.9356586 0.5700554 0.6027963 0.4691017 0.4517240 1.4876522 0.5552702 0.4796949 0.5190102 0.5181305 0.5106746 0.5012587 0.5057197 0.6960758 0.5922489 0.4646832 0.4992975 0.2228993 0.4605315 0.3554598 0.3150865 0.6011591 0.6180876 0.5152724 0.5206008 0.5942017 0.5645090 0.0720895 0.4490730 0.0000000 0.5208156 0.5827818 0.5043535 0.6127261 0.9005143 
yHAB166_Kazachstania_yakushimaensis         0.6838406 0.5694266 0.6471359 0.7686035 0.7109281 0.9333133 0.7088205 0.6557531 0.5588371 0.4943226 1.3872294 0.6156030 0.5243490 0.6039835 0.6048193 0.5853893 0.5612830 0.5951973 0.7017162 0.6814355 0.5497982 0.4877643 0.4735301 0.5633522 0.4707749 0.4376383 0.8037639 0.6178038 0.6908762 0.2527254 0.5107669 0.6725240 0.5061373 0.5089537 0.5208156 0.0000000 0.6694049 0.6649575 0.6957927 0.7874794 
yHMPu5000034875_Tetrapisispora_fleetii      0.6454810 0.6932570 0.8649523 0.8823998 0.7084811 0.9967697 0.6985374 0.6082569 0.6047958 0.5066527 1.7129734 0.6758605 0.6137245 0.5916915 0.6116179 0.6445772 0.6435878 0.6175819 0.6932426 0.3342942 0.4595554 0.6158429 0.5905271 0.6157442 0.5512648 0.6627997 0.8496965 0.7151945 0.6133766 0.7484804 0.6617655 0.6261497 0.6241900 0.6346810 0.5827818 0.6694049 0.0000000 0.3279084 0.1768727 0.9976624 
yHMPu5000034876_Tetrapisispora_iriomotensis 0.5817709 0.7086837 0.8369592 0.8300697 0.6940445 1.0118504 0.7121178 0.6067731 0.5809798 0.6049885 1.5788641 0.6589922 0.5907113 0.5913063 0.6206096 0.6337089 0.6338663 0.5992710 0.7142505 0.3970797 0.4369532 0.6291304 0.5225452 0.5584869 0.5534766 0.5917103 0.8650477 0.7396045 0.5824543 0.7241603 0.6147148 0.5969663 0.5491219 0.5713726 0.5043535 0.6649575 0.3279084 0.0000000 0.3369932 1.0171404 
yHMPu5000034877_Tetrapisispora_namnaonensis 0.6574707 0.7353523 0.7991007 0.8488270 0.7190691 0.9426350 0.7303629 0.6332986 0.6577774 0.5587445 1.7132886 0.7274900 0.6126478 0.6383270 0.6998455 0.6772262 0.6587024 0.6608822 0.7544927 0.3506351 0.5210951 0.6838732 0.6311301 0.6528381 0.6047440 0.6540492 0.8492657 0.7824285 0.6461875 0.7700009 0.6823320 0.6240941 0.6645853 0.6669474 0.6127261 0.6957927 0.1768727 0.3369932 0.0000000 1.0485877 
yHMPu5000035629_Yueomyces_sinensis          1.0413099 0.8945774 1.2085733 1.1966976 1.1630418 1.2167345 1.1233957 1.0494744 0.8416902 0.7983258 1.8717911 1.0731947 0.9896889 1.0115292 1.0607168 0.9826012 1.0359497 1.0068329 0.7216446 0.9031189 0.9907280 0.8148190 0.9169928 0.9885127 0.8691421 0.7749231 1.2676479 1.1354864 1.0278587 0.9380170 0.9055630 1.1235011 0.9275104 0.8565182 0.9005143 0.7874794 0.9976624 1.0171404 1.0485877 0.0000000 
