40
Candida_glabrata                            0.0000000 1.8045638 1.8141803 1.8729843 0.9854534 1.7295607 1.0525797 0.9945244 1.6874651 1.7538977 4.8494412 1.5563009 1.6185369 1.6292569 1.6402049 1.5913864 1.6121054 1.6523964 1.8194071 1.6143824 1.6353766 1.8140431 1.8540023 1.8043854 1.7224852 1.8141848 1.8292185 2.5738147 1.7661106 2.3372891 1.8096410 1.7418254 1.8109729 1.8514843 1.8251874 2.1684925 1.5904194 1.6176733 1.5917630 1.9737376 
Kazachstania_africana                       1.8045638 0.0000000 1.5405932 1.7282493 1.7647684 2.0100269 1.8171912 1.7225760 1.6030213 1.6550573 5.0709346 1.6059401 1.5678908 1.5971847 1.5176705 1.5850912 1.5803544 1.5739135 2.0615696 1.6769840 1.6394510 1.3008378 1.5012380 1.4410299 1.4447137 1.4426559 1.4486660 2.4971724 1.3180403 1.9102275 1.2295896 1.3354281 1.5710606 1.3366226 1.5536491 1.7969986 1.6217925 1.6669667 1.6095600 2.1162744 
Kazachstania_naganishii                     1.8141803 1.5405932 0.0000000 1.8988637 1.7666986 2.0357108 1.8523272 1.8083784 1.8153011 1.7880862 4.6775147 1.8185867 1.8348017 1.8459680 1.8536348 1.8371701 1.8432949 1.8503624 2.0934587 1.7694580 1.7964750 1.5103172 1.5152208 1.7113113 1.2012704 1.4736801 1.3085405 2.4150503 1.3943987 2.1020359 1.4612773 1.5574708 1.5075196 1.7349261 1.5071949 2.0131015 1.7080160 1.7894829 1.7131436 2.2411140 
Nakaseomyces_bacillisporus                  1.8729843 1.7282493 1.8988637 0.0000000 1.6553652 1.5744043 1.6989796 1.6179282 1.5966211 1.5423081 4.8271876 1.4781339 1.5049490 1.4463087 1.4573734 1.5160361 1.4760030 1.5016949 1.7647191 1.5692314 1.4573778 1.7891115 1.7787247 1.8105792 1.5908030 1.7466544 1.7884964 2.5627852 1.9183894 2.2764237 1.6723039 1.6034209 1.7161664 1.8492669 1.7549777 2.0572943 1.5974964 1.5980606 1.5903743 1.8642077 
Nakaseomyces_bracarensis                    0.9854534 1.7647684 1.7666986 1.6553652 0.0000000 1.7023346 0.5663601 0.5373755 1.6401706 1.6596602 4.7789246 1.5912759 1.6021841 1.6472314 1.6654375 1.6712777 1.5932017 1.6854928 1.6707949 1.5679706 1.5926789 1.7091699 1.6868382 1.8606192 1.7225431 1.6332872 1.7381645 2.6396753 1.7870265 2.1337061 1.7606752 1.6434365 1.7237937 1.8370504 1.7307736 2.0708412 1.5306511 1.5561740 1.5266976 1.9339479 
Nakaseomyces_castellii                      1.7295607 2.0100269 2.0357108 1.5744043 1.7023346 0.0000000 1.7555051 1.7351879 1.7965382 1.9322404 4.7821042 1.7836283 1.8149550 1.8065073 1.8099211 1.7746058 1.7132142 1.8198463 1.9931062 1.9014573 1.6612276 1.9138941 2.1978835 2.1434222 1.9652836 1.9879867 1.9851795 2.8683491 1.8871444 2.4626260 1.8854423 1.9772671 2.1311974 2.1157683 2.1036329 2.3111102 1.8683843 1.8171276 1.8042500 2.1059862 
Nakaseomyces_delphensis                     1.0525797 1.8171912 1.8523272 1.6989796 0.5663601 1.7555051 0.0000000 0.4964689 1.6867479 1.6374984 4.8821395 1.6682126 1.6600284 1.7225805 1.6923576 1.6609188 1.6377501 1.7238106 1.8140880 1.6600928 1.6077044 1.7482955 1.7635848 1.8283366 1.7933125 1.6998147 1.7600099 2.6252337 1.8110451 2.2055512 1.6278697 1.6581187 1.8050607 1.7899206 1.7805222 2.1151210 1.5753757 1.5770136 1.6103176 1.9643048 
Nakaseomyces_nivariensis                    0.9945244 1.7225760 1.8083784 1.6179282 0.5373755 1.7351879 0.4964689 0.0000000 1.6185231 1.5641885 4.6656666 1.5698374 1.5691250 1.6144468 1.5948869 1.5390664 1.5617003 1.6158047 1.6956343 1.5344500 1.5502309 1.7047130 1.6680650 1.7955240 1.7028016 1.6456852 1.7485038 2.5193203 1.7105790 2.1933574 1.6516838 1.6117162 1.7145283 1.8584667 1.7206958 1.9597230 1.4744387 1.5170010 1.5427854 1.8707064 
Naumovozyma_castellii                       1.6874651 1.6030213 1.8153011 1.5966211 1.6401706 1.7965382 1.6867479 1.6185231 0.0000000 1.0649117 5.0882533 1.4910868 1.4635390 1.4709769 1.4464291 1.4502274 1.4663190 1.5099078 1.8222220 1.4768578 1.5006734 1.6415697 1.7504163 1.8006577 1.5121169 1.6407163 1.6297462 2.6055931 1.6130537 2.1056749 1.5905085 1.5525170 1.7400541 1.7385702 1.7496878 1.9180942 1.4831778 1.4760589 1.5553575 1.9826634 
Naumovozyma_dairenensis                     1.7538977 1.6550573 1.7880862 1.5423081 1.6596602 1.9322404 1.6374984 1.5641885 1.0649117 0.0000000 4.8264337 1.4300934 1.4738141 1.4347659 1.4750263 1.4699311 1.4360037 1.4374274 1.7527550 1.5449568 1.4728237 1.6966026 1.6137696 1.6676142 1.5214554 1.5572906 1.7434540 2.5908416 1.7178410 1.9793922 1.6699399 1.4416938 1.6576911 1.6960223 1.6112445 1.8226329 1.5540862 1.5479384 1.5882564 1.9420757 
Neurospora_crassa                           4.8494412 5.0709346 4.6775147 4.8271876 4.7789246 4.7821042 4.8821395 4.6656666 5.0882533 4.8264337 0.0000000 4.8230990 4.8115269 4.7123298 4.8093322 4.8454791 4.7212950 4.7241029 5.2963855 4.6597145 4.6483028 4.7609452 4.7220197 4.8646883 4.7559186 5.0232243 4.7785382 4.6363525 4.4199799 5.2659612 4.5780788 4.9902909 4.9277328 4.9116097 5.0318684 5.4004352 4.8500763 4.7849905 4.6077958 5.1263828 
Saccharomyces_arboricola                    1.5563009 1.6059401 1.8185867 1.4781339 1.5912759 1.7836283 1.6682126 1.5698374 1.4910868 1.4300934 4.8230990 0.0000000 0.3452419 0.3473280 0.3337826 0.3669835 0.3235424 0.3456618 1.6799080 1.5655775 1.5111155 1.7434972 1.6061794 1.7737587 1.6019041 1.5780254 1.7013563 2.4074792 1.6441033 2.2656176 1.5889876 1.5720176 1.6179152 1.8144713 1.6300228 2.1407479 1.5588480 1.4928604 1.5638917 1.8760446 
Saccharomyces_cerevisiae                    1.6185369 1.5678908 1.8348017 1.5049490 1.6021841 1.8149550 1.6600284 1.5691250 1.4635390 1.4738141 4.8115269 0.3452419 0.0000000 0.3977125 0.3613877 0.3214845 0.1751751 0.4069271 1.6935656 1.5965359 1.5476476 1.7668173 1.6751161 1.8528632 1.6187476 1.6372136 1.7285437 2.4047400 1.7643304 2.2297336 1.6268659 1.5751698 1.6602059 1.8579251 1.6817339 2.1261740 1.6079788 1.4913522 1.6174214 1.9325730 
Saccharomyces_eubayanus                     1.6292569 1.5971847 1.8459680 1.4463087 1.6472314 1.8065073 1.7225805 1.6144468 1.4709769 1.4347659 4.7123298 0.3473280 0.3977125 0.0000000 0.3688179 0.3989549 0.3645892 0.1202194 1.7419975 1.6168275 1.5129871 1.7967115 1.6584059 1.8514153 1.5923730 1.6357136 1.6811834 2.4646205 1.6583087 2.2464359 1.5953746 1.5919271 1.6571536 1.8827352 1.6532183 2.1489576 1.5896507 1.5281578 1.5538521 1.8730492 
Saccharomyces_kudriavzevii                  1.6402049 1.5176705 1.8536348 1.4573734 1.6654375 1.8099211 1.6923576 1.5948869 1.4464291 1.4750263 4.8093322 0.3337826 0.3613877 0.3688179 0.0000000 0.3473933 0.3241265 0.3549032 1.7532372 1.6282407 1.5866951 1.7738819 1.6250641 1.7998137 1.6165945 1.5609333 1.7683245 2.3747166 1.6556754 2.2826273 1.5881093 1.5609302 1.6015257 1.8808990 1.6315149 2.1708066 1.6308938 1.4924498 1.6430946 1.8775701 
Saccharomyces_mikatae                       1.5913864 1.5850912 1.8371701 1.5160361 1.6712777 1.7746058 1.6609188 1.5390664 1.4502274 1.4699311 4.8454791 0.3669835 0.3214845 0.3989549 0.3473933 0.0000000 0.2929188 0.3875401 1.6345708 1.5478676 1.5029022 1.7222760 1.6097834 1.8015147 1.6233942 1.5661237 1.7023478 2.3040246 1.6787718 2.2869654 1.5475707 1.5702936 1.5830302 1.8452497 1.6119718 2.1554365 1.5372076 1.4492079 1.5730066 1.8557869 
Saccharomyces_paradoxus                     1.6121054 1.5803544 1.8432949 1.4760030 1.5932017 1.7132142 1.6377501 1.5617003 1.4663190 1.4360037 4.7212950 0.3235424 0.1751751 0.3645892 0.3241265 0.2929188 0.0000000 0.3747469 1.6926107 1.5837634 1.5143592 1.7653670 1.6210316 1.8429703 1.5753508 1.6154136 1.7086155 2.3879707 1.7055075 2.2140384 1.5997942 1.5840926 1.6034715 1.8156213 1.6299347 2.1042183 1.5625551 1.4404422 1.5237385 1.9354215 
Saccharomyces_uvarum                        1.6523964 1.5739135 1.8503624 1.5016949 1.6854928 1.8198463 1.7238106 1.6158047 1.5099078 1.4374274 4.7241029 0.3456618 0.4069271 0.1202194 0.3549032 0.3875401 0.3747469 0.0000000 1.7740694 1.6036207 1.5185423 1.7966402 1.6404268 1.8098579 1.5846632 1.6339475 1.6969262 2.4591729 1.6580970 2.2819448 1.5700084 1.5935063 1.6522044 1.9076111 1.6472668 2.1635961 1.5798057 1.5498194 1.5524887 1.8382664 
Tetrapisispora_blattae                      1.8194071 2.0615696 2.0934587 1.7647191 1.6707949 1.9931062 1.8140880 1.6956343 1.8222220 1.7527550 5.2963855 1.6799080 1.6935656 1.7419975 1.7532372 1.6345708 1.6926107 1.7740694 0.0000000 1.5427757 1.6164167 1.9192921 1.8471326 1.8863612 1.7374370 1.7923132 2.0297243 2.7148862 1.9541603 2.4524420 1.7176638 1.8604737 1.8574489 1.9816759 1.8544823 2.1173745 1.5521056 1.5592248 1.6189170 1.4733654 
Tetrapisispora_phaffii                      1.6143824 1.6769840 1.7694580 1.5692314 1.5679706 1.9014573 1.6600928 1.5344500 1.4768578 1.5449568 4.6597145 1.5655775 1.5965359 1.6168275 1.6282407 1.5478676 1.5837634 1.6036207 1.5427757 0.0000000 1.2118549 1.6654532 1.6241595 1.7488977 1.5381556 1.6077164 1.7173025 2.4460267 1.6065824 2.2161888 1.5988533 1.5883690 1.6940724 1.6727126 1.7092777 1.9338186 0.4542683 0.6984703 0.4430871 1.7576048 
Vanderwaltozyma_polyspora                   1.6353766 1.6394510 1.7964750 1.4573778 1.5926789 1.6612276 1.6077044 1.5502309 1.5006734 1.4728237 4.6483028 1.5111155 1.5476476 1.5129871 1.5866951 1.5029022 1.5143592 1.5185423 1.6164167 1.2118549 0.0000000 1.5729434 1.6758540 1.6691388 1.4958311 1.6809750 1.6784110 2.5144155 1.6043951 2.1905698 1.4919221 1.5659228 1.7306019 1.6758260 1.7068543 2.0028347 1.2031014 1.1776681 1.2021183 1.7965695 
yHAB132_Kazachstania_martiniae              1.8140431 1.3008378 1.5103172 1.7891115 1.7091699 1.9138941 1.7482955 1.7047130 1.6415697 1.6966026 4.7609452 1.7434972 1.7668173 1.7967115 1.7738819 1.7222760 1.7653670 1.7966402 1.9192921 1.6654532 1.5729434 0.0000000 1.4776629 1.5831226 1.3028280 1.3131121 1.3060129 2.3578722 1.3342661 2.0697403 1.2134194 1.2700224 1.4284767 1.4934551 1.4146133 1.8125279 1.6199861 1.5707657 1.6336017 1.9230110 
yHAB133_Kazachstania_unispora               1.8540023 1.5012380 1.5152208 1.7787247 1.6868382 2.1978835 1.7635848 1.6680650 1.7504163 1.6137696 4.7220197 1.6061794 1.6751161 1.6584059 1.6250641 1.6097834 1.6210316 1.6404268 1.8471326 1.6241595 1.6758540 1.4776629 0.0000000 1.4513324 1.2949461 0.5559686 1.3286522 2.4191398 1.6231889 1.8135309 1.5069019 1.3534560 0.3664622 1.5626151 0.3544715 1.5903654 1.5180413 1.6243710 1.5982130 2.0504807 
yHAB134_Kazachstania_turicensis             1.8043854 1.4410299 1.7113113 1.8105792 1.8606192 2.1434222 1.8283366 1.7955240 1.8006577 1.6676142 4.8646883 1.7737587 1.8528632 1.8514153 1.7998137 1.8015147 1.8429703 1.8098579 1.8863612 1.7488977 1.6691388 1.5831226 1.4513324 0.0000000 1.3110660 1.4062503 1.6127271 2.3986045 1.3269816 1.9504211 1.2665339 1.2655291 1.4718232 0.9253559 1.4638855 1.8413941 1.6595415 1.7125233 1.6714165 2.0977782 
yHAB136_Kazachstania_bromeliacearum         1.7224852 1.4447137 1.2012704 1.5908030 1.7225431 1.9652836 1.7933125 1.7028016 1.5121169 1.5214554 4.7559186 1.6019041 1.6187476 1.5923730 1.6165945 1.6233942 1.5753508 1.5846632 1.7374370 1.5381556 1.4958311 1.3028280 1.2949461 1.3110660 0.0000000 1.2185094 1.2504043 2.3892710 1.4466819 1.6482517 1.2305410 1.1995594 1.2426255 1.4269959 1.2386670 1.5560544 1.5753676 1.4742368 1.5347373 1.9420392 
yHAB143_Kazachstania_siamensis              1.8141848 1.4426559 1.4736801 1.7466544 1.6332872 1.9879867 1.6998147 1.6456852 1.6407163 1.5572906 5.0232243 1.5780254 1.6372136 1.6357136 1.5609333 1.5661237 1.6154136 1.6339475 1.7923132 1.6077164 1.6809750 1.3131121 0.5559686 1.4062503 1.2185094 0.0000000 1.2179165 2.3740034 1.4367546 1.6965388 1.4112206 1.2610634 0.5660539 1.4002749 0.5520119 1.5819039 1.5611276 1.6830739 1.6339404 1.9593460 
yHAB147_Kazachstania_taianensis             1.8292185 1.4486660 1.3085405 1.7884964 1.7381645 1.9851795 1.7600099 1.7485038 1.6297462 1.7434540 4.7785382 1.7013563 1.7285437 1.6811834 1.7683245 1.7023478 1.7086155 1.6969262 2.0297243 1.7173025 1.6784110 1.3060129 1.3286522 1.6127271 1.2504043 1.2179165 0.0000000 2.3590324 1.3791175 1.9085290 1.4188404 1.4853105 1.2813935 1.6087440 1.2729603 1.8616306 1.6985444 1.7793042 1.7200292 2.1890607 
yHAB148_Kazachstania_intestinalis           2.5738147 2.4971724 2.4150503 2.5627852 2.6396753 2.8683491 2.6252337 2.5193203 2.6055931 2.5908416 4.6363525 2.4074792 2.4047400 2.4646205 2.3747166 2.3040246 2.3879707 2.4591729 2.7148862 2.4460267 2.5144155 2.3578722 2.4191398 2.3986045 2.3892710 2.3740034 2.3590324 0.0000000 2.3990894 2.5955199 2.3084731 2.3857561 2.4132855 2.3768688 2.4636467 2.4620786 2.6217649 2.4941833 2.6589201 2.8443358 
yHAB153_Kazachstania_rosinii                1.7661106 1.3180403 1.3943987 1.9183894 1.7870265 1.8871444 1.8110451 1.7105790 1.6130537 1.7178410 4.4199799 1.6441033 1.7643304 1.6583087 1.6556754 1.6787718 1.7055075 1.6580970 1.9541603 1.6065824 1.6043951 1.3342661 1.6231889 1.3269816 1.4466819 1.4367546 1.3791175 2.3990894 0.0000000 2.0953072 0.9824478 1.2960953 1.5454969 1.2715227 1.5647781 1.9835952 1.6220478 1.5855250 1.6379461 2.0901953 
yHAB154_Kazachstania_transvaalensis         2.3372891 1.9102275 2.1020359 2.2764237 2.1337061 2.4626260 2.2055512 2.1933574 2.1056749 1.9793922 5.2659612 2.2656176 2.2297336 2.2464359 2.2826273 2.2869654 2.2140384 2.2819448 2.4524420 2.2161888 2.1905698 2.0697403 1.8135309 1.9504211 1.6482517 1.6965388 1.9085290 2.5955199 2.0953072 0.0000000 1.9202069 1.8594554 1.8682333 2.0157112 1.8361452 0.6933424 2.1025209 2.2740885 2.1607735 2.5311571 
yHAB155_Kazachstania_spencerorum            1.8096410 1.2295896 1.4612773 1.6723039 1.7606752 1.8854423 1.6278697 1.6516838 1.5905085 1.6699399 4.5780788 1.5889876 1.6268659 1.5953746 1.5881093 1.5475707 1.5997942 1.5700084 1.7176638 1.5988533 1.4919221 1.2134194 1.5069019 1.2665339 1.2305410 1.4112206 1.4188404 2.3084731 0.9824478 1.9202069 0.0000000 1.2243753 1.5032014 1.1484786 1.4914315 1.8020776 1.5912623 1.4953297 1.6078247 1.9612124 
yHAB158_Kazachstania_viticola               1.7418254 1.3354281 1.5574708 1.6034209 1.6434365 1.9772671 1.6581187 1.6117162 1.5525170 1.4416938 4.9902909 1.5720176 1.5751698 1.5919271 1.5609302 1.5702936 1.5840926 1.5935063 1.8604737 1.5883690 1.5659228 1.2700224 1.3534560 1.2655291 1.1995594 1.2610634 1.4853105 2.3857561 1.2960953 1.8594554 1.2243753 0.0000000 1.3704265 1.3642669 1.3928932 1.7305798 1.5158717 1.5841362 1.5481731 1.8365822 
yHAB159_Kazachstania_solicola               1.8109729 1.5710606 1.5075196 1.7161664 1.7237937 2.1311974 1.8050607 1.7145283 1.7400541 1.6576911 4.9277328 1.6179152 1.6602059 1.6571536 1.6015257 1.5830302 1.6034715 1.6522044 1.8574489 1.6940724 1.7306019 1.4284767 0.3664622 1.4718232 1.2426255 0.5660539 1.2813935 2.4132855 1.5454969 1.8682333 1.5032014 1.3704265 0.0000000 1.5944684 0.1309929 1.6495147 1.6531348 1.6796468 1.7273020 2.0484478 
yHAB160_Kazachstania_kunashirensis          1.8514843 1.3366226 1.7349261 1.8492669 1.8370504 2.1157683 1.7899206 1.8584667 1.7385702 1.6960223 4.9116097 1.8144713 1.8579251 1.8827352 1.8808990 1.8452497 1.8156213 1.9076111 1.9816759 1.6727126 1.6758260 1.4934551 1.5626151 0.9253559 1.4269959 1.4002749 1.6087440 2.3768688 1.2715227 2.0157112 1.1484786 1.3642669 1.5944684 0.0000000 1.5745860 1.8074227 1.6235031 1.6417061 1.6480088 2.2143845 
yHAB164_Kazachstania_aerobia                1.8251874 1.5536491 1.5071949 1.7549777 1.7307736 2.1036329 1.7805222 1.7206958 1.7496878 1.6112445 5.0318684 1.6300228 1.6817339 1.6532183 1.6315149 1.6119718 1.6299347 1.6472668 1.8544823 1.7092777 1.7068543 1.4146133 0.3544715 1.4638855 1.2386670 0.5520119 1.2729603 2.4636467 1.5647781 1.8361452 1.4914315 1.3928932 0.1309929 1.5745860 0.0000000 1.6458981 1.6345438 1.6598457 1.7455417 2.0087153 
yHAB166_Kazachstania_yakushimaensis         2.1684925 1.7969986 2.0131015 2.0572943 2.0708412 2.3111102 2.1151210 1.9597230 1.9180942 1.8226329 5.4004352 2.1407479 2.1261740 2.1489576 2.1708066 2.1554365 2.1042183 2.1635961 2.1173745 1.9338186 2.0028347 1.8125279 1.5903654 1.8413941 1.5560544 1.5819039 1.8616306 2.4620786 1.9835952 0.6933424 1.8020776 1.7305798 1.6495147 1.8074227 1.6458981 0.0000000 1.9242272 2.0367640 2.0548962 2.3259715 
yHMPu5000034875_Tetrapisispora_fleetii      1.5904194 1.6217925 1.7080160 1.5974964 1.5306511 1.8683843 1.5753757 1.4744387 1.4831778 1.5540862 4.8500763 1.5588480 1.6079788 1.5896507 1.6308938 1.5372076 1.5625551 1.5798057 1.5521056 0.4542683 1.2031014 1.6199861 1.5180413 1.6595415 1.5753676 1.5611276 1.6985444 2.6217649 1.6220478 2.1025209 1.5912623 1.5158717 1.6531348 1.6235031 1.6345438 1.9242272 0.0000000 0.7000612 0.2574996 1.7898075 
yHMPu5000034876_Tetrapisispora_iriomotensis 1.6176733 1.6669667 1.7894829 1.5980606 1.5561740 1.8171276 1.5770136 1.5170010 1.4760589 1.5479384 4.7849905 1.4928604 1.4913522 1.5281578 1.4924498 1.4492079 1.4404422 1.5498194 1.5592248 0.6984703 1.1776681 1.5707657 1.6243710 1.7125233 1.4742368 1.6830739 1.7793042 2.4941833 1.5855250 2.2740885 1.4953297 1.5841362 1.6796468 1.6417061 1.6598457 2.0367640 0.7000612 0.0000000 0.6652618 1.7797074 
yHMPu5000034877_Tetrapisispora_namnaonensis 1.5917630 1.6095600 1.7131436 1.5903743 1.5266976 1.8042500 1.6103176 1.5427854 1.5553575 1.5882564 4.6077958 1.5638917 1.6174214 1.5538521 1.6430946 1.5730066 1.5237385 1.5524887 1.6189170 0.4430871 1.2021183 1.6336017 1.5982130 1.6714165 1.5347373 1.6339404 1.7200292 2.6589201 1.6379461 2.1607735 1.6078247 1.5481731 1.7273020 1.6480088 1.7455417 2.0548962 0.2574996 0.6652618 0.0000000 1.7819312 
yHMPu5000035629_Yueomyces_sinensis          1.9737376 2.1162744 2.2411140 1.8642077 1.9339479 2.1059862 1.9643048 1.8707064 1.9826634 1.9420757 5.1263828 1.8760446 1.9325730 1.8730492 1.8775701 1.8557869 1.9354215 1.8382664 1.4733654 1.7576048 1.7965695 1.9230110 2.0504807 2.0977782 1.9420392 1.9593460 2.1890607 2.8443358 2.0901953 2.5311571 1.9612124 1.8365822 2.0484478 2.2143845 2.0087153 2.3259715 1.7898075 1.7797074 1.7819312 0.0000000 
