40
Candida_glabrata                            0.0000000 0.3833021 0.4794360 0.3686381 0.2315613 0.5512813 0.2658680 0.2235813 0.3711542 0.3588788 1.1191417 0.3094138 0.3357584 0.3620210 0.3327961 0.3463132 0.3752308 0.3326273 0.3864236 0.3636727 0.3408540 0.3119148 0.3351723 0.3629001 0.3233543 0.3949842 0.3721706 0.3022576 0.3326543 0.4067237 0.3625640 0.3217332 0.3669249 0.3695837 0.3602999 0.3721519 0.3927041 0.3645779 0.3708093 0.3801466 
Kazachstania_africana                       0.3833021 0.0000000 0.5620870 0.3858399 0.3816886 0.4791129 0.3713180 0.3607104 0.2986225 0.3434987 1.1890623 0.3208440 0.3092809 0.3442400 0.3475064 0.3467196 0.3221525 0.3330316 0.3237936 0.3411656 0.3039062 0.2671261 0.3214269 0.3059297 0.3183786 0.3628634 0.3860009 0.3741725 0.3647825 0.3648353 0.2856948 0.3070511 0.3319702 0.2647159 0.3238676 0.3604145 0.3350792 0.3486631 0.3553641 0.3863303 
Kazachstania_naganishii                     0.4794360 0.5620870 0.0000000 0.4811454 0.4138397 0.5278631 0.4303146 0.4399249 0.5313004 0.5600948 1.0228125 0.4968071 0.5085286 0.4885698 0.4922175 0.5377601 0.5100807 0.4814886 0.6237239 0.6427817 0.5491648 0.5243379 0.5552002 0.5889234 0.4984137 0.5586168 0.4047629 0.4289845 0.4506094 0.5418508 0.6211930 0.5459403 0.4929397 0.5883423 0.5238572 0.5440213 0.6817363 0.5712063 0.6486288 0.6013545 
Nakaseomyces_bacillisporus                  0.3686381 0.3858399 0.4811454 0.0000000 0.3140258 0.6436904 0.3495947 0.3229944 0.3094368 0.3380967 1.1523915 0.3293991 0.3378972 0.3340282 0.3434966 0.3940036 0.3691803 0.3173755 0.3940508 0.3833836 0.3160136 0.3594188 0.3599056 0.3320605 0.3514929 0.3981580 0.3886114 0.3542306 0.3441495 0.3768834 0.3417021 0.3274580 0.3572577 0.3751561 0.3661795 0.3069752 0.3947034 0.4047489 0.4398443 0.4257835 
Nakaseomyces_bracarensis                    0.2315613 0.3816886 0.4138397 0.3140258 0.0000000 0.5438760 0.1959065 0.1570104 0.3601579 0.3973274 1.0050914 0.3332966 0.3552410 0.3272615 0.3233130 0.3254955 0.3544145 0.3290124 0.3741476 0.3747161 0.3042512 0.3051861 0.3449919 0.3538902 0.3378963 0.4161641 0.3443258 0.3398553 0.3522198 0.3683823 0.3682207 0.3452029 0.3300774 0.3683483 0.3219451 0.3688870 0.3945016 0.3506484 0.3746834 0.4022142 
Nakaseomyces_castellii                      0.5512813 0.4791129 0.5278631 0.6436904 0.5438760 0.0000000 0.5471204 0.5297555 0.5555796 0.5729027 1.0740537 0.5251850 0.5727658 0.5803440 0.5306515 0.5464344 0.5685406 0.5576707 0.5305248 0.5889571 0.5590647 0.4941375 0.5830726 0.5738959 0.4961361 0.5456884 0.5785171 0.4853302 0.5524505 0.6645158 0.5511484 0.4948160 0.5908631 0.5657860 0.5655366 0.6329937 0.6214874 0.5648183 0.5627584 0.6267949 
Nakaseomyces_delphensis                     0.2658680 0.3713180 0.4303146 0.3495947 0.1959065 0.5471204 0.0000000 0.1457530 0.3691055 0.3978683 1.0845433 0.3596207 0.3892792 0.3698067 0.3575185 0.3514523 0.3711707 0.3479009 0.3761106 0.4159688 0.3351069 0.3506230 0.3585404 0.4052370 0.3563427 0.3949633 0.3411067 0.3403417 0.3477936 0.3913200 0.3806863 0.3485389 0.3726116 0.3720227 0.3396009 0.3861847 0.4748497 0.3691880 0.4325630 0.3972929 
Nakaseomyces_nivariensis                    0.2235813 0.3607104 0.4399249 0.3229944 0.1570104 0.5297555 0.1457530 0.0000000 0.3613101 0.4111090 1.0164271 0.3463446 0.3526391 0.3276313 0.3633863 0.3441881 0.3683086 0.3430650 0.3850127 0.3383545 0.3278850 0.3049013 0.3252225 0.3918886 0.3366834 0.3671081 0.3431043 0.3209369 0.3231824 0.3636661 0.3599814 0.3417812 0.3311991 0.3771371 0.2924181 0.3751812 0.3725634 0.3666466 0.3778654 0.3523373 
Naumovozyma_castellii                       0.3711542 0.2986225 0.5313004 0.3094368 0.3601579 0.5555796 0.3691055 0.3613101 0.0000000 0.2161257 1.3981541 0.2917092 0.3237560 0.2987199 0.2936260 0.3096522 0.3228086 0.2840825 0.3525023 0.3399306 0.2843660 0.2750157 0.2811642 0.2849604 0.2465147 0.2704011 0.3792207 0.3587131 0.3628885 0.3286013 0.2948116 0.2868311 0.3080656 0.3062104 0.2931219 0.3142213 0.3268856 0.3199913 0.3542163 0.3591278 
Naumovozyma_dairenensis                     0.3588788 0.3434987 0.5600948 0.3380967 0.3973274 0.5729027 0.3978683 0.4111090 0.2161257 0.0000000 1.4358786 0.2897920 0.3243512 0.3435204 0.3190633 0.3086555 0.3204935 0.3280488 0.3402667 0.3381345 0.3125954 0.2721449 0.2861953 0.2687212 0.2815456 0.2961265 0.4077351 0.3439237 0.3546821 0.3373488 0.2812180 0.2919754 0.3217107 0.3131297 0.3341695 0.2730507 0.3449528 0.2759184 0.3289779 0.3808096 
Neurospora_crassa                           1.1191417 1.1890623 1.0228125 1.1523915 1.0050914 1.0740537 1.0845433 1.0164271 1.3981541 1.4358786 0.0000000 1.2254005 1.1644471 1.1033411 1.1567496 1.1610902 1.2216368 1.0738440 1.3512742 1.3875893 1.2655192 1.3166967 1.3208706 1.2469737 1.2821472 1.4880391 1.1793981 1.2467958 1.2381946 1.4035857 1.3558327 1.2674612 1.3313974 1.3349908 1.3133716 1.2848837 1.4282629 1.2275918 1.3315693 1.2502300 
Saccharomyces_arboricola                    0.3094138 0.3208440 0.4968071 0.3293991 0.3332966 0.5251850 0.3596207 0.3463446 0.2917092 0.2897920 1.2254005 0.0000000 0.1550771 0.1606649 0.1176532 0.1617851 0.1474794 0.1476093 0.3413586 0.3503983 0.3314293 0.2752142 0.2981553 0.3193371 0.3130487 0.3567500 0.3263524 0.3447568 0.3694250 0.3663255 0.3048305 0.2661172 0.3080531 0.3253497 0.3284102 0.3370129 0.3819952 0.3247971 0.3598458 0.3359550 
Saccharomyces_cerevisiae                    0.3357584 0.3092809 0.5085286 0.3378972 0.3552410 0.5727658 0.3892792 0.3526391 0.3237560 0.3243512 1.1644471 0.1550771 0.0000000 0.1759271 0.1578425 0.1350131 0.0770293 0.1677824 0.3403961 0.3800998 0.3635268 0.3477992 0.3473953 0.3506579 0.3747249 0.3974723 0.3835728 0.3664223 0.3905744 0.3861549 0.3360768 0.3253804 0.3661518 0.3681772 0.3766177 0.3853977 0.3534981 0.3465765 0.3740218 0.3869897 
Saccharomyces_eubayanus                     0.3620210 0.3442400 0.4885698 0.3340282 0.3272615 0.5803440 0.3698067 0.3276313 0.2987199 0.3435204 1.1033411 0.1606649 0.1759271 0.0000000 0.1537709 0.1886022 0.1858748 0.0473900 0.4029481 0.3802561 0.3496160 0.3304032 0.3308812 0.3746052 0.3659860 0.4074087 0.3385442 0.3518181 0.3864719 0.3896966 0.3820264 0.3060570 0.3460403 0.3994999 0.3600327 0.3309086 0.4071881 0.3622646 0.3823848 0.4006435 
Saccharomyces_kudriavzevii                  0.3327961 0.3475064 0.4922175 0.3434966 0.3233130 0.5306515 0.3575185 0.3633863 0.2936260 0.3190633 1.1567496 0.1176532 0.1578425 0.1537709 0.0000000 0.1389368 0.1559335 0.1514511 0.3458636 0.3467613 0.3482486 0.3307314 0.3265839 0.3455588 0.3316397 0.3715559 0.3297712 0.3387728 0.4144353 0.4088181 0.3577413 0.2935578 0.3303136 0.3853664 0.3357437 0.3742170 0.3695229 0.3299553 0.3547007 0.3503296 
Saccharomyces_mikatae                       0.3463132 0.3467196 0.5377601 0.3940036 0.3254955 0.5464344 0.3514523 0.3441881 0.3096522 0.3086555 1.1610902 0.1617851 0.1350131 0.1886022 0.1389368 0.0000000 0.1350122 0.1866896 0.3279231 0.3461699 0.3720684 0.3291357 0.3472648 0.3561661 0.3448333 0.3969686 0.3366163 0.3598458 0.4232258 0.4022643 0.3268872 0.2887879 0.3902841 0.3456513 0.3593139 0.3691740 0.3718885 0.3338241 0.3488777 0.3969315 
Saccharomyces_paradoxus                     0.3752308 0.3221525 0.5100807 0.3691803 0.3544145 0.5685406 0.3711707 0.3683086 0.3228086 0.3204935 1.2216368 0.1474794 0.0770293 0.1858748 0.1559335 0.1350122 0.0000000 0.1716736 0.3344897 0.3768007 0.3820046 0.3334781 0.3491431 0.3734001 0.3749972 0.4129395 0.3600541 0.3987637 0.4098955 0.4090157 0.3272022 0.3124610 0.3686943 0.3567430 0.3798092 0.3886055 0.3841980 0.3511344 0.3741400 0.4143720 
Saccharomyces_uvarum                        0.3326273 0.3330316 0.4814886 0.3173755 0.3290124 0.5576707 0.3479009 0.3430650 0.2840825 0.3280488 1.0738440 0.1476093 0.1677824 0.0473900 0.1514511 0.1866896 0.1716736 0.0000000 0.3824073 0.3725148 0.3242079 0.3265147 0.3187707 0.3639619 0.3407932 0.3936282 0.3250697 0.3353544 0.3644337 0.3811642 0.3623870 0.3008021 0.3353787 0.3911882 0.3491767 0.3285192 0.3831880 0.3597659 0.3670200 0.4036521 
Tetrapisispora_blattae                      0.3864236 0.3237936 0.6237239 0.3940508 0.3741476 0.5305248 0.3761106 0.3850127 0.3525023 0.3402667 1.3512742 0.3413586 0.3403961 0.4029481 0.3458636 0.3279231 0.3344897 0.3824073 0.0000000 0.3436062 0.3359930 0.2713587 0.3068636 0.3051788 0.3468285 0.3280616 0.3703091 0.4378601 0.4094030 0.3457706 0.2794568 0.2877079 0.3524472 0.3040658 0.3629831 0.3484844 0.3151292 0.3058390 0.3451539 0.2902834 
Tetrapisispora_phaffii                      0.3636727 0.3411656 0.6427817 0.3833836 0.3747161 0.5889571 0.4159688 0.3383545 0.3399306 0.3381345 1.3875893 0.3503983 0.3800998 0.3802561 0.3467613 0.3461699 0.3768007 0.3725148 0.3436062 0.0000000 0.2909405 0.2941649 0.3777585 0.3253887 0.3424245 0.3986197 0.4649850 0.4391773 0.4071975 0.4026814 0.3270084 0.3531030 0.3698456 0.3442767 0.3632910 0.4091606 0.1914539 0.2022860 0.1863048 0.3628109 
Vanderwaltozyma_polyspora                   0.3408540 0.3039062 0.5491648 0.3160136 0.3042512 0.5590647 0.3351069 0.3278850 0.2843660 0.3125954 1.2655192 0.3314293 0.3635268 0.3496160 0.3482486 0.3720684 0.3820046 0.3242079 0.3359930 0.2909405 0.0000000 0.2826381 0.3640169 0.2906265 0.3689265 0.4177655 0.4198629 0.3610139 0.3544562 0.3798112 0.2907384 0.3306659 0.3535895 0.3072338 0.3564742 0.3701093 0.2821169 0.2865751 0.3036177 0.3624819 
yHAB132_Kazachstania_martiniae              0.3119148 0.2671261 0.5243379 0.3594188 0.3051861 0.4941375 0.3506230 0.3049013 0.2750157 0.2721449 1.3166967 0.2752142 0.3477992 0.3304032 0.3307314 0.3291357 0.3334781 0.3265147 0.2713587 0.2941649 0.2826381 0.0000000 0.2814385 0.2530606 0.2488770 0.3050426 0.3499777 0.3790535 0.3336026 0.2992547 0.2055708 0.2478842 0.3217795 0.2375743 0.3162447 0.3155225 0.3203113 0.3297938 0.3196184 0.3019770 
yHAB133_Kazachstania_unispora               0.3351723 0.3214269 0.5552002 0.3599056 0.3449919 0.5830726 0.3585404 0.3252225 0.2811642 0.2861953 1.3208706 0.2981553 0.3473953 0.3308812 0.3265839 0.3472648 0.3491431 0.3187707 0.3068636 0.3777585 0.3640169 0.2814385 0.0000000 0.2772440 0.2810331 0.1579169 0.3244219 0.3698508 0.4173687 0.2590506 0.3051488 0.2846480 0.1298979 0.2696517 0.1145773 0.2779097 0.3881806 0.3691931 0.4213719 0.3686010 
yHAB134_Kazachstania_turicensis             0.3629001 0.3059297 0.5889234 0.3320605 0.3538902 0.5738959 0.4052370 0.3918886 0.2849604 0.2687212 1.2469737 0.3193371 0.3506579 0.3746052 0.3455588 0.3561661 0.3734001 0.3639619 0.3051788 0.3253887 0.2906265 0.2530606 0.2772440 0.0000000 0.2881920 0.3062205 0.3828649 0.3639373 0.3667814 0.3128633 0.2205034 0.2715016 0.3210708 0.2117699 0.3200157 0.3257814 0.3040208 0.2922879 0.3477653 0.3417806 
yHAB136_Kazachstania_bromeliacearum         0.3233543 0.3183786 0.4984137 0.3514929 0.3378963 0.4961361 0.3563427 0.3366834 0.2465147 0.2815456 1.2821472 0.3130487 0.3747249 0.3659860 0.3316397 0.3448333 0.3749972 0.3407932 0.3468285 0.3424245 0.3689265 0.2488770 0.2810331 0.2881920 0.0000000 0.2771000 0.3419566 0.3151808 0.3795239 0.3064886 0.2792458 0.2604985 0.3092154 0.2733033 0.3228411 0.3131355 0.3827224 0.3366407 0.3839960 0.3694652 
yHAB143_Kazachstania_siamensis              0.3949842 0.3628634 0.5586168 0.3981580 0.4161641 0.5456884 0.3949633 0.3671081 0.2704011 0.2961265 1.4880391 0.3567500 0.3974723 0.4074087 0.3715559 0.3969686 0.4129395 0.3936282 0.3280616 0.3986197 0.4177655 0.3050426 0.1579169 0.3062205 0.2771000 0.0000000 0.3447677 0.3918904 0.4021979 0.3002683 0.3144048 0.3301741 0.2027931 0.3000621 0.2005190 0.3193555 0.4044929 0.3852215 0.4403727 0.3700371 
yHAB147_Kazachstania_taianensis             0.3721706 0.3860009 0.4047629 0.3886114 0.3443258 0.5785171 0.3411067 0.3431043 0.3792207 0.4077351 1.1793981 0.3263524 0.3835728 0.3385442 0.3297712 0.3366163 0.3600541 0.3250697 0.3703091 0.4649850 0.4198629 0.3499777 0.3244219 0.3828649 0.3419566 0.3447677 0.0000000 0.3485965 0.3688737 0.3583281 0.3487644 0.3338345 0.3312655 0.3793586 0.3160039 0.3222935 0.4615811 0.4156296 0.4568441 0.4077293 
yHAB148_Kazachstania_intestinalis           0.3022576 0.3741725 0.4289845 0.3542306 0.3398553 0.4853302 0.3403417 0.3209369 0.3587131 0.3439237 1.2467958 0.3447568 0.3664223 0.3518181 0.3387728 0.3598458 0.3987637 0.3353544 0.4378601 0.4391773 0.3610139 0.3790535 0.3698508 0.3639373 0.3151808 0.3918904 0.3485965 0.0000000 0.4175216 0.3773382 0.3912124 0.3343387 0.4022217 0.3964281 0.4021963 0.3963104 0.4130167 0.4080616 0.4407690 0.4548839 
yHAB153_Kazachstania_rosinii                0.3326543 0.3647825 0.4506094 0.3441495 0.3522198 0.5524505 0.3477936 0.3231824 0.3628885 0.3546821 1.2381946 0.3694250 0.3905744 0.3864719 0.4144353 0.4232258 0.4098955 0.3644337 0.4094030 0.4071975 0.3544562 0.3336026 0.4173687 0.3667814 0.3795239 0.4021979 0.3688737 0.4175216 0.0000000 0.4350871 0.2895964 0.3405124 0.3811932 0.3396838 0.3825822 0.3738681 0.4431337 0.4022451 0.4238112 0.4255404 
yHAB154_Kazachstania_transvaalensis         0.4067237 0.3648353 0.5418508 0.3768834 0.3683823 0.6645158 0.3913200 0.3636661 0.3286013 0.3373488 1.4035857 0.3663255 0.3861549 0.3896966 0.4088181 0.4022643 0.4090157 0.3811642 0.3457706 0.4026814 0.3798112 0.2992547 0.2590506 0.3128633 0.3064886 0.3002683 0.3583281 0.3773382 0.4350871 0.0000000 0.2764162 0.2918478 0.2862992 0.3052244 0.2875806 0.1727937 0.4428112 0.3482538 0.4124045 0.4568123 
yHAB155_Kazachstania_spencerorum            0.3625640 0.2856948 0.6211930 0.3417021 0.3682207 0.5511484 0.3806863 0.3599814 0.2948116 0.2812180 1.3558327 0.3048305 0.3360768 0.3820264 0.3577413 0.3268872 0.3272022 0.3623870 0.2794568 0.3270084 0.2907384 0.2055708 0.3051488 0.2205034 0.2792458 0.3144048 0.3487644 0.3912124 0.2895964 0.2764162 0.0000000 0.2253882 0.3249058 0.1984619 0.3100805 0.2638600 0.3165801 0.2775814 0.3531630 0.3376123 
yHAB158_Kazachstania_viticola               0.3217332 0.3070511 0.5459403 0.3274580 0.3452029 0.4948160 0.3485389 0.3417812 0.2868311 0.2919754 1.2674612 0.2661172 0.3253804 0.3060570 0.2935578 0.2887879 0.3124610 0.3008021 0.2877079 0.3531030 0.3306659 0.2478842 0.2846480 0.2715016 0.2604985 0.3301741 0.3338345 0.3343387 0.3405124 0.2918478 0.2253882 0.0000000 0.2767658 0.2824380 0.2704505 0.2982239 0.3637395 0.3437832 0.3368927 0.2871241 
yHAB159_Kazachstania_solicola               0.3669249 0.3319702 0.4929397 0.3572577 0.3300774 0.5908631 0.3726116 0.3311991 0.3080656 0.3217107 1.3313974 0.3080531 0.3661518 0.3460403 0.3303136 0.3902841 0.3686943 0.3353787 0.3524472 0.3698456 0.3535895 0.3217795 0.1298979 0.3210708 0.3092154 0.2027931 0.3312655 0.4022217 0.3811932 0.2862992 0.3249058 0.2767658 0.0000000 0.3298159 0.0648522 0.2749415 0.3926984 0.3366369 0.4215688 0.3550631 
yHAB160_Kazachstania_kunashirensis          0.3695837 0.2647159 0.5883423 0.3751561 0.3683483 0.5657860 0.3720227 0.3771371 0.3062104 0.3131297 1.3349908 0.3253497 0.3681772 0.3994999 0.3853664 0.3456513 0.3567430 0.3911882 0.3040658 0.3442767 0.3072338 0.2375743 0.2696517 0.2117699 0.2733033 0.3000621 0.3793586 0.3964281 0.3396838 0.3052244 0.1984619 0.2824380 0.3298159 0.0000000 0.3205969 0.3228970 0.3179861 0.3137923 0.3807101 0.3284115 
yHAB164_Kazachstania_aerobia                0.3602999 0.3238676 0.5238572 0.3661795 0.3219451 0.5655366 0.3396009 0.2924181 0.2931219 0.3341695 1.3133716 0.3284102 0.3766177 0.3600327 0.3357437 0.3593139 0.3798092 0.3491767 0.3629831 0.3632910 0.3564742 0.3162447 0.1145773 0.3200157 0.3228411 0.2005190 0.3160039 0.4021963 0.3825822 0.2875806 0.3100805 0.2704505 0.0648522 0.3205969 0.0000000 0.2954091 0.3820701 0.3630855 0.4336329 0.3419471 
yHAB166_Kazachstania_yakushimaensis         0.3721519 0.3604145 0.5440213 0.3069752 0.3688870 0.6329937 0.3861847 0.3751812 0.3142213 0.2730507 1.2848837 0.3370129 0.3853977 0.3309086 0.3742170 0.3691740 0.3886055 0.3285192 0.3484844 0.4091606 0.3701093 0.3155225 0.2779097 0.3257814 0.3131355 0.3193555 0.3222935 0.3963104 0.3738681 0.1727937 0.2638600 0.2982239 0.2749415 0.3228970 0.2954091 0.0000000 0.4240473 0.3278047 0.4185212 0.4061072 
yHMPu5000034875_Tetrapisispora_fleetii      0.3927041 0.3350792 0.6817363 0.3947034 0.3945016 0.6214874 0.4748497 0.3725634 0.3268856 0.3449528 1.4282629 0.3819952 0.3534981 0.4071881 0.3695229 0.3718885 0.3841980 0.3831880 0.3151292 0.1914539 0.2821169 0.3203113 0.3881806 0.3040208 0.3827224 0.4044929 0.4615811 0.4130167 0.4431337 0.4428112 0.3165801 0.3637395 0.3926984 0.3179861 0.3820701 0.4240473 0.0000000 0.2184880 0.1342753 0.3550814 
yHMPu5000034876_Tetrapisispora_iriomotensis 0.3645779 0.3486631 0.5712063 0.4047489 0.3506484 0.5648183 0.3691880 0.3666466 0.3199913 0.2759184 1.2275918 0.3247971 0.3465765 0.3622646 0.3299553 0.3338241 0.3511344 0.3597659 0.3058390 0.2022860 0.2865751 0.3297938 0.3691931 0.2922879 0.3366407 0.3852215 0.4156296 0.4080616 0.4022451 0.3482538 0.2775814 0.3437832 0.3366369 0.3137923 0.3630855 0.3278047 0.2184880 0.0000000 0.2150212 0.3414168 
yHMPu5000034877_Tetrapisispora_namnaonensis 0.3708093 0.3553641 0.6486288 0.4398443 0.3746834 0.5627584 0.4325630 0.3778654 0.3542163 0.3289779 1.3315693 0.3598458 0.3740218 0.3823848 0.3547007 0.3488777 0.3741400 0.3670200 0.3451539 0.1863048 0.3036177 0.3196184 0.4213719 0.3477653 0.3839960 0.4403727 0.4568441 0.4407690 0.4238112 0.4124045 0.3531630 0.3368927 0.4215688 0.3807101 0.4336329 0.4185212 0.1342753 0.2150212 0.0000000 0.4077085 
yHMPu5000035629_Yueomyces_sinensis          0.3801466 0.3863303 0.6013545 0.4257835 0.4022142 0.6267949 0.3972929 0.3523373 0.3591278 0.3808096 1.2502300 0.3359550 0.3869897 0.4006435 0.3503296 0.3969315 0.4143720 0.4036521 0.2902834 0.3628109 0.3624819 0.3019770 0.3686010 0.3417806 0.3694652 0.3700371 0.4077293 0.4548839 0.4255404 0.4568123 0.3376123 0.2871241 0.3550631 0.3284115 0.3419471 0.4061072 0.3550814 0.3414168 0.4077085 0.0000000 
