40
Candida_glabrata                            0.0000000 0.6077998 0.6558121 0.7167903 0.4463976 0.8975131 0.4677476 0.4192138 0.6039852 0.6298990 1.7276543 0.7169641 0.7227530 0.6820831 0.7028240 0.7289702 0.7150341 0.6797896 0.8067573 0.7295371 0.6909280 0.6866881 0.6349729 0.5955821 0.6073007 0.6231014 0.6595877 0.6846671 0.6831965 0.6727356 0.6288545 0.6830103 0.5852848 0.5860598 0.6383101 0.6524302 0.6866149 0.7021865 0.7216317 0.6690555 
Kazachstania_africana                       0.6077998 0.0000000 0.5769294 0.7069894 0.6253220 0.8152269 0.5953097 0.5759716 0.4530401 0.4408468 1.8530973 0.5211469 0.5538888 0.5112810 0.5214658 0.5209612 0.5509710 0.4932672 0.6569130 0.5674724 0.4921711 0.5176976 0.5763170 0.5398437 0.4550272 0.5629859 0.6027260 0.5923855 0.4109137 0.6244761 0.4729734 0.4885091 0.5556876 0.4841273 0.6057575 0.5806592 0.5506918 0.5936708 0.5700171 0.5394220 
Kazachstania_naganishii                     0.6558121 0.5769294 0.0000000 0.7848669 0.6961841 0.8613080 0.7132144 0.6848643 0.6234232 0.5766674 1.7369480 0.6340261 0.7192550 0.6681231 0.6731497 0.6881033 0.6898110 0.6579271 0.7306351 0.6750784 0.7144907 0.6293142 0.6576183 0.6262262 0.5132343 0.6443871 0.5535278 0.6656872 0.6090844 0.6438579 0.5937806 0.6599133 0.6252467 0.6384538 0.6569361 0.6318139 0.6919593 0.6789251 0.6605733 0.6976528 
Nakaseomyces_bacillisporus                  0.7167903 0.7069894 0.7848669 0.0000000 0.7976035 0.8540918 0.8096047 0.7867145 0.7469245 0.7158427 1.8781333 0.7341442 0.7692230 0.7420200 0.7728254 0.7484581 0.7619069 0.7647744 0.8007437 0.7854357 0.7337518 0.7604822 0.8586564 0.7092361 0.7051509 0.8197152 0.7468221 0.8180663 0.7040226 0.7397941 0.7281251 0.7241412 0.8406231 0.6462645 0.8654835 0.7540733 0.8240669 0.7311598 0.7899043 0.8029923 
Nakaseomyces_bracarensis                    0.4463976 0.6253220 0.6961841 0.7976035 0.0000000 0.9174175 0.3187894 0.3037663 0.5869133 0.6894689 1.8692174 0.6861242 0.7322024 0.7081934 0.6995094 0.7408459 0.7047811 0.6903775 0.7843622 0.6790266 0.6992501 0.7118556 0.6675392 0.6849504 0.6655619 0.6395447 0.6684993 0.7078245 0.6264932 0.7373667 0.6626208 0.7152710 0.6775724 0.6674166 0.7007983 0.6866361 0.6743782 0.6573398 0.6978923 0.7476005 
Nakaseomyces_castellii                      0.8975131 0.8152269 0.8613080 0.8540918 0.9174175 0.0000000 0.9206296 0.8648435 0.8186407 0.8265597 1.6307338 0.8695054 0.9245127 0.8713166 0.8556750 0.8961387 0.8963093 0.8648064 0.9226652 0.9248187 0.8818322 0.8914951 0.9618591 0.8547702 0.8946677 0.9087636 0.8469400 0.9513404 0.8381501 0.9197744 0.8817270 0.9311595 0.9520576 0.8529880 0.9897228 0.9237657 0.8658401 0.8545540 0.8440053 0.8872334 
Nakaseomyces_delphensis                     0.4677476 0.5953097 0.7132144 0.8096047 0.3187894 0.9206296 0.0000000 0.2492579 0.6314101 0.6689699 1.8086041 0.7363343 0.7831415 0.6980596 0.7365763 0.7684051 0.7287812 0.6826488 0.8390344 0.7547346 0.7278604 0.7599914 0.6658532 0.7070848 0.6817382 0.6667444 0.7346931 0.7026030 0.6421452 0.7487030 0.7146036 0.6950351 0.6661185 0.6881145 0.7110636 0.6852795 0.7321742 0.7145454 0.7403863 0.7759521 
Nakaseomyces_nivariensis                    0.4192138 0.5759716 0.6848643 0.7867145 0.3037663 0.8648435 0.2492579 0.0000000 0.6107098 0.6900413 1.9556430 0.6937309 0.7145124 0.6660201 0.6883470 0.7521769 0.6915199 0.6822310 0.8071361 0.6288370 0.7009274 0.6942248 0.6325623 0.6727055 0.6180395 0.6210628 0.6252325 0.6966687 0.6073146 0.6443823 0.6321963 0.6784025 0.6131822 0.6645898 0.6351590 0.6324116 0.6723829 0.6506677 0.6631016 0.6860610 
Naumovozyma_castellii                       0.6039852 0.4530401 0.6234232 0.7469245 0.5869133 0.8186407 0.6314101 0.6107098 0.0000000 0.4398982 1.8528420 0.5007045 0.5357362 0.4697785 0.4793773 0.5212382 0.5288567 0.4741676 0.6426673 0.5797375 0.5308345 0.5567904 0.5466901 0.5068714 0.4681068 0.5551160 0.5469030 0.5824113 0.4628329 0.6032029 0.5080911 0.5214575 0.5435733 0.5099186 0.6150433 0.5814314 0.6065031 0.5647128 0.5905514 0.5122643 
Naumovozyma_dairenensis                     0.6298990 0.4408468 0.5766674 0.7158427 0.6894689 0.8265597 0.6689699 0.6900413 0.4398982 0.0000000 1.9272227 0.5737824 0.5629735 0.5466871 0.5595818 0.5569371 0.5620972 0.5302063 0.6502694 0.5752274 0.5546985 0.5214699 0.6035996 0.5373820 0.5017627 0.5837259 0.6106302 0.6302529 0.5011104 0.6276779 0.5441767 0.5322048 0.6227356 0.5455090 0.6021008 0.5794814 0.5983034 0.5502283 0.5859704 0.5507329 
Neurospora_crassa                           1.7276543 1.8530973 1.7369480 1.8781333 1.8692174 1.6307338 1.8086041 1.9556430 1.8528420 1.9272227 0.0000000 1.8689851 1.9508644 1.8902003 1.8414719 2.0046818 1.9089606 1.9011989 2.0641842 1.9857395 2.0293915 1.7938754 2.1336341 1.9716567 1.9278231 2.0547395 1.6508860 1.9303308 1.8574405 1.9815078 1.6802603 1.8745631 1.9650534 1.8384998 2.0677297 1.9253306 2.0684774 1.9159504 2.1277161 1.9967532 
Saccharomyces_arboricola                    0.7169641 0.5211469 0.6340261 0.7341442 0.6861242 0.8695054 0.7363343 0.6937309 0.5007045 0.5737824 1.8689851 0.0000000 0.1897434 0.1483140 0.1550087 0.1892767 0.1666303 0.1537009 0.6376912 0.5969768 0.5101106 0.6072245 0.6767641 0.6000707 0.5619910 0.6628396 0.6012500 0.6708934 0.5292470 0.6799604 0.5859965 0.5746835 0.6415046 0.5598290 0.6975599 0.6517295 0.6547179 0.6190221 0.6510440 0.5919252 
Saccharomyces_cerevisiae                    0.7227530 0.5538888 0.7192550 0.7692230 0.7322024 0.9245127 0.7831415 0.7145124 0.5357362 0.5629735 1.9508644 0.1897434 0.0000000 0.2024628 0.1911397 0.1648653 0.0959877 0.1959329 0.6593076 0.6455426 0.5452498 0.6323875 0.6792467 0.6362238 0.6183022 0.6962140 0.6345406 0.6871963 0.5625867 0.6677906 0.6229687 0.6286587 0.6675393 0.5933568 0.7613064 0.6752701 0.6751262 0.6686977 0.6642075 0.6129055 
Saccharomyces_eubayanus                     0.6820831 0.5112810 0.6681231 0.7420200 0.7081934 0.8713166 0.6980596 0.6660201 0.4697785 0.5466871 1.8902003 0.1483140 0.2024628 0.0000000 0.1529246 0.1824071 0.1818156 0.0517553 0.6214398 0.5875031 0.5044677 0.5760454 0.6608702 0.5782210 0.5549713 0.6762897 0.6411908 0.6540668 0.5175670 0.6775046 0.5474335 0.5682531 0.6210961 0.5528263 0.6845895 0.6339151 0.6418845 0.5799129 0.6080760 0.5871120 
Saccharomyces_kudriavzevii                  0.7028240 0.5214658 0.6731497 0.7728254 0.6995094 0.8556750 0.7365763 0.6883470 0.4793773 0.5595818 1.8414719 0.1550087 0.1911397 0.1529246 0.0000000 0.1812802 0.1603579 0.1496956 0.6436461 0.6053096 0.5358656 0.5570502 0.6882817 0.5690636 0.5513371 0.6844642 0.6321363 0.6435161 0.5354277 0.6621859 0.5962957 0.5657415 0.6790697 0.5491813 0.7098143 0.6584309 0.6638405 0.6314000 0.6580726 0.5769499 
Saccharomyces_mikatae                       0.7289702 0.5209612 0.6881033 0.7484581 0.7408459 0.8961387 0.7684051 0.7521769 0.5212382 0.5569371 2.0046818 0.1892767 0.1648653 0.1824071 0.1812802 0.0000000 0.1410075 0.1733510 0.6522906 0.5981963 0.5487156 0.5797914 0.6660230 0.6103336 0.5696154 0.6837950 0.6462570 0.6823923 0.5477362 0.6909365 0.5674783 0.6034256 0.6503856 0.5699178 0.6941861 0.6775150 0.6722907 0.6318317 0.6759169 0.5937418 
Saccharomyces_paradoxus                     0.7150341 0.5509710 0.6898110 0.7619069 0.7047811 0.8963093 0.7287812 0.6915199 0.5288567 0.5620972 1.9089606 0.1666303 0.0959877 0.1818156 0.1603579 0.1410075 0.0000000 0.1808117 0.6624965 0.6269847 0.5394831 0.6160181 0.6761787 0.6320472 0.5957889 0.6935261 0.6332919 0.6884866 0.5409579 0.7036837 0.6083016 0.6039922 0.6469310 0.5734279 0.7453766 0.7090780 0.6488669 0.6486790 0.6494466 0.5988645 
Saccharomyces_uvarum                        0.6797896 0.4932672 0.6579271 0.7647744 0.6903775 0.8648064 0.6826488 0.6822310 0.4741676 0.5302063 1.9011989 0.1537009 0.1959329 0.0517553 0.1496956 0.1733510 0.1808117 0.0000000 0.6417038 0.5979673 0.5021108 0.5768461 0.6713183 0.5891457 0.5739471 0.6603433 0.6302535 0.6620439 0.5144615 0.6967030 0.5772703 0.5769847 0.6164689 0.5606802 0.6890729 0.6298100 0.6492654 0.5857568 0.6140845 0.5676748 
Tetrapisispora_blattae                      0.8067573 0.6569130 0.7306351 0.8007437 0.7843622 0.9226652 0.8390344 0.8071361 0.6426673 0.6502694 2.0641842 0.6376912 0.6593076 0.6214398 0.6436461 0.6522906 0.6624965 0.6417038 0.0000000 0.6707557 0.5737147 0.6438235 0.7734198 0.6709458 0.6552238 0.7762449 0.7627442 0.7452262 0.6799700 0.7195099 0.6309335 0.6413065 0.7613075 0.6557041 0.8005530 0.7141580 0.6647671 0.6174385 0.6521277 0.5267223 
Tetrapisispora_phaffii                      0.7295371 0.5674724 0.6750784 0.7854357 0.6790266 0.9248187 0.7547346 0.6288370 0.5797375 0.5752274 1.9857395 0.5969768 0.6455426 0.5875031 0.6053096 0.5981963 0.6269847 0.5979673 0.6707557 0.0000000 0.5360887 0.6130495 0.6565873 0.6254951 0.5938526 0.6584836 0.6758602 0.6732720 0.5989971 0.7229340 0.5679078 0.6321788 0.6546556 0.6107007 0.6763025 0.6321990 0.2463533 0.2954635 0.2360113 0.5523116 
Vanderwaltozyma_polyspora                   0.6909280 0.4921711 0.7144907 0.7337518 0.6992501 0.8818322 0.7278604 0.7009274 0.5308345 0.5546985 2.0293915 0.5101106 0.5452498 0.5044677 0.5358656 0.5487156 0.5394831 0.5021108 0.5737147 0.5360887 0.0000000 0.5935814 0.5723086 0.5892681 0.5534983 0.5971133 0.6338659 0.7320851 0.5309748 0.7000728 0.5195715 0.5530756 0.5671668 0.5516755 0.6103414 0.6477585 0.5384431 0.4963809 0.5477662 0.4788016 
yHAB132_Kazachstania_martiniae              0.6866881 0.5176976 0.6293142 0.7604822 0.7118556 0.8914951 0.7599914 0.6942248 0.5567904 0.5214699 1.7938754 0.6072245 0.6323875 0.5760454 0.5570502 0.5797914 0.6160181 0.5768461 0.6438235 0.6130495 0.5935814 0.0000000 0.5495633 0.5517749 0.4896542 0.5580666 0.5661790 0.6556561 0.5279772 0.5963362 0.5304225 0.5368424 0.6068337 0.5273891 0.5837573 0.6018798 0.6582723 0.6031502 0.6268498 0.5922519 
yHAB133_Kazachstania_unispora               0.6349729 0.5763170 0.6576183 0.8586564 0.6675392 0.9618591 0.6658532 0.6325623 0.5466901 0.6035996 2.1336341 0.6767641 0.6792467 0.6608702 0.6882817 0.6660230 0.6761787 0.6713183 0.7734198 0.6565873 0.5723086 0.5495633 0.0000000 0.6009822 0.5054389 0.2128680 0.6414010 0.6842678 0.5695228 0.5175891 0.5614750 0.6031211 0.1522585 0.6015936 0.1490777 0.4901011 0.6397767 0.6879107 0.6675792 0.6413135 
yHAB134_Kazachstania_turicensis             0.5955821 0.5398437 0.6262262 0.7092361 0.6849504 0.8547702 0.7070848 0.6727055 0.5068714 0.5373820 1.9716567 0.6000707 0.6362238 0.5782210 0.5690636 0.6103336 0.6320472 0.5891457 0.6709458 0.6254951 0.5892681 0.5517749 0.6009822 0.0000000 0.5545138 0.6324728 0.6186492 0.6437706 0.4648269 0.6207225 0.5047262 0.5151479 0.6199030 0.3704438 0.6211545 0.6124549 0.6725693 0.6618508 0.6693480 0.6289070 
yHAB136_Kazachstania_bromeliacearum         0.6073007 0.4550272 0.5132343 0.7051509 0.6655619 0.8946677 0.6817382 0.6180395 0.4681068 0.5017627 1.9278231 0.5619910 0.6183022 0.5549713 0.5513371 0.5696154 0.5957889 0.5739471 0.6552238 0.5938526 0.5534983 0.4896542 0.5054389 0.5545138 0.0000000 0.4834756 0.4151100 0.6188598 0.4582936 0.5326218 0.4511096 0.4849120 0.4750207 0.4962998 0.4983567 0.4880366 0.6287927 0.5723275 0.6533430 0.5245521 
yHAB143_Kazachstania_siamensis              0.6231014 0.5629859 0.6443871 0.8197152 0.6395447 0.9087636 0.6667444 0.6210628 0.5551160 0.5837259 2.0547395 0.6628396 0.6962140 0.6762897 0.6844642 0.6837950 0.6935261 0.6603433 0.7762449 0.6584836 0.5971133 0.5580666 0.2128680 0.6324728 0.4834756 0.0000000 0.5645877 0.6501266 0.5880521 0.4942178 0.6005442 0.6337044 0.2375724 0.6049139 0.2685961 0.5069289 0.6489598 0.6446238 0.6740051 0.6476077 
yHAB147_Kazachstania_taianensis             0.6595877 0.6027260 0.5535278 0.7468221 0.6684993 0.8469400 0.7346931 0.6252325 0.5469030 0.6106302 1.6508860 0.6012500 0.6345406 0.6411908 0.6321363 0.6462570 0.6332919 0.6302535 0.7627442 0.6758602 0.6338659 0.5661790 0.6414010 0.6186492 0.4151100 0.5645877 0.0000000 0.6009659 0.5595602 0.6348623 0.6289301 0.6507775 0.5908858 0.6046846 0.6614276 0.5944961 0.7109117 0.6743226 0.6951108 0.6580842 
yHAB148_Kazachstania_intestinalis           0.6846671 0.5923855 0.6656872 0.8180663 0.7078245 0.9513404 0.7026030 0.6966687 0.5824113 0.6302529 1.9303308 0.6708934 0.6871963 0.6540668 0.6435161 0.6823923 0.6884866 0.6620439 0.7452262 0.6732720 0.7320851 0.6556561 0.6842678 0.6437706 0.6188598 0.6501266 0.6009659 0.0000000 0.6366178 0.7257295 0.7030239 0.6566661 0.6927533 0.6243204 0.7666721 0.7069393 0.7217755 0.7104309 0.7011765 0.6334711 
yHAB153_Kazachstania_rosinii                0.6831965 0.4109137 0.6090844 0.7040226 0.6264932 0.8381501 0.6421452 0.6073146 0.4628329 0.5011104 1.8574405 0.5292470 0.5625867 0.5175670 0.5354277 0.5477362 0.5409579 0.5144615 0.6799700 0.5989971 0.5309748 0.5279772 0.5695228 0.4648269 0.4582936 0.5880521 0.5595602 0.6366178 0.0000000 0.6164502 0.4170287 0.4572379 0.5689015 0.4003026 0.6080999 0.5792284 0.6005453 0.6216516 0.6439029 0.5228902 
yHAB154_Kazachstania_transvaalensis         0.6727356 0.6244761 0.6438579 0.7397941 0.7373667 0.9197744 0.7487030 0.6443823 0.6032029 0.6276779 1.9815078 0.6799604 0.6677906 0.6775046 0.6621859 0.6909365 0.7036837 0.6967030 0.7195099 0.7229340 0.7000728 0.5963362 0.5175891 0.6207225 0.5326218 0.4942178 0.6348623 0.7257295 0.6164502 0.0000000 0.6365885 0.6141421 0.5424440 0.6435834 0.5377781 0.2020282 0.7524950 0.6693927 0.7365839 0.6780220 
yHAB155_Kazachstania_spencerorum            0.6288545 0.4729734 0.5937806 0.7281251 0.6626208 0.8817270 0.7146036 0.6321963 0.5080911 0.5441767 1.6802603 0.5859965 0.6229687 0.5474335 0.5962957 0.5674783 0.6083016 0.5772703 0.6309335 0.5679078 0.5195715 0.5304225 0.5614750 0.5047262 0.4511096 0.6005442 0.6289301 0.7030239 0.4170287 0.6365885 0.0000000 0.5195820 0.5593695 0.4582581 0.5715840 0.6176533 0.6009394 0.5838812 0.6284000 0.5404051 
yHAB158_Kazachstania_viticola               0.6830103 0.4885091 0.6599133 0.7241412 0.7152710 0.9311595 0.6950351 0.6784025 0.5214575 0.5322048 1.8745631 0.5746835 0.6286587 0.5682531 0.5657415 0.6034256 0.6039922 0.5769847 0.6413065 0.6321788 0.5530756 0.5368424 0.6031211 0.5151479 0.4849120 0.6337044 0.6507775 0.6566661 0.4572379 0.6141421 0.5195820 0.0000000 0.6561744 0.5198406 0.6615813 0.5742892 0.6861011 0.6380884 0.6755530 0.5786880 
yHAB159_Kazachstania_solicola               0.5852848 0.5556876 0.6252467 0.8406231 0.6775724 0.9520576 0.6661185 0.6131822 0.5435733 0.6227356 1.9650534 0.6415046 0.6675393 0.6210961 0.6790697 0.6503856 0.6469310 0.6164689 0.7613075 0.6546556 0.5671668 0.6068337 0.1522585 0.6199030 0.4750207 0.2375724 0.5908858 0.6927533 0.5689015 0.5424440 0.5593695 0.6561744 0.0000000 0.5979894 0.1085551 0.5032573 0.6436254 0.6702631 0.6583513 0.6418968 
yHAB160_Kazachstania_kunashirensis          0.5860598 0.4841273 0.6384538 0.6462645 0.6674166 0.8529880 0.6881145 0.6645898 0.5099186 0.5455090 1.8384998 0.5598290 0.5933568 0.5528263 0.5491813 0.5699178 0.5734279 0.5606802 0.6557041 0.6107007 0.5516755 0.5273891 0.6015936 0.3704438 0.4962998 0.6049139 0.6046846 0.6243204 0.4003026 0.6435834 0.4582581 0.5198406 0.5979894 0.0000000 0.6530560 0.6240042 0.6722791 0.6174793 0.6492691 0.5421507 
yHAB164_Kazachstania_aerobia                0.6383101 0.6057575 0.6569361 0.8654835 0.7007983 0.9897228 0.7110636 0.6351590 0.6150433 0.6021008 2.0677297 0.6975599 0.7613064 0.6845895 0.7098143 0.6941861 0.7453766 0.6890729 0.8005530 0.6763025 0.6103414 0.5837573 0.1490777 0.6211545 0.4983567 0.2685961 0.6614276 0.7666721 0.6080999 0.5377781 0.5715840 0.6615813 0.1085551 0.6530560 0.0000000 0.4997392 0.6670110 0.6873180 0.6775649 0.6474234 
yHAB166_Kazachstania_yakushimaensis         0.6524302 0.5806592 0.6318139 0.7540733 0.6866361 0.9237657 0.6852795 0.6324116 0.5814314 0.5794814 1.9253306 0.6517295 0.6752701 0.6339151 0.6584309 0.6775150 0.7090780 0.6298100 0.7141580 0.6321990 0.6477585 0.6018798 0.4901011 0.6124549 0.4880366 0.5069289 0.5944961 0.7069393 0.5792284 0.2020282 0.6176533 0.5742892 0.5032573 0.6240042 0.4997392 0.0000000 0.7254730 0.6628136 0.7284314 0.6354930 
yHMPu5000034875_Tetrapisispora_fleetii      0.6866149 0.5506918 0.6919593 0.8240669 0.6743782 0.8658401 0.7321742 0.6723829 0.6065031 0.5983034 2.0684774 0.6547179 0.6751262 0.6418845 0.6638405 0.6722907 0.6488669 0.6492654 0.6647671 0.2463533 0.5384431 0.6582723 0.6397767 0.6725693 0.6287927 0.6489598 0.7109117 0.7217755 0.6005453 0.7524950 0.6009394 0.6861011 0.6436254 0.6722791 0.6670110 0.7254730 0.0000000 0.3459726 0.1613628 0.5576233 
yHMPu5000034876_Tetrapisispora_iriomotensis 0.7021865 0.5936708 0.6789251 0.7311598 0.6573398 0.8545540 0.7145454 0.6506677 0.5647128 0.5502283 1.9159504 0.6190221 0.6686977 0.5799129 0.6314000 0.6318317 0.6486790 0.5857568 0.6174385 0.2954635 0.4963809 0.6031502 0.6879107 0.6618508 0.5723275 0.6446238 0.6743226 0.7104309 0.6216516 0.6693927 0.5838812 0.6380884 0.6702631 0.6174793 0.6873180 0.6628136 0.3459726 0.0000000 0.3451645 0.5590889 
yHMPu5000034877_Tetrapisispora_namnaonensis 0.7216317 0.5700171 0.6605733 0.7899043 0.6978923 0.8440053 0.7403863 0.6631016 0.5905514 0.5859704 2.1277161 0.6510440 0.6642075 0.6080760 0.6580726 0.6759169 0.6494466 0.6140845 0.6521277 0.2360113 0.5477662 0.6268498 0.6675792 0.6693480 0.6533430 0.6740051 0.6951108 0.7011765 0.6439029 0.7365839 0.6284000 0.6755530 0.6583513 0.6492691 0.6775649 0.7284314 0.1613628 0.3451645 0.0000000 0.5859659 
yHMPu5000035629_Yueomyces_sinensis          0.6690555 0.5394220 0.6976528 0.8029923 0.7476005 0.8872334 0.7759521 0.6860610 0.5122643 0.5507329 1.9967532 0.5919252 0.6129055 0.5871120 0.5769499 0.5937418 0.5988645 0.5676748 0.5267223 0.5523116 0.4788016 0.5922519 0.6413135 0.6289070 0.5245521 0.6476077 0.6580842 0.6334711 0.5228902 0.6780220 0.5404051 0.5786880 0.6418968 0.5421507 0.6474234 0.6354930 0.5576233 0.5590889 0.5859659 0.0000000 
