40
Candida_glabrata                            0.0000000 3.2751853 3.1533348 2.6822487 1.6929852 3.1368443 1.6313152 1.5353833 2.4361346 2.3345672 5.4415077 2.3441700 2.2691128 2.3302567 2.3818498 2.2967022 2.2432089 2.2903745 3.0848060 2.6256837 2.4371375 2.8994755 3.5470852 2.7858507 2.8330527 3.7320198 3.5681644 3.0027954 2.6549421 4.3454020 2.7105972 3.2322383 3.3207418 2.7565540 3.3556763 4.4957660 2.7336151 2.5342093 2.6744753 3.6188502 
Kazachstania_africana                       3.2751853 0.0000000 3.0403923 3.0178203 3.1208589 3.7210697 3.0268083 3.0989663 2.7628183 2.6994022 6.1357512 2.6099095 2.6257623 2.6612033 2.6432158 2.6111748 2.7085225 2.6421928 3.6398838 2.8672773 3.1383131 2.4742559 3.0462530 2.4833696 2.3747080 3.0130088 3.1808716 2.5412073 2.3236250 3.4380692 2.3633517 2.8021481 3.0278771 2.4415054 3.0513328 3.5228603 2.9404279 2.7413539 3.0050997 3.8282013 
Kazachstania_naganishii                     3.1533348 3.0403923 0.0000000 2.9902236 2.9140389 3.5537665 3.0454678 2.8232815 2.6665724 2.9307923 5.4894648 2.5850844 2.5356221 2.5444523 2.5671291 2.5924289 2.5444587 2.5361138 3.5622762 3.2643221 3.0281283 2.4331634 3.2258258 2.3475103 1.7432021 3.1556129 2.6638974 2.4298479 2.2254724 3.7417852 2.3983924 2.9732173 3.2136739 2.2909034 3.2613795 3.4884902 3.4646717 3.1330896 3.2623071 3.9992015 
Nakaseomyces_bacillisporus                  2.6822487 3.0178203 2.9902236 0.0000000 2.5270179 2.4622889 2.4692710 2.4879352 2.0142544 2.2132756 5.3591861 1.9362998 1.8925543 1.9007583 1.9396400 1.9272025 1.8076231 1.9070574 3.0279698 2.2811724 2.0930637 2.4278738 3.1861606 2.5229312 2.2087889 3.2807028 3.2550344 2.6318620 2.4442626 3.5223193 2.3733593 2.9084872 3.1765272 2.4257848 3.1745710 3.8953511 2.2928779 2.0986149 2.3206029 3.3061643 
Nakaseomyces_bracarensis                    1.6929852 3.1208589 2.9140389 2.5270179 0.0000000 3.0415115 1.0901356 0.8344219 2.3982046 2.3103028 5.8826320 2.0360531 2.0664287 1.9673825 2.0947582 2.0768502 2.0056475 1.9247049 3.1607155 2.3771311 2.2834057 2.5270762 3.6758760 2.5421337 2.7071065 3.6188685 3.6845752 2.7908571 2.3150558 4.3268054 2.3962412 3.1910716 3.5956541 2.5147003 3.5936697 4.6051353 2.5897659 2.3482518 2.4912526 3.6718097 
Nakaseomyces_castellii                      3.1368443 3.7210697 3.5537665 2.4622889 3.0415115 0.0000000 3.3821668 3.2379924 2.8610468 2.8531439 5.4687258 2.6335899 2.7820245 2.6712958 2.7234755 2.6843825 2.6336511 2.6291201 3.3322886 3.0674254 2.9183267 3.6771026 3.8125062 3.1640607 2.8480582 3.7539243 3.9081046 3.4704114 3.1566536 4.7342208 3.4303038 3.5765387 3.8820874 3.0890176 3.8776932 4.6082695 3.0315022 2.8542227 3.0027291 3.4992718 
Nakaseomyces_delphensis                     1.6313152 3.0268083 3.0454678 2.4692710 1.0901356 3.3821668 0.0000000 0.7967049 2.4554165 2.2950239 5.7072218 2.0723305 2.0521444 1.9704193 2.1637597 2.0666408 2.0687357 1.9737311 3.2480566 2.4835756 2.4495918 2.5889184 3.7105672 2.5963071 2.6877172 3.5187820 3.6241959 2.9652797 2.5314536 4.1876559 2.4046641 3.1360464 3.5929354 2.5849470 3.5671445 4.3578110 2.4759832 2.2681634 2.6029182 3.7445416 
Nakaseomyces_nivariensis                    1.5353833 3.0989663 2.8232815 2.4879352 0.8344219 3.2379924 0.7967049 0.0000000 2.4158259 2.2661560 5.7215555 1.9631187 1.9480517 1.9799141 2.0424721 2.0993457 1.9474372 1.9647744 3.0942175 2.5066036 2.4122287 2.4993703 3.5618994 2.6060348 2.6072168 3.4735167 3.6662358 2.7375085 2.4067490 4.3341886 2.4223253 3.1044981 3.4711241 2.4868984 3.4639131 4.4916525 2.3907616 2.1999173 2.4952957 3.6787609 
Naumovozyma_castellii                       2.4361346 2.7628183 2.6665724 2.0142544 2.3982046 2.8610468 2.4554165 2.4158259 0.0000000 1.4717256 5.2929480 1.8010586 1.8178840 1.6935544 1.7468134 1.7899064 1.8416075 1.6483436 2.7642621 2.3489901 1.9008578 2.3011720 3.2242788 2.2283288 2.1588305 3.1300164 3.0770906 2.6065712 2.2029649 3.8296868 2.1932611 2.7700064 3.1367102 2.2625341 3.1241318 3.7169697 2.2044970 2.0534860 2.1698858 3.3995895 
Naumovozyma_dairenensis                     2.3345672 2.6994022 2.9307923 2.2132756 2.3103028 2.8531439 2.2950239 2.2661560 1.4717256 0.0000000 5.5663138 1.8093554 1.7751107 1.8155218 1.8836568 1.7758561 1.7761713 1.7916409 2.8165793 2.2240007 1.7862479 2.3670294 3.4165803 2.2050981 2.1777144 3.3269188 3.3523882 2.7119189 2.2742864 3.9486993 2.1686453 2.9651226 3.2036126 2.3336718 3.1314232 3.9522211 2.2431596 2.1041571 2.2076860 3.2766150 
Neurospora_crassa                           5.4415077 6.1357512 5.4894648 5.3591861 5.8826320 5.4687258 5.7072218 5.7215555 5.2929480 5.5663138 0.0000000 5.3805217 5.3196649 5.5211555 5.6087568 5.4659362 5.5561969 5.2673184 5.9593589 5.8501735 5.5350225 5.7201689 6.4857659 5.9488804 5.8110052 6.7850690 5.7160750 5.7071292 5.5230465 7.4961819 6.0092878 6.3419792 6.3757825 6.1955184 6.1974715 6.9781267 5.7441013 5.5086827 5.9685393 6.3098147 
Saccharomyces_arboricola                    2.3441700 2.6099095 2.5850844 1.9362998 2.0360531 2.6335899 2.0723305 1.9631187 1.8010586 1.8093554 5.3805217 0.0000000 0.5223357 0.4825885 0.4560273 0.5448290 0.4992898 0.4400254 2.8502332 2.2664335 2.0024680 2.2205221 3.1249686 2.1177608 2.0063464 3.3480585 3.2924900 2.5494861 2.0287257 3.9118116 2.0331150 2.7378397 3.2533560 2.0787513 3.2181961 4.0928069 2.2194154 2.0096360 2.2190649 3.4836930 
Saccharomyces_cerevisiae                    2.2691128 2.6257623 2.5356221 1.8925543 2.0664287 2.7820245 2.0521444 1.9480517 1.8178840 1.7751107 5.3196649 0.5223357 0.0000000 0.5523964 0.4918804 0.4270999 0.2400919 0.4976983 2.8195830 2.1311773 1.9639661 2.1079809 3.1627297 2.1270461 2.0590810 3.3546777 3.3454136 2.5902385 2.0630769 3.9091161 1.9839897 2.7010288 3.1822999 2.0861206 3.1643635 4.1075368 2.1017632 1.9509616 2.1109170 3.4252957 
Saccharomyces_eubayanus                     2.3302567 2.6612033 2.5444523 1.9007583 1.9673825 2.6712958 1.9704193 1.9799141 1.6935544 1.8155218 5.5211555 0.4825885 0.5523964 0.0000000 0.4647662 0.5416539 0.4970430 0.1421057 2.7912516 2.1054592 1.9229835 2.2542545 3.1046655 2.1597074 1.9694299 3.3502219 3.2467091 2.4658087 2.0429190 3.8197353 1.9360197 2.6693086 3.0850288 2.0271101 3.0888361 4.0207629 2.0608855 1.8071576 2.1017468 3.2689793 
Saccharomyces_kudriavzevii                  2.3818498 2.6432158 2.5671291 1.9396400 2.0947582 2.7234755 2.1637597 2.0424721 1.7468134 1.8836568 5.6087568 0.4560273 0.4918804 0.4647662 0.0000000 0.4742686 0.4370388 0.3920306 2.8772699 2.2961780 2.0519739 2.2837864 3.1984092 2.2152363 2.0763476 3.3315866 3.2959436 2.6416665 2.0623247 3.9396590 2.0220635 2.7318162 3.2507041 2.1556631 3.2349903 4.2226042 2.1679916 1.9543508 2.1552151 3.4088587 
Saccharomyces_mikatae                       2.2967022 2.6111748 2.5924289 1.9272025 2.0768502 2.6843825 2.0666408 2.0993457 1.7899064 1.7758561 5.4659362 0.5448290 0.4270999 0.5416539 0.4742686 0.0000000 0.3550465 0.4852521 2.8109035 2.1827278 1.9645317 2.1219303 3.1686851 2.1103266 1.9616719 3.3745646 3.3075502 2.4596305 1.9953835 3.8733241 1.9394163 2.7583096 3.0810725 2.0219383 3.0824472 4.0141509 2.0493588 1.9513578 2.0704935 3.3324077 
Saccharomyces_paradoxus                     2.2432089 2.7085225 2.5444587 1.8076231 2.0056475 2.6336511 2.0687357 1.9474372 1.8416075 1.7761713 5.5561969 0.4992898 0.2400919 0.4970430 0.4370388 0.3550465 0.0000000 0.4235936 2.8584774 2.1438658 1.9434254 2.1399575 3.1856355 2.0991605 2.0097963 3.3087313 3.2983799 2.5040614 2.0558335 3.9927699 2.0070169 2.7122323 3.1686847 2.0776111 3.1340200 4.1812227 2.0950502 1.8944133 2.0967987 3.4365934 
Saccharomyces_uvarum                        2.2903745 2.6421928 2.5361138 1.9070574 1.9247049 2.6291201 1.9737311 1.9647744 1.6483436 1.7916409 5.2673184 0.4400254 0.4976983 0.1421057 0.3920306 0.4852521 0.4235936 0.0000000 2.7422218 2.1620446 1.9143889 2.2180365 3.1095133 2.0919345 1.9697263 3.3191946 3.2364533 2.5166418 2.0128003 3.9240315 1.9080988 2.6632675 3.0749396 2.0617535 3.0620948 4.0700128 2.0986989 1.8332425 2.1247541 3.3659586 
Tetrapisispora_blattae                      3.0848060 3.6398838 3.5622762 3.0279698 3.1607155 3.3322886 3.2480566 3.0942175 2.7642621 2.8165793 5.9593589 2.8502332 2.8195830 2.7912516 2.8772699 2.8109035 2.8584774 2.7422218 0.0000000 2.8101446 3.0392888 3.1942209 3.6285134 3.2240888 3.0562380 3.7271011 4.3017624 3.7411084 3.0607909 4.1989359 2.9891199 3.3695970 3.7171316 3.2502114 3.7097398 4.3243249 2.8758281 2.6274259 2.8185727 2.2632707 
Tetrapisispora_phaffii                      2.6256837 2.8672773 3.2643221 2.2811724 2.3771311 3.0674254 2.4835756 2.5066036 2.3489901 2.2240007 5.8501735 2.2664335 2.1311773 2.1054592 2.2961780 2.1827278 2.1438658 2.1620446 2.8101446 0.0000000 1.9580403 2.6978372 3.4109941 2.6562525 2.6309486 3.3917687 3.5595789 2.8762996 2.5053682 3.7845610 2.4983926 3.1077021 3.2204345 2.6278185 3.2386170 3.9844621 0.8554863 1.2328839 0.8970367 3.3116542 
Vanderwaltozyma_polyspora                   2.4371375 3.1383131 3.0281283 2.0930637 2.2834057 2.9183267 2.4495918 2.4122287 1.9008578 1.7862479 5.5350225 2.0024680 1.9639661 1.9229835 2.0519739 1.9645317 1.9434254 1.9143889 3.0392888 1.9580403 0.0000000 2.4662515 3.3353214 2.4636008 2.2279476 3.2105410 3.3119574 2.8056481 2.3673184 3.5329714 2.3610817 3.1993665 3.1065153 2.4435957 3.1372882 3.7502246 2.0007749 1.7050435 2.0445275 3.4086313 
yHAB132_Kazachstania_martiniae              2.8994755 2.4742559 2.4331634 2.4278738 2.5270762 3.6771026 2.5889184 2.4993703 2.3011720 2.3670294 5.7201689 2.2205221 2.1079809 2.2542545 2.2837864 2.1219303 2.1399575 2.2180365 3.1942209 2.6978372 2.4662515 0.0000000 2.9292293 1.9941295 1.6001530 3.1316054 2.7257574 2.0155372 1.7740225 3.3905745 1.8689161 2.4124510 2.8112188 1.8018390 2.8598979 3.1061203 2.6834041 2.4877755 2.6316190 3.5811113 
yHAB133_Kazachstania_unispora               3.5470852 3.0462530 3.2258258 3.1861606 3.6758760 3.8125062 3.7105672 3.5618994 3.2242788 3.4165803 6.4857659 3.1249686 3.1627297 3.1046655 3.1984092 3.1686851 3.1856355 3.1095133 3.6285134 3.4109941 3.3353214 2.9292293 0.0000000 2.7540916 2.6472786 0.8622505 2.6447210 2.9349018 3.0212257 3.3027094 3.0515386 3.4002505 0.5229618 2.8569129 0.5525497 3.2359636 3.3701901 3.4043211 3.4247875 3.8976821 
yHAB134_Kazachstania_turicensis             2.7858507 2.4833696 2.3475103 2.5229312 2.5421337 3.1640607 2.5963071 2.6060348 2.2283288 2.2050981 5.9488804 2.1177608 2.1270461 2.1597074 2.2152363 2.1103266 2.0991605 2.0919345 3.2240888 2.6562525 2.4636008 1.9941295 2.7540916 0.0000000 1.8317400 2.7650613 2.8402255 2.3419171 1.4792719 3.3580880 1.4382837 2.2930710 2.7310100 1.0726444 2.7389747 3.2339640 2.6789639 2.4075976 2.6770670 3.4407157 
yHAB136_Kazachstania_bromeliacearum         2.8330527 2.3747080 1.7432021 2.2087889 2.7071065 2.8480582 2.6877172 2.6072168 2.1588305 2.1777144 5.8110052 2.0063464 2.0590810 1.9694299 2.0763476 1.9616719 2.0097963 1.9697263 3.0562380 2.6309486 2.2279476 1.6001530 2.6472786 1.8317400 0.0000000 2.6018604 2.6284538 1.8177025 1.6389447 2.9070089 1.7355148 2.4848211 2.5158634 1.7155296 2.4339623 2.7596074 2.7142312 2.4785666 2.6698901 3.4096154 
yHAB143_Kazachstania_siamensis              3.7320198 3.0130088 3.1556129 3.2807028 3.6188685 3.7539243 3.5187820 3.4735167 3.1300164 3.3269188 6.7850690 3.3480585 3.3546777 3.3502219 3.3315866 3.3745646 3.3087313 3.3191946 3.7271011 3.3917687 3.2105410 3.1316054 0.8622505 2.7650613 2.6018604 0.0000000 2.6013839 3.0659215 3.1432164 3.1890016 3.0013997 3.2844920 0.9467436 2.8909634 0.9238692 3.1256476 3.2417755 3.2782504 3.3609531 4.1905148 
yHAB147_Kazachstania_taianensis             3.5681644 3.1808716 2.6638974 3.2550344 3.6845752 3.9081046 3.6241959 3.6662358 3.0770906 3.3523882 5.7160750 3.2924900 3.3454136 3.2467091 3.2959436 3.3075502 3.2983799 3.2364533 4.3017624 3.5595789 3.3119574 2.7257574 2.6447210 2.8402255 2.6284538 2.6013839 0.0000000 2.5591942 2.7129374 3.1440971 2.7035622 3.3308460 2.4726817 2.6411654 2.4627694 3.2505843 3.6196119 3.6593588 3.6919278 4.5315042 
yHAB148_Kazachstania_intestinalis           3.0027954 2.5412073 2.4298479 2.6318620 2.7908571 3.4704114 2.9652797 2.7375085 2.6065712 2.7119189 5.7071292 2.5494861 2.5902385 2.4658087 2.6416665 2.4596305 2.5040614 2.5166418 3.7411084 2.8762996 2.8056481 2.0155372 2.9349018 2.3419171 1.8177025 3.0659215 2.5591942 0.0000000 2.0393582 3.5402139 2.3153274 2.7312942 2.7836258 2.1510964 2.8009302 3.2631188 3.0651795 2.9793943 3.0046732 3.6091109 
yHAB153_Kazachstania_rosinii                2.6549421 2.3236250 2.2254724 2.4442626 2.3150558 3.1566536 2.5314536 2.4067490 2.2029649 2.2742864 5.5230465 2.0287257 2.0630769 2.0429190 2.0623247 1.9953835 2.0558335 2.0128003 3.0607909 2.5053682 2.3673184 1.7740225 3.0212257 1.4792719 1.6389447 3.1432164 2.7129374 2.0393582 0.0000000 3.2489946 1.1707535 2.2558500 2.8254552 1.2493126 2.8996350 3.3391194 2.3975725 2.2490891 2.4065683 3.3186706 
yHAB154_Kazachstania_transvaalensis         4.3454020 3.4380692 3.7417852 3.5223193 4.3268054 4.7342208 4.1876559 4.3341886 3.8296868 3.9486993 7.4961819 3.9118116 3.9091161 3.8197353 3.9396590 3.8733241 3.9927699 3.9240315 4.1989359 3.7845610 3.5329714 3.3905745 3.3027094 3.3580880 2.9070089 3.1890016 3.1440971 3.5402139 3.2489946 0.0000000 3.2060181 3.7845169 3.1365847 3.1793459 3.1402105 0.9135615 3.8142828 3.8164220 3.8157151 4.2725243 
yHAB155_Kazachstania_spencerorum            2.7105972 2.3633517 2.3983924 2.3733593 2.3962412 3.4303038 2.4046641 2.4223253 2.1932611 2.1686453 6.0092878 2.0331150 1.9839897 1.9360197 2.0220635 1.9394163 2.0070169 1.9080988 2.9891199 2.4983926 2.3610817 1.8689161 3.0515386 1.4382837 1.7355148 3.0013997 2.7035622 2.3153274 1.1707535 3.2060181 0.0000000 2.2287205 2.8511426 1.2671633 2.8635618 3.1154878 2.4305109 1.9959593 2.4835335 3.3853262 
yHAB158_Kazachstania_viticola               3.2322383 2.8021481 2.9732173 2.9084872 3.1910716 3.5765387 3.1360464 3.1044981 2.7700064 2.9651226 6.3419792 2.7378397 2.7010288 2.6693086 2.7318162 2.7583096 2.7122323 2.6632675 3.3695970 3.1077021 3.1993665 2.4124510 3.4002505 2.2930710 2.4848211 3.2844920 3.3308460 2.7312942 2.2558500 3.7845169 2.2287205 0.0000000 3.2245898 2.3019417 3.2040247 3.7131369 3.1193949 2.8066885 2.9878207 3.7692457 
yHAB159_Kazachstania_solicola               3.3207418 3.0278771 3.2136739 3.1765272 3.5956541 3.8820874 3.5929354 3.4711241 3.1367102 3.2036126 6.3757825 3.2533560 3.1822999 3.0850288 3.2507041 3.0810725 3.1686847 3.0749396 3.7171316 3.2204345 3.1065153 2.8112188 0.5229618 2.7310100 2.5158634 0.9467436 2.4726817 2.7836258 2.8254552 3.1365847 2.8511426 3.2245898 0.0000000 2.7611567 0.1819993 2.9983303 3.2708642 3.2075325 3.3859698 3.9287384 
yHAB160_Kazachstania_kunashirensis          2.7565540 2.4415054 2.2909034 2.4257848 2.5147003 3.0890176 2.5849470 2.4868984 2.2625341 2.3336718 6.1955184 2.0787513 2.0861206 2.0271101 2.1556631 2.0219383 2.0776111 2.0617535 3.2502114 2.6278185 2.4435957 1.8018390 2.8569129 1.0726444 1.7155296 2.8909634 2.6411654 2.1510964 1.2493126 3.1793459 1.2671633 2.3019417 2.7611567 0.0000000 2.7442759 3.2213734 2.5956822 2.2582878 2.5589206 3.3786874 
yHAB164_Kazachstania_aerobia                3.3556763 3.0513328 3.2613795 3.1745710 3.5936697 3.8776932 3.5671445 3.4639131 3.1241318 3.1314232 6.1974715 3.2181961 3.1643635 3.0888361 3.2349903 3.0824472 3.1340200 3.0620948 3.7097398 3.2386170 3.1372882 2.8598979 0.5525497 2.7389747 2.4339623 0.9238692 2.4627694 2.8009302 2.8996350 3.1402105 2.8635618 3.2040247 0.1819993 2.7442759 0.0000000 2.9649005 3.3071760 3.1556755 3.4142591 3.7970826 
yHAB166_Kazachstania_yakushimaensis         4.4957660 3.5228603 3.4884902 3.8953511 4.6051353 4.6082695 4.3578110 4.4916525 3.7169697 3.9522211 6.9781267 4.0928069 4.1075368 4.0207629 4.2226042 4.0141509 4.1812227 4.0700128 4.3243249 3.9844621 3.7502246 3.1061203 3.2359636 3.2339640 2.7596074 3.1256476 3.2505843 3.2631188 3.3391194 0.9135615 3.1154878 3.7131369 2.9983303 3.2213734 2.9649005 0.0000000 3.9651043 3.9769946 3.9003940 4.4029093 
yHMPu5000034875_Tetrapisispora_fleetii      2.7336151 2.9404279 3.4646717 2.2928779 2.5897659 3.0315022 2.4759832 2.3907616 2.2044970 2.2431596 5.7441013 2.2194154 2.1017632 2.0608855 2.1679916 2.0493588 2.0950502 2.0986989 2.8758281 0.8554863 2.0007749 2.6834041 3.3701901 2.6789639 2.7142312 3.2417755 3.6196119 3.0651795 2.3975725 3.8142828 2.4305109 3.1193949 3.2708642 2.5956822 3.3071760 3.9651043 0.0000000 1.2038467 0.4489128 3.4660935 
yHMPu5000034876_Tetrapisispora_iriomotensis 2.5342093 2.7413539 3.1330896 2.0986149 2.3482518 2.8542227 2.2681634 2.1999173 2.0534860 2.1041571 5.5086827 2.0096360 1.9509616 1.8071576 1.9543508 1.9513578 1.8944133 1.8332425 2.6274259 1.2328839 1.7050435 2.4877755 3.4043211 2.4075976 2.4785666 3.2782504 3.6593588 2.9793943 2.2490891 3.8164220 1.9959593 2.8066885 3.2075325 2.2582878 3.1556755 3.9769946 1.2038467 0.0000000 1.2060518 3.3319885 
yHMPu5000034877_Tetrapisispora_namnaonensis 2.6744753 3.0050997 3.2623071 2.3206029 2.4912526 3.0027291 2.6029182 2.4952957 2.1698858 2.2076860 5.9685393 2.2190649 2.1109170 2.1017468 2.1552151 2.0704935 2.0967987 2.1247541 2.8185727 0.8970367 2.0445275 2.6316190 3.4247875 2.6770670 2.6698901 3.3609531 3.6919278 3.0046732 2.4065683 3.8157151 2.4835335 2.9878207 3.3859698 2.5589206 3.4142591 3.9003940 0.4489128 1.2060518 0.0000000 3.4682512 
yHMPu5000035629_Yueomyces_sinensis          3.6188502 3.8282013 3.9992015 3.3061643 3.6718097 3.4992718 3.7445416 3.6787609 3.3995895 3.2766150 6.3098147 3.4836930 3.4252957 3.2689793 3.4088587 3.3324077 3.4365934 3.3659586 2.2632707 3.3116542 3.4086313 3.5811113 3.8976821 3.4407157 3.4096154 4.1905148 4.5315042 3.6091109 3.3186706 4.2725243 3.3853262 3.7692457 3.9287384 3.3786874 3.7970826 4.4029093 3.4660935 3.3319885 3.4682512 0.0000000 
