40
Candida_glabrata                            0.0000000 1.5025852 1.4202236 1.5665747 1.0025659 1.9236576 0.9559229 0.9989086 1.4316235 1.4961633 4.7110899 1.5201284 1.5155755 1.4810394 1.5066222 1.5175976 1.5430527 1.5091138 1.5056930 1.6412484 1.5537514 1.4871046 1.4390870 1.4451244 1.3591440 1.4384622 1.6390122 1.5888125 1.5100371 1.6245215 1.4774735 1.5151423 1.5171582 1.5186042 1.4716027 1.5543655 1.6921880 1.4879986 1.6506575 1.6461909 
Kazachstania_africana                       1.5025852 0.0000000 1.2685848 1.2836394 1.4771835 1.7018130 1.5013577 1.3742446 1.1487734 1.2679887 5.1163423 1.1815697 1.2432548 1.2066682 1.2276829 1.2281380 1.2527451 1.1908049 1.3751216 1.4733500 1.3631463 1.1766303 1.2205863 1.2308619 1.0260548 1.2385212 1.2944931 1.6611523 1.2231386 1.2309966 1.0808416 1.2358106 1.2018056 1.2720474 1.1900186 1.2406060 1.4643450 1.3449541 1.4823334 1.5158125 
Kazachstania_naganishii                     1.4202236 1.2685848 0.0000000 1.4125350 1.5411970 1.7559048 1.4649503 1.3583420 1.2652503 1.3434453 4.7995816 1.3776005 1.4323729 1.3167789 1.4139638 1.4289882 1.4224059 1.3161715 1.4773519 1.6334837 1.4778175 1.1479954 1.1449827 1.3404492 1.0407224 1.2725144 1.1946079 1.3723893 1.1636399 1.2414451 1.2443692 1.3754257 1.1710382 1.4315537 1.1582207 1.2505158 1.7533652 1.5912898 1.6397796 1.6869927 
Nakaseomyces_bacillisporus                  1.5665747 1.2836394 1.4125350 0.0000000 1.4573744 1.6494595 1.5349766 1.4646751 1.3150621 1.4521841 5.0216310 1.3972206 1.3662974 1.4396060 1.3633069 1.3847779 1.3712182 1.3999637 1.4891780 1.5657106 1.5461744 1.3213854 1.4017047 1.3647846 1.1494310 1.3779847 1.4574713 1.6882161 1.4053810 1.3909857 1.2949193 1.4158331 1.3697932 1.3943988 1.3567730 1.3338749 1.6432501 1.3962377 1.6237188 1.6568993 
Nakaseomyces_bracarensis                    1.0025659 1.4771835 1.5411970 1.4573744 0.0000000 1.8011919 0.7241670 0.6633974 1.5525087 1.3837178 4.7053264 1.3468977 1.3341822 1.4068258 1.3277450 1.3816505 1.3468521 1.3654832 1.4460775 1.5680001 1.3827628 1.4657052 1.3941614 1.4317686 1.2877570 1.4478064 1.7098754 1.4487601 1.5874034 1.5308104 1.3304116 1.3756152 1.4279638 1.4621786 1.4644784 1.4743625 1.6638043 1.4173022 1.6149305 1.5709086 
Nakaseomyces_castellii                      1.9236576 1.7018130 1.7559048 1.6494595 1.8011919 0.0000000 1.7367358 1.8057717 1.8054949 1.7502724 4.6362324 1.7341622 1.7591833 1.7280430 1.7542117 1.6717997 1.7800310 1.6899447 1.8758298 2.1948041 1.8708224 1.8086772 1.9091567 1.8517929 1.7831113 1.9633294 1.8445030 2.0041254 1.7160596 1.9720447 1.7730994 1.7619911 1.9135822 1.9133921 1.8827369 1.9681511 2.0027309 1.7873242 2.0168552 2.2202783 
Nakaseomyces_delphensis                     0.9559229 1.5013577 1.4649503 1.5349766 0.7241670 1.7367358 0.0000000 0.5600539 1.4020644 1.4008308 5.0807260 1.4404797 1.4190617 1.4739382 1.4460997 1.4484812 1.4107925 1.4605555 1.5918863 1.7613211 1.5621395 1.5112089 1.4504012 1.4504476 1.3750212 1.5066101 1.6700516 1.5266968 1.5076695 1.4940237 1.4593981 1.5241787 1.4902393 1.4976756 1.4975623 1.5191101 1.8688714 1.6134965 1.8248712 1.7235259 
Nakaseomyces_nivariensis                    0.9989086 1.3742446 1.3583420 1.4646751 0.6633974 1.8057717 0.5600539 0.0000000 1.3190270 1.2967959 5.0370763 1.3841965 1.3847801 1.3783278 1.3980095 1.3885346 1.3827488 1.3918968 1.4721069 1.5735053 1.4312705 1.4159256 1.2830895 1.3580959 1.3159958 1.4303501 1.6069008 1.5331517 1.4478354 1.5489740 1.2813303 1.3343393 1.3480506 1.5170188 1.3517220 1.4475459 1.6711875 1.5336556 1.6792722 1.5687551 
Naumovozyma_castellii                       1.4316235 1.1487734 1.2652503 1.3150621 1.5525087 1.8054949 1.4020644 1.3190270 0.0000000 1.0254328 5.1271467 1.1721281 1.2350543 1.2382889 1.1907089 1.1609526 1.2063135 1.2222516 1.3153847 1.3509973 1.3276833 1.1963014 1.2863962 1.1390653 1.0324556 1.2238141 1.2254616 1.4707318 1.1757009 1.1756186 1.1930945 1.2439848 1.2184400 1.1671777 1.2441331 1.1219780 1.3939665 1.3125088 1.4070103 1.5797313 
Naumovozyma_dairenensis                     1.4961633 1.2679887 1.3434453 1.4521841 1.3837178 1.7502724 1.4008308 1.2967959 1.0254328 0.0000000 5.0772059 1.2557234 1.3171464 1.2832967 1.3186830 1.2784899 1.3119814 1.2555783 1.3676057 1.4894129 1.3269278 1.2246776 1.1513330 1.2055464 1.0765530 1.2988891 1.2316733 1.5437015 1.2094009 1.1734473 1.2158379 1.2609009 1.2057653 1.2040932 1.2171014 1.1583625 1.4428791 1.3169185 1.4070620 1.6164684 
Neurospora_crassa                           4.7110899 5.1163423 4.7995816 5.0216310 4.7053264 4.6362324 5.0807260 5.0370763 5.1271467 5.0772059 0.0000000 5.3020021 5.2371815 4.8057286 5.1687737 5.1357322 5.2335871 4.9821889 5.0111707 5.1632642 4.9851096 5.2606769 4.9610486 4.8978720 5.1152302 5.0290606 5.1024233 4.9501342 4.6928311 5.1014112 4.5606841 4.0922180 5.0289402 5.1227154 5.1940670 5.2450162 4.9781541 4.8142785 4.8482187 4.8433635 
Saccharomyces_arboricola                    1.5201284 1.1815697 1.3776005 1.3972206 1.3468977 1.7341622 1.4404797 1.3841965 1.1721281 1.2557234 5.3020021 0.0000000 0.4274124 0.3680894 0.3205811 0.4092493 0.3866498 0.3414908 1.4659166 1.5468529 1.3171894 1.2220366 1.3147540 1.3651345 1.1744984 1.3340265 1.3136131 1.4925492 1.2377051 1.2843971 1.2799498 1.3739166 1.2953840 1.3649338 1.2882128 1.2599088 1.5299551 1.3245634 1.5197959 1.5543648 
Saccharomyces_cerevisiae                    1.5155755 1.2432548 1.4323729 1.3662974 1.3341822 1.7591833 1.4190617 1.3847801 1.2350543 1.3171464 5.2371815 0.4274124 0.0000000 0.4730426 0.3869153 0.3476501 0.2036210 0.4663632 1.4813128 1.4547902 1.2541511 1.2165944 1.3447471 1.4028733 1.2439656 1.4246978 1.3697542 1.5314655 1.2011105 1.3433162 1.2800607 1.2883974 1.3405599 1.3024504 1.3290792 1.3331414 1.5211167 1.3702588 1.4430807 1.5764916 
Saccharomyces_eubayanus                     1.4810394 1.2066682 1.3167789 1.4396060 1.4068258 1.7280430 1.4739382 1.3783278 1.2382889 1.2832967 4.8057286 0.3680894 0.4730426 0.0000000 0.3459196 0.4345555 0.4182864 0.1272826 1.5440480 1.5536694 1.4320281 1.2505777 1.3187423 1.4299901 1.2439506 1.4107545 1.3782507 1.4724129 1.1559044 1.2865888 1.3051831 1.3180245 1.3013082 1.3652614 1.2932830 1.3049366 1.5932205 1.4085051 1.4890002 1.6219495 
Saccharomyces_kudriavzevii                  1.5066222 1.2276829 1.4139638 1.3633069 1.3277450 1.7542117 1.4460997 1.3980095 1.1907089 1.3186830 5.1687737 0.3205811 0.3869153 0.3459196 0.0000000 0.3798246 0.3570866 0.3290471 1.4635625 1.5383996 1.3661820 1.2454223 1.3532099 1.4213282 1.1681556 1.3919087 1.3654631 1.4848640 1.1974953 1.3030769 1.2249064 1.2558246 1.2222783 1.3472576 1.2704725 1.3234595 1.5255541 1.3954693 1.5002082 1.6275943 
Saccharomyces_mikatae                       1.5175976 1.2281380 1.4289882 1.3847779 1.3816505 1.6717997 1.4484812 1.3885346 1.1609526 1.2784899 5.1357322 0.4092493 0.3476501 0.4345555 0.3798246 0.0000000 0.3151727 0.4151044 1.4404760 1.4825154 1.3562841 1.2493550 1.3513324 1.3710185 1.2038612 1.4520882 1.3744130 1.5301010 1.2515190 1.3224059 1.2779801 1.2572762 1.2712243 1.3436412 1.2468927 1.3498058 1.5364714 1.3469997 1.4631321 1.5756519 
Saccharomyces_paradoxus                     1.5430527 1.2527451 1.4224059 1.3712182 1.3468521 1.7800310 1.4107925 1.3827488 1.2063135 1.3119814 5.2335871 0.3866498 0.2036210 0.4182864 0.3570866 0.3151727 0.0000000 0.3983200 1.4395474 1.4229803 1.3207123 1.2185386 1.3651976 1.4503593 1.2181811 1.4541443 1.3300632 1.4509124 1.2281242 1.3231920 1.2761102 1.3054259 1.2841388 1.3213368 1.3147307 1.3557217 1.5565125 1.3540530 1.4667878 1.6067243 
Saccharomyces_uvarum                        1.5091138 1.1908049 1.3161715 1.3999637 1.3654832 1.6899447 1.4605555 1.3918968 1.2222516 1.2555783 4.9821889 0.3414908 0.4663632 0.1272826 0.3290471 0.4151044 0.3983200 0.0000000 1.5350181 1.5200218 1.3858740 1.2193971 1.2702682 1.3782895 1.2081257 1.3634186 1.2948983 1.4050680 1.2021872 1.2724414 1.2658276 1.2582146 1.2290680 1.3583759 1.2518616 1.2856683 1.5559146 1.3347765 1.4520376 1.5655725 
Tetrapisispora_blattae                      1.5056930 1.3751216 1.4773519 1.4891780 1.4460775 1.8758298 1.5918863 1.4721069 1.3153847 1.3676057 5.0111707 1.4659166 1.4813128 1.5440480 1.4635625 1.4404760 1.4395474 1.5350181 0.0000000 1.4818722 1.4450711 1.3009901 1.3333226 1.3250647 1.3194585 1.4101444 1.4114435 1.5787008 1.4085477 1.2468438 1.3755713 1.4244843 1.4029777 1.3509078 1.3774289 1.3376544 1.4433695 1.3580821 1.4347903 1.3788025 
Tetrapisispora_phaffii                      1.6412484 1.4733500 1.6334837 1.5657106 1.5680001 2.1948041 1.7613211 1.5735053 1.3509973 1.4894129 5.1632642 1.5468529 1.4547902 1.5536694 1.5383996 1.4825154 1.4229803 1.5200218 1.4818722 0.0000000 1.3358634 1.3947971 1.4134378 1.5022646 1.3235305 1.5039700 1.4811604 1.6143981 1.4741324 1.6040136 1.4873658 1.3781055 1.4690165 1.4802320 1.4409097 1.4880773 0.6045915 1.0002083 0.5573210 1.5388848 
Vanderwaltozyma_polyspora                   1.5537514 1.3631463 1.4778175 1.5461744 1.3827628 1.8708224 1.5621395 1.4312705 1.3276833 1.3269278 4.9851096 1.3171894 1.2541511 1.4320281 1.3661820 1.3562841 1.3207123 1.3858740 1.4450711 1.3358634 0.0000000 1.2556672 1.3970717 1.3548094 1.1729281 1.4268238 1.4273256 1.4379756 1.4443370 1.3680487 1.2844855 1.2867293 1.3811625 1.4022084 1.3636037 1.3274115 1.3934207 1.2525350 1.3644790 1.4925980 
yHAB132_Kazachstania_martiniae              1.4871046 1.1766303 1.1479954 1.3213854 1.4657052 1.8086772 1.5112089 1.4159256 1.1963014 1.2246776 5.2606769 1.2220366 1.2165944 1.2505777 1.2454223 1.2493550 1.2185386 1.2193971 1.3009901 1.3947971 1.2556672 0.0000000 1.0625424 1.2157599 0.9607760 1.1112972 1.1185622 1.2684606 1.2025839 1.0732058 1.0748378 1.2245442 1.1090065 1.1663961 1.1052119 1.0314166 1.4608314 1.3090975 1.4355429 1.4386378 
yHAB133_Kazachstania_unispora               1.4390870 1.2205863 1.1449827 1.4017047 1.3941614 1.9091567 1.4504012 1.2830895 1.2863962 1.1513330 4.9610486 1.3147540 1.3447471 1.3187423 1.3532099 1.3513324 1.3651976 1.2702682 1.3333226 1.4134378 1.3970717 1.0625424 0.0000000 1.1834127 0.8519579 0.4938416 1.0599612 1.4651692 1.2830260 1.0435184 1.0420416 1.2773325 0.4211060 1.2118293 0.4243935 0.8589895 1.4722483 1.3518086 1.4575570 1.4352486 
yHAB134_Kazachstania_turicensis             1.4451244 1.2308619 1.3404492 1.3647846 1.4317686 1.8517929 1.4504476 1.3580959 1.1390653 1.2055464 4.8978720 1.3651345 1.4028733 1.4299901 1.4213282 1.3710185 1.4503593 1.3782895 1.3250647 1.5022646 1.3548094 1.2157599 1.1834127 0.0000000 1.0357697 1.2187661 1.3360099 1.4686050 1.1081430 1.2571096 0.9506982 1.3113997 1.2288614 0.8540771 1.2089807 1.1806818 1.4918989 1.2749336 1.4414857 1.3966432 
yHAB136_Kazachstania_bromeliacearum         1.3591440 1.0260548 1.0407224 1.1494310 1.2877570 1.7831113 1.3750212 1.3159958 1.0324556 1.0765530 5.1152302 1.1744984 1.2439656 1.2439506 1.1681556 1.2038612 1.2181811 1.2081257 1.3194585 1.3235305 1.1729281 0.9607760 0.8519579 1.0357697 0.0000000 0.9023030 0.9827347 1.2185365 1.0908163 0.9027613 0.9793490 1.1953873 0.8963491 1.1155596 0.8684063 0.8266634 1.3890491 1.2118848 1.3290692 1.3490928 
yHAB143_Kazachstania_siamensis              1.4384622 1.2385212 1.2725144 1.3779847 1.4478064 1.9633294 1.5066101 1.4303501 1.2238141 1.2988891 5.0290606 1.3340265 1.4246978 1.4107545 1.3919087 1.4520882 1.4541443 1.3634186 1.4101444 1.5039700 1.4268238 1.1112972 0.4938416 1.2187661 0.9023030 0.0000000 1.1815060 1.5129647 1.3591332 1.0012563 1.0618140 1.3991365 0.5327276 1.1864536 0.5555788 0.9727524 1.4732623 1.3815727 1.3954911 1.5129202 
yHAB147_Kazachstania_taianensis             1.6390122 1.2944931 1.1946079 1.4574713 1.7098754 1.8445030 1.6700516 1.6069008 1.2254616 1.2316733 5.1024233 1.3136131 1.3697542 1.3782507 1.3654631 1.3744130 1.3300632 1.2948983 1.4114435 1.4811604 1.4273256 1.1185622 1.0599612 1.3360099 0.9827347 1.1815060 0.0000000 1.3573350 1.1900159 1.0952842 1.2053286 1.3405232 1.1194449 1.3000107 1.0799670 1.1187366 1.5747198 1.4582566 1.5018565 1.5564388 
yHAB148_Kazachstania_intestinalis           1.5888125 1.6611523 1.3723893 1.6882161 1.4487601 2.0041254 1.5266968 1.5331517 1.4707318 1.5437015 4.9501342 1.4925492 1.5314655 1.4724129 1.4848640 1.5301010 1.4509124 1.4050680 1.5787008 1.6143981 1.4379756 1.2684606 1.4651692 1.4686050 1.2185365 1.5129647 1.3573350 0.0000000 1.4258638 1.4777175 1.4521817 1.4964173 1.4249443 1.5527999 1.4551806 1.4023445 1.6117873 1.6009125 1.6204321 1.5883805 
yHAB153_Kazachstania_rosinii                1.5100371 1.2231386 1.1636399 1.4053810 1.5874034 1.7160596 1.5076695 1.4478354 1.1757009 1.2094009 4.6928311 1.2377051 1.2011105 1.1559044 1.1974953 1.2515190 1.2281242 1.2021872 1.4085477 1.4741324 1.4443370 1.2025839 1.2830260 1.1081430 1.0908163 1.3591332 1.1900159 1.4258638 0.0000000 1.3047460 0.9034046 1.3726997 1.3131438 1.0392354 1.3524615 1.3168172 1.5201974 1.4859858 1.4470081 1.6201866 
yHAB154_Kazachstania_transvaalensis         1.6245215 1.2309966 1.2414451 1.3909857 1.5308104 1.9720447 1.4940237 1.5489740 1.1756186 1.1734473 5.1014112 1.2843971 1.3433162 1.2865888 1.3030769 1.3224059 1.3231920 1.2724414 1.2468438 1.6040136 1.3680487 1.0732058 1.0435184 1.2571096 0.9027613 1.0012563 1.0952842 1.4777175 1.3047460 0.0000000 1.1040872 1.2638267 1.0827783 1.1880184 1.1125563 0.4455193 1.5783062 1.3493790 1.5163965 1.5123885 
yHAB155_Kazachstania_spencerorum            1.4774735 1.0808416 1.2443692 1.2949193 1.3304116 1.7730994 1.4593981 1.2813303 1.1930945 1.2158379 4.5606841 1.2799498 1.2800607 1.3051831 1.2249064 1.2779801 1.2761102 1.2658276 1.3755713 1.4873658 1.2844855 1.0748378 1.0420416 0.9506982 0.9793490 1.0618140 1.2053286 1.4521817 0.9034046 1.1040872 0.0000000 1.1266982 1.0240520 0.9089493 1.0269045 1.1071737 1.5346701 1.3715156 1.4200495 1.5011698 
yHAB158_Kazachstania_viticola               1.5151423 1.2358106 1.3754257 1.4158331 1.3756152 1.7619911 1.5241787 1.3343393 1.2439848 1.2609009 4.0922180 1.3739166 1.2883974 1.3180245 1.2558246 1.2572762 1.3054259 1.2582146 1.4244843 1.3781055 1.2867293 1.2245442 1.2773325 1.3113997 1.1953873 1.3991365 1.3405232 1.4964173 1.3726997 1.2638267 1.1266982 0.0000000 1.2865634 1.2786587 1.2682456 1.2314904 1.3643280 1.3112712 1.3873955 1.6034139 
yHAB159_Kazachstania_solicola               1.5171582 1.2018056 1.1710382 1.3697932 1.4279638 1.9135822 1.4902393 1.3480506 1.2184400 1.2057653 5.0289402 1.2953840 1.3405599 1.3013082 1.2222783 1.2712243 1.2841388 1.2290680 1.4029777 1.4690165 1.3811625 1.1090065 0.4211060 1.2288614 0.8963491 0.5327276 1.1194449 1.4249443 1.3131438 1.0827783 1.0240520 1.2865634 0.0000000 1.2657567 0.1416034 0.9607648 1.5157381 1.3662000 1.4325745 1.5107492 
yHAB160_Kazachstania_kunashirensis          1.5186042 1.2720474 1.4315537 1.3943988 1.4621786 1.9133921 1.4976756 1.5170188 1.1671777 1.2040932 5.1227154 1.3649338 1.3024504 1.3652614 1.3472576 1.3436412 1.3213368 1.3583759 1.3509078 1.4802320 1.4022084 1.1663961 1.2118293 0.8540771 1.1155596 1.1864536 1.3000107 1.5527999 1.0392354 1.1880184 0.9089493 1.2786587 1.2657567 0.0000000 1.2892651 1.0980242 1.5614384 1.3676887 1.5119888 1.4205842 
yHAB164_Kazachstania_aerobia                1.4716027 1.1900186 1.1582207 1.3567730 1.4644784 1.8827369 1.4975623 1.3517220 1.2441331 1.2171014 5.1940670 1.2882128 1.3290792 1.2932830 1.2704725 1.2468927 1.3147307 1.2518616 1.3774289 1.4409097 1.3636037 1.1052119 0.4243935 1.2089807 0.8684063 0.5555788 1.0799670 1.4551806 1.3524615 1.1125563 1.0269045 1.2682456 0.1416034 1.2892651 0.0000000 0.9351244 1.4784818 1.3685441 1.4086313 1.4962972 
yHAB166_Kazachstania_yakushimaensis         1.5543655 1.2406060 1.2505158 1.3338749 1.4743625 1.9681511 1.5191101 1.4475459 1.1219780 1.1583625 5.2450162 1.2599088 1.3331414 1.3049366 1.3234595 1.3498058 1.3557217 1.2856683 1.3376544 1.4880773 1.3274115 1.0314166 0.8589895 1.1806818 0.8266634 0.9727524 1.1187366 1.4023445 1.3168172 0.4455193 1.1071737 1.2314904 0.9607648 1.0980242 0.9351244 0.0000000 1.4751947 1.3767565 1.4849619 1.3846109 
yHMPu5000034875_Tetrapisispora_fleetii      1.6921880 1.4643450 1.7533652 1.6432501 1.6638043 2.0027309 1.8688714 1.6711875 1.3939665 1.4428791 4.9781541 1.5299551 1.5211167 1.5932205 1.5255541 1.5364714 1.5565125 1.5559146 1.4433695 0.6045915 1.3934207 1.4608314 1.4722483 1.4918989 1.3890491 1.4732623 1.5747198 1.6117873 1.5201974 1.5783062 1.5346701 1.3643280 1.5157381 1.5614384 1.4784818 1.4751947 0.0000000 1.0077846 0.3212169 1.6341545 
yHMPu5000034876_Tetrapisispora_iriomotensis 1.4879986 1.3449541 1.5912898 1.3962377 1.4173022 1.7873242 1.6134965 1.5336556 1.3125088 1.3169185 4.8142785 1.3245634 1.3702588 1.4085051 1.3954693 1.3469997 1.3540530 1.3347765 1.3580821 1.0002083 1.2525350 1.3090975 1.3518086 1.2749336 1.2118848 1.3815727 1.4582566 1.6009125 1.4859858 1.3493790 1.3715156 1.3112712 1.3662000 1.3676887 1.3685441 1.3767565 1.0077846 0.0000000 0.9553929 1.5003406 
yHMPu5000034877_Tetrapisispora_namnaonensis 1.6506575 1.4823334 1.6397796 1.6237188 1.6149305 2.0168552 1.8248712 1.6792722 1.4070103 1.4070620 4.8482187 1.5197959 1.4430807 1.4890002 1.5002082 1.4631321 1.4667878 1.4520376 1.4347903 0.5573210 1.3644790 1.4355429 1.4575570 1.4414857 1.3290692 1.3954911 1.5018565 1.6204321 1.4470081 1.5163965 1.4200495 1.3873955 1.4325745 1.5119888 1.4086313 1.4849619 0.3212169 0.9553929 0.0000000 1.6357477 
yHMPu5000035629_Yueomyces_sinensis          1.6461909 1.5158125 1.6869927 1.6568993 1.5709086 2.2202783 1.7235259 1.5687551 1.5797313 1.6164684 4.8433635 1.5543648 1.5764916 1.6219495 1.6275943 1.5756519 1.6067243 1.5655725 1.3788025 1.5388848 1.4925980 1.4386378 1.4352486 1.3966432 1.3490928 1.5129202 1.5564388 1.5883805 1.6201866 1.5123885 1.5011698 1.6034139 1.5107492 1.4205842 1.4962972 1.3846109 1.6341545 1.5003406 1.6357477 0.0000000 
