40
Candida_glabrata                            0.0000000 1.6752848 1.9251742 1.5260465 1.0618254 1.6439347 1.1192827 1.1100091 1.6415188 1.6349315 4.1229819 1.6193932 1.6308810 1.7321695 1.7381534 1.6247200 1.5706387 1.6509616 1.7455357 1.5784716 1.7763668 1.9066357 1.7765331 1.9218371 1.7817931 1.5936974 1.7253863 1.7224549 1.9480938 2.0380575 2.0112388 1.4544087 1.6960310 1.7714086 1.9085463 1.8079070 1.7884253 2.0884816 1.7672595 1.6193353 
Kazachstania_africana                       1.6752848 0.0000000 1.4951827 1.6156717 1.7726160 1.8623062 1.7516034 1.7317516 1.6688998 1.6087805 4.1339248 1.7002583 1.6151478 1.7009333 1.6991474 1.6586234 1.6227637 1.5701735 1.8222363 1.6561360 1.8578897 1.4406814 1.5826909 1.5376483 1.4718166 1.4110812 1.4624393 1.5231104 1.4733047 1.7839978 1.4905269 1.1282730 1.4442258 1.4730857 1.5909116 1.7275547 2.0233743 2.0299417 2.0017587 1.7050564 
Kazachstania_naganishii                     1.9251742 1.4951827 0.0000000 1.8303347 1.8867110 1.9174765 1.8337372 1.8752216 2.1346011 1.9443867 4.0728453 1.9962071 1.9029847 2.0066215 1.9801295 1.8966519 1.9058589 1.9262529 1.9611445 1.8245002 2.1120953 1.6272329 1.5768857 1.7703101 1.4839695 1.4102257 1.2983081 1.7044357 1.6671192 1.8779264 1.7701132 1.4932914 1.4879065 1.6271251 1.4915319 1.7381192 2.0816772 2.2633245 2.0649131 2.0444942 
Nakaseomyces_bacillisporus                  1.5260465 1.6156717 1.8303347 0.0000000 1.6491103 1.4318695 1.7210214 1.6224659 1.4162700 1.4870845 4.1651710 1.4595615 1.4437350 1.4417372 1.5513084 1.4367800 1.4503379 1.3599688 1.4650579 1.4707096 1.6589930 1.5712284 1.6812674 1.7242070 1.6968151 1.6387994 1.7541581 1.7952618 1.5233862 1.7906803 1.6994270 1.4801928 1.6878197 1.4997199 1.6909584 1.8269473 1.7952801 1.8404699 1.7071593 1.6868341 
Nakaseomyces_bracarensis                    1.0618254 1.7726160 1.8867110 1.6491103 0.0000000 1.7251073 0.7014887 0.6391670 1.6635828 1.7223720 4.2406218 1.6165783 1.6759690 1.6728686 1.7093151 1.6066406 1.5817159 1.6233699 1.7340247 1.7432281 1.8705779 1.8474284 1.9083743 2.0123925 1.7571046 1.6468011 1.8238248 1.7589105 1.7745648 2.0890289 2.0773141 1.5303199 1.7306580 1.6584170 1.9925197 1.9263922 1.8503713 2.0598523 1.8102664 1.5721249 
Nakaseomyces_castellii                      1.6439347 1.8623062 1.9174765 1.4318695 1.7251073 0.0000000 1.6721452 1.7463935 1.5419692 1.5025692 3.4559116 1.6175052 1.5541204 1.6220232 1.6486080 1.5511323 1.6041475 1.5878920 1.6361315 1.9047626 1.7202749 1.7905278 1.8057965 1.7698529 1.8241121 1.7871354 1.8237949 1.8550105 1.7893261 2.0036169 1.8111527 1.5465794 1.8025208 1.6740156 1.8416075 1.7891017 1.9868900 1.8634585 1.9904251 1.8092142 
Nakaseomyces_delphensis                     1.1192827 1.7516034 1.8337372 1.7210214 0.7014887 1.6721452 0.0000000 0.6102275 1.5988457 1.7118944 3.8484505 1.6326922 1.7104320 1.7276304 1.7421480 1.7437518 1.6948550 1.6640207 1.7269706 1.9542431 1.8334961 1.7500292 1.9530960 2.0609319 1.6687299 1.7495589 1.7334059 1.8089781 1.7588760 2.0095960 1.8590802 1.5603843 1.7659908 1.8154823 1.8671451 1.9452764 2.0583694 1.9276038 2.0295984 1.7092822 
Nakaseomyces_nivariensis                    1.1100091 1.7317516 1.8752216 1.6224659 0.6391670 1.7463935 0.6102275 0.0000000 1.6563066 1.7468357 4.2727563 1.7342652 1.7367238 1.7429366 1.7994576 1.7236450 1.6536355 1.6322048 1.6910684 1.6315833 1.8725538 1.8663702 1.8622152 2.0286220 1.7798053 1.5695606 1.8924549 1.7590680 1.9450527 2.0895753 2.0146497 1.4437702 1.7208139 1.7909391 1.9154183 1.8578914 1.8096694 1.9005561 1.7195816 1.6368966 
Naumovozyma_castellii                       1.6415188 1.6688998 2.1346011 1.4162700 1.6635828 1.5419692 1.5988457 1.6563066 0.0000000 1.0884666 4.0014532 1.3221482 1.3951128 1.3448333 1.3576708 1.2924209 1.3365518 1.2862000 1.4520769 1.4589380 1.7061908 1.6509092 1.6112693 1.7804454 1.5907559 1.4187799 1.7526796 1.6671954 1.5338604 1.8028548 1.6425074 1.2959269 1.5015894 1.5527083 1.6533314 1.5357403 1.7313610 1.8562596 1.6585307 1.5154840 
Naumovozyma_dairenensis                     1.6349315 1.6087805 1.9443867 1.4870845 1.7223720 1.5025692 1.7118944 1.7468357 1.0884666 0.0000000 4.0260444 1.5247701 1.4732979 1.4744016 1.5199567 1.4438556 1.5006156 1.4937124 1.4828158 1.5824461 1.6674080 1.6863328 1.6921436 1.6342680 1.4679277 1.4229898 1.6981487 1.5676407 1.6362343 1.6321480 1.6765272 1.3387811 1.5988961 1.4521859 1.7112537 1.5878470 1.7166167 2.1173856 1.6924848 1.5418121 
Neurospora_crassa                           4.1229819 4.1339248 4.0728453 4.1651710 4.2406218 3.4559116 3.8484505 4.2727563 4.0014532 4.0260444 0.0000000 4.2948857 4.3833799 4.5085178 4.3302208 4.1338634 4.3690354 4.3347967 4.3477377 3.7592913 4.4232856 4.3704395 4.2162504 4.2694512 4.0054473 3.5623013 4.0753877 3.8050153 4.5093979 4.4883513 4.5204261 3.7879863 3.7915719 4.4837762 4.4145682 4.3090033 4.0236398 4.4294013 4.1283641 4.0749906 
Saccharomyces_arboricola                    1.6193932 1.7002583 1.9962071 1.4595615 1.6165783 1.6175052 1.6326922 1.7342652 1.3221482 1.5247701 4.2948857 0.0000000 0.4752973 0.3962293 0.3599851 0.4416719 0.4124081 0.3604243 1.5304805 1.4042738 1.6442635 1.5278574 1.7155696 1.7431511 1.6260176 1.4984182 1.6101273 1.5686424 1.7427566 1.8007040 1.7780250 1.3433922 1.6122713 1.5497053 1.7281985 1.8374145 1.6891130 1.8230107 1.6066922 1.4759104 
Saccharomyces_cerevisiae                    1.6308810 1.6151478 1.9029847 1.4437350 1.6759690 1.5541204 1.7104320 1.7367238 1.3951128 1.4732979 4.3833799 0.4752973 0.0000000 0.5065739 0.4439421 0.3602261 0.2037721 0.4807298 1.5667409 1.3989999 1.8087294 1.5507927 1.7334478 1.7240412 1.6540355 1.5584500 1.6948847 1.6808143 1.7146866 1.8686432 1.7633115 1.3293480 1.6389286 1.6745908 1.7158715 1.8025996 1.6466394 1.8817921 1.5729182 1.5389742 
Saccharomyces_eubayanus                     1.7321695 1.7009333 2.0066215 1.4417372 1.6728686 1.6220232 1.7276304 1.7429366 1.3448333 1.4744016 4.5085178 0.3962293 0.5065739 0.0000000 0.4220595 0.4666978 0.4337932 0.1503768 1.5931649 1.4498910 1.7212577 1.5489085 1.7755907 1.6770814 1.7088848 1.5937913 1.6904703 1.6824274 1.7102810 1.7250243 1.7750634 1.3570229 1.7588966 1.5306797 1.8414657 1.8427611 1.7481067 1.8632022 1.5486870 1.5588012 
Saccharomyces_kudriavzevii                  1.7381534 1.6991474 1.9801295 1.5513084 1.7093151 1.6486080 1.7421480 1.7994576 1.3576708 1.5199567 4.3302208 0.3599851 0.4439421 0.4220595 0.0000000 0.4216029 0.3846212 0.3910170 1.6579219 1.5348955 1.7687376 1.5848604 1.7932559 1.8477687 1.7201138 1.6202889 1.6620041 1.6423738 1.9395642 1.8650345 1.8744176 1.3909416 1.7599112 1.6486900 1.8675413 1.8459828 1.8509172 2.1030279 1.7442076 1.5923476 
Saccharomyces_mikatae                       1.6247200 1.6586234 1.8966519 1.4367800 1.6066406 1.5511323 1.7437518 1.7236450 1.2924209 1.4438556 4.1338634 0.4416719 0.3602261 0.4666978 0.4216029 0.0000000 0.2993197 0.4188578 1.5029273 1.3312948 1.6198070 1.5357917 1.7707635 1.7531808 1.5977194 1.5871106 1.5550355 1.5833521 1.7237042 1.8695729 1.6880417 1.3543047 1.6359161 1.5900618 1.7751107 1.8330458 1.6331883 1.9139538 1.5476752 1.5698426 
Saccharomyces_paradoxus                     1.5706387 1.6227637 1.9058589 1.4503379 1.5817159 1.6041475 1.6948550 1.6536355 1.3365518 1.5006156 4.3690354 0.4124081 0.2037721 0.4337932 0.3846212 0.2993197 0.0000000 0.4042140 1.5280228 1.4097435 1.7181927 1.5484468 1.7324625 1.7809201 1.5961376 1.5968374 1.6477629 1.5775875 1.7188591 1.8857953 1.7276704 1.3170509 1.6452329 1.6276847 1.7470781 1.8274131 1.7008079 1.9447721 1.5602169 1.5132560 
Saccharomyces_uvarum                        1.6509616 1.5701735 1.9262529 1.3599688 1.6233699 1.5878920 1.6640207 1.6322048 1.2862000 1.4937124 4.3347967 0.3604243 0.4807298 0.1503768 0.3910170 0.4188578 0.4042140 0.0000000 1.5657023 1.3956502 1.7149420 1.5320744 1.7239664 1.6081324 1.6301043 1.5171157 1.5923026 1.5859682 1.7032765 1.7564363 1.6861319 1.2914120 1.6664084 1.5151829 1.7752906 1.8127852 1.6814505 1.8414836 1.5739254 1.5673734 
Tetrapisispora_blattae                      1.7455357 1.8222363 1.9611445 1.4650579 1.7340247 1.6361315 1.7269706 1.6910684 1.4520769 1.4828158 4.3477377 1.5304805 1.5667409 1.5931649 1.6579219 1.5029273 1.5280228 1.5657023 0.0000000 1.4595649 1.5907546 1.6788681 1.8583189 1.8939043 1.7542077 1.4911833 1.8154712 1.7895207 1.8135239 1.7596938 1.9126069 1.4273282 1.6957551 1.7366918 1.7996985 1.7428608 1.6897585 1.9247448 1.5156818 1.2366550 
Tetrapisispora_phaffii                      1.5784716 1.6561360 1.8245002 1.4707096 1.7432281 1.9047626 1.9542431 1.6315833 1.4589380 1.5824461 3.7592913 1.4042738 1.3989999 1.4498910 1.5348955 1.3312948 1.4097435 1.3956502 1.4595649 0.0000000 1.4080602 1.6303948 1.5933795 1.5068687 1.7281171 1.4826114 1.7032896 1.8963402 1.5294911 1.7248069 1.7357405 1.5153521 1.6891982 1.6075253 1.6954508 1.6642062 0.6184386 0.8988690 0.5726911 1.4549844 
Vanderwaltozyma_polyspora                   1.7763668 1.8578897 2.1120953 1.6589930 1.8705779 1.7202749 1.8334961 1.8725538 1.7061908 1.6674080 4.4232856 1.6442635 1.8087294 1.7212577 1.7687376 1.6198070 1.7181927 1.7149420 1.5907546 1.4080602 0.0000000 1.8482129 2.0215693 1.9145733 1.7102532 1.6745835 1.8391801 1.8761228 1.7380153 2.1016585 1.9407041 1.5169198 1.8914668 1.7665705 1.9876502 1.9713600 1.7024623 1.6686224 1.6731933 1.4962736 
yHAB132_Kazachstania_martiniae              1.9066357 1.4406814 1.6272329 1.5712284 1.8474284 1.7905278 1.7500292 1.8663702 1.6509092 1.6863328 4.3704395 1.5278574 1.5507927 1.5489085 1.5848604 1.5357917 1.5484468 1.5320744 1.6788681 1.6303948 1.8482129 0.0000000 1.3609441 1.5895966 1.2524784 1.3464354 1.4854601 1.4786560 1.6013381 1.6451546 1.4011806 1.2571494 1.3042877 1.3938045 1.4445976 1.5187946 1.9317169 2.0316955 1.7915996 1.7312754 
yHAB133_Kazachstania_unispora               1.7765331 1.5826909 1.5768857 1.6812674 1.9083743 1.8057965 1.9530960 1.8622152 1.6112693 1.6921436 4.2162504 1.7155696 1.7334478 1.7755907 1.7932559 1.7707635 1.7324625 1.7239664 1.8583189 1.5933795 2.0215693 1.3609441 0.0000000 1.6424257 1.1406583 0.5684461 1.3023667 1.5621551 1.6674811 1.5127497 1.6000827 1.2687372 0.4848358 1.4109912 0.5183339 1.4615794 1.9046846 2.1158270 1.7926448 1.6831138 
yHAB134_Kazachstania_turicensis             1.9218371 1.5376483 1.7703101 1.7242070 2.0123925 1.7698529 2.0609319 2.0286220 1.7804454 1.6342680 4.2694512 1.7431511 1.7240412 1.6770814 1.8477687 1.7531808 1.7809201 1.6081324 1.8939043 1.5068687 1.9145733 1.5895966 1.6424257 0.0000000 1.4498859 1.4006231 1.5879071 1.6413415 1.3912256 1.6522117 1.4069679 1.2400948 1.5367969 0.9275035 1.6731586 1.6145486 1.8261606 2.1201943 1.7939062 1.9775340 
yHAB136_Kazachstania_bromeliacearum         1.7817931 1.4718166 1.4839695 1.6968151 1.7571046 1.8241121 1.6687299 1.7798053 1.5907559 1.4679277 4.0054473 1.6260176 1.6540355 1.7088848 1.7201138 1.5977194 1.5961376 1.6301043 1.7542077 1.7281171 1.7102532 1.2524784 1.1406583 1.4498859 0.0000000 1.0900836 1.2271369 1.4181192 1.4460922 1.3018752 1.4206114 1.1987892 1.2355574 1.2768159 1.1941215 1.3118669 1.9016539 1.9265136 1.8878325 1.6109277 
yHAB143_Kazachstania_siamensis              1.5936974 1.4110812 1.4102257 1.6387994 1.6468011 1.7871354 1.7495589 1.5695606 1.4187799 1.4229898 3.5623013 1.4984182 1.5584500 1.5937913 1.6202889 1.5871106 1.5968374 1.5171157 1.4911833 1.4826114 1.6745835 1.3464354 0.5684461 1.4006231 1.0900836 0.0000000 1.1505341 1.4943185 1.5047193 1.3670449 1.4792208 1.1790991 0.5522267 1.2758242 0.5526832 1.3447566 1.7915866 1.7104976 1.7383698 1.5645861 
yHAB147_Kazachstania_taianensis             1.7253863 1.4624393 1.2983081 1.7541581 1.8238248 1.8237949 1.7334059 1.8924549 1.7526796 1.6981487 4.0753877 1.6101273 1.6948847 1.6904703 1.6620041 1.5550355 1.6477629 1.5923026 1.8154712 1.7032896 1.8391801 1.4854601 1.3023667 1.5879071 1.2271369 1.1505341 0.0000000 1.5156116 1.4297897 1.4277928 1.5284414 1.2935319 1.1453596 1.3489167 1.1793704 1.3452110 1.8384908 2.0997251 1.8348841 1.8776329 
yHAB148_Kazachstania_intestinalis           1.7224549 1.5231104 1.7044357 1.7952618 1.7589105 1.8550105 1.8089781 1.7590680 1.6671954 1.5676407 3.8050153 1.5686424 1.6808143 1.6824274 1.6423738 1.5833521 1.5775875 1.5859682 1.7895207 1.8963402 1.8761228 1.4786560 1.5621551 1.6413415 1.4181192 1.4943185 1.5156116 0.0000000 1.6296877 1.5147924 1.7066998 1.4195766 1.4705234 1.4885504 1.4808574 1.6493245 2.0383194 2.1204212 2.0403767 1.8248625 
yHAB153_Kazachstania_rosinii                1.9480938 1.4733047 1.6671192 1.5233862 1.7745648 1.7893261 1.7588760 1.9450527 1.5338604 1.6362343 4.5093979 1.7427566 1.7146866 1.7102810 1.9395642 1.7237042 1.7188591 1.7032765 1.8135239 1.5294911 1.7380153 1.6013381 1.6674811 1.3912256 1.4460922 1.5047193 1.4297897 1.6296877 0.0000000 1.7588606 1.2937160 1.2563324 1.5562624 1.1444634 1.5838163 1.6800696 1.8709320 2.1148894 1.7905993 1.8111629 
yHAB154_Kazachstania_transvaalensis         2.0380575 1.7839978 1.8779264 1.7906803 2.0890289 2.0036169 2.0095960 2.0895753 1.8028548 1.6321480 4.4883513 1.8007040 1.8686432 1.7250243 1.8650345 1.8695729 1.8857953 1.7564363 1.7596938 1.7248069 2.1016585 1.6451546 1.5127497 1.6522117 1.3018752 1.3670449 1.4277928 1.5147924 1.7588606 0.0000000 1.8356028 1.4079678 1.4740064 1.5480829 1.5617723 0.5993863 1.9964753 2.1682447 1.9979453 1.7621634 
yHAB155_Kazachstania_spencerorum            2.0112388 1.4905269 1.7701132 1.6994270 2.0773141 1.8111527 1.8590802 2.0146497 1.6425074 1.6765272 4.5204261 1.7780250 1.7633115 1.7750634 1.8744176 1.6880417 1.7276704 1.6861319 1.9126069 1.7357405 1.9407041 1.4011806 1.6000827 1.4069679 1.4206114 1.4792208 1.5284414 1.7066998 1.2937160 1.8356028 0.0000000 1.3338602 1.5026303 1.2084394 1.5770932 1.7945304 2.0983294 2.2229309 1.9521491 2.0564002 
yHAB158_Kazachstania_viticola               1.4544087 1.1282730 1.4932914 1.4801928 1.5303199 1.5465794 1.5603843 1.4437702 1.2959269 1.3387811 3.7879863 1.3433922 1.3293480 1.3570229 1.3909416 1.3543047 1.3170509 1.2914120 1.4273282 1.5153521 1.5169198 1.2571494 1.2687372 1.2400948 1.1987892 1.1790991 1.2935319 1.4195766 1.2563324 1.4079678 1.3338602 0.0000000 1.2325722 1.1847146 1.2865269 1.3494664 1.6880690 1.6551224 1.6804861 1.4274780 
yHAB159_Kazachstania_solicola               1.6960310 1.4442258 1.4879065 1.6878197 1.7306580 1.8025208 1.7659908 1.7208139 1.5015894 1.5988961 3.7915719 1.6122713 1.6389286 1.7588966 1.7599112 1.6359161 1.6452329 1.6664084 1.6957551 1.6891982 1.8914668 1.3042877 0.4848358 1.5367969 1.2355574 0.5522267 1.1453596 1.4705234 1.5562624 1.4740064 1.5026303 1.2325722 0.0000000 1.3492321 0.1837114 1.3519766 1.9453076 1.9271869 1.9846663 1.7853759 
yHAB160_Kazachstania_kunashirensis          1.7714086 1.4730857 1.6271251 1.4997199 1.6584170 1.6740156 1.8154823 1.7909391 1.5527083 1.4521859 4.4837762 1.5497053 1.6745908 1.5306797 1.6486900 1.5900618 1.6276847 1.5151829 1.7366918 1.6075253 1.7665705 1.3938045 1.4109912 0.9275035 1.2768159 1.2758242 1.3489167 1.4885504 1.1444634 1.5480829 1.2084394 1.1847146 1.3492321 0.0000000 1.4423767 1.4980924 1.7600102 2.1034407 1.7021483 1.6935549 
yHAB164_Kazachstania_aerobia                1.9085463 1.5909116 1.4915319 1.6909584 1.9925197 1.8416075 1.8671451 1.9154183 1.6533314 1.7112537 4.4145682 1.7281985 1.7158715 1.8414657 1.8675413 1.7751107 1.7470781 1.7752906 1.7996985 1.6954508 1.9876502 1.4445976 0.5183339 1.6731586 1.1941215 0.5526832 1.1793704 1.4808574 1.5838163 1.5617723 1.5770932 1.2865269 0.1837114 1.4423767 0.0000000 1.4460311 1.9437150 2.1162765 2.0232934 1.7618230 
yHAB166_Kazachstania_yakushimaensis         1.8079070 1.7275547 1.7381192 1.8269473 1.9263922 1.7891017 1.9452764 1.8578914 1.5357403 1.5878470 4.3090033 1.8374145 1.8025996 1.8427611 1.8459828 1.8330458 1.8274131 1.8127852 1.7428608 1.6642062 1.9713600 1.5187946 1.4615794 1.6145486 1.3118669 1.3447566 1.3452110 1.6493245 1.6800696 0.5993863 1.7945304 1.3494664 1.3519766 1.4980924 1.4460311 0.0000000 1.9327250 1.9965420 1.9394929 1.8218126 
yHMPu5000034875_Tetrapisispora_fleetii      1.7884253 2.0233743 2.0816772 1.7952801 1.8503713 1.9868900 2.0583694 1.8096694 1.7313610 1.7166167 4.0236398 1.6891130 1.6466394 1.7481067 1.8509172 1.6331883 1.7008079 1.6814505 1.6897585 0.6184386 1.7024623 1.9317169 1.9046846 1.8261606 1.9016539 1.7915866 1.8384908 2.0383194 1.8709320 1.9964753 2.0983294 1.6880690 1.9453076 1.7600102 1.9437150 1.9327250 0.0000000 1.1932710 0.3368414 1.7375570 
yHMPu5000034876_Tetrapisispora_iriomotensis 2.0884816 2.0299417 2.2633245 1.8404699 2.0598523 1.8634585 1.9276038 1.9005561 1.8562596 2.1173856 4.4294013 1.8230107 1.8817921 1.8632022 2.1030279 1.9139538 1.9447721 1.8414836 1.9247448 0.8988690 1.6686224 2.0316955 2.1158270 2.1201943 1.9265136 1.7104976 2.0997251 2.1204212 2.1148894 2.1682447 2.2229309 1.6551224 1.9271869 2.1034407 2.1162765 1.9965420 1.1932710 0.0000000 1.1569123 1.8065277 
yHMPu5000034877_Tetrapisispora_namnaonensis 1.7672595 2.0017587 2.0649131 1.7071593 1.8102664 1.9904251 2.0295984 1.7195816 1.6585307 1.6924848 4.1283641 1.6066922 1.5729182 1.5486870 1.7442076 1.5476752 1.5602169 1.5739254 1.5156818 0.5726911 1.6731933 1.7915996 1.7926448 1.7939062 1.8878325 1.7383698 1.8348841 2.0403767 1.7905993 1.9979453 1.9521491 1.6804861 1.9846663 1.7021483 2.0232934 1.9394929 0.3368414 1.1569123 0.0000000 1.6022373 
yHMPu5000035629_Yueomyces_sinensis          1.6193353 1.7050564 2.0444942 1.6868341 1.5721249 1.8092142 1.7092822 1.6368966 1.5154840 1.5418121 4.0749906 1.4759104 1.5389742 1.5588012 1.5923476 1.5698426 1.5132560 1.5673734 1.2366550 1.4549844 1.4962736 1.7312754 1.6831138 1.9775340 1.6109277 1.5645861 1.8776329 1.8248625 1.8111629 1.7621634 2.0564002 1.4274780 1.7853759 1.6935549 1.7618230 1.8218126 1.7375570 1.8065277 1.6022373 0.0000000 
