40
Candida_glabrata                            0.0000000 0.2856512 0.2822636 0.2717305 0.2085228 0.3519688 0.2211181 0.2094271 0.2498364 0.3104596 0.7847801 0.2478921 0.2717764 0.2468062 0.2545888 0.2642605 0.2612531 0.2585882 0.3106320 0.3043398 0.2804458 0.2762035 0.2794740 0.2860491 0.2943755 0.2769811 0.2375668 0.2821791 0.2398998 0.3187905 0.2741012 0.2805296 0.2654500 0.3015960 0.2801958 0.2899821 0.2871052 0.2950793 0.2998379 0.2870845 
Kazachstania_africana                       0.2856512 0.0000000 0.2547541 0.3048405 0.2654594 0.3519852 0.2726639 0.2460525 0.2528115 0.2467545 0.8429055 0.2834303 0.2570133 0.2661977 0.2819313 0.2731617 0.2697212 0.2921693 0.2410296 0.2406845 0.2517955 0.2175246 0.2050555 0.2424197 0.2328484 0.2042351 0.2217768 0.3021208 0.2299371 0.2265834 0.2086185 0.2148483 0.2192713 0.2222773 0.2062686 0.2134748 0.2367007 0.2345395 0.2534507 0.2468681 
Kazachstania_naganishii                     0.2822636 0.2547541 0.0000000 0.3417203 0.2753228 0.3712590 0.2983944 0.2795202 0.3063910 0.3443950 0.8251318 0.3144380 0.3155190 0.3018842 0.3169884 0.3117869 0.3174347 0.3102766 0.3126478 0.3100283 0.3304513 0.3019182 0.2903199 0.3010375 0.2917996 0.2834408 0.2355330 0.3223278 0.2798574 0.2873666 0.2851864 0.3010480 0.2707438 0.3081364 0.2949477 0.2906399 0.3245898 0.2815396 0.3307261 0.3476130 
Nakaseomyces_bacillisporus                  0.2717305 0.3048405 0.3417203 0.0000000 0.3115569 0.3358263 0.3059514 0.3170020 0.2909606 0.2824351 0.9182700 0.3403670 0.3172811 0.3565631 0.3170916 0.3271574 0.3220525 0.3550476 0.3182277 0.2943480 0.2927939 0.3047865 0.2932770 0.3172139 0.3050079 0.2703210 0.3016857 0.3116675 0.3129666 0.2900554 0.2889561 0.2741679 0.3132267 0.3291759 0.3038231 0.2818982 0.2742762 0.2908673 0.2956625 0.2923267 
Nakaseomyces_bracarensis                    0.2085228 0.2654594 0.2753228 0.3115569 0.0000000 0.3586174 0.1527260 0.1363799 0.2515079 0.2936015 0.8472086 0.2623654 0.2678811 0.2475375 0.2630730 0.2566808 0.2639772 0.2587386 0.2715293 0.2560697 0.2749105 0.2295136 0.2173243 0.2489452 0.2476120 0.2436904 0.2236851 0.2781406 0.2318440 0.2559342 0.2579150 0.2767598 0.2249323 0.2675110 0.2266423 0.2512871 0.2395157 0.2551556 0.2417893 0.2847864 
Nakaseomyces_castellii                      0.3519688 0.3519852 0.3712590 0.3358263 0.3586174 0.0000000 0.3573028 0.3534908 0.3591440 0.3579239 0.8966094 0.3810924 0.3863944 0.4018578 0.3859093 0.4027045 0.3885083 0.4107095 0.3813194 0.3594418 0.3961295 0.3697871 0.3576090 0.3983847 0.3586162 0.3609074 0.3524620 0.3404808 0.3337262 0.3559985 0.3574259 0.3645555 0.3586633 0.3885662 0.3743370 0.3648305 0.3440838 0.3408194 0.3628508 0.3714057 
Nakaseomyces_delphensis                     0.2211181 0.2726639 0.2983944 0.3059514 0.1527260 0.3573028 0.0000000 0.1318514 0.2726017 0.3020636 0.8846782 0.2495278 0.2842504 0.2582609 0.2655529 0.2691502 0.2663782 0.2585565 0.2962233 0.2927720 0.3060560 0.2636351 0.2637319 0.2808223 0.2481787 0.2690170 0.2452251 0.2594415 0.2455513 0.2769957 0.2672007 0.2874560 0.2511205 0.3074124 0.2556226 0.2676262 0.2686711 0.2845754 0.2684426 0.3139331 
Nakaseomyces_nivariensis                    0.2094271 0.2460525 0.2795202 0.3170020 0.1363799 0.3534908 0.1318514 0.0000000 0.2749219 0.2931913 0.8067976 0.2694309 0.2870657 0.2605593 0.2632333 0.2609528 0.2614498 0.2660663 0.2888782 0.2875682 0.2950382 0.2460089 0.2423812 0.2627955 0.2654297 0.2602374 0.2313679 0.2708901 0.2398418 0.2685848 0.2437807 0.2626815 0.2294298 0.3026051 0.2436426 0.2569014 0.2794287 0.2744006 0.2834649 0.3043363 
Naumovozyma_castellii                       0.2498364 0.2528115 0.3063910 0.2909606 0.2515079 0.3591440 0.2726017 0.2749219 0.0000000 0.1950488 0.8049108 0.2523614 0.2628263 0.2597578 0.2515027 0.2718456 0.2662365 0.2758567 0.2523495 0.2448840 0.2552925 0.2335877 0.2066058 0.2485103 0.2111606 0.2076725 0.2643849 0.2661363 0.2169838 0.2602837 0.2043047 0.2229892 0.2015507 0.2799496 0.1972126 0.2405652 0.2692427 0.2610180 0.2778856 0.2671475 
Naumovozyma_dairenensis                     0.3104596 0.2467545 0.3443950 0.2824351 0.2936015 0.3579239 0.3020636 0.2931913 0.1950488 0.0000000 0.9441951 0.2926622 0.2775463 0.2855688 0.2817416 0.2823353 0.2859380 0.2980955 0.2598160 0.2613338 0.2487288 0.2430307 0.2028395 0.2572139 0.2169417 0.2070353 0.2734684 0.2834198 0.2424737 0.2517405 0.2321868 0.2102513 0.2344022 0.2307528 0.2217375 0.2342269 0.2542757 0.2577895 0.2685558 0.2564153 
Neurospora_crassa                           0.7847801 0.8429055 0.8251318 0.9182700 0.8472086 0.8966094 0.8846782 0.8067976 0.8049108 0.9441951 0.0000000 0.8751368 0.9121199 0.9025407 0.8752835 0.8971315 0.9067712 0.8774039 0.8669030 0.8705959 0.8721902 0.8706941 0.8850288 0.8852408 0.8701261 0.8799557 0.8508947 0.8219473 0.8208671 0.9516930 0.8452222 0.8495289 0.8260243 0.9262234 0.8560063 0.9590612 0.9313569 0.9237117 0.9114326 0.9169661 
Saccharomyces_arboricola                    0.2478921 0.2834303 0.3144380 0.3403670 0.2623654 0.3810924 0.2495278 0.2694309 0.2523614 0.2926622 0.8751368 0.0000000 0.1233039 0.1158361 0.1068744 0.1046756 0.1178545 0.1229394 0.3009829 0.3470457 0.3039995 0.2891391 0.2671464 0.3067882 0.2846125 0.2737549 0.2638023 0.2937865 0.2676664 0.2961485 0.2712506 0.3127428 0.2615979 0.3071100 0.2631494 0.2991717 0.3190958 0.3324660 0.3302276 0.2972846 
Saccharomyces_cerevisiae                    0.2717764 0.2570133 0.3155190 0.3172811 0.2678811 0.3863944 0.2842504 0.2870657 0.2628263 0.2775463 0.9121199 0.1233039 0.0000000 0.1411879 0.1259403 0.1026942 0.0674225 0.1524779 0.2637564 0.3157701 0.2747099 0.2517593 0.2419678 0.2902873 0.2834563 0.2536158 0.2706805 0.3099575 0.2651359 0.2746698 0.2536302 0.2787801 0.2664956 0.2902389 0.2480706 0.2646365 0.2961453 0.2960766 0.2977977 0.2654984 
Saccharomyces_eubayanus                     0.2468062 0.2661977 0.3018842 0.3565631 0.2475375 0.4018578 0.2582609 0.2605593 0.2597578 0.2855688 0.9025407 0.1158361 0.1411879 0.0000000 0.1226700 0.1421699 0.1341982 0.0380597 0.3161008 0.3312065 0.3134332 0.2980237 0.2621396 0.2868318 0.2716406 0.2870957 0.2570232 0.3100080 0.2633207 0.2820544 0.2727156 0.3031013 0.2624673 0.3214116 0.2490273 0.2891707 0.2979619 0.3177951 0.3228909 0.2987347 
Saccharomyces_kudriavzevii                  0.2545888 0.2819313 0.3169884 0.3170916 0.2630730 0.3859093 0.2655529 0.2632333 0.2515027 0.2817416 0.8752835 0.1068744 0.1259403 0.1226700 0.0000000 0.1200756 0.1229393 0.1279958 0.2988112 0.3228932 0.3002825 0.2726016 0.2766263 0.2907082 0.2934539 0.2718125 0.2841985 0.3191212 0.2763254 0.2842384 0.2767804 0.3062883 0.2556770 0.3157029 0.2613315 0.2948547 0.3117982 0.3039879 0.3309192 0.2975271 
Saccharomyces_mikatae                       0.2642605 0.2731617 0.3117869 0.3271574 0.2566808 0.4027045 0.2691502 0.2609528 0.2718456 0.2823353 0.8971315 0.1046756 0.1026942 0.1421699 0.1200756 0.0000000 0.0911741 0.1381965 0.2883405 0.3115560 0.2807755 0.2520185 0.2585387 0.3034561 0.2875289 0.2639313 0.2695545 0.3241708 0.2743677 0.2819175 0.2627863 0.2938412 0.2661887 0.2891621 0.2584185 0.2863532 0.3036229 0.2906727 0.3160724 0.2721463 
Saccharomyces_paradoxus                     0.2612531 0.2697212 0.3174347 0.3220525 0.2639772 0.3885083 0.2663782 0.2614498 0.2662365 0.2859380 0.9067712 0.1178545 0.0674225 0.1341982 0.1229393 0.0911741 0.0000000 0.1406371 0.2767998 0.3253220 0.2758474 0.2701436 0.2478910 0.2957633 0.2848404 0.2565167 0.2751539 0.3024865 0.2633642 0.2781596 0.2654046 0.2757967 0.2656482 0.3025444 0.2583081 0.2792319 0.3034616 0.2983929 0.3186305 0.2908024 
Saccharomyces_uvarum                        0.2585882 0.2921693 0.3102766 0.3550476 0.2587386 0.4107095 0.2585565 0.2660663 0.2758567 0.2980955 0.8774039 0.1229394 0.1524779 0.0380597 0.1279958 0.1381965 0.1406371 0.0000000 0.3277336 0.3399503 0.3186004 0.3024368 0.2784000 0.2820233 0.2878613 0.2961590 0.2689450 0.3099745 0.2717830 0.2951315 0.2894304 0.3120118 0.2745240 0.3307466 0.2577771 0.3024366 0.3086651 0.3288813 0.3408667 0.3019871 
Tetrapisispora_blattae                      0.3106320 0.2410296 0.3126478 0.3182277 0.2715293 0.3813194 0.2962233 0.2888782 0.2523495 0.2598160 0.8669030 0.3009829 0.2637564 0.3161008 0.2988112 0.2883405 0.2767998 0.3277336 0.0000000 0.2364641 0.2420111 0.2429859 0.2066257 0.2572998 0.2311611 0.2021833 0.2603383 0.2940521 0.2200723 0.2212817 0.2519840 0.2048333 0.2408235 0.2389795 0.2058862 0.2035957 0.2587537 0.2438179 0.2533476 0.2114286 
Tetrapisispora_phaffii                      0.3043398 0.2406845 0.3100283 0.2943480 0.2560697 0.3594418 0.2927720 0.2875682 0.2448840 0.2613338 0.8705959 0.3470457 0.3157701 0.3312065 0.3228932 0.3115560 0.3253220 0.3399503 0.2364641 0.0000000 0.2367917 0.2357876 0.2286065 0.2664606 0.2389815 0.2250115 0.2736996 0.2731291 0.2354756 0.2380067 0.2125847 0.2338944 0.2602123 0.2575105 0.2409462 0.2366095 0.1128053 0.1622547 0.1189762 0.2476418 
Vanderwaltozyma_polyspora                   0.2804458 0.2517955 0.3304513 0.2927939 0.2749105 0.3961295 0.3060560 0.2950382 0.2552925 0.2487288 0.8721902 0.3039995 0.2747099 0.3134332 0.3002825 0.2807755 0.2758474 0.3186004 0.2420111 0.2367917 0.0000000 0.2387069 0.2262508 0.2633788 0.2366549 0.2097396 0.2614168 0.2934694 0.2405691 0.2319525 0.2393986 0.2287414 0.2419163 0.2371408 0.2251387 0.2128480 0.2287611 0.2433909 0.2465035 0.2361833 
yHAB132_Kazachstania_martiniae              0.2762035 0.2175246 0.3019182 0.3047865 0.2295136 0.3697871 0.2636351 0.2460089 0.2335877 0.2430307 0.8706941 0.2891391 0.2517593 0.2980237 0.2726016 0.2520185 0.2701436 0.3024368 0.2429859 0.2357876 0.2387069 0.0000000 0.1858505 0.2362481 0.1978773 0.1985631 0.2502936 0.3032746 0.2164591 0.2212244 0.2055452 0.2027369 0.1953014 0.2363300 0.1912650 0.1959250 0.2373887 0.2434852 0.2450986 0.2396063 
yHAB133_Kazachstania_unispora               0.2794740 0.2050555 0.2903199 0.2932770 0.2173243 0.3576090 0.2637319 0.2423812 0.2066058 0.2028395 0.8850288 0.2671464 0.2419678 0.2621396 0.2766263 0.2585387 0.2478910 0.2784000 0.2066257 0.2286065 0.2262508 0.1858505 0.0000000 0.1977985 0.1530311 0.1045974 0.2297358 0.2682445 0.2015358 0.1782236 0.1891558 0.1823271 0.0906538 0.2055901 0.0777849 0.1455449 0.2152981 0.2004121 0.2279676 0.2246029 
yHAB134_Kazachstania_turicensis             0.2860491 0.2424197 0.3010375 0.3172139 0.2489452 0.3983847 0.2808223 0.2627955 0.2485103 0.2572139 0.8852408 0.3067882 0.2902873 0.2868318 0.2907082 0.3034561 0.2957633 0.2820233 0.2572998 0.2664606 0.2633788 0.2362481 0.1977985 0.0000000 0.2280174 0.2122189 0.2369162 0.2765155 0.2027731 0.2170622 0.2213346 0.2059049 0.2012749 0.1889324 0.2012282 0.2089730 0.2469841 0.2486467 0.2665383 0.2698055 
yHAB136_Kazachstania_bromeliacearum         0.2943755 0.2328484 0.2917996 0.3050079 0.2476120 0.3586162 0.2481787 0.2654297 0.2111606 0.2169417 0.8701261 0.2846125 0.2834563 0.2716406 0.2934539 0.2875289 0.2848404 0.2878613 0.2311611 0.2389815 0.2366549 0.1978773 0.1530311 0.2280174 0.0000000 0.1612396 0.2351056 0.2740093 0.2199085 0.2056763 0.2191543 0.1808830 0.1667852 0.2369728 0.1638685 0.1896597 0.2440667 0.2243113 0.2597409 0.2685683 
yHAB143_Kazachstania_siamensis              0.2769811 0.2042351 0.2834408 0.2703210 0.2436904 0.3609074 0.2690170 0.2602374 0.2076725 0.2070353 0.8799557 0.2737549 0.2536158 0.2870957 0.2718125 0.2639313 0.2565167 0.2961590 0.2021833 0.2250115 0.2097396 0.1985631 0.1045974 0.2122189 0.1612396 0.0000000 0.2362200 0.2515771 0.1978329 0.1820533 0.2149900 0.1684146 0.1380215 0.2011120 0.1179479 0.1605799 0.2180455 0.2180268 0.2298480 0.2507168 
yHAB147_Kazachstania_taianensis             0.2375668 0.2217768 0.2355330 0.3016857 0.2236851 0.3524620 0.2452251 0.2313679 0.2643849 0.2734684 0.8508947 0.2638023 0.2706805 0.2570232 0.2841985 0.2695545 0.2751539 0.2689450 0.2603383 0.2736996 0.2614168 0.2502936 0.2297358 0.2369162 0.2351056 0.2362200 0.0000000 0.2666400 0.2177820 0.2424171 0.2592242 0.2464412 0.2107213 0.2662198 0.2257414 0.2282752 0.2544727 0.2552573 0.2640033 0.2708087 
yHAB148_Kazachstania_intestinalis           0.2821791 0.3021208 0.3223278 0.3116675 0.2781406 0.3404808 0.2594415 0.2708901 0.2661363 0.2834198 0.8219473 0.2937865 0.3099575 0.3100080 0.3191212 0.3241708 0.3024865 0.3099745 0.2940521 0.2731291 0.2934694 0.3032746 0.2682445 0.2765155 0.2740093 0.2515771 0.2666400 0.0000000 0.2378799 0.2647908 0.2581597 0.2395487 0.2692496 0.2951600 0.2649050 0.2623343 0.2729564 0.2678832 0.2924935 0.2682089 
yHAB153_Kazachstania_rosinii                0.2398998 0.2299371 0.2798574 0.3129666 0.2318440 0.3337262 0.2455513 0.2398418 0.2169838 0.2424737 0.8208671 0.2676664 0.2651359 0.2633207 0.2763254 0.2743677 0.2633642 0.2717830 0.2200723 0.2354756 0.2405691 0.2164591 0.2015358 0.2027731 0.2199085 0.1978329 0.2177820 0.2378799 0.0000000 0.2143280 0.1946664 0.2061818 0.1954605 0.2066010 0.2041588 0.2202732 0.2216622 0.2398081 0.2344833 0.2521789 
yHAB154_Kazachstania_transvaalensis         0.3187905 0.2265834 0.2873666 0.2900554 0.2559342 0.3559985 0.2769957 0.2685848 0.2602837 0.2517405 0.9516930 0.2961485 0.2746698 0.2820544 0.2842384 0.2819175 0.2781596 0.2951315 0.2212817 0.2380067 0.2319525 0.2212244 0.1782236 0.2170622 0.2056763 0.1820533 0.2424171 0.2647908 0.2143280 0.0000000 0.2025417 0.1921870 0.1904888 0.2228752 0.1933844 0.1025979 0.2314516 0.2251555 0.2545316 0.2352382 
yHAB155_Kazachstania_spencerorum            0.2741012 0.2086185 0.2851864 0.2889561 0.2579150 0.3574259 0.2672007 0.2437807 0.2043047 0.2321868 0.8452222 0.2712506 0.2536302 0.2727156 0.2767804 0.2627863 0.2654046 0.2894304 0.2519840 0.2125847 0.2393986 0.2055452 0.1891558 0.2213346 0.2191543 0.2149900 0.2592242 0.2581597 0.1946664 0.2025417 0.0000000 0.1873570 0.2045063 0.2394418 0.2073812 0.1974864 0.2114950 0.2215533 0.2255952 0.2441262 
yHAB158_Kazachstania_viticola               0.2805296 0.2148483 0.3010480 0.2741679 0.2767598 0.3645555 0.2874560 0.2626815 0.2229892 0.2102513 0.8495289 0.3127428 0.2787801 0.3031013 0.3062883 0.2938412 0.2757967 0.3120118 0.2048333 0.2338944 0.2287414 0.2027369 0.1823271 0.2059049 0.1808830 0.1684146 0.2464412 0.2395487 0.2061818 0.1921870 0.1873570 0.0000000 0.2159439 0.2260057 0.2047688 0.1803819 0.2440556 0.2209318 0.2447672 0.2117457 
yHAB159_Kazachstania_solicola               0.2654500 0.2192713 0.2707438 0.3132267 0.2249323 0.3586633 0.2511205 0.2294298 0.2015507 0.2344022 0.8260243 0.2615979 0.2664956 0.2624673 0.2556770 0.2661887 0.2656482 0.2745240 0.2408235 0.2602123 0.2419163 0.1953014 0.0906538 0.2012749 0.1667852 0.1380215 0.2107213 0.2692496 0.1954605 0.1904888 0.2045063 0.2159439 0.0000000 0.2334073 0.0495890 0.1828239 0.2436180 0.2356489 0.2531048 0.2601222 
yHAB160_Kazachstania_kunashirensis          0.3015960 0.2222773 0.3081364 0.3291759 0.2675110 0.3885662 0.3074124 0.3026051 0.2799496 0.2307528 0.9262234 0.3071100 0.2902389 0.3214116 0.3157029 0.2891621 0.3025444 0.3307466 0.2389795 0.2575105 0.2371408 0.2363300 0.2055901 0.1889324 0.2369728 0.2011120 0.2662198 0.2951600 0.2066010 0.2228752 0.2394418 0.2260057 0.2334073 0.0000000 0.2273589 0.2074991 0.2528027 0.2409620 0.2692379 0.2541348 
yHAB164_Kazachstania_aerobia                0.2801958 0.2062686 0.2949477 0.3038231 0.2266423 0.3743370 0.2556226 0.2436426 0.1972126 0.2217375 0.8560063 0.2631494 0.2480706 0.2490273 0.2613315 0.2584185 0.2583081 0.2577771 0.2058862 0.2409462 0.2251387 0.1912650 0.0777849 0.2012282 0.1638685 0.1179479 0.2257414 0.2649050 0.2041588 0.1933844 0.2073812 0.2047688 0.0495890 0.2273589 0.0000000 0.1663349 0.2184310 0.2232563 0.2297843 0.2285580 
yHAB166_Kazachstania_yakushimaensis         0.2899821 0.2134748 0.2906399 0.2818982 0.2512871 0.3648305 0.2676262 0.2569014 0.2405652 0.2342269 0.9590612 0.2991717 0.2646365 0.2891707 0.2948547 0.2863532 0.2792319 0.3024366 0.2035957 0.2366095 0.2128480 0.1959250 0.1455449 0.2089730 0.1896597 0.1605799 0.2282752 0.2623343 0.2202732 0.1025979 0.1974864 0.1803819 0.1828239 0.2074991 0.1663349 0.0000000 0.2199155 0.2229549 0.2381080 0.2171116 
yHMPu5000034875_Tetrapisispora_fleetii      0.2871052 0.2367007 0.3245898 0.2742762 0.2395157 0.3440838 0.2686711 0.2794287 0.2692427 0.2542757 0.9313569 0.3190958 0.2961453 0.2979619 0.3117982 0.3036229 0.3034616 0.3086651 0.2587537 0.1128053 0.2287611 0.2373887 0.2152981 0.2469841 0.2440667 0.2180455 0.2544727 0.2729564 0.2216622 0.2314516 0.2114950 0.2440556 0.2436180 0.2528027 0.2184310 0.2199155 0.0000000 0.1598949 0.0759113 0.2521822 
yHMPu5000034876_Tetrapisispora_iriomotensis 0.2950793 0.2345395 0.2815396 0.2908673 0.2551556 0.3408194 0.2845754 0.2744006 0.2610180 0.2577895 0.9237117 0.3324660 0.2960766 0.3177951 0.3039879 0.2906727 0.2983929 0.3288813 0.2438179 0.1622547 0.2433909 0.2434852 0.2004121 0.2486467 0.2243113 0.2180268 0.2552573 0.2678832 0.2398081 0.2251555 0.2215533 0.2209318 0.2356489 0.2409620 0.2232563 0.2229549 0.1598949 0.0000000 0.1898214 0.2486364 
yHMPu5000034877_Tetrapisispora_namnaonensis 0.2998379 0.2534507 0.3307261 0.2956625 0.2417893 0.3628508 0.2684426 0.2834649 0.2778856 0.2685558 0.9114326 0.3302276 0.2977977 0.3228909 0.3309192 0.3160724 0.3186305 0.3408667 0.2533476 0.1189762 0.2465035 0.2450986 0.2279676 0.2665383 0.2597409 0.2298480 0.2640033 0.2924935 0.2344833 0.2545316 0.2255952 0.2447672 0.2531048 0.2692379 0.2297843 0.2381080 0.0759113 0.1898214 0.0000000 0.2650998 
yHMPu5000035629_Yueomyces_sinensis          0.2870845 0.2468681 0.3476130 0.2923267 0.2847864 0.3714057 0.3139331 0.3043363 0.2671475 0.2564153 0.9169661 0.2972846 0.2654984 0.2987347 0.2975271 0.2721463 0.2908024 0.3019871 0.2114286 0.2476418 0.2361833 0.2396063 0.2246029 0.2698055 0.2685683 0.2507168 0.2708087 0.2682089 0.2521789 0.2352382 0.2441262 0.2117457 0.2601222 0.2541348 0.2285580 0.2171116 0.2521822 0.2486364 0.2650998 0.0000000 
