40
Candida_glabrata                            0.0000000 0.8544410 1.5865347 1.0778124 0.3786289 1.2029788 0.4192357 0.3599979 0.8670500 0.9327898 3.5958830 1.0115387 0.9674307 1.0117053 1.0178004 1.0208450 0.9935699 0.9840419 0.9647675 1.0815608 0.8663636 0.9403496 1.9405825 0.9876523 1.2139268 1.8466644 1.4651275 1.1905165 0.9156069 1.4816887 0.9905075 1.0285327 1.8795198 0.9922410 1.8865103 1.5166906 1.1152129 1.1158887 1.1168450 0.9757652 
Kazachstania_africana                       0.8544410 0.0000000 1.5221489 0.9805009 0.8443588 1.2014222 0.8729526 0.8178787 0.7042884 0.6847601 3.3599965 0.7995447 0.8074674 0.7868890 0.7953899 0.7873982 0.7963755 0.7833160 0.8688534 1.0142929 0.7461779 0.7187852 1.6641434 0.6574470 0.8751642 1.6355708 1.4326584 0.9874416 0.6321198 1.3550965 0.6293212 0.5837088 1.6936017 0.6243819 1.6482478 1.2688548 1.0196099 1.0430268 1.0320353 0.8707106 
Kazachstania_naganishii                     1.5865347 1.5221489 0.0000000 1.6859313 1.7074025 1.7098920 1.5987579 1.6656784 1.5758749 1.4449906 3.5291424 1.5980669 1.6245515 1.5874021 1.5343240 1.6107589 1.6100630 1.5668509 1.6839837 1.6935875 1.5677854 1.6169483 2.0868737 1.6080391 1.3906314 2.0887598 1.3053582 1.3621790 1.4995234 1.6149321 1.4575609 1.6355904 2.0307295 1.5611932 2.0389323 1.6222591 1.7967568 1.7619567 1.7811725 1.7068005 
Nakaseomyces_bacillisporus                  1.0778124 0.9805009 1.6859313 0.0000000 1.0051528 1.0155319 1.0648328 1.0307912 1.0291797 0.9363465 3.8849977 1.0770244 1.0689428 1.0642519 1.0544923 1.0824444 1.0897025 1.0701781 1.0611865 1.1878525 0.9612461 1.0812420 1.9297788 1.1082068 1.1505112 1.7656311 1.7961481 1.2798184 1.0540524 1.4463939 1.0616364 1.0418990 1.9267839 1.0316517 1.8778464 1.4252641 1.1616715 1.1783938 1.2020922 1.0997705 
Nakaseomyces_bracarensis                    0.3786289 0.8443588 1.7074025 1.0051528 0.0000000 1.1801945 0.2353179 0.2004723 0.8431853 0.8664459 3.4779529 0.9788718 0.9798535 0.9933952 0.9685200 0.9661210 0.9660694 0.9557449 0.9148445 1.0671134 0.8671166 0.8875383 1.8900897 0.9303005 1.1976236 1.8780885 1.5347838 1.2116418 0.8834208 1.4819965 0.9572253 1.0283576 1.8601641 0.9842262 1.8797988 1.4454694 1.0893739 1.1114119 1.1097409 1.0248285 
Nakaseomyces_castellii                      1.2029788 1.2014222 1.7098920 1.0155319 1.1801945 0.0000000 1.2020904 1.1719560 1.0674106 1.0310763 3.8152936 1.1927791 1.1691627 1.1450175 1.1390193 1.1538461 1.1825289 1.1384685 1.2237969 1.3471690 1.0853340 1.1222876 1.9791316 1.2938873 1.3555454 1.9216831 1.6069794 1.3699876 1.1646650 1.6009963 1.2239427 1.2191027 2.1149952 1.2338631 2.0485109 1.5729107 1.3695456 1.2892380 1.3746367 1.2521000 
Nakaseomyces_delphensis                     0.4192357 0.8729526 1.5987579 1.0648328 0.2353179 1.2020904 0.0000000 0.1819677 0.8849230 0.9562172 3.4780467 1.0149961 1.0104664 1.0057483 1.0221190 1.0059668 0.9983568 0.9911618 0.9057623 1.0979478 0.9012607 0.9599385 1.8778074 1.0204188 1.1680261 1.8655672 1.4532264 1.1699517 0.9308889 1.5020134 0.9998410 1.1039361 1.8314912 1.0460434 1.8563239 1.4849809 1.1441546 1.1077707 1.1369553 1.0205470 
Nakaseomyces_nivariensis                    0.3599979 0.8178787 1.6656784 1.0307912 0.2004723 1.1719560 0.1819677 0.0000000 0.8488363 0.8867039 3.4072188 0.9605607 0.9452414 0.9668134 0.9493346 0.9499110 0.9320557 0.9483609 0.8706002 1.0555412 0.8388348 0.8911335 1.9087054 0.9193637 1.1160991 1.8329199 1.4928500 1.1704010 0.8646988 1.5033656 0.9687240 1.0135281 1.8325002 0.9680925 1.8351856 1.4837857 1.0649875 1.0852048 1.1087362 0.9873812 
Naumovozyma_castellii                       0.8670500 0.7042884 1.5758749 1.0291797 0.8431853 1.0674106 0.8849230 0.8488363 0.0000000 0.4696799 3.6941040 0.7326731 0.7287247 0.7219807 0.7310502 0.7461480 0.7389156 0.7126300 0.8315854 1.0254739 0.7030652 0.7512375 1.7892756 0.7607932 0.9626560 1.7557951 1.5416870 1.0902458 0.7178462 1.3202498 0.7729908 0.7481624 1.8156171 0.7029440 1.7682286 1.3435051 1.0342594 1.0818940 1.0771785 0.8536232 
Naumovozyma_dairenensis                     0.9327898 0.6847601 1.4449906 0.9363465 0.8664459 1.0310763 0.9562172 0.8867039 0.4696799 0.0000000 3.5497914 0.7641953 0.7568050 0.7456134 0.7847954 0.7717074 0.7596034 0.7483528 0.7862234 1.0558172 0.7805957 0.7652772 1.7445142 0.7438454 0.9826315 1.6370275 1.6370317 1.1247499 0.7732873 1.3156553 0.7990516 0.7822533 1.7769364 0.7369348 1.6737624 1.2765789 1.0442780 1.0402515 1.0422995 0.8002338 
Neurospora_crassa                           3.5958830 3.3599965 3.5291424 3.8849977 3.4779529 3.8152936 3.4780467 3.4072188 3.6941040 3.5497914 0.0000000 3.7584522 3.7194927 3.7515001 3.7077840 3.6171661 3.7375233 3.6854365 3.5793286 4.0094799 3.8199633 3.4423270 4.2422646 3.5656016 3.6269299 4.3335253 3.2624394 3.7581370 3.5194023 4.0011835 3.4246594 3.4900682 4.4193967 3.8936438 4.3731656 3.8369241 4.0398383 3.7839478 4.1156032 3.7762760 
Saccharomyces_arboricola                    1.0115387 0.7995447 1.5980669 1.0770244 0.9788718 1.1927791 1.0149961 0.9605607 0.7326731 0.7641953 3.7584522 0.0000000 0.1540287 0.1467208 0.1466884 0.1628755 0.1413283 0.1456347 0.9623161 1.1064764 0.8459666 0.9293980 1.8373778 0.9595607 1.0353848 1.8067180 1.6539019 1.2055562 0.9253202 1.3350443 0.9678133 0.9174940 1.8493305 0.9494435 1.8258269 1.3769159 1.0743838 1.0470797 1.0881058 0.9183714 
Saccharomyces_cerevisiae                    0.9674307 0.8074674 1.6245515 1.0689428 0.9798535 1.1691627 1.0104664 0.9452414 0.7287247 0.7568050 3.7194927 0.1540287 0.0000000 0.1682713 0.1588341 0.1452047 0.0738270 0.1647861 0.9612153 1.1254968 0.8507924 0.9030452 1.7639494 0.9686275 1.0777354 1.7816772 1.6437118 1.1770738 0.9563574 1.3575561 0.9388325 0.9611195 1.8464575 0.9558633 1.8005513 1.3839861 1.0663400 1.1073831 1.0943436 0.9115713 
Saccharomyces_eubayanus                     1.0117053 0.7868890 1.5874021 1.0642519 0.9933952 1.1450175 1.0057483 0.9668134 0.7219807 0.7456134 3.7515001 0.1467208 0.1682713 0.0000000 0.1501932 0.1721340 0.1579529 0.0472238 0.9285195 1.0716612 0.8264025 0.9001989 1.8045021 0.9434261 1.0413857 1.8013083 1.6422620 1.1480177 0.9007659 1.3340106 0.9183946 0.9049309 1.8738438 0.9385988 1.8528712 1.3787219 1.0539125 1.0480839 1.0551308 0.9058000 
Saccharomyces_kudriavzevii                  1.0178004 0.7953899 1.5343240 1.0544923 0.9685200 1.1390193 1.0221190 0.9493346 0.7310502 0.7847954 3.7077840 0.1466884 0.1588341 0.1501932 0.0000000 0.1513762 0.1398845 0.1490181 0.9284653 1.1003098 0.8366492 0.8965865 1.8359766 0.9653754 1.0389954 1.7860048 1.5900668 1.1779077 0.9252451 1.3624212 0.9477065 0.9558830 1.8615438 0.9308183 1.8501494 1.3745103 1.0332849 1.0589856 1.0559818 0.9267095 
Saccharomyces_mikatae                       1.0208450 0.7873982 1.6107589 1.0824444 0.9661210 1.1538461 1.0059668 0.9499110 0.7461480 0.7717074 3.6171661 0.1628755 0.1452047 0.1721340 0.1513762 0.0000000 0.1258511 0.1663712 0.9396927 1.0992464 0.8667323 0.9167704 1.8032823 0.9775445 1.0703406 1.8036450 1.6264922 1.2186745 0.9311462 1.3398134 0.9485687 0.9297142 1.8672529 0.9592378 1.8157971 1.3612048 1.0300403 1.0976665 1.0573435 0.9240871 
Saccharomyces_paradoxus                     0.9935699 0.7963755 1.6100630 1.0897025 0.9660694 1.1825289 0.9983568 0.9320557 0.7389156 0.7596034 3.7375233 0.1413283 0.0738270 0.1579529 0.1398845 0.1258511 0.0000000 0.1559847 0.9345730 1.0800190 0.8238411 0.9293743 1.7987263 0.9810228 1.0486607 1.8226696 1.6167449 1.1580533 0.9630022 1.3525169 0.9566579 0.9427364 1.8422314 0.9601519 1.8169671 1.3750310 1.0467364 1.0790123 1.0614763 0.8843889 
Saccharomyces_uvarum                        0.9840419 0.7833160 1.5668509 1.0701781 0.9557449 1.1384685 0.9911618 0.9483609 0.7126300 0.7483528 3.6854365 0.1456347 0.1647861 0.0472238 0.1490181 0.1663712 0.1559847 0.0000000 0.9082129 1.0646203 0.8172124 0.9113911 1.8159447 0.9357185 1.0491792 1.8100186 1.6081950 1.1304872 0.8861013 1.3633337 0.9191189 0.9236478 1.8642087 0.9445038 1.8560725 1.3700970 1.0502005 1.0519007 1.0449076 0.9056793 
Tetrapisispora_blattae                      0.9647675 0.8688534 1.6839837 1.0611865 0.9148445 1.2237969 0.9057623 0.8706002 0.8315854 0.7862234 3.5793286 0.9623161 0.9612153 0.9285195 0.9284653 0.9396927 0.9345730 0.9082129 0.0000000 0.9796117 0.7606149 0.8949537 1.7600436 0.9354227 1.0621301 1.6630978 1.7303731 1.2480064 0.9684762 1.3130947 0.9388094 0.9635986 1.8285455 0.9262288 1.7437224 1.2855621 0.9737645 0.9695141 0.9652533 0.5480690 
Tetrapisispora_phaffii                      1.0815608 1.0142929 1.6935875 1.1878525 1.0671134 1.3471690 1.0979478 1.0555412 1.0254739 1.0558172 4.0094799 1.1064764 1.1254968 1.0716612 1.1003098 1.0992464 1.0800190 1.0646203 0.9796117 0.0000000 0.7486765 1.0349121 1.7571265 1.0581847 1.2242710 1.7660177 1.6611093 1.3154526 1.0393951 1.3747975 1.0203049 1.0478562 1.8250799 1.0218738 1.7942461 1.3351539 0.2290799 0.3515684 0.2540692 0.9867011 
Vanderwaltozyma_polyspora                   0.8663636 0.7461779 1.5677854 0.9612461 0.8671166 1.0853340 0.9012607 0.8388348 0.7030652 0.7805957 3.8199633 0.8459666 0.8507924 0.8264025 0.8366492 0.8667323 0.8238411 0.8172124 0.7606149 0.7486765 0.0000000 0.7630386 1.8418697 0.8052038 0.9839431 1.7205751 1.5968121 1.0826196 0.8620635 1.3801078 0.8167944 0.7610675 1.8453748 0.7431225 1.7838170 1.3488611 0.7674253 0.7248008 0.7931259 0.7937479 
yHAB132_Kazachstania_martiniae              0.9403496 0.7187852 1.6169483 1.0812420 0.8875383 1.1222876 0.9599385 0.8911335 0.7512375 0.7652772 3.4423270 0.9293980 0.9030452 0.9001989 0.8965865 0.9167704 0.9293743 0.9113911 0.8949537 1.0349121 0.7630386 0.0000000 1.6344504 0.7554750 0.8020559 1.6144015 1.5387568 0.9856487 0.7213015 1.1684809 0.7679271 0.7611493 1.7361903 0.7617795 1.6886651 1.1078183 1.0336222 1.0224381 1.0603819 0.9336124 
yHAB133_Kazachstania_unispora               1.9405825 1.6641434 2.0868737 1.9297788 1.8900897 1.9791316 1.8778074 1.9087054 1.7892756 1.7445142 4.2422646 1.8373778 1.7639494 1.8045021 1.8359766 1.8032823 1.7987263 1.8159447 1.7600436 1.7571265 1.8418697 1.6344504 0.0000000 1.7934948 1.5539868 0.2414800 1.9879138 1.9102913 1.7054451 1.5970645 1.5469660 1.7765205 0.2253613 1.7328601 0.1930400 1.5843034 1.8108691 1.6820559 1.8307375 1.7199125 
yHAB134_Kazachstania_turicensis             0.9876523 0.6574470 1.6080391 1.1082068 0.9303005 1.2938873 1.0204188 0.9193637 0.7607932 0.7438454 3.5656016 0.9595607 0.9686275 0.9434261 0.9653754 0.9775445 0.9810228 0.9357185 0.9354227 1.0581847 0.8052038 0.7554750 1.7934948 0.0000000 0.9349171 1.6958672 1.6076349 1.0776837 0.5434398 1.3627004 0.5831831 0.7088923 1.7276293 0.4402044 1.7200708 1.3235195 1.0482575 1.0458832 1.0804481 0.9105379 
yHAB136_Kazachstania_bromeliacearum         1.2139268 0.8751642 1.3906314 1.1505112 1.1976236 1.3555454 1.1680261 1.1160991 0.9626560 0.9826315 3.6269299 1.0353848 1.0777354 1.0413857 1.0389954 1.0703406 1.0486607 1.0491792 1.0621301 1.2242710 0.9839431 0.8020559 1.5539868 0.9349171 0.0000000 1.5564972 1.4241642 1.1174198 0.9323813 1.1704367 0.9163347 0.8646257 1.6154120 0.9306992 1.5508171 1.1597121 1.2554395 1.2305193 1.2649010 1.0788319 
yHAB143_Kazachstania_siamensis              1.8466644 1.6355708 2.0887598 1.7656311 1.8780885 1.9216831 1.8655672 1.8329199 1.7557951 1.6370275 4.3335253 1.8067180 1.7816772 1.8013083 1.7860048 1.8036450 1.8226696 1.8100186 1.6630978 1.7660177 1.7205751 1.6144015 0.2414800 1.6958672 1.5564972 0.0000000 1.9281937 1.8025538 1.6181901 1.5508504 1.5578007 1.7074380 0.3081679 1.6648381 0.2675397 1.5461615 1.8136782 1.6947022 1.8599980 1.6588428 
yHAB147_Kazachstania_taianensis             1.4651275 1.4326584 1.3053582 1.7961481 1.5347838 1.6069794 1.4532264 1.4928500 1.5416870 1.6370317 3.2624394 1.6539019 1.6437118 1.6422620 1.5900668 1.6264922 1.6167449 1.6081950 1.7303731 1.6611093 1.5968121 1.5387568 1.9879138 1.6076349 1.4241642 1.9281937 0.0000000 1.4271645 1.4432579 1.5712808 1.5182763 1.6995552 1.8215439 1.6677724 1.8906244 1.5887313 1.7668859 1.7644133 1.8017599 1.7246572 
yHAB148_Kazachstania_intestinalis           1.1905165 0.9874416 1.3621790 1.2798184 1.2116418 1.3699876 1.1699517 1.1704010 1.0902458 1.1247499 3.7581370 1.2055562 1.1770738 1.1480177 1.1779077 1.2186745 1.1580533 1.1304872 1.2480064 1.3154526 1.0826196 0.9856487 1.9102913 1.0776837 1.1174198 1.8025538 1.4271645 0.0000000 1.0117617 1.5664930 1.0760204 1.0561382 1.9010595 1.0732912 1.9374693 1.5396481 1.3940614 1.3747710 1.3969717 1.3012991 
yHAB153_Kazachstania_rosinii                0.9156069 0.6321198 1.4995234 1.0540524 0.8834208 1.1646650 0.9308889 0.8646988 0.7178462 0.7732873 3.5194023 0.9253202 0.9563574 0.9007659 0.9252451 0.9311462 0.9630022 0.8861013 0.9684762 1.0393951 0.8620635 0.7213015 1.7054451 0.5434398 0.9323813 1.6181901 1.4432579 1.0117617 0.0000000 1.3186261 0.5066584 0.6391409 1.7075787 0.5602354 1.6941924 1.2739532 1.0969556 1.0595742 1.1053682 0.9979285 
yHAB154_Kazachstania_transvaalensis         1.4816887 1.3550965 1.6149321 1.4463939 1.4819965 1.6009963 1.5020134 1.5033656 1.3202498 1.3156553 4.0011835 1.3350443 1.3575561 1.3340106 1.3624212 1.3398134 1.3525169 1.3633337 1.3130947 1.3747975 1.3801078 1.1684809 1.5970645 1.3627004 1.1704367 1.5508504 1.5712808 1.5664930 1.3186261 0.0000000 1.2611381 1.3347795 1.6732742 1.3744149 1.5825765 0.1574846 1.5104321 1.4672801 1.5032282 1.3049409 
yHAB155_Kazachstania_spencerorum            0.9905075 0.6293212 1.4575609 1.0616364 0.9572253 1.2239427 0.9998410 0.9687240 0.7729908 0.7990516 3.4246594 0.9678133 0.9388325 0.9183946 0.9477065 0.9485687 0.9566579 0.9191189 0.9388094 1.0203049 0.8167944 0.7679271 1.5469660 0.5831831 0.9163347 1.5578007 1.5182763 1.0760204 0.5066584 1.2611381 0.0000000 0.6702418 1.5819329 0.5624303 1.5538914 1.2327128 1.0237740 0.9914754 1.0190732 0.9185336 
yHAB158_Kazachstania_viticola               1.0285327 0.5837088 1.6355904 1.0418990 1.0283576 1.2191027 1.1039361 1.0135281 0.7481624 0.7822533 3.4900682 0.9174940 0.9611195 0.9049309 0.9558830 0.9297142 0.9427364 0.9236478 0.9635986 1.0478562 0.7610675 0.7611493 1.7765205 0.7088923 0.8646257 1.7074380 1.6995552 1.0561382 0.6391409 1.3347795 0.6702418 0.0000000 1.8503867 0.6828807 1.7817075 1.2979207 1.0636370 1.0195765 1.0500733 0.8982550 
yHAB159_Kazachstania_solicola               1.8795198 1.6936017 2.0307295 1.9267839 1.8601641 2.1149952 1.8314912 1.8325002 1.8156171 1.7769364 4.4193967 1.8493305 1.8464575 1.8738438 1.8615438 1.8672529 1.8422314 1.8642087 1.8285455 1.8250799 1.8453748 1.7361903 0.2253613 1.7276293 1.6154120 0.3081679 1.8215439 1.9010595 1.7075787 1.6732742 1.5819329 1.8503867 0.0000000 1.8121963 0.0742397 1.6950777 1.8222530 1.7511272 1.8851585 1.7958010 
yHAB160_Kazachstania_kunashirensis          0.9922410 0.6243819 1.5611932 1.0316517 0.9842262 1.2338631 1.0460434 0.9680925 0.7029440 0.7369348 3.8936438 0.9494435 0.9558633 0.9385988 0.9308183 0.9592378 0.9601519 0.9445038 0.9262288 1.0218738 0.7431225 0.7617795 1.7328601 0.4402044 0.9306992 1.6648381 1.6677724 1.0732912 0.5602354 1.3744149 0.5624303 0.6828807 1.8121963 0.0000000 1.7524079 1.3263195 1.0243576 0.9855318 1.0465955 0.8961263 
yHAB164_Kazachstania_aerobia                1.8865103 1.6482478 2.0389323 1.8778464 1.8797988 2.0485109 1.8563239 1.8351856 1.7682286 1.6737624 4.3731656 1.8258269 1.8005513 1.8528712 1.8501494 1.8157971 1.8169671 1.8560725 1.7437224 1.7942461 1.7838170 1.6886651 0.1930400 1.7200708 1.5508171 0.2675397 1.8906244 1.9374693 1.6941924 1.5825765 1.5538914 1.7817075 0.0742397 1.7524079 0.0000000 1.5917648 1.8141182 1.7266865 1.8709185 1.7157560 
yHAB166_Kazachstania_yakushimaensis         1.5166906 1.2688548 1.6222591 1.4252641 1.4454694 1.5729107 1.4849809 1.4837857 1.3435051 1.2765789 3.8369241 1.3769159 1.3839861 1.3787219 1.3745103 1.3612048 1.3750310 1.3700970 1.2855621 1.3351539 1.3488611 1.1078183 1.5843034 1.3235195 1.1597121 1.5461615 1.5887313 1.5396481 1.2739532 0.1574846 1.2327128 1.2979207 1.6950777 1.3263195 1.5917648 0.0000000 1.3983809 1.3884823 1.4269775 1.3086457 
yHMPu5000034875_Tetrapisispora_fleetii      1.1152129 1.0196099 1.7967568 1.1616715 1.0893739 1.3695456 1.1441546 1.0649875 1.0342594 1.0442780 4.0398383 1.0743838 1.0663400 1.0539125 1.0332849 1.0300403 1.0467364 1.0502005 0.9737645 0.2290799 0.7674253 1.0336222 1.8108691 1.0482575 1.2554395 1.8136782 1.7668859 1.3940614 1.0969556 1.5104321 1.0237740 1.0636370 1.8222530 1.0243576 1.8141182 1.3983809 0.0000000 0.3376418 0.1264351 0.9998059 
yHMPu5000034876_Tetrapisispora_iriomotensis 1.1158887 1.0430268 1.7619567 1.1783938 1.1114119 1.2892380 1.1077707 1.0852048 1.0818940 1.0402515 3.7839478 1.0470797 1.1073831 1.0480839 1.0589856 1.0976665 1.0790123 1.0519007 0.9695141 0.3515684 0.7248008 1.0224381 1.6820559 1.0458832 1.2305193 1.6947022 1.7644133 1.3747710 1.0595742 1.4672801 0.9914754 1.0195765 1.7511272 0.9855318 1.7266865 1.3884823 0.3376418 0.0000000 0.3458659 0.9832738 
yHMPu5000034877_Tetrapisispora_namnaonensis 1.1168450 1.0320353 1.7811725 1.2020922 1.1097409 1.3746367 1.1369553 1.1087362 1.0771785 1.0422995 4.1156032 1.0881058 1.0943436 1.0551308 1.0559818 1.0573435 1.0614763 1.0449076 0.9652533 0.2540692 0.7931259 1.0603819 1.8307375 1.0804481 1.2649010 1.8599980 1.8017599 1.3969717 1.1053682 1.5032282 1.0190732 1.0500733 1.8851585 1.0465955 1.8709185 1.4269775 0.1264351 0.3458659 0.0000000 1.0116678 
yHMPu5000035629_Yueomyces_sinensis          0.9757652 0.8707106 1.7068005 1.0997705 1.0248285 1.2521000 1.0205470 0.9873812 0.8536232 0.8002338 3.7762760 0.9183714 0.9115713 0.9058000 0.9267095 0.9240871 0.8843889 0.9056793 0.5480690 0.9867011 0.7937479 0.9336124 1.7199125 0.9105379 1.0788319 1.6588428 1.7246572 1.3012991 0.9979285 1.3049409 0.9185336 0.8982550 1.7958010 0.8961263 1.7157560 1.3086457 0.9998059 0.9832738 1.0116678 0.0000000 
