40
Candida_glabrata                            0.0000000 1.0149543 1.1404641 1.1916874 0.6476585 1.4407577 0.6996105 0.6040180 0.8996541 0.9318974 3.7848290 0.9431711 0.9815823 0.8972193 0.9782964 0.9133514 0.9592855 0.8908398 1.1922541 1.5324784 1.1120181 0.8873915 0.7823712 0.9608873 0.8103476 0.8691852 0.9479968 1.1704962 0.8584657 0.8952355 0.8844075 1.1078986 0.8787198 0.9501561 0.9268592 0.8855114 1.5380457 1.5730553 1.6895345 1.4390116 
Kazachstania_africana                       1.0149543 0.0000000 0.9032031 1.0642754 1.0110170 1.3736005 1.0461899 0.9328809 0.8452783 0.8080616 4.1317490 0.8449014 0.8729351 0.8347336 0.8770717 0.8739641 0.8344534 0.8346697 1.1836629 1.4672022 0.9832249 0.6924711 0.7572792 0.8898982 0.7191829 0.7611873 0.8298219 0.9231184 0.7026814 0.8349344 0.7119474 0.7516522 0.7495920 0.7869068 0.7992062 0.7897666 1.6322610 1.5763707 1.6406399 1.3335632 
Kazachstania_naganishii                     1.1404641 0.9032031 0.0000000 1.0914788 1.0074406 1.3906815 1.1805814 1.0324256 0.9036651 0.8859230 4.0229078 0.9676636 0.9627618 0.9446372 0.9466783 0.9996814 0.9862373 0.9064835 1.3594752 1.7083779 1.1983775 0.9812810 0.7774776 1.0047842 0.8107949 0.8356862 0.7635793 1.0620312 0.8381886 0.9204980 0.9308225 1.0297761 0.8009071 0.9675835 0.8732148 0.8826288 1.7261070 1.5218908 1.7515914 1.4000131 
Nakaseomyces_bacillisporus                  1.1916874 1.0642754 1.0914788 0.0000000 1.1470354 1.2045328 1.2307069 1.1600252 0.9914932 1.0812704 4.1020280 1.0475734 1.1562247 1.0584059 1.1498632 1.1383589 1.1346052 1.0265009 1.4118726 1.7153336 1.3271080 1.0322932 0.9426633 1.1456384 0.9736480 1.0058685 1.0177411 1.2754375 1.0071176 1.0177841 1.0324733 1.1473720 0.9961551 1.0840691 1.0198099 0.9528283 1.7436932 1.6634385 1.7864050 1.4246215 
Nakaseomyces_bracarensis                    0.6476585 1.0110170 1.0074406 1.1470354 0.0000000 1.3825097 0.4622914 0.4180905 0.8147930 0.8171420 4.0064759 0.9183968 0.9453198 0.9420240 0.9874243 0.9479257 0.9781598 0.9358532 1.2871408 1.4478314 1.0941370 0.8028298 0.8664051 0.9575661 0.7526521 0.8819538 1.0071117 1.0576215 0.8196348 0.8781442 0.8183208 1.0332389 0.7921139 0.8738258 0.8402454 0.8745417 1.4977360 1.4754701 1.5827760 1.4718536 
Nakaseomyces_castellii                      1.4407577 1.3736005 1.3906815 1.2045328 1.3825097 0.0000000 1.3645763 1.4056266 1.3116912 1.2964763 4.3255047 1.2589513 1.3262921 1.2447372 1.2784677 1.2535697 1.2542019 1.2487412 1.5861594 2.0290819 1.6139341 1.3287860 1.3978615 1.4256533 1.3756865 1.3629315 1.4282098 1.4837935 1.3173326 1.3354911 1.2935500 1.3442569 1.3515033 1.3595620 1.3912876 1.3164142 2.0984802 1.8849199 2.0924774 1.8505658 
Nakaseomyces_delphensis                     0.6996105 1.0461899 1.1805814 1.2307069 0.4622914 1.3645763 0.0000000 0.4026942 0.8892020 0.8657868 3.8634582 0.9936270 0.9810378 1.0128919 1.0351861 1.0031725 1.0041490 0.9510992 1.3342874 1.5557371 1.1391872 0.8138298 0.9119736 0.9998414 0.8668852 0.9528722 0.9823568 1.0923382 0.8764353 0.9428213 0.8809569 1.0426466 0.8969071 0.9856965 0.9383700 0.9090366 1.6033039 1.5664546 1.7671718 1.4718269 
Nakaseomyces_nivariensis                    0.6040180 0.9328809 1.0324256 1.1600252 0.4180905 1.4056266 0.4026942 0.0000000 0.8152342 0.7641498 3.8142315 0.8687423 0.8936416 0.8493247 0.9295680 0.9321659 0.9368438 0.8225732 1.2554168 1.3995846 1.0607202 0.7633635 0.7444965 0.9235305 0.7051983 0.8266029 0.8433475 1.0165740 0.7993682 0.8276892 0.7693722 0.9610320 0.7772192 0.9255373 0.7993340 0.7724472 1.4829435 1.5553151 1.5145512 1.3816488 
Naumovozyma_castellii                       0.8996541 0.8452783 0.9036651 0.9914932 0.8147930 1.3116912 0.8892020 0.8152342 0.0000000 0.5844513 4.2028600 0.7399500 0.7499010 0.7613063 0.7748813 0.7800418 0.7755688 0.7658176 1.1453071 1.3326136 0.8757201 0.6369928 0.6664796 0.8466621 0.6992926 0.6688914 0.7779658 0.8768056 0.6840766 0.7594913 0.6753281 0.7822087 0.7123627 0.7658025 0.7274420 0.7159058 1.4602085 1.4330420 1.4600525 1.2489011 
Naumovozyma_dairenensis                     0.9318974 0.8080616 0.8859230 1.0812704 0.8171420 1.2964763 0.8657868 0.7641498 0.5844513 0.0000000 4.2214695 0.7203348 0.7803730 0.7477841 0.8019101 0.8014735 0.7557316 0.7390501 1.0250686 1.3318346 0.8326929 0.6470667 0.6645573 0.6947881 0.6561297 0.6975909 0.7085455 0.9505223 0.6149784 0.7789656 0.7031359 0.7591083 0.6851886 0.6608298 0.7275777 0.7831953 1.4146152 1.2793443 1.4248325 1.1534365 
Neurospora_crassa                           3.7848290 4.1317490 4.0229078 4.1020280 4.0064759 4.3255047 3.8634582 3.8142315 4.2028600 4.2214695 0.0000000 4.4647021 4.5027033 4.2161325 4.3425244 4.2124331 4.4254170 4.2685479 4.6886228 5.3580389 4.8662723 3.8517982 4.5668881 4.0276142 4.2050323 4.6023529 3.9302474 4.1679858 4.0872490 4.5958795 4.0493356 4.4770955 4.4824196 4.4185280 4.7546682 4.4785137 5.1222520 5.7489879 5.2375933 5.3832813 
Saccharomyces_arboricola                    0.9431711 0.8449014 0.9676636 1.0475734 0.9183968 1.2589513 0.9936270 0.8687423 0.7399500 0.7203348 4.4647021 0.0000000 0.2786347 0.2034666 0.2285582 0.2765468 0.2255248 0.2037412 1.1925748 1.5086325 1.0235382 0.7146667 0.7469448 0.9572602 0.7271023 0.7332228 0.8247173 1.0066017 0.8284366 0.8792953 0.8069922 0.9170738 0.7653771 0.8549624 0.7975238 0.8374625 1.4408269 1.3752700 1.6474087 1.2952059 
Saccharomyces_cerevisiae                    0.9815823 0.8729351 0.9627618 1.1562247 0.9453198 1.3262921 0.9810378 0.8936416 0.7499010 0.7803730 4.5027033 0.2786347 0.0000000 0.3024546 0.2764825 0.2383897 0.1360237 0.2993640 1.2676774 1.6594946 0.9714874 0.8182212 0.8259281 1.0343627 0.7812196 0.7824597 0.8423800 1.0894460 0.7795059 0.9006822 0.7830863 0.9213321 0.7794361 0.9032992 0.8103410 0.8716884 1.6379615 1.4061418 1.7308316 1.3356136 
Saccharomyces_eubayanus                     0.8972193 0.8347336 0.9446372 1.0584059 0.9420240 1.2447372 1.0128919 0.8493247 0.7613063 0.7477841 4.2161325 0.2034666 0.3024546 0.0000000 0.2719195 0.3273589 0.2729569 0.0936944 1.2592614 1.5830820 1.0311383 0.7229847 0.7358859 0.9337525 0.6848021 0.7361624 0.7788716 0.9529629 0.8043660 0.8978026 0.7696888 0.8748541 0.7488818 0.8483189 0.7835825 0.8579776 1.4686332 1.3663624 1.6599500 1.3178570 
Saccharomyces_kudriavzevii                  0.9782964 0.8770717 0.9466783 1.1498632 0.9874243 1.2784677 1.0351861 0.9295680 0.7748813 0.8019101 4.3425244 0.2285582 0.2764825 0.2719195 0.0000000 0.2800190 0.2572003 0.2518125 1.3033430 1.6881724 1.0403513 0.7724239 0.8062642 1.0013106 0.8151866 0.7781337 0.8139767 1.0042893 0.8406045 0.9285834 0.8110960 0.9921883 0.8206066 0.9270161 0.8830656 0.9213137 1.5403791 1.4076576 1.8302783 1.3698468 
Saccharomyces_mikatae                       0.9133514 0.8739641 0.9996814 1.1383589 0.9479257 1.2535697 1.0031725 0.9321659 0.7800418 0.8014735 4.2124331 0.2765468 0.2383897 0.3273589 0.2800190 0.0000000 0.2063690 0.3185311 1.2812067 1.6724113 0.9865872 0.7796941 0.7937286 1.0414862 0.7925013 0.7792586 0.8580102 1.0663832 0.8196853 0.9055043 0.8467171 0.8965712 0.8200608 0.9081524 0.8420459 0.8964558 1.6046202 1.3628733 1.8009890 1.3313245 
Saccharomyces_paradoxus                     0.9592855 0.8344534 0.9862373 1.1346052 0.9781598 1.2542019 1.0041490 0.9368438 0.7755688 0.7557316 4.4254170 0.2255248 0.1360237 0.2729569 0.2572003 0.2063690 0.0000000 0.2599845 1.1884566 1.5883556 0.9929112 0.7821455 0.7660129 1.0444687 0.7683757 0.7978093 0.8370461 1.0664017 0.8319486 0.8929319 0.8288239 0.8887343 0.7575614 0.9011234 0.7816690 0.8334674 1.5011599 1.3492414 1.6621201 1.3001983 
Saccharomyces_uvarum                        0.8908398 0.8346697 0.9064835 1.0265009 0.9358532 1.2487412 0.9510992 0.8225732 0.7658176 0.7390501 4.2685479 0.2037412 0.2993640 0.0936944 0.2518125 0.3185311 0.2599845 0.0000000 1.2740896 1.5638082 1.0200041 0.7030801 0.7284150 0.9374327 0.6706598 0.7315589 0.7737127 0.9518902 0.7828389 0.8813680 0.7604330 0.8715937 0.7474316 0.8582293 0.7752873 0.8624033 1.4868284 1.3537955 1.6843109 1.3185948 
Tetrapisispora_blattae                      1.1922541 1.1836629 1.3594752 1.4118726 1.2871408 1.5861594 1.3342874 1.2554168 1.1453071 1.0250686 4.6886228 1.1925748 1.2676774 1.2592614 1.3033430 1.2812067 1.1884566 1.2740896 0.0000000 1.2919667 1.0297275 1.0696094 1.1370666 1.1893022 1.0655084 1.1502538 1.1564685 1.4072744 1.2191479 1.1740051 1.2036643 1.2364934 1.1296043 1.0673521 1.2184743 1.1268837 1.2816886 1.4364685 1.3574388 0.9441593 
Tetrapisispora_phaffii                      1.5324784 1.4672022 1.7083779 1.7153336 1.4478314 2.0290819 1.5557371 1.3995846 1.3326136 1.3318346 5.3580389 1.5086325 1.6594946 1.5830820 1.6881724 1.6724113 1.5883556 1.5638082 1.2919667 0.0000000 1.2043702 1.2940801 1.2309013 1.4166613 1.3333754 1.4461744 1.5127999 1.6490049 1.4095904 1.4540275 1.3842831 1.5770717 1.2992311 1.3584543 1.3958116 1.3112728 0.5251109 0.7063400 0.5318544 1.4582259 
Vanderwaltozyma_polyspora                   1.1120181 0.9832249 1.1983775 1.3271080 1.0941370 1.6139341 1.1391872 1.0607202 0.8757201 0.8326929 4.8662723 1.0235382 0.9714874 1.0311383 1.0403513 0.9865872 0.9929112 1.0200041 1.0297275 1.2043702 0.0000000 0.9367517 0.8742681 1.0789123 0.8680711 0.9145125 1.0209859 1.2455766 0.9297911 1.0598509 1.0086926 0.9660921 0.9366947 0.9338043 0.9278722 0.9965883 1.1962166 1.2047080 1.2564085 1.2404147 
yHAB132_Kazachstania_martiniae              0.8873915 0.6924711 0.9812810 1.0322932 0.8028298 1.3287860 0.8138298 0.7633635 0.6369928 0.6470667 3.8517982 0.7146667 0.8182212 0.7229847 0.7724239 0.7796941 0.7821455 0.7030801 1.0696094 1.2940801 0.9367517 0.0000000 0.5815895 0.6887631 0.5294131 0.5950550 0.6968675 0.8053550 0.6444943 0.6926084 0.6681640 0.6874288 0.5926409 0.7018550 0.6231896 0.6456044 1.3400682 1.2716334 1.4917126 1.1919947 
yHAB133_Kazachstania_unispora               0.7823712 0.7572792 0.7774776 0.9426633 0.8664051 1.3978615 0.9119736 0.7444965 0.6664796 0.6645573 4.5668881 0.7469448 0.8259281 0.7358859 0.8062642 0.7937286 0.7660129 0.7284150 1.1370666 1.2309013 0.8742681 0.5815895 0.0000000 0.6856367 0.4925764 0.2558812 0.5107180 0.8861883 0.6496823 0.5338132 0.6383503 0.7375797 0.2005665 0.6862871 0.1960603 0.4637031 1.3813795 1.3220671 1.4858205 1.0158229 
yHAB134_Kazachstania_turicensis             0.9608873 0.8898982 1.0047842 1.1456384 0.9575661 1.4256533 0.9998414 0.9235305 0.8466621 0.6947881 4.0276142 0.9572602 1.0343627 0.9337525 1.0013106 1.0414862 1.0444687 0.9374327 1.1893022 1.4166613 1.0789123 0.6887631 0.6856367 0.0000000 0.7589008 0.6926669 0.8816096 0.9990666 0.7075954 0.8259555 0.6639006 0.9119710 0.7067506 0.5336279 0.7473450 0.7989558 1.5009633 1.4457262 1.5635800 1.2164466 
yHAB136_Kazachstania_bromeliacearum         0.8103476 0.7191829 0.8107949 0.9736480 0.7526521 1.3756865 0.8668852 0.7051983 0.6992926 0.6561297 4.2050323 0.7271023 0.7812196 0.6848021 0.8151866 0.7925013 0.7683757 0.6706598 1.0655084 1.3333754 0.8680711 0.5294131 0.4925764 0.7589008 0.0000000 0.5331010 0.5682667 0.8333440 0.6179741 0.5825557 0.5993159 0.7151665 0.5172965 0.6523727 0.5364091 0.5308929 1.3461730 1.3266796 1.5108121 1.2020690 
yHAB143_Kazachstania_siamensis              0.8691852 0.7611873 0.8356862 1.0058685 0.8819538 1.3629315 0.9528722 0.8266029 0.6688914 0.6975909 4.6023529 0.7332228 0.7824597 0.7361624 0.7781337 0.7792586 0.7978093 0.7315589 1.1502538 1.4461744 0.9145125 0.5950550 0.2558812 0.6926669 0.5331010 0.0000000 0.5625205 0.9317226 0.6918417 0.5529919 0.6238619 0.7209765 0.2848985 0.7292940 0.2916816 0.5446021 1.5209307 1.3202804 1.6240171 1.1254467 
yHAB147_Kazachstania_taianensis             0.9479968 0.8298219 0.7635793 1.0177411 1.0071117 1.4282098 0.9823568 0.8433475 0.7779658 0.7085455 3.9302474 0.8247173 0.8423800 0.7788716 0.8139767 0.8580102 0.8370461 0.7737127 1.1564685 1.5127999 1.0209859 0.6968675 0.5107180 0.8816096 0.5682667 0.5625205 0.0000000 0.9507699 0.7010223 0.6489740 0.7599268 0.7933014 0.5329141 0.7965837 0.5718776 0.6146760 1.5513529 1.4705056 1.5309169 1.3036114 
yHAB148_Kazachstania_intestinalis           1.1704962 0.9231184 1.0620312 1.2754375 1.0576215 1.4837935 1.0923382 1.0165740 0.8768056 0.9505223 4.1679858 1.0066017 1.0894460 0.9529629 1.0042893 1.0663832 1.0664017 0.9518902 1.4072744 1.6490049 1.2455766 0.8053550 0.8861883 0.9990666 0.8333440 0.9317226 0.9507699 0.0000000 0.9309842 0.9426259 0.8996032 0.9626540 0.9497749 0.9597329 0.9762698 0.9231070 1.6176347 1.5007296 1.8159582 1.5382110 
yHAB153_Kazachstania_rosinii                0.8584657 0.7026814 0.8381886 1.0071176 0.8196348 1.3173326 0.8764353 0.7993682 0.6840766 0.6149784 4.0872490 0.8284366 0.7795059 0.8043660 0.8406045 0.8196853 0.8319486 0.7828389 1.2191479 1.4095904 0.9297911 0.6444943 0.6496823 0.7075954 0.6179741 0.6918417 0.7010223 0.9309842 0.0000000 0.7754821 0.5377291 0.7136925 0.6868617 0.6284738 0.6986238 0.7007427 1.4247178 1.3957657 1.5076523 1.3066291 
yHAB154_Kazachstania_transvaalensis         0.8952355 0.8349344 0.9204980 1.0177841 0.8781442 1.3354911 0.9428213 0.8276892 0.7594913 0.7789656 4.5958795 0.8792953 0.9006822 0.8978026 0.9285834 0.9055043 0.8929319 0.8813680 1.1740051 1.4540275 1.0598509 0.6926084 0.5338132 0.8259555 0.5825557 0.5529919 0.6489740 0.9426259 0.7754821 0.0000000 0.6787073 0.7827435 0.5411607 0.7981203 0.5384633 0.2843004 1.5187703 1.4015611 1.5630303 1.1546922 
yHAB155_Kazachstania_spencerorum            0.8844075 0.7119474 0.9308225 1.0324733 0.8183208 1.2935500 0.8809569 0.7693722 0.6753281 0.7031359 4.0493356 0.8069922 0.7830863 0.7696888 0.8110960 0.8467171 0.8288239 0.7604330 1.2036643 1.3842831 1.0086926 0.6681640 0.6383503 0.6639006 0.5993159 0.6238619 0.7599268 0.8996032 0.5377291 0.6787073 0.0000000 0.7345007 0.6035370 0.6116498 0.6323342 0.6765703 1.4727219 1.3167194 1.6082013 1.2818668 
yHAB158_Kazachstania_viticola               1.1078986 0.7516522 1.0297761 1.1473720 1.0332389 1.3442569 1.0426466 0.9610320 0.7822087 0.7591083 4.4770955 0.9170738 0.9213321 0.8748541 0.9921883 0.8965712 0.8887343 0.8715937 1.2364934 1.5770717 0.9660921 0.6874288 0.7375797 0.9119710 0.7151665 0.7209765 0.7933014 0.9626540 0.7136925 0.7827435 0.7345007 0.0000000 0.7536924 0.7627016 0.7585300 0.7532496 1.6250611 1.5825406 1.6637451 1.4249598 
yHAB159_Kazachstania_solicola               0.8787198 0.7495920 0.8009071 0.9961551 0.7921139 1.3515033 0.8969071 0.7772192 0.7123627 0.6851886 4.4824196 0.7653771 0.7794361 0.7488818 0.8206066 0.8200608 0.7575614 0.7474316 1.1296043 1.2992311 0.9366947 0.5926409 0.2005665 0.7067506 0.5172965 0.2848985 0.5329141 0.9497749 0.6868617 0.5411607 0.6035370 0.7536924 0.0000000 0.6527293 0.0942181 0.5217942 1.5155557 1.3719895 1.5580075 1.0724711 
yHAB160_Kazachstania_kunashirensis          0.9501561 0.7869068 0.9675835 1.0840691 0.8738258 1.3595620 0.9856965 0.9255373 0.7658025 0.6608298 4.4185280 0.8549624 0.9032992 0.8483189 0.9270161 0.9081524 0.9011234 0.8582293 1.0673521 1.3584543 0.9338043 0.7018550 0.6862871 0.5336279 0.6523727 0.7292940 0.7965837 0.9597329 0.6284738 0.7981203 0.6116498 0.7627016 0.6527293 0.0000000 0.6960927 0.7888985 1.4253125 1.3897206 1.5877235 1.1509555 
yHAB164_Kazachstania_aerobia                0.9268592 0.7992062 0.8732148 1.0198099 0.8402454 1.3912876 0.9383700 0.7993340 0.7274420 0.7275777 4.7546682 0.7975238 0.8103410 0.7835825 0.8830656 0.8420459 0.7816690 0.7752873 1.2184743 1.3958116 0.9278722 0.6231896 0.1960603 0.7473450 0.5364091 0.2916816 0.5718776 0.9762698 0.6986238 0.5384633 0.6323342 0.7585300 0.0942181 0.6960927 0.0000000 0.5271578 1.5594607 1.4311350 1.6199350 1.1547799 
yHAB166_Kazachstania_yakushimaensis         0.8855114 0.7897666 0.8826288 0.9528283 0.8745417 1.3164142 0.9090366 0.7724472 0.7159058 0.7831953 4.4785137 0.8374625 0.8716884 0.8579776 0.9213137 0.8964558 0.8334674 0.8624033 1.1268837 1.3112728 0.9965883 0.6456044 0.4637031 0.7989558 0.5308929 0.5446021 0.6146760 0.9231070 0.7007427 0.2843004 0.6765703 0.7532496 0.5217942 0.7888985 0.5271578 0.0000000 1.4162541 1.4325363 1.4411818 1.1563423 
yHMPu5000034875_Tetrapisispora_fleetii      1.5380457 1.6322610 1.7261070 1.7436932 1.4977360 2.0984802 1.6033039 1.4829435 1.4602085 1.4146152 5.1222520 1.4408269 1.6379615 1.4686332 1.5403791 1.6046202 1.5011599 1.4868284 1.2816886 0.5251109 1.1962166 1.3400682 1.3813795 1.5009633 1.3461730 1.5209307 1.5513529 1.6176347 1.4247178 1.5187703 1.4727219 1.6250611 1.5155557 1.4253125 1.5594607 1.4162541 0.0000000 0.6656876 0.3097295 1.5524277 
yHMPu5000034876_Tetrapisispora_iriomotensis 1.5730553 1.5763707 1.5218908 1.6634385 1.4754701 1.8849199 1.5664546 1.5553151 1.4330420 1.2793443 5.7489879 1.3752700 1.4061418 1.3663624 1.4076576 1.3628733 1.3492414 1.3537955 1.4364685 0.7063400 1.2047080 1.2716334 1.3220671 1.4457262 1.3266796 1.3202804 1.4705056 1.5007296 1.3957657 1.4015611 1.3167194 1.5825406 1.3719895 1.3897206 1.4311350 1.4325363 0.6656876 0.0000000 0.7808295 1.5475603 
yHMPu5000034877_Tetrapisispora_namnaonensis 1.6895345 1.6406399 1.7515914 1.7864050 1.5827760 2.0924774 1.7671718 1.5145512 1.4600525 1.4248325 5.2375933 1.6474087 1.7308316 1.6599500 1.8302783 1.8009890 1.6621201 1.6843109 1.3574388 0.5318544 1.2564085 1.4917126 1.4858205 1.5635800 1.5108121 1.6240171 1.5309169 1.8159582 1.5076523 1.5630303 1.6082013 1.6637451 1.5580075 1.5877235 1.6199350 1.4411818 0.3097295 0.7808295 0.0000000 1.5504768 
yHMPu5000035629_Yueomyces_sinensis          1.4390116 1.3335632 1.4000131 1.4246215 1.4718536 1.8505658 1.4718269 1.3816488 1.2489011 1.1534365 5.3832813 1.2952059 1.3356136 1.3178570 1.3698468 1.3313245 1.3001983 1.3185948 0.9441593 1.4582259 1.2404147 1.1919947 1.0158229 1.2164466 1.2020690 1.1254467 1.3036114 1.5382110 1.3066291 1.1546922 1.2818668 1.4249598 1.0724711 1.1509555 1.1547799 1.1563423 1.5524277 1.5475603 1.5504768 0.0000000 
