40
Candida_glabrata                            0.0000000 1.3827004 1.4031955 1.0856342 0.6819796 1.2913738 0.7367814 0.6606317 1.3625495 1.1779777 3.6359166 1.3538753 1.4687529 1.3348673 1.4080176 1.3517063 1.5024376 1.3605380 1.2287211 1.5744600 1.3993285 1.1725525 1.1918919 1.3159072 1.3150163 1.2842845 1.4031703 1.4978985 1.3147193 1.3498985 1.3938151 1.0691826 1.1994855 1.3095357 1.2061062 1.2969258 1.4661173 1.4312502 1.3796645 1.5040366 
Kazachstania_africana                       1.3827004 0.0000000 1.1661463 1.0420835 1.1982818 1.4681986 1.3087148 1.2214781 1.2223257 1.1071302 4.4156754 1.1558044 1.1778475 1.1580833 1.2040277 1.1543230 1.2312198 1.1703598 1.4641373 1.3331106 1.2844428 1.0460556 0.9761462 1.0368300 1.0161278 0.9525323 1.2114792 1.1512369 1.0306009 1.1850635 1.1289415 1.0063926 1.1050458 1.0209486 1.1071283 1.1684072 1.2823730 1.1557234 1.3669431 1.3851218 
Kazachstania_naganishii                     1.4031955 1.1661463 0.0000000 1.2390264 1.2304605 1.4764956 1.2936107 1.1849455 1.1408421 1.3689799 3.5594709 1.3436510 1.3688914 1.3626510 1.2687392 1.2902327 1.3969430 1.3698858 1.3199827 1.4098110 1.5686269 1.1458181 1.0821492 1.2626271 1.1154164 1.2312197 0.9693910 1.2067678 1.1734568 1.1927829 1.4117668 1.2293507 1.0027387 1.3414505 0.9861129 1.2654159 1.3935957 1.5133520 1.5083397 1.5297536 
Nakaseomyces_bacillisporus                  1.0856342 1.0420835 1.2390264 0.0000000 0.9748018 1.3904104 1.0640894 0.9920491 1.1850855 1.0587882 3.7872389 1.0868663 1.0994443 1.1045977 1.0804417 0.9797602 1.0846999 1.1556118 1.1599363 1.4313130 1.2029558 1.0719779 1.0082160 1.0108235 1.1191272 1.0083390 1.2049469 1.3060089 1.1013060 1.1875759 1.1286870 0.8963143 1.0234200 1.0315372 1.0297704 1.3783945 1.3293223 1.0651246 1.3116621 1.3752672 
Nakaseomyces_bracarensis                    0.6819796 1.1982818 1.2304605 0.9748018 0.0000000 1.3048473 0.5152406 0.4514457 1.2525028 1.1191050 3.3569565 1.1952329 1.1684417 1.2856088 1.1584423 1.1239355 1.1884609 1.3362931 1.3338497 1.2702276 1.3075049 0.9688367 1.1240369 1.1451243 1.1093858 1.2911476 1.2118185 1.2170352 1.2444140 1.3578522 1.2418878 1.1930694 1.2006083 1.2241535 1.2429193 1.2027919 1.2433385 1.2322614 1.3198451 1.3778026 
Nakaseomyces_castellii                      1.2913738 1.4681986 1.4764956 1.3904104 1.3048473 0.0000000 1.3697119 1.3291964 1.4636437 1.4111576 3.1823751 1.5436795 1.5558699 1.5655742 1.5207825 1.5377908 1.5197728 1.5797826 1.4808185 1.5924784 1.6481701 1.4277864 1.3335976 1.3774074 1.3380512 1.2992178 1.2447386 1.4860111 1.3697526 1.6423456 1.4175640 1.4239289 1.3763035 1.4592684 1.3744421 1.6284919 1.4746115 1.5356272 1.4480541 1.3833892 
Nakaseomyces_delphensis                     0.7367814 1.3087148 1.2936107 1.0640894 0.5152406 1.3697119 0.0000000 0.4353572 1.2618209 1.1357924 3.3512387 1.2363325 1.1494483 1.2678776 1.2069112 1.1840533 1.2147275 1.2542001 1.2804243 1.4119790 1.2413497 1.0184868 1.2323330 1.1486264 1.1477550 1.2342245 1.2454969 1.2493557 1.2514274 1.2022622 1.2456078 1.2966904 1.1816674 1.2091906 1.1786077 1.2485248 1.4019931 1.3106053 1.5393640 1.4308109 
Nakaseomyces_nivariensis                    0.6606317 1.2214781 1.1849455 0.9920491 0.4514457 1.3291964 0.4353572 0.0000000 1.2802524 1.2043574 3.2381889 1.2182212 1.1614867 1.1682499 1.1598627 1.1762519 1.2494599 1.1784593 1.1787338 1.3972538 1.3202416 1.1207755 1.1201683 1.2755256 1.0824218 1.2345073 1.2039562 1.2508177 1.2620579 1.2363313 1.2910708 1.2746944 1.0875293 1.2108897 1.1031547 1.1731041 1.4416409 1.2646315 1.4984396 1.4602294 
Naumovozyma_castellii                       1.3625495 1.2223257 1.1408421 1.1850855 1.2525028 1.4636437 1.2618209 1.2802524 0.0000000 0.9462293 4.0092313 1.2530877 1.2825071 1.2230191 1.2644623 1.2850027 1.3303362 1.2561468 1.3637632 1.3847463 1.5157095 1.2788924 1.2852002 1.3485420 1.3162414 1.2857252 1.2870496 1.3081726 1.4202028 1.3448292 1.3910645 1.2904767 1.1676770 1.2984635 1.1670641 1.2843207 1.4050459 1.3832449 1.4465841 1.5424756 
Naumovozyma_dairenensis                     1.1779777 1.1071302 1.3689799 1.0587882 1.1191050 1.4111576 1.1357924 1.2043574 0.9462293 0.0000000 3.9092690 1.2171169 1.2084476 1.1656637 1.2820939 1.1974453 1.2723785 1.1625893 1.2419369 1.3297222 1.1921881 1.0896400 1.0418501 1.1178046 1.0563919 1.0539230 1.3767190 1.2127854 1.1203754 1.2712548 1.0980084 0.9908190 1.0882626 1.0954713 1.1233666 1.1779324 1.2189571 1.2382562 1.3668764 1.3943020 
Neurospora_crassa                           3.6359166 4.4156754 3.5594709 3.7872389 3.3569565 3.1823751 3.3512387 3.2381889 4.0092313 3.9092690 0.0000000 3.8861177 3.7229485 3.4709750 3.8548034 3.9211802 3.6998487 3.4192209 3.5494305 4.3026504 3.8805984 4.0220735 4.0022073 4.1908620 4.0922628 4.2569418 3.8753286 4.0286398 4.3996888 4.0351410 3.7605628 4.1859598 3.7188589 4.3752359 3.7456079 3.9604763 4.0609625 3.8507468 4.2821010 3.8166193 
Saccharomyces_arboricola                    1.3538753 1.1558044 1.3436510 1.0868663 1.1952329 1.5436795 1.2363325 1.2182212 1.2530877 1.2171169 3.8861177 0.0000000 0.2847939 0.2971086 0.2373787 0.2600609 0.2511763 0.2805840 1.4255797 1.3898292 1.3665451 0.9487202 1.2414995 1.0800747 1.1263699 1.1052749 1.1999169 1.2809355 1.0143482 1.2304205 1.1339227 1.2458119 1.1515329 1.0529052 1.1901312 1.2827480 1.3177269 1.3087865 1.3797178 1.4019701 
Saccharomyces_cerevisiae                    1.4687529 1.1778475 1.3688914 1.0994443 1.1684417 1.5558699 1.1494483 1.1614867 1.2825071 1.2084476 3.7229485 0.2847939 0.0000000 0.3394332 0.3138081 0.2165934 0.1374584 0.3370774 1.5265540 1.3912915 1.2453657 0.9605638 1.2579888 1.1604640 1.1567038 1.1475379 1.2388730 1.2298826 1.1155581 1.2667678 1.1677501 1.2699575 1.2490120 1.0522182 1.3111185 1.2212582 1.2923078 1.3004837 1.3311515 1.4811762 
Saccharomyces_eubayanus                     1.3348673 1.1580833 1.3626510 1.1045977 1.2856088 1.5655742 1.2678776 1.1682499 1.2230191 1.1656637 3.4709750 0.2971086 0.3394332 0.0000000 0.3257969 0.3320292 0.3163340 0.0929682 1.4189850 1.3847870 1.2235824 0.9946163 1.2412781 1.1730291 1.0975815 1.2816634 1.1689861 1.1831391 1.1113680 1.3346962 1.1439624 1.2438788 1.2460124 1.0265676 1.3101317 1.3476792 1.2855152 1.2737074 1.4477289 1.4148914 
Saccharomyces_kudriavzevii                  1.4080176 1.2040277 1.2687392 1.0804417 1.1584423 1.5207825 1.2069112 1.1598627 1.2644623 1.2820939 3.8548034 0.2373787 0.3138081 0.3257969 0.0000000 0.2569293 0.2620656 0.2926254 1.4363375 1.3552132 1.3161505 0.9929674 1.2494647 1.2003312 1.1456869 1.1918306 1.2229926 1.3897643 1.0799807 1.2407621 1.1781226 1.2880319 1.1979060 1.0988934 1.2630269 1.3052338 1.2968948 1.3544051 1.4201539 1.4123224 
Saccharomyces_mikatae                       1.3517063 1.1543230 1.2902327 0.9797602 1.1239355 1.5377908 1.1840533 1.1762519 1.2850027 1.1974453 3.9211802 0.2600609 0.2165934 0.3320292 0.2569293 0.0000000 0.1951389 0.3345121 1.5310581 1.4047870 1.4125555 0.9841326 1.2876957 1.2154306 1.1170561 1.2050689 1.2561570 1.2822134 1.0559682 1.3341247 1.1126816 1.2734057 1.2550761 1.0450750 1.2847646 1.2687901 1.4013853 1.3318615 1.4474982 1.4406977 
Saccharomyces_paradoxus                     1.5024376 1.2312198 1.3969430 1.0846999 1.1884609 1.5197728 1.2147275 1.2494599 1.3303362 1.2723785 3.6998487 0.2511763 0.1374584 0.3163340 0.2620656 0.1951389 0.0000000 0.3304987 1.6211474 1.4227091 1.2863163 0.9936133 1.3393523 1.2283821 1.1136157 1.1840872 1.2348124 1.2815420 1.1002360 1.3000058 1.0921215 1.3217020 1.2302643 1.1242203 1.3176055 1.2090019 1.3667685 1.3364504 1.4383899 1.4413962 
Saccharomyces_uvarum                        1.3605380 1.1703598 1.3698858 1.1556118 1.3362931 1.5797826 1.2542001 1.1784593 1.2561468 1.1625893 3.4192209 0.2805840 0.3370774 0.0929682 0.2926254 0.3345121 0.3304987 0.0000000 1.3729897 1.3576928 1.2876305 1.0287865 1.1999334 1.1685840 1.1165216 1.2377066 1.2442977 1.2435432 1.0770402 1.3056635 1.1288322 1.2266919 1.2752865 1.0295738 1.2957964 1.3358607 1.2775211 1.3658098 1.4730250 1.3906287 
Tetrapisispora_blattae                      1.2287211 1.4641373 1.3199827 1.1599363 1.3338497 1.4808185 1.2804243 1.1787338 1.3637632 1.2419369 3.5494305 1.4255797 1.5265540 1.4189850 1.4363375 1.5310581 1.6211474 1.3729897 0.0000000 1.4263933 1.1235864 1.2127407 1.1292718 1.1902954 1.1847154 1.1072213 1.4918406 1.4168092 1.2701457 1.3533921 1.2122163 1.1778850 1.1236456 1.1293011 1.1098853 1.2589536 1.2715024 1.2596808 1.3046353 0.6588176 
Tetrapisispora_phaffii                      1.5744600 1.3331106 1.4098110 1.4313130 1.2702276 1.5924784 1.4119790 1.3972538 1.3847463 1.3297222 4.3026504 1.3898292 1.3912915 1.3847870 1.3552132 1.4047870 1.4227091 1.3576928 1.4263933 0.0000000 1.0833693 1.2587317 1.4030323 1.3346550 1.3143091 1.4523709 1.4446726 1.3214702 1.4075493 1.4202483 1.2517036 1.2596312 1.5256927 1.2927194 1.5300125 1.4218186 0.4216326 0.6616028 0.4156700 1.4239901 
Vanderwaltozyma_polyspora                   1.3993285 1.2844428 1.5686269 1.2029558 1.3075049 1.6481701 1.2413497 1.3202416 1.5157095 1.1921881 3.8805984 1.3665451 1.2453657 1.2235824 1.3161505 1.4125555 1.2863163 1.2876305 1.1235864 1.0833693 0.0000000 1.1439473 1.1953793 1.2562170 1.2033554 1.1129415 1.3781631 1.3477537 1.3208370 1.2500956 1.3374014 1.0415401 1.1729246 1.1233098 1.2173355 1.3148134 0.8972082 0.9179902 0.8846914 1.2308251 
yHAB132_Kazachstania_martiniae              1.1725525 1.0460556 1.1458181 1.0719779 0.9688367 1.4277864 1.0184868 1.1207755 1.2788924 1.0896400 4.0220735 0.9487202 0.9605638 0.9946163 0.9929674 0.9841326 0.9936133 1.0287865 1.2127407 1.2587317 1.1439473 0.0000000 0.8813125 1.0095337 0.8546656 0.8680383 1.0721799 1.0098785 0.9785655 1.0637772 0.8863793 1.0115052 0.9403870 0.7888070 0.9014312 1.0176988 1.1966592 1.1063414 1.3152105 1.3381676 
yHAB133_Kazachstania_unispora               1.1918919 0.9761462 1.0821492 1.0082160 1.1240369 1.3335976 1.2323330 1.1201683 1.2852002 1.0418501 4.0022073 1.2414995 1.2579888 1.2412781 1.2494647 1.2876957 1.3393523 1.1999334 1.1292718 1.4030323 1.1953793 0.8813125 0.0000000 0.9908636 0.7804370 0.4068948 1.0246343 1.1644176 1.0670021 0.9403234 1.0300244 0.8019718 0.3370372 0.8739502 0.3485565 0.9603896 1.2504305 1.1060335 1.3402616 1.4097576 
yHAB134_Kazachstania_turicensis             1.3159072 1.0368300 1.2626271 1.0108235 1.1451243 1.3774074 1.1486264 1.2755256 1.3485420 1.1178046 4.1908620 1.0800747 1.1604640 1.1730291 1.2003312 1.2154306 1.2283821 1.1685840 1.1902954 1.3346550 1.2562170 1.0095337 0.9908636 0.0000000 0.9884317 0.9966256 1.0961201 1.1992910 0.9005020 1.1995151 0.8477070 0.8429513 1.0695893 0.6753334 1.0900137 1.3299807 1.0861568 1.3906477 1.1655724 1.3128777 
yHAB136_Kazachstania_bromeliacearum         1.3150163 1.0161278 1.1154164 1.1191272 1.1093858 1.3380512 1.1477550 1.0824218 1.3162414 1.0563919 4.0922628 1.1263699 1.1567038 1.0975815 1.1456869 1.1170561 1.1136157 1.1165216 1.1847154 1.3143091 1.2033554 0.8546656 0.7804370 0.9884317 0.0000000 0.8235151 0.9141697 1.0157355 1.0036115 0.9870081 1.1996537 0.9499405 0.8413057 0.7622394 0.8399059 1.1474635 1.4024623 1.2924960 1.3077891 1.1112108 
yHAB143_Kazachstania_siamensis              1.2842845 0.9525323 1.2312197 1.0083390 1.2911476 1.2992178 1.2342245 1.2345073 1.2857252 1.0539230 4.2569418 1.1052749 1.1475379 1.2816634 1.1918306 1.2050689 1.1840872 1.2377066 1.1072213 1.4523709 1.1129415 0.8680383 0.4068948 0.9966256 0.8235151 0.0000000 0.9813993 1.0526312 1.0142055 0.7921497 1.0958702 0.8005482 0.4385459 0.8336963 0.4182574 0.9193852 1.2833572 1.0954461 1.3491311 1.3054889 
yHAB147_Kazachstania_taianensis             1.4031703 1.2114792 0.9693910 1.2049469 1.2118185 1.2447386 1.2454969 1.2039562 1.2870496 1.3767190 3.8753286 1.1999169 1.2388730 1.1689861 1.2229926 1.2561570 1.2348124 1.2442977 1.4918406 1.4446726 1.3781631 1.0721799 1.0246343 1.0961201 0.9141697 0.9813993 0.0000000 1.1004777 1.0542442 1.0486753 1.3118769 1.0522558 0.9200653 1.1390328 0.9061003 1.1859922 1.4205843 1.4640620 1.4437074 1.4560765 
yHAB148_Kazachstania_intestinalis           1.4978985 1.1512369 1.2067678 1.3060089 1.2170352 1.4860111 1.2493557 1.2508177 1.3081726 1.2127854 4.0286398 1.2809355 1.2298826 1.1831391 1.3897643 1.2822134 1.2815420 1.2435432 1.4168092 1.3214702 1.3477537 1.0098785 1.1644176 1.1992910 1.0157355 1.0526312 1.1004777 0.0000000 1.0565437 1.1642500 1.1457750 1.0874945 1.1980447 1.0976955 1.2041042 1.3231801 1.2936072 1.2971020 1.2858648 1.4402571 
yHAB153_Kazachstania_rosinii                1.3147193 1.0306009 1.1734568 1.1013060 1.2444140 1.3697526 1.2514274 1.2620579 1.4202028 1.1203754 4.3996888 1.0143482 1.1155581 1.1113680 1.0799807 1.0559682 1.1002360 1.0770402 1.2701457 1.4075493 1.3208370 0.9785655 1.0670021 0.9005020 1.0036115 1.0142055 1.0542442 1.0565437 0.0000000 1.2006527 0.7574893 0.9090649 0.9257703 0.8014400 0.9910320 1.2918888 1.2613634 1.1031642 1.3910690 1.4527148 
yHAB154_Kazachstania_transvaalensis         1.3498985 1.1850635 1.1927829 1.1875759 1.3578522 1.6423456 1.2022622 1.2363313 1.3448292 1.2712548 4.0351410 1.2304205 1.2667678 1.3346962 1.2407621 1.3341247 1.3000058 1.3056635 1.3533921 1.4202483 1.2500956 1.0637772 0.9403234 1.1995151 0.9870081 0.7921497 1.0486753 1.1642500 1.2006527 0.0000000 1.2823193 1.0123732 0.9407921 1.0792367 0.8849976 0.4316449 1.3934645 1.3701543 1.5421424 1.3276108 
yHAB155_Kazachstania_spencerorum            1.3938151 1.1289415 1.4117668 1.1286870 1.2418878 1.4175640 1.2456078 1.2910708 1.3910645 1.0980084 3.7605628 1.1339227 1.1677501 1.1439624 1.1781226 1.1126816 1.0921215 1.1288322 1.2122163 1.2517036 1.3374014 0.8863793 1.0300244 0.8477070 1.1996537 1.0958702 1.3118769 1.1457750 0.7574893 1.2823193 0.0000000 0.8250739 1.0879235 0.7546337 1.1286582 1.2332147 1.0750829 1.2029097 1.2541547 1.4251068 
yHAB158_Kazachstania_viticola               1.0691826 1.0063926 1.2293507 0.8963143 1.1930694 1.4239289 1.2966904 1.2746944 1.2904767 0.9908190 4.1859598 1.2458119 1.2699575 1.2438788 1.2880319 1.2734057 1.3217020 1.2266919 1.1778850 1.2596312 1.0415401 1.0115052 0.8019718 0.8429513 0.9499405 0.8005482 1.0522558 1.0874945 0.9090649 1.0123732 0.8250739 0.0000000 0.8910145 1.0208234 0.8606315 1.1177377 1.0578556 1.2101532 1.1997956 1.2434145 
yHAB159_Kazachstania_solicola               1.1994855 1.1050458 1.0027387 1.0234200 1.2006083 1.3763035 1.1816674 1.0875293 1.1676770 1.0882626 3.7188589 1.1515329 1.2490120 1.2460124 1.1979060 1.2550761 1.2302643 1.2752865 1.1236456 1.5256927 1.1729246 0.9403870 0.3370372 1.0695893 0.8413057 0.4385459 0.9200653 1.1980447 0.9257703 0.9407921 1.0879235 0.8910145 0.0000000 0.8909565 0.0885215 1.0391327 1.3980764 1.1114420 1.3804836 1.3927229 
yHAB160_Kazachstania_kunashirensis          1.3095357 1.0209486 1.3414505 1.0315372 1.2241535 1.4592684 1.2091906 1.2108897 1.2984635 1.0954713 4.3752359 1.0529052 1.0522182 1.0265676 1.0988934 1.0450750 1.1242203 1.0295738 1.1293011 1.2927194 1.1233098 0.7888070 0.8739502 0.6753334 0.7622394 0.8336963 1.1390328 1.0976955 0.8014400 1.0792367 0.7546337 1.0208234 0.8909565 0.0000000 0.9474912 1.2588147 1.2060460 1.0823484 1.1859116 1.2646530 
yHAB164_Kazachstania_aerobia                1.2061062 1.1071283 0.9861129 1.0297704 1.2429193 1.3744421 1.1786077 1.1031547 1.1670641 1.1233666 3.7456079 1.1901312 1.3111185 1.3101317 1.2630269 1.2847646 1.3176055 1.2957964 1.1098853 1.5300125 1.2173355 0.9014312 0.3485565 1.0900137 0.8399059 0.4182574 0.9061003 1.2041042 0.9910320 0.8849976 1.1286582 0.8606315 0.0885215 0.9474912 0.0000000 1.0007422 1.4664871 1.1852602 1.4307535 1.4253279 
yHAB166_Kazachstania_yakushimaensis         1.2969258 1.1684072 1.2654159 1.3783945 1.2027919 1.6284919 1.2485248 1.1731041 1.2843207 1.1779324 3.9604763 1.2827480 1.2212582 1.3476792 1.3052338 1.2687901 1.2090019 1.3358607 1.2589536 1.4218186 1.3148134 1.0176988 0.9603896 1.3299807 1.1474635 0.9193852 1.1859922 1.3231801 1.2918888 0.4316449 1.2332147 1.1177377 1.0391327 1.2588147 1.0007422 0.0000000 1.4746723 1.4198241 1.5359752 1.4560544 
yHMPu5000034875_Tetrapisispora_fleetii      1.4661173 1.2823730 1.3935957 1.3293223 1.2433385 1.4746115 1.4019931 1.4416409 1.4050459 1.2189571 4.0609625 1.3177269 1.2923078 1.2855152 1.2968948 1.4013853 1.3667685 1.2775211 1.2715024 0.4216326 0.8972082 1.1966592 1.2504305 1.0861568 1.4024623 1.2833572 1.4205843 1.2936072 1.2613634 1.3934645 1.0750829 1.0578556 1.3980764 1.2060460 1.4664871 1.4746723 0.0000000 0.5816679 0.2207927 1.2645984 
yHMPu5000034876_Tetrapisispora_iriomotensis 1.4312502 1.1557234 1.5133520 1.0651246 1.2322614 1.5356272 1.3106053 1.2646315 1.3832449 1.2382562 3.8507468 1.3087865 1.3004837 1.2737074 1.3544051 1.3318615 1.3364504 1.3658098 1.2596808 0.6616028 0.9179902 1.1063414 1.1060335 1.3906477 1.2924960 1.0954461 1.4640620 1.2971020 1.1031642 1.3701543 1.2029097 1.2101532 1.1114420 1.0823484 1.1852602 1.4198241 0.5816679 0.0000000 0.6278811 1.3763564 
yHMPu5000034877_Tetrapisispora_namnaonensis 1.3796645 1.3669431 1.5083397 1.3116621 1.3198451 1.4480541 1.5393640 1.4984396 1.4465841 1.3668764 4.2821010 1.3797178 1.3311515 1.4477289 1.4201539 1.4474982 1.4383899 1.4730250 1.3046353 0.4156700 0.8846914 1.3152105 1.3402616 1.1655724 1.3077891 1.3491311 1.4437074 1.2858648 1.3910690 1.5421424 1.2541547 1.1997956 1.3804836 1.1859116 1.4307535 1.5359752 0.2207927 0.6278811 0.0000000 1.2790432 
yHMPu5000035629_Yueomyces_sinensis          1.5040366 1.3851218 1.5297536 1.3752672 1.3778026 1.3833892 1.4308109 1.4602294 1.5424756 1.3943020 3.8166193 1.4019701 1.4811762 1.4148914 1.4123224 1.4406977 1.4413962 1.3906287 0.6588176 1.4239901 1.2308251 1.3381676 1.4097576 1.3128777 1.1112108 1.3054889 1.4560765 1.4402571 1.4527148 1.3276108 1.4251068 1.2434145 1.3927229 1.2646530 1.4253279 1.4560544 1.2645984 1.3763564 1.2790432 0.0000000 
