40
Candida_glabrata                            0.0000000 2.2434362 1.9244846 2.1963805 1.0239564 2.4054407 0.9354618 0.8731222 1.9871739 1.8919623 8.9999984 1.4955274 1.6856010 1.5863377 1.5602756 1.8066642 1.7250041 1.5958680 2.1983787 1.6521134 1.5150958 1.8333160 1.6874274 1.9736956 1.6925023 1.6745830 1.7670346 2.3514898 1.7715009 2.5168400 1.6727683 1.6875095 1.6061752 1.8679036 1.7472297 2.0443893 1.6905869 1.7101770 1.8870778 2.2056486 
Kazachstania_africana                       2.2434362 0.0000000 1.9569750 2.2320321 2.1372142 3.0267987 2.0869086 1.9746557 1.6889875 1.7860297 8.8854418 1.7604159 1.8254610 2.0109595 1.8720490 1.9148205 1.7600102 1.8956433 2.5980653 1.7508172 1.7170364 1.7970156 1.6324299 1.5778643 1.7099425 1.7348892 1.6354830 2.5046933 1.8052742 2.8189249 1.7030686 1.4606088 1.8824826 1.5642274 1.9880181 2.4193801 1.9464665 1.6157240 1.9704063 2.0144728 
Kazachstania_naganishii                     1.9244846 1.9569750 0.0000000 2.3850887 1.7269225 2.9431185 1.7865241 1.5519426 2.0370189 1.8718393 7.2491331 1.6393245 1.7846569 2.0201901 1.8470970 1.8535419 1.8186108 1.9170851 2.2452861 1.9460803 1.9034964 1.9219415 1.5004142 1.9963511 1.4902804 1.7611574 1.6533145 1.8650864 1.8882584 2.9073686 2.1509216 1.8896280 1.7341112 1.8670841 1.7638781 2.4398178 1.9389048 1.9063972 1.8970646 2.1026417 
Nakaseomyces_bacillisporus                  2.1963805 2.2320321 2.3850887 0.0000000 2.4493733 2.3405931 2.3384391 2.3043766 2.1037964 2.0767093 8.9999988 2.2305447 2.2875508 2.1070294 2.0281491 2.4500169 2.3296511 2.0789434 2.6864899 2.0829322 2.4301924 2.2429692 2.2425576 2.4010048 2.1160061 2.2184701 1.9589474 2.7994188 2.0772949 2.6490892 2.4075960 2.2802429 2.1524434 2.0244429 2.1137305 2.4791977 2.2723556 2.1058132 2.4264015 2.4076176 
Nakaseomyces_bracarensis                    1.0239564 2.1372142 1.7269225 2.4493733 0.0000000 2.6249750 0.6520315 0.6058733 1.9163055 1.8328404 6.7507720 1.8969744 1.8891462 1.8871222 1.7660177 1.8467235 1.9146066 1.8696143 2.1265852 1.8643127 1.7442028 1.6805018 1.8512706 2.0876668 1.7353095 1.6684425 1.8204147 2.2089832 1.7717548 2.4854255 1.9335232 1.7638803 1.7714564 1.9921916 1.9442376 2.1050230 1.7699597 1.9118437 1.8227956 2.2161541 
Nakaseomyces_castellii                      2.4054407 3.0267987 2.9431185 2.3405931 2.6249750 0.0000000 2.4383602 2.5842752 2.0607767 2.6052386 8.7789934 2.4872764 2.5085081 2.6517883 2.5393418 2.5080919 2.5526745 2.5324718 2.6542714 2.5691320 2.5549913 2.7365249 2.6381405 2.8123119 2.5980503 2.4509664 2.4904344 3.3330136 2.8002351 3.7425210 2.8019812 2.6081076 2.3737702 2.5404888 2.4960106 3.4437461 2.5512780 2.8229081 2.5376350 3.1386800 
Nakaseomyces_delphensis                     0.9354618 2.0869086 1.7865241 2.3384391 0.6520315 2.4383602 0.0000000 0.5191230 1.7050130 1.9323027 7.4332619 1.9535603 1.9033043 2.1243561 1.8509005 2.0067954 2.0273424 2.0787607 2.1989134 2.0632251 1.7003211 1.6949714 1.7142333 1.9061020 1.6527759 1.6102246 1.9579121 2.1880493 1.6960997 2.4281397 1.8162479 1.7118237 1.6444476 1.9457918 1.7149275 2.0167718 1.9892178 1.9073904 2.1000418 2.2594699 
Nakaseomyces_nivariensis                    0.8731222 1.9746557 1.5519426 2.3043766 0.6058733 2.5842752 0.5191230 0.0000000 1.9592263 1.8202037 7.3781666 1.7762149 1.7516028 1.8055633 1.7735538 1.9110027 1.8513438 1.8916391 2.0847834 1.7298435 1.5531856 1.6973966 1.6163419 1.9552704 1.5959476 1.6547582 1.6681228 2.1354580 1.6465859 2.2383301 1.9479529 1.7570054 1.6228045 1.7628550 1.6434763 1.9466404 1.8435175 1.7143496 1.9561955 2.2550233 
Naumovozyma_castellii                       1.9871739 1.6889875 2.0370189 2.1037964 1.9163055 2.0607767 1.7050130 1.9592263 0.0000000 1.5909087 7.6431813 1.9829705 2.0364081 2.0875278 2.0358805 1.9528615 2.1090915 1.9751912 2.0410298 1.9411242 1.9683484 1.8466805 1.7431938 1.6733089 1.7482450 1.8517586 1.9973593 2.6033476 2.0504545 2.7537153 2.2258333 1.7803501 1.8078129 1.6824201 1.8851479 2.4157059 1.8708452 1.8333930 2.0350454 1.8094890 
Naumovozyma_dairenensis                     1.8919623 1.7860297 1.8718393 2.0767093 1.8328404 2.6052386 1.9323027 1.8202037 1.5909087 0.0000000 7.9765807 1.9586377 1.9841915 2.1437319 1.8684551 2.0347760 1.8939544 2.1213755 2.0583113 1.9821888 1.7427058 2.0398580 1.8118169 1.5350253 1.7351718 1.8463591 1.6853620 2.1296384 2.0192702 3.1602490 2.0991903 1.7698543 1.9312788 1.5690214 1.9219725 2.5067819 1.7848807 1.8606775 2.0082103 1.8207654 
Neurospora_crassa                           8.9999984 8.8854418 7.2491331 8.9999988 6.7507720 8.7789934 7.4332619 7.3781666 7.6431813 7.9765807 0.0000000 8.7670264 8.9999989 8.9999980 8.9999985 8.9999986 8.9999986 8.5571910 8.9999986 7.5445399 8.9999987 8.7859351 8.9430201 8.9999988 8.9999987 8.8498513 8.0519803 7.6533661 8.9999990 8.9999989 8.9999990 8.9999987 8.4369650 8.9777092 8.9999989 8.9999983 8.4974968 8.6434649 8.2920804 8.9999989 
Saccharomyces_arboricola                    1.4955274 1.7604159 1.6393245 2.2305447 1.8969744 2.4872764 1.9535603 1.7762149 1.9829705 1.9586377 8.7670264 0.0000000 0.3800743 0.3589430 0.2956815 0.3828787 0.3412468 0.3384236 2.3891664 1.6536782 1.6315867 1.9543637 1.6435532 1.6795893 1.4597235 1.7462870 1.7852688 2.3797810 1.7107365 2.7460848 1.8666800 1.9689205 1.7652701 1.6781909 1.9557446 2.6121146 1.7681942 1.5521477 1.7830546 2.2348803 
Saccharomyces_cerevisiae                    1.6856010 1.8254610 1.7846569 2.2875508 1.8891462 2.5085081 1.9033043 1.7516028 2.0364081 1.9841915 8.9999989 0.3800743 0.0000000 0.4643162 0.3421219 0.3293252 0.2094556 0.4234522 2.3757445 1.7659062 1.7486418 1.9096281 1.6803229 1.9509719 1.4830136 1.7320163 1.8813249 2.2381463 1.7613259 2.8848280 1.9478952 1.9358173 1.7141702 1.7663710 1.8956677 2.6201448 1.8292052 1.5839783 1.8660921 2.1437333 
Saccharomyces_eubayanus                     1.5863377 2.0109595 2.0201901 2.1070294 1.8871222 2.6517883 2.1243561 1.8055633 2.0875278 2.1437319 8.9999980 0.3589430 0.4643162 0.0000000 0.3420467 0.4720628 0.4134614 0.1255986 2.1468352 1.6711499 1.7314582 1.8079332 1.7780018 1.9693775 1.5911876 1.7506970 1.8391151 2.1898618 1.7471282 2.7793998 1.8943507 1.9296867 1.7828003 1.8818917 1.9440709 2.6686157 1.7486373 1.5720423 1.7607875 2.3479150 
Saccharomyces_kudriavzevii                  1.5602756 1.8720490 1.8470970 2.0281491 1.7660177 2.5393418 1.8509005 1.7735538 2.0358805 1.8684551 8.9999985 0.2956815 0.3421219 0.3420467 0.0000000 0.3416128 0.3155971 0.3389763 2.2686176 1.6917232 1.5771532 1.8979841 1.6258707 1.6956633 1.4265189 1.7554492 1.6942310 2.2924566 1.6937061 2.6270755 1.8276742 1.8370802 1.5078522 1.5742194 1.7090283 2.3321707 1.7573268 1.4598284 1.6818523 2.0020431 
Saccharomyces_mikatae                       1.8066642 1.9148205 1.8535419 2.4500169 1.8467235 2.5080919 2.0067954 1.9110027 1.9528615 2.0347760 8.9999986 0.3828787 0.3293252 0.4720628 0.3416128 0.0000000 0.2795182 0.4261787 2.4609782 1.7981288 1.5967044 1.9128699 1.7809457 1.7730815 1.6092718 1.7877577 1.8880981 2.4124761 1.8477585 3.0279106 1.8156751 1.9892490 1.7610087 1.7531953 1.7986726 2.6114892 1.7691874 1.5589309 1.8241276 2.2114498 
Saccharomyces_paradoxus                     1.7250041 1.7600102 1.8186108 2.3296511 1.9146066 2.5526745 2.0273424 1.8513438 2.1090915 1.8939544 8.9999986 0.3412468 0.2094556 0.4134614 0.3155971 0.2795182 0.0000000 0.3767031 2.4354924 1.7546203 1.6431133 2.0020056 1.6790542 1.8774094 1.5204382 1.8722853 1.8661930 2.2048052 1.8682088 2.7894954 1.9851465 1.8723095 1.6713515 1.7350375 1.8398287 2.5302090 1.7549908 1.5405663 1.7889042 2.1534833 
Saccharomyces_uvarum                        1.5958680 1.8956433 1.9170851 2.0789434 1.8696143 2.5324718 2.0787607 1.8916391 1.9751912 2.1213755 8.5571910 0.3384236 0.4234522 0.1255986 0.3389763 0.4261787 0.3767031 0.0000000 2.1240610 1.5883935 1.6713406 1.7857310 1.6836862 1.9228461 1.4885483 1.6840723 1.6910190 2.3368572 1.6473042 2.7913848 1.8189543 1.8678276 1.6820471 1.7587257 1.7614696 2.5645904 1.6260019 1.5568533 1.6547598 2.2351759 
Tetrapisispora_blattae                      2.1983787 2.5980653 2.2452861 2.6864899 2.1265852 2.6542714 2.1989134 2.0847834 2.0410298 2.0583113 8.9999986 2.3891664 2.3757445 2.1468352 2.2686176 2.4609782 2.4354924 2.1240610 0.0000000 2.3029818 2.2744150 2.0783978 2.1180628 2.2810988 2.0740022 1.9687013 2.1859670 2.6273016 2.3531902 3.0766632 2.4788736 2.2105862 2.3349891 2.2985587 2.3905178 2.7352774 2.0297106 2.0398517 2.2261098 1.6621275 
Tetrapisispora_phaffii                      1.6521134 1.7508172 1.9460803 2.0829322 1.8643127 2.5691320 2.0632251 1.7298435 1.9411242 1.9821888 7.5445399 1.6536782 1.7659062 1.6711499 1.6917232 1.7981288 1.7546203 1.5883935 2.3029818 0.0000000 1.3268263 1.8355113 1.7282521 1.9212279 1.8221925 1.6847248 1.9439041 2.2224427 1.9657829 2.4634938 2.1022891 1.7640546 1.6007772 1.9274321 1.6929325 2.2498771 0.4848932 0.7805643 0.5209454 2.0828344 
Vanderwaltozyma_polyspora                   1.5150958 1.7170364 1.9034964 2.4301924 1.7442028 2.5549913 1.7003211 1.5531856 1.9683484 1.7427058 8.9999987 1.6315867 1.7486418 1.7314582 1.5771532 1.5967044 1.6431133 1.6713406 2.2744150 1.3268263 0.0000000 1.8553456 1.7413595 1.8285755 1.5459518 1.6090697 1.7504237 2.1618855 1.6519567 2.4401184 1.6157540 1.6558298 1.8428634 1.5474491 1.9848490 2.2506209 1.3020410 1.3186189 1.3429695 1.9486283 
yHAB132_Kazachstania_martiniae              1.8333160 1.7970156 1.9219415 2.2429692 1.6805018 2.7365249 1.6949714 1.6973966 1.8466805 2.0398580 8.7859351 1.9543637 1.9096281 1.8079332 1.8979841 1.9128699 2.0020056 1.7857310 2.0783978 1.8355113 1.8553456 0.0000000 1.7093349 1.8838461 1.5010263 1.6913999 1.7012232 2.2862833 1.3774042 2.5095881 1.8515710 1.5679243 1.9809450 1.5089814 1.9757621 2.2610992 1.6765108 1.6351709 1.9464773 2.1374257 
yHAB133_Kazachstania_unispora               1.6874274 1.6324299 1.5004142 2.2425576 1.8512706 2.6381405 1.7142333 1.6163419 1.7431938 1.8118169 8.9430201 1.6435532 1.6803229 1.7780018 1.6258707 1.7809457 1.6790542 1.6836862 2.1180628 1.7282521 1.7413595 1.7093349 0.0000000 1.8193480 1.4642058 0.7176377 1.5020890 2.0650890 1.6664471 2.2154830 1.7183934 1.6272948 0.4860399 1.5772333 0.5313448 2.0578555 1.6668323 1.6292362 1.8304617 1.8872917 
yHAB134_Kazachstania_turicensis             1.9736956 1.5778643 1.9963511 2.4010048 2.0876668 2.8123119 1.9061020 1.9552704 1.6733089 1.5350253 8.9999988 1.6795893 1.9509719 1.9693775 1.6956633 1.7730815 1.8774094 1.9228461 2.2810988 1.9212279 1.8285755 1.8838461 1.8193480 0.0000000 1.6742367 1.6266533 1.7975238 2.1946005 2.0782703 2.5450737 1.8236788 1.8198543 1.7608007 1.2607973 1.7897922 2.2145980 1.8524657 1.6741819 1.9937881 2.0045086 
yHAB136_Kazachstania_bromeliacearum         1.6925023 1.7099425 1.4902804 2.1160061 1.7353095 2.5980503 1.6527759 1.5959476 1.7482450 1.7351718 8.9999987 1.4597235 1.4830136 1.5911876 1.4265189 1.6092718 1.5204382 1.4885483 2.0740022 1.8221925 1.5459518 1.5010263 1.4642058 1.6742367 0.0000000 1.3449608 1.4503377 1.9319089 1.6099488 2.1556210 1.6143340 1.5714830 1.4277749 1.4053737 1.4525258 1.9765755 1.7122492 1.7260269 1.9308890 2.0680300 
yHAB143_Kazachstania_siamensis              1.6745830 1.7348892 1.7611574 2.2184701 1.6684425 2.4509664 1.6102246 1.6547582 1.8517586 1.8463591 8.8498513 1.7462870 1.7320163 1.7506970 1.7554492 1.7877577 1.8722853 1.6840723 1.9687013 1.6847248 1.6090697 1.6913999 0.7176377 1.6266533 1.3449608 0.0000000 1.4122119 2.1194539 1.6628297 2.2032250 1.8997711 1.7101045 0.8120967 1.4964757 0.7782733 2.1334359 1.6986575 1.5522821 1.8539745 1.9063515 
yHAB147_Kazachstania_taianensis             1.7670346 1.6354830 1.6533145 1.9589474 1.8204147 2.4904344 1.9579121 1.6681228 1.9973593 1.6853620 8.0519803 1.7852688 1.8813249 1.8391151 1.6942310 1.8880981 1.8661930 1.6910190 2.1859670 1.9439041 1.7504237 1.7012232 1.5020890 1.7975238 1.4503377 1.4122119 0.0000000 2.1000493 1.6678081 2.9313717 1.8434706 1.7952209 1.5580874 1.7455909 1.5652414 2.3590947 2.0221912 1.9951250 2.1316009 2.1450087 
yHAB148_Kazachstania_intestinalis           2.3514898 2.5046933 1.8650864 2.7994188 2.2089832 3.3330136 2.1880493 2.1354580 2.6033476 2.1296384 7.6533661 2.3797810 2.2381463 2.1898618 2.2924566 2.4124761 2.2048052 2.3368572 2.6273016 2.2224427 2.1618855 2.2862833 2.0650890 2.1946005 1.9319089 2.1194539 2.1000493 0.0000000 2.1701108 2.5823212 1.9772777 2.1000600 1.9949122 2.4383994 2.0074771 2.3344063 2.4398534 2.1918981 2.4352119 2.8445551 
yHAB153_Kazachstania_rosinii                1.7715009 1.8052742 1.8882584 2.0772949 1.7717548 2.8002351 1.6960997 1.6465859 2.0504545 2.0192702 8.9999990 1.7107365 1.7613259 1.7471282 1.6937061 1.8477585 1.8682088 1.6473042 2.3531902 1.9657829 1.6519567 1.3774042 1.6664471 2.0782703 1.6099488 1.6628297 1.6678081 2.1701108 0.0000000 2.7088047 1.2619178 1.5125889 1.8227283 1.4392151 1.8899075 2.3977739 2.0542536 1.9227095 2.0563406 2.0316655 
yHAB154_Kazachstania_transvaalensis         2.5168400 2.8189249 2.9073686 2.6490892 2.4854255 3.7425210 2.4281397 2.2383301 2.7537153 3.1602490 8.9999989 2.7460848 2.8848280 2.7793998 2.6270755 3.0279106 2.7894954 2.7913848 3.0766632 2.4634938 2.4401184 2.5095881 2.2154830 2.5450737 2.1556210 2.2032250 2.9313717 2.5823212 2.7088047 0.0000000 2.3614159 2.8127740 2.2412269 2.3830402 2.4121416 0.6612561 2.7733718 2.4426448 2.6957201 3.1447639 
yHAB155_Kazachstania_spencerorum            1.6727683 1.7030686 2.1509216 2.4075960 1.9335232 2.8019812 1.8162479 1.9479529 2.2258333 2.0991903 8.9999990 1.8666800 1.9478952 1.8943507 1.8276742 1.8156751 1.9851465 1.8189543 2.4788736 2.1022891 1.6157540 1.8515710 1.7183934 1.8236788 1.6143340 1.8997711 1.8434706 1.9772777 1.2619178 2.3614159 0.0000000 1.5005521 2.0773453 1.4067644 2.1264359 2.1648087 2.1386359 2.0148892 2.1450686 2.5037138 
yHAB158_Kazachstania_viticola               1.6875095 1.4606088 1.8896280 2.2802429 1.7638803 2.6081076 1.7118237 1.7570054 1.7803501 1.7698543 8.9999987 1.9689205 1.9358173 1.9296867 1.8370802 1.9892490 1.8723095 1.8678276 2.2105862 1.7640546 1.6558298 1.5679243 1.6272948 1.8198543 1.5714830 1.7101045 1.7952209 2.1000600 1.5125889 2.8127740 1.5005521 0.0000000 1.8574488 1.4398893 1.9090045 2.6181923 1.8930025 1.8454964 1.9606024 1.9614472 
yHAB159_Kazachstania_solicola               1.6061752 1.8824826 1.7341112 2.1524434 1.7714564 2.3737702 1.6444476 1.6228045 1.8078129 1.9312788 8.4369650 1.7652701 1.7141702 1.7828003 1.5078522 1.7610087 1.6713515 1.6820471 2.3349891 1.6007772 1.8428634 1.9809450 0.4860399 1.7608007 1.4277749 0.8120967 1.5580874 1.9949122 1.8227283 2.2412269 2.0773453 1.8574488 0.0000000 1.5702867 0.1731982 1.9860202 1.7136797 1.6498336 1.7969314 1.9200571 
yHAB160_Kazachstania_kunashirensis          1.8679036 1.5642274 1.8670841 2.0244429 1.9921916 2.5404888 1.9457918 1.7628550 1.6824201 1.5690214 8.9777092 1.6781909 1.7663710 1.8818917 1.5742194 1.7531953 1.7350375 1.7587257 2.2985587 1.9274321 1.5474491 1.5089814 1.5772333 1.2607973 1.4053737 1.4964757 1.7455909 2.4383994 1.4392151 2.3830402 1.4067644 1.4398893 1.5702867 0.0000000 1.5395012 2.3139090 1.8878663 1.7733378 1.9937456 1.7851093 
yHAB164_Kazachstania_aerobia                1.7472297 1.9880181 1.7638781 2.1137305 1.9442376 2.4960106 1.7149275 1.6434763 1.8851479 1.9219725 8.9999989 1.9557446 1.8956677 1.9440709 1.7090283 1.7986726 1.8398287 1.7614696 2.3905178 1.6929325 1.9848490 1.9757621 0.5313448 1.7897922 1.4525258 0.7782733 1.5652414 2.0074771 1.8899075 2.4121416 2.1264359 1.9090045 0.1731982 1.5395012 0.0000000 2.1723673 1.7354157 1.7213766 1.8604493 2.0104561 
yHAB166_Kazachstania_yakushimaensis         2.0443893 2.4193801 2.4398178 2.4791977 2.1050230 3.4437461 2.0167718 1.9466404 2.4157059 2.5067819 8.9999983 2.6121146 2.6201448 2.6686157 2.3321707 2.6114892 2.5302090 2.5645904 2.7352774 2.2498771 2.2506209 2.2610992 2.0578555 2.2145980 1.9765755 2.1334359 2.3590947 2.3344063 2.3977739 0.6612561 2.1648087 2.6181923 1.9860202 2.3139090 2.1723673 0.0000000 2.2539834 2.0401484 2.2584876 2.4936277 
yHMPu5000034875_Tetrapisispora_fleetii      1.6905869 1.9464665 1.9389048 2.2723556 1.7699597 2.5512780 1.9892178 1.8435175 1.8708452 1.7848807 8.4974968 1.7681942 1.8292052 1.7486373 1.7573268 1.7691874 1.7549908 1.6260019 2.0297106 0.4848932 1.3020410 1.6765108 1.6668323 1.8524657 1.7122492 1.6986575 2.0221912 2.4398534 2.0542536 2.7733718 2.1386359 1.8930025 1.7136797 1.8878663 1.7354157 2.2539834 0.0000000 0.8636360 0.2447443 2.0017168 
yHMPu5000034876_Tetrapisispora_iriomotensis 1.7101770 1.6157240 1.9063972 2.1058132 1.9118437 2.8229081 1.9073904 1.7143496 1.8333930 1.8606775 8.6434649 1.5521477 1.5839783 1.5720423 1.4598284 1.5589309 1.5405663 1.5568533 2.0398517 0.7805643 1.3186189 1.6351709 1.6292362 1.6741819 1.7260269 1.5522821 1.9951250 2.1918981 1.9227095 2.4426448 2.0148892 1.8454964 1.6498336 1.7733378 1.7213766 2.0401484 0.8636360 0.0000000 0.9128487 1.7526736 
yHMPu5000034877_Tetrapisispora_namnaonensis 1.8870778 1.9704063 1.8970646 2.4264015 1.8227956 2.5376350 2.1000418 1.9561955 2.0350454 2.0082103 8.2920804 1.7830546 1.8660921 1.7607875 1.6818523 1.8241276 1.7889042 1.6547598 2.2261098 0.5209454 1.3429695 1.9464773 1.8304617 1.9937881 1.9308890 1.8539745 2.1316009 2.4352119 2.0563406 2.6957201 2.1450686 1.9606024 1.7969314 1.9937456 1.8604493 2.2584876 0.2447443 0.9128487 0.0000000 2.1755124 
yHMPu5000035629_Yueomyces_sinensis          2.2056486 2.0144728 2.1026417 2.4076176 2.2161541 3.1386800 2.2594699 2.2550233 1.8094890 1.8207654 8.9999989 2.2348803 2.1437333 2.3479150 2.0020431 2.2114498 2.1534833 2.2351759 1.6621275 2.0828344 1.9486283 2.1374257 1.8872917 2.0045086 2.0680300 1.9063515 2.1450087 2.8445551 2.0316655 3.1447639 2.5037138 1.9614472 1.9200571 1.7851093 2.0104561 2.4936277 2.0017168 1.7526736 2.1755124 0.0000000 
