40
Candida_glabrata                            0.0000000 2.4057713 2.3619656 2.2818221 1.1405789 2.8749302 1.1696674 1.0817542 2.4126062 2.3706293 4.4004929 2.0387835 2.0549646 1.9576948 2.0787531 2.0814266 2.1030699 1.9554067 3.0821314 2.1239157 1.9472639 2.3124241 3.0760260 2.3158809 2.4456175 3.2188324 3.0802891 3.0672409 2.2523226 3.2400986 2.2281877 2.5729118 3.4685733 2.3105054 3.3017393 3.0069202 1.9781874 1.9814544 1.9932197 2.7994949 
Kazachstania_africana                       2.4057713 0.0000000 2.4541387 2.5865992 2.0130708 3.1063065 2.2041906 2.1246305 2.2666448 2.4529060 4.1934136 2.1423883 2.1767321 2.0702271 2.1014970 2.1812388 2.1104200 2.1195722 3.2269445 2.7513719 2.5676139 2.3073532 2.7006895 2.1980705 2.0608647 3.1177585 3.2682431 2.7524947 2.2980622 3.0687692 2.0611861 2.5827308 2.8401960 2.2301212 2.6819018 2.8981780 2.6210804 2.3093104 2.5886836 2.9339035 
Kazachstania_naganishii                     2.3619656 2.4541387 0.0000000 2.7262055 2.2571837 3.0049568 2.2564374 2.1133685 2.6227257 2.5664197 3.7439371 2.4001578 2.5132504 2.2111706 2.2967588 2.4753821 2.4577596 2.2597117 2.8385010 2.7034854 2.4081305 1.9539845 2.8435528 2.1237345 1.7977273 3.3949387 2.5482347 2.5690228 2.0768571 2.9691080 2.0122272 2.3828900 3.1416232 2.0778522 2.8693119 2.7127613 2.4951503 2.3250293 2.5338109 2.7327311 
Nakaseomyces_bacillisporus                  2.2818221 2.5865992 2.7262055 0.0000000 2.0896656 2.6007560 2.0929292 2.0980483 2.4345495 2.7373314 3.7915622 2.5257903 2.5050331 2.4033252 2.5344850 2.5229139 2.5058659 2.3686039 3.3224454 2.3164555 2.5366534 2.5334510 2.7936001 2.7848880 2.5787644 3.2462633 3.4873241 2.9211745 2.3755052 3.2848567 2.5536345 2.8373519 2.9978998 2.4737726 2.8581573 3.0929150 2.2210155 2.4949691 2.2522625 3.1964208 
Nakaseomyces_bracarensis                    1.1405789 2.0130708 2.2571837 2.0896656 0.0000000 2.9531514 0.8530965 0.7946586 2.3679947 2.1840425 4.3403782 2.1393924 2.0883783 1.9001775 1.9817316 1.9877488 2.0495141 1.9311554 3.1306393 2.0345276 1.9532649 2.1852087 2.9249287 2.2522370 2.2525394 3.5798789 3.1201549 2.8314641 2.0880536 3.3610857 1.9661323 2.3903978 3.3064127 1.9988183 3.1668555 3.1637276 1.8897593 1.9520538 1.9029097 2.7441522 
Nakaseomyces_castellii                      2.8749302 3.1063065 3.0049568 2.6007560 2.9531514 0.0000000 2.9960036 3.0124021 2.9485969 3.0131641 4.4835477 2.9273294 2.9714655 2.8013471 3.1030303 3.0395562 2.9974484 2.7303181 3.6062474 3.0283225 3.2306414 3.1633598 3.1589058 3.1516414 2.9886898 3.3573292 3.6763246 3.4749305 2.9967810 3.8144306 2.7635054 3.3952498 3.5355713 3.1865062 3.3841170 3.6560099 3.0474451 2.8883982 2.8866496 3.3747676 
Nakaseomyces_delphensis                     1.1696674 2.2041906 2.2564374 2.0929292 0.8530965 2.9960036 0.0000000 0.6710380 2.4248499 2.3595867 4.1536619 2.0955741 2.1614754 1.8956376 2.0461289 2.0739054 2.0658040 1.9676630 3.2730237 2.0531148 2.1405657 2.2481883 2.9892845 2.3139990 2.2248438 3.3436025 2.9271652 2.8632086 2.0049524 3.2530468 2.0479938 2.5085363 3.3485350 2.0357105 3.1725108 2.9538077 1.7993974 1.9401615 1.7633600 2.8787163 
Nakaseomyces_nivariensis                    1.0817542 2.1246305 2.1133685 2.0980483 0.7946586 3.0124021 0.6710380 0.0000000 2.4530608 2.2009245 4.0977745 1.9581920 2.0374700 1.7250256 1.7965885 1.8789145 1.9253069 1.7848928 3.1130665 2.0543599 2.1199816 2.1805267 2.9277322 2.3424979 2.1730825 3.1913727 3.0610596 2.8624797 2.0463656 3.4079815 2.0765861 2.3635904 3.2757388 1.9884395 3.1685635 3.1030941 1.8990258 1.9681672 1.7996307 2.7854760 
Naumovozyma_castellii                       2.4126062 2.2666448 2.6227257 2.4345495 2.3679947 2.9485969 2.4248499 2.4530608 0.0000000 1.9886472 4.4443087 2.3151096 2.2315323 2.2741156 2.2249217 2.2985647 2.2433584 2.3256748 2.8897537 2.4204139 2.3793946 2.6093590 2.9309370 2.5703370 2.4288153 2.9050515 3.2978563 2.9822935 2.4126957 2.9402615 2.2312811 2.5906122 3.0688968 2.4011734 2.8113029 2.8115194 2.3773140 2.0512223 2.4222958 2.5335185 
Naumovozyma_dairenensis                     2.3706293 2.4529060 2.5664197 2.7373314 2.1840425 3.0131641 2.3595867 2.2009245 1.9886472 0.0000000 4.6508510 2.2237330 2.3366590 2.3408138 2.3322925 2.4843102 2.3792031 2.4191213 2.8451769 2.4669093 2.3877578 2.2676767 3.1319864 2.5126569 2.2805656 3.3215395 3.4142783 2.8389191 2.3289505 3.1245257 2.1831525 2.6503565 3.3487949 2.4055868 3.2123442 3.0298087 2.4940939 2.3773334 2.3029886 2.4532089 
Neurospora_crassa                           4.4004929 4.1934136 3.7439371 3.7915622 4.3403782 4.4835477 4.1536619 4.0977745 4.4443087 4.6508510 0.0000000 4.0785876 4.2016780 4.0247356 3.9138293 4.0140589 4.0562416 4.0188267 4.1982204 4.5407071 4.1334491 4.0007725 4.2011399 4.1346717 4.2081603 4.6830594 3.2853526 4.0926703 3.8131968 4.6925600 4.1939405 4.3193546 4.5161086 4.0119048 4.5006869 4.4170307 4.4520808 4.1635962 4.5629534 4.6063886 
Saccharomyces_arboricola                    2.0387835 2.1423883 2.4001578 2.5257903 2.1393924 2.9273294 2.0955741 1.9581920 2.3151096 2.2237330 4.0785876 0.0000000 0.5752181 0.4860975 0.4488917 0.5571793 0.4953926 0.4775071 2.8158588 2.3995052 2.3034083 2.0675722 2.7391095 2.3539046 2.1123517 2.7829010 3.2016182 2.5890754 2.1482617 2.9664065 2.1649124 2.4299605 2.9566371 2.0869462 2.7518473 3.1159180 2.2592367 2.1893353 2.0989704 2.4177183 
Saccharomyces_cerevisiae                    2.0549646 2.1767321 2.5132504 2.5050331 2.0883783 2.9714655 2.1614754 2.0374700 2.2315323 2.3366590 4.2016780 0.5752181 0.0000000 0.5426691 0.5599217 0.4655176 0.2323534 0.5372114 2.7226782 2.3039463 2.2968528 2.4152796 2.8753520 2.3429951 2.1335755 2.8162147 3.3096597 2.8176442 2.0739591 2.9871227 2.0958660 2.3962188 3.1635159 2.1271379 2.9126729 2.8627640 2.2926756 2.1977237 2.1385910 2.5145639 
Saccharomyces_eubayanus                     1.9576948 2.0702271 2.2111706 2.4033252 1.9001775 2.8013471 1.8956376 1.7250256 2.2741156 2.3408138 4.0247356 0.4860975 0.5426691 0.0000000 0.4593006 0.5596733 0.4672073 0.1465755 2.8067897 2.1473758 2.2374665 2.1271748 2.7238293 2.2113886 2.0464892 2.6743329 3.3534897 2.7855208 2.0281254 2.9411014 2.0652214 2.2738290 2.9404630 2.0792357 2.6800868 2.9054883 2.0686814 2.0510539 1.9275315 2.5723169 
Saccharomyces_kudriavzevii                  2.0787531 2.1014970 2.2967588 2.5344850 1.9817316 3.1030303 2.0461289 1.7965885 2.2249217 2.3322925 3.9138293 0.4488917 0.5599217 0.4593006 0.0000000 0.5085180 0.5054887 0.4766416 2.6594439 2.3982088 2.3634240 2.2117671 2.7719487 2.3282208 2.1534936 2.7782291 3.1173194 2.7766111 2.0632879 2.9072556 2.1631156 2.4967108 2.8624024 2.1075400 2.7471530 2.8392938 2.2162780 2.1705389 2.1393238 2.5423819 
Saccharomyces_mikatae                       2.0814266 2.1812388 2.4753821 2.5229139 1.9877488 3.0395562 2.0739054 1.8789145 2.2985647 2.4843102 4.0140589 0.5571793 0.4655176 0.5596733 0.5085180 0.0000000 0.3670960 0.5565129 3.0073086 2.4656734 2.3001033 2.3317273 3.0516268 2.4569673 2.2223950 3.0829564 3.3711081 2.8131167 2.1389179 3.0349208 2.2407235 2.5797698 3.0591784 2.2327929 2.9054896 3.0036430 2.2610487 2.2299241 2.2000355 2.6573606 
Saccharomyces_paradoxus                     2.1030699 2.1104200 2.4577596 2.5058659 2.0495141 2.9974484 2.0658040 1.9253069 2.2433584 2.3792031 4.0562416 0.4953926 0.2323534 0.4672073 0.5054887 0.3670960 0.0000000 0.4824950 2.9487656 2.3146750 2.2502724 2.2767257 2.9015932 2.3165672 2.0814408 2.8272604 3.2787114 2.8445075 2.0488753 2.9262828 2.1152889 2.4147584 3.0797487 2.1372783 2.8577806 2.8127569 2.2316806 2.2028638 2.0949540 2.6038696 
Saccharomyces_uvarum                        1.9554067 2.1195722 2.2597117 2.3686039 1.9311554 2.7303181 1.9676630 1.7848928 2.3256748 2.4191213 4.0188267 0.4775071 0.5372114 0.1465755 0.4766416 0.5565129 0.4824950 0.0000000 2.7005531 2.2201285 2.2063550 2.1329562 2.7327910 2.2579273 2.0191974 2.6691763 3.3410507 2.7792336 2.0331059 2.9897811 2.0831600 2.3430528 2.9982951 2.0770848 2.7778584 2.9047675 2.1410791 2.1205050 1.9926784 2.6115618 
Tetrapisispora_blattae                      3.0821314 3.2269445 2.8385010 3.3224454 3.1306393 3.6062474 3.2730237 3.1130665 2.8897537 2.8451769 4.1982204 2.8158588 2.7226782 2.8067897 2.6594439 3.0073086 2.9487656 2.7005531 0.0000000 2.9238508 2.7212103 2.6816697 3.1732936 2.9172108 3.0846169 3.6311363 3.7300979 3.2414985 3.0510084 3.2164209 3.0797974 3.0252344 3.4007045 2.7219288 3.0928994 3.0267877 2.9719176 2.6858506 2.7789250 2.3516453 
Tetrapisispora_phaffii                      2.1239157 2.7513719 2.7034854 2.3164555 2.0345276 3.0283225 2.0531148 2.0543599 2.4204139 2.4669093 4.5407071 2.3995052 2.3039463 2.1473758 2.3982088 2.4656734 2.3146750 2.2201285 2.9238508 0.0000000 1.8055426 2.2243342 2.8166266 2.4271203 2.1409886 3.1661025 3.4505400 3.1203793 2.5003098 3.3015500 2.3530866 2.6023823 3.1195334 2.3804490 2.8209307 3.2745532 0.9529309 1.4153793 0.8681624 3.1899752 
Vanderwaltozyma_polyspora                   1.9472639 2.5676139 2.4081305 2.5366534 1.9532649 3.2306414 2.1405657 2.1199816 2.3793946 2.3877578 4.1334491 2.3034083 2.2968528 2.2374665 2.3634240 2.3001033 2.2502724 2.2063550 2.7212103 1.8055426 0.0000000 2.3164142 2.8834217 2.4946896 2.2271688 3.2154911 3.0962686 3.0047086 2.2385161 3.3126699 2.2122137 2.7770637 3.5196975 2.3141619 3.1890224 3.0317338 1.8449979 1.7190385 1.8180975 2.5260734 
yHAB132_Kazachstania_martiniae              2.3124241 2.3073532 1.9539845 2.5334510 2.1852087 3.1633598 2.2481883 2.1805267 2.6093590 2.2676767 4.0007725 2.0675722 2.4152796 2.1271748 2.2117671 2.3317273 2.2767257 2.1329562 2.6816697 2.2243342 2.3164142 0.0000000 2.8151090 1.9618708 1.9713387 2.9583742 3.1960843 2.6550765 2.0219711 3.0934814 1.9388778 2.3800405 2.9966458 1.7747811 2.7745373 2.7692461 2.4084487 2.3189879 2.3169000 2.6794107 
yHAB133_Kazachstania_unispora               3.0760260 2.7006895 2.8435528 2.7936001 2.9249287 3.1589058 2.9892845 2.9277322 2.9309370 3.1319864 4.2011399 2.7391095 2.8753520 2.7238293 2.7719487 3.0516268 2.9015932 2.7327910 3.1732936 2.8166266 2.8834217 2.8151090 0.0000000 2.8460605 2.8077477 1.0505707 3.4038527 3.0181975 2.8563974 2.9714950 3.0846699 2.4768002 0.7299258 2.7062168 0.6164331 2.8523702 2.8012791 2.6719924 2.9520006 3.1222593 
yHAB134_Kazachstania_turicensis             2.3158809 2.1980705 2.1237345 2.7848880 2.2522370 3.1516414 2.3139990 2.3424979 2.5703370 2.5126569 4.1346717 2.3539046 2.3429951 2.2113886 2.3282208 2.4569673 2.3165672 2.2579273 2.9172108 2.4271203 2.4946896 1.9618708 2.8460605 0.0000000 2.1429197 2.9531736 3.3891198 2.5957867 1.9070319 2.7129781 1.9097727 2.4230402 3.3094517 1.2304154 3.0446885 2.6288012 2.1641330 2.2936839 2.2636897 2.6149580 
yHAB136_Kazachstania_bromeliacearum         2.4456175 2.0608647 1.7977273 2.5787644 2.2525394 2.9886898 2.2248438 2.1730825 2.4288153 2.2805656 4.2081603 2.1123517 2.1335755 2.0464892 2.1534936 2.2223950 2.0814408 2.0191974 3.0846169 2.1409886 2.2271688 1.9713387 2.8077477 2.1429197 0.0000000 2.9491597 3.2054309 2.6935909 2.1143373 2.7577777 2.1520437 2.3242189 3.0115765 1.8421438 2.6923332 2.8412744 2.3857125 1.9780462 2.3149464 2.8986405 
yHAB143_Kazachstania_siamensis              3.2188324 3.1177585 3.3949387 3.2462633 3.5798789 3.3573292 3.3436025 3.1913727 2.9050515 3.3215395 4.6830594 2.7829010 2.8162147 2.6743329 2.7782291 3.0829564 2.8272604 2.6691763 3.6311363 3.1661025 3.2154911 2.9583742 1.0505707 2.9531736 2.9491597 0.0000000 3.8009274 3.4827514 2.8611808 3.3000589 3.3160952 2.8362573 1.1903381 2.8668121 1.1401917 3.0842912 3.1471279 3.0365232 3.2843136 3.4291459 
yHAB147_Kazachstania_taianensis             3.0802891 3.2682431 2.5482347 3.4873241 3.1201549 3.6763246 2.9271652 3.0610596 3.2978563 3.4142783 3.2853526 3.2016182 3.3096597 3.3534897 3.1173194 3.3711081 3.2787114 3.3410507 3.7300979 3.4505400 3.0962686 3.1960843 3.4038527 3.3891198 3.2054309 3.8009274 0.0000000 2.9450615 2.8992065 3.7586529 2.8893086 3.3372015 3.6803449 3.3196707 3.5706697 3.8015313 3.3875794 3.0404505 3.4783374 3.4936288 
yHAB148_Kazachstania_intestinalis           3.0672409 2.7524947 2.5690228 2.9211745 2.8314641 3.4749305 2.8632086 2.8624797 2.9822935 2.8389191 4.0926703 2.5890754 2.8176442 2.7855208 2.7766111 2.8131167 2.8445075 2.7792336 3.2414985 3.1203793 3.0047086 2.6550765 3.0181975 2.5957867 2.6935909 3.4827514 2.9450615 0.0000000 2.2205576 3.2570474 2.7686717 3.0620677 3.5210985 2.5732419 3.1994850 3.0511891 2.8977184 2.9030758 2.8021875 3.1347331 
yHAB153_Kazachstania_rosinii                2.2523226 2.2980622 2.0768571 2.3755052 2.0880536 2.9967810 2.0049524 2.0463656 2.4126957 2.3289505 3.8131968 2.1482617 2.0739591 2.0281254 2.0632879 2.1389179 2.0488753 2.0331059 3.0510084 2.5003098 2.2385161 2.0219711 2.8563974 1.9070319 2.1143373 2.8611808 2.8992065 2.2205576 0.0000000 2.7343784 1.7427606 2.1823710 3.3405881 1.8166880 3.1130806 2.7523321 2.3290200 2.2972634 2.2855946 2.6757863 
yHAB154_Kazachstania_transvaalensis         3.2400986 3.0687692 2.9691080 3.2848567 3.3610857 3.8144306 3.2530468 3.4079815 2.9402615 3.1245257 4.6925600 2.9664065 2.9871227 2.9411014 2.9072556 3.0349208 2.9262828 2.9897811 3.2164209 3.3015500 3.3126699 3.0934814 2.9714950 2.7129781 2.7577777 3.3000589 3.7586529 3.2570474 2.7343784 0.0000000 2.7085484 3.0897334 3.2533496 2.8298018 3.0901078 0.9294482 3.0153500 3.0028019 2.9803239 2.9378264 
yHAB155_Kazachstania_spencerorum            2.2281877 2.0611861 2.0122272 2.5536345 1.9661323 2.7635054 2.0479938 2.0765861 2.2312811 2.1831525 4.1939405 2.1649124 2.0958660 2.0652214 2.1631156 2.2407235 2.1152889 2.0831600 3.0797974 2.3530866 2.2122137 1.9388778 3.0846699 1.9097727 2.1520437 3.3160952 2.8893086 2.7686717 1.7427606 2.7085484 0.0000000 2.2497633 3.4548689 1.5701389 3.1684716 2.6318421 2.3307970 2.2860577 2.2551686 2.6501154 
yHAB158_Kazachstania_viticola               2.5729118 2.5827308 2.3828900 2.8373519 2.3903978 3.3952498 2.5085363 2.3635904 2.5906122 2.6503565 4.3193546 2.4299605 2.3962188 2.2738290 2.4967108 2.5797698 2.4147584 2.3430528 3.0252344 2.6023823 2.7770637 2.3800405 2.4768002 2.4230402 2.3242189 2.8362573 3.3372015 3.0620677 2.1823710 3.0897334 2.2497633 0.0000000 2.9917457 2.1981914 2.7748428 3.0095485 2.5370437 2.4991523 2.6501902 3.0062907 
yHAB159_Kazachstania_solicola               3.4685733 2.8401960 3.1416232 2.9978998 3.3064127 3.5355713 3.3485350 3.2757388 3.0688968 3.3487949 4.5161086 2.9566371 3.1635159 2.9404630 2.8624024 3.0591784 3.0797487 2.9982951 3.4007045 3.1195334 3.5196975 2.9966458 0.7299258 3.3094517 3.0115765 1.1903381 3.6803449 3.5210985 3.3405881 3.2533496 3.4548689 2.9917457 0.0000000 2.9695750 0.3011964 3.3970366 3.0292190 3.1234411 3.3063148 3.5398341 
yHAB160_Kazachstania_kunashirensis          2.3105054 2.2301212 2.0778522 2.4737726 1.9988183 3.1865062 2.0357105 1.9884395 2.4011734 2.4055868 4.0119048 2.0869462 2.1271379 2.0792357 2.1075400 2.2327929 2.1372783 2.0770848 2.7219288 2.3804490 2.3141619 1.7747811 2.7062168 1.2304154 1.8421438 2.8668121 3.3196707 2.5732419 1.8166880 2.8298018 1.5701389 2.1981914 2.9695750 0.0000000 2.7764727 2.4793115 2.2475665 2.1958123 2.1694551 2.4535928 
yHAB164_Kazachstania_aerobia                3.3017393 2.6819018 2.8693119 2.8581573 3.1668555 3.3841170 3.1725108 3.1685635 2.8113029 3.2123442 4.5006869 2.7518473 2.9126729 2.6800868 2.7471530 2.9054896 2.8577806 2.7778584 3.0928994 2.8209307 3.1890224 2.7745373 0.6164331 3.0446885 2.6923332 1.1401917 3.5706697 3.1994850 3.1130806 3.0901078 3.1684716 2.7748428 0.3011964 2.7764727 0.0000000 3.2722998 2.8297333 2.7776354 3.0336255 3.3034066 
yHAB166_Kazachstania_yakushimaensis         3.0069202 2.8981780 2.7127613 3.0929150 3.1637276 3.6560099 2.9538077 3.1030941 2.8115194 3.0298087 4.4170307 3.1159180 2.8627640 2.9054883 2.8392938 3.0036430 2.8127569 2.9047675 3.0267877 3.2745532 3.0317338 2.7692461 2.8523702 2.6288012 2.8412744 3.0842912 3.8015313 3.0511891 2.7523321 0.9294482 2.6318421 3.0095485 3.3970366 2.4793115 3.2722998 0.0000000 2.9600828 2.8865403 2.9112500 2.7168312 
yHMPu5000034875_Tetrapisispora_fleetii      1.9781874 2.6210804 2.4951503 2.2210155 1.8897593 3.0474451 1.7993974 1.8990258 2.3773140 2.4940939 4.4520808 2.2592367 2.2926756 2.0686814 2.2162780 2.2610487 2.2316806 2.1410791 2.9719176 0.9529309 1.8449979 2.4084487 2.8012791 2.1641330 2.3857125 3.1471279 3.3875794 2.8977184 2.3290200 3.0153500 2.3307970 2.5370437 3.0292190 2.2475665 2.8297333 2.9600828 0.0000000 1.4475540 0.5000826 2.9328653 
yHMPu5000034876_Tetrapisispora_iriomotensis 1.9814544 2.3093104 2.3250293 2.4949691 1.9520538 2.8883982 1.9401615 1.9681672 2.0512223 2.3773334 4.1635962 2.1893353 2.1977237 2.0510539 2.1705389 2.2299241 2.2028638 2.1205050 2.6858506 1.4153793 1.7190385 2.3189879 2.6719924 2.2936839 1.9780462 3.0365232 3.0404505 2.9030758 2.2972634 3.0028019 2.2860577 2.4991523 3.1234411 2.1958123 2.7776354 2.8865403 1.4475540 0.0000000 1.3490630 2.6915615 
yHMPu5000034877_Tetrapisispora_namnaonensis 1.9932197 2.5886836 2.5338109 2.2522625 1.9029097 2.8866496 1.7633600 1.7996307 2.4222958 2.3029886 4.5629534 2.0989704 2.1385910 1.9275315 2.1393238 2.2000355 2.0949540 1.9926784 2.7789250 0.8681624 1.8180975 2.3169000 2.9520006 2.2636897 2.3149464 3.2843136 3.4783374 2.8021875 2.2855946 2.9803239 2.2551686 2.6501902 3.3063148 2.1694551 3.0336255 2.9112500 0.5000826 1.3490630 0.0000000 2.8221383 
yHMPu5000035629_Yueomyces_sinensis          2.7994949 2.9339035 2.7327311 3.1964208 2.7441522 3.3747676 2.8787163 2.7854760 2.5335185 2.4532089 4.6063886 2.4177183 2.5145639 2.5723169 2.5423819 2.6573606 2.6038696 2.6115618 2.3516453 3.1899752 2.5260734 2.6794107 3.1222593 2.6149580 2.8986405 3.4291459 3.4936288 3.1347331 2.6757863 2.9378264 2.6501154 3.0062907 3.5398341 2.4535928 3.3034066 2.7168312 2.9328653 2.6915615 2.8221383 0.0000000 
