40
Candida_glabrata                            0.0000000 1.4350615 1.3769058 1.3698407 0.9887950 1.4471273 1.0218922 1.0620320 1.2875470 1.3496471 3.2621401 1.2259841 1.2324233 1.2483911 1.2075059 1.2434443 1.2569590 1.2604046 1.5185155 1.5296440 1.5547795 1.3953292 1.2420183 1.2980046 1.2250194 1.4001086 1.3855546 1.5858586 1.3228594 1.3697327 1.2746338 1.3754139 1.2282917 1.3673893 1.2590220 1.2627239 1.4855855 1.5488083 1.5019045 1.6905454 
Kazachstania_africana                       1.4350615 0.0000000 1.3737998 1.3316957 1.4808272 1.7590813 1.5873925 1.5141420 1.2972633 1.3240112 3.5152133 1.3011617 1.2715022 1.3047216 1.2583006 1.2748264 1.2532222 1.3019301 1.3918888 1.3845005 1.4897676 1.4094641 1.2933547 1.3402951 1.1228646 1.2830843 1.1782389 1.5503425 1.2210671 1.4072011 1.2403677 1.4047096 1.2806809 1.2109918 1.2123608 1.2802926 1.4254891 1.4079198 1.4449551 1.7101621 
Kazachstania_naganishii                     1.3769058 1.3737998 0.0000000 1.2911170 1.4068070 1.5622819 1.4797612 1.4308428 1.3223196 1.3537885 3.3697470 1.3090223 1.2520965 1.3174080 1.2776424 1.2465124 1.1960378 1.3216155 1.3682215 1.4288233 1.4441611 1.2471470 1.2371051 1.2788467 0.9498073 1.0607343 1.0367919 1.4226190 1.2191384 1.1093864 1.1170319 1.2100035 1.2082473 1.3073985 1.2404953 1.0848242 1.4385579 1.5981546 1.4768634 1.8721713 
Nakaseomyces_bacillisporus                  1.3698407 1.3316957 1.2911170 0.0000000 1.4629735 1.4850199 1.5794439 1.4879369 1.2870950 1.1591955 3.2689556 1.3033084 1.2239811 1.3345616 1.2595102 1.2199664 1.2516740 1.3012097 1.4729129 1.3989147 1.4473309 1.3735786 1.2810355 1.2232502 1.1138636 1.2796426 1.1224140 1.3131987 1.1642639 1.3239497 1.3268475 1.4185229 1.2530135 1.2488316 1.2736894 1.3028644 1.3959638 1.4942636 1.4503840 1.6712694 
Nakaseomyces_bracarensis                    0.9887950 1.4808272 1.4068070 1.4629735 0.0000000 1.6436821 0.6921497 0.6401188 1.3480808 1.4475918 3.2184383 1.3165670 1.2887701 1.3257370 1.3102347 1.3036364 1.3582029 1.3152560 1.4217552 1.6780638 1.6294512 1.5024298 1.1693949 1.3401818 1.2055711 1.3127916 1.5058056 1.6469495 1.3763497 1.4746118 1.2427870 1.5204709 1.2233220 1.5449987 1.2166326 1.4025957 1.6084563 1.6060354 1.5608578 1.7478601 
Nakaseomyces_castellii                      1.4471273 1.7590813 1.5622819 1.4850199 1.6436821 0.0000000 1.6679268 1.5815493 1.4958497 1.3732747 3.3860605 1.4366718 1.3746045 1.4548709 1.4354082 1.4301291 1.3637386 1.4247816 1.7442248 1.5908041 1.6239824 1.5793273 1.5320936 1.3673393 1.4260521 1.5100834 1.4523315 1.7331738 1.5605503 1.6450569 1.4637717 1.5779335 1.4503122 1.4968760 1.4587364 1.5383097 1.6155214 1.5316995 1.5300119 2.0113987 
Nakaseomyces_delphensis                     1.0218922 1.5873925 1.4797612 1.5794439 0.6921497 1.6679268 0.0000000 0.5384355 1.3475732 1.4391234 3.2015862 1.4239774 1.4647563 1.3925994 1.4655437 1.4958005 1.4346457 1.3747519 1.5806952 1.7772954 1.6206234 1.6126096 1.2428250 1.3848683 1.3895696 1.3282474 1.5666668 1.6942758 1.4537562 1.4484244 1.4663895 1.4895296 1.3313605 1.5831290 1.3759022 1.3285374 1.6703911 1.6217078 1.5977584 1.7866512 
Nakaseomyces_nivariensis                    1.0620320 1.5141420 1.4308428 1.4879369 0.6401188 1.5815493 0.5384355 0.0000000 1.3141580 1.3990149 3.3524988 1.4695843 1.4429592 1.4420350 1.4580255 1.4215866 1.4803325 1.4357703 1.5484145 1.6682510 1.5371132 1.4979584 1.2732214 1.4133312 1.2399329 1.3361776 1.4554854 1.7040310 1.3361554 1.3951913 1.4090432 1.4673280 1.2564097 1.4655942 1.2136928 1.3128183 1.5739230 1.5960457 1.5335032 1.8018665 
Naumovozyma_castellii                       1.2875470 1.2972633 1.3223196 1.2870950 1.3480808 1.4958497 1.3475732 1.3141580 0.0000000 0.9477564 3.1984320 1.0403376 1.1028092 1.0177580 1.0095153 1.0175377 1.0388490 1.0033895 1.2924982 1.3259916 1.2527962 1.3394441 1.2346128 1.1594340 1.1235834 1.1960032 1.2714615 1.4045586 1.1704888 1.2135974 1.1411169 1.3691742 1.2162583 1.1201885 1.1934271 1.1976626 1.2707711 1.3160325 1.2537153 1.5978154 
Naumovozyma_dairenensis                     1.3496471 1.3240112 1.3537885 1.1591955 1.4475918 1.3732747 1.4391234 1.3990149 0.9477564 0.0000000 3.0140124 1.0361151 1.0951057 1.1594052 1.1020007 1.0767601 1.1039960 1.1433905 1.4270362 1.1756632 1.3134865 1.2404990 1.1317245 1.0920571 1.1391202 1.1988135 1.3356176 1.2820276 1.0342976 1.3008737 1.1311722 1.2863316 1.2259949 1.0733205 1.1528729 1.2633237 1.2629916 1.2543549 1.2320842 1.5205298 
Neurospora_crassa                           3.2621401 3.5152133 3.3697470 3.2689556 3.2184383 3.3860605 3.2015862 3.3524988 3.1984320 3.0140124 0.0000000 2.8554287 2.9695303 2.8184497 2.9080650 2.9529590 2.8558378 2.8875093 3.4432867 3.2395164 3.4231288 3.2758515 2.9567788 3.3747492 3.3675151 3.0365889 3.1389219 3.2900395 3.0252645 3.3982333 3.0560350 3.2244907 2.9871692 3.3173281 3.2211979 3.4263190 3.3080860 3.2278827 3.2714109 3.5064822 
Saccharomyces_arboricola                    1.2259841 1.3011617 1.3090223 1.3033084 1.3165670 1.4366718 1.4239774 1.4695843 1.0403376 1.0361151 2.8554287 0.0000000 0.3628611 0.3014793 0.2925708 0.3510505 0.3487902 0.3272058 1.2565758 1.3432597 1.2562443 1.3875514 1.0642878 1.1632460 1.1600635 1.1560060 1.2764808 1.2857840 1.1181546 1.3460669 0.9841941 1.1158840 1.2423594 1.1623464 1.1908697 1.2047056 1.4160331 1.3448165 1.4325868 1.5591283 
Saccharomyces_cerevisiae                    1.2324233 1.2715022 1.2520965 1.2239811 1.2887701 1.3746045 1.4647563 1.4429592 1.1028092 1.0951057 2.9695303 0.3628611 0.0000000 0.3988934 0.3511743 0.3206241 0.1642341 0.3949769 1.2240694 1.4014684 1.2843417 1.3081834 1.1484809 1.1136857 1.1656404 1.1480956 1.2135855 1.2260820 1.1033314 1.3585565 1.0428139 1.1726702 1.2389571 1.2342177 1.2022393 1.2697151 1.4673016 1.3634506 1.4638274 1.5531763 
Saccharomyces_eubayanus                     1.2483911 1.3047216 1.3174080 1.3345616 1.3257370 1.4548709 1.3925994 1.4420350 1.0177580 1.1594052 2.8184497 0.3014793 0.3988934 0.0000000 0.3170321 0.3855747 0.3665442 0.0876319 1.2530548 1.3827076 1.3235498 1.3752437 1.0660243 1.1222500 1.1738330 1.1982624 1.2367424 1.2701465 1.0579773 1.4158608 0.9515449 1.1856073 1.2836658 1.1963267 1.2471099 1.2862490 1.4604203 1.3294737 1.4377685 1.5721527 
Saccharomyces_kudriavzevii                  1.2075059 1.2583006 1.2776424 1.2595102 1.3102347 1.4354082 1.4655437 1.4580255 1.0095153 1.1020007 2.9080650 0.2925708 0.3511743 0.3170321 0.0000000 0.3495148 0.3313400 0.3153464 1.2804102 1.4004327 1.3153462 1.3835578 1.1110707 1.1159010 1.1669168 1.1310610 1.2553359 1.3327487 1.1400005 1.4036067 0.9917019 1.2395792 1.3052870 1.1908006 1.2691109 1.2995021 1.3878740 1.3344966 1.4768411 1.5436126 
Saccharomyces_mikatae                       1.2434443 1.2748264 1.2465124 1.2199664 1.3036364 1.4301291 1.4958005 1.4215866 1.0175377 1.0767601 2.9529590 0.3510505 0.3206241 0.3855747 0.3495148 0.0000000 0.2603855 0.3783968 1.2347532 1.4385084 1.2973091 1.2780046 1.0867472 1.0907330 1.1156264 1.1464144 1.1892741 1.2415424 1.0811789 1.2984734 0.9765073 1.1595968 1.2124563 1.0717512 1.1642400 1.2793233 1.4477226 1.3135340 1.4506607 1.5641160 
Saccharomyces_paradoxus                     1.2569590 1.2532222 1.1960378 1.2516740 1.3582029 1.3637386 1.4346457 1.4803325 1.0388490 1.1039960 2.8558378 0.3487902 0.1642341 0.3665442 0.3313400 0.2603855 0.0000000 0.3737730 1.2228127 1.3921071 1.2574098 1.3326875 1.1264411 1.1011508 1.1245757 1.1328195 1.2333584 1.2512780 1.1253705 1.3500237 1.0608754 1.1500902 1.2555691 1.1761166 1.2388639 1.2779484 1.4147716 1.4248949 1.4397331 1.5375791 
Saccharomyces_uvarum                        1.2604046 1.3019301 1.3216155 1.3012097 1.3152560 1.4247816 1.3747519 1.4357703 1.0033895 1.1433905 2.8875093 0.3272058 0.3949769 0.0876319 0.3153464 0.3783968 0.3737730 0.0000000 1.3008541 1.3848972 1.3212784 1.3557340 1.0743680 1.1312470 1.2232029 1.2049327 1.2519073 1.2784483 1.1452971 1.4426919 1.0147988 1.2132738 1.3005419 1.2162392 1.2847354 1.3027166 1.4370218 1.3211926 1.4484561 1.5795134 
Tetrapisispora_blattae                      1.5185155 1.3918888 1.3682215 1.4729129 1.4217552 1.7442248 1.5806952 1.5484145 1.2924982 1.4270362 3.4432867 1.2565758 1.2240694 1.2530548 1.2804102 1.2347532 1.2228127 1.3008541 0.0000000 1.4737907 1.4364146 1.4963725 1.3359611 1.2641811 1.2957252 1.3845933 1.4665599 1.4905498 1.2950233 1.3317779 1.1881192 1.3666059 1.5238059 1.3286360 1.4529679 1.3016703 1.4061927 1.3422114 1.4437117 1.0946875 
Tetrapisispora_phaffii                      1.5296440 1.3845005 1.4288233 1.3989147 1.6780638 1.5908041 1.7772954 1.6682510 1.3259916 1.1756632 3.2395164 1.3432597 1.4014684 1.3827076 1.4004327 1.4385084 1.3921071 1.3848972 1.4737907 0.0000000 1.1497429 1.3642704 1.5049138 1.3453259 1.3036637 1.6235175 1.4237603 1.4361137 1.2237666 1.4193075 1.2728583 1.5435862 1.4049479 1.3379203 1.4180597 1.3678489 0.5107553 0.7039802 0.5364665 1.5907535 
Vanderwaltozyma_polyspora                   1.5547795 1.4897676 1.4441611 1.4473309 1.6294512 1.6239824 1.6206234 1.5371132 1.2527962 1.3134865 3.4231288 1.2562443 1.2843417 1.3235498 1.3153462 1.2973091 1.2574098 1.3212784 1.4364146 1.1497429 0.0000000 1.3792851 1.2777380 1.4225179 1.2361896 1.3956903 1.5719776 1.4419245 1.2731924 1.4636356 1.2870152 1.4948161 1.3266477 1.3254020 1.3053243 1.4300391 1.0664959 1.0990417 1.1243671 1.5112593 
yHAB132_Kazachstania_martiniae              1.3953292 1.4094641 1.2471470 1.3735786 1.5024298 1.5793273 1.6126096 1.4979584 1.3394441 1.2404990 3.2758515 1.3875514 1.3081834 1.3752437 1.3835578 1.2780046 1.3326875 1.3557340 1.4963725 1.3642704 1.3792851 0.0000000 1.2244610 1.1804473 1.1375669 1.2274089 1.2250494 1.3140449 1.2362111 1.2156139 1.1171553 1.4087889 1.1996525 1.1435509 1.1413164 1.1781475 1.2687855 1.4015724 1.2921704 1.6270494 
yHAB133_Kazachstania_unispora               1.2420183 1.2933547 1.2371051 1.2810355 1.1693949 1.5320936 1.2428250 1.2732214 1.2346128 1.1317245 2.9567788 1.0642878 1.1484809 1.0660243 1.1110707 1.0867472 1.1264411 1.0743680 1.3359611 1.5049138 1.2777380 1.2244610 0.0000000 1.1477517 0.8719951 0.5054652 0.9770355 1.3301979 1.1120318 1.0243460 1.0644495 1.1806635 0.4404609 1.1922823 0.4100441 0.9201513 1.3887321 1.2916367 1.4600087 1.5138556 
yHAB134_Kazachstania_turicensis             1.2980046 1.3402951 1.2788467 1.2232502 1.3401818 1.3673393 1.3848683 1.4133312 1.1594340 1.0920571 3.3747492 1.1632460 1.1136857 1.1222500 1.1159010 1.0907330 1.1011508 1.1312470 1.2641811 1.3453259 1.4225179 1.1804473 1.1477517 0.0000000 0.9938696 1.1082842 1.1544982 1.2425587 1.0014386 1.1308151 0.9632296 1.1793450 1.1711879 0.8210055 1.1409637 1.1442296 1.2845001 1.2238918 1.2844763 1.5272255 
yHAB136_Kazachstania_bromeliacearum         1.2250194 1.1228646 0.9498073 1.1138636 1.2055711 1.4260521 1.3895696 1.2399329 1.1235834 1.1391202 3.3675151 1.1600635 1.1656404 1.1738330 1.1669168 1.1156264 1.1245757 1.2232029 1.2957252 1.3036637 1.2361896 1.1375669 0.8719951 0.9938696 0.0000000 0.8159811 0.8651359 1.2178576 0.9999479 1.0518297 0.9331472 1.1229330 0.8009395 1.1311417 0.8191066 0.9899579 1.2864768 1.2248500 1.2266594 1.6082734 
yHAB143_Kazachstania_siamensis              1.4001086 1.2830843 1.0607343 1.2796426 1.3127916 1.5100834 1.3282474 1.3361776 1.1960032 1.1988135 3.0365889 1.1560060 1.1480956 1.1982624 1.1310610 1.1464144 1.1328195 1.2049327 1.3845933 1.6235175 1.3956903 1.2274089 0.5054652 1.1082842 0.8159811 0.0000000 0.9505314 1.3504058 1.1586792 1.0024590 1.1285083 1.1502325 0.5853573 1.1773843 0.5636279 0.9115225 1.4885707 1.2932319 1.4209146 1.6091194 
yHAB147_Kazachstania_taianensis             1.3855546 1.1782389 1.0367919 1.1224140 1.5058056 1.4523315 1.5666668 1.4554854 1.2714615 1.3356176 3.1389219 1.2764808 1.2135855 1.2367424 1.2553359 1.1892741 1.2333584 1.2519073 1.4665599 1.4237603 1.5719776 1.2250494 0.9770355 1.1544982 0.8651359 0.9505314 0.0000000 1.3391743 1.1925283 1.0700883 1.1287569 1.3680217 1.0088394 1.2642108 0.9482493 1.0166739 1.3791242 1.3594951 1.4006055 1.8565133 
yHAB148_Kazachstania_intestinalis           1.5858586 1.5503425 1.4226190 1.3131987 1.6469495 1.7331738 1.6942758 1.7040310 1.4045586 1.2820276 3.2900395 1.2857840 1.2260820 1.2701465 1.3327487 1.2415424 1.2512780 1.2784483 1.4905498 1.4361137 1.4419245 1.3140449 1.3301979 1.2425587 1.2178576 1.3504058 1.3391743 0.0000000 1.3357712 1.4572710 1.2798130 1.3347457 1.3380594 1.3059221 1.3892341 1.3701107 1.4877529 1.4179458 1.5047368 1.6513014 
yHAB153_Kazachstania_rosinii                1.3228594 1.2210671 1.2191384 1.1642639 1.3763497 1.5605503 1.4537562 1.3361554 1.1704888 1.0342976 3.0252645 1.1181546 1.1033314 1.0579773 1.1400005 1.0811789 1.1253705 1.1452971 1.2950233 1.2237666 1.2731924 1.2362111 1.1120318 1.0014386 0.9999479 1.1586792 1.1925283 1.3357712 0.0000000 1.2281507 0.8470107 1.1088354 1.0649599 0.9432541 1.0955862 1.1784339 1.2129780 1.2409001 1.2562302 1.7026117 
yHAB154_Kazachstania_transvaalensis         1.3697327 1.4072011 1.1093864 1.3239497 1.4746118 1.6450569 1.4484244 1.3951913 1.2135974 1.3008737 3.3982333 1.3460669 1.3585565 1.4158608 1.4036067 1.2984734 1.3500237 1.4426919 1.3317779 1.4193075 1.4636356 1.2156139 1.0243460 1.1308151 1.0518297 1.0024590 1.0700883 1.4572710 1.2281507 0.0000000 1.1240367 1.3643021 1.0053822 1.1597656 0.9997692 0.3884974 1.3501556 1.2267254 1.3303945 1.4938719 
yHAB155_Kazachstania_spencerorum            1.2746338 1.2403677 1.1170319 1.3268475 1.2427870 1.4637717 1.4663895 1.4090432 1.1411169 1.1311722 3.0560350 0.9841941 1.0428139 0.9515449 0.9917019 0.9765073 1.0608754 1.0147988 1.1881192 1.2728583 1.2870152 1.1171553 1.0644495 0.9632296 0.9331472 1.1285083 1.1287569 1.2798130 0.8470107 1.1240367 0.0000000 1.1535582 0.9924340 0.9359013 1.0374084 1.1095076 1.2708715 1.2032432 1.2882528 1.4375459 
yHAB158_Kazachstania_viticola               1.3754139 1.4047096 1.2100035 1.4185229 1.5204709 1.5779335 1.4895296 1.4673280 1.3691742 1.2863316 3.2244907 1.1158840 1.1726702 1.1856073 1.2395792 1.1595968 1.1500902 1.2132738 1.3666059 1.5435862 1.4948161 1.4087889 1.1806635 1.1793450 1.1229330 1.1502325 1.3680217 1.3347457 1.1088354 1.3643021 1.1535582 0.0000000 1.2178133 1.3059383 1.2471639 1.3362098 1.5793082 1.4775379 1.4758206 1.7457081 
yHAB159_Kazachstania_solicola               1.2282917 1.2806809 1.2082473 1.2530135 1.2233220 1.4503122 1.3313605 1.2564097 1.2162583 1.2259949 2.9871692 1.2423594 1.2389571 1.2836658 1.3052870 1.2124563 1.2555691 1.3005419 1.5238059 1.4049479 1.3266477 1.1996525 0.4404609 1.1711879 0.8009395 0.5853573 1.0088394 1.3380594 1.0649599 1.0053822 0.9924340 1.2178133 0.0000000 1.1965809 0.1503870 0.9664326 1.3243909 1.3215335 1.3199047 1.7358058 
yHAB160_Kazachstania_kunashirensis          1.3673893 1.2109918 1.3073985 1.2488316 1.5449987 1.4968760 1.5831290 1.4655942 1.1201885 1.0733205 3.3173281 1.1623464 1.2342177 1.1963267 1.1908006 1.0717512 1.1761166 1.2162392 1.3286360 1.3379203 1.3254020 1.1435509 1.1922823 0.8210055 1.1311417 1.1773843 1.2642108 1.3059221 0.9432541 1.1597656 0.9359013 1.3059383 1.1965809 0.0000000 1.2044076 1.0518858 1.3014730 1.2350046 1.2973353 1.4371789 
yHAB164_Kazachstania_aerobia                1.2590220 1.2123608 1.2404953 1.2736894 1.2166326 1.4587364 1.3759022 1.2136928 1.1934271 1.1528729 3.2211979 1.1908697 1.2022393 1.2471099 1.2691109 1.1642400 1.2388639 1.2847354 1.4529679 1.4180597 1.3053243 1.1413164 0.4100441 1.1409637 0.8191066 0.5636279 0.9482493 1.3892341 1.0955862 0.9997692 1.0374084 1.2471639 0.1503870 1.2044076 0.0000000 0.9470716 1.3458793 1.2980819 1.3707626 1.6453529 
yHAB166_Kazachstania_yakushimaensis         1.2627239 1.2802926 1.0848242 1.3028644 1.4025957 1.5383097 1.3285374 1.3128183 1.1976626 1.2633237 3.4263190 1.2047056 1.2697151 1.2862490 1.2995021 1.2793233 1.2779484 1.3027166 1.3016703 1.3678489 1.4300391 1.1781475 0.9201513 1.1442296 0.9899579 0.9115225 1.0166739 1.3701107 1.1784339 0.3884974 1.1095076 1.3362098 0.9664326 1.0518858 0.9470716 0.0000000 1.3656202 1.2564152 1.3522973 1.3170413 
yHMPu5000034875_Tetrapisispora_fleetii      1.4855855 1.4254891 1.4385579 1.3959638 1.6084563 1.6155214 1.6703911 1.5739230 1.2707711 1.2629916 3.3080860 1.4160331 1.4673016 1.4604203 1.3878740 1.4477226 1.4147716 1.4370218 1.4061927 0.5107553 1.0664959 1.2687855 1.3887321 1.2845001 1.2864768 1.4885707 1.3791242 1.4877529 1.2129780 1.3501556 1.2708715 1.5793082 1.3243909 1.3014730 1.3458793 1.3656202 0.0000000 0.7638392 0.2854635 1.5136946 
yHMPu5000034876_Tetrapisispora_iriomotensis 1.5488083 1.4079198 1.5981546 1.4942636 1.6060354 1.5316995 1.6217078 1.5960457 1.3160325 1.2543549 3.2278827 1.3448165 1.3634506 1.3294737 1.3344966 1.3135340 1.4248949 1.3211926 1.3422114 0.7039802 1.0990417 1.4015724 1.2916367 1.2238918 1.2248500 1.2932319 1.3594951 1.4179458 1.2409001 1.2267254 1.2032432 1.4775379 1.3215335 1.2350046 1.2980819 1.2564152 0.7638392 0.0000000 0.6933276 1.4334741 
yHMPu5000034877_Tetrapisispora_namnaonensis 1.5019045 1.4449551 1.4768634 1.4503840 1.5608578 1.5300119 1.5977584 1.5335032 1.2537153 1.2320842 3.2714109 1.4325868 1.4638274 1.4377685 1.4768411 1.4506607 1.4397331 1.4484561 1.4437117 0.5364665 1.1243671 1.2921704 1.4600087 1.2844763 1.2266594 1.4209146 1.4006055 1.5047368 1.2562302 1.3303945 1.2882528 1.4758206 1.3199047 1.2973353 1.3707626 1.3522973 0.2854635 0.6933276 0.0000000 1.5402120 
yHMPu5000035629_Yueomyces_sinensis          1.6905454 1.7101621 1.8721713 1.6712694 1.7478601 2.0113987 1.7866512 1.8018665 1.5978154 1.5205298 3.5064822 1.5591283 1.5531763 1.5721527 1.5436126 1.5641160 1.5375791 1.5795134 1.0946875 1.5907535 1.5112593 1.6270494 1.5138556 1.5272255 1.6082734 1.6091194 1.8565133 1.6513014 1.7026117 1.4938719 1.4375459 1.7457081 1.7358058 1.4371789 1.6453529 1.3170413 1.5136946 1.4334741 1.5402120 0.0000000 
