40
Candida_glabrata                            0.0000000 2.1947713 1.8494941 2.0774605 1.0941678 2.4995115 0.9650640 0.9573017 1.8481898 2.0889970 5.0334476 1.9634706 1.9607040 1.8554947 2.0496720 1.8937594 1.9534246 1.8877463 2.3168381 2.1994884 2.1164851 2.0757317 1.8915755 2.0845498 1.8146735 1.9453765 2.0214691 2.1781815 1.8482194 1.7821316 1.8921920 2.2149221 1.9902710 1.7510717 1.9602707 1.9420701 2.2958008 2.2512207 2.3113064 2.2858650 
Kazachstania_africana                       2.1947713 0.0000000 1.6889175 2.2946786 2.0429343 2.4367881 2.1138960 1.9461869 1.7949364 1.6737173 5.2632055 1.8066552 1.8078515 1.8053335 1.9094645 1.8931364 1.7702485 1.7821404 2.0945371 2.1367768 1.9200949 1.5714597 1.7312966 1.7721248 1.6334367 1.6005574 1.8549826 2.1579749 1.6860647 1.7840530 1.8362426 1.9282689 1.8147824 1.6743105 1.7609780 1.8193552 2.2911113 2.2740544 2.3560892 2.3905892 
Kazachstania_naganishii                     1.8494941 1.6889175 0.0000000 2.1391491 1.9588232 2.1699147 1.8609288 1.8123809 1.4190476 1.6484807 4.7364497 1.5831061 1.6154983 1.5757511 1.5850213 1.6357205 1.6119961 1.5960078 2.0605572 2.0246006 1.7466733 1.3467227 1.2391124 1.6272297 1.1658166 1.1510896 1.3070052 1.7227797 1.6659414 1.3612876 1.5329015 1.8550878 1.4259021 1.4700726 1.3387548 1.4435639 2.1451619 2.0194166 2.2912500 2.3489363 
Nakaseomyces_bacillisporus                  2.0774605 2.2946786 2.1391491 0.0000000 2.3488573 1.9126435 2.2088992 2.2410879 1.9780535 2.0147329 4.9501120 1.8552149 1.9005111 1.8258274 1.9549926 1.7916478 1.8090363 1.8979604 2.2390059 2.1755682 2.2504390 2.0160883 1.8768317 2.0622660 2.0286633 1.9750973 2.1009106 2.1375863 1.9662027 2.1659088 2.0701681 2.0301631 1.9671796 1.9641977 1.9061926 2.2937921 2.1824895 2.1179624 2.2155077 2.1768000 
Nakaseomyces_bracarensis                    1.0941678 2.0429343 1.9588232 2.3488573 0.0000000 2.1339561 0.6960833 0.6514743 1.8367322 1.9967982 4.6614327 1.9277008 2.0497452 1.9955123 1.9489027 2.0589003 2.0880953 2.0411976 2.4302660 2.2847672 2.1650969 1.8254008 2.0301352 1.9038799 1.8847694 2.0402388 1.9669894 2.4019018 1.8249830 1.8934757 1.8828222 2.1322276 2.0519814 1.8981142 2.0833240 2.0143837 2.3289156 2.1728780 2.2622852 2.3459066 
Nakaseomyces_castellii                      2.4995115 2.4367881 2.1699147 1.9126435 2.1339561 0.0000000 2.3493014 2.4435499 2.2877071 2.2376550 4.4131525 2.0833520 2.0063615 2.1253353 2.0988181 2.1005079 2.0914769 2.2294446 2.4053867 2.3510623 2.5084735 2.0183357 2.0804941 2.0446319 2.1205417 2.0410482 2.1065867 2.1811613 2.1711652 2.1253715 2.0131156 2.3322383 2.1475425 1.7737706 2.1764605 2.3665118 2.5396335 2.2510293 2.5932547 2.5835508 
Nakaseomyces_delphensis                     0.9650640 2.1138960 1.8609288 2.2088992 0.6960833 2.3493014 0.0000000 0.5510813 1.7596213 2.0585261 5.2993216 1.9973547 2.0201283 1.9064223 1.9373423 1.8982976 2.0485397 1.9696686 2.4654601 2.0588872 2.0184878 1.8596152 1.9805147 1.9454067 1.7484204 1.8278409 1.9134398 2.3434796 1.8485434 2.0466953 1.9275515 2.1749433 1.9347036 1.8677521 1.9748608 2.0181724 2.2427468 2.1811234 2.2579558 2.2862461 
Nakaseomyces_nivariensis                    0.9573017 1.9461869 1.8123809 2.2410879 0.6514743 2.4435499 0.5510813 0.0000000 1.7418134 1.9408436 5.5855685 1.8748100 1.9116381 1.8398501 1.8770687 1.8239691 1.8626145 1.8360162 2.2125182 2.1171331 1.9406809 1.8665014 2.0693528 2.0098874 1.8552789 1.8791377 2.1122173 2.1782276 1.7267867 1.9439005 1.8761608 2.0288289 1.9841312 1.8590877 2.0581531 1.9486629 2.2239913 2.1779089 2.2302876 2.3325161 
Naumovozyma_castellii                       1.8481898 1.7949364 1.4190476 1.9780535 1.8367322 2.2877071 1.7596213 1.7418134 0.0000000 0.9248562 5.3235134 1.5279250 1.5140338 1.5065233 1.4414594 1.5146721 1.5382694 1.5180770 2.0311137 1.8666574 1.5647881 1.2085673 1.3507394 1.6224264 1.4113069 1.3456890 1.4514409 1.9163828 1.3620688 1.6061174 1.2234608 1.7988002 1.4677761 1.5565598 1.4664826 1.6664850 2.0745209 1.8045752 2.1427906 2.1833983 
Naumovozyma_dairenensis                     2.0889970 1.6737173 1.6484807 2.0147329 1.9967982 2.2376550 2.0585261 1.9408436 0.9248562 0.0000000 5.4852443 1.6217312 1.5595731 1.5542880 1.6037284 1.5522694 1.5342669 1.6063031 1.9367112 1.8772519 1.6225236 1.3208832 1.4059399 1.6279533 1.5491882 1.2591322 1.5655841 1.9103335 1.3647738 1.7255410 1.3197287 1.8394476 1.4890851 1.5869321 1.4894321 1.7118592 2.0025792 2.0208042 2.1814479 2.2810468 
Neurospora_crassa                           5.0334476 5.2632055 4.7364497 4.9501120 4.6614327 4.4131525 5.2993216 5.5855685 5.3235134 5.4852443 0.0000000 5.4251426 5.3667498 4.7530140 5.1990342 5.2554402 5.3664218 5.1483419 5.1948331 5.0722076 5.3645823 5.4795909 5.2597997 5.0975225 4.8033150 5.5756370 5.2700440 4.7140507 5.3426660 4.6260380 5.4107300 6.0843717 5.3861476 4.9160693 5.2543626 5.2624615 5.8216880 5.5531116 5.4653462 5.1041392 
Saccharomyces_arboricola                    1.9634706 1.8066552 1.5831061 1.8552149 1.9277008 2.0833520 1.9973547 1.8748100 1.5279250 1.6217312 5.4251426 0.0000000 0.4308707 0.3809950 0.4009668 0.3764614 0.4081475 0.3820361 2.1442343 2.0257009 1.6344453 1.2709235 1.5931196 1.6480446 1.3739130 1.6218558 1.6214366 1.9967991 1.4362289 1.5975229 1.4252830 1.7512643 1.6901956 1.5450512 1.7255073 1.8853959 2.1351318 1.8471901 2.1506636 2.2223008 
Saccharomyces_cerevisiae                    1.9607040 1.8078515 1.6154983 1.9005111 2.0497452 2.0063615 2.0201283 1.9116381 1.5140338 1.5595731 5.3667498 0.4308707 0.0000000 0.4404719 0.4542325 0.3539745 0.2295232 0.4413255 1.9642330 2.1609969 1.6223389 1.4131081 1.5910734 1.6819206 1.4707091 1.5420678 1.5560234 1.9768698 1.3775705 1.6028973 1.3519839 1.6980402 1.7344226 1.4466675 1.7121592 1.7649362 2.2009757 1.7631768 2.2288232 2.1611071 
Saccharomyces_eubayanus                     1.8554947 1.8053335 1.5757511 1.8258274 1.9955123 2.1253353 1.9064223 1.8398501 1.5065233 1.5542880 4.7530140 0.3809950 0.4404719 0.0000000 0.4470479 0.3885872 0.4170396 0.1309956 2.0165790 2.0593466 1.6048769 1.4008177 1.5915623 1.6576072 1.3292631 1.5233508 1.5843937 1.9234877 1.3592303 1.5812474 1.4244891 1.8305129 1.6990567 1.4325780 1.6852884 1.7635616 2.1933658 1.7990865 2.2239134 2.1424665 
Saccharomyces_kudriavzevii                  2.0496720 1.9094645 1.5850213 1.9549926 1.9489027 2.0988181 1.9373423 1.8770687 1.4414594 1.6037284 5.1990342 0.4009668 0.4542325 0.4470479 0.0000000 0.3483293 0.3983598 0.4370611 2.0950603 2.1481754 1.6967403 1.4531434 1.6035771 1.6793761 1.3904222 1.6716128 1.6125899 2.1192558 1.4002232 1.5753917 1.3154773 1.7812577 1.7082080 1.5687131 1.7535544 1.7776079 2.1467256 1.9452575 2.2744500 2.1877351 
Saccharomyces_mikatae                       1.8937594 1.8931364 1.6357205 1.7916478 2.0589003 2.1005079 1.8982976 1.8239691 1.5146721 1.5522694 5.2554402 0.3764614 0.3539745 0.3885872 0.3483293 0.0000000 0.2650023 0.4139864 1.9558619 2.0218988 1.5079876 1.4232940 1.6258141 1.6339399 1.3861379 1.5840302 1.6259835 1.9465497 1.3956156 1.6264068 1.3686609 1.7473021 1.7476338 1.4192937 1.7681924 1.7392101 2.1291217 1.7686458 2.2078011 2.1376998 
Saccharomyces_paradoxus                     1.9534246 1.7702485 1.6119961 1.8090363 2.0880953 2.0914769 2.0485397 1.8626145 1.5382694 1.5342669 5.3664218 0.4081475 0.2295232 0.4170396 0.3983598 0.2650023 0.0000000 0.3965581 1.9106055 2.0147965 1.5593860 1.3587610 1.5743663 1.6310738 1.4413328 1.5815685 1.5848060 1.9226567 1.3908156 1.6217437 1.3898733 1.7532447 1.7594761 1.3971781 1.7166311 1.7972289 2.0817801 1.7354896 2.1728258 2.0964186 
Saccharomyces_uvarum                        1.8877463 1.7821404 1.5960078 1.8979604 2.0411976 2.2294446 1.9696686 1.8360162 1.5180770 1.6063031 5.1483419 0.3820361 0.4413255 0.1309956 0.4370611 0.4139864 0.3965581 0.0000000 2.0860027 2.0396731 1.6483660 1.4147055 1.6790782 1.7238027 1.4165217 1.6116992 1.6527910 2.0010533 1.3876974 1.6889676 1.3955836 1.7742307 1.7871239 1.4752084 1.7846275 1.8337121 2.2261753 1.8319918 2.2349126 2.2424748 
Tetrapisispora_blattae                      2.3168381 2.0945371 2.0605572 2.2390059 2.4302660 2.4053867 2.4654601 2.2125182 2.0311137 1.9367112 5.1948331 2.1442343 1.9642330 2.0165790 2.0950603 1.9558619 1.9106055 2.0860027 0.0000000 2.1251344 1.9938150 1.8231078 1.9132866 1.8671208 1.8901400 1.7961815 1.9556785 2.2139694 1.8925772 1.9210137 1.9108218 2.0597738 1.9210339 1.9020639 1.8845147 2.0415984 2.2105960 2.0078541 2.2840899 1.4875862 
Tetrapisispora_phaffii                      2.1994884 2.1367768 2.0246006 2.1755682 2.2847672 2.3510623 2.0588872 2.1171331 1.8666574 1.8772519 5.0722076 2.0257009 2.1609969 2.0593466 2.1481754 2.0218988 2.0147965 2.0396731 2.1251344 0.0000000 1.5504660 1.9616098 1.8535178 1.9953488 1.8788221 1.8722862 1.9686547 2.1881759 2.0572804 2.1878662 2.0037317 2.1867239 1.8628580 1.9583928 1.8594187 2.1441541 0.8084816 1.1844505 0.7825522 2.2163172 
Vanderwaltozyma_polyspora                   2.1164851 1.9200949 1.7466733 2.2504390 2.1650969 2.5084735 2.0184878 1.9406809 1.5647881 1.6225236 5.3645823 1.6344453 1.6223389 1.6048769 1.6967403 1.5079876 1.5593860 1.6483660 1.9938150 1.5504660 0.0000000 1.6634125 1.6586232 1.7314304 1.5561151 1.5916649 1.7379607 1.9934990 1.5964777 1.7511869 1.5367162 1.7766226 1.6415922 1.5743645 1.7077949 1.7748303 1.7312681 1.5908235 1.6538606 1.9826365 
yHAB132_Kazachstania_martiniae              2.0757317 1.5714597 1.3467227 2.0160883 1.8254008 2.0183357 1.8596152 1.8665014 1.2085673 1.3208832 5.4795909 1.2709235 1.4131081 1.4008177 1.4531434 1.4232940 1.3587610 1.4147055 1.8231078 1.9616098 1.6634125 0.0000000 1.3934214 1.3615584 1.1701595 1.3897401 1.3628826 1.8229837 1.3235656 1.6000775 1.2626584 1.5403487 1.4536271 1.5946029 1.3880576 1.5365312 1.9720186 1.9166398 2.1055119 2.1153793 
yHAB133_Kazachstania_unispora               1.8915755 1.7312966 1.2391124 1.8768317 2.0301352 2.0804941 1.9805147 2.0693528 1.3507394 1.4059399 5.2597997 1.5931196 1.5910734 1.5915623 1.6035771 1.6258141 1.5743663 1.6790782 1.9132866 1.8535178 1.6586232 1.3934214 0.0000000 1.4684982 1.1189092 0.5054547 1.0991711 1.7051491 1.4694706 1.1807303 1.3089867 1.6293968 0.4966253 1.4384463 0.4652199 1.2317180 1.9342803 1.8300423 1.8665431 2.0359996 
yHAB134_Kazachstania_turicensis             2.0845498 1.7721248 1.6272297 2.0622660 1.9038799 2.0446319 1.9454067 2.0098874 1.6224264 1.6279533 5.0975225 1.6480446 1.6819206 1.6576072 1.6793761 1.6339399 1.6310738 1.7238027 1.8671208 1.9953488 1.7314304 1.3615584 1.4684982 0.0000000 1.3546251 1.5000143 1.4923089 2.0941916 1.2282738 1.4732109 1.3490681 1.8604821 1.5975450 0.9778774 1.5992306 1.4829162 2.1900146 2.0857800 2.2172218 2.0146259 
yHAB136_Kazachstania_bromeliacearum         1.8146735 1.6334367 1.1658166 2.0286633 1.8847694 2.1205417 1.7484204 1.8552789 1.4113069 1.5491882 4.8033150 1.3739130 1.4707091 1.3292631 1.3904222 1.3861379 1.4413328 1.4165217 1.8901400 1.8788221 1.5561151 1.1701595 1.1189092 1.3546251 0.0000000 1.0870576 1.0421717 1.6673462 1.3674721 1.2366631 1.3863697 1.7015817 1.1323123 1.4052744 1.1575224 1.1391518 1.9482357 1.8273277 2.0726567 2.0499370 
yHAB143_Kazachstania_siamensis              1.9453765 1.6005574 1.1510896 1.9750973 2.0402388 2.0410482 1.8278409 1.8791377 1.3456890 1.2591322 5.5756370 1.6218558 1.5420678 1.5233508 1.6716128 1.5840302 1.5815685 1.6116992 1.7961815 1.8722862 1.5916649 1.3897401 0.5054547 1.5000143 1.0870576 0.0000000 1.0853485 1.6756441 1.4542538 1.2796330 1.3794687 1.6206463 0.5362344 1.3512589 0.5302813 1.2442135 2.0268233 1.8654263 2.0543236 2.0727781 
yHAB147_Kazachstania_taianensis             2.0214691 1.8549826 1.3070052 2.1009106 1.9669894 2.1065867 1.9134398 2.1122173 1.4514409 1.5655841 5.2700440 1.6214366 1.5560234 1.5843937 1.6125899 1.6259835 1.5848060 1.6527910 1.9556785 1.9686547 1.7379607 1.3628826 1.0991711 1.4923089 1.0421717 1.0853485 0.0000000 1.9679452 1.4311240 1.2415764 1.3123808 1.7425718 1.2404750 1.3897646 1.2728541 1.3798111 2.0038332 1.9231953 2.0678173 2.2062477 
yHAB148_Kazachstania_intestinalis           2.1781815 2.1579749 1.7227797 2.1375863 2.4019018 2.1811613 2.3434796 2.1782276 1.9163828 1.9103335 4.7140507 1.9967991 1.9768698 1.9234877 2.1192558 1.9465497 1.9226567 2.0010533 2.2139694 2.1881759 1.9934990 1.8229837 1.7051491 2.0941916 1.6673462 1.6756441 1.9679452 0.0000000 1.9124443 1.7410391 1.7495818 2.1044318 1.7080285 1.8170101 1.6531711 1.9835026 2.1446719 1.9338779 2.1656177 2.2956143 
yHAB153_Kazachstania_rosinii                1.8482194 1.6860647 1.6659414 1.9662027 1.8249830 2.1711652 1.8485434 1.7267867 1.3620688 1.3647738 5.3426660 1.4362289 1.3775705 1.3592303 1.4002232 1.3956156 1.3908156 1.3876974 1.8925772 2.0572804 1.5964777 1.3235656 1.4694706 1.2282738 1.3674721 1.4542538 1.4311240 1.9124443 0.0000000 1.5920022 1.0980973 1.6500426 1.5631084 1.2248196 1.5601235 1.6147809 2.0419649 1.8239106 2.2091238 2.2632912 
yHAB154_Kazachstania_transvaalensis         1.7821316 1.7840530 1.3612876 2.1659088 1.8934757 2.1253715 2.0466953 1.9439005 1.6061174 1.7255410 4.6260380 1.5975229 1.6028973 1.5812474 1.5753917 1.6264068 1.6217437 1.6889676 1.9210137 2.1878662 1.7511869 1.6000775 1.1807303 1.4732109 1.2366631 1.2796330 1.2415764 1.7410391 1.5920022 0.0000000 1.6305507 1.7053659 1.2729800 1.6708296 1.2870176 0.6331181 2.1929334 2.0699635 2.0750539 2.0084320 
yHAB155_Kazachstania_spencerorum            1.8921920 1.8362426 1.5329015 2.0701681 1.8828222 2.0131156 1.9275515 1.8761608 1.2234608 1.3197287 5.4107300 1.4252830 1.3519839 1.4244891 1.3154773 1.3686609 1.3898733 1.3955836 1.9108218 2.0037317 1.5367162 1.2626584 1.3089867 1.3490681 1.3863697 1.3794687 1.3123808 1.7495818 1.0980973 1.6305507 0.0000000 1.6612850 1.4594501 1.2106979 1.4478168 1.6462243 1.8854935 1.7828173 1.9804476 2.1822683 
yHAB158_Kazachstania_viticola               2.2149221 1.9282689 1.8550878 2.0301631 2.1322276 2.3322383 2.1749433 2.0288289 1.7988002 1.8394476 6.0843717 1.7512643 1.6980402 1.8305129 1.7812577 1.7473021 1.7532447 1.7742307 2.0597738 2.1867239 1.7766226 1.5403487 1.6293968 1.8604821 1.7015817 1.6206463 1.7425718 2.1044318 1.6500426 1.7053659 1.6612850 0.0000000 1.7393976 1.6005590 1.7055850 1.8554989 2.1109327 2.1004902 2.2496385 2.2980454 
yHAB159_Kazachstania_solicola               1.9902710 1.8147824 1.4259021 1.9671796 2.0519814 2.1475425 1.9347036 1.9841312 1.4677761 1.4890851 5.3861476 1.6901956 1.7344226 1.6990567 1.7082080 1.7476338 1.7594761 1.7871239 1.9210339 1.8628580 1.6415922 1.4536271 0.4966253 1.5975450 1.1323123 0.5362344 1.2404750 1.7080285 1.5631084 1.2729800 1.4594501 1.7393976 0.0000000 1.4051424 0.1616163 1.4284861 1.9369767 1.8848374 2.0792959 2.0264276 
yHAB160_Kazachstania_kunashirensis          1.7510717 1.6743105 1.4700726 1.9641977 1.8981142 1.7737706 1.8677521 1.8590877 1.5565598 1.5869321 4.9160693 1.5450512 1.4466675 1.4325780 1.5687131 1.4192937 1.3971781 1.4752084 1.9020639 1.9583928 1.5743645 1.5946029 1.4384463 0.9778774 1.4052744 1.3512589 1.3897646 1.8170101 1.2248196 1.6708296 1.2106979 1.6005590 1.4051424 0.0000000 1.3370573 1.5636890 2.0588843 2.0004658 2.2229517 2.0111338 
yHAB164_Kazachstania_aerobia                1.9602707 1.7609780 1.3387548 1.9061926 2.0833240 2.1764605 1.9748608 2.0581531 1.4664826 1.4894321 5.2543626 1.7255073 1.7121592 1.6852884 1.7535544 1.7681924 1.7166311 1.7846275 1.8845147 1.8594187 1.7077949 1.3880576 0.4652199 1.5992306 1.1575224 0.5302813 1.2728541 1.6531711 1.5601235 1.2870176 1.4478168 1.7055850 0.1616163 1.3370573 0.0000000 1.3865156 1.9835648 1.9185740 2.0541598 2.0400042 
yHAB166_Kazachstania_yakushimaensis         1.9420701 1.8193552 1.4435639 2.2937921 2.0143837 2.3665118 2.0181724 1.9486629 1.6664850 1.7118592 5.2624615 1.8853959 1.7649362 1.7635616 1.7776079 1.7392101 1.7972289 1.8337121 2.0415984 2.1441541 1.7748303 1.5365312 1.2317180 1.4829162 1.1391518 1.2442135 1.3798111 1.9835026 1.6147809 0.6331181 1.6462243 1.8554989 1.4284861 1.5636890 1.3865156 0.0000000 2.2118142 2.1380455 2.1706475 2.1470016 
yHMPu5000034875_Tetrapisispora_fleetii      2.2958008 2.2911113 2.1451619 2.1824895 2.3289156 2.5396335 2.2427468 2.2239913 2.0745209 2.0025792 5.8216880 2.1351318 2.2009757 2.1933658 2.1467256 2.1291217 2.0817801 2.2261753 2.2105960 0.8084816 1.7312681 1.9720186 1.9342803 2.1900146 1.9482357 2.0268233 2.0038332 2.1446719 2.0419649 2.1929334 1.8854935 2.1109327 1.9369767 2.0588843 1.9835648 2.2118142 0.0000000 1.3333907 0.4470217 2.3473512 
yHMPu5000034876_Tetrapisispora_iriomotensis 2.2512207 2.2740544 2.0194166 2.1179624 2.1728780 2.2510293 2.1811234 2.1779089 1.8045752 2.0208042 5.5531116 1.8471901 1.7631768 1.7990865 1.9452575 1.7686458 1.7354896 1.8319918 2.0078541 1.1844505 1.5908235 1.9166398 1.8300423 2.0857800 1.8273277 1.8654263 1.9231953 1.9338779 1.8239106 2.0699635 1.7828173 2.1004902 1.8848374 2.0004658 1.9185740 2.1380455 1.3333907 0.0000000 1.3848112 2.2574077 
yHMPu5000034877_Tetrapisispora_namnaonensis 2.3113064 2.3560892 2.2912500 2.2155077 2.2622852 2.5932547 2.2579558 2.2302876 2.1427906 2.1814479 5.4653462 2.1506636 2.2288232 2.2239134 2.2744500 2.2078011 2.1728258 2.2349126 2.2840899 0.7825522 1.6538606 2.1055119 1.8665431 2.2172218 2.0726567 2.0543236 2.0678173 2.1656177 2.2091238 2.0750539 1.9804476 2.2496385 2.0792959 2.2229517 2.0541598 2.1706475 0.4470217 1.3848112 0.0000000 2.4714068 
yHMPu5000035629_Yueomyces_sinensis          2.2858650 2.3905892 2.3489363 2.1768000 2.3459066 2.5835508 2.2862461 2.3325161 2.1833983 2.2810468 5.1041392 2.2223008 2.1611071 2.1424665 2.1877351 2.1376998 2.0964186 2.2424748 1.4875862 2.2163172 1.9826365 2.1153793 2.0359996 2.0146259 2.0499370 2.0727781 2.2062477 2.2956143 2.2632912 2.0084320 2.1822683 2.2980454 2.0264276 2.0111338 2.0400042 2.1470016 2.3473512 2.2574077 2.4714068 0.0000000 
