40
Candida_glabrata                            0.0000000 0.6315045 0.7831108 0.7847527 0.2358937 1.2089870 0.2839834 0.2481348 0.8014388 0.7985727 2.3236118 0.6154222 0.6957987 0.6820469 0.6614777 0.7100300 0.6774068 0.6706447 0.7975037 0.7488884 0.7819872 0.7226624 0.7769388 0.8719835 0.6692429 0.7190426 0.9692991 0.7625605 0.7164291 0.9025795 0.7660636 0.7840077 0.7325174 0.7256153 0.7816426 0.8073822 0.6555965 0.7523234 0.7474377 1.0236000 
Kazachstania_africana                       0.6315045 0.0000000 0.7551474 0.6736605 0.6398578 1.0918313 0.6770782 0.6433751 0.5676211 0.4877649 2.5268050 0.5968513 0.5901274 0.6377390 0.6222245 0.6203786 0.6058630 0.6713136 0.7139752 0.6034398 0.5988658 0.4366714 0.5439940 0.5751838 0.4558720 0.5768270 0.9932979 0.8147283 0.5814336 0.6556544 0.4425638 0.4855010 0.5525801 0.4103811 0.5382305 0.5800713 0.5934776 0.5302729 0.6332497 0.8192202 
Kazachstania_naganishii                     0.7831108 0.7551474 0.0000000 0.8886080 0.7652169 1.2085506 0.7903121 0.7242803 0.8570762 0.8720819 2.2197573 0.6484823 0.6665733 0.5889444 0.6453357 0.7483137 0.6508817 0.6074403 0.9768809 0.7690009 0.8997977 0.8227312 0.7096062 0.8648490 0.6213548 0.6634485 0.5475648 0.6939917 0.6195083 0.9102965 0.9004763 0.7639450 0.6139138 0.8493183 0.6493420 0.9374695 0.8406755 0.8316051 0.9809243 1.3439845 
Nakaseomyces_bacillisporus                  0.7847527 0.6736605 0.8886080 0.0000000 0.7291953 1.1401084 0.7441664 0.7132165 0.7680017 0.8012624 2.6960638 0.6259672 0.6958532 0.6368522 0.7048757 0.6974569 0.6537692 0.6417481 0.8782987 0.7285364 0.7627704 0.7638459 0.7987401 0.7939254 0.7123460 0.7473094 0.9246487 0.9299004 0.7445693 0.8100808 0.7650482 0.7429503 0.7209555 0.7090267 0.7111957 0.7621285 0.6938301 0.7443395 0.8947271 1.0243716 
Nakaseomyces_bracarensis                    0.2358937 0.6398578 0.7652169 0.7291953 0.0000000 1.1804167 0.1897442 0.1691329 0.7856397 0.7606207 2.3294507 0.6792897 0.7374696 0.7246021 0.7481101 0.7625899 0.7384480 0.7503024 0.7817183 0.6944879 0.7272080 0.7049014 0.6865878 0.7878323 0.6153552 0.6586457 0.9896333 0.6972920 0.6604677 0.8297408 0.7610253 0.7794894 0.7159157 0.7165619 0.7204318 0.7345425 0.6940482 0.7173650 0.7850313 0.9670152 
Nakaseomyces_castellii                      1.2089870 1.0918313 1.2085506 1.1401084 1.1804167 0.0000000 1.1708483 1.1069700 1.3429189 1.3300140 2.9507139 1.2075944 1.2870919 1.2224261 1.2725905 1.3187190 1.2367997 1.2469640 1.3691836 1.1810724 1.3813641 1.2447442 1.2742989 1.3789474 1.2240015 1.1905580 1.1682404 1.5326475 1.2237742 1.3791116 1.2868370 1.2866138 1.2308423 1.3789052 1.2315169 1.4600328 1.2620321 1.2802890 1.5278634 1.6299256 
Nakaseomyces_delphensis                     0.2839834 0.6770782 0.7903121 0.7441664 0.1897442 1.1708483 0.0000000 0.1498084 0.7646971 0.8750958 2.2867503 0.7396373 0.7339044 0.7941304 0.7785526 0.7915723 0.7628658 0.8034839 0.9015068 0.7999381 0.8121103 0.7226442 0.8041676 0.8295084 0.6631853 0.7414613 0.9949226 0.7559066 0.6555599 0.9243999 0.8167416 0.8152340 0.7649406 0.7752700 0.7943943 0.8118824 0.7558108 0.7063527 0.8552185 1.0721155 
Nakaseomyces_nivariensis                    0.2481348 0.6433751 0.7242803 0.7132165 0.1691329 1.1069700 0.1498084 0.0000000 0.7326386 0.8524901 2.1212273 0.6747836 0.7225709 0.7188682 0.7055443 0.7691095 0.7255076 0.7042132 0.8380807 0.7355963 0.7701358 0.6421510 0.7324681 0.7695445 0.6450246 0.7062365 0.9296024 0.7347839 0.6472916 0.8819282 0.7909878 0.7973526 0.7221666 0.7659941 0.7627177 0.7770479 0.6995651 0.7118196 0.7293048 0.9775586 
Naumovozyma_castellii                       0.8014388 0.5676211 0.8570762 0.7680017 0.7856397 1.3429189 0.7646971 0.7326386 0.0000000 0.4470554 3.0217651 0.7072230 0.7324522 0.7527994 0.7931484 0.7230344 0.7230335 0.7999530 0.7579498 0.7489940 0.7278911 0.6577509 0.5702543 0.6872226 0.5174987 0.5123372 1.1128454 0.7214981 0.6964264 0.7255996 0.6139094 0.6311917 0.5816499 0.6278978 0.5633357 0.6921321 0.7183893 0.7005516 0.8017795 0.8391116 
Naumovozyma_dairenensis                     0.7985727 0.4877649 0.8720819 0.8012624 0.7606207 1.3300140 0.8750958 0.8524901 0.4470554 0.0000000 3.0811098 0.7383522 0.7671565 0.7662830 0.7743280 0.7964146 0.7689304 0.8158478 0.7652088 0.6724227 0.6000086 0.5760742 0.6068279 0.5839698 0.5674760 0.5780002 1.1382315 0.9101742 0.6704318 0.7799444 0.4759801 0.5400059 0.5518032 0.5431294 0.5783275 0.7274605 0.6299466 0.6132592 0.7447952 0.8835803 
Neurospora_crassa                           2.3236118 2.5268050 2.2197573 2.6960638 2.3294507 2.9507139 2.2867503 2.1212273 3.0217651 3.0811098 0.0000000 2.1331783 2.0431486 2.0961405 2.2565268 2.1628529 2.1395462 2.0182625 2.4987276 2.0942541 2.3393511 2.4578698 2.5374248 2.8549532 2.9677266 2.6728578 2.5895842 3.0304968 2.3946584 2.4191892 2.6889237 3.2506657 2.3933007 2.5657537 2.4916355 2.4895434 2.2771185 2.1971097 2.4122073 3.2413785 
Saccharomyces_arboricola                    0.6154222 0.5968513 0.6484823 0.6259672 0.6792897 1.2075944 0.7396373 0.6747836 0.7072230 0.7383522 2.1331783 0.0000000 0.1389618 0.1173488 0.1101224 0.1533136 0.1160620 0.1260592 0.8142784 0.6922231 0.7306850 0.6489600 0.6405213 0.7950746 0.6664758 0.6562041 0.8715219 0.6631607 0.6809672 0.8562877 0.7051427 0.7048877 0.6320814 0.6911909 0.6266938 0.8728542 0.6496317 0.6612596 0.7471709 0.9932831 
Saccharomyces_cerevisiae                    0.6957987 0.5901274 0.6665733 0.6958532 0.7374696 1.2870919 0.7339044 0.7225709 0.7324522 0.7671565 2.0431486 0.1389618 0.0000000 0.1468062 0.1227372 0.1198727 0.0591849 0.1528557 0.8435854 0.6817685 0.7640801 0.7214694 0.6848966 0.7854355 0.6920215 0.7071669 0.9129974 0.7052224 0.7270136 0.8567348 0.6977818 0.6631780 0.6076716 0.7029442 0.6439021 0.8277960 0.6845977 0.7093289 0.7995460 1.0286669 
Saccharomyces_eubayanus                     0.6820469 0.6377390 0.5889444 0.6368522 0.7246021 1.2224261 0.7941304 0.7188682 0.7527994 0.7662830 2.0961405 0.1173488 0.1468062 0.0000000 0.1238179 0.1490239 0.1348138 0.0327605 0.8599197 0.6795148 0.7174847 0.6874233 0.6983954 0.8388895 0.6655868 0.7139303 0.8650136 0.6320587 0.6606235 0.8803611 0.7577143 0.7307874 0.6456766 0.7229605 0.6568871 0.9043646 0.6537414 0.7282669 0.7954683 1.0966222 
Saccharomyces_kudriavzevii                  0.6614777 0.6222245 0.6453357 0.7048757 0.7481101 1.2725905 0.7785526 0.7055443 0.7931484 0.7743280 2.2565268 0.1101224 0.1227372 0.1238179 0.0000000 0.1557948 0.1225898 0.1237810 0.8542890 0.7321639 0.7807890 0.7219475 0.6941174 0.8666953 0.6667796 0.7050930 0.8877032 0.7126597 0.7411084 0.9492947 0.7547168 0.7046162 0.6394416 0.7505333 0.6621963 0.9472013 0.6891892 0.7277348 0.8387874 1.0306015 
Saccharomyces_mikatae                       0.7100300 0.6203786 0.7483137 0.6974569 0.7625899 1.3187190 0.7915723 0.7691095 0.7230344 0.7964146 2.1628529 0.1533136 0.1198727 0.1490239 0.1557948 0.0000000 0.1062522 0.1559707 0.8870004 0.7441033 0.7923408 0.7377121 0.6671582 0.8082433 0.7106360 0.6757990 0.9215080 0.7279206 0.7435027 0.8998880 0.6981601 0.6830096 0.6571353 0.6962588 0.6782693 0.8538070 0.7236210 0.7139547 0.8997413 1.0292040 
Saccharomyces_paradoxus                     0.6774068 0.6058630 0.6508817 0.6537692 0.7384480 1.2367997 0.7628658 0.7255076 0.7230335 0.7689304 2.1395462 0.1160620 0.0591849 0.1348138 0.1225898 0.1062522 0.0000000 0.1431757 0.8196257 0.6901742 0.7380209 0.7248455 0.6658978 0.7822927 0.6915760 0.6807838 0.9174963 0.7393529 0.7200031 0.8688005 0.6899462 0.6646781 0.6062414 0.6957521 0.6351908 0.8364159 0.6672773 0.6922702 0.8066082 1.0130937 
Saccharomyces_uvarum                        0.6706447 0.6713136 0.6074403 0.6417481 0.7503024 1.2469640 0.8034839 0.7042132 0.7999530 0.8158478 2.0182625 0.1260592 0.1528557 0.0327605 0.1237810 0.1559707 0.1431757 0.0000000 0.9110534 0.6977785 0.7667372 0.7289864 0.7280834 0.8854117 0.6752698 0.7343304 0.8245343 0.6167878 0.6812538 0.9046082 0.7924849 0.7766267 0.6577557 0.7724674 0.6799967 0.9396897 0.6902430 0.7755319 0.7881147 1.1273348 
Tetrapisispora_blattae                      0.7975037 0.7139752 0.9768809 0.8782987 0.7817183 1.3691836 0.9015068 0.8380807 0.7579498 0.7652088 2.4987276 0.8142784 0.8435854 0.8599197 0.8542890 0.8870004 0.8196257 0.9110534 0.0000000 0.7544805 0.6780223 0.8568657 0.5967179 0.7354659 0.6828066 0.5933264 1.2490454 0.9854084 0.9004154 0.9030765 0.7294176 0.7196541 0.6247148 0.6731473 0.6292173 0.8734462 0.7516600 0.7510782 0.9226801 0.5629606 
Tetrapisispora_phaffii                      0.7488884 0.6034398 0.7690009 0.7285364 0.6944879 1.1810724 0.7999381 0.7355963 0.7489940 0.6724227 2.0942541 0.6922231 0.6817685 0.6795148 0.7321639 0.7441033 0.6901742 0.6977785 0.7544805 0.0000000 0.4211705 0.8048971 0.6949359 0.7601340 0.6276015 0.6766362 1.0344495 0.8132781 0.6690572 0.8461237 0.6822421 0.7149718 0.6159907 0.6262934 0.6065844 0.7917696 0.2429160 0.2437278 0.2509278 0.9526898 
Vanderwaltozyma_polyspora                   0.7819872 0.5988658 0.8997977 0.7627704 0.7272080 1.3813641 0.8121103 0.7701358 0.7278911 0.6000086 2.3393511 0.7306850 0.7640801 0.7174847 0.7807890 0.7923408 0.7380209 0.7667372 0.6780223 0.4211705 0.0000000 0.7494706 0.6490345 0.7853191 0.5855295 0.6154199 1.1838259 0.9585802 0.7880841 0.7842099 0.6165038 0.6341942 0.6111601 0.6506529 0.6101961 0.7673843 0.4030332 0.4121883 0.4716347 0.8316004 
yHAB132_Kazachstania_martiniae              0.7226624 0.4366714 0.8227312 0.7638459 0.7049014 1.2447442 0.7226442 0.6421510 0.6577509 0.5760742 2.4578698 0.6489600 0.7214694 0.6874233 0.7219475 0.7377121 0.7248455 0.7289864 0.8568657 0.8048971 0.7494706 0.0000000 0.5247378 0.6259612 0.4792691 0.5670121 1.2252906 0.9697298 0.7164129 0.6995168 0.4887557 0.5065714 0.5335964 0.5070242 0.5164405 0.6376097 0.7057401 0.7012293 0.7636849 0.9188009 
yHAB133_Kazachstania_unispora               0.7769388 0.5439940 0.7096062 0.7987401 0.6865878 1.2742989 0.8041676 0.7324681 0.5702543 0.6068279 2.5374248 0.6405213 0.6848966 0.6983954 0.6941174 0.6671582 0.6658978 0.7280834 0.5967179 0.6949359 0.6490345 0.5247378 0.0000000 0.5748000 0.3615171 0.1344750 1.0175228 0.8684170 0.6968423 0.5499783 0.5080290 0.4817013 0.1280126 0.4801405 0.1128344 0.5449751 0.5806594 0.5918418 0.6509031 0.7201890 
yHAB134_Kazachstania_turicensis             0.8719835 0.5751838 0.8648490 0.7939254 0.7878323 1.3789474 0.8295084 0.7695445 0.6872226 0.5839698 2.8549532 0.7950746 0.7854355 0.8388895 0.8666953 0.8082433 0.7822927 0.8854117 0.7354659 0.7601340 0.7853191 0.6259612 0.5748000 0.0000000 0.5280888 0.5597446 1.3091054 0.9854594 0.6631289 0.7930691 0.4109138 0.4830087 0.6123861 0.2152925 0.6172272 0.7256834 0.7716683 0.6683019 0.8636388 0.7118606 
yHAB136_Kazachstania_bromeliacearum         0.6692429 0.4558720 0.6213548 0.7123460 0.6153552 1.2240015 0.6631853 0.6450246 0.5174987 0.5674760 2.9677266 0.6664758 0.6920215 0.6655868 0.6667796 0.7106360 0.6915760 0.6752698 0.6828066 0.6276015 0.5855295 0.4792691 0.3615171 0.5280888 0.0000000 0.3513599 0.9000649 0.7151722 0.6967365 0.5644396 0.4953038 0.4655952 0.3793597 0.4308431 0.3630001 0.5376573 0.5764708 0.5386006 0.6278564 0.7742874 
yHAB143_Kazachstania_siamensis              0.7190426 0.5768270 0.6634485 0.7473094 0.6586457 1.1905580 0.7414613 0.7062365 0.5123372 0.5780002 2.6728578 0.6562041 0.7071669 0.7139303 0.7050930 0.6757990 0.6807838 0.7343304 0.5933264 0.6766362 0.6154199 0.5670121 0.1344750 0.5597446 0.3513599 0.0000000 1.0176571 0.8068424 0.7187327 0.5305940 0.4956143 0.4750901 0.1710896 0.4742808 0.1503067 0.5202393 0.6435187 0.5699759 0.7108654 0.7109779 
yHAB147_Kazachstania_taianensis             0.9692991 0.9932979 0.5475648 0.9246487 0.9896333 1.1682404 0.9949226 0.9296024 1.1128454 1.1382315 2.5895842 0.8715219 0.9129974 0.8650136 0.8877032 0.9215080 0.9174963 0.8245343 1.2490454 1.0344495 1.1838259 1.2252906 1.0175228 1.3091054 0.9000649 1.0176571 0.0000000 0.7821993 0.8187394 1.0591536 1.2496503 1.1812381 0.9351774 1.3151784 0.9845363 1.1092129 1.0619013 1.1988583 1.2623261 1.6230856 
yHAB148_Kazachstania_intestinalis           0.7625605 0.8147283 0.6939917 0.9299004 0.6972920 1.5326475 0.7559066 0.7347839 0.7214981 0.9101742 3.0304968 0.6631607 0.7052224 0.6320587 0.7126597 0.7279206 0.7393529 0.6167878 0.9854084 0.8132781 0.9585802 0.9697298 0.8684170 0.9854594 0.7151722 0.8068424 0.7821993 0.0000000 0.6563128 1.0059033 0.9894820 0.9112140 0.8181685 0.9342175 0.8772762 0.9809519 0.8285202 0.8850241 1.0080396 1.2279658 
yHAB153_Kazachstania_rosinii                0.7164291 0.5814336 0.6195083 0.7445693 0.6604677 1.2237742 0.6555599 0.6472916 0.6964264 0.6704318 2.3946584 0.6809672 0.7270136 0.6606235 0.7411084 0.7435027 0.7200031 0.6812538 0.9004154 0.6690572 0.7880841 0.7164129 0.6968423 0.6631289 0.6967365 0.7187327 0.8187394 0.6563128 0.0000000 0.8301655 0.6223099 0.6489218 0.6662426 0.6007354 0.6810883 0.8334383 0.6912694 0.6906306 0.7674398 1.0176494 
yHAB154_Kazachstania_transvaalensis         0.9025795 0.6556544 0.9102965 0.8100808 0.8297408 1.3791116 0.9243999 0.8819282 0.7255996 0.7799444 2.4191892 0.8562877 0.8567348 0.8803611 0.9492947 0.8998880 0.8688005 0.9046082 0.9030765 0.8461237 0.7842099 0.6995168 0.5499783 0.7930691 0.5644396 0.5305940 1.0591536 1.0059033 0.8301655 0.0000000 0.5517013 0.6805646 0.5851667 0.6501714 0.5755854 0.1410586 0.7763171 0.8355558 0.8520669 0.8379793 
yHAB155_Kazachstania_spencerorum            0.7660636 0.4425638 0.9004763 0.7650482 0.7610253 1.2868370 0.8167416 0.7909878 0.6139094 0.4759801 2.6889237 0.7051427 0.6977818 0.7577143 0.7547168 0.6981601 0.6899462 0.7924849 0.7294176 0.6822421 0.6165038 0.4887557 0.5080290 0.4109138 0.4953038 0.4956143 1.2496503 0.9894820 0.6223099 0.5517013 0.0000000 0.3478227 0.5405930 0.2778911 0.5436802 0.5284644 0.6012305 0.5722751 0.6073038 0.7329213 
yHAB158_Kazachstania_viticola               0.7840077 0.4855010 0.7639450 0.7429503 0.7794894 1.2866138 0.8152340 0.7973526 0.6311917 0.5400059 3.2506657 0.7048877 0.6631780 0.7307874 0.7046162 0.6830096 0.6646781 0.7766267 0.7196541 0.7149718 0.6341942 0.5065714 0.4817013 0.4830087 0.4655952 0.4750901 1.1812381 0.9112140 0.6489218 0.6805646 0.3478227 0.0000000 0.5004332 0.4064221 0.4945182 0.6276604 0.6642671 0.6137660 0.7246310 0.7333005 
yHAB159_Kazachstania_solicola               0.7325174 0.5525801 0.6139138 0.7209555 0.7159157 1.2308423 0.7649406 0.7221666 0.5816499 0.5518032 2.3933007 0.6320814 0.6076716 0.6456766 0.6394416 0.6571353 0.6062414 0.6577557 0.6247148 0.6159907 0.6111601 0.5335964 0.1280126 0.6123861 0.3793597 0.1710896 0.9351774 0.8181685 0.6662426 0.5851667 0.5405930 0.5004332 0.0000000 0.5206488 0.0418424 0.5614012 0.5946776 0.5925953 0.6863656 0.7598425 
yHAB160_Kazachstania_kunashirensis          0.7256153 0.4103811 0.8493183 0.7090267 0.7165619 1.3789052 0.7752700 0.7659941 0.6278978 0.5431294 2.5657537 0.6911909 0.7029442 0.7229605 0.7505333 0.6962588 0.6957521 0.7724674 0.6731473 0.6262934 0.6506529 0.5070242 0.4801405 0.2152925 0.4308431 0.4742808 1.3151784 0.9342175 0.6007354 0.6501714 0.2778911 0.4064221 0.5206488 0.0000000 0.5209030 0.5392829 0.6057145 0.5884370 0.6958395 0.6428310 
yHAB164_Kazachstania_aerobia                0.7816426 0.5382305 0.6493420 0.7111957 0.7204318 1.2315169 0.7943943 0.7627177 0.5633357 0.5783275 2.4916355 0.6266938 0.6439021 0.6568871 0.6621963 0.6782693 0.6351908 0.6799967 0.6292173 0.6065844 0.6101961 0.5164405 0.1128344 0.6172272 0.3630001 0.1503067 0.9845363 0.8772762 0.6810883 0.5755854 0.5436802 0.4945182 0.0418424 0.5209030 0.0000000 0.5531560 0.5818340 0.5776661 0.6508632 0.7381975 
yHAB166_Kazachstania_yakushimaensis         0.8073822 0.5800713 0.9374695 0.7621285 0.7345425 1.4600328 0.8118824 0.7770479 0.6921321 0.7274605 2.4895434 0.8728542 0.8277960 0.9043646 0.9472013 0.8538070 0.8364159 0.9396897 0.8734462 0.7917696 0.7673843 0.6376097 0.5449751 0.7256834 0.5376573 0.5202393 1.1092129 0.9809519 0.8334383 0.1410586 0.5284644 0.6276604 0.5614012 0.5392829 0.5531560 0.0000000 0.7478922 0.7355888 0.8367120 0.8027247 
yHMPu5000034875_Tetrapisispora_fleetii      0.6555965 0.5934776 0.8406755 0.6938301 0.6940482 1.2620321 0.7558108 0.6995651 0.7183893 0.6299466 2.2771185 0.6496317 0.6845977 0.6537414 0.6891892 0.7236210 0.6672773 0.6902430 0.7516600 0.2429160 0.4030332 0.7057401 0.5806594 0.7716683 0.5764708 0.6435187 1.0619013 0.8285202 0.6912694 0.7763171 0.6012305 0.6642671 0.5946776 0.6057145 0.5818340 0.7478922 0.0000000 0.2449526 0.1308851 0.8863674 
yHMPu5000034876_Tetrapisispora_iriomotensis 0.7523234 0.5302729 0.8316051 0.7443395 0.7173650 1.2802890 0.7063527 0.7118196 0.7005516 0.6132592 2.1971097 0.6612596 0.7093289 0.7282669 0.7277348 0.7139547 0.6922702 0.7755319 0.7510782 0.2437278 0.4121883 0.7012293 0.5918418 0.6683019 0.5386006 0.5699759 1.1988583 0.8850241 0.6906306 0.8355558 0.5722751 0.6137660 0.5925953 0.5884370 0.5776661 0.7355888 0.2449526 0.0000000 0.2888331 0.8768298 
yHMPu5000034877_Tetrapisispora_namnaonensis 0.7474377 0.6332497 0.9809243 0.8947271 0.7850313 1.5278634 0.8552185 0.7293048 0.8017795 0.7447952 2.4122073 0.7471709 0.7995460 0.7954683 0.8387874 0.8997413 0.8066082 0.7881147 0.9226801 0.2509278 0.4716347 0.7636849 0.6509031 0.8636388 0.6278564 0.7108654 1.2623261 1.0080396 0.7674398 0.8520669 0.6073038 0.7246310 0.6863656 0.6958395 0.6508632 0.8367120 0.1308851 0.2888331 0.0000000 1.0570743 
yHMPu5000035629_Yueomyces_sinensis          1.0236000 0.8192202 1.3439845 1.0243716 0.9670152 1.6299256 1.0721155 0.9775586 0.8391116 0.8835803 3.2413785 0.9932831 1.0286669 1.0966222 1.0306015 1.0292040 1.0130937 1.1273348 0.5629606 0.9526898 0.8316004 0.9188009 0.7201890 0.7118606 0.7742874 0.7109779 1.6230856 1.2279658 1.0176494 0.8379793 0.7329213 0.7333005 0.7598425 0.6428310 0.7381975 0.8027247 0.8863674 0.8768298 1.0570743 0.0000000 
