40
Candida_glabrata                            0.0000000 1.0885083 1.7259887 1.3302391 0.8800513 1.6370024 1.0063879 0.8193237 1.3937547 1.4466817 4.0119939 1.1015962 1.1804729 1.1174174 1.1617319 1.2117864 1.2116460 1.1732257 1.6266025 1.1626943 1.1199756 1.1535517 1.3843970 1.4472856 1.2207690 1.3071348 1.3586162 1.3848012 1.3632236 1.5244038 1.3255622 1.1336452 1.3234880 1.2238643 1.3227881 1.4351036 1.1747446 1.1895461 1.2298212 1.3444155 
Kazachstania_africana                       1.0885083 0.0000000 1.4436576 1.0587775 1.2004894 1.7269949 1.2160489 1.0270293 1.1002707 1.0493216 4.2161357 0.8570286 0.8835489 0.9047082 0.9538077 0.8718852 0.9170894 0.8936129 1.2879156 1.1553667 1.1302273 0.9031441 1.1818761 1.1638064 0.9431586 1.1117198 0.9989941 0.9955909 0.9473419 1.1330201 0.8431008 0.7583830 1.1638942 0.9363884 1.1584252 1.0314291 1.1855116 1.0734901 1.1649119 1.1207895 
Kazachstania_naganishii                     1.7259887 1.4436576 0.0000000 1.6539976 1.6914399 2.1787347 1.6117361 1.5856977 1.5614438 1.6602582 3.9264391 1.5773958 1.5848987 1.5191779 1.5674196 1.5256217 1.6246223 1.5077805 1.8047616 1.6463036 1.6069832 1.5558451 1.5183206 1.5940896 1.3478990 1.4515234 1.1912128 1.5608401 1.5831781 1.5386269 1.5887734 1.5005335 1.4761211 1.6521650 1.4923006 1.4376320 1.7224789 1.6828037 1.7210200 1.8485728 
Nakaseomyces_bacillisporus                  1.3302391 1.0587775 1.6539976 0.0000000 1.3293440 1.7266459 1.2568551 1.1556132 1.2812240 1.2202691 3.7787277 1.1100303 1.0673617 1.0932702 1.1567408 1.0785424 1.0705260 1.0829129 1.3857593 1.2161746 1.3213268 1.0351261 1.2787468 1.4701999 1.1178379 1.2428807 1.2555322 1.3568034 1.1633069 1.3089429 1.1350113 0.9905759 1.2464005 1.3527291 1.3151969 1.1264397 1.1952893 1.2072870 1.2854394 1.3873526 
Nakaseomyces_bracarensis                    0.8800513 1.2004894 1.6914399 1.3293440 0.0000000 1.5174435 0.6149417 0.4996344 1.3194624 1.3405848 4.1330910 1.1509856 1.1424044 1.0868849 1.1405888 1.1569920 1.1870076 1.1451560 1.3720530 1.1388643 1.0608779 1.1214796 1.3321545 1.4711829 1.2679053 1.4656947 1.4897058 1.3035375 1.3373376 1.4648514 1.1127749 1.0535133 1.3746456 1.2677148 1.3610959 1.2648075 1.1866293 1.0736233 1.2075747 1.3165462 
Nakaseomyces_castellii                      1.6370024 1.7269949 2.1787347 1.7266459 1.5174435 0.0000000 1.6555676 1.5939783 1.9096751 1.8971380 4.0051501 1.6848480 1.7017222 1.7045075 1.6992389 1.6537560 1.7391739 1.6932175 2.1164634 1.8980301 1.6190843 1.5948666 1.8501784 1.8889568 1.7005790 1.8864674 1.9657240 1.7380871 1.8340275 1.6625363 1.6876746 1.5864329 1.8578439 1.7918717 1.8588216 1.7355341 1.9142866 1.6543421 1.8908004 1.8837428 
Nakaseomyces_delphensis                     1.0063879 1.2160489 1.6117361 1.2568551 0.6149417 1.6555676 0.0000000 0.5022925 1.2862391 1.4763933 3.9660461 1.1899162 1.1641273 1.1185523 1.2130381 1.1408325 1.1753298 1.1175166 1.5544887 1.2274967 1.2022010 1.0336152 1.3068179 1.3995341 1.3202417 1.4315355 1.4333273 1.3469532 1.2863021 1.4410123 1.1921196 1.1689719 1.2892254 1.3040929 1.2530163 1.2847271 1.2585284 1.2296549 1.3445932 1.3480947 
Nakaseomyces_nivariensis                    0.8193237 1.0270293 1.5856977 1.1556132 0.4996344 1.5939783 0.5022925 0.0000000 1.2642320 1.1786077 4.0144913 1.0591264 1.0181710 1.0195252 1.0195432 1.0926265 1.0526454 1.0692937 1.3559702 1.0468512 0.9549073 0.9444541 1.2196844 1.3440052 1.1242907 1.2990451 1.2349105 1.2459196 1.1761009 1.2943830 1.0764580 0.9931598 1.3087093 1.1805344 1.3084498 1.1671181 1.0686909 1.0817228 1.1181093 1.1742856 
Naumovozyma_castellii                       1.3937547 1.1002707 1.5614438 1.2812240 1.3194624 1.9096751 1.2862391 1.2642320 0.0000000 1.0152491 3.8313936 1.1179420 1.1240538 1.1041421 1.1374067 1.1203137 1.1430785 1.0713012 1.3399748 1.2302371 1.2087894 1.2499217 1.3109856 1.4718302 1.1322490 1.1931267 1.3124025 1.4304151 1.3262729 1.3841010 1.0714115 1.1361271 1.2885191 1.2843880 1.2817863 1.3221885 1.3541029 1.1632359 1.3590230 1.2948702 
Naumovozyma_dairenensis                     1.4466817 1.0493216 1.6602582 1.2202691 1.3405848 1.8971380 1.4763933 1.1786077 1.0152491 0.0000000 4.4720107 1.1712074 1.1442412 1.1950042 1.2037807 1.1456417 1.1625052 1.1816749 1.5047914 1.2581086 1.1721059 1.2660908 1.3758932 1.4198745 1.0038031 1.2114094 1.3709734 1.3048325 1.2463038 1.3107482 1.2329351 1.0664565 1.2949742 1.4604303 1.3349836 1.2395289 1.2790932 1.2131374 1.3580648 1.2946364 
Neurospora_crassa                           4.0119939 4.2161357 3.9264391 3.7787277 4.1330910 4.0051501 3.9660461 4.0144913 3.8313936 4.4720107 0.0000000 3.8926563 3.9935872 3.9159389 3.9231686 3.7792263 3.9755872 3.9087218 4.5004417 4.3189156 4.1675102 3.9683385 4.0580968 3.8910790 4.1535415 4.1483315 4.0021913 3.8866170 4.2764854 3.8358349 3.9644292 4.1180097 3.6575594 3.9406465 3.8793016 3.9874277 4.2220063 3.8642615 4.4675769 4.1741875 
Saccharomyces_arboricola                    1.1015962 0.8570286 1.5773958 1.1100303 1.1509856 1.6848480 1.1899162 1.0591264 1.1179420 1.1712074 3.8926563 0.0000000 0.3209821 0.2838964 0.2803749 0.3269839 0.2991007 0.2907569 1.2420371 1.0638517 1.0745697 1.1321407 1.2965673 1.2218988 1.0346601 1.1252385 1.1377928 1.2184101 1.0610403 1.2748738 1.1277544 1.0325234 1.1957452 1.0851167 1.1370825 1.1925794 1.2084346 1.1180546 1.1363005 1.2073065 
Saccharomyces_cerevisiae                    1.1804729 0.8835489 1.5848987 1.0673617 1.1424044 1.7017222 1.1641273 1.0181710 1.1240538 1.1442412 3.9935872 0.3209821 0.0000000 0.3256221 0.2824280 0.2526607 0.1649804 0.3280583 1.2618024 1.0640236 1.0893375 1.1707191 1.3021913 1.2065476 0.9975239 1.1636972 1.1186117 1.1808822 1.0821401 1.2813188 1.0967554 0.9791273 1.2332764 1.1056163 1.1909122 1.1354356 1.1385719 1.0859767 1.1382922 1.2003290 
Saccharomyces_eubayanus                     1.1174174 0.9047082 1.5191779 1.0932702 1.0868849 1.7045075 1.1185523 1.0195252 1.1041421 1.1950042 3.9159389 0.2838964 0.3256221 0.0000000 0.2900366 0.3719572 0.3433007 0.0981958 1.3470798 1.0812869 1.0147846 1.1216606 1.2236253 1.2834762 0.9958711 1.0476876 1.1571343 1.1851496 1.1074329 1.2700368 1.1626603 1.0039479 1.1629312 1.1874541 1.0935533 1.1233819 1.1849851 1.1362592 1.1466240 1.2210453 
Saccharomyces_kudriavzevii                  1.1617319 0.9538077 1.5674196 1.1567408 1.1405888 1.6992389 1.2130381 1.0195432 1.1374067 1.2037807 3.9231686 0.2803749 0.2824280 0.2900366 0.0000000 0.2865078 0.2597422 0.2836818 1.2307830 1.0644425 1.0994266 1.2354212 1.2683788 1.2862127 1.0155952 1.1361900 1.1410951 1.2170814 1.0691988 1.2550486 1.1840671 1.0215062 1.2488040 1.1258713 1.2033091 1.1858303 1.2270122 1.1122991 1.1744565 1.2265548 
Saccharomyces_mikatae                       1.2117864 0.8718852 1.5256217 1.0785424 1.1569920 1.6537560 1.1408325 1.0926265 1.1203137 1.1456417 3.7792263 0.3269839 0.2526607 0.3719572 0.2865078 0.0000000 0.2272653 0.3491760 1.2241816 1.1319524 1.0731457 1.1752207 1.3268838 1.2649793 1.0964778 1.1614133 1.0939769 1.2400133 1.1001835 1.3104296 1.1402962 1.0468688 1.2132792 1.1203277 1.2433964 1.2016097 1.1414556 1.1040341 1.1248108 1.2314699 
Saccharomyces_paradoxus                     1.2116460 0.9170894 1.6246223 1.0705260 1.1870076 1.7391739 1.1753298 1.0526454 1.1430785 1.1625052 3.9755872 0.2991007 0.1649804 0.3433007 0.2597422 0.2272653 0.0000000 0.3211131 1.2911198 1.0836870 1.0954447 1.1416030 1.3197564 1.2386910 1.0172389 1.2009767 1.1449740 1.2030808 1.0872488 1.2516539 1.1546687 1.0202021 1.2352463 1.1145803 1.2145014 1.2091023 1.1244484 1.1011543 1.1825398 1.2488130 
Saccharomyces_uvarum                        1.1732257 0.8936129 1.5077805 1.0829129 1.1451560 1.6932175 1.1175166 1.0692937 1.0713012 1.1816749 3.9087218 0.2907569 0.3280583 0.0981958 0.2836818 0.3491760 0.3211131 0.0000000 1.3700331 1.0751494 1.0450984 1.1913486 1.2718856 1.2885287 1.0253527 1.1029352 1.1428043 1.1448707 1.1087497 1.2797862 1.1496837 1.0154101 1.2382678 1.1567422 1.1564480 1.1637517 1.1987037 1.1084759 1.1851003 1.2198524 
Tetrapisispora_blattae                      1.6266025 1.2879156 1.8047616 1.3857593 1.3720530 2.1164634 1.5544887 1.3559702 1.3399748 1.5047914 4.5004417 1.2420371 1.2618024 1.3470798 1.2307830 1.2241816 1.2911198 1.3700331 0.0000000 1.3194180 1.3283894 1.3983525 1.4673000 1.5075995 1.2961580 1.4969044 1.4566752 1.4466094 1.5662014 1.5819315 1.3319830 1.2406959 1.5667796 1.4820400 1.4964755 1.3508691 1.3906704 1.3236822 1.4658565 0.9983182 
Tetrapisispora_phaffii                      1.1626943 1.1553667 1.6463036 1.2161746 1.1388643 1.8980301 1.2274967 1.0468512 1.2302371 1.2581086 4.3189156 1.0638517 1.0640236 1.0812869 1.0644425 1.1319524 1.0836870 1.0751494 1.3194180 0.0000000 0.9052159 1.1489341 1.3061840 1.4887772 1.1767733 1.4407201 1.3327648 1.2606697 1.3975770 1.4392622 1.2231866 1.0641660 1.3712884 1.1346717 1.3023735 1.2901724 0.3631865 0.6207004 0.4206036 1.1193649 
Vanderwaltozyma_polyspora                   1.1199756 1.1302273 1.6069832 1.3213268 1.0608779 1.6190843 1.2022010 0.9549073 1.2087894 1.1721059 4.1675102 1.0745697 1.0893375 1.0147846 1.0994266 1.0731457 1.0954447 1.0450984 1.3283894 0.9052159 0.0000000 0.9635171 1.2543278 1.4812592 1.0208878 1.2405138 1.3466173 1.2211139 1.3703115 1.3513006 1.1188764 0.9953682 1.2797682 1.2155058 1.2780979 1.2753077 0.9690311 0.7959730 0.9768317 0.9213499 
yHAB132_Kazachstania_martiniae              1.1535517 0.9031441 1.5558451 1.0351261 1.1214796 1.5948666 1.0336152 0.9444541 1.2499217 1.2660908 3.9683385 1.1321407 1.1707191 1.1216606 1.2354212 1.1752207 1.1416030 1.1913486 1.3983525 1.1489341 0.9635171 0.0000000 1.1815666 1.2756044 0.9987814 1.2076287 1.2034416 1.1124317 1.2033348 1.2270090 0.9900018 0.8779459 1.1204014 1.0957126 1.1243454 1.0747750 1.1093826 1.1282288 1.1359754 1.2268683 
yHAB133_Kazachstania_unispora               1.3843970 1.1818761 1.5183206 1.2787468 1.3321545 1.8501784 1.3068179 1.2196844 1.3109856 1.3758932 4.0580968 1.2965673 1.3021913 1.2236253 1.2683788 1.3268838 1.3197564 1.2718856 1.4673000 1.3061840 1.2543278 1.1815666 0.0000000 1.3497058 0.9565972 0.5356928 1.1804602 1.3385488 1.3064365 1.0202838 1.1750377 1.0105687 0.4331935 1.2776325 0.4340142 1.0021755 1.3058425 1.1690410 1.3654793 1.2844201 
yHAB134_Kazachstania_turicensis             1.4472856 1.1638064 1.5940896 1.4701999 1.4711829 1.8889568 1.3995341 1.3440052 1.4718302 1.4198745 3.8910790 1.2218988 1.2065476 1.2834762 1.2862127 1.2649793 1.2386910 1.2885287 1.5075995 1.4887772 1.4812592 1.2756044 1.3497058 0.0000000 1.2175957 1.2733395 1.4620010 1.4641578 1.0816605 1.4385181 1.1129189 1.0649647 1.3274585 0.8241688 1.3219277 1.1627328 1.5079457 1.3263319 1.6120529 1.5499634 
yHAB136_Kazachstania_bromeliacearum         1.2207690 0.9431586 1.3478990 1.1178379 1.2679053 1.7005790 1.3202417 1.1242907 1.1322490 1.0038031 4.1535415 1.0346601 0.9975239 0.9958711 1.0155952 1.0964778 1.0172389 1.0253527 1.2961580 1.1767733 1.0208878 0.9987814 0.9565972 1.2175957 0.0000000 0.9204556 1.0663514 1.0920605 1.0401672 1.0271586 1.0801888 0.8335978 1.0782676 1.0581588 1.0502230 0.9435713 1.2944301 0.9740909 1.4003791 1.0342479 
yHAB143_Kazachstania_siamensis              1.3071348 1.1117198 1.4515234 1.2428807 1.4656947 1.8864674 1.4315355 1.2990451 1.1931267 1.2114094 4.1483315 1.1252385 1.1636972 1.0476876 1.1361900 1.1614133 1.2009767 1.1029352 1.4969044 1.4407201 1.2405138 1.2076287 0.5356928 1.2733395 0.9204556 0.0000000 1.0951700 1.2807754 1.2198018 1.0265666 1.1292052 0.9718379 0.6325180 1.3702267 0.6225239 0.9588297 1.3934489 1.3057033 1.4478431 1.3362253 
yHAB147_Kazachstania_taianensis             1.3586162 0.9989941 1.1912128 1.2555322 1.4897058 1.9657240 1.4333273 1.2349105 1.3124025 1.3709734 4.0021913 1.1377928 1.1186117 1.1571343 1.1410951 1.0939769 1.1449740 1.1428043 1.4566752 1.3327648 1.3466173 1.2034416 1.1804602 1.4620010 1.0663514 1.0951700 0.0000000 1.1912259 1.1968406 1.0409821 1.1603692 1.0694545 1.1831517 1.2061313 1.2166984 1.0385749 1.3645804 1.2854737 1.2701777 1.3306897 
yHAB148_Kazachstania_intestinalis           1.3848012 0.9955909 1.5608401 1.3568034 1.3035375 1.7380871 1.3469532 1.2459196 1.4304151 1.3048325 3.8866170 1.2184101 1.1808822 1.1851496 1.2170814 1.2400133 1.2030808 1.1448707 1.4466094 1.2606697 1.2211139 1.1124317 1.3385488 1.4641578 1.0920605 1.2807754 1.1912259 0.0000000 1.2969893 1.3363484 1.0780840 0.9880488 1.3906741 1.1131845 1.3358846 1.2432937 1.3478101 1.1515986 1.4038200 1.2943022 
yHAB153_Kazachstania_rosinii                1.3632236 0.9473419 1.5831781 1.1633069 1.3373376 1.8340275 1.2863021 1.1761009 1.3262729 1.2463038 4.2764854 1.0610403 1.0821401 1.1074329 1.0691988 1.1001835 1.0872488 1.1087497 1.5662014 1.3975770 1.3703115 1.2033348 1.3064365 1.0816605 1.0401672 1.2198018 1.1968406 1.2969893 0.0000000 1.3963186 0.8528144 1.0341778 1.3440661 0.8920284 1.3640167 1.2461251 1.4704407 1.3408789 1.4429289 1.4192178 
yHAB154_Kazachstania_transvaalensis         1.5244038 1.1330201 1.5386269 1.3089429 1.4648514 1.6625363 1.4410123 1.2943830 1.3841010 1.3107482 3.8358349 1.2748738 1.2813188 1.2700368 1.2550486 1.3104296 1.2516539 1.2797862 1.5819315 1.4392622 1.3513006 1.2270090 1.0202838 1.4385181 1.0271586 1.0265666 1.0409821 1.3363484 1.3963186 0.0000000 1.1089362 1.0727749 1.0760291 1.2717640 1.0940957 0.5066565 1.4327078 1.2880863 1.4562858 1.3291197 
yHAB155_Kazachstania_spencerorum            1.3255622 0.8431008 1.5887734 1.1350113 1.1127749 1.6876746 1.1921196 1.0764580 1.0714115 1.2329351 3.9644292 1.1277544 1.0967554 1.1626603 1.1840671 1.1402962 1.1546687 1.1496837 1.3319830 1.2231866 1.1188764 0.9900018 1.1750377 1.1129189 1.0801888 1.1292052 1.1603692 1.0780840 0.8528144 1.1089362 0.0000000 0.7787820 1.1970364 0.8860336 1.1942936 1.0496030 1.3369353 1.2165947 1.3288316 1.2270183 
yHAB158_Kazachstania_viticola               1.1336452 0.7583830 1.5005335 0.9905759 1.0535133 1.5864329 1.1689719 0.9931598 1.1361271 1.0664565 4.1180097 1.0325234 0.9791273 1.0039479 1.0215062 1.0468688 1.0202021 1.0154101 1.2406959 1.0641660 0.9953682 0.8779459 1.0105687 1.0649647 0.8335978 0.9718379 1.0694545 0.9880488 1.0341778 1.0727749 0.7787820 0.0000000 1.1337616 0.9115188 1.1190137 0.9582014 1.0743050 0.9129154 1.1730795 0.9863250 
yHAB159_Kazachstania_solicola               1.3234880 1.1638942 1.4761211 1.2464005 1.3746456 1.8578439 1.2892254 1.3087093 1.2885191 1.2949742 3.6575594 1.1957452 1.2332764 1.1629312 1.2488040 1.2132792 1.2352463 1.2382678 1.5667796 1.3712884 1.2797682 1.1204014 0.4331935 1.3274585 1.0782676 0.6325180 1.1831517 1.3906741 1.3440661 1.0760291 1.1970364 1.1337616 0.0000000 1.3194849 0.1541072 1.0423718 1.3409640 1.2456461 1.4679663 1.3814902 
yHAB160_Kazachstania_kunashirensis          1.2238643 0.9363884 1.6521650 1.3527291 1.2677148 1.7918717 1.3040929 1.1805344 1.2843880 1.4604303 3.9406465 1.0851167 1.1056163 1.1874541 1.1258713 1.1203277 1.1145803 1.1567422 1.4820400 1.1346717 1.2155058 1.0957126 1.2776325 0.8241688 1.0581588 1.3702267 1.2061313 1.1131845 0.8920284 1.2717640 0.8860336 0.9115188 1.3194849 0.0000000 1.2335284 1.1861068 1.1688147 1.1056557 1.2381312 1.2671498 
yHAB164_Kazachstania_aerobia                1.3227881 1.1584252 1.4923006 1.3151969 1.3610959 1.8588216 1.2530163 1.3084498 1.2817863 1.3349836 3.8793016 1.1370825 1.1909122 1.0935533 1.2033091 1.2433964 1.2145014 1.1564480 1.4964755 1.3023735 1.2780979 1.1243454 0.4340142 1.3219277 1.0502230 0.6225239 1.2166984 1.3358846 1.3640167 1.0940957 1.1942936 1.1190137 0.1541072 1.2335284 0.0000000 1.0010300 1.3303652 1.2478892 1.4217309 1.3203896 
yHAB166_Kazachstania_yakushimaensis         1.4351036 1.0314291 1.4376320 1.1264397 1.2648075 1.7355341 1.2847271 1.1671181 1.3221885 1.2395289 3.9874277 1.1925794 1.1354356 1.1233819 1.1858303 1.2016097 1.2091023 1.1637517 1.3508691 1.2901724 1.2753077 1.0747750 1.0021755 1.1627328 0.9435713 0.9588297 1.0385749 1.2432937 1.2461251 0.5066565 1.0496030 0.9582014 1.0423718 1.1861068 1.0010300 0.0000000 1.2267674 1.1761120 1.2678574 1.1401992 
yHMPu5000034875_Tetrapisispora_fleetii      1.1747446 1.1855116 1.7224789 1.1952893 1.1866293 1.9142866 1.2585284 1.0686909 1.3541029 1.2790932 4.2220063 1.2084346 1.1385719 1.1849851 1.2270122 1.1414556 1.1244484 1.1987037 1.3906704 0.3631865 0.9690311 1.1093826 1.3058425 1.5079457 1.2944301 1.3934489 1.3645804 1.3478101 1.4704407 1.4327078 1.3369353 1.0743050 1.3409640 1.1688147 1.3303652 1.2267674 0.0000000 0.5851089 0.2652846 1.1548734 
yHMPu5000034876_Tetrapisispora_iriomotensis 1.1895461 1.0734901 1.6828037 1.2072870 1.0736233 1.6543421 1.2296549 1.0817228 1.1632359 1.2131374 3.8642615 1.1180546 1.0859767 1.1362592 1.1122991 1.1040341 1.1011543 1.1084759 1.3236822 0.6207004 0.7959730 1.1282288 1.1690410 1.3263319 0.9740909 1.3057033 1.2854737 1.1515986 1.3408789 1.2880863 1.2165947 0.9129154 1.2456461 1.1056557 1.2478892 1.1761120 0.5851089 0.0000000 0.6364273 0.9017619 
yHMPu5000034877_Tetrapisispora_namnaonensis 1.2298212 1.1649119 1.7210200 1.2854394 1.2075747 1.8908004 1.3445932 1.1181093 1.3590230 1.3580648 4.4675769 1.1363005 1.1382922 1.1466240 1.1744565 1.1248108 1.1825398 1.1851003 1.4658565 0.4206036 0.9768317 1.1359754 1.3654793 1.6120529 1.4003791 1.4478431 1.2701777 1.4038200 1.4429289 1.4562858 1.3288316 1.1730795 1.4679663 1.2381312 1.4217309 1.2678574 0.2652846 0.6364273 0.0000000 1.2481648 
yHMPu5000035629_Yueomyces_sinensis          1.3444155 1.1207895 1.8485728 1.3873526 1.3165462 1.8837428 1.3480947 1.1742856 1.2948702 1.2946364 4.1741875 1.2073065 1.2003290 1.2210453 1.2265548 1.2314699 1.2488130 1.2198524 0.9983182 1.1193649 0.9213499 1.2268683 1.2844201 1.5499634 1.0342479 1.3362253 1.3306897 1.2943022 1.4192178 1.3291197 1.2270183 0.9863250 1.3814902 1.2671498 1.3203896 1.1401992 1.1548734 0.9017619 1.2481648 0.0000000 
