40
Candida_glabrata                            0.0000000 0.5535040 0.5744782 0.5355420 0.2744467 0.7221721 0.3235262 0.4708939 0.4536188 0.5368858 2.2493486 0.4640564 0.5082256 0.4707861 0.4837694 0.5027100 0.4954965 0.4460613 0.5903815 0.5588604 0.4077988 0.4846754 0.6050116 0.5014995 0.5326608 0.5339206 0.5332946 0.4642653 0.5272770 0.5654615 0.6814519 0.5817606 0.5603749 0.5359047 0.6032358 0.5874430 0.5765222 0.5384196 0.5685862 0.7206853 
Kazachstania_africana                       0.5535040 0.0000000 0.5379982 0.6147780 0.5907198 0.7279147 0.6536030 0.8279534 0.3657129 0.4095580 2.3680815 0.4566673 0.4664271 0.5161189 0.4878964 0.4908302 0.4899615 0.5034363 0.5466739 0.5213847 0.3968513 0.3996216 0.4040834 0.4325614 0.4525964 0.4071672 0.4733730 0.5442895 0.4652014 0.4713987 0.6052485 0.4084187 0.4095478 0.3981520 0.4164250 0.4076977 0.4692225 0.4266939 0.4599929 0.5717531 
Kazachstania_naganishii                     0.5744782 0.5379982 0.0000000 0.6465561 0.5583536 0.7850967 0.5662087 0.6842185 0.4940503 0.6347851 2.1999691 0.5114183 0.5683999 0.5611865 0.5494022 0.5774711 0.5599395 0.5623709 0.8353469 0.7245435 0.6053597 0.5155743 0.5519526 0.6160315 0.5177764 0.5536722 0.4894870 0.5265071 0.4975999 0.5799022 0.7193278 0.6268622 0.4853834 0.6420302 0.5515514 0.6195112 0.6971924 0.6646207 0.6652596 0.7943074 
Nakaseomyces_bacillisporus                  0.5355420 0.6147780 0.6465561 0.0000000 0.5054058 0.7358523 0.6159887 0.7537702 0.5431463 0.5861014 2.3047593 0.5732444 0.6273621 0.5834163 0.6143499 0.6124991 0.6271139 0.5859389 0.6566637 0.6718205 0.5494645 0.5565803 0.5884229 0.5493632 0.5443110 0.5412143 0.6153299 0.5411225 0.5277583 0.6327835 0.7379378 0.6257203 0.5725610 0.5392329 0.5946943 0.6326998 0.6548046 0.6343508 0.6252738 0.7473736 
Nakaseomyces_bracarensis                    0.2744467 0.5907198 0.5583536 0.5054058 0.0000000 0.7542449 0.2280574 0.2811073 0.4702241 0.5763062 1.8561088 0.4585005 0.4869125 0.4520314 0.4993253 0.5243423 0.5017217 0.4316843 0.6477295 0.5816981 0.4557803 0.4809336 0.6251242 0.4977915 0.5245170 0.5206815 0.5187340 0.4396270 0.4744623 0.5602623 0.7177565 0.6211086 0.5629206 0.5366247 0.5931849 0.6077512 0.6089983 0.5981762 0.6259304 0.6852806 
Nakaseomyces_castellii                      0.7221721 0.7279147 0.7850967 0.7358523 0.7542449 0.0000000 0.7901938 0.9497454 0.6471347 0.6619437 2.6677723 0.6795248 0.6852394 0.6535867 0.6671706 0.6514379 0.6421198 0.6607205 0.7924714 0.7067680 0.7037272 0.7019889 0.7417425 0.7735781 0.6884950 0.7318311 0.7355214 0.7590924 0.7112979 0.7827981 0.8896812 0.7219300 0.7659655 0.7134414 0.7493705 0.7527477 0.7544325 0.7564084 0.8005617 0.7695239 
Nakaseomyces_delphensis                     0.3235262 0.6536030 0.5662087 0.6159887 0.2280574 0.7901938 0.0000000 0.2487605 0.5818686 0.6725004 1.9185644 0.5697178 0.5899033 0.5152967 0.5618689 0.6165520 0.5915948 0.4933414 0.7510715 0.6662407 0.5945094 0.6256896 0.6945388 0.6135383 0.6049307 0.6041165 0.5860793 0.4858526 0.5507621 0.7005350 0.7879336 0.6922906 0.6648310 0.6242551 0.6730532 0.7358686 0.6953542 0.6842569 0.7126529 0.7755880 
Nakaseomyces_nivariensis                    0.4708939 0.8279534 0.6842185 0.7537702 0.2811073 0.9497454 0.2487605 0.0000000 0.7704434 0.9581302 1.8246013 0.6975133 0.7171120 0.6496625 0.7188561 0.7718442 0.7061744 0.6444675 1.0367351 0.9607748 0.7465815 0.7862650 0.9798536 0.8724739 0.8447924 0.9411563 0.7575625 0.5931275 0.6927214 0.9521062 1.0582584 0.9796051 0.9068582 0.9224738 0.9899910 1.0441205 0.9645075 0.9718487 1.0289272 1.0500958 
Naumovozyma_castellii                       0.4536188 0.3657129 0.4940503 0.5431463 0.4702241 0.6471347 0.5818686 0.7704434 0.0000000 0.2709247 2.6449679 0.3316014 0.3470923 0.3600814 0.3558433 0.3483527 0.3587711 0.3518702 0.3912979 0.4279198 0.3098561 0.3246875 0.3132718 0.3131217 0.3305372 0.3019669 0.3425220 0.4546900 0.4170086 0.3568142 0.4753036 0.3518775 0.3203468 0.3335093 0.3336194 0.3322803 0.4061817 0.3974989 0.3806600 0.4726889 
Naumovozyma_dairenensis                     0.5368858 0.4095580 0.6347851 0.5861014 0.5763062 0.6619437 0.6725004 0.9581302 0.2709247 0.0000000 3.3197890 0.4164143 0.4117791 0.4169792 0.3955594 0.3938534 0.4011138 0.4010115 0.4429352 0.4768938 0.4116027 0.3603881 0.3370151 0.3674573 0.3476631 0.3332863 0.4411283 0.4938464 0.4877304 0.3946521 0.5200777 0.3884260 0.3535045 0.3411619 0.3534753 0.3637194 0.4648603 0.4381002 0.4570911 0.4703585 
Neurospora_crassa                           2.2493486 2.3680815 2.1999691 2.3047593 1.8561088 2.6677723 1.9185644 1.8246013 2.6449679 3.3197890 0.0000000 2.4585051 2.4370971 2.4052866 2.4462342 2.5346435 2.5412346 2.3611946 3.1239040 2.7987452 2.4523041 2.3364983 2.4423042 2.7138998 2.5369405 2.4201215 2.4166085 2.0064909 1.9718074 2.8486755 2.3605396 2.5825656 2.1988633 3.2669489 2.3876888 2.8241194 2.5923059 2.8909986 2.6674760 2.9968181 
Saccharomyces_arboricola                    0.4640564 0.4566673 0.5114183 0.5732444 0.4585005 0.6795248 0.5697178 0.6975133 0.3316014 0.4164143 2.4585051 0.0000000 0.2016662 0.1670059 0.1572168 0.2000325 0.1814927 0.1562857 0.5097242 0.5613183 0.3688111 0.4021258 0.4468867 0.4351171 0.4157928 0.4032145 0.4537656 0.4691827 0.4009506 0.4802692 0.5948450 0.4768806 0.4195776 0.4179856 0.4436930 0.4775767 0.5240868 0.5386969 0.5469018 0.6164707 
Saccharomyces_cerevisiae                    0.5082256 0.4664271 0.5683999 0.6273621 0.4869125 0.6852394 0.5899033 0.7171120 0.3470923 0.4117791 2.4370971 0.2016662 0.0000000 0.2167782 0.1716190 0.1361163 0.0850460 0.2011672 0.5119852 0.5239416 0.3895315 0.3759744 0.4509684 0.4340789 0.4525175 0.4126609 0.4425917 0.5214463 0.4382936 0.5106720 0.5698222 0.4485884 0.4749590 0.4174308 0.4755940 0.4741732 0.5087996 0.5073835 0.5048333 0.5814933 
Saccharomyces_eubayanus                     0.4707861 0.5161189 0.5611865 0.5834163 0.4520314 0.6535867 0.5152967 0.6496625 0.3600814 0.4169792 2.4052866 0.1670059 0.2167782 0.0000000 0.1675092 0.2167315 0.2064177 0.0540362 0.5564797 0.5740027 0.4343501 0.4168531 0.4457614 0.4668913 0.4343666 0.4305374 0.4626353 0.4801858 0.4100801 0.5113064 0.6179129 0.4953529 0.4505040 0.4476177 0.4756559 0.5196248 0.5651175 0.5485191 0.5735007 0.6288733 
Saccharomyces_kudriavzevii                  0.4837694 0.4878964 0.5494022 0.6143499 0.4993253 0.6671706 0.5618689 0.7188561 0.3558433 0.3955594 2.4462342 0.1572168 0.1716190 0.1675092 0.0000000 0.1903087 0.1523219 0.1603450 0.5121788 0.5009362 0.3984904 0.4026907 0.4416989 0.4403479 0.4252195 0.4064497 0.4185481 0.5108277 0.4385651 0.4959287 0.6105114 0.4612137 0.4276170 0.4225047 0.4601987 0.4916933 0.5145309 0.4955114 0.5062212 0.6050364 
Saccharomyces_mikatae                       0.5027100 0.4908302 0.5774711 0.6124991 0.5243423 0.6514379 0.6165520 0.7718442 0.3483527 0.3938534 2.5346435 0.2000325 0.1361163 0.2167315 0.1903087 0.0000000 0.1283760 0.1998689 0.5250913 0.5219235 0.4217193 0.3793898 0.4373168 0.4531259 0.4537816 0.4083269 0.4641560 0.5022328 0.4588975 0.5008231 0.5649943 0.4418631 0.4449410 0.3968565 0.4487575 0.4861732 0.5214152 0.4957591 0.5302255 0.6195801 
Saccharomyces_paradoxus                     0.4954965 0.4899615 0.5599395 0.6271139 0.5017217 0.6421198 0.5915948 0.7061744 0.3587711 0.4011138 2.5412346 0.1814927 0.0850460 0.2064177 0.1523219 0.1283760 0.0000000 0.1995522 0.5276324 0.5503409 0.4135220 0.4092093 0.4578017 0.4671141 0.4590349 0.4257355 0.4650812 0.5231320 0.4301733 0.5319441 0.5919805 0.4611521 0.4595191 0.4224699 0.4628716 0.5221949 0.5533383 0.5284027 0.5410964 0.6356920 
Saccharomyces_uvarum                        0.4460613 0.5034363 0.5623709 0.5859389 0.4316843 0.6607205 0.4933414 0.6444675 0.3518702 0.4010115 2.3611946 0.1562857 0.2011672 0.0540362 0.1603450 0.1998689 0.1995522 0.0000000 0.5223721 0.5450648 0.4112420 0.3996417 0.4552562 0.4424705 0.4119067 0.4172460 0.4339702 0.4842080 0.4199547 0.4998763 0.6008420 0.4925709 0.4434028 0.4307537 0.4641218 0.5152907 0.5312712 0.5189819 0.5348670 0.6141879 
Tetrapisispora_blattae                      0.5903815 0.5466739 0.8353469 0.6566637 0.6477295 0.7924714 0.7510715 1.0367351 0.3912979 0.4429352 3.1239040 0.5097242 0.5119852 0.5564797 0.5121788 0.5250913 0.5276324 0.5223721 0.0000000 0.4813459 0.4078728 0.4792236 0.4401171 0.4719735 0.4814046 0.4916187 0.4822232 0.6605097 0.6436715 0.4585567 0.5231360 0.4820132 0.4811085 0.3989705 0.5078744 0.4419521 0.4887997 0.4309638 0.4852673 0.4520117 
Tetrapisispora_phaffii                      0.5588604 0.5213847 0.7245435 0.6718205 0.5816981 0.7067680 0.6662407 0.9607748 0.4279198 0.4768938 2.7987452 0.5613183 0.5239416 0.5740027 0.5009362 0.5219235 0.5503409 0.5450648 0.4813459 0.0000000 0.4049763 0.4191313 0.4576276 0.3836314 0.5209238 0.4727486 0.5389994 0.5967090 0.5713744 0.5038820 0.5460371 0.5174282 0.4673915 0.4327005 0.4652807 0.4496652 0.1897327 0.2131863 0.1922985 0.4306490 
Vanderwaltozyma_polyspora                   0.4077988 0.3968513 0.6053597 0.5494645 0.4557803 0.7037272 0.5945094 0.7465815 0.3098561 0.4116027 2.4523041 0.3688111 0.3895315 0.4343501 0.3984904 0.4217193 0.4135220 0.4112420 0.4078728 0.4049763 0.0000000 0.3439770 0.3797325 0.3819594 0.4030025 0.3722157 0.4176346 0.4889528 0.4863387 0.4047559 0.4867538 0.3832606 0.4046397 0.3912228 0.4320337 0.3738347 0.3938419 0.3617993 0.4001016 0.4429307 
yHAB132_Kazachstania_martiniae              0.4846754 0.3996216 0.5155743 0.5565803 0.4809336 0.7019889 0.6256896 0.7862650 0.3246875 0.3603881 2.3364983 0.4021258 0.3759744 0.4168531 0.4026907 0.3793898 0.4092093 0.3996417 0.4792236 0.4191313 0.3439770 0.0000000 0.3072797 0.4129002 0.4102033 0.3119275 0.4127494 0.4760246 0.4443490 0.3688264 0.5144593 0.3649867 0.3239117 0.3431238 0.3400404 0.3432851 0.4320439 0.4099829 0.4595128 0.4950718 
yHAB133_Kazachstania_unispora               0.6050116 0.4040834 0.5519526 0.5884229 0.6251242 0.7417425 0.6945388 0.9798536 0.3132718 0.3370151 2.4423042 0.4468867 0.4509684 0.4457614 0.4416989 0.4373168 0.4578017 0.4552562 0.4401171 0.4576276 0.3797325 0.3072797 0.0000000 0.2895183 0.3322019 0.1854572 0.4625510 0.5697266 0.4642433 0.3309174 0.4348720 0.3341396 0.1209542 0.2946074 0.1076429 0.2830084 0.4590104 0.4231766 0.4552903 0.4301872 
yHAB134_Kazachstania_turicensis             0.5014995 0.4325614 0.6160315 0.5493632 0.4977915 0.7735781 0.6135383 0.8724739 0.3131217 0.3674573 2.7138998 0.4351171 0.4340789 0.4668913 0.4403479 0.4531259 0.4671141 0.4424705 0.4719735 0.3836314 0.3819594 0.4129002 0.2895183 0.0000000 0.3921922 0.3149456 0.4986045 0.5157161 0.4678775 0.3934537 0.4605564 0.3966198 0.3260408 0.2757170 0.3250611 0.3531461 0.3926277 0.3704184 0.3765590 0.4872513 
yHAB136_Kazachstania_bromeliacearum         0.5326608 0.4525964 0.5177764 0.5443110 0.5245170 0.6884950 0.6049307 0.8447924 0.3305372 0.3476631 2.5369405 0.4157928 0.4525175 0.4343666 0.4252195 0.4537816 0.4590349 0.4119067 0.4814046 0.5209238 0.4030025 0.4102033 0.3322019 0.3921922 0.0000000 0.3128132 0.4115535 0.4672053 0.5197472 0.3897218 0.5448530 0.3991060 0.3521723 0.3795700 0.3670470 0.3641711 0.4897805 0.4778445 0.4825703 0.4742811 
yHAB143_Kazachstania_siamensis              0.5339206 0.4071672 0.5536722 0.5412143 0.5206815 0.7318311 0.6041165 0.9411563 0.3019669 0.3332863 2.4201215 0.4032145 0.4126609 0.4305374 0.4064497 0.4083269 0.4257355 0.4172460 0.4916187 0.4727486 0.3722157 0.3119275 0.1854572 0.3149456 0.3128132 0.0000000 0.4361137 0.4674115 0.4743358 0.3872276 0.4623498 0.3131512 0.2059904 0.3018250 0.1961395 0.3275809 0.4329934 0.4303608 0.4443732 0.4499177 
yHAB147_Kazachstania_taianensis             0.5332946 0.4733730 0.4894870 0.6153299 0.5187340 0.7355214 0.5860793 0.7575625 0.3425220 0.4411283 2.4166085 0.4537656 0.4425917 0.4626353 0.4185481 0.4641560 0.4650812 0.4339702 0.4822232 0.5389994 0.4176346 0.4127494 0.4625510 0.4986045 0.4115535 0.4361137 0.0000000 0.5297854 0.4615208 0.4361790 0.6155356 0.4247625 0.4358449 0.4711238 0.4800881 0.4157652 0.5549274 0.4963145 0.5551268 0.5901590 
yHAB148_Kazachstania_intestinalis           0.4642653 0.5442895 0.5265071 0.5411225 0.4396270 0.7590924 0.4858526 0.5931275 0.4546900 0.4938464 2.0064909 0.4691827 0.5214463 0.4801858 0.5108277 0.5022328 0.5231320 0.4842080 0.6605097 0.5967090 0.4889528 0.4760246 0.5697266 0.5157161 0.4672053 0.4674115 0.5297854 0.0000000 0.4711666 0.5766469 0.6094439 0.5483994 0.5344994 0.5021813 0.5642373 0.5466261 0.5620166 0.6103745 0.5468358 0.6627936 
yHAB153_Kazachstania_rosinii                0.5272770 0.4652014 0.4975999 0.5277583 0.4744623 0.7112979 0.5507621 0.6927214 0.4170086 0.4877304 1.9718074 0.4009506 0.4382936 0.4100801 0.4385651 0.4588975 0.4301733 0.4199547 0.6436715 0.5713744 0.4863387 0.4443490 0.4642433 0.4678775 0.5197472 0.4743358 0.4615208 0.4711666 0.0000000 0.5385971 0.6025589 0.4535051 0.3840987 0.4549083 0.4436444 0.5162223 0.5452403 0.5536573 0.5502640 0.6395818 
yHAB154_Kazachstania_transvaalensis         0.5654615 0.4713987 0.5799022 0.6327835 0.5602623 0.7827981 0.7005350 0.9521062 0.3568142 0.3946521 2.8486755 0.4802692 0.5106720 0.5113064 0.4959287 0.5008231 0.5319441 0.4998763 0.4585567 0.5038820 0.4047559 0.3688264 0.3309174 0.3934537 0.3897218 0.3872276 0.4361790 0.5766469 0.5385971 0.0000000 0.5463098 0.4187317 0.3725756 0.3428336 0.3694761 0.1668872 0.4739953 0.4632280 0.4859573 0.4957304 
yHAB155_Kazachstania_spencerorum            0.6814519 0.6052485 0.7193278 0.7379378 0.7177565 0.8896812 0.7879336 1.0582584 0.4753036 0.5200777 2.3605396 0.5948450 0.5698222 0.6179129 0.6105114 0.5649943 0.5919805 0.6008420 0.5231360 0.5460371 0.4867538 0.5144593 0.4348720 0.4605564 0.5448530 0.4623498 0.6155356 0.6094439 0.6025589 0.5463098 0.0000000 0.5117861 0.4602118 0.5357285 0.4610752 0.5405077 0.5760793 0.5300104 0.5681956 0.5512578 
yHAB158_Kazachstania_viticola               0.5817606 0.4084187 0.6268622 0.6257203 0.6211086 0.7219300 0.6922906 0.9796051 0.3518775 0.3884260 2.5825656 0.4768806 0.4485884 0.4953529 0.4612137 0.4418631 0.4611521 0.4925709 0.4820132 0.5174282 0.3832606 0.3649867 0.3341396 0.3966198 0.3991060 0.3131512 0.4247625 0.5483994 0.4535051 0.4187317 0.5117861 0.0000000 0.3875126 0.3301266 0.3915646 0.3331880 0.4810087 0.4383818 0.4980234 0.4832759 
yHAB159_Kazachstania_solicola               0.5603749 0.4095478 0.4853834 0.5725610 0.5629206 0.7659655 0.6648310 0.9068582 0.3203468 0.3535045 2.1988633 0.4195776 0.4749590 0.4505040 0.4276170 0.4449410 0.4595191 0.4434028 0.4811085 0.4673915 0.4046397 0.3239117 0.1209542 0.3260408 0.3521723 0.2059904 0.4358449 0.5344994 0.3840987 0.3725756 0.4602118 0.3875126 0.0000000 0.3479539 0.0557236 0.3369755 0.4795119 0.4343145 0.4713617 0.4571507 
yHAB160_Kazachstania_kunashirensis          0.5359047 0.3981520 0.6420302 0.5392329 0.5366247 0.7134414 0.6242551 0.9224738 0.3335093 0.3411619 3.2669489 0.4179856 0.4174308 0.4476177 0.4225047 0.3968565 0.4224699 0.4307537 0.3989705 0.4327005 0.3912228 0.3431238 0.2946074 0.2757170 0.3795700 0.3018250 0.4711238 0.5021813 0.4549083 0.3428336 0.5357285 0.3301266 0.3479539 0.0000000 0.3327988 0.3278694 0.4417517 0.3912142 0.4327754 0.5060844 
yHAB164_Kazachstania_aerobia                0.6032358 0.4164250 0.5515514 0.5946943 0.5931849 0.7493705 0.6730532 0.9899910 0.3336194 0.3534753 2.3876888 0.4436930 0.4755940 0.4756559 0.4601987 0.4487575 0.4628716 0.4641218 0.5078744 0.4652807 0.4320337 0.3400404 0.1076429 0.3250611 0.3670470 0.1961395 0.4800881 0.5642373 0.4436444 0.3694761 0.4610752 0.3915646 0.0557236 0.3327988 0.0000000 0.3494010 0.4684138 0.4318170 0.4801071 0.4300270 
yHAB166_Kazachstania_yakushimaensis         0.5874430 0.4076977 0.6195112 0.6326998 0.6077512 0.7527477 0.7358686 1.0441205 0.3322803 0.3637194 2.8241194 0.4775767 0.4741732 0.5196248 0.4916933 0.4861732 0.5221949 0.5152907 0.4419521 0.4496652 0.3738347 0.3432851 0.2830084 0.3531461 0.3641711 0.3275809 0.4157652 0.5466261 0.5162223 0.1668872 0.5405077 0.3331880 0.3369755 0.3278694 0.3494010 0.0000000 0.4244856 0.3951765 0.4091991 0.4324031 
yHMPu5000034875_Tetrapisispora_fleetii      0.5765222 0.4692225 0.6971924 0.6548046 0.6089983 0.7544325 0.6953542 0.9645075 0.4061817 0.4648603 2.5923059 0.5240868 0.5087996 0.5651175 0.5145309 0.5214152 0.5533383 0.5312712 0.4887997 0.1897327 0.3938419 0.4320439 0.4590104 0.3926277 0.4897805 0.4329934 0.5549274 0.5620166 0.5452403 0.4739953 0.5760793 0.4810087 0.4795119 0.4417517 0.4684138 0.4244856 0.0000000 0.2272425 0.1320875 0.4542150 
yHMPu5000034876_Tetrapisispora_iriomotensis 0.5384196 0.4266939 0.6646207 0.6343508 0.5981762 0.7564084 0.6842569 0.9718487 0.3974989 0.4381002 2.8909986 0.5386969 0.5073835 0.5485191 0.4955114 0.4957591 0.5284027 0.5189819 0.4309638 0.2131863 0.3617993 0.4099829 0.4231766 0.3704184 0.4778445 0.4303608 0.4963145 0.6103745 0.5536573 0.4632280 0.5300104 0.4383818 0.4343145 0.3912142 0.4318170 0.3951765 0.2272425 0.0000000 0.2404130 0.4456882 
yHMPu5000034877_Tetrapisispora_namnaonensis 0.5685862 0.4599929 0.6652596 0.6252738 0.6259304 0.8005617 0.7126529 1.0289272 0.3806600 0.4570911 2.6674760 0.5469018 0.5048333 0.5735007 0.5062212 0.5302255 0.5410964 0.5348670 0.4852673 0.1922985 0.4001016 0.4595128 0.4552903 0.3765590 0.4825703 0.4443732 0.5551268 0.5468358 0.5502640 0.4859573 0.5681956 0.4980234 0.4713617 0.4327754 0.4801071 0.4091991 0.1320875 0.2404130 0.0000000 0.4609058 
yHMPu5000035629_Yueomyces_sinensis          0.7206853 0.5717531 0.7943074 0.7473736 0.6852806 0.7695239 0.7755880 1.0500958 0.4726889 0.4703585 2.9968181 0.6164707 0.5814933 0.6288733 0.6050364 0.6195801 0.6356920 0.6141879 0.4520117 0.4306490 0.4429307 0.4950718 0.4301872 0.4872513 0.4742811 0.4499177 0.5901590 0.6627936 0.6395818 0.4957304 0.5512578 0.4832759 0.4571507 0.5060844 0.4300270 0.4324031 0.4542150 0.4456882 0.4609058 0.0000000 
