40
Candida_glabrata                            0.0000000 0.7522166 0.8978350 0.7453612 0.4065808 1.2915850 0.4996147 0.3931258 0.6275148 0.5956831 2.9002447 0.6657367 0.6678623 0.6845805 0.6684472 0.6784242 0.7019859 0.7040031 0.9045000 0.9053785 0.6335342 0.7117062 0.7635122 0.7014213 0.7785266 0.6758896 1.0069702 0.7913943 0.7069371 0.8006374 0.7532909 0.6412017 0.6223698 0.6792325 0.6044521 0.6935640 0.8629325 0.8009236 0.9386030 0.9500222 
Kazachstania_africana                       0.7522166 0.0000000 0.7964278 0.7020821 0.6062822 1.3538431 0.6601458 0.6203603 0.6341024 0.5804526 3.5544720 0.6605725 0.6957642 0.6791883 0.7080646 0.7272332 0.6987342 0.7314791 0.8664916 0.7099151 0.7331712 0.5480912 0.5843531 0.7280538 0.6420885 0.5439847 1.2008472 0.7622236 0.6922551 0.7311678 0.5469558 0.5623519 0.5558286 0.6335276 0.5710829 0.7014868 0.7513400 0.7593438 0.7866601 0.8704722 
Kazachstania_naganishii                     0.8978350 0.7964278 0.0000000 0.7974691 0.8724502 1.3663105 0.9460665 0.8457612 0.7426958 0.7387407 3.7182109 0.8082015 0.8035763 0.7950621 0.7852259 0.8582926 0.8378334 0.8296808 0.8729734 0.8706431 0.8113682 0.8072496 0.8043696 0.8256813 0.7342228 0.6946944 0.9146138 0.8922412 0.8043744 0.9408164 0.7950151 0.7144541 0.6771040 0.7886566 0.6526439 0.7301969 0.9726707 0.9736029 0.9489889 1.0340337 
Nakaseomyces_bacillisporus                  0.7453612 0.7020821 0.7974691 0.0000000 0.6793004 1.2078611 0.7280596 0.6847554 0.6476202 0.5640000 3.4048681 0.7140666 0.6741366 0.6749839 0.6589834 0.7029504 0.6971920 0.6738076 0.8922332 0.7335124 0.7009342 0.6333869 0.6887664 0.7107190 0.7809840 0.6165457 1.1251947 0.7999656 0.8245572 0.7670574 0.7571485 0.6790612 0.5987794 0.6699466 0.6062885 0.7643046 0.8738507 0.8426218 0.7856426 1.0370351 
Nakaseomyces_bracarensis                    0.4065808 0.6062822 0.8724502 0.6793004 0.0000000 1.2093038 0.3453465 0.2433326 0.6317605 0.5682333 3.2764399 0.6775493 0.6887997 0.6832455 0.6706611 0.7031957 0.6704433 0.6751089 0.9879816 0.7155071 0.6402117 0.6042140 0.7040749 0.7803531 0.7434894 0.6289885 1.0265759 0.7864891 0.7614983 0.7676188 0.6069180 0.6653636 0.5828366 0.6536108 0.6169028 0.6505721 0.7901893 0.7300354 0.7770249 0.9065057 
Nakaseomyces_castellii                      1.2915850 1.3538431 1.3663105 1.2078611 1.2093038 0.0000000 1.4037020 1.1964892 1.2443837 1.2648070 3.8836469 1.3788042 1.2812001 1.2706420 1.3737505 1.2845649 1.3798696 1.2631233 1.3865758 1.3750297 1.3363567 1.2128907 1.2402936 1.1714494 1.3220532 1.1506217 1.5125589 1.4764533 1.3175830 1.3547823 1.3628548 1.1736933 1.0964049 1.2262955 1.1152331 1.2304791 1.2617949 1.3107760 1.2354056 1.5062439 
Nakaseomyces_delphensis                     0.4996147 0.6601458 0.9460665 0.7280596 0.3453465 1.4037020 0.0000000 0.2276845 0.6305435 0.6153568 2.9530309 0.6761658 0.6793345 0.6782903 0.6685950 0.7076665 0.7110608 0.6835976 0.9366553 0.8082899 0.7022177 0.6416968 0.7215478 0.8063837 0.7072063 0.6685944 0.9310098 0.8245973 0.7538406 0.7130180 0.7307170 0.6761229 0.6750360 0.7884368 0.6787456 0.6609432 0.8328686 0.8435651 0.8547473 1.0667761 
Nakaseomyces_nivariensis                    0.3931258 0.6203603 0.8457612 0.6847554 0.2433326 1.1964892 0.2276845 0.0000000 0.5907015 0.5852176 2.9109956 0.5888623 0.6714762 0.6304751 0.6240287 0.6769479 0.6584358 0.6202322 0.9192353 0.6356847 0.5914575 0.6156507 0.6348741 0.6805356 0.6329428 0.5910354 0.9304598 0.7595026 0.7191519 0.7001630 0.6572270 0.6279392 0.5888928 0.6926780 0.5880169 0.6342771 0.7343116 0.7621354 0.7974891 0.9808174 
Naumovozyma_castellii                       0.6275148 0.6341024 0.7426958 0.6476202 0.6317605 1.2443837 0.6305435 0.5907015 0.0000000 0.3761527 3.4854091 0.5524147 0.5201657 0.5525056 0.5445507 0.5706885 0.5621125 0.5641670 0.7517945 0.6705597 0.6189005 0.5662922 0.5256407 0.6959175 0.5638116 0.5012437 0.8519007 0.7977584 0.5590919 0.5675162 0.5252595 0.5692251 0.4758690 0.5371857 0.4461232 0.5203299 0.6845845 0.7040841 0.6956726 0.8685298 
Naumovozyma_dairenensis                     0.5956831 0.5804526 0.7387407 0.5640000 0.5682333 1.2648070 0.6153568 0.5852176 0.3761527 0.0000000 3.4589027 0.5367208 0.5437400 0.5614262 0.5369748 0.5922831 0.5987927 0.5672783 0.7361769 0.6788742 0.6529110 0.5625036 0.5224523 0.6434536 0.5435046 0.4588371 1.0698175 0.7721092 0.6558966 0.6313162 0.4215835 0.5157658 0.4528116 0.5111940 0.4291032 0.5745015 0.7550778 0.6959010 0.7125453 0.8182528 
Neurospora_crassa                           2.9002447 3.5544720 3.7182109 3.4048681 3.2764399 3.8836469 2.9530309 2.9109956 3.4854091 3.4589027 0.0000000 2.9795798 3.1272736 2.8068082 2.9168786 3.2362347 3.2616405 2.8451190 3.4559728 3.6404744 3.3870930 3.3723054 4.4866189 3.1939812 3.2425576 3.6338418 2.5727258 3.5601533 2.9012367 3.8150406 3.5943875 3.4849677 3.8537314 3.4512818 3.8757950 3.3842610 3.7669099 3.4923573 3.5343245 3.9991168 
Saccharomyces_arboricola                    0.6657367 0.6605725 0.8082015 0.7140666 0.6775493 1.3788042 0.6761658 0.5888623 0.5524147 0.5367208 2.9795798 0.0000000 0.1791756 0.1738904 0.1741008 0.2055380 0.1985234 0.1976198 0.8243208 0.7573391 0.6507507 0.6532656 0.7227830 0.7601368 0.6155881 0.5718242 1.0602949 0.8050567 0.6330737 0.7243339 0.6289081 0.5734004 0.5859257 0.7107855 0.5694201 0.7047081 0.7797877 0.7327897 0.8347398 0.9694933 
Saccharomyces_cerevisiae                    0.6678623 0.6957642 0.8035763 0.6741366 0.6887997 1.2812001 0.6793345 0.6714762 0.5201657 0.5437400 3.1272736 0.1791756 0.0000000 0.2128554 0.1682452 0.1664904 0.0918745 0.2369809 0.8421770 0.7489676 0.6957545 0.6767735 0.7322930 0.7837591 0.6290581 0.6182783 0.9860208 0.7597725 0.6809846 0.7091296 0.6342103 0.6197020 0.5865776 0.6359197 0.5617784 0.7270985 0.7757635 0.7099675 0.7759783 0.9416791 
Saccharomyces_eubayanus                     0.6845805 0.6791883 0.7950621 0.6749839 0.6832455 1.2706420 0.6782903 0.6304751 0.5525056 0.5614262 2.8068082 0.1738904 0.2128554 0.0000000 0.1698043 0.2174020 0.1920232 0.0597981 0.8120710 0.7874269 0.6647278 0.6321714 0.6864879 0.7582726 0.6746562 0.6103058 0.9460571 0.7900901 0.6558844 0.6599760 0.6489834 0.5823322 0.6062940 0.7210381 0.5731993 0.7448777 0.8525922 0.7399798 0.8578938 0.9498283 
Saccharomyces_kudriavzevii                  0.6684472 0.7080646 0.7852259 0.6589834 0.6706611 1.3737505 0.6685950 0.6240287 0.5445507 0.5369748 2.9168786 0.1741008 0.1682452 0.1698043 0.0000000 0.1970039 0.1772360 0.1837582 0.8568425 0.7342874 0.6606227 0.6210371 0.7201901 0.6898148 0.6476055 0.6066310 1.0244196 0.8455571 0.6707936 0.6725797 0.6595274 0.6354947 0.5965665 0.6313098 0.5771635 0.7050294 0.7964443 0.7505751 0.7900763 0.9577947 
Saccharomyces_mikatae                       0.6784242 0.7272332 0.8582926 0.7029504 0.7031957 1.2845649 0.7076665 0.6769479 0.5706885 0.5922831 3.2362347 0.2055380 0.1664904 0.2174020 0.1970039 0.0000000 0.1657121 0.2138352 0.9073159 0.8047028 0.6764765 0.6957235 0.7333176 0.7736320 0.6706063 0.6438544 0.9736457 0.8226411 0.6714275 0.7142995 0.6186301 0.6327775 0.6270881 0.6570143 0.6266123 0.7009928 0.8378332 0.7334758 0.8234123 0.9799115 
Saccharomyces_paradoxus                     0.7019859 0.6987342 0.8378334 0.6971920 0.6704433 1.3798696 0.7110608 0.6584358 0.5621125 0.5987927 3.2616405 0.1985234 0.0918745 0.1920232 0.1772360 0.1657121 0.0000000 0.2052370 0.8867860 0.7206891 0.6598153 0.6891472 0.7467636 0.8151349 0.6728600 0.6625484 1.0294668 0.8414605 0.7126951 0.7258351 0.6363461 0.6392410 0.6172890 0.6888799 0.5981069 0.7208173 0.7672939 0.6618340 0.7774746 0.9551933 
Saccharomyces_uvarum                        0.7040031 0.7314791 0.8296808 0.6738076 0.6751089 1.2631233 0.6835976 0.6202322 0.5641670 0.5672783 2.8451190 0.1976198 0.2369809 0.0597981 0.1837582 0.2138352 0.2052370 0.0000000 0.8279891 0.7616472 0.6786959 0.6314517 0.7447558 0.7699490 0.6980534 0.6383840 0.9359426 0.7705561 0.6800770 0.6514285 0.6399652 0.6126304 0.5944222 0.7543279 0.6078573 0.7430349 0.8689792 0.7538520 0.8480865 0.9454972 
Tetrapisispora_blattae                      0.9045000 0.8664916 0.8729734 0.8922332 0.9879816 1.3865758 0.9366553 0.9192353 0.7517945 0.7361769 3.4559728 0.8243208 0.8421770 0.8120710 0.8568425 0.9073159 0.8867860 0.8279891 0.0000000 0.7008673 0.7092471 0.8454753 0.9092641 0.8510433 0.8135129 0.8102319 1.3429486 1.1712379 0.9504543 0.9086306 0.8821304 0.6997084 0.7725487 0.9837978 0.7776807 0.8147924 0.8322876 0.7586074 0.8470114 0.5523342 
Tetrapisispora_phaffii                      0.9053785 0.7099151 0.8706431 0.7335124 0.7155071 1.3750297 0.8082899 0.6356847 0.6705597 0.6788742 3.6404744 0.7573391 0.7489676 0.7874269 0.7342874 0.8047028 0.7206891 0.7616472 0.7008673 0.0000000 0.5107144 0.6423890 0.7358300 0.8041445 0.7656426 0.7010540 1.1873081 0.9171326 0.7914474 0.7700224 0.7028745 0.6500914 0.6107828 0.7536661 0.5897772 0.7054404 0.2511644 0.3068596 0.2679448 0.7277728 
Vanderwaltozyma_polyspora                   0.6335342 0.7331712 0.8113682 0.7009342 0.6402117 1.3363567 0.7022177 0.5914575 0.6189005 0.6529110 3.3870930 0.6507507 0.6957545 0.6647278 0.6606227 0.6764765 0.6598153 0.6786959 0.7092471 0.5107144 0.0000000 0.6087690 0.6600041 0.7717225 0.7939311 0.6283993 1.1975181 0.8088325 0.6818074 0.6900780 0.5594422 0.6162705 0.5969100 0.6059872 0.5753153 0.6202556 0.5167438 0.5277522 0.5185553 0.6645651 
yHAB132_Kazachstania_martiniae              0.7117062 0.5480912 0.8072496 0.6333869 0.6042140 1.2128907 0.6416968 0.6156507 0.5662922 0.5625036 3.3723054 0.6532656 0.6767735 0.6321714 0.6210371 0.6957235 0.6891472 0.6314517 0.8454753 0.6423890 0.6087690 0.0000000 0.5692248 0.5857512 0.5706999 0.4943811 1.0266968 0.7673236 0.6104331 0.5997017 0.4676501 0.5125186 0.5055203 0.5174624 0.5204583 0.5831851 0.7236820 0.6849123 0.7369982 0.8758363 
yHAB133_Kazachstania_unispora               0.7635122 0.5843531 0.8043696 0.6887664 0.7040749 1.2402936 0.7215478 0.6348741 0.5256407 0.5224523 4.4866189 0.7227830 0.7322930 0.6864879 0.7201901 0.7333176 0.7467636 0.7447558 0.9092641 0.7358300 0.6600041 0.5692248 0.0000000 0.6799965 0.5626742 0.2540861 1.0140479 0.8453359 0.7100227 0.5532645 0.5863538 0.5244847 0.2297752 0.5699656 0.2537288 0.4244527 0.7624107 0.6912214 0.7226101 0.8690903 
yHAB134_Kazachstania_turicensis             0.7014213 0.7280538 0.8256813 0.7107190 0.7803531 1.1714494 0.8063837 0.6805356 0.6959175 0.6434536 3.1939812 0.7601368 0.7837591 0.7582726 0.6898148 0.7736320 0.8151349 0.7699490 0.8510433 0.8041445 0.7717225 0.5857512 0.6799965 0.0000000 0.7030645 0.5698978 0.9638173 0.7948779 0.6971464 0.7536905 0.6616858 0.6264509 0.5616703 0.5456379 0.5531337 0.6908957 0.8868393 0.8673858 0.8927097 0.8763771 
yHAB136_Kazachstania_bromeliacearum         0.7785266 0.6420885 0.7342228 0.7809840 0.7434894 1.3220532 0.7072063 0.6329428 0.5638116 0.5435046 3.2425576 0.6155881 0.6290581 0.6746562 0.6476055 0.6706063 0.6728600 0.6980534 0.8135129 0.7656426 0.7939311 0.5706999 0.5626742 0.7030645 0.0000000 0.4825829 0.9909360 0.8321876 0.7339182 0.6578955 0.5219014 0.5518670 0.5100208 0.6228723 0.5233137 0.6121074 0.7644396 0.7526684 0.7389300 0.9226192 
yHAB143_Kazachstania_siamensis              0.6758896 0.5439847 0.6946944 0.6165457 0.6289885 1.1506217 0.6685944 0.5910354 0.5012437 0.4588371 3.6338418 0.5718242 0.6182783 0.6103058 0.6066310 0.6438544 0.6625484 0.6383840 0.8102319 0.7010540 0.6283993 0.4943811 0.2540861 0.5698978 0.4825829 0.0000000 0.8395955 0.7844980 0.6308896 0.5224831 0.4486746 0.4577095 0.2233257 0.4829970 0.2411574 0.4399857 0.7253905 0.6303589 0.6570955 0.7809629 
yHAB147_Kazachstania_taianensis             1.0069702 1.2008472 0.9146138 1.1251947 1.0265759 1.5125589 0.9310098 0.9304598 0.8519007 1.0698175 2.5727258 1.0602949 0.9860208 0.9460571 1.0244196 0.9736457 1.0294668 0.9359426 1.3429486 1.1873081 1.1975181 1.0266968 1.0140479 0.9638173 0.9909360 0.8395955 0.0000000 1.2061531 0.7561755 1.1356094 1.2132671 1.1158347 0.8850323 1.2274904 0.8670858 1.0915903 1.2930092 1.3183558 1.3101616 1.3746438 
yHAB148_Kazachstania_intestinalis           0.7913943 0.7622236 0.8922412 0.7999656 0.7864891 1.4764533 0.8245973 0.7595026 0.7977584 0.7721092 3.5601533 0.8050567 0.7597725 0.7900901 0.8455571 0.8226411 0.8414605 0.7705561 1.1712379 0.9171326 0.8088325 0.7673236 0.8453359 0.7948779 0.8321876 0.7844980 1.2061531 0.0000000 0.7853322 0.9015068 0.7611983 0.7784111 0.6913943 0.8035271 0.7470767 0.8356490 0.9804820 0.9622631 0.9327362 1.2051859 
yHAB153_Kazachstania_rosinii                0.7069371 0.6922551 0.8043744 0.8245572 0.7614983 1.3175830 0.7538406 0.7191519 0.5590919 0.6558966 2.9012367 0.6330737 0.6809846 0.6558844 0.6707936 0.6714275 0.7126951 0.6800770 0.9504543 0.7914474 0.6818074 0.6104331 0.7100227 0.6971464 0.7339182 0.6308896 0.7561755 0.7853322 0.0000000 0.7695962 0.5769721 0.6201784 0.5259764 0.6271973 0.5376042 0.7337826 0.8122890 0.8852022 0.8495073 0.9657463 
yHAB154_Kazachstania_transvaalensis         0.8006374 0.7311678 0.9408164 0.7670574 0.7676188 1.3547823 0.7130180 0.7001630 0.5675162 0.6313162 3.8150406 0.7243339 0.7091296 0.6599760 0.6725797 0.7142995 0.7258351 0.6514285 0.9086306 0.7700224 0.6900780 0.5997017 0.5532645 0.7536905 0.6578955 0.5224831 1.1356094 0.9015068 0.7695962 0.0000000 0.5663822 0.5835510 0.4599953 0.5943550 0.4875969 0.2636960 0.8479956 0.8363590 0.8292083 0.8406547 
yHAB155_Kazachstania_spencerorum            0.7532909 0.5469558 0.7950151 0.7571485 0.6069180 1.3628548 0.7307170 0.6572270 0.5252595 0.4215835 3.5943875 0.6289081 0.6342103 0.6489834 0.6595274 0.6186301 0.6363461 0.6399652 0.8821304 0.7028745 0.5594422 0.4676501 0.5863538 0.6616858 0.5219014 0.4486746 1.2132671 0.7611983 0.5769721 0.5663822 0.0000000 0.5091839 0.4576493 0.5006375 0.4641935 0.5725522 0.7238938 0.6639813 0.6466689 0.8093952 
yHAB158_Kazachstania_viticola               0.6412017 0.5623519 0.7144541 0.6790612 0.6653636 1.1736933 0.6761229 0.6279392 0.5692251 0.5157658 3.4849677 0.5734004 0.6197020 0.5823322 0.6354947 0.6327775 0.6392410 0.6126304 0.6997084 0.6500914 0.6162705 0.5125186 0.5244847 0.6264509 0.5518670 0.4577095 1.1158347 0.7784111 0.6201784 0.5835510 0.5091839 0.0000000 0.4738848 0.5209012 0.4851743 0.5049280 0.6594364 0.6226656 0.6714216 0.8369137 
yHAB159_Kazachstania_solicola               0.6223698 0.5558286 0.6771040 0.5987794 0.5828366 1.0964049 0.6750360 0.5888928 0.4758690 0.4528116 3.8537314 0.5859257 0.5865776 0.6062940 0.5965665 0.6270881 0.6172890 0.5944222 0.7725487 0.6107828 0.5969100 0.5055203 0.2297752 0.5616703 0.5100208 0.2233257 0.8850323 0.6913943 0.5259764 0.4599953 0.4576493 0.4738848 0.0000000 0.5080607 0.0665387 0.4062957 0.7160807 0.6316755 0.6795073 0.7708578 
yHAB160_Kazachstania_kunashirensis          0.6792325 0.6335276 0.7886566 0.6699466 0.6536108 1.2262955 0.7884368 0.6926780 0.5371857 0.5111940 3.4512818 0.7107855 0.6359197 0.7210381 0.6313098 0.6570143 0.6888799 0.7543279 0.9837978 0.7536661 0.6059872 0.5174624 0.5699656 0.5456379 0.6228723 0.4829970 1.2274904 0.8035271 0.6271973 0.5943550 0.5006375 0.5209012 0.5080607 0.0000000 0.5054991 0.4997043 0.7156052 0.6293304 0.7340952 0.7716913 
yHAB164_Kazachstania_aerobia                0.6044521 0.5710829 0.6526439 0.6062885 0.6169028 1.1152331 0.6787456 0.5880169 0.4461232 0.4291032 3.8757950 0.5694201 0.5617784 0.5731993 0.5771635 0.6266123 0.5981069 0.6078573 0.7776807 0.5897772 0.5753153 0.5204583 0.2537288 0.5531337 0.5233137 0.2411574 0.8670858 0.7470767 0.5376042 0.4875969 0.4641935 0.4851743 0.0665387 0.5054991 0.0000000 0.4037342 0.7192059 0.6299064 0.7094407 0.7688565 
yHAB166_Kazachstania_yakushimaensis         0.6935640 0.7014868 0.7301969 0.7643046 0.6505721 1.2304791 0.6609432 0.6342771 0.5203299 0.5745015 3.3842610 0.7047081 0.7270985 0.7448777 0.7050294 0.7009928 0.7208173 0.7430349 0.8147924 0.7054404 0.6202556 0.5831851 0.4244527 0.6908957 0.6121074 0.4399857 1.0915903 0.8356490 0.7337826 0.2636960 0.5725522 0.5049280 0.4062957 0.4997043 0.4037342 0.0000000 0.7440939 0.6984489 0.7600619 0.7129188 
yHMPu5000034875_Tetrapisispora_fleetii      0.8629325 0.7513400 0.9726707 0.8738507 0.7901893 1.2617949 0.8328686 0.7343116 0.6845845 0.7550778 3.7669099 0.7797877 0.7757635 0.8525922 0.7964443 0.8378332 0.7672939 0.8689792 0.8322876 0.2511644 0.5167438 0.7236820 0.7624107 0.8868393 0.7644396 0.7253905 1.2930092 0.9804820 0.8122890 0.8479956 0.7238938 0.6594364 0.7160807 0.7156052 0.7192059 0.7440939 0.0000000 0.3278774 0.1737982 0.7166293 
yHMPu5000034876_Tetrapisispora_iriomotensis 0.8009236 0.7593438 0.9736029 0.8426218 0.7300354 1.3107760 0.8435651 0.7621354 0.7040841 0.6959010 3.4923573 0.7327897 0.7099675 0.7399798 0.7505751 0.7334758 0.6618340 0.7538520 0.7586074 0.3068596 0.5277522 0.6849123 0.6912214 0.8673858 0.7526684 0.6303589 1.3183558 0.9622631 0.8852022 0.8363590 0.6639813 0.6226656 0.6316755 0.6293304 0.6299064 0.6984489 0.3278774 0.0000000 0.3256605 0.7172606 
yHMPu5000034877_Tetrapisispora_namnaonensis 0.9386030 0.7866601 0.9489889 0.7856426 0.7770249 1.2354056 0.8547473 0.7974891 0.6956726 0.7125453 3.5343245 0.8347398 0.7759783 0.8578938 0.7900763 0.8234123 0.7774746 0.8480865 0.8470114 0.2679448 0.5185553 0.7369982 0.7226101 0.8927097 0.7389300 0.6570955 1.3101616 0.9327362 0.8495073 0.8292083 0.6466689 0.6714216 0.6795073 0.7340952 0.7094407 0.7600619 0.1737982 0.3256605 0.0000000 0.7040011 
yHMPu5000035629_Yueomyces_sinensis          0.9500222 0.8704722 1.0340337 1.0370351 0.9065057 1.5062439 1.0667761 0.9808174 0.8685298 0.8182528 3.9991168 0.9694933 0.9416791 0.9498283 0.9577947 0.9799115 0.9551933 0.9454972 0.5523342 0.7277728 0.6645651 0.8758363 0.8690903 0.8763771 0.9226192 0.7809629 1.3746438 1.2051859 0.9657463 0.8406547 0.8093952 0.8369137 0.7708578 0.7716913 0.7688565 0.7129188 0.7166293 0.7172606 0.7040011 0.0000000 
