40
Candida_glabrata                            0.0000000 2.3831870 2.4844307 2.8791906 1.3104320 3.2517194 1.4187254 1.2824011 2.2181115 2.2650572 8.9999990 2.3243029 2.3048451 2.2569696 2.3559728 2.2924183 2.2380515 2.2736252 2.3988760 2.5246692 2.4132871 2.3077911 2.4791665 2.4208150 2.2150029 2.4693041 2.4220066 2.8069545 2.0716927 2.5510196 2.1336086 2.4125328 2.4542047 2.3140171 2.4916352 2.4289277 2.6694407 2.5450879 2.6555219 2.7280884 
Kazachstania_africana                       2.3831870 0.0000000 1.8265645 2.2566777 2.2994727 2.6762072 2.3547254 2.2004545 1.3551190 1.3736492 8.9999981 1.7514702 1.8239790 1.7204172 1.7619479 1.8353103 1.8007813 1.7446967 1.8467051 2.0797846 1.8826325 1.4334933 1.6571775 1.6067312 1.3435664 1.6845803 1.7078188 2.1347501 1.2746704 1.6512685 1.2207358 1.6466287 1.6636563 1.4475741 1.7741044 1.6154397 2.1523382 2.0400790 2.1676419 2.1647349 
Kazachstania_naganishii                     2.4844307 1.8265645 0.0000000 2.6337333 2.4730439 2.9777563 2.5388354 2.4847647 1.7462104 1.7258823 8.9999985 2.0163126 2.0805166 2.0348291 2.0457957 2.1200253 2.0930560 2.0210979 2.1829413 2.1925702 2.0896919 1.5630915 1.6623859 1.8121949 1.3694634 1.6951110 1.6263243 2.5109395 1.6118448 1.7598752 1.5517932 2.0090961 1.7036982 1.7062037 1.7403680 1.7649479 2.3642619 2.2726767 2.3787074 2.4283991 
Nakaseomyces_bacillisporus                  2.8791906 2.2566777 2.6337333 0.0000000 2.8592563 2.5077922 2.9270806 2.8263759 2.1516659 2.1828736 8.9999981 2.3099661 2.3267097 2.3181864 2.3018885 2.3769578 2.3858543 2.3158495 2.3767332 2.6554746 2.4830237 2.4324424 2.4212009 2.3553537 2.2236341 2.4590199 2.7033535 3.0026060 2.2804171 2.4877874 2.2029744 2.5479716 2.3894512 2.2512308 2.3954000 2.5196983 2.6906842 2.5081672 2.6380393 2.7406698 
Nakaseomyces_bracarensis                    1.3104320 2.2994727 2.4730439 2.8592563 0.0000000 3.2615826 0.8770203 0.6940575 2.2263298 2.2235199 8.9999989 2.2105348 2.2982759 2.2663715 2.3018655 2.2984974 2.2229631 2.2231968 2.3801438 2.5669205 2.4425483 2.3532170 2.4373634 2.4002188 2.2597954 2.4114953 2.5335209 2.7586420 2.1225042 2.5733860 2.1671450 2.4209196 2.4209703 2.2710128 2.6117446 2.5129813 2.6480204 2.5303474 2.6415071 2.6495066 
Nakaseomyces_castellii                      3.2517194 2.6762072 2.9777563 2.5077922 3.2615826 0.0000000 3.3336298 3.3385388 2.5440419 2.6125511 8.9999981 2.7364091 2.7589973 2.7571934 2.7570972 2.8485963 2.7923440 2.7160700 2.9766896 3.1121538 2.7966868 2.8284766 2.9244305 2.7734045 2.6809781 3.0189460 2.8799790 3.2471850 2.5270884 2.9731059 2.4850924 2.8876178 2.9631272 2.6462519 2.7992083 2.9461741 3.1505473 3.0045511 3.1764551 3.0719303 
Nakaseomyces_delphensis                     1.4187254 2.3547254 2.5388354 2.9270806 0.8770203 3.3336298 0.0000000 0.6882652 2.2640542 2.3316878 8.9999989 2.3328614 2.3529151 2.2903330 2.3114492 2.3653189 2.3099103 2.3149065 2.4563533 2.6756938 2.4905062 2.5725893 2.4376478 2.4742798 2.3618078 2.5501559 2.5670172 2.7690770 2.2753654 2.6553845 2.2180239 2.7257151 2.3961936 2.3320137 2.4408642 2.6535137 2.6596823 2.7613104 2.7261787 2.7887728 
Nakaseomyces_nivariensis                    1.2824011 2.2004545 2.4847647 2.8263759 0.6940575 3.3385388 0.6882652 0.0000000 2.1325405 2.1471444 8.9999988 2.2052311 2.2075471 2.2012203 2.2296078 2.2336859 2.2160567 2.1416698 2.2703284 2.5421738 2.4232883 2.3519865 2.2395423 2.3644418 2.1525494 2.2430967 2.3141125 2.7110875 2.1540183 2.4076741 2.0754965 2.4096466 2.2343288 2.1702721 2.3867611 2.4019570 2.4932724 2.5732864 2.5065807 2.5515097 
Naumovozyma_castellii                       2.2181115 1.3551190 1.7462104 2.1516659 2.2263298 2.5440419 2.2640542 2.1325405 0.0000000 1.1200868 8.9999980 1.5975340 1.6346751 1.5456860 1.5819874 1.6395083 1.6519929 1.5297081 1.6806306 1.9759362 1.7318888 1.4494229 1.4987846 1.5638708 1.2852445 1.5580230 1.6880521 2.1820700 1.2521957 1.6386280 1.2362555 1.6326406 1.4887774 1.4370946 1.6500171 1.6171790 1.9453186 1.8754708 1.9727086 2.0050580 
Naumovozyma_dairenensis                     2.2650572 1.3736492 1.7258823 2.1828736 2.2235199 2.6125511 2.3316878 2.1471444 1.1200868 0.0000000 8.9999982 1.5970052 1.6471737 1.6024795 1.5742335 1.6306910 1.6575988 1.6013923 1.6344862 1.8860224 1.5776147 1.5276971 1.5517811 1.6860373 1.3188259 1.6101695 1.7005205 2.2578248 1.3596517 1.6755510 1.3107009 1.7072099 1.6087457 1.4431403 1.7539172 1.6511689 1.9562136 1.8473508 1.9073879 1.9717350 
Neurospora_crassa                           8.9999990 8.9999981 8.9999985 8.9999981 8.9999989 8.9999981 8.9999989 8.9999988 8.9999980 8.9999982 0.0000000 8.9999982 8.9999983 8.9999981 8.9999989 8.9999982 8.9999989 8.9999990 8.9999982 8.9999983 8.9999983 8.9999981 8.9999989 8.9999982 8.9999981 8.9999990 8.9999989 8.9999981 8.9999990 8.9999982 8.9999990 8.9999982 8.9999984 8.9999983 8.9999989 8.9999980 8.9999982 8.9999982 8.9999983 8.9999982 
Saccharomyces_arboricola                    2.3243029 1.7514702 2.0163126 2.3099661 2.2105348 2.7364091 2.3328614 2.2052311 1.5975340 1.5970052 8.9999982 0.0000000 0.4241886 0.3991549 0.3587053 0.4552148 0.3872908 0.4075628 2.0379658 2.0188148 1.9197228 1.8730672 1.8610368 1.8493934 1.6027259 1.9105569 1.9659203 2.5113135 1.6139644 1.9752331 1.5671190 1.8951318 1.8906720 1.7764316 2.1040619 1.8799952 2.0659915 2.0294684 2.0883189 2.2951290 
Saccharomyces_cerevisiae                    2.3048451 1.8239790 2.0805166 2.3267097 2.2982759 2.7589973 2.3529151 2.2075471 1.6346751 1.6471737 8.9999983 0.4241886 0.0000000 0.4821616 0.4055187 0.3460525 0.1898337 0.4765665 2.0518623 2.0357465 1.9605267 1.8926546 1.8895668 1.9080727 1.6369214 1.9374954 2.0268432 2.4687383 1.6853444 2.0433877 1.6107860 1.9524418 1.8890490 1.9036445 2.0988625 1.9337967 2.1605161 2.1619511 2.1431112 2.4277574 
Saccharomyces_eubayanus                     2.2569696 1.7204172 2.0348291 2.3181864 2.2663715 2.7571934 2.2903330 2.2012203 1.5456860 1.6024795 8.9999981 0.3991549 0.4821616 0.0000000 0.4078814 0.4841969 0.4497213 0.1242769 2.0065566 2.0189480 1.8762242 1.7772807 1.7960150 1.8664255 1.5640741 1.8953876 1.9223586 2.5403718 1.5761403 1.9429160 1.5488985 1.8574870 1.8189696 1.7766108 2.0492631 1.8512699 2.1024927 2.0719311 2.0781154 2.3467513 
Saccharomyces_kudriavzevii                  2.3559728 1.7619479 2.0457957 2.3018885 2.3018655 2.7570972 2.3114492 2.2296078 1.5819874 1.5742335 8.9999989 0.3587053 0.4055187 0.4078814 0.0000000 0.4060694 0.3559933 0.3972552 2.0178728 2.0491235 1.9200062 1.8292893 1.8626584 1.8726935 1.5829430 1.9280649 1.9819993 2.4843855 1.6778036 2.0449551 1.5969852 1.8958583 1.8716440 1.8083168 2.0285286 1.8996893 2.1348848 2.1409259 2.1200593 2.3564136 
Saccharomyces_mikatae                       2.2924183 1.8353103 2.1200253 2.3769578 2.2984974 2.8485963 2.3653189 2.2336859 1.6395083 1.6306910 8.9999982 0.4552148 0.3460525 0.4841969 0.4060694 0.0000000 0.3039711 0.4654328 2.0316796 2.1021761 1.9464380 1.9376794 1.9054522 1.9249183 1.5647573 1.8928303 1.9916370 2.5015107 1.6316488 2.0336130 1.5950305 1.9307319 1.8985015 1.8230404 2.1414452 1.9048706 2.2406855 2.1374092 2.1583549 2.4244018 
Saccharomyces_paradoxus                     2.2380515 1.8007813 2.0930560 2.3858543 2.2229631 2.7923440 2.3099103 2.2160567 1.6519929 1.6575988 8.9999989 0.3872908 0.1898337 0.4497213 0.3559933 0.3039711 0.0000000 0.4349788 2.0747939 2.0846826 1.9695813 1.9047080 1.8680717 1.8739327 1.5974929 1.9002894 1.9926474 2.4160200 1.6744723 2.0333763 1.6114305 1.9180357 1.8426475 1.8530290 2.0273936 1.9180673 2.2081198 2.1341996 2.1680187 2.4016161 
Saccharomyces_uvarum                        2.2736252 1.7446967 2.0210979 2.3158495 2.2231968 2.7160700 2.3149065 2.1416698 1.5297081 1.6013923 8.9999990 0.4075628 0.4765665 0.1242769 0.3972552 0.4654328 0.4349788 0.0000000 1.9840921 2.0235918 1.8618886 1.8133604 1.7937781 1.8404948 1.5526990 1.8695129 1.9480919 2.5113308 1.5661950 1.9369915 1.5737074 1.8790037 1.8445632 1.8006801 2.0534276 1.8531825 2.1191479 2.1300319 2.1007206 2.3381284 
Tetrapisispora_blattae                      2.3988760 1.8467051 2.1829413 2.3767332 2.3801438 2.9766896 2.4563533 2.2703284 1.6806306 1.6344862 8.9999982 2.0379658 2.0518623 2.0065566 2.0178728 2.0316796 2.0747939 1.9840921 0.0000000 2.0005896 1.7796629 1.8361277 1.8847474 1.8644172 1.7805024 1.8698120 2.0310103 2.5405856 1.7500984 1.9566666 1.7180258 2.0366047 1.9235738 1.7600726 2.0298792 1.9970177 2.0304570 1.9357607 2.1103085 1.3629873 
Tetrapisispora_phaffii                      2.5246692 2.0797846 2.1925702 2.6554746 2.5669205 3.1121538 2.6756938 2.5421738 1.9759362 1.8860224 8.9999983 2.0188148 2.0357465 2.0189480 2.0491235 2.1021761 2.0846826 2.0235918 2.0005896 0.0000000 1.7254277 1.9038047 2.0183145 2.1012825 1.9935520 2.0760154 2.2202148 2.6644980 1.9793519 2.0865338 1.9609423 2.3487791 2.0420651 1.9993841 2.2143656 1.9419072 0.6158835 0.8863817 0.5985640 2.2585845 
Vanderwaltozyma_polyspora                   2.4132871 1.8826325 2.0896919 2.4830237 2.4425483 2.7966868 2.4905062 2.4232883 1.7318888 1.5776147 8.9999983 1.9197228 1.9605267 1.8762242 1.9200062 1.9464380 1.9695813 1.8618886 1.7796629 1.7254277 0.0000000 1.7537884 1.8716255 2.0205201 1.7398071 2.0800207 2.0829315 2.4748394 1.7458338 2.0016767 1.7041694 2.1431989 1.8700181 1.8037071 2.0821356 1.9711376 1.7141778 1.6430807 1.7453597 2.0727477 
yHAB132_Kazachstania_martiniae              2.3077911 1.4334933 1.5630915 2.4324424 2.3532170 2.8284766 2.5725893 2.3519865 1.4494229 1.5276971 8.9999981 1.8730672 1.8926546 1.7772807 1.8292893 1.9376794 1.9047080 1.8133604 1.8361277 1.9038047 1.7537884 0.0000000 1.5867542 1.5370539 1.2354387 1.7069623 1.6197423 2.4811629 1.2572977 1.6462158 1.2564928 1.7051668 1.6041844 1.4660316 1.9465476 1.5635875 2.0369066 1.9689804 2.0048817 2.1691701 
yHAB133_Kazachstania_unispora               2.4791665 1.6571775 1.6623859 2.4212009 2.4373634 2.9244305 2.4376478 2.2395423 1.4987846 1.5517811 8.9999989 1.8610368 1.8895668 1.7960150 1.8626584 1.9054522 1.8680717 1.7937781 1.8847474 2.0183145 1.8716255 1.5867542 0.0000000 1.7517282 1.2055092 0.6035376 1.4119795 2.3566753 1.5293633 1.4407986 1.4356671 1.8077675 0.3737486 1.5741157 0.4024146 1.3541581 2.1558102 1.9680454 2.1391748 2.0914603 
yHAB134_Kazachstania_turicensis             2.4208150 1.6067312 1.8121949 2.3553537 2.4002188 2.7734045 2.4742798 2.3644418 1.5638708 1.6860373 8.9999982 1.8493934 1.9080727 1.8664255 1.8726935 1.9249183 1.8739327 1.8404948 1.8644172 2.1012825 2.0205201 1.5370539 1.7517282 0.0000000 1.4904377 1.7676159 1.8146981 2.3219754 1.2970231 1.8654844 1.2528094 1.7637360 1.7396549 0.9534362 1.8374502 1.7888920 2.1472287 2.0201637 2.1409090 2.2878494 
yHAB136_Kazachstania_bromeliacearum         2.2150029 1.3435664 1.3694634 2.2236341 2.2597954 2.6809781 2.3618078 2.1525494 1.2852445 1.3188259 8.9999981 1.6027259 1.6369214 1.5640741 1.5829430 1.5647573 1.5974929 1.5526990 1.7805024 1.9935520 1.7398071 1.2354387 1.2055092 1.4904377 0.0000000 1.2288133 1.2286182 2.1762378 1.2066508 1.3083664 1.1221908 1.5207555 1.2400253 1.3058081 1.3370520 1.2454169 2.0968586 1.9358578 2.0767896 2.0520109 
yHAB143_Kazachstania_siamensis              2.4693041 1.6845803 1.6951110 2.4590199 2.4114953 3.0189460 2.5501559 2.2430967 1.5580230 1.6101695 8.9999990 1.9105569 1.9374954 1.8953876 1.9280649 1.8928303 1.9002894 1.8695129 1.8698120 2.0760154 2.0800207 1.7069623 0.6035376 1.7676159 1.2288133 0.0000000 1.4444845 2.3564951 1.6225561 1.5095294 1.5168188 1.8215508 0.6170552 1.5920043 0.6449322 1.4066316 2.1345212 2.0621111 2.1506503 2.2842903 
yHAB147_Kazachstania_taianensis             2.4220066 1.7078188 1.6263243 2.7033535 2.5335209 2.8799790 2.5670172 2.3141125 1.6880521 1.7005205 8.9999989 1.9659203 2.0268432 1.9223586 1.9819993 1.9916370 1.9926474 1.9480919 2.0310103 2.2202148 2.0829315 1.6197423 1.4119795 1.8146981 1.2286182 1.4444845 0.0000000 2.4624630 1.5317597 1.5462385 1.5545150 1.8816642 1.4407406 1.7249479 1.5163258 1.4669221 2.3833332 2.1646238 2.3849026 2.4271280 
yHAB148_Kazachstania_intestinalis           2.8069545 2.1347501 2.5109395 3.0026060 2.7586420 3.2471850 2.7690770 2.7110875 2.1820700 2.2578248 8.9999981 2.5113135 2.4687383 2.5403718 2.4843855 2.5015107 2.4160200 2.5113308 2.5405856 2.6644980 2.4748394 2.4811629 2.3566753 2.3219754 2.1762378 2.3564951 2.4624630 0.0000000 2.0928627 2.4802771 2.0841102 2.5543043 2.3108735 2.2993235 2.2562656 2.4189577 2.8424459 2.6661930 2.8583081 2.7216837 
yHAB153_Kazachstania_rosinii                2.0716927 1.2746704 1.6118448 2.2804171 2.1225042 2.5270884 2.2753654 2.1540183 1.2521957 1.3596517 8.9999990 1.6139644 1.6853444 1.5761403 1.6778036 1.6316488 1.6744723 1.5661950 1.7500984 1.9793519 1.7458338 1.2572977 1.5293633 1.2970231 1.2066508 1.6225561 1.5317597 2.0928627 0.0000000 1.6370093 0.8643871 1.5172490 1.5248423 1.1312318 1.6896977 1.5961481 2.0394076 1.9480061 2.0841250 2.1862886 
yHAB154_Kazachstania_transvaalensis         2.5510196 1.6512685 1.7598752 2.4877874 2.5733860 2.9731059 2.6553845 2.4076741 1.6386280 1.6755510 8.9999982 1.9752331 2.0433877 1.9429160 2.0449551 2.0336130 2.0333763 1.9369915 1.9566666 2.0865338 2.0016767 1.6462158 1.4407986 1.8654844 1.3083664 1.5095294 1.5462385 2.4802771 1.6370093 0.0000000 1.5754139 1.9721991 1.4783564 1.7180435 1.4871604 0.5192560 2.2786261 2.1018797 2.2355437 2.2710048 
yHAB155_Kazachstania_spencerorum            2.1336086 1.2207358 1.5517932 2.2029744 2.1671450 2.4850924 2.2180239 2.0754965 1.2362555 1.3107009 8.9999990 1.5671190 1.6107860 1.5488985 1.5969852 1.5950305 1.6114305 1.5737074 1.7180258 1.9609423 1.7041694 1.2564928 1.4356671 1.2528094 1.1221908 1.5168188 1.5545150 2.0841102 0.8643871 1.5754139 0.0000000 1.4432237 1.4149615 1.0053181 1.5899765 1.4909186 2.0210128 1.8316181 2.0501403 2.0260885 
yHAB158_Kazachstania_viticola               2.4125328 1.6466287 2.0090961 2.5479716 2.4209196 2.8876178 2.7257151 2.4096466 1.6326406 1.7072099 8.9999982 1.8951318 1.9524418 1.8574870 1.8958583 1.9307319 1.9180357 1.8790037 2.0366047 2.3487791 2.1431989 1.7051668 1.8077675 1.7637360 1.5207555 1.8215508 1.8816642 2.5543043 1.5172490 1.9721991 1.4432237 0.0000000 1.7945881 1.6571152 1.8704241 1.9533724 2.3223733 2.3072879 2.3918342 2.4485001 
yHAB159_Kazachstania_solicola               2.4542047 1.6636563 1.7036982 2.3894512 2.4209703 2.9631272 2.3961936 2.2343288 1.4887774 1.6087457 8.9999984 1.8906720 1.8890490 1.8189696 1.8716440 1.8985015 1.8426475 1.8445632 1.9235738 2.0420651 1.8700181 1.6041844 0.3737486 1.7396549 1.2400253 0.6170552 1.4407406 2.3108735 1.5248423 1.4783564 1.4149615 1.7945881 0.0000000 1.5944456 0.1495898 1.4136695 2.1042821 1.9632749 2.1630218 2.2044198 
yHAB160_Kazachstania_kunashirensis          2.3140171 1.4475741 1.7062037 2.2512308 2.2710128 2.6462519 2.3320137 2.1702721 1.4370946 1.4431403 8.9999983 1.7764316 1.9036445 1.7766108 1.8083168 1.8230404 1.8530290 1.8006801 1.7600726 1.9993841 1.8037071 1.4660316 1.5741157 0.9534362 1.3058081 1.5920043 1.7249479 2.2993235 1.1312318 1.7180435 1.0053181 1.6571152 1.5944456 0.0000000 1.8106143 1.6425358 2.0535431 1.9474582 2.0954079 2.1754206 
yHAB164_Kazachstania_aerobia                2.4916352 1.7741044 1.7403680 2.3954000 2.6117446 2.7992083 2.4408642 2.3867611 1.6500171 1.7539172 8.9999989 2.1040619 2.0988625 2.0492631 2.0285286 2.1414452 2.0273936 2.0534276 2.0298792 2.2143656 2.0821356 1.9465476 0.4024146 1.8374502 1.3370520 0.6449322 1.5163258 2.2562656 1.6896977 1.4871604 1.5899765 1.8704241 0.1495898 1.8106143 0.0000000 1.4793687 2.2927452 2.1767797 2.3006756 2.1855607 
yHAB166_Kazachstania_yakushimaensis         2.4289277 1.6154397 1.7649479 2.5196983 2.5129813 2.9461741 2.6535137 2.4019570 1.6171790 1.6511689 8.9999980 1.8799952 1.9337967 1.8512699 1.8996893 1.9048706 1.9180673 1.8531825 1.9970177 1.9419072 1.9711376 1.5635875 1.3541581 1.7888920 1.2454169 1.4066316 1.4669221 2.4189577 1.5961481 0.5192560 1.4909186 1.9533724 1.4136695 1.6425358 1.4793687 0.0000000 2.0694988 1.9574880 2.0511403 2.2880607 
yHMPu5000034875_Tetrapisispora_fleetii      2.6694407 2.1523382 2.3642619 2.6906842 2.6480204 3.1505473 2.6596823 2.4932724 1.9453186 1.9562136 8.9999982 2.0659915 2.1605161 2.1024927 2.1348848 2.2406855 2.2081198 2.1191479 2.0304570 0.6158835 1.7141778 2.0369066 2.1558102 2.1472287 2.0968586 2.1345212 2.3833332 2.8424459 2.0394076 2.2786261 2.0210128 2.3223733 2.1042821 2.0535431 2.2927452 2.0694988 0.0000000 0.9987381 0.3134796 2.2834652 
yHMPu5000034876_Tetrapisispora_iriomotensis 2.5450879 2.0400790 2.2726767 2.5081672 2.5303474 3.0045511 2.7613104 2.5732864 1.8754708 1.8473508 8.9999982 2.0294684 2.1619511 2.0719311 2.1409259 2.1374092 2.1341996 2.1300319 1.9357607 0.8863817 1.6430807 1.9689804 1.9680454 2.0201637 1.9358578 2.0621111 2.1646238 2.6661930 1.9480061 2.1018797 1.8316181 2.3072879 1.9632749 1.9474582 2.1767797 1.9574880 0.9987381 0.0000000 0.9697557 2.2577354 
yHMPu5000034877_Tetrapisispora_namnaonensis 2.6555219 2.1676419 2.3787074 2.6380393 2.6415071 3.1764551 2.7261787 2.5065807 1.9727086 1.9073879 8.9999983 2.0883189 2.1431112 2.0781154 2.1200593 2.1583549 2.1680187 2.1007206 2.1103085 0.5985640 1.7453597 2.0048817 2.1391748 2.1409090 2.0767896 2.1506503 2.3849026 2.8583081 2.0841250 2.2355437 2.0501403 2.3918342 2.1630218 2.0954079 2.3006756 2.0511403 0.3134796 0.9697557 0.0000000 2.3899600 
yHMPu5000035629_Yueomyces_sinensis          2.7280884 2.1647349 2.4283991 2.7406698 2.6495066 3.0719303 2.7887728 2.5515097 2.0050580 1.9717350 8.9999982 2.2951290 2.4277574 2.3467513 2.3564136 2.4244018 2.4016161 2.3381284 1.3629873 2.2585845 2.0727477 2.1691701 2.0914603 2.2878494 2.0520109 2.2842903 2.4271280 2.7216837 2.1862886 2.2710048 2.0260885 2.4485001 2.2044198 2.1754206 2.1855607 2.2880607 2.2834652 2.2577354 2.3899600 0.0000000 
