40
Candida_glabrata                            0.0000000 1.6815866 1.6424043 1.3714899 0.7255713 1.4826322 0.8119432 0.8056409 1.5955859 1.6482708 4.0695709 1.3312933 1.4368686 1.4151353 1.3695354 1.3654334 1.4259544 1.3774622 2.0244665 1.7164106 1.6407541 1.6405254 1.7602756 1.5030957 1.5649233 1.8848613 1.6724512 2.0768150 1.4323638 1.9426496 1.4694641 1.6890260 1.7741816 1.6224172 1.8524013 1.9371125 1.6293025 1.7118129 1.8058778 1.9978849 
Kazachstania_africana                       1.6815866 0.0000000 1.5009030 1.5417072 1.6781699 1.7573984 1.6260749 1.6461249 1.5584081 1.6965427 4.1827335 1.7295511 1.6753966 1.6817824 1.5885657 1.6467470 1.6745453 1.6832227 1.8551937 1.5623829 1.6161330 1.2560954 1.5210455 1.1889948 1.3598969 1.6142558 1.5277500 1.9985153 1.1144757 2.1125550 1.1426751 1.4245477 1.5499728 1.1956369 1.5235942 2.0585728 1.4806098 1.6262040 1.5359086 1.9607974 
Kazachstania_naganishii                     1.6424043 1.5009030 0.0000000 1.8925760 1.5944353 1.6176767 1.5122359 1.5420032 1.6432363 1.7807642 3.8528140 1.6762479 1.6870374 1.6996192 1.6381651 1.7587045 1.6344214 1.6708034 2.2885196 2.0865357 1.9686202 1.2816202 1.6061567 1.5393055 1.1925531 1.6184142 1.0818719 2.1587734 1.2683866 2.0359668 1.5317801 1.7244973 1.4295361 1.6541236 1.5183826 2.1655156 2.0502063 2.0492144 2.0735404 2.1771639 
Nakaseomyces_bacillisporus                  1.3714899 1.5417072 1.8925760 0.0000000 1.5560120 1.4878592 1.6017458 1.4777104 1.4895380 1.5638136 4.4885215 1.5421685 1.4934224 1.4801838 1.4956484 1.4747317 1.4803543 1.4746163 2.0788479 1.6671667 1.6280006 1.7395706 1.8148260 1.6387553 1.7243680 1.7010494 1.9495403 2.0585090 1.4917111 2.1155622 1.4228348 1.5977480 1.8023094 1.5560169 1.7859871 2.3068034 1.6442098 1.8407638 1.7529036 1.9067464 
Nakaseomyces_bracarensis                    0.7255713 1.6781699 1.5944353 1.5560120 0.0000000 1.6762676 0.5632304 0.4800865 1.3441970 1.5910990 4.2785458 1.3412007 1.4335828 1.3633057 1.3877705 1.3729324 1.3637250 1.3515653 2.2468992 1.7730318 1.4945649 1.6352443 1.8958924 1.4835035 1.5844542 1.8889799 1.5450657 1.8256955 1.4787434 1.9398409 1.4741209 1.7347282 1.7755091 1.6721679 1.8292400 1.9127325 1.6600780 1.7266433 1.7468082 1.9811601 
Nakaseomyces_castellii                      1.4826322 1.7573984 1.6176767 1.4878592 1.6762676 0.0000000 1.6369951 1.6760895 1.5738783 1.6111922 4.4843386 1.6414553 1.4913096 1.5850284 1.6013364 1.6100550 1.5224082 1.6370805 2.0965432 1.8710666 1.7789861 1.7715081 1.7853032 1.6278261 1.6601016 1.9830062 1.6811633 2.0603210 1.5420088 2.1307828 1.5901247 1.8031782 1.8283541 1.6988153 1.8802003 2.1757103 1.8861308 1.7018791 1.8748118 2.3158568 
Nakaseomyces_delphensis                     0.8119432 1.6260749 1.5122359 1.6017458 0.5632304 1.6369951 0.0000000 0.4625634 1.3975840 1.5608830 4.5815822 1.4820777 1.4500284 1.4130690 1.4278138 1.4029580 1.4205565 1.4004988 2.1357689 1.6485839 1.6087699 1.6842040 1.7576221 1.5716173 1.6331269 1.7961468 1.5962757 1.9240208 1.5334729 1.8149502 1.4696908 1.8089131 1.6574468 1.5091173 1.7607551 1.7734917 1.6269218 1.7396133 1.8017937 2.0695765 
Nakaseomyces_nivariensis                    0.8056409 1.6461249 1.5420032 1.4777104 0.4800865 1.6760895 0.4625634 0.0000000 1.4400379 1.5558010 4.1528048 1.3325114 1.3295167 1.3456878 1.2604295 1.2856718 1.2488590 1.3289492 2.2896940 1.8445503 1.7183243 1.6066980 1.8736122 1.5633332 1.6906950 1.9299781 1.5287139 1.9112305 1.5044071 1.9099033 1.5008113 1.6646753 1.8893799 1.6190982 1.9507426 1.9632317 1.7528655 1.8777314 1.9012005 2.0494886 
Naumovozyma_castellii                       1.5955859 1.5584081 1.6432363 1.4895380 1.3441970 1.5738783 1.3975840 1.4400379 0.0000000 1.0155419 4.3666897 1.5777718 1.5565468 1.5533703 1.5473129 1.5888659 1.5227014 1.4977668 1.8507554 1.8654676 1.5195417 1.6098068 1.5578509 1.4967649 1.3459140 1.6902331 1.6384867 2.1136364 1.5067403 1.8733037 1.3332195 1.6682490 1.5469314 1.6320862 1.6144194 1.9453099 1.8350663 1.8360776 1.8407682 1.8605720 
Naumovozyma_dairenensis                     1.6482708 1.6965427 1.7807642 1.5638136 1.5910990 1.6111922 1.5608830 1.5558010 1.0155419 0.0000000 4.7741348 1.4725390 1.5129640 1.4674860 1.5357511 1.4618313 1.4650099 1.4261166 1.8292151 1.5425508 1.4811899 1.4870458 1.5669945 1.4834882 1.3150287 1.7575147 1.7014639 2.1223948 1.5673488 1.8702742 1.2351445 1.4448676 1.5406814 1.4864987 1.5646130 2.0474185 1.5682560 1.6765797 1.6479019 1.8418188 
Neurospora_crassa                           4.0695709 4.1827335 3.8528140 4.4885215 4.2785458 4.4843386 4.5815822 4.1528048 4.3666897 4.7741348 0.0000000 4.4053289 4.3296717 4.5305566 4.1375949 4.3757147 4.0690298 4.5087869 5.2479719 4.7426944 4.4902538 4.3982645 4.8816019 4.1810282 4.9512074 4.6107194 4.0965993 5.1448515 4.2099101 5.1863087 4.3673533 5.3448732 4.5536950 5.0394052 4.7729455 4.9792771 4.8152988 4.4440831 4.7835441 5.5429040 
Saccharomyces_arboricola                    1.3312933 1.7295511 1.6762479 1.5421685 1.3412007 1.6414553 1.4820777 1.3325114 1.5777718 1.4725390 4.4053289 0.0000000 0.4163481 0.3932893 0.3790021 0.4042115 0.3850015 0.3678378 1.9404899 1.9847765 1.4477851 1.5902710 1.7370478 1.6018120 1.5185552 1.8034797 1.8387479 2.2127221 1.4435665 1.9317715 1.4468619 1.5551308 1.7111657 1.5720531 1.7358343 2.0433653 1.8830941 1.7930275 1.9428149 1.7380052 
Saccharomyces_cerevisiae                    1.4368686 1.6753966 1.6870374 1.4934224 1.4335828 1.4913096 1.4500284 1.3295167 1.5565468 1.5129640 4.3296717 0.4163481 0.0000000 0.4135974 0.3752808 0.3173904 0.1797974 0.4140876 1.9727821 1.9483047 1.4487904 1.6484594 1.7113593 1.6364632 1.5096024 1.7383044 1.8105291 2.1899825 1.5969132 2.0531933 1.5165430 1.5062059 1.6755847 1.5426352 1.7121978 2.1080480 1.8600057 1.7747354 1.8991678 1.6951133 
Saccharomyces_eubayanus                     1.4151353 1.6817824 1.6996192 1.4801838 1.3633057 1.5850284 1.4130690 1.3456878 1.5533703 1.4674860 4.5305566 0.3932893 0.4135974 0.0000000 0.3395887 0.4338660 0.3815575 0.1182169 1.8013999 1.8535395 1.4644322 1.7222596 1.7422100 1.5559326 1.4924023 1.8047842 1.9341170 2.2549874 1.4597187 1.9158582 1.3498272 1.5130509 1.7632465 1.4518419 1.7681186 2.0911399 1.7844456 1.8718033 1.8949309 1.6536196 
Saccharomyces_kudriavzevii                  1.3695354 1.5885657 1.6381651 1.4956484 1.3877705 1.6013364 1.4278138 1.2604295 1.5473129 1.5357511 4.1375949 0.3790021 0.3752808 0.3395887 0.0000000 0.3531624 0.3335941 0.3509775 1.8193457 1.8678124 1.5086017 1.6235319 1.8318385 1.6559169 1.4596310 1.9305850 1.8783984 2.2583649 1.4610455 2.1591337 1.5448992 1.4999606 1.8402999 1.4876261 1.8454689 2.0637657 1.8124252 1.7557121 1.8042068 1.7111431 
Saccharomyces_mikatae                       1.3654334 1.6467470 1.7587045 1.4747317 1.3729324 1.6100550 1.4029580 1.2856718 1.5888659 1.4618313 4.3757147 0.4042115 0.3173904 0.4338660 0.3531624 0.0000000 0.2830984 0.4027529 1.9647210 1.8375163 1.4817261 1.6450065 1.7415699 1.6693991 1.5583844 1.7811648 1.8099688 2.2171818 1.6380162 2.0482769 1.5075284 1.4693118 1.7574307 1.5964864 1.7657376 1.9305537 1.8690021 1.7213232 1.8774511 1.8303848 
Saccharomyces_paradoxus                     1.4259544 1.6745453 1.6344214 1.4803543 1.3637250 1.5224082 1.4205565 1.2488590 1.5227014 1.4650099 4.0690298 0.3850015 0.1797974 0.3815575 0.3335941 0.2830984 0.0000000 0.4003843 1.9418771 1.9301491 1.4528150 1.6434062 1.6934125 1.5927259 1.4548819 1.7395434 1.8024585 2.1031286 1.5862404 1.9651402 1.4855036 1.4925921 1.7373931 1.4670667 1.7692201 2.0110161 1.8260667 1.7705857 1.8968225 1.6498489 
Saccharomyces_uvarum                        1.3774622 1.6832227 1.6708034 1.4746163 1.3515653 1.6370805 1.4004988 1.3289492 1.4977668 1.4261166 4.5087869 0.3678378 0.4140876 0.1182169 0.3509775 0.4027529 0.4003843 0.0000000 1.7067535 1.8496272 1.4192428 1.6376940 1.7294014 1.5588353 1.3788117 1.7895475 1.8910375 2.2352541 1.4632456 2.0000195 1.3590944 1.4481857 1.6990044 1.4551959 1.7489625 2.1116550 1.7808772 1.7419019 1.8670305 1.6038990 
Tetrapisispora_blattae                      2.0244665 1.8551937 2.2885196 2.0788479 2.2468992 2.0965432 2.1357689 2.2896940 1.8507554 1.8292151 5.2479719 1.9404899 1.9727821 1.8013999 1.8193457 1.9647210 1.9418771 1.7067535 0.0000000 1.8630942 1.8610427 1.8704020 2.0796253 1.7768293 1.7975665 2.1282692 2.3564525 2.4381334 1.7906486 2.5544225 1.7705965 1.9491323 2.0185062 1.7596467 1.9482479 2.4696321 1.7655212 1.8414809 1.7258935 1.3149871 
Tetrapisispora_phaffii                      1.7164106 1.5623829 2.0865357 1.6671667 1.7730318 1.8710666 1.6485839 1.8445503 1.8654676 1.5425508 4.7426944 1.9847765 1.9483047 1.8535395 1.8678124 1.8375163 1.9301491 1.8496272 1.8630942 0.0000000 1.3524459 1.6054739 1.8864004 1.6142923 1.5713073 1.8518798 1.8966971 2.4610651 1.5566598 1.9967003 1.4139993 1.7502416 1.8721388 1.6064792 1.9137745 2.0801594 0.4904624 0.7796723 0.4721162 1.9820535 
Vanderwaltozyma_polyspora                   1.6407541 1.6161330 1.9686202 1.6280006 1.4945649 1.7789861 1.6087699 1.7183243 1.5195417 1.4811899 4.4902538 1.4477851 1.4487904 1.4644322 1.5086017 1.4817261 1.4528150 1.4192428 1.8610427 1.3524459 0.0000000 1.4387745 1.7310657 1.4302916 1.6278345 1.8118291 1.8331096 2.2066577 1.5500875 2.0223415 1.3251322 1.5891677 1.6461190 1.5184378 1.7185616 1.9376502 1.2931652 1.3179853 1.2543355 1.7667866 
yHAB132_Kazachstania_martiniae              1.6405254 1.2560954 1.2816202 1.7395706 1.6352443 1.7715081 1.6842040 1.6066980 1.6098068 1.4870458 4.3982645 1.5902710 1.6484594 1.7222596 1.6235319 1.6450065 1.6434062 1.6376940 1.8704020 1.6054739 1.4387745 0.0000000 1.5389967 1.2175476 1.1365291 1.5962515 1.4950509 2.1661159 1.2468790 1.8747709 1.1426583 1.3841477 1.5113388 1.1871171 1.5553587 1.9188956 1.5778206 1.4590733 1.5211124 1.9201592 
yHAB133_Kazachstania_unispora               1.7602756 1.5210455 1.6061567 1.8148260 1.8958924 1.7853032 1.7576221 1.8736122 1.5578509 1.5669945 4.8816019 1.7370478 1.7113593 1.7422100 1.8318385 1.7415699 1.6934125 1.7294014 2.0796253 1.8864004 1.7310657 1.5389967 0.0000000 1.4963407 1.2516632 0.5225881 1.5725791 2.2858003 1.4541695 1.7535854 1.3150128 1.5787370 0.3346451 1.6551900 0.3189081 1.8023054 1.7600986 1.7255941 1.7874291 1.9973374 
yHAB134_Kazachstania_turicensis             1.5030957 1.1889948 1.5393055 1.6387553 1.4835035 1.6278261 1.5716173 1.5633332 1.4967649 1.4834882 4.1810282 1.6018120 1.6364632 1.5559326 1.6559169 1.6693991 1.5927259 1.5588353 1.7768293 1.6142923 1.4302916 1.2175476 1.4963407 0.0000000 1.2874816 1.5082047 1.5192694 2.1668791 0.9197213 1.9064317 0.8597576 1.2487415 1.4163341 0.7763561 1.4296619 1.9618130 1.5155203 1.4609290 1.5659595 1.7980235 
yHAB136_Kazachstania_bromeliacearum         1.5649233 1.3598969 1.1925531 1.7243680 1.5844542 1.6601016 1.6331269 1.6906950 1.3459140 1.3150287 4.9512074 1.5185552 1.5096024 1.4924023 1.4596310 1.5583844 1.4548819 1.3788117 1.7975665 1.5713073 1.6278345 1.1365291 1.2516632 1.2874816 0.0000000 1.2234571 1.2572145 1.8256939 1.0934432 1.7478411 0.9348775 1.1743839 1.2504993 1.1050999 1.2177991 1.6993742 1.5248402 1.5940332 1.5889863 1.8516739 
yHAB143_Kazachstania_siamensis              1.8848613 1.6142558 1.6184142 1.7010494 1.8889799 1.9830062 1.7961468 1.9299781 1.6902331 1.7575147 4.6107194 1.8034797 1.7383044 1.8047842 1.9305850 1.7811648 1.7395434 1.7895475 2.1282692 1.8518798 1.8118291 1.5962515 0.5225881 1.5082047 1.2234571 0.0000000 1.5377230 2.4841385 1.6059924 1.6761486 1.3252186 1.5538753 0.5556182 1.4814526 0.5509819 1.8871496 1.8070711 1.7389519 1.7631771 1.8348134 
yHAB147_Kazachstania_taianensis             1.6724512 1.5277500 1.0818719 1.9495403 1.5450657 1.6811633 1.5962757 1.5287139 1.6384867 1.7014639 4.0965993 1.8387479 1.8105291 1.9341170 1.8783984 1.8099688 1.8024585 1.8910375 2.3564525 1.8966971 1.8331096 1.4950509 1.5725791 1.5192694 1.2572145 1.5377230 0.0000000 2.3822645 1.2736957 1.9401599 1.3213736 1.5932023 1.3950871 1.7114752 1.4833751 2.0219751 1.8052813 1.9268512 1.9337340 2.2858216 
yHAB148_Kazachstania_intestinalis           2.0768150 1.9985153 2.1587734 2.0585090 1.8256955 2.0603210 1.9240208 1.9112305 2.1136364 2.1223948 5.1448515 2.2127221 2.1899825 2.2549874 2.2583649 2.2171818 2.1031286 2.2352541 2.4381334 2.4610651 2.2066577 2.1661159 2.2858003 2.1668791 1.8256939 2.4841385 2.3822645 0.0000000 1.9009536 2.4722654 2.0497005 2.1239022 2.3542814 1.7615807 2.3917562 2.4253610 2.3244453 2.4494930 2.4759378 2.4521380 
yHAB153_Kazachstania_rosinii                1.4323638 1.1144757 1.2683866 1.4917111 1.4787434 1.5420088 1.5334729 1.5044071 1.5067403 1.5673488 4.2099101 1.4435665 1.5969132 1.4597187 1.4610455 1.6380162 1.5862404 1.4632456 1.7906486 1.5566598 1.5500875 1.2468790 1.4541695 0.9197213 1.0934432 1.6059924 1.2736957 1.9009536 0.0000000 1.9723725 0.7083080 1.2089817 1.3741528 0.8983608 1.4594127 1.9401755 1.5002480 1.5751925 1.5730797 1.9179527 
yHAB154_Kazachstania_transvaalensis         1.9426496 2.1125550 2.0359668 2.1155622 1.9398409 2.1307828 1.8149502 1.9099033 1.8733037 1.8702742 5.1863087 1.9317715 2.0531933 1.9158582 2.1591337 2.0482769 1.9651402 2.0000195 2.5544225 1.9967003 2.0223415 1.8747709 1.7535854 1.9064317 1.7478411 1.6761486 1.9401599 2.4722654 1.9723725 0.0000000 1.7218137 1.9488900 1.7091038 1.9561420 1.6957684 0.5679773 2.0865679 2.2517135 2.1766887 2.2613897 
yHAB155_Kazachstania_spencerorum            1.4694641 1.1426751 1.5317801 1.4228348 1.4741209 1.5901247 1.4696908 1.5008113 1.3332195 1.2351445 4.3673533 1.4468619 1.5165430 1.3498272 1.5448992 1.5075284 1.4855036 1.3590944 1.7705965 1.4139993 1.3251322 1.1426583 1.3150128 0.8597576 0.9348775 1.3252186 1.3213736 2.0497005 0.7083080 1.7218137 0.0000000 1.0640493 1.3754061 0.7393325 1.3908811 1.6970317 1.2158044 1.3809544 1.3316738 1.8258253 
yHAB158_Kazachstania_viticola               1.6890260 1.4245477 1.7244973 1.5977480 1.7347282 1.8031782 1.8089131 1.6646753 1.6682490 1.4448676 5.3448732 1.5551308 1.5062059 1.5130509 1.4999606 1.4693118 1.4925921 1.4481857 1.9491323 1.7502416 1.5891677 1.3841477 1.5787370 1.2487415 1.1743839 1.5538753 1.5932023 2.1239022 1.2089817 1.9488900 1.0640493 0.0000000 1.5137161 1.2367650 1.5103790 1.9644021 1.5785264 1.6936375 1.6367716 1.9200681 
yHAB159_Kazachstania_solicola               1.7741816 1.5499728 1.4295361 1.8023094 1.7755091 1.8283541 1.6574468 1.8893799 1.5469314 1.5406814 4.5536950 1.7111657 1.6755847 1.7632465 1.8402999 1.7574307 1.7373931 1.6990044 2.0185062 1.8721388 1.6461190 1.5113388 0.3346451 1.4163341 1.2504993 0.5556182 1.3950871 2.3542814 1.3741528 1.7091038 1.3754061 1.5137161 0.0000000 1.4736057 0.1274855 1.7909333 1.6567240 1.6925726 1.7495316 1.8332924 
yHAB160_Kazachstania_kunashirensis          1.6224172 1.1956369 1.6541236 1.5560169 1.6721679 1.6988153 1.5091173 1.6190982 1.6320862 1.4864987 5.0394052 1.5720531 1.5426352 1.4518419 1.4876261 1.5964864 1.4670667 1.4551959 1.7596467 1.6064792 1.5184378 1.1871171 1.6551900 0.7763561 1.1050999 1.4814526 1.7114752 1.7615807 0.8983608 1.9561420 0.7393325 1.2367650 1.4736057 0.0000000 1.4882648 1.9098396 1.5770565 1.5029807 1.6124427 1.7304034 
yHAB164_Kazachstania_aerobia                1.8524013 1.5235942 1.5183826 1.7859871 1.8292400 1.8802003 1.7607551 1.9507426 1.6144194 1.5646130 4.7729455 1.7358343 1.7121978 1.7681186 1.8454689 1.7657376 1.7692201 1.7489625 1.9482479 1.9137745 1.7185616 1.5553587 0.3189081 1.4296619 1.2177991 0.5509819 1.4833751 2.3917562 1.4594127 1.6957684 1.3908811 1.5103790 0.1274855 1.4882648 0.0000000 1.8251875 1.6840270 1.6941725 1.8062928 1.8922871 
yHAB166_Kazachstania_yakushimaensis         1.9371125 2.0585728 2.1655156 2.3068034 1.9127325 2.1757103 1.7734917 1.9632317 1.9453099 2.0474185 4.9792771 2.0433653 2.1080480 2.0911399 2.0637657 1.9305537 2.0110161 2.1116550 2.4696321 2.0801594 1.9376502 1.9188956 1.8023054 1.9618130 1.6993742 1.8871496 2.0219751 2.4253610 1.9401755 0.5679773 1.6970317 1.9644021 1.7909333 1.9098396 1.8251875 0.0000000 2.0548382 2.0970142 2.0349861 2.2643829 
yHMPu5000034875_Tetrapisispora_fleetii      1.6293025 1.4806098 2.0502063 1.6442098 1.6600780 1.8861308 1.6269218 1.7528655 1.8350663 1.5682560 4.8152988 1.8830941 1.8600057 1.7844456 1.8124252 1.8690021 1.8260667 1.7808772 1.7655212 0.4904624 1.2931652 1.5778206 1.7600986 1.5155203 1.5248402 1.8070711 1.8052813 2.3244453 1.5002480 2.0865679 1.2158044 1.5785264 1.6567240 1.5770565 1.6840270 2.0548382 0.0000000 0.8161023 0.2670293 1.9195271 
yHMPu5000034876_Tetrapisispora_iriomotensis 1.7118129 1.6262040 2.0492144 1.8407638 1.7266433 1.7018791 1.7396133 1.8777314 1.8360776 1.6765797 4.4440831 1.7930275 1.7747354 1.8718033 1.7557121 1.7213232 1.7705857 1.7419019 1.8414809 0.7796723 1.3179853 1.4590733 1.7255941 1.4609290 1.5940332 1.7389519 1.9268512 2.4494930 1.5751925 2.2517135 1.3809544 1.6936375 1.6925726 1.5029807 1.6941725 2.0970142 0.8161023 0.0000000 0.7550262 1.9030143 
yHMPu5000034877_Tetrapisispora_namnaonensis 1.8058778 1.5359086 2.0735404 1.7529036 1.7468082 1.8748118 1.8017937 1.9012005 1.8407682 1.6479019 4.7835441 1.9428149 1.8991678 1.8949309 1.8042068 1.8774511 1.8968225 1.8670305 1.7258935 0.4721162 1.2543355 1.5211124 1.7874291 1.5659595 1.5889863 1.7631771 1.9337340 2.4759378 1.5730797 2.1766887 1.3316738 1.6367716 1.7495316 1.6124427 1.8062928 2.0349861 0.2670293 0.7550262 0.0000000 1.9910405 
yHMPu5000035629_Yueomyces_sinensis          1.9978849 1.9607974 2.1771639 1.9067464 1.9811601 2.3158568 2.0695765 2.0494886 1.8605720 1.8418188 5.5429040 1.7380052 1.6951133 1.6536196 1.7111431 1.8303848 1.6498489 1.6038990 1.3149871 1.9820535 1.7667866 1.9201592 1.9973374 1.7980235 1.8516739 1.8348134 2.2858216 2.4521380 1.9179527 2.2613897 1.8258253 1.9200681 1.8332924 1.7304034 1.8922871 2.2643829 1.9195271 1.9030143 1.9910405 0.0000000 
