40
Candida_glabrata                            0.0000000 1.0655517 1.1041668 0.8871120 0.5472798 0.9030914 0.4915297 0.5101686 1.0103494 1.1706837 5.5701595 0.7930706 0.7812211 0.8509728 0.9013334 0.8896399 0.8673387 0.8949019 1.1543636 0.6623949 0.7836194 0.9198896 1.5588909 1.0344384 1.2131451 1.5819281 2.9269450 1.1145900 0.8783293 1.8635724 0.9485030 0.8345606 1.5148572 0.8798228 1.5227005 1.7515626 0.7613651 0.7310960 0.6994012 1.3219838 
Kazachstania_africana                       1.0655517 0.0000000 0.9771950 0.9379466 0.8997690 0.9491007 0.9786891 0.9028171 0.9924638 1.0031119 5.1383296 1.0499865 1.0421812 0.9120906 0.9482031 1.0187884 1.0564475 0.9375569 1.2227553 0.9395376 0.8518178 0.8082969 1.6283398 0.8998864 1.0336286 1.7887147 2.8794076 0.9617687 0.8079054 1.9692619 0.8599097 0.7905427 1.5185066 0.8014306 1.4625537 1.9568454 0.8132014 0.8036487 0.7756264 1.5005747 
Kazachstania_naganishii                     1.1041668 0.9771950 0.0000000 1.0942719 1.0573103 1.0475293 0.9919932 1.0421766 1.0327500 1.1631986 5.9110832 1.1248427 1.0754899 1.0638530 1.0699648 1.1505268 1.0623645 1.0592406 1.4563853 0.9718572 1.0475943 0.8744133 1.5026552 0.9132577 1.0680699 1.6165721 2.4556839 0.9255937 0.6937196 1.9270888 0.9271436 0.8161386 1.5136716 0.8322872 1.4879822 2.0214915 1.0257388 0.9829648 0.9938032 1.5244135 
Nakaseomyces_bacillisporus                  0.8871120 0.9379466 1.0942719 0.0000000 0.8546013 0.8133277 0.9010563 0.8886713 0.9421772 1.0119709 5.2447083 0.9999150 0.9530658 0.9707916 0.9687432 0.9349291 0.9186986 0.9889121 1.2760693 0.8033251 0.7244127 0.9222575 1.5541703 0.9311177 1.2160319 1.7658746 2.6949120 1.2296063 0.9949239 1.8611233 0.9277795 0.8759973 1.5150794 0.9098962 1.5005104 1.8383825 0.7280512 0.7536388 0.7420455 1.3094825 
Nakaseomyces_bracarensis                    0.5472798 0.8997690 1.0573103 0.8546013 0.0000000 0.8673688 0.4419265 0.3864340 0.8048956 1.0631301 5.2406500 0.7677467 0.8280635 0.8540135 0.8266505 0.7898264 0.8387181 0.8515483 1.2247356 0.6224332 0.6416826 0.8505953 1.5036046 0.8208002 1.0583764 1.5494588 2.8785937 0.9569102 0.7903736 1.9848264 0.9055270 0.7528353 1.4405663 0.7227120 1.4991100 1.8376910 0.6023731 0.6138896 0.6375356 1.2103778 
Nakaseomyces_castellii                      0.9030914 0.9491007 1.0475293 0.8133277 0.8673688 0.0000000 1.0093803 0.9006287 1.0331917 1.0632247 4.9203094 0.9694422 0.9865852 0.9057866 1.0317184 1.0354697 0.9475865 0.9509506 1.1725948 0.8678695 0.8385425 1.0362814 1.5047975 1.1979746 1.1964418 1.7170668 2.5384947 1.1200504 0.9624778 2.0078801 1.1254035 0.9699306 1.6355890 1.0187598 1.6398210 2.0529257 0.8547616 0.7716150 0.8645724 1.4072572 
Nakaseomyces_delphensis                     0.4915297 0.9786891 0.9919932 0.9010563 0.4419265 1.0093803 0.0000000 0.3252999 0.9558987 1.0462426 5.4666603 0.7453679 0.7979340 0.8287108 0.8420846 0.9074484 0.8280652 0.8815949 1.1878457 0.6799499 0.7102666 0.9087383 1.4699164 0.8589837 1.1330590 1.5897420 2.6136579 1.0153750 0.8223045 1.7630035 0.9742319 0.8330380 1.4221252 0.8771580 1.4416990 1.8441531 0.7485062 0.7248238 0.7888844 1.2635559 
Nakaseomyces_nivariensis                    0.5101686 0.9028171 1.0421766 0.8886713 0.3864340 0.9006287 0.3252999 0.0000000 0.9524613 1.1393674 5.0457204 0.7881795 0.8311771 0.8064144 0.7897525 0.8942596 0.8621004 0.8385271 1.2067800 0.7226166 0.7137452 0.8807462 1.4503841 0.9521712 1.1865822 1.5887400 3.1870511 1.0030817 0.8519792 1.7347251 0.9542768 0.7645071 1.4669965 0.7448138 1.5616591 1.7499909 0.6005306 0.6976994 0.6989692 1.2510992 
Naumovozyma_castellii                       1.0103494 0.9924638 1.0327500 0.9421772 0.8048956 1.0331917 0.9558987 0.9524613 0.0000000 0.9665727 6.4335575 0.9974338 0.9597948 0.9633825 0.9728683 0.9695617 0.9304454 0.9561086 1.4525879 0.8906435 0.8767339 1.0211365 1.7117917 1.0501560 1.0852511 1.7323928 2.7155145 1.1795146 0.9460618 1.9406355 1.0361503 0.9511493 1.5047011 0.9433603 1.5825723 1.7324975 0.8024931 0.8781136 0.7728794 1.3655554 
Naumovozyma_dairenensis                     1.1706837 1.0031119 1.1631986 1.0119709 1.0631301 1.0632247 1.0462426 1.1393674 0.9665727 0.0000000 7.1541787 1.0441192 1.0236123 1.0014189 1.0442664 0.9933650 0.9555355 1.0630077 1.1112915 1.0250669 0.9888856 0.9911851 1.6816992 0.9379784 0.9809560 1.7286833 2.7516625 1.2604869 0.9631609 1.9291990 0.9688442 1.0083679 1.5155031 0.9019448 1.5421649 1.7204285 1.0037103 0.8776733 1.0574271 1.3672830 
Neurospora_crassa                           5.5701595 5.1383296 5.9110832 5.2447083 5.2406500 4.9203094 5.4666603 5.0457204 6.4335575 7.1541787 0.0000000 4.8221981 5.0968729 5.1737722 5.1724351 5.3406283 5.2317888 5.1781900 6.9227925 5.5547918 5.2745383 5.8371530 5.8759848 5.5846580 6.6367258 6.9156241 5.7415719 4.9602075 5.0046112 6.3900702 5.1141527 4.7400603 5.2932964 4.8906812 5.3410678 7.1580674 5.4415273 5.3464415 5.4377678 6.1101097 
Saccharomyces_arboricola                    0.7930706 1.0499865 1.1248427 0.9999150 0.7677467 0.9694422 0.7453679 0.7881795 0.9974338 1.0441192 4.8221981 0.0000000 0.2595882 0.2331302 0.2388491 0.2874189 0.2536193 0.2396155 1.2086934 0.8262282 0.9380069 1.0743724 1.4556590 1.0743123 1.2404532 1.6675655 2.7559808 1.1845827 0.9395567 2.2117865 1.0370679 0.8686786 1.3356722 0.9133630 1.3710364 2.1169200 0.7915041 0.7709865 0.8539207 1.3235121 
Saccharomyces_cerevisiae                    0.7812211 1.0421812 1.0754899 0.9530658 0.8280635 0.9865852 0.7979340 0.8311771 0.9597948 1.0236123 5.0968729 0.2595882 0.0000000 0.2700152 0.2399901 0.2287060 0.1311421 0.2769195 1.1372785 0.8547791 0.9420068 0.9285069 1.5060617 1.0302550 1.1732754 1.6034505 2.8414354 1.2561186 0.9123325 2.1840697 1.0244191 0.8227917 1.3600261 0.9349311 1.4012207 2.2565345 0.7904071 0.7896111 0.8242434 1.2885741 
Saccharomyces_eubayanus                     0.8509728 0.9120906 1.0638530 0.9707916 0.8540135 0.9057866 0.8287108 0.8064144 0.9633825 1.0014189 5.1737722 0.2331302 0.2700152 0.0000000 0.2568455 0.3135693 0.2534419 0.1142249 1.1616677 0.8133815 0.9616143 0.9705898 1.3450234 1.0485038 1.1620545 1.7315117 2.6220980 1.2124653 0.9766401 2.2543082 1.0374077 0.8421582 1.3669957 0.9536207 1.3887867 2.1875342 0.7754679 0.7980335 0.8103939 1.2917484 
Saccharomyces_kudriavzevii                  0.9013334 0.9482031 1.0699648 0.9687432 0.8266505 1.0317184 0.8420846 0.7897525 0.9728683 1.0442664 5.1724351 0.2388491 0.2399901 0.2568455 0.0000000 0.2590838 0.2441190 0.2487159 1.1079265 0.8558424 0.9793353 0.9943315 1.5048955 1.0598649 1.2331934 1.7805497 2.9191873 1.0995472 0.9736205 2.1139857 1.0105911 0.8360280 1.3174388 0.9593136 1.3528256 2.0975804 0.7843553 0.7569007 0.8757895 1.2151061 
Saccharomyces_mikatae                       0.8896399 1.0187884 1.1505268 0.9349291 0.7898264 1.0354697 0.9074484 0.8942596 0.9695617 0.9933650 5.3406283 0.2874189 0.2287060 0.3135693 0.2590838 0.0000000 0.1871042 0.2871472 1.1434858 0.9494391 0.9805663 1.0149624 1.4595038 1.0518110 1.1585365 1.6122011 2.7486235 1.1649245 0.9653825 2.2440673 1.0617239 0.8836244 1.3140687 0.9355221 1.3821646 2.1648403 0.8482009 0.8140632 0.9650068 1.2870198 
Saccharomyces_paradoxus                     0.8673387 1.0564475 1.0623645 0.9186986 0.8387181 0.9475865 0.8280652 0.8621004 0.9304454 0.9555355 5.2317888 0.2536193 0.1311421 0.2534419 0.2441190 0.1871042 0.0000000 0.2420832 1.1562148 0.8685785 0.8875489 0.9788998 1.5953111 0.9582007 1.2608042 1.6754383 2.7584113 1.3143381 0.9150723 2.1351050 1.0059659 0.8335885 1.3558249 0.8907621 1.3651236 2.1165000 0.8118960 0.8142810 0.8460265 1.3246935 
Saccharomyces_uvarum                        0.8949019 0.9375569 1.0592406 0.9889121 0.8515483 0.9509506 0.8815949 0.8385271 0.9561086 1.0630077 5.1781900 0.2396155 0.2769195 0.1142249 0.2487159 0.2871472 0.2420832 0.0000000 1.2038526 0.8238345 0.9890471 0.9947185 1.4325939 1.0010372 1.1928455 1.7242179 2.7024615 1.2356767 1.0048801 2.4219884 1.0391636 0.8493929 1.3517605 0.9206237 1.3420780 2.1977731 0.7935199 0.8033967 0.8452723 1.3265238 
Tetrapisispora_blattae                      1.1543636 1.2227553 1.4563853 1.2760693 1.2247356 1.1725948 1.1878457 1.2067800 1.4525879 1.1112915 6.9227925 1.2086934 1.1372785 1.1616677 1.1079265 1.1434858 1.1562148 1.2038526 0.0000000 1.1971839 1.2526305 1.3945269 1.7538061 1.3130771 1.2122434 1.7301162 3.1474543 1.4063800 1.1128839 2.0905959 1.3346925 1.2252468 1.7288000 1.2259062 1.7789297 2.0200472 1.1356889 1.1053957 1.0743528 1.2495897 
Tetrapisispora_phaffii                      0.6623949 0.9395376 0.9718572 0.8033251 0.6224332 0.8678695 0.6799499 0.7226166 0.8906435 1.0250669 5.5547918 0.8262282 0.8547791 0.8133815 0.8558424 0.9494391 0.8685785 0.8238345 1.1971839 0.0000000 0.5998319 0.6763508 1.7096498 0.7339830 1.1065696 1.7116968 2.6215905 1.1201428 0.8291726 1.8218957 0.9521828 0.6831194 1.5313170 0.7618649 1.5544238 1.6954965 0.3053783 0.3590073 0.3005402 1.1930086 
Vanderwaltozyma_polyspora                   0.7836194 0.8518178 1.0475943 0.7244127 0.6416826 0.8385425 0.7102666 0.7137452 0.8767339 0.9888856 5.2745383 0.9380069 0.9420068 0.9616143 0.9793353 0.9805663 0.8875489 0.9890471 1.2526305 0.5998319 0.0000000 0.7984532 1.5976668 0.8669908 1.2035187 1.8441248 3.0751215 1.0509302 0.8053759 2.0219883 0.8431454 0.6145854 1.3507281 0.7440053 1.2996064 1.8389571 0.5393095 0.4672861 0.5903072 1.0286697 
yHAB132_Kazachstania_martiniae              0.9198896 0.8082969 0.8744133 0.9222575 0.8505953 1.0362814 0.9087383 0.8807462 1.0211365 0.9911851 5.8371530 1.0743724 0.9285069 0.9705898 0.9943315 1.0149624 0.9788998 0.9947185 1.3945269 0.6763508 0.7984532 0.0000000 1.6467513 0.6655473 0.9502890 1.8168791 3.0437569 1.0689136 0.7537892 1.7633657 0.7740251 0.6708439 1.6227627 0.6667221 1.6239284 1.6076568 0.6971917 0.7165047 0.6862021 1.2050715 
yHAB133_Kazachstania_unispora               1.5588909 1.6283398 1.5026552 1.5541703 1.5036046 1.5047975 1.4699164 1.4503841 1.7117917 1.6816992 5.8759848 1.4556590 1.5060617 1.3450234 1.5048955 1.4595038 1.5953111 1.4325939 1.7538061 1.7096498 1.5976668 1.6467513 0.0000000 1.6493583 1.4944901 0.7375893 3.1404596 1.7356360 1.7287036 2.2451404 1.5023851 1.5554401 0.4154431 1.4829626 0.4218186 2.2339354 1.7068358 1.4755831 1.7260879 1.8564145 
yHAB134_Kazachstania_turicensis             1.0344384 0.8998864 0.9132577 0.9311177 0.8208002 1.1979746 0.8589837 0.9521712 1.0501560 0.9379784 5.5846580 1.0743123 1.0302550 1.0485038 1.0598649 1.0518110 0.9582007 1.0010372 1.3130771 0.7339830 0.8669908 0.6655473 1.6493583 0.0000000 1.1043940 1.7222499 3.1939971 0.9520548 0.6641612 2.1826903 0.6427731 0.6292688 1.5046543 0.4231635 1.5841003 2.2312780 0.8151736 0.7668475 0.7888564 1.2877996 
yHAB136_Kazachstania_bromeliacearum         1.2131451 1.0336286 1.0680699 1.2160319 1.0583764 1.1964418 1.1330590 1.1865822 1.0852511 0.9809560 6.6367258 1.2404532 1.1732754 1.1620545 1.2331934 1.1585365 1.2608042 1.1928455 1.2122434 1.1065696 1.2035187 0.9502890 1.4944901 1.1043940 0.0000000 1.5861729 3.1535904 1.1768619 0.9653571 1.9389870 0.9082128 0.9246805 1.4990178 0.9565048 1.4836768 1.7368363 1.1041485 0.9971450 1.1495691 1.4294272 
yHAB143_Kazachstania_siamensis              1.5819281 1.7887147 1.6165721 1.7658746 1.5494588 1.7170668 1.5897420 1.5887400 1.7323928 1.7286833 6.9156241 1.6675655 1.6034505 1.7315117 1.7805497 1.6122011 1.6754383 1.7242179 1.7301162 1.7116968 1.8441248 1.8168791 0.7375893 1.7222499 1.5861729 0.0000000 3.3931768 1.7345018 1.5612356 2.3365098 1.6029421 1.7417768 0.7239840 1.7178134 0.7099413 2.2605713 1.7266653 1.6044305 1.8248004 2.0945065 
yHAB147_Kazachstania_taianensis             2.9269450 2.8794076 2.4556839 2.6949120 2.8785937 2.5384947 2.6136579 3.1870511 2.7155145 2.7516625 5.7415719 2.7559808 2.8414354 2.6220980 2.9191873 2.7486235 2.7584113 2.7024615 3.1474543 2.6215905 3.0751215 3.0437569 3.1404596 3.1939971 3.1535904 3.3931768 0.0000000 2.1318457 2.6761245 3.4270936 2.8025584 2.9338537 3.3373867 3.0086859 3.3140260 3.6177898 2.8681028 2.9072424 2.8204596 3.0633179 
yHAB148_Kazachstania_intestinalis           1.1145900 0.9617687 0.9255937 1.2296063 0.9569102 1.1200504 1.0153750 1.0030817 1.1795146 1.2604869 4.9602075 1.1845827 1.2561186 1.2124653 1.0995472 1.1649245 1.3143381 1.2356767 1.4063800 1.1201428 1.0509302 1.0689136 1.7356360 0.9520548 1.1768619 1.7345018 2.1318457 0.0000000 0.8657239 2.0109289 0.9564649 0.8547517 1.6812768 1.0174877 1.7662428 2.0223106 1.0011512 1.0888512 1.0984572 1.4075005 
yHAB153_Kazachstania_rosinii                0.8783293 0.8079054 0.6937196 0.9949239 0.7903736 0.9624778 0.8223045 0.8519792 0.9460618 0.9631609 5.0046112 0.9395567 0.9123325 0.9766401 0.9736205 0.9653825 0.9150723 1.0048801 1.1128839 0.8291726 0.8053759 0.7537892 1.7287036 0.6641612 0.9653571 1.5612356 2.6761245 0.8657239 0.0000000 2.0457018 0.6395682 0.6025537 1.6500933 0.5689556 1.6819533 1.7301974 0.7547428 0.7144218 0.7637441 1.4171138 
yHAB154_Kazachstania_transvaalensis         1.8635724 1.9692619 1.9270888 1.8611233 1.9848264 2.0078801 1.7630035 1.7347251 1.9406355 1.9291990 6.3900702 2.2117865 2.1840697 2.2543082 2.1139857 2.2440673 2.1351050 2.4219884 2.0905959 1.8218957 2.0219883 1.7633657 2.2451404 2.1826903 1.9389870 2.3365098 3.4270936 2.0109289 2.0457018 0.0000000 1.7270063 1.9804995 2.2158660 1.9575430 2.2681416 0.5943142 1.6660673 1.8049246 1.8752096 2.3800588 
yHAB155_Kazachstania_spencerorum            0.9485030 0.8599097 0.9271436 0.9277795 0.9055270 1.1254035 0.9742319 0.9542768 1.0361503 0.9688442 5.1141527 1.0370679 1.0244191 1.0374077 1.0105911 1.0617239 1.0059659 1.0391636 1.3346925 0.9521828 0.8431454 0.7740251 1.5023851 0.6427731 0.9082128 1.6029421 2.8025584 0.9564649 0.6395682 1.7270063 0.0000000 0.6924850 1.5122849 0.6701595 1.5446666 1.8628774 0.9100141 0.8800125 0.9549192 1.4985623 
yHAB158_Kazachstania_viticola               0.8345606 0.7905427 0.8161386 0.8759973 0.7528353 0.9699306 0.8330380 0.7645071 0.9511493 1.0083679 4.7400603 0.8686786 0.8227917 0.8421582 0.8360280 0.8836244 0.8335885 0.8493929 1.2252468 0.6831194 0.6145854 0.6708439 1.5554401 0.6292688 0.9246805 1.7417768 2.9338537 0.8547517 0.6025537 1.9804995 0.6924850 0.0000000 1.5096852 0.6035478 1.5334673 1.8042128 0.6875700 0.7038871 0.6790999 1.0939079 
yHAB159_Kazachstania_solicola               1.5148572 1.5185066 1.5136716 1.5150794 1.4405663 1.6355890 1.4221252 1.4669965 1.5047011 1.5155031 5.2932964 1.3356722 1.3600261 1.3669957 1.3174388 1.3140687 1.3558249 1.3517605 1.7288000 1.5313170 1.3507281 1.6227627 0.4154431 1.5046543 1.4990178 0.7239840 3.3373867 1.6812768 1.6500933 2.2158660 1.5122849 1.5096852 0.0000000 1.2829800 0.0913512 2.2148090 1.4874305 1.4760583 1.5643686 1.8058008 
yHAB160_Kazachstania_kunashirensis          0.8798228 0.8014306 0.8322872 0.9098962 0.7227120 1.0187598 0.8771580 0.7448138 0.9433603 0.9019448 4.8906812 0.9133630 0.9349311 0.9536207 0.9593136 0.9355221 0.8907621 0.9206237 1.2259062 0.7618649 0.7440053 0.6667221 1.4829626 0.4231635 0.9565048 1.7178134 3.0086859 1.0174877 0.5689556 1.9575430 0.6701595 0.6035478 1.2829800 0.0000000 1.2733108 1.7794943 0.6843462 0.6910066 0.7352786 1.2725948 
yHAB164_Kazachstania_aerobia                1.5227005 1.4625537 1.4879822 1.5005104 1.4991100 1.6398210 1.4416990 1.5616591 1.5825723 1.5421649 5.3410678 1.3710364 1.4012207 1.3887867 1.3528256 1.3821646 1.3651236 1.3420780 1.7789297 1.5544238 1.2996064 1.6239284 0.4218186 1.5841003 1.4836768 0.7099413 3.3140260 1.7662428 1.6819533 2.2681416 1.5446666 1.5334673 0.0913512 1.2733108 0.0000000 2.2976216 1.4808675 1.4219401 1.5544485 1.8846135 
yHAB166_Kazachstania_yakushimaensis         1.7515626 1.9568454 2.0214915 1.8383825 1.8376910 2.0529257 1.8441531 1.7499909 1.7324975 1.7204285 7.1580674 2.1169200 2.2565345 2.1875342 2.0975804 2.1648403 2.1165000 2.1977731 2.0200472 1.6954965 1.8389571 1.6076568 2.2339354 2.2312780 1.7368363 2.2605713 3.6177898 2.0223106 1.7301974 0.5943142 1.8628774 1.8042128 2.2148090 1.7794943 2.2976216 0.0000000 1.5397582 1.6596557 1.6820274 2.1672907 
yHMPu5000034875_Tetrapisispora_fleetii      0.7613651 0.8132014 1.0257388 0.7280512 0.6023731 0.8547616 0.7485062 0.6005306 0.8024931 1.0037103 5.4415273 0.7915041 0.7904071 0.7754679 0.7843553 0.8482009 0.8118960 0.7935199 1.1356889 0.3053783 0.5393095 0.6971917 1.7068358 0.8151736 1.1041485 1.7266653 2.8681028 1.0011512 0.7547428 1.6660673 0.9100141 0.6875700 1.4874305 0.6843462 1.4808675 1.5397582 0.0000000 0.3610370 0.1683983 1.1094849 
yHMPu5000034876_Tetrapisispora_iriomotensis 0.7310960 0.8036487 0.9829648 0.7536388 0.6138896 0.7716150 0.7248238 0.6976994 0.8781136 0.8776733 5.3464415 0.7709865 0.7896111 0.7980335 0.7569007 0.8140632 0.8142810 0.8033967 1.1053957 0.3590073 0.4672861 0.7165047 1.4755831 0.7668475 0.9971450 1.6044305 2.9072424 1.0888512 0.7144218 1.8049246 0.8800125 0.7038871 1.4760583 0.6910066 1.4219401 1.6596557 0.3610370 0.0000000 0.3653758 1.1729339 
yHMPu5000034877_Tetrapisispora_namnaonensis 0.6994012 0.7756264 0.9938032 0.7420455 0.6375356 0.8645724 0.7888844 0.6989692 0.7728794 1.0574271 5.4377678 0.8539207 0.8242434 0.8103939 0.8757895 0.9650068 0.8460265 0.8452723 1.0743528 0.3005402 0.5903072 0.6862021 1.7260879 0.7888564 1.1495691 1.8248004 2.8204596 1.0984572 0.7637441 1.8752096 0.9549192 0.6790999 1.5643686 0.7352786 1.5544485 1.6820274 0.1683983 0.3653758 0.0000000 1.1511453 
yHMPu5000035629_Yueomyces_sinensis          1.3219838 1.5005747 1.5244135 1.3094825 1.2103778 1.4072572 1.2635559 1.2510992 1.3655554 1.3672830 6.1101097 1.3235121 1.2885741 1.2917484 1.2151061 1.2870198 1.3246935 1.3265238 1.2495897 1.1930086 1.0286697 1.2050715 1.8564145 1.2877996 1.4294272 2.0945065 3.0633179 1.4075005 1.4171138 2.3800588 1.4985623 1.0939079 1.8058008 1.2725948 1.8846135 2.1672907 1.1094849 1.1729339 1.1511453 0.0000000 
