40
Candida_glabrata                            0.0000000 0.3925358 0.4594457 0.4915677 0.2935045 0.5840920 0.3348298 0.3124665 0.4661017 0.4289525 1.1587259 0.4261851 0.4438196 0.3890092 0.4549826 0.4392221 0.4571873 0.3835772 0.4426802 0.5047709 0.5236087 0.4609794 0.4576633 0.4186552 0.4458409 0.4613748 0.3932845 0.5591516 0.4507002 0.5026744 0.4576295 0.4371618 0.4098248 0.4515526 0.4445212 0.4660703 0.4824139 0.5050498 0.4579447 0.5608511 
Kazachstania_africana                       0.3925358 0.0000000 0.5274684 0.4421985 0.4091714 0.5954709 0.3532173 0.3734394 0.4028847 0.3374218 1.4271036 0.3711906 0.3720753 0.3811422 0.4121747 0.3773156 0.3823865 0.3671474 0.3674874 0.4184507 0.4628152 0.3240632 0.3129749 0.3025009 0.2820288 0.2985511 0.4107732 0.5417867 0.3464382 0.3871751 0.3546542 0.3207055 0.3073292 0.3222305 0.3261636 0.3564463 0.4192557 0.4218207 0.4013687 0.3506840 
Kazachstania_naganishii                     0.4594457 0.5274684 0.0000000 0.5632190 0.4754661 0.6659370 0.5202188 0.4691720 0.5003601 0.5269970 1.0270634 0.4298942 0.4959524 0.4075549 0.4543004 0.4741359 0.4751271 0.4218264 0.5815178 0.5782322 0.5924168 0.5042078 0.4861087 0.5183460 0.4526467 0.5088188 0.3309069 0.4111716 0.4184764 0.5866418 0.5581308 0.5268017 0.4335963 0.5786598 0.4830376 0.5673965 0.5786244 0.5947386 0.6016101 0.6971282 
Nakaseomyces_bacillisporus                  0.4915677 0.4421985 0.5632190 0.0000000 0.4757608 0.6459851 0.4563880 0.4847977 0.4568096 0.4519390 1.2377258 0.4283723 0.4422476 0.4582796 0.4596996 0.4489047 0.4592974 0.4511449 0.4574870 0.5076125 0.5054422 0.4280696 0.3652375 0.3934173 0.3847524 0.4354281 0.6158701 0.5932664 0.4451679 0.4933335 0.4394165 0.4216632 0.3843156 0.4818920 0.3917594 0.4955337 0.4665179 0.5040182 0.5002436 0.5163133 
Nakaseomyces_bracarensis                    0.2935045 0.4091714 0.4754661 0.4757608 0.0000000 0.6010073 0.2352722 0.2315851 0.4560720 0.4119392 1.1219401 0.3900590 0.3939706 0.3697292 0.4095275 0.3686410 0.4027273 0.3855148 0.4567779 0.4544508 0.5259257 0.4032922 0.3862904 0.3791851 0.3603169 0.4138046 0.4528944 0.5832701 0.4022778 0.4323516 0.4596478 0.3924288 0.3463060 0.4071012 0.3796883 0.4234429 0.4915345 0.3962783 0.4510046 0.5208998 
Nakaseomyces_castellii                      0.5840920 0.5954709 0.6659370 0.6459851 0.6010073 0.0000000 0.6389026 0.6028980 0.7115482 0.6535132 1.2224386 0.6393453 0.6571248 0.6427398 0.6895357 0.6727918 0.6673546 0.6243262 0.6660519 0.7480591 0.6314023 0.6484157 0.6563505 0.6455107 0.6707341 0.6543690 0.6477208 0.7285884 0.5911034 0.6024436 0.6570734 0.6594118 0.6143042 0.6814117 0.6680899 0.6050779 0.7345512 0.6181349 0.6840108 0.6707716 
Nakaseomyces_delphensis                     0.3348298 0.3532173 0.5202188 0.4563880 0.2352722 0.6389026 0.0000000 0.2154668 0.4489401 0.4278834 1.2109774 0.4091504 0.4433204 0.4268000 0.4386010 0.4145118 0.4454562 0.4108125 0.4285709 0.4765117 0.5064050 0.4004133 0.4115884 0.4092363 0.3739357 0.4468812 0.4054097 0.5402861 0.4372631 0.4725927 0.4339256 0.4248801 0.3919855 0.4135631 0.4115806 0.4343525 0.4820753 0.4414541 0.4596718 0.5001219 
Nakaseomyces_nivariensis                    0.3124665 0.3734394 0.4691720 0.4847977 0.2315851 0.6028980 0.2154668 0.0000000 0.4587457 0.4516025 1.0433591 0.3893185 0.4021662 0.3678178 0.3920898 0.3730759 0.3932216 0.3825456 0.4379192 0.4430291 0.4798592 0.4454053 0.4301123 0.3846350 0.3615223 0.4356880 0.3872435 0.5461179 0.4052905 0.4429090 0.4473524 0.4236719 0.3953233 0.4026086 0.4052833 0.4194599 0.4911581 0.4085491 0.4359187 0.5571940 
Naumovozyma_castellii                       0.4661017 0.4028847 0.5003601 0.4568096 0.4560720 0.7115482 0.4489401 0.4587457 0.0000000 0.3688232 1.3323219 0.4808444 0.4614398 0.4729453 0.4849373 0.4827588 0.4684479 0.4796271 0.4527150 0.5598216 0.4952601 0.4319879 0.4112290 0.4326186 0.3637024 0.3576201 0.5090285 0.5250597 0.4223802 0.4580287 0.4483740 0.4070092 0.4145412 0.4716583 0.4096066 0.4632623 0.5292138 0.5251521 0.5238737 0.5580708 
Naumovozyma_dairenensis                     0.4289525 0.3374218 0.5269970 0.4519390 0.4119392 0.6535132 0.4278834 0.4516025 0.3688232 0.0000000 1.4542687 0.4545555 0.4268805 0.4084965 0.4382736 0.4253887 0.4496285 0.4286744 0.3774007 0.4843672 0.5379664 0.3657071 0.3328416 0.3525917 0.3120370 0.3060669 0.4692984 0.5870917 0.4081408 0.4322836 0.4212004 0.3452223 0.3668623 0.4087521 0.3829929 0.3679083 0.4750071 0.4451115 0.4507334 0.4431112 
Neurospora_crassa                           1.1587259 1.4271036 1.0270634 1.2377258 1.1219401 1.2224386 1.2109774 1.0433591 1.3323219 1.4542687 0.0000000 1.1900014 1.3257429 1.1625001 1.2207120 1.2616961 1.2221876 1.1851218 1.2135150 1.2232957 1.2202265 1.2879597 1.2598567 1.3747548 1.2861656 1.4000608 0.9606622 1.1502657 1.1912800 1.3082915 1.2338168 1.2944222 1.2010921 1.2816529 1.3012230 1.3771291 1.2715703 1.2866066 1.2462413 1.3538170 
Saccharomyces_arboricola                    0.4261851 0.3711906 0.4298942 0.4283723 0.3900590 0.6393453 0.4091504 0.3893185 0.4808444 0.4545555 1.1900014 0.0000000 0.1637799 0.1418191 0.1345221 0.1571038 0.1452570 0.1468766 0.3999444 0.4223734 0.4364077 0.3843087 0.3363825 0.3791453 0.2978283 0.3692612 0.4949317 0.5324569 0.3638854 0.4416889 0.4050650 0.3604217 0.3368691 0.4051092 0.3341613 0.3954004 0.4420337 0.3976819 0.4055780 0.4508985 
Saccharomyces_cerevisiae                    0.4438196 0.3720753 0.4959524 0.4422476 0.3939706 0.6571248 0.4433204 0.4021662 0.4614398 0.4268805 1.3257429 0.1637799 0.0000000 0.1746901 0.1735682 0.1294395 0.0704231 0.1961237 0.3988769 0.4073168 0.4672198 0.3575421 0.3384441 0.3563140 0.3146000 0.3389338 0.5215083 0.5879037 0.3799713 0.4047207 0.4465651 0.3717450 0.3771194 0.3738516 0.3743154 0.4096640 0.4486460 0.4198804 0.4451145 0.4158136 
Saccharomyces_eubayanus                     0.3890092 0.3811422 0.4075549 0.4582796 0.3697292 0.6427398 0.4268000 0.3678178 0.4729453 0.4084965 1.1625001 0.1418191 0.1746901 0.0000000 0.1486808 0.1640105 0.1636859 0.0536924 0.3575350 0.4157214 0.4461931 0.3691449 0.3291128 0.3388385 0.2784472 0.3353649 0.4804640 0.5171300 0.3283698 0.4164459 0.3928617 0.3654051 0.3148752 0.3710854 0.3129254 0.4221173 0.4472757 0.4095324 0.4305646 0.4186553 
Saccharomyces_kudriavzevii                  0.4549826 0.4121747 0.4543004 0.4596996 0.4095275 0.6895357 0.4386010 0.3920898 0.4849373 0.4382736 1.2207120 0.1345221 0.1735682 0.1486808 0.0000000 0.1625189 0.1544243 0.1570591 0.4167162 0.4232301 0.4681481 0.4146806 0.3553955 0.3922083 0.3290255 0.3624891 0.4793228 0.5837824 0.3954965 0.4698154 0.4289099 0.3938592 0.3833872 0.3876555 0.3766654 0.4410463 0.4732186 0.4662380 0.4621974 0.4839669 
Saccharomyces_mikatae                       0.4392221 0.3773156 0.4741359 0.4489047 0.3686410 0.6727918 0.4145118 0.3730759 0.4827588 0.4253887 1.2616961 0.1571038 0.1294395 0.1640105 0.1625189 0.0000000 0.1243722 0.1700665 0.4134306 0.4061241 0.4792595 0.3920143 0.3750345 0.3973672 0.3119848 0.3861272 0.5346293 0.5508076 0.3932909 0.4360406 0.4403886 0.3936093 0.3543378 0.3846744 0.3459708 0.4329536 0.4754515 0.4472208 0.4568994 0.4759409 
Saccharomyces_paradoxus                     0.4571873 0.3823865 0.4751271 0.4592974 0.4027273 0.6673546 0.4454562 0.3932216 0.4684479 0.4496285 1.2221876 0.1452570 0.0704231 0.1636859 0.1544243 0.1243722 0.0000000 0.1710181 0.4162935 0.4317812 0.4533695 0.3944210 0.3463496 0.3788145 0.3097841 0.3579632 0.5092228 0.5798736 0.3559145 0.4148307 0.4386507 0.3745700 0.3556331 0.3774936 0.3561524 0.3997717 0.4722568 0.4449779 0.4596509 0.4428783 
Saccharomyces_uvarum                        0.3835772 0.3671474 0.4218264 0.4511449 0.3855148 0.6243262 0.4108125 0.3825456 0.4796271 0.4286744 1.1851218 0.1468766 0.1961237 0.0536924 0.1570591 0.1700665 0.1710181 0.0000000 0.3597694 0.4234923 0.4410846 0.3767677 0.3147998 0.3434036 0.2934541 0.3368330 0.4415902 0.4958285 0.3237464 0.4271380 0.4030892 0.3645488 0.3264087 0.3651470 0.3137283 0.4193939 0.4450590 0.4262770 0.4337499 0.4328794 
Tetrapisispora_blattae                      0.4426802 0.3674874 0.5815178 0.4574870 0.4567779 0.6660519 0.4285709 0.4379192 0.4527150 0.3774007 1.2135150 0.3999444 0.3988769 0.3575350 0.4167162 0.4134306 0.4162935 0.3597694 0.0000000 0.4126587 0.3951935 0.3618856 0.3401061 0.3482553 0.3020809 0.3538482 0.5042879 0.6107660 0.4317672 0.4206633 0.4385003 0.3715503 0.3762621 0.3879947 0.3822542 0.4093369 0.3867735 0.3815899 0.3793849 0.3073215 
Tetrapisispora_phaffii                      0.5047709 0.4184507 0.5782322 0.5076125 0.4544508 0.7480591 0.4765117 0.4430291 0.5598216 0.4843672 1.2232957 0.4223734 0.4073168 0.4157214 0.4232301 0.4061241 0.4317812 0.4234923 0.4126587 0.0000000 0.3878086 0.4055175 0.4012204 0.4017867 0.3707856 0.4379501 0.5142242 0.6071365 0.3794205 0.4101729 0.4394666 0.4201833 0.4173014 0.4273122 0.4232982 0.4070812 0.1892588 0.2819741 0.1910297 0.4339480 
Vanderwaltozyma_polyspora                   0.5236087 0.4628152 0.5924168 0.5054422 0.5259257 0.6314023 0.5064050 0.4798592 0.4952601 0.5379664 1.2202265 0.4364077 0.4672198 0.4461931 0.4681481 0.4792595 0.4533695 0.4410846 0.3951935 0.3878086 0.0000000 0.4230165 0.4442341 0.4285212 0.4127502 0.4805451 0.5621810 0.6361979 0.4321869 0.4475198 0.4835519 0.4637341 0.4635072 0.4376169 0.4585741 0.4285401 0.3418557 0.3423078 0.3421877 0.4407629 
yHAB132_Kazachstania_martiniae              0.4609794 0.3240632 0.5042078 0.4280696 0.4032922 0.6484157 0.4004133 0.4454053 0.4319879 0.3657071 1.2879597 0.3843087 0.3575421 0.3691449 0.4146806 0.3920143 0.3944210 0.3767677 0.3618856 0.4055175 0.4230165 0.0000000 0.3041440 0.3282154 0.2878423 0.3575172 0.5149690 0.5910135 0.3438704 0.4178287 0.3685160 0.3262681 0.3459301 0.3186836 0.3709348 0.3702731 0.3601600 0.4148301 0.3760660 0.3466402 
yHAB133_Kazachstania_unispora               0.4576633 0.3129749 0.4861087 0.3652375 0.3862904 0.6563505 0.4115884 0.4301123 0.4112290 0.3328416 1.2598567 0.3363825 0.3384441 0.3291128 0.3553955 0.3750345 0.3463496 0.3147998 0.3401061 0.4012204 0.4442341 0.3041440 0.0000000 0.2837473 0.2074660 0.1477298 0.4316869 0.5362504 0.3710206 0.3318614 0.3681295 0.3158936 0.1611162 0.3372306 0.1644176 0.3277762 0.3894851 0.3734329 0.3836806 0.3639661 
yHAB134_Kazachstania_turicensis             0.4186552 0.3025009 0.5183460 0.3934173 0.3791851 0.6455107 0.4092363 0.3846350 0.4326186 0.3525917 1.3747548 0.3791453 0.3563140 0.3388385 0.3922083 0.3973672 0.3788145 0.3434036 0.3482553 0.4017867 0.4285212 0.3282154 0.2837473 0.0000000 0.2612365 0.3057356 0.4611046 0.5711070 0.3137092 0.3509251 0.3296203 0.3149135 0.2824511 0.2788474 0.2780333 0.3637812 0.4281088 0.3366372 0.4016520 0.3730607 
yHAB136_Kazachstania_bromeliacearum         0.4458409 0.2820288 0.4526467 0.3847524 0.3603169 0.6707341 0.3739357 0.3615223 0.3637024 0.3120370 1.2861656 0.2978283 0.3146000 0.2784472 0.3290255 0.3119848 0.3097841 0.2934541 0.3020809 0.3707856 0.4127502 0.2878423 0.2074660 0.2612365 0.0000000 0.2259831 0.4012268 0.4970227 0.3070008 0.3222866 0.3676359 0.2700983 0.2220911 0.3175493 0.2260655 0.2871313 0.3935372 0.3602953 0.3708933 0.3507064 
yHAB143_Kazachstania_siamensis              0.4613748 0.2985511 0.5088188 0.4354281 0.4138046 0.6543690 0.4468812 0.4356880 0.3576201 0.3060669 1.4000608 0.3692612 0.3389338 0.3353649 0.3624891 0.3861272 0.3579632 0.3368330 0.3538482 0.4379501 0.4805451 0.3575172 0.1477298 0.3057356 0.2259831 0.0000000 0.4302190 0.5415735 0.3940421 0.3475455 0.3378251 0.3640590 0.2423351 0.3820539 0.2370097 0.3419970 0.4214319 0.4130904 0.4117375 0.3947036 
yHAB147_Kazachstania_taianensis             0.3932845 0.4107732 0.3309069 0.6158701 0.4528944 0.6477208 0.4054097 0.3872435 0.5090285 0.4692984 0.9606622 0.4949317 0.5215083 0.4804640 0.4793228 0.5346293 0.5092228 0.4415902 0.5042879 0.5142242 0.5621810 0.5149690 0.4316869 0.4611046 0.4012268 0.4302190 0.0000000 0.4069189 0.3939427 0.4989677 0.4811041 0.4745481 0.4131641 0.4918197 0.4484329 0.4978472 0.5397996 0.5191571 0.5284408 0.6396788 
yHAB148_Kazachstania_intestinalis           0.5591516 0.5417867 0.4111716 0.5932664 0.5832701 0.7285884 0.5402861 0.5461179 0.5250597 0.5870917 1.1502657 0.5324569 0.5879037 0.5171300 0.5837824 0.5508076 0.5798736 0.4958285 0.6107660 0.6071365 0.6361979 0.5910135 0.5362504 0.5711070 0.4970227 0.5415735 0.4069189 0.0000000 0.5041847 0.5742107 0.5652062 0.5255119 0.5408342 0.6314701 0.5718638 0.5887026 0.5928696 0.6452770 0.5820963 0.7750493 
yHAB153_Kazachstania_rosinii                0.4507002 0.3464382 0.4184764 0.4451679 0.4022778 0.5911034 0.4372631 0.4052905 0.4223802 0.4081408 1.1912800 0.3638854 0.3799713 0.3283698 0.3954965 0.3932909 0.3559145 0.3237464 0.4317672 0.3794205 0.4321869 0.3438704 0.3710206 0.3137092 0.3070008 0.3940421 0.3939427 0.5041847 0.0000000 0.4276447 0.3591052 0.3525301 0.3388842 0.3349941 0.3550858 0.4199273 0.4524491 0.3933438 0.4135528 0.4305719 
yHAB154_Kazachstania_transvaalensis         0.5026744 0.3871751 0.5866418 0.4933335 0.4323516 0.6024436 0.4725927 0.4429090 0.4580287 0.4322836 1.3082915 0.4416889 0.4047207 0.4164459 0.4698154 0.4360406 0.4148307 0.4271380 0.4206633 0.4101729 0.4475198 0.4178287 0.3318614 0.3509251 0.3222866 0.3475455 0.4989677 0.5742107 0.4276447 0.0000000 0.4324060 0.3546216 0.3367836 0.4453087 0.3073249 0.1605574 0.4056447 0.4145284 0.4168252 0.4334074 
yHAB155_Kazachstania_spencerorum            0.4576295 0.3546542 0.5581308 0.4394165 0.4596478 0.6570734 0.4339256 0.4473524 0.4483740 0.4212004 1.2338168 0.4050650 0.4465651 0.3928617 0.4289099 0.4403886 0.4386507 0.4030892 0.4385003 0.4394666 0.4835519 0.3685160 0.3681295 0.3296203 0.3676359 0.3378251 0.4811041 0.5652062 0.3591052 0.4324060 0.0000000 0.3757937 0.3805806 0.3960318 0.3570137 0.4372898 0.4543874 0.4000899 0.4463769 0.4659876 
yHAB158_Kazachstania_viticola               0.4371618 0.3207055 0.5268017 0.4216632 0.3924288 0.6594118 0.4248801 0.4236719 0.4070092 0.3452223 1.2944222 0.3604217 0.3717450 0.3654051 0.3938592 0.3936093 0.3745700 0.3645488 0.3715503 0.4201833 0.4637341 0.3262681 0.3158936 0.3149135 0.2700983 0.3640590 0.4745481 0.5255119 0.3525301 0.3546216 0.3757937 0.0000000 0.3261893 0.3571014 0.3120320 0.3463469 0.4509785 0.3803165 0.4067065 0.4103262 
yHAB159_Kazachstania_solicola               0.4098248 0.3073292 0.4335963 0.3843156 0.3463060 0.6143042 0.3919855 0.3953233 0.4145412 0.3668623 1.2010921 0.3368691 0.3771194 0.3148752 0.3833872 0.3543378 0.3556331 0.3264087 0.3762621 0.4173014 0.4635072 0.3459301 0.1611162 0.2824511 0.2220911 0.2423351 0.4131641 0.5408342 0.3388842 0.3367836 0.3805806 0.3261893 0.0000000 0.3415106 0.0673921 0.3455928 0.4053286 0.3816194 0.3969862 0.4028617 
yHAB160_Kazachstania_kunashirensis          0.4515526 0.3222305 0.5786598 0.4818920 0.4071012 0.6814117 0.4135631 0.4026086 0.4716583 0.4087521 1.2816529 0.4051092 0.3738516 0.3710854 0.3876555 0.3846744 0.3774936 0.3651470 0.3879947 0.4273122 0.4376169 0.3186836 0.3372306 0.2788474 0.3175493 0.3820539 0.4918197 0.6314701 0.3349941 0.4453087 0.3960318 0.3571014 0.3415106 0.0000000 0.3438998 0.4014030 0.4184748 0.3735385 0.4117718 0.3501747 
yHAB164_Kazachstania_aerobia                0.4445212 0.3261636 0.4830376 0.3917594 0.3796883 0.6680899 0.4115806 0.4052833 0.4096066 0.3829929 1.3012230 0.3341613 0.3743154 0.3129254 0.3766654 0.3459708 0.3561524 0.3137283 0.3822542 0.4232982 0.4585741 0.3709348 0.1644176 0.2780333 0.2260655 0.2370097 0.4484329 0.5718638 0.3550858 0.3073249 0.3570137 0.3120320 0.0673921 0.3438998 0.0000000 0.3498978 0.4094261 0.3784864 0.3992111 0.3923558 
yHAB166_Kazachstania_yakushimaensis         0.4660703 0.3564463 0.5673965 0.4955337 0.4234429 0.6050779 0.4343525 0.4194599 0.4632623 0.3679083 1.3771291 0.3954004 0.4096640 0.4221173 0.4410463 0.4329536 0.3997717 0.4193939 0.4093369 0.4070812 0.4285401 0.3702731 0.3277762 0.3637812 0.2871313 0.3419970 0.4978472 0.5887026 0.4199273 0.1605574 0.4372898 0.3463469 0.3455928 0.4014030 0.3498978 0.0000000 0.4096793 0.4150380 0.4021717 0.4273709 
yHMPu5000034875_Tetrapisispora_fleetii      0.4824139 0.4192557 0.5786244 0.4665179 0.4915345 0.7345512 0.4820753 0.4911581 0.5292138 0.4750071 1.2715703 0.4420337 0.4486460 0.4472757 0.4732186 0.4754515 0.4722568 0.4450590 0.3867735 0.1892588 0.3418557 0.3601600 0.3894851 0.4281088 0.3935372 0.4214319 0.5397996 0.5928696 0.4524491 0.4056447 0.4543874 0.4509785 0.4053286 0.4184748 0.4094261 0.4096793 0.0000000 0.2963202 0.1402688 0.4370881 
yHMPu5000034876_Tetrapisispora_iriomotensis 0.5050498 0.4218207 0.5947386 0.5040182 0.3962783 0.6181349 0.4414541 0.4085491 0.5251521 0.4451115 1.2866066 0.3976819 0.4198804 0.4095324 0.4662380 0.4472208 0.4449779 0.4262770 0.3815899 0.2819741 0.3423078 0.4148301 0.3734329 0.3366372 0.3602953 0.4130904 0.5191571 0.6452770 0.3933438 0.4145284 0.4000899 0.3803165 0.3816194 0.3735385 0.3784864 0.4150380 0.2963202 0.0000000 0.2796965 0.3977140 
yHMPu5000034877_Tetrapisispora_namnaonensis 0.4579447 0.4013687 0.6016101 0.5002436 0.4510046 0.6840108 0.4596718 0.4359187 0.5238737 0.4507334 1.2462413 0.4055780 0.4451145 0.4305646 0.4621974 0.4568994 0.4596509 0.4337499 0.3793849 0.1910297 0.3421877 0.3760660 0.3836806 0.4016520 0.3708933 0.4117375 0.5284408 0.5820963 0.4135528 0.4168252 0.4463769 0.4067065 0.3969862 0.4117718 0.3992111 0.4021717 0.1402688 0.2796965 0.0000000 0.4176039 
yHMPu5000035629_Yueomyces_sinensis          0.5608511 0.3506840 0.6971282 0.5163133 0.5208998 0.6707716 0.5001219 0.5571940 0.5580708 0.4431112 1.3538170 0.4508985 0.4158136 0.4186553 0.4839669 0.4759409 0.4428783 0.4328794 0.3073215 0.4339480 0.4407629 0.3466402 0.3639661 0.3730607 0.3507064 0.3947036 0.6396788 0.7750493 0.4305719 0.4334074 0.4659876 0.4103262 0.4028617 0.3501747 0.3923558 0.4273709 0.4370881 0.3977140 0.4176039 0.0000000 
