40
Candida_glabrata                            0.0000000 0.7706872 0.7315542 0.7019932 0.3398127 1.2212807 0.4004299 0.3636187 0.6295624 0.7051001 1.5727484 0.6441488 0.6548464 0.6166167 0.6417907 0.7539498 0.6467323 0.6451919 0.7793556 0.7775808 0.7488988 0.7184537 0.8956723 0.8090813 0.7968983 0.8735756 0.6515718 0.8252222 0.6257880 1.0610417 1.0626303 0.7901802 0.8687565 0.7299902 1.0114551 0.9431904 0.7635293 0.8324605 0.7946935 0.8405913 
Kazachstania_africana                       0.7706872 0.0000000 0.8637937 0.8805771 0.7264148 1.3344273 0.8072837 0.6955284 0.6300996 0.7118015 1.5285859 0.7155515 0.6988252 0.6544290 0.7198015 0.6739120 0.7019482 0.6921189 0.7956290 0.6797558 0.7975078 0.5887657 0.8674782 0.6152686 0.6985931 0.8062861 0.9972979 0.6327889 0.6441880 1.0492820 0.8095629 0.6213082 0.9719472 0.6279948 0.9224540 0.9505825 0.7582567 0.7380987 0.6874886 0.6655824 
Kazachstania_naganishii                     0.7315542 0.8637937 0.0000000 0.9353568 0.6970667 1.4549611 0.7704496 0.6700275 0.9050147 0.9367038 1.6464399 0.7201045 0.7619118 0.6996130 0.8206642 0.7710667 0.7770573 0.7135400 0.9131313 0.9839706 0.9137599 0.7786003 1.0143217 0.9193912 0.7924585 0.9216257 0.5739193 0.8474000 0.7002327 1.2766296 1.1611875 1.0339659 0.9819116 0.8378363 1.0642590 0.9723102 1.0517023 1.0193461 1.0126922 0.8357658 
Nakaseomyces_bacillisporus                  0.7019932 0.8805771 0.9353568 0.0000000 0.6585374 0.9875690 0.6715412 0.6591186 0.5996503 0.6302875 1.8438449 0.5461547 0.5317186 0.5719426 0.5553882 0.5549120 0.5404931 0.5502639 0.5897258 0.6308099 0.7315474 0.5884138 0.6749398 0.6604232 0.7417641 0.7886973 0.8126302 0.7872316 0.5987606 0.6836911 0.6476408 0.7920016 0.7897727 0.6324177 0.7484639 0.8475338 0.7237243 0.7461184 0.6846422 0.7647239 
Nakaseomyces_bracarensis                    0.3398127 0.7264148 0.6970667 0.6585374 0.0000000 1.3308913 0.3174071 0.2310959 0.5733087 0.6357821 1.6606858 0.6514876 0.5830761 0.5754149 0.5858172 0.6563082 0.5848176 0.5815752 0.5798428 0.6050370 0.6176254 0.6067908 0.7011559 0.5727733 0.6425381 0.7629935 0.6929480 0.7339539 0.5518350 0.9734842 0.7725409 0.7248440 0.8216122 0.5858889 0.8165644 0.9774268 0.6139653 0.6972501 0.6096598 0.7023845 
Nakaseomyces_castellii                      1.2212807 1.3344273 1.4549611 0.9875690 1.3308913 0.0000000 1.1847860 1.4500129 1.0264991 1.1121288 1.9377580 0.9592948 0.9512063 0.9654946 0.9872449 0.9760519 0.9259786 0.9959302 0.9065817 1.0477709 0.9926681 1.0292232 0.9818437 1.1691833 0.9306442 1.1189427 1.2831511 1.0833529 1.3173386 1.5500090 1.2577452 1.1448482 1.1214850 1.1511736 1.1621371 1.5039257 0.9556574 0.9715308 1.1116352 1.0283087 
Nakaseomyces_delphensis                     0.4004299 0.8072837 0.7704496 0.6715412 0.3174071 1.1847860 0.0000000 0.2397954 0.5689952 0.6513581 1.6194327 0.6601497 0.5997882 0.5669521 0.5830678 0.7023125 0.5997499 0.5747245 0.6922789 0.6800849 0.7129303 0.7088203 0.8464932 0.5833898 0.6950639 0.7218190 0.7201180 0.7429749 0.6233712 0.9605441 0.8217454 0.7579028 0.7847087 0.7184656 0.8810962 0.9940711 0.7076542 0.7187212 0.7474700 0.7901467 
Nakaseomyces_nivariensis                    0.3636187 0.6955284 0.6700275 0.6591186 0.2310959 1.4500129 0.2397954 0.0000000 0.6077908 0.6694725 1.6461254 0.6400647 0.6278496 0.5492756 0.5863006 0.6890668 0.6019806 0.5385008 0.7692471 0.7138766 0.7239403 0.6935400 0.7749376 0.5913561 0.6781323 0.7329634 0.7223642 0.7376374 0.5084981 0.9693854 0.8140161 0.7877292 0.7125501 0.6590443 0.8135313 0.9382283 0.6913993 0.7512392 0.7251304 0.7900588 
Naumovozyma_castellii                       0.6295624 0.6300996 0.9050147 0.5996503 0.5733087 1.0264991 0.5689952 0.6077908 0.0000000 0.3317348 1.6603771 0.4544482 0.4306777 0.4073654 0.3897749 0.4598792 0.4775550 0.4549792 0.4183370 0.4019315 0.4257142 0.3843540 0.6258568 0.4222794 0.4921573 0.6080391 0.8368299 0.5278250 0.4565180 1.2385949 0.5802766 0.5557325 0.7224146 0.4027395 0.6358658 0.8311640 0.4248551 0.4548832 0.4507785 0.5100036 
Naumovozyma_dairenensis                     0.7051001 0.7118015 0.9367038 0.6302875 0.6357821 1.1121288 0.6513581 0.6694725 0.3317348 0.0000000 1.6884394 0.5160539 0.4899172 0.5320311 0.5029314 0.5442728 0.4766076 0.5880366 0.4629866 0.4251764 0.4584583 0.4437786 0.5992754 0.3958268 0.5876559 0.6759348 0.9891074 0.6694786 0.4259238 0.9369952 0.5846187 0.6152399 0.6404334 0.3703388 0.5485033 0.9364950 0.4694011 0.4545423 0.4275958 0.6161895 
Neurospora_crassa                           1.5727484 1.5285859 1.6464399 1.8438449 1.6606858 1.9377580 1.6194327 1.6461254 1.6603771 1.6884394 0.0000000 1.6850683 1.7161891 1.5494464 1.5450245 1.7383962 1.6141536 1.4546388 1.8707390 2.0606656 1.8130096 1.6377275 1.6499618 1.7126269 1.5825069 1.7517749 1.5767397 1.6319416 1.4673008 2.2810072 2.1866844 2.0755526 1.5565339 1.8653398 1.8847876 1.8937336 2.0172733 1.6974723 1.7884686 1.7816688 
Saccharomyces_arboricola                    0.6441488 0.7155515 0.7201045 0.5461547 0.6514876 0.9592948 0.6601497 0.6400647 0.4544482 0.5160539 1.6850683 0.0000000 0.1920418 0.1681285 0.1941066 0.1848861 0.1911443 0.1844743 0.5882924 0.5652918 0.5972411 0.4914870 0.7711778 0.5328459 0.5911207 0.7260281 0.8117177 0.5561901 0.4793259 0.8391331 0.7115125 0.6799318 0.6728802 0.4943013 0.7682196 0.8561599 0.6248114 0.6456362 0.6519936 0.6604004 
Saccharomyces_cerevisiae                    0.6548464 0.6988252 0.7619118 0.5317186 0.5830761 0.9512063 0.5997882 0.6278496 0.4306777 0.4899172 1.7161891 0.1920418 0.0000000 0.2208221 0.1980399 0.1519810 0.0789124 0.2529818 0.5442308 0.5590965 0.5785840 0.4278860 0.7287714 0.4544799 0.5466553 0.7624127 0.6957280 0.5073006 0.4587962 0.8276186 0.6829127 0.6583134 0.6330997 0.4274891 0.7229020 0.8316079 0.5835426 0.5729461 0.6195529 0.5354729 
Saccharomyces_eubayanus                     0.6166167 0.6544290 0.6996130 0.5719426 0.5754149 0.9654946 0.5669521 0.5492756 0.4073654 0.5320311 1.5494464 0.1681285 0.2208221 0.0000000 0.2001115 0.2208303 0.2090712 0.0626601 0.5865688 0.5487687 0.5796173 0.4748673 0.7613436 0.4610832 0.6338442 0.7343701 0.7127965 0.5192753 0.4344212 0.9219015 0.7093477 0.6944525 0.6951138 0.4142477 0.7522327 0.8237469 0.5985057 0.6267561 0.6067641 0.6255615 
Saccharomyces_kudriavzevii                  0.6417907 0.7198015 0.8206642 0.5553882 0.5858172 0.9872449 0.5830678 0.5863006 0.3897749 0.5029314 1.5450245 0.1941066 0.1980399 0.2001115 0.0000000 0.2039028 0.1860939 0.2205275 0.6334858 0.5854806 0.5567157 0.5154646 0.7804552 0.4788101 0.5821607 0.7694484 0.7522066 0.5466673 0.5544340 1.1010227 0.7859252 0.6669988 0.7240646 0.5052792 0.7867206 0.8555972 0.6408125 0.5953730 0.6806233 0.5975372 
Saccharomyces_mikatae                       0.7539498 0.6739120 0.7710667 0.5549120 0.6563082 0.9760519 0.7023125 0.6890668 0.4598792 0.5442728 1.7383962 0.1848861 0.1519810 0.2208303 0.2039028 0.0000000 0.1171992 0.2573192 0.5266102 0.5597842 0.5493173 0.4626904 0.7251973 0.4367368 0.5899251 0.7489976 0.7166664 0.5187940 0.4642391 0.8835375 0.6589859 0.5923751 0.6933682 0.4426454 0.7353700 0.8310902 0.5742593 0.5462424 0.5992433 0.4982459 
Saccharomyces_paradoxus                     0.6467323 0.7019482 0.7770573 0.5404931 0.5848176 0.9259786 0.5997499 0.6019806 0.4775550 0.4766076 1.6141536 0.1911443 0.0789124 0.2090712 0.1860939 0.1171992 0.0000000 0.2298636 0.5353425 0.5683842 0.5550011 0.4837639 0.7565188 0.4558358 0.5698378 0.7638645 0.6689908 0.5218754 0.4438283 0.8475784 0.7193596 0.6786884 0.6273319 0.4437292 0.7668808 0.8388325 0.5627895 0.5760520 0.5938241 0.5402130 
Saccharomyces_uvarum                        0.6451919 0.6921189 0.7135400 0.5502639 0.5815752 0.9959302 0.5747245 0.5385008 0.4549792 0.5880366 1.4546388 0.1844743 0.2529818 0.0626601 0.2205275 0.2573192 0.2298636 0.0000000 0.6146435 0.5566640 0.5859202 0.5089054 0.7760946 0.4544705 0.6773305 0.7829073 0.7402601 0.5360255 0.4142646 0.9157615 0.6978960 0.7370232 0.7158175 0.4349604 0.7804160 0.7719148 0.6235942 0.6477201 0.6371490 0.6025134 
Tetrapisispora_blattae                      0.7793556 0.7956290 0.9131313 0.5897258 0.5798428 0.9065817 0.6922789 0.7692471 0.4183370 0.4629866 1.8707390 0.5882924 0.5442308 0.5865688 0.6334858 0.5266102 0.5353425 0.6146435 0.0000000 0.4181122 0.4787129 0.3800496 0.5190950 0.4457568 0.5046070 0.6203329 0.8918999 0.7566707 0.5471641 1.0134807 0.5929287 0.6311959 0.7489715 0.4955377 0.5920698 0.9819059 0.4103010 0.4770695 0.4377928 0.3862779 
Tetrapisispora_phaffii                      0.7775808 0.6797558 0.9839706 0.6308099 0.6050370 1.0477709 0.6800849 0.7138766 0.4019315 0.4251764 2.0606656 0.5652918 0.5590965 0.5487687 0.5854806 0.5597842 0.5683842 0.5566640 0.4181122 0.0000000 0.3261024 0.4374935 0.5650250 0.4155629 0.5242970 0.6246096 0.8937409 0.6403438 0.5797098 0.9445281 0.6105010 0.6159050 0.7311444 0.3911227 0.6205820 0.9282432 0.1506118 0.2735873 0.1735257 0.5097834 
Vanderwaltozyma_polyspora                   0.7488988 0.7975078 0.9137599 0.7315474 0.6176254 0.9926681 0.7129303 0.7239403 0.4257142 0.4584583 1.8130096 0.5972411 0.5785840 0.5796173 0.5567157 0.5493173 0.5550011 0.5859202 0.4787129 0.3261024 0.0000000 0.4520379 0.5926308 0.3913683 0.5969302 0.7029801 0.9208434 0.6720801 0.5192725 1.2497106 0.6953985 0.6183848 0.6512218 0.4423950 0.6855673 0.9792630 0.4229541 0.3645239 0.4031316 0.5523334 
yHAB132_Kazachstania_martiniae              0.7184537 0.5887657 0.7786003 0.5884138 0.6067908 1.0292232 0.7088203 0.6935400 0.3843540 0.4437786 1.6377275 0.4914870 0.4278860 0.4748673 0.5154646 0.4626904 0.4837639 0.5089054 0.3800496 0.4374935 0.4520379 0.0000000 0.5485926 0.4251622 0.5343481 0.5714067 0.8933090 0.4900648 0.4772713 0.8378358 0.6404488 0.5598267 0.7167851 0.4114609 0.6118655 0.9112332 0.4904290 0.4598916 0.4356741 0.5238843 
yHAB133_Kazachstania_unispora               0.8956723 0.8674782 1.0143217 0.6749398 0.7011559 0.9818437 0.8464932 0.7749376 0.6258568 0.5992754 1.6499618 0.7711778 0.7287714 0.7613436 0.7804552 0.7251973 0.7565188 0.7760946 0.5190950 0.5650250 0.5926308 0.5485926 0.0000000 0.5208520 0.5400214 0.3653099 0.9402142 0.7054420 0.7114909 0.8316263 0.6522812 0.6180365 0.2295186 0.4740098 0.1390407 0.8982158 0.5788748 0.5735509 0.5415416 0.6285806 
yHAB134_Kazachstania_turicensis             0.8090813 0.6152686 0.9193912 0.6604232 0.5727733 1.1691833 0.5833898 0.5913561 0.4222794 0.3958268 1.7126269 0.5328459 0.4544799 0.4610832 0.4788101 0.4367368 0.4558358 0.4544705 0.4457568 0.4155629 0.3913683 0.4251622 0.5208520 0.0000000 0.6138489 0.5988937 0.9368836 0.6227516 0.3473389 0.8785889 0.4192778 0.4943005 0.6489211 0.2333261 0.5896018 0.9030015 0.5066022 0.4424073 0.4428989 0.5318519 
yHAB136_Kazachstania_bromeliacearum         0.7968983 0.6985931 0.7924585 0.7417641 0.6425381 0.9306442 0.6950639 0.6781323 0.4921573 0.5876559 1.5825069 0.5911207 0.5466553 0.6338442 0.5821607 0.5899251 0.5698378 0.6773305 0.5046070 0.5242970 0.5969302 0.5343481 0.5400214 0.6138489 0.0000000 0.6126370 0.8742803 0.6845218 0.6682850 0.9752813 0.7740405 0.6166253 0.6184743 0.6109778 0.6413318 0.8198212 0.5447996 0.4728954 0.5178849 0.5965567 
yHAB143_Kazachstania_siamensis              0.8735756 0.8062861 0.9216257 0.7886973 0.7629935 1.1189427 0.7218190 0.7329634 0.6080391 0.6759348 1.7517749 0.7260281 0.7624127 0.7343701 0.7694484 0.7489976 0.7638645 0.7829073 0.6203329 0.6246096 0.7029801 0.5714067 0.3653099 0.5988937 0.6126370 0.0000000 0.8783905 0.7793680 0.7766187 0.7815184 0.7932624 0.7486580 0.4713888 0.6543934 0.3816255 0.8621637 0.6762295 0.6746833 0.6659147 0.6277102 
yHAB147_Kazachstania_taianensis             0.6515718 0.9972979 0.5739193 0.8126302 0.6929480 1.2831511 0.7201180 0.7223642 0.8368299 0.9891074 1.5767397 0.8117177 0.6957280 0.7127965 0.7522066 0.7166664 0.6689908 0.7402601 0.8918999 0.8937409 0.9208434 0.8933090 0.9402142 0.9368836 0.8742803 0.8783905 0.0000000 0.8131895 0.8224466 0.9906931 1.2989818 1.0799876 0.9412527 0.9135706 1.1019372 0.9434976 0.8154332 0.9694901 0.8755338 0.9770632 
yHAB148_Kazachstania_intestinalis           0.8252222 0.6327889 0.8474000 0.7872316 0.7339539 1.0833529 0.7429749 0.7376374 0.5278250 0.6694786 1.6319416 0.5561901 0.5073006 0.5192753 0.5466673 0.5187940 0.5218754 0.5360255 0.7566707 0.6403438 0.6720801 0.4900648 0.7054420 0.6227516 0.6845218 0.7793680 0.8131895 0.0000000 0.6408106 0.8216319 0.9881279 0.7223206 0.6596514 0.5659905 0.7680937 0.9784897 0.6770777 0.6435284 0.7284962 0.6476250 
yHAB153_Kazachstania_rosinii                0.6257880 0.6441880 0.7002327 0.5987606 0.5518350 1.3173386 0.6233712 0.5084981 0.4565180 0.4259238 1.4673008 0.4793259 0.4587962 0.4344212 0.5544340 0.4642391 0.4438283 0.4142646 0.5471641 0.5797098 0.5192725 0.4772713 0.7114909 0.3473389 0.6682850 0.7766187 0.8224466 0.6408106 0.0000000 0.9395893 0.5538282 0.5854592 0.7010877 0.3687346 0.8037335 0.8411708 0.5768246 0.6056838 0.5581944 0.6478099 
yHAB154_Kazachstania_transvaalensis         1.0610417 1.0492820 1.2766296 0.6836911 0.9734842 1.5500090 0.9605441 0.9693854 1.2385949 0.9369952 2.2810072 0.8391331 0.8276186 0.9219015 1.1010227 0.8835375 0.8475784 0.9157615 1.0134807 0.9445281 1.2497106 0.8378358 0.8316263 0.8785889 0.9752813 0.7815184 0.9906931 0.8216319 0.9395893 0.0000000 1.1024149 0.9091584 0.8418310 0.9285918 0.8220231 0.4208268 1.0171960 1.1683132 1.0066996 1.2497510 
yHAB155_Kazachstania_spencerorum            1.0626303 0.8095629 1.1611875 0.6476408 0.7725409 1.2577452 0.8217454 0.8140161 0.5802766 0.5846187 2.1866844 0.7115125 0.6829127 0.7093477 0.7859252 0.6589859 0.7193596 0.6978960 0.5929287 0.6105010 0.6953985 0.6404488 0.6522812 0.4192778 0.7740405 0.7932624 1.2989818 0.9881279 0.5538282 1.1024149 0.0000000 0.5087288 0.8399812 0.4147085 0.6111242 0.9269914 0.6424400 0.6643058 0.6430439 0.6590624 
yHAB158_Kazachstania_viticola               0.7901802 0.6213082 1.0339659 0.7920016 0.7248440 1.1448482 0.7579028 0.7877292 0.5557325 0.6152399 2.0755526 0.6799318 0.6583134 0.6944525 0.6669988 0.5923751 0.6786884 0.7370232 0.6311959 0.6159050 0.6183848 0.5598267 0.6180365 0.4943005 0.6166253 0.7486580 1.0799876 0.7223206 0.5854592 0.9091584 0.5087288 0.0000000 0.7298946 0.4693505 0.6301880 0.8901492 0.5833394 0.6298793 0.6125878 0.7060531 
yHAB159_Kazachstania_solicola               0.8687565 0.9719472 0.9819116 0.7897727 0.8216122 1.1214850 0.7847087 0.7125501 0.7224146 0.6404334 1.5565339 0.6728802 0.6330997 0.6951138 0.7240646 0.6933682 0.6273319 0.7158175 0.7489715 0.7311444 0.6512218 0.7167851 0.2295186 0.6489211 0.6184743 0.4713888 0.9412527 0.6596514 0.7010877 0.8418310 0.8399812 0.7298946 0.0000000 0.6173835 0.1668626 0.9136840 0.7122120 0.7695310 0.7154295 0.7489195 
yHAB160_Kazachstania_kunashirensis          0.7299902 0.6279948 0.8378363 0.6324177 0.5858889 1.1511736 0.7184656 0.6590443 0.4027395 0.3703388 1.8653398 0.4943013 0.4274891 0.4142477 0.5052792 0.4426454 0.4437292 0.4349604 0.4955377 0.3911227 0.4423950 0.4114609 0.4740098 0.2333261 0.6109778 0.6543934 0.9135706 0.5659905 0.3687346 0.9285918 0.4147085 0.4693505 0.6173835 0.0000000 0.5942505 0.9190562 0.3962564 0.4275438 0.4181887 0.5554982 
yHAB164_Kazachstania_aerobia                1.0114551 0.9224540 1.0642590 0.7484639 0.8165644 1.1621371 0.8810962 0.8135313 0.6358658 0.5485033 1.8847876 0.7682196 0.7229020 0.7522327 0.7867206 0.7353700 0.7668808 0.7804160 0.5920698 0.6205820 0.6855673 0.6118655 0.1390407 0.5896018 0.6413318 0.3816255 1.1019372 0.7680937 0.8037335 0.8220231 0.6111242 0.6301880 0.1668626 0.5942505 0.0000000 0.9326152 0.7144629 0.6704792 0.7169790 0.6646518 
yHAB166_Kazachstania_yakushimaensis         0.9431904 0.9505825 0.9723102 0.8475338 0.9774268 1.5039257 0.9940711 0.9382283 0.8311640 0.9364950 1.8937336 0.8561599 0.8316079 0.8237469 0.8555972 0.8310902 0.8388325 0.7719148 0.9819059 0.9282432 0.9792630 0.9112332 0.8982158 0.9030015 0.8198212 0.8621637 0.9434976 0.9784897 0.8411708 0.4208268 0.9269914 0.8901492 0.9136840 0.9190562 0.9326152 0.0000000 0.9286993 0.9427916 0.8835394 1.0392574 
yHMPu5000034875_Tetrapisispora_fleetii      0.7635293 0.7582567 1.0517023 0.7237243 0.6139653 0.9556574 0.7076542 0.6913993 0.4248551 0.4694011 2.0172733 0.6248114 0.5835426 0.5985057 0.6408125 0.5742593 0.5627895 0.6235942 0.4103010 0.1506118 0.4229541 0.4904290 0.5788748 0.5066022 0.5447996 0.6762295 0.8154332 0.6770777 0.5768246 1.0171960 0.6424400 0.5833394 0.7122120 0.3962564 0.7144629 0.9286993 0.0000000 0.2445989 0.1260776 0.5417187 
yHMPu5000034876_Tetrapisispora_iriomotensis 0.8324605 0.7380987 1.0193461 0.7461184 0.6972501 0.9715308 0.7187212 0.7512392 0.4548832 0.4545423 1.6974723 0.6456362 0.5729461 0.6267561 0.5953730 0.5462424 0.5760520 0.6477201 0.4770695 0.2735873 0.3645239 0.4598916 0.5735509 0.4424073 0.4728954 0.6746833 0.9694901 0.6435284 0.6056838 1.1683132 0.6643058 0.6298793 0.7695310 0.4275438 0.6704792 0.9427916 0.2445989 0.0000000 0.2363420 0.5576557 
yHMPu5000034877_Tetrapisispora_namnaonensis 0.7946935 0.6874886 1.0126922 0.6846422 0.6096598 1.1116352 0.7474700 0.7251304 0.4507785 0.4275958 1.7884686 0.6519936 0.6195529 0.6067641 0.6806233 0.5992433 0.5938241 0.6371490 0.4377928 0.1735257 0.4031316 0.4356741 0.5415416 0.4428989 0.5178849 0.6659147 0.8755338 0.7284962 0.5581944 1.0066996 0.6430439 0.6125878 0.7154295 0.4181887 0.7169790 0.8835394 0.1260776 0.2363420 0.0000000 0.6144178 
yHMPu5000035629_Yueomyces_sinensis          0.8405913 0.6655824 0.8357658 0.7647239 0.7023845 1.0283087 0.7901467 0.7900588 0.5100036 0.6161895 1.7816688 0.6604004 0.5354729 0.6255615 0.5975372 0.4982459 0.5402130 0.6025134 0.3862779 0.5097834 0.5523334 0.5238843 0.6285806 0.5318519 0.5965567 0.6277102 0.9770632 0.6476250 0.6478099 1.2497510 0.6590624 0.7060531 0.7489195 0.5554982 0.6646518 1.0392574 0.5417187 0.5576557 0.6144178 0.0000000 
