40
Candida_glabrata                            0.0000000 0.9900456 1.2499890 0.9102775 0.3718276 1.2762494 0.4728831 0.3722432 0.9161902 0.8261906 4.7147435 0.8869259 0.8959734 0.8759121 0.8973937 0.9519714 0.9079485 0.8713359 1.1790250 0.8972540 0.9031137 0.9703800 0.9311215 0.9777760 0.8557121 1.0424590 1.0285323 0.9539678 0.8544235 1.2140548 1.0490689 0.9484667 0.9144313 0.9607184 0.9232563 1.1495538 0.9511706 0.9600126 0.9998036 1.1933033 
Kazachstania_africana                       0.9900456 0.0000000 1.0317579 0.9263338 0.8827100 1.3180744 0.9774527 0.8964751 0.6790392 0.6142771 4.9227524 0.7330586 0.7833396 0.7539686 0.7535147 0.7805635 0.7377521 0.7521466 0.8929853 0.8642391 0.7746502 0.5420338 0.7640109 0.7302605 0.6232239 0.8498652 0.8571497 0.7859963 0.6356630 0.9791963 0.6122971 0.4981936 0.7471069 0.6462543 0.7586717 0.8374035 0.9186469 0.8542926 0.8490372 0.8785844 
Kazachstania_naganishii                     1.2499890 1.0317579 0.0000000 1.2329686 1.1521443 1.4587429 1.0817584 1.1530617 1.0349635 0.9910019 4.5835159 1.0670304 1.0715314 1.0656297 1.0627505 1.1120596 1.0698067 1.0697243 1.4649655 1.2767177 1.0798974 0.9698164 0.9413893 1.1391877 0.7503773 0.9491653 0.6561858 0.9619225 0.9653785 1.0510270 1.1099375 1.0846657 0.8679900 1.1199463 0.8810586 1.0624306 1.3158322 1.2983499 1.3273045 1.3859110 
Nakaseomyces_bacillisporus                  0.9102775 0.9263338 1.2329686 0.0000000 0.8117391 1.0009962 0.8843494 0.7982058 0.8298691 0.8993651 4.9782352 0.7925069 0.7756116 0.7506442 0.7943022 0.8322751 0.7745769 0.7647374 0.9977662 0.9554056 0.8374803 0.8700566 0.8973618 1.0064225 0.7969209 0.9036517 0.9622852 0.9946172 0.9207617 1.1144261 0.9352627 0.8985534 0.8644254 0.9341357 0.8771375 1.0449600 0.9751261 0.9534687 0.9402526 1.0675510 
Nakaseomyces_bracarensis                    0.3718276 0.8827100 1.1521443 0.8117391 0.0000000 1.1394875 0.2249857 0.1679448 0.7849096 0.7760118 4.7287189 0.7456854 0.7978694 0.6957692 0.7725057 0.8093482 0.7601172 0.7140279 1.0054017 0.9350424 0.8615653 0.8477117 0.8925537 0.9204641 0.8573900 0.9764363 0.8837784 0.9223247 0.8760855 1.2394334 0.9891317 0.8434122 0.8192904 0.8894519 0.8467989 1.2242297 0.9158060 0.9345881 0.9262563 1.0087025 
Nakaseomyces_castellii                      1.2762494 1.3180744 1.4587429 1.0009962 1.1394875 0.0000000 1.2344029 1.1893484 1.1676823 1.1220044 5.4966570 1.1871369 1.1952978 1.1322778 1.1698078 1.2187220 1.2346188 1.1451701 1.3776655 1.4527570 1.3187674 1.2207385 1.2335665 1.3597114 1.2188221 1.2296751 1.3517641 1.2306232 1.3041986 1.5336506 1.2251446 1.2263342 1.2110062 1.3216488 1.1903760 1.5527232 1.5250905 1.4416732 1.4772886 1.5655151 
Nakaseomyces_delphensis                     0.4728831 0.9774527 1.0817584 0.8843494 0.2249857 1.2344029 0.0000000 0.2113471 0.8623119 0.8697986 4.6493334 0.8216460 0.8593105 0.8375004 0.8777272 0.8964730 0.8607591 0.8557466 1.1418482 1.0134743 0.9417808 0.9145404 0.9928504 1.0169326 0.8836971 1.0752767 0.9023297 1.0046066 0.9447432 1.2551460 1.0783796 0.9653486 0.9404437 0.9779771 0.9813951 1.2892721 1.0588011 1.0241801 0.9951346 1.1234444 
Nakaseomyces_nivariensis                    0.3722432 0.8964751 1.1530617 0.7982058 0.1679448 1.1893484 0.2113471 0.0000000 0.8077339 0.7793261 4.8025643 0.7756701 0.7837725 0.7364595 0.8101373 0.8200337 0.7910404 0.7571714 1.0459914 0.9008093 0.8515615 0.8285706 0.9067708 0.8862492 0.8264730 0.9997028 0.9944341 0.8951234 0.8669837 1.2285602 0.9706098 0.8402010 0.8392370 0.8794700 0.8628184 1.1789186 0.9186468 0.8961439 0.8926971 1.0203168 
Naumovozyma_castellii                       0.9161902 0.6790392 1.0349635 0.8298691 0.7849096 1.1676823 0.8623119 0.8077339 0.0000000 0.3957967 5.0717015 0.6423948 0.6582531 0.6707317 0.6754114 0.6744380 0.6489278 0.6536018 0.7949981 0.8129951 0.7424054 0.6737055 0.6979009 0.7330015 0.5928970 0.7407324 0.9670209 0.8360532 0.6562560 0.9324481 0.6785967 0.6423375 0.6893214 0.6639852 0.7036113 0.9157792 0.8537926 0.7799021 0.8074626 0.7978669 
Naumovozyma_dairenensis                     0.8261906 0.6142771 0.9910019 0.8993651 0.7760118 1.1220044 0.8697986 0.7793261 0.3957967 0.0000000 4.9850683 0.6013693 0.6283400 0.6193933 0.6104211 0.6008881 0.6037429 0.5937236 0.7694633 0.7472527 0.6563177 0.5964935 0.6921136 0.6684984 0.5582959 0.7031034 0.9787760 0.7246529 0.6363836 0.8846258 0.5662462 0.5545419 0.7050925 0.5964369 0.7240933 0.8432749 0.7217026 0.7202069 0.7433358 0.7492534 
Neurospora_crassa                           4.7147435 4.9227524 4.5835159 4.9782352 4.7287189 5.4966570 4.6493334 4.8025643 5.0717015 4.9850683 0.0000000 5.1262854 5.2717774 5.2038983 5.3298018 5.4355465 5.2095681 5.3700148 6.8959560 5.4257723 4.6710246 4.9889586 5.0347819 6.0448971 5.2697669 5.4499095 4.0425561 4.4151153 4.6384191 6.0817857 5.6703783 4.6368126 4.8295353 5.6833007 5.0615362 6.2159452 5.1411787 5.4305635 5.0559751 6.6256192 
Saccharomyces_arboricola                    0.8869259 0.7330586 1.0670304 0.7925069 0.7456854 1.1871369 0.8216460 0.7756701 0.6423948 0.6013693 5.1262854 0.0000000 0.2002754 0.2062982 0.1916903 0.1948739 0.1796353 0.1898486 0.9943798 0.8279276 0.7185838 0.7399964 0.8585853 0.8598370 0.7475197 0.9119054 0.9271287 0.8696836 0.7539208 1.0308122 0.7895509 0.7244754 0.8000037 0.7838312 0.8280387 0.9295498 0.8564782 0.8187790 0.8503775 0.9064229 
Saccharomyces_cerevisiae                    0.8959734 0.7833396 1.0715314 0.7756116 0.7978694 1.1952978 0.8593105 0.7837725 0.6582531 0.6283400 5.2717774 0.2002754 0.0000000 0.2240585 0.2027872 0.1657249 0.1065949 0.2192252 0.9911083 0.8525123 0.7213401 0.7708222 0.8672355 0.8486026 0.7877105 0.9405386 0.9696483 0.8799564 0.7912443 1.0900381 0.7872157 0.7351555 0.8175646 0.7928432 0.8467743 0.9764032 0.8665441 0.7866919 0.8605555 0.9327328 
Saccharomyces_eubayanus                     0.8759121 0.7539686 1.0656297 0.7506442 0.6957692 1.1322778 0.8375004 0.7364595 0.6707317 0.6193933 5.2038983 0.2062982 0.2240585 0.0000000 0.2333349 0.2252202 0.2126035 0.0675129 0.9208465 0.7823515 0.7256342 0.7693300 0.8260043 0.8635964 0.7505446 0.9129858 0.9262056 0.8700397 0.7428403 1.0293227 0.7467280 0.7430224 0.7978134 0.7475934 0.8092323 0.9126277 0.8308986 0.7764379 0.8220110 0.8764467 
Saccharomyces_kudriavzevii                  0.8973937 0.7535147 1.0627505 0.7943022 0.7725057 1.1698078 0.8777272 0.8101373 0.6754114 0.6104211 5.3298018 0.1916903 0.2027872 0.2333349 0.0000000 0.2079793 0.1832392 0.2163416 1.0227114 0.8594837 0.7317075 0.7248992 0.8499144 0.8531699 0.7643121 0.8826575 0.9408689 0.8896950 0.7797481 1.0920095 0.8036303 0.7250552 0.7925888 0.8125119 0.8150772 0.9421737 0.8643228 0.8047615 0.8679392 0.9038019 
Saccharomyces_mikatae                       0.9519714 0.7805635 1.1120596 0.8322751 0.8093482 1.2187220 0.8964730 0.8200337 0.6744380 0.6008881 5.4355465 0.1948739 0.1657249 0.2252202 0.2079793 0.0000000 0.1623560 0.2166716 1.0144525 0.8611884 0.7647223 0.7773575 0.9062763 0.8829372 0.7902646 0.9576077 1.0143330 0.9130571 0.7939918 1.0870046 0.8000491 0.7534577 0.8439483 0.7893311 0.8671237 1.0023387 0.8603737 0.8019669 0.8713374 0.9282409 
Saccharomyces_paradoxus                     0.9079485 0.7377521 1.0698067 0.7745769 0.7601172 1.2346188 0.8607591 0.7910404 0.6489278 0.6037429 5.2095681 0.1796353 0.1065949 0.2126035 0.1832392 0.1623560 0.0000000 0.2130385 0.9585862 0.8395300 0.6937755 0.7477563 0.8471204 0.8441896 0.7751191 0.9112543 0.9513214 0.8835485 0.7822093 1.0417073 0.7915847 0.7249305 0.8035954 0.8153929 0.8386007 0.9339134 0.8583663 0.7869875 0.8439954 0.8806782 
Saccharomyces_uvarum                        0.8713359 0.7521466 1.0697243 0.7647374 0.7140279 1.1451701 0.8557466 0.7571714 0.6536018 0.5937236 5.3700148 0.1898486 0.2192252 0.0675129 0.2163416 0.2166716 0.2130385 0.0000000 0.9500918 0.8032192 0.7010267 0.7432458 0.8310515 0.8555482 0.7240556 0.8979327 0.9347278 0.8505792 0.7407244 1.0284859 0.7523455 0.7203086 0.7909057 0.7483810 0.8071012 0.9212977 0.8327482 0.7857221 0.8331900 0.8616836 
Tetrapisispora_blattae                      1.1790250 0.8929853 1.4649655 0.9977662 1.0054017 1.3776655 1.1418482 1.0459914 0.7949981 0.7694633 6.8959560 0.9943798 0.9911083 0.9208465 1.0227114 1.0144525 0.9585862 0.9500918 0.0000000 0.9212949 0.8384551 0.8507103 0.8552004 0.9772750 0.8701954 0.9362918 1.2747967 0.9923713 0.9675650 1.1667958 0.9067696 0.7774282 0.8561919 0.8746044 0.8712484 1.0955930 0.9167606 0.8271076 0.8961891 0.5609038 
Tetrapisispora_phaffii                      0.8972540 0.8642391 1.2767177 0.9554056 0.9350424 1.4527570 1.0134743 0.9008093 0.8129951 0.7472527 5.4257723 0.8279276 0.8525123 0.7823515 0.8594837 0.8611884 0.8395300 0.8032192 0.9212949 0.0000000 0.5783453 0.8528669 0.8419215 0.9509665 0.7659355 0.9319191 1.1211123 0.9306823 0.8590400 1.1982347 0.8523716 0.8366036 0.8289557 0.8605791 0.8326078 1.0559760 0.2545467 0.2972931 0.2373793 0.8516998 
Vanderwaltozyma_polyspora                   0.9031137 0.7746502 1.0798974 0.8374803 0.8615653 1.3187674 0.9417808 0.8515615 0.7424054 0.6563177 4.6710246 0.7185838 0.7213401 0.7256342 0.7317075 0.7647223 0.6937755 0.7010267 0.8384551 0.5783453 0.0000000 0.6905774 0.8224775 0.8239571 0.7489999 0.8730642 1.0383766 0.8260036 0.8095863 1.0691628 0.7744165 0.6281208 0.7693180 0.7730542 0.7964056 0.9827214 0.5748535 0.5359324 0.5427764 0.7878043 
yHAB132_Kazachstania_martiniae              0.9703800 0.5420338 0.9698164 0.8700566 0.8477117 1.2207385 0.9145404 0.8285706 0.6737055 0.5964935 4.9889586 0.7399964 0.7708222 0.7693300 0.7248992 0.7773575 0.7477563 0.7432458 0.8507103 0.8528669 0.6905774 0.0000000 0.7110217 0.6613921 0.6220118 0.7543546 0.8552932 0.6873770 0.6352230 0.8885529 0.6413073 0.5420679 0.6919089 0.6781064 0.7111304 0.8794000 0.8882229 0.8060698 0.8321609 0.7932180 
yHAB133_Kazachstania_unispora               0.9311215 0.7640109 0.9413893 0.8973618 0.8925537 1.2335665 0.9928504 0.9067708 0.6979009 0.6921136 5.0347819 0.8585853 0.8672355 0.8260043 0.8499144 0.9062763 0.8471204 0.8310515 0.8552004 0.8419215 0.8224775 0.7110217 0.0000000 0.8257792 0.5194045 0.2068296 0.7704694 0.8449049 0.7804046 0.7209155 0.7761140 0.7232174 0.1000936 0.6894242 0.1119917 0.6518929 0.8998171 0.8172033 0.8915364 0.8848808 
yHAB134_Kazachstania_turicensis             0.9777760 0.7302605 1.1391877 1.0064225 0.9204641 1.3597114 1.0169326 0.8862492 0.7330015 0.6684984 6.0448971 0.8598370 0.8486026 0.8635964 0.8531699 0.8829372 0.8441896 0.8555482 0.9772750 0.9509665 0.8239571 0.6613921 0.8257792 0.0000000 0.7574440 0.8898374 0.9555061 0.8323538 0.6810942 0.9968461 0.5845871 0.6410806 0.8043075 0.3612323 0.8199258 0.9206900 0.9637726 0.8780489 0.9362765 0.8219171 
yHAB136_Kazachstania_bromeliacearum         0.8557121 0.6232239 0.7503773 0.7969209 0.8573900 1.2188221 0.8836971 0.8264730 0.5928970 0.5582959 5.2697669 0.7475197 0.7877105 0.7505446 0.7643121 0.7902646 0.7751191 0.7240556 0.8701954 0.7659355 0.7489999 0.6220118 0.5194045 0.7574440 0.0000000 0.5356098 0.6915167 0.7639559 0.6576909 0.6230294 0.6086145 0.5894597 0.5068396 0.6554941 0.5231283 0.6205931 0.8737200 0.7860020 0.8592818 0.8605833 
yHAB143_Kazachstania_siamensis              1.0424590 0.8498652 0.9491653 0.9036517 0.9764363 1.2296751 1.0752767 0.9997028 0.7407324 0.7031034 5.4499095 0.9119054 0.9405386 0.9129858 0.8826575 0.9576077 0.9112543 0.8979327 0.9362918 0.9319191 0.8730642 0.7543546 0.2068296 0.8898374 0.5356098 0.0000000 0.8641164 0.9021717 0.8664122 0.6920261 0.7568072 0.7799835 0.2425775 0.7740689 0.2477704 0.7175556 0.9736008 0.9237839 0.9695213 0.9941820 
yHAB147_Kazachstania_taianensis             1.0285323 0.8571497 0.6561858 0.9622852 0.8837784 1.3517641 0.9023297 0.9944341 0.9670209 0.9787760 4.0425561 0.9271287 0.9696483 0.9262056 0.9408689 1.0143330 0.9513214 0.9347278 1.2747967 1.1211123 1.0383766 0.8552932 0.7704694 0.9555061 0.6915167 0.8641164 0.0000000 0.8634993 0.8015550 0.9515235 1.0859846 0.9508041 0.7202228 0.9843374 0.7450367 0.9354312 1.1398022 1.1515338 1.1233666 1.2822007 
yHAB148_Kazachstania_intestinalis           0.9539678 0.7859963 0.9619225 0.9946172 0.9223247 1.2306232 1.0046066 0.8951234 0.8360532 0.7246529 4.4151153 0.8696836 0.8799564 0.8700397 0.8896950 0.9130571 0.8835485 0.8505792 0.9923713 0.9306823 0.8260036 0.6873770 0.8449049 0.8323538 0.7639559 0.9021717 0.8634993 0.0000000 0.7958599 0.9420652 0.8848035 0.7205525 0.7903204 0.8431362 0.7993276 0.9402920 0.9010501 0.9071982 0.9235765 1.1655150 
yHAB153_Kazachstania_rosinii                0.8544235 0.6356630 0.9653785 0.9207617 0.8760855 1.3041986 0.9447432 0.8669837 0.6562560 0.6363836 4.6384191 0.7539208 0.7912443 0.7428403 0.7797481 0.7939918 0.7822093 0.7407244 0.9675650 0.8590400 0.8095863 0.6352230 0.7804046 0.6810942 0.6576909 0.8664122 0.8015550 0.7958599 0.0000000 1.0048468 0.5037605 0.6589029 0.7890577 0.5851348 0.8091005 0.9011183 0.8018358 0.7748948 0.8059640 0.9587968 
yHAB154_Kazachstania_transvaalensis         1.2140548 0.9791963 1.0510270 1.1144261 1.2394334 1.5336506 1.2551460 1.2285602 0.9324481 0.8846258 6.0817857 1.0308122 1.0900381 1.0293227 1.0920095 1.0870046 1.0417073 1.0284859 1.1667958 1.1982347 1.0691628 0.8885529 0.7209155 0.9968461 0.6230294 0.6920261 0.9515235 0.9420652 1.0048468 0.0000000 0.8723925 0.9667127 0.7388868 0.9060953 0.7487677 0.2556410 1.2213508 1.2177614 1.2255983 1.1446754 
yHAB155_Kazachstania_spencerorum            1.0490689 0.6122971 1.1099375 0.9352627 0.9891317 1.2251446 1.0783796 0.9706098 0.6785967 0.5662462 5.6703783 0.7895509 0.7872157 0.7467280 0.8036303 0.8000491 0.7915847 0.7523455 0.9067696 0.8523716 0.7744165 0.6413073 0.7761140 0.5845871 0.6086145 0.7568072 1.0859846 0.8848035 0.5037605 0.8723925 0.0000000 0.5190552 0.8149151 0.4833199 0.8210784 0.8306739 0.9303826 0.8163602 0.8267499 0.8093177 
yHAB158_Kazachstania_viticola               0.9484667 0.4981936 1.0846657 0.8985534 0.8434122 1.2263342 0.9653486 0.8402010 0.6423375 0.5545419 4.6368126 0.7244754 0.7351555 0.7430224 0.7250552 0.7534577 0.7249305 0.7203086 0.7774282 0.8366036 0.6281208 0.5420679 0.7232174 0.6410806 0.5894597 0.7799835 0.9508041 0.7205525 0.6589029 0.9667127 0.5190552 0.0000000 0.7189646 0.5939227 0.7272920 0.8889924 0.8411579 0.8076044 0.7931407 0.7856536 
yHAB159_Kazachstania_solicola               0.9144313 0.7471069 0.8679900 0.8644254 0.8192904 1.2110062 0.9404437 0.8392370 0.6893214 0.7050925 4.8295353 0.8000037 0.8175646 0.7978134 0.7925888 0.8439483 0.8035954 0.7909057 0.8561919 0.8289557 0.7693180 0.6919089 0.1000936 0.8043075 0.5068396 0.2425775 0.7202228 0.7903204 0.7890577 0.7388868 0.8149151 0.7189646 0.0000000 0.6910569 0.0452523 0.6939004 0.8915835 0.8073727 0.8902386 0.8623531 
yHAB160_Kazachstania_kunashirensis          0.9607184 0.6462543 1.1199463 0.9341357 0.8894519 1.3216488 0.9779771 0.8794700 0.6639852 0.5964369 5.6833007 0.7838312 0.7928432 0.7475934 0.8125119 0.7893311 0.8153929 0.7483810 0.8746044 0.8605791 0.7730542 0.6781064 0.6894242 0.3612323 0.6554941 0.7740689 0.9843374 0.8431362 0.5851348 0.9060953 0.4833199 0.5939227 0.6910569 0.0000000 0.7110673 0.8220508 0.8831117 0.8114095 0.8268694 0.7979141 
yHAB164_Kazachstania_aerobia                0.9232563 0.7586717 0.8810586 0.8771375 0.8467989 1.1903760 0.9813951 0.8628184 0.7036113 0.7240933 5.0615362 0.8280387 0.8467743 0.8092323 0.8150772 0.8671237 0.8386007 0.8071012 0.8712484 0.8326078 0.7964056 0.7111304 0.1119917 0.8199258 0.5231283 0.2477704 0.7450367 0.7993276 0.8091005 0.7487677 0.8210784 0.7272920 0.0452523 0.7110673 0.0000000 0.7081459 0.9048942 0.8247056 0.8940909 0.8829897 
yHAB166_Kazachstania_yakushimaensis         1.1495538 0.8374035 1.0624306 1.0449600 1.2242297 1.5527232 1.2892721 1.1789186 0.9157792 0.8432749 6.2159452 0.9295498 0.9764032 0.9126277 0.9421737 1.0023387 0.9339134 0.9212977 1.0955930 1.0559760 0.9827214 0.8794000 0.6518929 0.9206900 0.6205931 0.7175556 0.9354312 0.9402920 0.9011183 0.2556410 0.8306739 0.8889924 0.6939004 0.8220508 0.7081459 0.0000000 1.0978246 1.0590602 1.1026860 1.0546503 
yHMPu5000034875_Tetrapisispora_fleetii      0.9511706 0.9186469 1.3158322 0.9751261 0.9158060 1.5250905 1.0588011 0.9186468 0.8537926 0.7217026 5.1411787 0.8564782 0.8665441 0.8308986 0.8643228 0.8603737 0.8583663 0.8327482 0.9167606 0.2545467 0.5748535 0.8882229 0.8998171 0.9637726 0.8737200 0.9736008 1.1398022 0.9010501 0.8018358 1.2213508 0.9303826 0.8411579 0.8915835 0.8831117 0.9048942 1.0978246 0.0000000 0.3097940 0.1664806 0.8454934 
yHMPu5000034876_Tetrapisispora_iriomotensis 0.9600126 0.8542926 1.2983499 0.9534687 0.9345881 1.4416732 1.0241801 0.8961439 0.7799021 0.7202069 5.4305635 0.8187790 0.7866919 0.7764379 0.8047615 0.8019669 0.7869875 0.7857221 0.8271076 0.2972931 0.5359324 0.8060698 0.8172033 0.8780489 0.7860020 0.9237839 1.1515338 0.9071982 0.7748948 1.2177614 0.8163602 0.8076044 0.8073727 0.8114095 0.8247056 1.0590602 0.3097940 0.0000000 0.3047121 0.7781365 
yHMPu5000034877_Tetrapisispora_namnaonensis 0.9998036 0.8490372 1.3273045 0.9402526 0.9262563 1.4772886 0.9951346 0.8926971 0.8074626 0.7433358 5.0559751 0.8503775 0.8605555 0.8220110 0.8679392 0.8713374 0.8439954 0.8331900 0.8961891 0.2373793 0.5427764 0.8321609 0.8915364 0.9362765 0.8592818 0.9695213 1.1233666 0.9235765 0.8059640 1.2255983 0.8267499 0.7931407 0.8902386 0.8268694 0.8940909 1.1026860 0.1664806 0.3047121 0.0000000 0.8115174 
yHMPu5000035629_Yueomyces_sinensis          1.1933033 0.8785844 1.3859110 1.0675510 1.0087025 1.5655151 1.1234444 1.0203168 0.7978669 0.7492534 6.6256192 0.9064229 0.9327328 0.8764467 0.9038019 0.9282409 0.8806782 0.8616836 0.5609038 0.8516998 0.7878043 0.7932180 0.8848808 0.8219171 0.8605833 0.9941820 1.2822007 1.1655150 0.9587968 1.1446754 0.8093177 0.7856536 0.8623531 0.7979141 0.8829897 1.0546503 0.8454934 0.7781365 0.8115174 0.0000000 
