40
Candida_glabrata                            0.0000000 1.0515634 1.0469821 1.1577546 0.5549868 1.1433656 0.5297667 0.5493934 1.0466517 1.0294074 2.0892081 0.9658988 0.9712756 0.8759366 0.9286329 0.9608637 0.9053739 0.8743500 0.9752668 0.8911797 0.8798909 0.9603839 1.0003101 0.9463532 0.9598189 0.9189067 1.0471657 0.9966213 0.9321343 1.0753490 0.9200056 0.8988396 0.9940540 0.9446435 1.0137113 1.0549091 0.9316191 0.8722023 0.9520011 1.2095337 
Kazachstania_africana                       1.0515634 0.0000000 1.1162888 1.1161443 1.0140180 1.2641962 1.0960966 0.9691648 0.9900880 1.1121735 2.3682583 0.9589964 0.9368943 0.9255110 0.9649403 0.9504578 0.9490635 0.8979773 0.9759656 1.1323618 1.1253308 0.9781830 0.9937157 1.0040087 0.9185867 0.9800110 1.3493591 1.1003928 0.8381896 1.1055442 0.9198405 0.7990413 1.0393932 0.9825725 1.0296525 1.0115105 1.1402932 1.0388388 1.1320443 1.1432587 
Kazachstania_naganishii                     1.0469821 1.1162888 0.0000000 1.2612762 1.0445755 1.3983927 0.9843150 1.0274559 1.0114031 1.0734389 2.0945225 0.9372774 0.9662035 0.9027472 0.9250584 1.0356266 0.9572890 0.9125174 1.1238892 1.1899569 1.3143625 0.9429807 0.8911170 0.9676956 0.7017963 0.8180694 0.8480235 0.9712449 0.8976832 0.9560533 1.0185010 1.0041184 0.8448283 1.0572658 0.8385623 0.9976736 1.1253744 1.2178055 1.1764263 1.3488805 
Nakaseomyces_bacillisporus                  1.1577546 1.1161443 1.2612762 0.0000000 1.0949512 1.0427248 1.0771833 1.1061636 0.9636141 1.0615513 2.3827646 1.0312712 1.0087710 1.0197957 1.0394464 0.9583599 0.9515440 1.0556728 0.8271672 1.0469807 1.0274094 0.9304133 1.0415526 1.0662048 1.0504396 0.9219088 1.4583405 1.0423725 0.9501272 1.2018163 0.8954500 0.9663167 0.9971177 1.0669818 1.0119070 1.1243186 1.1200000 0.9991691 1.1310643 1.0923463 
Nakaseomyces_bracarensis                    0.5549868 1.0140180 1.0445755 1.0949512 0.0000000 1.0922019 0.3827372 0.3681982 0.8770282 0.8684367 2.1630154 0.8847692 0.8956566 0.8788344 0.8815378 0.8733446 0.8772014 0.8641981 0.9203115 0.8934606 0.8056771 0.8987601 0.9048704 0.8728746 0.8645359 0.8950509 1.1571507 0.9413786 0.8001764 1.0296584 0.7611139 0.7900691 0.9711506 0.8218594 0.9741072 1.0136434 0.8281766 0.8086423 0.8787273 1.0794615 
Nakaseomyces_castellii                      1.1433656 1.2641962 1.3983927 1.0427248 1.0922019 0.0000000 1.1230701 1.1362669 1.0520028 1.1452406 2.2155642 1.0192175 0.9905823 0.9957581 0.9693115 1.0582184 0.9832680 0.9907514 1.0957330 1.1413258 1.0891377 1.1660506 1.0452427 1.2117563 1.0539346 1.0248050 1.2981600 1.2005452 1.0364061 1.1448625 1.0062583 0.8111329 1.1044688 1.1019711 1.1169483 1.1225683 1.1830288 1.1548799 1.1744016 1.1958754 
Nakaseomyces_delphensis                     0.5297667 1.0960966 0.9843150 1.0771833 0.3827372 1.1230701 0.0000000 0.3157104 0.8686546 0.9229699 2.0839053 0.8679150 0.8901441 0.8449473 0.8786131 0.9061459 0.8733115 0.8530082 0.9399499 0.8842612 0.8565980 0.8715971 0.9707666 0.8994807 0.9293761 0.8963860 1.1145747 0.9690996 0.8404633 1.0331004 0.7816480 0.8280075 0.9850874 0.8914728 0.9827727 1.0598310 0.8833062 0.8987956 0.8673694 1.1138695 
Nakaseomyces_nivariensis                    0.5493934 0.9691648 1.0274559 1.1061636 0.3681982 1.1362669 0.3157104 0.0000000 0.8504331 0.9151326 2.1080421 0.8360686 0.8578725 0.8441304 0.8446033 0.8716022 0.8816932 0.8350227 0.8542149 0.8106251 0.7576416 0.8677304 0.8891705 0.8667259 0.8434635 0.8983019 1.1883608 0.9210122 0.8126354 1.0989953 0.7845238 0.8716016 0.9984053 0.8882172 1.0254927 0.9846937 0.8712610 0.7617701 0.8412430 1.0724308 
Naumovozyma_castellii                       1.0466517 0.9900880 1.0114031 0.9636141 0.8770282 1.0520028 0.8686546 0.8504331 0.0000000 0.5763554 2.2139652 0.7651348 0.7404949 0.7406785 0.8056056 0.7463140 0.7461489 0.7285523 0.8071119 1.0393662 0.9126727 0.7447548 0.8748850 0.8894717 0.7365160 0.8809380 1.2773655 0.9003058 0.8407512 1.1038589 0.8120845 0.8388571 0.8395159 0.9333803 0.8418592 0.9734611 1.0755504 0.9208695 1.0159921 1.0741623 
Naumovozyma_dairenensis                     1.0294074 1.1121735 1.0734389 1.0615513 0.8684367 1.1452406 0.9229699 0.9151326 0.5763554 0.0000000 2.4022856 0.8009030 0.8580489 0.7977344 0.8046379 0.8178598 0.8231822 0.7985013 0.8757044 1.0033938 0.9452214 0.7799250 0.8718280 0.9084462 0.8484600 0.8907400 1.2732615 0.9991004 0.9044508 1.1024279 0.9072211 0.7316829 0.8765146 0.9733504 0.8710131 1.0219101 1.0565827 0.9613876 1.0083896 1.1523028 
Neurospora_crassa                           2.0892081 2.3682583 2.0945225 2.3827646 2.1630154 2.2155642 2.0839053 2.1080421 2.2139652 2.4022856 0.0000000 2.2394643 2.1197013 2.1226619 2.1132590 2.0746546 2.1744204 2.0919422 2.3095477 2.4722327 2.4206250 2.2592330 2.2661149 2.1924863 2.1850262 2.2211181 1.9022562 1.9640820 2.3424191 2.0753004 2.1986099 1.9835169 1.9870454 2.0701100 2.0471926 2.3614005 2.2739071 2.3694471 2.4368885 2.3711246 
Saccharomyces_arboricola                    0.9658988 0.9589964 0.9372774 1.0312712 0.8847692 1.0192175 0.8679150 0.8360686 0.7651348 0.8009030 2.2394643 0.0000000 0.2254203 0.2020791 0.1842382 0.2330451 0.2021802 0.2001832 0.8968090 1.0137855 0.9695428 0.7303208 0.8585634 0.9321658 0.7388968 0.7756082 1.0771997 0.8578722 0.7938665 1.0078974 0.8377398 0.7891680 0.8899677 0.9405124 0.8414325 0.9584512 1.0157491 0.9059406 0.9616753 1.0455443 
Saccharomyces_cerevisiae                    0.9712756 0.9368943 0.9662035 1.0087710 0.8956566 0.9905823 0.8901441 0.8578725 0.7404949 0.8580489 2.1197013 0.2254203 0.0000000 0.2378252 0.2166029 0.2005598 0.0964421 0.2344737 0.8957097 0.9879980 0.9439776 0.7708603 0.8293689 0.9754383 0.7891390 0.7777434 1.0777801 0.9341076 0.7425218 1.0084942 0.7965601 0.8028115 0.8828005 0.9140040 0.8482482 1.0307995 1.0033720 0.8620905 0.9012146 1.0497653 
Saccharomyces_eubayanus                     0.8759366 0.9255110 0.9027472 1.0197957 0.8788344 0.9957581 0.8449473 0.8441304 0.7406785 0.7977344 2.1226619 0.2020791 0.2378252 0.0000000 0.1958780 0.2366541 0.2104910 0.0626951 0.8855617 0.9992661 1.0034792 0.7657970 0.8238306 0.9183811 0.7077074 0.7797284 1.0456168 0.8695133 0.7575824 1.0109660 0.8248549 0.7849517 0.8536153 0.8724517 0.8168830 0.9877710 1.0558080 0.9113956 0.9777570 1.0871987 
Saccharomyces_kudriavzevii                  0.9286329 0.9649403 0.9250584 1.0394464 0.8815378 0.9693115 0.8786131 0.8446033 0.8056056 0.8046379 2.1132590 0.1842382 0.2166029 0.1958780 0.0000000 0.1988087 0.1788907 0.1974216 0.9003767 0.9799615 0.9399749 0.7291719 0.8415209 0.9585587 0.7478585 0.7790384 1.0732396 0.8797621 0.7515239 1.0537774 0.8324485 0.8267283 0.9295186 0.9306105 0.8958540 1.0148557 1.0361157 0.9013932 0.9862709 1.0584224 
Saccharomyces_mikatae                       0.9608637 0.9504578 1.0356266 0.9583599 0.8733446 1.0582184 0.9061459 0.8716022 0.7463140 0.8178598 2.0746546 0.2330451 0.2005598 0.2366541 0.1988087 0.0000000 0.1847520 0.2598241 0.8876925 1.0187400 1.0213792 0.7586402 0.8017173 0.9184728 0.8219045 0.7817618 1.1535546 0.8780866 0.8251590 1.0222878 0.8130833 0.8151364 0.9225470 0.9073147 0.9038082 0.9902193 1.0619567 0.9628062 0.9804129 1.0777885 
Saccharomyces_paradoxus                     0.9053739 0.9490635 0.9572890 0.9515440 0.8772014 0.9832680 0.8733115 0.8816932 0.7461489 0.8231822 2.1744204 0.2021802 0.0964421 0.2104910 0.1788907 0.1847520 0.0000000 0.2036468 0.8795377 0.9617813 0.9336757 0.7444832 0.8248928 0.9546723 0.7577532 0.7778031 1.0605412 0.8866192 0.7811404 1.0197583 0.8172929 0.7987846 0.8784023 0.8904546 0.8525109 0.9807599 1.0028226 0.9006729 0.9110650 1.0677591 
Saccharomyces_uvarum                        0.8743500 0.8979773 0.9125174 1.0556728 0.8641981 0.9907514 0.8530082 0.8350227 0.7285523 0.7985013 2.0919422 0.2001832 0.2344737 0.0626951 0.1974216 0.2598241 0.2036468 0.0000000 0.8680435 1.0142615 0.9803104 0.7636227 0.8111713 0.9449857 0.7204080 0.7741409 1.1013663 0.8929067 0.7963861 1.0133385 0.7967278 0.7632696 0.8520834 0.8914817 0.8252927 0.9795367 1.0609224 0.9010911 0.9785614 1.0405496 
Tetrapisispora_blattae                      0.9752668 0.9759656 1.1238892 0.8271672 0.9203115 1.0957330 0.9399499 0.8542149 0.8071119 0.8757044 2.3095477 0.8968090 0.8957097 0.8855617 0.9003767 0.8876925 0.8795377 0.8680435 0.0000000 0.9121696 0.9367626 0.8377993 0.8064732 0.8880353 0.8813984 0.8107707 1.4189691 0.9481707 0.8083630 1.0552423 0.8041294 0.9132327 0.8926922 0.9126070 0.8560174 0.9280105 1.0627251 0.8107568 0.9281528 0.7836564 
Tetrapisispora_phaffii                      0.8911797 1.1323618 1.1899569 1.0469807 0.8934606 1.1413258 0.8842612 0.8106251 1.0393662 1.0033938 2.4722327 1.0137855 0.9879980 0.9992661 0.9799615 1.0187400 0.9617813 1.0142615 0.9121696 0.0000000 0.7097772 0.9534230 0.9719631 1.0062379 1.0549517 1.0181569 1.3605110 1.0125584 0.9663286 1.0842477 0.9880217 0.8964586 0.9805846 0.9485608 0.9952438 1.0664826 0.3515019 0.4410672 0.3467038 1.0488726 
Vanderwaltozyma_polyspora                   0.8798909 1.1253308 1.3143625 1.0274094 0.8056771 1.0891377 0.8565980 0.7576416 0.9126727 0.9452214 2.4206250 0.9695428 0.9439776 1.0034792 0.9399749 1.0213792 0.9336757 0.9803104 0.9367626 0.7097772 0.0000000 0.9366510 0.8994568 0.9597464 0.9541612 0.9188347 1.4452995 1.1003134 0.9160886 1.1223464 0.9116083 0.8276441 0.9222543 0.8952340 0.9029034 1.0645239 0.7841116 0.6424579 0.7684545 1.0253961 
yHAB132_Kazachstania_martiniae              0.9603839 0.9781830 0.9429807 0.9304133 0.8987601 1.1660506 0.8715971 0.8677304 0.7447548 0.7799250 2.2592330 0.7303208 0.7708603 0.7657970 0.7291719 0.7586402 0.7444832 0.7636227 0.8377993 0.9534230 0.9366510 0.0000000 0.7315694 0.8051580 0.6560306 0.7670002 1.2232705 0.9166995 0.7729956 0.9833354 0.7688387 0.7814068 0.7533811 0.9078079 0.7578842 0.9243659 0.9018065 0.8714780 0.8761979 0.9942633 
yHAB133_Kazachstania_unispora               1.0003101 0.9937157 0.8911170 1.0415526 0.9048704 1.0452427 0.9707666 0.8891705 0.8748850 0.8718280 2.2661149 0.8585634 0.8293689 0.8238306 0.8415209 0.8017173 0.8248928 0.8111713 0.8064732 0.9719631 0.8994568 0.7315694 0.0000000 0.7620333 0.5769085 0.3085899 1.1247850 0.8799460 0.8445276 0.8071810 0.7559110 0.7742946 0.2511076 0.8514365 0.2520820 0.6855497 0.9847926 0.9576909 0.9303666 0.9465934 
yHAB134_Kazachstania_turicensis             0.9463532 1.0040087 0.9676956 1.0662048 0.8728746 1.2117563 0.8994807 0.8667259 0.8894717 0.9084462 2.1924863 0.9321658 0.9754383 0.9183811 0.9585587 0.9184728 0.9546723 0.9449857 0.8880353 1.0062379 0.9597464 0.8051580 0.7620333 0.0000000 0.7974050 0.7373417 1.2955130 0.9217219 0.6944386 0.9697207 0.5643655 0.7855581 0.8076301 0.4967820 0.8238344 0.8648469 1.0367269 0.9818536 0.9917667 0.9801332 
yHAB136_Kazachstania_bromeliacearum         0.9598189 0.9185867 0.7017963 1.0504396 0.8645359 1.0539346 0.9293761 0.8434635 0.7365160 0.8484600 2.1850262 0.7388968 0.7891390 0.7077074 0.7478585 0.8219045 0.7577532 0.7204080 0.8813984 1.0549517 0.9541612 0.6560306 0.5769085 0.7974050 0.0000000 0.5637326 0.9715431 0.8144786 0.8469120 0.8485223 0.7613032 0.7527917 0.6045022 0.8544953 0.5702838 0.8023208 1.0184668 0.9831758 1.0050630 1.0287078 
yHAB143_Kazachstania_siamensis              0.9189067 0.9800110 0.8180694 0.9219088 0.8950509 1.0248050 0.8963860 0.8983019 0.8809380 0.8907400 2.2211181 0.7756082 0.7777434 0.7797284 0.7790384 0.7817618 0.7778031 0.7741409 0.8107707 1.0181569 0.9188347 0.7670002 0.3085899 0.7373417 0.5637326 0.0000000 0.9678355 0.8562435 0.8296949 0.7628414 0.7400066 0.7467863 0.3572453 0.9380544 0.3580479 0.6869535 1.0306543 0.9756246 1.0467013 0.9693695 
yHAB147_Kazachstania_taianensis             1.0471657 1.3493591 0.8480235 1.4583405 1.1571507 1.2981600 1.1145747 1.1883608 1.2773655 1.2732615 1.9022562 1.0771997 1.0777801 1.0456168 1.0732396 1.1535546 1.0605412 1.1013663 1.4189691 1.3605110 1.4452995 1.2232705 1.1247850 1.2955130 0.9715431 0.9678355 0.0000000 1.1443656 1.2025846 1.0527956 1.3383759 1.2345123 0.9981493 1.2979124 1.0558749 1.1399492 1.2253124 1.4348394 1.3333319 1.4844520 
yHAB148_Kazachstania_intestinalis           0.9966213 1.1003928 0.9712449 1.0423725 0.9413786 1.2005452 0.9690996 0.9210122 0.9003058 0.9991004 1.9640820 0.8578722 0.9341076 0.8695133 0.8797621 0.8780866 0.8866192 0.8929067 0.9481707 1.0125584 1.1003134 0.9166995 0.8799460 0.9217219 0.8144786 0.8562435 1.1443656 0.0000000 0.9212741 1.0173035 0.9016977 0.8874898 0.8604387 0.9536387 0.8365820 1.0079368 1.1631446 1.0350877 1.0902199 1.1431853 
yHAB153_Kazachstania_rosinii                0.9321343 0.8381896 0.8976832 0.9501272 0.8001764 1.0364061 0.8404633 0.8126354 0.8407512 0.9044508 2.3424191 0.7938665 0.7425218 0.7575824 0.7515239 0.8251590 0.7811404 0.7963861 0.8083630 0.9663286 0.9160886 0.7729956 0.8445276 0.6944386 0.8469120 0.8296949 1.2025846 0.9212741 0.0000000 1.0828709 0.5115755 0.7790814 0.8673002 0.7080894 0.8501633 0.9836442 0.9472779 0.8994537 1.0175781 1.1029378 
yHAB154_Kazachstania_transvaalensis         1.0753490 1.1055442 0.9560533 1.2018163 1.0296584 1.1448625 1.0331004 1.0989953 1.1038589 1.1024279 2.0753004 1.0078974 1.0084942 1.0109660 1.0537774 1.0222878 1.0197583 1.0133385 1.0552423 1.0842477 1.1223464 0.9833354 0.8071810 0.9697207 0.8485223 0.7628414 1.0527956 1.0173035 1.0828709 0.0000000 0.9427040 0.9282067 0.8573896 1.0272424 0.8323332 0.3594896 1.1263826 1.0894770 1.1292603 0.9905037 
yHAB155_Kazachstania_spencerorum            0.9200056 0.9198405 1.0185010 0.8954500 0.7611139 1.0062583 0.7816480 0.7845238 0.8120845 0.9072211 2.1986099 0.8377398 0.7965601 0.8248549 0.8324485 0.8130833 0.8172929 0.7967278 0.8041294 0.9880217 0.9116083 0.7688387 0.7559110 0.5643655 0.7613032 0.7400066 1.3383759 0.9016977 0.5115755 0.9427040 0.0000000 0.7171909 0.7904159 0.5662761 0.7953436 0.9122445 0.9734763 0.9006755 0.9737905 1.0251253 
yHAB158_Kazachstania_viticola               0.8988396 0.7990413 1.0041184 0.9663167 0.7900691 0.8111329 0.8280075 0.8716016 0.8388571 0.7316829 1.9835169 0.7891680 0.8028115 0.7849517 0.8267283 0.8151364 0.7987846 0.7632696 0.9132327 0.8964586 0.8276441 0.7814068 0.7742946 0.7855581 0.7527917 0.7467863 1.2345123 0.8874898 0.7790814 0.9282067 0.7171909 0.0000000 0.7422316 0.7238357 0.8013439 0.9123371 0.9275378 0.8407334 0.8431420 0.9256364 
yHAB159_Kazachstania_solicola               0.9940540 1.0393932 0.8448283 0.9971177 0.9711506 1.1044688 0.9850874 0.9984053 0.8395159 0.8765146 1.9870454 0.8899677 0.8828005 0.8536153 0.9295186 0.9225470 0.8784023 0.8520834 0.8926922 0.9805846 0.9222543 0.7533811 0.2511076 0.8076301 0.6045022 0.3572453 0.9981493 0.8604387 0.8673002 0.8573896 0.7904159 0.7422316 0.0000000 0.9522011 0.0922141 0.7986903 0.9679528 0.9372981 0.9857136 0.9878907 
yHAB160_Kazachstania_kunashirensis          0.9446435 0.9825725 1.0572658 1.0669818 0.8218594 1.1019711 0.8914728 0.8882172 0.9333803 0.9733504 2.0701100 0.9405124 0.9140040 0.8724517 0.9306105 0.9073147 0.8904546 0.8914817 0.9126070 0.9485608 0.8952340 0.9078079 0.8514365 0.4967820 0.8544953 0.9380544 1.2979124 0.9536387 0.7080894 1.0272424 0.5662761 0.7238357 0.9522011 0.0000000 0.9235904 0.9399313 0.9947280 0.9023892 0.9198690 1.0055388 
yHAB164_Kazachstania_aerobia                1.0137113 1.0296525 0.8385623 1.0119070 0.9741072 1.1169483 0.9827727 1.0254927 0.8418592 0.8710131 2.0471926 0.8414325 0.8482482 0.8168830 0.8958540 0.9038082 0.8525109 0.8252927 0.8560174 0.9952438 0.9029034 0.7578842 0.2520820 0.8238344 0.5702838 0.3580479 1.0558749 0.8365820 0.8501633 0.8323332 0.7953436 0.8013439 0.0922141 0.9235904 0.0000000 0.7973784 0.9631516 0.9256522 0.9797581 1.0136382 
yHAB166_Kazachstania_yakushimaensis         1.0549091 1.0115105 0.9976736 1.1243186 1.0136434 1.1225683 1.0598310 0.9846937 0.9734611 1.0219101 2.3614005 0.9584512 1.0307995 0.9877710 1.0148557 0.9902193 0.9807599 0.9795367 0.9280105 1.0664826 1.0645239 0.9243659 0.6855497 0.8648469 0.8023208 0.6869535 1.1399492 1.0079368 0.9836442 0.3594896 0.9122445 0.9123371 0.7986903 0.9399313 0.7973784 0.0000000 1.1582240 1.0700091 1.1677292 0.9716151 
yHMPu5000034875_Tetrapisispora_fleetii      0.9316191 1.1402932 1.1253744 1.1200000 0.8281766 1.1830288 0.8833062 0.8712610 1.0755504 1.0565827 2.2739071 1.0157491 1.0033720 1.0558080 1.0361157 1.0619567 1.0028226 1.0609224 1.0627251 0.3515019 0.7841116 0.9018065 0.9847926 1.0367269 1.0184668 1.0306543 1.2253124 1.1631446 0.9472779 1.1263826 0.9734763 0.9275378 0.9679528 0.9947280 0.9631516 1.1582240 0.0000000 0.5192410 0.2804888 1.1421353 
yHMPu5000034876_Tetrapisispora_iriomotensis 0.8722023 1.0388388 1.2178055 0.9991691 0.8086423 1.1548799 0.8987956 0.7617701 0.9208695 0.9613876 2.3694471 0.9059406 0.8620905 0.9113956 0.9013932 0.9628062 0.9006729 0.9010911 0.8107568 0.4410672 0.6424579 0.8714780 0.9576909 0.9818536 0.9831758 0.9756246 1.4348394 1.0350877 0.8994537 1.0894770 0.9006755 0.8407334 0.9372981 0.9023892 0.9256522 1.0700091 0.5192410 0.0000000 0.4684458 0.9884086 
yHMPu5000034877_Tetrapisispora_namnaonensis 0.9520011 1.1320443 1.1764263 1.1310643 0.8787273 1.1744016 0.8673694 0.8412430 1.0159921 1.0083896 2.4368885 0.9616753 0.9012146 0.9777570 0.9862709 0.9804129 0.9110650 0.9785614 0.9281528 0.3467038 0.7684545 0.8761979 0.9303666 0.9917667 1.0050630 1.0467013 1.3333319 1.0902199 1.0175781 1.1292603 0.9737905 0.8431420 0.9857136 0.9198690 0.9797581 1.1677292 0.2804888 0.4684458 0.0000000 1.0703560 
yHMPu5000035629_Yueomyces_sinensis          1.2095337 1.1432587 1.3488805 1.0923463 1.0794615 1.1958754 1.1138695 1.0724308 1.0741623 1.1523028 2.3711246 1.0455443 1.0497653 1.0871987 1.0584224 1.0777885 1.0677591 1.0405496 0.7836564 1.0488726 1.0253961 0.9942633 0.9465934 0.9801332 1.0287078 0.9693695 1.4844520 1.1431853 1.1029378 0.9905037 1.0251253 0.9256364 0.9878907 1.0055388 1.0136382 0.9716151 1.1421353 0.9884086 1.0703560 0.0000000 
