40
Candida_glabrata                            0.0000000 1.6226317 1.7717386 1.5241299 1.0460885 2.2705525 0.9681205 1.0038632 1.6248922 1.4184965 4.2266846 1.5254136 1.5455988 1.4563306 1.5368070 1.5208044 1.5676714 1.4633071 1.6445195 1.7965666 1.4932817 1.4230441 1.7653655 1.5052442 1.6891753 1.9215837 1.3307141 2.0324713 1.3705440 1.8460971 1.6827648 1.7756669 1.7897069 1.4585460 1.8483594 1.7431658 1.7126879 1.6569449 1.7998527 1.5541238 
Kazachstania_africana                       1.6226317 0.0000000 1.6241466 1.5728543 1.4812322 2.4696322 1.5055020 1.4876481 1.3796646 1.2135872 4.3963726 1.3580613 1.3475026 1.3509220 1.4388598 1.3964775 1.3627394 1.3445469 1.3888673 1.3244321 1.3390340 1.1833375 1.5642350 1.1643744 1.2788716 1.6290111 1.4275128 1.8906480 1.1804596 1.4370891 1.3171518 1.2422739 1.6283801 1.1210727 1.6583343 1.3143267 1.5174780 1.4485270 1.4475499 1.3279001 
Kazachstania_naganishii                     1.7717386 1.6241466 0.0000000 1.8612381 1.6914218 2.4106734 1.5515357 1.6082556 1.7004772 1.7238395 4.8814209 1.7419755 1.7389888 1.7185036 1.7470671 1.7503215 1.7112998 1.7538533 1.7404544 1.8200361 1.6901658 1.6802876 1.8394189 1.7882432 1.5926934 1.7705551 1.2676667 1.8360643 1.4867441 1.7749887 1.7276984 1.7710806 1.8223703 1.6370277 1.7997209 1.8312898 1.9473017 1.8138967 1.9881310 1.7515081 
Nakaseomyces_bacillisporus                  1.5241299 1.5728543 1.8612381 0.0000000 1.5653261 2.2543903 1.5821266 1.5724074 1.5890490 1.3552391 4.7104833 1.5015091 1.4180623 1.4356336 1.5312632 1.4298103 1.4742745 1.4007424 1.4963883 1.6131370 1.6478744 1.4596196 1.9039319 1.5830243 1.4849104 1.8909105 1.5280724 2.0018096 1.5144512 1.6265605 1.6853411 1.6666157 1.8328657 1.4239636 1.9089964 1.6082240 1.6479593 1.5724784 1.6422703 1.5723304 
Nakaseomyces_bracarensis                    1.0460885 1.4812322 1.6914218 1.5653261 0.0000000 2.3632427 0.6225048 0.5965702 1.4801395 1.3372236 4.4620571 1.4088996 1.4355382 1.3803214 1.3874230 1.4482586 1.4403134 1.4054244 1.6106346 1.7268140 1.5699152 1.4044748 1.8190596 1.4064042 1.5450634 1.8789839 1.4889252 1.9877909 1.4169211 1.6514336 1.4996984 1.6781734 1.8863139 1.3221515 1.8757994 1.6712172 1.7351809 1.6521849 1.7756871 1.5688906 
Nakaseomyces_castellii                      2.2705525 2.4696322 2.4106734 2.2543903 2.3632427 0.0000000 2.1550013 2.3422725 2.4077782 2.5411309 4.6824101 2.3864127 2.3429067 2.4053073 2.4271489 2.4413187 2.4133312 2.5044569 2.4924138 2.3719335 2.3960064 2.2395733 2.7026117 2.3112234 2.2884441 2.7287136 2.2481198 2.4561683 2.2587273 2.7721027 2.4907810 2.4259310 2.5453219 2.3448013 2.5742944 2.6546312 2.5263611 2.5219263 2.3242433 2.6129417 
Nakaseomyces_delphensis                     0.9681205 1.5055020 1.5515357 1.5821266 0.6225048 2.1550013 0.0000000 0.5596504 1.5087075 1.4234634 4.3047336 1.4604664 1.4709729 1.4213578 1.4510297 1.4678405 1.4743346 1.4572121 1.7538513 1.7275248 1.6348314 1.4844298 1.9690941 1.5875878 1.5691811 1.9006499 1.3219082 1.8732997 1.3214214 1.6680560 1.5491869 1.7868659 1.9138586 1.5180460 1.9383639 1.6341669 1.7060083 1.6434731 1.7806820 1.6931185 
Nakaseomyces_nivariensis                    1.0038632 1.4876481 1.6082556 1.5724074 0.5965702 2.3422725 0.5596504 0.0000000 1.4559490 1.3000615 4.3592450 1.4675978 1.4606707 1.4639681 1.4119370 1.4928519 1.5037759 1.4313732 1.7340272 1.5613501 1.5165632 1.4283090 1.7863311 1.4476199 1.5641433 1.7665053 1.4840579 1.8619505 1.4076954 1.6541237 1.4877700 1.6546045 1.8512336 1.3469960 1.7920543 1.6512874 1.5388040 1.5679186 1.6316982 1.6362762 
Naumovozyma_castellii                       1.6248922 1.3796646 1.7004772 1.5890490 1.4801395 2.4077782 1.5087075 1.4559490 0.0000000 1.0118925 5.0065610 1.2528259 1.2832806 1.3393970 1.3063338 1.3375345 1.2943545 1.3617761 1.5006997 1.5431109 1.3921149 1.3146770 1.5153639 1.3640490 1.2271751 1.5124995 1.3641228 1.9871720 1.2120768 1.5941710 1.3508602 1.3203506 1.4541281 1.3070984 1.3804009 1.5908897 1.5337396 1.4014751 1.5903534 1.5230479 
Naumovozyma_dairenensis                     1.4184965 1.2135872 1.7238395 1.3552391 1.3372236 2.5411309 1.4234634 1.3000615 1.0118925 0.0000000 4.4779166 1.2520395 1.2456394 1.2180702 1.2331667 1.2338517 1.2788963 1.2010153 1.2952399 1.4338771 1.3376307 1.1592655 1.4648886 1.1843805 1.1355703 1.4772697 1.4425873 1.8173592 1.1421508 1.3867381 1.2091677 1.4068561 1.5153087 1.0826885 1.5508627 1.4551741 1.3651203 1.3256648 1.4194530 1.2504250 
Neurospora_crassa                           4.2266846 4.3963726 4.8814209 4.7104833 4.4620571 4.6824101 4.3047336 4.3592450 5.0065610 4.4779166 0.0000000 4.4338313 4.3656431 4.3637913 4.4377940 4.4411431 4.4899892 4.4264692 5.1355267 4.7662840 4.8669303 4.8260298 4.9407370 4.5157587 4.8609667 5.1672386 4.0196211 4.4416505 4.4948415 5.1513419 4.2576930 4.7643584 4.8400699 4.3506358 4.9842022 5.3362726 4.6624453 5.2151500 4.6617606 5.0145517 
Saccharomyces_arboricola                    1.5254136 1.3580613 1.7419755 1.5015091 1.4088996 2.3864127 1.4604664 1.4675978 1.2528259 1.2520395 4.4338313 0.0000000 0.3199050 0.3140785 0.2963007 0.3188021 0.2667317 0.2893443 1.5274744 1.4012822 1.3469332 1.3574449 1.6971681 1.3929798 1.3238787 1.7181783 1.5658024 1.7907900 1.2363889 1.7461110 1.4894196 1.2490553 1.6533150 1.3286860 1.6820748 1.6555759 1.4728387 1.5025813 1.4924672 1.4376869 
Saccharomyces_cerevisiae                    1.5455988 1.3475026 1.7389888 1.4180623 1.4355382 2.3429067 1.4709729 1.4606707 1.2832806 1.2456394 4.3656431 0.3199050 0.0000000 0.3545056 0.3187888 0.2487306 0.1265387 0.3423292 1.4481254 1.3326597 1.3348036 1.3957277 1.7169439 1.4273633 1.3050413 1.7659338 1.4970866 1.7674590 1.1909599 1.7537511 1.4142168 1.2575785 1.6894241 1.3217771 1.7424700 1.6274182 1.4627455 1.4760847 1.4862290 1.4044351 
Saccharomyces_eubayanus                     1.4563306 1.3509220 1.7185036 1.4356336 1.3803214 2.4053073 1.4213578 1.4639681 1.3393970 1.2180702 4.3637913 0.3140785 0.3545056 0.0000000 0.3396652 0.3412841 0.3468183 0.0944630 1.4451115 1.3752271 1.3323632 1.3474108 1.7815768 1.4649346 1.3599967 1.7555369 1.5274839 1.7646777 1.2819465 1.8146156 1.5297056 1.3216605 1.7493866 1.3154261 1.7769444 1.6754201 1.4428533 1.4386177 1.4422307 1.4332805 
Saccharomyces_kudriavzevii                  1.5368070 1.4388598 1.7470671 1.5312632 1.3874230 2.4271489 1.4510297 1.4119370 1.3063338 1.2331667 4.4377940 0.2963007 0.3187888 0.3396652 0.0000000 0.3127735 0.2977856 0.3193662 1.4969161 1.3638811 1.3322181 1.3926671 1.7621742 1.4324342 1.3665904 1.7220844 1.5540864 1.8533631 1.2946973 1.7967835 1.4995513 1.2670108 1.7491270 1.3434254 1.7829487 1.6916296 1.5141917 1.4764960 1.4649406 1.4618257 
Saccharomyces_mikatae                       1.5208044 1.3964775 1.7503215 1.4298103 1.4482586 2.4413187 1.4678405 1.4928519 1.3375345 1.2338517 4.4411431 0.3188021 0.2487306 0.3412841 0.3127735 0.0000000 0.2376587 0.3180097 1.4425298 1.3249333 1.3442671 1.3647527 1.7234163 1.3923277 1.3516333 1.7792838 1.5705426 1.8271570 1.2710885 1.7579720 1.3749821 1.2575360 1.7092043 1.3156873 1.7328729 1.6448650 1.4134284 1.4153205 1.4359750 1.4106329 
Saccharomyces_paradoxus                     1.5676714 1.3627394 1.7112998 1.4742745 1.4403134 2.4133312 1.4743346 1.5037759 1.2943545 1.2788963 4.4899892 0.2667317 0.1265387 0.3468183 0.2977856 0.2376587 0.0000000 0.3339376 1.5075763 1.3657708 1.3385195 1.3558760 1.6834497 1.4354568 1.3083031 1.7525948 1.5559415 1.7879416 1.2190088 1.7336478 1.4496136 1.2754991 1.6568075 1.3411157 1.7143381 1.6308040 1.4506320 1.4763336 1.4752540 1.4065064 
Saccharomyces_uvarum                        1.4633071 1.3445469 1.7538533 1.4007424 1.4054244 2.5044569 1.4572121 1.4313732 1.3617761 1.2010153 4.4264692 0.2893443 0.3423292 0.0944630 0.3193662 0.3180097 0.3339376 0.0000000 1.4867734 1.3236115 1.2729896 1.3467690 1.7440953 1.4451811 1.3246506 1.7193765 1.5593698 1.7888535 1.2467803 1.7797168 1.5074015 1.2779879 1.7646077 1.2689325 1.7471966 1.6776721 1.4392928 1.3907386 1.4360914 1.4271157 
Tetrapisispora_blattae                      1.6445195 1.3888673 1.7404544 1.4963883 1.6106346 2.4924138 1.7538513 1.7340272 1.5006997 1.2952399 5.1355267 1.5274744 1.4481254 1.4451115 1.4969161 1.4425298 1.5075763 1.4867734 0.0000000 1.3738378 1.4519931 1.3573260 1.7192558 1.3408504 1.4022307 1.6706218 1.6942424 1.9194489 1.4686154 1.6677701 1.5939559 1.5323152 1.8023473 1.2002601 1.7483266 1.5715852 1.4256414 1.4263394 1.4704069 0.9725864 
Tetrapisispora_phaffii                      1.7965666 1.3244321 1.8200361 1.6131370 1.7268140 2.3719335 1.7275248 1.5613501 1.5431109 1.4338771 4.7662840 1.4012822 1.3326597 1.3752271 1.3638811 1.3249333 1.3657708 1.3236115 1.3738378 0.0000000 0.9941601 1.3937109 1.6086299 1.3648571 1.5152355 1.6542769 1.6991006 1.9680076 1.4079675 1.5490330 1.5544076 1.5851840 1.6617684 1.2863488 1.7056026 1.4944719 0.5877967 0.7755290 0.5487214 1.4643928 
Vanderwaltozyma_polyspora                   1.4932817 1.3390340 1.6901658 1.6478744 1.5699152 2.3960064 1.6348314 1.5165632 1.3921149 1.3376307 4.8669303 1.3469332 1.3348036 1.3323632 1.3322181 1.3442671 1.3385195 1.2729896 1.4519931 0.9941601 0.0000000 1.3793695 1.5578399 1.3689093 1.3560148 1.5491437 1.5475014 1.9109665 1.3626610 1.3732625 1.4680929 1.3723403 1.5868868 1.2053612 1.5996665 1.3932000 1.0510224 0.9342645 1.0281794 1.4199532 
yHAB132_Kazachstania_martiniae              1.4230441 1.1833375 1.6802876 1.4596196 1.4044748 2.2395733 1.4844298 1.4283090 1.3146770 1.1592655 4.8260298 1.3574449 1.3957277 1.3474108 1.3926671 1.3647527 1.3558760 1.3467690 1.3573260 1.3937109 1.3793695 0.0000000 1.4827246 1.2513865 1.1481775 1.4596152 1.3112694 1.9193903 1.1156912 1.3985832 1.2616967 1.3668121 1.4570353 1.0645313 1.4654608 1.3526543 1.3947907 1.4018756 1.3766222 1.3910292 
yHAB133_Kazachstania_unispora               1.7653655 1.5642350 1.8394189 1.9039319 1.8190596 2.7026117 1.9690941 1.7863311 1.5153639 1.4648886 4.9407370 1.6971681 1.7169439 1.7815768 1.7621742 1.7234163 1.6834497 1.7440953 1.7192558 1.6086299 1.5578399 1.4827246 0.0000000 1.5281533 1.2534137 0.4737413 1.5918910 2.1560426 1.6568372 1.4231956 1.5462662 1.5149029 0.3194127 1.5544133 0.3106280 1.3724962 1.6396348 1.6654095 1.5849970 1.6222211 
yHAB134_Kazachstania_turicensis             1.5052442 1.1643744 1.7882432 1.5830243 1.4064042 2.3112234 1.5875878 1.4476199 1.3640490 1.1843805 4.5157587 1.3929798 1.4273633 1.4649346 1.4324342 1.3923277 1.4354568 1.4451811 1.3408504 1.3648571 1.3689093 1.2513865 1.5281533 0.0000000 1.3089366 1.5979309 1.5788708 1.7509210 1.0411077 1.4327924 1.0404949 1.3307599 1.5964058 0.7432676 1.6202018 1.4068642 1.4653008 1.2973204 1.4807020 1.3502827 
yHAB136_Kazachstania_bromeliacearum         1.6891753 1.2788716 1.5926934 1.4849104 1.5450634 2.2884441 1.5691811 1.5641433 1.2271751 1.1355703 4.8609667 1.3238787 1.3050413 1.3599967 1.3665904 1.3516333 1.3083031 1.3246506 1.4022307 1.5152355 1.3560148 1.1481775 1.2534137 1.3089366 0.0000000 1.3179665 1.2525508 1.8055764 1.2526780 1.2707168 1.2783644 1.2911367 1.3441903 1.2106357 1.3199838 1.1915633 1.5428921 1.5874490 1.5829852 1.5053523 
yHAB143_Kazachstania_siamensis              1.9215837 1.6290111 1.7705551 1.8909105 1.8789839 2.7287136 1.9006499 1.7665053 1.5124995 1.4772697 5.1672386 1.7181783 1.7659338 1.7555369 1.7220844 1.7792838 1.7525948 1.7193765 1.6706218 1.6542769 1.5491437 1.4596152 0.4737413 1.5979309 1.3179665 0.0000000 1.5537837 2.0726640 1.5773000 1.3906657 1.6014036 1.5471289 0.5909277 1.6047115 0.5736170 1.3777536 1.6608847 1.6743193 1.6280282 1.6230254 
yHAB147_Kazachstania_taianensis             1.3307141 1.4275128 1.2676667 1.5280724 1.4889252 2.2481198 1.3219082 1.4840579 1.3641228 1.4425873 4.0196211 1.5658024 1.4970866 1.5274839 1.5540864 1.5705426 1.5559415 1.5593698 1.6942424 1.6991006 1.5475014 1.3112694 1.5918910 1.5788708 1.2525508 1.5537837 0.0000000 1.8316618 1.2814191 1.5794336 1.5551357 1.5875975 1.5547392 1.4521028 1.5907627 1.5352508 1.7164829 1.7377270 1.6937722 1.7438485 
yHAB148_Kazachstania_intestinalis           2.0324713 1.8906480 1.8360643 2.0018096 1.9877909 2.4561683 1.8732997 1.8619505 1.9871720 1.8173592 4.4416505 1.7907900 1.7674590 1.7646777 1.8533631 1.8271570 1.7879416 1.7888535 1.9194489 1.9680076 1.9109665 1.9193903 2.1560426 1.7509210 1.8055764 2.0726640 1.8316618 0.0000000 1.7762141 2.0419551 1.9170461 1.7069476 2.0463024 1.8121336 2.0729320 1.8167570 2.0259258 2.0432463 1.9416646 1.8856625 
yHAB153_Kazachstania_rosinii                1.3705440 1.1804596 1.4867441 1.5144512 1.4169211 2.2587273 1.3214214 1.4076954 1.2120768 1.1421508 4.4948415 1.2363889 1.1909599 1.2819465 1.2946973 1.2710885 1.2190088 1.2467803 1.4686154 1.4079675 1.3626610 1.1156912 1.6568372 1.0411077 1.2526780 1.5773000 1.2814191 1.7762141 0.0000000 1.4457971 1.0733679 1.2490996 1.5837260 0.9075409 1.5986423 1.4765261 1.4726826 1.3444639 1.4824385 1.2967317 
yHAB154_Kazachstania_transvaalensis         1.8460971 1.4370891 1.7749887 1.6265605 1.6514336 2.7721027 1.6680560 1.6541237 1.5941710 1.3867381 5.1513419 1.7461110 1.7537511 1.8146156 1.7967835 1.7579720 1.7336478 1.7797168 1.6677701 1.5490330 1.3732625 1.3985832 1.4231956 1.4327924 1.2707168 1.3906657 1.5794336 2.0419551 1.4457971 0.0000000 1.5234404 1.3893651 1.4648928 1.3984084 1.4981225 0.4827797 1.6417241 1.5897401 1.6793863 1.4957631 
yHAB155_Kazachstania_spencerorum            1.6827648 1.3171518 1.7276984 1.6853411 1.4996984 2.4907810 1.5491869 1.4877700 1.3508602 1.2091677 4.2576930 1.4894196 1.4142168 1.5297056 1.4995513 1.3749821 1.4496136 1.5074015 1.5939559 1.5544076 1.4680929 1.2616967 1.5462662 1.0404949 1.2783644 1.6014036 1.5551357 1.9170461 1.0733679 1.5234404 0.0000000 1.3293822 1.5802942 1.1068481 1.5736695 1.4126350 1.5703394 1.5656555 1.5701532 1.5140181 
yHAB158_Kazachstania_viticola               1.7756669 1.2422739 1.7710806 1.6666157 1.6781734 2.4259310 1.7868659 1.6546045 1.3203506 1.4068561 4.7643584 1.2490553 1.2575785 1.3216605 1.2670108 1.2575360 1.2754991 1.2779879 1.5323152 1.5851840 1.3723403 1.3668121 1.5149029 1.3307599 1.2911367 1.5471289 1.5875975 1.7069476 1.2490996 1.3893651 1.3293822 0.0000000 1.4710780 1.1626677 1.5079593 1.3566940 1.6740632 1.5341806 1.5679318 1.4364231 
yHAB159_Kazachstania_solicola               1.7897069 1.6283801 1.8223703 1.8328657 1.8863139 2.5453219 1.9138586 1.8512336 1.4541281 1.5153087 4.8400699 1.6533150 1.6894241 1.7493866 1.7491270 1.7092043 1.6568075 1.7646077 1.8023473 1.6617684 1.5868868 1.4570353 0.3194127 1.5964058 1.3441903 0.5909277 1.5547392 2.0463024 1.5837260 1.4648928 1.5802942 1.4710780 0.0000000 1.6690665 0.1210321 1.4955594 1.6202027 1.6510397 1.5349084 1.6698483 
yHAB160_Kazachstania_kunashirensis          1.4585460 1.1210727 1.6370277 1.4239636 1.3221515 2.3448013 1.5180460 1.3469960 1.3070984 1.0826885 4.3506358 1.3286860 1.3217771 1.3154261 1.3434254 1.3156873 1.3411157 1.2689325 1.2002601 1.2863488 1.2053612 1.0645313 1.5544133 0.7432676 1.2106357 1.6047115 1.4521028 1.8121336 0.9075409 1.3984084 1.1068481 1.1626677 1.6690665 0.0000000 1.6709951 1.4392664 1.4196535 1.3226608 1.4326434 1.3013337 
yHAB164_Kazachstania_aerobia                1.8483594 1.6583343 1.7997209 1.9089964 1.8757994 2.5742944 1.9383639 1.7920543 1.3804009 1.5508627 4.9842022 1.6820748 1.7424700 1.7769444 1.7829487 1.7328729 1.7143381 1.7471966 1.7483266 1.7056026 1.5996665 1.4654608 0.3106280 1.6202018 1.3199838 0.5736170 1.5907627 2.0729320 1.5986423 1.4981225 1.5736695 1.5079593 0.1210321 1.6709951 0.0000000 1.5160062 1.6150861 1.6236716 1.5471254 1.6258529 
yHAB166_Kazachstania_yakushimaensis         1.7431658 1.3143267 1.8312898 1.6082240 1.6712172 2.6546312 1.6341669 1.6512874 1.5908897 1.4551741 5.3362726 1.6555759 1.6274182 1.6754201 1.6916296 1.6448650 1.6308040 1.6776721 1.5715852 1.4944719 1.3932000 1.3526543 1.3724962 1.4068642 1.1915633 1.3777536 1.5352508 1.8167570 1.4765261 0.4827797 1.4126350 1.3566940 1.4955594 1.4392664 1.5160062 0.0000000 1.5933739 1.4934598 1.5789608 1.4666223 
yHMPu5000034875_Tetrapisispora_fleetii      1.7126879 1.5174780 1.9473017 1.6479593 1.7351809 2.5263611 1.7060083 1.5388040 1.5337396 1.3651203 4.6624453 1.4728387 1.4627455 1.4428533 1.5141917 1.4134284 1.4506320 1.4392928 1.4256414 0.5877967 1.0510224 1.3947907 1.6396348 1.4653008 1.5428921 1.6608847 1.7164829 2.0259258 1.4726826 1.6417241 1.5703394 1.6740632 1.6202027 1.4196535 1.6150861 1.5933739 0.0000000 0.7620498 0.3344620 1.5432029 
yHMPu5000034876_Tetrapisispora_iriomotensis 1.6569449 1.4485270 1.8138967 1.5724784 1.6521849 2.5219263 1.6434731 1.5679186 1.4014751 1.3256648 5.2151500 1.5025813 1.4760847 1.4386177 1.4764960 1.4153205 1.4763336 1.3907386 1.4263394 0.7755290 0.9342645 1.4018756 1.6654095 1.2973204 1.5874490 1.6743193 1.7377270 2.0432463 1.3444639 1.5897401 1.5656555 1.5341806 1.6510397 1.3226608 1.6236716 1.4934598 0.7620498 0.0000000 0.7950197 1.4353655 
yHMPu5000034877_Tetrapisispora_namnaonensis 1.7998527 1.4475499 1.9881310 1.6422703 1.7756871 2.3242433 1.7806820 1.6316982 1.5903534 1.4194530 4.6617606 1.4924672 1.4862290 1.4422307 1.4649406 1.4359750 1.4752540 1.4360914 1.4704069 0.5487214 1.0281794 1.3766222 1.5849970 1.4807020 1.5829852 1.6280282 1.6937722 1.9416646 1.4824385 1.6793863 1.5701532 1.5679318 1.5349084 1.4326434 1.5471254 1.5789608 0.3344620 0.7950197 0.0000000 1.5788560 
yHMPu5000035629_Yueomyces_sinensis          1.5541238 1.3279001 1.7515081 1.5723304 1.5688906 2.6129417 1.6931185 1.6362762 1.5230479 1.2504250 5.0145517 1.4376869 1.4044351 1.4332805 1.4618257 1.4106329 1.4065064 1.4271157 0.9725864 1.4643928 1.4199532 1.3910292 1.6222211 1.3502827 1.5053523 1.6230254 1.7438485 1.8856625 1.2967317 1.4957631 1.5140181 1.4364231 1.6698483 1.3013337 1.6258529 1.4666223 1.5432029 1.4353655 1.5788560 0.0000000 
