40
Candida_glabrata                            0.0000000 2.4474097 2.7941752 2.4141639 1.4256840 2.2964100 1.3054927 1.3864232 2.2693948 2.4898852 6.4714176 2.1860025 2.1287083 2.1559249 2.2728826 2.1622814 2.1183926 2.1870938 2.2965392 2.4494892 2.2439807 2.0965772 2.3684507 2.3722301 2.2141262 2.4864773 2.3388246 2.6108351 2.0072256 2.8199852 2.2315898 2.0827798 2.5243906 2.2373890 2.4151724 2.7674447 2.2663358 2.3394219 2.2997034 2.6749419 
Kazachstania_africana                       2.4474097 0.0000000 2.3779255 2.8068433 2.3288808 2.7320374 2.3381265 2.2255808 2.2998943 2.3582429 6.0083262 2.1665301 2.1292605 2.1316420 2.2313129 2.1791141 2.1737589 2.1133158 2.1724869 2.1525341 2.3447370 1.8875560 2.2196097 1.6892212 1.9510082 2.1858032 2.1577085 2.5236498 1.7930425 2.7289074 1.8469957 2.1458764 2.1111701 1.7168647 2.1169040 2.3460446 2.2034703 2.3410604 2.0220194 2.3915790 
Kazachstania_naganishii                     2.7941752 2.3779255 0.0000000 3.1307006 2.6916470 2.6824792 2.8307458 2.5464713 2.6874160 2.7125967 4.6479182 2.6925258 2.7345020 2.5744021 2.6503171 2.6974610 2.7009076 2.5460248 2.8873294 2.6882431 2.5749943 2.2516481 1.8957603 2.4177074 1.8803500 1.9653528 1.6409459 2.6444175 2.1189340 2.6307764 2.2401371 2.6144727 1.9424559 2.4336926 1.9673150 2.3203406 2.9641126 2.7694805 2.7974387 3.1956341 
Nakaseomyces_bacillisporus                  2.4141639 2.8068433 3.1307006 0.0000000 2.3401391 2.2194335 2.4121258 2.3140065 2.2761040 2.3833918 6.3451476 2.2796268 2.2545870 2.2311563 2.3885709 2.3493544 2.2369072 2.2812682 2.7534332 2.5330301 2.5242002 2.3001477 2.7112570 2.5511284 2.5618779 2.7261746 2.4736646 3.0034572 2.3870361 3.1619076 2.3675154 2.4456680 2.9067149 2.5478197 2.7253846 3.1117433 2.3853702 2.5023686 2.3939127 2.8338406 
Nakaseomyces_bracarensis                    1.4256840 2.3288808 2.6916470 2.3401391 0.0000000 2.4413072 0.8022318 0.7671031 2.1675104 2.0674523 6.2578730 2.0482139 1.9471748 1.9564256 1.9815316 1.9960386 1.9504752 1.9855117 2.1811878 2.4914673 2.2097285 2.1018402 2.0841058 2.2007217 2.2028712 2.1944516 2.2238556 2.5266779 1.9790623 2.7031582 2.2303675 2.0814639 2.2209255 2.0602029 2.2730644 2.8479588 2.4210187 2.3177133 2.4025457 2.5907931 
Nakaseomyces_castellii                      2.2964100 2.7320374 2.6824792 2.2194335 2.4413072 0.0000000 2.5002567 2.5478616 2.2609183 2.3067348 5.6406288 2.5583967 2.4488178 2.2740607 2.4989915 2.4246820 2.3859735 2.3957741 2.5314821 2.6062555 2.5859753 2.4327285 2.5983178 2.5962972 2.4358907 2.5566090 2.4239100 3.0740836 2.2967315 2.9469848 2.2708402 2.5439611 2.6417886 2.6469954 2.6583649 2.9913227 2.6622431 2.5583913 2.5892699 2.8879372 
Nakaseomyces_delphensis                     1.3054927 2.3381265 2.8307458 2.4121258 0.8022318 2.5002567 0.0000000 0.6325572 2.2376946 2.1981418 6.0644008 2.2439826 2.2193164 2.2454062 2.1874854 2.2237242 2.2128466 2.2184315 2.2342167 2.5213206 2.1754788 2.0616192 2.3471145 2.3078587 2.3055958 2.3445225 2.3080082 2.8186184 1.9632052 2.9410073 2.2846275 2.1369515 2.3461483 2.0627117 2.4021461 2.9317233 2.4049359 2.4498336 2.3590573 2.5590206 
Nakaseomyces_nivariensis                    1.3864232 2.2255808 2.5464713 2.3140065 0.7671031 2.5478616 0.6325572 0.0000000 2.1237063 2.1683359 6.4131035 2.0814362 2.0209542 2.0669926 2.0769096 2.1154953 2.0668253 2.0613899 2.1543026 2.3856444 2.1524660 2.0416448 2.1041394 2.1514549 2.1285975 2.1571557 2.3213801 2.6453983 1.8494610 2.6664663 2.0736985 2.1692165 2.2853591 1.9812855 2.2497554 2.6618900 2.2195000 2.4328809 2.2303037 2.4841527 
Naumovozyma_castellii                       2.2693948 2.2998943 2.6874160 2.2761040 2.1675104 2.2609183 2.2376946 2.1237063 0.0000000 1.5112694 6.1757330 2.0047672 1.9054109 1.8559143 2.0057958 2.0268610 2.0504950 1.9115982 2.3176540 2.2282197 2.0500374 2.0547970 2.3844897 2.1685096 2.3110369 2.4647952 2.2995770 2.9314566 2.1624416 2.8442028 2.0375476 2.1694883 2.3067588 2.1541209 2.3424843 2.7895457 2.3759016 2.0701174 2.3063053 2.5119735 
Naumovozyma_dairenensis                     2.4898852 2.3582429 2.7125967 2.3833918 2.0674523 2.3067348 2.1981418 2.1683359 1.5112694 0.0000000 6.6665064 1.9788032 1.9136927 1.8621399 1.9442451 1.9236177 1.9447559 1.8777450 2.2144222 2.1420946 2.0542937 2.0922722 2.5503457 2.4267927 2.2101281 2.5849902 2.4655844 2.9560993 2.1522805 2.7449983 2.1772559 2.3273999 2.4567584 2.2972732 2.5090233 2.8108962 2.2985466 2.1446556 2.2700463 2.6885976 
Neurospora_crassa                           6.4714176 6.0083262 4.6479182 6.3451476 6.2578730 5.6406288 6.0644008 6.4131035 6.1757330 6.6665064 0.0000000 6.0348817 6.1348191 5.7474208 5.8807530 6.1291094 5.9341045 5.8310756 6.1100036 5.8800746 5.6287761 6.5306460 6.9960019 5.7385614 6.5479743 6.3834605 5.1921876 5.6661121 5.4905083 7.3322919 5.5820945 6.3359347 6.6904467 6.3889871 6.7362715 6.9235430 6.0266116 5.7283933 5.9850575 5.9179141 
Saccharomyces_arboricola                    2.1860025 2.1665301 2.6925258 2.2796268 2.0482139 2.5583967 2.2439826 2.0814362 2.0047672 1.9788032 6.0348817 0.0000000 0.4004432 0.3656341 0.3831971 0.3687779 0.3718439 0.3816291 2.1043633 2.1753819 2.0290334 2.0066532 2.3121188 2.1232224 2.0157159 2.2649788 2.2155462 2.5862941 1.7195383 2.8392345 1.9980967 2.2091575 2.3918057 1.8841064 2.2976649 2.7446355 2.1698758 2.2520148 2.1526011 2.5308216 
Saccharomyces_cerevisiae                    2.1287083 2.1292605 2.7345020 2.2545870 1.9471748 2.4488178 2.2193164 2.0209542 1.9054109 1.9136927 6.1348191 0.4004432 0.0000000 0.4457739 0.3978488 0.3178044 0.1764043 0.4664561 2.0729917 2.1843344 2.0062827 2.0884404 2.1349649 2.0179093 1.9449613 2.2045881 2.1793468 2.6107313 1.7590541 2.8332625 1.9254606 2.0563382 2.2740808 1.8120601 2.2276569 2.6915690 2.1455934 2.1850402 2.1290715 2.5975145 
Saccharomyces_eubayanus                     2.1559249 2.1316420 2.5744021 2.2311563 1.9564256 2.2740607 2.2454062 2.0669926 1.8559143 1.8621399 5.7474208 0.3656341 0.4457739 0.0000000 0.4120077 0.4510774 0.4116641 0.1136086 2.0736041 2.2264345 2.0781935 2.0103525 2.1494825 2.0955578 2.0389334 2.1768195 2.1268227 2.4641795 1.7501312 2.8495276 1.9943480 2.1259263 2.2270864 1.8713013 2.1856725 2.6748871 2.1669567 2.1839944 2.2080109 2.4509938 
Saccharomyces_kudriavzevii                  2.2728826 2.2313129 2.6503171 2.3885709 1.9815316 2.4989915 2.1874854 2.0769096 2.0057958 1.9442451 5.8807530 0.3831971 0.3978488 0.4120077 0.0000000 0.3795113 0.3605244 0.3913789 2.1117541 2.2665613 2.0297011 2.0622882 2.2436125 2.0942812 2.0511071 2.3022158 2.1640033 2.5338374 1.7791386 3.0084528 2.0413002 2.1849446 2.2501034 1.8485175 2.2302668 2.8718981 2.2222094 2.2964949 2.2727576 2.6806252 
Saccharomyces_mikatae                       2.1622814 2.1791141 2.6974610 2.3493544 1.9960386 2.4246820 2.2237242 2.1154953 2.0268610 1.9236177 6.1291094 0.3687779 0.3178044 0.4510774 0.3795113 0.0000000 0.2987382 0.4316028 2.0890119 2.1908150 2.0208613 2.0287516 2.2000035 2.1344456 2.0001744 2.2494768 2.2081557 2.5703884 1.7090968 2.7803802 1.9656839 2.1529911 2.3310972 1.7664612 2.2618488 2.7238092 2.1955451 2.2411645 2.1574311 2.6039720 
Saccharomyces_paradoxus                     2.1183926 2.1737589 2.7009076 2.2369072 1.9504752 2.3859735 2.2128466 2.0668253 2.0504950 1.9447559 5.9341045 0.3718439 0.1764043 0.4116641 0.3605244 0.2987382 0.0000000 0.4117161 2.0547012 2.2089181 1.9967956 2.0851809 2.2033025 2.0529019 1.9722064 2.2073211 2.1846021 2.5539868 1.6996088 2.8430874 1.9878317 2.0245924 2.2850829 1.7799737 2.2471749 2.7474003 2.1234742 2.2398078 2.1664680 2.6432231 
Saccharomyces_uvarum                        2.1870938 2.1133158 2.5460248 2.2812682 1.9855117 2.3957741 2.2184315 2.0613899 1.9115982 1.8777450 5.8310756 0.3816291 0.4664561 0.1136086 0.3913789 0.4316028 0.4117161 0.0000000 2.0303775 2.1905667 2.0841361 1.9838348 2.1914322 2.0552786 2.0124669 2.2192341 2.1559420 2.5008071 1.7505179 2.8320309 1.9509692 2.0819604 2.3035654 1.8661901 2.2292121 2.6959841 2.1869029 2.2244719 2.2086296 2.5768649 
Tetrapisispora_blattae                      2.2965392 2.1724869 2.8873294 2.7534332 2.1811878 2.5314821 2.2342167 2.1543026 2.3176540 2.2144222 6.1100036 2.1043633 2.0729917 2.0736041 2.1117541 2.0890119 2.0547012 2.0303775 0.0000000 2.1457769 1.9504378 2.4035493 2.2363245 2.0016413 1.9270454 2.3831359 2.3996065 2.5295932 2.0740166 2.8541428 2.0137736 2.4629406 2.3429293 2.0568976 2.3129229 2.9076121 2.0589832 2.1974121 2.0192539 1.5715859 
Tetrapisispora_phaffii                      2.4494892 2.1525341 2.6882431 2.5330301 2.4914673 2.6062555 2.5213206 2.3856444 2.2282197 2.1420946 5.8800746 2.1753819 2.1843344 2.2264345 2.2665613 2.1908150 2.2089181 2.1905667 2.1457769 0.0000000 1.7007338 2.3497151 2.4316229 2.3430795 2.1131394 2.4579898 2.4748687 2.8632341 2.0587090 2.7515873 2.1716208 2.4049001 2.4517159 2.2333767 2.4124600 2.7283352 0.6518650 1.0499871 0.6003124 2.3582911 
Vanderwaltozyma_polyspora                   2.2439807 2.3447370 2.5749943 2.5242002 2.2097285 2.5859753 2.1754788 2.1524660 2.0500374 2.0542937 5.6287761 2.0290334 2.0062827 2.0781935 2.0297011 2.0208613 1.9967956 2.0841361 1.9504378 1.7007338 0.0000000 2.1035077 2.2832778 2.0881658 2.0098295 2.2613431 2.3574139 2.6925020 2.1877712 2.9088609 2.0890909 2.2073686 2.2583413 2.0861864 2.2860529 2.7926874 1.7589565 1.9085096 1.7348857 2.2028095 
yHAB132_Kazachstania_martiniae              2.0965772 1.8875560 2.2516481 2.3001477 2.1018402 2.4327285 2.0616192 2.0416448 2.0547970 2.0922722 6.5306460 2.0066532 2.0884404 2.0103525 2.0622882 2.0287516 2.0851809 1.9838348 2.4035493 2.3497151 2.1035077 0.0000000 2.1505677 1.8275079 1.8749278 1.9819533 2.1288048 2.3748659 1.7633176 2.7728322 1.9553772 2.1050382 2.0367350 1.9106903 2.0363060 2.5612478 2.3806066 2.3817282 2.3432001 2.5005090 
yHAB133_Kazachstania_unispora               2.3684507 2.2196097 1.8957603 2.7112570 2.0841058 2.5983178 2.3471145 2.1041394 2.3844897 2.5503457 6.9960019 2.3121188 2.1349649 2.1494825 2.2436125 2.2000035 2.2033025 2.1914322 2.2363245 2.4316229 2.2832778 2.1505677 0.0000000 1.9349250 1.2991043 0.8075303 1.5094988 2.6785482 1.8384459 2.1890678 1.9978071 2.2424724 0.5773887 2.0058289 0.5778275 1.8875509 2.4146479 2.5933695 2.2810770 2.5654660 
yHAB134_Kazachstania_turicensis             2.3722301 1.6892212 2.4177074 2.5511284 2.2007217 2.5962972 2.3078587 2.1514549 2.1685096 2.4267927 5.7385614 2.1232224 2.0179093 2.0955578 2.0942812 2.1344456 2.0529019 2.0552786 2.0016413 2.3430795 2.0881658 1.8275079 1.9349250 0.0000000 1.6428583 1.9190030 1.9553099 2.4425647 1.4887141 2.2543842 1.6137879 1.9225656 1.8748013 1.2507588 1.8646042 2.2437007 2.1889090 2.2117184 2.1852667 2.4019965 
yHAB136_Kazachstania_bromeliacearum         2.2141262 1.9510082 1.8803500 2.5618779 2.2028712 2.4358907 2.3055958 2.1285975 2.3110369 2.2101281 6.5479743 2.0157159 1.9449613 2.0389334 2.0511071 2.0001744 1.9722064 2.0124669 1.9270454 2.1131394 2.0098295 1.8749278 1.2991043 1.6428583 0.0000000 1.3979579 1.3455185 2.3693652 1.6930981 1.9578254 1.7473788 1.9973571 1.3974352 1.7661370 1.3678978 1.7946303 2.1268487 2.0779093 2.0380021 2.4931625 
yHAB143_Kazachstania_siamensis              2.4864773 2.1858032 1.9653528 2.7261746 2.1944516 2.5566090 2.3445225 2.1571557 2.4647952 2.5849902 6.3834605 2.2649788 2.2045881 2.1768195 2.3022158 2.2494768 2.2073211 2.2192341 2.3831359 2.4579898 2.2613431 1.9819533 0.8075303 1.9190030 1.3979579 0.0000000 1.6004467 2.7519824 1.8978330 1.9835679 1.9006498 2.2914583 0.8292588 1.9729910 0.8299837 1.9416471 2.3845264 2.5147581 2.3748591 2.6902410 
yHAB147_Kazachstania_taianensis             2.3388246 2.1577085 1.6409459 2.4736646 2.2238556 2.4239100 2.3080082 2.3213801 2.2995770 2.4655844 5.1921876 2.2155462 2.1793468 2.1268227 2.1640033 2.2081557 2.1846021 2.1559420 2.3996065 2.4748687 2.3574139 2.1288048 1.5094988 1.9553099 1.3455185 1.6004467 0.0000000 2.5533280 1.7574707 2.4439589 1.9997213 2.3558815 1.5661338 2.0386533 1.6183259 2.2074428 2.6273158 2.4359460 2.3870463 2.8664977 
yHAB148_Kazachstania_intestinalis           2.6108351 2.5236498 2.6444175 3.0034572 2.5266779 3.0740836 2.8186184 2.6453983 2.9314566 2.9560993 5.6661121 2.5862941 2.6107313 2.4641795 2.5338374 2.5703884 2.5539868 2.5008071 2.5295932 2.8632341 2.6925020 2.3748659 2.6785482 2.4425647 2.3693652 2.7519824 2.5533280 0.0000000 2.2120972 3.1950624 2.6092785 2.6648484 2.8647082 2.4171706 2.9067891 3.0826908 2.6669137 2.6505770 2.5808150 2.8177404 
yHAB153_Kazachstania_rosinii                2.0072256 1.7930425 2.1189340 2.3870361 1.9790623 2.2967315 1.9632052 1.8494610 2.1624416 2.1522805 5.4905083 1.7195383 1.7590541 1.7501312 1.7791386 1.7090968 1.6996088 1.7505179 2.0740166 2.0587090 2.1877712 1.7633176 1.8384459 1.4887141 1.6930981 1.8978330 1.7574707 2.2120972 0.0000000 2.5656970 1.5347096 1.8545190 1.8774205 1.4119530 1.8624385 2.3742948 2.1454365 2.1186035 1.9938738 2.3747806 
yHAB154_Kazachstania_transvaalensis         2.8199852 2.7289074 2.6307764 3.1619076 2.7031582 2.9469848 2.9410073 2.6664663 2.8442028 2.7449983 7.3322919 2.8392345 2.8332625 2.8495276 3.0084528 2.7803802 2.8430874 2.8320309 2.8541428 2.7515873 2.9088609 2.7728322 2.1890678 2.2543842 1.9578254 1.9835679 2.4439589 3.1950624 2.5656970 0.0000000 2.3924022 2.8472452 2.2600231 2.5258535 2.2817964 0.7561233 2.8270919 2.9760777 2.7002688 3.1340378 
yHAB155_Kazachstania_spencerorum            2.2315898 1.8469957 2.2401371 2.3675154 2.2303675 2.2708402 2.2846275 2.0736985 2.0375476 2.1772559 5.5820945 1.9980967 1.9254606 1.9943480 2.0413002 1.9656839 1.9878317 1.9509692 2.0137736 2.1716208 2.0890909 1.9553772 1.9978071 1.6137879 1.7473788 1.9006498 1.9997213 2.6092785 1.5347096 2.3924022 0.0000000 1.7748641 1.9283150 1.4728524 1.8957284 2.3087340 2.1047225 2.1647176 2.0239447 2.4231262 
yHAB158_Kazachstania_viticola               2.0827798 2.1458764 2.6144727 2.4456680 2.0814639 2.5439611 2.1369515 2.1692165 2.1694883 2.3273999 6.3359347 2.2091575 2.0563382 2.1259263 2.1849446 2.1529911 2.0245924 2.0819604 2.4629406 2.4049001 2.2073686 2.1050382 2.2424724 1.9225656 1.9973571 2.2914583 2.3558815 2.6648484 1.8545190 2.8472452 1.7748641 0.0000000 2.2803307 1.8970910 2.2876689 2.6900503 2.4282372 2.4748217 2.3161527 2.6151643 
yHAB159_Kazachstania_solicola               2.5243906 2.1111701 1.9424559 2.9067149 2.2209255 2.6417886 2.3461483 2.2853591 2.3067588 2.4567584 6.6904467 2.3918057 2.2740808 2.2270864 2.2501034 2.3310972 2.2850829 2.3035654 2.3429293 2.4517159 2.2583413 2.0367350 0.5773887 1.8748013 1.3974352 0.8292588 1.5661338 2.8647082 1.8774205 2.2600231 1.9283150 2.2803307 0.0000000 1.9259356 0.2180014 1.9777821 2.4471456 2.5965844 2.3880288 2.7147198 
yHAB160_Kazachstania_kunashirensis          2.2373890 1.7168647 2.4336926 2.5478197 2.0602029 2.6469954 2.0627117 1.9812855 2.1541209 2.2972732 6.3889871 1.8841064 1.8120601 1.8713013 1.8485175 1.7664612 1.7799737 1.8661901 2.0568976 2.2333767 2.0861864 1.9106903 2.0058289 1.2507588 1.7661370 1.9729910 2.0386533 2.4171706 1.4119530 2.5258535 1.4728524 1.8970910 1.9259356 0.0000000 1.9600490 2.4519062 2.1182859 2.1657562 2.1245241 2.4212296 
yHAB164_Kazachstania_aerobia                2.4151724 2.1169040 1.9673150 2.7253846 2.2730644 2.6583649 2.4021461 2.2497554 2.3424843 2.5090233 6.7362715 2.2976649 2.2276569 2.1856725 2.2302668 2.2618488 2.2471749 2.2292121 2.3129229 2.4124600 2.2860529 2.0363060 0.5778275 1.8646042 1.3678978 0.8299837 1.6183259 2.9067891 1.8624385 2.2817964 1.8957284 2.2876689 0.2180014 1.9600490 0.0000000 1.9879014 2.4233270 2.4846978 2.3160391 2.6430024 
yHAB166_Kazachstania_yakushimaensis         2.7674447 2.3460446 2.3203406 3.1117433 2.8479588 2.9913227 2.9317233 2.6618900 2.7895457 2.8108962 6.9235430 2.7446355 2.6915690 2.6748871 2.8718981 2.7238092 2.7474003 2.6959841 2.9076121 2.7283352 2.7926874 2.5612478 1.8875509 2.2437007 1.7946303 1.9416471 2.2074428 3.0826908 2.3742948 0.7561233 2.3087340 2.6900503 1.9777821 2.4519062 1.9879014 0.0000000 2.7112244 2.8752099 2.4752945 3.1815855 
yHMPu5000034875_Tetrapisispora_fleetii      2.2663358 2.2034703 2.9641126 2.3853702 2.4210187 2.6622431 2.4049359 2.2195000 2.3759016 2.2985466 6.0266116 2.1698758 2.1455934 2.1669567 2.2222094 2.1955451 2.1234742 2.1869029 2.0589832 0.6518650 1.7589565 2.3806066 2.4146479 2.1889090 2.1268487 2.3845264 2.6273158 2.6669137 2.1454365 2.8270919 2.1047225 2.4282372 2.4471456 2.1182859 2.4233270 2.7112244 0.0000000 1.1130733 0.3036110 2.3133795 
yHMPu5000034876_Tetrapisispora_iriomotensis 2.3394219 2.3410604 2.7694805 2.5023686 2.3177133 2.5583913 2.4498336 2.4328809 2.0701174 2.1446556 5.7283933 2.2520148 2.1850402 2.1839944 2.2964949 2.2411645 2.2398078 2.2244719 2.1974121 1.0499871 1.9085096 2.3817282 2.5933695 2.2117184 2.0779093 2.5147581 2.4359460 2.6505770 2.1186035 2.9760777 2.1647176 2.4748217 2.5965844 2.1657562 2.4846978 2.8752099 1.1130733 0.0000000 1.0804480 2.4105680 
yHMPu5000034877_Tetrapisispora_namnaonensis 2.2997034 2.0220194 2.7974387 2.3939127 2.4025457 2.5892699 2.3590573 2.2303037 2.3063053 2.2700463 5.9850575 2.1526011 2.1290715 2.2080109 2.2727576 2.1574311 2.1664680 2.2086296 2.0192539 0.6003124 1.7348857 2.3432001 2.2810770 2.1852667 2.0380021 2.3748591 2.3870463 2.5808150 1.9938738 2.7002688 2.0239447 2.3161527 2.3880288 2.1245241 2.3160391 2.4752945 0.3036110 1.0804480 0.0000000 2.2937803 
yHMPu5000035629_Yueomyces_sinensis          2.6749419 2.3915790 3.1956341 2.8338406 2.5907931 2.8879372 2.5590206 2.4841527 2.5119735 2.6885976 5.9179141 2.5308216 2.5975145 2.4509938 2.6806252 2.6039720 2.6432231 2.5768649 1.5715859 2.3582911 2.2028095 2.5005090 2.5654660 2.4019965 2.4931625 2.6902410 2.8664977 2.8177404 2.3747806 3.1340378 2.4231262 2.6151643 2.7147198 2.4212296 2.6430024 3.1815855 2.3133795 2.4105680 2.2937803 0.0000000 
