40
Candida_glabrata                            0.0000000 0.6883443 1.2882478 0.7249919 0.3913138 0.8282044 0.3989688 0.3538039 0.6365968 0.7115636 2.0713755 0.6077182 0.6238817 0.5887518 0.6037566 0.6132173 0.6247948 0.5908922 0.5825204 0.5603706 0.5178260 0.6823300 0.8383125 0.7865066 0.6538565 0.7893020 1.1851074 0.9752481 0.7352675 0.7965789 0.7780106 0.9536602 0.7347912 0.7498611 0.7810125 0.7713790 0.5373256 0.5745555 0.5590801 0.5915197 
Kazachstania_africana                       0.6883443 0.0000000 1.5399918 0.7197431 0.6706248 0.8717327 0.6482133 0.6454567 0.7748907 0.7263276 2.4317145 0.7651997 0.7410747 0.6953919 0.6834574 0.7067797 0.7167818 0.7107477 0.5644978 0.7781294 0.6120139 0.5717560 0.7485921 0.6137987 0.5864533 0.7317361 1.4845845 1.0518907 0.8344025 0.7275943 0.5792107 0.7091426 0.6378198 0.5494072 0.6439533 0.6187790 0.7116828 0.7324159 0.7030619 0.6428066 
Kazachstania_naganishii                     1.2882478 1.5399918 0.0000000 1.6413411 1.2424276 1.4075061 1.2497370 1.2347021 1.5366637 1.4456344 1.9119390 1.2533553 1.3184844 1.2312015 1.1736348 1.3123090 1.3007382 1.2464481 1.5593216 1.4394804 1.4491490 1.3267048 1.5911418 1.5250612 1.3946259 1.6552426 1.0601284 1.2034355 1.1659305 1.6828658 1.5125207 1.9176379 1.4839346 1.6760917 1.6058446 1.5259194 1.3850569 1.5123237 1.4403384 1.6947881 
Nakaseomyces_bacillisporus                  0.7249919 0.7197431 1.6413411 0.0000000 0.8192190 1.0759995 0.7834990 0.7374584 0.8810939 0.8040477 2.4454035 0.8344068 0.8271284 0.8083306 0.8151424 0.7750064 0.8200833 0.8305271 0.6504234 0.7692937 0.6786815 0.7590129 0.8923665 0.7756695 0.7305661 0.8198280 1.6066131 1.1395907 1.0612407 0.8381488 0.8934868 0.9539820 0.8469073 0.8394548 0.8837576 0.7696928 0.6521113 0.6470579 0.6479388 0.6718228 
Nakaseomyces_bracarensis                    0.3913138 0.6706248 1.2424276 0.8192190 0.0000000 0.8543172 0.2826495 0.3016849 0.6895977 0.7518498 2.0070851 0.6358801 0.7034414 0.6348486 0.6546942 0.6676644 0.6814968 0.6269781 0.6241295 0.6883900 0.5963484 0.7303319 0.8649076 0.7765232 0.6921363 0.7847362 1.1531467 0.9759660 0.7610528 0.8232082 0.8032788 0.9266343 0.8309754 0.8158332 0.8699043 0.7378789 0.6287124 0.6237273 0.6390852 0.6486934 
Nakaseomyces_castellii                      0.8282044 0.8717327 1.4075061 1.0759995 0.8543172 0.0000000 0.8393064 0.9433122 1.0237090 1.0841641 2.2195107 0.8622731 0.9559654 0.9111587 0.8865610 0.8578546 0.8993303 0.9123602 0.9304479 0.9261898 0.7655910 0.9149341 1.0167164 1.0238177 0.9723366 1.0852215 1.3073203 1.0335117 1.0409494 1.1444982 1.0291736 1.0816487 0.9652081 0.9791996 0.9902144 0.9594716 0.8988493 0.8700264 0.9403184 0.9316094 
Nakaseomyces_delphensis                     0.3989688 0.6482133 1.2497370 0.7834990 0.2826495 0.8393064 0.0000000 0.2309049 0.6834497 0.7005354 2.0136136 0.6367721 0.7041858 0.6226680 0.6346577 0.6534920 0.6771286 0.6034797 0.6111966 0.6796887 0.5339211 0.6863333 0.7973890 0.7664995 0.6533681 0.7823489 1.1614428 0.8937717 0.7191707 0.8346641 0.7538204 0.9768101 0.8372859 0.7732440 0.8811095 0.7672581 0.6510558 0.6640815 0.6223332 0.6967617 
Nakaseomyces_nivariensis                    0.3538039 0.6454567 1.2347021 0.7374584 0.3016849 0.9433122 0.2309049 0.0000000 0.7352350 0.6924456 2.1112707 0.6389849 0.6854428 0.6080784 0.5994229 0.6330709 0.6780605 0.6069019 0.5570604 0.6095127 0.4801262 0.6605146 0.7660716 0.7683091 0.6410226 0.7297822 1.2575395 0.8666572 0.7638379 0.8141846 0.7380232 0.9111699 0.7806366 0.7609098 0.8162140 0.7457244 0.5546137 0.5911981 0.6127984 0.6446529 
Naumovozyma_castellii                       0.6365968 0.7748907 1.5366637 0.8810939 0.6895977 1.0237090 0.6834497 0.7352350 0.0000000 0.4792418 2.5832520 0.7815865 0.7831456 0.7843686 0.7931575 0.7754290 0.8157333 0.7754437 0.7387704 0.7053038 0.6766493 0.7351160 0.9279841 0.6906775 0.7296393 0.7706837 1.2949809 1.0346002 0.9106043 0.8471050 0.8544618 0.8290251 0.6963515 0.7705220 0.8130608 0.7457468 0.6551004 0.6993205 0.7250078 0.8074984 
Naumovozyma_dairenensis                     0.7115636 0.7263276 1.4456344 0.8040477 0.7518498 1.0841641 0.7005354 0.6924456 0.4792418 0.0000000 2.5093693 0.7729581 0.7749066 0.7429331 0.7708371 0.7526634 0.7605818 0.7354377 0.6005432 0.7259860 0.6713772 0.7599913 0.7818947 0.6932607 0.7110337 0.7320816 1.2639591 0.9910574 0.9331752 0.7688244 0.7269898 0.7993603 0.7437119 0.7004447 0.7946855 0.7489453 0.6613676 0.7576840 0.7221792 0.7325500 
Neurospora_crassa                           2.0713755 2.4317145 1.9119390 2.4454035 2.0070851 2.2195107 2.0136136 2.1112707 2.5832520 2.5093693 0.0000000 2.5011896 2.5160062 2.4791419 2.3257134 2.3986513 2.6127095 2.5951901 2.5505726 2.2846331 2.4600750 2.3231393 2.6694526 2.6480795 2.5576275 2.5919633 1.9786159 2.3923708 1.8651718 2.7106364 2.7207729 2.8756514 2.3070716 2.4996447 2.6783729 2.8255677 2.2543224 2.5823864 2.4278247 2.4951236 
Saccharomyces_arboricola                    0.6077182 0.7651997 1.2533553 0.8344068 0.6358801 0.8622731 0.6367721 0.6389849 0.7815865 0.7729581 2.5011896 0.0000000 0.2090427 0.1830475 0.1530523 0.1936185 0.1805081 0.1593678 0.6081592 0.7140765 0.5629337 0.6741169 0.7940494 0.7947558 0.6791848 0.7942341 1.1271532 1.0684911 0.9201580 0.8000827 0.8527873 0.9051001 0.8018487 0.7840493 0.8266987 0.8155570 0.6780531 0.6941922 0.7225175 0.6443968 
Saccharomyces_cerevisiae                    0.6238817 0.7410747 1.3184844 0.8271284 0.7034414 0.9559654 0.7041858 0.6854428 0.7831456 0.7749066 2.5160062 0.2090427 0.0000000 0.2235895 0.1663502 0.1683356 0.0959958 0.2182468 0.5938048 0.7053112 0.5235533 0.6684022 0.8083643 0.7614340 0.7222983 0.7681700 1.1172757 1.0197162 0.9503719 0.8307751 0.8598429 0.8772540 0.7880697 0.7831028 0.8230562 0.8340490 0.6247020 0.6740915 0.6743620 0.6530829 
Saccharomyces_eubayanus                     0.5887518 0.6953919 1.2312015 0.8083306 0.6348486 0.9111587 0.6226680 0.6080784 0.7843686 0.7429331 2.4791419 0.1830475 0.2235895 0.0000000 0.2002291 0.2436096 0.2109412 0.0581196 0.6081937 0.7469899 0.5308285 0.6404734 0.8338576 0.7829857 0.6666805 0.7404168 1.0813788 0.9862033 0.9456541 0.8256338 0.7902584 0.9125277 0.7237294 0.7583027 0.7813817 0.7860025 0.6867647 0.7153043 0.7214391 0.6138895 
Saccharomyces_kudriavzevii                  0.6037566 0.6834574 1.1736348 0.8151424 0.6546942 0.8865610 0.6346577 0.5994229 0.7931575 0.7708371 2.3257134 0.1530523 0.1663502 0.2002291 0.0000000 0.1779190 0.1456228 0.1788133 0.6035499 0.6948142 0.5121947 0.6703288 0.8539539 0.7735471 0.6596206 0.8128249 1.1282595 0.9742118 0.9031120 0.7613015 0.8290413 0.8962975 0.7907648 0.7996366 0.8275683 0.7834412 0.6274115 0.6891386 0.6708788 0.6163176 
Saccharomyces_mikatae                       0.6132173 0.7067797 1.3123090 0.7750064 0.6676644 0.8578546 0.6534920 0.6330709 0.7754290 0.7526634 2.3986513 0.1936185 0.1683356 0.2436096 0.1779190 0.0000000 0.1293429 0.2194456 0.6125940 0.7371841 0.4848297 0.6547350 0.7858693 0.7671530 0.6799344 0.7470738 1.1235398 1.0082366 0.9185067 0.8227202 0.8153431 0.8362214 0.7832339 0.7991155 0.8098458 0.8155785 0.6548149 0.6852998 0.6844313 0.6391077 
Saccharomyces_paradoxus                     0.6247948 0.7167818 1.3007382 0.8200833 0.6814968 0.8993303 0.6771286 0.6780605 0.8157333 0.7605818 2.6127095 0.1805081 0.0959958 0.2109412 0.1456228 0.1293429 0.0000000 0.1955153 0.6291620 0.7285724 0.5313629 0.6623872 0.8454626 0.8393341 0.7542095 0.8072716 1.1599842 1.0092570 0.9491032 0.8917297 0.8728449 0.8853931 0.8259509 0.8266686 0.8527940 0.8492458 0.6354652 0.7129965 0.7031419 0.6712379 
Saccharomyces_uvarum                        0.5908922 0.7107477 1.2464481 0.8305271 0.6269781 0.9123602 0.6034797 0.6069019 0.7754437 0.7354377 2.5951901 0.1593678 0.2182468 0.0581196 0.1788133 0.2194456 0.1955153 0.0000000 0.5925055 0.7313635 0.5191931 0.6358033 0.8026605 0.7772392 0.6616120 0.7558591 1.0653459 0.9943183 0.9554688 0.7791271 0.8018505 0.8677529 0.7312820 0.7433482 0.7929505 0.7512668 0.6634469 0.7152577 0.7162553 0.6176664 
Tetrapisispora_blattae                      0.5825204 0.5644978 1.5593216 0.6504234 0.6241295 0.9304479 0.6111966 0.5570604 0.7387704 0.6005432 2.5505726 0.6081592 0.5938048 0.6081937 0.6035499 0.6125940 0.6291620 0.5925055 0.0000000 0.6269881 0.4511635 0.6148317 0.6145382 0.5691221 0.6434386 0.6289036 1.4058027 1.1216063 0.9437003 0.7430492 0.6330547 0.7207885 0.6783969 0.5601004 0.6549177 0.7180596 0.5079161 0.4933167 0.4951363 0.3835167 
Tetrapisispora_phaffii                      0.5603706 0.7781294 1.4394804 0.7692937 0.6883900 0.9261898 0.6796887 0.6095127 0.7053038 0.7259860 2.2846331 0.7140765 0.7053112 0.7469899 0.6948142 0.7371841 0.7285724 0.7313635 0.6269881 0.0000000 0.5609787 0.7438550 0.8270857 0.7439480 0.7934197 0.7509909 1.3843986 1.0005847 0.8996864 0.7930270 0.8396252 0.8977971 0.7938230 0.7284348 0.8522172 0.8851083 0.2932563 0.3662818 0.3251872 0.6614787 
Vanderwaltozyma_polyspora                   0.5178260 0.6120139 1.4491490 0.6786815 0.5963484 0.7655910 0.5339211 0.4801262 0.6766493 0.6713772 2.4600750 0.5629337 0.5235533 0.5308285 0.5121947 0.4848297 0.5313629 0.5191931 0.4511635 0.5609787 0.0000000 0.6226776 0.7376886 0.7079506 0.6613897 0.6979384 1.4247961 1.0359435 0.9015722 0.7885755 0.6323448 0.7521652 0.7106027 0.6339364 0.6987373 0.7365410 0.4949431 0.4499988 0.5139045 0.5433307 
yHAB132_Kazachstania_martiniae              0.6823300 0.5717560 1.3267048 0.7590129 0.7303319 0.9149341 0.6863333 0.6605146 0.7351160 0.7599913 2.3231393 0.6741169 0.6684022 0.6404734 0.6703288 0.6547350 0.6623872 0.6358033 0.6148317 0.7438550 0.6226776 0.0000000 0.7525170 0.5723910 0.6703949 0.6982204 1.3172347 0.9154811 0.8285187 0.7957462 0.5779973 0.8336161 0.6999803 0.5251840 0.7109106 0.7696621 0.6372014 0.6593787 0.6851994 0.7215376 
yHAB133_Kazachstania_unispora               0.8383125 0.7485921 1.5911418 0.8923665 0.8649076 1.0167164 0.7973890 0.7660716 0.9279841 0.7818947 2.6694526 0.7940494 0.8083643 0.8338576 0.8539539 0.7858693 0.8454626 0.8026605 0.6145382 0.8270857 0.7376886 0.7525170 0.0000000 0.6601185 0.5802865 0.3285861 1.3495343 1.1053623 0.9034365 0.6629702 0.6945725 0.6489613 0.3368711 0.5996224 0.2874534 0.7287722 0.7640359 0.7107809 0.7313728 0.7324919 
yHAB134_Kazachstania_turicensis             0.7865066 0.6137987 1.5250612 0.7756695 0.7765232 1.0238177 0.7664995 0.7683091 0.6906775 0.6932607 2.6480795 0.7947558 0.7614340 0.7829857 0.7735471 0.7671530 0.8393341 0.7772392 0.5691221 0.7439480 0.7079506 0.5723910 0.6601185 0.0000000 0.5781442 0.6515646 1.3635528 0.9908565 0.8163312 0.6532147 0.5805748 0.6370870 0.7274797 0.3819486 0.6793716 0.6299664 0.6794839 0.6876421 0.6929831 0.7012798 
yHAB136_Kazachstania_bromeliacearum         0.6538565 0.5864533 1.3946259 0.7305661 0.6921363 0.9723366 0.6533681 0.6410226 0.7296393 0.7110337 2.5576275 0.6791848 0.7222983 0.6666805 0.6596206 0.6799344 0.7542095 0.6616120 0.6434386 0.7934197 0.6613897 0.6703949 0.5802865 0.5781442 0.0000000 0.5039951 1.2375105 0.8957863 0.7751051 0.6243430 0.6030016 0.7262798 0.5569420 0.5577714 0.6083975 0.5588178 0.6921385 0.7447761 0.7323977 0.7103743 
yHAB143_Kazachstania_siamensis              0.7893020 0.7317361 1.6552426 0.8198280 0.7847362 1.0852215 0.7823489 0.7297822 0.7706837 0.7320816 2.5919633 0.7942341 0.7681700 0.7404168 0.8128249 0.7470738 0.8072716 0.7558591 0.6289036 0.7509909 0.6979384 0.6982204 0.3285861 0.6515646 0.5039951 0.0000000 1.3893662 1.0577108 0.9681927 0.6706948 0.6729421 0.6621478 0.3014738 0.6154750 0.2648223 0.6485911 0.6666612 0.6148772 0.6898312 0.6583331 
yHAB147_Kazachstania_taianensis             1.1851074 1.4845845 1.0601284 1.6066131 1.1531467 1.3073203 1.1614428 1.2575395 1.2949809 1.2639591 1.9786159 1.1271532 1.1172757 1.0813788 1.1282595 1.1235398 1.1599842 1.0653459 1.4058027 1.3843986 1.4247961 1.3172347 1.3495343 1.3635528 1.2375105 1.3893662 0.0000000 1.1709286 0.9724815 1.4596187 1.4702931 1.4621690 1.3257177 1.3925572 1.4278450 1.3706509 1.3856502 1.4293162 1.4636411 1.4893105 
yHAB148_Kazachstania_intestinalis           0.9752481 1.0518907 1.2034355 1.1395907 0.9759660 1.0335117 0.8937717 0.8666572 1.0346002 0.9910574 2.3923708 1.0684911 1.0197162 0.9862033 0.9742118 1.0082366 1.0092570 0.9943183 1.1216063 1.0005847 1.0359435 0.9154811 1.1053623 0.9908565 0.8957863 1.0577108 1.1709286 0.0000000 1.0653709 1.2488915 1.0762923 1.4224434 0.9329404 1.1451940 1.0754881 1.1857575 1.0371497 1.1609090 1.0712288 1.1935113 
yHAB153_Kazachstania_rosinii                0.7352675 0.8344025 1.1659305 1.0612407 0.7610528 1.0409494 0.7191707 0.7638379 0.9106043 0.9331752 1.8651718 0.9201580 0.9503719 0.9456541 0.9031120 0.9185067 0.9491032 0.9554688 0.9437003 0.8996864 0.9015722 0.8285187 0.9034365 0.8163312 0.7751051 0.9681927 0.9724815 1.0653709 0.0000000 0.9567815 0.7516384 0.9715304 0.8964575 0.7484549 0.9251376 0.9346907 0.9364540 1.0008765 0.8948378 0.9586874 
yHAB154_Kazachstania_transvaalensis         0.7965789 0.7275943 1.6828658 0.8381488 0.8232082 1.1444982 0.8346641 0.8141846 0.8471050 0.7688244 2.7106364 0.8000827 0.8307751 0.8256338 0.7613015 0.8227202 0.8917297 0.7791271 0.7430492 0.7930270 0.7885755 0.7957462 0.6629702 0.6532147 0.6243430 0.6706948 1.4596187 1.2488915 0.9567815 0.0000000 0.7704489 0.7957158 0.7320990 0.6606572 0.6719761 0.3031405 0.7462362 0.7499589 0.7344140 0.7860228 
yHAB155_Kazachstania_spencerorum            0.7780106 0.5792107 1.5125207 0.8934868 0.8032788 1.0291736 0.7538204 0.7380232 0.8544618 0.7269898 2.7207729 0.8527873 0.8598429 0.7902584 0.8290413 0.8153431 0.8728449 0.8018505 0.6330547 0.8396252 0.6323448 0.5779973 0.6945725 0.5805748 0.6030016 0.6729421 1.4702931 1.0762923 0.7516384 0.7704489 0.0000000 0.7181749 0.6988381 0.4959104 0.6534760 0.7661581 0.6890878 0.7386360 0.6503219 0.7950530 
yHAB158_Kazachstania_viticola               0.9536602 0.7091426 1.9176379 0.9539820 0.9266343 1.0816487 0.9768101 0.9111699 0.8290251 0.7993603 2.8756514 0.9051001 0.8772540 0.9125277 0.8962975 0.8362214 0.8853931 0.8677529 0.7207885 0.8977971 0.7521652 0.8336161 0.6489613 0.6370870 0.7262798 0.6621478 1.4621690 1.4224434 0.9715304 0.7957158 0.7181749 0.0000000 0.7822226 0.6675563 0.6725526 0.7653782 0.7903961 0.7303539 0.7605859 0.7571787 
yHAB159_Kazachstania_solicola               0.7347912 0.6378198 1.4839346 0.8469073 0.8309754 0.9652081 0.8372859 0.7806366 0.6963515 0.7437119 2.3070716 0.8018487 0.7880697 0.7237294 0.7907648 0.7832339 0.8259509 0.7312820 0.6783969 0.7938230 0.7106027 0.6999803 0.3368711 0.7274797 0.5569420 0.3014738 1.3257177 0.9329404 0.8964575 0.7320990 0.6988381 0.7822226 0.0000000 0.6725626 0.1249819 0.7387125 0.7312805 0.7266850 0.7587444 0.6968500 
yHAB160_Kazachstania_kunashirensis          0.7498611 0.5494072 1.6760917 0.8394548 0.8158332 0.9791996 0.7732440 0.7609098 0.7705220 0.7004447 2.4996447 0.7840493 0.7831028 0.7583027 0.7996366 0.7991155 0.8266686 0.7433482 0.5601004 0.7284348 0.6339364 0.5251840 0.5996224 0.3819486 0.5577714 0.6154750 1.3925572 1.1451940 0.7484549 0.6606572 0.4959104 0.6675563 0.6725626 0.0000000 0.5980699 0.7057390 0.6225901 0.7128990 0.6822142 0.6712478 
yHAB164_Kazachstania_aerobia                0.7810125 0.6439533 1.6058446 0.8837576 0.8699043 0.9902144 0.8811095 0.8162140 0.8130608 0.7946855 2.6783729 0.8266987 0.8230562 0.7813817 0.8275683 0.8098458 0.8527940 0.7929505 0.6549177 0.8522172 0.6987373 0.7109106 0.2874534 0.6793716 0.6083975 0.2648223 1.4278450 1.0754881 0.9251376 0.6719761 0.6534760 0.6725526 0.1249819 0.5980699 0.0000000 0.6863179 0.7074064 0.6841143 0.7532934 0.6957750 
yHAB166_Kazachstania_yakushimaensis         0.7713790 0.6187790 1.5259194 0.7696928 0.7378789 0.9594716 0.7672581 0.7457244 0.7457468 0.7489453 2.8255677 0.8155570 0.8340490 0.7860025 0.7834412 0.8155785 0.8492458 0.7512668 0.7180596 0.8851083 0.7365410 0.7696621 0.7287722 0.6299664 0.5588178 0.6485911 1.3706509 1.1857575 0.9346907 0.3031405 0.7661581 0.7653782 0.7387125 0.7057390 0.6863179 0.0000000 0.7888170 0.7401041 0.8042968 0.7491054 
yHMPu5000034875_Tetrapisispora_fleetii      0.5373256 0.7116828 1.3850569 0.6521113 0.6287124 0.8988493 0.6510558 0.5546137 0.6551004 0.6613676 2.2543224 0.6780531 0.6247020 0.6867647 0.6274115 0.6548149 0.6354652 0.6634469 0.5079161 0.2932563 0.4949431 0.6372014 0.7640359 0.6794839 0.6921385 0.6666612 1.3856502 1.0371497 0.9364540 0.7462362 0.6890878 0.7903961 0.7312805 0.6225901 0.7074064 0.7888170 0.0000000 0.2947778 0.1731648 0.5374786 
yHMPu5000034876_Tetrapisispora_iriomotensis 0.5745555 0.7324159 1.5123237 0.6470579 0.6237273 0.8700264 0.6640815 0.5911981 0.6993205 0.7576840 2.5823864 0.6941922 0.6740915 0.7153043 0.6891386 0.6852998 0.7129965 0.7152577 0.4933167 0.3662818 0.4499988 0.6593787 0.7107809 0.6876421 0.7447761 0.6148772 1.4293162 1.1609090 1.0008765 0.7499589 0.7386360 0.7303539 0.7266850 0.7128990 0.6841143 0.7401041 0.2947778 0.0000000 0.3157785 0.5305536 
yHMPu5000034877_Tetrapisispora_namnaonensis 0.5590801 0.7030619 1.4403384 0.6479388 0.6390852 0.9403184 0.6223332 0.6127984 0.7250078 0.7221792 2.4278247 0.7225175 0.6743620 0.7214391 0.6708788 0.6844313 0.7031419 0.7162553 0.4951363 0.3251872 0.5139045 0.6851994 0.7313728 0.6929831 0.7323977 0.6898312 1.4636411 1.0712288 0.8948378 0.7344140 0.6503219 0.7605859 0.7587444 0.6822142 0.7532934 0.8042968 0.1731648 0.3157785 0.0000000 0.5646120 
yHMPu5000035629_Yueomyces_sinensis          0.5915197 0.6428066 1.6947881 0.6718228 0.6486934 0.9316094 0.6967617 0.6446529 0.8074984 0.7325500 2.4951236 0.6443968 0.6530829 0.6138895 0.6163176 0.6391077 0.6712379 0.6176664 0.3835167 0.6614787 0.5433307 0.7215376 0.7324919 0.7012798 0.7103743 0.6583331 1.4893105 1.1935113 0.9586874 0.7860228 0.7950530 0.7571787 0.6968500 0.6712478 0.6957750 0.7491054 0.5374786 0.5305536 0.5646120 0.0000000 
