40
Candida_glabrata                            0.0000000 0.4968257 0.7035600 0.4781291 0.3721099 0.6187888 0.3924380 0.3683825 0.5347350 0.5501954 1.2450659 0.5003131 0.5122577 0.4627988 0.4832424 0.4766053 0.4745393 0.4469039 0.4904050 0.4854896 0.4794300 0.4280602 0.4746364 0.4608809 0.4869964 0.5648582 0.5216575 0.5061928 0.4868327 0.7268631 0.5140038 0.5134947 0.5125948 0.5377434 0.5340959 0.7651681 0.4736375 0.4997739 0.4655821 0.4989101 
Kazachstania_africana                       0.4968257 0.0000000 0.6850922 0.4734722 0.5174571 0.5813316 0.4951714 0.5119074 0.4150366 0.3761443 1.3511660 0.4650545 0.4277748 0.4577083 0.4374259 0.3904037 0.4413064 0.4364384 0.3551497 0.4764376 0.4269593 0.3833889 0.4529440 0.3896027 0.4216955 0.4381413 0.6710177 0.5656678 0.5181296 0.6001613 0.4217582 0.3982222 0.5170610 0.3475131 0.4648098 0.6201822 0.4267476 0.4479046 0.4281399 0.4096268 
Kazachstania_naganishii                     0.7035600 0.6850922 0.0000000 0.6862868 0.5471525 0.5745592 0.6258960 0.5576784 0.6664811 0.6662806 1.1533694 0.7117902 0.6923646 0.6679336 0.7090680 0.7041173 0.6787840 0.6685068 0.6455883 0.6523316 0.6974789 0.6629305 0.6462033 0.6953468 0.6775498 0.5957016 0.4678867 0.5919794 0.4515332 0.8878426 0.7721781 0.6674880 0.5423269 0.7704565 0.5365219 1.0173426 0.7111893 0.6689848 0.7296596 0.6822318 
Nakaseomyces_bacillisporus                  0.4781291 0.4734722 0.6862868 0.0000000 0.5608333 0.5401613 0.5133167 0.5447641 0.3480329 0.3954036 1.3312977 0.4690157 0.4757434 0.4979452 0.4762056 0.4805996 0.4757489 0.5018928 0.4218287 0.4966109 0.3885916 0.3829805 0.4199983 0.4679752 0.4631335 0.4468722 0.6504428 0.5092342 0.5486303 0.7180684 0.4634131 0.4561129 0.5163680 0.3715160 0.4601544 0.7080435 0.4592739 0.4440632 0.4699206 0.4326182 
Nakaseomyces_bracarensis                    0.3721099 0.5174571 0.5471525 0.5608333 0.0000000 0.5910694 0.3073389 0.2187255 0.5010906 0.4598480 1.1726271 0.4559129 0.4936821 0.4766314 0.5059643 0.4941011 0.4942499 0.4819842 0.5521967 0.5657421 0.5881383 0.4573909 0.6104407 0.4736216 0.4971986 0.6166067 0.5710300 0.4947324 0.4767196 0.7680096 0.5442260 0.4780705 0.5451805 0.5139819 0.5082491 0.7907850 0.5462726 0.4985082 0.5177243 0.5422781 
Nakaseomyces_castellii                      0.6187888 0.5813316 0.5745592 0.5401613 0.5910694 0.0000000 0.6407050 0.6414814 0.5196562 0.5299747 1.1306421 0.6072302 0.5794401 0.5748978 0.5798771 0.5976824 0.5704620 0.5960883 0.6243288 0.5822617 0.5513972 0.5901970 0.5803980 0.5609583 0.6135259 0.5550141 0.6076612 0.5461891 0.6133022 0.7947742 0.6434465 0.5364998 0.5899831 0.5806069 0.5852294 0.7636370 0.5551558 0.5501998 0.6105560 0.5794872 
Nakaseomyces_delphensis                     0.3924380 0.4951714 0.6258960 0.5133167 0.3073389 0.6407050 0.0000000 0.2347899 0.5494036 0.5443914 1.1549751 0.5306001 0.5309453 0.5380811 0.5402099 0.5080073 0.5341868 0.5268816 0.5796634 0.5341859 0.5566852 0.4832731 0.5846342 0.5470360 0.5185196 0.5900854 0.5913981 0.5177217 0.4847011 0.7545088 0.5713268 0.5698913 0.5901684 0.5743262 0.5943718 0.8393678 0.5713083 0.5217179 0.5730280 0.5699471 
Nakaseomyces_nivariensis                    0.3683825 0.5119074 0.5576784 0.5447641 0.2187255 0.6414814 0.2347899 0.0000000 0.5181941 0.4784013 1.2403359 0.4574226 0.4986566 0.4711710 0.4956221 0.4468609 0.4887017 0.4807282 0.5698386 0.5225059 0.5397638 0.4715490 0.5568781 0.5041701 0.5101989 0.5684589 0.5300604 0.5116078 0.4508982 0.6753455 0.5285293 0.5126208 0.5795553 0.5610437 0.5695297 0.7823892 0.5454143 0.4799439 0.5474025 0.5344274 
Naumovozyma_castellii                       0.5347350 0.4150366 0.6664811 0.3480329 0.5010906 0.5196562 0.5494036 0.5181941 0.0000000 0.3504803 1.2765968 0.4617619 0.4569987 0.4482874 0.4593255 0.4542030 0.4860920 0.4475143 0.4159889 0.5211175 0.4175690 0.3741173 0.3876948 0.4333007 0.4404297 0.4065926 0.6526351 0.4937464 0.5252118 0.6360206 0.4882102 0.3728004 0.4803498 0.3982863 0.4682453 0.6465906 0.5355342 0.4864618 0.4960974 0.4569519 
Naumovozyma_dairenensis                     0.5501954 0.3761443 0.6662806 0.3954036 0.4598480 0.5299747 0.5443914 0.4784013 0.3504803 0.0000000 1.3962759 0.4637859 0.4572731 0.4477768 0.4291770 0.4435554 0.4623957 0.4304814 0.4475550 0.4798033 0.4321265 0.3873440 0.3880076 0.4083973 0.3721803 0.3891751 0.6785159 0.5510480 0.5504144 0.6386559 0.4812193 0.4092067 0.4471687 0.4417702 0.4304209 0.6230365 0.4617399 0.4891227 0.4806425 0.4596398 
Neurospora_crassa                           1.2450659 1.3511660 1.1533694 1.3312977 1.1726271 1.1306421 1.1549751 1.2403359 1.2765968 1.3962759 0.0000000 1.3262343 1.3092175 1.3227600 1.3440786 1.3785515 1.3397676 1.2919889 1.3388864 1.3390632 1.3984015 1.3369709 1.4283141 1.3012580 1.3600559 1.4745893 0.9628374 1.1335630 1.0743098 1.5890894 1.4914560 1.3861938 1.2789579 1.3676932 1.3680340 1.6314906 1.4041617 1.3291035 1.3252179 1.4009762 
Saccharomyces_arboricola                    0.5003131 0.4650545 0.7117902 0.4690157 0.4559129 0.6072302 0.5306001 0.4574226 0.4617619 0.4637859 1.3262343 0.0000000 0.1782823 0.1940429 0.1589533 0.1729729 0.1676725 0.1979816 0.4921829 0.4409638 0.4053210 0.4228716 0.5021524 0.4137414 0.4913575 0.5144861 0.6754047 0.5300836 0.5055967 0.7064271 0.4704671 0.4434580 0.4994366 0.4657170 0.5051176 0.7237776 0.4121166 0.4604236 0.4394914 0.5008021 
Saccharomyces_cerevisiae                    0.5122577 0.4277748 0.6923646 0.4757434 0.4936821 0.5794401 0.5309453 0.4986566 0.4569987 0.4572731 1.3092175 0.1782823 0.0000000 0.1718055 0.1728371 0.1340868 0.1075874 0.1739259 0.5190590 0.4413075 0.3997234 0.4713036 0.4863424 0.4598553 0.4669613 0.5101883 0.6383914 0.5138449 0.5193195 0.6905969 0.4830756 0.4313100 0.5223774 0.4978120 0.5219598 0.6899777 0.4460807 0.4723053 0.4169314 0.5257868 
Saccharomyces_eubayanus                     0.4627988 0.4577083 0.6679336 0.4979452 0.4766314 0.5748978 0.5380811 0.4711710 0.4482874 0.4477768 1.3227600 0.1940429 0.1718055 0.0000000 0.1922029 0.1643093 0.2024118 0.0515598 0.5033047 0.4480870 0.4305819 0.4390828 0.5085088 0.4318315 0.4832653 0.5214514 0.6250837 0.5221178 0.4651399 0.7056049 0.5252002 0.4965857 0.5276142 0.5069464 0.5365567 0.7030964 0.4487648 0.4504126 0.4146993 0.5440042 
Saccharomyces_kudriavzevii                  0.4832424 0.4374259 0.7090680 0.4762056 0.5059643 0.5798771 0.5402099 0.4956221 0.4593255 0.4291770 1.3440786 0.1589533 0.1728371 0.1922029 0.0000000 0.1672642 0.1703851 0.1794487 0.5213974 0.4238208 0.4308937 0.4206976 0.5070202 0.4465967 0.5007471 0.5359969 0.6659248 0.5142217 0.5303452 0.6986364 0.5216691 0.4989012 0.4999566 0.4699637 0.5402611 0.6681690 0.4177622 0.4743947 0.4587086 0.5386744 
Saccharomyces_mikatae                       0.4766053 0.3904037 0.7041173 0.4805996 0.4941011 0.5976824 0.5080073 0.4468609 0.4542030 0.4435554 1.3785515 0.1729729 0.1340868 0.1643093 0.1672642 0.0000000 0.1252049 0.1649564 0.4897858 0.4354951 0.4020551 0.4187749 0.4855461 0.4426125 0.4831671 0.5025867 0.6484482 0.5355497 0.5062476 0.6738412 0.4752152 0.4524005 0.5349413 0.4884060 0.5248496 0.6632876 0.4074522 0.4471305 0.4425989 0.5179281 
Saccharomyces_paradoxus                     0.4745393 0.4413064 0.6787840 0.4757489 0.4942499 0.5704620 0.5341868 0.4887017 0.4860920 0.4623957 1.3397676 0.1676725 0.1075874 0.2024118 0.1703851 0.1252049 0.0000000 0.1902228 0.5074343 0.4322177 0.3931081 0.4217499 0.4989467 0.4388698 0.4788627 0.5385054 0.6338851 0.5380838 0.5052692 0.7158717 0.4878799 0.4507135 0.5463759 0.4698664 0.5437821 0.6821528 0.4111117 0.4636004 0.4291444 0.5486154 
Saccharomyces_uvarum                        0.4469039 0.4364384 0.6685068 0.5018928 0.4819842 0.5960883 0.5268816 0.4807282 0.4475143 0.4304814 1.2919889 0.1979816 0.1739259 0.0515598 0.1794487 0.1649564 0.1902228 0.0000000 0.5139680 0.4486999 0.4336290 0.4658367 0.5074747 0.4373548 0.4939285 0.5183860 0.6336496 0.5247202 0.4560815 0.7239857 0.5344227 0.4905366 0.5294082 0.4951004 0.5437155 0.6860431 0.4528234 0.4559102 0.4207936 0.5193051 
Tetrapisispora_blattae                      0.4904050 0.3551497 0.6455883 0.4218287 0.5521967 0.6243288 0.5796634 0.5698386 0.4159889 0.4475550 1.3388864 0.4921829 0.5190590 0.5033047 0.5213974 0.4897858 0.5074343 0.5139680 0.0000000 0.4462757 0.3509427 0.3118895 0.4154393 0.3233548 0.4574249 0.4023743 0.6804175 0.5558167 0.5126108 0.6011287 0.3934665 0.4505619 0.4540232 0.3478135 0.4148943 0.6447218 0.3850073 0.4097754 0.4352049 0.3065958 
Tetrapisispora_phaffii                      0.4854896 0.4764376 0.6523316 0.4966109 0.5657421 0.5822617 0.5341859 0.5225059 0.5211175 0.4798033 1.3390632 0.4409638 0.4413075 0.4480870 0.4238208 0.4354951 0.4322177 0.4486999 0.4462757 0.0000000 0.3177413 0.3985041 0.4302011 0.3925396 0.4402850 0.4397975 0.6440539 0.5955575 0.5609379 0.6841924 0.4536641 0.4318622 0.5192046 0.4126374 0.4995371 0.7049523 0.1968064 0.2598045 0.2201280 0.4667806 
Vanderwaltozyma_polyspora                   0.4794300 0.4269593 0.6974789 0.3885916 0.5881383 0.5513972 0.5566852 0.5397638 0.4175690 0.4321265 1.3984015 0.4053210 0.3997234 0.4305819 0.4308937 0.4020551 0.3931081 0.4336290 0.3509427 0.3177413 0.0000000 0.3640204 0.4131231 0.3907660 0.4134220 0.4344510 0.6906638 0.5323243 0.5319280 0.6076452 0.4160792 0.4079384 0.4933365 0.3548993 0.4689137 0.6227568 0.3166697 0.2693802 0.3389372 0.3607625 
yHAB132_Kazachstania_martiniae              0.4280602 0.3833889 0.6629305 0.3829805 0.4573909 0.5901970 0.4832731 0.4715490 0.3741173 0.3873440 1.3369709 0.4228716 0.4713036 0.4390828 0.4206976 0.4187749 0.4217499 0.4658367 0.3118895 0.3985041 0.3640204 0.0000000 0.3610672 0.3538195 0.3627615 0.3724385 0.5386160 0.4982206 0.4579348 0.5940510 0.3749289 0.4554848 0.3998030 0.3422462 0.3605226 0.5778215 0.3616216 0.3944642 0.3875245 0.3745331 
yHAB133_Kazachstania_unispora               0.4746364 0.4529440 0.6462033 0.4199983 0.6104407 0.5803980 0.5846342 0.5568781 0.3876948 0.3880076 1.4283141 0.5021524 0.4863424 0.5085088 0.5070202 0.4855461 0.4989467 0.5074747 0.4154393 0.4302011 0.4131231 0.3610672 0.0000000 0.4135916 0.3441083 0.1834939 0.6577895 0.5744892 0.6529066 0.5438654 0.4394064 0.4312364 0.2492160 0.4224472 0.2106226 0.5210976 0.4948063 0.4360602 0.4518669 0.4118375 
yHAB134_Kazachstania_turicensis             0.4608809 0.3896027 0.6953468 0.4679752 0.4736216 0.5609583 0.5470360 0.5041701 0.4333007 0.4083973 1.3012580 0.4137414 0.4598553 0.4318315 0.4465967 0.4426125 0.4388698 0.4373548 0.3233548 0.3925396 0.3907660 0.3538195 0.4135916 0.0000000 0.4164868 0.4010368 0.6587080 0.6027033 0.4539252 0.6311527 0.3565052 0.4070823 0.4517373 0.2800648 0.4099130 0.6041353 0.3913930 0.3499362 0.4023096 0.3830085 
yHAB136_Kazachstania_bromeliacearum         0.4869964 0.4216955 0.6775498 0.4631335 0.4971986 0.6135259 0.5185196 0.5101989 0.4404297 0.3721803 1.3600559 0.4913575 0.4669613 0.4832653 0.5007471 0.4831671 0.4788627 0.4939285 0.4574249 0.4402850 0.4134220 0.3627615 0.3441083 0.4164868 0.0000000 0.3866851 0.6111507 0.4673095 0.5624820 0.6012194 0.4092572 0.3784622 0.4823278 0.4252567 0.4330230 0.6075050 0.4789251 0.4299444 0.4433252 0.4376782 
yHAB143_Kazachstania_siamensis              0.5648582 0.4381413 0.5957016 0.4468722 0.6166067 0.5550141 0.5900854 0.5684589 0.4065926 0.3891751 1.4745893 0.5144861 0.5101883 0.5214514 0.5359969 0.5025867 0.5385054 0.5183860 0.4023743 0.4397975 0.4344510 0.3724385 0.1834939 0.4010368 0.3866851 0.0000000 0.6880524 0.6375276 0.6357339 0.5559564 0.3948509 0.4659699 0.2949008 0.4221731 0.2578826 0.5636378 0.4737027 0.4379304 0.5024250 0.4319811 
yHAB147_Kazachstania_taianensis             0.5216575 0.6710177 0.4678867 0.6504428 0.5710300 0.6076612 0.5913981 0.5300604 0.6526351 0.6785159 0.9628374 0.6754047 0.6383914 0.6250837 0.6659248 0.6484482 0.6338851 0.6336496 0.6804175 0.6440539 0.6906638 0.5386160 0.6577895 0.6587080 0.6111507 0.6880524 0.0000000 0.5038908 0.4727832 0.8656532 0.8087171 0.7237632 0.5546992 0.7179430 0.5867626 0.9205893 0.6355395 0.6710038 0.6661019 0.7026828 
yHAB148_Kazachstania_intestinalis           0.5061928 0.5656678 0.5919794 0.5092342 0.4947324 0.5461891 0.5177217 0.5116078 0.4937464 0.5510480 1.1335630 0.5300836 0.5138449 0.5221178 0.5142217 0.5355497 0.5380838 0.5247202 0.5558167 0.5955575 0.5323243 0.4982206 0.5744892 0.6027033 0.4673095 0.6375276 0.5038908 0.0000000 0.5358992 0.7958247 0.6393935 0.5868579 0.5714781 0.5745365 0.6244551 0.8196775 0.5820780 0.5658807 0.5580819 0.6085408 
yHAB153_Kazachstania_rosinii                0.4868327 0.5181296 0.4515332 0.5486303 0.4767196 0.6133022 0.4847011 0.4508982 0.5252118 0.5504144 1.0743098 0.5055967 0.5193195 0.4651399 0.5303452 0.5062476 0.5052692 0.4560815 0.5126108 0.5609379 0.5319280 0.4579348 0.6529066 0.4539252 0.5624820 0.6357339 0.4727832 0.5358992 0.0000000 0.7403685 0.5531699 0.5937023 0.5400607 0.5102556 0.6035597 0.8110440 0.5812919 0.5232601 0.5552248 0.5194758 
yHAB154_Kazachstania_transvaalensis         0.7268631 0.6001613 0.8878426 0.7180684 0.7680096 0.7947742 0.7545088 0.6753455 0.6360206 0.6386559 1.5890894 0.7064271 0.6905969 0.7056049 0.6986364 0.6738412 0.7158717 0.7239857 0.6011287 0.6841924 0.6076452 0.5940510 0.5438654 0.6311527 0.6012194 0.5559564 0.8656532 0.7958247 0.7403685 0.0000000 0.5478755 0.6414812 0.6218394 0.6111993 0.6309956 0.1811991 0.6505219 0.6033892 0.6549591 0.5912533 
yHAB155_Kazachstania_spencerorum            0.5140038 0.4217582 0.7721781 0.4634131 0.5442260 0.6434465 0.5713268 0.5285293 0.4882102 0.4812193 1.4914560 0.4704671 0.4830756 0.5252002 0.5216691 0.4752152 0.4878799 0.5344227 0.3934665 0.4536641 0.4160792 0.3749289 0.4394064 0.3565052 0.4092572 0.3948509 0.8087171 0.6393935 0.5531699 0.5478755 0.0000000 0.3971083 0.4949577 0.3159637 0.4498469 0.5390951 0.4240525 0.4006814 0.4419836 0.3767449 
yHAB158_Kazachstania_viticola               0.5134947 0.3982222 0.6674880 0.4561129 0.4780705 0.5364998 0.5698913 0.5126208 0.3728004 0.4092067 1.3861938 0.4434580 0.4313100 0.4965857 0.4989012 0.4524005 0.4507135 0.4905366 0.4505619 0.4318622 0.4079384 0.4554848 0.4312364 0.4070823 0.3784622 0.4659699 0.7237632 0.5868579 0.5937023 0.6414812 0.3971083 0.0000000 0.5398017 0.4282810 0.4682065 0.6535964 0.4204346 0.3945530 0.4149006 0.4320860 
yHAB159_Kazachstania_solicola               0.5125948 0.5170610 0.5423269 0.5163680 0.5451805 0.5899831 0.5901684 0.5795553 0.4803498 0.4471687 1.2789579 0.4994366 0.5223774 0.5276142 0.4999566 0.5349413 0.5463759 0.5294082 0.4540232 0.5192046 0.4933365 0.3998030 0.2492160 0.4517373 0.4823278 0.2949008 0.5546992 0.5714781 0.5400607 0.6218394 0.4949577 0.5398017 0.0000000 0.4689858 0.1287803 0.6229858 0.5489216 0.5228567 0.5500531 0.4943300 
yHAB160_Kazachstania_kunashirensis          0.5377434 0.3475131 0.7704565 0.3715160 0.5139819 0.5806069 0.5743262 0.5610437 0.3982863 0.4417702 1.3676932 0.4657170 0.4978120 0.5069464 0.4699637 0.4884060 0.4698664 0.4951004 0.3478135 0.4126374 0.3548993 0.3422462 0.4224472 0.2800648 0.4252567 0.4221731 0.7179430 0.5745365 0.5102556 0.6111993 0.3159637 0.4282810 0.4689858 0.0000000 0.4396563 0.5396054 0.4240266 0.3745371 0.4068691 0.4045489 
yHAB164_Kazachstania_aerobia                0.5340959 0.4648098 0.5365219 0.4601544 0.5082491 0.5852294 0.5943718 0.5695297 0.4682453 0.4304209 1.3680340 0.5051176 0.5219598 0.5365567 0.5402611 0.5248496 0.5437821 0.5437155 0.4148943 0.4995371 0.4689137 0.3605226 0.2106226 0.4099130 0.4330230 0.2578826 0.5867626 0.6244551 0.6035597 0.6309956 0.4498469 0.4682065 0.1287803 0.4396563 0.0000000 0.6018167 0.5357390 0.4743530 0.5534586 0.4589723 
yHAB166_Kazachstania_yakushimaensis         0.7651681 0.6201822 1.0173426 0.7080435 0.7907850 0.7636370 0.8393678 0.7823892 0.6465906 0.6230365 1.6314906 0.7237776 0.6899777 0.7030964 0.6681690 0.6632876 0.6821528 0.6860431 0.6447218 0.7049523 0.6227568 0.5778215 0.5210976 0.6041353 0.6075050 0.5636378 0.9205893 0.8196775 0.8110440 0.1811991 0.5390951 0.6535964 0.6229858 0.5396054 0.6018167 0.0000000 0.6781567 0.6426038 0.6719093 0.5453956 
yHMPu5000034875_Tetrapisispora_fleetii      0.4736375 0.4267476 0.7111893 0.4592739 0.5462726 0.5551558 0.5713083 0.5454143 0.5355342 0.4617399 1.4041617 0.4121166 0.4460807 0.4487648 0.4177622 0.4074522 0.4111117 0.4528234 0.3850073 0.1968064 0.3166697 0.3616216 0.4948063 0.3913930 0.4789251 0.4737027 0.6355395 0.5820780 0.5812919 0.6505219 0.4240525 0.4204346 0.5489216 0.4240266 0.5357390 0.6781567 0.0000000 0.2605954 0.1475405 0.4080996 
yHMPu5000034876_Tetrapisispora_iriomotensis 0.4997739 0.4479046 0.6689848 0.4440632 0.4985082 0.5501998 0.5217179 0.4799439 0.4864618 0.4891227 1.3291035 0.4604236 0.4723053 0.4504126 0.4743947 0.4471305 0.4636004 0.4559102 0.4097754 0.2598045 0.2693802 0.3944642 0.4360602 0.3499362 0.4299444 0.4379304 0.6710038 0.5658807 0.5232601 0.6033892 0.4006814 0.3945530 0.5228567 0.3745371 0.4743530 0.6426038 0.2605954 0.0000000 0.2746643 0.4185753 
yHMPu5000034877_Tetrapisispora_namnaonensis 0.4655821 0.4281399 0.7296596 0.4699206 0.5177243 0.6105560 0.5730280 0.5474025 0.4960974 0.4806425 1.3252179 0.4394914 0.4169314 0.4146993 0.4587086 0.4425989 0.4291444 0.4207936 0.4352049 0.2201280 0.3389372 0.3875245 0.4518669 0.4023096 0.4433252 0.5024250 0.6661019 0.5580819 0.5552248 0.6549591 0.4419836 0.4149006 0.5500531 0.4068691 0.5534586 0.6719093 0.1475405 0.2746643 0.0000000 0.4475159 
yHMPu5000035629_Yueomyces_sinensis          0.4989101 0.4096268 0.6822318 0.4326182 0.5422781 0.5794872 0.5699471 0.5344274 0.4569519 0.4596398 1.4009762 0.5008021 0.5257868 0.5440042 0.5386744 0.5179281 0.5486154 0.5193051 0.3065958 0.4667806 0.3607625 0.3745331 0.4118375 0.3830085 0.4376782 0.4319811 0.7026828 0.6085408 0.5194758 0.5912533 0.3767449 0.4320860 0.4943300 0.4045489 0.4589723 0.5453956 0.4080996 0.4185753 0.4475159 0.0000000 
