40
Candida_glabrata                            0.0000000 1.0265848 1.2541433 1.1677460 0.9194226 1.3168380 1.1145677 0.8321365 1.0405224 0.9151451 4.7081770 1.0314368 1.0321603 1.0323038 1.0211202 1.0307341 0.9531594 1.0277986 1.2393406 1.3120143 1.3679545 0.9169474 1.1707854 1.0588407 1.0486979 1.1258204 1.1862060 1.7023311 1.0399327 1.6431070 1.1741809 1.2375685 1.1528275 1.1740760 1.0803889 1.2358356 1.3615792 1.3534045 1.4660588 1.4469907 
Kazachstania_africana                       1.0265848 0.0000000 1.1938587 1.6436552 1.0515680 1.4823868 1.0728223 1.0102897 0.9927440 1.1179607 4.9324648 1.4983585 1.2782674 1.2481990 1.3975811 1.2512241 1.3137026 1.3310426 1.4852439 1.4729954 1.1890389 1.0060479 1.2959386 0.9752174 1.1179556 1.3397407 1.3290273 1.8212282 0.8943211 1.7802474 1.1489822 1.0316187 1.4845064 1.2165918 1.3317593 1.4988547 1.8642712 1.4945034 1.7949792 1.6530125 
Kazachstania_naganishii                     1.2541433 1.1938587 0.0000000 1.5580462 1.2117039 1.6976621 1.3573861 1.1888419 1.1109005 1.1145797 4.3439732 1.2229261 1.2890376 1.2039458 1.1979932 1.2725663 1.1974824 1.2638043 1.5330954 1.5337672 1.4835800 1.1333630 1.1918588 1.2050344 1.0741010 1.2703220 1.2609785 1.9404634 1.2184451 1.6947584 1.4773716 1.2065311 1.1784291 1.1754930 1.1597788 1.5454734 1.4794412 1.3822418 1.7338375 1.7517303 
Nakaseomyces_bacillisporus                  1.1677460 1.6436552 1.5580462 0.0000000 1.5751545 1.6163858 1.7393917 1.5380317 1.2395320 1.0884212 5.2914596 1.3150720 1.2044575 1.3755334 1.2327232 1.1869163 1.2698171 1.3664755 1.5431976 1.6268110 1.7887522 1.5102440 1.7080584 1.5507079 1.2722007 1.6027256 2.0360585 2.1960548 1.3395048 1.8062578 1.5890963 1.4528618 1.6788351 1.5532020 1.7104369 1.6426371 1.7063905 1.5999012 1.8933254 1.8199426 
Nakaseomyces_bracarensis                    0.9194226 1.0515680 1.2117039 1.5751545 0.0000000 1.5545767 0.6471739 0.4986719 1.1692965 1.0688321 6.2985955 1.0898783 1.0422896 1.1079903 1.0785566 1.0383603 0.9665582 1.1200321 1.5337095 1.4134222 1.3195511 1.0146755 1.2166751 1.1007625 1.1885193 1.3636826 1.4850580 1.9676303 1.1570749 1.7280792 1.2647400 1.3073411 1.2186435 1.3125228 1.2182561 1.7284146 1.5022765 1.4257562 1.5591978 1.4862027 
Nakaseomyces_castellii                      1.3168380 1.4823868 1.6976621 1.6163858 1.5545767 0.0000000 1.4631802 1.4538370 1.5047554 1.4891922 4.6488417 1.6047585 1.4937883 1.4013853 1.4535645 1.4765863 1.4049973 1.3645390 1.9404842 1.7920436 1.6370186 1.3824444 1.5539773 1.4149436 1.4983863 1.5365565 1.6124678 1.9484926 1.2759149 1.8175441 1.4714853 1.3425125 1.6061174 1.4755420 1.6664869 1.7258909 1.8714302 2.0665601 1.8640294 1.6487059 
Nakaseomyces_delphensis                     1.1145677 1.0728223 1.3573861 1.7393917 0.6471739 1.4631802 0.0000000 0.3936161 1.1457258 1.1529404 4.6527440 1.1771781 1.0836012 1.0999346 1.0287657 1.1946189 1.0977381 1.0876262 1.4299376 1.3024088 1.2092533 1.0847775 1.1713160 1.0267593 1.1504461 1.2948280 1.2401396 1.8376069 1.0666417 1.6179917 1.1498921 1.1941624 1.1199542 1.3062763 1.0959934 1.6795197 1.4384625 1.5727311 1.3413444 1.4706759 
Nakaseomyces_nivariensis                    0.8321365 1.0102897 1.1888419 1.5380317 0.4986719 1.4538370 0.3936161 0.0000000 1.0142094 1.0019550 5.3256223 1.0060059 1.0139044 1.0307804 1.0332291 1.1171129 0.9977411 1.0170025 1.4378848 1.1864899 1.1930228 1.0289178 1.0338269 0.9515842 1.0032857 1.2468926 1.2988592 2.0855223 1.0685345 1.6613384 1.1075047 1.2203065 1.1415127 1.3813036 1.0244856 1.4836671 1.3494337 1.3706974 1.3300897 1.5645624 
Naumovozyma_castellii                       1.0405224 0.9927440 1.1109005 1.2395320 1.1692965 1.5047554 1.1457258 1.0142094 0.0000000 0.8847831 4.7857378 1.1913161 0.9750668 1.0954716 1.0384411 1.0639646 1.0375818 1.1036489 1.3026571 1.3732310 1.2976263 0.9705923 1.1129954 1.1024002 0.9311751 1.1337366 1.3633608 1.8223134 1.0355935 1.5137085 1.2573861 1.1570737 1.3120321 1.1358415 1.3071408 1.4275426 1.4181262 1.3676571 1.4560263 1.7339127 
Naumovozyma_dairenensis                     0.9151451 1.1179607 1.1145797 1.0884212 1.0688321 1.4891922 1.1529404 1.0019550 0.8847831 0.0000000 4.7189698 1.0428097 1.0779467 1.0164925 1.0147551 1.1077398 1.0902744 0.9808706 1.2127455 1.3069661 1.0702283 1.0820097 1.1442001 1.0845565 0.8474407 1.0680141 1.1450060 1.7823498 0.9450258 1.6257492 1.2004203 1.2233289 1.1632478 1.0616574 1.1617452 1.3581123 1.3878919 1.3077478 1.4042316 1.4860115 
Neurospora_crassa                           4.7081770 4.9324648 4.3439732 5.2914596 6.2985955 4.6488417 4.6527440 5.3256223 4.7857378 4.7189698 0.0000000 4.7239295 4.6588912 4.2790030 4.4445871 4.8047519 4.5188678 4.2829811 6.0117354 5.9172751 5.5416009 6.2132031 4.5809409 6.0830051 5.0790932 4.5000173 5.2434064 5.0252913 4.7838536 4.4559932 5.2022952 5.7789324 4.5523642 4.4963193 4.9219443 5.2538767 5.8629820 6.7116384 6.4823449 5.3048462 
Saccharomyces_arboricola                    1.0314368 1.4983585 1.2229261 1.3150720 1.0898783 1.6047585 1.1771781 1.0060059 1.1913161 1.0428097 4.7239295 0.0000000 0.3165062 0.2852648 0.2858374 0.2538313 0.3141279 0.2651763 1.3452080 1.5264577 1.4569010 1.1455366 1.2214510 1.2456706 1.0550884 1.2792663 1.5225545 1.6658485 1.0017774 1.8768695 1.2439975 1.2513978 1.3411819 1.1615192 1.2163227 1.5192574 1.5384784 1.4348925 1.5221956 1.9766405 
Saccharomyces_cerevisiae                    1.0321603 1.2782674 1.2890376 1.2044575 1.0422896 1.4937883 1.0836012 1.0139044 0.9750668 1.0779467 4.6588912 0.3165062 0.0000000 0.3244574 0.3220108 0.2606173 0.1576719 0.3379204 1.4046451 1.4860842 1.3042219 1.1260427 1.1518216 1.2869517 1.0622777 1.1347242 1.4387892 1.7005892 1.0143597 1.8053337 1.2588614 1.2304311 1.3554306 1.1525370 1.2136847 1.5000469 1.3340659 1.3146965 1.3991255 1.9163846 
Saccharomyces_eubayanus                     1.0323038 1.2481990 1.2039458 1.3755334 1.1079903 1.4013853 1.0999346 1.0307804 1.0954716 1.0164925 4.2790030 0.2852648 0.3244574 0.0000000 0.2964001 0.3048763 0.3116910 0.0944161 1.4057698 1.4196342 1.3240816 1.1453141 1.1947177 1.1210069 1.0257039 1.2548992 1.2948902 1.7548055 0.9049854 1.7169650 1.2196916 1.2073523 1.2700218 1.1038240 1.2100905 1.4195289 1.4334716 1.4435179 1.4403983 1.9202242 
Saccharomyces_kudriavzevii                  1.0211202 1.3975811 1.1979932 1.2327232 1.0785566 1.4535645 1.0287657 1.0332291 1.0384411 1.0147551 4.4445871 0.2858374 0.3220108 0.2964001 0.0000000 0.2697049 0.2722799 0.2782485 1.4304001 1.4685190 1.3677631 1.0805986 1.2279585 1.2674912 1.0457241 1.2446000 1.3807346 1.5954900 1.0575522 1.8106320 1.3174856 1.1632126 1.3551443 1.2143083 1.2674606 1.4540315 1.4484767 1.4925662 1.4575514 1.8128099 
Saccharomyces_mikatae                       1.0307341 1.2512241 1.2725663 1.1869163 1.0383603 1.4765863 1.1946189 1.1171129 1.0639646 1.1077398 4.8047519 0.2538313 0.2606173 0.3048763 0.2697049 0.0000000 0.2269595 0.3138553 1.4104606 1.4939549 1.3586897 1.1135206 1.2137637 1.2440065 1.0461592 1.2377728 1.4294736 1.6986016 1.0101920 1.8366341 1.1070192 1.1941162 1.3046036 1.1633868 1.2115413 1.5112894 1.3858561 1.4189585 1.3922977 1.8130700 
Saccharomyces_paradoxus                     0.9531594 1.3137026 1.1974824 1.2698171 0.9665582 1.4049973 1.0977381 0.9977411 1.0375818 1.0902744 4.5188678 0.3141279 0.1576719 0.3116910 0.2722799 0.2269595 0.0000000 0.3105040 1.4129471 1.5341984 1.3311578 1.0059313 1.0956098 1.2029499 1.0680810 1.1420920 1.4190852 1.6844600 1.0047174 1.8704961 1.2245464 1.2267991 1.3206069 1.1232050 1.2215142 1.4369120 1.4016523 1.3486624 1.4403808 1.8229085 
Saccharomyces_uvarum                        1.0277986 1.3310426 1.2638043 1.3664755 1.1200321 1.3645390 1.0876262 1.0170025 1.1036489 0.9808706 4.2829811 0.2651763 0.3379204 0.0944161 0.2782485 0.3138553 0.3105040 0.0000000 1.4124818 1.4922284 1.3045345 1.1704797 1.1990540 1.1288502 1.0109788 1.2217218 1.2713124 1.7800712 0.9788878 1.8165005 1.1909580 1.2036124 1.2469373 1.1299867 1.1753835 1.4694709 1.4796804 1.3431493 1.4531726 1.9315923 
Tetrapisispora_blattae                      1.2393406 1.4852439 1.5330954 1.5431976 1.5337095 1.9404842 1.4299376 1.4378848 1.3026571 1.2127455 6.0117354 1.3452080 1.4046451 1.4057698 1.4304001 1.4104606 1.4129471 1.4124818 0.0000000 1.3451621 1.4365720 1.1882982 1.3991471 1.3143585 1.2631559 1.5282314 1.6688357 1.8274739 1.1678659 1.6894134 1.3606817 1.2153448 1.5244584 1.2040529 1.3978493 1.6066071 1.4584893 1.5857803 1.5307544 1.2635420 
Tetrapisispora_phaffii                      1.3120143 1.4729954 1.5337672 1.6268110 1.4134222 1.7920436 1.3024088 1.1864899 1.3732310 1.3069661 5.9172751 1.5264577 1.4860842 1.4196342 1.4685190 1.4939549 1.5341984 1.4922284 1.3451621 0.0000000 1.0137662 1.3098276 1.5903851 1.1475691 1.3956448 1.4504706 1.8514561 2.1615472 1.1507489 1.8849478 1.2918027 1.4744164 1.5284479 1.2135158 1.4184532 1.6326108 0.5132010 0.7442644 0.4726046 1.4308419 
Vanderwaltozyma_polyspora                   1.3679545 1.1890389 1.4835800 1.7887522 1.3195511 1.6370186 1.2092533 1.1930228 1.2976263 1.0702283 5.5416009 1.4569010 1.3042219 1.3240816 1.3677631 1.3586897 1.3311578 1.3045345 1.4365720 1.0137662 0.0000000 1.1925893 1.5116452 1.1164140 1.3027764 1.4179197 1.4109619 1.9608094 1.0691941 1.8157019 1.2103919 1.3056140 1.6502887 1.1738508 1.5883472 1.6860779 0.9843185 1.1249094 1.0832726 1.3498259 
yHAB132_Kazachstania_martiniae              0.9169474 1.0060479 1.1333630 1.5102440 1.0146755 1.3824444 1.0847775 1.0289178 0.9705923 1.0820097 6.2132031 1.1455366 1.1260427 1.1453141 1.0805986 1.1135206 1.0059313 1.1704797 1.1882982 1.3098276 1.1925893 0.0000000 1.1052301 0.8625855 0.9762120 1.0941581 1.3605179 1.6984202 0.9106958 1.6894250 0.8940676 1.0788055 1.1433809 0.9199650 1.1187926 1.3586427 1.3364020 1.2450403 1.4506048 1.2722515 
yHAB133_Kazachstania_unispora               1.1707854 1.2959386 1.1918588 1.7080584 1.2166751 1.5539773 1.1713160 1.0338269 1.1129954 1.1442001 4.5809409 1.2214510 1.1518216 1.1947177 1.2279585 1.2137637 1.0956098 1.1990540 1.3991471 1.5903851 1.5116452 1.1052301 0.0000000 1.0286229 0.7460109 0.5235540 1.0222032 1.6346321 1.1676822 1.1809654 1.3626569 1.3942554 0.3003640 1.1755551 0.3239665 1.1821810 1.5971171 1.5155791 1.4413622 1.8909543 
yHAB134_Kazachstania_turicensis             1.0588407 0.9752174 1.2050344 1.5507079 1.1007625 1.4149436 1.0267593 0.9515842 1.1024002 1.0845565 6.0830051 1.2456706 1.2869517 1.1210069 1.2674912 1.2440065 1.2029499 1.1288502 1.3143585 1.1475691 1.1164140 0.8625855 1.0286229 0.0000000 0.9833965 1.0171270 1.1256200 1.7455922 0.7586091 1.5910558 0.8926109 0.8988370 0.9981832 0.6842969 0.8849393 1.5850888 1.2562979 1.4138250 1.2777945 1.3289447 
yHAB136_Kazachstania_bromeliacearum         1.0486979 1.1179556 1.0741010 1.2722007 1.1885193 1.4983863 1.1504461 1.0032857 0.9311751 0.8474407 5.0790932 1.0550884 1.0622777 1.0257039 1.0457241 1.0461592 1.0680810 1.0109788 1.2631559 1.3956448 1.3027764 0.9762120 0.7460109 0.9833965 0.0000000 0.8694764 1.2325072 1.4353391 0.9408683 1.3839352 1.0342630 1.1073023 0.8252505 0.9383972 0.7989042 1.2463805 1.5081658 1.2687753 1.5369622 1.5523476 
yHAB143_Kazachstania_siamensis              1.1258204 1.3397407 1.2703220 1.6027256 1.3636826 1.5365565 1.2948280 1.2468926 1.1337366 1.0680141 4.5000173 1.2792663 1.1347242 1.2548992 1.2446000 1.2377728 1.1420920 1.2217218 1.5282314 1.4504706 1.4179197 1.0941581 0.5235540 1.0171270 0.8694764 0.0000000 1.0230174 1.7358688 1.1208405 1.1484758 1.1680920 1.2605290 0.5728594 1.0187792 0.5845130 1.1663202 1.3016900 1.3912108 1.4125577 1.8623787 
yHAB147_Kazachstania_taianensis             1.1862060 1.3290273 1.2609785 2.0360585 1.4850580 1.6124678 1.2401396 1.2988592 1.3633608 1.1450060 5.2434064 1.5225545 1.4387892 1.2948902 1.3807346 1.4294736 1.4190852 1.2713124 1.6688357 1.8514561 1.4109619 1.3605179 1.0222032 1.1256200 1.2325072 1.0230174 0.0000000 2.0142954 1.2017854 1.4455954 1.6103203 1.4059917 1.0820237 1.5211021 1.1119161 1.4140974 1.8791120 1.9393564 1.8556027 2.0082305 
yHAB148_Kazachstania_intestinalis           1.7023311 1.8212282 1.9404634 2.1960548 1.9676303 1.9484926 1.8376069 2.0855223 1.8223134 1.7823498 5.0252913 1.6658485 1.7005892 1.7548055 1.5954900 1.6986016 1.6844600 1.7800712 1.8274739 2.1615472 1.9608094 1.6984202 1.6346321 1.7455922 1.4353391 1.7358688 2.0142954 0.0000000 1.5917004 1.7858386 1.6536746 1.5680691 1.6513089 1.7979628 1.5572329 1.5749609 1.9822161 2.2697289 2.3803302 1.9056462 
yHAB153_Kazachstania_rosinii                1.0399327 0.8943211 1.2184451 1.3395048 1.1570749 1.2759149 1.0666417 1.0685345 1.0355935 0.9450258 4.7838536 1.0017774 1.0143597 0.9049854 1.0575522 1.0101920 1.0047174 0.9788878 1.1678659 1.1507489 1.0691941 0.9106958 1.1676822 0.7586091 0.9408683 1.1208405 1.2017854 1.5917004 0.0000000 1.4979334 0.7265291 1.1736031 1.1009651 0.7369606 1.1519658 1.3082751 1.5038417 1.5233242 1.4642031 1.3508493 
yHAB154_Kazachstania_transvaalensis         1.6431070 1.7802474 1.6947584 1.8062578 1.7280792 1.8175441 1.6179917 1.6613384 1.5137085 1.6257492 4.4559932 1.8768695 1.8053337 1.7169650 1.8106320 1.8366341 1.8704961 1.8165005 1.6894134 1.8849478 1.8157019 1.6894250 1.1809654 1.5910558 1.3839352 1.1484758 1.4455954 1.7858386 1.4979334 0.0000000 1.5080109 1.4452631 1.3491128 1.5894044 1.3640899 0.8199892 1.9617381 2.0325375 2.0049661 2.2119380 
yHAB155_Kazachstania_spencerorum            1.1741809 1.1489822 1.4773716 1.5890963 1.2647400 1.4714853 1.1498921 1.1075047 1.2573861 1.2004203 5.2022952 1.2439975 1.2588614 1.2196916 1.3174856 1.1070192 1.2245464 1.1909580 1.3606817 1.2918027 1.2103919 0.8940676 1.3626569 0.8926109 1.0342630 1.1680920 1.6103203 1.6536746 0.7265291 1.5080109 0.0000000 1.2065505 1.2974542 0.9550411 1.2127832 1.4406951 1.4317952 1.5197401 1.5189169 1.5046234 
yHAB158_Kazachstania_viticola               1.2375685 1.0316187 1.2065311 1.4528618 1.3073411 1.3425125 1.1941624 1.2203065 1.1570737 1.2233289 5.7789324 1.2513978 1.2304311 1.2073523 1.1632126 1.1941162 1.2267991 1.2036124 1.2153448 1.4744164 1.3056140 1.0788055 1.3942554 0.8988370 1.1073023 1.2605290 1.4059917 1.5680691 1.1736031 1.4452631 1.2065505 0.0000000 1.4023594 1.0266443 1.3102530 1.2751864 1.4163113 1.4948170 1.4678911 1.5501081 
yHAB159_Kazachstania_solicola               1.1528275 1.4845064 1.1784291 1.6788351 1.2186435 1.6061174 1.1199542 1.1415127 1.3120321 1.1632478 4.5523642 1.3411819 1.3554306 1.2700218 1.3551443 1.3046036 1.3206069 1.2469373 1.5244584 1.5284479 1.6502887 1.1433809 0.3003640 0.9981832 0.8252505 0.5728594 1.0820237 1.6513089 1.1009651 1.3491128 1.2974542 1.4023594 0.0000000 1.1508029 0.1350991 1.3448156 1.5599896 1.3702325 1.5604840 1.8331117 
yHAB160_Kazachstania_kunashirensis          1.1740760 1.2165918 1.1754930 1.5532020 1.3125228 1.4755420 1.3062763 1.3813036 1.1358415 1.0616574 4.4963193 1.1615192 1.1525370 1.1038240 1.2143083 1.1633868 1.1232050 1.1299867 1.2040529 1.2135158 1.1738508 0.9199650 1.1755551 0.6842969 0.9383972 1.0187792 1.5211021 1.7979628 0.7369606 1.5894044 0.9550411 1.0266443 1.1508029 0.0000000 1.0729954 1.3154654 1.3604599 1.4073216 1.3606444 1.5334979 
yHAB164_Kazachstania_aerobia                1.0803889 1.3317593 1.1597788 1.7104369 1.2182561 1.6664869 1.0959934 1.0244856 1.3071408 1.1617452 4.9219443 1.2163227 1.2136847 1.2100905 1.2674606 1.2115413 1.2215142 1.1753835 1.3978493 1.4184532 1.5883472 1.1187926 0.3239665 0.8849393 0.7989042 0.5845130 1.1119161 1.5572329 1.1519658 1.3640899 1.2127832 1.3102530 0.1350991 1.0729954 0.0000000 1.3009600 1.5772484 1.3894005 1.5089466 1.8858413 
yHAB166_Kazachstania_yakushimaensis         1.2358356 1.4988547 1.5454734 1.6426371 1.7284146 1.7258909 1.6795197 1.4836671 1.4275426 1.3581123 5.2538767 1.5192574 1.5000469 1.4195289 1.4540315 1.5112894 1.4369120 1.4694709 1.6066071 1.6326108 1.6860779 1.3586427 1.1821810 1.5850888 1.2463805 1.1663202 1.4140974 1.5749609 1.3082751 0.8199892 1.4406951 1.2751864 1.3448156 1.3154654 1.3009600 0.0000000 1.6669681 1.7790402 1.8289997 2.1094688 
yHMPu5000034875_Tetrapisispora_fleetii      1.3615792 1.8642712 1.4794412 1.7063905 1.5022765 1.8714302 1.4384625 1.3494337 1.4181262 1.3878919 5.8629820 1.5384784 1.3340659 1.4334716 1.4484767 1.3858561 1.4016523 1.4796804 1.4584893 0.5132010 0.9843185 1.3364020 1.5971171 1.2562979 1.5081658 1.3016900 1.8791120 1.9822161 1.5038417 1.9617381 1.4317952 1.4163113 1.5599896 1.3604599 1.5772484 1.6669681 0.0000000 0.6772016 0.2796340 1.5151030 
yHMPu5000034876_Tetrapisispora_iriomotensis 1.3534045 1.4945034 1.3822418 1.5999012 1.4257562 2.0665601 1.5727311 1.3706974 1.3676571 1.3077478 6.7116384 1.4348925 1.3146965 1.4435179 1.4925662 1.4189585 1.3486624 1.3431493 1.5857803 0.7442644 1.1249094 1.2450403 1.5155791 1.4138250 1.2687753 1.3912108 1.9393564 2.2697289 1.5233242 2.0325375 1.5197401 1.4948170 1.3702325 1.4073216 1.3894005 1.7790402 0.6772016 0.0000000 0.8106926 1.5890528 
yHMPu5000034877_Tetrapisispora_namnaonensis 1.4660588 1.7949792 1.7338375 1.8933254 1.5591978 1.8640294 1.3413444 1.3300897 1.4560263 1.4042316 6.4823449 1.5221956 1.3991255 1.4403983 1.4575514 1.3922977 1.4403808 1.4531726 1.5307544 0.4726046 1.0832726 1.4506048 1.4413622 1.2777945 1.5369622 1.4125577 1.8556027 2.3803302 1.4642031 2.0049661 1.5189169 1.4678911 1.5604840 1.3606444 1.5089466 1.8289997 0.2796340 0.8106926 0.0000000 1.5882449 
yHMPu5000035629_Yueomyces_sinensis          1.4469907 1.6530125 1.7517303 1.8199426 1.4862027 1.6487059 1.4706759 1.5645624 1.7339127 1.4860115 5.3048462 1.9766405 1.9163846 1.9202242 1.8128099 1.8130700 1.8229085 1.9315923 1.2635420 1.4308419 1.3498259 1.2722515 1.8909543 1.3289447 1.5523476 1.8623787 2.0082305 1.9056462 1.3508493 2.2119380 1.5046234 1.5501081 1.8331117 1.5334979 1.8858413 2.1094688 1.5151030 1.5890528 1.5882449 0.0000000 
