40
Candida_glabrata                            0.0000000 1.4612490 1.4055535 1.0475309 0.6202605 1.1652138 0.7072199 0.6169456 1.1700104 1.0564579 1.8267975 1.0765844 1.0400339 1.0993881 1.1308462 1.1347277 1.1101848 1.0511104 1.3281624 1.1701811 1.1797798 1.4515426 1.5342386 1.4181816 1.3561263 1.5496002 1.5929108 1.6206211 1.4699044 1.6767746 1.4634566 1.6446106 1.5511554 1.5011654 1.6090050 1.6726915 1.2043897 1.2281069 1.1907220 1.4687351 
Kazachstania_africana                       1.4612490 0.0000000 1.1567651 1.4898365 1.4731314 1.5274476 1.3776795 1.5115833 1.2959869 1.1653006 2.0826638 1.3247873 1.3000866 1.3479590 1.3411043 1.4519672 1.2917414 1.3617817 1.5413599 1.5184197 1.3856719 1.0997380 1.0832672 1.0294915 1.0204246 1.1664289 1.3485560 1.4957856 0.8537673 1.2702805 1.0153539 1.1723753 1.1917892 0.9153144 1.2112770 1.2189207 1.5071383 1.4614330 1.4878737 1.5119889 
Kazachstania_naganishii                     1.4055535 1.1567651 0.0000000 1.5781235 1.5280457 1.7418976 1.6071897 1.5412591 1.4164621 1.4554249 1.7988691 1.4894362 1.3680926 1.3986884 1.4219365 1.4874401 1.4073888 1.4258087 1.6413713 1.5080089 1.5951083 1.2108248 1.0053508 1.1852685 0.9561557 1.0496479 1.1351608 1.4902939 1.1700160 1.2934624 1.2625428 1.5261188 1.0035767 1.2980757 1.0184595 1.2448794 1.6083640 1.7445779 1.6220532 1.7837305 
Nakaseomyces_bacillisporus                  1.0475309 1.4898365 1.5781235 0.0000000 0.9278309 1.1006469 0.9910974 1.0226543 1.0651669 1.1197321 1.9755167 1.1050123 1.1478139 1.0478699 1.0255200 1.0885501 1.0757235 1.0396484 1.0911708 1.1033211 1.1077469 1.5306977 1.5895340 1.4756255 1.5168663 1.4783838 1.5373930 1.8046307 1.3345454 1.6271834 1.5017406 1.4855111 1.5629539 1.3775759 1.6143707 1.5455357 1.1109380 1.1555771 1.1015364 1.2847034 
Nakaseomyces_bracarensis                    0.6202605 1.4731314 1.5280457 0.9278309 0.0000000 1.2244554 0.4628406 0.4671024 1.0206676 0.9867795 1.7371356 1.0570648 0.9758525 1.0051029 1.0373433 1.0183880 0.9759828 0.9983867 1.2398865 1.1437370 1.0051762 1.4974828 1.5809113 1.3808369 1.4707739 1.4863333 1.5546195 1.6807229 1.3359727 1.7641560 1.4352542 1.5772294 1.4797958 1.3892953 1.5818282 1.7439195 1.1057877 1.1269659 1.0619298 1.3727857 
Nakaseomyces_castellii                      1.1652138 1.5274476 1.7418976 1.1006469 1.2244554 0.0000000 1.1454020 1.1804302 1.1267829 1.1101862 1.8787941 1.1721179 1.1908956 1.1901756 1.1818687 1.2242321 1.1739474 1.2227722 1.2444012 1.2284592 1.1475633 1.6715240 1.7513318 1.5344821 1.7093967 1.8166911 1.6125126 1.8024283 1.5179567 1.7225450 1.6584229 1.8786194 1.7909009 1.5679295 1.8298407 1.7036840 1.2286613 1.3013557 1.1744098 1.4895716 
Nakaseomyces_delphensis                     0.7072199 1.3776795 1.6071897 0.9910974 0.4628406 1.1454020 0.0000000 0.3944764 0.9952429 0.9924564 1.9710115 0.9637363 0.9251063 0.9005361 0.9345846 0.9537071 0.9317276 0.9168505 1.1913490 1.0187943 1.0681789 1.2978743 1.4521049 1.4545139 1.4730184 1.5615884 1.6093614 1.7268956 1.3772604 1.6617839 1.5906876 1.5817297 1.5160495 1.4231624 1.6296818 1.6257171 1.0383785 1.1461583 1.0863152 1.3140380 
Nakaseomyces_nivariensis                    0.6169456 1.5115833 1.5412591 1.0226543 0.4671024 1.1804302 0.3944764 0.0000000 1.0424324 1.0925406 1.7159056 1.0287578 0.9845057 0.9904501 1.0268913 1.0663644 0.9738551 0.9568439 1.3317440 1.1358970 1.1325680 1.4909381 1.5662848 1.4746630 1.4490176 1.5972971 1.6236740 1.7228524 1.4987644 1.6693645 1.6414298 1.6962457 1.6038797 1.4236013 1.6707689 1.6414034 1.1355363 1.2422306 1.1294406 1.5107821 
Naumovozyma_castellii                       1.1700104 1.2959869 1.4164621 1.0651669 1.0206676 1.1267829 0.9952429 1.0424324 0.0000000 0.7380168 1.9391121 0.8455779 0.8129710 0.8528740 0.8261247 0.8734947 0.8432388 0.8566182 1.0846199 0.9621566 0.9563374 1.4965536 1.3391606 1.3655201 1.3211209 1.3548111 1.6553717 1.6913750 1.2851973 1.4756835 1.3970338 1.3964446 1.3270663 1.3319582 1.3972664 1.4759886 0.9944009 0.9586611 0.9721033 1.3306058 
Naumovozyma_dairenensis                     1.0564579 1.1653006 1.4554249 1.1197321 0.9867795 1.1101862 0.9924564 1.0925406 0.7380168 0.0000000 1.8981703 0.7986785 0.8342593 0.8097945 0.8322021 0.8506216 0.8142839 0.8213380 1.0475519 1.0175631 1.0058744 1.4307838 1.3801280 1.3639596 1.3362308 1.4624729 1.6632146 1.7306830 1.2465906 1.5075972 1.3583070 1.4274714 1.4935003 1.3167089 1.5576573 1.5023923 0.9358921 0.9949511 0.9926509 1.3303288 
Neurospora_crassa                           1.8267975 2.0826638 1.7988691 1.9755167 1.7371356 1.8787941 1.9710115 1.7159056 1.9391121 1.8981703 0.0000000 2.0256968 1.9676769 1.8916465 1.9678615 1.9946535 1.9813221 1.9103871 1.9598381 2.0598659 1.7939852 2.2517557 2.1450929 2.1555304 2.1097249 2.0658630 2.0083099 2.0363529 1.9775564 2.2512191 2.2978540 2.3865390 2.2057015 2.3050328 2.2692169 2.4692056 2.0559124 2.1275247 2.1117909 2.2079301 
Saccharomyces_arboricola                    1.0765844 1.3247873 1.4894362 1.1050123 1.0570648 1.1721179 0.9637363 1.0287578 0.8455779 0.7986785 2.0256968 0.0000000 0.2474526 0.2471267 0.2138833 0.2471262 0.2371376 0.2374658 1.1154751 0.9882401 0.9438653 1.5058470 1.5371972 1.3419517 1.3986607 1.5267399 1.7085661 1.9595509 1.4548161 1.5820984 1.4493011 1.5725054 1.5950068 1.3560399 1.5988438 1.6047195 1.0417947 1.0866311 1.0326607 1.2746704 
Saccharomyces_cerevisiae                    1.0400339 1.3000866 1.3680926 1.1478139 0.9758525 1.1908956 0.9251063 0.9845057 0.8129710 0.8342593 1.9676769 0.2474526 0.0000000 0.2446033 0.2694964 0.1983498 0.1271074 0.2296523 1.1071096 1.0113885 1.0082115 1.4842539 1.5342580 1.2878964 1.3596606 1.5538936 1.6313433 1.8619765 1.3760007 1.4576399 1.4237032 1.5548417 1.6295760 1.2941515 1.6484336 1.5303250 1.0111704 1.1183731 1.0239808 1.3008090 
Saccharomyces_eubayanus                     1.0993881 1.3479590 1.3986884 1.0478699 1.0051029 1.1901756 0.9005361 0.9904501 0.8528740 0.8097945 1.8916465 0.2471267 0.2446033 0.0000000 0.2126107 0.2020778 0.1974230 0.0834953 1.1121260 0.9842071 0.9847256 1.4997580 1.5282962 1.4061891 1.3220743 1.4931571 1.5569669 1.3731997 1.4005038 1.4832017 1.0071174 1.5050728 1.5703998 1.3192423 1.1194255 1.5490185 1.0426630 1.0368114 1.0259143 1.2948383 
Saccharomyces_kudriavzevii                  1.1308462 1.3411043 1.4219365 1.0255200 1.0373433 1.1818687 0.9345846 1.0268913 0.8261247 0.8322021 1.9678615 0.2138833 0.2694964 0.2126107 0.0000000 0.2087658 0.2134987 0.2560971 1.1583062 1.0331756 1.0072363 1.4450620 1.5684623 1.3958637 1.4177689 1.5693067 1.6304100 1.3320159 1.4322040 1.5576368 0.9981399 1.6385585 1.6318748 1.2852545 1.1295678 1.5597325 1.0527374 1.1032841 1.0684427 1.3306007 
Saccharomyces_mikatae                       1.1347277 1.4519672 1.4874401 1.0885501 1.0183880 1.2242321 0.9537071 1.0663644 0.8734947 0.8506216 1.9946535 0.2471262 0.1983498 0.2020778 0.2087658 0.0000000 0.1586480 0.2280140 1.1286222 1.0426785 1.0012535 1.5352971 1.5789481 1.3676402 1.4477093 1.7118052 1.7394780 1.3737916 1.4669879 1.5003804 0.9871695 1.6418531 1.6787879 1.3654996 1.1013342 1.6157461 1.0128865 1.0713731 1.0191987 1.2860599 
Saccharomyces_paradoxus                     1.1101848 1.2917414 1.4073888 1.0757235 0.9759828 1.1739474 0.9317276 0.9738551 0.8432388 0.8142839 1.9813221 0.2371376 0.1271074 0.1974230 0.2134987 0.1586480 0.0000000 0.2229579 1.1127450 1.0195561 0.9353991 1.4448575 1.5146678 1.3015205 1.3929007 1.5500585 1.6478535 1.3370401 1.3647787 1.5319216 1.0412410 1.5358965 1.5552685 1.3296514 1.1242542 1.5449521 1.0355275 1.0095800 1.0513260 1.2637385 
Saccharomyces_uvarum                        1.0511104 1.3617817 1.4258087 1.0396484 0.9983867 1.2227722 0.9168505 0.9568439 0.8566182 0.8213380 1.9103871 0.2374658 0.2296523 0.0834953 0.2560971 0.2280140 0.2229579 0.0000000 1.1055457 0.9878215 0.9345838 1.4467688 1.5035984 1.3510998 1.3221959 1.5146142 1.6122837 1.8583070 1.3797386 1.5026903 1.4138688 1.5520131 1.4935817 1.2684560 1.5377729 1.5424597 1.0167068 1.0200202 1.0226719 1.3042139 
Tetrapisispora_blattae                      1.3281624 1.5413599 1.6413713 1.0911708 1.2398865 1.2444012 1.1913490 1.3317440 1.0846199 1.0475519 1.9598381 1.1154751 1.1071096 1.1121260 1.1583062 1.1286222 1.1127450 1.1055457 0.0000000 1.0775810 1.0658300 1.5433575 1.6814434 1.3907782 1.5622298 1.6386179 1.8485885 1.9877461 1.4776555 1.5201618 1.4764903 1.6534304 1.6904533 1.4489454 1.7188787 1.5276736 1.0405155 1.0505812 1.0185829 1.0358592 
Tetrapisispora_phaffii                      1.1701811 1.5184197 1.5080089 1.1033211 1.1437370 1.2284592 1.0187943 1.1358970 0.9621566 1.0175631 2.0598659 0.9882401 1.0113885 0.9842071 1.0331756 1.0426785 1.0195561 0.9878215 1.0775810 0.0000000 0.8029730 1.5363558 1.4277060 1.4612093 1.5047215 1.4714522 1.5503638 2.1637841 1.4257905 1.5783023 1.5313433 1.6487565 1.5781106 1.4073804 1.6559183 1.5600014 0.4015609 0.6019867 0.4293838 1.2413132 
Vanderwaltozyma_polyspora                   1.1797798 1.3856719 1.5951083 1.1077469 1.0051762 1.1475633 1.0681789 1.1325680 0.9563374 1.0058744 1.7939852 0.9438653 1.0082115 0.9847256 1.0072363 1.0012535 0.9353991 0.9345838 1.0658300 0.8029730 0.0000000 1.4222438 1.4375610 1.4877242 1.4447263 1.5107076 1.6588027 1.9188624 1.2963335 1.5247349 1.5513940 1.4089108 1.5068537 1.3548585 1.5699557 1.6001044 0.8347627 0.8070215 0.8259990 1.2256431 
yHAB132_Kazachstania_martiniae              1.4515426 1.0997380 1.2108248 1.5306977 1.4974828 1.6715240 1.2978743 1.4909381 1.4965536 1.4307838 2.2517557 1.5058470 1.4842539 1.4997580 1.4450620 1.5352971 1.4448575 1.4467688 1.5433575 1.5363558 1.4222438 0.0000000 1.0952115 1.1450859 1.0871520 1.1004942 1.2102897 1.3463674 1.1581499 1.2962024 1.3740284 1.2611547 1.1432808 1.1819933 1.1797632 1.1710195 1.5054782 1.4251229 1.4945778 1.5935458 
yHAB133_Kazachstania_unispora               1.5342386 1.0832672 1.0053508 1.5895340 1.5809113 1.7513318 1.4521049 1.5662848 1.3391606 1.3801280 2.1450929 1.5371972 1.5342580 1.5282962 1.5684623 1.5789481 1.5146678 1.5035984 1.6814434 1.4277060 1.4375610 1.0952115 0.0000000 1.1938522 0.9290313 0.3497771 1.3518883 1.4104811 1.1069160 1.1590815 1.2571406 1.3390652 0.2489200 1.0099113 0.2689967 1.1447623 1.5003011 1.5767728 1.4733430 1.5521491 
yHAB134_Kazachstania_turicensis             1.4181816 1.0294915 1.1852685 1.4756255 1.3808369 1.5344821 1.4545139 1.4746630 1.3655201 1.3639596 2.1555304 1.3419517 1.2878964 1.4061891 1.3958637 1.3676402 1.3015205 1.3510998 1.3907782 1.4612093 1.4877242 1.1450859 1.1938522 0.0000000 1.0836957 1.2308300 1.5039510 1.4612350 1.0627557 1.4527743 1.1075790 1.1224625 1.2025293 0.7990309 1.1626535 1.3044380 1.4602958 1.4804412 1.4385433 1.3498207 
yHAB136_Kazachstania_bromeliacearum         1.3561263 1.0204246 0.9561557 1.5168663 1.4707739 1.7093967 1.4730184 1.4490176 1.3211209 1.3362308 2.1097249 1.3986607 1.3596606 1.3220743 1.4177689 1.4477093 1.3929007 1.3221959 1.5622298 1.5047215 1.4447263 1.0871520 0.9290313 1.0836957 0.0000000 0.9953811 1.3038337 1.3394981 1.0745251 1.1094089 1.2187752 1.2536542 0.9525940 1.0870554 0.9920157 1.0997702 1.5191392 1.5177828 1.4923103 1.4936520 
yHAB143_Kazachstania_siamensis              1.5496002 1.1664289 1.0496479 1.4783838 1.4863333 1.8166911 1.5615884 1.5972971 1.3548111 1.4624729 2.0658630 1.5267399 1.5538936 1.4931571 1.5693067 1.7118052 1.5500585 1.5146142 1.6386179 1.4714522 1.5107076 1.1004942 0.3497771 1.2308300 0.9953811 0.0000000 1.3289406 1.3895593 1.1745143 1.2546983 1.2651949 1.2615656 0.4016098 1.0753383 0.4261475 1.2218593 1.6040892 1.6030602 1.6211961 1.4569809 
yHAB147_Kazachstania_taianensis             1.5929108 1.3485560 1.1351608 1.5373930 1.5546195 1.6125126 1.6093614 1.6236740 1.6553717 1.6632146 2.0083099 1.7085661 1.6313433 1.5569669 1.6304100 1.7394780 1.6478535 1.6122837 1.8485885 1.5503638 1.6588027 1.2102897 1.3518883 1.5039510 1.3038337 1.3289406 0.0000000 1.5230891 1.2900194 1.5319949 1.5588662 1.9170984 1.3387567 1.4140359 1.3681022 1.4345022 1.6173019 1.6690886 1.6923990 2.0975051 
yHAB148_Kazachstania_intestinalis           1.6206211 1.4957856 1.4902939 1.8046307 1.6807229 1.8024283 1.7268956 1.7228524 1.6913750 1.7306830 2.0363529 1.9595509 1.8619765 1.3731997 1.3320159 1.3737916 1.3370401 1.8583070 1.9877461 2.1637841 1.9188624 1.3463674 1.4104811 1.4612350 1.3394981 1.3895593 1.5230891 0.0000000 1.4073239 1.4668374 1.1184174 1.6393397 1.3386048 1.4871433 1.2078370 1.3477702 2.0556783 1.8956055 2.0670628 2.0528808 
yHAB153_Kazachstania_rosinii                1.4699044 0.8537673 1.1700160 1.3345454 1.3359727 1.5179567 1.3772604 1.4987644 1.2851973 1.2465906 1.9775564 1.4548161 1.3760007 1.4005038 1.4322040 1.4669879 1.3647787 1.3797386 1.4776555 1.4257905 1.2963335 1.1581499 1.1069160 1.0627557 1.0745251 1.1745143 1.2900194 1.4073239 0.0000000 1.2832790 1.1437566 1.2083297 1.1150981 0.9528020 1.1442614 1.3696434 1.4579704 1.4663968 1.4915485 1.5334665 
yHAB154_Kazachstania_transvaalensis         1.6767746 1.2702805 1.2934624 1.6271834 1.7641560 1.7225450 1.6617839 1.6693645 1.4756835 1.5075972 2.2512191 1.5820984 1.4576399 1.4832017 1.5576368 1.5003804 1.5319216 1.5026903 1.5201618 1.5783023 1.5247349 1.2962024 1.1590815 1.4527743 1.1094089 1.2546983 1.5319949 1.4668374 1.2832790 0.0000000 1.3418353 1.3544831 1.2259758 1.4650901 1.2231033 0.4240962 1.7138034 1.7731102 1.5973893 1.4188453 
yHAB155_Kazachstania_spencerorum            1.4634566 1.0153539 1.2625428 1.5017406 1.4352542 1.6584229 1.5906876 1.6414298 1.3970338 1.3583070 2.2978540 1.4493011 1.4237032 1.0071174 0.9981399 0.9871695 1.0412410 1.4138688 1.4764903 1.5313433 1.5513940 1.3740284 1.2571406 1.1075790 1.2187752 1.2651949 1.5588662 1.1184174 1.1437566 1.3418353 0.0000000 1.2791053 1.2140905 1.0658027 0.9828884 1.1824971 1.5028685 1.6686409 1.4334094 1.5190079 
yHAB158_Kazachstania_viticola               1.6446106 1.1723753 1.5261188 1.4855111 1.5772294 1.8786194 1.5817297 1.6962457 1.3964446 1.4274714 2.3865390 1.5725054 1.5548417 1.5050728 1.6385585 1.6418531 1.5358965 1.5520131 1.6534304 1.6487565 1.4089108 1.2611547 1.3390652 1.1224625 1.2536542 1.2615656 1.9170984 1.6393397 1.2083297 1.3544831 1.2791053 0.0000000 1.2465170 1.0470447 1.3358442 1.2894438 1.7468563 1.7539651 1.6032926 1.1557857 
yHAB159_Kazachstania_solicola               1.5511554 1.1917892 1.0035767 1.5629539 1.4797958 1.7909009 1.5160495 1.6038797 1.3270663 1.4935003 2.2057015 1.5950068 1.6295760 1.5703998 1.6318748 1.6787879 1.5552685 1.4935817 1.6904533 1.5781106 1.5068537 1.1432808 0.2489200 1.2025293 0.9525940 0.4016098 1.3387567 1.3386048 1.1150981 1.2259758 1.2140905 1.2465170 0.0000000 1.0736381 0.1161401 1.1634956 1.5308704 1.6183055 1.5751388 1.6796563 
yHAB160_Kazachstania_kunashirensis          1.5011654 0.9153144 1.2980757 1.3775759 1.3892953 1.5679295 1.4231624 1.4236013 1.3319582 1.3167089 2.3050328 1.3560399 1.2941515 1.3192423 1.2852545 1.3654996 1.3296514 1.2684560 1.4489454 1.4073804 1.3548585 1.1819933 1.0099113 0.7990309 1.0870554 1.0753383 1.4140359 1.4871433 0.9528020 1.4650901 1.0658027 1.0470447 1.0736381 0.0000000 1.0510483 1.3372593 1.4742527 1.4812085 1.4155237 1.3255981 
yHAB164_Kazachstania_aerobia                1.6090050 1.2112770 1.0184595 1.6143707 1.5818282 1.8298407 1.6296818 1.6707689 1.3972664 1.5576573 2.2692169 1.5988438 1.6484336 1.1194255 1.1295678 1.1013342 1.1242542 1.5377729 1.7188787 1.6559183 1.5699557 1.1797632 0.2689967 1.1626535 0.9920157 0.4261475 1.3681022 1.2078370 1.1442614 1.2231033 0.9828884 1.3358442 0.1161401 1.0510483 0.0000000 1.1679872 1.5904165 1.7105541 1.6439358 1.7132789 
yHAB166_Kazachstania_yakushimaensis         1.6726915 1.2189207 1.2448794 1.5455357 1.7439195 1.7036840 1.6257171 1.6414034 1.4759886 1.5023923 2.4692056 1.6047195 1.5303250 1.5490185 1.5597325 1.6157461 1.5449521 1.5424597 1.5276736 1.5600014 1.6001044 1.1710195 1.1447623 1.3044380 1.0997702 1.2218593 1.4345022 1.3477702 1.3696434 0.4240962 1.1824971 1.2894438 1.1634956 1.3372593 1.1679872 0.0000000 1.5674286 1.6861018 1.5640907 1.3720937 
yHMPu5000034875_Tetrapisispora_fleetii      1.2043897 1.5071383 1.6083640 1.1109380 1.1057877 1.2286613 1.0383785 1.1355363 0.9944009 0.9358921 2.0559124 1.0417947 1.0111704 1.0426630 1.0527374 1.0128865 1.0355275 1.0167068 1.0405155 0.4015609 0.8347627 1.5054782 1.5003011 1.4602958 1.5191392 1.6040892 1.6173019 2.0556783 1.4579704 1.7138034 1.5028685 1.7468563 1.5308704 1.4742527 1.5904165 1.5674286 0.0000000 0.6240139 0.2457411 1.2900155 
yHMPu5000034876_Tetrapisispora_iriomotensis 1.2281069 1.4614330 1.7445779 1.1555771 1.1269659 1.3013557 1.1461583 1.2422306 0.9586611 0.9949511 2.1275247 1.0866311 1.1183731 1.0368114 1.1032841 1.0713731 1.0095800 1.0200202 1.0505812 0.6019867 0.8070215 1.4251229 1.5767728 1.4804412 1.5177828 1.6030602 1.6690886 1.8956055 1.4663968 1.7731102 1.6686409 1.7539651 1.6183055 1.4812085 1.7105541 1.6861018 0.6240139 0.0000000 0.6543753 1.3673101 
yHMPu5000034877_Tetrapisispora_namnaonensis 1.1907220 1.4878737 1.6220532 1.1015364 1.0619298 1.1744098 1.0863152 1.1294406 0.9721033 0.9926509 2.1117909 1.0326607 1.0239808 1.0259143 1.0684427 1.0191987 1.0513260 1.0226719 1.0185829 0.4293838 0.8259990 1.4945778 1.4733430 1.4385433 1.4923103 1.6211961 1.6923990 2.0670628 1.4915485 1.5973893 1.4334094 1.6032926 1.5751388 1.4155237 1.6439358 1.5640907 0.2457411 0.6543753 0.0000000 1.2295124 
yHMPu5000035629_Yueomyces_sinensis          1.4687351 1.5119889 1.7837305 1.2847034 1.3727857 1.4895716 1.3140380 1.5107821 1.3306058 1.3303288 2.2079301 1.2746704 1.3008090 1.2948383 1.3306007 1.2860599 1.2637385 1.3042139 1.0358592 1.2413132 1.2256431 1.5935458 1.5521491 1.3498207 1.4936520 1.4569809 2.0975051 2.0528808 1.5334665 1.4188453 1.5190079 1.1557857 1.6796563 1.3255981 1.7132789 1.3720937 1.2900155 1.3673101 1.2295124 0.0000000 
