40
Candida_glabrata                            0.0000000 1.3930660 1.3316174 1.4796613 0.7227421 1.4501117 0.7489986 0.6454263 1.2517936 1.3170354 6.0962787 1.1615553 1.2870254 1.1380286 1.1158898 1.1986390 1.2791996 1.1475143 1.5440828 1.6315592 1.4707957 1.2734514 1.2502890 1.2503070 1.2153290 1.2292709 1.2387445 1.4593941 1.3162250 1.3708567 1.2883829 1.2929572 1.2343511 1.2930547 1.2111052 1.3976267 1.5841328 1.5796061 1.6300168 1.5495224 
Kazachstania_africana                       1.3930660 0.0000000 1.1533788 1.2502764 1.2903480 1.5435586 1.3339106 1.2625436 1.1008258 1.1082655 6.1080615 1.0942152 1.0949589 1.1053859 1.0624598 1.1344714 1.0886643 1.0833359 1.3694751 1.6055106 1.4574157 0.9618205 1.1370393 0.9947493 1.0023853 1.0244251 1.0282860 1.2398371 1.0075754 1.1209953 0.9468687 0.9708121 1.1272779 0.9646191 1.1380100 1.0610509 1.6224049 1.6107727 1.6453153 1.3899595 
Kazachstania_naganishii                     1.3316174 1.1533788 0.0000000 1.4573240 1.2811307 1.6402577 1.3077131 1.2414405 1.1175080 1.1258095 5.5465344 1.0965332 1.1205245 1.1350263 1.1180548 1.1110196 1.1291150 1.1175980 1.5029464 1.6750460 1.5253696 1.0561143 0.9913995 1.1593169 0.8730742 0.9274306 0.8942453 1.1765539 1.0394116 1.0990765 1.0486806 1.0455505 0.9733557 1.0984931 1.0340142 0.9942900 1.6142688 1.6273801 1.6620119 1.6104360 
Nakaseomyces_bacillisporus                  1.4796613 1.2502764 1.4573240 0.0000000 1.2888595 1.3279496 1.3399831 1.2944439 1.2864086 1.3471453 7.5904504 1.3450296 1.3449149 1.2923549 1.3338956 1.3431861 1.3604792 1.3021821 1.5683990 1.7208226 1.5330349 1.2766464 1.2204786 1.2461777 1.2533542 1.2077381 1.3307277 1.4953106 1.2729297 1.5065645 1.1924710 1.4033251 1.3386734 1.3052459 1.3086736 1.4158438 1.7415572 1.7743071 1.8254664 1.6529974 
Nakaseomyces_bracarensis                    0.7227421 1.2903480 1.2811307 1.2888595 0.0000000 1.3902703 0.5145553 0.4156046 1.1121341 1.2221602 5.7542510 1.0796736 1.1361676 1.0807109 1.0935510 1.1530670 1.1933004 1.0613954 1.3532886 1.5676457 1.3035538 1.1275485 1.1643790 1.2091704 1.1589059 1.1532057 1.2420495 1.4681837 1.2135760 1.3645425 1.1553827 1.0888489 1.1080872 1.1546479 1.1253934 1.2665295 1.5022312 1.4416559 1.4458253 1.4223426 
Nakaseomyces_castellii                      1.4501117 1.5435586 1.6402577 1.3279496 1.3902703 0.0000000 1.4660894 1.4283616 1.4659859 1.5048889 5.7750477 1.4284898 1.4314205 1.3853331 1.4420030 1.4107993 1.4457803 1.3777607 1.7485985 1.8075911 1.8059303 1.4963745 1.4782438 1.5700836 1.4814329 1.4094354 1.5373594 1.6432809 1.5639198 1.5758058 1.5514702 1.5733582 1.5030227 1.5153519 1.5403198 1.4818511 1.8816038 1.7953896 1.8764807 2.0943091 
Nakaseomyces_delphensis                     0.7489986 1.3339106 1.3077131 1.3399831 0.5145553 1.4660894 0.0000000 0.3574644 1.2770386 1.2474116 5.9302635 1.0692574 1.1030448 1.0980897 1.1056807 1.1168590 1.1204793 1.0900698 1.3866495 1.4545316 1.3601095 1.1458356 1.1290989 1.2896608 1.1543667 1.1514860 1.2174895 1.4327715 1.2107710 1.2839615 1.2440450 1.1966095 1.1605927 1.2243337 1.1489842 1.2119064 1.4778707 1.5024586 1.4742682 1.4975257 
Nakaseomyces_nivariensis                    0.6454263 1.2625436 1.2414405 1.2944439 0.4156046 1.4283616 0.3574644 0.0000000 1.1544732 1.1595102 5.7666402 1.0618113 1.0982716 1.0461351 1.0728557 1.1320482 1.1162492 1.0526953 1.3407343 1.5540928 1.3630341 1.0888797 1.0958638 1.1887316 1.1051362 1.0918949 1.1868775 1.4236405 1.1138715 1.3367958 1.1022916 1.2006738 1.0981852 1.1237044 1.1088537 1.1804301 1.4974669 1.4693526 1.5253662 1.4151984 
Naumovozyma_castellii                       1.2517936 1.1008258 1.1175080 1.2864086 1.1121341 1.4659859 1.2770386 1.1544732 0.0000000 0.7021932 5.8506763 1.0020243 1.0085353 1.0034903 0.9708123 1.0305970 0.9977794 0.9869419 1.2078931 1.4303749 1.3501149 0.9399655 0.9369674 1.0873021 0.9099406 0.9664053 1.0339128 1.2902305 1.0561103 1.0609630 1.0906041 0.9426385 0.9710074 1.0216777 0.9648164 1.0122546 1.4176682 1.3745925 1.4349968 1.3059582 
Naumovozyma_dairenensis                     1.3170354 1.1082655 1.1258095 1.3471453 1.2221602 1.5048889 1.2474116 1.1595102 0.7021932 0.0000000 6.0512664 1.1152946 1.1195336 1.1146007 1.0969514 1.1175472 1.1199069 1.1111454 1.2992002 1.4086325 1.3359238 1.1035581 1.0258105 1.1707916 0.9108312 0.9751008 1.0675559 1.3567580 1.1318678 1.1467714 1.0981367 1.0140084 1.0592728 1.0793994 1.0613334 1.1036910 1.4221604 1.3957606 1.4064600 1.3802423 
Neurospora_crassa                           6.0962787 6.1080615 5.5465344 7.5904504 5.7542510 5.7750477 5.9302635 5.7666402 5.8506763 6.0512664 0.0000000 6.0850063 6.0390742 5.8922341 6.0068930 6.0844748 6.0066592 5.9165153 5.8880518 6.1479691 6.1979164 5.0883310 6.2673387 6.2452294 5.7013770 6.3665373 6.4374817 6.1660916 6.1087071 5.8560219 6.3111121 5.7291953 5.8682292 6.1217231 6.0384865 5.9809668 6.5318984 5.7113306 6.2686877 5.8845209 
Saccharomyces_arboricola                    1.1615553 1.0942152 1.0965332 1.3450296 1.0796736 1.4284898 1.0692574 1.0618113 1.0020243 1.1152946 6.0850063 0.0000000 0.3108058 0.2541439 0.2528570 0.2998147 0.2660549 0.2710262 1.2603779 1.4434608 1.1934656 0.9237999 0.9947766 1.0082407 0.8926352 1.0086847 0.9709174 1.1972306 1.0538433 1.1421603 0.9981598 0.9495456 0.9898764 0.9885117 1.0179914 1.0768856 1.3498089 1.4037992 1.4369186 1.3835842 
Saccharomyces_cerevisiae                    1.2870254 1.0949589 1.1205245 1.3449149 1.1361676 1.4314205 1.1030448 1.0982716 1.0085353 1.1195336 6.0390742 0.3108058 0.0000000 0.3612159 0.2941727 0.2779393 0.1463838 0.3876847 1.2514928 1.5284672 1.2937981 0.9251131 1.0614374 1.0612708 0.9091380 1.0729147 0.9639336 1.2517081 1.1024713 1.1078488 1.0524923 1.0290435 1.1000225 1.0287802 1.1104870 1.0718445 1.5203837 1.4311368 1.5427864 1.3605150 
Saccharomyces_eubayanus                     1.1380286 1.1053859 1.1350263 1.2923549 1.0807109 1.3853331 1.0980897 1.0461351 1.0034903 1.1146007 5.8922341 0.2541439 0.3612159 0.0000000 0.2724615 0.3343256 0.3261375 0.0803403 1.1979368 1.4199742 1.2132183 0.9384945 0.9537595 1.0208963 0.8752924 0.9890434 0.9651435 1.1899117 1.0257857 1.1166666 1.0348153 0.9654146 1.0157916 1.0073184 1.0040918 1.0635011 1.3572050 1.3494524 1.4177989 1.4258508 
Saccharomyces_kudriavzevii                  1.1158898 1.0624598 1.1180548 1.3338956 1.0935510 1.4420030 1.1056807 1.0728557 0.9708123 1.0969514 6.0068930 0.2528570 0.2941727 0.2724615 0.0000000 0.2927628 0.2669443 0.2944295 1.2407775 1.4264499 1.2366793 0.9420007 0.9799514 0.9974819 0.8785860 0.9816489 0.9641522 1.1948729 0.9964120 1.0606587 0.9894443 0.9794230 1.0327742 1.0235601 1.0055642 1.0362714 1.3637667 1.3991901 1.3885764 1.4376430 
Saccharomyces_mikatae                       1.1986390 1.1344714 1.1110196 1.3431861 1.1530670 1.4107993 1.1168590 1.1320482 1.0305970 1.1175472 6.0844748 0.2998147 0.2779393 0.3343256 0.2927628 0.0000000 0.2265088 0.3497091 1.2422481 1.5086919 1.3068408 0.9256365 1.0134037 1.0491839 0.8970403 1.0254919 1.0120339 1.2056299 1.0592376 1.0911692 1.0215302 0.9616685 1.0430007 0.9992149 1.0643599 1.0987686 1.4780088 1.3930177 1.5183181 1.3920521 
Saccharomyces_paradoxus                     1.2791996 1.0886643 1.1291150 1.3604792 1.1933004 1.4457803 1.1204793 1.1162492 0.9977794 1.1199069 6.0066592 0.2660549 0.1463838 0.3261375 0.2669443 0.2265088 0.0000000 0.3514706 1.2493813 1.5914118 1.3270902 0.9503232 1.0553072 1.0207776 0.9166948 1.0884966 0.9618019 1.2078238 1.0602936 1.1564503 1.0356189 1.0449059 1.1155372 1.0393512 1.1092969 1.1243110 1.5237937 1.5087379 1.5526770 1.4091095 
Saccharomyces_uvarum                        1.1475143 1.0833359 1.1175980 1.3021821 1.0613954 1.3777607 1.0900698 1.0526953 0.9869419 1.1111454 5.9165153 0.2710262 0.3876847 0.0803403 0.2944295 0.3497091 0.3514706 0.0000000 1.1937828 1.3875657 1.1941711 0.9185583 0.9909389 1.0100726 0.8522723 0.9940317 0.9437557 1.1535849 1.0204813 1.1107021 1.0606136 0.9439046 1.0241330 0.9885863 1.0383507 1.0650596 1.3880515 1.3406958 1.4264164 1.4370311 
Tetrapisispora_blattae                      1.5440828 1.3694751 1.5029464 1.5683990 1.3532886 1.7485985 1.3866495 1.3407343 1.2078931 1.2992002 5.8880518 1.2603779 1.2514928 1.1979368 1.2407775 1.2422481 1.2493813 1.1937828 0.0000000 1.3600870 1.2579569 1.1742183 1.1703684 1.3294199 1.1467917 1.1704313 1.3673932 1.5495272 1.3841057 1.2960455 1.3515145 1.2736716 1.1653661 1.2654759 1.1472176 1.2546042 1.3502237 1.3953630 1.3252313 0.8622470 
Tetrapisispora_phaffii                      1.6315592 1.6055106 1.6750460 1.7208226 1.5676457 1.8075911 1.4545316 1.5540928 1.4303749 1.4086325 6.1479691 1.4434608 1.5284672 1.4199742 1.4264499 1.5086919 1.5914118 1.3875657 1.3600870 0.0000000 0.9124869 1.3544595 1.3947630 1.4214844 1.2984730 1.4211313 1.4825494 1.5818175 1.4573028 1.4011662 1.4711849 1.4725542 1.3866812 1.4586479 1.3834353 1.3300190 0.4574550 0.5348996 0.4359867 1.3548682 
Vanderwaltozyma_polyspora                   1.4707957 1.4574157 1.5253696 1.5330349 1.3035538 1.8059303 1.3601095 1.3630341 1.3501149 1.3359238 6.1979164 1.1934656 1.2937981 1.2132183 1.2366793 1.3068408 1.3270902 1.1941711 1.2579569 0.9124869 0.0000000 1.2703463 1.2808726 1.2801267 1.2502298 1.3034473 1.4089898 1.5614346 1.3758619 1.3189725 1.3779363 1.4187205 1.2783089 1.2564827 1.2535782 1.2677928 0.9755183 0.8432936 0.9305502 1.2890956 
yHAB132_Kazachstania_martiniae              1.2734514 0.9618205 1.0561143 1.2766464 1.1275485 1.4963745 1.1458356 1.0888797 0.9399655 1.1035581 5.0883310 0.9237999 0.9251131 0.9384945 0.9420007 0.9256365 0.9503232 0.9185583 1.1742183 1.3544595 1.2703463 0.0000000 0.8820998 0.9937713 0.8445318 0.8518134 0.8714707 1.1457026 0.8284247 0.9219597 0.8889430 0.7529467 0.8808597 0.9349807 0.8543893 0.8652357 1.3892584 1.3411771 1.3670382 1.3960754 
yHAB133_Kazachstania_unispora               1.2502890 1.1370393 0.9913995 1.2204786 1.1643790 1.4782438 1.1290989 1.0958638 0.9369674 1.0258105 6.2673387 0.9947766 1.0614374 0.9537595 0.9799514 1.0134037 1.0553072 0.9909389 1.1703684 1.3947630 1.2808726 0.8820998 0.0000000 0.8388990 0.6825096 0.2748900 0.7447620 1.1986855 0.9201910 0.7833517 0.8702226 0.8215605 0.2886330 0.9222779 0.2757170 0.7227317 1.3620230 1.3186471 1.3720772 1.3338081 
yHAB134_Kazachstania_turicensis             1.2503070 0.9947493 1.1593169 1.2461777 1.2091704 1.5700836 1.2896608 1.1887316 1.0873021 1.1707916 6.2452294 1.0082407 1.0612708 1.0208963 0.9974819 1.0491839 1.0207776 1.0100726 1.3294199 1.4214844 1.2801267 0.9937713 0.8388990 0.0000000 0.8781620 0.8157889 0.9644343 1.2031595 0.8390255 0.9965767 0.8372966 0.9887330 0.8636282 0.6004399 0.8362061 0.9301596 1.4732102 1.4500147 1.4178382 1.4026741 
yHAB136_Kazachstania_bromeliacearum         1.2153290 1.0023853 0.8730742 1.2533542 1.1589059 1.4814329 1.1543667 1.1051362 0.9099406 0.9108312 5.7013770 0.8926352 0.9091380 0.8752924 0.8785860 0.8970403 0.9166948 0.8522723 1.1467917 1.2984730 1.2502298 0.8445318 0.6825096 0.8781620 0.0000000 0.6601360 0.6989352 1.0686955 0.8625148 0.8390247 0.8252977 0.8515938 0.6772590 0.8963361 0.6728935 0.8106080 1.3234756 1.3265288 1.3187528 1.2292265 
yHAB143_Kazachstania_siamensis              1.2292709 1.0244251 0.9274306 1.2077381 1.1532057 1.4094354 1.1514860 1.0918949 0.9664053 0.9751008 6.3665373 1.0086847 1.0729147 0.9890434 0.9816489 1.0254919 1.0884966 0.9940317 1.1704313 1.4211313 1.3034473 0.8518134 0.2748900 0.8157889 0.6601360 0.0000000 0.6698359 1.1414137 0.8752378 0.7484437 0.8574479 0.8303003 0.3594201 0.9002167 0.3647003 0.7003645 1.4092913 1.3933072 1.4632920 1.3502394 
yHAB147_Kazachstania_taianensis             1.2387445 1.0282860 0.8942453 1.3307277 1.2420495 1.5373594 1.2174895 1.1868775 1.0339128 1.0675559 6.4374817 0.9709174 0.9639336 0.9651435 0.9641522 1.0120339 0.9618019 0.9437557 1.3673932 1.4825494 1.4089898 0.8714707 0.7447620 0.9644343 0.6989352 0.6698359 0.0000000 1.1515670 0.8872189 0.8111142 0.8563594 0.8818663 0.7660023 0.9640317 0.7930793 0.8118110 1.4024236 1.5253647 1.4209731 1.4543421 
yHAB148_Kazachstania_intestinalis           1.4593941 1.2398371 1.1765539 1.4953106 1.4681837 1.6432809 1.4327715 1.4236405 1.2902305 1.3567580 6.1660916 1.1972306 1.2517081 1.1899117 1.1948729 1.2056299 1.2078238 1.1535849 1.5495272 1.5818175 1.5614346 1.1457026 1.1986855 1.2031595 1.0686955 1.1414137 1.1515670 0.0000000 1.1716167 1.1974338 1.1987139 1.1832587 1.1592846 1.1943662 1.1811554 1.1553832 1.6033499 1.6259428 1.5762588 1.6581800 
yHAB153_Kazachstania_rosinii                1.3162250 1.0075754 1.0394116 1.2729297 1.2135760 1.5639198 1.2107710 1.1138715 1.0561103 1.1318678 6.1087071 1.0538433 1.1024713 1.0257857 0.9964120 1.0592376 1.0602936 1.0204813 1.3841057 1.4573028 1.3758619 0.8284247 0.9201910 0.8390255 0.8625148 0.8752378 0.8872189 1.1716167 0.0000000 0.9943049 0.6898631 0.8969716 0.8658131 0.8362181 0.8910955 0.9330258 1.4455664 1.3829025 1.4146079 1.4346949 
yHAB154_Kazachstania_transvaalensis         1.3708567 1.1209953 1.0990765 1.5065645 1.3645425 1.5758058 1.2839615 1.3367958 1.0609630 1.1467714 5.8560219 1.1421603 1.1078488 1.1166666 1.0606587 1.0911692 1.1564503 1.1107021 1.2960455 1.4011662 1.3189725 0.9219597 0.7833517 0.9965767 0.8390247 0.7484437 0.8111142 1.1974338 0.9943049 0.0000000 0.9504105 0.9697242 0.8057548 1.0259320 0.7951995 0.2879094 1.4362930 1.3821170 1.4313760 1.4210242 
yHAB155_Kazachstania_spencerorum            1.2883829 0.9468687 1.0486806 1.1924710 1.1553827 1.5514702 1.2440450 1.1022916 1.0906041 1.0981367 6.3111121 0.9981598 1.0524923 1.0348153 0.9894443 1.0215302 1.0356189 1.0606136 1.3515145 1.4711849 1.3779363 0.8889430 0.8702226 0.8372966 0.8252977 0.8574479 0.8563594 1.1987139 0.6898631 0.9504105 0.0000000 0.9055925 0.8216682 0.8156247 0.8645151 0.8651601 1.5214553 1.3829825 1.4922343 1.3834412 
yHAB158_Kazachstania_viticola               1.2929572 0.9708121 1.0455505 1.4033251 1.0888489 1.5733582 1.1966095 1.2006738 0.9426385 1.0140084 5.7291953 0.9495456 1.0290435 0.9654146 0.9794230 0.9616685 1.0449059 0.9439046 1.2736716 1.4725542 1.4187205 0.7529467 0.8215605 0.9887330 0.8515938 0.8303003 0.8818663 1.1832587 0.8969716 0.9697242 0.9055925 0.0000000 0.9002967 0.8641668 0.8893012 0.9416560 1.4096873 1.3770926 1.4168333 1.4035394 
yHAB159_Kazachstania_solicola               1.2343511 1.1272779 0.9733557 1.3386734 1.1080872 1.5030227 1.1605927 1.0981852 0.9710074 1.0592728 5.8682292 0.9898764 1.1000225 1.0157916 1.0327742 1.0430007 1.1155372 1.0241330 1.1653661 1.3866812 1.2783089 0.8808597 0.2886330 0.8636282 0.6772590 0.3594201 0.7660023 1.1592846 0.8658131 0.8057548 0.8216682 0.9002967 0.0000000 0.9584761 0.1207751 0.7682970 1.3860234 1.3882122 1.3973837 1.2800319 
yHAB160_Kazachstania_kunashirensis          1.2930547 0.9646191 1.0984931 1.3052459 1.1546479 1.5153519 1.2243337 1.1237044 1.0216777 1.0793994 6.1217231 0.9885117 1.0287802 1.0073184 1.0235601 0.9992149 1.0393512 0.9885863 1.2654759 1.4586479 1.2564827 0.9349807 0.9222779 0.6004399 0.8963361 0.9002167 0.9640317 1.1943662 0.8362181 1.0259320 0.8156247 0.8641668 0.9584761 0.0000000 0.9460671 0.9840546 1.3952615 1.4378905 1.3415291 1.3670341 
yHAB164_Kazachstania_aerobia                1.2111052 1.1380100 1.0340142 1.3086736 1.1253934 1.5403198 1.1489842 1.1088537 0.9648164 1.0613334 6.0384865 1.0179914 1.1104870 1.0040918 1.0055642 1.0643599 1.1092969 1.0383507 1.1472176 1.3834353 1.2535782 0.8543893 0.2757170 0.8362061 0.6728935 0.3647003 0.7930793 1.1811554 0.8910955 0.7951995 0.8645151 0.8893012 0.1207751 0.9460671 0.0000000 0.7581503 1.3649815 1.3353522 1.3336405 1.2717775 
yHAB166_Kazachstania_yakushimaensis         1.3976267 1.0610509 0.9942900 1.4158438 1.2665295 1.4818511 1.2119064 1.1804301 1.0122546 1.1036910 5.9809668 1.0768856 1.0718445 1.0635011 1.0362714 1.0987686 1.1243110 1.0650596 1.2546042 1.3300190 1.2677928 0.8652357 0.7227317 0.9301596 0.8106080 0.7003645 0.8118110 1.1553832 0.9330258 0.2879094 0.8651601 0.9416560 0.7682970 0.9840546 0.7581503 0.0000000 1.3460969 1.3117309 1.3270764 1.3977072 
yHMPu5000034875_Tetrapisispora_fleetii      1.5841328 1.6224049 1.6142688 1.7415572 1.5022312 1.8816038 1.4778707 1.4974669 1.4176682 1.4221604 6.5318984 1.3498089 1.5203837 1.3572050 1.3637667 1.4780088 1.5237937 1.3880515 1.3502237 0.4574550 0.9755183 1.3892584 1.3620230 1.4732102 1.3234756 1.4092913 1.4024236 1.6033499 1.4455664 1.4362930 1.5214553 1.4096873 1.3860234 1.3952615 1.3649815 1.3460969 0.0000000 0.5046701 0.2333129 1.3548122 
yHMPu5000034876_Tetrapisispora_iriomotensis 1.5796061 1.6107727 1.6273801 1.7743071 1.4416559 1.7953896 1.5024586 1.4693526 1.3745925 1.3957606 5.7113306 1.4037992 1.4311368 1.3494524 1.3991901 1.3930177 1.5087379 1.3406958 1.3953630 0.5348996 0.8432936 1.3411771 1.3186471 1.4500147 1.3265288 1.3933072 1.5253647 1.6259428 1.3829025 1.3821170 1.3829825 1.3770926 1.3882122 1.4378905 1.3353522 1.3117309 0.5046701 0.0000000 0.5286824 1.3810506 
yHMPu5000034877_Tetrapisispora_namnaonensis 1.6300168 1.6453153 1.6620119 1.8254664 1.4458253 1.8764807 1.4742682 1.5253662 1.4349968 1.4064600 6.2686877 1.4369186 1.5427864 1.4177989 1.3885764 1.5183181 1.5526770 1.4264164 1.3252313 0.4359867 0.9305502 1.3670382 1.3720772 1.4178382 1.3187528 1.4632920 1.4209731 1.5762588 1.4146079 1.4313760 1.4922343 1.4168333 1.3973837 1.3415291 1.3336405 1.3270764 0.2333129 0.5286824 0.0000000 1.3468520 
yHMPu5000035629_Yueomyces_sinensis          1.5495224 1.3899595 1.6104360 1.6529974 1.4223426 2.0943091 1.4975257 1.4151984 1.3059582 1.3802423 5.8845209 1.3835842 1.3605150 1.4258508 1.4376430 1.3920521 1.4091095 1.4370311 0.8622470 1.3548682 1.2890956 1.3960754 1.3338081 1.4026741 1.2292265 1.3502394 1.4543421 1.6581800 1.4346949 1.4210242 1.3834412 1.4035394 1.2800319 1.3670341 1.2717775 1.3977072 1.3548122 1.3810506 1.3468520 0.0000000 
