40
Candida_glabrata                            0.0000000 1.9014523 2.3887593 2.4288258 1.0532475 3.4406646 1.1205930 1.0263555 1.7886024 1.9845658 7.4513842 1.7977328 1.7741659 1.7994346 1.8354358 1.7455233 1.7588375 1.7883338 2.4573286 2.2374436 2.1016066 1.9847870 2.2114495 2.0337598 2.0876843 2.2123794 2.1079388 2.3545021 2.0294821 2.4768951 1.8835340 2.1990434 2.3489255 2.0925761 2.2751148 2.5068110 2.2243129 2.2926106 2.3228326 2.6720561 
Kazachstania_africana                       1.9014523 0.0000000 2.1668704 2.9056523 1.9963531 3.2406178 2.0033621 1.9022078 1.9704259 1.9256156 7.9658450 2.0712483 1.9762757 2.1191408 2.0827114 1.9592136 1.9945376 2.0389825 2.5397817 2.1438114 2.2242352 1.5477650 1.6619525 1.8181045 1.7052357 1.8168792 1.7545996 2.2342332 1.6158262 2.0259347 1.4465760 1.6407831 1.8487921 1.6059714 1.8551834 2.2349205 2.2391848 2.2492392 2.3727868 2.7645243 
Kazachstania_naganishii                     2.3887593 2.1668704 0.0000000 3.2737610 2.3127823 3.6791539 2.2784865 2.2290109 2.3363317 2.4339871 6.3678449 2.6519347 2.5596350 2.4541165 2.4416383 2.5605655 2.4404613 2.4592026 3.0163390 2.8411927 2.5836436 1.8922222 2.0085947 2.2402634 1.7204569 1.9783865 1.7073564 2.4871232 1.8322212 2.4203241 1.9726272 2.3417910 1.9305314 2.1610250 1.9606940 2.3294807 2.8535464 2.8063194 2.8382478 3.2548394 
Nakaseomyces_bacillisporus                  2.4288258 2.9056523 3.2737610 0.0000000 2.4450041 3.0609842 2.5027553 2.4801846 2.5906117 2.7723591 7.2517376 2.7033904 2.7351884 2.7507221 2.7395540 2.6962504 2.6619590 2.7236288 2.9152418 2.8879316 2.7729913 2.8465478 2.5524287 2.5913155 2.5213825 2.6671469 2.9168354 3.3687136 2.9768815 2.8133375 2.6569218 2.8182704 2.7766755 2.7315101 2.7866716 2.7565047 2.8519205 2.7427037 2.8809215 2.6888369 
Nakaseomyces_bracarensis                    1.0532475 1.9963531 2.3127823 2.4450041 0.0000000 3.2353545 0.6833519 0.5617912 1.8274053 1.8795853 6.5678852 1.8881135 1.8220701 1.9074224 1.8776317 1.7467363 1.7267821 1.8716800 2.4805211 2.2561710 2.2442017 1.9685470 2.2802835 1.9084653 2.1252477 2.3373524 2.1187396 2.4476559 1.8729674 2.4893352 1.9292264 2.1235913 2.1928580 2.0630406 2.2102311 2.4593659 2.2512574 2.1325717 2.3937017 2.5757056 
Nakaseomyces_castellii                      3.4406646 3.2406178 3.6791539 3.0609842 3.2353545 0.0000000 3.1907169 3.4047023 2.8997977 3.1385784 8.6298424 3.1657126 2.9672435 3.1128158 3.1358257 3.1194702 2.9507346 3.1613756 3.9261319 3.4075005 3.7295163 3.2821131 3.3233371 3.4186810 3.0974691 3.2749756 3.5616989 3.7022183 3.4055183 3.6125668 3.0039463 3.2531142 3.3274908 3.1947428 3.2473511 3.5978512 3.3386717 3.6766131 3.5414823 3.8175759 
Nakaseomyces_delphensis                     1.1205930 2.0033621 2.2784865 2.5027553 0.6833519 3.1907169 0.0000000 0.5398927 1.9297569 1.7964622 7.5298721 1.8612522 1.8762256 1.8391347 1.8596400 1.8106449 1.8062183 1.8530482 2.5240905 2.4265188 2.2501729 1.9594743 2.3292869 1.9405139 2.1438135 2.1975125 2.0879880 2.5261408 1.8441649 2.5441914 1.8194606 2.1533927 2.3216667 1.9613063 2.2704681 2.5519193 2.2458741 2.2770997 2.4591988 2.7901143 
Nakaseomyces_nivariensis                    1.0263555 1.9022078 2.2290109 2.4801846 0.5617912 3.4047023 0.5398927 0.0000000 1.8527597 1.7805960 7.2345563 1.8764133 1.7803639 1.9103619 1.8565251 1.7922330 1.7483905 1.8975091 2.5245421 2.2189765 2.2205463 1.9070766 2.2963109 1.8597817 2.0794321 2.1812782 2.0396189 2.3951838 1.9859914 2.4737566 1.8367754 2.1058629 2.3186544 2.0960578 2.3007154 2.5055747 2.1493392 2.1950867 2.2937601 2.7178196 
Naumovozyma_castellii                       1.7886024 1.9704259 2.3363317 2.5906117 1.8274053 2.8997977 1.9297569 1.8527597 0.0000000 1.2926741 8.1687788 1.8119582 1.7967252 1.8368049 1.8458187 1.7928679 1.8391676 1.8315448 2.5142399 2.0124870 2.0528303 1.9025179 1.9326634 1.9169989 1.6779772 1.9215734 1.7975893 2.3749560 1.8888896 2.3366101 1.8651131 1.9705793 1.9637072 1.9837013 1.9447594 2.4016802 1.9250589 1.8467964 1.9603834 2.5830894 
Naumovozyma_dairenensis                     1.9845658 1.9256156 2.4339871 2.7723591 1.8795853 3.1385784 1.7964622 1.7805960 1.2926741 0.0000000 7.7446822 1.8962096 1.8391374 1.9051460 1.9190163 1.8534006 1.8142891 1.8548771 2.5506613 2.2072827 2.1272102 1.8149166 1.7957448 1.9536414 1.6934591 1.9202891 1.8683126 2.3510181 1.7195104 2.3283945 1.7549482 2.0092369 1.9594835 1.7763834 1.9342737 2.3510370 2.1559109 1.9220705 2.1709115 2.3314294 
Neurospora_crassa                           7.4513842 7.9658450 6.3678449 7.2517376 6.5678852 8.6298424 7.5298721 7.2345563 8.1687788 7.7446822 0.0000000 7.2279213 6.8065577 6.9240212 6.5907326 7.0354304 6.8613638 7.1089227 8.1535357 8.0345997 8.4135246 7.5362743 8.6529361 7.6898487 8.6916145 7.6287810 6.9195836 7.4340056 7.3780629 8.6493273 7.7189580 7.8069816 8.5025965 8.1948691 8.9999986 8.4256056 8.0826081 8.3283857 8.4438850 7.9466255 
Saccharomyces_arboricola                    1.7977328 2.0712483 2.6519347 2.7033904 1.8881135 3.1657126 1.8612522 1.8764133 1.8119582 1.8962096 7.2279213 0.0000000 0.4116648 0.3467312 0.3454957 0.3874161 0.3569316 0.3499941 2.6571961 2.1358777 2.1172902 1.9630077 2.2379928 2.2451971 1.8824218 2.1500517 1.9977949 2.2922822 1.9325256 2.5846954 2.0131785 2.4469796 2.2810757 2.1390467 2.3031310 2.2883289 2.0115215 2.2526029 2.1767978 2.6836040 
Saccharomyces_cerevisiae                    1.7741659 1.9762757 2.5596350 2.7351884 1.8220701 2.9672435 1.8762256 1.7803639 1.7967252 1.8391374 6.8065577 0.4116648 0.0000000 0.4294065 0.3518235 0.2957061 0.1851271 0.4029381 2.4267687 2.0511827 2.0690578 1.8768477 2.0431906 2.1817060 1.8299233 2.1909285 1.9156534 2.4392249 2.0151240 2.4545021 1.8644045 2.3591634 2.2352997 2.1652431 2.2359919 2.1500593 1.9381833 2.1531673 2.0432553 2.5882500 
Saccharomyces_eubayanus                     1.7994346 2.1191408 2.4541165 2.7507221 1.9074224 3.1128158 1.8391347 1.9103619 1.8368049 1.9051460 6.9240212 0.3467312 0.4294065 0.0000000 0.3420985 0.3876940 0.4000056 0.0961040 2.4122415 2.0510615 2.0993705 1.8856776 2.2106653 2.2340744 1.7917363 2.1775227 1.9258554 2.4249138 1.9910060 2.5439854 2.0222826 2.5123349 2.2245513 2.0460941 2.1821992 2.2874851 1.9775349 2.1630252 2.0529056 2.6207701 
Saccharomyces_kudriavzevii                  1.8354358 2.0827114 2.4416383 2.7395540 1.8776317 3.1358257 1.8596400 1.8565251 1.8458187 1.9190163 6.5907326 0.3454957 0.3518235 0.3420985 0.0000000 0.3188407 0.3295484 0.3295285 2.4758093 2.1693435 2.2225534 1.9381239 2.2327923 2.2412472 1.8150781 2.2790685 2.0834258 2.3194619 2.0511761 2.5493964 1.9662221 2.4465585 2.2859960 2.2062440 2.3279568 2.3005120 1.9697079 2.2822436 2.0749971 2.7111324 
Saccharomyces_mikatae                       1.7455233 1.9592136 2.5605655 2.6962504 1.7467363 3.1194702 1.8106449 1.7922330 1.7928679 1.8534006 7.0354304 0.3874161 0.2957061 0.3876940 0.3188407 0.0000000 0.2657671 0.3922129 2.4366046 2.0190728 2.1882566 1.8835541 2.1232212 2.1699808 1.7579069 2.2116091 1.9742734 2.3567797 1.9320363 2.5076512 1.8983180 2.2715531 2.1610499 2.0878303 2.2031392 2.1701029 1.9238203 2.1889359 2.0585646 2.7006505 
Saccharomyces_paradoxus                     1.7588375 1.9945376 2.4404613 2.6619590 1.7267821 2.9507346 1.8062183 1.7483905 1.8391676 1.8142891 6.8613638 0.3569316 0.1851271 0.4000056 0.3295484 0.2657671 0.0000000 0.3897004 2.4133809 2.0352702 2.1162235 1.9650988 2.1617964 2.2139314 1.8137955 2.1683545 1.9240325 2.3720969 1.9492959 2.3896851 1.8568439 2.2958640 2.2354742 2.0943241 2.2253963 2.0985933 1.9861992 2.1786472 2.0846765 2.4973618 
Saccharomyces_uvarum                        1.7883338 2.0389825 2.4592026 2.7236288 1.8716800 3.1613756 1.8530482 1.8975091 1.8315448 1.8548771 7.1089227 0.3499941 0.4029381 0.0961040 0.3295285 0.3922129 0.3897004 0.0000000 2.4637417 2.0788696 2.0955200 1.7997644 2.1585280 2.1492241 1.7403925 2.1293762 1.9652677 2.3389161 2.0125220 2.4853200 1.9403840 2.4245488 2.1747675 2.0009126 2.1862488 2.2593985 2.0053951 2.1363883 2.0572035 2.5113560 
Tetrapisispora_blattae                      2.4573286 2.5397817 3.0163390 2.9152418 2.4805211 3.9261319 2.5240905 2.5245421 2.5142399 2.5506613 8.1535357 2.6571961 2.4267687 2.4122415 2.4758093 2.4366046 2.4133809 2.4637417 0.0000000 2.1903195 2.2590563 2.5223658 2.7053070 2.2900287 2.3312412 2.8500423 2.8574557 2.9211580 2.5736437 2.8423354 2.2503299 2.5357804 2.6390752 2.4378507 2.5486995 2.6441166 2.2449781 2.2648635 2.4052026 1.7700741 
Tetrapisispora_phaffii                      2.2374436 2.1438114 2.8411927 2.8879316 2.2561710 3.4075005 2.4265188 2.2189765 2.0124870 2.2072827 8.0345997 2.1358777 2.0511827 2.0510615 2.1693435 2.0190728 2.0352702 2.0788696 2.1903195 0.0000000 1.6578014 2.2525221 2.2302531 2.3584533 2.2900832 2.3382748 2.5267859 2.6596316 2.2909941 2.5632925 2.0947285 2.5407603 2.4199157 2.2951956 2.4081254 2.5910289 0.5615606 0.9028238 0.6082554 2.5498587 
Vanderwaltozyma_polyspora                   2.1016066 2.2242352 2.5836436 2.7729913 2.2442017 3.7295163 2.2501729 2.2205463 2.0528303 2.1272102 8.4135246 2.1172902 2.0690578 2.0993705 2.2225534 2.1882566 2.1162235 2.0955200 2.2590563 1.6578014 0.0000000 2.0243485 2.2147142 2.0863329 2.1332042 2.1438032 2.4923550 2.5371892 2.2784489 2.5454219 2.0135788 2.4892559 2.4029149 2.1896772 2.1148890 2.6199905 1.5865663 1.4747926 1.5365927 2.4285191 
yHAB132_Kazachstania_martiniae              1.9847870 1.5477650 1.8922222 2.8465478 1.9685470 3.2821131 1.9594743 1.9070766 1.9025179 1.8149166 7.5362743 1.9630077 1.8768477 1.8856776 1.9381239 1.8835541 1.9650988 1.7997644 2.5223658 2.2525221 2.0243485 0.0000000 1.6029709 1.5108652 1.5411851 1.7562580 1.6317839 2.0997856 1.4922463 2.0325113 1.2851005 1.6020120 1.7660461 1.4846985 1.6109869 1.9335894 2.2712171 2.2479653 2.3221426 2.6349172 
yHAB133_Kazachstania_unispora               2.2114495 1.6619525 2.0085947 2.5524287 2.2802835 3.3233371 2.3292869 2.2963109 1.9326634 1.7957448 8.6529361 2.2379928 2.0431906 2.2106653 2.2327923 2.1232212 2.1617964 2.1585280 2.7053070 2.2302531 2.2147142 1.6029709 0.0000000 1.6504865 1.3134500 0.5986341 1.5360752 2.2613067 1.7849982 2.0307664 1.5405717 1.9955288 0.6141649 1.6164555 0.6092444 1.7662057 2.2312753 2.1331821 2.3277351 2.5493249 
yHAB134_Kazachstania_turicensis             2.0337598 1.8181045 2.2402634 2.5913155 1.9084653 3.4186810 1.9405139 1.8597817 1.9169989 1.9536414 7.6898487 2.2451971 2.1817060 2.2340744 2.2412472 2.1699808 2.2139314 2.1492241 2.2900287 2.3584533 2.0863329 1.5108652 1.6504865 0.0000000 1.6194314 1.8348636 1.7931218 2.3924599 1.4268531 1.9998180 1.3331725 1.8389810 1.9462207 1.0129486 1.8591721 2.1048221 2.2947851 2.2164297 2.3115554 2.3878588 
yHAB136_Kazachstania_bromeliacearum         2.0876843 1.7052357 1.7204569 2.5213825 2.1252477 3.0974691 2.1438135 2.0794321 1.6779772 1.6934591 8.6916145 1.8824218 1.8299233 1.7917363 1.8150781 1.7579069 1.8137955 1.7403925 2.3312412 2.2900832 2.1332042 1.5411851 1.3134500 1.6194314 0.0000000 1.3696334 1.2564537 2.0051343 1.5582932 1.6278885 1.4221698 1.8001788 1.3645817 1.4653347 1.2826236 1.6615214 2.2076733 2.1940816 2.2369017 2.5036566 
yHAB143_Kazachstania_siamensis              2.2123794 1.8168792 1.9783865 2.6671469 2.3373524 3.2749756 2.1975125 2.1812782 1.9215734 1.9202891 7.6287810 2.1500517 2.1909285 2.1775227 2.2790685 2.2116091 2.1683545 2.1293762 2.8500423 2.3382748 2.1438032 1.7562580 0.5986341 1.8348636 1.3696334 0.0000000 1.4898385 2.2907666 1.8317339 2.1073114 1.5566642 2.1263968 0.8116577 1.7678947 0.8041147 1.9559529 2.2730592 2.2833751 2.3788418 2.6947423 
yHAB147_Kazachstania_taianensis             2.1079388 1.7545996 1.7073564 2.9168354 2.1187396 3.5616989 2.0879880 2.0396189 1.7975893 1.8683126 6.9195836 1.9977949 1.9156534 1.9258554 2.0834258 1.9742734 1.9240325 1.9652677 2.8574557 2.5267859 2.4923550 1.6317839 1.5360752 1.7931218 1.2564537 1.4898385 0.0000000 2.2569638 1.5523065 1.9170861 1.6218068 1.9426628 1.4826881 1.7253203 1.5662606 1.7940510 2.5941983 2.3139844 2.5790790 2.7949655 
yHAB148_Kazachstania_intestinalis           2.3545021 2.2342332 2.4871232 3.3687136 2.4476559 3.7022183 2.5261408 2.3951838 2.3749560 2.3510181 7.4340056 2.2922822 2.4392249 2.4249138 2.3194619 2.3567797 2.3720969 2.3389161 2.9211580 2.6596316 2.5371892 2.0997856 2.2613067 2.3924599 2.0051343 2.2907666 2.2569638 0.0000000 1.9515684 2.6481177 2.0392154 2.1473169 2.3465180 2.4415792 2.4952590 2.6847569 2.6840166 2.5112863 2.6711027 3.0941212 
yHAB153_Kazachstania_rosinii                2.0294821 1.6158262 1.8322212 2.9768815 1.8729674 3.4055183 1.8441649 1.9859914 1.8888896 1.7195104 7.3780629 1.9325256 2.0151240 1.9910060 2.0511761 1.9320363 1.9492959 2.0125220 2.5736437 2.2909941 2.2784489 1.4922463 1.7849982 1.4268531 1.5582932 1.8317339 1.5523065 1.9515684 0.0000000 2.1353855 1.1611093 1.7213684 1.9243092 1.4407754 1.9330856 2.0171801 2.3199087 2.1790509 2.3845798 2.6555209 
yHAB154_Kazachstania_transvaalensis         2.4768951 2.0259347 2.4203241 2.8133375 2.4893352 3.6125668 2.5441914 2.4737566 2.3366101 2.3283945 8.6493273 2.5846954 2.4545021 2.5439854 2.5493964 2.5076512 2.3896851 2.4853200 2.8423354 2.5632925 2.5454219 2.0325113 2.0307664 1.9998180 1.6278885 2.1073114 1.9170861 2.6481177 2.1353855 0.0000000 2.0396755 2.2723641 2.0757309 1.9767729 1.9652364 0.6253326 2.6357479 2.6258321 2.6912411 2.8955394 
yHAB155_Kazachstania_spencerorum            1.8835340 1.4465760 1.9726272 2.6569218 1.9292264 3.0039463 1.8194606 1.8367754 1.8651131 1.7549482 7.7189580 2.0131785 1.8644045 2.0222826 1.9662221 1.8983180 1.8568439 1.9403840 2.2503299 2.0947285 2.0135788 1.2851005 1.5405717 1.3331725 1.4221698 1.5566642 1.6218068 2.0392154 1.1611093 2.0396755 0.0000000 1.5569790 1.6761492 1.2635951 1.5739806 1.9432917 2.0772357 2.0405848 2.2154729 2.4908048 
yHAB158_Kazachstania_viticola               2.1990434 1.6407831 2.3417910 2.8182704 2.1235913 3.2531142 2.1533927 2.1058629 1.9705793 2.0092369 7.8069816 2.4469796 2.3591634 2.5123349 2.4465585 2.2715531 2.2958640 2.4245488 2.5357804 2.5407603 2.4892559 1.6020120 1.9955288 1.8389810 1.8001788 2.1263968 1.9426628 2.1473169 1.7213684 2.2723641 1.5569790 0.0000000 2.1514838 1.6246721 2.0500224 2.2257575 2.4404399 2.3396929 2.4697834 2.7483836 
yHAB159_Kazachstania_solicola               2.3489255 1.8487921 1.9305314 2.7766755 2.1928580 3.3274908 2.3216667 2.3186544 1.9637072 1.9594835 8.5025965 2.2810757 2.2352997 2.2245513 2.2859960 2.1610499 2.2354742 2.1747675 2.6390752 2.4199157 2.4029149 1.7660461 0.6141649 1.9462207 1.3645817 0.8116577 1.4826881 2.3465180 1.9243092 2.0757309 1.6761492 2.1514838 0.0000000 1.9341876 0.3412621 1.9159422 2.3700594 2.4636397 2.5068171 2.7273892 
yHAB160_Kazachstania_kunashirensis          2.0925761 1.6059714 2.1610250 2.7315101 2.0630406 3.1947428 1.9613063 2.0960578 1.9837013 1.7763834 8.1948691 2.1390467 2.1652431 2.0460941 2.2062440 2.0878303 2.0943241 2.0009126 2.4378507 2.2951956 2.1896772 1.4846985 1.6164555 1.0129486 1.4653347 1.7678947 1.7253203 2.4415792 1.4407754 1.9767729 1.2635951 1.6246721 1.9341876 0.0000000 1.7049961 1.9451268 2.2807098 2.2225239 2.3537115 2.4763369 
yHAB164_Kazachstania_aerobia                2.2751148 1.8551834 1.9606940 2.7866716 2.2102311 3.2473511 2.2704681 2.3007154 1.9447594 1.9342737 8.9999986 2.3031310 2.2359919 2.1821992 2.3279568 2.2031392 2.2253963 2.1862488 2.5486995 2.4081254 2.1148890 1.6109869 0.6092444 1.8591721 1.2826236 0.8041147 1.5662606 2.4952590 1.9330856 1.9652364 1.5739806 2.0500224 0.3412621 1.7049961 0.0000000 1.6770450 2.2509280 2.4131928 2.3988755 2.5673840 
yHAB166_Kazachstania_yakushimaensis         2.5068110 2.2349205 2.3294807 2.7565047 2.4593659 3.5978512 2.5519193 2.5055747 2.4016802 2.3510370 8.4256056 2.2883289 2.1500593 2.2874851 2.3005120 2.1701029 2.0985933 2.2593985 2.6441166 2.5910289 2.6199905 1.9335894 1.7662057 2.1048221 1.6615214 1.9559529 1.7940510 2.6847569 2.0171801 0.6253326 1.9432917 2.2257575 1.9159422 1.9451268 1.6770450 0.0000000 2.5677979 2.4979975 2.6153053 2.8204587 
yHMPu5000034875_Tetrapisispora_fleetii      2.2243129 2.2391848 2.8535464 2.8519205 2.2512574 3.3386717 2.2458741 2.1493392 1.9250589 2.1559109 8.0826081 2.0115215 1.9381833 1.9775349 1.9697079 1.9238203 1.9861992 2.0053951 2.2449781 0.5615606 1.5865663 2.2712171 2.2312753 2.2947851 2.2076733 2.2730592 2.5941983 2.6840166 2.3199087 2.6357479 2.0772357 2.4404399 2.3700594 2.2807098 2.2509280 2.5677979 0.0000000 0.8287226 0.2908684 2.5057075 
yHMPu5000034876_Tetrapisispora_iriomotensis 2.2926106 2.2492392 2.8063194 2.7427037 2.1325717 3.6766131 2.2770997 2.1950867 1.8467964 1.9220705 8.3283857 2.2526029 2.1531673 2.1630252 2.2822436 2.1889359 2.1786472 2.1363883 2.2648635 0.9028238 1.4747926 2.2479653 2.1331821 2.2164297 2.1940816 2.2833751 2.3139844 2.5112863 2.1790509 2.6258321 2.0405848 2.3396929 2.4636397 2.2225239 2.4131928 2.4979975 0.8287226 0.0000000 0.8263168 2.3943491 
yHMPu5000034877_Tetrapisispora_namnaonensis 2.3228326 2.3727868 2.8382478 2.8809215 2.3937017 3.5414823 2.4591988 2.2937601 1.9603834 2.1709115 8.4438850 2.1767978 2.0432553 2.0529056 2.0749971 2.0585646 2.0846765 2.0572035 2.4052026 0.6082554 1.5365927 2.3221426 2.3277351 2.3115554 2.2369017 2.3788418 2.5790790 2.6711027 2.3845798 2.6912411 2.2154729 2.4697834 2.5068171 2.3537115 2.3988755 2.6153053 0.2908684 0.8263168 0.0000000 2.5842540 
yHMPu5000035629_Yueomyces_sinensis          2.6720561 2.7645243 3.2548394 2.6888369 2.5757056 3.8175759 2.7901143 2.7178196 2.5830894 2.3314294 7.9466255 2.6836040 2.5882500 2.6207701 2.7111324 2.7006505 2.4973618 2.5113560 1.7700741 2.5498587 2.4285191 2.6349172 2.5493249 2.3878588 2.5036566 2.6947423 2.7949655 3.0941212 2.6555209 2.8955394 2.4908048 2.7483836 2.7273892 2.4763369 2.5673840 2.8204587 2.5057075 2.3943491 2.5842540 0.0000000 
