40
Candida_glabrata                            0.0000000 0.5554612 1.3486937 0.6537600 0.4409820 0.7405171 0.4057638 0.3809665 0.5598334 0.4895139 3.4483110 0.4981358 0.5195590 0.5305934 0.5767363 0.5734602 0.4925623 0.5247097 0.5673800 0.5053001 0.5461672 0.5258969 0.6007802 0.5897269 0.6576302 0.6005059 0.7447781 0.7684614 0.7517930 0.7483022 0.7942384 0.5663311 0.5755978 0.5669213 0.5602494 0.7375951 0.5259383 0.5111505 0.4858694 0.6404484 
Kazachstania_africana                       0.5554612 0.0000000 1.0752079 0.5251046 0.5347199 0.7465818 0.4650678 0.4212933 0.3452614 0.3878371 3.3570339 0.3762731 0.3929869 0.3577237 0.3827854 0.3882461 0.3715359 0.3645639 0.4575994 0.3719601 0.3533725 0.2761570 0.3810576 0.2974406 0.4109423 0.4203409 0.4811422 0.5764619 0.4733521 0.5467502 0.5686987 0.3716575 0.3693912 0.3517427 0.3824874 0.4863453 0.3700734 0.3812694 0.3505882 0.5108722 
Kazachstania_naganishii                     1.3486937 1.0752079 0.0000000 1.4086845 1.3280299 1.6472122 1.3560427 1.2925452 1.1956928 1.2223289 4.5629970 1.3023162 1.3109660 1.2396130 1.3242867 1.2030215 1.2517266 1.2254292 1.3756970 1.3587826 1.3671713 1.1596009 1.2708183 1.1641750 1.1968850 1.2758120 0.9653443 1.0725678 1.0257235 1.4637551 1.5601670 1.3392576 1.2457833 1.1596554 1.2531749 1.3436424 1.4434531 1.4974570 1.4060700 1.5608988 
Nakaseomyces_bacillisporus                  0.6537600 0.5251046 1.4086845 0.0000000 0.6707108 0.7672386 0.6788976 0.6030793 0.5279732 0.5320823 3.5371507 0.5292925 0.5894889 0.5611427 0.5480449 0.5443146 0.5873621 0.5411896 0.6535947 0.5708467 0.4843400 0.5606098 0.5914085 0.6136949 0.6748304 0.6173640 0.8374682 0.7654208 0.7741421 0.7536308 0.7545134 0.5438247 0.6263290 0.5663781 0.6089263 0.7098891 0.6034008 0.5654334 0.5467261 0.7529388 
Nakaseomyces_bracarensis                    0.4409820 0.5347199 1.3280299 0.6707108 0.0000000 0.7992098 0.3213287 0.2518634 0.5424025 0.5235436 3.7324727 0.5340918 0.5270542 0.5242894 0.5505910 0.5162076 0.5428390 0.5225987 0.5845950 0.5857328 0.5859864 0.5212697 0.5798819 0.5655372 0.6250284 0.6097286 0.7721081 0.7799012 0.7309171 0.7504999 0.7369848 0.5410797 0.5985982 0.5419405 0.5764624 0.7162094 0.5637005 0.5946016 0.5450916 0.6819220 
Nakaseomyces_castellii                      0.7405171 0.7465818 1.6472122 0.7672386 0.7992098 0.0000000 0.7966990 0.7212761 0.8550089 0.7840196 3.1255947 0.7202054 0.6783647 0.7085499 0.7085745 0.6772762 0.6942319 0.7282101 0.9533647 0.7025074 0.8163453 0.7565130 0.9497503 0.7578106 0.9272235 0.9201885 0.9921095 0.9759167 0.9072632 1.0424205 0.9616127 0.7932426 0.9121995 0.8114957 0.9077300 0.9483137 0.6939631 0.7814545 0.6941205 0.9775807 
Nakaseomyces_delphensis                     0.4057638 0.4650678 1.3560427 0.6788976 0.3213287 0.7966990 0.0000000 0.2270210 0.5241966 0.5175334 3.4869887 0.4660198 0.4591640 0.4671619 0.4887641 0.5004463 0.4874695 0.4658356 0.5750912 0.5124441 0.5337391 0.4904959 0.5362733 0.5273345 0.6236717 0.6160972 0.6625266 0.7461814 0.6312915 0.7687120 0.7585963 0.4953143 0.5683720 0.5279347 0.5544164 0.7108940 0.5324179 0.5106242 0.5020448 0.6307055 
Nakaseomyces_nivariensis                    0.3809665 0.4212933 1.2925452 0.6030793 0.2518634 0.7212761 0.2270210 0.0000000 0.4034562 0.4887660 3.3410914 0.4149249 0.3948303 0.3862711 0.4257904 0.4147604 0.3931934 0.3959288 0.4878768 0.4081801 0.4750302 0.4232074 0.4665811 0.4320129 0.5305811 0.5453552 0.5987466 0.6336642 0.5672510 0.6462149 0.7296087 0.4926038 0.4610868 0.4511998 0.4760728 0.6196957 0.4574807 0.4230364 0.4083252 0.5637233 
Naumovozyma_castellii                       0.5598334 0.3452614 1.1956928 0.5279732 0.5424025 0.8550089 0.5241966 0.4034562 0.0000000 0.3080235 3.6097570 0.4138580 0.3956154 0.3793639 0.4445745 0.4075229 0.3862459 0.3904247 0.5181286 0.4049811 0.3886734 0.3486764 0.3708954 0.4109102 0.4647526 0.4354230 0.6139781 0.5398866 0.5555845 0.5992356 0.6403487 0.4753302 0.3891756 0.4146649 0.4170631 0.5365034 0.3975929 0.3725307 0.3803798 0.5386066 
Naumovozyma_dairenensis                     0.4895139 0.3878371 1.2223289 0.5320823 0.5235436 0.7840196 0.5175334 0.4887660 0.3080235 0.0000000 3.6786665 0.4247242 0.4263536 0.4168691 0.4570836 0.4477943 0.4111145 0.4188965 0.4674423 0.4483413 0.4077361 0.3598803 0.4366850 0.4312040 0.4800647 0.4429075 0.7052710 0.6523408 0.7269303 0.5843287 0.5625961 0.3987615 0.4838450 0.3800333 0.4731456 0.5316243 0.4124434 0.4007870 0.4265607 0.5223594 
Neurospora_crassa                           3.4483110 3.3570339 4.5629970 3.5371507 3.7324727 3.1255947 3.4869887 3.3410914 3.6097570 3.6786665 0.0000000 3.4910063 3.1540009 3.4622249 3.2550805 3.2018664 3.3073262 3.3906234 3.4722644 3.5117873 3.7063344 3.4269876 3.6590654 3.2915499 4.0485096 4.0063145 3.1882260 3.9891048 3.0819656 5.6992875 3.9840282 3.7712779 3.6324973 3.3868001 3.8225138 4.8564571 3.4326442 3.1605504 3.5635469 4.0338286 
Saccharomyces_arboricola                    0.4981358 0.3762731 1.3023162 0.5292925 0.5340918 0.7202054 0.4660198 0.4149249 0.4138580 0.4247242 3.4910063 0.0000000 0.1712269 0.1502692 0.1484182 0.1646452 0.1663059 0.1346144 0.4635076 0.3657858 0.3917757 0.3835562 0.5673150 0.4600722 0.5415269 0.6133757 0.5878209 0.6784022 0.5579591 0.7230140 0.7005372 0.4926820 0.5334636 0.4885422 0.5453337 0.6466087 0.3612114 0.3834692 0.3732411 0.5609223 
Saccharomyces_cerevisiae                    0.5195590 0.3929869 1.3109660 0.5894889 0.5270542 0.6783647 0.4591640 0.3948303 0.3956154 0.4263536 3.1540009 0.1712269 0.0000000 0.1809149 0.1634162 0.1337530 0.0863654 0.1645094 0.4912766 0.3775237 0.3782756 0.3991461 0.5937823 0.4479571 0.5174096 0.6279887 0.6051032 0.6558262 0.5319657 0.7579934 0.7239246 0.4741359 0.5538789 0.4416842 0.5564731 0.6599647 0.3803053 0.3835400 0.3869709 0.5502779 
Saccharomyces_eubayanus                     0.5305934 0.3577237 1.2396130 0.5611427 0.5242894 0.7085499 0.4671619 0.3862711 0.3793639 0.4168691 3.4622249 0.1502692 0.1809149 0.0000000 0.1721446 0.1782775 0.1645649 0.0429632 0.5043842 0.3865742 0.4013338 0.3600597 0.5563329 0.4197072 0.4861295 0.5967547 0.5665426 0.6489895 0.5541959 0.6975692 0.7168499 0.4770549 0.4794492 0.4172008 0.5135483 0.6220236 0.3893665 0.3986648 0.3888707 0.5587743 
Saccharomyces_kudriavzevii                  0.5767363 0.3827854 1.3242867 0.5480449 0.5505910 0.7085745 0.4887641 0.4257904 0.4445745 0.4570836 3.2550805 0.1484182 0.1634162 0.1721446 0.0000000 0.1705767 0.1654776 0.1514588 0.5255102 0.3944844 0.3946830 0.4009748 0.5826241 0.4615754 0.5297494 0.6302516 0.5640435 0.6134452 0.5396127 0.7083782 0.7076156 0.5031204 0.5257327 0.4804157 0.5361481 0.6360851 0.4188147 0.4166748 0.4165624 0.5643444 
Saccharomyces_mikatae                       0.5734602 0.3882461 1.2030215 0.5443146 0.5162076 0.6772762 0.5004463 0.4147604 0.4075229 0.4477943 3.2018664 0.1646452 0.1337530 0.1782775 0.1705767 0.0000000 0.1161853 0.1621328 0.5157858 0.4200627 0.4013772 0.3934872 0.5489639 0.4357002 0.5286555 0.5805585 0.6102984 0.6599218 0.5486164 0.7595373 0.6794985 0.4851771 0.5397269 0.4478181 0.5212282 0.6590912 0.3970399 0.4002373 0.4107853 0.5702426 
Saccharomyces_paradoxus                     0.4925623 0.3715359 1.2517266 0.5873621 0.5428390 0.6942319 0.4874695 0.3931934 0.3862459 0.4111145 3.3073262 0.1663059 0.0863654 0.1645649 0.1654776 0.1161853 0.0000000 0.1477029 0.4844459 0.3710723 0.4010840 0.3824715 0.5623412 0.4427241 0.4985993 0.6198563 0.5965274 0.6389057 0.5373427 0.7126307 0.7243159 0.4450675 0.5245889 0.4606969 0.5353598 0.6410188 0.3979876 0.3862512 0.3941155 0.5432019 
Saccharomyces_uvarum                        0.5247097 0.3645639 1.2254292 0.5411896 0.5225987 0.7282101 0.4658356 0.3959288 0.3904247 0.4188965 3.3906234 0.1346144 0.1645094 0.0429632 0.1514588 0.1621328 0.1477029 0.0000000 0.5133007 0.3793104 0.4037272 0.3565796 0.5676010 0.4309850 0.4763906 0.5883138 0.5821998 0.6049338 0.5322099 0.6954266 0.7076567 0.4950253 0.4919366 0.4171284 0.5106429 0.6145560 0.3821430 0.3918551 0.3694524 0.5590201 
Tetrapisispora_blattae                      0.5673800 0.4575994 1.3756970 0.6535947 0.5845950 0.9533647 0.5750912 0.4878768 0.5181286 0.4674423 3.4722644 0.4635076 0.4912766 0.5043842 0.5255102 0.5157858 0.4844459 0.5133007 0.0000000 0.4121350 0.4141904 0.4869787 0.5084215 0.5166803 0.6135944 0.5922609 0.6394234 0.6590833 0.6885359 0.6621385 0.6694524 0.4680268 0.5288514 0.4855993 0.5327062 0.6072041 0.4549653 0.4167232 0.4069193 0.3767474 
Tetrapisispora_phaffii                      0.5053001 0.3719601 1.3587826 0.5708467 0.5857328 0.7025074 0.5124441 0.4081801 0.4049811 0.4483413 3.5117873 0.3657858 0.3775237 0.3865742 0.3944844 0.4200627 0.3710723 0.3793104 0.4121350 0.0000000 0.3078838 0.3612778 0.4727388 0.4230415 0.5165063 0.5301113 0.5790258 0.6671423 0.6060138 0.6849811 0.6292620 0.4486215 0.4622633 0.4462260 0.4789438 0.5742397 0.1850900 0.2024966 0.1791903 0.4553756 
Vanderwaltozyma_polyspora                   0.5461672 0.3533725 1.3671713 0.4843400 0.5859864 0.8163453 0.5337391 0.4750302 0.3886734 0.4077361 3.7063344 0.3917757 0.3782756 0.4013338 0.3946830 0.4013772 0.4010840 0.4037272 0.4141904 0.3078838 0.0000000 0.4115638 0.4788779 0.4077382 0.4728365 0.5241597 0.6371478 0.6640414 0.5990988 0.6399329 0.6602407 0.4328433 0.5167171 0.4597730 0.5112866 0.5623243 0.2933012 0.2948513 0.3064853 0.4391778 
yHAB132_Kazachstania_martiniae              0.5258969 0.2761570 1.1596009 0.5606098 0.5212697 0.7565130 0.4904959 0.4232074 0.3486764 0.3598803 3.4269876 0.3835562 0.3991461 0.3600597 0.4009748 0.3934872 0.3824715 0.3565796 0.4869787 0.3612778 0.4115638 0.0000000 0.3699727 0.3130988 0.4204651 0.4078508 0.5231972 0.6243263 0.5321746 0.5336176 0.5389624 0.3558304 0.3675285 0.3452774 0.3655771 0.4691561 0.3530427 0.3674918 0.3523244 0.5021548 
yHAB133_Kazachstania_unispora               0.6007802 0.3810576 1.2708183 0.5914085 0.5798819 0.9497503 0.5362733 0.4665811 0.3708954 0.4366850 3.6590654 0.5673150 0.5937823 0.5563329 0.5826241 0.5489639 0.5623412 0.5676010 0.5084215 0.4727388 0.4788779 0.3699727 0.0000000 0.3860560 0.3584139 0.1774148 0.5876746 0.6787420 0.6555702 0.4165608 0.5415753 0.4235724 0.1115245 0.4136891 0.1210583 0.3686745 0.4868552 0.4291944 0.4927405 0.5180850 
yHAB134_Kazachstania_turicensis             0.5897269 0.2974406 1.1641750 0.6136949 0.5655372 0.7578106 0.5273345 0.4320129 0.4109102 0.4312040 3.2915499 0.4600722 0.4479571 0.4197072 0.4615754 0.4357002 0.4427241 0.4309850 0.5166803 0.4230415 0.4077382 0.3130988 0.3860560 0.0000000 0.4138923 0.4646416 0.4636032 0.6487379 0.4539081 0.5283917 0.5267204 0.3850758 0.3860838 0.2833564 0.4060449 0.4471325 0.4194927 0.4093313 0.4306726 0.5197058 
yHAB136_Kazachstania_bromeliacearum         0.6576302 0.4109423 1.1968850 0.6748304 0.6250284 0.9272235 0.6236717 0.5305811 0.4647526 0.4800647 4.0485096 0.5415269 0.5174096 0.4861295 0.5297494 0.5286555 0.4985993 0.4763906 0.6135944 0.5165063 0.4728365 0.4204651 0.3584139 0.4138923 0.0000000 0.4270521 0.6245257 0.6287905 0.6254150 0.4991997 0.6457182 0.4597088 0.4025708 0.4332857 0.4013261 0.4359402 0.4861330 0.5080468 0.4974294 0.5765511 
yHAB143_Kazachstania_siamensis              0.6005059 0.4203409 1.2758120 0.6173640 0.6097286 0.9201885 0.6160972 0.5453552 0.4354230 0.4429075 4.0063145 0.6133757 0.6279887 0.5967547 0.6302516 0.5805585 0.6198563 0.5883138 0.5922609 0.5301113 0.5241597 0.4078508 0.1774148 0.4646416 0.4270521 0.0000000 0.6610680 0.7077914 0.7093876 0.4656156 0.5343138 0.4555527 0.1985732 0.4693258 0.1842827 0.4095688 0.5031144 0.4967391 0.5163504 0.5916814 
yHAB147_Kazachstania_taianensis             0.7447781 0.4811422 0.9653443 0.8374682 0.7721081 0.9921095 0.6625266 0.5987466 0.6139781 0.7052710 3.1882260 0.5878209 0.6051032 0.5665426 0.5640435 0.6102984 0.5965274 0.5821998 0.6394234 0.5790258 0.6371478 0.5231972 0.5876746 0.4636032 0.6245257 0.6610680 0.0000000 0.6367148 0.4373258 0.8110424 0.7823997 0.6198591 0.5230723 0.5664639 0.5752288 0.6843870 0.6085322 0.6109963 0.6169714 0.6705234 
yHAB148_Kazachstania_intestinalis           0.7684614 0.5764619 1.0725678 0.7654208 0.7799012 0.9759167 0.7461814 0.6336642 0.5398866 0.6523408 3.9891048 0.6784022 0.6558262 0.6489895 0.6134452 0.6599218 0.6389057 0.6049338 0.6590833 0.6671423 0.6640414 0.6243263 0.6787420 0.6487379 0.6287905 0.7077914 0.6367148 0.0000000 0.5412352 0.7698832 0.8997407 0.7781625 0.6277322 0.6696080 0.6486864 0.7231391 0.6583400 0.6789975 0.6578582 0.7884473 
yHAB153_Kazachstania_rosinii                0.7517930 0.4733521 1.0257235 0.7741421 0.7309171 0.9072632 0.6312915 0.5672510 0.5555845 0.7269303 3.0819656 0.5579591 0.5319657 0.5541959 0.5396127 0.5486164 0.5373427 0.5322099 0.6885359 0.6060138 0.5990988 0.5321746 0.6555702 0.4539081 0.6254150 0.7093876 0.4373258 0.5412352 0.0000000 0.8404155 0.7579523 0.5727111 0.5567530 0.4555108 0.5988600 0.7373309 0.5839635 0.6412954 0.5938881 0.7686399 
yHAB154_Kazachstania_transvaalensis         0.7483022 0.5467502 1.4637551 0.7536308 0.7504999 1.0424205 0.7687120 0.6462149 0.5992356 0.5843287 5.6992875 0.7230140 0.7579934 0.6975692 0.7083782 0.7595373 0.7126307 0.6954266 0.6621385 0.6849811 0.6399329 0.5336176 0.4165608 0.5283917 0.4991997 0.4656156 0.8110424 0.7698832 0.8404155 0.0000000 0.6469602 0.5278144 0.4637580 0.5737809 0.4508498 0.1411622 0.6658710 0.6535227 0.6243154 0.6749978 
yHAB155_Kazachstania_spencerorum            0.7942384 0.5686987 1.5601670 0.7545134 0.7369848 0.9616127 0.7585963 0.7296087 0.6403487 0.5625961 3.9840282 0.7005372 0.7239246 0.7168499 0.7076156 0.6794985 0.7243159 0.7076567 0.6694524 0.6292620 0.6602407 0.5389624 0.5415753 0.5267204 0.6457182 0.5343138 0.7823997 0.8997407 0.7579523 0.6469602 0.0000000 0.4909476 0.6210438 0.5751635 0.5857719 0.5720142 0.6582098 0.6380549 0.6182543 0.6708900 
yHAB158_Kazachstania_viticola               0.5663311 0.3716575 1.3392576 0.5438247 0.5410797 0.7932426 0.4953143 0.4926038 0.4753302 0.3987615 3.7712779 0.4926820 0.4741359 0.4770549 0.5031204 0.4851771 0.4450675 0.4950253 0.4680268 0.4486215 0.4328433 0.3558304 0.4235724 0.3850758 0.4597088 0.4555527 0.6198591 0.7781625 0.5727111 0.5278144 0.4909476 0.0000000 0.4936630 0.3716133 0.4890429 0.5132798 0.4123093 0.4358208 0.4015723 0.5045484 
yHAB159_Kazachstania_solicola               0.5755978 0.3693912 1.2457833 0.6263290 0.5985982 0.9121995 0.5683720 0.4610868 0.3891756 0.4838450 3.6324973 0.5334636 0.5538789 0.4794492 0.5257327 0.5397269 0.5245889 0.4919366 0.5288514 0.4622633 0.5167171 0.3675285 0.1115245 0.3860838 0.4025708 0.1985732 0.5230723 0.6277322 0.5567530 0.4637580 0.6210438 0.4936630 0.0000000 0.4435577 0.0518917 0.4228352 0.4742747 0.4867369 0.4842500 0.5790272 
yHAB160_Kazachstania_kunashirensis          0.5669213 0.3517427 1.1596554 0.5663781 0.5419405 0.8114957 0.5279347 0.4511998 0.4146649 0.3800333 3.3868001 0.4885422 0.4416842 0.4172008 0.4804157 0.4478181 0.4606969 0.4171284 0.4855993 0.4462260 0.4597730 0.3452774 0.4136891 0.2833564 0.4332857 0.4693258 0.5664639 0.6696080 0.4555108 0.5737809 0.5751635 0.3716133 0.4435577 0.0000000 0.4421363 0.5233883 0.4580276 0.4289480 0.4311036 0.5198779 
yHAB164_Kazachstania_aerobia                0.5602494 0.3824874 1.2531749 0.6089263 0.5764624 0.9077300 0.5544164 0.4760728 0.4170631 0.4731456 3.8225138 0.5453337 0.5564731 0.5135483 0.5361481 0.5212282 0.5353598 0.5106429 0.5327062 0.4789438 0.5112866 0.3655771 0.1210583 0.4060449 0.4013261 0.1842827 0.5752288 0.6486864 0.5988600 0.4508498 0.5857719 0.4890429 0.0518917 0.4421363 0.0000000 0.4084823 0.4898285 0.4662459 0.4851173 0.5846620 
yHAB166_Kazachstania_yakushimaensis         0.7375951 0.4863453 1.3436424 0.7098891 0.7162094 0.9483137 0.7108940 0.6196957 0.5365034 0.5316243 4.8564571 0.6466087 0.6599647 0.6220236 0.6360851 0.6590912 0.6410188 0.6145560 0.6072041 0.5742397 0.5623243 0.4691561 0.3686745 0.4471325 0.4359402 0.4095688 0.6843870 0.7231391 0.7373309 0.1411622 0.5720142 0.5132798 0.4228352 0.5233883 0.4084823 0.0000000 0.5750290 0.5836920 0.5492382 0.5738005 
yHMPu5000034875_Tetrapisispora_fleetii      0.5259383 0.3700734 1.4434531 0.6034008 0.5637005 0.6939631 0.5324179 0.4574807 0.3975929 0.4124434 3.4326442 0.3612114 0.3803053 0.3893665 0.4188147 0.3970399 0.3979876 0.3821430 0.4549653 0.1850900 0.2933012 0.3530427 0.4868552 0.4194927 0.4861330 0.5031144 0.6085322 0.6583400 0.5839635 0.6658710 0.6582098 0.4123093 0.4742747 0.4580276 0.4898285 0.5750290 0.0000000 0.1947697 0.1352545 0.4547377 
yHMPu5000034876_Tetrapisispora_iriomotensis 0.5111505 0.3812694 1.4974570 0.5654334 0.5946016 0.7814545 0.5106242 0.4230364 0.3725307 0.4007870 3.1605504 0.3834692 0.3835400 0.3986648 0.4166748 0.4002373 0.3862512 0.3918551 0.4167232 0.2024966 0.2948513 0.3674918 0.4291944 0.4093313 0.5080468 0.4967391 0.6109963 0.6789975 0.6412954 0.6535227 0.6380549 0.4358208 0.4867369 0.4289480 0.4662459 0.5836920 0.1947697 0.0000000 0.2010691 0.4265218 
yHMPu5000034877_Tetrapisispora_namnaonensis 0.4858694 0.3505882 1.4060700 0.5467261 0.5450916 0.6941205 0.5020448 0.4083252 0.3803798 0.4265607 3.5635469 0.3732411 0.3869709 0.3888707 0.4165624 0.4107853 0.3941155 0.3694524 0.4069193 0.1791903 0.3064853 0.3523244 0.4927405 0.4306726 0.4974294 0.5163504 0.6169714 0.6578582 0.5938881 0.6243154 0.6182543 0.4015723 0.4842500 0.4311036 0.4851173 0.5492382 0.1352545 0.2010691 0.0000000 0.4218616 
yHMPu5000035629_Yueomyces_sinensis          0.6404484 0.5108722 1.5608988 0.7529388 0.6819220 0.9775807 0.6307055 0.5637233 0.5386066 0.5223594 4.0338286 0.5609223 0.5502779 0.5587743 0.5643444 0.5702426 0.5432019 0.5590201 0.3767474 0.4553756 0.4391778 0.5021548 0.5180850 0.5197058 0.5765511 0.5916814 0.6705234 0.7884473 0.7686399 0.6749978 0.6708900 0.5045484 0.5790272 0.5198779 0.5846620 0.5738005 0.4547377 0.4265218 0.4218616 0.0000000 
