40
Candida_glabrata                            0.0000000 0.7318822 0.7674947 0.8928958 0.5388237 0.9881039 0.6023190 0.5105010 0.6573780 0.7603367 2.2395133 0.7421239 0.6183853 0.7067903 0.7201045 0.7066362 0.6478122 0.7476977 0.7065360 0.6979677 0.6575561 0.6973535 0.7180636 0.7365322 0.6592372 0.7139947 0.8105959 0.8398741 0.7752642 0.7698574 0.6998740 0.7228965 0.7390885 0.6944239 0.7427784 0.7353695 0.7170517 0.6683126 0.6897591 0.7430875 
Kazachstania_africana                       0.7318822 0.0000000 0.7365926 0.8163992 0.7857081 1.1268111 0.6979051 0.7710330 0.6004730 0.5645005 2.1578153 0.6709406 0.6768192 0.7039417 0.6871391 0.6972013 0.7245536 0.6762178 0.6480040 0.6056876 0.6225601 0.5893834 0.6103315 0.6516325 0.6473020 0.5548234 0.7523501 0.7746895 0.6399297 0.7499567 0.5658005 0.5186073 0.6315639 0.5116812 0.6360663 0.7032077 0.5874645 0.5683369 0.5852984 0.6276390 
Kazachstania_naganishii                     0.7674947 0.7365926 0.0000000 1.1390940 0.6569508 1.1897408 0.7661700 0.6777322 0.7785323 0.7801186 2.2122619 0.8264754 0.6748534 0.8917904 0.8527463 0.7388711 0.7717560 0.8749073 0.8172949 0.9119574 0.8094794 0.7620008 0.7253420 0.8759554 0.6437418 0.8123284 0.6716414 0.8483633 0.6068024 0.8590008 0.6984163 0.7391537 0.7144033 0.8738058 0.7337904 0.8321646 0.8641487 0.9554206 0.8293726 0.7880820 
Nakaseomyces_bacillisporus                  0.8928958 0.8163992 1.1390940 0.0000000 0.9972451 1.0852790 0.9048206 0.9284929 0.9501556 0.9191993 2.2035880 0.8971633 0.9143125 0.8602339 0.8673794 0.9833256 0.8920285 0.9123940 1.0285679 0.9798028 0.9190933 0.9685245 0.8678441 0.9169023 0.8917448 0.8766362 1.0260615 0.8300088 1.0109687 0.8571105 0.8839040 0.9280335 0.9179306 0.8232703 0.9238387 0.8399979 0.9468044 0.9967600 0.9988867 0.8349557 
Nakaseomyces_bracarensis                    0.5388237 0.7857081 0.6569508 0.9972451 0.0000000 1.0336971 0.4043970 0.3239191 0.7326032 0.7611990 1.9433639 0.8244121 0.8365403 0.8579114 0.8363807 0.8917517 0.8331085 0.8558145 0.7509098 0.8290654 0.7252919 0.7248622 0.7426721 0.9158666 0.6414394 0.9079525 0.7570773 0.8864507 0.6147019 0.8720307 0.7416470 0.6851244 0.7783124 0.7593219 0.7460556 0.7985942 0.7297208 0.8301048 0.7743018 0.7125898 
Nakaseomyces_castellii                      0.9881039 1.1268111 1.1897408 1.0852790 1.0336971 0.0000000 1.0581491 0.9208836 1.1164929 1.0366005 2.0975044 1.0953118 1.1631263 1.0958718 1.1342324 1.1854365 1.1086491 1.1547530 1.0378145 1.0577547 0.9863953 0.9141286 1.1235947 1.0894509 0.9591970 1.0844008 0.9326572 1.1494226 1.0433529 1.1289980 1.0588180 1.1238380 0.9546999 0.9793419 0.9850491 1.2381966 1.1207397 1.0111580 1.1643933 0.9427754 
Nakaseomyces_delphensis                     0.6023190 0.6979051 0.7661700 0.9048206 0.4043970 1.0581491 0.0000000 0.2768201 0.6902143 0.7004727 2.3472813 0.8209126 0.7956640 0.7512688 0.7732254 0.8834656 0.8441918 0.7676847 0.7911014 0.7589479 0.6521006 0.6818166 0.7165180 0.8660001 0.7449968 0.8222562 0.8070968 0.9174744 0.7581048 0.7827359 0.7719329 0.6189164 0.7814339 0.7628188 0.7246223 0.7569556 0.7290410 0.6433531 0.7581394 0.6714172 
Nakaseomyces_nivariensis                    0.5105010 0.7710330 0.6777322 0.9284929 0.3239191 0.9208836 0.2768201 0.0000000 0.7158458 0.7807459 1.9227331 0.7828844 0.7883018 0.7749177 0.8320189 0.8441155 0.7987340 0.8059279 0.7642242 0.8174369 0.6143266 0.7259052 0.8070523 0.9335969 0.6565825 0.9083314 0.7929178 0.9050760 0.6506072 0.8085000 0.7912799 0.6962203 0.7796864 0.7762494 0.7818427 0.7677012 0.7986977 0.7854411 0.8405773 0.7454471 
Naumovozyma_castellii                       0.6573780 0.6004730 0.7785323 0.9501556 0.7326032 1.1164929 0.6902143 0.7158458 0.0000000 0.4623311 2.1546687 0.6299856 0.6230188 0.6416546 0.6231525 0.7133909 0.6124469 0.6646133 0.7044828 0.6484353 0.5454350 0.6574822 0.5480104 0.7756660 0.5204351 0.5472242 0.6839539 0.8459565 0.6847366 0.7369929 0.6075751 0.4753171 0.6172413 0.6712776 0.5662872 0.6225066 0.6489860 0.5961429 0.6490578 0.6330461 
Naumovozyma_dairenensis                     0.7603367 0.5645005 0.7801186 0.9191993 0.7611990 1.0366005 0.7004727 0.7807459 0.4623311 0.0000000 2.1669143 0.7065081 0.7081461 0.7244057 0.7184308 0.7596041 0.6695542 0.7331800 0.6284582 0.5661584 0.5645742 0.6786764 0.6815611 0.8796509 0.4634458 0.6586855 0.7194637 0.7975254 0.6325166 0.7474502 0.6337117 0.5415095 0.7111022 0.6640692 0.6962393 0.6790312 0.5706244 0.5467105 0.6214164 0.6609773 
Neurospora_crassa                           2.2395133 2.1578153 2.2122619 2.2035880 1.9433639 2.0975044 2.3472813 1.9227331 2.1546687 2.1669143 0.0000000 2.2520552 2.5318167 2.4217039 2.4262660 2.6251042 2.4102222 2.4671203 2.3530508 2.5075725 2.1069397 2.3792828 2.2675325 2.2960847 2.2982618 2.5601231 2.0629591 2.4131764 2.0775571 2.6916764 2.4585638 2.7598342 2.1137089 2.2593620 2.0850635 2.5728871 2.5376365 2.3332521 2.4749479 2.2775904 
Saccharomyces_arboricola                    0.7421239 0.6709406 0.8264754 0.8971633 0.8244121 1.0953118 0.8209126 0.7828844 0.6299856 0.7065081 2.2520552 0.0000000 0.2052234 0.2102747 0.1884128 0.2017734 0.1870533 0.2215642 0.8703190 0.7373059 0.6107510 0.8785475 0.5736247 0.7377898 0.6271220 0.5961445 0.8673242 0.8821056 0.7017260 0.7113556 0.7544249 0.6514014 0.7087255 0.5730026 0.6768941 0.7199682 0.6781363 0.7674846 0.7247717 0.7598453 
Saccharomyces_cerevisiae                    0.6183853 0.6768192 0.6748534 0.9143125 0.8365403 1.1631263 0.7956640 0.7883018 0.6230188 0.7081461 2.5318167 0.2052234 0.0000000 0.2681791 0.2153781 0.1746319 0.0900473 0.2788712 0.8358078 0.6524244 0.6601834 0.7993428 0.5647875 0.7215220 0.6136934 0.5859772 0.7876076 0.8505810 0.7525220 0.7153587 0.6802124 0.6241457 0.7098941 0.6258665 0.6701825 0.7492819 0.7208597 0.7774143 0.6281326 0.7212308 
Saccharomyces_eubayanus                     0.7067903 0.7039417 0.8917904 0.8602339 0.8579114 1.0958718 0.7512688 0.7749177 0.6416546 0.7244057 2.4217039 0.2102747 0.2681791 0.0000000 0.2624925 0.2560473 0.2405916 0.0740690 0.8285560 0.7568468 0.5805241 0.8688325 0.6329546 0.7452104 0.6139231 0.5994229 0.8830531 0.9345020 0.7597242 0.6740162 0.8117076 0.6562570 0.8100190 0.6065369 0.7389396 0.7143652 0.7357185 0.7482620 0.7139165 0.7919822 
Saccharomyces_kudriavzevii                  0.7201045 0.6871391 0.8527463 0.8673794 0.8363807 1.1342324 0.7732254 0.8320189 0.6231525 0.7184308 2.4262660 0.1884128 0.2153781 0.2624925 0.0000000 0.2107005 0.2028432 0.2391772 0.8935476 0.7366738 0.6226350 0.8035723 0.5961288 0.7948413 0.6548714 0.6417717 0.8588166 0.9155015 0.6434839 0.7773913 0.7101979 0.6713776 0.7878495 0.6437975 0.7445744 0.7956052 0.6998929 0.8360035 0.7028364 0.7717393 
Saccharomyces_mikatae                       0.7066362 0.6972013 0.7388711 0.9833256 0.8917517 1.1854365 0.8834656 0.8441155 0.7133909 0.7596041 2.6251042 0.2017734 0.1746319 0.2560473 0.2107005 0.0000000 0.1454783 0.2700832 0.8954331 0.7700211 0.7016446 0.8320782 0.6034050 0.7436086 0.6481103 0.6066831 0.8543916 0.9562165 0.7627570 0.7849002 0.7463576 0.6795047 0.7735415 0.6283947 0.7233169 0.7856064 0.7483519 0.8112120 0.6814279 0.8150343 
Saccharomyces_paradoxus                     0.6478122 0.7245536 0.7717560 0.8920285 0.8331085 1.1086491 0.8441918 0.7987340 0.6124469 0.6695542 2.4102222 0.1870533 0.0900473 0.2405916 0.2028432 0.1454783 0.0000000 0.2537739 0.8568544 0.6831924 0.6432602 0.7952573 0.5654456 0.7458263 0.5737073 0.5792289 0.8239043 0.8594660 0.7420988 0.7109874 0.7382936 0.6444294 0.7179183 0.5912302 0.6652530 0.7797753 0.7318286 0.7760026 0.6454062 0.7576909 
Saccharomyces_uvarum                        0.7476977 0.6762178 0.8749073 0.9123940 0.8558145 1.1547530 0.7676847 0.8059279 0.6646133 0.7331800 2.4671203 0.2215642 0.2788712 0.0740690 0.2391772 0.2700832 0.2537739 0.0000000 0.8387840 0.7899625 0.6527403 0.8236341 0.6556383 0.7539237 0.6425361 0.6097978 0.9176838 0.8854275 0.6846201 0.7725310 0.7606271 0.6616078 0.7869702 0.6498937 0.7515907 0.7716631 0.7213463 0.7802661 0.7290379 0.8195475 
Tetrapisispora_blattae                      0.7065360 0.6480040 0.8172949 1.0285679 0.7509098 1.0378145 0.7911014 0.7642242 0.7044828 0.6284582 2.3530508 0.8703190 0.8358078 0.8285560 0.8935476 0.8954331 0.8568544 0.8387840 0.0000000 0.5059555 0.5190699 0.5869160 0.6460370 0.7235537 0.6115683 0.6150544 0.8113915 0.6891108 0.8032452 0.7521488 0.6063536 0.6172539 0.6136802 0.6583223 0.6198965 0.7048319 0.4455389 0.5048797 0.4367885 0.5320067 
Tetrapisispora_phaffii                      0.6979677 0.6056876 0.9119574 0.9798028 0.8290654 1.0577547 0.7589479 0.8174369 0.6484353 0.5661584 2.5075725 0.7373059 0.6524244 0.7568468 0.7366738 0.7700211 0.6831924 0.7899625 0.5059555 0.0000000 0.5124685 0.6081990 0.6442320 0.6932078 0.5524931 0.6081554 0.8125894 0.7758723 0.8011148 0.7483718 0.6167254 0.5612360 0.7199619 0.6134231 0.7136039 0.7358361 0.2633736 0.3816911 0.2260225 0.6597158 
Vanderwaltozyma_polyspora                   0.6575561 0.6225601 0.8094794 0.9190933 0.7252919 0.9863953 0.6521006 0.6143266 0.5454350 0.5645742 2.1069397 0.6107510 0.6601834 0.5805241 0.6226350 0.7016446 0.6432602 0.6527403 0.5190699 0.5124685 0.0000000 0.6136656 0.6267595 0.7062228 0.5591024 0.6639086 0.9131966 0.7976053 0.6859116 0.7645190 0.6306394 0.5881453 0.6892600 0.6466365 0.6386676 0.6672967 0.4808856 0.4919704 0.5054143 0.5489308 
yHAB132_Kazachstania_martiniae              0.6973535 0.5893834 0.7620008 0.9685245 0.7248622 0.9141286 0.6818166 0.7259052 0.6574822 0.6786764 2.3792828 0.8785475 0.7993428 0.8688325 0.8035723 0.8320782 0.7952573 0.8236341 0.5869160 0.6081990 0.6136656 0.0000000 0.6198797 0.6128627 0.5648791 0.5897824 0.7873497 0.8237644 0.6034758 0.7541369 0.5080015 0.5972180 0.5978608 0.6174261 0.5766222 0.7226756 0.6143439 0.6132085 0.5971809 0.5245116 
yHAB133_Kazachstania_unispora               0.7180636 0.6103315 0.7253420 0.8678441 0.7426721 1.1235947 0.7165180 0.8070523 0.5480104 0.6815611 2.2675325 0.5736247 0.5647875 0.6329546 0.5961288 0.6034050 0.5654456 0.6556383 0.6460370 0.6442320 0.6267595 0.6198797 0.0000000 0.5920217 0.5562543 0.3566243 0.6357208 0.8543389 0.6408080 0.6821501 0.5348509 0.4723971 0.2327296 0.5639797 0.2239581 0.6685532 0.5718067 0.6188899 0.6164025 0.5160465 
yHAB134_Kazachstania_turicensis             0.7365322 0.6516325 0.8759554 0.9169023 0.9158666 1.0894509 0.8660001 0.9335969 0.7756660 0.8796509 2.2960847 0.7377898 0.7215220 0.7452104 0.7948413 0.7436086 0.7458263 0.7539237 0.7235537 0.6932078 0.7062228 0.6128627 0.5920217 0.0000000 0.7940642 0.6999025 0.8882645 0.8595675 0.8005955 0.6634915 0.6869319 0.7903409 0.6257581 0.5747907 0.6548184 0.6755945 0.6575723 0.7743062 0.6615861 0.6807261 
yHAB136_Kazachstania_bromeliacearum         0.6592372 0.6473020 0.6437418 0.8917448 0.6414394 0.9591970 0.7449968 0.6565825 0.5204351 0.4634458 2.2982618 0.6271220 0.6136934 0.6139231 0.6548714 0.6481103 0.5737073 0.6425361 0.6115683 0.5524931 0.5591024 0.5648791 0.5562543 0.7940642 0.0000000 0.5230564 0.6620200 0.7572264 0.6560090 0.6476943 0.5401142 0.5428446 0.6052086 0.5213022 0.5853038 0.6540046 0.6373157 0.5962473 0.5859210 0.6031258 
yHAB143_Kazachstania_siamensis              0.7139947 0.5548234 0.8123284 0.8766362 0.9079525 1.0844008 0.8222562 0.9083314 0.5472242 0.6586855 2.5601231 0.5961445 0.5859772 0.5994229 0.6417717 0.6066831 0.5792289 0.6097978 0.6150544 0.6081554 0.6639086 0.5897824 0.3566243 0.6999025 0.5230564 0.0000000 0.8031517 0.8333101 0.6875049 0.6185036 0.5509901 0.5690211 0.3997301 0.5463642 0.3727374 0.5579415 0.6309374 0.6084859 0.5882450 0.5326389 
yHAB147_Kazachstania_taianensis             0.8105959 0.7523501 0.6716414 1.0260615 0.7570773 0.9326572 0.8070968 0.7929178 0.6839539 0.7194637 2.0629591 0.8673242 0.7876076 0.8830531 0.8588166 0.8543916 0.8239043 0.9176838 0.8113915 0.8125894 0.9131966 0.7873497 0.6357208 0.8882645 0.6620200 0.8031517 0.0000000 0.9124803 0.6884339 0.7924077 0.7183357 0.7585860 0.5777407 0.8603686 0.6464046 0.8598948 0.9115587 0.8856666 0.8294863 0.8629624 
yHAB148_Kazachstania_intestinalis           0.8398741 0.7746895 0.8483633 0.8300088 0.8864507 1.1494226 0.9174744 0.9050760 0.8459565 0.7975254 2.4131764 0.8821056 0.8505810 0.9345020 0.9155015 0.9562165 0.8594660 0.8854275 0.6891108 0.7758723 0.7976053 0.8237644 0.8543389 0.8595675 0.7572264 0.8333101 0.9124803 0.0000000 0.8034650 0.8858036 0.7755038 0.6878603 0.8062953 0.8022831 0.8032995 0.9289006 0.7745482 0.7708359 0.8767914 0.7559983 
yHAB153_Kazachstania_rosinii                0.7752642 0.6399297 0.6068024 1.0109687 0.6147019 1.0433529 0.7581048 0.6506072 0.6847366 0.6325166 2.0775571 0.7017260 0.7525220 0.7597242 0.6434839 0.7627570 0.7420988 0.6846201 0.8032452 0.8011148 0.6859116 0.6034758 0.6408080 0.8005955 0.6560090 0.6875049 0.6884339 0.8034650 0.0000000 0.7663007 0.4454916 0.6562987 0.6596399 0.6368593 0.6826319 0.7621885 0.6906299 0.7699533 0.7224666 0.6228200 
yHAB154_Kazachstania_transvaalensis         0.7698574 0.7499567 0.8590008 0.8571105 0.8720307 1.1289980 0.7827359 0.8085000 0.7369929 0.7474502 2.6916764 0.7113556 0.7153587 0.6740162 0.7773913 0.7849002 0.7109874 0.7725310 0.7521488 0.7483718 0.7645190 0.7541369 0.6821501 0.6634915 0.6476943 0.6185036 0.7924077 0.8858036 0.7663007 0.0000000 0.7020944 0.7082057 0.6453650 0.7153623 0.6454206 0.2904534 0.7931205 0.8031907 0.8432910 0.6831152 
yHAB155_Kazachstania_spencerorum            0.6998740 0.5658005 0.6984163 0.8839040 0.7416470 1.0588180 0.7719329 0.7912799 0.6075751 0.6337117 2.4585638 0.7544249 0.6802124 0.8117076 0.7101979 0.7463576 0.7382936 0.7606271 0.6063536 0.6167254 0.6306394 0.5080015 0.5348509 0.6869319 0.5401142 0.5509901 0.7183357 0.7755038 0.4454916 0.7020944 0.0000000 0.5680909 0.5730057 0.5018728 0.5828342 0.7111539 0.5861386 0.6324803 0.5846611 0.6354854 
yHAB158_Kazachstania_viticola               0.7228965 0.5186073 0.7391537 0.9280335 0.6851244 1.1238380 0.6189164 0.6962203 0.4753171 0.5415095 2.7598342 0.6514014 0.6241457 0.6562570 0.6713776 0.6795047 0.6444294 0.6616078 0.6172539 0.5612360 0.5881453 0.5972180 0.4723971 0.7903409 0.5428446 0.5690211 0.7585860 0.6878603 0.6562987 0.7082057 0.5680909 0.0000000 0.5561389 0.6516941 0.5472938 0.7133344 0.5470044 0.5591423 0.5760685 0.5908548 
yHAB159_Kazachstania_solicola               0.7390885 0.6315639 0.7144033 0.9179306 0.7783124 0.9546999 0.7814339 0.7796864 0.6172413 0.7111022 2.1137089 0.7087255 0.7098941 0.8100190 0.7878495 0.7735415 0.7179183 0.7869702 0.6136802 0.7199619 0.6892600 0.5978608 0.2327296 0.6257581 0.6052086 0.3997301 0.5777407 0.8062953 0.6596399 0.6453650 0.5730057 0.5561389 0.0000000 0.5879339 0.0831359 0.7127496 0.6828113 0.6738957 0.6736313 0.5465923 
yHAB160_Kazachstania_kunashirensis          0.6944239 0.5116812 0.8738058 0.8232703 0.7593219 0.9793419 0.7628188 0.7762494 0.6712776 0.6640692 2.2593620 0.5730026 0.6258665 0.6065369 0.6437975 0.6283947 0.5912302 0.6498937 0.6583223 0.6134231 0.6466365 0.6174261 0.5639797 0.5747907 0.5213022 0.5463642 0.8603686 0.8022831 0.6368593 0.7153623 0.5018728 0.6516941 0.5879339 0.0000000 0.5294427 0.6660008 0.5108546 0.6491939 0.5690514 0.5793432 
yHAB164_Kazachstania_aerobia                0.7427784 0.6360663 0.7337904 0.9238387 0.7460556 0.9850491 0.7246223 0.7818427 0.5662872 0.6962393 2.0850635 0.6768941 0.6701825 0.7389396 0.7445744 0.7233169 0.6652530 0.7515907 0.6198965 0.7136039 0.6386676 0.5766222 0.2239581 0.6548184 0.5853038 0.3727374 0.6464046 0.8032995 0.6826319 0.6454206 0.5828342 0.5472938 0.0831359 0.5294427 0.0000000 0.6625477 0.6778631 0.6557021 0.6548918 0.5059560 
yHAB166_Kazachstania_yakushimaensis         0.7353695 0.7032077 0.8321646 0.8399979 0.7985942 1.2381966 0.7569556 0.7677012 0.6225066 0.6790312 2.5728871 0.7199682 0.7492819 0.7143652 0.7956052 0.7856064 0.7797753 0.7716631 0.7048319 0.7358361 0.6672967 0.7226756 0.6685532 0.6755945 0.6540046 0.5579415 0.8598948 0.9289006 0.7621885 0.2904534 0.7111539 0.7133344 0.7127496 0.6660008 0.6625477 0.0000000 0.7461209 0.7817917 0.7893090 0.6624289 
yHMPu5000034875_Tetrapisispora_fleetii      0.7170517 0.5874645 0.8641487 0.9468044 0.7297208 1.1207397 0.7290410 0.7986977 0.6489860 0.5706244 2.5376365 0.6781363 0.7208597 0.7357185 0.6998929 0.7483519 0.7318286 0.7213463 0.4455389 0.2633736 0.4808856 0.6143439 0.5718067 0.6575723 0.6373157 0.6309374 0.9115587 0.7745482 0.6906299 0.7931205 0.5861386 0.5470044 0.6828113 0.5108546 0.6778631 0.7461209 0.0000000 0.4240637 0.1733982 0.5916190 
yHMPu5000034876_Tetrapisispora_iriomotensis 0.6683126 0.5683369 0.9554206 0.9967600 0.8301048 1.0111580 0.6433531 0.7854411 0.5961429 0.5467105 2.3332521 0.7674846 0.7774143 0.7482620 0.8360035 0.8112120 0.7760026 0.7802661 0.5048797 0.3816911 0.4919704 0.6132085 0.6188899 0.7743062 0.5962473 0.6084859 0.8856666 0.7708359 0.7699533 0.8031907 0.6324803 0.5591423 0.6738957 0.6491939 0.6557021 0.7817917 0.4240637 0.0000000 0.4257342 0.5126427 
yHMPu5000034877_Tetrapisispora_namnaonensis 0.6897591 0.5852984 0.8293726 0.9988867 0.7743018 1.1643933 0.7581394 0.8405773 0.6490578 0.6214164 2.4749479 0.7247717 0.6281326 0.7139165 0.7028364 0.6814279 0.6454062 0.7290379 0.4367885 0.2260225 0.5054143 0.5971809 0.6164025 0.6615861 0.5859210 0.5882450 0.8294863 0.8767914 0.7224666 0.8432910 0.5846611 0.5760685 0.6736313 0.5690514 0.6548918 0.7893090 0.1733982 0.4257342 0.0000000 0.6019582 
yHMPu5000035629_Yueomyces_sinensis          0.7430875 0.6276390 0.7880820 0.8349557 0.7125898 0.9427754 0.6714172 0.7454471 0.6330461 0.6609773 2.2775904 0.7598453 0.7212308 0.7919822 0.7717393 0.8150343 0.7576909 0.8195475 0.5320067 0.6597158 0.5489308 0.5245116 0.5160465 0.6807261 0.6031258 0.5326389 0.8629624 0.7559983 0.6228200 0.6831152 0.6354854 0.5908548 0.5465923 0.5793432 0.5059560 0.6624289 0.5916190 0.5126427 0.6019582 0.0000000 
