40
Candida_glabrata                            0.0000000 2.8702614 3.0321691 2.5276278 1.2288541 2.9160259 1.2934069 1.1283684 2.0934633 2.5842837 8.4702115 2.1070715 2.2035642 2.0859794 2.1101873 2.1771882 2.1278470 2.0304635 2.1480870 2.1329969 2.2994015 2.5717287 2.6047598 2.8570654 2.5766300 2.7534901 2.4393591 3.2329878 2.5920614 3.1123551 2.7231725 2.6259334 2.4689770 2.6868168 2.6221829 3.1176837 2.2997337 2.0581118 2.2656228 2.1159858 
Kazachstania_africana                       2.8702614 0.0000000 2.3995948 3.0116014 2.5680134 3.2361140 2.8509818 2.6407550 2.2612063 2.8967970 8.9999983 2.3157398 2.4872773 2.5407789 2.5468575 2.4685654 2.4194257 2.5173085 2.3355879 2.3344354 2.4445746 1.4335228 1.7454655 1.6669315 1.6644750 1.7089271 1.7868731 2.4006498 1.3896945 2.1963981 1.6488450 1.6116532 1.6928946 1.6022170 1.7111112 2.3437859 2.3174341 2.5360985 2.4542095 2.4280247 
Kazachstania_naganishii                     3.0321691 2.3995948 0.0000000 3.7070024 3.4796789 4.3297255 3.5140570 3.2656735 3.2093669 3.9115824 8.9999990 3.2169006 3.1500643 3.2615662 3.2883446 3.1977305 3.1872621 3.3207171 3.5454517 3.3152684 3.2436421 2.5069179 2.4007197 2.7521173 2.1334127 2.4353788 2.1060654 2.9939352 2.4636814 2.9185166 2.6351055 2.7764216 2.2049720 2.7145183 2.2979362 2.9332547 3.3942942 3.1966525 3.3651517 3.7039834 
Nakaseomyces_bacillisporus                  2.5276278 3.0116014 3.7070024 0.0000000 2.2691657 2.9546867 2.2128325 2.1872567 2.2728136 2.8379662 8.7740262 2.1728340 2.1425435 2.2697774 2.2773496 2.3473917 2.1734248 2.2823960 2.1900367 2.2159985 2.0727164 2.7413676 2.6013136 2.9364547 2.5819047 2.7884311 2.6360566 3.3146130 2.5670500 3.0858495 2.5751353 2.7624320 2.5342910 2.7771314 2.4917704 3.0438525 2.1949336 2.1693737 2.1579331 2.0651359 
Nakaseomyces_bracarensis                    1.2288541 2.5680134 3.4796789 2.2691657 0.0000000 2.6417589 0.7275030 0.6653432 2.0288787 2.6686050 8.3722511 2.0321690 2.0006774 2.0046669 2.0639853 2.0617696 2.0265422 1.9942926 1.8932417 1.9693562 2.1010294 2.3332563 2.4332098 2.8064839 2.7018398 2.6574615 2.3452672 3.2073551 2.3171056 2.9807062 2.4829996 2.6109820 2.4654045 2.3652634 2.6389588 2.9607223 2.0661625 1.9792775 2.1033872 1.9832624 
Nakaseomyces_castellii                      2.9160259 3.2361140 4.3297255 2.9546867 2.6417589 0.0000000 2.8873807 2.9028961 2.8909930 3.6443386 8.9999981 3.0608830 3.1716752 3.1920000 3.0679434 3.2590833 3.1773477 3.2245377 3.0008668 2.7573469 3.0960758 3.2102007 3.4003997 3.3899475 3.3931379 3.4476988 3.1450702 3.6268421 3.3324483 3.8052411 3.2788829 3.2584741 3.4184191 3.5123735 3.4168185 3.9106467 3.0050744 2.8509684 3.1218762 2.8008503 
Nakaseomyces_delphensis                     1.2934069 2.8509818 3.5140570 2.2128325 0.7275030 2.8873807 0.0000000 0.6114084 2.1372209 2.6309224 8.4642205 1.9727326 2.0027798 1.9817301 2.0631961 2.0675372 1.9827198 1.9724134 1.9306079 1.8753383 1.9730370 2.4868100 2.5392715 2.8037160 2.7074981 2.7809657 2.3803055 3.2923026 2.3506633 3.0364377 2.5130565 2.4826677 2.4635202 2.5350540 2.5569562 3.0657875 1.9750043 2.0891509 1.9359966 2.0464580 
Nakaseomyces_nivariensis                    1.1283684 2.6407550 3.2656735 2.1872567 0.6653432 2.9028961 0.6114084 0.0000000 2.0116226 2.3680639 8.4348721 1.9000437 1.9236294 1.9047551 1.9129111 1.9221253 1.8735137 1.9194941 1.9823851 1.7313648 1.8566227 2.4405197 2.3952327 2.7026247 2.5083966 2.5859281 2.4107074 3.1568958 2.2412597 2.8595249 2.4245798 2.4181224 2.3785722 2.3957245 2.4820227 2.8595522 1.8607949 1.8815066 1.9363552 2.0918699 
Naumovozyma_castellii                       2.0934633 2.2612063 3.2093669 2.2728136 2.0288787 2.8909930 2.1372209 2.0116226 0.0000000 1.8492231 8.9999989 2.1584918 2.1847944 2.1562722 2.1701752 2.2513732 2.1545428 2.1428008 2.0684670 2.0940139 2.0669103 2.2242771 2.3277746 2.5939759 2.1588392 2.5558407 2.3500636 3.2744190 2.2794726 2.6955058 2.3149927 2.2955362 2.2938422 2.5133147 2.3661138 2.6588061 2.1141284 2.1281757 2.1565473 2.2399368 
Naumovozyma_dairenensis                     2.5842837 2.8967970 3.9115824 2.8379662 2.6686050 3.6443386 2.6309224 2.3680639 1.8492231 0.0000000 8.9999988 2.6171403 2.6701924 2.6747354 2.7116986 2.6674831 2.6060541 2.7105791 2.5541349 2.6257295 2.5093546 2.6669056 2.6662443 3.0193213 2.6664951 2.6730584 2.9101494 3.5110617 2.6495880 3.1414452 2.5591645 2.9008095 2.7005829 2.7981792 2.7298481 3.1355339 2.6210098 2.8053304 2.7514808 2.6027736 
Neurospora_crassa                           8.4702115 8.9999983 8.9999990 8.7740262 8.3722511 8.9999981 8.4642205 8.4348721 8.9999989 8.9999988 0.0000000 8.9999989 8.9383429 8.9999989 8.9999988 8.9999982 8.9317353 8.9999981 8.9999982 8.9999980 8.9999985 8.1723126 8.9999989 8.9999989 8.9999983 8.9999987 8.2560206 8.9999984 8.1200772 8.9999987 8.7167190 8.5296469 8.9999982 8.9999984 8.9999982 8.9999984 8.9999988 8.9999982 8.9999986 8.9999986 
Saccharomyces_arboricola                    2.1070715 2.3157398 3.2169006 2.1728340 2.0321690 3.0608830 1.9727326 1.9000437 2.1584918 2.6171403 8.9999989 0.0000000 0.4167379 0.3777030 0.3690118 0.4442266 0.3874949 0.3977017 1.9308986 2.0708844 1.8522743 2.2510358 2.2081740 2.7331215 2.2863134 2.2454767 2.2638500 3.1404578 2.0416870 2.7888191 2.2347116 2.3254570 2.1148197 2.3919172 2.1232759 2.8657610 2.0682901 1.9670393 2.2709789 1.9201573 
Saccharomyces_cerevisiae                    2.2035642 2.4872773 3.1500643 2.1425435 2.0006774 3.1716752 2.0027798 1.9236294 2.1847944 2.6701924 8.9383429 0.4167379 0.0000000 0.4467421 0.3934280 0.3881224 0.1890458 0.4687861 1.9956201 2.1712236 1.8923688 2.3487002 2.2315305 2.7076437 2.4285796 2.3562852 2.3031740 3.2137793 2.1748470 2.8896521 2.3420854 2.4662125 2.2302977 2.4273925 2.2172381 2.9436983 2.1709728 2.0602442 2.3188154 2.0196692 
Saccharomyces_eubayanus                     2.0859794 2.5407789 3.2615662 2.2697774 2.0046669 3.1920000 1.9817301 1.9047551 2.1562722 2.6747354 8.9999989 0.3777030 0.4467421 0.0000000 0.3861735 0.4879010 0.4202742 0.1231361 2.0371526 2.1205965 1.8369149 2.1926982 2.1657622 2.7635737 2.3998518 2.3184315 2.2266253 3.0075809 2.1189478 2.8132140 2.2883998 2.4493470 2.1372299 2.4034797 2.1383377 2.8157731 2.0668918 2.0104145 2.3009889 2.0013513 
Saccharomyces_kudriavzevii                  2.1101873 2.5468575 3.2883446 2.2773496 2.0639853 3.0679434 2.0631961 1.9129111 2.1701752 2.7116986 8.9999988 0.3690118 0.3934280 0.3861735 0.0000000 0.4551958 0.3878697 0.3760897 1.9900543 2.1123118 1.9048343 2.3300657 2.2341265 2.8647358 2.4958045 2.4040479 2.2692695 3.0808782 2.2187331 2.9729962 2.2795367 2.4996821 2.1948793 2.4512251 2.1923018 2.8700519 2.0520647 2.0056721 2.2489078 2.0633699 
Saccharomyces_mikatae                       2.1771882 2.4685654 3.1977305 2.3473917 2.0617696 3.2590833 2.0675372 1.9221253 2.2513732 2.6674831 8.9999982 0.4442266 0.3881224 0.4879010 0.4551958 0.0000000 0.3342890 0.4781280 2.0062250 2.0730505 1.9179901 2.2912734 2.2960055 2.7735640 2.5105005 2.4920996 2.2947837 3.0590073 2.1847619 3.0085605 2.3490391 2.5901283 2.2606336 2.5649134 2.2454390 3.0333602 2.1346483 2.0271814 2.2841240 2.0679430 
Saccharomyces_paradoxus                     2.1278470 2.4194257 3.1872621 2.1734248 2.0265422 3.1773477 1.9827198 1.8735137 2.1545428 2.6060541 8.9317353 0.3874949 0.1890458 0.4202742 0.3878697 0.3342890 0.0000000 0.4413578 2.0257411 2.1216485 1.9182757 2.2899396 2.1480533 2.7552591 2.3956689 2.3000243 2.2111764 3.0890826 2.0883624 2.8259400 2.3547628 2.5006970 2.1261270 2.4263292 2.0803087 2.8445543 2.1376659 2.0720940 2.2714237 2.0255379 
Saccharomyces_uvarum                        2.0304635 2.5173085 3.3207171 2.2823960 1.9942926 3.2245377 1.9724134 1.9194941 2.1428008 2.7105791 8.9999981 0.3977017 0.4687861 0.1231361 0.3760897 0.4781280 0.4413578 0.0000000 2.0112469 2.1189235 1.8438226 2.2694050 2.2042668 2.7606678 2.4139408 2.3143208 2.2563628 3.0101223 2.1110585 2.8604090 2.2991864 2.6080974 2.1763918 2.4660735 2.2158821 2.8659714 2.1216493 2.0299161 2.3562977 2.0091146 
Tetrapisispora_blattae                      2.1480870 2.3355879 3.5454517 2.1900367 1.8932417 3.0008668 1.9306079 1.9823851 2.0684670 2.5541349 8.9999982 1.9308986 1.9956201 2.0371526 1.9900543 2.0062250 2.0257411 2.0112469 0.0000000 1.8280699 1.7845113 2.4718133 2.5477116 2.6392046 2.5768936 2.5549369 2.7558890 3.0090249 2.4474866 3.2784170 2.5110499 2.5038303 2.4846137 2.3931572 2.4879221 3.2249197 1.6816824 2.0004945 1.7271754 1.2157249 
Tetrapisispora_phaffii                      2.1329969 2.3344354 3.3152684 2.2159985 1.9693562 2.7573469 1.8753383 1.7313648 2.0940139 2.6257295 8.9999980 2.0708844 2.1712236 2.1205965 2.1123118 2.0730505 2.1216485 2.1189235 1.8280699 0.0000000 1.5079554 2.3171838 2.2545697 2.6179169 2.2926839 2.2835407 2.3328681 2.9408720 2.3895852 2.7514595 2.3285219 2.2668041 2.2144585 2.3156838 2.2713874 2.8760856 0.5998316 0.9110529 0.6951037 1.8198905 
Vanderwaltozyma_polyspora                   2.2994015 2.4445746 3.2436421 2.0727164 2.1010294 3.0960758 1.9730370 1.8566227 2.0669103 2.5093546 8.9999985 1.8522743 1.8923688 1.8369149 1.9048343 1.9179901 1.9182757 1.8438226 1.7845113 1.5079554 0.0000000 2.3782678 2.3432118 2.7608233 2.4501642 2.3624807 2.4465809 2.9887671 2.3471840 3.2769784 2.4632515 2.4292186 2.2867158 2.6778855 2.3422039 3.2860306 1.5440482 1.5793395 1.5684027 1.8868270 
yHAB132_Kazachstania_martiniae              2.5717287 1.4335228 2.5069179 2.7413676 2.3332563 3.2102007 2.4868100 2.4405197 2.2242771 2.6669056 8.1723126 2.2510358 2.3487002 2.1926982 2.3300657 2.2912734 2.2899396 2.2694050 2.4718133 2.3171838 2.3782678 0.0000000 1.5522387 1.7993837 1.4172211 1.6106785 1.6500207 1.9934716 1.4653497 2.0278862 1.5132241 1.5798769 1.5444278 1.5361476 1.5175449 2.0878722 2.3956046 2.4667644 2.3756220 2.2457903 
yHAB133_Kazachstania_unispora               2.6047598 1.7454655 2.4007197 2.6013136 2.4332098 3.4003997 2.5392715 2.3952327 2.3277746 2.6662443 8.9999989 2.2081740 2.2315305 2.1657622 2.2341265 2.2960055 2.1480533 2.2042668 2.5477116 2.2545697 2.3432118 1.5522387 0.0000000 1.9848391 1.2785567 0.6728992 1.3716375 2.2779846 1.7740959 1.6320123 1.7496033 1.8801607 0.3476816 1.9744723 0.3159217 1.5721349 2.3805211 2.6896460 2.3784867 2.2009421 
yHAB134_Kazachstania_turicensis             2.8570654 1.6669315 2.7521173 2.9364547 2.8064839 3.3899475 2.8037160 2.7026247 2.5939759 3.0193213 8.9999989 2.7331215 2.7076437 2.7635737 2.8647358 2.7735640 2.7552591 2.7606678 2.6392046 2.6179169 2.7608233 1.7993837 1.9848391 0.0000000 1.8299543 2.1766362 1.9814800 2.7638226 1.4988975 2.6445867 1.4274533 1.9170731 1.9558883 1.2075056 1.9953096 2.4630587 2.5881578 2.7247215 2.7234128 2.4962773 
yHAB136_Kazachstania_bromeliacearum         2.5766300 1.6644750 2.1334127 2.5819047 2.7018398 3.3931379 2.7074981 2.5083966 2.1588392 2.6664951 8.9999983 2.2863134 2.4285796 2.3998518 2.4958045 2.5105005 2.3956689 2.4139408 2.5768936 2.2926839 2.4501642 1.4172211 1.2785567 1.8299543 0.0000000 1.3349532 1.3444382 2.2646046 1.6772421 1.8076221 1.6954735 1.7898082 1.2563637 1.7384999 1.2604600 1.8290969 2.4325994 2.5463098 2.3672841 2.4347960 
yHAB143_Kazachstania_siamensis              2.7534901 1.7089271 2.4353788 2.7884311 2.6574615 3.4476988 2.7809657 2.5859281 2.5558407 2.6730584 8.9999987 2.2454767 2.3562852 2.3184315 2.4040479 2.4920996 2.3000243 2.3143208 2.5549369 2.2835407 2.3624807 1.6106785 0.6728992 2.1766362 1.3349532 0.0000000 1.4070104 2.3072443 1.8614259 1.6930455 1.7888384 1.8933748 0.6794208 1.8709159 0.6478130 1.7308291 2.3802431 2.5424025 2.4271935 2.2948780 
yHAB147_Kazachstania_taianensis             2.4393591 1.7868731 2.1060654 2.6360566 2.3452672 3.1450702 2.3803055 2.4107074 2.3500636 2.9101494 8.2560206 2.2638500 2.3031740 2.2266253 2.2692695 2.2947837 2.2111764 2.2563628 2.7558890 2.3328681 2.4465809 1.6500207 1.3716375 1.9814800 1.3444382 1.4070104 0.0000000 2.2856619 1.7284299 1.8033828 1.7389148 1.8552338 1.2186506 1.8784992 1.2607659 1.7667861 2.6382175 2.5490466 2.6137531 2.5577266 
yHAB148_Kazachstania_intestinalis           3.2329878 2.4006498 2.9939352 3.3146130 3.2073551 3.6268421 3.2923026 3.1568958 3.2744190 3.5110617 8.9999984 3.1404578 3.2137793 3.0075809 3.0808782 3.0590073 3.0890826 3.0101223 3.0090249 2.9408720 2.9887671 1.9934716 2.2779846 2.7638226 2.2646046 2.3072443 2.2856619 0.0000000 2.3243879 2.9892061 2.3138815 2.4558858 2.3044874 2.7168737 2.3662867 2.8742188 3.0568618 3.2285154 3.0707328 2.8274238 
yHAB153_Kazachstania_rosinii                2.5920614 1.3896945 2.4636814 2.5670500 2.3171056 3.3324483 2.3506633 2.2412597 2.2794726 2.6495880 8.1200772 2.0416870 2.1748470 2.1189478 2.2187331 2.1847619 2.0883624 2.1110585 2.4474866 2.3895852 2.3471840 1.4653497 1.7740959 1.4988975 1.6772421 1.8614259 1.7284299 2.3243879 0.0000000 2.2135841 1.0081781 1.5864169 1.8566721 1.2307916 1.8467373 2.2410823 2.5400565 2.4934061 2.6091574 2.4704109 
yHAB154_Kazachstania_transvaalensis         3.1123551 2.1963981 2.9185166 3.0858495 2.9807062 3.8052411 3.0364377 2.8595249 2.6955058 3.1414452 8.9999987 2.7888191 2.8896521 2.8132140 2.9729962 3.0085605 2.8259400 2.8604090 3.2784170 2.7514595 3.2769784 2.0278862 1.6320123 2.6445867 1.8076221 1.6930455 1.8033828 2.9892061 2.2135841 0.0000000 2.1735385 2.5292486 1.6208195 2.5144507 1.6761908 0.4653484 2.9536668 3.0196300 2.9487451 2.7443131 
yHAB155_Kazachstania_spencerorum            2.7231725 1.6488450 2.6351055 2.5751353 2.4829996 3.2788829 2.5130565 2.4245798 2.3149927 2.5591645 8.7167190 2.2347116 2.3420854 2.2883998 2.2795367 2.3490391 2.3547628 2.2991864 2.5110499 2.3285219 2.4632515 1.5132241 1.7496033 1.4274533 1.6954735 1.7888384 1.7389148 2.3138815 1.0081781 2.1735385 0.0000000 1.6244592 1.7681889 1.2659953 1.7992614 1.9992144 2.4112106 2.4345788 2.5168569 2.6141614 
yHAB158_Kazachstania_viticola               2.6259334 1.6116532 2.7764216 2.7624320 2.6109820 3.2584741 2.4826677 2.4181224 2.2955362 2.9008095 8.5296469 2.3254570 2.4662125 2.4493470 2.4996821 2.5901283 2.5006970 2.6080974 2.5038303 2.2668041 2.4292186 1.5798769 1.8801607 1.9170731 1.7898082 1.8933748 1.8552338 2.4558858 1.5864169 2.5292486 1.6244592 0.0000000 1.8431933 1.6051935 1.8862932 2.4486303 2.3084950 2.4543661 2.4105192 2.4150581 
yHAB159_Kazachstania_solicola               2.4689770 1.6928946 2.2049720 2.5342910 2.4654045 3.4184191 2.4635202 2.3785722 2.2938422 2.7005829 8.9999982 2.1148197 2.2302977 2.1372299 2.1948793 2.2606336 2.1261270 2.1763918 2.4846137 2.2144585 2.2867158 1.5444278 0.3476816 1.9558883 1.2563637 0.6794208 1.2186506 2.3044874 1.8566721 1.6208195 1.7681889 1.8431933 0.0000000 1.8814965 0.1246731 1.6130315 2.3692477 2.5146595 2.4429635 2.2064207 
yHAB160_Kazachstania_kunashirensis          2.6868168 1.6022170 2.7145183 2.7771314 2.3652634 3.5123735 2.5350540 2.3957245 2.5133147 2.7981792 8.9999984 2.3919172 2.4273925 2.4034797 2.4512251 2.5649134 2.4263292 2.4660735 2.3931572 2.3156838 2.6778855 1.5361476 1.9744723 1.2075056 1.7384999 1.8709159 1.8784992 2.7168737 1.2307916 2.5144507 1.2659953 1.6051935 1.8814965 0.0000000 1.9185228 2.4146152 2.2848307 2.1442028 2.3647549 2.3827230 
yHAB164_Kazachstania_aerobia                2.6221829 1.7111112 2.2979362 2.4917704 2.6389588 3.4168185 2.5569562 2.4820227 2.3661138 2.7298481 8.9999982 2.1232759 2.2172381 2.1383377 2.1923018 2.2454390 2.0803087 2.2158821 2.4879221 2.2713874 2.3422039 1.5175449 0.3159217 1.9953096 1.2604600 0.6478130 1.2607659 2.3662867 1.8467373 1.6761908 1.7992614 1.8862932 0.1246731 1.9185228 0.0000000 1.6005883 2.3523093 2.6196870 2.4369047 2.2158755 
yHAB166_Kazachstania_yakushimaensis         3.1176837 2.3437859 2.9332547 3.0438525 2.9607223 3.9106467 3.0657875 2.8595522 2.6588061 3.1355339 8.9999984 2.8657610 2.9436983 2.8157731 2.8700519 3.0333602 2.8445543 2.8659714 3.2249197 2.8760856 3.2860306 2.0878722 1.5721349 2.4630587 1.8290969 1.7308291 1.7667861 2.8742188 2.2410823 0.4653484 1.9992144 2.4486303 1.6130315 2.4146152 1.6005883 0.0000000 2.9150679 3.0533629 2.9479781 2.7514024 
yHMPu5000034875_Tetrapisispora_fleetii      2.2997337 2.3174341 3.3942942 2.1949336 2.0661625 3.0050744 1.9750043 1.8607949 2.1141284 2.6210098 8.9999988 2.0682901 2.1709728 2.0668918 2.0520647 2.1346483 2.1376659 2.1216493 1.6816824 0.5998316 1.5440482 2.3956046 2.3805211 2.5881578 2.4325994 2.3802431 2.6382175 3.0568618 2.5400565 2.9536668 2.4112106 2.3084950 2.3692477 2.2848307 2.3523093 2.9150679 0.0000000 0.9598586 0.3455336 1.8182593 
yHMPu5000034876_Tetrapisispora_iriomotensis 2.0581118 2.5360985 3.1966525 2.1693737 1.9792775 2.8509684 2.0891509 1.8815066 2.1281757 2.8053304 8.9999982 1.9670393 2.0602442 2.0104145 2.0056721 2.0271814 2.0720940 2.0299161 2.0004945 0.9110529 1.5793395 2.4667644 2.6896460 2.7247215 2.5463098 2.5424025 2.5490466 3.2285154 2.4934061 3.0196300 2.4345788 2.4543661 2.5146595 2.1442028 2.6196870 3.0533629 0.9598586 0.0000000 1.0681439 2.0017902 
yHMPu5000034877_Tetrapisispora_namnaonensis 2.2656228 2.4542095 3.3651517 2.1579331 2.1033872 3.1218762 1.9359966 1.9363552 2.1565473 2.7514808 8.9999986 2.2709789 2.3188154 2.3009889 2.2489078 2.2841240 2.2714237 2.3562977 1.7271754 0.6951037 1.5684027 2.3756220 2.3784867 2.7234128 2.3672841 2.4271935 2.6137531 3.0707328 2.6091574 2.9487451 2.5168569 2.4105192 2.4429635 2.3647549 2.4369047 2.9479781 0.3455336 1.0681439 0.0000000 1.8295837 
yHMPu5000035629_Yueomyces_sinensis          2.1159858 2.4280247 3.7039834 2.0651359 1.9832624 2.8008503 2.0464580 2.0918699 2.2399368 2.6027736 8.9999986 1.9201573 2.0196692 2.0013513 2.0633699 2.0679430 2.0255379 2.0091146 1.2157249 1.8198905 1.8868270 2.2457903 2.2009421 2.4962773 2.4347960 2.2948780 2.5577266 2.8274238 2.4704109 2.7443131 2.6141614 2.4150581 2.2064207 2.3827230 2.2158755 2.7514024 1.8182593 2.0017902 1.8295837 0.0000000 
