40
Candida_glabrata                            0.0000000 0.7759489 1.0081852 1.1831068 0.5552047 1.5639951 0.6409255 0.5397815 0.7907006 0.9156463 2.8013276 0.9687297 0.9389241 1.0384191 0.9589295 0.9235564 1.0229285 1.0485595 0.9152670 1.0138358 1.0457836 0.9267777 0.9696358 0.9143469 0.8810946 1.1872586 0.7521911 0.9995752 0.8700598 0.9194025 0.9559226 0.9083876 0.9358090 0.8534937 0.9483880 0.8773027 1.0212933 0.9733652 0.9569069 0.9472915 
Kazachstania_africana                       0.7759489 0.0000000 0.9917487 1.0101074 0.8509329 1.6601630 0.8085175 0.7594203 0.6205424 0.7107208 2.9282789 0.7501453 0.7358733 0.7358337 0.7272633 0.7371107 0.7536174 0.7642212 0.6497062 0.7429898 0.9587342 0.7168843 0.8990496 0.6982190 0.5976385 0.9081844 0.6457333 0.7794714 0.6827762 0.6628615 0.6537745 0.5359366 0.9248711 0.5773149 0.9186404 0.6520922 0.7101902 0.7564862 0.6774757 0.7075753 
Kazachstania_naganishii                     1.0081852 0.9917487 0.0000000 1.0640334 1.0639282 1.4826947 1.0438967 0.9994579 0.8969239 0.8836956 2.3671253 0.9202371 0.9193032 1.0094219 0.8544003 0.8328411 0.8865963 0.9878736 0.9683549 0.9795135 0.9010672 0.9023417 1.1634668 1.0284219 0.8119874 1.0782907 0.6659113 0.7769617 0.7746187 1.0196898 0.9965928 1.0512401 1.1296631 1.0633374 1.2578527 0.9897368 1.0080073 0.9387624 0.9964482 1.1009912 
Nakaseomyces_bacillisporus                  1.1831068 1.0101074 1.0640334 0.0000000 0.9841269 1.6217801 1.0450740 0.9387856 0.8606835 0.8627871 3.2562743 0.9982642 0.9717345 1.0303236 1.0123947 0.9638461 0.9745387 1.0460939 1.0576627 0.8921879 0.9044270 0.9833491 1.0938188 0.8597868 0.8534885 1.1707339 0.9235889 0.9442819 0.9579026 1.0984173 1.0539601 0.9490569 1.0107927 0.9674080 1.0806027 1.0083490 0.9699421 0.9085059 0.9942160 0.9088701 
Nakaseomyces_bracarensis                    0.5552047 0.8509329 1.0639282 0.9841269 0.0000000 1.4723993 0.4081573 0.3860572 0.7684660 0.8512870 2.8519554 0.8166479 0.8215395 0.7705638 0.9048883 0.8159401 0.8148762 0.7963011 1.0016748 0.8363891 0.9822705 0.8758959 1.0090146 0.8408736 0.7480805 1.1118052 0.7993004 0.8715626 0.7222172 0.9054113 0.7910624 0.9341246 0.9222210 0.9069201 0.8803432 0.8918354 0.9163551 0.9159188 0.8943092 0.9454621 
Nakaseomyces_castellii                      1.5639951 1.6601630 1.4826947 1.6217801 1.4723993 0.0000000 1.4696921 1.5048099 1.5120464 1.6725930 2.7467089 1.2432598 1.4043917 1.3674578 1.3291748 1.4123167 1.4324788 1.4220115 1.7014293 1.4884858 1.2804092 1.6251011 1.8442725 1.6995844 1.6081045 1.6373450 1.5380678 1.5570483 1.6434125 1.4902398 1.6836280 1.6111540 1.7079415 1.6489594 1.7750290 1.5276531 1.6057312 1.5307333 1.5136039 1.6988527 
Nakaseomyces_delphensis                     0.6409255 0.8085175 1.0438967 1.0450740 0.4081573 1.4696921 0.0000000 0.2759442 0.7520788 0.8739541 2.6576097 0.7962556 0.8515303 0.8448366 0.7856911 0.7687319 0.8665425 0.8404706 0.8507339 0.8396919 0.9135162 0.8837598 1.0628247 0.8793498 0.8776083 1.2119964 0.7711332 0.8804146 0.8032546 0.9090708 0.8961718 0.9809575 0.9931756 0.8810235 0.9048944 0.8555446 0.8529309 0.8140070 0.7943283 0.8363203 
Nakaseomyces_nivariensis                    0.5397815 0.7594203 0.9994579 0.9387856 0.3860572 1.5048099 0.2759442 0.0000000 0.7188926 0.8614220 2.8946457 0.8160559 0.8123227 0.8025595 0.8288574 0.7861743 0.8378850 0.8155742 0.8522907 0.8661631 0.9751161 0.7397232 0.9210314 0.8585340 0.7085437 1.1810767 0.7704513 0.8208223 0.7487318 0.8851795 0.8584493 0.9635067 0.8854028 0.7914795 0.8874853 0.7937188 0.8327081 0.7630232 0.8071788 0.8234883 
Naumovozyma_castellii                       0.7907006 0.6205424 0.8969239 0.8606835 0.7684660 1.5120464 0.7520788 0.7188926 0.0000000 0.4387308 2.6779111 0.5419616 0.4512027 0.5487712 0.5663234 0.5478093 0.4872747 0.5543978 0.5336785 0.6439638 0.6110908 0.5298851 0.7815282 0.5894395 0.5462821 0.8512778 0.5794825 0.7814620 0.6844850 0.7223098 0.6697257 0.6798965 0.7043317 0.5700100 0.6968032 0.6887084 0.6635404 0.6474841 0.6699888 0.6682515 
Naumovozyma_dairenensis                     0.9156463 0.7107208 0.8836956 0.8627871 0.8512870 1.6725930 0.8739541 0.8614220 0.4387308 0.0000000 2.8497505 0.5710398 0.6121330 0.6097744 0.6876064 0.6765931 0.6393580 0.6444450 0.5671207 0.6365416 0.6466010 0.5858505 0.8859297 0.6809462 0.6112598 0.8642940 0.7019194 0.9906697 0.7695670 0.7538957 0.7147801 0.6301459 0.8549792 0.6490621 0.8581575 0.7476377 0.6739205 0.5394108 0.6976929 0.6361522 
Neurospora_crassa                           2.8013276 2.9282789 2.3671253 3.2562743 2.8519554 2.7467089 2.6576097 2.8946457 2.6779111 2.8497505 0.0000000 2.4190989 2.4168770 2.4424036 2.3438234 2.5440632 2.5699770 2.4624703 3.2512432 2.9243323 2.5205036 2.7217260 3.4363515 2.8159084 3.2833627 3.5321153 2.2289159 2.7127214 2.4257415 3.0348853 2.7199808 2.9673610 3.0466879 2.7783934 3.2555568 2.8977557 2.8054789 2.8921964 2.9338930 2.9763141 
Saccharomyces_arboricola                    0.9687297 0.7501453 0.9202371 0.9982642 0.8166479 1.2432598 0.7962556 0.8160559 0.5419616 0.5710398 2.4190989 0.0000000 0.2089681 0.2058239 0.2039441 0.2130522 0.2025272 0.2182858 0.6315130 0.6396843 0.7843870 0.5698635 1.0020374 0.6879925 0.6660461 1.1506484 0.6846106 0.7934633 0.7368142 0.7888255 0.8240470 0.7097832 0.9680977 0.7093775 0.9347332 0.8017693 0.7074314 0.6424103 0.7466515 0.8377048 
Saccharomyces_cerevisiae                    0.9389241 0.7358733 0.9193032 0.9717345 0.8215395 1.4043917 0.8515303 0.8123227 0.4512027 0.6121330 2.4168770 0.2089681 0.0000000 0.2192132 0.2076739 0.1801644 0.0956544 0.2401272 0.6008664 0.6265751 0.7334273 0.5451278 0.9814456 0.7316788 0.6304370 1.0770788 0.6450600 0.8456222 0.7285134 0.7379234 0.7918457 0.6887156 1.0143737 0.7454306 0.9651898 0.6940748 0.7237299 0.6545907 0.7107161 0.7521091 
Saccharomyces_eubayanus                     1.0384191 0.7358337 1.0094219 1.0303236 0.7705638 1.3674578 0.8448366 0.8025595 0.5487712 0.6097744 2.4424036 0.2058239 0.2192132 0.0000000 0.2147151 0.2591855 0.2112390 0.0648844 0.6043940 0.6349850 0.7572912 0.6184415 1.0521292 0.7522913 0.6368042 1.2002071 0.7109791 0.8450340 0.6704017 0.7275375 0.8338274 0.6641029 0.9751755 0.6849932 0.9220760 0.6894923 0.7243897 0.6303969 0.6925628 0.7150291 
Saccharomyces_kudriavzevii                  0.9589295 0.7272633 0.8544003 1.0123947 0.9048883 1.3291748 0.7856911 0.8288574 0.5663234 0.6876064 2.3438234 0.2039441 0.2076739 0.2147151 0.0000000 0.2349483 0.2100626 0.2245135 0.7002478 0.6893359 0.8325875 0.6124956 1.0529522 0.8006171 0.7151381 1.1527035 0.6764679 0.8775252 0.8064824 0.7886917 0.8789033 0.7800176 0.9365394 0.7939551 0.9365123 0.7729804 0.7514923 0.7201721 0.7611478 0.8117225 
Saccharomyces_mikatae                       0.9235564 0.7371107 0.8328411 0.9638461 0.8159401 1.4123167 0.7687319 0.7861743 0.5478093 0.6765931 2.5440632 0.2130522 0.1801644 0.2591855 0.2349483 0.0000000 0.1880774 0.2747266 0.6931278 0.6489621 0.8001062 0.5767759 0.9997739 0.7706775 0.6715797 1.0559729 0.6545853 0.7944868 0.7578121 0.7271914 0.9383921 0.7628130 0.9313222 0.7249611 0.9086017 0.6893985 0.7286444 0.6853994 0.7473742 0.7471896 
Saccharomyces_paradoxus                     1.0229285 0.7536174 0.8865963 0.9745387 0.8148762 1.4324788 0.8665425 0.8378850 0.4872747 0.6393580 2.5699770 0.2025272 0.0956544 0.2112390 0.2100626 0.1880774 0.0000000 0.2375931 0.6580496 0.6280021 0.7088555 0.5618929 1.0439682 0.7125600 0.6724422 1.1706508 0.6573207 0.8852271 0.7237426 0.7815217 0.8517845 0.7492052 1.0144484 0.7348502 0.9586807 0.7525422 0.7002460 0.6739714 0.7384015 0.7971012 
Saccharomyces_uvarum                        1.0485595 0.7642212 0.9878736 1.0460939 0.7963011 1.4220115 0.8404706 0.8155742 0.5543978 0.6444450 2.4624703 0.2182858 0.2401272 0.0648844 0.2245135 0.2747266 0.2375931 0.0000000 0.6512796 0.6235845 0.7182637 0.6285296 1.0578981 0.7190025 0.6716282 1.1824951 0.7144640 0.8013132 0.6698873 0.7838207 0.8564195 0.6878318 0.9447119 0.7108204 0.9270159 0.7116528 0.7271050 0.6624142 0.7044908 0.7445434 
Tetrapisispora_blattae                      0.9152670 0.6497062 0.9683549 1.0576627 1.0016748 1.7014293 0.8507339 0.8522907 0.5336785 0.5671207 3.2512432 0.6315130 0.6008664 0.6043940 0.7002478 0.6931278 0.6580496 0.6512796 0.0000000 0.6312202 0.7511709 0.6268257 0.8420524 0.7518979 0.6236829 1.0696967 0.8413580 0.8306695 0.7554368 0.6980808 0.7640272 0.6820243 0.9092373 0.7594434 0.8295200 0.6467460 0.6651240 0.6216219 0.6582041 0.6524581 
Tetrapisispora_phaffii                      1.0138358 0.7429898 0.9795135 0.8921879 0.8363891 1.4884858 0.8396919 0.8661631 0.6439638 0.6365416 2.9243323 0.6396843 0.6265751 0.6349850 0.6893359 0.6489621 0.6280021 0.6235845 0.6312202 0.0000000 0.7341443 0.6552633 0.8901724 0.7331515 0.7000679 1.0699116 0.9112363 0.8803129 0.8072267 0.9346497 0.9042269 0.6850418 0.9764558 0.6779995 0.9274142 0.7125610 0.2691120 0.3669340 0.2906087 0.7355363 
Vanderwaltozyma_polyspora                   1.0457836 0.9587342 0.9010672 0.9044270 0.9822705 1.2804092 0.9135162 0.9751161 0.6110908 0.6466010 2.5205036 0.7843870 0.7334273 0.7572912 0.8325875 0.8001062 0.7088555 0.7182637 0.7511709 0.7341443 0.0000000 0.7293671 0.9863391 0.7620364 0.8180059 1.0164095 0.7974848 0.9407892 0.9136214 0.9412063 0.8383170 0.8857080 0.9913693 0.8495554 1.0230572 0.8568621 0.7654390 0.7334445 0.7967842 0.7122720 
yHAB132_Kazachstania_martiniae              0.9267777 0.7168843 0.9023417 0.9833491 0.8758959 1.6251011 0.8837598 0.7397232 0.5298851 0.5858505 2.7217260 0.5698635 0.5451278 0.6184415 0.6124956 0.5767759 0.5618929 0.6285296 0.6268257 0.6552633 0.7293671 0.0000000 0.8092063 0.6196237 0.5721304 0.8617487 0.6625618 0.7536343 0.6052089 0.6972923 0.6646654 0.7338862 0.8807700 0.5496250 0.8677179 0.5900864 0.6973963 0.6636467 0.7452436 0.6473536 
yHAB133_Kazachstania_unispora               0.9696358 0.8990496 1.1634668 1.0938188 1.0090146 1.8442725 1.0628247 0.9210314 0.7815282 0.8859297 3.4363515 1.0020374 0.9814456 1.0521292 1.0529522 0.9997739 1.0439682 1.0578981 0.8420524 0.8901724 0.9863391 0.8092063 0.0000000 0.8147913 0.6860131 0.4173770 0.9652583 0.9375177 0.9929218 0.7669604 0.8752848 0.8410197 0.2529909 0.8855568 0.2382146 0.6707201 0.9151755 0.9905765 1.0117815 0.9107954 
yHAB134_Kazachstania_turicensis             0.9143469 0.6982190 1.0284219 0.8597868 0.8408736 1.6995844 0.8793498 0.8585340 0.5894395 0.6809462 2.8159084 0.6879925 0.7316788 0.7522913 0.8006171 0.7706775 0.7125600 0.7190025 0.7518979 0.7331515 0.7620364 0.6196237 0.8147913 0.0000000 0.5868553 0.9005427 0.7846701 0.8276774 0.6653933 0.9736610 0.5925264 0.6572449 0.8541911 0.3951634 0.7831050 0.7745003 0.7337382 0.8624655 0.8306570 0.7841251 
yHAB136_Kazachstania_bromeliacearum         0.8810946 0.5976385 0.8119874 0.8534885 0.7480805 1.6081045 0.8776083 0.7085437 0.5462821 0.6112598 3.2833627 0.6660461 0.6304370 0.6368042 0.7151381 0.6715797 0.6724422 0.6716282 0.6236829 0.7000679 0.8180059 0.5721304 0.6860131 0.5868553 0.0000000 0.8854749 0.6020255 0.7037658 0.6778140 0.6477817 0.7076894 0.6288418 0.7939750 0.5109920 0.7784109 0.5373502 0.7365416 0.6983995 0.7481996 0.7645048 
yHAB143_Kazachstania_siamensis              1.1872586 0.9081844 1.0782907 1.1707339 1.1118052 1.6373450 1.2119964 1.1810767 0.8512778 0.8642940 3.5321153 1.1506484 1.0770788 1.2002071 1.1527035 1.0559729 1.1706508 1.1824951 1.0696967 1.0699116 1.0164095 0.8617487 0.4173770 0.9005427 0.8854749 0.0000000 0.9805201 0.9817914 1.1179315 0.8384318 0.8422007 0.8961398 0.4318105 0.9089036 0.4404851 0.7916298 1.1473433 1.1255701 1.0725116 1.0343277 
yHAB147_Kazachstania_taianensis             0.7521911 0.6457333 0.6659113 0.9235889 0.7993004 1.5380678 0.7711332 0.7704513 0.5794825 0.7019194 2.2289159 0.6846106 0.6450600 0.7109791 0.6764679 0.6545853 0.6573207 0.7144640 0.8413580 0.9112363 0.7974848 0.6625618 0.9652583 0.7846701 0.6020255 0.9805201 0.0000000 0.8441274 0.5566492 0.8273615 0.6804590 0.7023500 0.8352775 0.7595416 0.9656848 0.8101765 0.9344134 0.8392815 0.9268853 0.9347803 
yHAB148_Kazachstania_intestinalis           0.9995752 0.7794714 0.7769617 0.9442819 0.8715626 1.5570483 0.8804146 0.8208223 0.7814620 0.9906697 2.7127214 0.7934633 0.8456222 0.8450340 0.8775252 0.7944868 0.8852271 0.8013132 0.8306695 0.8803129 0.9407892 0.7536343 0.9375177 0.8276774 0.7037658 0.9817914 0.8441274 0.0000000 0.8291429 0.7202946 0.8914004 0.8218426 0.8835001 0.8065820 0.9529256 0.7483577 0.9636972 0.8113396 0.9690857 0.8924073 
yHAB153_Kazachstania_rosinii                0.8700598 0.6827762 0.7746187 0.9579026 0.7222172 1.6434125 0.8032546 0.7487318 0.6844850 0.7695670 2.4257415 0.7368142 0.7285134 0.6704017 0.8064824 0.7578121 0.7237426 0.6698873 0.7554368 0.8072267 0.9136214 0.6052089 0.9929218 0.6653933 0.6778140 1.1179315 0.5566492 0.8291429 0.0000000 0.8840347 0.5307518 0.7663116 0.9885213 0.5765313 1.0308378 0.8245604 0.8964545 0.7804257 0.8385968 0.6669141 
yHAB154_Kazachstania_transvaalensis         0.9194025 0.6628615 1.0196898 1.0984173 0.9054113 1.4902398 0.9090708 0.8851795 0.7223098 0.7538957 3.0348853 0.7888255 0.7379234 0.7275375 0.7886917 0.7271914 0.7815217 0.7838207 0.6980808 0.9346497 0.9412063 0.6972923 0.7669604 0.9736610 0.6477817 0.8384318 0.8273615 0.7202946 0.8840347 0.0000000 0.8119162 0.7081827 0.8359392 0.7012909 0.7815072 0.2402963 0.9600163 0.8547536 0.9598856 0.7084103 
yHAB155_Kazachstania_spencerorum            0.9559226 0.6537745 0.9965928 1.0539601 0.7910624 1.6836280 0.8961718 0.8584493 0.6697257 0.7147801 2.7199808 0.8240470 0.7918457 0.8338274 0.8789033 0.9383921 0.8517845 0.8564195 0.7640272 0.9042269 0.8383170 0.6646654 0.8752848 0.5925264 0.7076894 0.8422007 0.6804590 0.8914004 0.5307518 0.8119162 0.0000000 0.6516747 0.8976035 0.5649885 0.8601205 0.7118221 0.9476739 0.8535251 0.9174790 0.7873035 
yHAB158_Kazachstania_viticola               0.9083876 0.5359366 1.0512401 0.9490569 0.9341246 1.6111540 0.9809575 0.9635067 0.6798965 0.6301459 2.9673610 0.7097832 0.6887156 0.6641029 0.7800176 0.7628130 0.7492052 0.6878318 0.6820243 0.6850418 0.8857080 0.7338862 0.8410197 0.6572449 0.6288418 0.8961398 0.7023500 0.8218426 0.7663116 0.7081827 0.6516747 0.0000000 0.9675735 0.6437566 0.9278235 0.6570597 0.7497491 0.6687928 0.6725439 0.7244150 
yHAB159_Kazachstania_solicola               0.9358090 0.9248711 1.1296631 1.0107927 0.9222210 1.7079415 0.9931756 0.8854028 0.7043317 0.8549792 3.0466879 0.9680977 1.0143737 0.9751755 0.9365394 0.9313222 1.0144484 0.9447119 0.9092373 0.9764558 0.9913693 0.8807700 0.2529909 0.8541911 0.7939750 0.4318105 0.8352775 0.8835001 0.9885213 0.8359392 0.8976035 0.9675735 0.0000000 0.9229278 0.0960042 0.8043700 1.0611817 1.1014667 1.0302334 0.9517534 
yHAB160_Kazachstania_kunashirensis          0.8534937 0.5773149 1.0633374 0.9674080 0.9069201 1.6489594 0.8810235 0.7914795 0.5700100 0.6490621 2.7783934 0.7093775 0.7454306 0.6849932 0.7939551 0.7249611 0.7348502 0.7108204 0.7594434 0.6779995 0.8495554 0.5496250 0.8855568 0.3951634 0.5109920 0.9089036 0.7595416 0.8065820 0.5765313 0.7012909 0.5649885 0.6437566 0.9229278 0.0000000 0.8486187 0.5783245 0.7885759 0.8140571 0.8049662 0.6603392 
yHAB164_Kazachstania_aerobia                0.9483880 0.9186404 1.2578527 1.0806027 0.8803432 1.7750290 0.9048944 0.8874853 0.6968032 0.8581575 3.2555568 0.9347332 0.9651898 0.9220760 0.9365123 0.9086017 0.9586807 0.9270159 0.8295200 0.9274142 1.0230572 0.8677179 0.2382146 0.7831050 0.7784109 0.4404851 0.9656848 0.9529256 1.0308378 0.7815072 0.8601205 0.9278235 0.0960042 0.8486187 0.0000000 0.7227485 1.0715212 1.0831900 0.9995536 0.9207992 
yHAB166_Kazachstania_yakushimaensis         0.8773027 0.6520922 0.9897368 1.0083490 0.8918354 1.5276531 0.8555446 0.7937188 0.6887084 0.7476377 2.8977557 0.8017693 0.6940748 0.6894923 0.7729804 0.6893985 0.7525422 0.7116528 0.6467460 0.7125610 0.8568621 0.5900864 0.6707201 0.7745003 0.5373502 0.7916298 0.8101765 0.7483577 0.8245604 0.2402963 0.7118221 0.6570597 0.8043700 0.5783245 0.7227485 0.0000000 0.7283497 0.6863007 0.7433846 0.6455882 
yHMPu5000034875_Tetrapisispora_fleetii      1.0212933 0.7101902 1.0080073 0.9699421 0.9163551 1.6057312 0.8529309 0.8327081 0.6635404 0.6739205 2.8054789 0.7074314 0.7237299 0.7243897 0.7514923 0.7286444 0.7002460 0.7271050 0.6651240 0.2691120 0.7654390 0.6973963 0.9151755 0.7337382 0.7365416 1.1473433 0.9344134 0.9636972 0.8964545 0.9600163 0.9476739 0.7497491 1.0611817 0.7885759 1.0715212 0.7283497 0.0000000 0.3551016 0.2111515 0.6933476 
yHMPu5000034876_Tetrapisispora_iriomotensis 0.9733652 0.7564862 0.9387624 0.9085059 0.9159188 1.5307333 0.8140070 0.7630232 0.6474841 0.5394108 2.8921964 0.6424103 0.6545907 0.6303969 0.7201721 0.6853994 0.6739714 0.6624142 0.6216219 0.3669340 0.7334445 0.6636467 0.9905765 0.8624655 0.6983995 1.1255701 0.8392815 0.8113396 0.7804257 0.8547536 0.8535251 0.6687928 1.1014667 0.8140571 1.0831900 0.6863007 0.3551016 0.0000000 0.3844376 0.5980872 
yHMPu5000034877_Tetrapisispora_namnaonensis 0.9569069 0.6774757 0.9964482 0.9942160 0.8943092 1.5136039 0.7943283 0.8071788 0.6699888 0.6976929 2.9338930 0.7466515 0.7107161 0.6925628 0.7611478 0.7473742 0.7384015 0.7044908 0.6582041 0.2906087 0.7967842 0.7452436 1.0117815 0.8306570 0.7481996 1.0725116 0.9268853 0.9690857 0.8385968 0.9598856 0.9174790 0.6725439 1.0302334 0.8049662 0.9995536 0.7433846 0.2111515 0.3844376 0.0000000 0.7325110 
yHMPu5000035629_Yueomyces_sinensis          0.9472915 0.7075753 1.1009912 0.9088701 0.9454621 1.6988527 0.8363203 0.8234883 0.6682515 0.6361522 2.9763141 0.8377048 0.7521091 0.7150291 0.8117225 0.7471896 0.7971012 0.7445434 0.6524581 0.7355363 0.7122720 0.6473536 0.9107954 0.7841251 0.7645048 1.0343277 0.9347803 0.8924073 0.6669141 0.7084103 0.7873035 0.7244150 0.9517534 0.6603392 0.9207992 0.6455882 0.6933476 0.5980872 0.7325110 0.0000000 
