40
Candida_glabrata                            0.0000000 0.8917041 0.9565887 0.9949972 0.5000601 1.2255177 0.6056246 0.4998426 0.9070733 0.8897254 2.4350141 0.9451415 0.9368037 0.8525832 0.8733827 0.8953832 0.9288530 0.9045285 1.1131658 0.8453414 0.8220659 0.8776137 0.7822264 0.8625180 0.7991983 0.8083251 1.8379205 0.9674339 0.7862809 1.0269452 0.8379983 0.8800913 0.8271916 0.7315518 0.8508757 1.0952003 0.8251028 0.7827433 0.8180388 1.5462825 
Kazachstania_africana                       0.8917041 0.0000000 0.8178983 0.9037509 0.7703067 1.3337182 0.7719174 0.7718712 0.6046558 0.6340783 2.6091591 0.7859733 0.6837609 0.7481298 0.7384622 0.7435495 0.6935956 0.7412455 0.8187571 0.6323422 0.6886950 0.5030538 0.5760972 0.6581716 0.5650669 0.5951608 1.5814339 0.7781538 0.6328701 0.8510299 0.6204937 0.5694577 0.5926436 0.5943892 0.5796401 0.8614808 0.6172359 0.6225303 0.6565364 1.3685788 
Kazachstania_naganishii                     0.9565887 0.8178983 0.0000000 1.1221503 0.7690613 1.2524365 0.8430343 0.7545829 0.8843613 0.7795617 2.3667674 0.9339536 0.9037290 0.8812688 0.8724317 0.9683760 0.9023655 0.8781463 1.1109007 0.9202265 0.9125508 0.7514588 0.7273947 0.7577744 0.6404947 0.6903411 1.4836841 0.8957945 0.7408269 1.0330012 0.8385065 0.8231998 0.7102966 0.8514229 0.7242040 0.9009509 0.9248205 0.9192015 0.8597027 1.8781391 
Nakaseomyces_bacillisporus                  0.9949972 0.9037509 1.1221503 0.0000000 0.9153257 1.3162738 1.0246501 0.9158221 0.9052946 0.9467525 2.8500653 0.9765762 0.9575331 1.0079687 0.9523469 0.9793705 0.9974324 1.0664006 0.8801220 0.8950848 0.9554408 1.0449638 1.0294840 1.0562559 0.9838677 0.9518852 1.8217080 1.1353389 1.0005766 1.1663914 0.9818642 1.0438345 1.0379926 1.0283441 1.0236707 1.1065185 0.9066602 0.8998039 0.9309369 1.5084951 
Nakaseomyces_bracarensis                    0.5000601 0.7703067 0.7690613 0.9153257 0.0000000 1.2395183 0.3523875 0.2846491 0.7158081 0.6512308 2.2053604 0.7517294 0.7727862 0.7428338 0.7675703 0.8104738 0.7770999 0.7599186 0.9904138 0.7367033 0.6959212 0.7005109 0.6878183 0.7017852 0.6457910 0.6459971 1.8139305 0.8171529 0.6683342 0.8853628 0.7205712 0.7150676 0.6911735 0.7364095 0.6747254 0.8536377 0.6800814 0.6404902 0.7088004 1.4039335 
Nakaseomyces_castellii                      1.2255177 1.3337182 1.2524365 1.3162738 1.2395183 0.0000000 1.2332796 1.3373071 1.3127957 1.1658140 2.3288326 1.2623291 1.2644248 1.3596247 1.2326587 1.2518938 1.2300182 1.3284675 1.5127182 1.3974584 1.2251112 1.0893248 1.2961337 1.1573608 1.3438283 1.2529078 1.7766568 1.2689418 1.1937633 1.2713836 1.2017148 1.2327396 1.2493344 1.1913893 1.2552154 1.2337878 1.3535978 1.2715169 1.3108056 2.1653720 
Nakaseomyces_delphensis                     0.6056246 0.7719174 0.8430343 1.0246501 0.3523875 1.2332796 0.0000000 0.2887020 0.8044173 0.7450038 2.2876338 0.9179798 0.9042043 0.9424828 0.8794702 0.9446765 0.9047790 0.9740274 1.0283087 0.8481210 0.7791388 0.7609439 0.7183963 0.8081230 0.7707981 0.6764181 1.8301337 0.8562101 0.6852455 0.9844547 0.8524666 0.7569119 0.7094650 0.7684133 0.7045727 0.9246091 0.8544314 0.7857191 0.8566351 1.5156663 
Nakaseomyces_nivariensis                    0.4998426 0.7718712 0.7545829 0.9158221 0.2846491 1.3373071 0.2887020 0.0000000 0.7657008 0.6879011 2.3581247 0.8871780 0.8874149 0.8515906 0.8455447 0.9211611 0.8898956 0.8544133 0.9834456 0.7599450 0.7065115 0.7238348 0.6827638 0.7062568 0.7079397 0.6487594 1.9203040 0.8041019 0.6750226 0.9694368 0.7156959 0.7476294 0.6753348 0.7265205 0.7132360 0.9085145 0.7904013 0.7033195 0.7815130 1.3005645 
Naumovozyma_castellii                       0.9070733 0.6046558 0.8843613 0.9052946 0.7158081 1.3127957 0.8044173 0.7657008 0.0000000 0.4441004 2.4395775 0.7439122 0.7172329 0.7562765 0.7699905 0.7761404 0.7603479 0.7923988 0.8729202 0.6047561 0.5743237 0.5701064 0.5128402 0.7355250 0.5926660 0.6192051 1.8582558 0.7589217 0.6817264 0.7599264 0.6553630 0.6908580 0.5817388 0.6604917 0.5653482 0.7006235 0.6376609 0.6515381 0.6149244 1.4141466 
Naumovozyma_dairenensis                     0.8897254 0.6340783 0.7795617 0.9467525 0.6512308 1.1658140 0.7450038 0.6879011 0.4441004 0.0000000 2.4537089 0.6580887 0.6470068 0.6919772 0.6985362 0.6841109 0.6874241 0.7499259 0.7950081 0.5541964 0.5430657 0.5553784 0.5159545 0.6181463 0.5206716 0.5286157 1.8291916 0.7521216 0.5909956 0.8742431 0.5811951 0.5627427 0.5699345 0.5916484 0.5658574 0.7537259 0.5938466 0.5978132 0.6326168 1.2161449 
Neurospora_crassa                           2.4350141 2.6091591 2.3667674 2.8500653 2.2053604 2.3288326 2.2876338 2.3581247 2.4395775 2.4537089 0.0000000 2.3510355 2.3862604 2.1297820 2.2078850 2.4204021 2.3729424 2.0630902 2.9764788 2.5110370 2.4810538 2.5343155 2.4597078 2.4451008 2.4945976 2.4932368 2.3211003 2.7930538 2.5622108 2.2763098 2.5510708 2.6604907 2.4386871 2.6412573 2.4330470 2.5924595 2.5873493 2.3761297 2.5364609 3.0836695 
Saccharomyces_arboricola                    0.9451415 0.7859733 0.9339536 0.9765762 0.7517294 1.2623291 0.9179798 0.8871780 0.7439122 0.6580887 2.3510355 0.0000000 0.2232575 0.2296939 0.1893310 0.2115499 0.1893284 0.2061683 0.9013296 0.7776994 0.7359145 0.7966942 0.6711203 0.8392620 0.7521022 0.7094681 1.6571076 0.9477037 0.6769022 0.9289227 0.6781365 0.7542851 0.7683219 0.7956857 0.7676960 0.8722163 0.7007099 0.7127365 0.7369943 1.5556487 
Saccharomyces_cerevisiae                    0.9368037 0.6837609 0.9037290 0.9575331 0.7727862 1.2644248 0.9042043 0.8874149 0.7172329 0.6470068 2.3862604 0.2232575 0.0000000 0.2535078 0.2209101 0.2013218 0.1204906 0.2633280 0.8641981 0.7634693 0.6592741 0.7169553 0.6000927 0.8028617 0.6498328 0.6286397 1.6893372 0.8943481 0.6765688 0.8818336 0.6829741 0.7057872 0.6718159 0.7495052 0.6866932 0.8325604 0.6756777 0.7133897 0.7042821 1.4917201 
Saccharomyces_eubayanus                     0.8525832 0.7481298 0.8812688 1.0079687 0.7428338 1.3596247 0.9424828 0.8515906 0.7562765 0.6919772 2.1297820 0.2296939 0.2535078 0.0000000 0.2431032 0.2291303 0.2515966 0.0710177 0.9564170 0.7349966 0.7057821 0.8170899 0.6210946 0.7853594 0.7120074 0.6654654 1.5455200 0.9457806 0.6874785 0.9165216 0.7045252 0.7798299 0.6951329 0.7388241 0.6963243 0.8343998 0.6717571 0.7207802 0.6860487 1.4819786 
Saccharomyces_kudriavzevii                  0.8733827 0.7384622 0.8724317 0.9523469 0.7675703 1.2326587 0.8794702 0.8455447 0.7699905 0.6985362 2.2078850 0.1893310 0.2209101 0.2431032 0.0000000 0.2313419 0.2149180 0.2406830 0.9028800 0.7852526 0.7260581 0.8058652 0.6508512 0.8371275 0.7196480 0.6603136 1.6025557 0.9215987 0.7496722 0.9259033 0.7475315 0.7447746 0.7243129 0.7484020 0.7756602 0.8308165 0.7167430 0.6904981 0.7538685 1.5565156 
Saccharomyces_mikatae                       0.8953832 0.7435495 0.9683760 0.9793705 0.8104738 1.2518938 0.9446765 0.9211611 0.7761404 0.6841109 2.4204021 0.2115499 0.2013218 0.2291303 0.2313419 0.0000000 0.1780794 0.2482922 0.8625048 0.7540264 0.6395863 0.7502122 0.6577789 0.8155967 0.6995528 0.7232402 1.6255509 0.8961868 0.7360774 0.9110597 0.7161073 0.7058969 0.7034358 0.7133909 0.7153226 0.8146926 0.6899563 0.6775300 0.7196109 1.4529019 
Saccharomyces_paradoxus                     0.9288530 0.6935956 0.9023655 0.9974324 0.7770999 1.2300182 0.9047790 0.8898956 0.7603479 0.6874241 2.3729424 0.1893284 0.1204906 0.2515966 0.2149180 0.1780794 0.0000000 0.2374241 0.8403529 0.7803543 0.7017030 0.7979000 0.6449383 0.7939431 0.6876475 0.7075738 1.6103407 0.8307660 0.6975258 0.9248008 0.7387593 0.7271756 0.7312393 0.7426417 0.7349307 0.8638231 0.7122575 0.6941963 0.7392113 1.4901453 
Saccharomyces_uvarum                        0.9045285 0.7412455 0.8781463 1.0664006 0.7599186 1.3284675 0.9740274 0.8544133 0.7923988 0.7499259 2.0630902 0.2061683 0.2633280 0.0710177 0.2406830 0.2482922 0.2374241 0.0000000 1.0122596 0.7407477 0.7215167 0.8536884 0.6645614 0.7886995 0.7473589 0.7071889 1.5128400 0.9194395 0.6922027 0.8964340 0.7213655 0.8288327 0.7585970 0.7401198 0.7664949 0.8264714 0.6979852 0.7138367 0.7384845 1.5385628 
Tetrapisispora_blattae                      1.1131658 0.8187571 1.1109007 0.8801220 0.9904138 1.5127182 1.0283087 0.9834456 0.8729202 0.7950081 2.9764788 0.9013296 0.8641981 0.9564170 0.9028800 0.8625048 0.8403529 1.0122596 0.0000000 0.7512166 0.7374719 0.8145366 0.7893176 0.7990147 0.8206360 0.7828421 2.1718099 1.0379915 0.8690081 1.0426757 0.8787046 0.8422905 0.8391720 0.8181649 0.8230763 0.8532827 0.7727772 0.6912819 0.7392701 1.2593435 
Tetrapisispora_phaffii                      0.8453414 0.6323422 0.9202265 0.8950848 0.7367033 1.3974584 0.8481210 0.7599450 0.6047561 0.5541964 2.5110370 0.7776994 0.7634693 0.7349966 0.7852526 0.7540264 0.7803543 0.7407477 0.7512166 0.0000000 0.4552129 0.5842331 0.5992506 0.6788406 0.6093030 0.6345575 1.8289637 0.8361646 0.6469915 0.8963434 0.6444652 0.6741412 0.6929568 0.6479874 0.6773564 0.8046766 0.2215811 0.3081047 0.2245793 1.2411702 
Vanderwaltozyma_polyspora                   0.8220659 0.6886950 0.9125508 0.9554408 0.6959212 1.2251112 0.7791388 0.7065115 0.5743237 0.5430657 2.4810538 0.7359145 0.6592741 0.7057821 0.7260581 0.6395863 0.7017030 0.7215167 0.7374719 0.4552129 0.0000000 0.6018717 0.5937988 0.6247922 0.6027252 0.6647446 1.8600612 0.9295399 0.6586288 0.8551611 0.6286780 0.6776445 0.6571218 0.5929998 0.6432223 0.7504396 0.4538938 0.4731709 0.4953354 1.1959323 
yHAB132_Kazachstania_martiniae              0.8776137 0.5030538 0.7514588 1.0449638 0.7005109 1.0893248 0.7609439 0.7238348 0.5701064 0.5553784 2.5343155 0.7966942 0.7169553 0.8170899 0.8058652 0.7502122 0.7979000 0.8536884 0.8145366 0.5842331 0.6018717 0.0000000 0.4795528 0.5748688 0.4914530 0.5615024 1.5788762 0.6834285 0.4956416 0.7494475 0.4789582 0.6151433 0.5357830 0.5042784 0.5363737 0.6542959 0.5840901 0.6012491 0.5873325 1.3406996 
yHAB133_Kazachstania_unispora               0.7822264 0.5760972 0.7273947 1.0294840 0.6878183 1.2961337 0.7183963 0.6827638 0.5128402 0.5159545 2.4597078 0.6711203 0.6000927 0.6210946 0.6508512 0.6577789 0.6449383 0.6645614 0.7893176 0.5992506 0.5937988 0.4795528 0.0000000 0.5542422 0.4312530 0.2662631 1.7691546 0.6428099 0.5266450 0.7990665 0.5304139 0.5299703 0.1586182 0.5055075 0.1634937 0.6570899 0.6486857 0.6250141 0.6282483 1.4098449 
yHAB134_Kazachstania_turicensis             0.8625180 0.6581716 0.7577744 1.0562559 0.7017852 1.1573608 0.8081230 0.7062568 0.7355250 0.6181463 2.4451008 0.8392620 0.8028617 0.7853594 0.8371275 0.8155967 0.7939431 0.7886995 0.7990147 0.6788406 0.6247922 0.5748688 0.5542422 0.0000000 0.6210257 0.5922584 1.6856139 0.8510355 0.5856843 0.8700963 0.5109153 0.6264574 0.5927020 0.4231829 0.5537619 0.8403690 0.6644350 0.6881940 0.6743758 1.3386545 
yHAB136_Kazachstania_bromeliacearum         0.7991983 0.5650669 0.6404947 0.9838677 0.6457910 1.3438283 0.7707981 0.7079397 0.5926660 0.5206716 2.4945976 0.7521022 0.6498328 0.7120074 0.7196480 0.6995528 0.6876475 0.7473589 0.8206360 0.6093030 0.6027252 0.4914530 0.4312530 0.6210257 0.0000000 0.3906287 1.8246078 0.6108242 0.5449267 0.6870316 0.5171597 0.5240076 0.4882164 0.5068678 0.4704291 0.7190369 0.6598167 0.6307005 0.6452470 1.2994078 
yHAB143_Kazachstania_siamensis              0.8083251 0.5951608 0.6903411 0.9518852 0.6459971 1.2529078 0.6764181 0.6487594 0.6192051 0.5286157 2.4932368 0.7094681 0.6286397 0.6654654 0.6603136 0.7232402 0.7075738 0.7071889 0.7828421 0.6345575 0.6647446 0.5615024 0.2662631 0.5922584 0.3906287 0.0000000 1.7024565 0.6247967 0.5677302 0.8029373 0.5671681 0.5758547 0.2927207 0.5022786 0.2787987 0.7097670 0.6927566 0.6828386 0.6575418 1.4432332 
yHAB147_Kazachstania_taianensis             1.8379205 1.5814339 1.4836841 1.8217080 1.8139305 1.7766568 1.8301337 1.9203040 1.8582558 1.8291916 2.3211003 1.6571076 1.6893372 1.5455200 1.6025557 1.6255509 1.6103407 1.5128400 2.1718099 1.8289637 1.8600612 1.5788762 1.7691546 1.6856139 1.8246078 1.7024565 0.0000000 1.6848012 1.6239210 1.6937511 1.7924380 1.8185066 1.7689281 1.7156358 1.7598812 1.7690831 1.8202886 1.6341737 1.8540798 3.0761594 
yHAB148_Kazachstania_intestinalis           0.9674339 0.7781538 0.8957945 1.1353389 0.8171529 1.2689418 0.8562101 0.8041019 0.7589217 0.7521216 2.7930538 0.9477037 0.8943481 0.9457806 0.9215987 0.8961868 0.8307660 0.9194395 1.0379915 0.8361646 0.9295399 0.6834285 0.6428099 0.8510355 0.6108242 0.6247967 1.6848012 0.0000000 0.7966939 0.8729873 0.7710688 0.6044522 0.6203858 0.7660526 0.5950331 0.8596981 0.8797933 0.8543360 0.8801529 1.6522833 
yHAB153_Kazachstania_rosinii                0.7862809 0.6328701 0.7408269 1.0005766 0.6683342 1.1937633 0.6852455 0.6750226 0.6817264 0.5909956 2.5622108 0.6769022 0.6765688 0.6874785 0.7496722 0.7360774 0.6975258 0.6922027 0.8690081 0.6469915 0.6586288 0.4956416 0.5266450 0.5856843 0.5449267 0.5677302 1.6239210 0.7966939 0.0000000 0.7869795 0.4489353 0.6025107 0.5941662 0.4876375 0.5936957 0.7373463 0.6761058 0.6672901 0.6305527 1.4412613 
yHAB154_Kazachstania_transvaalensis         1.0269452 0.8510299 1.0330012 1.1663914 0.8853628 1.2713836 0.9844547 0.9694368 0.7599264 0.8742431 2.2763098 0.9289227 0.8818336 0.9165216 0.9259033 0.9110597 0.9248008 0.8964340 1.0426757 0.8963434 0.8551611 0.7494475 0.7990665 0.8700963 0.6870316 0.8029373 1.6937511 0.8729873 0.7869795 0.0000000 0.8673862 0.9223928 0.8688323 0.8043569 0.8047650 0.4015623 0.9441227 0.9044552 0.9424457 1.5102444 
yHAB155_Kazachstania_spencerorum            0.8379983 0.6204937 0.8385065 0.9818642 0.7205712 1.2017148 0.8524666 0.7156959 0.6553630 0.5811951 2.5510708 0.6781365 0.6829741 0.7045252 0.7475315 0.7161073 0.7387593 0.7213655 0.8787046 0.6444652 0.6286780 0.4789582 0.5304139 0.5109153 0.5171597 0.5671681 1.7924380 0.7710688 0.4489353 0.8673862 0.0000000 0.6103242 0.5463700 0.4285639 0.5406834 0.7570860 0.6658695 0.6482915 0.6728343 1.2893751 
yHAB158_Kazachstania_viticola               0.8800913 0.5694577 0.8231998 1.0438345 0.7150676 1.2327396 0.7569119 0.7476294 0.6908580 0.5627427 2.6604907 0.7542851 0.7057872 0.7798299 0.7447746 0.7058969 0.7271756 0.8288327 0.8422905 0.6741412 0.6776445 0.6151433 0.5299703 0.6264574 0.5240076 0.5758547 1.8185066 0.6044522 0.6025107 0.9223928 0.6103242 0.0000000 0.5395244 0.6226536 0.5318479 0.8102675 0.6819638 0.7164583 0.6865835 1.4530149 
yHAB159_Kazachstania_solicola               0.8271916 0.5926436 0.7102966 1.0379926 0.6911735 1.2493344 0.7094650 0.6753348 0.5817388 0.5699345 2.4386871 0.7683219 0.6718159 0.6951329 0.7243129 0.7034358 0.7312393 0.7585970 0.8391720 0.6929568 0.6571218 0.5357830 0.1586182 0.5927020 0.4882164 0.2927207 1.7689281 0.6203858 0.5941662 0.8688323 0.5463700 0.5395244 0.0000000 0.5732240 0.0676832 0.6809444 0.7217724 0.7101410 0.7024829 1.4680280 
yHAB160_Kazachstania_kunashirensis          0.7315518 0.5943892 0.8514229 1.0283441 0.7364095 1.1913893 0.7684133 0.7265205 0.6604917 0.5916484 2.6412573 0.7956857 0.7495052 0.7388241 0.7484020 0.7133909 0.7426417 0.7401198 0.8181649 0.6479874 0.5929998 0.5042784 0.5055075 0.4231829 0.5068678 0.5022786 1.7156358 0.7660526 0.4876375 0.8043569 0.4285639 0.6226536 0.5732240 0.0000000 0.5648170 0.6863521 0.6679411 0.6825977 0.6540457 1.1542226 
yHAB164_Kazachstania_aerobia                0.8508757 0.5796401 0.7242040 1.0236707 0.6747254 1.2552154 0.7045727 0.7132360 0.5653482 0.5658574 2.4330470 0.7676960 0.6866932 0.6963243 0.7756602 0.7153226 0.7349307 0.7664949 0.8230763 0.6773564 0.6432223 0.5363737 0.1634937 0.5537619 0.4704291 0.2787987 1.7598812 0.5950331 0.5936957 0.8047650 0.5406834 0.5318479 0.0676832 0.5648170 0.0000000 0.6925061 0.6997661 0.6978197 0.7166883 1.4761779 
yHAB166_Kazachstania_yakushimaensis         1.0952003 0.8614808 0.9009509 1.1065185 0.8536377 1.2337878 0.9246091 0.9085145 0.7006235 0.7537259 2.5924595 0.8722163 0.8325604 0.8343998 0.8308165 0.8146926 0.8638231 0.8264714 0.8532827 0.8046766 0.7504396 0.6542959 0.6570899 0.8403690 0.7190369 0.7097670 1.7690831 0.8596981 0.7373463 0.4015623 0.7570860 0.8102675 0.6809444 0.6863521 0.6925061 0.0000000 0.8255962 0.8255073 0.7931009 1.3320998 
yHMPu5000034875_Tetrapisispora_fleetii      0.8251028 0.6172359 0.9248205 0.9066602 0.6800814 1.3535978 0.8544314 0.7904013 0.6376609 0.5938466 2.5873493 0.7007099 0.6756777 0.6717571 0.7167430 0.6899563 0.7122575 0.6979852 0.7727772 0.2215811 0.4538938 0.5840901 0.6486857 0.6644350 0.6598167 0.6927566 1.8202886 0.8797933 0.6761058 0.9441227 0.6658695 0.6819638 0.7217724 0.6679411 0.6997661 0.8255962 0.0000000 0.3724634 0.1513962 1.2721260 
yHMPu5000034876_Tetrapisispora_iriomotensis 0.7827433 0.6225303 0.9192015 0.8998039 0.6404902 1.2715169 0.7857191 0.7033195 0.6515381 0.5978132 2.3761297 0.7127365 0.7133897 0.7207802 0.6904981 0.6775300 0.6941963 0.7138367 0.6912819 0.3081047 0.4731709 0.6012491 0.6250141 0.6881940 0.6307005 0.6828386 1.6341737 0.8543360 0.6672901 0.9044552 0.6482915 0.7164583 0.7101410 0.6825977 0.6978197 0.8255073 0.3724634 0.0000000 0.3587591 1.1095556 
yHMPu5000034877_Tetrapisispora_namnaonensis 0.8180388 0.6565364 0.8597027 0.9309369 0.7088004 1.3108056 0.8566351 0.7815130 0.6149244 0.6326168 2.5364609 0.7369943 0.7042821 0.6860487 0.7538685 0.7196109 0.7392113 0.7384845 0.7392701 0.2245793 0.4953354 0.5873325 0.6282483 0.6743758 0.6452470 0.6575418 1.8540798 0.8801529 0.6305527 0.9424457 0.6728343 0.6865835 0.7024829 0.6540457 0.7166883 0.7931009 0.1513962 0.3587591 0.0000000 1.3309850 
yHMPu5000035629_Yueomyces_sinensis          1.5462825 1.3685788 1.8781391 1.5084951 1.4039335 2.1653720 1.5156663 1.3005645 1.4141466 1.2161449 3.0836695 1.5556487 1.4917201 1.4819786 1.5565156 1.4529019 1.4901453 1.5385628 1.2593435 1.2411702 1.1959323 1.3406996 1.4098449 1.3386545 1.2994078 1.4432332 3.0761594 1.6522833 1.4412613 1.5102444 1.2893751 1.4530149 1.4680280 1.1542226 1.4761779 1.3320998 1.2721260 1.1095556 1.3309850 0.0000000 
