40
Candida_glabrata                            0.0000000 1.1083582 1.5819316 2.8800417 0.7595109 3.3420487 0.8072778 0.7173568 1.3053973 1.1932304 4.4389934 1.1953715 1.2679841 1.3926886 1.3356342 1.3028555 1.2577010 1.1629194 1.3233487 1.4970457 1.0828624 1.4145061 1.1456435 1.3028095 1.2406510 1.2724633 1.1283860 2.0029272 1.1565944 1.5688447 0.9740723 1.2203103 1.2469795 1.4481247 1.2844298 1.3286582 1.5355626 1.3526312 1.4971130 1.5833202 
Kazachstania_africana                       1.1083582 0.0000000 1.1895032 2.1264825 1.4243451 2.8328556 1.2801073 1.3683797 1.0392851 1.0372498 5.0872872 0.9632867 1.0050840 1.1317471 1.0397776 1.0585763 1.0514551 1.0158485 1.3041354 1.1053508 1.0536018 0.9226687 0.9091682 1.0618072 0.9993596 0.9799273 0.9442051 2.1825766 0.9796577 1.3184894 0.9000387 0.9595085 0.9912926 1.0826420 1.0069292 1.1581111 1.1715627 1.0838018 1.1637678 1.2855726 
Kazachstania_naganishii                     1.5819316 1.1895032 0.0000000 2.8577665 1.6168056 3.1954930 1.5563517 1.6594332 1.2943188 1.1772425 5.3564940 1.4562760 1.5470611 1.4689066 1.5274368 1.6079643 1.5069643 1.2873125 1.2664803 1.2152055 1.4001337 0.9683936 1.1170194 1.6219218 1.0392370 0.9301117 1.1849492 2.5406414 1.0698685 1.0932365 1.0324324 1.1180384 1.0463377 1.3949308 1.0294020 1.3264589 1.3112178 1.5049622 1.3170103 1.5867452 
Nakaseomyces_bacillisporus                  2.8800417 2.1264825 2.8577665 0.0000000 2.9988495 2.7371410 3.2499316 3.5022348 2.3880898 2.4314180 4.3679230 2.5360014 2.3640524 2.2946038 2.7643518 2.4162575 2.4636897 2.2191042 2.4872960 2.7481955 2.6930788 2.8845353 2.6831459 2.3387494 2.4069688 2.3889197 2.5071660 3.5982585 2.4875851 2.3550613 2.5266763 3.1217099 2.5811278 2.5190184 2.4843228 2.3985715 2.7920776 2.7295376 2.7922373 2.3873768 
Nakaseomyces_bracarensis                    0.7595109 1.4243451 1.6168056 2.9988495 0.0000000 2.5562051 0.4604830 0.3943048 1.2282333 1.2130166 5.3161969 1.2455622 1.1927975 1.2002121 1.2782497 1.2641693 1.2936622 1.0724309 1.4497812 1.2223698 1.2695145 1.2448402 1.2046098 1.1682230 0.9998086 1.2035580 1.3044656 2.1511448 0.8957863 1.2670418 1.0638051 0.9749537 1.1395566 1.1142559 1.1044998 1.3414135 1.3034757 1.2463860 1.3354379 1.2781997 
Nakaseomyces_castellii                      3.3420487 2.8328556 3.1954930 2.7371410 2.5562051 0.0000000 3.1560621 2.9470094 2.8528893 2.8855727 4.7893590 2.6086981 2.4478830 2.6271673 2.9504887 2.6332846 2.6013543 2.4241277 2.7028070 2.8521887 2.7885784 2.5937144 2.8050637 2.9074105 2.5296521 2.7666565 2.5386471 2.7039900 2.8616283 2.7138099 2.7737500 3.0304168 2.6749944 2.7500786 2.5579114 2.4587490 3.0445396 2.7560080 2.9975193 2.3519871 
Nakaseomyces_delphensis                     0.8072778 1.2801073 1.5563517 3.2499316 0.4604830 3.1560621 0.0000000 0.3758693 1.4249757 1.3371638 4.7642354 1.2682119 1.2579495 1.3891659 1.4375257 1.2666024 1.4110448 1.1819393 1.6210165 1.2567253 1.1657137 1.4877374 1.3911992 1.2468894 1.2840756 1.2693258 1.3516608 2.2925311 1.1269889 1.4624738 1.1496827 1.0721121 1.3644549 1.2653627 1.3816111 1.3893726 1.2620586 1.4248066 1.2805012 1.4527944 
Nakaseomyces_nivariensis                    0.7173568 1.3683797 1.6594332 3.5022348 0.3943048 2.9470094 0.3758693 0.0000000 1.3547105 1.1575137 5.4571949 1.3893952 1.3300119 1.4168557 1.5352012 1.4768607 1.3977447 1.2923288 1.3796628 1.2450401 1.1355815 1.4549521 1.2546403 1.2305362 1.1482427 1.3838394 1.3125207 2.4156844 1.1305149 1.5389564 1.1703400 1.1804105 1.1600925 1.3453647 1.1687962 1.4381705 1.3178304 1.3165883 1.3269684 1.3577925 
Naumovozyma_castellii                       1.3053973 1.0392851 1.2943188 2.3880898 1.2282333 2.8528893 1.4249757 1.3547105 0.0000000 0.7707485 5.7652334 1.0980868 0.9217512 1.0380228 1.1123955 1.1377559 0.9994251 0.9640078 1.0207344 0.8309467 0.9738929 0.9584462 0.6673954 0.9872278 0.6902125 0.7405209 0.8743788 2.1310993 0.7489203 0.9754908 0.8818392 1.0614727 0.6565138 0.8806571 0.6843857 0.9521053 0.9527114 1.0753018 0.9029128 1.2467276 
Naumovozyma_dairenensis                     1.1932304 1.0372498 1.1772425 2.4314180 1.2130166 2.8855727 1.3371638 1.1575137 0.7707485 0.0000000 5.9841992 1.0462998 0.9182798 0.9559478 1.0618433 0.9610214 0.8620822 0.8051529 0.9468812 0.8822192 0.8862110 0.8408618 0.8344071 0.7487056 0.7435558 0.8036722 0.9326405 2.2810921 0.7341685 0.9199449 0.8322611 0.8934740 0.7914905 0.9414270 0.7722326 0.9919341 0.8665914 0.9460913 0.9919523 1.1045482 
Neurospora_crassa                           4.4389934 5.0872872 5.3564940 4.3679230 5.3161969 4.7893590 4.7642354 5.4571949 5.7652334 5.9841992 0.0000000 4.7113126 5.1208552 4.9482801 4.5187765 4.3824224 4.4093865 5.0763450 5.5419888 5.2374549 5.1337222 4.9342862 6.6888140 6.5141675 5.5572836 7.2962588 5.2592351 4.6275070 5.1134787 6.2626178 5.5909822 5.0273589 5.5849338 6.1089767 5.9868807 5.6702588 5.5214803 5.0312834 6.1023040 7.1713680 
Saccharomyces_arboricola                    1.1953715 0.9632867 1.4562760 2.5360014 1.2455622 2.6086981 1.2682119 1.3893952 1.0980868 1.0462998 4.7113126 0.0000000 0.3625338 0.4186632 0.3475446 0.4104483 0.3026333 0.3255276 1.1362849 1.1536973 1.0194142 1.1151726 0.9970579 0.9699154 1.0229430 1.0230151 1.0868737 2.0853411 0.9186413 1.2771248 0.9912376 1.0584009 1.1083814 1.0760544 1.0188186 1.0163522 1.1663624 1.1176311 1.2505204 1.2053101 
Saccharomyces_cerevisiae                    1.2679841 1.0050840 1.5470611 2.3640524 1.1927975 2.4478830 1.2579495 1.3300119 0.9217512 0.9182798 5.1208552 0.3625338 0.0000000 0.3962169 0.4103578 0.3455704 0.1795881 0.3324903 1.0252613 1.2258621 0.9668393 1.2858961 1.0150341 0.9059465 1.0210455 0.9728026 1.0609519 2.4062888 0.8754948 1.2082131 0.9933630 0.9415251 0.9693811 1.0976427 0.9367531 1.0776767 1.2823768 1.1214140 1.2648068 1.1998697 
Saccharomyces_eubayanus                     1.3926886 1.1317471 1.4689066 2.2946038 1.2002121 2.6271673 1.3891659 1.4168557 1.0380228 0.9559478 4.9482801 0.4186632 0.3962169 0.0000000 0.4076079 0.4007199 0.3251412 0.1410165 1.2759972 1.1514381 1.0354686 1.4093084 0.9788272 1.0930447 1.0961588 0.9663518 1.1796237 2.5760638 0.9472673 1.1324110 1.0885412 1.1742810 1.0600550 1.1146952 1.0346298 1.0875804 1.0619966 1.0820995 1.2000003 1.2722443 
Saccharomyces_kudriavzevii                  1.3356342 1.0397776 1.5274368 2.7643518 1.2782497 2.9504887 1.4375257 1.5352012 1.1123955 1.0618433 4.5187765 0.3475446 0.4103578 0.4076079 0.0000000 0.3891889 0.2993028 0.3565375 1.3224419 1.2405801 1.1168093 1.3388186 1.0299105 1.0908101 1.1061711 1.0490466 1.0780769 2.3924531 0.9985377 1.2477088 1.1092417 1.2703701 1.1087754 1.2172838 1.0613713 1.0801727 1.2233437 1.1362396 1.3091179 1.3278391 
Saccharomyces_mikatae                       1.3028555 1.0585763 1.6079643 2.4162575 1.2641693 2.6332846 1.2666024 1.4768607 1.1377559 0.9610214 4.3824224 0.4104483 0.3455704 0.4007199 0.3891889 0.0000000 0.2657411 0.3892630 1.1915497 1.1399789 1.0501589 1.3569945 1.0711294 1.0364762 1.1149225 1.0217370 1.1105831 2.4957746 0.9436450 1.2679069 0.9740849 1.1422490 1.1568527 1.2068913 1.0852789 1.1086016 1.0914809 1.1110713 1.1453851 1.4515969 
Saccharomyces_paradoxus                     1.2577010 1.0514551 1.5069643 2.4636897 1.2936622 2.6013543 1.4110448 1.3977447 0.9994251 0.8620822 4.4093865 0.3026333 0.1795881 0.3251412 0.2993028 0.2657411 0.0000000 0.3018046 1.0438655 1.2528094 0.9743878 1.2438919 1.0214045 0.9591929 1.0377319 0.9966183 1.0269446 2.3918572 0.8640572 1.1537893 0.9232481 1.0342286 0.9569064 1.1734386 0.9717221 1.0321093 1.2454731 1.1551075 1.2141872 1.3218582 
Saccharomyces_uvarum                        1.1629194 1.0158485 1.2873125 2.2191042 1.0724309 2.4241277 1.1819393 1.2923288 0.9640078 0.8051529 5.0763450 0.3255276 0.3324903 0.1410165 0.3565375 0.3892630 0.3018046 0.0000000 1.0804951 1.0781771 0.9098873 1.2250777 0.8760907 0.8853144 1.0011627 0.8530707 1.0666386 2.3244139 0.7885921 1.0566492 0.9477862 1.0879291 0.9832381 0.9874826 0.9383718 0.9092036 1.0124504 0.9942815 1.0612027 1.0760604 
Tetrapisispora_blattae                      1.3233487 1.3041354 1.2664803 2.4872960 1.4497812 2.7028070 1.6210165 1.3796628 1.0207344 0.9468812 5.5419888 1.1362849 1.0252613 1.2759972 1.3224419 1.1915497 1.0438655 1.0804951 0.0000000 1.0842347 0.9364648 1.1985383 1.0918445 1.1525423 0.9906364 1.0549262 1.2024398 2.2082233 0.9411707 1.1585081 1.1628261 1.2491194 0.9540765 1.3026342 1.0108858 1.1753764 1.1881877 1.0393198 1.1415625 0.9140143 
Tetrapisispora_phaffii                      1.4970457 1.1053508 1.2152055 2.7481955 1.2223698 2.8521887 1.2567253 1.2450401 0.8309467 0.8822192 5.2374549 1.1536973 1.2258621 1.1514381 1.2405801 1.1399789 1.2528094 1.0781771 1.0842347 0.0000000 0.7731555 1.1761757 1.0821382 1.1418460 0.9637055 0.9944867 1.0534016 2.3631624 0.8213070 1.0485156 0.9448279 1.0551582 1.0534271 1.1867154 1.0315980 1.1030633 0.3719725 0.4634443 0.3870220 1.1877560 
Vanderwaltozyma_polyspora                   1.0828624 1.0536018 1.4001337 2.6930788 1.2695145 2.7885784 1.1657137 1.1355815 0.9738929 0.8862110 5.1337222 1.0194142 0.9668393 1.0354686 1.1168093 1.0501589 0.9743878 0.9098873 0.9364648 0.7731555 0.0000000 1.1119669 0.9967639 1.0989147 1.0325513 0.9842268 1.0611094 2.3443910 0.9510037 1.2008540 0.9112743 1.0019620 1.0720954 1.1778939 1.0837468 1.0430413 1.0949641 0.8549164 1.0452272 1.0972467 
yHAB132_Kazachstania_martiniae              1.4145061 0.9226687 0.9683936 2.8845353 1.2448402 2.5937144 1.4877374 1.4549521 0.9584462 0.8408618 4.9342862 1.1151726 1.2858961 1.4093084 1.3388186 1.3569945 1.2438919 1.2250777 1.1985383 1.1761757 1.1119669 0.0000000 0.8027570 1.1462223 0.7189345 0.7893733 0.9397977 1.9612197 0.7727521 1.0990426 0.7798895 0.8304313 0.8459837 1.1438642 0.8097375 0.9466573 1.2464573 1.1818533 1.2522364 1.3445471 
yHAB133_Kazachstania_unispora               1.1456435 0.9091682 1.1170194 2.6831459 1.2046098 2.8050637 1.3911992 1.2546403 0.6673954 0.8344071 6.6888140 0.9970579 1.0150341 0.9788272 1.0299105 1.0711294 1.0214045 0.8760907 1.0918445 1.0821382 0.9967639 0.8027570 0.0000000 0.9036639 0.5609574 0.3291043 0.7881932 2.0036988 0.6872266 0.9217167 0.7806588 0.9109673 0.2404945 0.8504865 0.2270731 0.8157755 1.1432867 1.1452630 1.1025282 1.2379464 
yHAB134_Kazachstania_turicensis             1.3028095 1.0618072 1.6219218 2.3387494 1.1682230 2.9074105 1.2468894 1.2305362 0.9872278 0.7487056 6.5141675 0.9699154 0.9059465 1.0930447 1.0908101 1.0364762 0.9591929 0.8853144 1.1525423 1.1418460 1.0989147 1.1462223 0.9036639 0.0000000 0.8392027 0.9942607 1.0393830 2.3715262 0.7254547 1.0238667 0.8653170 0.9950776 0.9359088 0.6295756 0.9172431 0.9645208 1.1506387 1.1581531 1.1579308 1.2529015 
yHAB136_Kazachstania_bromeliacearum         1.2406510 0.9993596 1.0392370 2.4069688 0.9998086 2.5296521 1.2840756 1.1482427 0.6902125 0.7435558 5.5572836 1.0229430 1.0210455 1.0961588 1.1061711 1.1149225 1.0377319 1.0011627 0.9906364 0.9637055 1.0325513 0.7189345 0.5609574 0.8392027 0.0000000 0.6525258 0.6841669 1.9906701 0.6028193 0.8610555 0.6046260 0.6686783 0.5254950 0.8009561 0.5340868 0.8641924 1.0225485 1.0345087 0.9882576 1.2727284 
yHAB143_Kazachstania_siamensis              1.2724633 0.9799273 0.9301117 2.3889197 1.2035580 2.7666565 1.2693258 1.3838394 0.7405209 0.8036722 7.2962588 1.0230151 0.9728026 0.9663518 1.0490466 1.0217370 0.9966183 0.8530707 1.0549262 0.9944867 0.9842268 0.7893733 0.3291043 0.9942607 0.6525258 0.0000000 0.8764265 2.0067603 0.7671311 0.7270593 0.7169094 0.9954136 0.4162994 0.8982611 0.3924177 0.7243233 1.0559545 1.0935802 1.0427172 1.0886525 
yHAB147_Kazachstania_taianensis             1.1283860 0.9442051 1.1849492 2.5071660 1.3044656 2.5386471 1.3516608 1.3125207 0.8743788 0.9326405 5.2592351 1.0868737 1.0609519 1.1796237 1.0780769 1.1105831 1.0269446 1.0666386 1.2024398 1.0534016 1.0611094 0.9397977 0.7881932 1.0393830 0.6841669 0.8764265 0.0000000 1.9126339 0.7735993 1.1049099 0.7089771 0.9483012 0.7544679 0.9160282 0.7999682 0.9582064 1.2192870 1.0542840 1.1350476 1.2748503 
yHAB148_Kazachstania_intestinalis           2.0029272 2.1825766 2.5406414 3.5982585 2.1511448 2.7039900 2.2925311 2.4156844 2.1310993 2.2810921 4.6275070 2.0853411 2.4062888 2.5760638 2.3924531 2.4957746 2.3918572 2.3244139 2.2082233 2.3631624 2.3443910 1.9612197 2.0036988 2.3715262 1.9906701 2.0067603 1.9126339 0.0000000 2.0958798 2.0576700 1.9393155 2.1405879 1.9829753 2.2218585 2.0356502 2.1446464 2.6222866 2.4308608 2.5025038 2.4835744 
yHAB153_Kazachstania_rosinii                1.1565944 0.9796577 1.0698685 2.4875851 0.8957863 2.8616283 1.1269889 1.1305149 0.7489203 0.7341685 5.1134787 0.9186413 0.8754948 0.9472673 0.9985377 0.9436450 0.8640572 0.7885921 0.9411707 0.8213070 0.9510037 0.7727521 0.6872266 0.7254547 0.6028193 0.7671311 0.7735993 2.0958798 0.0000000 1.0363884 0.7104406 0.6501218 0.6413246 0.7115830 0.6146333 0.9565642 0.9629547 0.9915858 1.0098704 1.1883636 
yHAB154_Kazachstania_transvaalensis         1.5688447 1.3184894 1.0932365 2.3550613 1.2670418 2.7138099 1.4624738 1.5389564 0.9754908 0.9199449 6.2626178 1.2771248 1.2082131 1.1324110 1.2477088 1.2679069 1.1537893 1.0566492 1.1585081 1.0485156 1.2008540 1.0990426 0.9217167 1.0238667 0.8610555 0.7270593 1.1049099 2.0576700 1.0363884 0.0000000 0.9767584 1.0026020 0.8601555 1.1345243 0.8381878 0.4179202 1.1109625 1.2213705 1.2599880 1.3364544 
yHAB155_Kazachstania_spencerorum            0.9740723 0.9000387 1.0324324 2.5266763 1.0638051 2.7737500 1.1496827 1.1703400 0.8818392 0.8322611 5.5909822 0.9912376 0.9933630 1.0885412 1.1092417 0.9740849 0.9232481 0.9477862 1.1628261 0.9448279 0.9112743 0.7798895 0.7806588 0.8653170 0.6046260 0.7169094 0.7089771 1.9393155 0.7104406 0.9767584 0.0000000 0.8205651 0.7522848 0.9862337 0.7660882 0.9328601 0.9198422 1.1654733 0.8832291 1.2611060 
yHAB158_Kazachstania_viticola               1.2203103 0.9595085 1.1180384 3.1217099 0.9749537 3.0304168 1.0721121 1.1804105 1.0614727 0.8934740 5.0273589 1.0584009 0.9415251 1.1742810 1.2703701 1.1422490 1.0342286 1.0879291 1.2491194 1.0551582 1.0019620 0.8304313 0.9109673 0.9950776 0.6686783 0.9954136 0.9483012 2.1405879 0.6501218 1.0026020 0.8205651 0.0000000 0.8616117 0.9664565 0.8178901 0.9927172 1.0740779 1.1012631 1.0858138 1.3801205 
yHAB159_Kazachstania_solicola               1.2469795 0.9912926 1.0463377 2.5811278 1.1395566 2.6749944 1.3644549 1.1600925 0.6565138 0.7914905 5.5849338 1.1083814 0.9693811 1.0600550 1.1087754 1.1568527 0.9569064 0.9832381 0.9540765 1.0534271 1.0720954 0.8459837 0.2404945 0.9359088 0.5254950 0.4162994 0.7544679 1.9829753 0.6413246 0.8601555 0.7522848 0.8616117 0.0000000 0.8557295 0.0865657 0.8131577 1.1537361 1.0531252 1.1029838 1.0782150 
yHAB160_Kazachstania_kunashirensis          1.4481247 1.0826420 1.3949308 2.5190184 1.1142559 2.7500786 1.2653627 1.3453647 0.8806571 0.9414270 6.1089767 1.0760544 1.0976427 1.1146952 1.2172838 1.2068913 1.1734386 0.9874826 1.3026342 1.1867154 1.1778939 1.1438642 0.8504865 0.6295756 0.8009561 0.8982611 0.9160282 2.2218585 0.7115830 1.1345243 0.9862337 0.9664565 0.8557295 0.0000000 0.8393727 1.0251607 1.1215411 1.1517863 1.1712452 1.2646871 
yHAB164_Kazachstania_aerobia                1.2844298 1.0069292 1.0294020 2.4843228 1.1044998 2.5579114 1.3816111 1.1687962 0.6843857 0.7722326 5.9868807 1.0188186 0.9367531 1.0346298 1.0613713 1.0852789 0.9717221 0.9383718 1.0108858 1.0315980 1.0837468 0.8097375 0.2270731 0.9172431 0.5340868 0.3924177 0.7999682 2.0356502 0.6146333 0.8381878 0.7660882 0.8178901 0.0865657 0.8393727 0.0000000 0.8025292 1.1184070 1.0228903 1.0763061 1.0908426 
yHAB166_Kazachstania_yakushimaensis         1.3286582 1.1581111 1.3264589 2.3985715 1.3414135 2.4587490 1.3893726 1.4381705 0.9521053 0.9919341 5.6702588 1.0163522 1.0776767 1.0875804 1.0801727 1.1086016 1.0321093 0.9092036 1.1753764 1.1030633 1.0430413 0.9466573 0.8157755 0.9645208 0.8641924 0.7243233 0.9582064 2.1446464 0.9565642 0.4179202 0.9328601 0.9927172 0.8131577 1.0251607 0.8025292 0.0000000 1.1936381 1.1836609 1.2880738 1.1333819 
yHMPu5000034875_Tetrapisispora_fleetii      1.5355626 1.1715627 1.3112178 2.7920776 1.3034757 3.0445396 1.2620586 1.3178304 0.9527114 0.8665914 5.5214803 1.1663624 1.2823768 1.0619966 1.2233437 1.0914809 1.2454731 1.0124504 1.1881877 0.3719725 1.0949641 1.2464573 1.1432867 1.1506387 1.0225485 1.0559545 1.2192870 2.6222866 0.9629547 1.1109625 0.9198422 1.0740779 1.1537361 1.1215411 1.1184070 1.1936381 0.0000000 0.6068313 0.1844310 1.1696491 
yHMPu5000034876_Tetrapisispora_iriomotensis 1.3526312 1.0838018 1.5049622 2.7295376 1.2463860 2.7560080 1.4248066 1.3165883 1.0753018 0.9460913 5.0312834 1.1176311 1.1214140 1.0820995 1.1362396 1.1110713 1.1551075 0.9942815 1.0393198 0.4634443 0.8549164 1.1818533 1.1452630 1.1581531 1.0345087 1.0935802 1.0542840 2.4308608 0.9915858 1.2213705 1.1654733 1.1012631 1.0531252 1.1517863 1.0228903 1.1836609 0.6068313 0.0000000 0.6281495 1.1026591 
yHMPu5000034877_Tetrapisispora_namnaonensis 1.4971130 1.1637678 1.3170103 2.7922373 1.3354379 2.9975193 1.2805012 1.3269684 0.9029128 0.9919523 6.1023040 1.2505204 1.2648068 1.2000003 1.3091179 1.1453851 1.2141872 1.0612027 1.1415625 0.3870220 1.0452272 1.2522364 1.1025282 1.1579308 0.9882576 1.0427172 1.1350476 2.5025038 1.0098704 1.2599880 0.8832291 1.0858138 1.1029838 1.1712452 1.0763061 1.2880738 0.1844310 0.6281495 0.0000000 1.3133224 
yHMPu5000035629_Yueomyces_sinensis          1.5833202 1.2855726 1.5867452 2.3873768 1.2781997 2.3519871 1.4527944 1.3577925 1.2467276 1.1045482 7.1713680 1.2053101 1.1998697 1.2722443 1.3278391 1.4515969 1.3218582 1.0760604 0.9140143 1.1877560 1.0972467 1.3445471 1.2379464 1.2529015 1.2727284 1.0886525 1.2748503 2.4835744 1.1883636 1.3364544 1.2611060 1.3801205 1.0782150 1.2646871 1.0908426 1.1333819 1.1696491 1.1026591 1.3133224 0.0000000 
