40
Candida_glabrata                            0.0000000 0.7961375 1.3219414 0.8383244 0.5311483 0.9815014 0.5071599 0.5369529 0.7628087 0.7393476 2.1910664 0.6539822 0.6711568 0.6674315 0.7139895 0.6489710 0.6901471 0.6603677 0.8704546 0.8241836 0.7174413 0.7541201 1.0924561 0.9417422 1.0034966 1.0516387 1.1013134 0.9067261 0.7412947 1.2049820 0.9641822 0.7983604 1.0837047 0.8258229 1.0158042 1.1269462 0.8190424 0.8471112 0.8093508 0.9686033 
Kazachstania_africana                       0.7961375 0.0000000 1.4448951 0.9272130 0.8444684 1.0567509 0.8312883 0.8029901 0.7418034 0.7840926 2.3355554 0.7210963 0.7525095 0.7409160 0.7416305 0.7286469 0.7532692 0.7372725 0.8878735 0.7337689 0.7230008 0.6624408 1.0088391 0.7775565 0.9444558 1.0422705 1.2269952 0.8716668 0.6351494 1.0651338 0.6920814 0.6315767 1.0442744 0.6601133 1.0271619 0.9649080 0.7507334 0.7271112 0.7593719 0.8079546 
Kazachstania_naganishii                     1.3219414 1.4448951 0.0000000 1.3164314 1.3914903 1.4678088 1.3900481 1.5129224 1.4523686 1.3480792 2.1859652 1.3446200 1.3895251 1.3094973 1.2994211 1.2913077 1.3563739 1.2872623 1.4636392 1.5557687 1.4557410 1.4201548 1.5331494 1.4253582 1.2158829 1.3375133 1.0375671 1.3387539 1.4988960 1.5217367 1.5821984 1.4067013 1.3568774 1.6739967 1.4218128 1.5102146 1.5156968 1.5311803 1.5950371 1.5705230 
Nakaseomyces_bacillisporus                  0.8383244 0.9272130 1.3164314 0.0000000 0.9173828 0.8208255 0.8661708 0.8654706 0.8020426 0.8621127 2.2442422 0.7863943 0.7678708 0.7994061 0.7975435 0.8285669 0.7930518 0.8002419 0.8549670 0.8021174 0.6787029 0.8935639 1.1591837 0.8894935 0.9983160 1.1575227 1.1698223 0.7894322 0.8331661 1.0979433 0.8928029 0.8647294 1.1112473 0.8578941 1.1427976 1.0424104 0.7568173 0.7995014 0.7461922 0.9188967 
Nakaseomyces_bracarensis                    0.5311483 0.8444684 1.3914903 0.9173828 0.0000000 1.0150271 0.3644647 0.3491156 0.8115744 0.8244950 2.2973186 0.8027654 0.9033798 0.8220344 0.8586726 0.8657236 0.8880656 0.7952467 0.9586813 0.8432555 0.8302815 0.8415790 1.0798466 0.8953710 1.1541092 1.0697620 1.0809302 0.9809543 0.8046372 1.1975081 0.9706763 0.7980033 1.1315384 0.8934723 1.1429505 1.2103958 0.8265631 0.8258387 0.8345382 0.9752141 
Nakaseomyces_castellii                      0.9815014 1.0567509 1.4678088 0.8208255 1.0150271 0.0000000 0.9956701 0.9875830 1.0258742 0.9892661 2.2012418 1.0157427 1.0623995 1.0257449 0.9982929 1.0230491 1.0812200 1.0329207 1.0949617 0.9694808 1.0035179 1.0304299 1.2982827 1.1095978 1.2899870 1.1523255 1.1744054 1.0068157 0.9996552 1.2827794 1.1067827 1.0640414 1.2105160 0.9147826 1.2140679 1.3462800 0.9682057 1.0635526 0.9687421 1.1724075 
Nakaseomyces_delphensis                     0.5071599 0.8312883 1.3900481 0.8661708 0.3644647 0.9956701 0.0000000 0.3556498 0.8183721 0.8580358 2.2675691 0.8551062 0.8653710 0.8429843 0.8477000 0.8214502 0.8911910 0.8399576 1.0068404 0.9287289 0.8078793 0.8423474 1.1098529 0.9046749 1.1673661 1.1449951 1.1113106 0.9717038 0.8193132 1.1969559 0.9211543 0.7902843 1.1587644 0.9390369 1.1596848 1.1681420 0.8589602 0.8906655 0.8472889 1.0031573 
Nakaseomyces_nivariensis                    0.5369529 0.8029901 1.5129224 0.8654706 0.3491156 0.9875830 0.3556498 0.0000000 0.8439048 0.8129533 2.1932292 0.7891280 0.8423890 0.7681699 0.8298031 0.8079762 0.8228668 0.7975425 0.9481366 0.8855214 0.8028248 0.8367858 1.0303750 0.9515175 1.1426810 1.0688382 1.1672419 1.0547857 0.7927020 1.2255273 0.9105219 0.7777428 1.0787489 0.8535856 1.0611657 1.1849527 0.8406564 0.8833286 0.8353675 0.9605971 
Naumovozyma_castellii                       0.7628087 0.7418034 1.4523686 0.8020426 0.8115744 1.0258742 0.8183721 0.8439048 0.0000000 0.6180296 2.3273889 0.6539869 0.6624205 0.6874229 0.6963551 0.6904167 0.6728625 0.7180761 0.8043768 0.7349528 0.7056655 0.6792006 1.1243816 0.8652009 0.9939377 1.0715289 1.0517954 0.8901028 0.6556771 1.0512608 0.7891499 0.6695053 1.1655236 0.7424803 1.1719423 0.9817146 0.7638085 0.6706338 0.7577084 0.8511922 
Naumovozyma_dairenensis                     0.7393476 0.7840926 1.3480792 0.8621127 0.8244950 0.9892661 0.8580358 0.8129533 0.6180296 0.0000000 2.1562041 0.6687321 0.7216443 0.6797044 0.7257338 0.7007449 0.6969805 0.6872456 0.8198822 0.7044719 0.6654963 0.7589180 1.1240717 0.8906163 0.9481297 1.0685125 1.0989317 0.8757464 0.6433592 1.0848735 0.7831153 0.6782773 1.1022124 0.7022416 1.1296303 1.0665106 0.7024992 0.7242180 0.7245707 0.8585918 
Neurospora_crassa                           2.1910664 2.3355554 2.1859652 2.2442422 2.2973186 2.2012418 2.2675691 2.1932292 2.3273889 2.1562041 0.0000000 2.1767979 2.1771995 2.1456077 2.2095991 2.1628223 2.1971450 2.1999136 2.2137032 2.1862112 2.1559010 2.4787280 2.5126551 2.4708370 2.2892710 2.5234115 1.9559865 2.2650340 2.2315439 2.4318753 2.6015920 2.5036675 2.3353825 2.5027720 2.3927105 2.3552852 2.3204706 2.2595789 2.2524083 2.2065347 
Saccharomyces_arboricola                    0.6539822 0.7210963 1.3446200 0.7863943 0.8027654 1.0157427 0.8551062 0.7891280 0.6539869 0.6687321 2.1767979 0.0000000 0.2161169 0.2061326 0.2045631 0.2349698 0.2127298 0.1948575 0.8438978 0.7477236 0.7080914 0.7171289 1.0867771 0.9161238 0.9746637 1.0211553 1.1252810 0.8343147 0.6663127 1.1285520 0.8849798 0.7018045 1.0092350 0.7017395 1.0302724 1.0396412 0.7653170 0.8183047 0.7662092 0.8544080 
Saccharomyces_cerevisiae                    0.6711568 0.7525095 1.3895251 0.7678708 0.9033798 1.0623995 0.8653710 0.8423890 0.6624205 0.7216443 2.1771995 0.2161169 0.0000000 0.2412193 0.2341685 0.1745916 0.1149431 0.2227058 0.8841718 0.8067383 0.6802300 0.7109154 1.0533550 0.8946235 1.0094030 1.0425244 1.1624686 0.8494480 0.6464720 1.1433750 0.9273942 0.7373825 1.0739491 0.7282694 1.0654292 1.0053800 0.8508560 0.8751003 0.8405065 0.8774018 
Saccharomyces_eubayanus                     0.6674315 0.7409160 1.3094973 0.7994061 0.8220344 1.0257449 0.8429843 0.7681699 0.6874229 0.6797044 2.1456077 0.2061326 0.2412193 0.0000000 0.2039122 0.2401485 0.2157541 0.0623968 0.9224018 0.7704789 0.6883288 0.7411080 1.0784608 0.9021795 0.9563114 1.0512131 1.0799941 0.8264767 0.7077221 1.1515939 0.8905918 0.6957200 1.0394115 0.7042426 1.0561464 1.0758944 0.7898910 0.8800910 0.7957954 0.8989525 
Saccharomyces_kudriavzevii                  0.7139895 0.7416305 1.2994211 0.7975435 0.8586726 0.9982929 0.8477000 0.8298031 0.6963551 0.7257338 2.2095991 0.2045631 0.2341685 0.2039122 0.0000000 0.2357252 0.2088848 0.2026984 0.9217033 0.7908454 0.6434428 0.7350134 1.0367059 0.9260751 0.9382151 0.9929851 1.1193687 0.8621114 0.6513456 1.1192858 0.9203780 0.7281722 0.9929287 0.7371153 1.0164953 1.0599357 0.7801044 0.8366774 0.8195085 0.9071971 
Saccharomyces_mikatae                       0.6489710 0.7286469 1.2913077 0.8285669 0.8657236 1.0230491 0.8214502 0.8079762 0.6904167 0.7007449 2.1628223 0.2349698 0.1745916 0.2401485 0.2357252 0.0000000 0.1781430 0.2387633 0.9310360 0.8054577 0.6565213 0.7454785 1.0113581 0.9069705 0.9861362 1.0137122 1.1381545 0.8772840 0.6815913 1.1670701 0.8817079 0.7190982 1.0098096 0.7091285 1.0209925 1.0811765 0.8013506 0.8550644 0.8080113 0.8758709 
Saccharomyces_paradoxus                     0.6901471 0.7532692 1.3563739 0.7930518 0.8880656 1.0812200 0.8911910 0.8228668 0.6728625 0.6969805 2.1971450 0.2127298 0.1149431 0.2157541 0.2088848 0.1781430 0.0000000 0.2081438 0.9059181 0.7923663 0.6691363 0.7555482 1.0516707 0.9237579 1.0314579 1.0533749 1.1062854 0.8741045 0.6521801 1.1941383 0.9398514 0.7399182 1.0655642 0.7445870 1.0633526 1.0647450 0.8053346 0.8490911 0.8499286 0.8909196 
Saccharomyces_uvarum                        0.6603677 0.7372725 1.2872623 0.8002419 0.7952467 1.0329207 0.8399576 0.7975425 0.7180761 0.6872456 2.1999136 0.1948575 0.2227058 0.0623968 0.2026984 0.2387633 0.2081438 0.0000000 0.9239968 0.7667483 0.6831073 0.7329493 1.0871971 0.9028555 0.9763998 1.0539169 1.0795867 0.8509619 0.7026562 1.1264732 0.8893524 0.6915966 1.0379383 0.7402523 1.0776382 1.0697562 0.7867397 0.8475524 0.7961354 0.9038666 
Tetrapisispora_blattae                      0.8704546 0.8878735 1.4636392 0.8549670 0.9586813 1.0949617 1.0068404 0.9481366 0.8043768 0.8198822 2.2137032 0.8438978 0.8841718 0.9224018 0.9217033 0.9310360 0.9059181 0.9239968 0.0000000 0.6903089 0.7064459 0.8392169 1.1476637 0.9442678 1.0832087 1.0961401 1.2329948 0.9271176 0.8606929 1.1385745 0.9224542 0.8006734 1.1536845 0.8313360 1.1152753 1.1092586 0.7474432 0.7567786 0.7428755 0.6050175 
Tetrapisispora_phaffii                      0.8241836 0.7337689 1.5557687 0.8021174 0.8432555 0.9694808 0.9287289 0.8855214 0.7349528 0.7044719 2.1862112 0.7477236 0.8067383 0.7704789 0.7908454 0.8054577 0.7923663 0.7667483 0.6903089 0.0000000 0.5812935 0.7789940 1.0424773 0.9204322 0.9627371 0.9220657 1.1710339 0.8100489 0.7495935 1.1208877 0.7726533 0.7134676 1.0753530 0.7195333 1.0547121 0.9650908 0.2900386 0.4185883 0.3054769 0.7527011 
Vanderwaltozyma_polyspora                   0.7174413 0.7230008 1.4557410 0.6787029 0.8302815 1.0035179 0.8078793 0.8028248 0.7056655 0.6654963 2.1559010 0.7080914 0.6802300 0.6883288 0.6434428 0.6565213 0.6691363 0.6831073 0.7064459 0.5812935 0.0000000 0.6951957 0.9553881 0.7974754 0.8948164 0.9565503 1.1184533 0.7528594 0.6290213 0.9483664 0.6481622 0.6739399 1.0596952 0.6157076 1.0268641 0.8311684 0.5888925 0.5207454 0.5741079 0.7639673 
yHAB132_Kazachstania_martiniae              0.7541201 0.6624408 1.4201548 0.8935639 0.8415790 1.0304299 0.8423474 0.8367858 0.6792006 0.7589180 2.4787280 0.7171289 0.7109154 0.7411080 0.7350134 0.7454785 0.7555482 0.7329493 0.8392169 0.7789940 0.6951957 0.0000000 1.0290913 0.7475668 0.9228928 1.0214449 1.1846417 0.7531920 0.5842945 1.0474552 0.7286600 0.5732494 1.0162573 0.6816404 0.9895489 0.9579192 0.7777821 0.7705934 0.7979370 0.8882055 
yHAB133_Kazachstania_unispora               1.0924561 1.0088391 1.5331494 1.1591837 1.0798466 1.2982827 1.1098529 1.0303750 1.1243816 1.1240717 2.5126551 1.0867771 1.0533550 1.0784608 1.0367059 1.0113581 1.0516707 1.0871971 1.1476637 1.0424773 0.9553881 1.0290913 0.0000000 1.0784246 1.0662959 0.3732285 1.3155071 1.1373578 1.0794046 0.9903287 0.9763376 1.0562570 0.2560303 0.9628608 0.2138372 0.9902212 0.9730117 1.1635457 1.0281957 1.0982277 
yHAB134_Kazachstania_turicensis             0.9417422 0.7775565 1.4253582 0.8894935 0.8953710 1.1095978 0.9046749 0.9515175 0.8652009 0.8906163 2.4708370 0.9161238 0.8946235 0.9021795 0.9260751 0.9069705 0.9237579 0.9028555 0.9442678 0.9204322 0.7974754 0.7475668 1.0784246 0.0000000 1.0550819 1.1736834 1.1529226 0.8044584 0.7866156 1.0677157 0.7814281 0.7975727 1.1092591 0.6040304 1.1067814 0.9888469 0.8713996 0.8442706 0.8815996 0.9305921 
yHAB136_Kazachstania_bromeliacearum         1.0034966 0.9444558 1.2158829 0.9983160 1.1541092 1.2899870 1.1673661 1.1426810 0.9939377 0.9481297 2.2892710 0.9746637 1.0094030 0.9563114 0.9382151 0.9861362 1.0314579 0.9763998 1.0832087 0.9627371 0.8948164 0.9228928 1.0662959 1.0550819 0.0000000 0.8899875 1.0938735 0.9539355 0.9386788 1.0763259 1.0001680 0.9389638 1.0427807 0.9296794 1.0189505 0.9148530 0.9601936 0.9304978 0.8896700 1.1263861 
yHAB143_Kazachstania_siamensis              1.0516387 1.0422705 1.3375133 1.1575227 1.0697620 1.1523255 1.1449951 1.0688382 1.0715289 1.0685125 2.5234115 1.0211553 1.0425244 1.0512131 0.9929851 1.0137122 1.0533749 1.0539169 1.0961401 0.9220657 0.9565503 1.0214449 0.3732285 1.1736834 0.8899875 0.0000000 1.1192252 0.9994180 0.9980188 0.8506995 1.0404284 1.0453933 0.3888467 0.9429837 0.3524641 0.8315471 0.9510174 1.1214976 0.9546904 1.1124008 
yHAB147_Kazachstania_taianensis             1.1013134 1.2269952 1.0375671 1.1698223 1.0809302 1.1744054 1.1113106 1.1672419 1.0517954 1.0989317 1.9559865 1.1252810 1.1624686 1.0799941 1.1193687 1.1381545 1.1062854 1.0795867 1.2329948 1.1710339 1.1184533 1.1846417 1.3155071 1.1529226 1.0938735 1.1192252 0.0000000 0.9753555 1.1079200 1.2228180 1.3699406 1.0786028 1.1840096 1.2537315 1.2711340 1.2828543 1.2052900 1.1503540 1.1626343 1.2909780 
yHAB148_Kazachstania_intestinalis           0.9067261 0.8716668 1.3387539 0.7894322 0.9809543 1.0068157 0.9717038 1.0547857 0.8901028 0.8757464 2.2650340 0.8343147 0.8494480 0.8264767 0.8621114 0.8772840 0.8741045 0.8509619 0.9271176 0.8100489 0.7528594 0.7531920 1.1373578 0.8044584 0.9539355 0.9994180 0.9753555 0.0000000 0.7755716 1.1447109 0.8446064 0.7975989 1.0818844 0.8431180 1.0441853 1.0568645 0.7981395 0.8721707 0.7888054 1.0132677 
yHAB153_Kazachstania_rosinii                0.7412947 0.6351494 1.4988960 0.8331661 0.8046372 0.9996552 0.8193132 0.7927020 0.6556771 0.6433592 2.2315439 0.6663127 0.6464720 0.7077221 0.6513456 0.6815913 0.6521801 0.7026562 0.8606929 0.7495935 0.6290213 0.5842945 1.0794046 0.7866156 0.9386788 0.9980188 1.1079200 0.7755716 0.0000000 1.0170936 0.7171659 0.6074403 1.1021030 0.5352109 1.0577163 0.9190240 0.6886428 0.7339628 0.7269565 0.8453622 
yHAB154_Kazachstania_transvaalensis         1.2049820 1.0651338 1.5217367 1.0979433 1.1975081 1.2827794 1.1969559 1.2255273 1.0512608 1.0848735 2.4318753 1.1285520 1.1433750 1.1515939 1.1192858 1.1670701 1.1941383 1.1264732 1.1385745 1.1208877 0.9483664 1.0474552 0.9903287 1.0677157 1.0763259 0.8506995 1.2228180 1.1447109 1.0170936 0.0000000 1.0807908 1.0027225 0.9335502 0.9912602 0.9477284 0.3177692 1.0246903 1.0350609 1.0066294 1.1553762 
yHAB155_Kazachstania_spencerorum            0.9641822 0.6920814 1.5821984 0.8928029 0.9706763 1.1067827 0.9211543 0.9105219 0.7891499 0.7831153 2.6015920 0.8849798 0.9273942 0.8905918 0.9203780 0.8817079 0.9398514 0.8893524 0.9224542 0.7726533 0.6481622 0.7286600 0.9763376 0.7814281 1.0001680 1.0404284 1.3699406 0.8446064 0.7171659 1.0807908 0.0000000 0.7195611 1.0139053 0.6571599 0.9947131 0.9268663 0.7608090 0.7338350 0.7613842 0.9290273 
yHAB158_Kazachstania_viticola               0.7983604 0.6315767 1.4067013 0.8647294 0.7980033 1.0640414 0.7902843 0.7777428 0.6695053 0.6782773 2.5036675 0.7018045 0.7373825 0.6957200 0.7281722 0.7190982 0.7399182 0.6915966 0.8006734 0.7134676 0.6739399 0.5732494 1.0562570 0.7975727 0.9389638 1.0453933 1.0786028 0.7975989 0.6074403 1.0027225 0.7195611 0.0000000 1.1289264 0.6505171 1.0952330 0.9241441 0.6923129 0.6734025 0.6756219 0.9262636 
yHAB159_Kazachstania_solicola               1.0837047 1.0442744 1.3568774 1.1112473 1.1315384 1.2105160 1.1587644 1.0787489 1.1655236 1.1022124 2.3353825 1.0092350 1.0739491 1.0394115 0.9929287 1.0098096 1.0655642 1.0379383 1.1536845 1.0753530 1.0596952 1.0162573 0.2560303 1.1092591 1.0427807 0.3888467 1.1840096 1.0818844 1.1021030 0.9335502 1.0139053 1.1289264 0.0000000 1.0152048 0.1227334 1.0377585 1.0031707 1.1758086 1.0160699 1.1399738 
yHAB160_Kazachstania_kunashirensis          0.8258229 0.6601133 1.6739967 0.8578941 0.8934723 0.9147826 0.9390369 0.8535856 0.7424803 0.7022416 2.5027720 0.7017395 0.7282694 0.7042426 0.7371153 0.7091285 0.7445870 0.7402523 0.8313360 0.7195333 0.6157076 0.6816404 0.9628608 0.6040304 0.9296794 0.9429837 1.2537315 0.8431180 0.5352109 0.9912602 0.6571599 0.6505171 1.0152048 0.0000000 0.9811638 0.9225029 0.6347170 0.7416941 0.6757668 0.7989116 
yHAB164_Kazachstania_aerobia                1.0158042 1.0271619 1.4218128 1.1427976 1.1429505 1.2140679 1.1596848 1.0611657 1.1719423 1.1296303 2.3927105 1.0302724 1.0654292 1.0561464 1.0164953 1.0209925 1.0633526 1.0776382 1.1152753 1.0547121 1.0268641 0.9895489 0.2138372 1.1067814 1.0189505 0.3524641 1.2711340 1.0441853 1.0577163 0.9477284 0.9947131 1.0952330 0.1227334 0.9811638 0.0000000 0.9947552 0.9901525 1.2156562 1.0204746 1.1079361 
yHAB166_Kazachstania_yakushimaensis         1.1269462 0.9649080 1.5102146 1.0424104 1.2103958 1.3462800 1.1681420 1.1849527 0.9817146 1.0665106 2.3552852 1.0396412 1.0053800 1.0758944 1.0599357 1.0811765 1.0647450 1.0697562 1.1092586 0.9650908 0.8311684 0.9579192 0.9902212 0.9888469 0.9148530 0.8315471 1.2828543 1.0568645 0.9190240 0.3177692 0.9268663 0.9241441 1.0377585 0.9225029 0.9947552 0.0000000 0.9828086 0.9219445 0.9846186 1.0462910 
yHMPu5000034875_Tetrapisispora_fleetii      0.8190424 0.7507334 1.5156968 0.7568173 0.8265631 0.9682057 0.8589602 0.8406564 0.7638085 0.7024992 2.3204706 0.7653170 0.8508560 0.7898910 0.7801044 0.8013506 0.8053346 0.7867397 0.7474432 0.2900386 0.5888925 0.7777821 0.9730117 0.8713996 0.9601936 0.9510174 1.2052900 0.7981395 0.6886428 1.0246903 0.7608090 0.6923129 1.0031707 0.6347170 0.9901525 0.9828086 0.0000000 0.4742732 0.1726183 0.7220775 
yHMPu5000034876_Tetrapisispora_iriomotensis 0.8471112 0.7271112 1.5311803 0.7995014 0.8258387 1.0635526 0.8906655 0.8833286 0.6706338 0.7242180 2.2595789 0.8183047 0.8751003 0.8800910 0.8366774 0.8550644 0.8490911 0.8475524 0.7567786 0.4185883 0.5207454 0.7705934 1.1635457 0.8442706 0.9304978 1.1214976 1.1503540 0.8721707 0.7339628 1.0350609 0.7338350 0.6734025 1.1758086 0.7416941 1.2156562 0.9219445 0.4742732 0.0000000 0.4427024 0.7731527 
yHMPu5000034877_Tetrapisispora_namnaonensis 0.8093508 0.7593719 1.5950371 0.7461922 0.8345382 0.9687421 0.8472889 0.8353675 0.7577084 0.7245707 2.2524083 0.7662092 0.8405065 0.7957954 0.8195085 0.8080113 0.8499286 0.7961354 0.7428755 0.3054769 0.5741079 0.7979370 1.0281957 0.8815996 0.8896700 0.9546904 1.1626343 0.7888054 0.7269565 1.0066294 0.7613842 0.6756219 1.0160699 0.6757668 1.0204746 0.9846186 0.1726183 0.4427024 0.0000000 0.6873943 
yHMPu5000035629_Yueomyces_sinensis          0.9686033 0.8079546 1.5705230 0.9188967 0.9752141 1.1724075 1.0031573 0.9605971 0.8511922 0.8585918 2.2065347 0.8544080 0.8774018 0.8989525 0.9071971 0.8758709 0.8909196 0.9038666 0.6050175 0.7527011 0.7639673 0.8882055 1.0982277 0.9305921 1.1263861 1.1124008 1.2909780 1.0132677 0.8453622 1.1553762 0.9290273 0.9262636 1.1399738 0.7989116 1.1079361 1.0462910 0.7220775 0.7731527 0.6873943 0.0000000 
