40
Candida_glabrata                            0.0000000 1.5176054 1.6388018 1.2682747 1.0038092 1.8085380 1.0466231 1.0206370 1.3005329 1.5142483 8.9999987 1.4655289 1.4946385 1.5377245 1.5224782 1.5353221 1.5496342 1.5195283 1.5549138 1.7637080 1.5622975 1.3370669 1.4636633 1.5605536 1.3806212 1.4806360 1.4057823 1.8053949 1.3983422 1.3690364 1.2506988 1.4981686 1.5180697 1.4056692 1.5263204 1.3805224 1.6625675 1.5128972 1.6090377 1.6050897 
Kazachstania_africana                       1.5176054 0.0000000 1.5462373 1.4458558 1.4012044 1.7904224 1.5688759 1.3665342 1.2527455 1.2229779 8.9999985 1.3533781 1.3966592 1.4309838 1.4146941 1.4963868 1.4117215 1.4489844 1.4009938 1.5199221 1.3473629 0.9933497 1.2568382 1.2257140 0.9825752 1.1858001 1.1674365 1.3301232 1.0725562 1.1308195 1.1016690 1.2392721 1.2526983 1.0143234 1.1864253 1.0797150 1.5190943 1.4027070 1.6160978 1.4390077 
Kazachstania_naganishii                     1.6388018 1.5462373 0.0000000 1.7130740 1.5682202 1.9277711 1.6830928 1.6832818 1.4846584 1.5503799 8.6037389 1.6980372 1.6907029 1.7162524 1.7146955 1.7251593 1.7033577 1.7233891 2.0161816 1.8540483 1.8587272 1.4930178 1.5171057 1.5566116 1.2482662 1.4807950 1.3543806 1.5025093 1.2229876 1.4509411 1.3683443 1.6115913 1.5043724 1.6107181 1.4640844 1.4589487 1.8605197 1.8369714 1.7313727 2.0073727 
Nakaseomyces_bacillisporus                  1.2682747 1.4458558 1.7130740 0.0000000 1.4880204 1.4643936 1.4752617 1.4570852 1.3434746 1.5049452 8.9999985 1.5462711 1.4622619 1.5267962 1.5172913 1.5077926 1.4120466 1.5293711 1.5382825 1.7791427 1.4901590 1.2381708 1.4611200 1.4019817 1.2751465 1.3643437 1.3740806 1.5538251 1.3456615 1.4728450 1.2804687 1.4433461 1.4911559 1.2251530 1.4392366 1.3721178 1.7758988 1.5874870 1.7049774 1.7456142 
Nakaseomyces_bracarensis                    1.0038092 1.4012044 1.5682202 1.4880204 0.0000000 1.7722104 0.5702144 0.4430883 1.3805394 1.3779098 8.9999988 1.3837883 1.3645611 1.3423273 1.4030054 1.4038993 1.3388807 1.4072628 1.5945483 1.8785733 1.6780585 1.4547698 1.4699828 1.6905068 1.4618847 1.4497981 1.4731883 1.7125649 1.2528466 1.4825890 1.3891100 1.4135448 1.5411152 1.4256475 1.5015094 1.4955260 1.7682807 1.7445714 1.7895769 1.6534119 
Nakaseomyces_castellii                      1.8085380 1.7904224 1.9277711 1.4643936 1.7722104 0.0000000 1.7566345 1.7962188 1.6599205 1.9236231 8.9999984 1.8763258 1.9166880 1.8424401 2.0131562 2.0023443 1.9324883 1.7733927 2.1006526 2.1576609 2.1524790 1.6742142 1.8718529 2.0887553 1.6469248 1.7666475 1.5818964 1.9472955 1.5597132 1.8630438 1.7813679 1.7072864 1.9252896 1.7934552 1.8653686 1.8215216 2.2074973 2.1125012 2.1055044 2.1716586 
Nakaseomyces_delphensis                     1.0466231 1.5688759 1.6830928 1.4752617 0.5702144 1.7566345 0.0000000 0.4442119 1.5082624 1.4732386 8.9999984 1.4245281 1.4790574 1.4436245 1.4546085 1.5166282 1.4452920 1.5061777 1.5684359 1.7266059 1.7368817 1.3961131 1.5879204 1.6818324 1.4484795 1.4794536 1.4119903 1.7439752 1.4080598 1.5152507 1.3343196 1.5673860 1.5999098 1.4019580 1.5958261 1.4730090 1.7306906 1.6566291 1.5814150 1.6931837 
Nakaseomyces_nivariensis                    1.0206370 1.3665342 1.6832818 1.4570852 0.4430883 1.7962188 0.4442119 0.0000000 1.4084305 1.3782173 8.9999980 1.3806902 1.4037085 1.4094201 1.4342151 1.4557633 1.3972853 1.5177444 1.4649099 1.6756166 1.6801376 1.2708210 1.3979759 1.5097118 1.3490343 1.3605075 1.4174666 1.6166209 1.2060466 1.2890737 1.2412304 1.4398445 1.5140717 1.2853509 1.4293879 1.3058582 1.6493036 1.6029763 1.6138969 1.4731811 
Naumovozyma_castellii                       1.3005329 1.2527455 1.4846584 1.3434746 1.3805394 1.6599205 1.5082624 1.4084305 0.0000000 0.9036478 8.9999985 1.3698487 1.3905368 1.3404604 1.4125966 1.3644741 1.3656183 1.4150417 1.4190918 1.7037130 1.5421826 1.0291740 1.2349578 1.2564632 0.9659335 1.2200665 1.1248087 1.2992934 1.0780686 1.2817136 1.0296854 1.1915713 1.3000299 0.9727962 1.1609970 1.2513091 1.5437842 1.6010497 1.6029048 1.4947162 
Naumovozyma_dairenensis                     1.5142483 1.2229779 1.5503799 1.5049452 1.3779098 1.9236231 1.4732386 1.3782173 0.9036478 0.0000000 8.9999984 1.3458577 1.4717461 1.3920531 1.4631844 1.4309399 1.4101049 1.3537974 1.3370834 1.5808939 1.4541473 1.1100448 1.2112769 1.2752127 1.0802391 1.1989100 1.1552016 1.4356507 1.0527514 1.3021237 0.9877362 1.1779644 1.1781015 1.0672789 1.1424251 1.1540644 1.6103438 1.5260950 1.7061195 1.5729032 
Neurospora_crassa                           8.9999987 8.9999985 8.6037389 8.9999985 8.9999988 8.9999984 8.9999984 8.9999980 8.9999985 8.9999984 0.0000000 8.9999988 8.9999985 8.9999981 8.9999989 8.9999987 8.9999982 8.9999983 8.9999987 8.9999984 8.9999984 8.9999984 8.9999982 8.9999985 8.9999981 8.9999981 8.9999981 8.9999989 8.9999987 8.9999987 8.9999983 8.9999990 8.9999985 8.9999985 8.9999988 8.9999984 8.9999986 8.9999981 8.9999988 8.9999986 
Saccharomyces_arboricola                    1.4655289 1.3533781 1.6980372 1.5462711 1.3837883 1.8763258 1.4245281 1.3806902 1.3698487 1.3458577 8.9999988 0.0000000 0.3957694 0.3925178 0.3165993 0.3674452 0.3463097 0.3684342 1.5189294 1.7244668 1.5829887 1.4058718 1.6708991 1.5090404 1.3986572 1.5514321 1.4291697 1.5810261 1.3923688 1.4861972 1.3193749 1.5786089 1.7303409 1.3240026 1.7104370 1.5078369 1.6897005 1.6062532 1.7121599 1.7412925 
Saccharomyces_cerevisiae                    1.4946385 1.3966592 1.6907029 1.4622619 1.3645611 1.9166880 1.4790574 1.4037085 1.3905368 1.4717461 8.9999985 0.3957694 0.0000000 0.4325996 0.3616496 0.3420551 0.1800253 0.4257724 1.5911470 1.7739976 1.5712286 1.3728517 1.6688510 1.5225340 1.4270481 1.5848781 1.3950600 1.4623188 1.3889912 1.4675772 1.3506768 1.5916998 1.8042880 1.3761311 1.7183596 1.4747069 1.7381945 1.6366112 1.7671855 1.7501435 
Saccharomyces_eubayanus                     1.5377245 1.4309838 1.7162524 1.5267962 1.3423273 1.8424401 1.4436245 1.4094201 1.3404604 1.3920531 8.9999981 0.3925178 0.4325996 0.0000000 0.3887172 0.4204722 0.4151030 0.1387543 1.5240210 1.7122138 1.6668093 1.3746281 1.6050175 1.5538992 1.3448307 1.5803932 1.4241859 1.6863219 1.3012793 1.5580005 1.2791721 1.6350253 1.6965358 1.4111131 1.6756543 1.4927832 1.7268357 1.6410892 1.7018984 1.6773974 
Saccharomyces_kudriavzevii                  1.5224782 1.4146941 1.7146955 1.5172913 1.4030054 2.0131562 1.4546085 1.4342151 1.4125966 1.4631844 8.9999989 0.3165993 0.3616496 0.3887172 0.0000000 0.3883710 0.3486818 0.3889480 1.6280369 1.6932636 1.6522379 1.3997319 1.6506423 1.5032781 1.3580241 1.6360718 1.4121970 1.5792452 1.3943706 1.5032189 1.2796452 1.6606380 1.7601821 1.3340861 1.6947461 1.4933866 1.6913555 1.6524958 1.6898586 1.7311900 
Saccharomyces_mikatae                       1.5353221 1.4963868 1.7251593 1.5077926 1.4038993 2.0023443 1.5166282 1.4557633 1.3644741 1.4309399 8.9999987 0.3674452 0.3420551 0.4204722 0.3883710 0.0000000 0.3003848 0.4285715 1.5487569 1.6939770 1.6287250 1.3892413 1.5954805 1.5318615 1.3483533 1.5475182 1.3781362 1.5392346 1.4640694 1.4934942 1.3697627 1.5524697 1.7875821 1.4076326 1.6913284 1.5120485 1.6854747 1.6018300 1.7452192 1.7305220 
Saccharomyces_paradoxus                     1.5496342 1.4117215 1.7033577 1.4120466 1.3388807 1.9324883 1.4452920 1.3972853 1.3656183 1.4101049 8.9999982 0.3463097 0.1800253 0.4151030 0.3486818 0.3003848 0.0000000 0.4092391 1.5570288 1.6884615 1.5428212 1.2880733 1.5849591 1.4769033 1.3271146 1.4898034 1.3660647 1.5197275 1.3439134 1.4278631 1.2733390 1.5701355 1.7770357 1.3427891 1.6544049 1.4468491 1.6706667 1.6040475 1.6780408 1.7088236 
Saccharomyces_uvarum                        1.5195283 1.4489844 1.7233891 1.5293711 1.4072628 1.7733927 1.5061777 1.5177444 1.4150417 1.3537974 8.9999983 0.3684342 0.4257724 0.1387543 0.3889480 0.4285715 0.4092391 0.0000000 1.5718140 1.7314182 1.6567702 1.4499956 1.6174502 1.6169270 1.3756726 1.5797072 1.4469691 1.6226370 1.3791397 1.6105330 1.3608622 1.5789501 1.6851553 1.4609216 1.6473203 1.5558318 1.7678773 1.6347763 1.7758962 1.7136483 
Tetrapisispora_blattae                      1.5549138 1.4009938 2.0161816 1.5382825 1.5945483 2.1006526 1.5684359 1.4649099 1.4190918 1.3370834 8.9999987 1.5189294 1.5911470 1.5240210 1.6280369 1.5487569 1.5570288 1.5718140 0.0000000 1.5643502 1.3110582 1.3827174 1.3786213 1.4700496 1.3229620 1.5474931 1.5207942 1.7204751 1.4807957 1.4139601 1.3332568 1.4645775 1.4365135 1.4129496 1.3502847 1.3032916 1.4225923 1.4539799 1.6282396 0.7614633 
Tetrapisispora_phaffii                      1.7637080 1.5199221 1.8540483 1.7791427 1.8785733 2.1576609 1.7266059 1.6756166 1.7037130 1.5808939 8.9999984 1.7244668 1.7739976 1.7122138 1.6932636 1.6939770 1.6884615 1.7314182 1.5643502 0.0000000 1.2123564 1.5518734 1.6163895 1.6644156 1.4955461 1.5053197 1.6168054 1.7210567 1.6748505 1.6158501 1.4946145 1.6567692 1.6270587 1.5849521 1.5410867 1.5512865 0.5797117 0.7166874 0.5750084 1.6347247 
Vanderwaltozyma_polyspora                   1.5622975 1.3473629 1.8587272 1.4901590 1.6780585 2.1524790 1.7368817 1.6801376 1.5421826 1.4541473 8.9999984 1.5829887 1.5712286 1.6668093 1.6522379 1.6287250 1.5428212 1.6567702 1.3110582 1.2123564 0.0000000 1.3694081 1.4565006 1.2694102 1.2540548 1.3824988 1.4776718 1.5483815 1.2900799 1.4353596 1.2542138 1.2368131 1.4969716 1.2990579 1.3997519 1.2948881 1.1024662 0.9902878 1.2312800 1.4132196 
yHAB132_Kazachstania_martiniae              1.3370669 0.9933497 1.4930178 1.2381708 1.4547698 1.6742142 1.3961131 1.2708210 1.0291740 1.1100448 8.9999984 1.4058718 1.3728517 1.3746281 1.3997319 1.3892413 1.2880733 1.4499956 1.3827174 1.5518734 1.3694081 0.0000000 1.0237488 1.2384128 0.8623065 1.0095217 1.0695225 1.2301057 1.0104306 1.0287241 0.8871275 1.0088905 1.0523633 0.9209805 1.0224206 1.0165475 1.5853839 1.4214084 1.6592709 1.5722059 
yHAB133_Kazachstania_unispora               1.4636633 1.2568382 1.5171057 1.4611200 1.4699828 1.8718529 1.5879204 1.3979759 1.2349578 1.2112769 8.9999982 1.6708991 1.6688510 1.6050175 1.6506423 1.5954805 1.5849591 1.6174502 1.3786213 1.6163895 1.4565006 1.0237488 0.0000000 1.1599381 0.8069680 0.3915475 1.0598101 1.4696056 1.1703869 0.9971249 1.0847960 1.1100886 0.3206088 0.9714165 0.3019243 0.9203565 1.5668374 1.4549517 1.6706189 1.4506581 
yHAB134_Kazachstania_turicensis             1.5605536 1.2257140 1.5566116 1.4019817 1.6905068 2.0887553 1.6818324 1.5097118 1.2564632 1.2752127 8.9999985 1.5090404 1.5225340 1.5538992 1.5032781 1.5318615 1.4769033 1.6169270 1.4700496 1.6644156 1.2694102 1.2384128 1.1599381 0.0000000 1.0599212 1.1711723 1.2067584 1.2836774 1.0494944 1.1226981 0.9254976 1.2245528 1.1881388 0.7570330 1.1003622 1.0668395 1.5375986 1.4293061 1.7640556 1.6233344 
yHAB136_Kazachstania_bromeliacearum         1.3806212 0.9825752 1.2482662 1.2751465 1.4618847 1.6469248 1.4484795 1.3490343 0.9659335 1.0802391 8.9999981 1.3986572 1.4270481 1.3448307 1.3580241 1.3483533 1.3271146 1.3756726 1.3229620 1.4955461 1.2540548 0.8623065 0.8069680 1.0599212 0.0000000 0.9015457 0.8957914 1.1931375 0.8903993 0.9448250 0.8277603 0.8883005 0.9518787 0.8310540 0.8930130 0.8493543 1.5472884 1.3584659 1.5122011 1.2714316 
yHAB143_Kazachstania_siamensis              1.4806360 1.1858001 1.4807950 1.3643437 1.4497981 1.7666475 1.4794536 1.3605075 1.2200665 1.1989100 8.9999981 1.5514321 1.5848781 1.5803932 1.6360718 1.5475182 1.4898034 1.5797072 1.5474931 1.5053197 1.3824988 1.0095217 0.3915475 1.1711723 0.9015457 0.0000000 0.9685784 1.4044587 1.1526242 0.9906157 1.0649773 1.1352748 0.4981344 0.9452746 0.4885903 0.9756020 1.5547095 1.4371013 1.6670029 1.5308411 
yHAB147_Kazachstania_taianensis             1.4057823 1.1674365 1.3543806 1.3740806 1.4731883 1.5818964 1.4119903 1.4174666 1.1248087 1.1552016 8.9999981 1.4291697 1.3950600 1.4241859 1.4121970 1.3781362 1.3660647 1.4469691 1.5207942 1.6168054 1.4776718 1.0695225 1.0598101 1.2067584 0.8957914 0.9685784 0.0000000 1.2356664 1.0282074 1.0767341 1.0050875 1.1198889 1.0360858 1.0092735 1.0595685 1.0560259 1.7157553 1.5777415 1.6472385 1.5326407 
yHAB148_Kazachstania_intestinalis           1.8053949 1.3301232 1.5025093 1.5538251 1.7125649 1.9472955 1.7439752 1.6166209 1.2992934 1.4356507 8.9999989 1.5810261 1.4623188 1.6863219 1.5792452 1.5392346 1.5197275 1.6226370 1.7204751 1.7210567 1.5483815 1.2301057 1.4696056 1.2836774 1.1931375 1.4044587 1.2356664 0.0000000 1.2988965 1.3848806 1.2744438 1.3190032 1.5082589 1.3620750 1.4438642 1.2990033 1.7456874 1.8004835 1.7679113 1.8146394 
yHAB153_Kazachstania_rosinii                1.3983422 1.0725562 1.2229876 1.3456615 1.2528466 1.5597132 1.4080598 1.2060466 1.0780686 1.0527514 8.9999987 1.3923688 1.3889912 1.3012793 1.3943706 1.4640694 1.3439134 1.3791397 1.4807957 1.6748505 1.2900799 1.0104306 1.1703869 1.0494944 0.8903993 1.1526242 1.0282074 1.2988965 0.0000000 1.2149763 0.7795407 0.9531870 1.2098127 0.9036400 1.1699655 1.1262680 1.6811114 1.5383246 1.6067627 1.5524896 
yHAB154_Kazachstania_transvaalensis         1.3690364 1.1308195 1.4509411 1.4728450 1.4825890 1.8630438 1.5152507 1.2890737 1.2817136 1.3021237 8.9999987 1.4861972 1.4675772 1.5580005 1.5032189 1.4934942 1.4278631 1.6105330 1.4139601 1.6158501 1.4353596 1.0287241 0.9971249 1.1226981 0.9448250 0.9906157 1.0767341 1.3848806 1.2149763 0.0000000 0.9768606 1.2096414 1.0369004 0.9330335 0.9707932 0.4327157 1.5661988 1.5552610 1.6979023 1.5139640 
yHAB155_Kazachstania_spencerorum            1.2506988 1.1016690 1.3683443 1.2804687 1.3891100 1.7813679 1.3343196 1.2412304 1.0296854 0.9877362 8.9999983 1.3193749 1.3506768 1.2791721 1.2796452 1.3697627 1.2733390 1.3608622 1.3332568 1.4946145 1.2542138 0.8871275 1.0847960 0.9254976 0.8277603 1.0649773 1.0050875 1.2744438 0.7795407 0.9768606 0.0000000 1.0854151 1.1132561 0.8042130 1.0861904 0.9306295 1.4827366 1.3693447 1.4719099 1.3922342 
yHAB158_Kazachstania_viticola               1.4981686 1.2392721 1.6115913 1.4433461 1.4135448 1.7072864 1.5673860 1.4398445 1.1915713 1.1779644 8.9999990 1.5786089 1.5916998 1.6350253 1.6606380 1.5524697 1.5701355 1.5789501 1.4645775 1.6567692 1.2368131 1.0088905 1.1100886 1.2245528 0.8883005 1.1352748 1.1198889 1.3190032 0.9531870 1.2096414 1.0854151 0.0000000 1.1446086 0.9366643 1.1019843 1.1033046 1.5695887 1.5849218 1.6453761 1.4791973 
yHAB159_Kazachstania_solicola               1.5180697 1.2526983 1.5043724 1.4911559 1.5411152 1.9252896 1.5999098 1.5140717 1.3000299 1.1781015 8.9999985 1.7303409 1.8042880 1.6965358 1.7601821 1.7875821 1.7770357 1.6851553 1.4365135 1.6270587 1.4969716 1.0523633 0.3206088 1.1881388 0.9518787 0.4981344 1.0360858 1.5082589 1.2098127 1.0369004 1.1132561 1.1446086 0.0000000 1.0777483 0.1201943 1.0265684 1.7375625 1.5489303 1.7679005 1.6126517 
yHAB160_Kazachstania_kunashirensis          1.4056692 1.0143234 1.6107181 1.2251530 1.4256475 1.7934552 1.4019580 1.2853509 0.9727962 1.0672789 8.9999985 1.3240026 1.3761311 1.4111131 1.3340861 1.4076326 1.3427891 1.4609216 1.4129496 1.5849521 1.2990579 0.9209805 0.9714165 0.7570330 0.8310540 0.9452746 1.0092735 1.3620750 0.9036400 0.9330335 0.8042130 0.9366643 1.0777483 0.0000000 0.9868797 0.9481522 1.3972209 1.3639847 1.4877276 1.4805387 
yHAB164_Kazachstania_aerobia                1.5263204 1.1864253 1.4640844 1.4392366 1.5015094 1.8653686 1.5958261 1.4293879 1.1609970 1.1424251 8.9999988 1.7104370 1.7183596 1.6756543 1.6947461 1.6913284 1.6544049 1.6473203 1.3502847 1.5410867 1.3997519 1.0224206 0.3019243 1.1003622 0.8930130 0.4885903 1.0595685 1.4438642 1.1699655 0.9707932 1.0861904 1.1019843 0.1201943 0.9868797 0.0000000 0.9128092 1.5802680 1.4739787 1.7003172 1.4545770 
yHAB166_Kazachstania_yakushimaensis         1.3805224 1.0797150 1.4589487 1.3721178 1.4955260 1.8215216 1.4730090 1.3058582 1.2513091 1.1540644 8.9999984 1.5078369 1.4747069 1.4927832 1.4933866 1.5120485 1.4468491 1.5558318 1.3032916 1.5512865 1.2948881 1.0165475 0.9203565 1.0668395 0.8493543 0.9756020 1.0560259 1.2990033 1.1262680 0.4327157 0.9306295 1.1033046 1.0265684 0.9481522 0.9128092 0.0000000 1.4245058 1.4816449 1.5817672 1.4765395 
yHMPu5000034875_Tetrapisispora_fleetii      1.6625675 1.5190943 1.8605197 1.7758988 1.7682807 2.2074973 1.7306906 1.6493036 1.5437842 1.6103438 8.9999986 1.6897005 1.7381945 1.7268357 1.6913555 1.6854747 1.6706667 1.7678773 1.4225923 0.5797117 1.1024662 1.5853839 1.5668374 1.5375986 1.5472884 1.5547095 1.7157553 1.7456874 1.6811114 1.5661988 1.4827366 1.5695887 1.7375625 1.3972209 1.5802680 1.4245058 0.0000000 0.6389232 0.3466061 1.5810013 
yHMPu5000034876_Tetrapisispora_iriomotensis 1.5128972 1.4027070 1.8369714 1.5874870 1.7445714 2.1125012 1.6566291 1.6029763 1.6010497 1.5260950 8.9999981 1.6062532 1.6366112 1.6410892 1.6524958 1.6018300 1.6040475 1.6347763 1.4539799 0.7166874 0.9902878 1.4214084 1.4549517 1.4293061 1.3584659 1.4371013 1.5777415 1.8004835 1.5383246 1.5552610 1.3693447 1.5849218 1.5489303 1.3639847 1.4739787 1.4816449 0.6389232 0.0000000 0.6457524 1.4647901 
yHMPu5000034877_Tetrapisispora_namnaonensis 1.6090377 1.6160978 1.7313727 1.7049774 1.7895769 2.1055044 1.5814150 1.6138969 1.6029048 1.7061195 8.9999988 1.7121599 1.7671855 1.7018984 1.6898586 1.7452192 1.6780408 1.7758962 1.6282396 0.5750084 1.2312800 1.6592709 1.6706189 1.7640556 1.5122011 1.6670029 1.6472385 1.7679113 1.6067627 1.6979023 1.4719099 1.6453761 1.7679005 1.4877276 1.7003172 1.5817672 0.3466061 0.6457524 0.0000000 1.6222519 
yHMPu5000035629_Yueomyces_sinensis          1.6050897 1.4390077 2.0073727 1.7456142 1.6534119 2.1716586 1.6931837 1.4731811 1.4947162 1.5729032 8.9999986 1.7412925 1.7501435 1.6773974 1.7311900 1.7305220 1.7088236 1.7136483 0.7614633 1.6347247 1.4132196 1.5722059 1.4506581 1.6233344 1.2714316 1.5308411 1.5326407 1.8146394 1.5524896 1.5139640 1.3922342 1.4791973 1.6126517 1.4805387 1.4545770 1.4765395 1.5810013 1.4647901 1.6222519 0.0000000 
