40
Candida_glabrata                            0.0000000 1.9087188 2.0746515 2.0005361 0.8952709 2.2713402 0.8584043 0.8527046 1.5176380 1.7362912 7.9984659 1.7763645 1.6958890 1.8579684 1.8346038 1.8995108 1.7759864 1.8766907 2.1872064 1.7840736 1.8272093 1.8341329 1.9492845 1.7877241 1.6768635 2.0833327 1.5663715 2.1939599 1.7237310 2.2824738 1.9366583 1.9612042 1.8657776 1.8309128 1.8897746 2.2974425 1.7962099 1.8201895 1.9014803 2.2020907 
Kazachstania_africana                       1.9087188 0.0000000 2.0764357 1.6734471 1.7533253 2.1658242 2.1159701 1.8399430 1.2122021 1.1716554 6.6801333 1.3002932 1.3003810 1.2535003 1.3594710 1.3266495 1.3002133 1.2196498 1.2589321 1.4795021 1.1174298 0.9137900 1.3707762 1.1713630 0.9169217 1.4657263 1.2054745 1.5385539 1.0100602 1.6104455 1.3218389 0.9887633 1.3046708 0.9935259 1.3072260 1.5667431 1.4892169 1.5793720 1.5085560 1.3869352 
Kazachstania_naganishii                     2.0746515 2.0764357 0.0000000 2.7969950 2.1233704 2.7656542 2.0701012 2.0627750 2.1176140 2.3245563 7.3911141 2.0658216 1.9227046 2.0486464 1.9881388 2.1275926 1.9432270 2.0370622 2.4812659 2.3809654 2.1039594 2.0928987 2.2300250 1.9968123 1.7592558 2.1182789 1.8478283 1.8674430 1.9099765 2.2308224 2.0993029 2.2541781 2.0915129 2.0728948 2.1971552 2.3353531 2.3706440 2.5516188 2.4817729 2.7210523 
Nakaseomyces_bacillisporus                  2.0005361 1.6734471 2.7969950 0.0000000 2.1328658 1.9631720 2.0205767 2.1017868 1.7344854 1.5027853 8.2588381 1.5529887 1.5352455 1.5985957 1.4214294 1.6430193 1.5411827 1.5445761 1.8017119 1.8250762 1.4479806 1.4910949 2.1314462 1.6924471 1.7155509 2.2483290 1.6904545 2.2000067 1.8337884 1.9302049 1.8131810 1.5027565 1.9471155 1.6790023 1.9662145 2.1371957 1.8121421 1.8732391 1.9233036 1.7863781 
Nakaseomyces_bracarensis                    0.8952709 1.7533253 2.1233704 2.1328658 0.0000000 2.2417243 0.5142896 0.3840551 1.4200490 1.7109498 7.4733383 1.6611865 1.6633761 1.6476035 1.6658856 1.7261689 1.6531611 1.6020689 2.2078228 1.7192264 1.6937470 1.6233087 1.8290697 1.9074435 1.7437262 2.0676784 1.5908040 2.0859368 1.6284419 2.1541100 2.1038413 1.6431644 1.7667225 1.6571389 1.7961691 2.1595215 1.5760404 1.7789698 1.8528052 2.0620287 
Nakaseomyces_castellii                      2.2713402 2.1658242 2.7656542 1.9631720 2.2417243 0.0000000 2.1483889 2.1256653 1.8439360 1.8761449 8.4061075 1.8833434 1.8998564 1.6981268 1.8868499 2.0058913 1.8895870 1.6654583 2.2908820 2.6459032 1.8938925 2.0585063 2.0634073 2.0099242 2.0114552 2.0519634 1.8135592 2.0670017 1.8296273 2.1071077 2.0448209 1.8841237 2.0020702 1.9078232 1.9066934 2.1621097 2.4257470 2.2837870 2.2986818 2.0128437 
Nakaseomyces_delphensis                     0.8584043 2.1159701 2.0701012 2.0205767 0.5142896 2.1483889 0.0000000 0.3554675 1.6097459 1.9230346 7.7227286 1.7680209 1.9306453 1.8633764 1.8545778 2.0183757 1.9264405 1.8476511 2.3920505 2.0261296 1.9824568 1.9237686 2.2654732 2.0333620 1.8585119 2.2527504 1.7389720 2.3047653 1.8737073 2.3932539 2.2575184 1.9284212 2.0197495 1.9918918 2.0730815 2.3661328 1.9274728 2.0057722 2.1806651 2.3803593 
Nakaseomyces_nivariensis                    0.8527046 1.8399430 2.0627750 2.1017868 0.3840551 2.1256653 0.3554675 0.0000000 1.4992139 1.7628227 7.7654250 1.7700919 1.8505029 1.7463105 1.8392701 1.9066141 1.8231952 1.7325638 2.1405837 1.7283791 1.8005087 1.6149287 1.8313697 1.9434327 1.7661741 2.0921806 1.6423709 2.2181450 1.7772089 2.2593907 2.0077413 1.7232516 1.7866216 1.8392658 1.8607138 2.1678673 1.6448893 1.8263835 1.9181586 2.1261671 
Naumovozyma_castellii                       1.5176380 1.2122021 2.1176140 1.7344854 1.4200490 1.8439360 1.6097459 1.4992139 0.0000000 0.9450088 6.1847596 1.3137311 1.4245506 1.3175382 1.3864662 1.3560900 1.3616332 1.3663112 1.3758136 1.5925390 1.2146630 1.1095115 1.5397374 1.3350734 1.2040532 1.6299594 1.3416081 1.8375233 1.2370288 1.7079476 1.4698713 1.2190085 1.4064038 1.1896392 1.4487213 1.8280588 1.5090592 1.6436066 1.5423251 1.4818030 
Naumovozyma_dairenensis                     1.7362912 1.1716554 2.3245563 1.5027853 1.7109498 1.8761449 1.9230346 1.7628227 0.9450088 0.0000000 7.3474799 1.2443002 1.2449293 1.1408679 1.1895483 1.3096451 1.2484610 1.0969984 1.3650788 1.6012228 1.2630452 1.0486223 1.4280890 1.1493198 1.0973893 1.7561653 1.1265764 1.5868471 1.1647093 1.8140737 1.3334353 1.1435129 1.3875712 0.9009246 1.3688693 1.8231762 1.6500580 1.6021612 1.5759594 1.4565759 
Neurospora_crassa                           7.9984659 6.6801333 7.3911141 8.2588381 7.4733383 8.4061075 7.7227286 7.7654250 6.1847596 7.3474799 0.0000000 7.6588195 7.2142220 7.7674827 7.5454916 8.0414592 7.3408496 7.3764258 7.2666283 7.8550685 7.1543376 6.6338106 7.5199728 6.1934571 6.6310924 7.4790002 6.8599515 7.4767402 6.5999012 7.0196401 7.2351094 7.1970482 6.6794295 7.3481594 6.5105392 6.5738613 7.3605317 7.6372387 6.9097235 6.2694000 
Saccharomyces_arboricola                    1.7763645 1.3002932 2.0658216 1.5529887 1.6611865 1.8833434 1.7680209 1.7700919 1.3137311 1.2443002 7.6588195 0.0000000 0.3602975 0.3429190 0.2605038 0.3623535 0.3176974 0.3206324 1.3168949 1.6501362 1.0572589 1.0854060 1.5062240 1.2432998 1.3643326 1.5450925 1.3477042 1.7375403 1.2579860 1.8021577 1.3068580 1.2935070 1.3058028 1.3105711 1.3506422 1.7083903 1.5791275 1.5163155 1.5760744 1.4284419 
Saccharomyces_cerevisiae                    1.6958890 1.3003810 1.9227046 1.5352455 1.6633761 1.8998564 1.9306453 1.8505029 1.4245506 1.2449293 7.2142220 0.3602975 0.0000000 0.4250698 0.3406933 0.2738659 0.1434157 0.4051570 1.4054807 1.7102740 1.1686478 1.1681020 1.5804170 1.2132092 1.4772733 1.6480349 1.2185995 1.7695844 1.2428836 1.8337837 1.4351513 1.2218564 1.4166437 1.2800949 1.4859449 1.7307242 1.6113371 1.6273981 1.7268548 1.4181103 
Saccharomyces_eubayanus                     1.8579684 1.2535003 2.0486464 1.5985957 1.6476035 1.6981268 1.8633764 1.7463105 1.3175382 1.1408679 7.7674827 0.3429190 0.4250698 0.0000000 0.3364072 0.4153037 0.3769776 0.0787738 1.3472312 1.5866589 1.0524446 1.0134574 1.6085283 1.1997207 1.3664466 1.5229648 1.2318919 1.6912184 1.2507437 1.8828048 1.4683285 1.1476933 1.4243047 1.2735873 1.5183282 1.8492078 1.6991261 1.4377362 1.7094448 1.3150426 
Saccharomyces_kudriavzevii                  1.8346038 1.3594710 1.9881388 1.4214294 1.6658856 1.8868499 1.8545778 1.8392701 1.3864662 1.1895483 7.5454916 0.2605038 0.3406933 0.3364072 0.0000000 0.3184275 0.2913400 0.3144613 1.3584969 1.6405568 1.0812768 1.0673105 1.6715541 1.1732430 1.3560798 1.6290433 1.3213187 1.7242096 1.1991738 1.9196546 1.3815534 1.2870180 1.4156826 1.2138314 1.4836730 1.8340525 1.6333959 1.5101004 1.6668545 1.3415489 
Saccharomyces_mikatae                       1.8995108 1.3266495 2.1275926 1.6430193 1.7261689 2.0058913 2.0183757 1.9066141 1.3560900 1.3096451 8.0414592 0.3623535 0.2738659 0.4153037 0.3184275 0.0000000 0.2128148 0.4221733 1.4906399 1.7827614 1.1312901 1.1278260 1.6508889 1.2746137 1.4181705 1.6505559 1.2749530 1.8183460 1.2472258 1.9464766 1.4767048 1.3244894 1.5016525 1.2885256 1.4761455 1.8506122 1.7363388 1.6463533 1.7959397 1.4556233 
Saccharomyces_paradoxus                     1.7759864 1.3002133 1.9432270 1.5411827 1.6531611 1.8895870 1.9264405 1.8231952 1.3616332 1.2484610 7.3408496 0.3176974 0.1434157 0.3769776 0.2913400 0.2128148 0.0000000 0.3588776 1.2792964 1.6465468 1.0605717 1.0788938 1.5666293 1.2275948 1.3667858 1.6093406 1.1574263 1.7478661 1.1938177 1.8715986 1.4389614 1.2347323 1.4140756 1.2731408 1.4257550 1.7608767 1.5692836 1.6254690 1.6722235 1.3951868 
Saccharomyces_uvarum                        1.8766907 1.2196498 2.0370622 1.5445761 1.6020689 1.6654583 1.8476511 1.7325638 1.3663112 1.0969984 7.3764258 0.3206324 0.4051570 0.0787738 0.3144613 0.4221733 0.3588776 0.0000000 1.3204219 1.5731612 1.0184727 0.9450211 1.5353975 1.1585180 1.3242887 1.5150121 1.1979573 1.6417862 1.2169307 1.7690313 1.4366142 1.1437411 1.3745534 1.2400397 1.4630632 1.7091897 1.6521141 1.4780305 1.6774431 1.2602422 
Tetrapisispora_blattae                      2.1872064 1.2589321 2.4812659 1.8017119 2.2078228 2.2908820 2.3920505 2.1405837 1.3758136 1.3650788 7.2666283 1.3168949 1.4054807 1.3472312 1.3584969 1.4906399 1.2792964 1.3204219 0.0000000 1.5600004 1.1952130 1.0442485 1.4156496 1.3168668 1.2556576 1.7297806 1.4503307 1.8921318 1.3865657 1.5029033 1.3678677 1.3016168 1.3700185 1.0367158 1.3948948 1.5186961 1.7234790 1.5747512 1.5542642 0.9885819 
Tetrapisispora_phaffii                      1.7840736 1.4795021 2.3809654 1.8250762 1.7192264 2.6459032 2.0261296 1.7283791 1.5925390 1.6012228 7.8550685 1.6501362 1.7102740 1.5866589 1.6405568 1.7827614 1.6465468 1.5731612 1.5600004 0.0000000 1.1769051 1.4576810 1.5231549 1.6926784 1.3630508 1.8447754 1.7038280 1.8894348 1.5389906 1.6287797 1.6442254 1.5436003 1.4693573 1.5181033 1.5148633 1.6966420 0.5203300 0.6784035 0.5813466 1.6552486 
Vanderwaltozyma_polyspora                   1.8272093 1.1174298 2.1039594 1.4479806 1.6937470 1.8938925 1.9824568 1.8005087 1.2146630 1.2630452 7.1543376 1.0572589 1.1686478 1.0524446 1.0812768 1.1312901 1.0605717 1.0184727 1.1952130 1.1769051 0.0000000 1.1028846 1.3109318 1.1447401 1.1208002 1.3737816 1.2703882 1.6284871 1.2595222 1.6062720 1.4003770 1.1675145 1.2434951 1.0659553 1.1977530 1.4712316 1.2705352 1.3111064 1.3623597 1.2308106 
yHAB132_Kazachstania_martiniae              1.8341329 0.9137900 2.0928987 1.4910949 1.6233087 2.0585063 1.9237686 1.6149287 1.1095115 1.0486223 6.6338106 1.0854060 1.1681020 1.0134574 1.0673105 1.1278260 1.0788938 0.9450211 1.0442485 1.4576810 1.1028846 0.0000000 1.1823187 0.9619450 0.8591013 1.2821827 0.9552896 1.6510400 1.0400899 1.6586021 1.2184026 1.0342034 1.2081477 0.9415264 1.2044108 1.5727259 1.5305676 1.4391617 1.5080702 1.2412390 
yHAB133_Kazachstania_unispora               1.9492845 1.3707762 2.2300250 2.1314462 1.8290697 2.0634073 2.2654732 1.8313697 1.5397374 1.4280890 7.5199728 1.5062240 1.5804170 1.6085283 1.6715541 1.6508889 1.5666293 1.5353975 1.4156496 1.5231549 1.3109318 1.1823187 0.0000000 1.3187897 1.0390211 0.5758471 1.1074474 1.6712418 1.5344188 1.3828950 1.2650868 1.5050521 0.2981595 1.1621356 0.2774585 1.3905796 1.5713333 1.5348146 1.6581228 1.5371340 
yHAB134_Kazachstania_turicensis             1.7877241 1.1713630 1.9968123 1.6924471 1.9074435 2.0099242 2.0333620 1.9434327 1.3350734 1.1493198 6.1934571 1.2432998 1.2132092 1.1997207 1.1732430 1.2746137 1.2275948 1.1585180 1.3168668 1.6926784 1.1447401 0.9619450 1.3187897 0.0000000 1.3750488 1.4234535 1.2982956 1.5313898 1.0067013 1.6507105 1.1800242 1.2338272 1.2620422 0.6448735 1.2911616 1.5251092 1.7099554 1.6448904 1.5973848 1.3245769 
yHAB136_Kazachstania_bromeliacearum         1.6768635 0.9169217 1.7592558 1.7155509 1.7437262 2.0114552 1.8585119 1.7661741 1.2040532 1.0973893 6.6310924 1.3643326 1.4772733 1.3664466 1.3560798 1.4181705 1.3667858 1.3242887 1.2556576 1.3630508 1.1208002 0.8591013 1.0390211 1.3750488 0.0000000 1.2636562 1.0257788 1.4227957 1.2157178 1.2699478 1.2790900 1.0828250 1.0050899 1.1466288 0.9927843 1.2933112 1.4350918 1.4441389 1.4952647 1.5288614 
yHAB143_Kazachstania_siamensis              2.0833327 1.4657263 2.1182789 2.2483290 2.0676784 2.0519634 2.2527504 2.0921806 1.6299594 1.7561653 7.4790002 1.5450925 1.6480349 1.5229648 1.6290433 1.6505559 1.6093406 1.5150121 1.7297806 1.8447754 1.3737816 1.2821827 0.5758471 1.4234535 1.2636562 0.0000000 1.2795016 1.8568364 1.5035507 1.4620425 1.5345938 1.5807635 0.6003532 1.4858779 0.5717962 1.6534111 1.8766145 1.7740452 1.9517004 1.5146258 
yHAB147_Kazachstania_taianensis             1.5663715 1.2054745 1.8478283 1.6904545 1.5908040 1.8135592 1.7389720 1.6423709 1.3416081 1.1265764 6.8599515 1.3477042 1.2185995 1.2318919 1.3213187 1.2749530 1.1574263 1.1979573 1.4503307 1.7038280 1.2703882 0.9552896 1.1074474 1.2982956 1.0257788 1.2795016 0.0000000 1.8080034 1.0858262 1.5561064 1.3472028 1.3329663 1.0979854 1.1580521 1.0922900 1.4464458 1.6959774 1.6430090 1.7154356 1.4785256 
yHAB148_Kazachstania_intestinalis           2.1939599 1.5385539 1.8674430 2.2000067 2.0859368 2.0670017 2.3047653 2.2181450 1.8375233 1.5868471 7.4767402 1.7375403 1.7695844 1.6912184 1.7242096 1.8183460 1.7478661 1.6417862 1.8921318 1.8894348 1.6284871 1.6510400 1.6712418 1.5313898 1.4227957 1.8568364 1.8080034 0.0000000 1.4584054 1.7722402 1.4857411 1.6978501 1.7302589 1.4468273 1.7623011 1.9236051 1.7108555 2.0927294 1.7755951 2.0512233 
yHAB153_Kazachstania_rosinii                1.7237310 1.0100602 1.9099765 1.8337884 1.6284419 1.8296273 1.8737073 1.7772089 1.2370288 1.1647093 6.5999012 1.2579860 1.2428836 1.2507437 1.1991738 1.2472258 1.1938177 1.2169307 1.3865657 1.5389906 1.2595222 1.0400899 1.5344188 1.0067013 1.2157178 1.5035507 1.0858262 1.4584054 0.0000000 1.7530273 1.2474907 1.3691145 1.3809056 1.0133602 1.4040887 1.7109002 1.6195220 1.6115891 1.5317497 1.4331069 
yHAB154_Kazachstania_transvaalensis         2.2824738 1.6104455 2.2308224 1.9302049 2.1541100 2.1071077 2.3932539 2.2593907 1.7079476 1.8140737 7.0196401 1.8021577 1.8337837 1.8828048 1.9196546 1.9464766 1.8715986 1.7690313 1.5029033 1.6287797 1.6062720 1.6586021 1.3828950 1.6507105 1.2699478 1.4620425 1.5561064 1.7722402 1.7530273 0.0000000 1.6652086 1.5184445 1.2790854 1.3758925 1.3083250 0.4028710 1.6763900 1.8313129 1.6481363 1.9515274 
yHAB155_Kazachstania_spencerorum            1.9366583 1.3218389 2.0993029 1.8131810 2.1038413 2.0448209 2.2575184 2.0077413 1.4698713 1.3334353 7.2351094 1.3068580 1.4351513 1.4683285 1.3815534 1.4767048 1.4389614 1.4366142 1.3678677 1.6442254 1.4003770 1.2184026 1.2650868 1.1800242 1.2790900 1.5345938 1.3472028 1.4857411 1.2474907 1.6652086 0.0000000 1.3397325 1.2407753 1.1465716 1.2387526 1.7253821 1.6452329 1.5817039 1.6428838 1.5654854 
yHAB158_Kazachstania_viticola               1.9612042 0.9887633 2.2541781 1.5027565 1.6431644 1.8841237 1.9284212 1.7232516 1.2190085 1.1435129 7.1970482 1.2935070 1.2218564 1.1476933 1.2870180 1.3244894 1.2347323 1.1437411 1.3016168 1.5436003 1.1675145 1.0342034 1.5050521 1.2338272 1.0828250 1.5807635 1.3329663 1.6978501 1.3691145 1.5184445 1.3397325 0.0000000 1.2783265 0.9983064 1.3572128 1.4198741 1.5557046 1.6012605 1.6111905 1.4202997 
yHAB159_Kazachstania_solicola               1.8657776 1.3046708 2.0915129 1.9471155 1.7667225 2.0020702 2.0197495 1.7866216 1.4064038 1.3875712 6.6794295 1.3058028 1.4166437 1.4243047 1.4156826 1.5016525 1.4140756 1.3745534 1.3700185 1.4693573 1.2434951 1.2081477 0.2981595 1.2620422 1.0050899 0.6003532 1.0979854 1.7302589 1.3809056 1.2790854 1.2407753 1.2783265 0.0000000 1.2302532 0.0895684 1.3686584 1.4845509 1.5029962 1.5327584 1.4722641 
yHAB160_Kazachstania_kunashirensis          1.8309128 0.9935259 2.0728948 1.6790023 1.6571389 1.9078232 1.9918918 1.8392658 1.1896392 0.9009246 7.3481594 1.3105711 1.2800949 1.2735873 1.2138314 1.2885256 1.2731408 1.2400397 1.0367158 1.5181033 1.0659553 0.9415264 1.1621356 0.6448735 1.1466288 1.4858779 1.1580521 1.4468273 1.0133602 1.3758925 1.1465716 0.9983064 1.2302532 0.0000000 1.1947018 1.2070750 1.5198139 1.4560083 1.4691551 1.3514186 
yHAB164_Kazachstania_aerobia                1.8897746 1.3072260 2.1971552 1.9662145 1.7961691 1.9066934 2.0730815 1.8607138 1.4487213 1.3688693 6.5105392 1.3506422 1.4859449 1.5183282 1.4836730 1.4761455 1.4257550 1.4630632 1.3948948 1.5148633 1.1977530 1.2044108 0.2774585 1.2911616 0.9927843 0.5717962 1.0922900 1.7623011 1.4040887 1.3083250 1.2387526 1.3572128 0.0895684 1.1947018 0.0000000 1.3787209 1.4917349 1.4930476 1.5123437 1.4597225 
yHAB166_Kazachstania_yakushimaensis         2.2974425 1.5667431 2.3353531 2.1371957 2.1595215 2.1621097 2.3661328 2.1678673 1.8280588 1.8231762 6.5738613 1.7083903 1.7307242 1.8492078 1.8340525 1.8506122 1.7608767 1.7091897 1.5186961 1.6966420 1.4712316 1.5727259 1.3905796 1.5251092 1.2933112 1.6534111 1.4464458 1.9236051 1.7109002 0.4028710 1.7253821 1.4198741 1.3686584 1.2070750 1.3787209 0.0000000 1.6999394 1.7915897 1.6214951 1.8620263 
yHMPu5000034875_Tetrapisispora_fleetii      1.7962099 1.4892169 2.3706440 1.8121421 1.5760404 2.4257470 1.9274728 1.6448893 1.5090592 1.6500580 7.3605317 1.5791275 1.6113371 1.6991261 1.6333959 1.7363388 1.5692836 1.6521141 1.7234790 0.5203300 1.2705352 1.5305676 1.5713333 1.7099554 1.4350918 1.8766145 1.6959774 1.7108555 1.6195220 1.6763900 1.6452329 1.5557046 1.4845509 1.5198139 1.4917349 1.6999394 0.0000000 0.7155746 0.3325107 1.7319540 
yHMPu5000034876_Tetrapisispora_iriomotensis 1.8201895 1.5793720 2.5516188 1.8732391 1.7789698 2.2837870 2.0057722 1.8263835 1.6436066 1.6021612 7.6372387 1.5163155 1.6273981 1.4377362 1.5101004 1.6463533 1.6254690 1.4780305 1.5747512 0.6784035 1.3111064 1.4391617 1.5348146 1.6448904 1.4441389 1.7740452 1.6430090 2.0927294 1.6115891 1.8313129 1.5817039 1.6012605 1.5029962 1.4560083 1.4930476 1.7915897 0.7155746 0.0000000 0.7410775 1.5526634 
yHMPu5000034877_Tetrapisispora_namnaonensis 1.9014803 1.5085560 2.4817729 1.9233036 1.8528052 2.2986818 2.1806651 1.9181586 1.5423251 1.5759594 6.9097235 1.5760744 1.7268548 1.7094448 1.6668545 1.7959397 1.6722235 1.6774431 1.5542642 0.5813466 1.3623597 1.5080702 1.6581228 1.5973848 1.4952647 1.9517004 1.7154356 1.7755951 1.5317497 1.6481363 1.6428838 1.6111905 1.5327584 1.4691551 1.5123437 1.6214951 0.3325107 0.7410775 0.0000000 1.6609404 
yHMPu5000035629_Yueomyces_sinensis          2.2020907 1.3869352 2.7210523 1.7863781 2.0620287 2.0128437 2.3803593 2.1261671 1.4818030 1.4565759 6.2694000 1.4284419 1.4181103 1.3150426 1.3415489 1.4556233 1.3951868 1.2602422 0.9885819 1.6552486 1.2308106 1.2412390 1.5371340 1.3245769 1.5288614 1.5146258 1.4785256 2.0512233 1.4331069 1.9515274 1.5654854 1.4202997 1.4722641 1.3514186 1.4597225 1.8620263 1.7319540 1.5526634 1.6609404 0.0000000 
