40
Candida_glabrata                            0.0000000 0.7955746 0.9140524 0.7275180 0.5697686 0.8735107 0.5239078 0.5777118 0.7398182 0.6250825 2.7135035 0.9069198 0.8269113 0.9217931 0.9021800 0.8017862 0.8417888 0.9565712 0.7859980 0.8714575 0.6208217 0.6023482 1.0364056 0.6675576 0.6970952 1.1004819 0.8865579 0.7337191 0.6724724 0.7724990 0.7085946 0.6567301 1.2267175 0.6111495 1.1083548 0.8247629 0.7053983 0.6945110 0.7434366 0.7911099 
Kazachstania_africana                       0.7955746 0.0000000 0.9879795 0.8053624 0.7603053 0.8784127 0.7780655 0.7851879 0.7326797 0.7757367 2.8458093 0.9439165 0.8651733 0.9961178 0.9660559 1.9015940 1.7369985 0.9925322 0.7540031 0.9598575 0.7274319 0.6561162 1.0447919 0.6908562 0.6592277 1.4163037 0.9482926 0.8069465 0.8453487 0.8414876 0.9143532 0.7000312 1.5055113 0.6764404 1.3582334 0.8873695 0.6812946 0.6963579 0.6702128 0.9574732 
Kazachstania_naganishii                     0.9140524 0.9879795 0.0000000 1.0566246 1.0335463 1.0809928 0.8864211 0.8996671 1.0524551 0.9800536 2.8622350 1.0974732 1.0723161 1.0937487 1.0945694 1.0918067 1.1144380 1.0923128 1.0651364 1.1307442 1.0336735 0.9581496 1.3089235 1.1662096 0.8794042 1.3392802 0.8923375 0.9321801 0.9007870 1.0314163 1.0188006 1.0067162 1.2714380 1.0470654 1.3005942 1.0225034 0.9686942 0.9922713 0.9929049 1.2671569 
Nakaseomyces_bacillisporus                  0.7275180 0.8053624 1.0566246 0.0000000 0.7275266 0.7876681 0.7075865 0.7838313 0.7425196 0.6053637 2.9312807 0.8620286 0.8598223 0.9112145 0.9148961 0.8302010 0.8401608 0.9688117 0.7495296 0.9636427 0.6895426 0.7324408 0.9598255 0.7359925 0.6178796 0.9497238 1.0364236 0.7179356 0.7596309 0.8727855 0.7126964 0.7270174 1.1829308 0.7348920 1.0321844 0.8357599 0.6809098 0.7559796 0.6855060 0.8995623 
Nakaseomyces_bracarensis                    0.5697686 0.7603053 1.0335463 0.7275266 0.0000000 0.9456918 0.3482077 0.3542383 0.8173745 0.7070709 2.5732373 0.8349221 0.8283893 0.8254020 0.8735019 0.8290355 0.8379838 0.8465483 0.8766954 0.9568850 0.7026420 0.6936099 1.1552898 0.8254908 0.7231805 1.1163662 0.8347961 0.7658385 0.7469667 0.9288229 0.7944499 0.6954478 1.1394276 0.7917675 1.1550593 0.8555762 0.7899293 0.8150002 0.7718995 1.0161468 
Nakaseomyces_castellii                      0.8735107 0.8784127 1.0809928 0.7876681 0.9456918 0.0000000 0.9039942 0.9235738 0.7865954 0.8627989 2.8901773 0.9882251 1.0906474 1.0072506 1.0208609 1.0029269 1.0104763 1.0047425 0.8805079 1.0215267 0.8283441 0.8447396 1.1200548 0.9588508 0.8496302 1.2255197 0.9951011 0.8810907 0.8913554 1.0154578 0.8457162 0.9060692 1.2690857 0.9172261 1.2245674 1.0029697 0.8430271 0.8597329 0.8591546 1.0856512 
Nakaseomyces_delphensis                     0.5239078 0.7780655 0.8864211 0.7075865 0.3482077 0.9039942 0.0000000 0.3074349 0.7555548 0.7097748 2.5902282 0.8969672 0.8871437 0.8530366 0.9278235 0.8818359 0.8788221 0.8793736 0.8120435 0.9433761 0.6589494 0.6260600 1.0419748 0.8261032 0.7446143 1.0656232 0.8172360 0.7538966 0.6677532 0.9139242 0.7885285 0.7331319 1.0472766 0.7567884 1.0029282 0.8825085 0.6694018 0.7172469 0.6916036 0.9212927 
Nakaseomyces_nivariensis                    0.5777118 0.7851879 0.8996671 0.7838313 0.3542383 0.9235738 0.3074349 0.0000000 0.8115127 0.7928114 2.4249843 0.7443085 0.7688078 0.7627139 0.7671198 0.8152068 0.8110344 0.7682864 1.0313677 0.8859417 0.7061005 0.7398688 1.1871966 0.8529303 0.7743737 1.1229810 0.6990970 0.8036159 0.7331706 1.0035498 0.8949560 0.7823106 1.1014357 0.8479148 1.1970093 1.0318890 0.7932811 0.8298245 0.7703274 1.0948603 
Naumovozyma_castellii                       0.7398182 0.7326797 1.0524551 0.7425196 0.8173745 0.7865954 0.7555548 0.8115127 0.0000000 0.4772817 2.6678374 0.8607032 0.8191360 0.8228991 0.8498286 0.8157178 0.8415466 0.8257289 0.7906426 0.9835470 0.6321694 0.6271655 0.9861905 0.7998921 0.6225437 1.0731911 0.9625668 0.7425870 0.6309657 0.9282539 0.6303105 0.6573528 1.1966832 0.7019660 1.0861426 0.8793711 0.6968388 0.7134759 0.7104229 0.9351486 
Naumovozyma_dairenensis                     0.6250825 0.7757367 0.9800536 0.6053637 0.7070709 0.8627989 0.7097748 0.7928114 0.4772817 0.0000000 2.6399832 0.9344232 0.7989204 0.8818132 0.9169305 0.8085663 0.8459125 0.9028656 0.6915776 0.9132703 0.5608140 0.5882037 0.9379027 0.6282605 0.6006948 0.9900090 0.9949552 0.7207918 0.5731237 0.8482839 0.6260523 0.5646388 1.1696613 0.5960552 0.9743080 0.7886024 0.6724077 0.6614926 0.6841141 0.9109359 
Neurospora_crassa                           2.7135035 2.8458093 2.8622350 2.9312807 2.5732373 2.8901773 2.5902282 2.4249843 2.6678374 2.6399832 0.0000000 2.5330950 2.4832060 2.5755594 2.4654657 2.8320666 2.8608535 2.5642463 2.4815066 2.8333739 2.5876358 2.8688614 2.8722567 2.7299781 2.8715156 3.2603259 2.5074761 2.7157901 2.8386761 2.9069599 2.8936621 2.8002941 2.8983560 2.7709616 3.0846873 2.7106219 2.7760224 2.7906918 2.6493505 2.8866848 
Saccharomyces_arboricola                    0.9069198 0.9439165 1.0974732 0.8620286 0.8349221 0.9882251 0.8969672 0.7443085 0.8607032 0.9344232 2.5330950 0.0000000 0.2302808 0.2467007 0.2094881 0.2278553 0.2276238 0.2338675 1.1225784 1.1061397 0.9396319 0.9105079 1.2071436 0.9931018 0.8414569 1.2855354 0.8262702 0.8988929 0.8593158 1.1834361 0.9874304 0.9624899 1.2042452 0.9211561 1.2670227 1.1356924 0.9562563 1.0770550 0.9608310 1.2722847 
Saccharomyces_cerevisiae                    0.8269113 0.8651733 1.0723161 0.8598223 0.8283893 1.0906474 0.8871437 0.7688078 0.8191360 0.7989204 2.4832060 0.2302808 0.0000000 0.2725625 0.2087600 0.1794388 0.1011939 0.2890882 1.0076589 1.1014261 0.8682213 0.8395869 1.2020808 0.9352862 0.8001929 1.2579392 0.8370694 0.8805989 0.8614402 1.1143347 0.8828703 0.8483536 1.1371387 0.8921277 1.1983996 1.0624105 0.9732166 0.9916966 0.9718401 1.1252783 
Saccharomyces_eubayanus                     0.9217931 0.9961178 1.0937487 0.9112145 0.8254020 1.0072506 0.8530366 0.7627139 0.8228991 0.8818132 2.5755594 0.2467007 0.2725625 0.0000000 0.2190646 0.2759508 0.2206902 0.0722651 1.1738090 1.1611301 0.8960079 0.9330688 1.3006574 1.0255659 0.8091453 1.3342423 0.8143516 0.8633224 0.8985080 1.2082665 1.0471117 0.9491883 1.1690789 1.0425618 1.3099859 1.1305795 1.0664135 1.1106755 1.0174759 1.3097723 
Saccharomyces_kudriavzevii                  0.9021800 0.9660559 1.0945694 0.9148961 0.8735019 1.0208609 0.9278235 0.7671198 0.8498286 0.9169305 2.4654657 0.2094881 0.2087600 0.2190646 0.0000000 0.1968984 0.1867775 0.2219579 1.1501563 1.1381042 0.9331138 0.9046042 1.2558650 1.0553473 0.8828904 1.3765761 0.7941516 0.9166503 0.8867416 1.1932191 1.0431080 0.9650162 1.1964792 0.9996833 1.2644142 1.1117605 1.0349512 1.0833111 1.0007572 1.2581702 
Saccharomyces_mikatae                       0.8017862 1.9015940 1.0918067 0.8302010 0.8290355 1.0029269 0.8818359 0.8152068 0.8157178 0.8085663 2.8320666 0.2278553 0.1794388 0.2759508 0.1968984 0.0000000 0.1511460 0.2780429 1.0463558 1.0980305 0.8715835 0.9026983 1.1659269 0.9265273 0.8131325 2.2818149 0.8736331 0.8870324 1.8409460 1.1097617 1.9156460 0.8575075 2.2907519 0.8995172 2.3252628 1.0545728 1.0044169 0.9678439 0.9948496 1.1689805 
Saccharomyces_paradoxus                     0.8417888 1.7369985 1.1144380 0.8401608 0.8379838 1.0104763 0.8788221 0.8110344 0.8415466 0.8459125 2.8608535 0.2276238 0.1011939 0.2206902 0.1867775 0.1511460 0.0000000 0.2322911 1.0468167 1.1371191 0.8606472 0.8722169 1.1911515 0.9424721 0.8030476 2.1987326 0.8237104 0.8710116 1.7338884 1.1462727 1.7758491 0.8843005 2.1199829 0.8776957 2.2524702 1.0704340 0.9714169 0.9998843 0.9692551 1.1975052 
Saccharomyces_uvarum                        0.9565712 0.9925322 1.0923128 0.9688117 0.8465483 1.0047425 0.8793736 0.7682864 0.8257289 0.9028656 2.5642463 0.2338675 0.2890882 0.0722651 0.2219579 0.2780429 0.2322911 0.0000000 1.2098384 1.1665893 0.9563509 0.9670949 1.3304169 1.0966964 0.8330867 1.3701482 0.7481886 0.9129134 0.9227119 1.2206455 1.0678265 1.0077284 1.1465777 1.0646383 1.3357177 1.1243974 1.0714497 1.1349468 1.0267817 1.3261126 
Tetrapisispora_blattae                      0.7859980 0.7540031 1.0651364 0.7495296 0.8766954 0.8805079 0.8120435 1.0313677 0.7906426 0.6915776 2.4815066 1.1225784 1.0076589 1.1738090 1.1501563 1.0463558 1.0468167 1.2098384 0.0000000 1.0739119 0.6898522 0.7014978 1.0038125 0.7754109 0.7736378 1.1331748 1.0389932 0.9116554 0.7641218 0.7847338 0.7473277 0.7044908 1.3030136 0.7677471 0.9248465 0.7938212 0.7197896 0.7814448 0.7124520 0.5844665 
Tetrapisispora_phaffii                      0.8714575 0.9598575 1.1307442 0.9636427 0.9568850 1.0215267 0.9433761 0.8859417 0.9835470 0.9132703 2.8333739 1.1061397 1.1014261 1.1611301 1.1381042 1.0980305 1.1371191 1.1665893 1.0739119 0.0000000 0.7527236 0.8906307 1.3120444 0.9696596 0.9232339 1.3690942 1.0655358 0.9431726 0.9367080 1.2126720 0.9593235 0.9269544 1.3055397 0.9091516 1.3582676 1.1237063 0.4979642 0.6136219 0.4831400 1.2128069 
Vanderwaltozyma_polyspora                   0.6208217 0.7274319 1.0336735 0.6895426 0.7026420 0.8283441 0.6589494 0.7061005 0.6321694 0.5608140 2.5876358 0.9396319 0.8682213 0.8960079 0.9331138 0.8715835 0.8606472 0.9563509 0.6898522 0.7527236 0.0000000 0.5783316 0.8518494 0.6697449 0.5996848 0.9561634 0.9993555 0.6674854 0.5949050 0.8277201 0.6507875 0.6800874 1.1382322 0.6101816 0.9435028 0.7435971 0.5025273 0.5156035 0.5294460 0.7429164 
yHAB132_Kazachstania_martiniae              0.6023482 0.6561162 0.9581496 0.7324408 0.6936099 0.8447396 0.6260600 0.7398688 0.6271655 0.5882037 2.8688614 0.9105079 0.8395869 0.9330688 0.9046042 0.9026983 0.8722169 0.9670949 0.7014978 0.8906307 0.5783316 0.0000000 0.9480028 0.6220414 0.5808202 1.0536134 0.9560403 0.6511110 0.4946872 0.8204764 0.5730576 0.5552839 1.1682663 0.5487827 1.0318969 0.8076982 0.5960838 0.6435166 0.5995111 0.8381428 
yHAB133_Kazachstania_unispora               1.0364056 1.0447919 1.3089235 0.9598255 1.1552898 1.1200548 1.0419748 1.1871966 0.9861905 0.9379027 2.8722567 1.2071436 1.2020808 1.3006574 1.2558650 1.1659269 1.1911515 1.3304169 1.0038125 1.3120444 0.8518494 0.9480028 0.0000000 0.9027519 0.8819131 0.3602651 1.3124105 1.0233443 0.9703986 0.8642995 0.8192753 1.0032547 0.4400990 1.0071015 0.3027370 0.9526598 0.9050757 1.0245270 0.9752958 1.1070549 
yHAB134_Kazachstania_turicensis             0.6675576 0.6908562 1.1662096 0.7359925 0.8254908 0.9588508 0.8261032 0.8529303 0.7998921 0.6282605 2.7299781 0.9931018 0.9352862 1.0255659 1.0553473 0.9265273 0.9424721 1.0966964 0.7754109 0.9696596 0.6697449 0.6220414 0.9027519 0.0000000 0.6023456 0.9985412 1.0433045 0.7590578 0.6373413 0.7956596 0.6747246 0.6274703 1.2426390 0.4696923 0.9217910 0.8038207 0.7356096 0.7309405 0.7749259 0.9394657 
yHAB136_Kazachstania_bromeliacearum         0.6970952 0.6592277 0.8794042 0.6178796 0.7231805 0.8496302 0.7446143 0.7743737 0.6225437 0.6006948 2.8715156 0.8414569 0.8001929 0.8091453 0.8828904 0.8131325 0.8030476 0.8330867 0.7736378 0.9232339 0.5996848 0.5808202 0.8819131 0.6023456 0.0000000 0.8679483 0.8785853 0.6522123 0.6264836 0.7182778 0.6817054 0.6128402 1.1376990 0.5888328 0.9784646 0.6402512 0.6000879 0.7073088 0.6770016 0.9120037 
yHAB143_Kazachstania_siamensis              1.1004819 1.4163037 1.3392802 0.9497238 1.1163662 1.2255197 1.0656232 1.1229810 1.0731911 0.9900090 3.2603259 1.2855354 1.2579392 1.3342423 1.3765761 2.2818149 2.1987326 1.3701482 1.1331748 1.3690942 0.9561634 1.0536134 0.3602651 0.9985412 0.8679483 0.0000000 1.2648759 0.9509416 1.2921009 1.0509426 1.2767754 1.0773107 0.5733688 1.1051383 0.4845129 1.1454678 1.0574323 1.1961092 1.1240803 1.3403243 
yHAB147_Kazachstania_taianensis             0.8865579 0.9482926 0.8923375 1.0364236 0.8347961 0.9951011 0.8172360 0.6990970 0.9625668 0.9949552 2.5074761 0.8262702 0.8370694 0.8143516 0.7941516 0.8736331 0.8237104 0.7481886 1.0389932 1.0655358 0.9993555 0.9560403 1.3124105 1.0433045 0.8785853 1.2648759 0.0000000 0.9218561 0.8540677 1.0459233 1.0434835 0.9611937 1.0695341 0.9910821 1.2143518 1.0277588 0.9776457 1.0207042 0.9816358 1.2455220 
yHAB148_Kazachstania_intestinalis           0.7337191 0.8069465 0.9321801 0.7179356 0.7658385 0.8810907 0.7538966 0.8036159 0.7425870 0.7207918 2.7157901 0.8988929 0.8805989 0.8633224 0.9166503 0.8870324 0.8710116 0.9129134 0.9116554 0.9431726 0.6674854 0.6511110 1.0233443 0.7590578 0.6522123 0.9509416 0.9218561 0.0000000 0.7210615 0.8681149 0.7445415 0.7164163 1.0939344 0.7010617 1.0224250 0.8964607 0.7220260 0.7972553 0.7079763 0.9386329 
yHAB153_Kazachstania_rosinii                0.6724724 0.8453487 0.9007870 0.7596309 0.7469667 0.8913554 0.6677532 0.7331706 0.6309657 0.5731237 2.8386761 0.8593158 0.8614402 0.8985080 0.8867416 1.8409460 1.7338884 0.9227119 0.7641218 0.9367080 0.5949050 0.4946872 0.9703986 0.6373413 0.6264836 1.2921009 0.8540677 0.7210615 0.0000000 0.8878335 0.6663727 0.5964994 1.3857748 0.5076199 1.2374678 0.8819289 0.6757260 0.6538431 0.7108412 0.9100990 
yHAB154_Kazachstania_transvaalensis         0.7724990 0.8414876 1.0314163 0.8727855 0.9288229 1.0154578 0.9139242 1.0035498 0.9282539 0.8482839 2.9069599 1.1834361 1.1143347 1.2082665 1.1932191 1.1097617 1.1462727 1.2206455 0.7847338 1.2126720 0.8277201 0.8204764 0.8642995 0.7956596 0.7182778 1.0509426 1.0459233 0.8681149 0.8878335 0.0000000 0.7884554 0.8980441 1.2710623 0.7970257 1.0497405 0.2977733 0.8290543 0.9162766 0.8746654 0.8588599 
yHAB155_Kazachstania_spencerorum            0.7085946 0.9143532 1.0188006 0.7126964 0.7944499 0.8457162 0.7885285 0.8949560 0.6303105 0.6260523 2.8936621 0.9874304 0.8828703 1.0471117 1.0431080 1.9156460 1.7758491 1.0678265 0.7473277 0.9593235 0.6507875 0.5730576 0.8192753 0.6747246 0.6817054 1.2767754 1.0434835 0.7445415 0.6663727 0.7884554 0.0000000 0.6275655 1.4081788 0.5746006 1.2278803 0.8001697 0.6838425 0.6565072 0.6976245 0.8616211 
yHAB158_Kazachstania_viticola               0.6567301 0.7000312 1.0067162 0.7270174 0.6954478 0.9060692 0.7331319 0.7823106 0.6573528 0.5646388 2.8002941 0.9624899 0.8483536 0.9491883 0.9650162 0.8575075 0.8843005 1.0077284 0.7044908 0.9269544 0.6800874 0.5552839 1.0032547 0.6274703 0.6128402 1.0773107 0.9611937 0.7164163 0.5964994 0.8980441 0.6275655 0.0000000 1.2326917 0.6292605 1.0630682 0.8356533 0.6089063 0.6030090 0.5844647 0.9774115 
yHAB159_Kazachstania_solicola               1.2267175 1.5055113 1.2714380 1.1829308 1.1394276 1.2690857 1.0472766 1.1014357 1.1966832 1.1696613 2.8983560 1.2042452 1.1371387 1.1690789 1.1964792 2.2907519 2.1199829 1.1465777 1.3030136 1.3055397 1.1382322 1.1682663 0.4400990 1.2426390 1.1376990 0.5733688 1.0695341 1.0939344 1.3857748 1.2710623 1.4081788 1.2326917 0.0000000 1.2964747 0.2900092 1.2100195 1.0674358 1.1786741 1.1209704 1.4381598 
yHAB160_Kazachstania_kunashirensis          0.6111495 0.6764404 1.0470654 0.7348920 0.7917675 0.9172261 0.7567884 0.8479148 0.7019660 0.5960552 2.7709616 0.9211561 0.8921277 1.0425618 0.9996833 0.8995172 0.8776957 1.0646383 0.7677471 0.9091516 0.6101816 0.5487827 1.0071015 0.4696923 0.5888328 1.1051383 0.9910821 0.7010617 0.5076199 0.7970257 0.5746006 0.6292605 1.2964747 0.0000000 1.0606094 0.7940180 0.6438659 0.7152931 0.6820687 0.8495922 
yHAB164_Kazachstania_aerobia                1.1083548 1.3582334 1.3005942 1.0321844 1.1550593 1.2245674 1.0029282 1.1970093 1.0861426 0.9743080 3.0846873 1.2670227 1.1983996 1.3099859 1.2644142 2.3252628 2.2524702 1.3357177 0.9248465 1.3582676 0.9435028 1.0318969 0.3027370 0.9217910 0.9784646 0.4845129 1.2143518 1.0224250 1.2374678 1.0497405 1.2278803 1.0630682 0.2900092 1.0606094 0.0000000 1.0514425 0.9779853 1.0674589 1.0434727 1.0941041 
yHAB166_Kazachstania_yakushimaensis         0.8247629 0.8873695 1.0225034 0.8357599 0.8555762 1.0029697 0.8825085 1.0318890 0.8793711 0.7886024 2.7106219 1.1356924 1.0624105 1.1305795 1.1117605 1.0545728 1.0704340 1.1243974 0.7938212 1.1237063 0.7435971 0.8076982 0.9526598 0.8038207 0.6402512 1.1454678 1.0277588 0.8964607 0.8819289 0.2977733 0.8001697 0.8356533 1.2100195 0.7940180 1.0514425 0.0000000 0.8118155 0.8811127 0.8785935 0.9421460 
yHMPu5000034875_Tetrapisispora_fleetii      0.7053983 0.6812946 0.9686942 0.6809098 0.7899293 0.8430271 0.6694018 0.7932811 0.6968388 0.6724077 2.7760224 0.9562563 0.9732166 1.0664135 1.0349512 1.0044169 0.9714169 1.0714497 0.7197896 0.4979642 0.5025273 0.5960838 0.9050757 0.7356096 0.6000879 1.0574323 0.9776457 0.7220260 0.6757260 0.8290543 0.6838425 0.6089063 1.0674358 0.6438659 0.9779853 0.8118155 0.0000000 0.3452203 0.1664628 0.7772227 
yHMPu5000034876_Tetrapisispora_iriomotensis 0.6945110 0.6963579 0.9922713 0.7559796 0.8150002 0.8597329 0.7172469 0.8298245 0.7134759 0.6614926 2.7906918 1.0770550 0.9916966 1.1106755 1.0833111 0.9678439 0.9998843 1.1349468 0.7814448 0.6136219 0.5156035 0.6435166 1.0245270 0.7309405 0.7073088 1.1961092 1.0207042 0.7972553 0.6538431 0.9162766 0.6565072 0.6030090 1.1786741 0.7152931 1.0674589 0.8811127 0.3452203 0.0000000 0.3734904 0.8400899 
yHMPu5000034877_Tetrapisispora_namnaonensis 0.7434366 0.6702128 0.9929049 0.6855060 0.7718995 0.8591546 0.6916036 0.7703274 0.7104229 0.6841141 2.6493505 0.9608310 0.9718401 1.0174759 1.0007572 0.9948496 0.9692551 1.0267817 0.7124520 0.4831400 0.5294460 0.5995111 0.9752958 0.7749259 0.6770016 1.1240803 0.9816358 0.7079763 0.7108412 0.8746654 0.6976245 0.5844647 1.1209704 0.6820687 1.0434727 0.8785935 0.1664628 0.3734904 0.0000000 0.8297370 
yHMPu5000035629_Yueomyces_sinensis          0.7911099 0.9574732 1.2671569 0.8995623 1.0161468 1.0856512 0.9212927 1.0948603 0.9351486 0.9109359 2.8866848 1.2722847 1.1252783 1.3097723 1.2581702 1.1689805 1.1975052 1.3261126 0.5844665 1.2128069 0.7429164 0.8381428 1.1070549 0.9394657 0.9120037 1.3403243 1.2455220 0.9386329 0.9100990 0.8588599 0.8616211 0.9774115 1.4381598 0.8495922 1.0941041 0.9421460 0.7772227 0.8400899 0.8297370 0.0000000 
