40
Candida_glabrata                            0.0000000 0.6865275 0.9300637 0.8123819 0.5590850 1.1070194 0.6321202 0.5640961 0.7443192 0.7426630 3.0880893 0.7932504 0.7842052 0.7942969 0.7954523 0.8266131 0.7795731 0.7768275 0.9595314 0.8520237 0.7194330 0.7810306 0.7574707 0.8654919 0.7997676 0.8253237 0.8141090 0.9641812 0.8219987 0.8148710 0.8648520 0.8359554 0.7534966 0.8424559 0.7456810 0.8573991 0.8711604 0.7580447 0.8861452 1.1982627 
Kazachstania_africana                       0.6865275 0.0000000 0.7338180 0.6913387 0.7334921 0.9322802 0.7296049 0.6616857 0.5962752 0.6276886 3.1250220 0.6836837 0.6551013 0.6434103 0.6609542 0.6795672 0.6544967 0.6381623 0.7911209 0.7604445 0.5686919 0.6442847 0.5624952 0.7188018 0.6026998 0.5923476 0.5509496 0.8059599 0.6179836 0.7471984 0.6988161 0.5369468 0.6067659 0.6243986 0.5823177 0.6718272 0.7235373 0.6792536 0.7312319 1.0501675 
Kazachstania_naganishii                     0.9300637 0.7338180 0.0000000 0.9051795 0.8293211 1.1194004 0.9025789 0.8900206 0.8011071 0.8542693 3.3297272 0.8331889 0.8755077 0.7681167 0.8288592 0.8678867 0.8670117 0.7645998 1.0652519 0.9200371 0.8577942 0.7259535 0.7516491 0.8151097 0.6597532 0.7840870 0.7431965 0.8783757 0.8070263 0.7522285 0.9131066 0.9025089 0.8218445 0.8004501 0.8128334 0.7301702 1.0098730 0.8663451 0.9942429 1.2044569 
Nakaseomyces_bacillisporus                  0.8123819 0.6913387 0.9051795 0.0000000 0.8604424 0.8814930 0.7889730 0.8113168 0.7388955 0.7086315 3.1513085 0.7863280 0.7611763 0.7306476 0.7344663 0.7613551 0.7637630 0.7629499 0.9265696 0.7859014 0.6847143 0.7669697 0.7483550 0.8246322 0.7865679 0.7767275 0.7605883 1.0222451 0.8783190 0.8235440 0.8357136 0.7546761 0.8036973 0.8183413 0.7584904 0.8140764 0.7829925 0.8469923 0.8115954 1.2266402 
Nakaseomyces_bracarensis                    0.5590850 0.7334921 0.8293211 0.8604424 0.0000000 1.0351016 0.3982602 0.3795641 0.6621311 0.6519794 2.8910823 0.7429031 0.7351062 0.7225261 0.6944927 0.7855758 0.7468553 0.7354370 1.0256166 0.7634461 0.6502457 0.7488958 0.7702853 0.8364322 0.7701399 0.8327968 0.7696266 0.9144449 0.8084086 0.7601939 0.8363308 0.8371088 0.8269523 0.8985856 0.7918603 0.7494954 0.7904724 0.6899571 0.8402265 1.2150960 
Nakaseomyces_castellii                      1.1070194 0.9322802 1.1194004 0.8814930 1.0351016 0.0000000 1.0912723 0.9457632 0.9153587 0.9767854 2.7165674 0.9696920 0.9349006 1.0242559 0.9224384 1.0114636 0.9346345 0.9752663 1.3051349 1.1492084 0.9520504 0.9869663 0.9331513 1.0420747 1.0166122 0.9552280 1.0054231 1.1762021 0.9993962 1.0719396 1.1593374 0.9746975 0.9869929 1.0970087 0.9555248 1.1127166 1.0429606 1.0416394 1.0504260 1.5225873 
Nakaseomyces_delphensis                     0.6321202 0.7296049 0.9025789 0.7889730 0.3982602 1.0912723 0.0000000 0.3284938 0.6954160 0.7017462 2.8919245 0.7369888 0.7909400 0.7555129 0.7521977 0.7814832 0.8061368 0.7885214 0.9746177 0.7619302 0.6436113 0.7276368 0.7477074 0.8234729 0.8400413 0.7771411 0.7416938 0.9259005 0.8731648 0.8334758 0.8642890 0.7688617 0.8032262 0.8681753 0.7475706 0.7696736 0.7657338 0.7273869 0.7937157 1.2943172 
Nakaseomyces_nivariensis                    0.5640961 0.6616857 0.8900206 0.8113168 0.3795641 0.9457632 0.3284938 0.0000000 0.6799923 0.6691654 3.0299833 0.7097880 0.7112956 0.7455152 0.7122410 0.7276827 0.7311931 0.7380965 0.9649029 0.7759789 0.6027217 0.7223343 0.6610382 0.8595002 0.7560720 0.7816845 0.7330595 0.8988573 0.8450525 0.7732666 0.8573770 0.7544883 0.7041286 0.8343052 0.7060529 0.7694231 0.7540667 0.7444270 0.7198210 1.2052739 
Naumovozyma_castellii                       0.7443192 0.5962752 0.8011071 0.7388955 0.6621311 0.9153587 0.6954160 0.6799923 0.0000000 0.4259786 3.1230480 0.6498929 0.6377727 0.6351055 0.6866610 0.6799457 0.6596027 0.6538783 0.8792276 0.8039013 0.5326707 0.5908916 0.6580777 0.7342536 0.6356081 0.6578303 0.7214981 0.8339173 0.6618294 0.6947945 0.6512021 0.6481679 0.6352426 0.6832980 0.6337859 0.6623727 0.8046283 0.7306617 0.8073582 1.1244183 
Naumovozyma_dairenensis                     0.7426630 0.6276886 0.8542693 0.7086315 0.6519794 0.9767854 0.7017462 0.6691654 0.4259786 0.0000000 3.2491552 0.7442125 0.6980438 0.6741676 0.7223784 0.7265718 0.6858012 0.6937552 0.7615486 0.8057803 0.5577439 0.5856369 0.6520755 0.7310109 0.6641228 0.6454387 0.7191657 0.9228136 0.6479700 0.7406713 0.7242746 0.6997939 0.7484864 0.6465955 0.6793632 0.6919191 0.8032743 0.7047268 0.8199590 1.1954113 
Neurospora_crassa                           3.0880893 3.1250220 3.3297272 3.1513085 2.8910823 2.7165674 2.8919245 3.0299833 3.1230480 3.2491552 0.0000000 3.1027063 3.2011350 3.1050699 3.1427453 3.2095983 3.1082286 2.9784141 3.3505684 2.8693886 3.2240614 2.9937766 3.2870754 3.1877787 3.3729869 3.2560319 3.1114691 3.3786567 3.3188101 2.8460693 3.3923492 3.4658336 3.3588436 3.2457297 3.4039360 2.9135944 3.1666602 3.0638481 3.2510921 3.3376662 
Saccharomyces_arboricola                    0.7932504 0.6836837 0.8331889 0.7863280 0.7429031 0.9696920 0.7369888 0.7097880 0.6498929 0.7442125 3.1027063 0.0000000 0.2676876 0.2207569 0.2352454 0.2344997 0.2448540 0.2303476 0.8854214 0.8436237 0.7653475 0.6695480 0.7026125 0.7905062 0.7310675 0.8213435 0.7449962 0.8609594 0.7223006 0.8084528 0.7806111 0.7053439 0.7147484 0.8003466 0.7638712 0.8111746 0.8909062 0.8446724 0.8504756 1.2346464 
Saccharomyces_cerevisiae                    0.7842052 0.6551013 0.8755077 0.7611763 0.7351062 0.9349006 0.7909400 0.7112956 0.6377727 0.6980438 3.2011350 0.2676876 0.0000000 0.2776046 0.2480341 0.2165546 0.1296706 0.2763646 0.8992121 0.8411790 0.6915510 0.6757226 0.6960126 0.7866266 0.6669843 0.7808828 0.6824943 0.8596130 0.7107924 0.7864088 0.7419832 0.7187326 0.7493799 0.7784087 0.7832131 0.7766522 0.8605388 0.8059124 0.8590952 1.2918806 
Saccharomyces_eubayanus                     0.7942969 0.6434103 0.7681167 0.7306476 0.7225261 1.0242559 0.7555129 0.7455152 0.6351055 0.6741676 3.1050699 0.2207569 0.2776046 0.0000000 0.2253645 0.2524083 0.2386729 0.0866045 0.8367935 0.7795508 0.7271202 0.7021253 0.6923624 0.8042022 0.6692411 0.7681956 0.6657633 0.8431914 0.6812149 0.7917560 0.7280388 0.7173288 0.6939318 0.7744659 0.7224006 0.7628026 0.8621080 0.7900382 0.8044617 1.2465774 
Saccharomyces_kudriavzevii                  0.7954523 0.6609542 0.8288592 0.7344663 0.6944927 0.9224384 0.7521977 0.7122410 0.6866610 0.7223784 3.1427453 0.2352454 0.2480341 0.2253645 0.0000000 0.2523825 0.2271558 0.2375187 0.9218317 0.8272887 0.7194218 0.7489164 0.7079524 0.7815420 0.7146523 0.7366957 0.7660468 0.8186883 0.7339124 0.8162533 0.7973716 0.7455414 0.7188992 0.8192531 0.7430243 0.7999594 0.8575424 0.8494997 0.8120351 1.2584005 
Saccharomyces_mikatae                       0.8266131 0.6795672 0.8678867 0.7613551 0.7855758 1.0114636 0.7814832 0.7276827 0.6799457 0.7265718 3.2095983 0.2344997 0.2165546 0.2524083 0.2523825 0.0000000 0.1891096 0.2667524 0.9190736 0.8128275 0.7041565 0.7109410 0.7225651 0.8379583 0.7173946 0.7598480 0.7122046 0.9029824 0.7804816 0.8223683 0.7935885 0.7337935 0.7664277 0.8289157 0.7710674 0.7875956 0.8841259 0.8284094 0.8312230 1.2899595 
Saccharomyces_paradoxus                     0.7795731 0.6544967 0.8670117 0.7637630 0.7468553 0.9346345 0.8061368 0.7311931 0.6596027 0.6858012 3.1082286 0.2448540 0.1296706 0.2386729 0.2271558 0.1891096 0.0000000 0.2421074 0.8999974 0.8160005 0.6858437 0.7009065 0.6760911 0.8064424 0.7072774 0.7763553 0.6820029 0.8714264 0.6989608 0.8219077 0.7733231 0.7367286 0.7365045 0.7910659 0.7634496 0.7872978 0.8712260 0.7663274 0.8231744 1.2607843 
Saccharomyces_uvarum                        0.7768275 0.6381623 0.7645998 0.7629499 0.7354370 0.9752663 0.7885214 0.7380965 0.6538783 0.6937552 2.9784141 0.2303476 0.2763646 0.0866045 0.2375187 0.2667524 0.2421074 0.0000000 0.9208247 0.8048046 0.7315566 0.7405124 0.6738430 0.7673223 0.6619737 0.7660907 0.6445809 0.8596347 0.6927124 0.8306568 0.7536835 0.7454941 0.6673256 0.7642278 0.6984417 0.7916086 0.8720024 0.7653345 0.8199724 1.2634942 
Tetrapisispora_blattae                      0.9595314 0.7911209 1.0652519 0.9265696 1.0256166 1.3051349 0.9746177 0.9649029 0.8792276 0.7615486 3.3505684 0.8854214 0.8992121 0.8367935 0.9218317 0.9190736 0.8999974 0.9208247 0.0000000 0.8904619 0.8419250 0.8747458 0.8866128 0.9282071 0.8127448 0.8865123 0.9187183 1.0040804 0.9890721 0.9307314 0.8602944 0.8942382 0.8752478 0.8998891 0.8610661 0.8368839 1.0061591 0.9009652 0.9625953 1.0012666 
Tetrapisispora_phaffii                      0.8520237 0.7604445 0.9200371 0.7859014 0.7634461 1.1492084 0.7619302 0.7759789 0.8039013 0.8057803 2.8693886 0.8436237 0.8411790 0.7795508 0.8272887 0.8128275 0.8160005 0.8048046 0.8904619 0.0000000 0.6382703 0.7907404 0.7464164 0.9580624 0.8003831 0.8627352 0.8006929 1.0147104 0.9225357 0.9659264 0.8345126 0.7885393 0.8041113 0.8667269 0.7544659 0.8169955 0.4176268 0.4238278 0.3653377 1.1818240 
Vanderwaltozyma_polyspora                   0.7194330 0.5686919 0.8577942 0.6847143 0.6502457 0.9520504 0.6436113 0.6027217 0.5326707 0.5577439 3.2240614 0.7653475 0.6915510 0.7271202 0.7194218 0.7041565 0.6858437 0.7315566 0.8419250 0.6382703 0.0000000 0.6631012 0.6145682 0.7656761 0.5745967 0.6227892 0.6430385 0.8943656 0.6995045 0.7034297 0.6645947 0.7357951 0.6956601 0.7988717 0.6446387 0.7003037 0.6463254 0.5267439 0.6565879 1.0552857 
yHAB132_Kazachstania_martiniae              0.7810306 0.6442847 0.7259535 0.7669697 0.7488958 0.9869663 0.7276368 0.7223343 0.5908916 0.5856369 2.9937766 0.6695480 0.6757226 0.7021253 0.7489164 0.7109410 0.7009065 0.7405124 0.8747458 0.7907404 0.6631012 0.0000000 0.6400582 0.6908526 0.6378774 0.7301475 0.6759889 0.8817617 0.7042299 0.7290733 0.6935420 0.7479306 0.6841942 0.6677273 0.6603622 0.6319429 0.9020459 0.7514761 0.8747829 1.2350805 
yHAB133_Kazachstania_unispora               0.7574707 0.5624952 0.7516491 0.7483550 0.7702853 0.9331513 0.7477074 0.6610382 0.6580777 0.6520755 3.2870754 0.7026125 0.6960126 0.6923624 0.7079524 0.7225651 0.6760911 0.6738430 0.8866128 0.7464164 0.6145682 0.6400582 0.0000000 0.7521763 0.5376268 0.3280827 0.5884326 0.8001629 0.8304183 0.6087884 0.8104489 0.6713812 0.2535423 0.6891698 0.2138740 0.5236804 0.7381689 0.6855582 0.7088859 1.0217504 
yHAB134_Kazachstania_turicensis             0.8654919 0.7188018 0.8151097 0.8246322 0.8364322 1.0420747 0.8234729 0.8595002 0.7342536 0.7310109 3.1877787 0.7905062 0.7866266 0.8042022 0.7815420 0.8379583 0.8064424 0.7673223 0.9282071 0.9580624 0.7656761 0.6908526 0.7521763 0.0000000 0.7531519 0.8558924 0.8240395 0.8411714 0.7003265 0.8681752 0.7101641 0.6997880 0.8156271 0.5560442 0.8077205 0.8446912 0.8794210 0.8077927 0.8702272 1.1355610 
yHAB136_Kazachstania_bromeliacearum         0.7997676 0.6026998 0.6597532 0.7865679 0.7701399 1.0166122 0.8400413 0.7560720 0.6356081 0.6641228 3.3729869 0.7310675 0.6669843 0.6692411 0.7146523 0.7173946 0.7072774 0.6619737 0.8127448 0.8003831 0.5745967 0.6378774 0.5376268 0.7531519 0.0000000 0.5401961 0.5642394 0.9088065 0.6912911 0.5452062 0.7655642 0.6514696 0.5936131 0.6903349 0.5627431 0.5616744 0.8946455 0.7126843 0.8371659 1.0538487 
yHAB143_Kazachstania_siamensis              0.8253237 0.5923476 0.7840870 0.7767275 0.8327968 0.9552280 0.7771411 0.7816845 0.6578303 0.6454387 3.2560319 0.8213435 0.7808828 0.7681956 0.7366957 0.7598480 0.7763553 0.7660907 0.8865123 0.8627352 0.6227892 0.7301475 0.3280827 0.8558924 0.5401961 0.0000000 0.6212252 0.9179686 0.8080094 0.6571262 0.7283367 0.7115299 0.4003626 0.7650641 0.3578728 0.6113420 0.8832919 0.7117897 0.7706718 1.0649473 
yHAB147_Kazachstania_taianensis             0.8141090 0.5509496 0.7431965 0.7605883 0.7696266 1.0054231 0.7416938 0.7330595 0.7214981 0.7191657 3.1114691 0.7449962 0.6824943 0.6657633 0.7660468 0.7122046 0.6820029 0.6445809 0.9187183 0.8006929 0.6430385 0.6759889 0.5884326 0.8240395 0.5642394 0.6212252 0.0000000 0.8626322 0.7028912 0.6263378 0.8225767 0.6830557 0.6254272 0.7833144 0.6122222 0.6793486 0.8413972 0.6926188 0.7955922 1.3029857 
yHAB148_Kazachstania_intestinalis           0.9641812 0.8059599 0.8783757 1.0222451 0.9144449 1.1762021 0.9259005 0.8988573 0.8339173 0.9228136 3.3786567 0.8609594 0.8596130 0.8431914 0.8186883 0.9029824 0.8714264 0.8596347 1.0040804 1.0147104 0.8943656 0.8817617 0.8001629 0.8411714 0.9088065 0.9179686 0.8626322 0.0000000 1.0145834 0.8648914 0.9929861 0.9665559 0.8535721 0.9207911 0.8761184 0.8500969 0.9860050 0.8831470 1.0608248 1.3870576 
yHAB153_Kazachstania_rosinii                0.8219987 0.6179836 0.8070263 0.8783190 0.8084086 0.9993962 0.8731648 0.8450525 0.6618294 0.6479700 3.3188101 0.7223006 0.7107924 0.6812149 0.7339124 0.7804816 0.6989608 0.6927124 0.9890721 0.9225357 0.6995045 0.7042299 0.8304183 0.7003265 0.6912911 0.8080094 0.7028912 1.0145834 0.0000000 0.8311928 0.6391265 0.7021462 0.8058498 0.6175012 0.7959858 0.7746815 0.8930078 0.7646114 0.9256477 1.3468606 
yHAB154_Kazachstania_transvaalensis         0.8148710 0.7471984 0.7522285 0.8235440 0.7601939 1.0719396 0.8334758 0.7732666 0.6947945 0.7406713 2.8460693 0.8084528 0.7864088 0.7917560 0.8162533 0.8223683 0.8219077 0.8306568 0.9307314 0.9659264 0.7034297 0.7290733 0.6087884 0.8681752 0.5452062 0.6571262 0.6263378 0.8648914 0.8311928 0.0000000 0.8303426 0.8393557 0.6682652 0.8874837 0.6420438 0.3222609 0.8811367 0.8393289 0.9277991 1.2516902 
yHAB155_Kazachstania_spencerorum            0.8648520 0.6988161 0.9131066 0.8357136 0.8363308 1.1593374 0.8642890 0.8573770 0.6512021 0.7242746 3.3923492 0.7806111 0.7419832 0.7280388 0.7973716 0.7935885 0.7733231 0.7536835 0.8602944 0.8345126 0.6645947 0.6935420 0.8104489 0.7101641 0.7655642 0.7283367 0.8225767 0.9929861 0.6391265 0.8303426 0.0000000 0.7539034 0.8304601 0.6659268 0.7923761 0.8163499 0.8313988 0.7198919 0.8608291 1.0345849 
yHAB158_Kazachstania_viticola               0.8359554 0.5369468 0.9025089 0.7546761 0.8371088 0.9746975 0.7688617 0.7544883 0.6481679 0.6997939 3.4658336 0.7053439 0.7187326 0.7173288 0.7455414 0.7337935 0.7367286 0.7454941 0.8942382 0.7885393 0.7357951 0.7479306 0.6713812 0.6997880 0.6514696 0.7115299 0.6830557 0.9665559 0.7021462 0.8393557 0.7539034 0.0000000 0.7447370 0.6838535 0.7212657 0.7992593 0.8151284 0.7159622 0.7856627 1.1548667 
yHAB159_Kazachstania_solicola               0.7534966 0.6067659 0.8218445 0.8036973 0.8269523 0.9869929 0.8032262 0.7041286 0.6352426 0.7484864 3.3588436 0.7147484 0.7493799 0.6939318 0.7188992 0.7664277 0.7365045 0.6673256 0.8752478 0.8041113 0.6956601 0.6841942 0.2535423 0.8156271 0.5936131 0.4003626 0.6254272 0.8535721 0.8058498 0.6682652 0.8304601 0.7447370 0.0000000 0.6972733 0.0965480 0.6343693 0.7551940 0.7829490 0.7551439 1.1315486 
yHAB160_Kazachstania_kunashirensis          0.8424559 0.6243986 0.8004501 0.8183413 0.8985856 1.0970087 0.8681753 0.8343052 0.6832980 0.6465955 3.2457297 0.8003466 0.7784087 0.7744659 0.8192531 0.8289157 0.7910659 0.7642278 0.8998891 0.8667269 0.7988717 0.6677273 0.6891698 0.5560442 0.6903349 0.7650641 0.7833144 0.9207911 0.6175012 0.8874837 0.6659268 0.6838535 0.6972733 0.0000000 0.6779554 0.7961962 0.8535425 0.7876963 0.8677434 1.1851654 
yHAB164_Kazachstania_aerobia                0.7456810 0.5823177 0.8128334 0.7584904 0.7918603 0.9555248 0.7475706 0.7060529 0.6337859 0.6793632 3.4039360 0.7638712 0.7832131 0.7224006 0.7430243 0.7710674 0.7634496 0.6984417 0.8610661 0.7544659 0.6446387 0.6603622 0.2138740 0.8077205 0.5627431 0.3578728 0.6122222 0.8761184 0.7959858 0.6420438 0.7923761 0.7212657 0.0965480 0.6779554 0.0000000 0.5846127 0.7270567 0.7392416 0.7335067 1.0417444 
yHAB166_Kazachstania_yakushimaensis         0.8573991 0.6718272 0.7301702 0.8140764 0.7494954 1.1127166 0.7696736 0.7694231 0.6623727 0.6919191 2.9135944 0.8111746 0.7766522 0.7628026 0.7999594 0.7875956 0.7872978 0.7916086 0.8368839 0.8169955 0.7003037 0.6319429 0.5236804 0.8446912 0.5616744 0.6113420 0.6793486 0.8500969 0.7746815 0.3222609 0.8163499 0.7992593 0.6343693 0.7961962 0.5846127 0.0000000 0.8889757 0.8187011 0.8188270 1.1527246 
yHMPu5000034875_Tetrapisispora_fleetii      0.8711604 0.7235373 1.0098730 0.7829925 0.7904724 1.0429606 0.7657338 0.7540667 0.8046283 0.8032743 3.1666602 0.8909062 0.8605388 0.8621080 0.8575424 0.8841259 0.8712260 0.8720024 1.0061591 0.4176268 0.6463254 0.9020459 0.7381689 0.8794210 0.8946455 0.8832919 0.8413972 0.9860050 0.8930078 0.8811367 0.8313988 0.8151284 0.7551940 0.8535425 0.7270567 0.8889757 0.0000000 0.4907619 0.2244884 1.0537387 
yHMPu5000034876_Tetrapisispora_iriomotensis 0.7580447 0.6792536 0.8663451 0.8469923 0.6899571 1.0416394 0.7273869 0.7444270 0.7306617 0.7047268 3.0638481 0.8446724 0.8059124 0.7900382 0.8494997 0.8284094 0.7663274 0.7653345 0.9009652 0.4238278 0.5267439 0.7514761 0.6855582 0.8077927 0.7126843 0.7117897 0.6926188 0.8831470 0.7646114 0.8393289 0.7198919 0.7159622 0.7829490 0.7876963 0.7392416 0.8187011 0.4907619 0.0000000 0.4613441 1.1590105 
yHMPu5000034877_Tetrapisispora_namnaonensis 0.8861452 0.7312319 0.9942429 0.8115954 0.8402265 1.0504260 0.7937157 0.7198210 0.8073582 0.8199590 3.2510921 0.8504756 0.8590952 0.8044617 0.8120351 0.8312230 0.8231744 0.8199724 0.9625953 0.3653377 0.6565879 0.8747829 0.7088859 0.8702272 0.8371659 0.7706718 0.7955922 1.0608248 0.9256477 0.9277991 0.8608291 0.7856627 0.7551439 0.8677434 0.7335067 0.8188270 0.2244884 0.4613441 0.0000000 1.1592575 
yHMPu5000035629_Yueomyces_sinensis          1.1982627 1.0501675 1.2044569 1.2266402 1.2150960 1.5225873 1.2943172 1.2052739 1.1244183 1.1954113 3.3376662 1.2346464 1.2918806 1.2465774 1.2584005 1.2899595 1.2607843 1.2634942 1.0012666 1.1818240 1.0552857 1.2350805 1.0217504 1.1355610 1.0538487 1.0649473 1.3029857 1.3870576 1.3468606 1.2516902 1.0345849 1.1548667 1.1315486 1.1851654 1.0417444 1.1527246 1.0537387 1.1590105 1.1592575 0.0000000 
