40
Candida_glabrata                            0.0000000 1.3889214 2.2196537 1.4543115 0.8224594 1.8194428 0.8491194 0.7809082 1.3277544 1.2223014 6.0781573 2.1172444 2.0448551 1.9518266 2.0160039 2.0491781 2.0821477 1.9440789 1.4226780 1.6816414 1.5037578 1.1961251 1.5912394 1.3908701 1.3462852 1.6103961 2.0530417 1.5586287 1.3670170 1.8962960 1.3605138 1.3620506 1.6451030 1.3523500 1.6972686 1.7918776 1.7275991 1.6168850 1.6657438 1.6363730 
Kazachstania_africana                       1.3889214 0.0000000 2.1878317 1.5956377 1.4914442 2.0461303 1.4481464 1.3459022 1.3835675 1.2770549 6.8974236 2.0720985 2.0139727 1.9801461 2.0071904 2.0874002 1.9749933 2.0574560 1.3924968 1.4492351 1.4285520 1.1366137 1.3122611 1.1807151 1.2050838 1.3369036 2.4602867 1.6640106 1.2917239 1.7084893 1.2368942 1.2877849 1.3447947 1.0943727 1.3518177 1.4764762 1.5217788 1.4727055 1.4578039 1.7796488 
Kazachstania_naganishii                     2.2196537 2.1878317 0.0000000 2.1981669 2.2351842 2.8482974 2.1386531 2.0405899 2.1966763 2.0338057 6.4139687 2.7776736 2.7460204 2.4679185 2.6808736 2.7723852 2.6672739 2.5092951 2.2765798 2.6592886 2.4427103 2.1677604 2.1657199 2.1809172 2.0801765 2.2372934 2.0929211 2.1894611 2.1520575 2.2016749 2.1936173 2.2646293 2.0626574 2.1899368 2.0761852 2.3331067 2.6182434 2.7730616 2.8480651 2.2704837 
Nakaseomyces_bacillisporus                  1.4543115 1.5956377 2.1981669 0.0000000 1.3738310 1.7794253 1.6902933 1.4358780 1.3646294 1.4207528 7.3298046 2.2292128 2.2162417 2.0719558 2.1645365 2.2170323 2.1127555 2.1188205 1.5003801 1.7148455 1.4954353 1.3205771 1.6778643 1.4319158 1.3526599 1.5259590 2.4020823 1.8747665 1.5253456 1.8039935 1.5291436 1.4926763 1.6820793 1.4532203 1.6424416 1.6326793 1.8761369 1.6646208 1.8394249 1.6798437 
Nakaseomyces_bracarensis                    0.8224594 1.4914442 2.2351842 1.3738310 0.0000000 1.9176773 0.5626863 0.4895993 1.3145900 1.2108528 6.6897443 2.3206697 2.1676639 2.0983101 2.2183748 1.9973108 2.1649955 2.1114717 1.4682276 1.6265095 1.3636377 1.1727219 1.4794228 1.2987320 1.3045198 1.5716835 2.3429197 1.7238665 1.3787574 1.9700232 1.3249432 1.3526233 1.5591675 1.3160399 1.5585362 1.7869392 1.5110643 1.5456028 1.6549801 1.6155388 
Nakaseomyces_castellii                      1.8194428 2.0461303 2.8482974 1.7794253 1.9176773 0.0000000 1.9416297 1.8735749 1.9428052 1.9619649 6.4996604 2.5526384 2.5971490 2.5681157 2.5365220 2.6853569 2.6417272 2.5454737 1.9926788 2.2558812 1.9849655 1.9459798 2.1395310 1.8312942 1.8174440 2.0629767 2.9848143 1.9844871 2.0033958 2.2991469 1.9940536 1.8489586 2.2157388 2.0031043 2.2360431 2.1671869 2.2903666 2.1055444 2.2801241 2.0775075 
Nakaseomyces_delphensis                     0.8491194 1.4481464 2.1386531 1.6902933 0.5626863 1.9416297 0.0000000 0.4903575 1.4696849 1.4061433 6.3374484 2.6263995 2.3536487 2.1891821 2.3464149 2.3853694 2.4425756 2.2868615 1.5845354 1.6925911 1.6005519 1.3650114 1.6112441 1.3744490 1.3568126 1.6916520 2.3947400 1.7547130 1.3990046 2.0937641 1.3263347 1.5239809 1.6001462 1.3268582 1.6069500 1.9633830 1.6781770 1.7501423 1.7584236 1.6015932 
Nakaseomyces_nivariensis                    0.7809082 1.3459022 2.0405899 1.4358780 0.4895993 1.8735749 0.4903575 0.0000000 1.2086000 1.2584761 6.5338946 2.2761154 2.2278646 2.0159282 2.0991497 2.2027943 2.2272529 2.0578737 1.4710263 1.6157278 1.4057281 1.2070198 1.4734792 1.2050595 1.2693256 1.4789989 2.3859830 1.6486091 1.3361725 1.9297713 1.2478842 1.3712845 1.5519780 1.2085423 1.5621023 1.8099651 1.6022943 1.5260094 1.5910039 1.6084171 
Naumovozyma_castellii                       1.3277544 1.3835675 2.1966763 1.3646294 1.3145900 1.9428052 1.4696849 1.2086000 0.0000000 0.7913403 6.0852117 1.8614339 1.7753890 1.7132273 1.7539921 1.7491256 1.7509576 1.8121599 1.4974217 1.5101929 1.2965160 1.0370488 1.2879430 0.9442351 1.0037725 1.1911576 2.1932625 1.3257339 1.1211599 1.5405395 1.0486917 1.1822711 1.3652760 0.9542976 1.3487880 1.4306425 1.5645543 1.4453297 1.4420515 1.3816185 
Naumovozyma_dairenensis                     1.2223014 1.2770549 2.0338057 1.4207528 1.2108528 1.9619649 1.4061433 1.2584761 0.7913403 0.0000000 6.6721336 1.9736096 1.9059015 1.8156957 1.8889975 1.8516528 1.8906435 1.8471210 1.4471285 1.4607391 1.1668692 1.0072986 1.2675975 0.9438754 0.9724035 1.2102945 2.1554621 1.3034297 1.0314172 1.6459681 1.0123504 1.0531618 1.3972120 0.9717700 1.3689714 1.4485214 1.4900132 1.3299898 1.4676668 1.4240774 
Neurospora_crassa                           6.0781573 6.8974236 6.4139687 7.3298046 6.6897443 6.4996604 6.3374484 6.5338946 6.0852117 6.6721336 0.0000000 7.3102406 7.2180619 6.5093570 7.0202343 7.1952948 7.2134954 6.6992863 6.0614906 7.2347689 6.5883288 6.1041032 6.8053479 6.2423353 6.6279280 6.5001480 5.6642242 6.5468682 6.2275671 7.4341859 6.1496525 6.9688143 6.6983695 6.1882520 6.6620300 5.9454686 6.5301091 6.9222748 7.0077286 6.0183820 
Saccharomyces_arboricola                    2.1172444 2.0720985 2.7776736 2.2292128 2.3206697 2.5526384 2.6263995 2.2761154 1.8614339 1.9736096 7.3102406 0.0000000 0.4781146 0.5372788 0.4245531 0.4469369 0.4327869 0.5481834 2.2302219 2.2999150 2.2047845 1.9235872 2.3142238 2.0093790 1.8156730 2.2253158 3.0116483 2.1135904 2.1683324 2.1724606 2.1349803 1.8567828 2.5335863 1.9238444 2.5641818 2.1963870 2.1256477 2.2364401 2.1552350 2.3131194 
Saccharomyces_cerevisiae                    2.0448551 2.0139727 2.7460204 2.2162417 2.1676639 2.5971490 2.3536487 2.2278646 1.7753890 1.9059015 7.2180619 0.4781146 0.0000000 0.4824540 0.3920306 0.3346753 0.2199678 0.4907350 2.1694748 2.1810520 2.1487782 1.8166871 2.1592305 1.8102028 1.8680020 2.1034243 2.9254017 2.1471021 2.0772565 2.2257389 1.9865631 1.7515694 2.4169865 1.8452040 2.3792785 2.1053453 2.1329272 2.1416874 2.1165977 2.2466406 
Saccharomyces_eubayanus                     1.9518266 1.9801461 2.4679185 2.0719558 2.0983101 2.5681157 2.1891821 2.0159282 1.7132273 1.8156957 6.5093570 0.5372788 0.4824540 0.0000000 0.4357328 0.4741463 0.4551851 0.1637240 2.2527538 2.1658466 2.1546419 1.8460499 2.1895892 1.7252786 1.8185642 2.0401813 2.7545678 1.9818925 2.0190406 2.2155198 2.0174625 1.8885475 2.3829883 1.8719711 2.3889247 1.9807311 2.1574927 2.1289937 2.1012718 2.2430933 
Saccharomyces_kudriavzevii                  2.0160039 2.0071904 2.6808736 2.1645365 2.2183748 2.5365220 2.3464149 2.0991497 1.7539921 1.8889975 7.0202343 0.4245531 0.3920306 0.4357328 0.0000000 0.4038304 0.3333444 0.4133710 2.2776528 2.2514459 2.1491030 1.9724153 2.1652438 1.8665009 1.8626113 2.1849841 2.7432748 2.1303874 2.1300266 2.1744000 2.0482772 1.7869069 2.4211407 1.8344156 2.4541026 2.0958566 2.1150304 2.2151637 2.2677822 2.3621056 
Saccharomyces_mikatae                       2.0491781 2.0874002 2.7723852 2.2170323 1.9973108 2.6853569 2.3853694 2.2027943 1.7491256 1.8516528 7.1952948 0.4469369 0.3346753 0.4741463 0.4038304 0.0000000 0.2872872 0.4889346 2.2688980 2.2168286 2.1219810 1.8334840 2.2960776 1.8455213 1.7863875 2.2300213 2.9251450 2.0705941 1.9854853 2.2738634 1.9554519 1.8087354 2.4835560 1.8552140 2.4743837 2.2672904 2.1459870 2.1198736 2.0639854 2.2830657 
Saccharomyces_paradoxus                     2.0821477 1.9749933 2.6672739 2.1127555 2.1649955 2.6417272 2.4425756 2.2272529 1.7509576 1.8906435 7.2134954 0.4327869 0.2199678 0.4551851 0.3333444 0.2872872 0.0000000 0.4420313 2.1957098 2.2856261 2.1550199 1.8196674 2.2636937 1.8378291 1.8788111 2.2100343 2.7950612 2.0979260 2.0551293 2.2987413 2.0394598 1.8226001 2.4560765 1.9455239 2.4298600 2.1999850 2.2014480 2.1397412 2.2190627 2.3731349 
Saccharomyces_uvarum                        1.9440789 2.0574560 2.5092951 2.1188205 2.1114717 2.5454737 2.2868615 2.0578737 1.8121599 1.8471210 6.6992863 0.5481834 0.4907350 0.1637240 0.4133710 0.4889346 0.4420313 0.0000000 2.2591905 2.2456826 2.1629362 1.8902377 2.1755677 1.7331308 1.8893833 2.0828635 2.7130636 2.0266999 2.1085136 2.2480707 2.0576225 1.8916238 2.4141026 1.8937768 2.4039796 2.0826131 2.2342043 2.1379697 2.2103315 2.3635538 
Tetrapisispora_blattae                      1.4226780 1.3924968 2.2765798 1.5003801 1.4682276 1.9926788 1.5845354 1.4710263 1.4974217 1.4471285 6.0614906 2.2302219 2.1694748 2.2527538 2.2776528 2.2688980 2.1957098 2.2591905 0.0000000 1.4002909 1.1061502 1.2247558 1.6664754 1.2565824 1.4180240 1.4992665 2.7273209 1.7165096 1.4641125 1.9692621 1.4103277 1.3515693 1.5723550 1.3204742 1.5748411 1.7962740 1.5180932 1.4191250 1.4590370 1.0144986 
Tetrapisispora_phaffii                      1.6816414 1.4492351 2.6592886 1.7148455 1.6265095 2.2558812 1.6925911 1.6157278 1.5101929 1.4607391 7.2347689 2.2999150 2.1810520 2.1658466 2.2514459 2.2168286 2.2856261 2.2456826 1.4002909 0.0000000 1.1172201 1.3231302 1.5852724 1.4266723 1.5194777 1.7353581 2.9062199 1.7903516 1.4663631 2.1780169 1.6268952 1.4394380 1.7659847 1.3806982 1.7019147 1.8613347 0.4918999 0.7001546 0.4697423 1.5732730 
Vanderwaltozyma_polyspora                   1.5037578 1.4285520 2.4427103 1.4954353 1.3636377 1.9849655 1.6005519 1.4057281 1.2965160 1.1668692 6.5883288 2.2047845 2.1487782 2.1546419 2.1491030 2.1219810 2.1550199 2.1629362 1.1061502 1.1172201 0.0000000 1.2337239 1.5905530 1.3322443 1.4056583 1.6218892 2.5704579 1.6767446 1.3081381 1.9706112 1.3450161 1.2723084 1.6249548 1.2596693 1.5625722 1.8029174 1.2266329 1.0282796 1.2345506 1.4410390 
yHAB132_Kazachstania_martiniae              1.1961251 1.1366137 2.1677604 1.3205771 1.1727219 1.9459798 1.3650114 1.2070198 1.0370488 1.0072986 6.1041032 1.9235872 1.8166871 1.8460499 1.9724153 1.8334840 1.8196674 1.8902377 1.2247558 1.3231302 1.2337239 0.0000000 1.2202566 1.0275025 1.0110819 1.1420673 2.0754416 1.4881535 1.0855140 1.6451930 1.0451090 1.0169604 1.2598187 1.0696066 1.2231467 1.4409609 1.5183264 1.3249160 1.4731882 1.4213956 
yHAB133_Kazachstania_unispora               1.5912394 1.3122611 2.1657199 1.6778643 1.4794228 2.1395310 1.6112441 1.4734792 1.2879430 1.2675975 6.8053479 2.3142238 2.1592305 2.1895892 2.1652438 2.2960776 2.2636937 2.1755677 1.6664754 1.5852724 1.5905530 1.2202566 0.0000000 1.2720171 1.0566514 0.4677697 2.4144462 1.6540544 1.3878028 1.6157177 1.5421838 1.2325106 0.3389002 1.2410379 0.3343470 1.3477298 1.7594343 1.5771342 1.8569434 1.7446046 
yHAB134_Kazachstania_turicensis             1.3908701 1.1807151 2.1809172 1.4319158 1.2987320 1.8312942 1.3744490 1.2050595 0.9442351 0.9438754 6.2423353 2.0093790 1.8102028 1.7252786 1.8665009 1.8455213 1.8378291 1.7331308 1.2565824 1.4266723 1.3322443 1.0275025 1.2720171 0.0000000 1.0512191 1.2338595 2.4157164 1.5093540 1.0322844 1.7062087 0.8787452 1.1729838 1.4154857 0.5511009 1.3935066 1.5996667 1.5146458 1.3160754 1.4698828 1.4657227 
yHAB136_Kazachstania_bromeliacearum         1.3462852 1.2050838 2.0801765 1.3526599 1.3045198 1.8174440 1.3568126 1.2693256 1.0037725 0.9724035 6.6279280 1.8156730 1.8680020 1.8185642 1.8626113 1.7863875 1.8788111 1.8893833 1.4180240 1.5194777 1.4056583 1.0110819 1.0566514 1.0512191 0.0000000 1.0287508 2.0748826 1.2425879 1.1196255 1.4260179 1.0292384 1.1246338 1.1916839 1.0480629 1.1876404 1.3241000 1.6202248 1.4268253 1.6399465 1.4790274 
yHAB143_Kazachstania_siamensis              1.6103961 1.3369036 2.2372934 1.5259590 1.5716835 2.0629767 1.6916520 1.4789989 1.1911576 1.2102945 6.5001480 2.2253158 2.1034243 2.0401813 2.1849841 2.2300213 2.2100343 2.0828635 1.4992665 1.7353581 1.6218892 1.1420673 0.4677697 1.2338595 1.0287508 0.0000000 2.4891391 1.5577548 1.3378517 1.4258666 1.3178046 1.2089755 0.5569842 1.2262606 0.5406566 1.2387456 1.8247343 1.7071009 1.8929244 1.6963443 
yHAB147_Kazachstania_taianensis             2.0530417 2.4602867 2.0929211 2.4020823 2.3429197 2.9848143 2.3947400 2.3859830 2.1932625 2.1554621 5.6642242 3.0116483 2.9254017 2.7545678 2.7432748 2.9251450 2.7950612 2.7130636 2.7273209 2.9062199 2.5704579 2.0754416 2.4144462 2.4157164 2.0748826 2.4891391 0.0000000 2.3003672 2.1784646 2.3944614 2.3186176 2.5354464 2.4020972 2.4149107 2.3624991 2.5626156 2.9945286 2.8148582 2.9926615 3.0571480 
yHAB148_Kazachstania_intestinalis           1.5586287 1.6640106 2.1894611 1.8747665 1.7238665 1.9844871 1.7547130 1.6486091 1.3257339 1.3034297 6.5468682 2.1135904 2.1471021 1.9818925 2.1303874 2.0705941 2.0979260 2.0266999 1.7165096 1.7903516 1.6767446 1.4881535 1.6540544 1.5093540 1.2425879 1.5577548 2.3003672 0.0000000 1.5497400 1.9460813 1.4778297 1.4525223 1.7586794 1.3936522 1.7228027 1.7936467 1.9356755 1.7519873 1.8441748 1.8244073 
yHAB153_Kazachstania_rosinii                1.3670170 1.2917239 2.1520575 1.5253456 1.3787574 2.0033958 1.3990046 1.3361725 1.1211599 1.0314172 6.2275671 2.1683324 2.0772565 2.0190406 2.1300266 1.9854853 2.0551293 2.1085136 1.4641125 1.4663631 1.3081381 1.0855140 1.3878028 1.0322844 1.1196255 1.3378517 2.1784646 1.5497400 0.0000000 1.7074160 0.9251122 1.2130463 1.4915298 0.9459031 1.4646226 1.5930879 1.6593459 1.4607314 1.5281287 1.6524113 
yHAB154_Kazachstania_transvaalensis         1.8962960 1.7084893 2.2016749 1.8039935 1.9700232 2.2991469 2.0937641 1.9297713 1.5405395 1.6459681 7.4341859 2.1724606 2.2257389 2.2155198 2.1744000 2.2738634 2.2987413 2.2480707 1.9692621 2.1780169 1.9706112 1.6451930 1.6157177 1.7062087 1.4260179 1.4258666 2.3944614 1.9460813 1.7074160 0.0000000 1.6975657 1.7727874 1.5663143 1.6471808 1.5684569 0.8196939 2.2818052 1.9314753 2.2795950 2.1476163 
yHAB155_Kazachstania_spencerorum            1.3605138 1.2368942 2.1936173 1.5291436 1.3249432 1.9940536 1.3263347 1.2478842 1.0486917 1.0123504 6.1496525 2.1349803 1.9865631 2.0174625 2.0482772 1.9554519 2.0394598 2.0576225 1.4103277 1.6268952 1.3450161 1.0451090 1.5421838 0.8787452 1.0292384 1.3178046 2.3186176 1.4778297 0.9251122 1.6975657 0.0000000 1.1336394 1.5077353 0.8665789 1.5271610 1.6912492 1.5882100 1.3772648 1.4637363 1.4535880 
yHAB158_Kazachstania_viticola               1.3620506 1.2877849 2.2646293 1.4926763 1.3526233 1.8489586 1.5239809 1.3712845 1.1822711 1.0531618 6.9688143 1.8567828 1.7515694 1.8885475 1.7869069 1.8087354 1.8226001 1.8916238 1.3515693 1.4394380 1.2723084 1.0169604 1.2325106 1.1729838 1.1246338 1.2089755 2.5354464 1.4525223 1.2130463 1.7727874 1.1336394 0.0000000 1.4118096 1.0900748 1.4046439 1.5454054 1.5419588 1.4661291 1.4957471 1.6414562 
yHAB159_Kazachstania_solicola               1.6451030 1.3447947 2.0626574 1.6820793 1.5591675 2.2157388 1.6001462 1.5519780 1.3652760 1.3972120 6.6983695 2.5335863 2.4169865 2.3829883 2.4211407 2.4835560 2.4560765 2.4141026 1.5723550 1.7659847 1.6249548 1.2598187 0.3389002 1.4154857 1.1916839 0.5569842 2.4020972 1.7586794 1.4915298 1.5663143 1.5077353 1.4118096 0.0000000 1.4011747 0.1380446 1.4261467 1.8756767 1.6681407 1.9358601 1.8334208 
yHAB160_Kazachstania_kunashirensis          1.3523500 1.0943727 2.1899368 1.4532203 1.3160399 2.0031043 1.3268582 1.2085423 0.9542976 0.9717700 6.1882520 1.9238444 1.8452040 1.8719711 1.8344156 1.8552140 1.9455239 1.8937768 1.3204742 1.3806982 1.2596693 1.0696066 1.2410379 0.5511009 1.0480629 1.2262606 2.4149107 1.3936522 0.9459031 1.6471808 0.8665789 1.0900748 1.4011747 0.0000000 1.4154781 1.4585252 1.4847574 1.4391714 1.5176548 1.5179642 
yHAB164_Kazachstania_aerobia                1.6972686 1.3518177 2.0761852 1.6424416 1.5585362 2.2360431 1.6069500 1.5621023 1.3487880 1.3689714 6.6620300 2.5641818 2.3792785 2.3889247 2.4541026 2.4743837 2.4298600 2.4039796 1.5748411 1.7019147 1.5625722 1.2231467 0.3343470 1.3935066 1.1876404 0.5406566 2.3624991 1.7228027 1.4646226 1.5684569 1.5271610 1.4046439 0.1380446 1.4154781 0.0000000 1.4063341 1.8730517 1.6105714 1.8861687 1.7550187 
yHAB166_Kazachstania_yakushimaensis         1.7918776 1.4764762 2.3331067 1.6326793 1.7869392 2.1671869 1.9633830 1.8099651 1.4306425 1.4485214 5.9454686 2.1963870 2.1053453 1.9807311 2.0958566 2.2672904 2.1999850 2.0826131 1.7962740 1.8613347 1.8029174 1.4409609 1.3477298 1.5996667 1.3241000 1.2387456 2.5626156 1.7936467 1.5930879 0.8196939 1.6912492 1.5454054 1.4261467 1.4585252 1.4063341 0.0000000 1.9517462 1.8469807 2.0350858 1.9384723 
yHMPu5000034875_Tetrapisispora_fleetii      1.7275991 1.5217788 2.6182434 1.8761369 1.5110643 2.2903666 1.6781770 1.6022943 1.5645543 1.4900132 6.5301091 2.1256477 2.1329272 2.1574927 2.1150304 2.1459870 2.2014480 2.2342043 1.5180932 0.4918999 1.2266329 1.5183264 1.7594343 1.5146458 1.6202248 1.8247343 2.9945286 1.9356755 1.6593459 2.2818052 1.5882100 1.5419588 1.8756767 1.4847574 1.8730517 1.9517462 0.0000000 0.8088990 0.3402063 1.6680872 
yHMPu5000034876_Tetrapisispora_iriomotensis 1.6168850 1.4727055 2.7730616 1.6646208 1.5456028 2.1055444 1.7501423 1.5260094 1.4453297 1.3299898 6.9222748 2.2364401 2.1416874 2.1289937 2.2151637 2.1198736 2.1397412 2.1379697 1.4191250 0.7001546 1.0282796 1.3249160 1.5771342 1.3160754 1.4268253 1.7071009 2.8148582 1.7519873 1.4607314 1.9314753 1.3772648 1.4661291 1.6681407 1.4391714 1.6105714 1.8469807 0.8088990 0.0000000 0.8505653 1.5743196 
yHMPu5000034877_Tetrapisispora_namnaonensis 1.6657438 1.4578039 2.8480651 1.8394249 1.6549801 2.2801241 1.7584236 1.5910039 1.4420515 1.4676668 7.0077286 2.1552350 2.1165977 2.1012718 2.2677822 2.0639854 2.2190627 2.2103315 1.4590370 0.4697423 1.2345506 1.4731882 1.8569434 1.4698828 1.6399465 1.8929244 2.9926615 1.8441748 1.5281287 2.2795950 1.4637363 1.4957471 1.9358601 1.5176548 1.8861687 2.0350858 0.3402063 0.8505653 0.0000000 1.7578863 
yHMPu5000035629_Yueomyces_sinensis          1.6363730 1.7796488 2.2704837 1.6798437 1.6155388 2.0775075 1.6015932 1.6084171 1.3816185 1.4240774 6.0183820 2.3131194 2.2466406 2.2430933 2.3621056 2.2830657 2.3731349 2.3635538 1.0144986 1.5732730 1.4410390 1.4213956 1.7446046 1.4657227 1.4790274 1.6963443 3.0571480 1.8244073 1.6524113 2.1476163 1.4535880 1.6414562 1.8334208 1.5179642 1.7550187 1.9384723 1.6680872 1.5743196 1.7578863 0.0000000 
