40
Candida_glabrata                            0.0000000 0.5669648 0.5297751 0.4751920 0.2721041 0.5149339 0.3124579 0.2999939 0.4827393 0.4555310 1.2835397 0.4552910 0.4507729 0.4488910 0.4555627 0.4796149 0.4681542 0.4336938 0.7125571 0.5984291 0.8911275 0.5526368 0.5460566 0.6011248 0.5072884 0.5685200 0.4377177 0.4894600 0.5003434 0.5835394 0.6279539 0.6491932 0.6056651 0.5516837 0.6051966 0.5653777 0.6124275 0.6633254 0.5785973 0.7908384 
Kazachstania_africana                       0.5669648 0.0000000 0.7260340 0.5473244 0.5460071 0.6745097 0.6022398 0.5893771 0.4574075 0.4706298 1.4977221 0.6155604 0.5480308 0.6349688 0.6356547 0.5894746 0.5691525 0.6394100 0.7219660 0.6291097 0.9731838 0.4953387 0.4748580 0.5021771 0.4803718 0.4277930 0.5380537 0.5645376 0.6076817 0.5193014 0.4923599 0.5910687 0.5180696 0.4328849 0.5073088 0.4670662 0.5848420 0.5780708 0.6213642 0.7264167 
Kazachstania_naganishii                     0.5297751 0.7260340 0.0000000 0.6650178 0.6103746 0.6666299 0.5945152 0.6168017 0.6260426 0.6939617 1.3495522 0.5609973 0.5784045 0.5202269 0.5597965 0.5959312 0.5707428 0.4899817 0.8844852 0.7749021 1.1080420 0.6331530 0.6380315 0.6510969 0.5967018 0.6391551 0.5376629 0.5397584 0.5772149 0.6252065 0.7737350 0.8304186 0.6040332 0.7520440 0.6118024 0.6756673 0.8022667 0.8492904 0.7047240 0.9587878 
Nakaseomyces_bacillisporus                  0.4751920 0.5473244 0.6650178 0.0000000 0.4847154 0.4837907 0.5093468 0.4725336 0.4385689 0.4252661 1.4408389 0.5147429 0.4832722 0.5163086 0.5107789 0.4979103 0.4877863 0.5116404 0.6728775 0.5795121 0.9781407 0.5045630 0.5443581 0.5876259 0.4905380 0.5150980 0.5044621 0.5361341 0.5934010 0.5171258 0.5494041 0.6019986 0.5516761 0.5151745 0.5455996 0.5529518 0.5620921 0.5301160 0.5652346 0.6926417 
Nakaseomyces_bracarensis                    0.2721041 0.5460071 0.6103746 0.4847154 0.0000000 0.5344396 0.2341234 0.2288754 0.4516610 0.4481456 1.4142241 0.4726722 0.4720533 0.4752905 0.5211254 0.4891249 0.4782876 0.4708132 0.7534732 0.6115902 0.9114344 0.4913633 0.5125724 0.5677014 0.4880670 0.5556345 0.4864875 0.5541110 0.5343153 0.5546943 0.5706603 0.6330457 0.5739158 0.5431592 0.5398997 0.5474825 0.5721969 0.6466380 0.5928369 0.7713088 
Nakaseomyces_castellii                      0.5149339 0.6745097 0.6666299 0.4837907 0.5344396 0.0000000 0.5370424 0.5127721 0.5485735 0.4730958 1.3367944 0.5722321 0.5613383 0.5699082 0.6190870 0.5847568 0.5874122 0.5533430 0.8262990 0.6497769 0.9875428 0.5690034 0.6124802 0.6335610 0.6091778 0.5682388 0.5690185 0.6303468 0.5781029 0.6137151 0.6264246 0.6819555 0.6062880 0.6091141 0.6031183 0.6279432 0.6575591 0.6665138 0.6178100 0.7785833 
Nakaseomyces_delphensis                     0.3124579 0.6022398 0.5945152 0.5093468 0.2341234 0.5370424 0.0000000 0.2091086 0.4786004 0.4759817 1.3817198 0.4807300 0.4657433 0.4600441 0.5051936 0.4940606 0.4943808 0.4556350 0.7492235 0.6559615 0.8333652 0.5102861 0.5723908 0.5951038 0.5414709 0.5663423 0.5120224 0.5216895 0.5294980 0.5987543 0.6427063 0.6642119 0.5977672 0.6067544 0.5690103 0.5908492 0.6602369 0.6838868 0.6397708 0.7860698 
Nakaseomyces_nivariensis                    0.2999939 0.5893771 0.6168017 0.4725336 0.2288754 0.5127721 0.2091086 0.0000000 0.4835184 0.4838768 1.3194612 0.4504957 0.4711564 0.4360942 0.5091052 0.4815879 0.4724885 0.4364033 0.7014061 0.6547132 0.9018267 0.5386944 0.5578995 0.6099626 0.5166048 0.5421867 0.4579818 0.5496473 0.5487835 0.5647276 0.6159107 0.6731812 0.5694905 0.5857928 0.5393921 0.5776096 0.6433835 0.6679580 0.6404078 0.7351625 
Naumovozyma_castellii                       0.4827393 0.4574075 0.6260426 0.4385689 0.4516610 0.5485735 0.4786004 0.4835184 0.0000000 0.3105266 1.4084631 0.4930727 0.4660587 0.5309313 0.5112794 0.4751679 0.4655461 0.5475840 0.6420634 0.5917914 0.8738400 0.4626048 0.3907523 0.4548961 0.3777300 0.3994316 0.4963877 0.4398465 0.5120707 0.3909331 0.4474215 0.5287727 0.4667606 0.4173182 0.4273503 0.4309224 0.5550894 0.5848661 0.5779410 0.7133003 
Naumovozyma_dairenensis                     0.4555310 0.4706298 0.6939617 0.4252661 0.4481456 0.4730958 0.4759817 0.4838768 0.3105266 0.0000000 1.3600356 0.5013750 0.4683759 0.5752738 0.5531213 0.5027628 0.4916080 0.5673909 0.7035572 0.5589063 0.9142772 0.4143907 0.3835548 0.4330920 0.3706041 0.3895375 0.4811860 0.4474632 0.4923891 0.4441170 0.4288047 0.5009648 0.4593662 0.3744023 0.4108341 0.4083214 0.5206611 0.5189728 0.5604281 0.6713581 
Neurospora_crassa                           1.2835397 1.4977221 1.3495522 1.4408389 1.4142241 1.3367944 1.3817198 1.3194612 1.4084631 1.3600356 0.0000000 1.2645086 1.2692163 1.2109951 1.1765028 1.2449089 1.3013335 1.1311861 1.5512236 1.4174162 1.5385935 1.5839394 1.4712576 1.5742702 1.4313027 1.5119996 1.4305828 1.5680730 1.3983565 1.4105853 1.5680808 1.5445799 1.5973691 1.6199835 1.5268639 1.4854080 1.4443119 1.5509135 1.3778781 1.8114158 
Saccharomyces_arboricola                    0.4552910 0.6155604 0.5609973 0.5147429 0.4726722 0.5722321 0.4807300 0.4504957 0.4930727 0.5013750 1.2645086 0.0000000 0.1583707 0.1493733 0.1333051 0.1528757 0.1412031 0.1467626 0.7973814 0.6685376 0.9173152 0.5726030 0.6046160 0.6457261 0.5789225 0.5594061 0.5042474 0.5318414 0.5149016 0.5712700 0.7123315 0.6569224 0.6445960 0.6183147 0.6206367 0.5817744 0.6776510 0.7179332 0.6392699 0.8793188 
Saccharomyces_cerevisiae                    0.4507729 0.5480308 0.5784045 0.4832722 0.4720533 0.5613383 0.4657433 0.4711564 0.4660587 0.4683759 1.2692163 0.1583707 0.0000000 0.2015499 0.1592789 0.1365684 0.0794501 0.2070975 0.7525887 0.6504992 0.9182193 0.5373670 0.5718434 0.5936355 0.5063649 0.5482689 0.4904970 0.5027269 0.5470799 0.5374825 0.6530537 0.6365239 0.6055014 0.5571901 0.6128780 0.5291474 0.5995892 0.6891217 0.6092320 0.8192162 
Saccharomyces_eubayanus                     0.4488910 0.6349688 0.5202269 0.5163086 0.4752905 0.5699082 0.4600441 0.4360942 0.5309313 0.5752738 1.2109951 0.1493733 0.2015499 0.0000000 0.1575769 0.2025170 0.1958737 0.0546336 0.8521187 0.7260079 0.8652664 0.5886527 0.6765554 0.7030441 0.6021520 0.6551890 0.4755090 0.5251194 0.5327134 0.6124833 0.7773600 0.7326728 0.7059617 0.6871768 0.6908279 0.6500400 0.7059570 0.7766347 0.6401979 0.9318615 
Saccharomyces_kudriavzevii                  0.4555627 0.6356547 0.5597965 0.5107789 0.5211254 0.6190870 0.5051936 0.5091052 0.5112794 0.5531213 1.1765028 0.1333051 0.1592789 0.1575769 0.0000000 0.1588893 0.1428517 0.1392815 0.8237567 0.7078182 0.9139273 0.5980603 0.6666463 0.6942792 0.5930958 0.6300043 0.5320713 0.5381522 0.5428292 0.6153413 0.7781305 0.7023278 0.7232522 0.6491970 0.7026580 0.6223874 0.6812886 0.7556691 0.6433184 0.9077750 
Saccharomyces_mikatae                       0.4796149 0.5894746 0.5959312 0.4979103 0.4891249 0.5847568 0.4940606 0.4815879 0.4751679 0.5027628 1.2449089 0.1528757 0.1365684 0.2025170 0.1588893 0.0000000 0.1232232 0.2013968 0.7726474 0.6469414 0.9161655 0.5422404 0.6031469 0.6257468 0.5547760 0.5605476 0.5017085 0.5182314 0.5641434 0.5585293 0.6870333 0.6327235 0.6251207 0.5753439 0.6045880 0.5662217 0.6212400 0.7023964 0.6143814 0.8194536 
Saccharomyces_paradoxus                     0.4681542 0.5691525 0.5707428 0.4877863 0.4782876 0.5874122 0.4943808 0.4724885 0.4655461 0.4916080 1.3013335 0.1412031 0.0794501 0.1958737 0.1428517 0.1232232 0.0000000 0.1970782 0.7646368 0.6490541 0.9366241 0.5374026 0.5901543 0.6170547 0.5388862 0.5737460 0.5197748 0.5236961 0.5461057 0.5544330 0.6939377 0.6418496 0.6384182 0.5820481 0.6026570 0.5685244 0.6142630 0.6959779 0.6068994 0.8284766 
Saccharomyces_uvarum                        0.4336938 0.6394100 0.4899817 0.5116404 0.4708132 0.5533430 0.4556350 0.4364033 0.5475840 0.5673909 1.1311861 0.1467626 0.2070975 0.0546336 0.1392815 0.2013968 0.1970782 0.0000000 0.8720123 0.6967482 0.8844313 0.6053582 0.6834244 0.7069057 0.6183655 0.6563019 0.4780808 0.5424810 0.5212011 0.6246055 0.8056621 0.7168765 0.6955780 0.7120691 0.6997740 0.6536169 0.7115924 0.7688102 0.6277869 0.9489626 
Tetrapisispora_blattae                      0.7125571 0.7219660 0.8844852 0.6728775 0.7534732 0.8262990 0.7492235 0.7014061 0.6420634 0.7035572 1.5512236 0.7973814 0.7525887 0.8521187 0.8237567 0.7726474 0.7646368 0.8720123 0.0000000 0.6544759 1.0634475 0.7798812 0.6961773 0.7088143 0.6763003 0.7018751 0.7801302 0.7174360 0.7856189 0.6936410 0.6297368 0.7375437 0.7634686 0.6557611 0.6900491 0.6824077 0.7612668 0.6706041 0.7411983 0.4736769 
Tetrapisispora_phaffii                      0.5984291 0.6291097 0.7749021 0.5795121 0.6115902 0.6497769 0.6559615 0.6547132 0.5917914 0.5589063 1.4174162 0.6685376 0.6504992 0.7260079 0.7078182 0.6469414 0.6490541 0.6967482 0.6544759 0.0000000 0.7885476 0.6244630 0.6332544 0.6102602 0.6148383 0.6349782 0.6290957 0.6508807 0.6256725 0.6688758 0.5873181 0.6335945 0.6942759 0.5409715 0.6526132 0.6724856 0.2807161 0.2823198 0.2680195 0.7326802 
Vanderwaltozyma_polyspora                   0.8911275 0.9731838 1.1080420 0.9781407 0.9114344 0.9875428 0.8333652 0.9018267 0.8738400 0.9142772 1.5385935 0.9173152 0.9182193 0.8652664 0.9139273 0.9161655 0.9366241 0.8844313 1.0634475 0.7885476 0.0000000 1.0394253 0.9972518 0.9555673 0.9962746 1.0448308 0.9955617 0.9170789 0.8200736 0.9659053 1.0711326 1.0981655 1.0319521 0.9503835 1.0125095 1.0057451 0.8924389 0.9073862 0.7572313 1.1506113 
yHAB132_Kazachstania_martiniae              0.5526368 0.4953387 0.6331530 0.5045630 0.4913633 0.5690034 0.5102861 0.5386944 0.4626048 0.4143907 1.5839394 0.5726030 0.5373670 0.5886527 0.5980603 0.5422404 0.5374026 0.6053582 0.7798812 0.6244630 1.0394253 0.0000000 0.3647613 0.4632624 0.3827538 0.3659501 0.4378565 0.4804833 0.5655632 0.4080612 0.4706490 0.5322182 0.4288019 0.4072456 0.4122510 0.3894033 0.6117426 0.5840876 0.6474164 0.6986623 
yHAB133_Kazachstania_unispora               0.5460566 0.4748580 0.6380315 0.5443581 0.5125724 0.6124802 0.5723908 0.5578995 0.3907523 0.3835548 1.4712576 0.6046160 0.5718434 0.6765554 0.6666463 0.6031469 0.5901543 0.6834244 0.6961773 0.6332544 0.9972518 0.3647613 0.0000000 0.4163665 0.2905960 0.1552522 0.3689152 0.4541183 0.5880407 0.3428161 0.4306707 0.5350429 0.1828492 0.3570859 0.1590419 0.2654984 0.6431322 0.5989916 0.6560643 0.6456821 
yHAB134_Kazachstania_turicensis             0.6011248 0.5021771 0.6510969 0.5876259 0.5677014 0.6335610 0.5951038 0.6099626 0.4548961 0.4330920 1.5742702 0.6457261 0.5936355 0.7030441 0.6942792 0.6257468 0.6170547 0.7069057 0.7088143 0.6102602 0.9555673 0.4632624 0.4163665 0.0000000 0.4631023 0.4205654 0.5871080 0.4914735 0.5841313 0.4899626 0.4540253 0.5379368 0.4635229 0.2798489 0.4540790 0.4299492 0.6378820 0.5979579 0.6576507 0.6115683 
yHAB136_Kazachstania_bromeliacearum         0.5072884 0.4803718 0.5967018 0.4905380 0.4880670 0.6091778 0.5414709 0.5166048 0.3777300 0.3706041 1.4313027 0.5789225 0.5063649 0.6021520 0.5930958 0.5547760 0.5388862 0.6183655 0.6763003 0.6148383 0.9962746 0.3827538 0.2905960 0.4631023 0.0000000 0.3141144 0.3716332 0.4096656 0.6205407 0.3475431 0.5118615 0.6335444 0.3840791 0.4277730 0.3521021 0.3189036 0.5827731 0.6021968 0.6086781 0.6487913 
yHAB143_Kazachstania_siamensis              0.5685200 0.4277930 0.6391551 0.5150980 0.5556345 0.5682388 0.5663423 0.5421867 0.3994316 0.3895375 1.5119996 0.5594061 0.5482689 0.6551890 0.6300043 0.5605476 0.5737460 0.6563019 0.7018751 0.6349782 1.0448308 0.3659501 0.1552522 0.4205654 0.3141144 0.0000000 0.3825723 0.4672345 0.5653121 0.3454763 0.4245184 0.5312644 0.2445713 0.3414973 0.2198876 0.3089578 0.6106847 0.6045467 0.6736011 0.6497485 
yHAB147_Kazachstania_taianensis             0.4377177 0.5380537 0.5376629 0.5044621 0.4864875 0.5690185 0.5120224 0.4579818 0.4963877 0.4811860 1.4305828 0.5042474 0.4904970 0.4755090 0.5320713 0.5017085 0.5197748 0.4780808 0.7801302 0.6290957 0.9955617 0.4378565 0.3689152 0.5871080 0.3716332 0.3825723 0.0000000 0.4202874 0.5008661 0.4518619 0.5873143 0.6525106 0.4392590 0.5152207 0.4301240 0.4472929 0.5933181 0.6439733 0.5923841 0.7762611 
yHAB148_Kazachstania_intestinalis           0.4894600 0.5645376 0.5397584 0.5361341 0.5541110 0.6303468 0.5216895 0.5496473 0.4398465 0.4474632 1.5680730 0.5318414 0.5027269 0.5251194 0.5381522 0.5182314 0.5236961 0.5424810 0.7174360 0.6508807 0.9170789 0.4804833 0.4541183 0.4914735 0.4096656 0.4672345 0.4202874 0.0000000 0.5285628 0.4643873 0.5808865 0.6637864 0.4876391 0.5137091 0.4921322 0.4816639 0.6039436 0.6388894 0.6005182 0.7642771 
yHAB153_Kazachstania_rosinii                0.5003434 0.6076817 0.5772149 0.5934010 0.5343153 0.5781029 0.5294980 0.5487835 0.5120707 0.4923891 1.3983565 0.5149016 0.5470799 0.5327134 0.5428292 0.5641434 0.5461057 0.5212011 0.7856189 0.6256725 0.8200736 0.5655632 0.5880407 0.5841313 0.6205407 0.5653121 0.5008661 0.5285628 0.0000000 0.5747495 0.6016304 0.6309000 0.6083225 0.5479705 0.5984547 0.5732384 0.6066613 0.6772988 0.5991920 0.8391106 
yHAB154_Kazachstania_transvaalensis         0.5835394 0.5193014 0.6252065 0.5171258 0.5546943 0.6137151 0.5987543 0.5647276 0.3909331 0.4441170 1.4105853 0.5712700 0.5374825 0.6124833 0.6153413 0.5585293 0.5544330 0.6246055 0.6936410 0.6688758 0.9659053 0.4080612 0.3428161 0.4899626 0.3475431 0.3454763 0.4518619 0.4643873 0.5747495 0.0000000 0.4934957 0.5709186 0.4067690 0.4258833 0.3878702 0.1690910 0.6354696 0.6567882 0.6514136 0.7414626 
yHAB155_Kazachstania_spencerorum            0.6279539 0.4923599 0.7737350 0.5494041 0.5706603 0.6264246 0.6427063 0.6159107 0.4474215 0.4288047 1.5680808 0.7123315 0.6530537 0.7773600 0.7781305 0.6870333 0.6939377 0.8056621 0.6297368 0.5873181 1.0711326 0.4706490 0.4306707 0.4540253 0.5118615 0.4245184 0.5873143 0.5808865 0.6016304 0.4934957 0.0000000 0.4830937 0.4959904 0.3881240 0.4583697 0.4155097 0.5701894 0.5045015 0.5886755 0.5998231 
yHAB158_Kazachstania_viticola               0.6491932 0.5910687 0.8304186 0.6019986 0.6330457 0.6819555 0.6642119 0.6731812 0.5287727 0.5009648 1.5445799 0.6569224 0.6365239 0.7326728 0.7023278 0.6327235 0.6418496 0.7168765 0.7375437 0.6335945 1.0981655 0.5322182 0.5350429 0.5379368 0.6335444 0.5312644 0.6525106 0.6637864 0.6309000 0.5709186 0.4830937 0.0000000 0.6610400 0.4409831 0.6367812 0.5095578 0.6701904 0.6111642 0.6928425 0.7412159 
yHAB159_Kazachstania_solicola               0.6056651 0.5180696 0.6040332 0.5516761 0.5739158 0.6062880 0.5977672 0.5694905 0.4667606 0.4593662 1.5973691 0.6445960 0.6055014 0.7059617 0.7232522 0.6251207 0.6384182 0.6955780 0.7634686 0.6942759 1.0319521 0.4288019 0.1828492 0.4635229 0.3840791 0.2445713 0.4392590 0.4876391 0.6083225 0.4067690 0.4959904 0.6610400 0.0000000 0.4102799 0.0743394 0.3886185 0.6754470 0.6708728 0.7170154 0.6759023 
yHAB160_Kazachstania_kunashirensis          0.5516837 0.4328849 0.7520440 0.5151745 0.5431592 0.6091141 0.6067544 0.5857928 0.4173182 0.3744023 1.6199835 0.6183147 0.5571901 0.6871768 0.6491970 0.5753439 0.5820481 0.7120691 0.6557611 0.5409715 0.9503835 0.4072456 0.3570859 0.2798489 0.4277730 0.3414973 0.5152207 0.5137091 0.5479705 0.4258833 0.3881240 0.4409831 0.4102799 0.0000000 0.3840552 0.3600590 0.5490020 0.5108916 0.5786501 0.5974658 
yHAB164_Kazachstania_aerobia                0.6051966 0.5073088 0.6118024 0.5455996 0.5398997 0.6031183 0.5690103 0.5393921 0.4273503 0.4108341 1.5268639 0.6206367 0.6128780 0.6908279 0.7026580 0.6045880 0.6026570 0.6997740 0.6900491 0.6526132 1.0125095 0.4122510 0.1590419 0.4540790 0.3521021 0.2198876 0.4301240 0.4921322 0.5984547 0.3878702 0.4583697 0.6367812 0.0743394 0.3840552 0.0000000 0.3586802 0.6616906 0.6255866 0.6787984 0.6487756 
yHAB166_Kazachstania_yakushimaensis         0.5653777 0.4670662 0.6756673 0.5529518 0.5474825 0.6279432 0.5908492 0.5776096 0.4309224 0.4083214 1.4854080 0.5817744 0.5291474 0.6500400 0.6223874 0.5662217 0.5685244 0.6536169 0.6824077 0.6724856 1.0057451 0.3894033 0.2654984 0.4299492 0.3189036 0.3089578 0.4472929 0.4816639 0.5732384 0.1690910 0.4155097 0.5095578 0.3886185 0.3600590 0.3586802 0.0000000 0.6223837 0.5910268 0.6526760 0.6368972 
yHMPu5000034875_Tetrapisispora_fleetii      0.6124275 0.5848420 0.8022667 0.5620921 0.5721969 0.6575591 0.6602369 0.6433835 0.5550894 0.5206611 1.4443119 0.6776510 0.5995892 0.7059570 0.6812886 0.6212400 0.6142630 0.7115924 0.7612668 0.2807161 0.8924389 0.6117426 0.6431322 0.6378820 0.5827731 0.6106847 0.5933181 0.6039436 0.6066613 0.6354696 0.5701894 0.6701904 0.6754470 0.5490020 0.6616906 0.6223837 0.0000000 0.3052351 0.1436005 0.7486221 
yHMPu5000034876_Tetrapisispora_iriomotensis 0.6633254 0.5780708 0.8492904 0.5301160 0.6466380 0.6665138 0.6838868 0.6679580 0.5848661 0.5189728 1.5509135 0.7179332 0.6891217 0.7766347 0.7556691 0.7023964 0.6959779 0.7688102 0.6706041 0.2823198 0.9073862 0.5840876 0.5989916 0.5979579 0.6021968 0.6045467 0.6439733 0.6388894 0.6772988 0.6567882 0.5045015 0.6111642 0.6708728 0.5108916 0.6255866 0.5910268 0.3052351 0.0000000 0.3216531 0.6609222 
yHMPu5000034877_Tetrapisispora_namnaonensis 0.5785973 0.6213642 0.7047240 0.5652346 0.5928369 0.6178100 0.6397708 0.6404078 0.5779410 0.5604281 1.3778781 0.6392699 0.6092320 0.6401979 0.6433184 0.6143814 0.6068994 0.6277869 0.7411983 0.2680195 0.7572313 0.6474164 0.6560643 0.6576507 0.6086781 0.6736011 0.5923841 0.6005182 0.5991920 0.6514136 0.5886755 0.6928425 0.7170154 0.5786501 0.6787984 0.6526760 0.1436005 0.3216531 0.0000000 0.7438578 
yHMPu5000035629_Yueomyces_sinensis          0.7908384 0.7264167 0.9587878 0.6926417 0.7713088 0.7785833 0.7860698 0.7351625 0.7133003 0.6713581 1.8114158 0.8793188 0.8192162 0.9318615 0.9077750 0.8194536 0.8284766 0.9489626 0.4736769 0.7326802 1.1506113 0.6986623 0.6456821 0.6115683 0.6487913 0.6497485 0.7762611 0.7642771 0.8391106 0.7414626 0.5998231 0.7412159 0.6759023 0.5974658 0.6487756 0.6368972 0.7486221 0.6609222 0.7438578 0.0000000 
