40
Candida_glabrata                            0.0000000 3.9384785 4.0650119 4.4836734 2.2403873 5.2235462 2.0808801 2.1088254 3.3919539 3.7618306 8.7943211 4.2764186 3.9197968 4.0476990 3.8163611 4.1261063 4.0693748 3.9382841 3.1366019 4.1220851 3.1202703 3.2536070 4.1412886 3.7780098 3.6548530 3.8172535 3.4062911 5.2610946 3.3350681 3.8788864 3.8826104 3.3258793 3.8331069 3.2840990 3.6843775 4.0597573 3.8717217 3.9997608 4.2693624 3.5731461 
Kazachstania_africana                       3.9384785 0.0000000 3.2256715 3.9723942 3.0957434 4.4053832 3.1563455 3.2633840 2.9395697 3.0874607 8.2285841 3.9849231 3.7639731 3.8083651 3.8749595 3.9274031 3.8162400 3.9151068 3.0461289 4.0314579 2.9337343 2.4305381 2.9038233 2.4690717 2.3028012 2.6783366 2.2452853 3.5883019 2.2535765 3.0526267 2.9194697 1.9380413 2.6804166 2.1980040 2.8135803 2.9465746 3.9805932 3.3366933 4.1424139 3.5233123 
Kazachstania_naganishii                     4.0650119 3.2256715 0.0000000 5.0321203 3.8753014 5.3072478 3.5107540 3.7147139 3.1703140 3.2980991 6.9973962 3.4357746 3.5320723 3.2391585 3.5572746 3.6445510 3.4762926 3.1626458 3.3335860 4.9163143 3.3867548 2.7332490 2.9842475 3.1702990 2.4031213 2.8637509 2.3469081 3.3237433 2.8583842 3.0060664 3.4520119 2.9267197 2.7761296 3.3767119 2.9229983 3.3526888 4.7454185 4.3467528 4.8233572 4.0336971 
Nakaseomyces_bacillisporus                  4.4836734 3.9723942 5.0321203 0.0000000 3.7241589 3.6144399 4.0166830 3.6436961 3.5790549 3.8030690 8.9999987 4.5767102 4.7473886 4.5285199 4.6214577 4.7278429 4.6155221 4.6953506 3.4702047 4.0712234 3.7473825 3.9914517 4.0597078 4.7174257 3.4622691 3.8702170 3.9216573 5.4381196 4.6172129 3.8729472 5.4084649 4.0288227 3.7392543 3.9591002 3.9330064 4.3050132 4.3203016 4.0809481 4.1498773 3.7337615 
Nakaseomyces_bracarensis                    2.2403873 3.0957434 3.8753014 3.7241589 0.0000000 4.5423613 0.9456788 0.9152278 2.9260994 2.9417359 8.2593189 4.3154252 4.3112457 4.1728176 4.0807070 4.2474823 4.4079356 4.4061431 2.9100393 4.0330395 2.9839150 3.5031797 3.8610458 3.9577700 3.1139959 3.7538382 3.0555446 4.7186699 3.7544682 3.9652850 4.5355630 3.3233456 3.5448515 3.9761719 3.8244215 3.7151006 4.0236020 3.8938489 3.9829121 3.7006030 
Nakaseomyces_castellii                      5.2235462 4.4053832 5.3072478 3.6144399 4.5423613 0.0000000 4.6727624 4.3002506 5.2186270 5.0028998 8.9999989 5.3525640 5.6549835 4.9143559 5.0485980 5.3874947 5.2195217 5.1312020 4.9005106 4.6636977 4.8664605 4.8391736 5.2761578 5.9336922 4.7476699 4.8677378 4.5311950 5.1957938 5.2849749 5.0024331 6.6114619 5.2095884 4.7322816 5.4414590 5.4043499 5.7232801 4.9250613 4.5134555 5.0121852 5.0192378 
Nakaseomyces_delphensis                     2.0808801 3.1563455 3.5107540 4.0166830 0.9456788 4.6727624 0.0000000 0.8004157 2.9216629 3.0031632 8.9999982 3.9265983 3.8006858 3.7370090 3.7164128 3.5788733 3.8929681 3.8712037 3.0420573 4.4932527 3.0312244 3.3579358 4.0656129 3.8188948 2.8411501 3.8013376 2.8799772 4.3811470 3.4850409 4.3804451 4.0569465 3.0808588 3.9097253 3.9137512 4.0284734 4.4164252 4.1229594 3.6520902 4.2015928 3.1980923 
Nakaseomyces_nivariensis                    2.1088254 3.2633840 3.7147139 3.6436961 0.9152278 4.3002506 0.8004157 0.0000000 2.8666075 3.3282263 7.7288785 3.9746247 3.9523674 3.7385422 3.9942151 3.9392235 3.9892821 3.8511684 2.9904573 3.8206281 2.8313608 3.3949653 4.2298566 3.6292813 3.0615324 4.3210801 2.8752787 4.6640887 3.4788777 4.2473527 3.9225012 3.0570491 3.8717784 3.4983746 3.9775491 4.1784600 3.8813802 3.9009236 3.8186057 3.2207185 
Naumovozyma_castellii                       3.3919539 2.9395697 3.1703140 3.5790549 2.9260994 5.2186270 2.9216629 2.8666075 0.0000000 1.8517983 8.5328427 3.5111188 3.3993974 3.6451118 3.5358032 3.5956316 3.3453050 3.5056116 2.6915656 3.2361972 2.8351626 2.7681831 3.0954550 3.2784370 2.5866777 3.3727799 2.5447256 3.7615415 3.2092638 3.3682300 3.3566646 2.7625464 2.9979682 3.2613405 3.1430841 3.0939496 3.1848185 3.2349969 3.3648051 3.2024155 
Naumovozyma_dairenensis                     3.7618306 3.0874607 3.2980991 3.8030690 2.9417359 5.0028998 3.0031632 3.3282263 1.8517983 0.0000000 8.9024947 3.5071054 3.5805478 3.4659788 3.6096780 3.6297966 3.5292751 3.5358259 2.8955810 3.1330441 3.0824586 3.2180916 3.1609849 3.1644283 2.5868488 3.1112176 2.8933488 3.9829488 3.3218894 3.3887080 3.1984385 3.1052093 3.2540529 3.3137458 3.3763404 3.1880683 3.1736289 3.5003101 3.3577647 3.1415766 
Neurospora_crassa                           8.7943211 8.2285841 6.9973962 8.9999987 8.2593189 8.9999989 8.9999982 7.7288785 8.5328427 8.9024947 0.0000000 8.3152474 8.0272660 7.4115925 7.5632820 8.0519880 8.0652967 7.4999313 8.9999988 8.9999981 8.3210753 8.4069270 8.9999981 8.9999981 8.9999985 8.7719254 7.7973398 8.2682260 7.6190129 8.9966876 8.9999990 8.9999988 8.3798399 8.9999986 8.9999984 8.9999988 8.9999983 8.9999988 8.9999984 8.6998436 
Saccharomyces_arboricola                    4.2764186 3.9849231 3.4357746 4.5767102 4.3154252 5.3525640 3.9265983 3.9746247 3.5111188 3.5071054 8.3152474 0.0000000 0.4383700 0.4277632 0.3808445 0.4363144 0.3998822 0.4320311 3.1607339 4.1774274 3.2328278 3.7840004 4.1313695 4.1276812 4.0457729 4.4629907 3.6944044 4.2261637 3.6418655 4.6265069 4.1590998 3.5991951 3.5770564 3.6750367 4.2322236 4.5504066 4.2763523 4.2367876 3.9849638 3.9687125 
Saccharomyces_cerevisiae                    3.9197968 3.7639731 3.5320723 4.7473886 4.3112457 5.6549835 3.8006858 3.9523674 3.3993974 3.5805478 8.0272660 0.4383700 0.0000000 0.5041293 0.4080788 0.3633032 0.2252027 0.5183354 3.2390769 4.4239584 3.1804827 3.5326631 4.3188814 4.2266045 3.9630306 4.1026153 3.7022217 4.3898871 3.5506320 5.0041439 4.0291765 3.6701853 3.6287890 3.7561370 4.4220404 4.6763688 4.4145332 3.9736195 4.3750426 3.9898215 
Saccharomyces_eubayanus                     4.0476990 3.8083651 3.2391585 4.5285199 4.1728176 4.9143559 3.7370090 3.7385422 3.6451118 3.4659788 7.4115925 0.4277632 0.5041293 0.0000000 0.4278431 0.5000316 0.4614186 0.1584910 3.1863543 4.4949762 3.4381013 3.5708743 4.0072372 4.2302941 3.8847751 4.2719356 3.5459477 4.0484875 3.5802726 4.6445830 3.9665221 3.8633403 3.4881887 3.9298788 4.2855648 5.0307755 4.6982431 3.9709994 4.3646472 3.9876367 
Saccharomyces_kudriavzevii                  3.8163611 3.8749595 3.5572746 4.6214577 4.0807070 5.0485980 3.7164128 3.9942151 3.5358032 3.6096780 7.5632820 0.3808445 0.4080788 0.4278431 0.0000000 0.3883934 0.3673757 0.4353670 3.3304844 4.3954794 3.2734635 3.8034254 4.2054613 4.3007513 4.1833531 4.4371705 3.6379712 4.0543851 3.6178475 4.7830669 4.3327304 4.0351965 3.6266794 3.8294933 4.3043681 4.7837962 4.3919846 4.5536845 4.4531257 4.3444596 
Saccharomyces_mikatae                       4.1261063 3.9274031 3.6445510 4.7278429 4.2474823 5.3874947 3.5788733 3.9392235 3.5956316 3.6297966 8.0519880 0.4363144 0.3633032 0.5000316 0.3883934 0.0000000 0.3119413 0.5088345 3.1575622 4.3686856 3.3279980 3.6935511 3.9810230 4.1598138 3.9231023 4.0031783 3.4655922 4.0468977 3.6286399 4.5900978 4.0299152 3.8541490 3.6599171 3.7283185 4.2100150 4.6219964 4.3632835 4.4646319 4.2917134 3.9564407 
Saccharomyces_paradoxus                     4.0693748 3.8162400 3.4762926 4.6155221 4.4079356 5.2195217 3.8929681 3.9892821 3.3453050 3.5292751 8.0652967 0.3998822 0.2252027 0.4614186 0.3673757 0.3119413 0.0000000 0.4527546 3.1531398 4.4015920 3.4069569 3.5514785 3.9688529 3.9515093 4.0317613 4.0109345 3.6449410 4.3393308 3.4119584 4.7924948 4.0837173 3.6992246 3.5496702 3.7207497 4.0298830 4.5810520 4.3881066 4.0221160 4.3093555 3.9605752 
Saccharomyces_uvarum                        3.9382841 3.9151068 3.1626458 4.6953506 4.4061431 5.1312020 3.8712037 3.8511684 3.5056116 3.5358259 7.4999313 0.4320311 0.5183354 0.1584910 0.4353670 0.5088345 0.4527546 0.0000000 3.4644514 4.7025313 3.3948606 3.7003142 4.0685877 4.2675962 3.7660167 4.2195878 3.8121246 4.2552007 3.5777205 4.5618756 4.0663032 3.8307764 3.4232952 4.1749171 4.2325681 4.8987868 4.5954726 4.1503550 4.4535389 4.2683777 
Tetrapisispora_blattae                      3.1366019 3.0461289 3.3335860 3.4702047 2.9100393 4.9005106 3.0420573 2.9904573 2.6915656 2.8955810 8.9999988 3.1607339 3.2390769 3.1863543 3.3304844 3.1575622 3.1531398 3.4644514 0.0000000 3.2320506 2.4966168 2.9105830 3.4753043 3.2900987 3.0589209 3.6993706 3.0908669 4.0678921 3.6324480 3.8386056 3.6445789 2.9398841 3.5097438 3.2530934 3.4505024 3.6167685 3.1962527 3.1799547 3.2143683 2.0017025 
Tetrapisispora_phaffii                      4.1220851 4.0314579 4.9163143 4.0712234 4.0330395 4.6636977 4.4932527 3.8206281 3.2361972 3.1330441 8.9999981 4.1774274 4.4239584 4.4949762 4.3954794 4.3686856 4.4015920 4.7025313 3.2320506 0.0000000 3.0095738 3.5218430 3.9465891 3.8518629 3.4678260 4.2828207 3.4694114 5.3531315 4.0286621 3.8459879 4.2632400 3.3959569 4.2547315 3.4213539 4.0651945 3.8645141 0.7507780 1.2117427 0.6822702 3.0232274 
Vanderwaltozyma_polyspora                   3.1202703 2.9337343 3.3867548 3.7473825 2.9839150 4.8664605 3.0312244 2.8313608 2.8351626 3.0824586 8.3210753 3.2328278 3.1804827 3.4381013 3.2734635 3.3279980 3.4069569 3.3948606 2.4966168 3.0095738 0.0000000 2.5806128 3.3860417 2.9202868 2.7731825 3.2200965 2.5614210 4.1619233 3.4120131 3.4158602 4.0269695 2.8663460 3.4948657 3.2292121 3.6110044 3.2226501 3.2169836 3.0228466 3.0959709 2.9200815 
yHAB132_Kazachstania_martiniae              3.2536070 2.4305381 2.7332490 3.9914517 3.5031797 4.8391736 3.3579358 3.3949653 2.7681831 3.2180916 8.4069270 3.7840004 3.5326631 3.5708743 3.8034254 3.6935511 3.5514785 3.7003142 2.9105830 3.5218430 2.5806128 0.0000000 2.7065403 2.8353050 1.9057508 2.5924279 1.9226400 3.2498639 2.6097411 2.6249271 3.0129048 2.3780023 2.8388808 2.6882065 2.8518163 2.9258041 3.6808126 3.5703619 3.6872855 3.3103647 
yHAB133_Kazachstania_unispora               4.1412886 2.9038233 2.9842475 4.0597078 3.8610458 5.2761578 4.0656129 4.2298566 3.0954550 3.1609849 8.9999981 4.1313695 4.3188814 4.0072372 4.2054613 3.9810230 3.9688529 4.0685877 3.4753043 3.9465891 3.3860417 2.7065403 0.0000000 3.1245815 1.9926307 1.0776961 1.8721452 3.6091381 3.2304074 2.3821430 3.2309564 2.8295758 1.0418387 2.9520983 1.1007991 2.4899418 4.0831110 4.1379406 4.0041078 3.7548433 
yHAB134_Kazachstania_turicensis             3.7780098 2.4690717 3.1702990 4.7174257 3.9577700 5.9336922 3.8188948 3.6292813 3.2784370 3.1644283 8.9999981 4.1276812 4.2266045 4.2302941 4.3007513 4.1598138 3.9515093 4.2675962 3.2900987 3.8518629 2.9202868 2.8353050 3.1245815 0.0000000 2.5665679 2.8887689 2.6454878 3.8287166 2.1856214 3.0993618 2.5993183 2.4499519 3.0034521 1.4304521 3.0103980 2.8589143 3.9049557 3.4286919 3.9775014 3.5084620 
yHAB136_Kazachstania_bromeliacearum         3.6548530 2.3028012 2.4031213 3.4622691 3.1139959 4.7476699 2.8411501 3.0615324 2.5866777 2.5868488 8.9999985 4.0457729 3.9630306 3.8847751 4.1833531 3.9231023 4.0317613 3.7660167 3.0589209 3.4678260 2.7731825 1.9057508 1.9926307 2.5665679 0.0000000 1.8218816 1.3851921 3.2428436 2.6078575 2.2430532 2.8503425 2.3244958 2.1481479 2.5080143 2.1618729 2.2228337 3.5589788 3.8262633 3.6900820 3.1417953 
yHAB143_Kazachstania_siamensis              3.8172535 2.6783366 2.8637509 3.8702170 3.7538382 4.8677378 3.8013376 4.3210801 3.3727799 3.1112176 8.7719254 4.4629907 4.1026153 4.2719356 4.4371705 4.0031783 4.0109345 4.2195878 3.6993706 4.2828207 3.2200965 2.5924279 1.0776961 2.8887689 1.8218816 0.0000000 1.8470257 3.3063062 3.1959393 2.3518956 3.1092486 2.9248493 1.1518240 2.9250051 1.2187870 2.5272119 4.3259269 4.3132727 4.0089919 3.5197817 
yHAB147_Kazachstania_taianensis             3.4062911 2.2452853 2.3469081 3.9216573 3.0555446 4.5311950 2.8799772 2.8752787 2.5447256 2.8933488 7.7973398 3.6944044 3.7022217 3.5459477 3.6379712 3.4655922 3.6449410 3.8121246 3.0908669 3.4694114 2.5614210 1.9226400 1.8721452 2.6454878 1.3851921 1.8470257 0.0000000 3.1244677 2.3049693 2.1843943 3.4039218 2.1810959 1.9214385 2.4259911 2.0212850 1.9853473 4.2441834 3.9656110 4.0451920 3.0991055 
yHAB148_Kazachstania_intestinalis           5.2610946 3.5883019 3.3237433 5.4381196 4.7186699 5.1957938 4.3811470 4.6640887 3.7615415 3.9829488 8.2682260 4.2261637 4.3898871 4.0484875 4.0543851 4.0468977 4.3393308 4.2552007 4.0678921 5.3531315 4.1619233 3.2498639 3.6091381 3.8287166 3.2428436 3.3063062 3.1244677 0.0000000 3.5179933 3.4846336 3.6078901 4.0128375 3.0555704 4.3513660 3.9442592 3.8359690 5.1143842 4.6624431 4.9696405 4.5698865 
yHAB153_Kazachstania_rosinii                3.3350681 2.2535765 2.8583842 4.6172129 3.7544682 5.2849749 3.4850409 3.4788777 3.2092638 3.3218894 7.6190129 3.6418655 3.5506320 3.5802726 3.6178475 3.6286399 3.4119584 3.5777205 3.6324480 4.0286621 3.4120131 2.6097411 3.2304074 2.1856214 2.6078575 3.1959393 2.3049693 3.5179933 0.0000000 3.0549082 2.6147541 2.1807752 2.9746573 1.7954186 3.3506657 3.1684239 4.6707524 4.5342359 4.4688390 3.4982712 
yHAB154_Kazachstania_transvaalensis         3.8788864 3.0526267 3.0060664 3.8729472 3.9652850 5.0024331 4.3804451 4.2473527 3.3682300 3.3887080 8.9966876 4.6265069 5.0041439 4.6445830 4.7830669 4.5900978 4.7924948 4.5618756 3.8386056 3.8459879 3.4158602 2.6249271 2.3821430 3.0993618 2.2430532 2.3518956 2.1843943 3.4846336 3.0549082 0.0000000 3.3857522 3.0573756 2.5760705 3.0200411 2.6093543 0.7642309 4.0484374 4.1501471 4.1423499 3.6486992 
yHAB155_Kazachstania_spencerorum            3.8826104 2.9194697 3.4520119 5.4084649 4.5355630 6.6114619 4.0569465 3.9225012 3.3566646 3.1984385 8.9999990 4.1590998 4.0291765 3.9665221 4.3327304 4.0299152 4.0837173 4.0663032 3.6445789 4.2632400 4.0269695 3.0129048 3.2309564 2.5993183 2.8503425 3.1092486 3.4039218 3.6078901 2.6147541 3.3857522 0.0000000 2.9469879 3.1973285 2.5997836 3.2627938 3.9152283 3.9744843 4.3806863 4.2809919 4.2147581 
yHAB158_Kazachstania_viticola               3.3258793 1.9380413 2.9267197 4.0288227 3.3233456 5.2095884 3.0808588 3.0570491 2.7625464 3.1052093 8.9999988 3.5991951 3.6701853 3.8633403 4.0351965 3.8541490 3.6992246 3.8307764 2.9398841 3.3959569 2.8663460 2.3780023 2.8295758 2.4499519 2.3244958 2.9248493 2.1810959 4.0128375 2.1807752 3.0573756 2.9469879 0.0000000 2.7996878 2.2141300 2.5836718 3.1628030 3.4492623 3.6896964 3.5317170 3.2488931 
yHAB159_Kazachstania_solicola               3.8331069 2.6804166 2.7761296 3.7392543 3.5448515 4.7322816 3.9097253 3.8717784 2.9979682 3.2540529 8.3798399 3.5770564 3.6287890 3.4881887 3.6266794 3.6599171 3.5496702 3.4232952 3.5097438 4.2547315 3.4948657 2.8388808 1.0418387 3.0034521 2.1481479 1.1518240 1.9214385 3.0555704 2.9746573 2.5760705 3.1973285 2.7996878 0.0000000 3.1902348 0.4161778 2.7524633 4.6607286 4.2637063 4.3487502 4.0069046 
yHAB160_Kazachstania_kunashirensis          3.2840990 2.1980040 3.3767119 3.9591002 3.9761719 5.4414590 3.9137512 3.4983746 3.2613405 3.3137458 8.9999986 3.6750367 3.7561370 3.9298788 3.8294933 3.7283185 3.7207497 4.1749171 3.2530934 3.4213539 3.2292121 2.6882065 2.9520983 1.4304521 2.5080143 2.9250051 2.4259911 4.3513660 1.7954186 3.0200411 2.5997836 2.2141300 3.1902348 0.0000000 3.0255087 2.9163669 3.6497988 3.5409789 3.5843394 3.3474511 
yHAB164_Kazachstania_aerobia                3.6843775 2.8135803 2.9229983 3.9330064 3.8244215 5.4043499 4.0284734 3.9775491 3.1430841 3.3763404 8.9999984 4.2322236 4.4220404 4.2855648 4.3043681 4.2100150 4.0298830 4.2325681 3.4505024 4.0651945 3.6110044 2.8518163 1.1007991 3.0103980 2.1618729 1.2187870 2.0212850 3.9442592 3.3506657 2.6093543 3.2627938 2.5836718 0.4161778 3.0255087 0.0000000 2.9132378 4.4824306 3.8427326 4.2402540 3.6363025 
yHAB166_Kazachstania_yakushimaensis         4.0597573 2.9465746 3.3526888 4.3050132 3.7151006 5.7232801 4.4164252 4.1784600 3.0939496 3.1880683 8.9999988 4.5504066 4.6763688 5.0307755 4.7837962 4.6219964 4.5810520 4.8987868 3.6167685 3.8645141 3.2226501 2.9258041 2.4899418 2.8589143 2.2228337 2.5272119 1.9853473 3.8359690 3.1684239 0.7642309 3.9152283 3.1628030 2.7524633 2.9163669 2.9132378 0.0000000 4.4350952 4.0826548 4.4663487 3.7180705 
yHMPu5000034875_Tetrapisispora_fleetii      3.8717217 3.9805932 4.7454185 4.3203016 4.0236020 4.9250613 4.1229594 3.8813802 3.1848185 3.1736289 8.9999983 4.2763523 4.4145332 4.6982431 4.3919846 4.3632835 4.3881066 4.5954726 3.1962527 0.7507780 3.2169836 3.6808126 4.0831110 3.9049557 3.5589788 4.3259269 4.2441834 5.1143842 4.6707524 4.0484374 3.9744843 3.4492623 4.6607286 3.6497988 4.4824306 4.4350952 0.0000000 1.3587659 0.3628936 3.0925774 
yHMPu5000034876_Tetrapisispora_iriomotensis 3.9997608 3.3366933 4.3467528 4.0809481 3.8938489 4.5134555 3.6520902 3.9009236 3.2349969 3.5003101 8.9999988 4.2367876 3.9736195 3.9709994 4.5536845 4.4646319 4.0221160 4.1503550 3.1799547 1.2117427 3.0228466 3.5703619 4.1379406 3.4286919 3.8262633 4.3132727 3.9656110 4.6624431 4.5342359 4.1501471 4.3806863 3.6896964 4.2637063 3.5409789 3.8427326 4.0826548 1.3587659 0.0000000 1.2558562 3.1652124 
yHMPu5000034877_Tetrapisispora_namnaonensis 4.2693624 4.1424139 4.8233572 4.1498773 3.9829121 5.0121852 4.2015928 3.8186057 3.3648051 3.3577647 8.9999984 3.9849638 4.3750426 4.3646472 4.4531257 4.2917134 4.3093555 4.4535389 3.2143683 0.6822702 3.0959709 3.6872855 4.0041078 3.9775014 3.6900820 4.0089919 4.0451920 4.9696405 4.4688390 4.1423499 4.2809919 3.5317170 4.3487502 3.5843394 4.2402540 4.4663487 0.3628936 1.2558562 0.0000000 3.2351567 
yHMPu5000035629_Yueomyces_sinensis          3.5731461 3.5233123 4.0336971 3.7337615 3.7006030 5.0192378 3.1980923 3.2207185 3.2024155 3.1415766 8.6998436 3.9687125 3.9898215 3.9876367 4.3444596 3.9564407 3.9605752 4.2683777 2.0017025 3.0232274 2.9200815 3.3103647 3.7548433 3.5084620 3.1417953 3.5197817 3.0991055 4.5698865 3.4982712 3.6486992 4.2147581 3.2488931 4.0069046 3.3474511 3.6363025 3.7180705 3.0925774 3.1652124 3.2351567 0.0000000 
