40
Candida_glabrata                            0.0000000 1.5984190 1.6678730 1.7152688 0.7748158 1.6309040 0.7753260 0.8298406 1.4740811 1.6097931 4.7561420 1.5937461 1.7016270 1.6618091 1.6833286 1.6950423 1.6702615 1.6493804 1.8114543 1.7121657 1.7483670 1.6016861 1.8950157 1.5978916 1.8821286 1.8211433 1.7794488 1.6642489 1.5645964 1.9593340 1.6381725 1.5581016 1.8585763 1.5030045 1.9004465 1.9216514 1.6650361 1.7233482 1.5753971 2.0492885 
Kazachstania_africana                       1.5984190 0.0000000 1.4537633 1.5373554 1.5443300 1.7125781 1.6466876 1.5038097 1.1829108 1.2228865 4.7458547 1.4485132 1.4291777 1.4754353 1.5044007 1.4226191 1.4104616 1.4486963 1.5107255 1.4475063 1.3474332 1.1309659 1.3219703 1.2158372 1.5704721 1.3130728 1.2897246 1.3122924 1.4266050 1.5787148 1.2323039 1.1649672 1.3339948 1.1511560 1.4046837 1.5095653 1.4702905 1.4040231 1.4952082 1.4845920 
Kazachstania_naganishii                     1.6678730 1.4537633 0.0000000 1.6271495 1.7414411 1.8716376 1.7079161 1.8218754 1.7057245 1.5935199 4.3607847 1.6573943 1.6217796 1.5908162 1.7788791 1.6204751 1.6075380 1.6028359 1.8618402 1.8206243 1.8352212 1.3537511 1.3233859 1.5749555 1.4985510 1.3049710 1.2739261 1.3839757 1.2361408 1.5830122 1.5868431 1.4730374 1.5212184 1.4878465 1.5044215 1.4778975 1.9939416 1.8842334 1.8465602 1.8563649 
Nakaseomyces_bacillisporus                  1.7152688 1.5373554 1.6271495 0.0000000 1.5383976 1.5052580 1.5277995 1.5197161 1.5991219 1.4685756 4.5822521 1.5040644 1.5206933 1.4314183 1.5954944 1.5107026 1.4393713 1.4497241 1.6361169 1.6480338 1.6347288 1.4352542 1.7873890 1.6986443 1.7761898 1.7423016 1.7108317 1.5793386 1.7108672 1.8639347 1.7825024 1.4176341 1.8646336 1.5977118 1.9265247 1.8489681 1.8220655 1.7487559 1.6782002 1.8103451 
Nakaseomyces_bracarensis                    0.7748158 1.5443300 1.7414411 1.5383976 0.0000000 1.7284133 0.6018124 0.4495791 1.6990862 1.5834786 4.9208458 1.4679285 1.4862619 1.4159615 1.5519393 1.4657108 1.4622633 1.4135915 1.7599517 1.7049833 1.7270921 1.4856442 1.5552347 1.5560184 1.9008154 1.6021036 1.8048890 1.6831253 1.8035042 1.8011780 1.7241681 1.6732951 1.6967719 1.4689806 1.6983440 1.6723921 1.7529270 1.6910559 1.6403388 1.7318975 
Nakaseomyces_castellii                      1.6309040 1.7125781 1.8716376 1.5052580 1.7284133 0.0000000 1.6613910 1.5606104 1.6535051 1.7007972 4.0537935 1.5432229 1.5947374 1.5459077 1.6454471 1.6201662 1.5531319 1.5765368 1.9031904 1.9892441 1.8218377 1.7324937 1.9190513 1.8284676 2.0322045 1.8049188 1.7482071 1.6031218 1.8515924 2.1808814 1.8813703 1.7274352 1.9901846 1.8880865 2.0181339 2.1734136 2.0940191 1.8858340 1.9690764 2.0870754 
Nakaseomyces_delphensis                     0.7753260 1.6466876 1.7079161 1.5277995 0.6018124 1.6613910 0.0000000 0.5706507 1.8262586 1.7435009 4.7128549 1.5222028 1.5654242 1.4145372 1.5785551 1.5241163 1.5353378 1.4250865 1.7970506 1.7504031 1.7521015 1.6869764 1.8924009 1.7515647 2.0796149 1.9922257 1.7911446 1.7984876 1.6974691 2.0143580 1.8522931 1.7026870 2.0703740 1.7454353 2.1407137 1.9602132 1.8262723 1.9454052 1.7558738 1.9761534 
Nakaseomyces_nivariensis                    0.8298406 1.5038097 1.8218754 1.5197161 0.4495791 1.5606104 0.5706507 0.0000000 1.4951958 1.4365058 4.9313374 1.4686074 1.4803585 1.4632718 1.4864441 1.4673918 1.4431388 1.4103065 1.5160543 1.6289765 1.6744176 1.5037249 1.5891890 1.4772431 1.6734586 1.6163948 1.6665944 1.5695061 1.7824701 1.8149480 1.6661230 1.5460719 1.6767021 1.4166125 1.7033017 1.7237280 1.6774331 1.7444047 1.5474004 1.6184840 
Naumovozyma_castellii                       1.4740811 1.1829108 1.7057245 1.5991219 1.6990862 1.6535051 1.8262586 1.4951958 0.0000000 0.7248423 5.0402217 1.2594723 1.2308777 1.3332349 1.2848649 1.3209778 1.2375497 1.2868099 1.3347365 1.3343802 1.2299614 1.0964738 1.3160684 1.1905622 1.5370392 1.2088832 1.3677307 1.4213503 1.5299871 1.5272012 1.2636588 1.1604665 1.3586198 1.1856084 1.4216062 1.4610140 1.3888749 1.2984393 1.3238809 1.4159462 
Naumovozyma_dairenensis                     1.6097931 1.2228865 1.5935199 1.4685756 1.5834786 1.7007972 1.7435009 1.4365058 0.7248423 0.0000000 5.4761572 1.1499439 1.1565782 1.2155342 1.1630500 1.1468634 1.1339761 1.1240202 1.2333014 1.3135817 1.2071232 1.0787705 1.1091906 1.1507815 1.4056648 1.0492065 1.3863855 1.3947410 1.3838300 1.4837106 1.3590879 0.9923796 1.3041772 1.1269107 1.2875665 1.3752999 1.3883268 1.3463161 1.2731463 1.3435572 
Neurospora_crassa                           4.7561420 4.7458547 4.3607847 4.5822521 4.9208458 4.0537935 4.7128549 4.9313374 5.0402217 5.4761572 0.0000000 5.6934762 5.3257047 5.5923368 5.8453335 5.2472577 5.4117788 5.6413611 4.7291801 4.4651969 4.8519815 4.5830511 5.1426602 4.9272435 5.4590105 5.0015023 5.0556375 4.6913582 4.6409546 5.6079981 5.5935356 4.8806792 5.1512393 4.9317254 5.4031736 5.6448656 4.5942534 4.4571358 4.6005877 4.8253119 
Saccharomyces_arboricola                    1.5937461 1.4485132 1.6573943 1.5040644 1.4679285 1.5432229 1.5222028 1.4686074 1.2594723 1.1499439 5.6934762 0.0000000 0.3137936 0.3426048 0.2734245 0.2989885 0.2811933 0.3032789 1.3940479 1.4562925 1.5464541 1.3294123 1.4826876 1.2638397 1.5400470 1.3569760 1.4261210 1.5733888 1.5795767 1.6979383 1.4805293 1.3562457 1.4985347 1.3797265 1.4722722 1.6336722 1.5054626 1.5154218 1.4517918 1.6063014 
Saccharomyces_cerevisiae                    1.7016270 1.4291777 1.6217796 1.5206933 1.4862619 1.5947374 1.5654242 1.4803585 1.2308777 1.1565782 5.3257047 0.3137936 0.0000000 0.3510409 0.2755311 0.2358020 0.1070260 0.3222047 1.3616676 1.5205266 1.3858343 1.2359740 1.3877574 1.3214150 1.5490347 1.2814365 1.4464498 1.4809269 1.5708925 1.5998415 1.4838140 1.2934194 1.4609367 1.3782160 1.4790995 1.5178291 1.5584657 1.4980482 1.5133350 1.4895372 
Saccharomyces_eubayanus                     1.6618091 1.4754353 1.5908162 1.4314183 1.4159615 1.5459077 1.4145372 1.4632718 1.3332349 1.2155342 5.5923368 0.3426048 0.3510409 0.0000000 0.3257059 0.3504867 0.3571015 0.0942263 1.4387886 1.5281641 1.4455639 1.3141562 1.5143919 1.3696189 1.5254410 1.3838980 1.4410753 1.4997090 1.5791381 1.6023676 1.6113266 1.4197950 1.5700876 1.4242457 1.5540876 1.5521595 1.5727842 1.5688327 1.5026686 1.6332222 
Saccharomyces_kudriavzevii                  1.6833286 1.5044007 1.7788791 1.5954944 1.5519393 1.6454471 1.5785551 1.4864441 1.2848649 1.1630500 5.8453335 0.2734245 0.2755311 0.3257059 0.0000000 0.2775029 0.2614263 0.2836390 1.3871097 1.5623465 1.5064932 1.2717135 1.4465339 1.2581271 1.5023084 1.3161487 1.5573614 1.5532470 1.5900998 1.6230024 1.5504863 1.3742614 1.5468778 1.4475733 1.4944445 1.5984122 1.5384707 1.5881536 1.5093995 1.6180643 
Saccharomyces_mikatae                       1.6950423 1.4226191 1.6204751 1.5107026 1.4657108 1.6201662 1.5241163 1.4673918 1.3209778 1.1468634 5.2472577 0.2989885 0.2358020 0.3504867 0.2775029 0.0000000 0.2054783 0.3225220 1.3419815 1.4390925 1.4508979 1.2729239 1.4106962 1.2583237 1.5728432 1.3312079 1.4538728 1.5408051 1.4985497 1.6590915 1.5160077 1.3321211 1.5034603 1.3673453 1.5166558 1.6163053 1.5034001 1.4938723 1.4519063 1.5648234 
Saccharomyces_paradoxus                     1.6702615 1.4104616 1.6075380 1.4393713 1.4622633 1.5531319 1.5353378 1.4431388 1.2375497 1.1339761 5.4117788 0.2811933 0.1070260 0.3571015 0.2614263 0.2054783 0.0000000 0.3200000 1.3605055 1.4725185 1.4317532 1.2739632 1.3760288 1.2186184 1.5327161 1.2745698 1.4318776 1.4389503 1.5710773 1.6404535 1.4709810 1.2775136 1.4552718 1.3638389 1.4650880 1.5457172 1.4688671 1.5099466 1.4568898 1.5068405 
Saccharomyces_uvarum                        1.6493804 1.4486963 1.6028359 1.4497241 1.4135915 1.5765368 1.4250865 1.4103065 1.2868099 1.1240202 5.6413611 0.3032789 0.3222047 0.0942263 0.2836390 0.3225220 0.3200000 0.0000000 1.3870455 1.5351619 1.4551751 1.2815280 1.4517544 1.3144876 1.5214495 1.3435058 1.4508427 1.4825816 1.5818182 1.5799858 1.5774950 1.3501719 1.5453919 1.4205215 1.5061449 1.5214507 1.5214342 1.5475106 1.4571865 1.5901997 
Tetrapisispora_blattae                      1.8114543 1.5107255 1.8618402 1.6361169 1.7599517 1.9031904 1.7970506 1.5160543 1.3347365 1.2333014 4.7291801 1.3940479 1.3616676 1.4387886 1.3871097 1.3419815 1.3605055 1.3870455 0.0000000 1.3549445 1.2797279 1.4226704 1.2905396 1.3518574 1.5026702 1.2600699 1.4224188 1.4294998 1.7350562 1.6441630 1.4591954 1.3678357 1.5353839 1.4086069 1.5182060 1.5642465 1.3836493 1.2496274 1.2639089 0.7592285 
Tetrapisispora_phaffii                      1.7121657 1.4475063 1.8206243 1.6480338 1.7049833 1.9892441 1.7504031 1.6289765 1.3343802 1.3135817 4.4651969 1.4562925 1.5205266 1.5281641 1.5623465 1.4390925 1.4725185 1.5351619 1.3549445 0.0000000 0.9732400 1.3402626 1.5710702 1.3933550 1.8788827 1.5711287 1.5213407 1.6811591 1.7711249 1.8052892 1.6054907 1.4055598 1.7274611 1.3338830 1.6855006 1.7126854 0.4228986 0.6444185 0.4101233 1.3930699 
Vanderwaltozyma_polyspora                   1.7483670 1.3474332 1.8352212 1.6347288 1.7270921 1.8218377 1.7521015 1.6744176 1.2299614 1.2071232 4.8519815 1.5464541 1.3858343 1.4455639 1.5064932 1.4508979 1.4317532 1.4551751 1.2797279 0.9732400 0.0000000 1.4489106 1.5742799 1.4398794 1.7182806 1.5135114 1.6036327 1.5082679 1.7159799 1.7409818 1.4840001 1.2497140 1.6769069 1.3846188 1.6764963 1.7175346 1.0635204 0.9465348 0.9833431 1.3584984 
yHAB132_Kazachstania_martiniae              1.6016861 1.1309659 1.3537511 1.4352542 1.4856442 1.7324937 1.6869764 1.5037249 1.0964738 1.0787705 4.5830511 1.3294123 1.2359740 1.3141562 1.2717135 1.2729239 1.2739632 1.2815280 1.4226704 1.3402626 1.4489106 0.0000000 1.1568833 1.0664080 1.3804990 1.1472847 1.2237165 1.2059304 1.4614947 1.3807999 1.2183818 0.9610050 1.4064068 1.0803497 1.3272459 1.2471466 1.4390825 1.2882859 1.3230292 1.3560014 
yHAB133_Kazachstania_unispora               1.8950157 1.3219703 1.3233859 1.7873890 1.5552347 1.9190513 1.8924009 1.5891890 1.3160684 1.1091906 5.1426602 1.4826876 1.3877574 1.5143919 1.4465339 1.4106962 1.3760288 1.4517544 1.2905396 1.5710702 1.5742799 1.1568833 0.0000000 1.1988699 1.0049910 0.4098618 1.0646826 1.2789530 1.4740938 1.1333844 1.3090900 1.0616907 0.3611904 1.3243162 0.3038644 1.0350678 1.5824675 1.5255020 1.5455625 1.3728014 
yHAB134_Kazachstania_turicensis             1.5978916 1.2158372 1.5749555 1.6986443 1.5560184 1.8284676 1.7515647 1.4772431 1.1905622 1.1507815 4.9272435 1.2638397 1.3214150 1.3696189 1.2581271 1.2583237 1.2186184 1.3144876 1.3518574 1.3933550 1.4398794 1.0664080 1.1988699 0.0000000 1.3330059 1.1415135 1.3941356 1.1303489 1.2949169 1.5154500 0.9957060 1.0643737 1.3668531 0.7456916 1.3020986 1.4277383 1.5110537 1.3489661 1.3916423 1.3101453 
yHAB136_Kazachstania_bromeliacearum         1.8821286 1.5704721 1.4985510 1.7761898 1.9008154 2.0322045 2.0796149 1.6734586 1.5370392 1.4056648 5.4590105 1.5400470 1.5490347 1.5254410 1.5023084 1.5728432 1.5327161 1.5214495 1.5026702 1.8788827 1.7182806 1.3804990 1.0049910 1.3330059 0.0000000 1.0649603 1.0799322 1.4727339 1.5862100 1.3800539 1.5619334 1.3681495 1.1403664 1.4746677 1.0831164 1.2029034 2.0101071 1.9072877 1.8899912 1.5678287 
yHAB143_Kazachstania_siamensis              1.8211433 1.3130728 1.3049710 1.7423016 1.6021036 1.8049188 1.9922257 1.6163948 1.2088832 1.0492065 5.0015023 1.3569760 1.2814365 1.3838980 1.3161487 1.3312079 1.2745698 1.3435058 1.2600699 1.5711287 1.5135114 1.1472847 0.4098618 1.1415135 1.0649603 0.0000000 1.0857048 1.3133320 1.3585671 1.2014213 1.2648848 1.0227445 0.5656113 1.2973028 0.5344904 1.0900027 1.6256096 1.4534407 1.5390811 1.2627797 
yHAB147_Kazachstania_taianensis             1.7794488 1.2897246 1.2739261 1.7108317 1.8048890 1.7482071 1.7911446 1.6665944 1.3677307 1.3863855 5.0556375 1.4261210 1.4464498 1.4410753 1.5573614 1.4538728 1.4318776 1.4508427 1.4224188 1.5213407 1.6036327 1.2237165 1.0646826 1.3941356 1.0799322 1.0857048 0.0000000 1.3530738 1.5825962 1.2683853 1.4730441 1.3735987 1.1948684 1.3606927 1.2365125 1.2491056 1.5434698 1.6392754 1.5061537 1.6082583 
yHAB148_Kazachstania_intestinalis           1.6642489 1.3122924 1.3839757 1.5793386 1.6831253 1.6031218 1.7984876 1.5695061 1.4213503 1.3947410 4.6913582 1.5733888 1.4809269 1.4997090 1.5532470 1.5408051 1.4389503 1.4825816 1.4294998 1.6811591 1.5082679 1.2059304 1.2789530 1.1303489 1.4727339 1.3133320 1.3530738 0.0000000 1.4442607 1.5136614 1.3139968 1.1947899 1.4351844 1.3098403 1.4085718 1.5066414 1.7755343 1.7262403 1.5463701 1.5422924 
yHAB153_Kazachstania_rosinii                1.5645964 1.4266050 1.2361408 1.7108672 1.8035042 1.8515924 1.6974691 1.7824701 1.5299871 1.3838300 4.6409546 1.5795767 1.5708925 1.5791381 1.5900998 1.4985497 1.5710773 1.5818182 1.7350562 1.7711249 1.7159799 1.4614947 1.4740938 1.2949169 1.5862100 1.3585671 1.5825962 1.4442607 0.0000000 1.8252937 1.2470992 1.3439197 1.5827574 1.2640492 1.6339039 1.7711406 1.9802920 1.7326073 1.7884793 1.8854138 
yHAB154_Kazachstania_transvaalensis         1.9593340 1.5787148 1.5830122 1.8639347 1.8011780 2.1808814 2.0143580 1.8149480 1.5272012 1.4837106 5.6079981 1.6979383 1.5998415 1.6023676 1.6230024 1.6590915 1.6404535 1.5799858 1.6441630 1.8052892 1.7409818 1.3807999 1.1333844 1.5154500 1.3800539 1.2014213 1.2683853 1.5136614 1.8252937 0.0000000 1.6117030 1.4836712 1.2154198 1.5674051 1.1889950 0.3403979 1.8672717 1.6978855 1.7375837 1.7426485 
yHAB155_Kazachstania_spencerorum            1.6381725 1.2323039 1.5868431 1.7825024 1.7241681 1.8813703 1.8522931 1.6661230 1.2636588 1.3590879 5.5935356 1.4805293 1.4838140 1.6113266 1.5504863 1.5160077 1.4709810 1.5774950 1.4591954 1.6054907 1.4840001 1.2183818 1.3090900 0.9957060 1.5619334 1.2648848 1.4730441 1.3139968 1.2470992 1.6117030 0.0000000 1.0813511 1.5574927 1.0164887 1.5080335 1.5929643 1.5929976 1.4826109 1.5026921 1.5758158 
yHAB158_Kazachstania_viticola               1.5581016 1.1649672 1.4730374 1.4176341 1.6732951 1.7274352 1.7026870 1.5460719 1.1604665 0.9923796 4.8806792 1.3562457 1.2934194 1.4197950 1.3742614 1.3321211 1.2775136 1.3501719 1.3678357 1.4055598 1.2497140 0.9610050 1.0616907 1.0643737 1.3681495 1.0227445 1.3735987 1.1947899 1.3439197 1.4836712 1.0813511 0.0000000 1.2852679 1.0707042 1.2111496 1.4049978 1.5953668 1.3862959 1.4570124 1.4027592 
yHAB159_Kazachstania_solicola               1.8585763 1.3339948 1.5212184 1.8646336 1.6967719 1.9901846 2.0703740 1.6767021 1.3586198 1.3041772 5.1512393 1.4985347 1.4609367 1.5700876 1.5468778 1.5034603 1.4552718 1.5453919 1.5353839 1.7274611 1.6769069 1.4064068 0.3611904 1.3668531 1.1403664 0.5656113 1.1948684 1.4351844 1.5827574 1.2154198 1.5574927 1.2852679 0.0000000 1.5134261 0.1191847 1.1891626 1.7895241 1.7204337 1.7653619 1.4718137 
yHAB160_Kazachstania_kunashirensis          1.5030045 1.1511560 1.4878465 1.5977118 1.4689806 1.8880865 1.7454353 1.4166125 1.1856084 1.1269107 4.9317254 1.3797265 1.3782160 1.4242457 1.4475733 1.3673453 1.3638389 1.4205215 1.4086069 1.3338830 1.3846188 1.0803497 1.3243162 0.7456916 1.4746677 1.2973028 1.3606927 1.3098403 1.2640492 1.5674051 1.0164887 1.0707042 1.5134261 0.0000000 1.4884599 1.5167889 1.4862160 1.3592319 1.3485285 1.3854146 
yHAB164_Kazachstania_aerobia                1.9004465 1.4046837 1.5044215 1.9265247 1.6983440 2.0181339 2.1407137 1.7033017 1.4216062 1.2875665 5.4031736 1.4722722 1.4790995 1.5540876 1.4944445 1.5166558 1.4650880 1.5061449 1.5182060 1.6855006 1.6764963 1.3272459 0.3038644 1.3020986 1.0831164 0.5344904 1.2365125 1.4085718 1.6339039 1.1889950 1.5080335 1.2111496 0.1191847 1.4884599 0.0000000 1.1772828 1.7247421 1.6567854 1.6695598 1.4909861 
yHAB166_Kazachstania_yakushimaensis         1.9216514 1.5095653 1.4778975 1.8489681 1.6723921 2.1734136 1.9602132 1.7237280 1.4610140 1.3752999 5.6448656 1.6336722 1.5178291 1.5521595 1.5984122 1.6163053 1.5457172 1.5214507 1.5642465 1.7126854 1.7175346 1.2471466 1.0350678 1.4277383 1.2029034 1.0900027 1.2491056 1.5066414 1.7711406 0.3403979 1.5929643 1.4049978 1.1891626 1.5167889 1.1772828 0.0000000 1.7963660 1.6196750 1.7289612 1.6635842 
yHMPu5000034875_Tetrapisispora_fleetii      1.6650361 1.4702905 1.9939416 1.8220655 1.7529270 2.0940191 1.8262723 1.6774331 1.3888749 1.3883268 4.5942534 1.5054626 1.5584657 1.5727842 1.5384707 1.5034001 1.4688671 1.5214342 1.3836493 0.4228986 1.0635204 1.4390825 1.5824675 1.5110537 2.0101071 1.6256096 1.5434698 1.7755343 1.9802920 1.8672717 1.5929976 1.5953668 1.7895241 1.4862160 1.7247421 1.7963660 0.0000000 0.7309672 0.2437551 1.4388791 
yHMPu5000034876_Tetrapisispora_iriomotensis 1.7233482 1.4040231 1.8842334 1.7487559 1.6910559 1.8858340 1.9454052 1.7444047 1.2984393 1.3463161 4.4571358 1.5154218 1.4980482 1.5688327 1.5881536 1.4938723 1.5099466 1.5475106 1.2496274 0.6444185 0.9465348 1.2882859 1.5255020 1.3489661 1.9072877 1.4534407 1.6392754 1.7262403 1.7326073 1.6978855 1.4826109 1.3862959 1.7204337 1.3592319 1.6567854 1.6196750 0.7309672 0.0000000 0.6532423 1.1677757 
yHMPu5000034877_Tetrapisispora_namnaonensis 1.5753971 1.4952082 1.8465602 1.6782002 1.6403388 1.9690764 1.7558738 1.5474004 1.3238809 1.2731463 4.6005877 1.4517918 1.5133350 1.5026686 1.5093995 1.4519063 1.4568898 1.4571865 1.2639089 0.4101233 0.9833431 1.3230292 1.5455625 1.3916423 1.8899912 1.5390811 1.5061537 1.5463701 1.7884793 1.7375837 1.5026921 1.4570124 1.7653619 1.3485285 1.6695598 1.7289612 0.2437551 0.6532423 0.0000000 1.3462740 
yHMPu5000035629_Yueomyces_sinensis          2.0492885 1.4845920 1.8563649 1.8103451 1.7318975 2.0870754 1.9761534 1.6184840 1.4159462 1.3435572 4.8253119 1.6063014 1.4895372 1.6332222 1.6180643 1.5648234 1.5068405 1.5901997 0.7592285 1.3930699 1.3584984 1.3560014 1.3728014 1.3101453 1.5678287 1.2627797 1.6082583 1.5422924 1.8854138 1.7426485 1.5758158 1.4027592 1.4718137 1.3854146 1.4909861 1.6635842 1.4388791 1.1677757 1.3462740 0.0000000 
