40
Candida_glabrata                            0.0000000 2.6824629 2.6808579 2.7354032 1.2691019 3.2523987 1.3577558 1.2448422 2.4201591 3.0339207 7.7119731 2.8034698 2.8513093 2.8200000 2.8546623 2.8905812 2.8533732 2.7433015 2.8442537 3.2061836 2.8017867 2.4134124 2.7418136 2.9168664 2.5214284 2.8644113 2.7152122 3.0659535 2.6656101 3.2317428 2.5675082 2.7129838 2.8205688 2.7122401 2.8218924 3.1860594 3.2979807 3.1000439 3.2819271 3.2380909 
Kazachstania_africana                       2.6824629 0.0000000 1.9162368 2.4307872 2.5629574 2.6888874 2.7781100 2.6003239 1.7857415 2.3582941 8.1039592 2.3277159 2.4039818 2.3669064 2.2849236 2.3410705 2.3428268 2.2788026 2.1965612 2.3773147 2.0701644 1.6555503 2.1307730 1.8007361 1.4826503 2.2815057 2.1317184 2.1453776 1.4352022 2.6044251 1.4656329 1.7447218 2.1533774 1.5743030 2.1857586 2.4130746 2.5494564 2.3211027 2.4627292 2.6884540 
Kazachstania_naganishii                     2.6808579 1.9162368 0.0000000 2.4735958 2.5446917 2.9278130 2.5488614 2.6106905 1.8507386 2.4164762 7.0368387 2.3486403 2.3200917 2.3317589 2.3641064 2.3671012 2.3387254 2.2843952 2.4585866 2.6999615 2.2738513 1.6895071 1.9116476 2.1545736 1.3614450 2.0219843 1.8134184 2.1935137 1.7847633 2.3103673 1.7770875 1.9544645 1.9376549 1.8234994 1.9715408 2.2795803 2.7446192 2.6771639 2.6333298 2.9009219 
Nakaseomyces_bacillisporus                  2.7354032 2.4307872 2.4735958 0.0000000 2.6808182 2.0565624 2.5976137 2.5548854 2.2132237 2.4378141 8.8839631 2.3027179 2.2846514 2.3112936 2.3739062 2.2654445 2.2972791 2.2830854 2.4333283 2.6590065 2.4552139 2.2367282 2.4985067 2.3398207 2.2390782 2.6034308 2.7179722 2.7080380 2.1678634 2.8034532 2.1732404 2.2607323 2.6039686 2.2745114 2.5551259 2.4515720 2.8120849 2.7127481 2.6745781 2.7940373 
Nakaseomyces_bracarensis                    1.2691019 2.5629574 2.5446917 2.6808182 0.0000000 3.0943655 0.6050807 0.5184707 2.2854001 2.7940396 7.4231291 2.6037684 2.5618338 2.5111014 2.6221972 2.6639759 2.6251543 2.4913396 2.8258692 2.9573228 2.6292052 2.3704303 2.7212946 2.7592332 2.2666395 2.6930199 2.6997369 2.9606168 2.4612279 2.9019602 2.4862511 2.5543924 2.6726155 2.5989289 2.7198497 3.0002749 3.0301727 3.1326330 2.9632786 3.1887402 
Nakaseomyces_castellii                      3.2523987 2.6888874 2.9278130 2.0565624 3.0943655 0.0000000 3.2338471 3.0353300 2.5628090 2.9613192 7.5778967 2.7424279 2.8036191 2.8485430 2.8925251 2.7833898 2.8062574 2.6986981 2.8754965 3.0893047 2.8131597 2.6041203 2.9252176 2.8689025 2.5624654 3.0259721 2.9112609 3.1624852 2.5586859 3.0443124 2.5413678 2.7567106 2.8846642 2.7613457 2.9184793 2.9389660 3.3617302 3.2483253 3.2379307 3.3516299 
Nakaseomyces_delphensis                     1.3577558 2.7781100 2.5488614 2.5976137 0.6050807 3.2338471 0.0000000 0.5043398 2.3692387 2.9116066 8.2216620 2.7416490 2.6469350 2.6647231 2.7314446 2.7359192 2.6795899 2.5951016 2.8937018 3.0130042 2.8246253 2.4631093 2.7563735 2.8375178 2.3267100 2.7468782 2.8259303 3.0263555 2.4655897 2.9899890 2.4629241 2.6834623 2.7277062 2.5767958 2.7114350 3.0958216 3.1072090 3.1851739 3.0261495 3.0875733 
Nakaseomyces_nivariensis                    1.2448422 2.6003239 2.6106905 2.5548854 0.5184707 3.0353300 0.5043398 0.0000000 2.2366745 2.7317240 8.1637968 2.5458153 2.5373071 2.5310771 2.5940843 2.5584963 2.5715516 2.4433656 2.8412242 3.0078155 2.6854625 2.3592957 2.6800046 2.7125115 2.3434783 2.5820031 2.7693629 2.8722560 2.4276283 2.8341104 2.4390789 2.5741174 2.6862112 2.5985222 2.7148357 2.9666924 2.9764175 3.0864154 2.9216425 3.1462301 
Naumovozyma_castellii                       2.4201591 1.7857415 1.8507386 2.2132237 2.2854001 2.5628090 2.3692387 2.2366745 0.0000000 1.6378846 7.2044228 2.0273797 2.0071412 2.0569924 2.0664222 2.0752486 2.0385568 2.0163660 1.9491304 2.4143845 1.9850376 1.8041784 2.0894399 1.9197890 1.5888849 2.1690665 2.0174919 2.1613684 1.6625895 2.3524040 1.5960488 1.7728826 2.0689806 1.6526645 2.1636425 2.1726538 2.5254025 2.2801315 2.5268131 2.3887135 
Naumovozyma_dairenensis                     3.0339207 2.3582941 2.4164762 2.4378141 2.7940396 2.9613192 2.9116066 2.7317240 1.6378846 0.0000000 8.4983028 2.2951701 2.3993885 2.3430562 2.4190873 2.3945868 2.3961750 2.3365217 2.3260197 2.5989458 2.3081612 2.3059214 2.4522918 2.4122473 2.1172456 2.4077499 2.4500077 2.7293613 2.0428159 2.5720529 2.0291041 2.1697853 2.5812826 2.1420298 2.5427244 2.5292558 2.7718562 2.7768424 2.7516472 2.5969039 
Neurospora_crassa                           7.7119731 8.1039592 7.0368387 8.8839631 7.4231291 7.5778967 8.2216620 8.1637968 7.2044228 8.4983028 0.0000000 7.9241967 8.2058749 7.6230096 8.0370471 8.0506984 7.7898920 7.7793417 7.6648714 8.6917575 8.1892319 6.9566848 7.5012740 7.9114651 8.0472851 7.4782824 6.9706466 7.2696994 6.9448021 7.7785965 7.8179311 8.2347659 7.2468711 7.6844971 7.2642431 7.9646444 8.7723344 8.3904651 8.8646915 8.9654564 
Saccharomyces_arboricola                    2.8034698 2.3277159 2.3486403 2.3027179 2.6037684 2.7424279 2.7416490 2.5458153 2.0273797 2.2951701 7.9241967 0.0000000 0.4034164 0.3980683 0.3394753 0.3760362 0.3660302 0.3796439 2.4545634 2.5923462 2.2609992 2.1990476 2.3643052 2.3769223 2.0554459 2.4368503 2.2417593 2.6026396 2.0324560 2.7361614 2.1305102 2.2540945 2.3440129 2.1084872 2.4171472 2.5113846 2.7683308 2.6054021 2.7105892 2.8389383 
Saccharomyces_cerevisiae                    2.8513093 2.4039818 2.3200917 2.2846514 2.5618338 2.8036191 2.6469350 2.5373071 2.0071412 2.3993885 8.2058749 0.4034164 0.0000000 0.4730665 0.3941825 0.3169506 0.2030827 0.4475763 2.4588743 2.6181099 2.3436666 2.1583760 2.3696113 2.3739631 1.9029907 2.3791636 2.2936973 2.5759650 2.1038170 2.7466761 2.1499140 2.2420681 2.4072507 2.1074510 2.4251619 2.5440296 2.7613844 2.7060265 2.7678674 2.8071613 
Saccharomyces_eubayanus                     2.8200000 2.3669064 2.3317589 2.3112936 2.5111014 2.8485430 2.6647231 2.5310771 2.0569924 2.3430562 7.6230096 0.3980683 0.4730665 0.0000000 0.4008823 0.4545286 0.4403825 0.1304680 2.4828138 2.6743226 2.3001118 2.2033638 2.3666802 2.3767911 1.9953710 2.3930554 2.3094482 2.6561700 1.9826547 2.7538813 2.1028652 2.2144465 2.3648470 2.1136915 2.3878156 2.6205886 2.9379043 2.7758230 2.8448453 2.7961076 
Saccharomyces_kudriavzevii                  2.8546623 2.2849236 2.3641064 2.3739062 2.6221972 2.8925251 2.7314446 2.5940843 2.0664222 2.4190873 8.0370471 0.3394753 0.3941825 0.4008823 0.0000000 0.3869318 0.3733187 0.3599992 2.4728719 2.6174052 2.2747740 2.1656290 2.4315886 2.4351944 2.0921270 2.4582109 2.3508393 2.6659295 2.0674831 2.8394424 2.1805886 2.2433448 2.4399767 2.1537221 2.4757204 2.7066290 2.7844136 2.6854673 2.8164184 2.8155859 
Saccharomyces_mikatae                       2.8905812 2.3410705 2.3671012 2.2654445 2.6639759 2.7833898 2.7359192 2.5584963 2.0752486 2.3945868 8.0506984 0.3760362 0.3169506 0.4545286 0.3869318 0.0000000 0.2849220 0.4354081 2.4699700 2.5732450 2.3650052 2.1707724 2.4166656 2.4062881 2.0256720 2.4616821 2.3768140 2.6374899 2.0147357 2.8093690 2.1749927 2.2078469 2.4309811 2.0865188 2.4322291 2.6194836 2.8248864 2.6535987 2.8268967 2.8459544 
Saccharomyces_paradoxus                     2.8533732 2.3428268 2.3387254 2.2972791 2.6251543 2.8062574 2.6795899 2.5715516 2.0385568 2.3961750 7.7898920 0.3660302 0.2030827 0.4403825 0.3733187 0.2849220 0.0000000 0.4211121 2.4950131 2.5659847 2.3304634 2.1302175 2.3676561 2.4002132 1.9751177 2.3129127 2.2167122 2.5503165 2.0545637 2.7451571 2.1150936 2.2270554 2.3295020 2.0778543 2.3651380 2.5926656 2.6938769 2.6428723 2.6922787 2.8800786 
Saccharomyces_uvarum                        2.7433015 2.2788026 2.2843952 2.2830854 2.4913396 2.6986981 2.5951016 2.4433656 2.0163660 2.3365217 7.7793417 0.3796439 0.4475763 0.1304680 0.3599992 0.4354081 0.4211121 0.0000000 2.4937458 2.5281123 2.2515507 2.1384637 2.4131584 2.3442440 1.9829101 2.4022502 2.2509042 2.6040589 1.9375827 2.6942841 2.0766835 2.1915223 2.3684869 2.0553798 2.3803132 2.5539667 2.7564338 2.6709103 2.6976215 2.7256555 
Tetrapisispora_blattae                      2.8442537 2.1965612 2.4585866 2.4333283 2.8258692 2.8754965 2.8937018 2.8412242 1.9491304 2.3260197 7.6648714 2.4545634 2.4588743 2.4828138 2.4728719 2.4699700 2.4950131 2.4937458 0.0000000 2.4873946 2.1773447 2.2236584 2.4833748 2.2096408 2.0592493 2.5041101 2.3684834 2.7404004 2.2372547 2.8548445 2.0982888 2.2445421 2.3934282 2.1768550 2.3997991 2.7124339 2.6033862 2.5782083 2.5801012 1.6513613 
Tetrapisispora_phaffii                      3.2061836 2.3773147 2.6999615 2.6590065 2.9573228 3.0893047 3.0130042 3.0078155 2.4143845 2.5989458 8.6917575 2.5923462 2.6181099 2.6743226 2.6174052 2.5732450 2.5659847 2.5281123 2.4873946 0.0000000 1.9257170 2.4667543 2.5799837 2.5964228 2.4228050 2.7568244 2.7191788 2.9772899 2.3820518 3.1407643 2.4881756 2.4601359 2.6155265 2.4485661 2.6042081 2.9693245 0.6922321 1.0051470 0.6336006 2.7884411 
Vanderwaltozyma_polyspora                   2.8017867 2.0701644 2.2738513 2.4552139 2.6292052 2.8131597 2.8246253 2.6854625 1.9850376 2.3081612 8.1892319 2.2609992 2.3436666 2.3001118 2.2747740 2.3650052 2.3304634 2.2515507 2.1773447 1.9257170 0.0000000 2.0492215 2.3507199 2.1419010 2.0188395 2.3288085 2.3675206 2.4643886 1.9057306 2.6801024 1.9207574 2.0740810 2.3913190 1.9643834 2.4632241 2.5400575 1.9373118 1.6444835 1.9632514 2.5358851 
yHAB132_Kazachstania_martiniae              2.4134124 1.6555503 1.6895071 2.2367282 2.3704303 2.6041203 2.4631093 2.3592957 1.8041784 2.3059214 6.9566848 2.1990476 2.1583760 2.2033638 2.1656290 2.1707724 2.1302175 2.1384637 2.2236584 2.4667543 2.0492215 0.0000000 1.8960252 1.7041291 1.3048049 1.9437615 1.7179763 2.0412409 1.4537897 2.2422674 1.4449669 1.6638816 1.9387842 1.5296484 1.9751311 2.1653798 2.6083327 2.3138049 2.4891057 2.6712343 
yHAB133_Kazachstania_unispora               2.7418136 2.1307730 1.9116476 2.4985067 2.7212946 2.9252176 2.7563735 2.6800046 2.0894399 2.4522918 7.5012740 2.3643052 2.3696113 2.3666802 2.4315886 2.4166656 2.3676561 2.4131584 2.4833748 2.5799837 2.3507199 1.8960252 0.0000000 2.1000902 1.4362057 0.6822733 1.5729912 2.2096982 1.9760398 1.9837872 1.9176161 2.0240267 0.4538532 1.8804790 0.4389900 1.9178601 2.7878222 2.7275456 2.7313554 2.7479083 
yHAB134_Kazachstania_turicensis             2.9168664 1.8007361 2.1545736 2.3398207 2.7592332 2.8689025 2.8375178 2.7125115 1.9197890 2.4122473 7.9114651 2.3769223 2.3739631 2.3767911 2.4351944 2.4062881 2.4002132 2.3442440 2.2096408 2.5964228 2.1419010 1.7041291 2.1000902 0.0000000 1.5852694 2.2096744 2.2290482 2.3343388 1.3579862 2.3973919 1.2785881 1.7863854 2.0882361 0.8709158 2.1293725 2.2399599 2.6564981 2.5645237 2.6541646 2.8243523 
yHAB136_Kazachstania_bromeliacearum         2.5214284 1.4826503 1.3614450 2.2390782 2.2666395 2.5624654 2.3267100 2.3434783 1.5888849 2.1172456 8.0472851 2.0554459 1.9029907 1.9953710 2.0921270 2.0256720 1.9751177 1.9829101 2.0592493 2.4228050 2.0188395 1.3048049 1.4362057 1.5852694 0.0000000 1.5875589 1.3991052 1.8275635 1.3431478 1.8360104 1.2739632 1.5248403 1.5514919 1.4051910 1.5181682 1.7253269 2.4980060 2.3791777 2.4271793 2.5057917 
yHAB143_Kazachstania_siamensis              2.8644113 2.2815057 2.0219843 2.6034308 2.6930199 3.0259721 2.7468782 2.5820031 2.1690665 2.4077499 7.4782824 2.4368503 2.3791636 2.3930554 2.4582109 2.4616821 2.3129127 2.4022502 2.5041101 2.7568244 2.3288085 1.9437615 0.6822733 2.2096744 1.5875589 0.0000000 1.6088704 2.3279744 2.0020221 2.1070421 1.9478495 1.9760289 0.7615858 1.9685629 0.7114865 1.9959709 2.9053916 2.8951300 2.8792941 2.8009057 
yHAB147_Kazachstania_taianensis             2.7152122 2.1317184 1.8134184 2.7179722 2.6997369 2.9112609 2.8259303 2.7693629 2.0174919 2.4500077 6.9706466 2.2417593 2.2936973 2.3094482 2.3508393 2.3768140 2.2167122 2.2509042 2.3684834 2.7191788 2.3675206 1.7179763 1.5729912 2.2290482 1.3991052 1.6088704 0.0000000 2.1635875 1.9374742 2.0082827 1.8608455 1.9718424 1.5960968 1.9402103 1.6480720 1.8978627 2.8708437 2.7430658 2.8203481 2.9347463 
yHAB148_Kazachstania_intestinalis           3.0659535 2.1453776 2.1935137 2.7080380 2.9606168 3.1624852 3.0263555 2.8722560 2.1613684 2.7293613 7.2696994 2.6026396 2.5759650 2.6561700 2.6659295 2.6374899 2.5503165 2.6040589 2.7404004 2.9772899 2.4643886 2.0412409 2.2096982 2.3343388 1.8275635 2.3279744 2.1635875 0.0000000 2.0001009 2.6028672 1.9687890 2.0269575 2.2260688 2.0441681 2.2625874 2.5742343 2.9966125 2.9429530 3.0509928 3.0510654 
yHAB153_Kazachstania_rosinii                2.6656101 1.4352022 1.7847633 2.1678634 2.4612279 2.5586859 2.4655897 2.4276283 1.6625895 2.0428159 6.9448021 2.0324560 2.1038170 1.9826547 2.0674831 2.0147357 2.0545637 1.9375827 2.2372547 2.3820518 1.9057306 1.4537897 1.9760398 1.3579862 1.3431478 2.0020221 1.9374742 2.0001009 0.0000000 2.2720469 0.9881617 1.5769295 1.9523149 1.1069148 2.0529850 2.1176879 2.5000595 2.3576479 2.5032758 2.6088355 
yHAB154_Kazachstania_transvaalensis         3.2317428 2.6044251 2.3103673 2.8034532 2.9019602 3.0443124 2.9899890 2.8341104 2.3524040 2.5720529 7.7785965 2.7361614 2.7466761 2.7538813 2.8394424 2.8093690 2.7451571 2.6942841 2.8548445 3.1407643 2.6801024 2.2422674 1.9837872 2.3973919 1.8360104 2.1070421 2.0082827 2.6028672 2.2720469 0.0000000 2.2751719 2.3536071 2.0663620 2.3337649 2.0079188 0.6404223 3.2851020 3.1974437 3.1622007 3.1203623 
yHAB155_Kazachstania_spencerorum            2.5675082 1.4656329 1.7770875 2.1732404 2.4862511 2.5413678 2.4629241 2.4390789 1.5960488 2.0291041 7.8179311 2.1305102 2.1499140 2.1028652 2.1805886 2.1749927 2.1150936 2.0766835 2.0982888 2.4881756 1.9207574 1.4449669 1.9176161 1.2785881 1.2739632 1.9478495 1.8608455 1.9687890 0.9881617 2.2751719 0.0000000 1.5965597 1.9414983 1.1258846 1.9279424 2.1089735 2.6172443 2.3772766 2.5653710 2.4529618 
yHAB158_Kazachstania_viticola               2.7129838 1.7447218 1.9544645 2.2607323 2.5543924 2.7567106 2.6834623 2.5741174 1.7728826 2.1697853 8.2347659 2.2540945 2.2420681 2.2144465 2.2433448 2.2078469 2.2270554 2.1915223 2.2445421 2.4601359 2.0740810 1.6638816 2.0240267 1.7863854 1.5248403 1.9760289 1.9718424 2.0269575 1.5769295 2.3536071 1.5965597 0.0000000 2.1206927 1.6471571 2.1116272 2.3144450 2.5325204 2.5755031 2.5116426 2.6972022 
yHAB159_Kazachstania_solicola               2.8205688 2.1533774 1.9376549 2.6039686 2.6726155 2.8846642 2.7277062 2.6862112 2.0689806 2.5812826 7.2468711 2.3440129 2.4072507 2.3648470 2.4399767 2.4309811 2.3295020 2.3684869 2.3934282 2.6155265 2.3913190 1.9387842 0.4538532 2.0882361 1.5514919 0.7615858 1.5960968 2.2260688 1.9523149 2.0663620 1.9414983 2.1206927 0.0000000 1.8803766 0.1949641 1.9283887 2.8592360 2.7894326 2.8422840 2.8581410 
yHAB160_Kazachstania_kunashirensis          2.7122401 1.5743030 1.8234994 2.2745114 2.5989289 2.7613457 2.5767958 2.5985222 1.6526645 2.1420298 7.6844971 2.1084872 2.1074510 2.1136915 2.1537221 2.0865188 2.0778543 2.0553798 2.1768550 2.4485661 1.9643834 1.5296484 1.8804790 0.8709158 1.4051910 1.9685629 1.9402103 2.0441681 1.1069148 2.3337649 1.1258846 1.6471571 1.8803766 0.0000000 1.8905256 2.1299802 2.4804691 2.3312370 2.4781662 2.6199202 
yHAB164_Kazachstania_aerobia                2.8218924 2.1857586 1.9715408 2.5551259 2.7198497 2.9184793 2.7114350 2.7148357 2.1636425 2.5427244 7.2642431 2.4171472 2.4251619 2.3878156 2.4757204 2.4322291 2.3651380 2.3803132 2.3997991 2.6042081 2.4632241 1.9751311 0.4389900 2.1293725 1.5181682 0.7114865 1.6480720 2.2625874 2.0529850 2.0079188 1.9279424 2.1116272 0.1949641 1.8905256 0.0000000 1.8818994 2.8806871 2.8080801 2.8192655 2.7566110 
yHAB166_Kazachstania_yakushimaensis         3.1860594 2.4130746 2.2795803 2.4515720 3.0002749 2.9389660 3.0958216 2.9666924 2.1726538 2.5292558 7.9646444 2.5113846 2.5440296 2.6205886 2.7066290 2.6194836 2.5926656 2.5539667 2.7124339 2.9693245 2.5400575 2.1653798 1.9178601 2.2399599 1.7253269 1.9959709 1.8978627 2.5742343 2.1176879 0.6404223 2.1089735 2.3144450 1.9283887 2.1299802 1.8818994 0.0000000 2.9636661 2.9050806 2.8986755 2.8218355 
yHMPu5000034875_Tetrapisispora_fleetii      3.2979807 2.5494564 2.7446192 2.8120849 3.0301727 3.3617302 3.1072090 2.9764175 2.5254025 2.7718562 8.7723344 2.7683308 2.7613844 2.9379043 2.7844136 2.8248864 2.6938769 2.7564338 2.6033862 0.6922321 1.9373118 2.6083327 2.7878222 2.6564981 2.4980060 2.9053916 2.8708437 2.9966125 2.5000595 3.2851020 2.6172443 2.5325204 2.8592360 2.4804691 2.8806871 2.9636661 0.0000000 1.1744906 0.3580541 2.8611254 
yHMPu5000034876_Tetrapisispora_iriomotensis 3.1000439 2.3211027 2.6771639 2.7127481 3.1326330 3.2483253 3.1851739 3.0864154 2.2801315 2.7768424 8.3904651 2.6054021 2.7060265 2.7758230 2.6854673 2.6535987 2.6428723 2.6709103 2.5782083 1.0051470 1.6444835 2.3138049 2.7275456 2.5645237 2.3791777 2.8951300 2.7430658 2.9429530 2.3576479 3.1974437 2.3772766 2.5755031 2.7894326 2.3312370 2.8080801 2.9050806 1.1744906 0.0000000 1.1565708 2.9999875 
yHMPu5000034877_Tetrapisispora_namnaonensis 3.2819271 2.4627292 2.6333298 2.6745781 2.9632786 3.2379307 3.0261495 2.9216425 2.5268131 2.7516472 8.8646915 2.7105892 2.7678674 2.8448453 2.8164184 2.8268967 2.6922787 2.6976215 2.5801012 0.6336006 1.9632514 2.4891057 2.7313554 2.6541646 2.4271793 2.8792941 2.8203481 3.0509928 2.5032758 3.1622007 2.5653710 2.5116426 2.8422840 2.4781662 2.8192655 2.8986755 0.3580541 1.1565708 0.0000000 2.8598616 
yHMPu5000035629_Yueomyces_sinensis          3.2380909 2.6884540 2.9009219 2.7940373 3.1887402 3.3516299 3.0875733 3.1462301 2.3887135 2.5969039 8.9654564 2.8389383 2.8071613 2.7961076 2.8155859 2.8459544 2.8800786 2.7256555 1.6513613 2.7884411 2.5358851 2.6712343 2.7479083 2.8243523 2.5057917 2.8009057 2.9347463 3.0510654 2.6088355 3.1203623 2.4529618 2.6972022 2.8581410 2.6199202 2.7566110 2.8218355 2.8611254 2.9999875 2.8598616 0.0000000 
