40
Candida_glabrata                            0.0000000 0.9245090 0.9618544 1.0605356 0.5990674 1.2160527 0.6709287 0.6013219 0.9455643 0.9245645 4.8916721 0.9504542 0.8916499 0.9648472 0.9518992 0.9429339 0.9463760 0.9591780 1.0819841 1.1001662 0.9140266 1.1610263 1.0031995 0.9230503 0.9218908 0.9468545 1.0435897 0.9792471 0.9201314 0.9314014 1.2891697 0.9788770 0.9554713 0.9613792 0.9539449 0.9438967 1.1128493 0.9663415 1.0910332 0.9651167 
Kazachstania_africana                       0.9245090 0.0000000 0.9465263 1.0991169 0.9676897 1.1213882 0.9241557 0.9269362 0.8795402 0.8939531 4.6106419 0.8164084 0.7769994 0.9093339 0.8622224 0.8178146 0.8175184 0.9210466 0.9960347 0.9421539 0.8521863 0.8245319 0.7360634 0.7029196 0.7963693 0.7196356 0.8248581 0.9828864 0.7667761 0.7666000 0.8156847 0.7551058 0.7474856 0.6662130 0.7930222 0.7953669 0.9396068 0.8409166 0.8927689 0.9606128 
Kazachstania_naganishii                     0.9618544 0.9465263 0.0000000 1.1259017 1.0161607 1.0563867 1.0457471 1.0278813 0.9172349 1.0170043 4.3664133 0.9330212 0.8633666 0.9087348 0.8608101 0.8732627 0.9072772 0.9011561 1.1639635 1.0553371 1.0115175 0.9114335 0.7488371 0.8546857 0.8254478 0.7291688 0.7241053 0.8783282 0.8592516 0.7810836 0.9596089 0.8859148 0.7564225 0.9497564 0.7437545 0.7960099 1.0963130 0.9842597 1.1076426 1.1498105 
Nakaseomyces_bacillisporus                  1.0605356 1.0991169 1.1259017 0.0000000 1.1219127 1.0947266 1.1057889 1.1027029 1.0040170 1.0724058 4.3677018 1.0936009 0.9985841 1.0795395 1.1024328 1.0440012 1.0107253 1.0375021 1.1107290 1.1902155 0.9921698 1.0630926 0.9435694 0.9654942 0.8996812 0.9791316 0.9918783 1.0518481 1.0087479 0.9746909 1.2146901 1.0162092 1.0060908 0.9929998 0.9714116 0.9797000 0.9707002 1.0172236 1.0227397 1.0964091 
Nakaseomyces_bracarensis                    0.5990674 0.9676897 1.0161607 1.1219127 0.0000000 1.2131903 0.5337587 0.5178574 0.8866685 0.9227094 4.9090917 0.9283256 0.8827509 0.9311024 0.9585256 0.8893676 0.9062484 0.9637164 1.0617611 1.0164999 0.8825733 1.1431150 0.9208852 0.8426719 0.9613320 0.9298942 1.0321791 1.0668893 0.9426475 0.9216367 1.1652978 0.9374548 0.9162766 0.9562649 0.9660230 0.9122068 1.0617831 0.9297134 1.0258585 1.0257629 
Nakaseomyces_castellii                      1.2160527 1.1213882 1.0563867 1.0947266 1.2131903 0.0000000 1.1198154 1.1444576 1.1348829 1.1366058 4.0642548 1.0493125 0.9364130 0.9752721 1.0259039 0.9842252 0.9891286 1.0147530 1.1669449 1.2251862 1.1032282 1.2836891 1.0076545 1.0863927 1.0774835 1.0324046 1.0365599 1.1177684 1.0598944 1.1135754 1.2914868 1.1357805 1.1208760 1.1146251 1.1101119 1.0741665 1.1672724 1.0909103 1.1786485 1.1203675 
Nakaseomyces_delphensis                     0.6709287 0.9241557 1.0457471 1.1057889 0.5337587 1.1198154 0.0000000 0.4975463 0.8894384 0.8705549 4.7354333 0.9144611 0.8834092 0.8464230 0.8955514 0.8882495 0.8744289 0.8653554 1.0625652 1.0725368 0.8989637 1.1435293 0.8467961 0.8458474 0.9194352 0.9000816 0.9400191 1.0022352 1.0118784 0.9011047 1.1959530 0.8851389 0.9013050 0.9049008 0.8816210 0.8760358 1.0068595 0.9258876 0.9940432 0.9891616 
Nakaseomyces_nivariensis                    0.6013219 0.9269362 1.0278813 1.1027029 0.5178574 1.1444576 0.4975463 0.0000000 0.9236536 0.8465240 4.6299143 0.9125022 0.8367137 0.9001100 0.9087361 0.8854617 0.8595445 0.9043666 1.0835509 0.9770883 0.9212456 1.0682524 0.8783039 0.8202976 0.9399390 0.8724560 0.9284675 0.9801723 0.9390419 0.8693706 1.1867183 0.9560176 0.8478349 0.9086120 0.8705909 0.8746276 0.9916865 0.8897844 0.9830691 0.9827856 
Naumovozyma_castellii                       0.9455643 0.8795402 0.9172349 1.0040170 0.8866685 1.1348829 0.8894384 0.9236536 0.0000000 0.6403544 4.3043342 0.7794560 0.7761597 0.7738842 0.7933604 0.7660181 0.7818118 0.8197099 1.0848024 1.0468118 0.9129717 0.9302545 0.7680711 0.7830256 0.7921471 0.8077243 0.8039959 0.9842005 0.8806491 0.8182456 0.9417339 0.8206483 0.8038957 0.8331918 0.8021927 0.7938334 1.0113831 0.9268552 0.9575304 0.9706021 
Naumovozyma_dairenensis                     0.9245645 0.8939531 1.0170043 1.0724058 0.9227094 1.1366058 0.8705549 0.8465240 0.6403544 0.0000000 5.0168291 0.8242059 0.8642196 0.8442516 0.8913593 0.8590130 0.8950578 0.8496354 1.0361609 0.9380902 0.8773998 1.0527234 0.7594027 0.7880340 0.7542147 0.8008228 0.8664863 0.8863132 0.8756817 0.8409661 1.0186038 0.7537374 0.8026976 0.7858382 0.8165834 0.8540215 0.9341875 0.8340321 0.8915428 0.8940892 
Neurospora_crassa                           4.8916721 4.6106419 4.3664133 4.3677018 4.9090917 4.0642548 4.7354333 4.6299143 4.3043342 5.0168291 0.0000000 4.1530385 4.3172371 4.1409958 4.2225448 4.3952950 4.4038817 4.1767263 5.0796188 4.5372773 4.7894028 5.4226302 4.5907824 4.4629171 4.5643846 4.9393158 4.3571265 4.5365392 4.7836067 4.3628310 5.5843990 4.4670141 4.6518002 4.9162182 4.6990657 4.5451810 4.4572738 4.5122028 4.5158343 4.8357822 
Saccharomyces_arboricola                    0.9504542 0.8164084 0.9330212 1.0936009 0.9283256 1.0493125 0.9144611 0.9125022 0.7794560 0.8242059 4.1530385 0.0000000 0.3377716 0.3012807 0.3079293 0.3467819 0.3266127 0.3060996 0.9934024 1.0532452 0.8357009 0.8833665 0.8483617 0.8186991 0.8733718 0.8377043 0.8671549 0.9157827 0.8270780 0.8825498 1.0191781 0.8570490 0.8580304 0.8155476 0.8159641 0.9196770 1.0100840 0.8829613 0.9812884 1.0586355 
Saccharomyces_cerevisiae                    0.8916499 0.7769994 0.8633666 0.9985841 0.8827509 0.9364130 0.8834092 0.8367137 0.7761597 0.8642196 4.3172371 0.3377716 0.0000000 0.3691068 0.3197740 0.2597420 0.1431054 0.3707459 0.9888733 1.0155503 0.7865958 0.8462606 0.8109854 0.8351968 0.8472597 0.8576014 0.8299703 0.9052226 0.7766122 0.8312349 0.9378446 0.8749622 0.8190805 0.7801864 0.8004265 0.8126416 1.0022052 0.8905242 0.9661559 0.9921883 
Saccharomyces_eubayanus                     0.9648472 0.9093339 0.9087348 1.0795395 0.9311024 0.9752721 0.8464230 0.9001100 0.7738842 0.8442516 4.1409958 0.3012807 0.3691068 0.0000000 0.3210702 0.3752811 0.3357976 0.0971266 1.0151282 1.0387095 0.8199972 0.8928852 0.8385071 0.8175323 0.8325998 0.8493237 0.8291716 0.8683467 0.7491836 0.8438047 0.9103972 0.8652267 0.8016148 0.8233902 0.7853666 0.8194135 1.0383763 0.8988252 1.0255586 1.0538388 
Saccharomyces_kudriavzevii                  0.9518992 0.8622224 0.8608101 1.1024328 0.9585256 1.0259039 0.8955514 0.9087361 0.7933604 0.8913593 4.2225448 0.3079293 0.3197740 0.3210702 0.0000000 0.3098009 0.2904677 0.3373710 1.0242988 1.0395710 0.8871683 0.9195219 0.8592219 0.8205572 0.9314502 0.8489459 0.8259799 0.9152342 0.8273584 0.8979467 0.9898772 0.8353147 0.8784909 0.8145662 0.8567537 0.8458140 1.1167812 0.9160256 1.0671935 1.0249594 
Saccharomyces_mikatae                       0.9429339 0.8178146 0.8732627 1.0440012 0.8893676 0.9842252 0.8882495 0.8854617 0.7660181 0.8590130 4.3952950 0.3467819 0.2597420 0.3752811 0.3098009 0.0000000 0.2353442 0.3754696 1.0033890 1.0195654 0.8396542 0.8476720 0.7850353 0.8065464 0.8302386 0.8703491 0.8187945 0.8884893 0.8035656 0.8596818 0.9944925 0.8238257 0.8258141 0.8138000 0.8242837 0.8515420 1.0226946 0.9067430 1.0396458 1.0154665 
Saccharomyces_paradoxus                     0.9463760 0.8175184 0.9072772 1.0107253 0.9062484 0.9891286 0.8744289 0.8595445 0.7818118 0.8950578 4.4038817 0.3266127 0.1431054 0.3357976 0.2904677 0.2353442 0.0000000 0.3420643 0.9914835 1.0225348 0.7926219 0.8526301 0.7979935 0.8614884 0.8389226 0.8707472 0.8291028 0.9088337 0.7843346 0.8086849 0.9010299 0.8714997 0.8342145 0.8138439 0.8203340 0.7839824 0.9918003 0.8748811 0.9606717 0.9883345 
Saccharomyces_uvarum                        0.9591780 0.9210466 0.9011561 1.0375021 0.9637164 1.0147530 0.8653554 0.9043666 0.8197099 0.8496354 4.1767263 0.3060996 0.3707459 0.0971266 0.3373710 0.3754696 0.3420643 0.0000000 1.0080715 1.0793939 0.8250573 0.8683379 0.8676002 0.8195299 0.8407510 0.8959264 0.8191174 0.8456112 0.7476667 0.8453917 0.9469286 0.8686638 0.7977010 0.8281239 0.7950702 0.8251100 1.0365885 0.9223676 1.0209416 1.0773487 
Tetrapisispora_blattae                      1.0819841 0.9960347 1.1639635 1.1107290 1.0617611 1.1669449 1.0625652 1.0835509 1.0848024 1.0361609 5.0796188 0.9934024 0.9888733 1.0151282 1.0242988 1.0033890 0.9914835 1.0080715 0.0000000 1.0100059 0.8197384 1.2234847 0.9317155 0.9583130 0.8434317 0.9004350 0.9676199 1.1777020 0.9982670 0.8853896 1.0595134 1.0312629 0.9467991 0.9547200 0.9736716 0.8800984 0.9692985 0.9197023 1.0430899 0.6553319 
Tetrapisispora_phaffii                      1.1001662 0.9421539 1.0553371 1.1902155 1.0164999 1.2251862 1.0725368 0.9770883 1.0468118 0.9380902 4.5372773 1.0532452 1.0155503 1.0387095 1.0395710 1.0195654 1.0225348 1.0793939 1.0100059 0.0000000 0.7368021 0.9960663 0.9534239 0.9035047 0.9455135 0.9558255 0.9507050 1.0538849 0.9895296 0.9350587 1.2937951 0.8954230 0.9522845 0.9736441 0.9755146 0.9564238 0.5276456 0.6017223 0.5260476 1.0062492 
Vanderwaltozyma_polyspora                   0.9140266 0.8521863 1.0115175 0.9921698 0.8825733 1.1032282 0.8989637 0.9212456 0.9129717 0.8773998 4.7894028 0.8357009 0.7865958 0.8199972 0.8871683 0.8396542 0.7926219 0.8250573 0.8197384 0.7368021 0.0000000 1.0290259 0.7726076 0.8645848 0.8123879 0.7896480 0.8403493 1.0435582 0.8816106 0.7928255 1.1012505 0.8410444 0.8166531 0.8086211 0.7889107 0.7691732 0.8425180 0.8116092 0.8477201 0.8156020 
yHAB132_Kazachstania_martiniae              1.1610263 0.8245319 0.9114335 1.0630926 1.1431150 1.2836891 1.1435293 1.0682524 0.9302545 1.0527234 5.4226302 0.8833665 0.8462606 0.8928852 0.9195219 0.8476720 0.8526301 0.8683379 1.2234847 0.9960663 1.0290259 0.0000000 0.7165896 0.8091531 0.7516015 0.8324655 0.8673125 0.9701423 0.7919786 0.7816160 0.9179029 0.9147403 0.7551826 0.8424749 0.7736595 0.8336135 0.9369735 0.9868801 0.9512995 1.0029838 
yHAB133_Kazachstania_unispora               1.0031995 0.7360634 0.7488371 0.9435694 0.9208852 1.0076545 0.8467961 0.8783039 0.7680711 0.7594027 4.5907824 0.8483617 0.8109854 0.8385071 0.8592219 0.7850353 0.7979935 0.8676002 0.9317155 0.9534239 0.7726076 0.7165896 0.0000000 0.6723913 0.4958264 0.4065561 0.6487066 0.8969134 0.7505487 0.6386254 0.7398224 0.6933565 0.3022212 0.7204462 0.2983302 0.6003592 0.8600220 0.8285184 0.9158586 0.8090048 
yHAB134_Kazachstania_turicensis             0.9230503 0.7029196 0.8546857 0.9654942 0.8426719 1.0863927 0.8458474 0.8202976 0.7830256 0.7880340 4.4629171 0.8186991 0.8351968 0.8175323 0.8205572 0.8065464 0.8614884 0.8195299 0.9583130 0.9035047 0.8645848 0.8091531 0.6723913 0.0000000 0.7076140 0.7379601 0.7812887 0.8817646 0.6704639 0.7033005 0.7613017 0.6886486 0.7477473 0.6180204 0.7021144 0.7139377 0.9151512 0.7980008 0.8497811 0.9108635 
yHAB136_Kazachstania_bromeliacearum         0.9218908 0.7963693 0.8254478 0.8996812 0.9613320 1.0774835 0.9194352 0.9399390 0.7921471 0.7542147 4.5643846 0.8733718 0.8472597 0.8325998 0.9314502 0.8302386 0.8389226 0.8407510 0.8434317 0.9455135 0.8123879 0.7516015 0.4958264 0.7076140 0.0000000 0.6039152 0.6921513 0.9081087 0.7128020 0.6218896 0.8417149 0.7366499 0.5390030 0.7549583 0.5557348 0.6718179 0.8958673 0.9162088 0.9312273 0.8346024 
yHAB143_Kazachstania_siamensis              0.9468545 0.7196356 0.7291688 0.9791316 0.9298942 1.0324046 0.9000816 0.8724560 0.8077243 0.8008228 4.9393158 0.8377043 0.8576014 0.8493237 0.8489459 0.8703491 0.8707472 0.8959264 0.9004350 0.9558255 0.7896480 0.8324655 0.4065561 0.7379601 0.6039152 0.0000000 0.6092713 0.8552756 0.7353946 0.6229201 0.8185631 0.7277883 0.4277831 0.7458398 0.4070252 0.5955601 0.9273419 0.8138714 0.9147706 0.9203062 
yHAB147_Kazachstania_taianensis             1.0435897 0.8248581 0.7241053 0.9918783 1.0321791 1.0365599 0.9400191 0.9284675 0.8039959 0.8664863 4.3571265 0.8671549 0.8299703 0.8291716 0.8259799 0.8187945 0.8291028 0.8191174 0.9676199 0.9507050 0.8403493 0.8673125 0.6487066 0.7812887 0.6921513 0.6092713 0.0000000 0.8837106 0.7336406 0.7013412 0.7750000 0.7497895 0.6640166 0.7898484 0.6449903 0.6662633 0.9610674 0.8557410 0.9492686 0.9922649 
yHAB148_Kazachstania_intestinalis           0.9792471 0.9828864 0.8783282 1.0518481 1.0668893 1.1177684 1.0022352 0.9801723 0.9842005 0.8863132 4.5365392 0.9157827 0.9052226 0.8683467 0.9152342 0.8884893 0.9088337 0.8456112 1.1777020 1.0538849 1.0435582 0.9701423 0.8969134 0.8817646 0.9081087 0.8552756 0.8837106 0.0000000 0.8578918 0.8315608 1.0302643 0.9254002 0.9069332 1.0048501 0.9370319 0.8595928 1.0604629 0.9642721 1.0866770 1.1164180 
yHAB153_Kazachstania_rosinii                0.9201314 0.7667761 0.8592516 1.0087479 0.9426475 1.0598944 1.0118784 0.9390419 0.8806491 0.8756817 4.7836067 0.8270780 0.7766122 0.7491836 0.8273584 0.8035656 0.7843346 0.7476667 0.9982670 0.9895296 0.8816106 0.7919786 0.7505487 0.6704639 0.7128020 0.7353946 0.7336406 0.8578918 0.0000000 0.7917068 0.8173094 0.7468118 0.7660218 0.8015070 0.7597088 0.8257355 0.9927803 0.9129098 0.9788701 1.0115329 
yHAB154_Kazachstania_transvaalensis         0.9314014 0.7666000 0.7810836 0.9746909 0.9216367 1.1135754 0.9011047 0.8693706 0.8182456 0.8409661 4.3628310 0.8825498 0.8312349 0.8438047 0.8979467 0.8596818 0.8086849 0.8453917 0.8853896 0.9350587 0.7928255 0.7816160 0.6386254 0.7033005 0.6218896 0.6229201 0.7013412 0.8315608 0.7917068 0.0000000 0.8179986 0.7823370 0.6473290 0.7609274 0.6382032 0.3556645 0.9321351 0.8838322 0.9132935 0.8316239 
yHAB155_Kazachstania_spencerorum            1.2891697 0.8156847 0.9596089 1.2146901 1.1652978 1.2914868 1.1959530 1.1867183 0.9417339 1.0186038 5.5843990 1.0191781 0.9378446 0.9103972 0.9898772 0.9944925 0.9010299 0.9469286 1.0595134 1.2937951 1.1012505 0.9179029 0.7398224 0.7613017 0.8417149 0.8185631 0.7750000 1.0302643 0.8173094 0.8179986 0.0000000 0.8053809 0.7524444 0.9695307 0.7806476 0.7807254 1.0477850 1.1391708 1.1745160 1.2576086 
yHAB158_Kazachstania_viticola               0.9788770 0.7551058 0.8859148 1.0162092 0.9374548 1.1357805 0.8851389 0.9560176 0.8206483 0.7537374 4.4670141 0.8570490 0.8749622 0.8652267 0.8353147 0.8238257 0.8714997 0.8686638 1.0312629 0.8954230 0.8410444 0.9147403 0.6933565 0.6886486 0.7366499 0.7277883 0.7497895 0.9254002 0.7468118 0.7823370 0.8053809 0.0000000 0.7307412 0.7537010 0.7294040 0.7528842 0.9101523 0.8254938 0.8826204 0.9164838 
yHAB159_Kazachstania_solicola               0.9554713 0.7474856 0.7564225 1.0060908 0.9162766 1.1208760 0.9013050 0.8478349 0.8038957 0.8026976 4.6518002 0.8580304 0.8190805 0.8016148 0.8784909 0.8258141 0.8342145 0.7977010 0.9467991 0.9522845 0.8166531 0.7551826 0.3022212 0.7477473 0.5390030 0.4277831 0.6640166 0.9069332 0.7660218 0.6473290 0.7524444 0.7307412 0.0000000 0.7756162 0.1229730 0.6521836 0.8899193 0.8577938 0.9282307 0.7882700 
yHAB160_Kazachstania_kunashirensis          0.9613792 0.6662130 0.9497564 0.9929998 0.9562649 1.1146251 0.9049008 0.9086120 0.8331918 0.7858382 4.9162182 0.8155476 0.7801864 0.8233902 0.8145662 0.8138000 0.8138439 0.8281239 0.9547200 0.9736441 0.8086211 0.8424749 0.7204462 0.6180204 0.7549583 0.7458398 0.7898484 1.0048501 0.8015070 0.7609274 0.9695307 0.7537010 0.7756162 0.0000000 0.7743609 0.7500239 0.8704737 0.8449963 0.8655496 0.9554539 
yHAB164_Kazachstania_aerobia                0.9539449 0.7930222 0.7437545 0.9714116 0.9660230 1.1101119 0.8816210 0.8705909 0.8021927 0.8165834 4.6990657 0.8159641 0.8004265 0.7853666 0.8567537 0.8242837 0.8203340 0.7950702 0.9736716 0.9755146 0.7889107 0.7736595 0.2983302 0.7021144 0.5557348 0.4070252 0.6449903 0.9370319 0.7597088 0.6382032 0.7806476 0.7294040 0.1229730 0.7743609 0.0000000 0.6243688 0.9118778 0.8636944 0.8628107 0.7794034 
yHAB166_Kazachstania_yakushimaensis         0.9438967 0.7953669 0.7960099 0.9797000 0.9122068 1.0741665 0.8760358 0.8746276 0.7938334 0.8540215 4.5451810 0.9196770 0.8126416 0.8194135 0.8458140 0.8515420 0.7839824 0.8251100 0.8800984 0.9564238 0.7691732 0.8336135 0.6003592 0.7139377 0.6718179 0.5955601 0.6662633 0.8595928 0.8257355 0.3556645 0.7807254 0.7528842 0.6521836 0.7500239 0.6243688 0.0000000 0.8755985 0.8104157 0.8532118 0.8424846 
yHMPu5000034875_Tetrapisispora_fleetii      1.1128493 0.9396068 1.0963130 0.9707002 1.0617831 1.1672724 1.0068595 0.9916865 1.0113831 0.9341875 4.4572738 1.0100840 1.0022052 1.0383763 1.1167812 1.0226946 0.9918003 1.0365885 0.9692985 0.5276456 0.8425180 0.9369735 0.8600220 0.9151512 0.8958673 0.9273419 0.9610674 1.0604629 0.9927803 0.9321351 1.0477850 0.9101523 0.8899193 0.8704737 0.9118778 0.8755985 0.0000000 0.5545766 0.2571767 0.9941587 
yHMPu5000034876_Tetrapisispora_iriomotensis 0.9663415 0.8409166 0.9842597 1.0172236 0.9297134 1.0909103 0.9258876 0.8897844 0.9268552 0.8340321 4.5122028 0.8829613 0.8905242 0.8988252 0.9160256 0.9067430 0.8748811 0.9223676 0.9197023 0.6017223 0.8116092 0.9868801 0.8285184 0.7980008 0.9162088 0.8138714 0.8557410 0.9642721 0.9129098 0.8838322 1.1391708 0.8254938 0.8577938 0.8449963 0.8636944 0.8104157 0.5545766 0.0000000 0.5667082 0.8630724 
yHMPu5000034877_Tetrapisispora_namnaonensis 1.0910332 0.8927689 1.1076426 1.0227397 1.0258585 1.1786485 0.9940432 0.9830691 0.9575304 0.8915428 4.5158343 0.9812884 0.9661559 1.0255586 1.0671935 1.0396458 0.9606717 1.0209416 1.0430899 0.5260476 0.8477201 0.9512995 0.9158586 0.8497811 0.9312273 0.9147706 0.9492686 1.0866770 0.9788701 0.9132935 1.1745160 0.8826204 0.9282307 0.8655496 0.8628107 0.8532118 0.2571767 0.5667082 0.0000000 0.9571240 
yHMPu5000035629_Yueomyces_sinensis          0.9651167 0.9606128 1.1498105 1.0964091 1.0257629 1.1203675 0.9891616 0.9827856 0.9706021 0.8940892 4.8357822 1.0586355 0.9921883 1.0538388 1.0249594 1.0154665 0.9883345 1.0773487 0.6553319 1.0062492 0.8156020 1.0029838 0.8090048 0.9108635 0.8346024 0.9203062 0.9922649 1.1164180 1.0115329 0.8316239 1.2576086 0.9164838 0.7882700 0.9554539 0.7794034 0.8424846 0.9941587 0.8630724 0.9571240 0.0000000 
