40
Candida_glabrata                            0.0000000 0.5985302 0.5685921 0.5161641 0.2709403 0.4986477 0.3616086 0.2733878 0.5641267 0.5884970 1.7744023 0.3861827 0.3974894 0.3817791 0.4329620 0.4181102 0.4213016 0.3851049 0.6577247 0.5796257 0.6142623 0.4251149 0.5741378 0.5010842 0.5260228 0.5811744 0.7154899 0.5467952 0.3963856 0.5696164 0.6129705 0.4182649 0.5497037 0.4826670 0.5606759 0.5045986 0.5731770 0.6192003 0.6001660 0.6979461 
Kazachstania_africana                       0.5985302 0.0000000 0.5967958 0.7358242 0.5584439 0.8027314 0.6261667 0.6000064 0.5802140 0.6598678 2.4916324 0.5362645 0.5290461 0.5021073 0.5812124 0.5261555 0.5192292 0.5491233 0.7031441 0.5327433 0.5116539 0.5122880 0.4888165 0.4595453 0.4505334 0.5334915 0.9981478 0.7557674 0.4561888 0.4949970 0.5902083 0.5314123 0.5362162 0.4167242 0.5850959 0.4175078 0.5111991 0.5426415 0.5593310 0.7293277 
Kazachstania_naganishii                     0.5685921 0.5967958 0.0000000 0.7358964 0.4874534 0.6588688 0.4986177 0.5251758 0.5799695 0.7729511 2.2068016 0.5711842 0.5712507 0.5966061 0.5761896 0.6233140 0.5371864 0.6207468 0.7571721 0.6373556 0.7274176 0.6178620 0.6246003 0.7019294 0.4745894 0.6237171 0.6659290 0.6809967 0.7043895 0.6014667 0.6722573 0.6452867 0.5164111 0.5761586 0.5955203 0.5308953 0.6701302 0.6322599 0.6574586 0.8722455 
Nakaseomyces_bacillisporus                  0.5161641 0.7358242 0.7358964 0.0000000 0.5226261 0.7147309 0.5675562 0.4960594 0.6811816 0.7990188 2.2219588 0.7152104 0.6679030 0.6165062 0.6477465 0.6295212 0.6608216 0.6823684 0.7653353 0.7204796 0.5994129 0.5946144 0.6867723 0.5801978 0.5843957 0.6466927 1.0014633 0.8585909 0.6533783 0.6393209 0.7562398 0.5922022 0.5149809 0.5040807 0.5336359 0.5723786 0.7165811 0.7741775 0.7298809 0.7706050 
Nakaseomyces_bracarensis                    0.2709403 0.5584439 0.4874534 0.5226261 0.0000000 0.6249204 0.2288818 0.1253157 0.4656567 0.5889055 2.1009336 0.5501198 0.5183387 0.5677676 0.6157668 0.5173047 0.5104147 0.5902763 0.6415455 0.5930298 0.5473808 0.4242384 0.6020531 0.4892046 0.4692116 0.5096929 0.8376527 0.6433007 0.5107848 0.5589337 0.5993191 0.4836533 0.5165080 0.4644343 0.5059820 0.4764491 0.5644174 0.5564215 0.5703012 0.6762185 
Nakaseomyces_castellii                      0.4986477 0.8027314 0.6588688 0.7147309 0.6249204 0.0000000 0.7175225 0.6446700 0.5777763 0.7402482 2.4015789 0.6974122 0.7030239 0.6191154 0.6283591 0.6382568 0.7190646 0.6116574 0.8004455 0.7819544 0.6653258 0.6511454 0.7367461 0.8142131 0.8052973 0.6931581 0.8644993 0.7212821 0.6421181 0.7405490 0.7833400 0.7573151 0.5964246 0.6329214 0.6363787 0.6823594 0.7616327 0.8270538 0.7896071 0.7035690 
Nakaseomyces_delphensis                     0.3616086 0.6261667 0.4986177 0.5675562 0.2288818 0.7175225 0.0000000 0.1920374 0.6031796 0.6765136 1.8276838 0.5161264 0.6124462 0.5171011 0.5866408 0.5583601 0.5437630 0.5757350 0.6244688 0.6436160 0.5723920 0.5156020 0.6607155 0.5860825 0.4856157 0.5820926 0.7849570 0.5696086 0.4861780 0.6620170 0.5759691 0.5491470 0.5535170 0.5659211 0.5621860 0.5115893 0.6025522 0.6530381 0.6439481 0.7053848 
Nakaseomyces_nivariensis                    0.2733878 0.6000064 0.5251758 0.4960594 0.1253157 0.6446700 0.1920374 0.0000000 0.5015785 0.6520517 1.8413085 0.5199668 0.4963826 0.5091589 0.5472490 0.4919380 0.5198585 0.5186008 0.6925158 0.6004400 0.5481448 0.4833025 0.5721104 0.5406865 0.4952665 0.5241774 0.8296442 0.5968904 0.4522524 0.5753534 0.6060688 0.4987869 0.5165848 0.4837232 0.5208865 0.4616165 0.5785843 0.5578329 0.5833880 0.6793574 
Naumovozyma_castellii                       0.5641267 0.5802140 0.5799695 0.6811816 0.4656567 0.5777763 0.6031796 0.5015785 0.0000000 0.4844468 2.5027149 0.6767944 0.6212592 0.6456043 0.7138260 0.6511957 0.6572225 0.6707167 0.4830105 0.5417127 0.6343246 0.5107981 0.5099559 0.5363513 0.6894945 0.5406086 1.0928811 0.7329711 0.6703326 0.7242904 0.6557757 0.5439306 0.5045553 0.5818810 0.5172753 0.5813898 0.4914451 0.5360128 0.5451825 0.4921783 
Naumovozyma_dairenensis                     0.5884970 0.6598678 0.7729511 0.7990188 0.5889055 0.7402482 0.6765136 0.6520517 0.4844468 0.0000000 2.8878096 0.6906121 0.5868794 0.7221927 0.7070274 0.6204926 0.6218071 0.7103398 0.6881190 0.5140056 0.5188997 0.6273460 0.5848871 0.6758423 0.6158649 0.6738696 1.1634236 0.8090701 0.8372940 0.6878546 0.6631107 0.6214565 0.6680131 0.6640781 0.7107427 0.6564626 0.5141912 0.5682893 0.5664322 0.6863067 
Neurospora_crassa                           1.7744023 2.4916324 2.2068016 2.2219588 2.1009336 2.4015789 1.8276838 1.8413085 2.5027149 2.8878096 0.0000000 2.0323952 2.2214585 1.8963303 2.2841650 2.2736269 2.2324049 2.0010278 2.7410596 2.6447604 2.7011843 2.0280941 2.7438068 2.7090494 2.6328982 2.7238874 1.9376094 1.9339654 1.6683216 2.6531086 2.6383666 2.2878256 2.3739803 2.7093668 2.4400557 2.2256113 2.5219382 2.4287976 2.6853790 2.8794125 
Saccharomyces_arboricola                    0.3861827 0.5362645 0.5711842 0.7152104 0.5501198 0.6974122 0.5161264 0.5199668 0.6767944 0.6906121 2.0323952 0.0000000 0.1354928 0.1133207 0.1611485 0.1551263 0.1271259 0.1384536 0.7767700 0.5473042 0.6135703 0.4106225 0.6425902 0.6834720 0.5114525 0.6557097 0.7755578 0.6169956 0.3947456 0.6064487 0.6800616 0.4542828 0.5498450 0.5472035 0.6390517 0.5421545 0.5844703 0.5508619 0.5866200 0.9479069 
Saccharomyces_cerevisiae                    0.3974894 0.5290461 0.5712507 0.6679030 0.5183387 0.7030239 0.6124462 0.4963826 0.6212592 0.5868794 2.2214585 0.1354928 0.0000000 0.1323953 0.1359375 0.1133575 0.0558349 0.1483069 0.7013430 0.5536519 0.5974805 0.3801694 0.6067888 0.6793230 0.4993842 0.6405546 0.7546563 0.5904626 0.4350273 0.5991007 0.6894257 0.4422692 0.5286919 0.5650332 0.6194111 0.4755609 0.5099301 0.4979644 0.5115470 0.8409838 
Saccharomyces_eubayanus                     0.3817791 0.5021073 0.5966061 0.6165062 0.5677676 0.6191154 0.5171011 0.5091589 0.6456043 0.7221927 1.8963303 0.1133207 0.1323953 0.0000000 0.1465107 0.1512716 0.1412438 0.0587673 0.7103750 0.5397488 0.6050570 0.4225407 0.6585939 0.6769403 0.5113212 0.6174820 0.6639821 0.5732679 0.3639206 0.6766102 0.6646957 0.4219055 0.5049788 0.5455967 0.6118691 0.5273053 0.5461593 0.5525633 0.5728956 0.8821015 
Saccharomyces_kudriavzevii                  0.4329620 0.5812124 0.5761896 0.6477465 0.6157668 0.6283591 0.5866408 0.5472490 0.7138260 0.7070274 2.2841650 0.1611485 0.1359375 0.1465107 0.0000000 0.1462130 0.1508574 0.1615344 0.7986526 0.6057558 0.6326143 0.4652476 0.6287551 0.6889445 0.5561382 0.6018840 0.7377090 0.6184152 0.4175166 0.6550639 0.6431823 0.4928267 0.5082939 0.5640309 0.6208333 0.4961194 0.5808536 0.5697325 0.6006961 0.8510855 
Saccharomyces_mikatae                       0.4181102 0.5261555 0.6233140 0.6295212 0.5173047 0.6382568 0.5583601 0.4919380 0.6511957 0.6204926 2.2736269 0.1551263 0.1133575 0.1512716 0.1462130 0.0000000 0.1131983 0.1561333 0.7033728 0.5316685 0.5645120 0.4034112 0.5726699 0.6378339 0.4735488 0.6245487 0.7982452 0.6621137 0.4288670 0.6236096 0.6382685 0.4436828 0.4975190 0.5445052 0.6015987 0.4845282 0.5258682 0.5171974 0.5413679 0.8099469 
Saccharomyces_paradoxus                     0.4213016 0.5192292 0.5371864 0.6608216 0.5104147 0.7190646 0.5437630 0.5198585 0.6572225 0.6218071 2.2324049 0.1271259 0.0558349 0.1412438 0.1508574 0.1131983 0.0000000 0.1671869 0.7642823 0.5682612 0.5922587 0.3882679 0.5933710 0.7063667 0.4839331 0.6437651 0.7418614 0.6559994 0.4602563 0.5970860 0.7025136 0.4671905 0.5139112 0.5714904 0.5776659 0.5110078 0.5482685 0.5359825 0.5509159 0.8442087 
Saccharomyces_uvarum                        0.3851049 0.5491233 0.6207468 0.6823684 0.5902763 0.6116574 0.5757350 0.5186008 0.6707167 0.7103398 2.0010278 0.1384536 0.1483069 0.0587673 0.1615344 0.1561333 0.1671869 0.0000000 0.7353237 0.5550108 0.6203082 0.4593082 0.6560548 0.6639617 0.5332767 0.6186814 0.6966298 0.5714199 0.3782031 0.6811166 0.6806482 0.4527544 0.5013376 0.5723890 0.6172985 0.5242823 0.5796250 0.5638918 0.5728144 0.8900171 
Tetrapisispora_blattae                      0.6577247 0.7031441 0.7571721 0.7653353 0.6415455 0.8004455 0.6244688 0.6925158 0.4830105 0.6881190 2.7410596 0.7767700 0.7013430 0.7103750 0.7986526 0.7033728 0.7642823 0.7353237 0.0000000 0.6113316 0.6931806 0.5515846 0.6204287 0.5577601 0.6332846 0.7705432 1.2093927 0.7051102 0.7819142 0.6104102 0.6634400 0.5395062 0.6865306 0.5940873 0.6707133 0.5378221 0.5516770 0.5894448 0.5497850 0.4548867 
Tetrapisispora_phaffii                      0.5796257 0.5327433 0.6373556 0.7204796 0.5930298 0.7819544 0.6436160 0.6004400 0.5417127 0.5140056 2.6447604 0.5473042 0.5536519 0.5397488 0.6057558 0.5316685 0.5682612 0.5550108 0.6113316 0.0000000 0.5690653 0.4574858 0.5284972 0.4854598 0.5011527 0.5832768 1.0226359 0.8599562 0.7042541 0.5826109 0.6752272 0.4751659 0.4985651 0.4566147 0.5288490 0.4459006 0.1217779 0.1343754 0.1476088 0.5312229 
Vanderwaltozyma_polyspora                   0.6142623 0.5116539 0.7274176 0.5994129 0.5473808 0.6653258 0.5723920 0.5481448 0.6343246 0.5188997 2.7011843 0.6135703 0.5974805 0.6050570 0.6326143 0.5645120 0.5922587 0.6203082 0.6931806 0.5690653 0.0000000 0.3440810 0.5060658 0.5498534 0.5287031 0.5207990 1.2569615 0.8449603 0.5905729 0.5438554 0.4689686 0.4689791 0.5230520 0.5097872 0.5221231 0.5026233 0.5253960 0.5280766 0.6051915 0.6358422 
yHAB132_Kazachstania_martiniae              0.4251149 0.5122880 0.6178620 0.5946144 0.4242384 0.6511454 0.5156020 0.4833025 0.5107981 0.6273460 2.0280941 0.4106225 0.3801694 0.4225407 0.4652476 0.4034112 0.3882679 0.4593082 0.5515846 0.4574858 0.3440810 0.0000000 0.4888307 0.4518014 0.4664869 0.5044575 1.0218368 0.6466062 0.4472977 0.5241134 0.4839380 0.2903109 0.4363118 0.3830422 0.4351033 0.3958926 0.4270349 0.4139424 0.5049348 0.5273850 
yHAB133_Kazachstania_unispora               0.5741378 0.4888165 0.6246003 0.6867723 0.6020531 0.7367461 0.6607155 0.5721104 0.5099559 0.5848871 2.7438068 0.6425902 0.6067888 0.6585939 0.6287551 0.5726699 0.5933710 0.6560548 0.6204287 0.5284972 0.5060658 0.4888307 0.0000000 0.4597765 0.4269347 0.2727078 1.2310327 0.9432633 0.6662963 0.4575348 0.4884819 0.5577652 0.2144432 0.4479011 0.2201415 0.3457113 0.5049098 0.5098826 0.5024194 0.5293206 
yHAB134_Kazachstania_turicensis             0.5010842 0.4595453 0.7019294 0.5801978 0.4892046 0.8142131 0.5860825 0.5406865 0.5363513 0.6758423 2.7090494 0.6834720 0.6793230 0.6769403 0.6889445 0.6378339 0.7063667 0.6639617 0.5577601 0.4854598 0.5498534 0.4518014 0.4597765 0.0000000 0.4697839 0.4881439 1.1909686 0.9332558 0.5677691 0.5458916 0.4938534 0.4047722 0.4774681 0.2479539 0.4695102 0.4243712 0.4564034 0.4597535 0.5747310 0.5465968 
yHAB136_Kazachstania_bromeliacearum         0.5260228 0.4505334 0.4745894 0.5843957 0.4692116 0.8052973 0.4856157 0.4952665 0.6894945 0.6158649 2.6328982 0.5114525 0.4993842 0.5113212 0.5561382 0.4735488 0.4839331 0.5332767 0.6332846 0.5011527 0.5287031 0.4664869 0.4269347 0.4697839 0.0000000 0.6215861 1.0226416 0.7148849 0.5689350 0.4045122 0.4712136 0.4692165 0.4807939 0.4305202 0.4485732 0.3563553 0.5354344 0.5457582 0.5229765 0.6123613 
yHAB143_Kazachstania_siamensis              0.5811744 0.5334915 0.6237171 0.6466927 0.5096929 0.6931581 0.5820926 0.5241774 0.5406086 0.6738696 2.7238874 0.6557097 0.6405546 0.6174820 0.6018840 0.6245487 0.6437651 0.6186814 0.7705432 0.5832768 0.5207990 0.5044575 0.2727078 0.4881439 0.6215861 0.0000000 1.0619453 0.8408012 0.6950513 0.5984411 0.5023646 0.4981350 0.2426795 0.4785028 0.2455646 0.5029300 0.4982411 0.5855188 0.5644714 0.6929990 
yHAB147_Kazachstania_taianensis             0.7154899 0.9981478 0.6659290 1.0014633 0.8376527 0.8644993 0.7849570 0.8296442 1.0928811 1.1634236 1.9376094 0.7755578 0.7546563 0.6639821 0.7377090 0.7982452 0.7418614 0.6966298 1.2093927 1.0226359 1.2569615 1.0218368 1.2310327 1.1909686 1.0226416 1.0619453 0.0000000 0.7654830 0.6754652 1.2035683 1.3813015 1.0071509 0.9263697 1.0744859 1.0649536 1.1621406 0.9622466 1.0867542 0.9666429 1.6569347 
yHAB148_Kazachstania_intestinalis           0.5467952 0.7557674 0.6809967 0.8585909 0.6433007 0.7212821 0.5696086 0.5968904 0.7329711 0.8090701 1.9339654 0.6169956 0.5904626 0.5732679 0.6184152 0.6621137 0.6559994 0.5714199 0.7051102 0.8599562 0.8449603 0.6466062 0.9432633 0.9332558 0.7148849 0.8408012 0.7654830 0.0000000 0.5934481 0.8163881 0.8685075 0.7504406 0.7679545 0.7800064 0.8137634 0.7768547 0.8028755 0.9169189 0.8529056 0.8959899 
yHAB153_Kazachstania_rosinii                0.3963856 0.4561888 0.7043895 0.6533783 0.5107848 0.6421181 0.4861780 0.4522524 0.6703326 0.8372940 1.6683216 0.3947456 0.4350273 0.3639206 0.4175166 0.4288670 0.4602563 0.3782031 0.7819142 0.7042541 0.5905729 0.4472977 0.6662963 0.5677691 0.5689350 0.6950513 0.6754652 0.5934481 0.0000000 0.6778186 0.5593306 0.4982495 0.5667798 0.5578497 0.6142142 0.5854633 0.6474495 0.6611586 0.7063362 0.8718350 
yHAB154_Kazachstania_transvaalensis         0.5696164 0.4949970 0.6014667 0.6393209 0.5589337 0.7405490 0.6620170 0.5753534 0.7242904 0.6878546 2.6531086 0.6064487 0.5991007 0.6766102 0.6550639 0.6236096 0.5970860 0.6811166 0.6104102 0.5826109 0.5438554 0.5241134 0.4575348 0.5458916 0.4045122 0.5984411 1.2035683 0.8163881 0.6778186 0.0000000 0.5499936 0.5956521 0.4802708 0.4435356 0.5194870 0.1937631 0.6163429 0.5593191 0.5511347 0.6451905 
yHAB155_Kazachstania_spencerorum            0.6129705 0.5902083 0.6722573 0.7562398 0.5993191 0.7833400 0.5759691 0.6060688 0.6557757 0.6631107 2.6383666 0.6800616 0.6894257 0.6646957 0.6431823 0.6382685 0.7025136 0.6806482 0.6634400 0.6752272 0.4689686 0.4839380 0.4884819 0.4938534 0.4712136 0.5023646 1.3813015 0.8685075 0.5593306 0.5499936 0.0000000 0.5054116 0.5322573 0.4391823 0.5073514 0.4610920 0.6300877 0.6081058 0.6969811 0.5889124 
yHAB158_Kazachstania_viticola               0.4182649 0.5314123 0.6452867 0.5922022 0.4836533 0.7573151 0.5491470 0.4987869 0.5439306 0.6214565 2.2878256 0.4542828 0.4422692 0.4219055 0.4928267 0.4436828 0.4671905 0.4527544 0.5395062 0.4751659 0.4689791 0.2903109 0.5577652 0.4047722 0.4692165 0.4981350 1.0071509 0.7504406 0.4982495 0.5956521 0.5054116 0.0000000 0.4854768 0.4011298 0.4895687 0.4761585 0.4516780 0.4874832 0.5069004 0.5747293 
yHAB159_Kazachstania_solicola               0.5497037 0.5362162 0.5164111 0.5149809 0.5165080 0.5964246 0.5535170 0.5165848 0.5045553 0.6680131 2.3739803 0.5498450 0.5286919 0.5049788 0.5082939 0.4975190 0.5139112 0.5013376 0.6865306 0.4985651 0.5230520 0.4363118 0.2144432 0.4774681 0.4807939 0.2426795 0.9263697 0.7679545 0.5667798 0.4802708 0.5322573 0.4854768 0.0000000 0.4116329 0.0508817 0.4054896 0.5164079 0.4871361 0.5505751 0.6675919 
yHAB160_Kazachstania_kunashirensis          0.4826670 0.4167242 0.5761586 0.5040807 0.4644343 0.6329214 0.5659211 0.4837232 0.5818810 0.6640781 2.7093668 0.5472035 0.5650332 0.5455967 0.5640309 0.5445052 0.5714904 0.5723890 0.5940873 0.4566147 0.5097872 0.3830422 0.4479011 0.2479539 0.4305202 0.4785028 1.0744859 0.7800064 0.5578497 0.4435356 0.4391823 0.4011298 0.4116329 0.0000000 0.3911160 0.3625231 0.4859107 0.4818111 0.5121922 0.5739385 
yHAB164_Kazachstania_aerobia                0.5606759 0.5850959 0.5955203 0.5336359 0.5059820 0.6363787 0.5621860 0.5208865 0.5172753 0.7107427 2.4400557 0.6390517 0.6194111 0.6118691 0.6208333 0.6015987 0.5776659 0.6172985 0.6707133 0.5288490 0.5221231 0.4351033 0.2201415 0.4695102 0.4485732 0.2455646 1.0649536 0.8137634 0.6142142 0.5194870 0.5073514 0.4895687 0.0508817 0.3911160 0.0000000 0.4241672 0.5379381 0.4685600 0.5783797 0.6797362 
yHAB166_Kazachstania_yakushimaensis         0.5045986 0.4175078 0.5308953 0.5723786 0.4764491 0.6823594 0.5115893 0.4616165 0.5813898 0.6564626 2.2256113 0.5421545 0.4755609 0.5273053 0.4961194 0.4845282 0.5110078 0.5242823 0.5378221 0.4459006 0.5026233 0.3958926 0.3457113 0.4243712 0.3563553 0.5029300 1.1621406 0.7768547 0.5854633 0.1937631 0.4610920 0.4761585 0.4054896 0.3625231 0.4241672 0.0000000 0.4251027 0.4077157 0.4981061 0.5289229 
yHMPu5000034875_Tetrapisispora_fleetii      0.5731770 0.5111991 0.6701302 0.7165811 0.5644174 0.7616327 0.6025522 0.5785843 0.4914451 0.5141912 2.5219382 0.5844703 0.5099301 0.5461593 0.5808536 0.5258682 0.5482685 0.5796250 0.5516770 0.1217779 0.5253960 0.4270349 0.5049098 0.4564034 0.5354344 0.4982411 0.9622466 0.8028755 0.6474495 0.6163429 0.6300877 0.4516780 0.5164079 0.4859107 0.5379381 0.4251027 0.0000000 0.1278594 0.0959755 0.5594282 
yHMPu5000034876_Tetrapisispora_iriomotensis 0.6192003 0.5426415 0.6322599 0.7741775 0.5564215 0.8270538 0.6530381 0.5578329 0.5360128 0.5682893 2.4287976 0.5508619 0.4979644 0.5525633 0.5697325 0.5171974 0.5359825 0.5638918 0.5894448 0.1343754 0.5280766 0.4139424 0.5098826 0.4597535 0.5457582 0.5855188 1.0867542 0.9169189 0.6611586 0.5593191 0.6081058 0.4874832 0.4871361 0.4818111 0.4685600 0.4077157 0.1278594 0.0000000 0.1746789 0.5775656 
yHMPu5000034877_Tetrapisispora_namnaonensis 0.6001660 0.5593310 0.6574586 0.7298809 0.5703012 0.7896071 0.6439481 0.5833880 0.5451825 0.5664322 2.6853790 0.5866200 0.5115470 0.5728956 0.6006961 0.5413679 0.5509159 0.5728144 0.5497850 0.1476088 0.6051915 0.5049348 0.5024194 0.5747310 0.5229765 0.5644714 0.9666429 0.8529056 0.7063362 0.5511347 0.6969811 0.5069004 0.5505751 0.5121922 0.5783797 0.4981061 0.0959755 0.1746789 0.0000000 0.5987694 
yHMPu5000035629_Yueomyces_sinensis          0.6979461 0.7293277 0.8722455 0.7706050 0.6762185 0.7035690 0.7053848 0.6793574 0.4921783 0.6863067 2.8794125 0.9479069 0.8409838 0.8821015 0.8510855 0.8099469 0.8442087 0.8900171 0.4548867 0.5312229 0.6358422 0.5273850 0.5293206 0.5465968 0.6123613 0.6929990 1.6569347 0.8959899 0.8718350 0.6451905 0.5889124 0.5747293 0.6675919 0.5739385 0.6797362 0.5289229 0.5594282 0.5775656 0.5987694 0.0000000 
