40
Candida_glabrata                            0.0000000 1.3689791 1.3397339 1.4900878 0.8925230 2.2371710 0.9716711 0.8566548 1.2378702 1.1981019 8.3776978 1.3415696 1.2113917 1.1903304 1.2652720 1.2583975 1.2612480 1.2427812 1.6664342 1.3334530 1.3923705 1.2967157 1.2756849 1.3043145 1.2594223 1.2649413 1.2254515 1.8244683 1.2111134 1.8199427 1.2326329 1.3906983 1.2293873 1.2761387 1.2576427 1.7982261 1.3693715 1.4954114 1.4060409 2.0696615 
Kazachstania_africana                       1.3689791 0.0000000 1.2417739 1.3118460 1.3121879 1.8946273 1.4372360 1.2547721 0.9382678 0.8883084 8.4215466 0.9594863 1.0371146 0.9663709 0.9820004 0.9915272 0.9956502 0.9564119 1.6698452 1.1593574 0.9848254 1.0625276 0.9412657 1.1004892 0.9094168 1.0383346 1.0801613 1.4095441 0.8021291 1.6212913 0.9529595 0.8489477 1.0280964 0.9848070 1.0878538 1.5415119 1.1706196 1.1141120 1.1642347 1.5902330 
Kazachstania_naganishii                     1.3397339 1.2417739 0.0000000 1.5245588 1.2982158 1.7289603 1.3686822 1.3210204 1.1973336 1.1688756 7.9628945 1.2214594 1.1770419 1.1010950 1.1728555 1.1177257 1.1684688 1.1317752 1.7726593 1.2767543 1.3319825 1.1195658 1.0465809 1.2406586 0.9398322 1.0573718 0.9636902 1.5881725 1.1199296 1.4439812 1.1899553 1.3489458 0.9960366 1.1495172 1.0469408 1.3912286 1.2661044 1.4054539 1.3498043 1.9227704 
Nakaseomyces_bacillisporus                  1.4900878 1.3118460 1.5245588 0.0000000 1.5314836 1.9930981 1.4227718 1.5223636 1.2873591 1.3710724 8.9999981 1.4464773 1.4870215 1.3374688 1.4008610 1.3872575 1.4625812 1.2707867 1.7792723 1.3968196 1.4263945 1.4486038 1.5130607 1.5685926 1.3581756 1.4110012 1.3844058 1.9911740 1.3232012 1.8159106 1.4559262 1.5357459 1.4410787 1.4068363 1.4634632 1.7850370 1.4158344 1.4639802 1.4160951 1.8632748 
Nakaseomyces_bracarensis                    0.8925230 1.3121879 1.2982158 1.5314836 0.0000000 2.0212607 0.6515795 0.5081344 1.3166904 1.3096759 8.7078241 1.3344602 1.2711444 1.1294861 1.2287386 1.2805569 1.2491653 1.1479820 1.8962966 1.2187066 1.3544856 1.2323374 1.3776130 1.1900808 1.2705277 1.3274774 1.2402578 1.8669836 1.1882273 1.7316617 1.2343010 1.2967626 1.2907721 1.2050296 1.2582242 1.7594038 1.2228530 1.3789239 1.2143397 1.9201732 
Nakaseomyces_castellii                      2.2371710 1.8946273 1.7289603 1.9930981 2.0212607 0.0000000 2.2418244 2.0568303 2.1321022 2.1023931 7.5247019 1.9366755 1.8023062 1.7346923 1.7873043 1.7088149 1.7859477 1.7617722 2.2658280 1.8493312 1.9884012 1.9662107 2.0148275 2.0663143 1.8340267 1.9069460 1.9777097 2.2135954 1.8022501 1.8742088 1.9387414 1.8714432 1.8829364 1.7964091 1.9067044 1.9971961 1.8522532 2.0831897 1.8597606 2.7205142 
Nakaseomyces_delphensis                     0.9716711 1.4372360 1.3686822 1.4227718 0.6515795 2.2418244 0.0000000 0.4545787 1.2708237 1.4009454 8.2723903 1.4767804 1.3844876 1.2969839 1.4496750 1.4590453 1.3955119 1.3223314 1.9579094 1.3167810 1.5824317 1.4219391 1.5075888 1.3212715 1.3122712 1.3755923 1.3746457 1.7666181 1.2552885 1.8471942 1.3791980 1.4282673 1.4235184 1.3518366 1.4454759 1.8482968 1.3363944 1.5100652 1.3833796 2.0653272 
Nakaseomyces_nivariensis                    0.8566548 1.2547721 1.3210204 1.5223636 0.5081344 2.0568303 0.4545787 0.0000000 1.1968083 1.3854730 8.0877704 1.2438030 1.2725727 1.1726378 1.2183781 1.3028174 1.3037965 1.1347780 1.7679114 1.3113460 1.3849946 1.2286161 1.3956976 1.2403051 1.2682274 1.2795566 1.3386590 1.7081034 1.2541215 1.7417859 1.1930231 1.2692709 1.3377640 1.3271256 1.3811890 1.7542402 1.3630937 1.4575991 1.3955057 2.0446524 
Naumovozyma_castellii                       1.2378702 0.9382678 1.1973336 1.2873591 1.3166904 2.1321022 1.2708237 1.1968083 0.0000000 0.6462447 8.4439711 0.8858804 0.9584962 0.8500452 0.9049056 0.9117940 0.8797148 0.8099168 1.6015505 1.0825498 1.0685762 0.9002973 0.9752824 0.9653225 0.7848254 0.9577440 1.0383931 1.5234768 0.7970392 1.4030234 0.8448434 0.8667956 1.0264475 1.0121180 1.0210997 1.3525788 1.1529003 1.2430548 1.2675186 1.7014100 
Naumovozyma_dairenensis                     1.1981019 0.8883084 1.1688756 1.3710724 1.3096759 2.1023931 1.4009454 1.3854730 0.6462447 0.0000000 8.9999983 1.0398921 1.0259486 0.9558635 0.9857181 1.0082967 1.0062362 0.9779099 1.7393289 1.0026277 0.9228118 0.9396442 0.9785333 1.0876242 0.8844817 0.9824809 0.9808000 1.5962394 0.8680670 1.4839923 0.9686107 0.9003545 1.0171219 0.8872944 0.9540189 1.3500067 1.0344784 1.0766921 1.0313661 1.7537315 
Neurospora_crassa                           8.3776978 8.4215466 7.9628945 8.9999981 8.7078241 7.5247019 8.2723903 8.0877704 8.4439711 8.9999983 0.0000000 8.3699521 8.1569822 8.2965526 8.1933943 7.9488587 8.5176074 7.8079721 8.9999984 8.3259319 8.9999981 8.1362484 8.9241262 8.9999988 8.9999988 8.2162619 8.1635735 7.7540725 8.2831938 8.9999982 8.8188797 8.9999988 8.4026960 8.9999986 8.5048206 8.3602554 8.9999986 8.9999989 8.9999988 8.9999986 
Saccharomyces_arboricola                    1.3415696 0.9594863 1.2214594 1.4464773 1.3344602 1.9366755 1.4767804 1.2438030 0.8858804 1.0398921 8.3699521 0.0000000 0.3482153 0.2806770 0.2807754 0.3109781 0.3076931 0.2872137 1.6447697 1.0949860 1.0711437 1.1563435 1.0253050 1.1339163 0.9358090 1.0548105 1.1174287 1.7101164 1.0552212 1.5382487 0.9687274 1.0417315 1.0030136 1.0346518 1.0393703 1.5419656 1.1933916 1.3002744 1.1953253 1.8507873 
Saccharomyces_cerevisiae                    1.2113917 1.0371146 1.1770419 1.4870215 1.2711444 1.8023062 1.3844876 1.2725727 0.9584962 1.0259486 8.1569822 0.3482153 0.0000000 0.3757495 0.3168387 0.2592295 0.1631600 0.3949694 1.5214856 1.1043721 0.9814987 1.1466168 1.0063564 1.1796588 0.9354397 1.0275396 1.0335313 1.7558307 1.0313659 1.4604016 0.9247189 1.0210114 1.0023205 1.0666380 1.0189330 1.4799945 1.1938377 1.2221767 1.1409030 1.8052444 
Saccharomyces_eubayanus                     1.1903304 0.9663709 1.1010950 1.3374688 1.1294861 1.7346923 1.2969839 1.1726378 0.8500452 0.9558635 8.2965526 0.2806770 0.3757495 0.0000000 0.3055438 0.3683485 0.3077508 0.0764633 1.5641178 1.0531420 1.0043564 1.1163520 1.0026213 1.1345121 0.9249705 0.9889962 1.0517264 1.6901127 0.9880925 1.4692254 0.9052935 0.9324001 1.0187050 1.0231760 1.0519206 1.4896219 1.1000289 1.2116466 1.0603143 1.6840687 
Saccharomyces_kudriavzevii                  1.2652720 0.9820004 1.1728555 1.4008610 1.2287386 1.7873043 1.4496750 1.2183781 0.9049056 0.9857181 8.1933943 0.2807754 0.3168387 0.3055438 0.0000000 0.3153608 0.2908413 0.3063080 1.5862925 1.0742232 0.9928481 1.2075271 1.0668125 1.0912889 0.9700463 1.0503410 1.0150072 1.7864037 1.0601418 1.4457487 0.9600729 0.9821690 1.0381173 1.0685985 1.0392152 1.4407466 1.1408227 1.2265147 1.1441607 1.7426731 
Saccharomyces_mikatae                       1.2583975 0.9915272 1.1177257 1.3872575 1.2805569 1.7088149 1.4590453 1.3028174 0.9117940 1.0082967 7.9488587 0.3109781 0.2592295 0.3683485 0.3153608 0.0000000 0.2424924 0.3743538 1.5153256 1.0836868 0.9431394 1.1016616 1.0542754 1.1264223 0.9072775 1.0467046 0.9679553 1.7535748 0.9554871 1.4339812 0.8914969 0.9764419 1.0078770 1.0487538 1.0454126 1.4760756 1.2121284 1.2344482 1.1764717 1.7118980 
Saccharomyces_paradoxus                     1.2612480 0.9956502 1.1684688 1.4625812 1.2491653 1.7859477 1.3955119 1.3037965 0.8797148 1.0062362 8.5176074 0.3076931 0.1631600 0.3077508 0.2908413 0.2424924 0.0000000 0.3169687 1.5400577 1.0967640 1.0260163 1.1558939 1.0287580 1.1437544 0.9418919 0.9986988 1.0569401 1.7661359 0.9934831 1.4237957 0.9298220 1.0157980 1.0287038 1.0494054 1.0538365 1.4946944 1.1671494 1.2472751 1.1292157 1.7729244 
Saccharomyces_uvarum                        1.2427812 0.9564119 1.1317752 1.2707867 1.1479820 1.7617722 1.3223314 1.1347780 0.8099168 0.9779099 7.8079721 0.2872137 0.3949694 0.0764633 0.3063080 0.3743538 0.3169687 0.0000000 1.5987155 1.0699158 1.0506607 1.1840166 1.0236385 1.1684329 0.9054535 0.9784813 1.0540713 1.5980598 0.9539515 1.4822790 0.9021793 0.9409640 1.0139020 1.0853559 1.0588699 1.5023863 1.1637439 1.2498512 1.1204093 1.7263965 
Tetrapisispora_blattae                      1.6664342 1.6698452 1.7726593 1.7792723 1.8962966 2.2658280 1.9579094 1.7679114 1.6015505 1.7393289 8.9999984 1.6447697 1.5214856 1.5641178 1.5862925 1.5153256 1.5400577 1.5987155 0.0000000 1.5406477 1.4280699 1.7352366 1.5444237 1.5986737 1.5326911 1.5272676 1.9521428 2.0748869 1.4724977 1.4876348 1.4098751 1.6413088 1.5277437 1.5911340 1.5249357 1.4700306 1.6490728 1.6027790 1.6904133 1.4920739 
Tetrapisispora_phaffii                      1.3334530 1.1593574 1.2767543 1.3968196 1.2187066 1.8493312 1.3167810 1.3113460 1.0825498 1.0026277 8.3259319 1.0949860 1.1043721 1.0531420 1.0742232 1.0836868 1.0967640 1.0699158 1.5406477 0.0000000 0.8484590 1.0728317 1.1345577 1.2483608 1.0936625 1.0692054 1.1517476 1.6318340 1.0232077 1.4268668 1.1995193 1.1633468 1.0626911 1.1696473 1.0401147 1.4723443 0.4309056 0.6399306 0.3971260 1.8824848 
Vanderwaltozyma_polyspora                   1.3923705 0.9848254 1.3319825 1.4263945 1.3544856 1.9884012 1.5824317 1.3849946 1.0685762 0.9228118 8.9999981 1.0711437 0.9814987 1.0043564 0.9928481 0.9431394 1.0260163 1.0506607 1.4280699 0.8484590 0.0000000 0.9852809 0.9682722 1.1573597 0.9731761 1.0819632 1.1235773 1.6490284 0.9284772 1.2859628 1.0220950 1.0951055 1.1699159 1.0451871 1.1151538 1.2763488 0.8670770 0.8227457 0.8754454 1.8285084 
yHAB132_Kazachstania_martiniae              1.2967157 1.0625276 1.1195658 1.4486038 1.2323374 1.9662107 1.4219391 1.2286161 0.9002973 0.9396442 8.1362484 1.1563435 1.1466168 1.1163520 1.2075271 1.1016616 1.1558939 1.1840166 1.7352366 1.0728317 0.9852809 0.0000000 0.9274099 0.9326226 0.7723984 0.9083031 0.9989067 1.6212372 0.9590406 1.3881737 0.9094751 1.0107386 1.0025705 0.9147661 0.9645541 1.2623250 1.0706512 1.0970187 1.0777977 1.7514703 
yHAB133_Kazachstania_unispora               1.2756849 0.9412657 1.0465809 1.5130607 1.3776130 2.0148275 1.5075888 1.3956976 0.9752824 0.9785333 8.9241262 1.0253050 1.0063564 1.0026213 1.0668125 1.0542754 1.0287580 1.0236385 1.5444237 1.1345577 0.9682722 0.9274099 0.0000000 1.0106164 0.6964610 0.3562113 0.8990406 1.5570847 1.0932751 1.3345576 1.0113343 1.0018454 0.2971683 0.9629244 0.2700006 1.1792174 1.1545205 1.0817627 1.2536560 1.6947263 
yHAB134_Kazachstania_turicensis             1.3043145 1.1004892 1.2406586 1.5685926 1.1900808 2.0663143 1.3212715 1.2403051 0.9653225 1.0876242 8.9999988 1.1339163 1.1796588 1.1345121 1.0912889 1.1264223 1.1437544 1.1684329 1.5986737 1.2483608 1.1573597 0.9326226 1.0106164 0.0000000 0.9060958 1.0369561 0.9570750 1.5430199 0.8199939 1.3451223 0.7811525 1.0371458 1.0292362 0.6053432 1.0202410 1.3388235 1.3244447 1.2757482 1.4123374 1.7202219 
yHAB136_Kazachstania_bromeliacearum         1.2594223 0.9094168 0.9398322 1.3581756 1.2705277 1.8340267 1.3122712 1.2682274 0.7848254 0.8844817 8.9999988 0.9358090 0.9354397 0.9249705 0.9700463 0.9072775 0.9418919 0.9054535 1.5326911 1.0936625 0.9731761 0.7723984 0.6964610 0.9060958 0.0000000 0.5922757 0.7993266 1.4210135 0.8155883 1.1989950 0.7970463 0.8441552 0.7285471 0.8202085 0.7481736 1.1094284 1.0942551 1.1199813 1.0653838 1.6880433 
yHAB143_Kazachstania_siamensis              1.2649413 1.0383346 1.0573718 1.4110012 1.3274774 1.9069460 1.3755923 1.2795566 0.9577440 0.9824809 8.2162619 1.0548105 1.0275396 0.9889962 1.0503410 1.0467046 0.9986988 0.9784813 1.5272676 1.0692054 1.0819632 0.9083031 0.3562113 1.0369561 0.5922757 0.0000000 0.8485449 1.4614930 1.0548825 1.2732679 1.0442281 0.9932824 0.4024928 1.0167046 0.3936828 1.2312670 1.1385792 1.1624433 1.2446498 1.7353377 
yHAB147_Kazachstania_taianensis             1.2254515 1.0801613 0.9636902 1.3844058 1.2402578 1.9777097 1.3746457 1.3386590 1.0383931 0.9808000 8.1635735 1.1174287 1.0335313 1.0517264 1.0150072 0.9679553 1.0569401 1.0540713 1.9521428 1.1517476 1.1235773 0.9989067 0.8990406 0.9570750 0.7993266 0.8485449 0.0000000 1.6196146 0.9344277 1.4508491 1.0409483 1.1443540 0.8636523 0.9371833 0.8649167 1.4647227 1.1021497 1.1754809 1.2283755 2.0167479 
yHAB148_Kazachstania_intestinalis           1.8244683 1.4095441 1.5881725 1.9911740 1.8669836 2.2135954 1.7666181 1.7081034 1.5234768 1.5962394 7.7540725 1.7101164 1.7558307 1.6901127 1.7864037 1.7535748 1.7661359 1.5980598 2.0748869 1.6318340 1.6490284 1.6212372 1.5570847 1.5430199 1.4210135 1.4614930 1.6196146 0.0000000 1.4434804 1.9213093 1.6006041 1.6117619 1.4859197 1.5641763 1.5413610 1.9990687 1.7200957 1.7149467 1.7266723 2.4735303 
yHAB153_Kazachstania_rosinii                1.2111134 0.8021291 1.1199296 1.3232012 1.1882273 1.8022501 1.2552885 1.2541215 0.7970392 0.8680670 8.2831938 1.0552212 1.0313659 0.9880925 1.0601418 0.9554871 0.9934831 0.9539515 1.4724977 1.0232077 0.9284772 0.9590406 1.0932751 0.8199939 0.8155883 1.0548825 0.9344277 1.4434804 0.0000000 1.5034816 0.7370080 0.8799653 1.0276024 0.7873366 1.0569580 1.2645489 1.1872302 0.9761392 1.0682006 1.6456640 
yHAB154_Kazachstania_transvaalensis         1.8199427 1.6212913 1.4439812 1.8159106 1.7316617 1.8742088 1.8471942 1.7417859 1.4030234 1.4839923 8.9999982 1.5382487 1.4604016 1.4692254 1.4457487 1.4339812 1.4237957 1.4822790 1.4876348 1.4268668 1.2859628 1.3881737 1.3345576 1.3451223 1.1989950 1.2732679 1.4508491 1.9213093 1.5034816 0.0000000 1.2733823 1.7050523 1.2440228 1.3618853 1.2380317 0.3449592 1.4238288 1.5226461 1.5797584 1.9283132 
yHAB155_Kazachstania_spencerorum            1.2326329 0.9529595 1.1899553 1.4559262 1.2343010 1.9387414 1.3791980 1.1930231 0.8448434 0.9686107 8.8188797 0.9687274 0.9247189 0.9052935 0.9600729 0.8914969 0.9298220 0.9021793 1.4098751 1.1995193 1.0220950 0.9094751 1.0113343 0.7811525 0.7970463 1.0442281 1.0409483 1.6006041 0.7370080 1.2733823 0.0000000 0.8564738 1.0190664 0.7844397 1.0508659 1.1811612 1.2762339 1.1535072 1.2762847 1.5603032 
yHAB158_Kazachstania_viticola               1.3906983 0.8489477 1.3489458 1.5357459 1.2967626 1.8714432 1.4282673 1.2692709 0.8667956 0.9003545 8.9999988 1.0417315 1.0210114 0.9324001 0.9821690 0.9764419 1.0157980 0.9409640 1.6413088 1.1633468 1.0951055 1.0107386 1.0018454 1.0371458 0.8441552 0.9932824 1.1443540 1.6117619 0.8799653 1.7050523 0.8564738 0.0000000 1.0258784 0.9487202 1.0003376 1.6212012 1.0479958 1.0166669 1.1265349 1.7764518 
yHAB159_Kazachstania_solicola               1.2293873 1.0280964 0.9960366 1.4410787 1.2907721 1.8829364 1.4235184 1.3377640 1.0264475 1.0171219 8.4026960 1.0030136 1.0023205 1.0187050 1.0381173 1.0078770 1.0287038 1.0139020 1.5277437 1.0626911 1.1699159 1.0025705 0.2971683 1.0292362 0.7285471 0.4024928 0.8636523 1.4859197 1.0276024 1.2440228 1.0190664 1.0258784 0.0000000 0.9713202 0.0954711 1.1741390 1.0884358 1.2210417 1.2059755 1.7008299 
yHAB160_Kazachstania_kunashirensis          1.2761387 0.9848070 1.1495172 1.4068363 1.2050296 1.7964091 1.3518366 1.3271256 1.0121180 0.8872944 8.9999986 1.0346518 1.0666380 1.0231760 1.0685985 1.0487538 1.0494054 1.0853559 1.5911340 1.1696473 1.0451871 0.9147661 0.9629244 0.6053432 0.8202085 1.0167046 0.9371833 1.5641763 0.7873366 1.3618853 0.7844397 0.9487202 0.9713202 0.0000000 0.9784710 1.1925709 1.1123330 1.1367230 1.1710890 1.5704502 
yHAB164_Kazachstania_aerobia                1.2576427 1.0878538 1.0469408 1.4634632 1.2582242 1.9067044 1.4454759 1.3811890 1.0210997 0.9540189 8.5048206 1.0393703 1.0189330 1.0519206 1.0392152 1.0454126 1.0538365 1.0588699 1.5249357 1.0401147 1.1151538 0.9645541 0.2700006 1.0202410 0.7481736 0.3936828 0.8649167 1.5413610 1.0569580 1.2380317 1.0508659 1.0003376 0.0954711 0.9784710 0.0000000 1.1707135 1.0581384 1.1283618 1.1634861 1.7240873 
yHAB166_Kazachstania_yakushimaensis         1.7982261 1.5415119 1.3912286 1.7850370 1.7594038 1.9971961 1.8482968 1.7542402 1.3525788 1.3500067 8.3602554 1.5419656 1.4799945 1.4896219 1.4407466 1.4760756 1.4946944 1.5023863 1.4700306 1.4723443 1.2763488 1.2623250 1.1792174 1.3388235 1.1094284 1.2312670 1.4647227 1.9990687 1.2645489 0.3449592 1.1811612 1.6212012 1.1741390 1.1925709 1.1707135 0.0000000 1.4768627 1.3608779 1.5424830 1.9639144 
yHMPu5000034875_Tetrapisispora_fleetii      1.3693715 1.1706196 1.2661044 1.4158344 1.2228530 1.8522532 1.3363944 1.3630937 1.1529003 1.0344784 8.9999986 1.1933916 1.1938377 1.1000289 1.1408227 1.2121284 1.1671494 1.1637439 1.6490728 0.4309056 0.8670770 1.0706512 1.1545205 1.3244447 1.0942551 1.1385792 1.1021497 1.7200957 1.1872302 1.4238288 1.2762339 1.0479958 1.0884358 1.1123330 1.0581384 1.4768627 0.0000000 0.6623521 0.2789135 1.8750206 
yHMPu5000034876_Tetrapisispora_iriomotensis 1.4954114 1.1141120 1.4054539 1.4639802 1.3789239 2.0831897 1.5100652 1.4575991 1.2430548 1.0766921 8.9999989 1.3002744 1.2221767 1.2116466 1.2265147 1.2344482 1.2472751 1.2498512 1.6027790 0.6399306 0.8227457 1.0970187 1.0817627 1.2757482 1.1199813 1.1624433 1.1754809 1.7149467 0.9761392 1.5226461 1.1535072 1.0166669 1.2210417 1.1367230 1.1283618 1.3608779 0.6623521 0.0000000 0.6315366 1.6938735 
yHMPu5000034877_Tetrapisispora_namnaonensis 1.4060409 1.1642347 1.3498043 1.4160951 1.2143397 1.8597606 1.3833796 1.3955057 1.2675186 1.0313661 8.9999988 1.1953253 1.1409030 1.0603143 1.1441607 1.1764717 1.1292157 1.1204093 1.6904133 0.3971260 0.8754454 1.0777977 1.2536560 1.4123374 1.0653838 1.2446498 1.2283755 1.7266723 1.0682006 1.5797584 1.2762847 1.1265349 1.2059755 1.1710890 1.1634861 1.5424830 0.2789135 0.6315366 0.0000000 1.9499170 
yHMPu5000035629_Yueomyces_sinensis          2.0696615 1.5902330 1.9227704 1.8632748 1.9201732 2.7205142 2.0653272 2.0446524 1.7014100 1.7537315 8.9999986 1.8507873 1.8052444 1.6840687 1.7426731 1.7118980 1.7729244 1.7263965 1.4920739 1.8824848 1.8285084 1.7514703 1.6947263 1.7202219 1.6880433 1.7353377 2.0167479 2.4735303 1.6456640 1.9283132 1.5603032 1.7764518 1.7008299 1.5704502 1.7240873 1.9639144 1.8750206 1.6938735 1.9499170 0.0000000 
