40
Candida_glabrata                            0.0000000 1.3188692 2.1076148 1.4327072 0.8666420 1.5648139 0.8754546 0.7910970 1.0889650 1.2307036 4.2029052 1.2585009 1.2394443 1.2465308 1.2526619 1.1615472 1.1934638 1.2127880 1.4998812 1.4618480 1.3891964 1.3081638 1.9691763 1.5738131 1.7128736 1.9899770 1.9407615 1.9304094 1.5005710 2.4984664 1.6131062 1.4793166 1.9777050 1.5255404 1.9600151 2.4997995 1.4493908 1.4203617 1.4416993 1.4820105 
Kazachstania_africana                       1.3188692 0.0000000 2.3460969 1.4244484 1.4073335 1.7979025 1.3888667 1.5065058 1.3476274 1.2511177 4.4444590 1.3466410 1.3236127 1.2651298 1.4021752 1.4494305 1.3699282 1.2439793 1.5334845 1.5771776 1.4449773 1.2903113 1.6743409 1.4895336 1.6133425 1.8459007 2.1717975 1.5540041 1.4963373 2.0487797 1.3631872 1.1964360 1.6005839 1.2139793 1.6041871 2.1998796 1.5656915 1.4910852 1.5212599 1.5448921 
Kazachstania_naganishii                     2.1076148 2.3460969 0.0000000 2.5391537 2.3629301 2.4549361 2.1832123 2.1439369 1.9326545 2.1635134 4.6880482 2.0227191 1.9623780 1.9737916 1.9859454 1.9178925 1.9344341 1.9811891 1.9699810 2.4306547 2.4474719 2.2551495 2.1512771 2.7562483 1.8420797 2.2025554 1.4602157 2.0955823 2.2079501 2.5420745 2.8200577 2.6600079 1.9076052 2.4691989 1.9674494 2.7527772 2.4001298 2.3857074 2.4671190 2.1973367 
Nakaseomyces_bacillisporus                  1.4327072 1.4244484 2.5391537 0.0000000 1.5770253 1.4853934 1.4536887 1.4535941 1.3630830 1.2899195 4.5433809 1.4390955 1.3713692 1.4796061 1.5159544 1.4403359 1.4160148 1.4154106 1.7255011 1.5795330 1.4055004 1.4811840 1.8152507 1.7674172 1.6894880 1.9345439 2.3907488 1.7771328 1.7611461 2.6455363 1.8890810 1.5542420 1.8086626 1.7164788 1.7530145 2.5481136 1.5777442 1.5075103 1.6522509 1.7247554 
Nakaseomyces_bracarensis                    0.8666420 1.4073335 2.3629301 1.5770253 0.0000000 1.7199212 0.5938213 0.5911135 1.1856864 1.3217492 3.8719428 1.2524710 1.2781782 1.2820402 1.3461177 1.3119089 1.2530766 1.2719483 1.8055450 1.5057556 1.4250591 1.3703041 1.9993361 1.6619903 1.9556069 2.1107451 2.0348167 1.9005361 1.5481860 2.5247911 1.7207763 1.6205457 2.0985517 1.5377060 2.1903144 2.8250028 1.5309471 1.4923261 1.5246665 1.2723960 
Nakaseomyces_castellii                      1.5648139 1.7979025 2.4549361 1.4853934 1.7199212 0.0000000 1.6946115 1.7104682 1.6977983 1.6041350 4.2008274 1.6662363 1.6614267 1.6257312 1.7004685 1.6337673 1.6964046 1.6459867 2.0067782 1.9460536 1.6408138 1.6177899 2.3917247 2.1204994 1.7541413 2.3985354 1.9994353 1.9957063 1.8442680 3.2856884 1.9596609 1.7994130 2.0455762 1.7087991 2.0746250 3.1116815 2.0611548 1.8476569 2.0096109 2.0677491 
Nakaseomyces_delphensis                     0.8754546 1.3888667 2.1832123 1.4536887 0.5938213 1.6946115 0.0000000 0.5073051 1.2816301 1.3538843 4.1305818 1.2500188 1.2213694 1.2332402 1.2424630 1.2489498 1.1750800 1.2436673 1.5228917 1.5935976 1.5277401 1.4559993 1.9227671 1.8225755 1.8834621 2.0158969 1.9010084 1.9606304 1.4099583 2.5215579 1.8900985 1.7042148 1.9421978 1.6773877 2.0119625 2.7255886 1.5378202 1.5173540 1.5167118 1.4137481 
Nakaseomyces_nivariensis                    0.7910970 1.5065058 2.1439369 1.4535941 0.5911135 1.7104682 0.5073051 0.0000000 1.2881015 1.3702793 4.1524616 1.3197921 1.3188310 1.3246711 1.3402597 1.3753529 1.3134657 1.3040702 1.5627764 1.6392058 1.4606825 1.3080619 1.9176027 1.6763944 1.9158560 2.0705820 2.0681508 1.9523960 1.5414159 2.7442620 1.7687037 1.7151142 2.0157583 1.6627740 2.0199750 2.9523060 1.6425863 1.5711116 1.6640644 1.3737832 
Naumovozyma_castellii                       1.0889650 1.3476274 1.9326545 1.3630830 1.1856864 1.6977983 1.2816301 1.2881015 0.0000000 0.8309586 4.5104660 1.0705446 1.0008425 0.9779234 0.9836241 1.0385099 1.0043263 1.0119891 1.3794555 1.3030470 1.2027836 1.2337428 1.5693306 1.5362120 1.2712179 1.6247898 1.9651562 1.6975907 1.5451802 2.1543378 1.3263883 1.2931731 1.5748745 1.2693370 1.5836318 2.2885580 1.3197345 1.2860191 1.2583897 1.3271841 
Naumovozyma_dairenensis                     1.2307036 1.2511177 2.1635134 1.2899195 1.3217492 1.6041350 1.3538843 1.3702793 0.8309586 0.0000000 4.5642962 1.1155823 1.0775472 1.0369127 1.1740192 1.2184395 1.1261825 1.0541151 1.2692710 1.4376820 1.3003002 1.2291696 1.3393138 1.7077397 1.2600057 1.4604731 1.9587881 1.6736572 1.7477182 2.2746383 1.3533482 1.3222203 1.5153095 1.3116195 1.4370737 2.3469858 1.3511823 1.3894737 1.3120564 1.2955484 
Neurospora_crassa                           4.2029052 4.4444590 4.6880482 4.5433809 3.8719428 4.2008274 4.1305818 4.1524616 4.5104660 4.5642962 0.0000000 4.4090112 4.7052293 4.7515683 4.8299815 4.2794202 4.6104716 4.8996507 4.5576050 4.5879173 4.4988163 5.0249608 5.5359500 4.7403574 5.3282206 5.4535601 4.1205638 4.5243851 3.8148295 6.9741725 4.8794301 4.5179238 5.5825256 4.6249436 5.8330854 6.6817151 4.4644192 4.1945280 4.2898324 4.9755129 
Saccharomyces_arboricola                    1.2585009 1.3466410 2.0227191 1.4390955 1.2524710 1.6662363 1.2500188 1.3197921 1.0705446 1.1155823 4.4090112 0.0000000 0.2518551 0.3599972 0.2726124 0.2847435 0.2298635 0.3324752 1.4963884 1.4418468 1.3505145 1.2891274 1.7592625 1.4044806 1.4764041 1.7210924 2.0299739 1.8692973 1.5051041 2.1975490 1.5831509 1.4086592 1.6955489 1.3073408 1.7637022 2.4246177 1.3468678 1.4532124 1.4764597 1.4860101 
Saccharomyces_cerevisiae                    1.2394443 1.3236127 1.9623780 1.3713692 1.2781782 1.6614267 1.2213694 1.3188310 1.0008425 1.0775472 4.7052293 0.2518551 0.0000000 0.3591773 0.3186115 0.2782004 0.1119916 0.3380510 1.5076506 1.4461775 1.3510865 1.3073768 1.7009662 1.3858328 1.4593348 1.7395352 2.0507319 1.9010599 1.5240886 2.2215322 1.5417593 1.3734229 1.7215118 1.3461062 1.8006117 2.2682823 1.3735030 1.3960509 1.4674778 1.5258945 
Saccharomyces_eubayanus                     1.2465308 1.2651298 1.9737916 1.4796061 1.2820402 1.6257312 1.2332402 1.3246711 0.9779234 1.0369127 4.7515683 0.3599972 0.3591773 0.0000000 0.3362745 0.3871285 0.3398030 0.1191400 1.5133530 1.4935966 1.2998028 1.2580194 1.6319280 1.5203970 1.5114792 1.7269217 2.0920404 1.8111286 1.4607456 2.3443261 1.4245363 1.3106261 1.6999727 1.2053007 1.7413358 2.3505817 1.4591365 1.4365886 1.5056820 1.4637967 
Saccharomyces_kudriavzevii                  1.2526619 1.4021752 1.9859454 1.5159544 1.3461177 1.7004685 1.2424630 1.3402597 0.9836241 1.1740192 4.8299815 0.2726124 0.3186115 0.3362745 0.0000000 0.3403250 0.2815616 0.3165783 1.5061169 1.4419368 1.3649415 1.3877810 1.7506937 1.4526416 1.5846645 1.7936789 2.0811600 1.8721696 1.4698576 2.3089187 1.4808766 1.3743369 1.7644835 1.3452167 1.8110621 2.5300881 1.4123679 1.4424517 1.5267391 1.5407535 
Saccharomyces_mikatae                       1.1615472 1.4494305 1.9178925 1.4403359 1.3119089 1.6337673 1.2489498 1.3753529 1.0385099 1.2184395 4.2794202 0.2847435 0.2782004 0.3871285 0.3403250 0.0000000 0.2421929 0.3958864 1.5676281 1.3814522 1.3885953 1.3420226 1.6952702 1.3914723 1.5484154 1.7285957 2.1623153 1.8990137 1.5269303 2.3437609 1.6025456 1.3095001 1.6898624 1.3507416 1.7618873 2.4315000 1.3137578 1.4025345 1.4208229 1.4977521 
Saccharomyces_paradoxus                     1.1934638 1.3699282 1.9344341 1.4160148 1.2530766 1.6964046 1.1750800 1.3134657 1.0043263 1.1261825 4.6104716 0.2298635 0.1119916 0.3398030 0.2815616 0.2421929 0.0000000 0.3068481 1.4847145 1.4430874 1.3577978 1.3101480 1.7589824 1.3817963 1.4867640 1.7624860 2.0400529 1.8436887 1.4668587 2.2512563 1.5802735 1.3455584 1.7353013 1.3138863 1.8375938 2.3110366 1.3694130 1.3950032 1.4624494 1.5240473 
Saccharomyces_uvarum                        1.2127880 1.2439793 1.9811891 1.4154106 1.2719483 1.6459867 1.2436673 1.3040702 1.0119891 1.0541151 4.8996507 0.3324752 0.3380510 0.1191400 0.3165783 0.3958864 0.3068481 0.0000000 1.4874707 1.4244610 1.2980798 1.2897189 1.6015465 1.4848133 1.4693205 1.7013995 2.0539724 1.7614460 1.5148288 2.3529439 1.5014062 1.3285137 1.6585837 1.2058868 1.7321228 2.3381796 1.4013427 1.3723819 1.4464400 1.4803872 
Tetrapisispora_blattae                      1.4998812 1.5334845 1.9699810 1.7255011 1.8055450 2.0067782 1.5228917 1.5627764 1.3794555 1.2692710 4.5576050 1.4963884 1.5076506 1.5133530 1.5061169 1.5676281 1.4847145 1.4874707 0.0000000 1.6306683 1.5231419 1.5847649 1.9083686 1.8285582 1.6466507 1.9312870 2.1791574 2.1007011 1.6721513 2.6522122 1.8471877 1.7179444 1.9272618 1.5831596 1.8623805 2.6879495 1.6675552 1.5922452 1.6583178 1.1870490 
Tetrapisispora_phaffii                      1.4618480 1.5771776 2.4306547 1.5795330 1.5057556 1.9460536 1.5935976 1.6392058 1.3030470 1.4376820 4.5879173 1.4418468 1.4461775 1.4935966 1.4419368 1.3814522 1.4430874 1.4244610 1.6306683 0.0000000 1.2026954 1.5601417 1.7506173 1.6921307 1.6664413 1.8967347 2.1527912 1.9633241 1.6751540 2.5290694 1.6499237 1.6589891 1.8341862 1.4210509 1.7516812 2.7893828 0.4855369 0.7104185 0.4560894 1.5452858 
Vanderwaltozyma_polyspora                   1.3891964 1.4449773 2.4474719 1.4055004 1.4250591 1.6408138 1.5277401 1.4606825 1.2027836 1.3003002 4.4988163 1.3505145 1.3510865 1.2998028 1.3649415 1.3885953 1.3577978 1.2980798 1.5231419 1.2026954 0.0000000 1.4622839 1.7488965 1.6678465 1.5176901 1.7845730 2.3699284 1.9988975 1.6868306 2.1733165 1.4389360 1.5518794 1.8951848 1.4317709 1.8345511 2.2464928 1.2711515 1.1789485 1.3195160 1.5365041 
yHAB132_Kazachstania_martiniae              1.3081638 1.2903113 2.2551495 1.4811840 1.3703041 1.6177899 1.4559993 1.3080619 1.2337428 1.2291696 5.0249608 1.2891274 1.3073768 1.2580194 1.3877810 1.3420226 1.3101480 1.2897189 1.5847649 1.5601417 1.4622839 0.0000000 1.6678333 1.4300149 1.5189177 1.6507187 2.0014658 1.6560176 1.5255054 2.4088197 1.4486778 1.3590278 1.7781936 1.2907725 1.6401635 2.2953161 1.5820158 1.5200760 1.6525778 1.4583668 
yHAB133_Kazachstania_unispora               1.9691763 1.6743409 2.1512771 1.8152507 1.9993361 2.3917247 1.9227671 1.9176027 1.5693306 1.3393138 5.5359500 1.7592625 1.7009662 1.6319280 1.7506937 1.6952702 1.7589824 1.6015465 1.9083686 1.7506173 1.7488965 1.6678333 0.0000000 1.6732389 1.1429582 0.5507462 1.7847982 2.0824138 1.9607292 2.1572770 1.6049450 1.9344680 0.6043070 1.6104144 0.5546167 2.0313661 1.7326467 1.7118770 1.7048255 1.7578089 
yHAB134_Kazachstania_turicensis             1.5738131 1.4895336 2.7562483 1.7674172 1.6619903 2.1204994 1.8225755 1.6763944 1.5362120 1.7077397 4.7403574 1.4044806 1.3858328 1.5203970 1.4526416 1.3914723 1.3817963 1.4848133 1.8285582 1.6921307 1.6678465 1.4300149 1.6732389 0.0000000 1.4802713 1.7270368 2.2611492 2.1591304 1.5961861 2.1883199 1.2833425 1.5158975 1.8151941 0.9864604 1.7125398 2.1090234 1.7092726 1.5595495 1.6403913 1.6793776 
yHAB136_Kazachstania_bromeliacearum         1.7128736 1.6133425 1.8420797 1.6894880 1.9556069 1.7541413 1.8834621 1.9158560 1.2712179 1.2600057 5.3282206 1.4764041 1.4593348 1.5114792 1.5846645 1.5484154 1.4867640 1.4693205 1.6466507 1.6664413 1.5176901 1.5189177 1.1429582 1.4802713 0.0000000 1.1798272 1.4528258 1.8930852 1.7805494 1.9945312 1.4810154 1.6085687 1.2519850 1.3762866 1.1900972 1.9000023 1.6182366 1.5996718 1.6177824 1.7381509 
yHAB143_Kazachstania_siamensis              1.9899770 1.8459007 2.2025554 1.9345439 2.1107451 2.3985354 2.0158969 2.0705820 1.6247898 1.4604731 5.4535601 1.7210924 1.7395352 1.7269217 1.7936789 1.7285957 1.7624860 1.7013995 1.9312870 1.8967347 1.7845730 1.6507187 0.5507462 1.7270368 1.1798272 0.0000000 1.7738393 2.1736187 2.1182739 2.0230969 1.6568706 1.9236853 0.6986063 1.6990981 0.6696930 1.9516084 1.8320645 1.7220371 1.7986525 1.9033444 
yHAB147_Kazachstania_taianensis             1.9407615 2.1717975 1.4602157 2.3907488 2.0348167 1.9994353 1.9010084 2.0681508 1.9651562 1.9587881 4.1205638 2.0299739 2.0507319 2.0920404 2.0811600 2.1623153 2.0400529 2.0539724 2.1791574 2.1527912 2.3699284 2.0014658 1.7847982 2.2611492 1.4528258 1.7738393 0.0000000 2.0598564 1.8073242 2.6209626 2.2409918 2.3045193 1.5200930 2.2383596 1.6980780 2.6073276 2.5316686 2.2529632 2.4134029 2.2827215 
yHAB148_Kazachstania_intestinalis           1.9304094 1.5540041 2.0955823 1.7771328 1.9005361 1.9957063 1.9606304 1.9523960 1.6975907 1.6736572 4.5243851 1.8692973 1.9010599 1.8111286 1.8721696 1.8990137 1.8436887 1.7614460 2.1007011 1.9633241 1.9988975 1.6560176 2.0824138 2.1591304 1.8930852 2.1736187 2.0598564 0.0000000 2.0967696 2.8210254 2.1521097 1.9218510 2.0058756 1.8437551 2.1260250 2.9967706 2.1132073 2.0597657 2.1257022 2.1754268 
yHAB153_Kazachstania_rosinii                1.5005710 1.4963373 2.2079501 1.7611461 1.5481860 1.8442680 1.4099583 1.5414159 1.5451802 1.7477182 3.8148295 1.5051041 1.5240886 1.4607456 1.4698576 1.5269303 1.4668587 1.5148288 1.6721513 1.6751540 1.6868306 1.5255054 1.9607292 1.5961861 1.7805494 2.1182739 1.8073242 2.0967696 0.0000000 2.3622080 1.5770202 1.6157566 1.6633778 1.3898057 1.7924167 2.5794979 1.6884690 1.7126610 1.6089001 1.7587678 
yHAB154_Kazachstania_transvaalensis         2.4984664 2.0487797 2.5420745 2.6455363 2.5247911 3.2856884 2.5215579 2.7442620 2.1543378 2.2746383 6.9741725 2.1975490 2.2215322 2.3443261 2.3089187 2.3437609 2.2512563 2.3529439 2.6522122 2.5290694 2.1733165 2.4088197 2.1572770 2.1883199 1.9945312 2.0230969 2.6209626 2.8210254 2.3622080 0.0000000 2.2382516 2.1839007 2.0562012 2.1162942 2.0489444 0.4880710 2.6078452 2.3397986 2.6536254 2.6290937 
yHAB155_Kazachstania_spencerorum            1.6131062 1.3631872 2.8200577 1.8890810 1.7207763 1.9596609 1.8900985 1.7687037 1.3263883 1.3533482 4.8794301 1.5831509 1.5417593 1.4245363 1.4808766 1.6025456 1.5802735 1.5014062 1.8471877 1.6499237 1.4389360 1.4486778 1.6049450 1.2833425 1.4810154 1.6568706 2.2409918 2.1521097 1.5770202 2.2382516 0.0000000 1.2732404 1.7830529 0.9865469 1.7200615 2.2301604 1.5159907 1.4680324 1.6716107 1.6571476 
yHAB158_Kazachstania_viticola               1.4793166 1.1964360 2.6600079 1.5542420 1.6205457 1.7994130 1.7042148 1.7151142 1.2931731 1.3222203 4.5179238 1.4086592 1.3734229 1.3106261 1.3743369 1.3095001 1.3455584 1.3285137 1.7179444 1.6589891 1.5518794 1.3590278 1.9344680 1.5158975 1.6085687 1.9236853 2.3045193 1.9218510 1.6157566 2.1839007 1.2732404 0.0000000 1.9739137 1.2487143 1.8221695 2.3092594 1.6260034 1.6012852 1.6227902 1.8015946 
yHAB159_Kazachstania_solicola               1.9777050 1.6005839 1.9076052 1.8086626 2.0985517 2.0455762 1.9421978 2.0157583 1.5748745 1.5153095 5.5825256 1.6955489 1.7215118 1.6999727 1.7644835 1.6898624 1.7353013 1.6585837 1.9272618 1.8341862 1.8951848 1.7781936 0.6043070 1.8151941 1.2519850 0.6986063 1.5200930 2.0058756 1.6633778 2.0562012 1.7830529 1.9739137 0.0000000 1.6529223 0.3035004 2.1085831 1.8958256 1.7785309 1.8353655 2.0828918 
yHAB160_Kazachstania_kunashirensis          1.5255404 1.2139793 2.4691989 1.7164788 1.5377060 1.7087991 1.6773877 1.6627740 1.2693370 1.3116195 4.6249436 1.3073408 1.3461062 1.2053007 1.3452167 1.3507416 1.3138863 1.2058868 1.5831596 1.4210509 1.4317709 1.2907725 1.6104144 0.9864604 1.3762866 1.6990981 2.2383596 1.8437551 1.3898057 2.1162942 0.9865469 1.2487143 1.6529223 0.0000000 1.5871346 2.0486204 1.3868030 1.3538213 1.4599876 1.5833299 
yHAB164_Kazachstania_aerobia                1.9600151 1.6041871 1.9674494 1.7530145 2.1903144 2.0746250 2.0119625 2.0199750 1.5836318 1.4370737 5.8330854 1.7637022 1.8006117 1.7413358 1.8110621 1.7618873 1.8375938 1.7321228 1.8623805 1.7516812 1.8345511 1.6401635 0.5546167 1.7125398 1.1900972 0.6696930 1.6980780 2.1260250 1.7924167 2.0489444 1.7200615 1.8221695 0.3035004 1.5871346 0.0000000 2.0193142 1.8029231 1.8222944 1.8337988 1.9978436 
yHAB166_Kazachstania_yakushimaensis         2.4997995 2.1998796 2.7527772 2.5481136 2.8250028 3.1116815 2.7255886 2.9523060 2.2885580 2.3469858 6.6817151 2.4246177 2.2682823 2.3505817 2.5300881 2.4315000 2.3110366 2.3381796 2.6879495 2.7893828 2.2464928 2.2953161 2.0313661 2.1090234 1.9000023 1.9516084 2.6073276 2.9967706 2.5794979 0.4880710 2.2301604 2.3092594 2.1085831 2.0486204 2.0193142 0.0000000 2.4766746 2.4688071 2.5862036 2.9311747 
yHMPu5000034875_Tetrapisispora_fleetii      1.4493908 1.5656915 2.4001298 1.5777442 1.5309471 2.0611548 1.5378202 1.6425863 1.3197345 1.3511823 4.4644192 1.3468678 1.3735030 1.4591365 1.4123679 1.3137578 1.3694130 1.4013427 1.6675552 0.4855369 1.2711515 1.5820158 1.7326467 1.7092726 1.6182366 1.8320645 2.5316686 2.1132073 1.6884690 2.6078452 1.5159907 1.6260034 1.8958256 1.3868030 1.8029231 2.4766746 0.0000000 0.7006529 0.3097441 1.5201266 
yHMPu5000034876_Tetrapisispora_iriomotensis 1.4203617 1.4910852 2.3857074 1.5075103 1.4923261 1.8476569 1.5173540 1.5711116 1.2860191 1.3894737 4.1945280 1.4532124 1.3960509 1.4365886 1.4424517 1.4025345 1.3950032 1.3723819 1.5922452 0.7104185 1.1789485 1.5200760 1.7118770 1.5595495 1.5996718 1.7220371 2.2529632 2.0597657 1.7126610 2.3397986 1.4680324 1.6012852 1.7785309 1.3538213 1.8222944 2.4688071 0.7006529 0.0000000 0.7192443 1.4914438 
yHMPu5000034877_Tetrapisispora_namnaonensis 1.4416993 1.5212599 2.4671190 1.6522509 1.5246665 2.0096109 1.5167118 1.6640644 1.2583897 1.3120564 4.2898324 1.4764597 1.4674778 1.5056820 1.5267391 1.4208229 1.4624494 1.4464400 1.6583178 0.4560894 1.3195160 1.6525778 1.7048255 1.6403913 1.6177824 1.7986525 2.4134029 2.1257022 1.6089001 2.6536254 1.6716107 1.6227902 1.8353655 1.4599876 1.8337988 2.5862036 0.3097441 0.7192443 0.0000000 1.5693462 
yHMPu5000035629_Yueomyces_sinensis          1.4820105 1.5448921 2.1973367 1.7247554 1.2723960 2.0677491 1.4137481 1.3737832 1.3271841 1.2955484 4.9755129 1.4860101 1.5258945 1.4637967 1.5407535 1.4977521 1.5240473 1.4803872 1.1870490 1.5452858 1.5365041 1.4583668 1.7578089 1.6793776 1.7381509 1.9033444 2.2827215 2.1754268 1.7587678 2.6290937 1.6571476 1.8015946 2.0828918 1.5833299 1.9978436 2.9311747 1.5201266 1.4914438 1.5693462 0.0000000 
