40
Candida_glabrata                            0.0000000 3.6527403 4.1107363 3.9765699 2.1687754 4.6610304 2.1509596 2.1246605 3.8410672 4.1655930 8.9999983 3.5345901 3.4522977 3.5540168 3.5374817 3.4934842 3.5491384 3.6409707 4.4188633 4.4066332 3.8506622 3.8058384 4.3989222 4.0061420 3.8042898 4.2146537 4.4269614 4.2194852 3.8552506 4.1403191 3.7059394 4.1334362 4.4017071 3.6524838 4.3203778 4.1103420 4.6006359 4.4979098 4.5961554 4.9443736 
Kazachstania_africana                       3.6527403 0.0000000 2.3713910 2.9174259 3.6169615 3.5513583 3.6750779 3.5995849 2.2856722 2.4943442 8.9999990 2.1741064 2.1173288 2.1781694 2.0889544 2.0651847 2.1589721 2.1451819 2.7824503 3.0698103 2.3775111 2.1443476 2.4168617 2.6119162 1.8936943 2.4149441 2.3035586 2.6300035 1.7125298 2.4794953 1.8024805 2.1079984 2.3993250 2.0346425 2.4820409 2.3160439 3.3211837 3.0474078 3.1600467 3.2573545 
Kazachstania_naganishii                     4.1107363 2.3713910 0.0000000 3.1683462 3.6043168 3.9386800 3.7558814 3.6627869 2.6525917 2.8811545 8.9999989 2.4356286 2.4317678 2.3914824 2.4519483 2.3993177 2.4091683 2.4223457 3.1220582 3.4765864 2.6921789 2.3784809 2.3063570 2.8668543 1.6950419 2.3609747 1.9995427 2.6496898 2.1857566 2.3416510 2.3735378 2.7426720 2.2936545 2.4560665 2.3403962 2.1794598 3.4741205 3.4797120 3.3836697 3.6184611 
Nakaseomyces_bacillisporus                  3.9765699 2.9174259 3.1683462 0.0000000 3.6965042 3.1374180 3.9326817 3.8449383 3.0370961 3.2580616 8.9999990 2.6582796 2.6853195 2.6844765 2.6744925 2.6951824 2.6986550 2.6743711 3.3687351 3.8641071 3.1026149 3.0287964 3.4495026 3.4475942 2.9686098 3.3427431 3.3921200 3.3270636 3.0363724 3.2635287 2.8422914 3.3089444 3.4396981 3.1060700 3.4947477 3.0473858 3.7823399 3.6744399 3.8099405 3.8193553 
Nakaseomyces_bracarensis                    2.1687754 3.6169615 3.6043168 3.6965042 0.0000000 4.5153444 0.9683718 0.9381394 3.3622238 3.6735885 8.9999980 3.1225435 3.1157818 3.1376614 3.2415268 3.0471086 3.1977423 3.1668429 4.0683710 3.9525299 3.4614492 3.4928160 3.9774168 3.6740291 3.4554853 3.8773952 3.7495383 4.0710231 3.3302646 3.6682425 3.4256819 3.8456933 3.9290637 3.4612306 3.9227781 3.6339903 4.1413858 4.2001692 3.9667709 4.6383957 
Nakaseomyces_castellii                      4.6610304 3.5513583 3.9386800 3.1374180 4.5153444 0.0000000 4.5757139 4.7828757 3.7322148 3.9715146 8.9999983 3.5502513 3.5621942 3.6182493 3.5347083 3.5338018 3.5349956 3.6023158 4.1379799 4.5706773 3.7397427 3.8715548 4.3051185 4.2169555 3.7702932 4.2232900 4.0315648 4.0310104 3.7041068 4.1148485 3.9326745 4.1452995 4.1460337 4.1749738 4.1896088 3.9392673 4.6660623 4.3440224 4.4814028 4.3194122 
Nakaseomyces_delphensis                     2.1509596 3.6750779 3.7558814 3.9326817 0.9683718 4.5757139 0.0000000 0.7464227 3.4906574 3.8265691 8.9999989 3.1838153 3.1884800 3.1728306 3.3490948 3.2159745 3.2265775 3.2138110 3.9714171 4.2119799 3.4032317 3.4568990 4.1401600 3.8807728 3.5224054 3.8730058 3.9716122 4.0258744 3.4623255 3.7169075 3.6670491 3.8564424 3.9271295 3.5421175 3.8980835 3.5969332 4.1737628 4.1971877 4.1108741 4.5421231 
Nakaseomyces_nivariensis                    2.1246605 3.5995849 3.6627869 3.8449383 0.9381394 4.7828757 0.7464227 0.0000000 3.5170027 3.7847165 8.9999990 3.2459976 3.2711716 3.1700472 3.3289433 3.1410120 3.2702526 3.1895853 3.9830117 4.1852518 3.4002676 3.3860870 3.9746256 3.7015386 3.5049856 3.8087202 3.8161221 4.1107313 3.3358436 3.8610478 3.6466417 3.9430267 3.8644636 3.4980981 3.8369283 3.6459572 4.1781263 3.9844064 4.0451490 4.5609149 
Naumovozyma_castellii                       3.8410672 2.2856722 2.6525917 3.0370961 3.3622238 3.7322148 3.4906574 3.5170027 0.0000000 2.0303534 8.9999990 2.3179996 2.3072194 2.2835085 2.3954962 2.2858603 2.3370406 2.3493486 2.8817758 3.3215914 2.4228177 2.2742807 2.7078789 2.8731597 2.2723878 2.7954801 2.6666534 2.8917836 2.1180668 3.0020912 2.1463535 2.6167295 2.7328568 2.4014793 2.7637497 2.8739508 3.2747337 3.1799907 3.2761727 3.2894071 
Naumovozyma_dairenensis                     4.1655930 2.4943442 2.8811545 3.2580616 3.6735885 3.9715146 3.8265691 3.7847165 2.0303534 0.0000000 8.9999984 2.5944605 2.5799189 2.5333401 2.5459876 2.4699613 2.5912577 2.5397299 3.0151845 3.7743666 2.6123473 2.6781277 2.7262818 3.0921793 2.4638611 2.5821853 2.8314100 3.1934475 2.3448805 2.8932041 2.4727275 2.9782281 2.8281128 2.4693994 2.7951494 2.9178129 3.6698458 3.6027524 3.5837527 3.5957241 
Neurospora_crassa                           8.9999983 8.9999990 8.9999989 8.9999990 8.9999980 8.9999983 8.9999989 8.9999990 8.9999990 8.9999984 0.0000000 8.9999981 8.9999990 8.9999990 8.9999981 8.9999981 8.9999981 8.9999981 8.9999983 8.9999981 8.9999984 8.9999981 8.9999981 8.9999984 8.9999982 8.9999983 8.9999990 8.9999980 8.9999990 8.9999990 8.9999982 8.9999980 8.9999981 8.9999983 8.9999980 8.9999982 8.9999990 8.9999981 8.9999989 8.9999983 
Saccharomyces_arboricola                    3.5345901 2.1741064 2.4356286 2.6582796 3.1225435 3.5502513 3.1838153 3.2459976 2.3179996 2.5944605 8.9999981 0.0000000 0.4777003 0.3872694 0.3726686 0.4779209 0.4258770 0.3942009 2.7462842 3.1446334 2.4268269 2.2320782 2.5923530 2.6223221 2.1241081 2.5858558 2.5291160 2.7899825 2.0396916 2.7639480 2.2516976 2.6586483 2.5677018 2.2671695 2.6495305 2.5604098 3.1286024 2.9629589 3.1075513 3.1899783 
Saccharomyces_cerevisiae                    3.4522977 2.1173288 2.4317678 2.6853195 3.1157818 3.5621942 3.1884800 3.2711716 2.3072194 2.5799189 8.9999990 0.4777003 0.0000000 0.4852351 0.4659992 0.3917674 0.2024564 0.4971066 2.7215753 3.1090205 2.4291127 2.2017433 2.6523375 2.5037100 2.1511878 2.6490243 2.5215105 2.7704816 2.0120464 2.8299500 2.1078500 2.6205196 2.6802938 2.2596479 2.7463657 2.5892597 3.1455598 2.9993066 3.0136671 3.1483760 
Saccharomyces_eubayanus                     3.5540168 2.1781694 2.3914824 2.6844765 3.1376614 3.6182493 3.1728306 3.1700472 2.2835085 2.5333401 8.9999990 0.3872694 0.4852351 0.0000000 0.4009460 0.4775589 0.4289151 0.1177284 2.6861550 3.1284620 2.4761440 2.2366151 2.6419860 2.5838675 2.1345426 2.5761561 2.5556821 2.7457641 2.0225979 2.7082028 2.1439133 2.6593240 2.6260875 2.2277687 2.6801542 2.5298580 3.1012704 2.9865062 3.0991581 3.1159984 
Saccharomyces_kudriavzevii                  3.5374817 2.0889544 2.4519483 2.6744925 3.2415268 3.5347083 3.3490948 3.3289433 2.3954962 2.5459876 8.9999981 0.3726686 0.4659992 0.4009460 0.0000000 0.4337788 0.3922516 0.4032114 2.7180617 3.1392917 2.3952032 2.1763002 2.5755891 2.6457847 2.2016316 2.5802997 2.5633960 2.7994735 2.0797246 2.7373205 2.1339579 2.6873063 2.5954022 2.2564280 2.6795102 2.5380760 3.1803413 3.0495909 3.1634587 3.1665138 
Saccharomyces_mikatae                       3.4934842 2.0651847 2.3993177 2.6951824 3.0471086 3.5338018 3.2159745 3.1410120 2.2858603 2.4699613 8.9999981 0.4779209 0.3917674 0.4775589 0.4337788 0.0000000 0.3371034 0.4639499 2.6489042 3.0260018 2.3463368 2.2197622 2.5665489 2.4821029 2.1015347 2.5899051 2.5029178 2.8697405 2.0076331 2.6996778 2.0991979 2.5664161 2.5850937 2.2302493 2.6882263 2.4926119 3.0755924 2.9980916 2.9882419 3.1815050 
Saccharomyces_paradoxus                     3.5491384 2.1589721 2.4091683 2.6986550 3.1977423 3.5349956 3.2265775 3.2702526 2.3370406 2.5912577 8.9999981 0.4258770 0.2024564 0.4289151 0.3922516 0.3371034 0.0000000 0.4369523 2.7541164 3.1872147 2.4365169 2.1986780 2.6345643 2.5644418 2.1128247 2.6427427 2.4930185 2.8438790 2.0294520 2.7390548 2.1237471 2.5399569 2.6716921 2.2848487 2.7147220 2.5090612 3.1797970 3.0238933 3.1545425 3.2433640 
Saccharomyces_uvarum                        3.6409707 2.1451819 2.4223457 2.6743711 3.1668429 3.6023158 3.2138110 3.1895853 2.3493486 2.5397299 8.9999981 0.3942009 0.4971066 0.1177284 0.4032114 0.4639499 0.4369523 0.0000000 2.6638724 3.1272404 2.4501087 2.2535474 2.6149848 2.5614339 2.1325595 2.5717556 2.5387983 2.7820339 2.0698218 2.6760224 2.1507824 2.6519052 2.5840418 2.2543849 2.6513081 2.4972076 3.1776283 2.9375797 3.1264091 3.1729686 
Tetrapisispora_blattae                      4.4188633 2.7824503 3.1220582 3.3687351 4.0683710 4.1379799 3.9714171 3.9830117 2.8817758 3.0151845 8.9999983 2.7462842 2.7215753 2.6861550 2.7180617 2.6489042 2.7541164 2.6638724 0.0000000 3.3090294 2.4867803 3.0892229 3.4800294 3.0754497 2.6892472 3.2858900 3.2922795 3.3334391 2.6261856 3.0254498 2.7180170 3.1159562 3.2758397 2.7838682 3.3035507 3.0659868 3.2743752 3.3446924 3.3325905 2.2469926 
Tetrapisispora_phaffii                      4.4066332 3.0698103 3.4765864 3.8641071 3.9525299 4.5706773 4.2119799 4.1852518 3.3215914 3.7743666 8.9999981 3.1446334 3.1090205 3.1284620 3.1392917 3.0260018 3.1872147 3.1272404 3.3090294 0.0000000 2.5197136 3.3273631 3.5885746 3.5157450 3.0520691 3.4609213 3.6925886 3.7043951 3.1429926 3.4948984 3.2929362 3.5923624 3.5490441 3.0944545 3.6321565 3.4093879 0.8427588 1.5651507 0.8307581 3.7350409 
Vanderwaltozyma_polyspora                   3.8506622 2.3775111 2.6921789 3.1026149 3.4614492 3.7397427 3.4032317 3.4002676 2.4228177 2.6123473 8.9999984 2.4268269 2.4291127 2.4761440 2.3952032 2.3463368 2.4365169 2.4501087 2.4867803 2.5197136 0.0000000 2.3398673 3.0534594 2.7657664 2.1926920 2.9013435 2.7002042 2.9581914 2.3310147 2.7391933 2.3060156 2.8731880 2.9592535 2.3793500 3.0219849 2.6070905 2.5107778 2.3756977 2.4406280 3.0661733 
yHAB132_Kazachstania_martiniae              3.8058384 2.1443476 2.3784809 3.0287964 3.4928160 3.8715548 3.4568990 3.3860870 2.2742807 2.6781277 8.9999981 2.2320782 2.2017433 2.2366151 2.1763002 2.2197622 2.1986780 2.2535474 3.0892229 3.3273631 2.3398673 0.0000000 2.4815691 2.7004480 1.8977399 2.4890012 2.2854695 2.6376040 2.0429803 2.3982536 2.0289620 2.4944374 2.4804083 2.0907547 2.5214700 2.3493704 3.3234242 3.2848651 3.3143748 3.2795440 
yHAB133_Kazachstania_unispora               4.3989222 2.4168617 2.3063570 3.4495026 3.9774168 4.3051185 4.1401600 3.9746256 2.7078789 2.7262818 8.9999981 2.5923530 2.6523375 2.6419860 2.5755891 2.5665489 2.6345643 2.6149848 3.4800294 3.5885746 3.0534594 2.4815691 0.0000000 2.8807088 1.7772019 1.0218586 2.0303900 2.7728297 2.2270260 2.0711427 2.3507787 2.7018798 0.5517306 2.4354561 0.5439006 2.0857777 3.5000986 3.4598156 3.4911723 3.7596369 
yHAB134_Kazachstania_turicensis             4.0061420 2.6119162 2.8668543 3.4475942 3.6740291 4.2169555 3.8807728 3.7015386 2.8731597 3.0921793 8.9999984 2.6223221 2.5037100 2.5838675 2.6457847 2.4821029 2.5644418 2.5614339 3.0754497 3.5157450 2.7657664 2.7004480 2.8807088 0.0000000 2.6432458 2.8460476 2.8475734 3.0420524 1.9664236 2.8149501 2.0467959 2.8435204 2.7816411 1.4230643 2.8095373 2.7695963 3.6054096 3.5292669 3.5413756 3.6336692 
yHAB136_Kazachstania_bromeliacearum         3.8042898 1.8936943 1.6950419 2.9686098 3.4554853 3.7702932 3.5224054 3.5049856 2.2723878 2.4638611 8.9999982 2.1241081 2.1511878 2.1345426 2.2016316 2.1015347 2.1128247 2.1325595 2.6892472 3.0520691 2.1926920 1.8977399 1.7772019 2.6432458 0.0000000 1.9136564 1.8017068 2.3559913 1.7026846 1.9934797 1.8748318 2.2161090 1.8345434 1.9318453 1.8032078 1.9236038 3.0194199 2.8129060 2.9758495 3.1768283 
yHAB143_Kazachstania_siamensis              4.2146537 2.4149441 2.3609747 3.3427431 3.8773952 4.2232900 3.8730058 3.8087202 2.7954801 2.5821853 8.9999983 2.5858558 2.6490243 2.5761561 2.5802997 2.5899051 2.6427427 2.5717556 3.2858900 3.4609213 2.9013435 2.4890012 1.0218586 2.8460476 1.9136564 0.0000000 2.1794831 2.7495048 2.4563416 2.1687717 2.3961408 2.7189501 1.0531354 2.5117410 1.0750801 2.1415628 3.5012345 3.4547659 3.5129964 3.8541297 
yHAB147_Kazachstania_taianensis             4.4269614 2.3035586 1.9995427 3.3921200 3.7495383 4.0315648 3.9716122 3.8161221 2.6666534 2.8314100 8.9999990 2.5291160 2.5215105 2.5556821 2.5633960 2.5029178 2.4930185 2.5387983 3.2922795 3.6925886 2.7002042 2.2854695 2.0303900 2.8475734 1.8017068 2.1794831 0.0000000 2.7457475 2.1788368 2.1155387 2.3610748 2.6524302 2.0607528 2.3145256 2.0588647 1.9827965 3.4924716 3.3607950 3.5032147 3.8060982 
yHAB148_Kazachstania_intestinalis           4.2194852 2.6300035 2.6496898 3.3270636 4.0710231 4.0310104 4.0258744 4.1107313 2.8917836 3.1934475 8.9999980 2.7899825 2.7704816 2.7457641 2.7994735 2.8697405 2.8438790 2.7820339 3.3334391 3.7043951 2.9581914 2.6376040 2.7728297 3.0420524 2.3559913 2.7495048 2.7457475 0.0000000 2.5121753 2.8530434 2.6523162 2.9847767 2.8429300 2.5436823 2.8584619 2.8620437 3.6119765 3.5921146 3.6414357 3.8808726 
yHAB153_Kazachstania_rosinii                3.8552506 1.7125298 2.1857566 3.0363724 3.3302646 3.7041068 3.4623255 3.3358436 2.1180668 2.3448805 8.9999990 2.0396916 2.0120464 2.0225979 2.0797246 2.0076331 2.0294520 2.0698218 2.6261856 3.1429926 2.3310147 2.0429803 2.2270260 1.9664236 1.7026846 2.4563416 2.1788368 2.5121753 0.0000000 2.4889761 1.2855910 2.1976397 2.2626538 1.5441515 2.2885606 2.4352798 3.2013496 3.0623246 3.0778216 3.1004452 
yHAB154_Kazachstania_transvaalensis         4.1403191 2.4794953 2.3416510 3.2635287 3.6682425 4.1148485 3.7169075 3.8610478 3.0020912 2.8932041 8.9999990 2.7639480 2.8299500 2.7082028 2.7373205 2.6996778 2.7390548 2.6760224 3.0254498 3.4948984 2.7391933 2.3982536 2.0711427 2.8149501 1.9934797 2.1687717 2.1155387 2.8530434 2.4889761 0.0000000 2.6261986 2.8666783 2.1258410 2.5454051 2.1073770 0.7052242 3.4061551 3.4030293 3.4581869 3.6205599 
yHAB155_Kazachstania_spencerorum            3.7059394 1.8024805 2.3735378 2.8422914 3.4256819 3.9326745 3.6670491 3.6466417 2.1463535 2.4727275 8.9999982 2.2516976 2.1078500 2.1439133 2.1339579 2.0991979 2.1237471 2.1507824 2.7180170 3.2929362 2.3060156 2.0289620 2.3507787 2.0467959 1.8748318 2.3961408 2.3610748 2.6523162 1.2855910 2.6261986 0.0000000 2.3726336 2.3942558 1.5421508 2.4461846 2.5078893 3.2996392 3.1183568 3.3162691 3.2678726 
yHAB158_Kazachstania_viticola               4.1334362 2.1079984 2.7426720 3.3089444 3.8456933 4.1452995 3.8564424 3.9430267 2.6167295 2.9782281 8.9999980 2.6586483 2.6205196 2.6593240 2.6873063 2.5664161 2.5399569 2.6519052 3.1159562 3.5923624 2.8731880 2.4944374 2.7018798 2.8435204 2.2161090 2.7189501 2.6524302 2.9847767 2.1976397 2.8666783 2.3726336 0.0000000 2.8250264 2.4006619 2.8261021 2.6913990 3.6295046 3.4040762 3.5481458 3.4811417 
yHAB159_Kazachstania_solicola               4.4017071 2.3993250 2.2936545 3.4396981 3.9290637 4.1460337 3.9271295 3.8644636 2.7328568 2.8281128 8.9999981 2.5677018 2.6802938 2.6260875 2.5954022 2.5850937 2.6716921 2.5840418 3.2758397 3.5490441 2.9592535 2.4804083 0.5517306 2.7816411 1.8345434 1.0531354 2.0607528 2.8429300 2.2626538 2.1258410 2.3942558 2.8250264 0.0000000 2.4893247 0.1595212 2.0930618 3.4998357 3.4626738 3.5647585 3.7058516 
yHAB160_Kazachstania_kunashirensis          3.6524838 2.0346425 2.4560665 3.1060700 3.4612306 4.1749738 3.5421175 3.4980981 2.4014793 2.4693994 8.9999983 2.2671695 2.2596479 2.2277687 2.2564280 2.2302493 2.2848487 2.2543849 2.7838682 3.0944545 2.3793500 2.0907547 2.4354561 1.4230643 1.9318453 2.5117410 2.3145256 2.5436823 1.5441515 2.5454051 1.5421508 2.4006619 2.4893247 0.0000000 2.4878132 2.3872485 3.1439728 3.0018236 3.0898450 3.2454996 
yHAB164_Kazachstania_aerobia                4.3203778 2.4820409 2.3403962 3.4947477 3.9227781 4.1896088 3.8980835 3.8369283 2.7637497 2.7951494 8.9999980 2.6495305 2.7463657 2.6801542 2.6795102 2.6882263 2.7147220 2.6513081 3.3035507 3.6321565 3.0219849 2.5214700 0.5439006 2.8095373 1.8032078 1.0750801 2.0588647 2.8584619 2.2885606 2.1073770 2.4461846 2.8261021 0.1595212 2.4878132 0.0000000 2.0864437 3.5973012 3.4497843 3.6720908 3.7760675 
yHAB166_Kazachstania_yakushimaensis         4.1103420 2.3160439 2.1794598 3.0473858 3.6339903 3.9392673 3.5969332 3.6459572 2.8739508 2.9178129 8.9999982 2.5604098 2.5892597 2.5298580 2.5380760 2.4926119 2.5090612 2.4972076 3.0659868 3.4093879 2.6070905 2.3493704 2.0857777 2.7695963 1.9236038 2.1415628 1.9827965 2.8620437 2.4352798 0.7052242 2.5078893 2.6913990 2.0930618 2.3872485 2.0864437 0.0000000 3.3545283 3.2142274 3.4143848 3.4448645 
yHMPu5000034875_Tetrapisispora_fleetii      4.6006359 3.3211837 3.4741205 3.7823399 4.1413858 4.6660623 4.1737628 4.1781263 3.2747337 3.6698458 8.9999990 3.1286024 3.1455598 3.1012704 3.1803413 3.0755924 3.1797970 3.1776283 3.2743752 0.8427588 2.5107778 3.3234242 3.5000986 3.6054096 3.0194199 3.5012345 3.4924716 3.6119765 3.2013496 3.4061551 3.2996392 3.6295046 3.4998357 3.1439728 3.5973012 3.3545283 0.0000000 1.6088116 0.4435674 3.6446747 
yHMPu5000034876_Tetrapisispora_iriomotensis 4.4979098 3.0474078 3.4797120 3.6744399 4.2001692 4.3440224 4.1971877 3.9844064 3.1799907 3.6027524 8.9999981 2.9629589 2.9993066 2.9865062 3.0495909 2.9980916 3.0238933 2.9375797 3.3446924 1.5651507 2.3756977 3.2848651 3.4598156 3.5292669 2.8129060 3.4547659 3.3607950 3.5921146 3.0623246 3.4030293 3.1183568 3.4040762 3.4626738 3.0018236 3.4497843 3.2142274 1.6088116 0.0000000 1.6130226 3.7627680 
yHMPu5000034877_Tetrapisispora_namnaonensis 4.5961554 3.1600467 3.3836697 3.8099405 3.9667709 4.4814028 4.1108741 4.0451490 3.2761727 3.5837527 8.9999989 3.1075513 3.0136671 3.0991581 3.1634587 2.9882419 3.1545425 3.1264091 3.3325905 0.8307581 2.4406280 3.3143748 3.4911723 3.5413756 2.9758495 3.5129964 3.5032147 3.6414357 3.0778216 3.4581869 3.3162691 3.5481458 3.5647585 3.0898450 3.6720908 3.4143848 0.4435674 1.6130226 0.0000000 3.6400492 
yHMPu5000035629_Yueomyces_sinensis          4.9443736 3.2573545 3.6184611 3.8193553 4.6383957 4.3194122 4.5421231 4.5609149 3.2894071 3.5957241 8.9999983 3.1899783 3.1483760 3.1159984 3.1665138 3.1815050 3.2433640 3.1729686 2.2469926 3.7350409 3.0661733 3.2795440 3.7596369 3.6336692 3.1768283 3.8541297 3.8060982 3.8808726 3.1004452 3.6205599 3.2678726 3.4811417 3.7058516 3.2454996 3.7760675 3.4448645 3.6446747 3.7627680 3.6400492 0.0000000 
