40
Candida_glabrata                            0.0000000 2.1390716 2.5110484 2.3762968 1.3211709 2.5034260 1.2781801 1.3211454 2.3205005 2.1212548 4.6362440 1.9686388 2.0561179 1.9816788 1.9283412 2.0012791 1.9664152 1.9212072 2.4098767 2.3829222 2.3539423 2.2009143 2.1412112 2.1286656 2.3095167 2.3195083 2.3267202 2.6521936 2.1217054 2.7164634 2.0006466 2.3994961 2.3261351 2.0605826 2.3868619 2.5172393 2.3867156 2.4976970 2.4000152 2.6334005 
Kazachstania_africana                       2.1390716 0.0000000 1.8602346 2.3808035 2.2041762 2.3129830 2.2751115 2.1871711 1.9608149 1.9075241 4.7155103 1.9904053 1.8971021 1.9118689 1.8566021 1.9218212 2.0376366 1.9404040 2.2565293 2.0603143 2.1327844 2.1105827 1.8965930 1.6418865 1.7582467 1.9980992 2.0052799 2.1230990 1.6210200 2.3331930 1.5691900 1.8527168 2.0374588 1.6579057 1.9933542 2.2597554 2.1932221 2.1386957 2.2399480 2.2713253 
Kazachstania_naganishii                     2.5110484 1.8602346 0.0000000 2.8406316 2.5531679 2.3727595 2.4393772 2.2960987 2.3495866 2.2433666 4.6492557 2.3621505 2.3586419 2.2749370 2.2803067 2.3844457 2.3758351 2.2801768 2.8259617 2.5649525 2.6227702 2.0225470 1.4367424 1.9669369 1.4837005 1.6262801 1.7588459 2.1806599 1.9682496 2.0669776 1.9252896 2.3800016 1.5693959 1.8498314 1.5551730 2.2459733 2.6328624 2.3311979 2.5917378 2.9603387 
Nakaseomyces_bacillisporus                  2.3762968 2.3808035 2.8406316 0.0000000 2.5646383 2.2289305 2.2603833 2.4768658 2.3886153 2.4820418 5.2083329 2.3909170 2.2968517 2.3297440 2.3683715 2.3689581 2.2884089 2.3989153 2.9231407 2.3001302 2.5930070 2.5591611 2.1851925 2.3133016 2.5193190 2.7385704 2.6054533 2.7648035 2.2119992 2.7380622 2.1113014 2.3843202 2.5200913 2.2635013 2.6433095 2.6953066 2.5334661 2.4239557 2.5534391 2.6817024 
Nakaseomyces_bracarensis                    1.3211709 2.2041762 2.5531679 2.5646383 0.0000000 2.2843485 0.7902840 0.7241315 2.2716563 2.0214580 4.4366666 2.1138537 2.0077412 2.0498878 2.0174555 2.0455234 2.0035587 1.9805086 2.4190488 2.3172660 2.2428057 2.3612221 2.2504287 2.1762615 2.2533052 2.3320819 2.2160478 2.6879336 2.1906238 2.5885620 2.0667745 2.4382662 2.3687364 2.1653465 2.3659396 2.5503328 2.4200454 2.3663616 2.4123886 2.6522243 
Nakaseomyces_castellii                      2.5034260 2.3129830 2.3727595 2.2289305 2.2843485 0.0000000 2.1417765 2.2712477 2.3290054 2.1324212 4.5063586 2.1201773 2.1183363 2.1643286 2.1898113 2.1464207 2.1930635 2.1193404 2.5571952 2.2253384 2.4514106 2.5180852 2.4128908 2.3126773 2.2541709 2.5401116 2.0847026 2.8112145 2.0337184 2.6012916 2.0676942 2.5042214 2.3760096 2.1980197 2.3712434 2.6508113 2.3717962 2.4430178 2.4537899 2.7253646 
Nakaseomyces_delphensis                     1.2781801 2.2751115 2.4393772 2.2603833 0.7902840 2.1417765 0.0000000 0.5933372 2.3173237 1.9390285 4.5207661 2.0593165 2.0012605 2.0157409 2.0590577 2.1202119 1.9912575 1.9961966 2.6105022 2.1932464 2.3602628 2.1724596 1.9972975 2.1924246 2.3886044 2.3185139 2.2339276 2.5436205 1.9956761 2.6103893 2.0646224 2.3740310 2.3627134 2.2021072 2.2967983 2.4789560 2.4351198 2.4123938 2.4218479 2.5676755 
Nakaseomyces_nivariensis                    1.3211454 2.1871711 2.2960987 2.4768658 0.7241315 2.2712477 0.5933372 0.0000000 2.2572074 2.0688647 4.3587842 2.1113069 2.0121022 2.0484522 2.0498408 2.0821593 2.1091747 2.0290814 2.5265948 2.2490363 2.3569213 2.2339624 2.0372205 2.0040597 2.2441539 2.3234805 2.2949254 2.6201619 2.1871982 2.5986075 2.0944918 2.3957566 2.3571081 2.1374287 2.3107881 2.5401519 2.4382861 2.4327564 2.4349329 2.6866519 
Naumovozyma_castellii                       2.3205005 1.9608149 2.3495866 2.3886153 2.2716563 2.3290054 2.3173237 2.2572074 0.0000000 1.6809974 4.2289280 2.0819672 2.1752137 2.0382847 2.1009038 2.1688782 2.1128740 2.1120520 2.4222054 2.1176744 2.1293795 2.2989581 2.2099550 1.9773480 2.2912894 2.2236493 2.3891711 2.6280496 1.9661085 2.7171585 1.6561730 2.0771279 2.2035873 1.8450354 2.3616505 2.4370818 2.2462984 2.3064223 2.1530329 2.5240330 
Naumovozyma_dairenensis                     2.1212548 1.9075241 2.2433666 2.4820418 2.0214580 2.1324212 1.9390285 2.0688647 1.6809974 0.0000000 5.2954196 2.0431424 1.9677806 1.9620587 2.0181793 1.9760610 2.0353749 1.9757215 2.2845181 1.9869167 2.2933359 1.9768528 1.9518251 1.8546762 1.9570021 2.1304820 2.0179969 2.3364602 1.7905941 2.3172532 1.8233331 2.0141685 2.2001979 1.7570081 2.2040019 2.4979106 2.0364646 2.0976162 2.0278139 2.3853950 
Neurospora_crassa                           4.6362440 4.7155103 4.6492557 5.2083329 4.4366666 4.5063586 4.5207661 4.3587842 4.2289280 5.2954196 0.0000000 5.2167713 5.2707855 4.9673174 5.1098520 4.9344418 4.9464535 4.8349750 4.9385178 4.6441117 4.7210974 4.6649784 4.2159288 5.0105419 4.6698074 4.2800806 4.2950453 5.1535766 5.0215493 4.7720459 4.5988300 4.4505298 4.5635710 4.6969457 4.5879802 4.4569275 4.7402952 4.6117861 4.5974180 5.0559570 
Saccharomyces_arboricola                    1.9686388 1.9904053 2.3621505 2.3909170 2.1138537 2.1201773 2.0593165 2.1113069 2.0819672 2.0431424 5.2167713 0.0000000 0.4469715 0.3985658 0.3307771 0.4299724 0.4204998 0.3964500 2.3105195 2.0679334 2.2950187 2.2893561 2.1100826 1.9679023 2.1415364 2.3041703 2.0767259 2.4376379 1.9111669 2.7994707 1.8684564 2.0042556 2.2450292 2.0625511 2.2446414 2.4608106 2.2202214 2.2610054 2.2703969 2.5407274 
Saccharomyces_cerevisiae                    2.0561179 1.8971021 2.3586419 2.2968517 2.0077412 2.1183363 2.0012605 2.0121022 2.1752137 1.9677806 5.2707855 0.4469715 0.0000000 0.4829643 0.4164448 0.3542414 0.1973818 0.4603703 2.4709143 2.0588858 2.2899710 2.2810272 2.0464960 1.8788586 2.1095721 2.3775710 2.0967654 2.4244861 1.9018367 2.6376725 1.8824750 1.9842551 2.1935513 1.9119819 2.1789439 2.4033814 2.2699605 2.1072270 2.1851533 2.4721648 
Saccharomyces_eubayanus                     1.9816788 1.9118689 2.2749370 2.3297440 2.0498878 2.1643286 2.0157409 2.0484522 2.0382847 1.9620587 4.9673174 0.3985658 0.4829643 0.0000000 0.3931341 0.4770006 0.4570538 0.1319321 2.2688404 2.0953000 2.2601320 2.1723567 2.0426061 1.8541360 2.0382617 2.2324247 2.0408752 2.3866623 1.8977656 2.6611960 1.8912380 2.0209081 2.1794835 1.9267533 2.2026801 2.4124988 2.1443785 2.1077265 2.2071274 2.3950364 
Saccharomyces_kudriavzevii                  1.9283412 1.8566021 2.2803067 2.3683715 2.0174555 2.1898113 2.0590577 2.0498408 2.1009038 2.0181793 5.1098520 0.3307771 0.4164448 0.3931341 0.0000000 0.3625686 0.3794130 0.3881024 2.3416394 2.1287832 2.3383421 2.2521985 2.0813281 1.8830026 2.0906061 2.2413133 2.0432925 2.3952836 1.9397583 2.6293036 1.8292341 1.9837659 2.1379666 1.9264232 2.1622286 2.4542059 2.2558674 2.1944166 2.2028668 2.4936334 
Saccharomyces_mikatae                       2.0012791 1.9218212 2.3844457 2.3689581 2.0455234 2.1464207 2.1202119 2.0821593 2.1688782 1.9760610 4.9344418 0.4299724 0.3542414 0.4770006 0.3625686 0.0000000 0.3142525 0.4677935 2.4411235 2.1372338 2.3550134 2.3008961 2.0273026 1.8553138 2.1270620 2.3483174 2.1124632 2.3865540 1.9606812 2.6083139 1.9836497 2.0123947 2.1458546 1.9568307 2.2089939 2.3654262 2.2841002 2.1459762 2.2350845 2.4823129 
Saccharomyces_paradoxus                     1.9664152 2.0376366 2.3758351 2.2884089 2.0035587 2.1930635 1.9912575 2.1091747 2.1128740 2.0353749 4.9464535 0.4204998 0.1973818 0.4570538 0.3794130 0.3142525 0.0000000 0.4384938 2.3885309 2.0946359 2.2654508 2.2824118 2.0617440 1.8730712 2.1443160 2.4343214 2.1097338 2.4105838 1.8667018 2.7128996 1.9258453 1.9638114 2.2115114 1.9868794 2.2382100 2.4280125 2.3144497 2.2417024 2.2648362 2.4399179 
Saccharomyces_uvarum                        1.9212072 1.9404040 2.2801768 2.3989153 1.9805086 2.1193404 1.9961966 2.0290814 2.1120520 1.9757215 4.8349750 0.3964500 0.4603703 0.1319321 0.3881024 0.4677935 0.4384938 0.0000000 2.2883756 2.0892766 2.2678272 2.2088872 2.0883078 1.9027889 2.0728958 2.1994033 2.0874989 2.3617882 1.9249854 2.6757535 1.8654509 2.0023203 2.1758145 1.9248838 2.1964928 2.3312253 2.2789758 2.1564222 2.2766011 2.4101121 
Tetrapisispora_blattae                      2.4098767 2.2565293 2.8259617 2.9231407 2.4190488 2.5571952 2.6105022 2.5265948 2.4222054 2.2845181 4.9385178 2.3105195 2.4709143 2.2688404 2.3416394 2.4411235 2.3885309 2.2883756 0.0000000 2.2133400 2.2269086 2.6710413 2.4387019 2.3338705 2.3062617 2.4534944 2.5179604 2.5732529 2.5584683 2.6224900 2.2832901 2.4360725 2.7102628 2.3372647 2.6866438 2.5288322 2.2633667 2.2716909 2.3550943 1.4118128 
Tetrapisispora_phaffii                      2.3829222 2.0603143 2.5649525 2.3001302 2.3172660 2.2253384 2.1932464 2.2490363 2.1176744 1.9869167 4.6441117 2.0679334 2.0588858 2.0953000 2.1287832 2.1372338 2.0946359 2.0892766 2.2133400 0.0000000 1.7620006 2.2440574 2.0575612 2.2463854 2.3353259 2.0667167 2.1699983 2.4085976 2.0848583 2.5614580 2.0569116 2.2585431 2.2979856 2.2077541 2.2965669 2.3624473 0.5580275 0.8125337 0.5335593 2.4946217 
Vanderwaltozyma_polyspora                   2.3539423 2.1327844 2.6227702 2.5930070 2.2428057 2.4514106 2.3602628 2.3569213 2.1293795 2.2933359 4.7210974 2.2950187 2.2899710 2.2601320 2.3383421 2.3550134 2.2654508 2.2678272 2.2269086 1.7620006 0.0000000 2.5169325 2.1841955 2.2407536 2.4142333 2.4732256 2.4808072 2.7140215 2.3595012 2.6819999 2.2242238 2.3624401 2.6549942 2.3182570 2.6182771 2.4996296 1.9554552 1.7966478 1.8206845 2.4803968 
yHAB132_Kazachstania_martiniae              2.2009143 2.1105827 2.0225470 2.5591611 2.3612221 2.5180852 2.1724596 2.2339624 2.2989581 1.9768528 4.6649784 2.2893561 2.2810272 2.1723567 2.2521985 2.3008961 2.2824118 2.2088872 2.6710413 2.2440574 2.5169325 0.0000000 1.7322757 1.7763929 1.7637475 1.9067332 2.0247210 2.1925688 1.8575534 2.2896946 1.8810629 2.0221518 2.0032298 1.8262159 1.9627996 2.1029885 2.4134970 2.2038490 2.4010069 2.7221691 
yHAB133_Kazachstania_unispora               2.1412112 1.8965930 1.4367424 2.1851925 2.2504287 2.4128908 1.9972975 2.0372205 2.2099550 1.9518251 4.2159288 2.1100826 2.0464960 2.0426061 2.0813281 2.0273026 2.0617440 2.0883078 2.4387019 2.0575612 2.1841955 1.7322757 0.0000000 1.8579012 1.3130849 0.7883385 1.2863733 1.7715470 1.8467061 1.6023424 1.7711634 1.9602652 0.5434523 1.7212378 0.5729745 1.5887422 2.0797635 2.0170482 2.0848414 2.5266321 
yHAB134_Kazachstania_turicensis             2.1286656 1.6418865 1.9669369 2.3133016 2.1762615 2.3126773 2.1924246 2.0040597 1.9773480 1.8546762 5.0105419 1.9679023 1.8788586 1.8541360 1.8830026 1.8553138 1.8730712 1.9027889 2.3338705 2.2463854 2.2407536 1.7763929 1.8579012 0.0000000 1.8648600 1.9160036 2.0917417 2.2723709 1.4861300 2.3252797 1.3278284 1.8599923 1.9958524 0.9053830 2.0489816 2.0894228 2.3076944 2.1997849 2.2072019 2.4418234 
yHAB136_Kazachstania_bromeliacearum         2.3095167 1.7582467 1.4837005 2.5193190 2.2533052 2.2541709 2.3886044 2.2441539 2.2912894 1.9570021 4.6698074 2.1415364 2.1095721 2.0382617 2.0906061 2.1270620 2.1443160 2.0728958 2.3062617 2.3353259 2.4142333 1.7637475 1.3130849 1.8648600 0.0000000 1.3925690 1.3583538 2.0933838 1.7701134 1.6932461 1.7259345 2.0868390 1.5024799 1.6389606 1.5047241 1.8498065 2.2660803 2.3623707 2.3328573 2.5483253 
yHAB143_Kazachstania_siamensis              2.3195083 1.9980992 1.6262801 2.7385704 2.3320819 2.5401116 2.3185139 2.3234805 2.2236493 2.1304820 4.2800806 2.3041703 2.3775710 2.2324247 2.2413133 2.3483174 2.4343214 2.1994033 2.4534944 2.0667167 2.4732256 1.9067332 0.7883385 1.9160036 1.3925690 0.0000000 1.3290408 2.0867900 1.9501677 1.8270999 1.9879015 2.0439170 0.9340349 1.8546294 0.9275594 1.7984428 2.2933958 2.3211179 2.1996859 2.6732335 
yHAB147_Kazachstania_taianensis             2.3267202 2.0052799 1.7588459 2.6054533 2.2160478 2.0847026 2.2339276 2.2949254 2.3891711 2.0179969 4.2950453 2.0767259 2.0967654 2.0408752 2.0432925 2.1124632 2.1097338 2.0874989 2.5179604 2.1699983 2.4808072 2.0247210 1.2863733 2.0917417 1.3583538 1.3290408 0.0000000 2.1342493 2.0001830 2.0272465 1.9980865 2.0497222 1.5905098 1.9316306 1.6661294 1.9167540 2.4003067 2.3267606 2.4562643 2.7457664 
yHAB148_Kazachstania_intestinalis           2.6521936 2.1230990 2.1806599 2.7648035 2.6879336 2.8112145 2.5436205 2.6201619 2.6280496 2.3364602 5.1535766 2.4376379 2.4244861 2.3866623 2.3952836 2.3865540 2.4105838 2.3617882 2.5732529 2.4085976 2.7140215 2.1925688 1.7715470 2.2723709 2.0933838 2.0867900 2.1342493 0.0000000 2.1422038 2.2495186 2.0958507 2.2928017 2.0431050 2.0184092 2.0283307 2.3021972 2.5403171 2.4036783 2.5289818 2.7265269 
yHAB153_Kazachstania_rosinii                2.1217054 1.6210200 1.9682496 2.2119992 2.1906238 2.0337184 1.9956761 2.1871982 1.9661085 1.7905941 5.0215493 1.9111669 1.9018367 1.8977656 1.9397583 1.9606812 1.8667018 1.9249854 2.5584683 2.0848583 2.3595012 1.8575534 1.8467061 1.4861300 1.7701134 1.9501677 2.0001830 2.1422038 0.0000000 2.2111069 1.2849829 1.8294467 2.0388416 1.3398303 2.0801560 2.2282640 2.2695917 2.2246884 2.2181298 2.4079820 
yHAB154_Kazachstania_transvaalensis         2.7164634 2.3331930 2.0669776 2.7380622 2.5885620 2.6012916 2.6103893 2.5986075 2.7171585 2.3172532 4.7720459 2.7994707 2.6376725 2.6611960 2.6293036 2.6083139 2.7128996 2.6757535 2.6224900 2.5614580 2.6819999 2.2896946 1.6023424 2.3252797 1.6932461 1.8270999 2.0272465 2.2495186 2.2111069 0.0000000 2.1113054 2.2581236 1.8272123 2.0765677 1.8840293 0.7938517 2.5550146 2.5531831 2.4454822 2.7530909 
yHAB155_Kazachstania_spencerorum            2.0006466 1.5691900 1.9252896 2.1113014 2.0667745 2.0676942 2.0646224 2.0944918 1.6561730 1.8233331 4.5988300 1.8684564 1.8824750 1.8912380 1.8292341 1.9836497 1.9258453 1.8654509 2.2832901 2.0569116 2.2242238 1.8810629 1.7711634 1.3278284 1.7259345 1.9879015 1.9980865 2.0958507 1.2849829 2.1113054 0.0000000 1.7866951 2.0094578 1.2650120 2.0715118 1.9916442 2.1424265 2.0989899 2.1881858 2.4978593 
yHAB158_Kazachstania_viticola               2.3994961 1.8527168 2.3800016 2.3843202 2.4382662 2.5042214 2.3740310 2.3957566 2.0771279 2.0141685 4.4505298 2.0042556 1.9842551 2.0209081 1.9837659 2.0123947 1.9638114 2.0023203 2.4360725 2.2585431 2.3624401 2.0221518 1.9602652 1.8599923 2.0868390 2.0439170 2.0497222 2.2928017 1.8294467 2.2581236 1.7866951 0.0000000 2.1344908 1.6956356 2.2098597 2.3954922 2.2841263 2.2906937 2.2819150 2.5326692 
yHAB159_Kazachstania_solicola               2.3261351 2.0374588 1.5693959 2.5200913 2.3687364 2.3760096 2.3627134 2.3571081 2.2035873 2.2001979 4.5635710 2.2450292 2.1935513 2.1794835 2.1379666 2.1458546 2.2115114 2.1758145 2.7102628 2.2979856 2.6549942 2.0032298 0.5434523 1.9958524 1.5024799 0.9340349 1.5905098 2.0431050 2.0388416 1.8272123 2.0094578 2.1344908 0.0000000 1.8944779 0.1997871 1.7789149 2.2532727 2.2479913 2.2510528 2.8791277 
yHAB160_Kazachstania_kunashirensis          2.0605826 1.6579057 1.8498314 2.2635013 2.1653465 2.1980197 2.2021072 2.1374287 1.8450354 1.7570081 4.6969457 2.0625511 1.9119819 1.9267533 1.9264232 1.9568307 1.9868794 1.9248838 2.3372647 2.2077541 2.3182570 1.8262159 1.7212378 0.9053830 1.6389606 1.8546294 1.9316306 2.0184092 1.3398303 2.0765677 1.2650120 1.6956356 1.8944779 0.0000000 1.8704906 2.0730188 2.2300796 2.0256094 2.2667126 2.5967896 
yHAB164_Kazachstania_aerobia                2.3868619 1.9933542 1.5551730 2.6433095 2.3659396 2.3712434 2.2967983 2.3107881 2.3616505 2.2040019 4.5879802 2.2446414 2.1789439 2.2026801 2.1622286 2.2089939 2.2382100 2.1964928 2.6866438 2.2965669 2.6182771 1.9627996 0.5729745 2.0489816 1.5047241 0.9275594 1.6661294 2.0283307 2.0801560 1.8840293 2.0715118 2.2098597 0.1997871 1.8704906 0.0000000 1.8053269 2.3124386 2.3029842 2.2613815 2.9372060 
yHAB166_Kazachstania_yakushimaensis         2.5172393 2.2597554 2.2459733 2.6953066 2.5503328 2.6508113 2.4789560 2.5401519 2.4370818 2.4979106 4.4569275 2.4608106 2.4033814 2.4124988 2.4542059 2.3654262 2.4280125 2.3312253 2.5288322 2.3624473 2.4996296 2.1029885 1.5887422 2.0894228 1.8498065 1.7984428 1.9167540 2.3021972 2.2282640 0.7938517 1.9916442 2.3954922 1.7789149 2.0730188 1.8053269 0.0000000 2.4441306 2.3979308 2.3585592 2.7724415 
yHMPu5000034875_Tetrapisispora_fleetii      2.3867156 2.1932221 2.6328624 2.5334661 2.4200454 2.3717962 2.4351198 2.4382861 2.2462984 2.0364646 4.7402952 2.2202214 2.2699605 2.1443785 2.2558674 2.2841002 2.3144497 2.2789758 2.2633667 0.5580275 1.9554552 2.4134970 2.0797635 2.3076944 2.2660803 2.2933958 2.4003067 2.5403171 2.2695917 2.5550146 2.1424265 2.2841263 2.2532727 2.2300796 2.3124386 2.4441306 0.0000000 0.9180191 0.2967845 2.4252799 
yHMPu5000034876_Tetrapisispora_iriomotensis 2.4976970 2.1386957 2.3311979 2.4239557 2.3663616 2.4430178 2.4123938 2.4327564 2.3064223 2.0976162 4.6117861 2.2610054 2.1072270 2.1077265 2.1944166 2.1459762 2.2417024 2.1564222 2.2716909 0.8125337 1.7966478 2.2038490 2.0170482 2.1997849 2.3623707 2.3211179 2.3267606 2.4036783 2.2246884 2.5531831 2.0989899 2.2906937 2.2479913 2.0256094 2.3029842 2.3979308 0.9180191 0.0000000 0.9155713 2.4670482 
yHMPu5000034877_Tetrapisispora_namnaonensis 2.4000152 2.2399480 2.5917378 2.5534391 2.4123886 2.4537899 2.4218479 2.4349329 2.1530329 2.0278139 4.5974180 2.2703969 2.1851533 2.2071274 2.2028668 2.2350845 2.2648362 2.2766011 2.3550943 0.5335593 1.8206845 2.4010069 2.0848414 2.2072019 2.3328573 2.1996859 2.4562643 2.5289818 2.2181298 2.4454822 2.1881858 2.2819150 2.2510528 2.2667126 2.2613815 2.3585592 0.2967845 0.9155713 0.0000000 2.5259981 
yHMPu5000035629_Yueomyces_sinensis          2.6334005 2.2713253 2.9603387 2.6817024 2.6522243 2.7253646 2.5676755 2.6866519 2.5240330 2.3853950 5.0559570 2.5407274 2.4721648 2.3950364 2.4936334 2.4823129 2.4399179 2.4101121 1.4118128 2.4946217 2.4803968 2.7221691 2.5266321 2.4418234 2.5483253 2.6732335 2.7457664 2.7265269 2.4079820 2.7530909 2.4978593 2.5326692 2.8791277 2.5967896 2.9372060 2.7724415 2.4252799 2.4670482 2.5259981 0.0000000 
