40
Candida_glabrata                            0.0000000 2.9209392 2.8923919 3.1580808 1.7910940 3.2397819 1.8569269 1.8453893 2.6924148 2.9164742 8.3724056 3.1184949 3.1359555 3.0387362 3.1354409 3.0442060 3.0384720 3.0343682 3.5657382 3.4032783 3.2828849 2.6685264 3.8070745 3.0469045 2.8801656 3.8415036 2.9074792 3.7607680 2.8731194 4.1815138 2.8163244 3.1659864 3.7009239 2.9006377 3.9322510 3.9087719 3.4837934 3.6860553 3.6916853 4.4125213 
Kazachstania_africana                       2.9209392 0.0000000 2.6281595 2.7994625 2.7630776 3.2824672 2.8310013 2.7725596 2.4521899 2.4848719 8.6662199 2.6274959 2.6393408 2.5607469 2.7334701 2.6691180 2.6273742 2.5547021 3.1799458 2.8373828 2.7619209 2.2638552 3.5404344 2.9481869 2.2029748 3.6302310 2.2681617 3.1571807 2.2664805 3.8440766 2.0360979 2.1416261 3.4508597 2.4890923 3.6720773 3.6955796 2.9614807 3.0579726 3.0405089 4.2315689 
Kazachstania_naganishii                     2.8923919 2.6281595 0.0000000 3.1362598 2.8932142 3.6104875 2.9063062 2.8511089 2.7294704 2.9825435 8.3580200 2.9833200 2.8038844 2.8810304 3.0053295 2.9397165 2.8567933 2.8298603 3.1107893 3.3650494 3.1180207 2.5454107 3.4844797 3.1173709 2.1928194 3.6124240 2.1408603 2.9606786 2.6791320 3.8701505 2.6670547 2.6140576 3.3452401 2.8017838 3.3308859 3.6525068 3.3164526 3.3507231 3.3150045 4.6031126 
Nakaseomyces_bacillisporus                  3.1580808 2.7994625 3.1362598 0.0000000 2.9676006 2.9224626 3.0331380 2.9111091 2.9601214 2.7559689 8.8221838 2.9254381 3.0005300 2.9340105 2.9991714 2.9630216 2.9298115 2.9002907 3.2410265 3.4169811 3.1750689 2.6933975 3.8014295 3.0643060 2.6424417 3.7422112 2.9067856 3.4163082 2.8182094 3.9309744 2.9122561 2.7795288 3.7092851 2.8259030 3.5452667 3.6627225 3.4608782 3.4774052 3.5128884 4.3780351 
Nakaseomyces_bracarensis                    1.7910940 2.7630776 2.8932142 2.9676006 0.0000000 3.2226663 0.9263159 0.8506187 2.7198228 2.6576620 8.3313107 3.1847917 3.0705776 3.1800521 3.2700393 3.2553545 3.2022354 3.1241186 3.1822658 3.3537777 3.0744545 2.7725972 3.7416922 2.9391178 2.5390286 3.8273257 2.5906683 3.4277396 2.9050412 4.1659116 3.0542692 3.1212764 3.6681605 2.8501169 3.8194038 3.7402290 3.1807693 3.3496975 3.4824541 4.4976835 
Nakaseomyces_castellii                      3.2397819 3.2824672 3.6104875 2.9224626 3.2226663 0.0000000 3.1929017 3.2890370 3.1789285 3.2987426 7.6263331 3.2800506 3.3536259 3.3957130 3.4860299 3.5153048 3.3925826 3.2740807 3.5460305 3.9416091 3.6187026 3.1770081 4.2616886 3.3859531 3.2374295 4.0050853 3.4587566 3.8899681 3.3578484 4.5767826 3.2103698 3.2591592 4.3123503 3.6361828 4.2700643 4.1669622 3.8424905 3.9297197 3.9193229 5.3223648 
Nakaseomyces_delphensis                     1.8569269 2.8310013 2.9063062 3.0331380 0.9263159 3.1929017 0.0000000 0.7481312 2.8774701 2.8587883 8.7224164 3.2768026 3.1267686 3.1977913 3.2682478 3.0841970 3.1684491 3.1707545 3.4079962 3.0494818 3.2204358 2.6203396 3.7358490 3.1424939 2.7080042 3.7817478 2.6698027 3.5780867 3.0058187 4.2174610 2.9950304 2.9837363 3.6744450 2.9222487 3.6564281 3.8897219 3.3972366 3.5870567 3.4215480 4.4563186 
Nakaseomyces_nivariensis                    1.8453893 2.7725596 2.8511089 2.9111091 0.8506187 3.2890370 0.7481312 0.0000000 2.6661786 2.8541404 7.6821834 3.2101216 3.1856987 3.0758193 3.2233111 3.1408050 3.0454625 3.1055268 3.1500558 3.1812966 3.1823545 2.6049928 3.7332016 3.0721863 2.6723411 3.8298336 2.5989627 3.7029697 2.9481080 4.0320974 3.0695563 3.1228576 3.5406700 3.0291281 3.5384309 3.7336962 3.4332587 3.2972824 3.4022531 4.4721628 
Naumovozyma_castellii                       2.6924148 2.4521899 2.7294704 2.9601214 2.7198228 3.1789285 2.8774701 2.6661786 0.0000000 1.6987902 8.9999980 2.6487901 2.5390207 2.4962444 2.4901235 2.7048422 2.5923134 2.4169127 2.9366867 2.9343463 2.5899555 2.3036562 3.4152574 2.8845103 2.1392517 3.4181431 2.2711214 3.0768389 2.3117850 3.3826465 2.0876130 2.4060847 3.4193065 2.3192873 3.4175394 3.2783186 2.9625667 2.9097188 2.9818574 3.9026529 
Naumovozyma_dairenensis                     2.9164742 2.4848719 2.9825435 2.7559689 2.6576620 3.2987426 2.8587883 2.8541404 1.6987902 0.0000000 8.7063163 2.7613238 2.5994309 2.5476102 2.6417422 2.6745525 2.5684136 2.5498877 2.9464611 2.8160938 2.6762638 2.4489925 3.5233316 2.9185051 2.2179633 3.3607747 2.3639057 3.0280685 2.2696664 3.7552025 2.1846219 2.3961646 3.5258324 2.4527745 3.4870484 3.6269408 2.7983479 2.8281173 2.9339825 3.4571222 
Neurospora_crassa                           8.3724056 8.6662199 8.3580200 8.8221838 8.3313107 7.6263331 8.7224164 7.6821834 8.9999980 8.7063163 0.0000000 8.9999982 8.9999980 8.9422102 8.9999989 8.8073290 8.9999988 8.7423590 8.9999989 8.6458598 8.8926682 7.4725131 8.4381223 8.6073216 8.9200286 8.4438848 8.2187267 8.9999984 8.3111731 8.9999985 8.1914328 8.9534144 7.9194733 8.3350076 8.3391249 8.9999989 8.9927475 8.5425663 8.9245613 8.9999981 
Saccharomyces_arboricola                    3.1184949 2.6274959 2.9833200 2.9254381 3.1847917 3.2800506 3.2768026 3.2101216 2.6487901 2.7613238 8.9999982 0.0000000 0.5576944 0.4540934 0.4487941 0.5994396 0.4737801 0.4864831 3.3597624 2.9394645 3.0303331 2.8104590 3.4067333 3.1890494 2.5908829 3.6251286 2.8013538 3.4117359 2.6999494 3.8566536 2.7149096 2.9228328 3.5083831 2.9642994 3.5028001 4.0313829 3.3432140 3.2570371 3.3093231 4.3197832 
Saccharomyces_cerevisiae                    3.1359555 2.6393408 2.8038844 3.0005300 3.0705776 3.3536259 3.1267686 3.1856987 2.5390207 2.5994309 8.9999980 0.5576944 0.0000000 0.5732586 0.5629627 0.4460179 0.2407067 0.5792525 3.1737564 2.9886721 2.9338351 2.8425534 3.5283342 3.2713994 2.4840523 3.5899059 2.7753090 3.1772091 2.7190381 3.8685811 2.6114366 2.9803213 3.3744825 2.9442589 3.4971386 3.8733896 3.2442438 3.1179263 3.2485297 4.0514035 
Saccharomyces_eubayanus                     3.0387362 2.5607469 2.8810304 2.9340105 3.1800521 3.3957130 3.1977913 3.0758193 2.4962444 2.5476102 8.9422102 0.4540934 0.5732586 0.0000000 0.5196273 0.6274514 0.5028988 0.1511970 3.2691084 3.0865968 2.9696430 2.8032550 3.4936584 3.2648642 2.5152140 3.4633263 2.7680824 3.3291696 2.5573103 3.8640271 2.6265380 2.9414477 3.3306384 2.9453478 3.4555994 4.1054339 3.2417019 3.1077969 3.2834880 4.2015561 
Saccharomyces_kudriavzevii                  3.1354409 2.7334701 3.0053295 2.9991714 3.2700393 3.4860299 3.2682478 3.2233111 2.4901235 2.6417422 8.9999989 0.4487941 0.5629627 0.5196273 0.0000000 0.5713545 0.4873603 0.5158708 3.3304050 3.1990221 3.1258193 2.9120188 3.6197977 3.2693667 2.5975483 3.6310247 2.7326578 3.4152488 2.6187684 3.9339170 2.7559286 3.1264715 3.5518112 3.1211991 3.4939856 4.0509458 3.5065935 3.2464401 3.5339302 4.3194656 
Saccharomyces_mikatae                       3.0442060 2.6691180 2.9397165 2.9630216 3.2553545 3.5153048 3.0841970 3.1408050 2.7048422 2.6745525 8.8073290 0.5994396 0.4460179 0.6274514 0.5713545 0.0000000 0.3772684 0.6228785 3.3076243 3.0383228 2.9762176 2.8769210 3.6324891 3.3265416 2.6171120 3.5621263 2.7344714 3.4149939 2.7686215 3.8403925 2.8224531 3.0958851 3.4616577 3.0465013 3.5008688 3.9648509 3.2819132 3.2228230 3.2914177 4.4028230 
Saccharomyces_paradoxus                     3.0384720 2.6273742 2.8567933 2.9298115 3.2022354 3.3925826 3.1684491 3.0454625 2.5923134 2.5684136 8.9999988 0.4737801 0.2407067 0.5028988 0.4873603 0.3772684 0.0000000 0.5204280 3.2179757 3.0825959 2.8759590 2.8118935 3.5044881 3.2831764 2.5377202 3.4773472 2.7567383 3.1818195 2.6242734 3.7704592 2.6183974 3.0262637 3.3517928 3.0280918 3.3985599 3.9117450 3.2649615 3.1544866 3.2608606 4.1067776 
Saccharomyces_uvarum                        3.0343682 2.5547021 2.8298603 2.9002907 3.1241186 3.2740807 3.1707545 3.1055268 2.4169127 2.5498877 8.7423590 0.4864831 0.5792525 0.1511970 0.5158708 0.6228785 0.5204280 0.0000000 3.3408031 3.0677785 2.9105327 2.7384945 3.5465169 3.1447075 2.5316970 3.3536217 2.7745749 3.2356741 2.4844484 3.8337562 2.5739060 2.8818446 3.4799280 2.9568106 3.5795888 4.0417558 3.1856706 3.1944219 3.2885665 4.3649423 
Tetrapisispora_blattae                      3.5657382 3.1799458 3.1107893 3.2410265 3.1822658 3.5460305 3.4079962 3.1500558 2.9366867 2.9464611 8.9999989 3.3597624 3.1737564 3.2691084 3.3304050 3.3076243 3.2179757 3.3408031 0.0000000 2.9538099 2.9948960 3.0254053 3.5490498 3.2217982 2.7575231 3.5810883 3.0308136 3.5133583 2.9689344 4.1212908 2.9366464 3.1337290 3.5874545 3.1529394 3.4670274 3.7723822 2.9216879 3.1201673 3.0963786 3.2418953 
Tetrapisispora_phaffii                      3.4032783 2.8373828 3.3650494 3.4169811 3.3537777 3.9416091 3.0494818 3.1812966 2.9343463 2.8160938 8.6458598 2.9394645 2.9886721 3.0865968 3.1990221 3.0383228 3.0825959 3.0677785 2.9538099 0.0000000 2.6536625 2.7833051 4.0970172 3.3169259 2.8060783 3.9413834 2.9554790 3.6225910 2.9253041 4.1971527 2.7998035 2.9201067 3.9418228 3.0822026 3.7897940 3.7006951 0.8310217 1.5598822 0.8531885 4.6056795 
Vanderwaltozyma_polyspora                   3.2828849 2.7619209 3.1180207 3.1750689 3.0744545 3.6187026 3.2204358 3.1823545 2.5899555 2.6762638 8.8926682 3.0303331 2.9338351 2.9696430 3.1258193 2.9762176 2.8759590 2.9105327 2.9948960 2.6536625 0.0000000 2.5816401 3.9315167 3.2881241 2.6037893 3.9300843 3.0902936 3.5706571 2.6224939 4.3046180 2.5728680 2.7745732 3.8772725 3.0741549 3.9032144 3.9294127 2.6663194 2.7459903 2.7949403 3.9786943 
yHAB132_Kazachstania_martiniae              2.6685264 2.2638552 2.5454107 2.6933975 2.7725972 3.1770081 2.6203396 2.6049928 2.3036562 2.4489925 7.4725131 2.8104590 2.8425534 2.8032550 2.9120188 2.8769210 2.8118935 2.7384945 3.0254053 2.7833051 2.5816401 0.0000000 3.1549152 2.7103997 2.1531245 3.2701347 2.1811602 3.3928523 2.3553962 3.5716201 2.3637033 2.3371155 3.2042829 2.4517577 3.1373868 3.2726734 3.0774958 3.0905482 2.9241318 4.1563012 
yHAB133_Kazachstania_unispora               3.8070745 3.5404344 3.4844797 3.8014295 3.7416922 4.2616886 3.7358490 3.7332016 3.4152574 3.5233316 8.4381223 3.4067333 3.5283342 3.4936584 3.6197977 3.6324891 3.5044881 3.5465169 3.5490498 4.0970172 3.9315167 3.1549152 0.0000000 4.1025147 2.8136009 1.0840838 3.2264948 4.1886826 3.7529932 3.5404227 3.6444518 3.6355352 0.7756645 3.5314739 0.7708581 3.3395663 4.3373029 4.1382200 3.9334278 4.9964619 
yHAB134_Kazachstania_turicensis             3.0469045 2.9481869 3.1173709 3.0643060 2.9391178 3.3859531 3.1424939 3.0721863 2.8845103 2.9185051 8.6073216 3.1890494 3.2713994 3.2648642 3.2693667 3.3265416 3.2831764 3.1447075 3.2217982 3.3169259 3.2881241 2.7103997 4.1025147 0.0000000 2.5264664 3.8159687 2.7824299 3.2892576 2.7051137 3.9188438 2.5654104 2.5909522 3.7481203 2.0940414 3.7477516 3.7322176 3.5311124 3.3362234 3.5728635 4.5048777 
yHAB136_Kazachstania_bromeliacearum         2.8801656 2.2029748 2.1928194 2.6424417 2.5390286 3.2374295 2.7080042 2.6723411 2.1392517 2.2179633 8.9200286 2.5908829 2.4840523 2.5152140 2.5975483 2.6171120 2.5377202 2.5316970 2.7575231 2.8060783 2.6037893 2.1531245 2.8136009 2.5264664 0.0000000 3.0511020 1.7190022 3.0004605 2.1231660 3.2003794 2.0836128 2.2448047 3.0372970 2.1417292 2.9415110 2.8927552 3.0074377 2.9429324 2.9254522 3.8307847 
yHAB143_Kazachstania_siamensis              3.8415036 3.6302310 3.6124240 3.7422112 3.8273257 4.0050853 3.7817478 3.8298336 3.4181431 3.3607747 8.4438848 3.6251286 3.5899059 3.4633263 3.6310247 3.5621263 3.4773472 3.3536217 3.5810883 3.9413834 3.9300843 3.2701347 1.0840838 3.8159687 3.0511020 0.0000000 3.0993753 4.0081082 3.8573125 3.6062161 3.5859842 3.7057640 1.0644280 3.3523394 1.0419518 3.4041217 4.0611348 4.1106972 3.8858354 4.8391800 
yHAB147_Kazachstania_taianensis             2.9074792 2.2681617 2.1408603 2.9067856 2.5906683 3.4587566 2.6698027 2.5989627 2.2711214 2.3639057 8.2187267 2.8013538 2.7753090 2.7680824 2.7326578 2.7344714 2.7567383 2.7745749 3.0308136 2.9554790 3.0902936 2.1811602 3.2264948 2.7824299 1.7190022 3.0993753 0.0000000 3.1947303 2.4589290 3.1218826 2.2329511 2.3197584 3.0452234 2.3879021 2.9816684 2.9583396 2.9105480 2.8846169 2.9439076 4.1696439 
yHAB148_Kazachstania_intestinalis           3.7607680 3.1571807 2.9606786 3.4163082 3.4277396 3.8899681 3.5780867 3.7029697 3.0768389 3.0280685 8.9999984 3.4117359 3.1772091 3.3291696 3.4152488 3.4149939 3.1818195 3.2356741 3.5133583 3.6225910 3.5706571 3.3928523 4.1886826 3.2892576 3.0004605 4.0081082 3.1947303 0.0000000 3.0705037 4.1355402 3.0622868 3.2224463 3.8351242 3.2343353 4.0525425 4.0283812 3.4528543 3.5976619 3.5188377 4.8071873 
yHAB153_Kazachstania_rosinii                2.8731194 2.2664805 2.6791320 2.8182094 2.9050412 3.3578484 3.0058187 2.9481080 2.3117850 2.2696664 8.3111731 2.6999494 2.7190381 2.5573103 2.6187684 2.7686215 2.6242734 2.4844484 2.9689344 2.9253041 2.6224939 2.3553962 3.7529932 2.7051137 2.1231660 3.8573125 2.4589290 3.0705037 0.0000000 3.4841320 1.7008291 2.4359150 3.5050935 2.4777681 3.4335838 3.3820985 2.9063877 2.9779533 3.0486596 4.1832016 
yHAB154_Kazachstania_transvaalensis         4.1815138 3.8440766 3.8701505 3.9309744 4.1659116 4.5767826 4.2174610 4.0320974 3.3826465 3.7552025 8.9999985 3.8566536 3.8685811 3.8640271 3.9339170 3.8403925 3.7704592 3.8337562 4.1212908 4.1971527 4.3046180 3.5716201 3.5404227 3.9188438 3.2003794 3.6062161 3.1218826 4.1355402 3.4841320 0.0000000 3.6680826 3.4508625 3.2906709 3.6356480 3.0990976 1.1149038 4.0109855 3.9545820 3.9473799 5.4484636 
yHAB155_Kazachstania_spencerorum            2.8163244 2.0360979 2.6670547 2.9122561 3.0542692 3.2103698 2.9950304 3.0695563 2.0876130 2.1846219 8.1914328 2.7149096 2.6114366 2.6265380 2.7559286 2.8224531 2.6183974 2.5739060 2.9366464 2.7998035 2.5728680 2.3637033 3.6444518 2.5654104 2.0836128 3.5859842 2.2329511 3.0622868 1.7008291 3.6680826 0.0000000 2.2161610 3.4578036 2.3808375 3.5914098 3.5484487 2.9659585 2.9828621 3.1108669 4.0070033 
yHAB158_Kazachstania_viticola               3.1659864 2.1416261 2.6140576 2.7795288 3.1212764 3.2591592 2.9837363 3.1228576 2.4060847 2.3961646 8.9534144 2.9228328 2.9803213 2.9414477 3.1264715 3.0958851 3.0262637 2.8818446 3.1337290 2.9201067 2.7745732 2.3371155 3.6355352 2.5909522 2.2448047 3.7057640 2.3197584 3.2224463 2.4359150 3.4508625 2.2161610 0.0000000 3.3595035 2.5176495 3.4216699 3.2313047 3.0551695 2.9723991 3.1667810 4.7164660 
yHAB159_Kazachstania_solicola               3.7009239 3.4508597 3.3452401 3.7092851 3.6681605 4.3123503 3.6744450 3.5406700 3.4193065 3.5258324 7.9194733 3.5083831 3.3744825 3.3306384 3.5518112 3.4616577 3.3517928 3.4799280 3.5874545 3.9418228 3.8772725 3.2042829 0.7756645 3.7481203 3.0372970 1.0644280 3.0452234 3.8351242 3.5050935 3.2906709 3.4578036 3.3595035 0.0000000 3.5531134 0.2947766 3.2059844 4.0657289 4.0437712 3.8507496 5.2035669 
yHAB160_Kazachstania_kunashirensis          2.9006377 2.4890923 2.8017838 2.8259030 2.8501169 3.6361828 2.9222487 3.0291281 2.3192873 2.4527745 8.3350076 2.9642994 2.9442589 2.9453478 3.1211991 3.0465013 3.0280918 2.9568106 3.1529394 3.0822026 3.0741549 2.4517577 3.5314739 2.0940414 2.1417292 3.3523394 2.3879021 3.2343353 2.4777681 3.6356480 2.3808375 2.5176495 3.5531134 0.0000000 3.4408859 3.4423960 3.0769054 3.5368118 3.0078090 3.9457331 
yHAB164_Kazachstania_aerobia                3.9322510 3.6720773 3.3308859 3.5452667 3.8194038 4.2700643 3.6564281 3.5384309 3.4175394 3.4870484 8.3391249 3.5028001 3.4971386 3.4555994 3.4939856 3.5008688 3.3985599 3.5795888 3.4670274 3.7897940 3.9032144 3.1373868 0.7708581 3.7477516 2.9415110 1.0419518 2.9816684 4.0525425 3.4335838 3.0990976 3.5914098 3.4216699 0.2947766 3.4408859 0.0000000 3.0456563 3.9484786 4.0562810 3.8667304 5.2873930 
yHAB166_Kazachstania_yakushimaensis         3.9087719 3.6955796 3.6525068 3.6627225 3.7402290 4.1669622 3.8897219 3.7336962 3.2783186 3.6269408 8.9999989 4.0313829 3.8733896 4.1054339 4.0509458 3.9648509 3.9117450 4.0417558 3.7723822 3.7006951 3.9294127 3.2726734 3.3395663 3.7322176 2.8927552 3.4041217 2.9583396 4.0283812 3.3820985 1.1149038 3.5484487 3.2313047 3.2059844 3.4423960 3.0456563 0.0000000 3.6748664 3.7438509 3.5189390 5.3967799 
yHMPu5000034875_Tetrapisispora_fleetii      3.4837934 2.9614807 3.3164526 3.4608782 3.1807693 3.8424905 3.3972366 3.4332587 2.9625667 2.7983479 8.9927475 3.3432140 3.2442438 3.2417019 3.5065935 3.2819132 3.2649615 3.1856706 2.9216879 0.8310217 2.6663194 3.0774958 4.3373029 3.5311124 3.0074377 4.0611348 2.9105480 3.4528543 2.9063877 4.0109855 2.9659585 3.0551695 4.0657289 3.0769054 3.9484786 3.6748664 0.0000000 1.5570549 0.4401048 4.7401210 
yHMPu5000034876_Tetrapisispora_iriomotensis 3.6860553 3.0579726 3.3507231 3.4774052 3.3496975 3.9297197 3.5870567 3.2972824 2.9097188 2.8281173 8.5425663 3.2570371 3.1179263 3.1077969 3.2464401 3.2228230 3.1544866 3.1944219 3.1201673 1.5598822 2.7459903 3.0905482 4.1382200 3.3362234 2.9429324 4.1106972 2.8846169 3.5976619 2.9779533 3.9545820 2.9828621 2.9723991 4.0437712 3.5368118 4.0562810 3.7438509 1.5570549 0.0000000 1.5793052 4.5304293 
yHMPu5000034877_Tetrapisispora_namnaonensis 3.6916853 3.0405089 3.3150045 3.5128884 3.4824541 3.9193229 3.4215480 3.4022531 2.9818574 2.9339825 8.9245613 3.3093231 3.2485297 3.2834880 3.5339302 3.2914177 3.2608606 3.2885665 3.0963786 0.8531885 2.7949403 2.9241318 3.9334278 3.5728635 2.9254522 3.8858354 2.9439076 3.5188377 3.0486596 3.9473799 3.1108669 3.1667810 3.8507496 3.0078090 3.8667304 3.5189390 0.4401048 1.5793052 0.0000000 4.9443985 
yHMPu5000035629_Yueomyces_sinensis          4.4125213 4.2315689 4.6031126 4.3780351 4.4976835 5.3223648 4.4563186 4.4721628 3.9026529 3.4571222 8.9999981 4.3197832 4.0514035 4.2015561 4.3194656 4.4028230 4.1067776 4.3649423 3.2418953 4.6056795 3.9786943 4.1563012 4.9964619 4.5048777 3.8307847 4.8391800 4.1696439 4.8071873 4.1832016 5.4484636 4.0070033 4.7164660 5.2035669 3.9457331 5.2873930 5.3967799 4.7401210 4.5304293 4.9443985 0.0000000 
