40
Candida_glabrata                            0.0000000 1.4900016 1.7417870 1.6142263 0.8072105 2.1166157 0.8206786 0.7996563 1.6051061 1.5726850 7.1566571 1.4533472 1.4345459 1.4623191 1.4924235 1.4574228 1.4549010 1.4557876 1.7745342 1.8299747 1.7392337 1.0663925 1.5094602 1.5760884 1.4512432 1.6173181 1.5957465 1.8036282 1.6806604 1.6612260 1.6252472 1.5984699 1.4565751 1.5059570 1.5106449 1.6075241 2.1164293 2.0156264 2.0224712 2.0459565 
Kazachstania_africana                       1.4900016 0.0000000 1.3593177 1.4707176 1.5621044 1.9329378 1.5456543 1.5606186 1.2599900 1.3118685 7.8702463 1.2283537 1.2825583 1.2412956 1.2672883 1.2733687 1.2731482 1.2413998 1.5088212 1.5995457 1.4525120 1.0112493 1.2693425 1.2507349 1.1033978 1.2461811 1.2720846 1.5769591 1.5020136 1.2053806 1.2530190 1.2087617 1.3157610 1.0953413 1.3004747 1.2023763 1.5883031 1.5519583 1.6573017 1.6135058 
Kazachstania_naganishii                     1.7417870 1.3593177 0.0000000 1.5326767 1.7138910 1.7892683 1.6430617 1.6518375 1.2309759 1.3053618 7.3085149 1.2233925 1.3359741 1.3210189 1.2405377 1.2848441 1.3186620 1.3163742 1.6134217 1.6918403 1.7518759 1.0875556 1.2660413 1.4246996 1.0418803 1.2640071 1.2373121 1.5058492 1.4283861 1.3691204 1.4993606 1.2995364 1.2704720 1.3034966 1.2476176 1.2115486 1.7270642 1.6545192 1.8122463 2.2234840 
Nakaseomyces_bacillisporus                  1.6142263 1.4707176 1.5326767 0.0000000 1.5363596 1.7627935 1.5285988 1.4786530 1.4253138 1.3453583 7.9036739 1.3260173 1.3976060 1.3715766 1.3821466 1.3501270 1.3572292 1.3580946 1.6720057 1.5842411 1.4954102 0.9691094 1.3635829 1.4375968 1.2635688 1.4559574 1.3848958 1.5784713 1.7027697 1.5220429 1.3377956 1.2719756 1.4319803 1.3283334 1.4939352 1.4648421 1.6779957 1.5173066 1.7196753 2.1377820 
Nakaseomyces_bracarensis                    0.8072105 1.5621044 1.7138910 1.5363596 0.0000000 2.2018071 0.5240638 0.4337965 1.5644613 1.4311053 7.6379284 1.3642705 1.4696267 1.4156096 1.4793783 1.4548102 1.4729393 1.4477242 1.6955239 1.8953983 1.6811454 1.0783161 1.7459335 1.6878768 1.4826077 1.6484934 1.6289082 1.8775534 1.6783341 1.6479913 1.6245522 1.6432930 1.6568181 1.5145803 1.7278914 1.7472359 1.9987332 2.0344268 2.0379220 2.1817102 
Nakaseomyces_castellii                      2.1166157 1.9329378 1.7892683 1.7627935 2.2018071 0.0000000 1.8959772 1.9907886 1.8568808 1.8120533 6.3131862 1.5992557 1.6145970 1.6887795 1.5935060 1.6604949 1.6758809 1.6380961 2.0862027 1.7235445 2.1947491 1.3528207 1.7454674 1.9303115 1.8581756 1.9483236 1.7903566 2.0775444 1.8364675 1.8841776 1.9660405 1.7175071 1.8143567 1.7151852 1.7964168 1.8903756 1.8335358 1.8940136 1.8213911 2.3004384 
Nakaseomyces_delphensis                     0.8206786 1.5456543 1.6430617 1.5285988 0.5240638 1.8959772 0.0000000 0.4384830 1.6100626 1.5506349 7.4134065 1.5385130 1.6236992 1.4818428 1.5491164 1.6014950 1.6049761 1.4484163 1.8975228 1.8745331 1.8951069 1.2247545 1.7129565 1.6751009 1.4521442 1.6688578 1.6249684 1.8895823 1.5813271 1.6954498 1.6139384 1.6706691 1.7076303 1.6331273 1.7166808 1.6838120 2.1197442 2.0590568 2.0672202 2.2851508 
Nakaseomyces_nivariensis                    0.7996563 1.5606186 1.6518375 1.4786530 0.4337965 1.9907886 0.4384830 0.0000000 1.5312603 1.4454881 7.2331136 1.5292899 1.5041645 1.5057653 1.5220053 1.5346614 1.5152884 1.4718057 1.7106640 1.8295632 1.7362928 1.2748510 1.7392747 1.6685431 1.4838948 1.6965416 1.6313618 1.8420792 1.5912019 1.6673053 1.5656016 1.6574935 1.8069930 1.5164342 1.8329083 1.6609281 2.0455276 2.0526610 1.9773006 2.2648720 
Naumovozyma_castellii                       1.6051061 1.2599900 1.2309759 1.4253138 1.5644613 1.8568808 1.6100626 1.5312603 0.0000000 0.9557223 7.7651775 1.1736924 1.2285321 1.2278987 1.1747246 1.2537404 1.2576486 1.2027113 1.5744647 1.5372875 1.5648174 0.8803945 1.1216117 1.1510343 0.8837265 1.0543981 1.1054054 1.4774380 1.4176871 1.1864742 1.0805691 1.1235008 1.1689932 1.0173754 1.1987902 1.1098779 1.4955788 1.3978193 1.5822435 1.8693519 
Naumovozyma_dairenensis                     1.5726850 1.3118685 1.3053618 1.3453583 1.4311053 1.8120533 1.5506349 1.4454881 0.9557223 0.0000000 7.7506520 1.1711848 1.1514315 1.1256037 1.1827988 1.2327079 1.2019034 1.1712283 1.3822612 1.5591081 1.3985599 0.7331731 0.9572358 1.0868807 0.8670239 0.9939831 1.1786339 1.5017413 1.5369075 1.0985262 1.1207424 1.0414570 1.0602077 0.9423942 1.0703356 1.0674039 1.4581718 1.4232008 1.4973673 1.7146253 
Neurospora_crassa                           7.1566571 7.8702463 7.3085149 7.9036739 7.6379284 6.3131862 7.4134065 7.2331136 7.7651775 7.7506520 0.0000000 7.1191853 7.1437975 6.9017942 7.2047481 7.1485956 7.0746010 7.1188688 8.2192742 7.1667763 8.2159013 5.4508677 7.6360042 8.3192414 7.6406410 8.4457818 6.8162181 7.6509003 6.4823050 8.9999988 8.7886346 8.0925440 7.6158272 8.2168348 8.1124213 8.1933804 7.9188143 8.5982769 7.9894518 8.9999988 
Saccharomyces_arboricola                    1.4533472 1.2283537 1.2233925 1.3260173 1.3642705 1.5992557 1.5385130 1.5292899 1.1736924 1.1711848 7.1191853 0.0000000 0.2747834 0.2443062 0.2314746 0.2452878 0.2446818 0.2540607 1.3940450 1.3931543 1.4674884 0.7833832 1.1110952 1.2099962 1.0369887 1.1874644 1.0760935 1.5278986 1.5527709 1.2313132 1.1424389 1.1655761 1.2200068 1.1033501 1.2141747 1.1630010 1.3796689 1.5073354 1.4227883 2.1404929 
Saccharomyces_cerevisiae                    1.4345459 1.2825583 1.3359741 1.3976060 1.4696267 1.6145970 1.6236992 1.5041645 1.2285321 1.1514315 7.1437975 0.2747834 0.0000000 0.3244137 0.2666681 0.2295880 0.1491052 0.3472318 1.4103710 1.4172301 1.4603187 0.7200474 1.1251221 1.2023041 1.0826623 1.2157031 1.0907919 1.5204833 1.4397525 1.1819451 1.2462096 1.1461966 1.1655570 1.1021620 1.2104005 1.1423706 1.3677268 1.4906583 1.3880093 2.2838620 
Saccharomyces_eubayanus                     1.4623191 1.2412956 1.3210189 1.3715766 1.4156096 1.6887795 1.4818428 1.5057653 1.2278987 1.1256037 6.9017942 0.2443062 0.3244137 0.0000000 0.2689725 0.3111639 0.3043944 0.0909000 1.3622312 1.3995594 1.4448899 0.7679841 1.1850056 1.2596631 1.0488746 1.2588395 1.1043464 1.4442320 1.4990760 1.1879476 1.1215176 1.1057084 1.1746685 1.1152032 1.2123848 1.1343603 1.3301450 1.4719711 1.3209640 2.2602755 
Saccharomyces_kudriavzevii                  1.4924235 1.2672883 1.2405377 1.3821466 1.4793783 1.5935060 1.5491164 1.5220053 1.1747246 1.1827988 7.2047481 0.2314746 0.2666681 0.2689725 0.0000000 0.2874501 0.2569397 0.2718168 1.4090183 1.4131730 1.4685854 0.7897684 1.0934713 1.2418788 1.0716357 1.1767997 1.1163923 1.4879363 1.5162978 1.2174270 1.1638674 1.1690917 1.1552513 1.1244562 1.1766915 1.1440244 1.3680338 1.4935864 1.3931962 2.1430806 
Saccharomyces_mikatae                       1.4574228 1.2733687 1.2848441 1.3501270 1.4548102 1.6604949 1.6014950 1.5346614 1.2537404 1.2327079 7.1485956 0.2452878 0.2295880 0.3111639 0.2874501 0.0000000 0.2084904 0.3081587 1.3716077 1.3868684 1.5506786 0.8061311 1.1662094 1.2405001 1.1135853 1.2639222 1.1286867 1.5613820 1.4993895 1.2541775 1.2165186 1.2339458 1.2005230 1.1168309 1.2083505 1.2093401 1.3911933 1.4969630 1.4257680 2.1730827 
Saccharomyces_paradoxus                     1.4549010 1.2731482 1.3186620 1.3572292 1.4729393 1.6758809 1.6049761 1.5152884 1.2576486 1.2019034 7.0746010 0.2446818 0.1491052 0.3043944 0.2569397 0.2084904 0.0000000 0.3053943 1.3822543 1.4612591 1.4560122 0.7888135 1.1550452 1.2436923 1.0937155 1.2882218 1.0837355 1.5433184 1.5288097 1.1854716 1.2066435 1.1677125 1.2063816 1.1190189 1.2394219 1.1744634 1.4763519 1.4453716 1.5038809 2.3315314 
Saccharomyces_uvarum                        1.4557876 1.2413998 1.3163742 1.3580946 1.4477242 1.6380961 1.4484163 1.4718057 1.2027113 1.1712283 7.1188688 0.2540607 0.3472318 0.0909000 0.2718168 0.3081587 0.3053943 0.0000000 1.3958846 1.4481505 1.5177896 0.8132202 1.2010137 1.2607391 1.0974150 1.2615917 1.0945431 1.4746381 1.4692026 1.1805531 1.1721092 1.1703710 1.2139035 1.1444943 1.2364173 1.1441699 1.3997385 1.5247859 1.3829412 2.2618060 
Tetrapisispora_blattae                      1.7745342 1.5088212 1.6134217 1.6720057 1.6955239 2.0862027 1.8975228 1.7106640 1.5744647 1.3822612 8.2192742 1.3940450 1.4103710 1.3622312 1.4090183 1.3716077 1.3822543 1.3958846 0.0000000 1.6379595 1.4806787 1.0640512 1.3218530 1.4178962 1.2869718 1.3855279 1.6251743 1.7423954 1.6869620 1.3769447 1.3322265 1.4152839 1.3850542 1.3255785 1.3983208 1.3843270 1.7143290 1.5936680 1.7057013 1.4575355 
Tetrapisispora_phaffii                      1.8299747 1.5995457 1.6918403 1.5842411 1.8953983 1.7235445 1.8745331 1.8295632 1.5372875 1.5591081 7.1667763 1.3931543 1.4172301 1.3995594 1.4131730 1.3868684 1.4612591 1.4481505 1.6379595 0.0000000 1.3161338 1.0786951 1.4537405 1.5526437 1.3910187 1.5261069 1.6084241 1.5409194 1.8666841 1.5387863 1.5653451 1.5939794 1.5649459 1.5419217 1.5939073 1.5584317 0.4772787 0.7123672 0.4660160 1.8481866 
Vanderwaltozyma_polyspora                   1.7392337 1.4525120 1.7518759 1.4954102 1.6811454 2.1947491 1.8951069 1.7362928 1.5648174 1.3985599 8.2159013 1.4674884 1.4603187 1.4448899 1.4685854 1.5506786 1.4560122 1.5177896 1.4806787 1.3161338 0.0000000 0.9178298 1.3768267 1.5999295 1.3351971 1.4233833 1.5521276 1.6269109 1.9441157 1.3858896 1.4527828 1.2834044 1.3978865 1.3589776 1.4554063 1.3494319 1.2949875 1.1486684 1.2353378 1.8280755 
yHAB132_Kazachstania_martiniae              1.0663925 1.0112493 1.0875556 0.9691094 1.0783161 1.3528207 1.2247545 1.2748510 0.8803945 0.7331731 5.4508677 0.7833832 0.7200474 0.7679841 0.7897684 0.8061311 0.7888135 0.8132202 1.0640512 1.0786951 0.9178298 0.0000000 0.6773814 0.8615128 0.7350837 0.6680975 0.6719169 1.0283051 1.2359413 0.6608656 0.8961032 0.6868264 0.7135845 0.7288275 0.7079557 0.6478556 1.0122330 0.9876681 1.0344846 1.3869700 
yHAB133_Kazachstania_unispora               1.5094602 1.2693425 1.2660413 1.3635829 1.7459335 1.7454674 1.7129565 1.7392747 1.1216117 0.9572358 7.6360042 1.1110952 1.1251221 1.1850056 1.0934713 1.1662094 1.1550452 1.2010137 1.3218530 1.4537405 1.3768267 0.6773814 0.0000000 1.0660968 0.7136484 0.3801498 0.9339720 1.4290672 1.5393807 0.8127669 0.9628165 0.9684624 0.3232278 0.9741773 0.3163499 0.8390859 1.4310807 1.5710316 1.5333099 1.5408739 
yHAB134_Kazachstania_turicensis             1.5760884 1.2507349 1.4246996 1.4375968 1.6878768 1.9303115 1.6751009 1.6685431 1.1510343 1.0868807 8.3192414 1.2099962 1.2023041 1.2596631 1.2418788 1.2405001 1.2436923 1.2607391 1.4178962 1.5526437 1.5999295 0.8615128 1.0660968 0.0000000 1.0114308 1.1653334 1.2373162 1.6246423 1.4990872 1.1609169 1.0904613 1.1611020 1.0888553 0.6996709 1.1207287 1.0968047 1.4988992 1.5546153 1.5592112 2.0373971 
yHAB136_Kazachstania_bromeliacearum         1.4512432 1.1033978 1.0418803 1.2635688 1.4826077 1.8581756 1.4521442 1.4838948 0.8837265 0.8670239 7.6406410 1.0369887 1.0826623 1.0488746 1.0716357 1.1135853 1.0937155 1.0974150 1.2869718 1.3910187 1.3351971 0.7350837 0.7136484 1.0114308 0.0000000 0.7574879 0.8683347 1.2589667 1.2774674 0.8898880 0.9621593 0.9697960 0.7236874 0.9513019 0.7781122 0.8163702 1.4313655 1.4287247 1.4464432 1.7289352 
yHAB143_Kazachstania_siamensis              1.6173181 1.2461811 1.2640071 1.4559574 1.6484934 1.9483236 1.6688578 1.6965416 1.0543981 0.9939831 8.4457818 1.1874644 1.2157031 1.2588395 1.1767997 1.2639222 1.2882218 1.2615917 1.3855279 1.5261069 1.4233833 0.6680975 0.3801498 1.1653334 0.7574879 0.0000000 0.9601125 1.3729222 1.4564330 0.9020282 0.9659579 1.0006728 0.4938154 0.9446269 0.4967674 0.9876557 1.5269189 1.5123861 1.5312631 1.8106885 
yHAB147_Kazachstania_taianensis             1.5957465 1.2720846 1.2373121 1.3848958 1.6289082 1.7903566 1.6249684 1.6313618 1.1054054 1.1786339 6.8162181 1.0760935 1.0907919 1.1043464 1.1163923 1.1286867 1.0837355 1.0945431 1.6251743 1.6084241 1.5521276 0.6719169 0.9339720 1.2373162 0.8683347 0.9601125 0.0000000 1.3700100 1.3450155 0.9088037 1.1053109 0.9369375 0.9201655 1.0141637 0.9924287 0.8714147 1.6392361 1.4970803 1.6829055 2.1294897 
yHAB148_Kazachstania_intestinalis           1.8036282 1.5769591 1.5058492 1.5784713 1.8775534 2.0775444 1.8895823 1.8420792 1.4774380 1.5017413 7.6509003 1.5278986 1.5204833 1.4442320 1.4879363 1.5613820 1.5433184 1.4746381 1.7423954 1.5409194 1.6269109 1.0283051 1.4290672 1.6246423 1.2589667 1.3729222 1.3700100 0.0000000 1.5502493 1.6115155 1.4653181 1.4548739 1.4425644 1.4084819 1.5008968 1.4501471 1.6478192 1.7582264 1.6017731 2.2726893 
yHAB153_Kazachstania_rosinii                1.6806604 1.5020136 1.4283861 1.7027697 1.6783341 1.8364675 1.5813271 1.5912019 1.4176871 1.5369075 6.4823050 1.5527709 1.4397525 1.4990760 1.5162978 1.4993895 1.5288097 1.4692026 1.6869620 1.8666841 1.9441157 1.2359413 1.5393807 1.4990872 1.2774674 1.4564330 1.3450155 1.5502493 0.0000000 1.6066484 1.3305495 1.3713193 1.4919649 1.2608941 1.4852689 1.5051414 1.9915776 2.0170113 2.0441980 2.5661615 
yHAB154_Kazachstania_transvaalensis         1.6612260 1.2053806 1.3691204 1.5220429 1.6479913 1.8841776 1.6954498 1.6673053 1.1864742 1.0985262 8.9999988 1.2313132 1.1819451 1.1879476 1.2174270 1.2541775 1.1854716 1.1805531 1.3769447 1.5387863 1.3858896 0.6608656 0.8127669 1.1609169 0.8898880 0.9020282 0.9088037 1.6115155 1.6066484 0.0000000 1.1321902 1.0062702 0.9106938 1.0399179 0.8687347 0.3329005 1.5252930 1.4338715 1.5303077 1.7795982 
yHAB155_Kazachstania_spencerorum            1.6252472 1.2530190 1.4993606 1.3377956 1.6245522 1.9660405 1.6139384 1.5656016 1.0805691 1.1207424 8.7886346 1.1424389 1.2462096 1.1215176 1.1638674 1.2165186 1.2066435 1.1721092 1.3322265 1.5653451 1.4527828 0.8961032 0.9628165 1.0904613 0.9621593 0.9659579 1.1053109 1.4653181 1.3305495 1.1321902 0.0000000 1.0494044 1.1000395 0.9098608 1.0420727 1.1270292 1.6915342 1.4691682 1.6126770 1.6624261 
yHAB158_Kazachstania_viticola               1.5984699 1.2087617 1.2995364 1.2719756 1.6432930 1.7175071 1.6706691 1.6574935 1.1235008 1.0414570 8.0925440 1.1655761 1.1461966 1.1057084 1.1690917 1.2339458 1.1677125 1.1703710 1.4152839 1.5939794 1.2834044 0.6868264 0.9684624 1.1611020 0.9697960 1.0006728 0.9369375 1.4548739 1.3713193 1.0062702 1.0494044 0.0000000 0.9555516 0.8956161 0.9604771 0.9848837 1.4852247 1.4226731 1.5715358 1.8618539 
yHAB159_Kazachstania_solicola               1.4565751 1.3157610 1.2704720 1.4319803 1.6568181 1.8143567 1.7076303 1.8069930 1.1689932 1.0602077 7.6158272 1.2200068 1.1655570 1.1746685 1.1552513 1.2005230 1.2063816 1.2139035 1.3850542 1.5649459 1.3978865 0.7135845 0.3232278 1.0888553 0.7236874 0.4938154 0.9201655 1.4425644 1.4919649 0.9106938 1.1000395 0.9555516 0.0000000 1.0247907 0.1214132 0.9653257 1.4973755 1.4764021 1.4808247 1.6905681 
yHAB160_Kazachstania_kunashirensis          1.5059570 1.0953413 1.3034966 1.3283334 1.5145803 1.7151852 1.6331273 1.5164342 1.0173754 0.9423942 8.2168348 1.1033501 1.1021620 1.1152032 1.1244562 1.1168309 1.1190189 1.1444943 1.3255785 1.5419217 1.3589776 0.7288275 0.9741773 0.6996709 0.9513019 0.9446269 1.0141637 1.4084819 1.2608941 1.0399179 0.9098608 0.8956161 1.0247907 0.0000000 1.0067842 0.9801526 1.6044342 1.5051164 1.6512168 1.8039245 
yHAB164_Kazachstania_aerobia                1.5106449 1.3004747 1.2476176 1.4939352 1.7278914 1.7964168 1.7166808 1.8329083 1.1987902 1.0703356 8.1124213 1.2141747 1.2104005 1.2123848 1.1766915 1.2083505 1.2394219 1.2364173 1.3983208 1.5939073 1.4554063 0.7079557 0.3163499 1.1207287 0.7781122 0.4967674 0.9924287 1.5008968 1.4852689 0.8687347 1.0420727 0.9604771 0.1214132 1.0067842 0.0000000 0.9395229 1.5202870 1.4427557 1.4898939 1.6827493 
yHAB166_Kazachstania_yakushimaensis         1.6075241 1.2023763 1.2115486 1.4648421 1.7472359 1.8903756 1.6838120 1.6609281 1.1098779 1.0674039 8.1933804 1.1630010 1.1423706 1.1343603 1.1440244 1.2093401 1.1744634 1.1441699 1.3843270 1.5584317 1.3494319 0.6478556 0.8390859 1.0968047 0.8163702 0.9876557 0.8714147 1.4501471 1.5051414 0.3329005 1.1270292 0.9848837 0.9653257 0.9801526 0.9395229 0.0000000 1.5072757 1.5228174 1.5545030 1.8248465 
yHMPu5000034875_Tetrapisispora_fleetii      2.1164293 1.5883031 1.7270642 1.6779957 1.9987332 1.8335358 2.1197442 2.0455276 1.4955788 1.4581718 7.9188143 1.3796689 1.3677268 1.3301450 1.3680338 1.3911933 1.4763519 1.3997385 1.7143290 0.4772787 1.2949875 1.0122330 1.4310807 1.4988992 1.4313655 1.5269189 1.6392361 1.6478192 1.9915776 1.5252930 1.6915342 1.4852247 1.4973755 1.6044342 1.5202870 1.5072757 0.0000000 0.7536928 0.2226829 1.8795998 
yHMPu5000034876_Tetrapisispora_iriomotensis 2.0156264 1.5519583 1.6545192 1.5173066 2.0344268 1.8940136 2.0590568 2.0526610 1.3978193 1.4232008 8.5982769 1.5073354 1.4906583 1.4719711 1.4935864 1.4969630 1.4453716 1.5247859 1.5936680 0.7123672 1.1486684 0.9876681 1.5710316 1.5546153 1.4287247 1.5123861 1.4970803 1.7582264 2.0170113 1.4338715 1.4691682 1.4226731 1.4764021 1.5051164 1.4427557 1.5228174 0.7536928 0.0000000 0.7485881 1.9487530 
yHMPu5000034877_Tetrapisispora_namnaonensis 2.0224712 1.6573017 1.8122463 1.7196753 2.0379220 1.8213911 2.0672202 1.9773006 1.5822435 1.4973673 7.9894518 1.4227883 1.3880093 1.3209640 1.3931962 1.4257680 1.5038809 1.3829412 1.7057013 0.4660160 1.2353378 1.0344846 1.5333099 1.5592112 1.4464432 1.5312631 1.6829055 1.6017731 2.0441980 1.5303077 1.6126770 1.5715358 1.4808247 1.6512168 1.4898939 1.5545030 0.2226829 0.7485881 0.0000000 1.9891903 
yHMPu5000035629_Yueomyces_sinensis          2.0459565 1.6135058 2.2234840 2.1377820 2.1817102 2.3004384 2.2851508 2.2648720 1.8693519 1.7146253 8.9999988 2.1404929 2.2838620 2.2602755 2.1430806 2.1730827 2.3315314 2.2618060 1.4575355 1.8481866 1.8280755 1.3869700 1.5408739 2.0373971 1.7289352 1.8106885 2.1294897 2.2726893 2.5661615 1.7795982 1.6624261 1.8618539 1.6905681 1.8039245 1.6827493 1.8248465 1.8795998 1.9487530 1.9891903 0.0000000 
