40
Candida_glabrata                            0.0000000 4.1071790 4.9493611 4.6022773 2.4832356 5.2866708 2.4821012 2.4534263 4.1703180 4.2664545 8.9999988 4.1634344 4.2782508 4.1395675 4.1553625 4.1887119 4.2859613 4.0445790 4.6638214 5.0261606 4.7410010 4.7326261 4.8468189 5.3414301 4.1388975 4.7267173 4.5730715 5.0098234 4.5450979 4.7047138 4.4052022 4.7604297 4.7093345 4.7991943 4.8285046 4.7049831 5.1667463 4.6362966 4.9723883 5.1478836 
Kazachstania_africana                       4.1071790 0.0000000 3.3706487 3.6040394 4.0734321 3.9878312 4.0132493 4.0397581 2.7520789 2.8425463 8.9999984 2.6918115 2.7186975 2.6174074 2.7724470 2.7517066 2.7003169 2.5761927 3.6685539 3.8814625 3.6954072 2.8222899 2.8887932 3.5748210 2.3384377 2.9286968 2.5626302 3.6935331 2.2453847 3.0599021 2.3416668 2.6294964 2.8962175 2.6593262 3.0461749 3.1683941 4.2719556 3.9602401 4.0419533 3.6980468 
Kazachstania_naganishii                     4.9493611 3.3706487 0.0000000 4.4022930 4.5809175 4.5356776 4.5949510 4.4214363 3.5900038 3.6887516 8.9999981 3.6731376 3.5931880 3.6963975 3.5488847 3.6419057 3.5656023 3.6975462 4.7242549 4.9658829 4.8557555 3.3149262 3.0158094 4.3366405 2.6719229 2.9303141 2.7343349 3.7869622 3.3513406 3.4269708 3.4162377 3.7169107 3.1372777 3.6342255 3.1584526 3.3455443 5.0309643 4.6406210 4.9528688 4.7353955 
Nakaseomyces_bacillisporus                  4.6022773 3.6040394 4.4022930 0.0000000 4.0571695 3.7238281 4.2080822 4.2075260 3.4495013 3.6970437 8.9999986 3.5476267 3.6819871 3.5086360 3.7073079 3.7853107 3.7736786 3.6058204 3.8966813 4.5483057 4.3369459 3.9320974 3.9325668 4.6893418 3.4532943 3.9742372 3.6705907 4.6017823 3.4959667 3.9860401 3.7810601 3.7410355 3.9478601 3.8442514 4.0889671 3.6818331 4.7123279 4.4650989 4.7061301 4.3015486 
Nakaseomyces_bracarensis                    2.4832356 4.0734321 4.5809175 4.0571695 0.0000000 4.8544510 1.1076501 1.0885961 3.8297660 4.0040239 8.9999984 3.8325583 3.8796134 3.8189983 3.8508531 3.8223348 3.8449621 3.7815100 4.4541403 5.0524001 4.3028541 4.2201339 4.4952643 5.2435386 4.0026799 4.4767685 4.0797070 4.6588782 3.8998817 4.6462826 4.2413100 4.5999550 4.5578036 4.3377700 4.6796846 4.2766225 4.9901469 4.5157943 4.8812837 4.3231310 
Nakaseomyces_castellii                      5.2866708 3.9878312 4.5356776 3.7238281 4.8544510 0.0000000 4.7540961 4.9646661 4.1799711 4.2538215 8.9999984 3.8146302 3.8760831 3.8219536 3.9213645 3.8832727 3.8996886 3.7628441 4.6636663 5.0528513 4.5902248 4.3464269 4.6049667 5.2559795 4.1225676 4.5242536 4.4262103 4.7337594 4.0755411 4.6206710 4.1093552 4.3930940 4.7729044 4.4161973 4.7184132 4.3045773 5.2976741 4.9879451 5.0866299 4.6303418 
Nakaseomyces_delphensis                     2.4821012 4.0132493 4.5949510 4.2080822 1.1076501 4.7540961 0.0000000 0.9469560 3.8981686 4.0039104 8.9999982 3.7985516 3.8427758 3.7858095 3.8450470 3.8418741 3.7934319 3.7506400 4.3865392 4.8056384 4.2144530 3.9446678 4.6217261 4.9249699 3.9940871 4.4942043 4.0601913 4.6795867 4.1330828 4.6565002 4.1725723 4.3072038 4.5825426 4.0199337 4.6209479 4.4722749 4.8659070 4.6146942 4.7844794 4.5614409 
Nakaseomyces_nivariensis                    2.4534263 4.0397581 4.4214363 4.2075260 1.0885961 4.9646661 0.9469560 0.0000000 3.8594766 4.0442986 8.9999985 3.7957179 3.9372316 3.8466848 3.9240151 3.8646258 3.9326679 3.7903302 4.3548262 4.9256610 4.2006927 4.1466869 4.3843575 5.0874562 3.9698450 4.3305371 3.9900477 4.5664382 4.0180606 4.6933837 4.1425557 4.5392726 4.3097507 4.1782096 4.3914629 4.4598771 5.0110430 4.5763801 4.9008939 4.4413818 
Naumovozyma_castellii                       4.1703180 2.7520789 3.5900038 3.4495013 3.8297660 4.1799711 3.8981686 3.8594766 0.0000000 2.2232509 8.9999986 2.7810730 2.8883291 2.7306280 2.8133838 2.9343096 2.8453795 2.7665912 3.6747872 3.6979507 3.6304171 3.2957622 3.1235600 3.7897197 2.6980771 3.1030866 2.8505238 3.6233768 2.5612116 3.3384905 2.8917950 3.0746124 3.1023803 3.2277772 3.1860530 3.0672504 4.0880853 4.0318994 4.0093038 3.8467040 
Naumovozyma_dairenensis                     4.2664545 2.8425463 3.6887516 3.6970437 4.0040239 4.2538215 4.0039104 4.0442986 2.2232509 0.0000000 8.9999983 2.8471489 3.0183417 2.8789280 2.9730195 2.9245301 3.0011930 2.8267653 3.6800711 4.0340418 3.7529402 3.4531910 3.1515205 4.1982402 2.8283719 3.0950825 2.9989374 3.8097736 2.9384905 3.3421156 2.9946516 3.1576278 3.1369279 3.4726557 3.2054026 3.2396450 4.2308762 4.1351129 4.2405272 3.8215489 
Neurospora_crassa                           8.9999988 8.9999984 8.9999981 8.9999986 8.9999984 8.9999984 8.9999982 8.9999985 8.9999986 8.9999983 0.0000000 8.9999981 8.9999986 8.9999989 8.9999981 8.9999985 8.9999989 8.9999989 8.9999990 8.9999984 8.9999980 8.9999981 8.9999989 8.9999982 8.9999990 8.9999981 8.9999983 8.9999982 8.9999983 8.9999982 8.9999990 8.9999981 8.9999987 8.9999987 8.9999982 8.9999988 8.9999988 8.9999984 8.9999988 8.9999988 
Saccharomyces_arboricola                    4.1634344 2.6918115 3.6731376 3.5476267 3.8325583 3.8146302 3.7985516 3.7957179 2.7810730 2.8471489 8.9999981 0.0000000 0.5424329 0.5066638 0.4677877 0.5682783 0.5198091 0.4868594 3.2917705 3.7441213 3.2693948 3.2182401 2.9304413 3.6932084 2.5822777 2.9666720 3.1109736 3.9418388 2.7155615 3.4003579 2.7301590 3.0491702 3.0471021 3.2250153 3.0678365 3.2778173 3.7943699 3.6376494 4.0115393 3.6556170 
Saccharomyces_cerevisiae                    4.2782508 2.7186975 3.5931880 3.6819871 3.8796134 3.8760831 3.8427758 3.9372316 2.8883291 3.0183417 8.9999986 0.5424329 0.0000000 0.6160784 0.5411328 0.4574590 0.2482425 0.5798422 3.3779225 3.8293530 3.5867042 3.1622638 3.1595951 3.7656153 2.6068209 3.1175824 3.1376060 3.9995589 2.8671747 3.5714678 2.8561783 3.0893848 3.2149931 3.2061561 3.2481210 3.3194679 3.9045655 3.6414970 4.0144783 3.6706235 
Saccharomyces_eubayanus                     4.1395675 2.6174074 3.6963975 3.5086360 3.8189983 3.8219536 3.7858095 3.8466848 2.7306280 2.8789280 8.9999989 0.5066638 0.6160784 0.0000000 0.5121834 0.6218380 0.5642585 0.1406343 3.3170895 3.6130802 3.2910654 3.0628051 2.9546447 3.6120144 2.4585897 2.9053742 3.0760622 3.8869514 2.6741373 3.3935091 2.7614380 3.0643869 3.0169138 3.2788152 3.0944058 3.1014114 3.6948164 3.5208400 3.9741482 3.6028656 
Saccharomyces_kudriavzevii                  4.1553625 2.7724470 3.5488847 3.7073079 3.8508531 3.9213645 3.8450470 3.9240151 2.8133838 2.9730195 8.9999981 0.4677877 0.5411328 0.5121834 0.0000000 0.5482604 0.4956269 0.5035638 3.3884906 3.7491894 3.3784107 3.1243316 2.9868302 3.7127569 2.5941444 3.0037508 3.0788765 3.9340745 2.7238309 3.5193855 2.8686705 3.0702534 3.1005452 3.3220550 3.2199317 3.2795574 3.8736516 3.6487313 4.0295923 3.6984389 
Saccharomyces_mikatae                       4.1887119 2.7517066 3.6419057 3.7853107 3.8223348 3.8832727 3.8418741 3.8646258 2.9343096 2.9245301 8.9999985 0.5682783 0.4574590 0.6218380 0.5482604 0.0000000 0.4014242 0.6008950 3.3397746 3.7896636 3.3806137 3.1640424 2.9516313 3.8336004 2.6526384 3.0279766 3.0590046 3.8899077 2.7617150 3.4396843 2.8623087 3.0685632 3.1117537 3.3549023 3.1340688 3.2599979 3.9137155 3.6076131 4.1210681 3.7604104 
Saccharomyces_paradoxus                     4.2859613 2.7003169 3.5656023 3.7736786 3.8449621 3.8996886 3.7934319 3.9326679 2.8453795 3.0011930 8.9999989 0.5198091 0.2482425 0.5642585 0.4956269 0.4014242 0.0000000 0.5370193 3.4481600 3.7410536 3.5245897 3.2503392 3.0463372 3.7105307 2.5764793 3.0532472 3.1312655 3.8892903 2.8548153 3.5624452 2.8913300 3.1373234 3.1257094 3.3576057 3.1635905 3.3064264 3.9312265 3.6303286 3.9326050 3.6646546 
Saccharomyces_uvarum                        4.0445790 2.5761927 3.6975462 3.6058204 3.7815100 3.7628441 3.7506400 3.7903302 2.7665912 2.8267653 8.9999989 0.4868594 0.5798422 0.1406343 0.5035638 0.6008950 0.5370193 0.0000000 3.3773017 3.6214329 3.2667989 3.0847756 3.0000238 3.7095810 2.4609494 2.9565422 3.0736281 3.8663076 2.6928263 3.3250158 2.7554163 3.0475149 3.0928326 3.2521039 3.2083755 3.1808864 3.7165540 3.5359029 3.9413251 3.6101280 
Tetrapisispora_blattae                      4.6638214 3.6685539 4.7242549 3.8966813 4.4541403 4.6636663 4.3865392 4.3548262 3.6747872 3.6800711 8.9999990 3.2917705 3.3779225 3.3170895 3.3884906 3.3397746 3.4481600 3.3773017 0.0000000 4.5177142 3.9934507 4.0091200 3.8438824 4.5110467 3.4711763 3.7407295 3.8198978 4.6963386 3.9754002 4.0285224 3.7170960 4.0437385 3.7856634 4.0027491 3.9097100 4.0615649 4.5774585 4.3291662 4.6170259 2.9606467 
Tetrapisispora_phaffii                      5.0261606 3.8814625 4.9658829 4.5483057 5.0524001 5.0528513 4.8056384 4.9256610 3.6979507 4.0340418 8.9999984 3.7441213 3.8293530 3.6130802 3.7491894 3.7896636 3.7410536 3.6214329 4.5177142 0.0000000 3.8542243 4.5014688 4.5096860 4.6744883 4.2496255 4.3508900 4.5208558 4.9086915 4.2659122 4.7073132 4.2690250 4.4233821 4.5821786 4.2411189 4.5842371 4.6293136 1.1270685 1.8738157 1.0881726 5.0372015 
Vanderwaltozyma_polyspora                   4.7410010 3.6954072 4.8557555 4.3369459 4.3028541 4.5902248 4.2144530 4.2006927 3.6304171 3.7529402 8.9999980 3.2693948 3.5867042 3.2910654 3.3784107 3.3806137 3.5245897 3.2667989 3.9934507 3.8542243 0.0000000 4.0554544 4.4443285 4.2466128 3.7842390 4.3600158 4.1937680 4.5026036 3.7678725 4.5375094 3.8699610 3.9999528 4.4378146 3.8139333 4.4129499 4.3323160 4.1729675 3.3576127 4.1435780 4.2443224 
yHAB132_Kazachstania_martiniae              4.7326261 2.8222899 3.3149262 3.9320974 4.2201339 4.3464269 3.9446678 4.1466869 3.2957622 3.4531910 8.9999981 3.2182401 3.1622638 3.0628051 3.1243316 3.1640424 3.2503392 3.0847756 4.0091200 4.5014688 4.0554544 0.0000000 3.0990139 3.8731644 2.5728953 2.9527301 2.7697134 3.5440516 2.8322875 3.2654419 2.8191804 3.1318476 2.9991786 3.1845674 3.0213001 3.2891241 4.4991309 4.3003523 4.5697251 4.2367758 
yHAB133_Kazachstania_unispora               4.8468189 2.8887932 3.0158094 3.9325668 4.4952643 4.6049667 4.6217261 4.3843575 3.1235600 3.1515205 8.9999989 2.9304413 3.1595951 2.9546447 2.9868302 2.9516313 3.0463372 3.0000238 3.8438824 4.5096860 4.4443285 3.0990139 0.0000000 3.7152734 2.1310118 0.9639438 2.2748349 3.6702169 2.8901171 2.6661476 2.9261017 3.3165055 0.6423936 3.2740077 0.6329099 2.5681768 4.5803662 4.1104849 4.5472933 4.2136706 
yHAB134_Kazachstania_turicensis             5.3414301 3.5748210 4.3366405 4.6893418 5.2435386 5.2559795 4.9249699 5.0874562 3.7897197 4.1982402 8.9999982 3.6932084 3.7656153 3.6120144 3.7127569 3.8336004 3.7105307 3.7095810 4.5110467 4.6744883 4.2466128 3.8731644 3.7152734 0.0000000 3.5054450 3.8496893 3.8581142 4.2199050 3.2587262 4.1732880 3.2827588 3.8999173 3.8308522 2.5814926 3.7918432 4.0539919 4.6297794 4.6222859 4.6511160 5.0496742 
yHAB136_Kazachstania_bromeliacearum         4.1388975 2.3384377 2.6719229 3.4532943 4.0026799 4.1225676 3.9940871 3.9698450 2.6980771 2.8283719 8.9999990 2.5822777 2.6068209 2.4585897 2.5941444 2.6526384 2.5764793 2.4609494 3.4711763 4.2496255 3.7842390 2.5728953 2.1310118 3.5054450 0.0000000 2.0572240 1.9740007 3.3247739 2.4254598 2.5466385 2.4761234 2.5898392 2.1353653 2.7316117 2.2509314 2.4053798 4.3933342 3.7829689 4.2680543 3.7827435 
yHAB143_Kazachstania_siamensis              4.7267173 2.9286968 2.9303141 3.9742372 4.4767685 4.5242536 4.4942043 4.3305371 3.1030866 3.0950825 8.9999981 2.9666720 3.1175824 2.9053742 3.0037508 3.0279766 3.0532472 2.9565422 3.7407295 4.3508900 4.3600158 2.9527301 0.9639438 3.8496893 2.0572240 0.0000000 2.1670253 3.4808793 2.7717224 2.6533356 3.0893793 3.1148251 1.0491892 3.2096369 1.0865699 2.4995270 4.3780836 4.1871325 4.4369482 4.1438588 
yHAB147_Kazachstania_taianensis             4.5730715 2.5626302 2.7343349 3.6705907 4.0797070 4.4262103 4.0601913 3.9900477 2.8505238 2.9989374 8.9999983 3.1109736 3.1376060 3.0760622 3.0788765 3.0590046 3.1312655 3.0736281 3.8198978 4.5208558 4.1937680 2.7697134 2.2748349 3.8581142 1.9740007 2.1670253 0.0000000 3.5023688 2.5389304 2.6484195 2.8820755 3.1520803 2.3085908 3.1238342 2.3294211 2.5316783 4.6474818 4.3841829 4.6482315 4.0458005 
yHAB148_Kazachstania_intestinalis           5.0098234 3.6935331 3.7869622 4.6017823 4.6588782 4.7337594 4.6795867 4.5664382 3.6233768 3.8097736 8.9999982 3.9418388 3.9995589 3.8869514 3.9340745 3.8899077 3.8892903 3.8663076 4.6963386 4.9086915 4.5026036 3.5440516 3.6702169 4.2199050 3.3247739 3.4808793 3.5023688 0.0000000 3.6248952 3.8597269 3.7335007 3.9267717 3.7080264 3.7956169 3.7952694 3.9222331 4.9379011 4.6043578 4.7760546 4.7293247 
yHAB153_Kazachstania_rosinii                4.5450979 2.2453847 3.3513406 3.4959667 3.8998817 4.0755411 4.1330828 4.0180606 2.5612116 2.9384905 8.9999983 2.7155615 2.8671747 2.6741373 2.7238309 2.7617150 2.8548153 2.6928263 3.9754002 4.2659122 3.7678725 2.8322875 2.8901171 3.2587262 2.4254598 2.7717224 2.5389304 3.6248952 0.0000000 2.9935341 2.0549677 2.6635551 2.9731921 2.3317695 3.0344439 3.1028307 4.4273248 4.0735166 4.5169741 4.1760556 
yHAB154_Kazachstania_transvaalensis         4.7047138 3.0599021 3.4269708 3.9860401 4.6462826 4.6206710 4.6565002 4.6933837 3.3384905 3.3421156 8.9999982 3.4003579 3.5714678 3.3935091 3.5193855 3.4396843 3.5624452 3.3250158 4.0285224 4.7073132 4.5375094 3.2654419 2.6661476 4.1732880 2.5466385 2.6533356 2.6484195 3.8597269 2.9935341 0.0000000 3.2351370 3.4607241 2.7261154 3.5437283 2.7009023 0.9869252 4.5634384 4.3714120 4.5672711 3.9914348 
yHAB155_Kazachstania_spencerorum            4.4052022 2.3416668 3.4162377 3.7810601 4.2413100 4.1093552 4.1725723 4.1425557 2.8917950 2.9946516 8.9999990 2.7301590 2.8561783 2.7614380 2.8686705 2.8623087 2.8913300 2.7554163 3.7170960 4.2690250 3.8699610 2.8191804 2.9261017 3.2827588 2.4761234 3.0893793 2.8820755 3.7335007 2.0549677 3.2351370 0.0000000 2.7267921 3.0073200 2.4500230 3.0354763 3.2003135 4.2616192 4.2327860 4.2328513 4.0224609 
yHAB158_Kazachstania_viticola               4.7604297 2.6294964 3.7169107 3.7410355 4.5999550 4.3930940 4.3072038 4.5392726 3.0746124 3.1576278 8.9999981 3.0491702 3.0893848 3.0643869 3.0702534 3.0685632 3.1373234 3.0475149 4.0437385 4.4233821 3.9999528 3.1318476 3.3165055 3.8999173 2.5898392 3.1148251 3.1520803 3.9267717 2.6635551 3.4607241 2.7267921 0.0000000 3.2553743 3.1763145 3.4213311 3.3380857 4.6926598 4.0756547 4.5899265 4.0133554 
yHAB159_Kazachstania_solicola               4.7093345 2.8962175 3.1372777 3.9478601 4.5578036 4.7729044 4.5825426 4.3097507 3.1023803 3.1369279 8.9999987 3.0471021 3.2149931 3.0169138 3.1005452 3.1117537 3.1257094 3.0928326 3.7856634 4.5821786 4.4378146 2.9991786 0.6423936 3.8308522 2.1353653 1.0491892 2.3085908 3.7080264 2.9731921 2.7261154 3.0073200 3.2553743 0.0000000 3.2640263 0.2359561 2.6785487 4.5172375 4.2606068 4.6285924 4.0564531 
yHAB160_Kazachstania_kunashirensis          4.7991943 2.6593262 3.6342255 3.8442514 4.3377700 4.4161973 4.0199337 4.1782096 3.2277772 3.4726557 8.9999987 3.2250153 3.2061561 3.2788152 3.3220550 3.3549023 3.3576057 3.2521039 4.0027491 4.2411189 3.8139333 3.1845674 3.2740077 2.5814926 2.7316117 3.2096369 3.1238342 3.7956169 2.3317695 3.5437283 2.4500230 3.1763145 3.2640263 0.0000000 3.3306486 3.4150663 4.3158884 4.1488714 4.2530633 4.1156764 
yHAB164_Kazachstania_aerobia                4.8285046 3.0461749 3.1584526 4.0889671 4.6796846 4.7184132 4.6209479 4.3914629 3.1860530 3.2054026 8.9999982 3.0678365 3.2481210 3.0944058 3.2199317 3.1340688 3.1635905 3.2083755 3.9097100 4.5842371 4.4129499 3.0213001 0.6329099 3.7918432 2.2509314 1.0865699 2.3294211 3.7952694 3.0344439 2.7009023 3.0354763 3.4213311 0.2359561 3.3306486 0.0000000 2.6889745 4.5795785 4.2913705 4.6714808 4.2376613 
yHAB166_Kazachstania_yakushimaensis         4.7049831 3.1683941 3.3455443 3.6818331 4.2766225 4.3045773 4.4722749 4.4598771 3.0672504 3.2396450 8.9999988 3.2778173 3.3194679 3.1014114 3.2795574 3.2599979 3.3064264 3.1808864 4.0615649 4.6293136 4.3323160 3.2891241 2.5681768 4.0539919 2.4053798 2.4995270 2.5316783 3.9222331 3.1028307 0.9869252 3.2003135 3.3380857 2.6785487 3.4150663 2.6889745 0.0000000 4.3259299 4.3244202 4.3142538 4.0307270 
yHMPu5000034875_Tetrapisispora_fleetii      5.1667463 4.2719556 5.0309643 4.7123279 4.9901469 5.2976741 4.8659070 5.0110430 4.0880853 4.2308762 8.9999988 3.7943699 3.9045655 3.6948164 3.8736516 3.9137155 3.9312265 3.7165540 4.5774585 1.1270685 4.1729675 4.4991309 4.5803662 4.6297794 4.3933342 4.3780836 4.6474818 4.9379011 4.4273248 4.5634384 4.2616192 4.6926598 4.5172375 4.3158884 4.5795785 4.3259299 0.0000000 2.1534382 0.5606579 4.7919609 
yHMPu5000034876_Tetrapisispora_iriomotensis 4.6362966 3.9602401 4.6406210 4.4650989 4.5157943 4.9879451 4.6146942 4.5763801 4.0318994 4.1351129 8.9999984 3.6376494 3.6414970 3.5208400 3.6487313 3.6076131 3.6303286 3.5359029 4.3291662 1.8738157 3.3576127 4.3003523 4.1104849 4.6222859 3.7829689 4.1871325 4.3841829 4.6043578 4.0735166 4.3714120 4.2327860 4.0756547 4.2606068 4.1488714 4.2913705 4.3244202 2.1534382 0.0000000 2.0627744 4.5793865 
yHMPu5000034877_Tetrapisispora_namnaonensis 4.9723883 4.0419533 4.9528688 4.7061301 4.8812837 5.0866299 4.7844794 4.9008939 4.0093038 4.2405272 8.9999988 4.0115393 4.0144783 3.9741482 4.0295923 4.1210681 3.9326050 3.9413251 4.6170259 1.0881726 4.1435780 4.5697251 4.5472933 4.6511160 4.2680543 4.4369482 4.6482315 4.7760546 4.5169741 4.5672711 4.2328513 4.5899265 4.6285924 4.2530633 4.6714808 4.3142538 0.5606579 2.0627744 0.0000000 4.9120211 
yHMPu5000035629_Yueomyces_sinensis          5.1478836 3.6980468 4.7353955 4.3015486 4.3231310 4.6303418 4.5614409 4.4413818 3.8467040 3.8215489 8.9999988 3.6556170 3.6706235 3.6028656 3.6984389 3.7604104 3.6646546 3.6101280 2.9606467 5.0372015 4.2443224 4.2367758 4.2136706 5.0496742 3.7827435 4.1438588 4.0458005 4.7293247 4.1760556 3.9914348 4.0224609 4.0133554 4.0564531 4.1156764 4.2376613 4.0307270 4.7919609 4.5793865 4.9120211 0.0000000 
