40
Candida_glabrata                            0.0000000 1.3958117 1.8064367 1.1538817 0.5653711 1.3209983 0.6611662 0.5813103 1.2367459 1.2489382 3.1532865 1.1404347 1.0396695 1.1419313 1.1006799 1.0761579 1.0559819 1.0943371 1.1094887 1.2040700 1.0641001 1.1218479 2.1349341 1.2202652 1.2106520 2.3934482 2.0808417 1.4342953 1.1430087 1.8384305 1.1573519 1.8774483 2.0733446 1.1484297 2.0070524 1.8864211 1.1645497 1.1497374 1.1942107 1.2923432 
Kazachstania_africana                       1.3958117 0.0000000 1.5741072 1.0363462 1.3126260 1.3414479 1.2452657 1.2369121 0.8151055 0.7624690 2.8463751 0.9536801 0.8319597 0.8799473 0.9616045 0.8790333 0.8348669 0.8572513 1.0213148 1.1126471 0.8975223 0.8720716 1.8606947 0.7710418 0.7847168 2.0215027 2.3403639 1.1336856 0.7790385 1.6142191 0.7946111 1.3289038 1.8384709 0.6783297 1.8489535 1.5336131 1.1254174 0.9933282 1.2105242 1.1622168 
Kazachstania_naganishii                     1.8064367 1.5741072 0.0000000 1.5404558 1.7134404 1.6276833 1.6586034 1.6121064 1.8017855 1.7007064 2.6041318 1.4734608 1.5345487 1.4572931 1.5257160 1.5506138 1.5262798 1.5281249 1.7870922 1.8657842 1.7212697 1.7197331 2.3232536 1.5911218 1.5426981 2.5412634 1.7097803 1.7287843 1.4996463 1.9240481 1.5695407 2.1605057 2.2089805 1.5849879 2.2666329 2.0262704 1.8668286 1.8990581 1.8566805 1.8306545 
Nakaseomyces_bacillisporus                  1.1538817 1.0363462 1.5404558 0.0000000 1.1033406 0.9831174 1.0074604 1.0033557 0.9442912 0.8583942 2.7791861 0.8659713 0.8602228 0.8550806 0.9350782 0.9114950 0.8516997 0.7942416 0.9400067 1.0532488 1.0089568 1.1317770 1.8954765 0.9698912 0.8779834 1.9528476 2.2828832 1.0777745 0.9463633 1.5443627 1.0441052 1.5521787 1.8392821 0.8657514 1.7464816 1.6075142 1.0509213 1.0508752 1.1136837 1.0008452 
Nakaseomyces_bracarensis                    0.5653711 1.3126260 1.7134404 1.1033406 0.0000000 1.2483648 0.3859377 0.2904437 1.0790701 1.1354743 2.7875170 0.9834826 0.9513679 0.9997439 1.0112088 0.9671726 0.9593390 0.9960525 1.0319173 1.1303936 0.9615180 1.0481422 2.1424464 1.0264862 1.0216121 2.5068545 2.1263180 1.2943337 0.9434801 1.6916620 1.0295631 1.7920117 2.0916987 1.0262345 2.1087994 1.8192373 1.1325917 1.0699319 1.2138308 1.1257306 
Nakaseomyces_castellii                      1.3209983 1.3414479 1.6276833 0.9831174 1.2483648 0.0000000 1.1735075 1.1794122 1.2760888 1.2182395 2.4547609 1.1953713 1.2176461 1.1205164 1.1847292 1.2106851 1.2056497 1.0879227 1.1806514 1.4115634 1.2439066 1.2959723 2.2246726 1.2754061 1.1823631 2.7123466 2.1132847 1.2610796 1.1008544 2.0478739 1.2105322 1.7364711 2.2657901 1.1795726 2.2998288 2.0470260 1.3628293 1.2146289 1.3977584 1.2409427 
Nakaseomyces_delphensis                     0.6611662 1.2452657 1.6586034 1.0074604 0.3859377 1.1735075 0.0000000 0.2999979 1.0926893 1.0385910 2.6953633 0.9314880 0.9155367 0.9768676 0.9918309 0.9679526 0.9443427 0.9212986 1.0507163 1.1306706 1.0596675 1.0645436 2.2199061 1.0473960 1.0812303 2.4038033 2.1053960 1.4235849 0.9492886 1.7348373 1.0070058 1.6770917 2.0721782 0.9481123 2.0533667 1.7501011 1.1125026 1.1004220 1.1452687 1.0604664 
Nakaseomyces_nivariensis                    0.5813103 1.2369121 1.6121064 1.0033557 0.2904437 1.1794122 0.2999979 0.0000000 1.0464313 0.9931520 2.6064998 0.9107695 0.9074236 0.9494985 0.9548161 0.9127114 0.8974848 0.9448683 1.0181944 1.0641296 0.9376497 0.9893552 2.2089777 1.0140624 0.9778056 2.5107947 2.1287990 1.3968193 0.9423570 1.6483618 1.0037978 1.6193770 2.1273540 0.9667228 2.1424806 1.7784088 1.0793229 1.0301479 1.0512977 1.0692129 
Naumovozyma_castellii                       1.2367459 0.8151055 1.8017855 0.9442912 1.0790701 1.2760888 1.0926893 1.0464313 0.0000000 0.5472496 2.4913042 0.8258472 0.8017840 0.7962890 0.8616882 0.7769752 0.8272504 0.7916369 0.9083867 0.9232808 0.8278227 0.9557312 1.8410485 0.8717402 0.8233795 2.0321832 2.2982598 1.0837294 0.8266867 1.5658357 0.8562030 1.2889571 1.8111917 0.7529890 1.8137403 1.5738148 0.9023116 0.9154134 0.9669095 1.0303023 
Naumovozyma_dairenensis                     1.2489382 0.7624690 1.7007064 0.8583942 1.1354743 1.2182395 1.0385910 0.9931520 0.5472496 0.0000000 2.7374766 0.8393212 0.8166965 0.8128018 0.8653349 0.8100166 0.8222743 0.7978952 0.8797133 0.7728334 0.7897889 0.8992845 1.6752987 0.9148040 0.8396993 2.0131726 2.3946766 1.1585679 0.9017142 1.3649815 0.8125575 1.1836738 1.7067028 0.7122208 1.6979381 1.4147764 0.7719699 0.7558951 0.8327967 0.9683056 
Neurospora_crassa                           3.1532865 2.8463751 2.6041318 2.7791861 2.7875170 2.4547609 2.6953633 2.6064998 2.4913042 2.7374766 0.0000000 2.3213551 2.4566428 2.4830228 2.4355117 2.3727259 2.3698826 2.4394091 2.6966114 2.6568388 2.5401166 3.0100564 3.5334091 2.7807010 2.5874508 3.9025096 3.1587649 2.3966101 2.2638874 3.7352779 2.6776772 3.0723822 3.2789718 2.5405221 3.2999960 3.6039468 2.6250570 2.7409182 2.5395036 2.7574576 
Saccharomyces_arboricola                    1.1404347 0.9536801 1.4734608 0.8659713 0.9834826 1.1953713 0.9314880 0.9107695 0.8258472 0.8393212 2.3213551 0.0000000 0.2162439 0.2004700 0.2028582 0.2386856 0.2134983 0.1765715 0.8173315 0.8573103 0.7627862 0.9646026 1.8031156 0.8598696 0.7765832 2.2385191 2.2537239 1.0668452 0.7615149 1.5952158 0.7616401 1.4006841 1.6803338 0.7293241 1.6961258 1.5630693 0.8539412 0.8170905 0.8507832 0.9562778 
Saccharomyces_cerevisiae                    1.0396695 0.8319597 1.5345487 0.8602228 0.9513679 1.2176461 0.9155367 0.9074236 0.8017840 0.8166965 2.4566428 0.2162439 0.0000000 0.2241665 0.2175724 0.1586965 0.0867024 0.2061903 0.7773914 0.7984450 0.7648840 0.9021822 1.8130254 0.7860840 0.7218084 2.3205261 2.1855776 1.0462692 0.7267992 1.5491104 0.7669587 1.3844607 1.6817633 0.6946782 1.6805694 1.5180285 0.8133696 0.7713482 0.8153169 0.9232978 
Saccharomyces_eubayanus                     1.1419313 0.8799473 1.4572931 0.8550806 0.9997439 1.1205164 0.9768676 0.9494985 0.7962890 0.8128018 2.4830228 0.2004700 0.2241665 0.0000000 0.2154198 0.2253745 0.2107551 0.0653073 0.8107196 0.8540980 0.7853991 0.9011446 1.8057940 0.8586782 0.7456319 2.2768385 2.1786030 1.1001157 0.7715714 1.5807320 0.7580723 1.4270978 1.7254071 0.6799132 1.6381496 1.5648913 0.8736661 0.7953532 0.8406279 0.9557988 
Saccharomyces_kudriavzevii                  1.1006799 0.9616045 1.5257160 0.9350782 1.0112088 1.1847292 0.9918309 0.9548161 0.8616882 0.8653349 2.4355117 0.2028582 0.2175724 0.2154198 0.0000000 0.2322883 0.1975985 0.1900677 0.8522458 0.8437683 0.7793295 0.9390179 1.8579972 0.9087456 0.7831500 2.3300162 2.1552021 1.0628124 0.7673405 1.6334938 0.7839931 1.4583009 1.7425821 0.7315406 1.7088059 1.6178341 0.8942470 0.8104734 0.8700573 0.9554748 
Saccharomyces_mikatae                       1.0761579 0.8790333 1.5506138 0.9114950 0.9671726 1.2106851 0.9679526 0.9127114 0.7769752 0.8100166 2.3727259 0.2386856 0.1586965 0.2253745 0.2322883 0.0000000 0.1373854 0.2138890 0.7810227 0.8070452 0.7483639 0.9147957 1.8295176 0.7801096 0.7684318 2.3652706 2.2343884 1.1033940 0.7607776 1.5896843 0.7877636 1.4455976 1.7194133 0.7092768 1.7297504 1.5214573 0.8204499 0.8244165 0.8322921 0.9547570 
Saccharomyces_paradoxus                     1.0559819 0.8348669 1.5262798 0.8516997 0.9593390 1.2056497 0.9443427 0.8974848 0.8272504 0.8222743 2.3698826 0.2134983 0.0867024 0.2107551 0.1975985 0.1373854 0.0000000 0.1875320 0.8072295 0.8080446 0.7790832 0.9034096 1.7953634 0.8099680 0.7256143 2.2702923 2.1683818 1.0460812 0.7220813 1.5696612 0.7468930 1.3529058 1.7276063 0.6964798 1.7231382 1.5368471 0.8356375 0.7708870 0.8328122 0.9406216 
Saccharomyces_uvarum                        1.0943371 0.8572513 1.5281249 0.7942416 0.9960525 1.0879227 0.9212986 0.9448683 0.7916369 0.7978952 2.4394091 0.1765715 0.2061903 0.0653073 0.1900677 0.2138890 0.1875320 0.0000000 0.8250380 0.8077473 0.7707333 0.9038754 1.7745389 0.8391266 0.7475230 2.2692675 2.2423206 1.0383038 0.7501150 1.5342371 0.7506495 1.4088414 1.6758865 0.6699702 1.6196660 1.5321847 0.8283098 0.7625354 0.8196629 0.9326521 
Tetrapisispora_blattae                      1.1094887 1.0213148 1.7870922 0.9400067 1.0319173 1.1806514 1.0507163 1.0181944 0.9083867 0.8797133 2.6966114 0.8173315 0.7773914 0.8107196 0.8522458 0.7810227 0.8072295 0.8250380 0.0000000 0.8474699 0.7171326 0.9679140 1.8684662 0.7475911 0.8727248 2.1638837 2.4079545 1.1002310 0.8243853 1.7564393 0.7819375 1.4946348 1.8288896 0.7531861 1.8228193 1.6881409 0.7369507 0.7575776 0.8091763 0.4934434 
Tetrapisispora_phaffii                      1.2040700 1.1126471 1.8657842 1.0532488 1.1303936 1.4115634 1.1306706 1.0641296 0.9232808 0.7728334 2.6568388 0.8573103 0.7984450 0.8540980 0.8437683 0.8070452 0.8080446 0.8077473 0.8474699 0.0000000 0.6834059 1.0708951 1.8195505 0.9653094 0.9186018 2.1578898 2.3660473 1.1541368 0.9608531 1.7061670 0.9162794 1.4632242 1.7312111 0.8125251 1.7528629 1.5579167 0.2648249 0.3781577 0.3000368 0.8830957 
Vanderwaltozyma_polyspora                   1.0641001 0.8975223 1.7212697 1.0089568 0.9615180 1.2439066 1.0596675 0.9376497 0.8278227 0.7897889 2.5401166 0.7627862 0.7648840 0.7853991 0.7793295 0.7483639 0.7790832 0.7707333 0.7171326 0.6834059 0.0000000 0.9014388 1.8704695 0.7861448 0.8454712 2.0930376 2.4078102 1.0074597 0.7302180 1.6332042 0.7474338 1.5139603 1.7714370 0.7260091 1.8217914 1.5566642 0.6948171 0.6324026 0.7142621 0.8006840 
yHAB132_Kazachstania_martiniae              1.1218479 0.8720716 1.7197331 1.1317770 1.0481422 1.2959723 1.0645436 0.9893552 0.9557312 0.8992845 3.0100564 0.9646026 0.9021822 0.9011446 0.9390179 0.9147957 0.9034096 0.9038754 0.9679140 1.0708951 0.9014388 0.0000000 1.9230412 0.7901827 0.8035442 2.1447592 2.2990174 1.1302280 0.8499200 1.6936362 0.7360028 1.2370320 1.8592147 0.7190011 1.8675170 1.5827897 0.9662105 0.9450922 1.0118441 1.0719345 
yHAB133_Kazachstania_unispora               2.1349341 1.8606947 2.3232536 1.8954765 2.1424464 2.2246726 2.2199061 2.2089777 1.8410485 1.6752987 3.5334091 1.8031156 1.8130254 1.8057940 1.8579972 1.8295176 1.7953634 1.7745389 1.8684662 1.8195505 1.8704695 1.9230412 0.0000000 1.8426782 1.7776599 0.7432871 2.8674414 2.1487935 1.8733554 1.8506046 1.8140921 1.8650377 0.3042875 1.6958964 0.2611996 1.6270607 1.8721462 1.8760371 1.9141795 2.0669867 
yHAB134_Kazachstania_turicensis             1.2202652 0.7710418 1.5911218 0.9698912 1.0264862 1.2754061 1.0473960 1.0140624 0.8717402 0.9148040 2.7807010 0.8598696 0.7860840 0.8586782 0.9087456 0.7801096 0.8099680 0.8391266 0.7475911 0.9653094 0.7861448 0.7901827 1.8426782 0.0000000 0.7381024 1.9708529 2.4472589 0.9293881 0.6436003 1.6760662 0.5910987 1.3164375 1.8278204 0.3991721 1.8025683 1.4860421 0.8184614 0.9031096 0.8464364 0.8576722 
yHAB136_Kazachstania_bromeliacearum         1.2106520 0.7847168 1.5426981 0.8779834 1.0216121 1.1823631 1.0812303 0.9778056 0.8233795 0.8396993 2.5874508 0.7765832 0.7218084 0.7456319 0.7831500 0.7684318 0.7256143 0.7475230 0.8727248 0.9186018 0.8454712 0.8035442 1.7776599 0.7381024 0.0000000 2.1297494 2.3579641 0.9994329 0.6864689 1.5227966 0.7039368 1.2613981 1.7657263 0.6864419 1.7509663 1.5043353 0.8595659 0.8574037 0.8837313 0.9063049 
yHAB143_Kazachstania_siamensis              2.3934482 2.0215027 2.5412634 1.9528476 2.5068545 2.7123466 2.4038033 2.5107947 2.0321832 2.0131726 3.9025096 2.2385191 2.3205261 2.2768385 2.3300162 2.3652706 2.2702923 2.2692675 2.1638837 2.1578898 2.0930376 2.1447592 0.7432871 1.9708529 2.1297494 0.0000000 3.2609848 2.4152492 2.1480615 1.8522289 2.2296316 2.0400949 0.8065664 1.8743738 0.7473711 1.8527602 2.2525209 2.0200439 2.3289392 2.3468144 
yHAB147_Kazachstania_taianensis             2.0808417 2.3403639 1.7097803 2.2828832 2.1263180 2.1132847 2.1053960 2.1287990 2.2982598 2.3946766 3.1587649 2.2537239 2.1855776 2.1786030 2.1552021 2.2343884 2.1683818 2.2423206 2.4079545 2.3660473 2.4078102 2.2990174 2.8674414 2.4472589 2.3579641 3.2609848 0.0000000 2.1420809 2.1982646 2.3110046 2.2091485 3.3418241 2.7290774 2.2161299 2.7539596 2.4200790 2.5067530 2.4311055 2.2443451 2.4585616 
yHAB148_Kazachstania_intestinalis           1.4342953 1.1336856 1.7287843 1.0777745 1.2943337 1.2610796 1.4235849 1.3968193 1.0837294 1.1585679 2.3966101 1.0668452 1.0462692 1.1001157 1.0628124 1.1033940 1.0460812 1.0383038 1.1002310 1.1541368 1.0074597 1.1302280 2.1487935 0.9293881 0.9994329 2.4152492 2.1420809 0.0000000 0.9104822 1.8964056 1.0205581 1.6156170 2.1261732 0.9557795 2.1755953 1.9802759 1.1528186 1.1183101 1.2420731 1.1860424 
yHAB153_Kazachstania_rosinii                1.1430087 0.7790385 1.4996463 0.9463633 0.9434801 1.1008544 0.9492886 0.9423570 0.8266867 0.9017142 2.2638874 0.7615149 0.7267992 0.7715714 0.7673405 0.7607776 0.7220813 0.7501150 0.8243853 0.9608531 0.7302180 0.8499200 1.8733554 0.6436003 0.6864689 2.1480615 2.1982646 0.9104822 0.0000000 1.7818246 0.5805583 1.3333114 1.9612884 0.5583002 1.9953918 1.6728355 0.9759964 0.9822849 0.9269330 0.9069376 
yHAB154_Kazachstania_transvaalensis         1.8384305 1.6142191 1.9240481 1.5443627 1.6916620 2.0478739 1.7348373 1.6483618 1.5658357 1.3649815 3.7352779 1.5952158 1.5491104 1.5807320 1.6334938 1.5896843 1.5696612 1.5342371 1.7564393 1.7061670 1.6332042 1.6936362 1.8506046 1.6760662 1.5227966 1.8522289 2.3110046 1.8964056 1.7818246 0.0000000 1.5792576 1.7973046 1.8998200 1.4791646 1.8625982 0.5927697 1.7350458 1.6782646 1.8033910 1.7454955 
yHAB155_Kazachstania_spencerorum            1.1573519 0.7946111 1.5695407 1.0441052 1.0295631 1.2105322 1.0070058 1.0037978 0.8562030 0.8125575 2.6776772 0.7616401 0.7669587 0.7580723 0.7839931 0.7877636 0.7468930 0.7506495 0.7819375 0.9162794 0.7474338 0.7360028 1.8140921 0.5910987 0.7039368 2.2296316 2.2091485 1.0205581 0.5805583 1.5792576 0.0000000 1.2006434 1.8577486 0.4425425 1.7809308 1.5418199 0.7824091 0.7199129 0.8379662 0.9278057 
yHAB158_Kazachstania_viticola               1.8774483 1.3289038 2.1605057 1.5521787 1.7920117 1.7364711 1.6770917 1.6193770 1.2889571 1.1836738 3.0723822 1.4006841 1.3844607 1.4270978 1.4583009 1.4455976 1.3529058 1.4088414 1.4946348 1.4632242 1.5139603 1.2370320 1.8650377 1.3164375 1.2613981 2.0400949 3.3418241 1.6156170 1.3333114 1.7973046 1.2006434 0.0000000 1.7371432 1.2231175 1.8012011 1.9287524 1.4804756 1.4704801 1.5065600 1.6801751 
yHAB159_Kazachstania_solicola               2.0733446 1.8384709 2.2089805 1.8392821 2.0916987 2.2657901 2.0721782 2.1273540 1.8111917 1.7067028 3.2789718 1.6803338 1.6817633 1.7254071 1.7425821 1.7194133 1.7276063 1.6758865 1.8288896 1.7312111 1.7714370 1.8592147 0.3042875 1.8278204 1.7657263 0.8065664 2.7290774 2.1261732 1.9612884 1.8998200 1.8577486 1.7371432 0.0000000 1.6584568 0.1198455 1.7066686 1.8151215 1.7612535 1.8463244 1.9008315 
yHAB160_Kazachstania_kunashirensis          1.1484297 0.6783297 1.5849879 0.8657514 1.0262345 1.1795726 0.9481123 0.9667228 0.7529890 0.7122208 2.5405221 0.7293241 0.6946782 0.6799132 0.7315406 0.7092768 0.6964798 0.6699702 0.7531861 0.8125251 0.7260091 0.7190011 1.6958964 0.3991721 0.6864419 1.8743738 2.2161299 0.9557795 0.5583002 1.4791646 0.4425425 1.2231175 1.6584568 0.0000000 1.6339623 1.3340894 0.7026767 0.7506580 0.7302125 0.8608189 
yHAB164_Kazachstania_aerobia                2.0070524 1.8489535 2.2666329 1.7464816 2.1087994 2.2998288 2.0533667 2.1424806 1.8137403 1.6979381 3.2999960 1.6961258 1.6805694 1.6381496 1.7088059 1.7297504 1.7231382 1.6196660 1.8228193 1.7528629 1.8217914 1.8675170 0.2611996 1.8025683 1.7509663 0.7473711 2.7539596 2.1755953 1.9953918 1.8625982 1.7809308 1.8012011 0.1198455 1.6339623 0.0000000 1.7093486 1.7836701 1.7433184 1.8537066 1.8511447 
yHAB166_Kazachstania_yakushimaensis         1.8864211 1.5336131 2.0262704 1.6075142 1.8192373 2.0470260 1.7501011 1.7784088 1.5738148 1.4147764 3.6039468 1.5630693 1.5180285 1.5648913 1.6178341 1.5214573 1.5368471 1.5321847 1.6881409 1.5579167 1.5566642 1.5827897 1.6270607 1.4860421 1.5043353 1.8527602 2.4200790 1.9802759 1.6728355 0.5927697 1.5418199 1.9287524 1.7066686 1.3340894 1.7093486 0.0000000 1.4845594 1.5423919 1.6013691 1.6532176 
yHMPu5000034875_Tetrapisispora_fleetii      1.1645497 1.1254174 1.8668286 1.0509213 1.1325917 1.3628293 1.1125026 1.0793229 0.9023116 0.7719699 2.6250570 0.8539412 0.8133696 0.8736661 0.8942470 0.8204499 0.8356375 0.8283098 0.7369507 0.2648249 0.6948171 0.9662105 1.8721462 0.8184614 0.8595659 2.2525209 2.5067530 1.1528186 0.9759964 1.7350458 0.7824091 1.4804756 1.8151215 0.7026767 1.7836701 1.4845594 0.0000000 0.3872112 0.1688166 0.8532693 
yHMPu5000034876_Tetrapisispora_iriomotensis 1.1497374 0.9933282 1.8990581 1.0508752 1.0699319 1.2146289 1.1004220 1.0301479 0.9154134 0.7558951 2.7409182 0.8170905 0.7713482 0.7953532 0.8104734 0.8244165 0.7708870 0.7625354 0.7575776 0.3781577 0.6324026 0.9450922 1.8760371 0.9031096 0.8574037 2.0200439 2.4311055 1.1183101 0.9822849 1.6782646 0.7199129 1.4704801 1.7612535 0.7506580 1.7433184 1.5423919 0.3872112 0.0000000 0.3939286 0.8548411 
yHMPu5000034877_Tetrapisispora_namnaonensis 1.1942107 1.2105242 1.8566805 1.1136837 1.2138308 1.3977584 1.1452687 1.0512977 0.9669095 0.8327967 2.5395036 0.8507832 0.8153169 0.8406279 0.8700573 0.8322921 0.8328122 0.8196629 0.8091763 0.3000368 0.7142621 1.0118441 1.9141795 0.8464364 0.8837313 2.3289392 2.2443451 1.2420731 0.9269330 1.8033910 0.8379662 1.5065600 1.8463244 0.7302125 1.8537066 1.6013691 0.1688166 0.3939286 0.0000000 0.8894344 
yHMPu5000035629_Yueomyces_sinensis          1.2923432 1.1622168 1.8306545 1.0008452 1.1257306 1.2409427 1.0604664 1.0692129 1.0303023 0.9683056 2.7574576 0.9562778 0.9232978 0.9557988 0.9554748 0.9547570 0.9406216 0.9326521 0.4934434 0.8830957 0.8006840 1.0719345 2.0669867 0.8576722 0.9063049 2.3468144 2.4585616 1.1860424 0.9069376 1.7454955 0.9278057 1.6801751 1.9008315 0.8608189 1.8511447 1.6532176 0.8532693 0.8548411 0.8894344 0.0000000 
