40
Candida_glabrata                            0.0000000 0.9580505 1.3390316 0.8296929 0.4352908 1.1716354 0.4848605 0.3535387 0.7848616 0.7084182 4.2665416 0.6847154 0.6748273 0.6518245 0.6185361 0.6439199 0.6938451 0.7065838 0.9263743 0.9284165 0.6582312 0.7412688 1.2033889 1.0624568 1.0611053 1.4835467 1.5429066 1.0780000 0.9062987 1.2972023 0.7940009 0.8587401 1.3161311 0.7947624 1.2417113 1.2519983 0.9478519 0.8540350 0.9386837 1.2565433 
Kazachstania_africana                       0.9580505 0.0000000 1.1478673 0.8856517 0.9490371 1.2489488 1.1941147 0.8782627 0.6845160 0.6013153 5.3913333 0.7148619 0.8596834 0.7830293 0.8257543 0.8720623 0.8103346 0.8131842 0.8344095 0.7585255 0.6726742 0.5682015 1.0814379 0.6876215 0.7426014 1.2327657 1.4511501 0.8749596 0.8896147 1.2999291 0.8685584 0.5935873 1.2521013 0.4674973 1.1981408 1.0555005 0.8346543 0.7697660 0.7396454 0.9998844 
Kazachstania_naganishii                     1.3390316 1.1478673 0.0000000 1.4212788 1.2229675 1.3084438 1.1038448 1.1635032 1.1083939 1.2918475 6.2354987 1.4422344 1.4402010 1.2388166 1.3688899 1.3348515 1.3265704 1.3380358 1.7027386 1.5023559 1.5325404 1.1855216 1.0887578 1.6087826 0.9755886 0.9566960 0.7239471 1.0165009 1.1094286 1.1422951 1.5136780 1.2229146 1.0068685 1.1700217 1.0454145 1.0524490 1.4487233 1.4703175 1.3557418 2.1393146 
Nakaseomyces_bacillisporus                  0.8296929 0.8856517 1.4212788 0.0000000 0.7960720 0.8803143 0.8965881 0.7720917 0.8769992 0.7968522 4.5484908 0.8037083 0.8552592 0.8743477 0.8611505 0.7963857 0.8968132 0.8454979 1.0217559 0.8996894 0.7174053 0.7464356 1.2440194 1.2054413 1.0423051 1.0885137 1.5138412 0.8058352 1.1230186 1.2106390 0.8995120 0.9550627 1.1978549 0.9830505 1.2787961 0.9925886 0.8573852 0.8054670 0.7898095 1.3489029 
Nakaseomyces_bracarensis                    0.4352908 0.9490371 1.2229675 0.7960720 0.0000000 1.0269189 0.3503661 0.2393555 0.8537518 0.8056521 4.1336248 0.6165686 0.7441452 0.5860617 0.5884079 0.6804346 0.7394930 0.6441951 1.0838064 1.0478022 0.7732188 0.7091341 1.2013012 1.2575328 0.9787022 1.5023919 1.4579136 0.9388231 0.7926121 1.5309496 0.8387965 0.8026631 1.2869746 0.8668545 1.2800008 1.3452024 0.9973343 1.1109616 1.0133021 1.1913664 
Nakaseomyces_castellii                      1.1716354 1.2489488 1.3084438 0.8803143 1.0269189 0.0000000 0.8829097 0.9237833 1.1391731 1.1413337 5.1602985 1.1204172 1.1563361 1.1976973 1.1591217 1.1165118 1.1814517 1.1078997 1.7822299 1.3900457 1.1730832 1.2149711 1.4548998 1.5740714 1.4485858 1.2259885 1.3829190 1.1017189 1.3144475 1.8576690 1.2035936 1.1630872 1.6143849 1.3658005 1.4574799 2.0382351 1.3998748 1.2427793 1.3648627 1.6869487 
Nakaseomyces_delphensis                     0.4848605 1.1941147 1.1038448 0.8965881 0.3503661 0.8829097 0.0000000 0.2824388 0.9003972 0.8875549 4.1908441 0.8242768 0.8132313 0.7312460 0.7598370 0.8226649 0.8811779 0.7560943 1.2962333 1.1657481 0.8350325 0.8071124 1.3537498 1.2533036 1.0711722 1.3284246 1.1627810 0.8717066 0.7346682 1.5734452 0.9323844 1.0073580 1.1727892 1.0182988 1.2548571 1.4540114 1.1758263 1.1078215 1.2248228 1.3991267 
Nakaseomyces_nivariensis                    0.3535387 0.8782627 1.1635032 0.7720917 0.2393555 0.9237833 0.2824388 0.0000000 0.7118467 0.6712628 3.8581821 0.6018855 0.7594950 0.6091405 0.6409239 0.6460260 0.6874323 0.6490524 0.9304211 1.0072855 0.6873095 0.6267298 1.0817945 1.1484363 0.8903088 1.3541912 1.4650600 0.9066919 0.8811881 1.3548185 0.7580420 0.7250478 1.1982624 0.7970229 1.1464827 1.2222239 0.9190702 0.8463912 0.9465539 1.0424997 
Naumovozyma_castellii                       0.7848616 0.6845160 1.1083939 0.8769992 0.8537518 1.1391731 0.9003972 0.7118467 0.0000000 0.5085921 4.0241619 0.7353916 0.8939138 0.7321229 0.7609583 0.7830514 0.8521479 0.7389348 0.9762041 0.9461097 0.9075670 0.6074369 1.0744375 0.8788193 0.6577657 1.0527131 1.3194828 0.7420907 0.8316184 1.0584692 0.8091215 0.6713399 1.0902124 0.6359077 1.1069692 1.0131057 0.9399457 0.8807813 0.9188254 1.0496099 
Naumovozyma_dairenensis                     0.7084182 0.6013153 1.2918475 0.7968522 0.8056521 1.1413337 0.8875549 0.6712628 0.5085921 0.0000000 5.0482865 0.7138326 0.7118638 0.7061455 0.6919126 0.7723502 0.7071511 0.7080246 0.8858756 0.7854056 0.6222996 0.5751914 1.1631054 0.8125626 0.6500897 1.1019103 1.4883687 0.8922632 0.9345440 1.1207141 0.7522935 0.4666170 1.3667933 0.5424920 1.3603305 1.0113840 0.7991724 0.7762130 0.6669006 0.9730032 
Neurospora_crassa                           4.2665416 5.3913333 6.2354987 4.5484908 4.1336248 5.1602985 4.1908441 3.8581821 4.0241619 5.0482865 0.0000000 4.8704276 5.3905384 5.5949153 5.8520054 5.1853930 5.3204355 5.7534381 4.9688224 7.0120266 4.7686450 6.0241887 5.4454690 6.0172151 6.5110960 5.4681023 5.2462504 5.2537520 5.0817174 5.1968411 4.7134854 5.0609341 4.6181579 5.2383111 4.5667784 4.5706428 6.4808291 5.9828849 6.2370877 6.7739360 
Saccharomyces_arboricola                    0.6847154 0.7148619 1.4422344 0.8037083 0.6165686 1.1204172 0.8242768 0.6018855 0.7353916 0.7138326 4.8704276 0.0000000 0.1953136 0.1960002 0.1605911 0.2181784 0.1852762 0.2207396 1.0511413 0.8652319 0.7459603 0.6657784 1.1493699 1.1878803 0.9713872 1.4172003 1.7468153 0.8899304 1.0431861 1.2671322 0.8854195 0.8092107 1.2818397 0.8751771 1.2600951 1.1755879 0.9531927 0.8512583 0.8908124 1.1163501 
Saccharomyces_cerevisiae                    0.6748273 0.8596834 1.4402010 0.8552592 0.7441452 1.1563361 0.8132313 0.7594950 0.8939138 0.7118638 5.3905384 0.1953136 0.0000000 0.2621240 0.1936529 0.1634165 0.1138009 0.2836380 1.0707997 0.9686172 0.7851920 0.8026283 1.2870297 1.0856586 1.0378559 1.3932811 1.6842930 0.9346903 0.9916393 1.3076309 0.9455500 0.9098224 1.4308895 0.8986702 1.4713817 1.1752793 0.9680530 0.9466348 0.9015704 1.1278579 
Saccharomyces_eubayanus                     0.6518245 0.7830293 1.2388166 0.8743477 0.5860617 1.1976973 0.7312460 0.6091405 0.7321229 0.7061455 5.5949153 0.1960002 0.2621240 0.0000000 0.1919174 0.2749490 0.2211965 0.0511806 0.9680093 0.8472072 0.7441450 0.6508027 1.0138037 0.9639575 0.8805567 1.2098555 1.5498031 0.7970683 0.9382793 1.1966265 0.7772595 0.8606648 1.0631302 0.7234129 1.0598615 1.0610031 0.8815337 0.8588998 0.8778183 1.0525118 
Saccharomyces_kudriavzevii                  0.6185361 0.8257543 1.3688899 0.8611505 0.5884079 1.1591217 0.7598370 0.6409239 0.7609583 0.6919126 5.8520054 0.1605911 0.1936529 0.1919174 0.0000000 0.1868971 0.1857270 0.2175220 1.0200837 0.9224118 0.6743103 0.8013432 1.1774798 1.1233698 0.9622335 1.3542196 1.6585345 0.8597435 0.9777452 1.2728079 0.9415186 0.9011778 1.2908439 0.8557367 1.2329323 1.1991808 0.8973652 0.8581585 0.8672386 1.1385449 
Saccharomyces_mikatae                       0.6439199 0.8720623 1.3348515 0.7963857 0.6804346 1.1165118 0.8226649 0.6460260 0.7830514 0.7723502 5.1853930 0.2181784 0.1634165 0.2749490 0.1868971 0.0000000 0.1456503 0.2845846 1.0006688 0.8806160 0.7432537 0.7890558 1.2629378 1.0956652 1.0386277 1.3976543 1.6348873 0.7917515 1.0273569 1.2332682 0.9264445 0.9652031 1.3816400 0.9080854 1.2688702 1.1658456 0.8599593 0.8758447 0.8203141 1.1661218 
Saccharomyces_paradoxus                     0.6938451 0.8103346 1.3265704 0.8968132 0.7394930 1.1814517 0.8811779 0.6874323 0.8521479 0.7071511 5.3204355 0.1852762 0.1138009 0.2211965 0.1857270 0.1456503 0.0000000 0.2350831 1.0281690 0.9684723 0.7371038 0.7876063 1.1834601 1.0964775 0.9667230 1.3852408 1.6261904 0.8250971 1.0130306 1.2688132 0.9320038 0.8945598 1.1869652 0.9045269 1.2461405 1.1777601 0.9135919 0.9345076 0.8754994 1.0896049 
Saccharomyces_uvarum                        0.7065838 0.8131842 1.3380358 0.8454979 0.6441951 1.1078997 0.7560943 0.6490524 0.7389348 0.7080246 5.7534381 0.2207396 0.2836380 0.0511806 0.2175220 0.2845846 0.2350831 0.0000000 1.0281650 0.8483067 0.7185497 0.6550468 1.0400240 1.0218340 0.9222141 1.2224151 1.5732826 0.7976693 0.9564658 1.2608108 0.8259731 0.9202074 1.0646306 0.7667094 1.0438347 1.1101135 0.8980123 0.8498549 0.9051901 1.0437273 
Tetrapisispora_blattae                      0.9263743 0.8344095 1.7027386 1.0217559 1.0838064 1.7822299 1.2962333 0.9304211 0.9762041 0.8858756 4.9688224 1.0511413 1.0707997 0.9680093 1.0200837 1.0006688 1.0281690 1.0281650 0.0000000 1.1513846 0.8517321 0.8765123 1.3720094 1.1005943 1.2217176 1.7521761 2.2678357 1.3093575 1.6619833 1.9434694 1.1911023 0.9997809 1.5961166 1.0967886 1.5996454 1.6733880 1.1439628 1.1053119 1.1724842 0.6322417 
Tetrapisispora_phaffii                      0.9284165 0.7585255 1.5023559 0.8996894 1.0478022 1.3900457 1.1657481 1.0072855 0.9461097 0.7854056 7.0120266 0.8652319 0.9686172 0.8472072 0.9224118 0.8806160 0.9684723 0.8483067 1.1513846 0.0000000 0.5109043 0.7387687 1.1659618 1.0670344 0.9710280 1.3377203 1.4984348 1.1201687 1.0488653 1.4505398 0.9230546 0.9193706 1.5090217 0.7688766 1.4522245 1.3856314 0.2278420 0.2229355 0.1849214 1.3004825 
Vanderwaltozyma_polyspora                   0.6582312 0.6726742 1.5325404 0.7174053 0.7732188 1.1730832 0.8350325 0.6873095 0.9075670 0.6222996 4.7686450 0.7459603 0.7851920 0.7441450 0.6743103 0.7432537 0.7371038 0.7185497 0.8517321 0.5109043 0.0000000 0.6709882 0.9121429 0.9907715 0.9400513 1.1398351 1.4699302 0.8795149 0.8275070 1.3737718 0.7974112 0.8044733 1.1317689 0.7385551 1.0499024 1.1230768 0.4920328 0.4290512 0.5276656 1.2246743 
yHAB132_Kazachstania_martiniae              0.7412688 0.5682015 1.1855216 0.7464356 0.7091341 1.2149711 0.8071124 0.6267298 0.6074369 0.5751914 6.0241887 0.6657784 0.8026283 0.6508027 0.8013432 0.7890558 0.7876063 0.6550468 0.8765123 0.7387687 0.6709882 0.0000000 0.8373243 0.8512431 0.6473868 1.0290623 1.3339058 0.6402812 0.6907083 1.1796985 0.6851263 0.6021545 0.9271833 0.4831442 0.9381458 0.9640041 0.6821549 0.6754463 0.7299935 1.1067438 
yHAB133_Kazachstania_unispora               1.2033889 1.0814379 1.0887578 1.2440194 1.2013012 1.4548998 1.3537498 1.0817945 1.0744375 1.1631054 5.4454690 1.1493699 1.2870297 1.0138037 1.1774798 1.2629378 1.1834601 1.0400240 1.3720094 1.1659618 0.9121429 0.8373243 0.0000000 1.0465112 0.7715636 0.4261793 0.8028125 1.1893591 1.0285531 0.8721713 0.9649240 1.0196061 0.3312107 0.8689441 0.2940584 0.8636589 1.0733052 1.0649227 1.0846890 1.8022558 
yHAB134_Kazachstania_turicensis             1.0624568 0.6876215 1.6087826 1.2054413 1.2575328 1.5740714 1.2533036 1.1484363 0.8788193 0.8125626 6.0172151 1.1878803 1.0856586 0.9639575 1.1233698 1.0956652 1.0964775 1.0218340 1.1005943 1.0670344 0.9907715 0.8512431 1.0465112 0.0000000 1.1425675 1.2699168 1.5132686 1.0632892 1.0303610 1.2786071 0.8740077 0.8418925 1.2759905 0.6449870 1.1846233 1.0270044 1.1020108 1.1338963 1.1006714 1.0683747 
yHAB136_Kazachstania_bromeliacearum         1.0611053 0.7426014 0.9755886 1.0423051 0.9787022 1.4485858 1.0711722 0.8903088 0.6577657 0.6500897 6.5110960 0.9713872 1.0378559 0.8805567 0.9622335 1.0386277 0.9667230 0.9222141 1.2217176 0.9710280 0.9400513 0.6473868 0.7715636 1.1425675 0.0000000 0.8173257 1.1820171 0.8470352 0.8890826 0.8602719 0.9826407 0.5915742 0.9039782 0.7198912 0.8839579 0.6917211 0.9116933 0.9303791 0.8658758 1.1926778 
yHAB143_Kazachstania_siamensis              1.4835467 1.2327657 0.9566960 1.0885137 1.5023919 1.2259885 1.3284246 1.3541912 1.0527131 1.1019103 5.4681023 1.4172003 1.3932811 1.2098555 1.3542196 1.3976543 1.3852408 1.2224151 1.7521761 1.3377203 1.1398351 1.0290623 0.4261793 1.2699168 0.8173257 0.0000000 0.6820628 0.9693281 0.9974238 0.8261850 0.9642384 1.0326230 0.4485788 1.0034935 0.4637595 0.8027456 1.2340051 1.3065296 1.1843161 1.7957822 
yHAB147_Kazachstania_taianensis             1.5429066 1.4511501 0.7239471 1.5138412 1.4579136 1.3829190 1.1627810 1.4650600 1.3194828 1.4883687 5.2462504 1.7468153 1.6842930 1.5498031 1.6585345 1.6348873 1.6261904 1.5732826 2.2678357 1.4984348 1.4699302 1.3339058 0.8028125 1.5132686 1.1820171 0.6820628 0.0000000 1.1560144 0.8821516 0.9902302 1.2473187 1.3304712 0.6692102 1.2529701 0.8317648 0.9783889 1.5958994 1.4545027 1.4827002 2.2274754 
yHAB148_Kazachstania_intestinalis           1.0780000 0.8749596 1.0165009 0.8058352 0.9388231 1.1017189 0.8717066 0.9066919 0.7420907 0.8922632 5.2537520 0.8899304 0.9346903 0.7970683 0.8597435 0.7917515 0.8250971 0.7976693 1.3093575 1.1201687 0.8795149 0.6402812 1.1893591 1.0632892 0.8470352 0.9693281 1.1560144 0.0000000 0.8564029 1.0791528 1.0153083 0.9861488 1.0646444 0.9267389 0.9712604 1.1473622 1.0621437 0.9985180 1.0409348 1.4274919 
yHAB153_Kazachstania_rosinii                0.9062987 0.8896147 1.1094286 1.1230186 0.7926121 1.3144475 0.7346682 0.8811881 0.8316184 0.9345440 5.0817174 1.0431861 0.9916393 0.9382793 0.9777452 1.0273569 1.0130306 0.9564658 1.6619833 1.0488653 0.8275070 0.6907083 1.0285531 1.0303610 0.8890826 0.9974238 0.8821516 0.8564029 0.0000000 1.2160381 0.8169108 0.9531143 1.0253423 0.6335141 0.9921237 1.1075060 1.0670175 1.0227763 1.1202853 1.7793097 
yHAB154_Kazachstania_transvaalensis         1.2972023 1.2999291 1.1422951 1.2106390 1.5309496 1.8576690 1.5734452 1.3548185 1.0584692 1.1207141 5.1968411 1.2671322 1.3076309 1.1966265 1.2728079 1.2332682 1.2688132 1.2608108 1.9434694 1.4505398 1.3737718 1.1796985 0.8721713 1.2786071 0.8602719 0.8261850 0.9902302 1.0791528 1.2160381 0.0000000 1.2174226 1.0446438 1.0381762 1.1724990 0.9587603 0.2042880 1.4536983 1.3200862 1.3784925 2.0476570 
yHAB155_Kazachstania_spencerorum            0.7940009 0.8685584 1.5136780 0.8995120 0.8387965 1.2035936 0.9323844 0.7580420 0.8091215 0.7522935 4.7134854 0.8854195 0.9455500 0.7772595 0.9415186 0.9264445 0.9320038 0.8259731 1.1911023 0.9230546 0.7974112 0.6851263 0.9649240 0.8740077 0.9826407 0.9642384 1.2473187 1.0153083 0.8169108 1.2174226 0.0000000 0.8400938 1.1771567 0.5156689 1.0609501 1.1128377 0.9032534 0.9214439 0.9392175 1.2838291 
yHAB158_Kazachstania_viticola               0.8587401 0.5935873 1.2229146 0.9550627 0.8026631 1.1630872 1.0073580 0.7250478 0.6713399 0.4666170 5.0609341 0.8092107 0.9098224 0.8606648 0.9011778 0.9652031 0.8945598 0.9202074 0.9997809 0.9193706 0.8044733 0.6021545 1.0196061 0.8418925 0.5915742 1.0326230 1.3304712 0.9861488 0.9531143 1.0446438 0.8400938 0.0000000 1.2668585 0.5230383 1.2014555 1.0420062 0.9122937 0.9906404 0.8434263 1.1525656 
yHAB159_Kazachstania_solicola               1.3161311 1.2521013 1.0068685 1.1978549 1.2869746 1.6143849 1.1727892 1.1982624 1.0902124 1.3667933 4.6181579 1.2818397 1.4308895 1.0631302 1.2908439 1.3816400 1.1869652 1.0646306 1.5961166 1.5090217 1.1317689 0.9271833 0.3312107 1.2759905 0.9039782 0.4485788 0.6692102 1.0646444 1.0253423 1.0381762 1.1771567 1.2668585 0.0000000 1.0967684 0.1415766 0.9530937 1.2664003 1.3237435 1.2651848 2.1455107 
yHAB160_Kazachstania_kunashirensis          0.7947624 0.4674973 1.1700217 0.9830505 0.8668545 1.3658005 1.0182988 0.7970229 0.6359077 0.5424920 5.2383111 0.8751771 0.8986702 0.7234129 0.8557367 0.9080854 0.9045269 0.7667094 1.0967886 0.7688766 0.7385551 0.4831442 0.8689441 0.6449870 0.7198912 1.0034935 1.2529701 0.9267389 0.6335141 1.1724990 0.5156689 0.5230383 1.0967684 0.0000000 1.0412508 1.0387268 0.7645906 0.7644687 0.7622215 1.0721621 
yHAB164_Kazachstania_aerobia                1.2417113 1.1981408 1.0454145 1.2787961 1.2800008 1.4574799 1.2548571 1.1464827 1.1069692 1.3603305 4.5667784 1.2600951 1.4713817 1.0598615 1.2329323 1.2688702 1.2461405 1.0438347 1.5996454 1.4522245 1.0499024 0.9381458 0.2940584 1.1846233 0.8839579 0.4637595 0.8317648 0.9712604 0.9921237 0.9587603 1.0609501 1.2014555 0.1415766 1.0412508 0.0000000 0.9334439 1.2594415 1.2503856 1.3156498 1.9396732 
yHAB166_Kazachstania_yakushimaensis         1.2519983 1.0555005 1.0524490 0.9925886 1.3452024 2.0382351 1.4540114 1.2222239 1.0131057 1.0113840 4.5706428 1.1755879 1.1752793 1.0610031 1.1991808 1.1658456 1.1777601 1.1101135 1.6733880 1.3856314 1.1230768 0.9640041 0.8636589 1.0270044 0.6917211 0.8027456 0.9783889 1.1473622 1.1075060 0.2042880 1.1128377 1.0420062 0.9530937 1.0387268 0.9334439 0.0000000 1.2648343 1.3242292 1.2176900 1.6600757 
yHMPu5000034875_Tetrapisispora_fleetii      0.9478519 0.8346543 1.4487233 0.8573852 0.9973343 1.3998748 1.1758263 0.9190702 0.9399457 0.7991724 6.4808291 0.9531927 0.9680530 0.8815337 0.8973652 0.8599593 0.9135919 0.8980123 1.1439628 0.2278420 0.4920328 0.6821549 1.0733052 1.1020108 0.9116933 1.2340051 1.5958994 1.0621437 1.0670175 1.4536983 0.9032534 0.9122937 1.2664003 0.7645906 1.2594415 1.2648343 0.0000000 0.3169596 0.1543952 1.4684629 
yHMPu5000034876_Tetrapisispora_iriomotensis 0.8540350 0.7697660 1.4703175 0.8054670 1.1109616 1.2427793 1.1078215 0.8463912 0.8807813 0.7762130 5.9828849 0.8512583 0.9466348 0.8588998 0.8581585 0.8758447 0.9345076 0.8498549 1.1053119 0.2229355 0.4290512 0.6754463 1.0649227 1.1338963 0.9303791 1.3065296 1.4545027 0.9985180 1.0227763 1.3200862 0.9214439 0.9906404 1.3237435 0.7644687 1.2503856 1.3242292 0.3169596 0.0000000 0.2986605 1.2603881 
yHMPu5000034877_Tetrapisispora_namnaonensis 0.9386837 0.7396454 1.3557418 0.7898095 1.0133021 1.3648627 1.2248228 0.9465539 0.9188254 0.6669006 6.2370877 0.8908124 0.9015704 0.8778183 0.8672386 0.8203141 0.8754994 0.9051901 1.1724842 0.1849214 0.5276656 0.7299935 1.0846890 1.1006714 0.8658758 1.1843161 1.4827002 1.0409348 1.1202853 1.3784925 0.9392175 0.8434263 1.2651848 0.7622215 1.3156498 1.2176900 0.1543952 0.2986605 0.0000000 1.3806853 
yHMPu5000035629_Yueomyces_sinensis          1.2565433 0.9998844 2.1393146 1.3489029 1.1913664 1.6869487 1.3991267 1.0424997 1.0496099 0.9730032 6.7739360 1.1163501 1.1278579 1.0525118 1.1385449 1.1661218 1.0896049 1.0437273 0.6322417 1.3004825 1.2246743 1.1067438 1.8022558 1.0683747 1.1926778 1.7957822 2.2274754 1.4274919 1.7793097 2.0476570 1.2838291 1.1525656 2.1455107 1.0721621 1.9396732 1.6600757 1.4684629 1.2603881 1.3806853 0.0000000 
