40
Candida_glabrata                            0.0000000 1.1223757 1.2572203 1.1957536 0.6818989 1.3098880 0.6889642 0.6339822 1.1195234 1.1861666 3.2173063 1.2164653 1.2054376 1.1891776 1.1775415 1.2578179 1.2030466 1.1523917 1.1708795 1.1918531 1.1498968 1.0471942 1.1056771 1.2265280 1.0523763 1.1437101 0.9783010 1.2569840 1.0787828 1.2220879 1.1860619 1.0903749 1.1305081 1.1906832 1.1439091 1.3401338 1.2262760 1.3066728 1.2393073 1.2496888 
Kazachstania_africana                       1.1223757 0.0000000 1.4666848 1.2223980 1.0782735 1.4388238 1.2060982 1.0638383 1.0737414 1.0647649 4.1474107 1.1881217 1.1402526 1.2124679 1.1945939 1.1829614 1.1776461 1.1765127 1.3540625 1.1682980 1.1472937 1.0474773 0.9915498 1.0075334 0.9657110 0.9456285 0.9445051 1.2730318 0.9175154 1.3746424 1.0030569 0.9900958 0.9468983 0.9642233 0.9856808 1.3864216 1.0852092 1.0925329 1.2219428 1.0814975 
Kazachstania_naganishii                     1.2572203 1.4666848 0.0000000 1.6244204 1.2766804 1.4968459 1.4121132 1.3951927 1.4962502 1.4863605 3.4264842 1.4760819 1.4529421 1.5008626 1.4463376 1.4864612 1.5137311 1.5014786 1.5779087 1.7331612 1.5618352 1.3256986 1.3218679 1.5787731 1.2915794 1.2301785 1.1792733 1.2960804 1.1883559 1.3781914 1.3019953 1.5212704 1.3336431 1.5898146 1.3102214 1.7539979 1.7143499 1.7350085 1.6216703 1.6720601 
Nakaseomyces_bacillisporus                  1.1957536 1.2223980 1.6244204 0.0000000 1.2437155 1.2665973 1.2750872 1.2278673 1.0573165 1.1893918 4.0638318 1.2531042 1.2460778 1.2927337 1.2489768 1.3657388 1.2697886 1.2674399 1.2260401 1.1899625 1.1166264 1.2633208 1.1658087 1.3078088 1.1526584 1.1823946 1.3241983 1.4165729 1.1483427 1.4274280 1.1855922 1.0740740 1.1651000 1.2958714 1.1450311 1.4241571 1.0792135 1.1081452 1.1171806 1.1711031 
Nakaseomyces_bracarensis                    0.6818989 1.0782735 1.2766804 1.2437155 0.0000000 1.3161263 0.5068073 0.4392281 1.1631289 1.1252991 3.7678705 1.2129171 1.1846715 1.2766012 1.2233096 1.2336182 1.2875247 1.2677798 1.2437890 1.1942348 1.1356596 1.1700512 1.0494749 1.3567946 1.0926767 1.0802127 0.9892572 1.3651997 1.0340734 1.2061182 1.1483366 1.0657296 1.0617677 1.1275623 1.0635126 1.3928309 1.1351799 1.2361356 1.1079987 1.0855959 
Nakaseomyces_castellii                      1.3098880 1.4388238 1.4968459 1.2665973 1.3161263 0.0000000 1.3564991 1.3658683 1.2964411 1.4821008 3.4105887 1.2580575 1.3604614 1.3034666 1.2920613 1.3757069 1.3550361 1.2982004 1.5561644 1.3149636 1.3674748 1.3767907 1.4255353 1.5120780 1.4858251 1.3812781 1.3293374 1.4574916 1.2497817 1.5611979 1.3602618 1.3737291 1.3728930 1.6271740 1.3405870 1.5225690 1.3552223 1.4250334 1.3048691 1.4401955 
Nakaseomyces_delphensis                     0.6889642 1.2060982 1.4121132 1.2750872 0.5068073 1.3564991 0.0000000 0.3607364 1.1409875 1.1251788 3.5276993 1.1913165 1.1820441 1.1830805 1.1981926 1.2414439 1.2068961 1.1930718 1.2400857 1.2569378 1.1572237 1.0191734 1.0633243 1.3285474 1.1345464 1.1192308 0.9255708 1.3374828 0.9954628 1.3377233 1.1249502 1.2156869 1.1249393 1.1830314 1.1061238 1.3143291 1.1151410 1.2708477 1.0911861 1.1247407 
Nakaseomyces_nivariensis                    0.6339822 1.0638383 1.3951927 1.2278673 0.4392281 1.3658683 0.3607364 0.0000000 1.1542863 1.0468330 3.7831544 1.2318049 1.2495850 1.3107669 1.2730668 1.2273579 1.2566760 1.2720792 1.2129244 1.1711277 1.0743168 0.9701409 1.0126212 1.2217075 1.0759256 0.9819474 0.9293978 1.3000528 1.0066250 1.3202381 1.1532565 1.1223936 1.1018933 1.0724398 1.0561713 1.3302031 1.0336902 1.1789032 0.9965762 1.0547665 
Naumovozyma_castellii                       1.1195234 1.0737414 1.4962502 1.0573165 1.1631289 1.2964411 1.1409875 1.1542863 0.0000000 0.7443388 3.8324919 1.0580058 1.1013545 1.1005490 1.0497472 1.0791703 1.0996648 1.0838856 1.1361394 1.0591049 0.9438307 1.0498933 0.9704276 1.1059561 0.9385427 0.9469695 1.1465529 1.2158519 0.9552654 1.2716326 1.0632403 1.0287252 1.0443695 1.0452715 1.0620148 1.2736727 1.0897620 1.0711020 1.0691517 1.1555295 
Naumovozyma_dairenensis                     1.1861666 1.0647649 1.4863605 1.1893918 1.1252991 1.4821008 1.1251788 1.0468330 0.7443388 0.0000000 3.8961117 1.1427180 1.1972301 1.1531645 1.1525349 1.1494744 1.2027050 1.1141750 0.9729925 1.0286549 0.9821822 0.9808727 0.9367784 1.0586503 0.9436235 0.8655922 1.1542228 1.2941126 1.0350918 1.1563935 1.0228322 0.9838755 1.0470856 1.0005416 1.1195194 1.1126190 0.9711510 1.0299467 0.9964098 1.0215462 
Neurospora_crassa                           3.2173063 4.1474107 3.4264842 4.0638318 3.7678705 3.4105887 3.5276993 3.7831544 3.8324919 3.8961117 0.0000000 3.9937296 3.8398248 3.8181016 3.9497463 4.0252210 3.8745071 3.8966102 3.8435468 3.6889264 3.7780358 3.5509327 3.7780844 3.8472485 3.6912368 4.2179055 3.5351434 3.8424351 3.7774232 3.8685297 3.4797140 4.0606072 3.8627881 3.7588669 3.9921922 4.0727002 3.8718546 3.8287827 3.8097985 3.6183518 
Saccharomyces_arboricola                    1.2164653 1.1881217 1.4760819 1.2531042 1.2129171 1.2580575 1.1913165 1.2318049 1.0580058 1.1427180 3.9937296 0.0000000 0.2953358 0.2452337 0.2090156 0.2506648 0.2700925 0.2613209 1.1776885 1.2008368 1.1273155 1.0301961 1.0496498 1.1806767 1.0963501 0.9933035 1.1417006 1.4056235 1.1288286 1.3445252 1.1145701 1.0030528 1.0754754 1.1903903 1.0240984 1.3836517 1.1778320 1.1078242 1.1283181 1.0894770 
Saccharomyces_cerevisiae                    1.2054376 1.1402526 1.4529421 1.2460778 1.1846715 1.3604614 1.1820441 1.2495850 1.1013545 1.1972301 3.8398248 0.2953358 0.0000000 0.3309090 0.2635280 0.2366801 0.1431995 0.3453487 1.1585363 1.2292864 1.0790454 1.0921505 1.0843874 1.1654312 1.0581765 1.1020182 1.1086415 1.3627684 1.1350071 1.3682056 1.1363090 1.0419203 1.0987484 1.1417329 1.0712895 1.4033427 1.2567775 1.1310343 1.1555753 1.0637279 
Saccharomyces_eubayanus                     1.1891776 1.2124679 1.5008626 1.2927337 1.2766012 1.3034666 1.1830805 1.3107669 1.1005490 1.1531645 3.8181016 0.2452337 0.3309090 0.0000000 0.2506323 0.2882259 0.2913294 0.0873899 1.1056227 1.1565734 1.1241302 1.0568450 1.0741355 1.1785703 1.0185749 1.0227710 1.0285292 1.4051324 1.0985608 1.4172306 1.0931254 0.9877197 1.0494825 1.1439221 0.9831616 1.3434311 1.0952287 1.0971259 1.1478860 1.0738318 
Saccharomyces_kudriavzevii                  1.1775415 1.1945939 1.4463376 1.2489768 1.2233096 1.2920613 1.1981926 1.2730668 1.0497472 1.1525349 3.9497463 0.2090156 0.2635280 0.2506323 0.0000000 0.2159703 0.2242348 0.2644597 1.1347644 1.2212807 1.0367959 1.0598240 1.1099011 1.1480079 1.0715314 1.0511689 1.0666408 1.4048867 1.1301409 1.3573508 1.0935971 1.0292817 1.0638699 1.1803327 1.0258282 1.3911275 1.1186015 1.0896858 1.0803659 1.0804509 
Saccharomyces_mikatae                       1.2578179 1.1829614 1.4864612 1.3657388 1.2336182 1.3757069 1.2414439 1.2273579 1.0791703 1.1494744 4.0252210 0.2506648 0.2366801 0.2882259 0.2159703 0.0000000 0.2046585 0.3002497 1.1137077 1.1785533 1.0907256 1.1149474 1.0675714 1.1733364 1.0345568 1.0514849 1.1220945 1.3005951 1.1572287 1.4147752 1.1771927 1.0368819 1.1656247 1.1966141 1.0893727 1.3898479 1.1733043 1.0798361 1.1556015 1.0278710 
Saccharomyces_paradoxus                     1.2030466 1.1776461 1.5137311 1.2697886 1.2875247 1.3550361 1.2068961 1.2566760 1.0996648 1.2027050 3.8745071 0.2700925 0.1431995 0.2913294 0.2242348 0.2046585 0.0000000 0.3030500 1.1940368 1.2441128 1.1074917 1.0911369 1.1373420 1.2122668 1.0709127 1.0621488 1.0548696 1.2991608 1.1251844 1.4198904 1.1631780 1.0586030 1.1250277 1.1633311 1.0615222 1.4370061 1.2420481 1.1381091 1.1711734 1.0723946 
Saccharomyces_uvarum                        1.1523917 1.1765127 1.5014786 1.2674399 1.2677798 1.2982004 1.1930718 1.2720792 1.0838856 1.1141750 3.8966102 0.2613209 0.3453487 0.0873899 0.2644597 0.3002497 0.3030500 0.0000000 1.0767728 1.1562116 1.1201111 1.0307961 1.1018450 1.1129948 1.0099806 1.0122258 1.0644463 1.3945885 1.0712539 1.3885159 1.1094783 1.0172517 1.0337067 1.1533600 0.9846064 1.3759875 1.0813404 1.0898737 1.1031042 1.0450110 
Tetrapisispora_blattae                      1.1708795 1.3540625 1.5779087 1.2260401 1.2437890 1.5561644 1.2400857 1.2129244 1.1361394 0.9729925 3.8435468 1.1776885 1.1585363 1.1056227 1.1347644 1.1137077 1.1940368 1.0767728 0.0000000 1.2445303 1.2103748 1.2314791 1.0622655 1.2647601 1.1231251 1.1030790 1.2789651 1.4673220 1.0651099 1.2790350 1.1962058 1.0934679 1.2335101 1.2441631 1.2477569 1.3174997 1.2475446 1.3320388 1.2929168 0.8661300 
Tetrapisispora_phaffii                      1.1918531 1.1682980 1.7331612 1.1899625 1.1942348 1.3149636 1.2569378 1.1711277 1.0591049 1.0286549 3.6889264 1.2008368 1.2292864 1.1565734 1.2212807 1.1785533 1.2441128 1.1562116 1.2445303 0.0000000 0.9350361 0.9700586 1.0211284 1.0366316 1.0663488 1.1331032 1.2029099 1.2986580 1.0990725 1.3500032 1.1463154 0.9942937 1.1226559 1.1056064 1.1037267 1.2975312 0.3861524 0.6414582 0.3753960 1.0942515 
Vanderwaltozyma_polyspora                   1.1498968 1.1472937 1.5618352 1.1166264 1.1356596 1.3674748 1.1572237 1.0743168 0.9438307 0.9821822 3.7780358 1.1273155 1.0790454 1.1241302 1.0367959 1.0907256 1.1074917 1.1201111 1.2103748 0.9350361 0.0000000 1.0426069 1.0777989 1.0138878 1.0534732 1.0915204 1.1027699 1.3859851 0.9167900 1.3280261 0.9949494 0.9746781 1.0452082 0.9405024 1.0384808 1.1461168 0.9089314 0.8576915 0.9152362 0.9864732 
yHAB132_Kazachstania_martiniae              1.0471942 1.0474773 1.3256986 1.2633208 1.1700512 1.3767907 1.0191734 0.9701409 1.0498933 0.9808727 3.5509327 1.0301961 1.0921505 1.0568450 1.0598240 1.1149474 1.0911369 1.0307961 1.2314791 0.9700586 1.0426069 0.0000000 0.8756329 0.9577557 0.9882799 0.8525214 0.9984993 1.2082263 0.9341011 1.2839632 0.9463197 0.9445438 0.9253134 0.9730487 0.9333620 1.3185775 1.1490697 1.0627508 1.0318450 1.1536199 
yHAB133_Kazachstania_unispora               1.1056771 0.9915498 1.3218679 1.1658087 1.0494749 1.4255353 1.0633243 1.0126212 0.9704276 0.9367784 3.7780844 1.0496498 1.0843874 1.0741355 1.1099011 1.0675714 1.1373420 1.1018450 1.0622655 1.0211284 1.0777989 0.8756329 0.0000000 0.9753393 0.7888781 0.4109691 0.9330090 1.2340651 0.9624038 1.0237025 0.9247017 0.8856873 0.2898873 0.9250532 0.3158803 0.9991311 1.0414385 0.9912729 1.0244333 0.9530325 
yHAB134_Kazachstania_turicensis             1.2265280 1.0075334 1.5787731 1.3078088 1.3567946 1.5120780 1.3285474 1.2217075 1.1059561 1.0586503 3.8472485 1.1806767 1.1654312 1.1785703 1.1480079 1.1733364 1.2122668 1.1129948 1.2647601 1.0366316 1.0138878 0.9577557 0.9753393 0.0000000 1.0713946 1.0310938 1.1415967 1.2926909 0.8803334 1.2278963 0.8846760 0.8758907 0.9829555 0.6758072 0.9774987 1.2407636 1.1027790 1.0499087 0.9941409 1.1021882 
yHAB136_Kazachstania_bromeliacearum         1.0523763 0.9657110 1.2915794 1.1526584 1.0926767 1.4858251 1.1345464 1.0759256 0.9385427 0.9436235 3.6912368 1.0963501 1.0581765 1.0185749 1.0715314 1.0345568 1.0709127 1.0099806 1.1231251 1.0663488 1.0534732 0.9882799 0.7888781 1.0713946 0.0000000 0.7404103 0.7920719 1.1178533 0.9713120 1.0713770 0.9784438 0.8587279 0.8528514 0.9013318 0.7936466 1.1392690 1.0910911 1.1510320 1.1617582 1.1689946 
yHAB143_Kazachstania_siamensis              1.1437101 0.9456285 1.2301785 1.1823946 1.0802127 1.3812781 1.1192308 0.9819474 0.9469695 0.8655922 4.2179055 0.9933035 1.1020182 1.0227710 1.0511689 1.0514849 1.0621488 1.0122258 1.1030790 1.1331032 1.0915204 0.8525214 0.4109691 1.0310938 0.7404103 0.0000000 0.8247248 1.1770011 0.9196163 0.9531131 0.9184486 0.9016567 0.5040595 0.9363870 0.4844572 1.1026660 1.0658614 1.0766967 1.0114522 1.0193496 
yHAB147_Kazachstania_taianensis             0.9783010 0.9445051 1.1792733 1.3241983 0.9892572 1.3293374 0.9255708 0.9293978 1.1465529 1.1542228 3.5351434 1.1417006 1.1086415 1.0285292 1.0666408 1.1220945 1.0548696 1.0644463 1.2789651 1.2029099 1.1027699 0.9984993 0.9330090 1.1415967 0.7920719 0.8247248 0.0000000 1.1001316 0.8658291 1.1274859 1.0606608 1.0225054 0.8638507 0.9323304 0.8510342 1.1271660 1.1823987 1.2007888 1.0852534 1.1043163 
yHAB148_Kazachstania_intestinalis           1.2569840 1.2730318 1.2960804 1.4165729 1.3651997 1.4574916 1.3374828 1.3000528 1.2158519 1.2941126 3.8424351 1.4056235 1.3627684 1.4051324 1.4048867 1.3005951 1.2991608 1.3945885 1.4673220 1.2986580 1.3859851 1.2082263 1.2340651 1.2926909 1.1178533 1.1770011 1.1001316 0.0000000 1.2029413 1.3230300 1.2447938 1.2678701 1.3621976 1.2270642 1.3583361 1.3399979 1.3442015 1.3226494 1.3302989 1.3262233 
yHAB153_Kazachstania_rosinii                1.0787828 0.9175154 1.1883559 1.1483427 1.0340734 1.2497817 0.9954628 1.0066250 0.9552654 1.0350918 3.7774232 1.1288286 1.1350071 1.0985608 1.1301409 1.1572287 1.1251844 1.0712539 1.0651099 1.0990725 0.9167900 0.9341011 0.9624038 0.8803334 0.9713120 0.9196163 0.8658291 1.2029413 0.0000000 1.1041041 0.7067560 0.7959839 1.0035523 0.7894347 0.9910966 1.0772219 1.1359779 1.0325426 1.1288420 1.0945251 
yHAB154_Kazachstania_transvaalensis         1.2220879 1.3746424 1.3781914 1.4274280 1.2061182 1.5611979 1.3377233 1.3202381 1.2716326 1.1563935 3.8685297 1.3445252 1.3682056 1.4172306 1.3573508 1.4147752 1.4198904 1.3885159 1.2790350 1.3500032 1.3280261 1.2839632 1.0237025 1.2278963 1.0713770 0.9531131 1.1274859 1.3230300 1.1041041 0.0000000 1.1848186 1.1536532 1.0286399 1.1649300 1.0224715 0.4391729 1.3317007 1.1991385 1.2098912 1.2633881 
yHAB155_Kazachstania_spencerorum            1.1860619 1.0030569 1.3019953 1.1855922 1.1483366 1.3602618 1.1249502 1.1532565 1.0632403 1.0228322 3.4797140 1.1145701 1.1363090 1.0931254 1.0935971 1.1771927 1.1631780 1.1094783 1.1962058 1.1463154 0.9949494 0.9463197 0.9247017 0.8846760 0.9784438 0.9184486 1.0606608 1.2447938 0.7067560 1.1848186 0.0000000 0.8521780 0.9373726 0.7977452 0.9588043 1.3109208 1.1107695 1.0709765 1.1082481 1.0951073 
yHAB158_Kazachstania_viticola               1.0903749 0.9900958 1.5212704 1.0740740 1.0657296 1.3737291 1.2156869 1.1223936 1.0287252 0.9838755 4.0606072 1.0030528 1.0419203 0.9877197 1.0292817 1.0368819 1.0586030 1.0172517 1.0934679 0.9942937 0.9746781 0.9445438 0.8856873 0.8758907 0.8587279 0.9016567 1.0225054 1.2678701 0.7959839 1.1536532 0.8521780 0.0000000 0.9862764 0.8264986 0.9319169 1.1076296 1.0617710 1.0220308 1.1075568 1.0533946 
yHAB159_Kazachstania_solicola               1.1305081 0.9468983 1.3336431 1.1651000 1.0617677 1.3728930 1.1249393 1.1018933 1.0443695 1.0470856 3.8627881 1.0754754 1.0987484 1.0494825 1.0638699 1.1656247 1.1250277 1.0337067 1.2335101 1.1226559 1.0452082 0.9253134 0.2898873 0.9829555 0.8528514 0.5040595 0.8638507 1.3621976 1.0035523 1.0286399 0.9373726 0.9862764 0.0000000 0.9782513 0.1276472 1.0382186 1.1967659 1.0435385 1.1595267 1.1060747 
yHAB160_Kazachstania_kunashirensis          1.1906832 0.9642233 1.5898146 1.2958714 1.1275623 1.6271740 1.1830314 1.0724398 1.0452715 1.0005416 3.7588669 1.1903903 1.1417329 1.1439221 1.1803327 1.1966141 1.1633311 1.1533600 1.2441631 1.1056064 0.9405024 0.9730487 0.9250532 0.6758072 0.9013318 0.9363870 0.9323304 1.2270642 0.7894347 1.1649300 0.7977452 0.8264986 0.9782513 0.0000000 1.0166481 1.1453838 1.0407358 0.9965053 1.0504752 1.1434464 
yHAB164_Kazachstania_aerobia                1.1439091 0.9856808 1.3102214 1.1450311 1.0635126 1.3405870 1.1061238 1.0561713 1.0620148 1.1195194 3.9921922 1.0240984 1.0712895 0.9831616 1.0258282 1.0893727 1.0615222 0.9846064 1.2477569 1.1037267 1.0384808 0.9333620 0.3158803 0.9774987 0.7936466 0.4844572 0.8510342 1.3583361 0.9910966 1.0224715 0.9588043 0.9319169 0.1276472 1.0166481 0.0000000 1.0469773 1.1994134 1.0369049 1.0756284 1.0451243 
yHAB166_Kazachstania_yakushimaensis         1.3401338 1.3864216 1.7539979 1.4241571 1.3928309 1.5225690 1.3143291 1.3302031 1.2736727 1.1126190 4.0727002 1.3836517 1.4033427 1.3434311 1.3911275 1.3898479 1.4370061 1.3759875 1.3174997 1.2975312 1.1461168 1.3185775 0.9991311 1.2407636 1.1392690 1.1026660 1.1271660 1.3399979 1.0772219 0.4391729 1.3109208 1.1076296 1.0382186 1.1453838 1.0469773 0.0000000 1.2438327 1.1221942 1.1453234 1.1486431 
yHMPu5000034875_Tetrapisispora_fleetii      1.2262760 1.0852092 1.7143499 1.0792135 1.1351799 1.3552223 1.1151410 1.0336902 1.0897620 0.9711510 3.8718546 1.1778320 1.2567775 1.0952287 1.1186015 1.1733043 1.2420481 1.0813404 1.2475446 0.3861524 0.9089314 1.1490697 1.0414385 1.1027790 1.0910911 1.0658614 1.1823987 1.3442015 1.1359779 1.3317007 1.1107695 1.0617710 1.1967659 1.0407358 1.1994134 1.2438327 0.0000000 0.6539689 0.2577040 1.0898206 
yHMPu5000034876_Tetrapisispora_iriomotensis 1.3066728 1.0925329 1.7350085 1.1081452 1.2361356 1.4250334 1.2708477 1.1789032 1.0711020 1.0299467 3.8287827 1.1078242 1.1310343 1.0971259 1.0896858 1.0798361 1.1381091 1.0898737 1.3320388 0.6414582 0.8576915 1.0627508 0.9912729 1.0499087 1.1510320 1.0766967 1.2007888 1.3226494 1.0325426 1.1991385 1.0709765 1.0220308 1.0435385 0.9965053 1.0369049 1.1221942 0.6539689 0.0000000 0.6314757 0.9890199 
yHMPu5000034877_Tetrapisispora_namnaonensis 1.2393073 1.2219428 1.6216703 1.1171806 1.1079987 1.3048691 1.0911861 0.9965762 1.0691517 0.9964098 3.8097985 1.1283181 1.1555753 1.1478860 1.0803659 1.1556015 1.1711734 1.1031042 1.2929168 0.3753960 0.9152362 1.0318450 1.0244333 0.9941409 1.1617582 1.0114522 1.0852534 1.3302989 1.1288420 1.2098912 1.1082481 1.1075568 1.1595267 1.0504752 1.0756284 1.1453234 0.2577040 0.6314757 0.0000000 1.0298656 
yHMPu5000035629_Yueomyces_sinensis          1.2496888 1.0814975 1.6720601 1.1711031 1.0855959 1.4401955 1.1247407 1.0547665 1.1555295 1.0215462 3.6183518 1.0894770 1.0637279 1.0738318 1.0804509 1.0278710 1.0723946 1.0450110 0.8661300 1.0942515 0.9864732 1.1536199 0.9530325 1.1021882 1.1689946 1.0193496 1.1043163 1.3262233 1.0945251 1.2633881 1.0951073 1.0533946 1.1060747 1.1434464 1.0451243 1.1486431 1.0898206 0.9890199 1.0298656 0.0000000 
