40
Candida_glabrata                            0.0000000 3.8825190 3.5987642 3.2480552 1.5586833 4.2475951 1.3968910 1.4379600 3.3112297 3.0655572 8.9999987 4.1490329 4.0373916 3.8243556 4.1152101 4.2368154 4.0929959 4.0602788 3.8158894 3.7890120 3.2817551 3.1961187 3.3485149 3.6887113 3.3571073 3.3908444 3.5399049 3.3164529 3.4351575 4.4848962 3.7826395 3.5441844 3.5842993 4.1719252 3.5293476 4.0770624 3.7171153 3.6828494 3.6725278 3.6579175 
Kazachstania_africana                       3.8825190 0.0000000 2.6025372 3.5411104 3.5375457 4.0928524 3.4576951 3.6519737 3.0345196 2.7192261 8.9999980 3.9235386 4.1000918 4.0111953 4.0708772 4.0027780 4.0469213 3.9248659 3.4362689 3.0501343 3.3553252 2.6919519 2.3356628 2.8696964 2.2673768 2.6116572 2.4914704 2.4969697 2.4421795 2.6851307 2.2398721 2.4153483 2.6614944 2.8046138 2.6033322 2.5827736 3.3263537 3.3038205 3.1483687 2.5776253 
Kazachstania_naganishii                     3.5987642 2.6025372 0.0000000 2.9570104 3.2555011 4.1138550 3.3814514 3.4618722 2.6002371 2.8262492 8.9999982 3.6611585 3.9073940 3.6892260 3.9189375 3.8195519 3.6784696 3.6516164 3.0886945 2.8222208 2.9789833 2.2358233 2.1980100 2.8816088 1.9032010 2.1903312 1.9673960 2.4112419 2.3372230 2.5262852 2.4958869 2.7836141 2.2338994 2.7125460 2.2218214 2.6319195 2.8534484 2.8494257 2.9532056 3.4045799 
Nakaseomyces_bacillisporus                  3.2480552 3.5411104 2.9570104 0.0000000 3.1575737 2.5908842 3.0191890 3.1628235 3.0905655 2.7465481 8.9999989 2.9907175 2.9679463 3.1770571 3.2483364 3.1808730 2.9113382 3.1763855 2.8738327 2.7068952 2.7842467 2.8599693 2.9839066 3.1912547 2.8092911 3.1119277 2.9954743 2.8742137 2.9564821 3.3086784 3.1557424 3.5208380 3.2973471 3.5934978 3.3099155 3.3525002 2.8260761 2.9350675 2.9673549 3.2487058 
Nakaseomyces_bracarensis                    1.5586833 3.5375457 3.2555011 3.1575737 0.0000000 3.5527754 0.9336828 0.7629365 2.8486282 2.9834875 8.9999988 3.7680081 3.6769610 3.4069960 3.6259299 3.9079251 3.6623727 3.5183821 3.2294993 3.4408787 2.8067339 2.9755470 3.1307299 3.4757271 3.0492220 3.2343473 3.0050224 3.1644422 3.0247644 3.6227862 3.3018733 3.3378008 3.3438094 3.5772761 3.1876056 3.5489537 3.2312318 3.1212386 3.3063099 3.3281777 
Nakaseomyces_castellii                      4.2475951 4.0928524 4.1138550 2.5908842 3.5527754 0.0000000 3.7966867 3.8256483 3.6461146 3.5690225 8.9999987 3.9655681 3.9829382 3.9682157 4.2731601 4.0408509 3.9713608 4.0744092 3.5242588 3.3123279 3.5813049 3.3608902 3.9201384 3.8425685 3.1348677 4.0274092 3.8166163 3.6934747 4.3396492 4.1630137 3.8608069 3.7284175 4.1100891 4.1946961 4.0932788 4.2713976 3.5683061 3.4147751 3.3841271 3.8578672 
Nakaseomyces_delphensis                     1.3968910 3.4576951 3.3814514 3.0191890 0.9336828 3.7966867 0.0000000 0.6987569 3.1500842 2.9897998 8.9999984 4.0056568 3.8268845 3.9031251 3.9450463 4.0528302 3.8108603 4.1129118 3.3156025 3.3962591 3.2554286 3.0375617 3.1145007 3.6074548 3.1525561 3.4114632 3.1908924 2.7196731 3.0895922 3.7828152 3.3988172 3.5389837 3.4630528 3.5832034 3.3514835 3.5984018 3.2173310 3.2896549 3.4140850 3.2987421 
Nakaseomyces_nivariensis                    1.4379600 3.6519737 3.4618722 3.1628235 0.7629365 3.8256483 0.6987569 0.0000000 3.0599055 2.9292687 8.9999982 3.9080128 3.6219011 3.7280447 3.7317818 3.9438674 3.5213443 3.8829537 3.4930990 3.3732949 2.9397186 3.0525098 3.0387776 3.4263527 3.0348882 3.2678837 3.2418068 2.9640381 2.9171204 3.9180939 3.3273959 3.6434856 3.2303796 3.6770355 3.1210922 3.5267185 3.3055080 3.4648504 3.4652162 3.6362972 
Naumovozyma_castellii                       3.3112297 3.0345196 2.6002371 3.0905655 2.8486282 3.6461146 3.1500842 3.0599055 0.0000000 1.7857035 8.9999989 3.7594636 3.6251721 3.4457291 3.6085081 3.7594125 3.6537854 3.3232076 2.8835300 2.8728438 2.7410953 2.5949833 2.3887927 2.8542402 2.4184127 2.7237875 2.7224904 2.4775167 2.4580998 3.2560505 2.4611566 2.6441995 2.4851271 2.8006186 2.4956718 3.1401383 3.0557713 3.0044926 2.8385855 2.6291317 
Naumovozyma_dairenensis                     3.0655572 2.7192261 2.8262492 2.7465481 2.9834875 3.5690225 2.9897998 2.9292687 1.7857035 0.0000000 8.9999980 3.1207469 3.1225729 3.0078035 3.2301500 3.3287511 3.1219144 2.9259334 2.4156705 2.7695105 2.5861926 2.2712359 2.3413351 2.9296556 2.3082659 2.5865921 2.6706848 2.5173887 2.7288569 2.6174570 2.6651131 2.5181644 2.4669004 2.9231228 2.3079728 2.6617249 2.9066682 2.6586195 2.8503825 2.5485727 
Neurospora_crassa                           8.9999987 8.9999980 8.9999982 8.9999989 8.9999988 8.9999987 8.9999984 8.9999982 8.9999989 8.9999980 0.0000000 8.9999989 8.9999990 8.9999989 8.9999985 8.9999983 8.9999982 8.9999985 8.9999987 8.9999980 8.9999988 8.9999980 8.9999988 8.9999990 8.9999987 8.9999987 8.9999986 8.9999986 8.9999980 8.9999988 8.9999982 8.9999982 8.9999983 8.9999982 8.9999986 8.9999986 8.9999980 8.9999980 8.9999984 8.9999985 
Saccharomyces_arboricola                    4.1490329 3.9235386 3.6611585 2.9907175 3.7680081 3.9655681 4.0056568 3.9080128 3.7594636 3.1207469 8.9999989 0.0000000 0.4405389 0.4899547 0.4731480 0.4976442 0.4334548 0.4587898 3.3102404 3.2968579 3.6214737 3.0236564 3.2368678 3.6060765 2.9610511 3.5185591 3.1704915 3.4969328 3.2104902 3.0150150 3.6364222 3.5939120 3.3514476 3.9350937 3.1833023 3.0750124 3.4035784 3.3214004 3.2987977 3.1736099 
Saccharomyces_cerevisiae                    4.0373916 4.1000918 3.9073940 2.9679463 3.6769610 3.9829382 3.8268845 3.6219011 3.6251721 3.1225729 8.9999990 0.4405389 0.0000000 0.5249142 0.4641586 0.3968629 0.2188637 0.4820128 3.1408139 3.3633109 3.7177443 3.0846273 3.2854179 3.5824158 3.0307465 3.5287161 3.0908535 3.3955516 3.3212795 2.7620214 3.5653575 3.1285082 3.3387254 4.0156262 3.2099190 2.9806282 3.4569482 3.2807663 3.2531854 3.0591552 
Saccharomyces_eubayanus                     3.8243556 4.0111953 3.6892260 3.1770571 3.4069960 3.9682157 3.9031251 3.7280447 3.4457291 3.0078035 8.9999989 0.4899547 0.5249142 0.0000000 0.5495396 0.5637599 0.5208174 0.1394907 3.2538053 3.1948996 3.5711251 3.0133104 3.1163411 3.4151854 3.1357766 3.4411390 3.0068336 3.4496823 3.3572353 3.0181930 3.4945009 3.4944948 3.1079709 3.5376550 3.1148193 2.9559947 3.3795567 3.1574491 3.1966893 3.1029263 
Saccharomyces_kudriavzevii                  4.1152101 4.0708772 3.9189375 3.2483364 3.6259299 4.2731601 3.9450463 3.7317818 3.6085081 3.2301500 8.9999985 0.4731480 0.4641586 0.5495396 0.0000000 0.4921586 0.4264920 0.4909100 3.3722966 3.3308399 3.6605285 3.1832898 3.3637301 3.7075755 3.2076796 3.6589545 3.0562760 3.5943180 3.3244349 3.0084193 3.6451478 3.5018597 3.4392391 4.0228942 3.3169676 3.1228541 3.3627203 3.3407667 3.2336663 3.0397301 
Saccharomyces_mikatae                       4.2368154 4.0027780 3.8195519 3.1808730 3.9079251 4.0408509 4.0528302 3.9438674 3.7594125 3.3287511 8.9999983 0.4976442 0.3968629 0.5637599 0.4921586 0.0000000 0.3356000 0.5157562 3.4292013 3.3433855 3.7497683 3.2483034 3.2263297 3.5696185 3.0986632 3.6177939 3.0997195 3.4615423 3.3026559 2.9761730 3.7616801 3.5183767 3.3944891 4.0535501 3.2976998 3.0567317 3.4894836 3.3833881 3.2240356 3.0984432 
Saccharomyces_paradoxus                     4.0929959 4.0469213 3.6784696 2.9113382 3.6623727 3.9713608 3.8108603 3.5213443 3.6537854 3.1219144 8.9999982 0.4334548 0.2188637 0.5208174 0.4264920 0.3356000 0.0000000 0.4361758 3.1572791 3.1714644 3.6653280 3.1525375 3.1878845 3.5211273 3.0866263 3.4898494 2.9803835 3.3117468 3.1763674 2.7871406 3.5125250 3.2347611 3.2741649 3.7138775 3.1635255 2.9908941 3.2237503 3.1414331 3.0873938 3.0885290 
Saccharomyces_uvarum                        4.0602788 3.9248659 3.6516164 3.1763855 3.5183821 4.0744092 4.1129118 3.8829537 3.3232076 2.9259334 8.9999985 0.4587898 0.4820128 0.1394907 0.4909100 0.5157562 0.4361758 0.0000000 3.3426496 3.2777673 3.5725251 3.0161313 3.0677403 3.5451004 3.0792420 3.1936114 2.9145565 3.4714462 3.3157493 3.1128099 3.3068802 3.3843930 3.1543751 3.6403542 3.0695646 3.0557867 3.3431301 3.2367953 3.1039104 2.9775368 
Tetrapisispora_blattae                      3.8158894 3.4362689 3.0886945 2.8738327 3.2294993 3.5242588 3.3156025 3.4930990 2.8835300 2.4156705 8.9999987 3.3102404 3.1408139 3.2538053 3.3722966 3.4292013 3.1572791 3.3426496 0.0000000 2.5995385 2.5092751 2.5744291 2.8199478 3.1618837 2.4392360 2.8088998 2.9278227 2.8754462 2.8517462 3.0709345 2.7457078 3.1212090 2.9257659 2.8839820 2.9105811 2.8921184 2.5394948 2.3540233 2.6002905 1.4467972 
Tetrapisispora_phaffii                      3.7890120 3.0501343 2.8222208 2.7068952 3.4408787 3.3123279 3.3962591 3.3732949 2.8728438 2.7695105 8.9999980 3.2968579 3.3633109 3.1948996 3.3308399 3.3433855 3.1714644 3.2777673 2.5995385 0.0000000 2.1727486 2.6037000 2.4924685 3.3294654 2.4005815 2.6972837 2.9247111 2.6590215 2.5713769 2.9126613 2.9167750 2.7892904 2.4549769 3.2014851 2.6486937 2.9088638 0.6205144 1.0545268 0.5922255 2.6040417 
Vanderwaltozyma_polyspora                   3.2817551 3.3553252 2.9789833 2.7842467 2.8067339 3.5813049 3.2554286 2.9397186 2.7410953 2.5861926 8.9999988 3.6214737 3.7177443 3.5711251 3.6605285 3.7497683 3.6653280 3.5725251 2.5092751 2.1727486 0.0000000 2.6552664 2.8608140 3.4095806 2.4078229 3.2253760 2.9038415 2.8180970 3.0671434 3.0550233 3.0411215 2.7708001 3.0152272 3.0226365 2.9526293 2.9619163 2.0268111 2.1700249 2.1696429 2.3954950 
yHAB132_Kazachstania_martiniae              3.1961187 2.6919519 2.2358233 2.8599693 2.9755470 3.3608902 3.0375617 3.0525098 2.5949833 2.2712359 8.9999980 3.0236564 3.0846273 3.0133104 3.1832898 3.2483034 3.1525375 3.0161313 2.5744291 2.6037000 2.6552664 0.0000000 2.1317505 2.6434509 1.7619458 2.3205045 2.0717248 2.3105099 2.2134789 2.5587101 2.3076013 2.2162599 2.2347192 2.6417664 2.1986845 2.6513022 2.6218337 2.7258233 2.5657137 2.7486988 
yHAB133_Kazachstania_unispora               3.3485149 2.3356628 2.1980100 2.9839066 3.1307299 3.9201384 3.1145007 3.0387776 2.3887927 2.3413351 8.9999988 3.2368678 3.2854179 3.1163411 3.3637301 3.2263297 3.1878845 3.0677403 2.8199478 2.4924685 2.8608140 2.1317505 0.0000000 2.2098187 1.5345956 0.7843000 1.8283473 2.2956422 1.9455146 2.0373307 2.1359084 2.1243583 0.6052866 2.3720657 0.5983656 1.9180262 2.5437052 2.5697422 2.5264243 2.3619166 
yHAB134_Kazachstania_turicensis             3.6887113 2.8696964 2.8816088 3.1912547 3.4757271 3.8425685 3.6074548 3.4263527 2.8542402 2.9296556 8.9999990 3.6060765 3.5824158 3.4151854 3.7075755 3.5696185 3.5211273 3.5451004 3.1618837 3.3294654 3.4095806 2.6434509 2.2098187 0.0000000 2.2737104 2.6626863 2.7817294 2.8476226 1.9500679 2.9297926 2.2094749 2.4822761 2.5319366 1.5980808 2.3993026 2.7904907 3.3730346 3.6001336 3.5422678 3.0218636 
yHAB136_Kazachstania_bromeliacearum         3.3571073 2.2673768 1.9032010 2.8092911 3.0492220 3.1348677 3.1525561 3.0348882 2.4184127 2.3082659 8.9999987 2.9610511 3.0307465 3.1357766 3.2076796 3.0986632 3.0866263 3.0792420 2.4392360 2.4005815 2.4078229 1.7619458 1.5345956 2.2737104 0.0000000 1.6767082 1.5555487 1.9832459 1.9660988 1.6404389 1.7399198 1.9682145 1.8161604 2.1082539 1.7480028 1.5791497 2.3225096 2.5632455 2.1881942 2.4438967 
yHAB143_Kazachstania_siamensis              3.3908444 2.6116572 2.1903312 3.1119277 3.2343473 4.0274092 3.4114632 3.2678837 2.7237875 2.5865921 8.9999987 3.5185591 3.5287161 3.4411390 3.6589545 3.6177939 3.4898494 3.1936114 2.8088998 2.6972837 3.2253760 2.3205045 0.7843000 2.6626863 1.6767082 0.0000000 1.8870496 2.4612219 2.0688329 2.2127547 2.3087745 2.3061244 0.9148475 2.7751139 0.9043806 2.1410646 2.6059855 2.8192060 2.5933803 2.4710186 
yHAB147_Kazachstania_taianensis             3.5399049 2.4914704 1.9673960 2.9954743 3.0050224 3.8166163 3.1908924 3.2418068 2.7224904 2.6706848 8.9999986 3.1704915 3.0908535 3.0068336 3.0562760 3.0997195 2.9803835 2.9145565 2.9278227 2.9247111 2.9038415 2.0717248 1.8283473 2.7817294 1.5555487 1.8870496 0.0000000 2.4540014 2.2878212 1.9961892 2.2361362 2.3061633 1.7731768 2.5834930 1.6921108 1.9720298 2.8846348 3.1363310 2.8171382 2.8754987 
yHAB148_Kazachstania_intestinalis           3.3164529 2.4969697 2.4112419 2.8742137 3.1644422 3.6934747 2.7196731 2.9640381 2.4775167 2.5173887 8.9999986 3.4969328 3.3955516 3.4496823 3.5943180 3.4615423 3.3117468 3.4714462 2.8754462 2.6590215 2.8180970 2.3105099 2.2956422 2.8476226 1.9832459 2.4612219 2.4540014 0.0000000 2.2931325 2.7244997 2.2657793 2.3244816 2.5373756 2.6636146 2.5443712 2.4621596 2.9699625 2.7389877 2.6928378 2.7864849 
yHAB153_Kazachstania_rosinii                3.4351575 2.4421795 2.3372230 2.9564821 3.0247644 4.3396492 3.0895922 2.9171204 2.4580998 2.7288569 8.9999980 3.2104902 3.3212795 3.3572353 3.3244349 3.3026559 3.1763674 3.3157493 2.8517462 2.5713769 3.0671434 2.2134789 1.9455146 1.9500679 1.9660988 2.0688329 2.2878212 2.2931325 0.0000000 2.8320985 1.6342401 1.9886212 2.0164553 1.8718694 2.0725160 2.7708519 2.6876871 2.7344364 2.6788512 2.4241776 
yHAB154_Kazachstania_transvaalensis         4.4848962 2.6851307 2.5262852 3.3086784 3.6227862 4.1630137 3.7828152 3.9180939 3.2560505 2.6174570 8.9999988 3.0150150 2.7620214 3.0181930 3.0084193 2.9761730 2.7871406 3.1128099 3.0709345 2.9126613 3.0550233 2.5587101 2.0373307 2.9297926 1.6404389 2.2127547 1.9961892 2.7244997 2.8320985 0.0000000 2.7153527 2.3965869 2.1969625 2.8518937 2.1394532 0.5512386 2.8337088 2.9028405 2.7266960 2.7280055 
yHAB155_Kazachstania_spencerorum            3.7826395 2.2398721 2.4958869 3.1557424 3.3018733 3.8608069 3.3988172 3.3273959 2.4611566 2.6651131 8.9999982 3.6364222 3.5653575 3.4945009 3.6451478 3.7616801 3.5125250 3.3068802 2.7457078 2.9167750 3.0411215 2.3076013 2.1359084 2.2094749 1.7399198 2.3087745 2.2361362 2.2657793 1.6342401 2.7153527 0.0000000 2.2397778 2.2277394 2.1964134 2.2644314 2.6074162 2.8356339 2.9241907 2.6916321 2.3784159 
yHAB158_Kazachstania_viticola               3.5441844 2.4153483 2.7836141 3.5208380 3.3378008 3.7284175 3.5389837 3.6434856 2.6441995 2.5181644 8.9999982 3.5939120 3.1285082 3.4944948 3.5018597 3.5183767 3.2347611 3.3843930 3.1212090 2.7892904 2.7708001 2.2162599 2.1243583 2.4822761 1.9682145 2.3061244 2.3061633 2.3244816 1.9886212 2.3965869 2.2397778 0.0000000 2.1496897 2.3837187 2.3045906 2.4802251 3.0676192 3.0647012 2.9322595 2.6526204 
yHAB159_Kazachstania_solicola               3.5842993 2.6614944 2.2338994 3.2973471 3.3438094 4.1100891 3.4630528 3.2303796 2.4851271 2.4669004 8.9999983 3.3514476 3.3387254 3.1079709 3.4392391 3.3944891 3.2741649 3.1543751 2.9257659 2.4549769 3.0152272 2.2347192 0.6052866 2.5319366 1.8161604 0.9148475 1.7731768 2.5373756 2.0164553 2.1969625 2.2277394 2.1496897 0.0000000 2.6407917 0.1905555 2.0746630 2.5860527 2.6360357 2.5413733 2.5712330 
yHAB160_Kazachstania_kunashirensis          4.1719252 2.8046138 2.7125460 3.5934978 3.5772761 4.1946961 3.5832034 3.6770355 2.8006186 2.9231228 8.9999982 3.9350937 4.0156262 3.5376550 4.0228942 4.0535501 3.7138775 3.6403542 2.8839820 3.2014851 3.0226365 2.6417664 2.3720657 1.5980808 2.1082539 2.7751139 2.5834930 2.6636146 1.8718694 2.8518937 2.1964134 2.3837187 2.6407917 0.0000000 2.7567525 2.6562519 3.2550252 3.5472257 3.2922162 2.8063641 
yHAB164_Kazachstania_aerobia                3.5293476 2.6033322 2.2218214 3.3099155 3.1876056 4.0932788 3.3514835 3.1210922 2.4956718 2.3079728 8.9999986 3.1833023 3.2099190 3.1148193 3.3169676 3.2976998 3.1635255 3.0695646 2.9105811 2.6486937 2.9526293 2.1986845 0.5983656 2.3993026 1.7480028 0.9043806 1.6921108 2.5443712 2.0725160 2.1394532 2.2644314 2.3045906 0.1905555 2.7567525 0.0000000 2.0758110 2.6597784 2.7525422 2.7167594 2.5484112 
yHAB166_Kazachstania_yakushimaensis         4.0770624 2.5827736 2.6319195 3.3525002 3.5489537 4.2713976 3.5984018 3.5267185 3.1401383 2.6617249 8.9999986 3.0750124 2.9806282 2.9559947 3.1228541 3.0567317 2.9908941 3.0557867 2.8921184 2.9088638 2.9619163 2.6513022 1.9180262 2.7904907 1.5791497 2.1410646 1.9720298 2.4621596 2.7708519 0.5512386 2.6074162 2.4802251 2.0746630 2.6562519 2.0758110 0.0000000 2.8177807 3.0043484 2.7884960 2.6738390 
yHMPu5000034875_Tetrapisispora_fleetii      3.7171153 3.3263537 2.8534484 2.8260761 3.2312318 3.5683061 3.2173310 3.3055080 3.0557713 2.9066682 8.9999980 3.4035784 3.4569482 3.3795567 3.3627203 3.4894836 3.2237503 3.3431301 2.5394948 0.6205144 2.0268111 2.6218337 2.5437052 3.3730346 2.3225096 2.6059855 2.8846348 2.9699625 2.6876871 2.8337088 2.8356339 3.0676192 2.5860527 3.2550252 2.6597784 2.8177807 0.0000000 1.0529542 0.3299642 2.6566842 
yHMPu5000034876_Tetrapisispora_iriomotensis 3.6828494 3.3038205 2.8494257 2.9350675 3.1212386 3.4147751 3.2896549 3.4648504 3.0044926 2.6586195 8.9999980 3.3214004 3.2807663 3.1574491 3.3407667 3.3833881 3.1414331 3.2367953 2.3540233 1.0545268 2.1700249 2.7258233 2.5697422 3.6001336 2.5632455 2.8192060 3.1363310 2.7389877 2.7344364 2.9028405 2.9241907 3.0647012 2.6360357 3.5472257 2.7525422 3.0043484 1.0529542 0.0000000 1.0485538 2.3813676 
yHMPu5000034877_Tetrapisispora_namnaonensis 3.6725278 3.1483687 2.9532056 2.9673549 3.3063099 3.3841271 3.4140850 3.4652162 2.8385855 2.8503825 8.9999984 3.2987977 3.2531854 3.1966893 3.2336663 3.2240356 3.0873938 3.1039104 2.6002905 0.5922255 2.1696429 2.5657137 2.5264243 3.5422678 2.1881942 2.5933803 2.8171382 2.6928378 2.6788512 2.7266960 2.6916321 2.9322595 2.5413733 3.2922162 2.7167594 2.7884960 0.3299642 1.0485538 0.0000000 2.6252950 
yHMPu5000035629_Yueomyces_sinensis          3.6579175 2.5776253 3.4045799 3.2487058 3.3281777 3.8578672 3.2987421 3.6362972 2.6291317 2.5485727 8.9999985 3.1736099 3.0591552 3.1029263 3.0397301 3.0984432 3.0885290 2.9775368 1.4467972 2.6040417 2.3954950 2.7486988 2.3619166 3.0218636 2.4438967 2.4710186 2.8754987 2.7864849 2.4241776 2.7280055 2.3784159 2.6526204 2.5712330 2.8063641 2.5484112 2.6738390 2.6566842 2.3813676 2.6252950 0.0000000 
