40
Candida_glabrata                            0.0000000 2.9832655 3.9236308 2.7391024 0.8533403 3.2665265 0.8457152 0.7927175 2.2498187 2.2047135 6.9111315 2.3663672 2.2898565 2.4411436 2.3843880 2.3279533 2.2399513 2.3530142 3.1139364 2.6131301 2.3590560 2.5028494 2.6046429 2.7404615 2.6302783 2.8852115 4.2864606 3.1506804 2.5327886 3.5733061 2.7320821 3.3974151 2.6852584 2.5651462 2.6549347 3.7786533 2.5982564 2.4032011 2.4753113 3.0411837 
Kazachstania_africana                       2.9832655 0.0000000 3.4523958 3.2511337 3.1501223 4.3159113 3.2301799 3.1675092 2.7214590 2.4863675 8.0393021 2.9988383 2.9927865 3.0489670 2.8778958 2.9548120 2.9455674 3.1071110 3.6780967 2.9794265 3.3555301 2.2492183 2.4176175 2.3503204 2.2696030 2.5028551 4.1941322 2.9714823 2.1957214 3.2635339 2.3108179 2.7415439 2.5260391 2.2243814 2.5645851 3.0803879 2.9094537 2.8312245 3.0611195 3.9646788 
Kazachstania_naganishii                     3.9236308 3.4523958 0.0000000 4.0789453 3.8196871 4.6151881 3.8110769 4.0641029 3.5594377 3.8215676 8.7667695 4.3287087 4.2955053 4.1555996 4.1307268 4.1943695 4.2363388 4.2009124 4.5295089 4.3863979 4.8347957 3.2483989 3.3983581 3.7406581 2.7928347 3.4325185 3.4515634 3.0579665 3.1473146 4.3845134 3.5619058 4.2590306 3.4445993 3.4484838 3.3784576 4.5893595 4.2517270 4.5912192 4.5715933 5.7646087 
Nakaseomyces_bacillisporus                  2.7391024 3.2511337 4.0789453 0.0000000 2.6181680 2.9689468 2.5670000 2.5582157 2.7424559 2.6948652 8.6026760 2.6187143 2.6526800 2.6649625 2.6062214 2.5754944 2.6324102 2.7765322 3.2102929 2.9452781 2.7701721 2.8014712 3.2571865 2.9916139 3.2334471 3.5090252 5.7780981 3.4822099 2.9037625 4.1834253 3.4454356 4.1941084 3.1863895 2.8309182 3.3013650 3.7510502 2.8133098 2.9075468 2.9040451 2.9539257 
Nakaseomyces_bracarensis                    0.8533403 3.1501223 3.8196871 2.6181680 0.0000000 3.3272692 0.7077594 0.5691765 2.1792307 2.3578686 7.3657894 2.3957820 2.4345914 2.5041504 2.3595949 2.4275998 2.3376661 2.4608277 2.9602397 2.5305453 2.5493337 2.5242640 2.7291540 2.7344693 2.8113115 2.9749046 4.7219121 3.1865741 2.6251069 3.3766866 2.6207257 3.7130947 2.6599218 2.7965760 2.6328009 3.7860486 2.6275533 2.3641543 2.5678756 2.8588969 
Nakaseomyces_castellii                      3.2665265 4.3159113 4.6151881 2.9689468 3.3272692 0.0000000 3.3231881 3.3177660 3.2600576 3.5643791 7.0227993 3.4329924 3.2337815 3.5833254 3.2886469 3.3314463 3.2767126 3.5846381 4.0625271 3.6431941 3.5545989 3.2866178 3.7532220 3.8920881 3.5853420 3.9962083 5.3908274 3.6610785 3.6090927 4.7111822 3.9540069 4.7416922 4.0649519 3.6931542 3.9620318 5.0036452 3.6411382 3.3054507 3.5441953 3.9729834 
Nakaseomyces_delphensis                     0.8457152 3.2301799 3.8110769 2.5670000 0.7077594 3.3231881 0.0000000 0.5234767 2.2137912 2.4029298 7.1123542 2.1852099 2.2143328 2.2291913 2.2310714 2.2267994 2.1433676 2.2390192 3.2390477 2.5553485 2.3548759 2.6559119 2.8788691 2.7875354 2.6630068 3.0040753 4.1556319 3.2044371 2.7931843 3.6257609 2.6721642 3.7671014 2.8900367 2.8137763 2.9084297 3.8030189 2.5208681 2.4695622 2.6031857 3.0012349 
Nakaseomyces_nivariensis                    0.7927175 3.1675092 4.0641029 2.5582157 0.5691765 3.3177660 0.5234767 0.0000000 2.1716709 2.2889030 7.1219159 2.2855034 2.2367028 2.4397640 2.3082348 2.3489269 2.1989408 2.4562753 2.9774060 2.6108938 2.2801910 2.5693105 2.8021033 2.7489417 2.4682694 2.9578872 4.4359093 3.1376798 2.7251982 3.5847114 2.6539592 3.6424794 2.7845036 2.6296772 2.8124028 3.7371940 2.4931118 2.4002911 2.6903131 2.8925309 
Naumovozyma_castellii                       2.2498187 2.7214590 3.5594377 2.7424559 2.1792307 3.2600576 2.2137912 2.1716709 0.0000000 1.5868753 7.0508360 2.0179810 1.9745001 1.9701422 1.9572198 2.0230433 1.9672900 1.9394403 2.4115669 2.3338457 2.2536599 1.9931994 2.4085341 2.4410423 2.1578846 2.5320002 4.5092699 2.8003325 2.2894508 3.2673457 2.3721873 3.0313196 2.3983116 2.3535767 2.3424751 3.3616251 2.3414133 2.1098207 2.3786031 2.6891727 
Naumovozyma_dairenensis                     2.2047135 2.4863675 3.8215676 2.6948652 2.3578686 3.5643791 2.4029298 2.2889030 1.5868753 0.0000000 7.8629420 2.1035517 2.1809201 2.2851003 2.2108934 2.1431853 2.1828294 2.2972049 2.6515031 2.3754821 2.2823366 1.9512473 2.4278598 2.4697267 2.2886443 2.5756035 4.9575117 2.8322301 2.8286640 3.4387241 2.4920260 2.8263080 2.5052447 2.4102896 2.5144691 3.3913914 2.5100931 2.0708762 2.5302975 2.6915010 
Neurospora_crassa                           6.9111315 8.0393021 8.7667695 8.6026760 7.3657894 7.0227993 7.1123542 7.1219159 7.0508360 7.8629420 0.0000000 8.9999982 8.8060320 8.9999987 8.0506340 8.9999981 8.8042922 8.6519405 8.3349015 6.7099522 8.0390486 7.8320852 7.0845808 7.5382811 8.8073637 8.0514009 7.7820145 6.8924809 7.3691160 8.9999989 7.2541916 8.9999988 7.4576911 7.4227922 7.4389066 8.9999985 6.9433297 7.2535314 6.6648606 8.9999988 
Saccharomyces_arboricola                    2.3663672 2.9988383 4.3287087 2.6187143 2.3957820 3.4329924 2.1852099 2.2855034 2.0179810 2.1035517 8.9999982 0.0000000 0.4060271 0.3959727 0.3708119 0.4573602 0.3672150 0.4160292 3.0688666 2.5018685 2.3313397 2.5001432 2.9195141 2.7466399 2.6891692 3.0548708 5.0193493 3.2733708 2.8871296 3.9690802 2.8765819 3.6774853 3.1381591 2.6702481 3.2189593 3.9204523 2.4515026 2.3940321 2.6375597 3.1671682 
Saccharomyces_cerevisiae                    2.2898565 2.9927865 4.2955053 2.6526800 2.4345914 3.2337815 2.2143328 2.2367028 1.9745001 2.1809201 8.8060320 0.4060271 0.0000000 0.4568611 0.4060845 0.3695789 0.1771296 0.4670824 2.9053952 2.4684864 2.2756995 2.4595368 2.8475811 2.7187242 2.6096243 2.7821368 4.8181621 3.0894925 2.9229928 3.9566228 2.9719940 3.5521709 2.9722232 2.6067351 3.0472851 4.0869052 2.4679691 2.3372199 2.6185007 3.0163886 
Saccharomyces_eubayanus                     2.4411436 3.0489670 4.1555996 2.6649625 2.5041504 3.5833254 2.2291913 2.4397640 1.9701422 2.2851003 8.9999987 0.3959727 0.4568611 0.0000000 0.4533363 0.4815976 0.4196260 0.1539976 2.9828468 2.4508302 2.2328552 2.4942702 2.9685803 2.6859540 2.6646730 2.9839360 4.8250357 3.2907090 2.8363952 4.1375566 2.9086580 3.5022974 3.1014042 2.6673493 3.1813458 4.1693584 2.3417820 2.3068400 2.5361958 3.0845813 
Saccharomyces_kudriavzevii                  2.3843880 2.8778958 4.1307268 2.6062214 2.3595949 3.2886469 2.2310714 2.3082348 1.9572198 2.2108934 8.0506340 0.3708119 0.4060845 0.4533363 0.0000000 0.4380465 0.3851596 0.4470410 3.0554580 2.5145160 2.2857373 2.5821839 3.0029938 2.7277766 2.7352367 2.9811766 4.7530379 3.1779137 2.8936940 4.0070824 2.9441711 3.6273456 3.2188675 2.6914645 3.3640558 4.0941877 2.4799585 2.3911909 2.6536259 3.0825914 
Saccharomyces_mikatae                       2.3279533 2.9548120 4.1943695 2.5754944 2.4275998 3.3314463 2.2267994 2.3489269 2.0230433 2.1431853 8.9999981 0.4573602 0.3695789 0.4815976 0.4380465 0.0000000 0.3362990 0.4733422 3.0404560 2.4462760 2.3104013 2.5820049 2.8183322 2.7381526 2.6440480 2.7871762 4.8250175 3.0711501 2.8614635 4.0414442 2.8070136 3.6418806 2.8760583 2.6251133 2.9692232 4.0484159 2.4324583 2.3501855 2.5719642 3.1212905 
Saccharomyces_paradoxus                     2.2399513 2.9455674 4.2363388 2.6324102 2.3376661 3.2767126 2.1433676 2.1989408 1.9672900 2.1828294 8.8042922 0.3672150 0.1771296 0.4196260 0.3851596 0.3362990 0.0000000 0.4432259 2.9949883 2.4384920 2.2861543 2.4336567 2.8046048 2.6772687 2.5336775 2.8468866 4.7144674 2.9355544 2.8577902 3.8193275 2.7600997 3.4754702 3.0326421 2.5999090 3.0813055 3.9749930 2.4279490 2.3261465 2.6071060 3.0753770 
Saccharomyces_uvarum                        2.3530142 3.1071110 4.2009124 2.7765322 2.4608277 3.5846381 2.2390192 2.4562753 1.9394403 2.2972049 8.6519405 0.4160292 0.4670824 0.1539976 0.4470410 0.4733422 0.4432259 0.0000000 2.9549822 2.5787711 2.3438909 2.4837799 2.9301906 2.7246589 2.7075478 2.9792112 4.9767079 3.2334202 2.8343068 3.9999198 3.0001827 3.7252780 3.0909474 2.6085182 3.1460178 4.1712696 2.4749254 2.3119113 2.6525116 3.1511431 
Tetrapisispora_blattae                      3.1139364 3.6780967 4.5295089 3.2102929 2.9602397 4.0625271 3.2390477 2.9774060 2.4115669 2.6515031 8.3349015 3.0688666 2.9053952 2.9828468 3.0554580 3.0404560 2.9949883 2.9549822 0.0000000 2.3653610 2.3270528 2.7689215 3.5178059 3.2503476 3.0137953 3.5138734 5.6573561 3.9446103 3.5424865 3.7323688 3.4104865 4.5357490 3.5456719 3.5076586 3.4037312 4.2098195 2.3509157 2.3013017 2.3852122 1.4120055 
Tetrapisispora_phaffii                      2.6131301 2.9794265 4.3863979 2.9452781 2.5305453 3.6431941 2.5553485 2.6108938 2.3338457 2.3754821 6.7099522 2.5018685 2.4684864 2.4508302 2.5145160 2.4462760 2.4384920 2.5787711 2.3653610 0.0000000 1.6686992 2.6362059 3.3402015 2.9956858 2.9948456 3.2632183 5.0008663 3.2688064 3.1665515 3.6382326 3.1197861 3.9049252 3.1616571 2.8024460 3.0908269 4.1738475 0.5964269 0.9331165 0.5877366 2.5475353 
Vanderwaltozyma_polyspora                   2.3590560 3.3555301 4.8347957 2.7701721 2.5493337 3.5545989 2.3548759 2.2801910 2.2536599 2.2823366 8.0390486 2.3313397 2.2756995 2.2328552 2.2857373 2.3104013 2.2861543 2.3438909 2.3270528 1.6686992 0.0000000 2.9148102 3.1852146 2.9125824 3.1178296 3.3065599 5.5951266 3.5010523 3.3337660 3.5722624 2.7802925 3.5369104 3.1972041 2.8832244 3.1899905 3.7355542 1.6448691 1.5893993 1.6816293 2.0820747 
yHAB132_Kazachstania_martiniae              2.5028494 2.2492183 3.2483989 2.8014712 2.5242640 3.2866178 2.6559119 2.5693105 1.9931994 1.9512473 7.8320852 2.5001432 2.4595368 2.4942702 2.5821839 2.5820049 2.4336567 2.4837799 2.7689215 2.6362059 2.9148102 0.0000000 2.0045538 1.7194589 1.3778344 2.4254594 3.8629411 2.3657450 1.9932581 2.9637605 2.0467409 2.5843709 2.1871448 1.8590462 2.0758330 2.9867399 2.6677908 2.1950314 2.5472963 3.4896352 
yHAB133_Kazachstania_unispora               2.6046429 2.4176175 3.3983581 3.2571865 2.7291540 3.7532220 2.8788691 2.8021033 2.4085341 2.4278598 7.0845808 2.9195141 2.8475811 2.9685803 3.0029938 2.8183322 2.8046048 2.9301906 3.5178059 3.3402015 3.1852146 2.0045538 0.0000000 1.9052571 1.8290867 0.7085894 3.4116217 2.4135902 2.4293900 2.9692737 2.2369970 2.8375323 0.4287739 2.0115120 0.4194793 2.9421042 3.3094639 2.9480429 3.3808316 3.8930562 
yHAB134_Kazachstania_turicensis             2.7404615 2.3503204 3.7406581 2.9916139 2.7344693 3.8920881 2.7875354 2.7489417 2.4410423 2.4697267 7.5382811 2.7466399 2.7187242 2.6859540 2.7277766 2.7381526 2.6772687 2.7246589 3.2503476 2.9956858 2.9125824 1.7194589 1.9052571 0.0000000 2.0055690 2.3004482 3.9712496 2.4112805 1.6031802 2.8504818 1.4717655 2.7274856 2.1010978 0.8634475 2.0863179 2.6952151 2.8443416 2.5257532 2.7967465 3.4770963 
yHAB136_Kazachstania_bromeliacearum         2.6302783 2.2696030 2.7928347 3.2334471 2.8113115 3.5853420 2.6630068 2.4682694 2.1578846 2.2886443 8.8073637 2.6891692 2.6096243 2.6646730 2.7352367 2.6440480 2.5336775 2.7075478 3.0137953 2.9948456 3.1178296 1.3778344 1.8290867 2.0055690 0.0000000 1.8791547 3.8533459 2.1072309 2.1430111 2.8378327 2.1826616 2.9059997 1.9715395 1.7711524 1.9549198 3.1656557 2.9559979 2.7448401 3.0746493 3.6047896 
yHAB143_Kazachstania_siamensis              2.8852115 2.5028551 3.4325185 3.5090252 2.9749046 3.9962083 3.0040753 2.9578872 2.5320002 2.5756035 8.0514009 3.0548708 2.7821368 2.9839360 2.9811766 2.7871762 2.8468866 2.9792112 3.5138734 3.2632183 3.3065599 2.4254594 0.7085894 2.3004482 1.8791547 0.0000000 3.5296746 2.5736465 2.7810886 2.8656722 2.5963183 2.8704357 0.8371783 2.4617122 0.8761475 3.0990189 3.1892804 3.1957997 3.1162686 3.9321712 
yHAB147_Kazachstania_taianensis             4.2864606 4.1941322 3.4515634 5.7780981 4.7219121 5.3908274 4.1556319 4.4359093 4.5092699 4.9575117 7.7820145 5.0193493 4.8181621 4.8250357 4.7530379 4.8250175 4.7144674 4.9767079 5.6573561 5.0008663 5.5951266 3.8629411 3.4116217 3.9712496 3.8533459 3.5296746 0.0000000 3.5162669 3.9086210 4.5545779 4.1389668 5.0430852 3.5499102 4.0528825 3.3691348 5.5682390 5.0724755 5.1896032 5.2967408 6.4913046 
yHAB148_Kazachstania_intestinalis           3.1506804 2.9714823 3.0579665 3.4822099 3.1865741 3.6610785 3.2044371 3.1376798 2.8003325 2.8322301 6.8924809 3.2733708 3.0894925 3.2907090 3.1779137 3.0711501 2.9355544 3.2334202 3.9446103 3.2688064 3.5010523 2.3657450 2.4135902 2.4112805 2.1072309 2.5736465 3.5162669 0.0000000 2.9698774 3.8660607 2.6527648 3.2879283 2.5031961 2.3201115 2.5398872 3.9255907 3.1904013 3.1343405 3.2383114 4.1189131 
yHAB153_Kazachstania_rosinii                2.5327886 2.1957214 3.1473146 2.9037625 2.6251069 3.6090927 2.7931843 2.7251982 2.2894508 2.8286640 7.3691160 2.8871296 2.9229928 2.8363952 2.8936940 2.8614635 2.8577902 2.8343068 3.5424865 3.1665515 3.3337660 1.9932581 2.4293900 1.6031802 2.1430111 2.7810886 3.9086210 2.9698774 0.0000000 3.1243081 1.6484289 2.8756955 2.4044514 1.7318445 2.3476280 3.0690629 3.1055600 2.8360910 2.9917489 3.5253335 
yHAB154_Kazachstania_transvaalensis         3.5733061 3.2635339 4.3845134 4.1834253 3.3766866 4.7111822 3.6257609 3.5847114 3.2673457 3.4387241 8.9999989 3.9690802 3.9566228 4.1375566 4.0070824 4.0414442 3.8193275 3.9999198 3.7323688 3.6382326 3.5722624 2.9637605 2.9692737 2.8504818 2.8378327 2.8656722 4.5545779 3.8660607 3.1243081 0.0000000 3.1138751 3.5370658 2.9228459 2.7950902 2.7794958 0.9506547 3.4504157 3.2283569 3.4300782 4.0177969 
yHAB155_Kazachstania_spencerorum            2.7320821 2.3108179 3.5619058 3.4454356 2.6207257 3.9540069 2.6721642 2.6539592 2.3721873 2.4920260 7.2541916 2.8765819 2.9719940 2.9086580 2.9441711 2.8070136 2.7600997 3.0001827 3.4104865 3.1197861 2.7802925 2.0467409 2.2369970 1.4717655 2.1826616 2.5963183 4.1389668 2.6527648 1.6484289 3.1138751 0.0000000 2.7408437 2.4734633 1.4903044 2.4579346 3.3149178 2.8988795 2.6410957 2.9076765 3.7545807 
yHAB158_Kazachstania_viticola               3.3974151 2.7415439 4.2590306 4.1941084 3.7130947 4.7416922 3.7671014 3.6424794 3.0313196 2.8263080 8.9999988 3.6774853 3.5521709 3.5022974 3.6273456 3.6418806 3.4754702 3.7252780 4.5357490 3.9049252 3.5369104 2.5843709 2.8375323 2.7274856 2.9059997 2.8704357 5.0430852 3.2879283 2.8756955 3.5370658 2.7408437 0.0000000 3.0479279 2.4565263 3.0888238 3.3768017 3.8822378 3.5071090 3.8417395 4.6477473 
yHAB159_Kazachstania_solicola               2.6852584 2.5260391 3.4445993 3.1863895 2.6599218 4.0649519 2.8900367 2.7845036 2.3983116 2.5052447 7.4576911 3.1381591 2.9722232 3.1014042 3.2188675 2.8760583 3.0326421 3.0909474 3.5456719 3.1616571 3.1972041 2.1871448 0.4287739 2.1010978 1.9715395 0.8371783 3.5499102 2.5031961 2.4044514 2.9228459 2.4734633 3.0479279 0.0000000 2.2733856 0.1674613 3.0155628 3.2234865 3.0364580 3.1908061 4.1402730 
yHAB160_Kazachstania_kunashirensis          2.5651462 2.2243814 3.4484838 2.8309182 2.7965760 3.6931542 2.8137763 2.6296772 2.3535767 2.4102896 7.4227922 2.6702481 2.6067351 2.6673493 2.6914645 2.6251133 2.5999090 2.6085182 3.5076586 2.8024460 2.8832244 1.8590462 2.0115120 0.8634475 1.7711524 2.4617122 4.0528825 2.3201115 1.7318445 2.7950902 1.4903044 2.4565263 2.2733856 0.0000000 2.2307738 2.8159903 2.5605478 2.3363870 2.7560106 3.8049021 
yHAB164_Kazachstania_aerobia                2.6549347 2.5645851 3.3784576 3.3013650 2.6328009 3.9620318 2.9084297 2.8124028 2.3424751 2.5144691 7.4389066 3.2189593 3.0472851 3.1813458 3.3640558 2.9692232 3.0813055 3.1460178 3.4037312 3.0908269 3.1899905 2.0758330 0.4194793 2.0863179 1.9549198 0.8761475 3.3691348 2.5398872 2.3476280 2.7794958 2.4579346 3.0888238 0.1674613 2.2307738 0.0000000 2.9754153 3.2488343 2.9622880 3.1614275 4.0647939 
yHAB166_Kazachstania_yakushimaensis         3.7786533 3.0803879 4.5893595 3.7510502 3.7860486 5.0036452 3.8030189 3.7371940 3.3616251 3.3913914 8.9999985 3.9204523 4.0869052 4.1693584 4.0941877 4.0484159 3.9749930 4.1712696 4.2098195 4.1738475 3.7355542 2.9867399 2.9421042 2.6952151 3.1656557 3.0990189 5.5682390 3.9255907 3.0690629 0.9506547 3.3149178 3.3768017 3.0155628 2.8159903 2.9754153 0.0000000 3.8468191 3.2929272 3.9299850 4.2092086 
yHMPu5000034875_Tetrapisispora_fleetii      2.5982564 2.9094537 4.2517270 2.8133098 2.6275533 3.6411382 2.5208681 2.4931118 2.3414133 2.5100931 6.9433297 2.4515026 2.4679691 2.3417820 2.4799585 2.4324583 2.4279490 2.4749254 2.3509157 0.5964269 1.6448691 2.6677908 3.3094639 2.8443416 2.9559979 3.1892804 5.0724755 3.1904013 3.1055600 3.4504157 2.8988795 3.8822378 3.2234865 2.5605478 3.2488343 3.8468191 0.0000000 0.9174315 0.3891969 2.5884803 
yHMPu5000034876_Tetrapisispora_iriomotensis 2.4032011 2.8312245 4.5912192 2.9075468 2.3641543 3.3054507 2.4695622 2.4002911 2.1098207 2.0708762 7.2535314 2.3940321 2.3372199 2.3068400 2.3911909 2.3501855 2.3261465 2.3119113 2.3013017 0.9331165 1.5893993 2.1950314 2.9480429 2.5257532 2.7448401 3.1957997 5.1896032 3.1343405 2.8360910 3.2283569 2.6410957 3.5071090 3.0364580 2.3363870 2.9622880 3.2929272 0.9174315 0.0000000 0.9171100 2.4004475 
yHMPu5000034877_Tetrapisispora_namnaonensis 2.4753113 3.0611195 4.5715933 2.9040451 2.5678756 3.5441953 2.6031857 2.6903131 2.3786031 2.5302975 6.6648606 2.6375597 2.6185007 2.5361958 2.6536259 2.5719642 2.6071060 2.6525116 2.3852122 0.5877366 1.6816293 2.5472963 3.3808316 2.7967465 3.0746493 3.1162686 5.2967408 3.2383114 2.9917489 3.4300782 2.9076765 3.8417395 3.1908061 2.7560106 3.1614275 3.9299850 0.3891969 0.9171100 0.0000000 2.4855851 
yHMPu5000035629_Yueomyces_sinensis          3.0411837 3.9646788 5.7646087 2.9539257 2.8588969 3.9729834 3.0012349 2.8925309 2.6891727 2.6915010 8.9999988 3.1671682 3.0163886 3.0845813 3.0825914 3.1212905 3.0753770 3.1511431 1.4120055 2.5475353 2.0820747 3.4896352 3.8930562 3.4770963 3.6047896 3.9321712 6.4913046 4.1189131 3.5253335 4.0177969 3.7545807 4.6477473 4.1402730 3.8049021 4.0647939 4.2092086 2.5884803 2.4004475 2.4855851 0.0000000 
