40
Candida_glabrata                            0.0000000 0.9351363 1.2268925 1.1990925 0.7338600 1.2873917 0.6806450 0.5888851 1.0844823 1.0451084 2.7095779 1.0471544 1.0817085 1.0418423 1.0562924 1.0741878 1.0849554 1.1455313 1.6225244 1.1256039 1.1059370 1.0050966 1.0922678 0.8582729 0.8900526 1.0396998 1.0171105 1.1751580 1.0266689 1.1499397 0.8910749 0.8101197 1.0356658 0.9156250 0.9633821 1.2687524 1.0990584 1.1057070 1.1404227 1.4096419 
Kazachstania_africana                       0.9351363 0.0000000 0.8803185 1.1919016 1.0009001 1.3930642 1.0242101 1.0886006 0.8183114 0.9972871 2.7318941 1.0742014 1.0965565 1.0726120 1.0779090 1.0056780 1.1057714 1.1169444 1.1491555 1.0215947 0.9153015 0.8375125 0.8474379 0.8826326 0.6782013 0.8439318 0.8572388 0.9857447 0.8220678 1.0467658 0.8457935 0.7536009 0.8689278 0.7418935 0.8591986 1.0187004 1.1207979 1.0849554 1.0202526 1.2207025 
Kazachstania_naganishii                     1.2268925 0.8803185 0.0000000 1.1379783 1.2477460 1.5674923 1.2631413 1.2353997 1.0116509 0.9813075 2.3987721 0.8910034 0.9317940 0.9384245 0.9303504 0.9176214 0.9456189 0.9106660 1.6341330 1.0522160 1.0877798 0.8131513 0.9316698 1.0273597 0.8273890 0.8115290 0.8550055 1.0395351 0.9009208 1.1778492 0.7719319 0.8790517 0.9088171 0.8230131 0.8740745 1.2313319 1.0766297 1.1670263 1.1321491 1.2706625 
Nakaseomyces_bacillisporus                  1.1990925 1.1919016 1.1379783 0.0000000 1.2384671 1.2200191 1.2297020 1.2214947 0.9077928 1.0626698 2.7850285 1.1423015 1.1546324 1.0241198 1.0546494 1.1074949 1.1080359 1.1151099 1.5315214 1.2315372 1.1562373 0.8981656 1.0820960 0.9499542 1.0570483 1.0417964 1.0462956 1.2545958 0.8370790 1.0938620 0.9033129 0.9951840 1.0936018 0.9549778 1.0659833 1.1605157 1.1811905 1.1932886 1.1210302 1.3783962 
Nakaseomyces_bracarensis                    0.7338600 1.0009001 1.2477460 1.2384671 0.0000000 1.3726317 0.4286328 0.4332897 0.9673993 1.0320395 3.0355146 1.1308890 1.2019443 1.1570677 1.1536069 1.2075583 1.1579474 1.2412258 1.6404004 1.2107224 1.0829490 1.0464517 0.9986537 0.9313472 0.9587328 1.0250224 1.0661386 1.0600946 0.8655674 1.1159971 0.9150717 0.8604072 1.0657158 0.8546122 1.1093555 1.0981528 1.1249299 1.1345430 1.1410850 1.4705238 
Nakaseomyces_castellii                      1.2873917 1.3930642 1.5674923 1.2200191 1.3726317 0.0000000 1.5358536 1.3590301 1.1269510 1.1579872 3.1756814 1.2193939 1.1748547 1.1394422 1.1465217 1.1350783 1.2080025 1.2121325 1.8458662 1.3463532 1.1641060 1.1801810 1.2953113 1.2956605 1.2745487 1.3482568 1.4390364 1.2461423 0.9822376 1.3682354 1.0606906 1.1757439 1.3176859 1.0724801 1.3520246 1.4808790 1.4438163 1.3040323 1.4268813 1.7951363 
Nakaseomyces_delphensis                     0.6806450 1.0242101 1.2631413 1.2297020 0.4286328 1.5358536 0.0000000 0.3790642 0.9549343 1.0089225 2.6907793 1.0096821 1.1544677 1.0634989 1.0796956 1.1489014 1.1448358 1.0973979 1.7512525 1.2235533 1.0105593 1.0180531 1.1066172 0.9719069 0.9949461 1.0516873 0.9661450 1.0794706 0.9338551 1.0591744 0.9735894 0.9327461 1.1052331 0.9007918 1.1349685 1.2142495 1.0908685 1.0967982 1.1485561 1.5786292 
Nakaseomyces_nivariensis                    0.5888851 1.0886006 1.2353997 1.2214947 0.4332897 1.3590301 0.3790642 0.0000000 0.8900497 1.0886862 2.7360314 0.9585594 1.0070229 0.8739371 0.9756790 0.9768822 1.0005879 0.9906233 1.6495467 1.1076545 1.0833852 1.0763235 1.0891421 0.9662042 0.9959559 1.0301353 0.9785370 1.0764267 0.9451777 1.0515418 1.0320365 0.8637662 1.0453225 0.8571143 1.0337263 1.1500082 1.0466560 1.0879068 1.1381626 1.5545276 
Naumovozyma_castellii                       1.0844823 0.8183114 1.0116509 0.9077928 0.9673993 1.1269510 0.9549343 0.8900497 0.0000000 0.5689199 2.6241341 0.8573113 0.8367347 0.8265957 0.9594607 0.8208743 0.8429847 0.9024513 1.1124423 0.8982145 0.8259412 0.6313054 0.6605389 0.7583589 0.6065807 0.7245336 0.8990252 0.8752045 0.5531335 0.8606020 0.6053175 0.5764835 0.7075048 0.5810125 0.6785095 0.8720014 0.9732941 0.8657246 0.9427576 1.1504060 
Naumovozyma_dairenensis                     1.0451084 0.9972871 0.9813075 1.0626698 1.0320395 1.1579872 1.0089225 1.0886862 0.5689199 0.0000000 2.3655299 0.9273501 0.9838071 1.0170751 1.0427040 0.9235454 0.9545570 1.0520482 1.3535910 1.0306452 0.9001476 0.7176739 0.8211871 0.9561773 0.7175792 0.7536802 1.0269666 1.1001513 0.7200530 1.1045675 0.7872393 0.7381484 0.8064350 0.6825723 0.7862693 1.1224307 1.0560046 1.0090846 0.9944874 1.1037944 
Neurospora_crassa                           2.7095779 2.7318941 2.3987721 2.7850285 3.0355146 3.1756814 2.6907793 2.7360314 2.6241341 2.3655299 0.0000000 2.5205791 2.4545054 2.6322997 2.6759872 2.5658741 2.3903378 2.5704438 3.2533073 3.1992810 2.9272788 2.5528734 2.6655464 2.8072454 2.7810870 2.6464432 2.1165685 2.7434048 2.3592061 2.7079139 2.6192448 2.6302940 2.6644252 2.5771670 2.5818672 2.5395227 3.3043745 3.2333255 3.2694907 3.4056284 
Saccharomyces_arboricola                    1.0471544 1.0742014 0.8910034 1.1423015 1.1308890 1.2193939 1.0096821 0.9585594 0.8573113 0.9273501 2.5205791 0.0000000 0.2085691 0.1847196 0.1678497 0.1760833 0.1875267 0.1857469 1.4796540 1.0122281 0.7760111 0.9138602 0.9799279 1.0024394 0.7823530 0.9451908 0.7597045 1.0503355 0.6902966 1.0730329 0.8162285 0.8246274 0.9028688 0.7806624 0.9160500 1.1108979 1.0117985 0.9652241 1.0527065 1.2918789 
Saccharomyces_cerevisiae                    1.0817085 1.0965565 0.9317940 1.1546324 1.2019443 1.1748547 1.1544677 1.0070229 0.8367347 0.9838071 2.4545054 0.2085691 0.0000000 0.2483319 0.2199265 0.1527566 0.0941580 0.2329781 1.4677894 1.0230009 0.7904525 0.8685757 1.0188996 0.9415687 0.8144380 0.9879165 0.8738722 1.0379956 0.7710018 1.0365485 0.8244639 0.8605001 1.0184014 0.8208641 1.0540237 1.0876319 1.0487910 0.9680983 1.0980188 1.3035697 
Saccharomyces_eubayanus                     1.0418423 1.0726120 0.9384245 1.0241198 1.1570677 1.1394422 1.0634989 0.8739371 0.8265957 1.0170751 2.6322997 0.1847196 0.2483319 0.0000000 0.1964729 0.2114644 0.2204609 0.0492930 1.4580777 0.9911959 0.7498772 0.8832112 1.0156412 0.9072991 0.8029706 1.0379291 0.8048270 1.0130290 0.7298244 1.0750841 0.8246212 0.8592974 0.9864296 0.8317697 1.0192766 1.1331800 1.0224081 0.9224139 1.0453590 1.3872737 
Saccharomyces_kudriavzevii                  1.0562924 1.0779090 0.9303504 1.0546494 1.1536069 1.1465217 1.0796956 0.9756790 0.9594607 1.0427040 2.6759872 0.1678497 0.2199265 0.1964729 0.0000000 0.1857460 0.2014828 0.2076314 1.4786819 1.0150296 0.7915517 0.9202380 1.0597703 0.9403949 0.7895064 1.0197844 0.8644089 0.9638612 0.7374844 1.0695490 0.8913266 0.8786340 1.0065152 0.8518714 1.0358636 1.1198227 1.0486078 1.0033072 1.0612670 1.3592894 
Saccharomyces_mikatae                       1.0741878 1.0056780 0.9176214 1.1074949 1.2075583 1.1350783 1.1489014 0.9768822 0.8208743 0.9235454 2.5658741 0.1760833 0.1527566 0.2114644 0.1857460 0.0000000 0.1457633 0.2043617 1.5090418 1.0237160 0.7994577 0.9117674 1.0017790 0.9191855 0.7657447 0.9540071 0.8351165 1.0020133 0.7113811 1.0806570 0.7953863 0.8280238 0.9361630 0.8037514 0.9750311 1.1171892 1.0248761 0.9784446 1.0209988 1.2415775 
Saccharomyces_paradoxus                     1.0849554 1.1057714 0.9456189 1.1080359 1.1579474 1.2080025 1.1448358 1.0005879 0.8429847 0.9545570 2.3903378 0.1875267 0.0941580 0.2204609 0.2014828 0.1457633 0.0000000 0.2136512 1.4339782 0.9982294 0.7641793 0.8659466 1.0008979 0.9765787 0.7770036 0.9634663 0.8300672 0.9670069 0.7137952 1.0628078 0.8622407 0.8338958 0.9810649 0.8152664 0.9997249 1.1111980 1.0051376 0.9437158 1.0287523 1.3384438 
Saccharomyces_uvarum                        1.1455313 1.1169444 0.9106660 1.1151099 1.2412258 1.2121325 1.0973979 0.9906233 0.9024513 1.0520482 2.5704438 0.1857469 0.2329781 0.0492930 0.2076314 0.2043617 0.2136512 0.0000000 1.4904026 1.0533082 0.7968674 0.9452098 1.0504793 0.9672061 0.8713355 1.0916874 0.7985422 1.0782467 0.7530199 1.1802280 0.8276109 0.8820629 1.0138219 0.8869666 1.0361234 1.1960124 1.0697891 0.9734146 1.1273492 1.4316738 
Tetrapisispora_blattae                      1.6225244 1.1491555 1.6341330 1.5315214 1.6404004 1.8458662 1.7512525 1.6495467 1.1124423 1.3535910 3.2533073 1.4796540 1.4677894 1.4580777 1.4786819 1.5090418 1.4339782 1.4904026 0.0000000 1.2851597 1.3488816 1.3124424 1.3481577 1.3118532 1.1975608 1.3080459 1.3819115 1.6060879 1.1310505 1.1765166 1.2346407 1.2345541 1.1987615 1.1748892 1.1930003 1.3037411 1.4030333 1.2538890 1.3844994 1.0371527 
Tetrapisispora_phaffii                      1.1256039 1.0215947 1.0522160 1.2315372 1.2107224 1.3463532 1.2235533 1.1076545 0.8982145 1.0306452 3.1992810 1.0122281 1.0230009 0.9911959 1.0150296 1.0237160 0.9982294 1.0533082 1.2851597 0.0000000 0.8594997 1.0438218 1.1438909 1.0591728 0.9538995 1.1180896 1.2519114 1.0269817 0.8912333 1.2064299 0.9467361 1.0891666 1.1682786 0.8649709 1.0782726 1.3047363 0.3456568 0.4143852 0.3054971 1.2842148 
Vanderwaltozyma_polyspora                   1.1059370 0.9153015 1.0877798 1.1562373 1.0829490 1.1641060 1.0105593 1.0833852 0.8259412 0.9001476 2.9272788 0.7760111 0.7904525 0.7498772 0.7915517 0.7994577 0.7641793 0.7968674 1.3488816 0.8594997 0.0000000 0.9208432 0.8866945 0.9744924 0.8135994 0.8859221 0.9334076 0.9989869 0.9191071 1.1520499 0.8523767 0.8779803 0.9980808 0.6938146 0.9612596 1.1781189 0.9204502 0.8428913 0.9134986 1.0750161 
yHAB132_Kazachstania_martiniae              1.0050966 0.8375125 0.8131513 0.8981656 1.0464517 1.1801810 1.0180531 1.0763235 0.6313054 0.7176739 2.5528734 0.9138602 0.8685757 0.8832112 0.9202380 0.9117674 0.8659466 0.9452098 1.3124424 1.0438218 0.9208432 0.0000000 0.7216978 0.8316468 0.5782730 0.7568719 0.8361150 0.8479192 0.5919375 0.8201967 0.5565074 0.6468497 0.8502197 0.6053360 0.7870104 0.8243941 1.0176715 1.0382730 1.0664187 1.0461200 
yHAB133_Kazachstania_unispora               1.0922678 0.8474379 0.9316698 1.0820960 0.9986537 1.2953113 1.1066172 1.0891421 0.6605389 0.8211871 2.6655464 0.9799279 1.0188996 1.0156412 1.0597703 1.0017790 1.0008979 1.0504793 1.3481577 1.1438909 0.8866945 0.7216978 0.0000000 0.8053535 0.4772940 0.2525840 0.7852016 0.9950099 0.6968857 0.7799172 0.6672309 0.5767201 0.2311442 0.6491762 0.2344577 0.8495434 1.1425053 1.1462798 1.1416521 1.3285703 
yHAB134_Kazachstania_turicensis             0.8582729 0.8826326 1.0273597 0.9499542 0.9313472 1.2956605 0.9719069 0.9662042 0.7583589 0.9561773 2.8072454 1.0024394 0.9415687 0.9072991 0.9403949 0.9191855 0.9765787 0.9672061 1.3118532 1.0591728 0.9744924 0.8316468 0.8053535 0.0000000 0.6908653 0.8680267 0.9438140 0.9828646 0.7729651 0.9031772 0.6616532 0.7607035 0.9372566 0.5964377 0.9067084 0.9458755 1.0224217 1.0678460 0.9714713 1.2616176 
yHAB136_Kazachstania_bromeliacearum         0.8900526 0.6782013 0.8273890 1.0570483 0.9587328 1.2745487 0.9949461 0.9959559 0.6065807 0.7175792 2.7810870 0.7823530 0.8144380 0.8029706 0.7895064 0.7657447 0.7770036 0.8713355 1.1975608 0.9538995 0.8135994 0.5782730 0.4772940 0.6908653 0.0000000 0.5309452 0.6632135 0.7157095 0.5080572 0.6799262 0.4848125 0.4762004 0.5339593 0.4886121 0.5097488 0.7175341 0.9462180 0.9437193 0.8671552 1.0400370 
yHAB143_Kazachstania_siamensis              1.0396998 0.8439318 0.8115290 1.0417964 1.0250224 1.3482568 1.0516873 1.0301353 0.7245336 0.7536802 2.6464432 0.9451908 0.9879165 1.0379291 1.0197844 0.9540071 0.9634663 1.0916874 1.3080459 1.1180896 0.8859221 0.7568719 0.2525840 0.8680267 0.5309452 0.0000000 0.8717424 1.0176135 0.7605408 0.8102578 0.7446523 0.5819108 0.2830508 0.6625441 0.2643762 0.8892628 1.1065899 1.0982081 1.1035261 1.2051848 
yHAB147_Kazachstania_taianensis             1.0171105 0.8572388 0.8550055 1.0462956 1.0661386 1.4390364 0.9661450 0.9785370 0.8990252 1.0269666 2.1165685 0.7597045 0.8738722 0.8048270 0.8644089 0.8351165 0.8300672 0.7985422 1.3819115 1.2519114 0.9334076 0.8361150 0.7852016 0.9438140 0.6632135 0.8717424 0.0000000 0.8971333 0.7473511 1.0632286 0.7007279 0.7529859 0.8050059 0.8108472 0.8206557 1.1123006 1.2708191 1.1137650 1.2089193 1.3772092 
yHAB148_Kazachstania_intestinalis           1.1751580 0.9857447 1.0395351 1.2545958 1.0600946 1.2461423 1.0794706 1.0764267 0.8752045 1.1001513 2.7434048 1.0503355 1.0379956 1.0130290 0.9638612 1.0020133 0.9670069 1.0782467 1.6060879 1.0269817 0.9989869 0.8479192 0.9950099 0.9828646 0.7157095 1.0176135 0.8971333 0.0000000 0.6766689 1.2219376 0.7945371 0.8990707 1.0214096 0.8187733 1.0557337 1.3087376 1.1687458 1.1246409 1.1329710 1.4060423 
yHAB153_Kazachstania_rosinii                1.0266689 0.8220678 0.9009208 0.8370790 0.8655674 0.9822376 0.9338551 0.9451777 0.5531335 0.7200530 2.3592061 0.6902966 0.7710018 0.7298244 0.7374844 0.7113811 0.7137952 0.7530199 1.1310505 0.8912333 0.9191071 0.5919375 0.6968857 0.7729651 0.5080572 0.7605408 0.7473511 0.6766689 0.0000000 0.8582792 0.4691937 0.5304787 0.7312390 0.5674077 0.7439358 0.8379218 0.9331165 0.8835896 1.0002520 0.9888743 
yHAB154_Kazachstania_transvaalensis         1.1499397 1.0467658 1.1778492 1.0938620 1.1159971 1.3682354 1.0591744 1.0515418 0.8606020 1.1045675 2.7079139 1.0730329 1.0365485 1.0750841 1.0695490 1.0806570 1.0628078 1.1802280 1.1765166 1.2064299 1.1520499 0.8201967 0.7799172 0.9031772 0.6799262 0.8102578 1.0632286 1.2219376 0.8582792 0.0000000 0.8287012 0.9220011 0.8761542 0.7717432 0.8586695 0.2707578 1.1345359 1.1477914 1.2373309 1.3496959 
yHAB155_Kazachstania_spencerorum            0.8910749 0.8457935 0.7719319 0.9033129 0.9150717 1.0606906 0.9735894 1.0320365 0.6053175 0.7872393 2.6192448 0.8162285 0.8244639 0.8246212 0.8913266 0.7953863 0.8622407 0.8276109 1.2346407 0.9467361 0.8523767 0.5565074 0.6672309 0.6616532 0.4848125 0.7446523 0.7007279 0.7945371 0.4691937 0.8287012 0.0000000 0.4468011 0.6944234 0.4910074 0.6779086 0.8677088 0.9222389 0.8953833 0.8842836 0.9813497 
yHAB158_Kazachstania_viticola               0.8101197 0.7536009 0.8790517 0.9951840 0.8604072 1.1757439 0.9327461 0.8637662 0.5764835 0.7381484 2.6302940 0.8246274 0.8605001 0.8592974 0.8786340 0.8280238 0.8338958 0.8820629 1.2345541 1.0891666 0.8779803 0.6468497 0.5767201 0.7607035 0.4762004 0.5819108 0.7529859 0.8990707 0.5304787 0.9220011 0.4468011 0.0000000 0.5646839 0.5012592 0.5386508 0.9423506 1.0651782 1.1171486 1.0713994 0.9849255 
yHAB159_Kazachstania_solicola               1.0356658 0.8689278 0.9088171 1.0936018 1.0657158 1.3176859 1.1052331 1.0453225 0.7075048 0.8064350 2.6644252 0.9028688 1.0184014 0.9864296 1.0065152 0.9361630 0.9810649 1.0138219 1.1987615 1.1682786 0.9980808 0.8502197 0.2311442 0.9372566 0.5339593 0.2830508 0.8050059 1.0214096 0.7312390 0.8761542 0.6944234 0.5646839 0.0000000 0.6683165 0.0777686 0.9440736 1.1233476 1.0877871 1.1192280 1.4268677 
yHAB160_Kazachstania_kunashirensis          0.9156250 0.7418935 0.8230131 0.9549778 0.8546122 1.0724801 0.9007918 0.8571143 0.5810125 0.6825723 2.5771670 0.7806624 0.8208641 0.8317697 0.8518714 0.8037514 0.8152664 0.8869666 1.1748892 0.8649709 0.6938146 0.6053360 0.6491762 0.5964377 0.4886121 0.6625441 0.8108472 0.8187733 0.5674077 0.7717432 0.4910074 0.5012592 0.6683165 0.0000000 0.6227645 0.7467004 0.8909788 0.9083211 0.8878589 1.0373143 
yHAB164_Kazachstania_aerobia                0.9633821 0.8591986 0.8740745 1.0659833 1.1093555 1.3520246 1.1349685 1.0337263 0.6785095 0.7862693 2.5818672 0.9160500 1.0540237 1.0192766 1.0358636 0.9750311 0.9997249 1.0361234 1.1930003 1.0782726 0.9612596 0.7870104 0.2344577 0.9067084 0.5097488 0.2643762 0.8206557 1.0557337 0.7439358 0.8586695 0.6779086 0.5386508 0.0777686 0.6227645 0.0000000 0.8711372 1.0972588 1.0348280 1.0395686 1.2796657 
yHAB166_Kazachstania_yakushimaensis         1.2687524 1.0187004 1.2313319 1.1605157 1.0981528 1.4808790 1.2142495 1.1500082 0.8720014 1.1224307 2.5395227 1.1108979 1.0876319 1.1331800 1.1198227 1.1171892 1.1111980 1.1960124 1.3037411 1.3047363 1.1781189 0.8243941 0.8495434 0.9458755 0.7175341 0.8892628 1.1123006 1.3087376 0.8379218 0.2707578 0.8677088 0.9423506 0.9440736 0.7467004 0.8711372 0.0000000 1.2023326 1.2719519 1.2557863 1.5470755 
yHMPu5000034875_Tetrapisispora_fleetii      1.0990584 1.1207979 1.0766297 1.1811905 1.1249299 1.4438163 1.0908685 1.0466560 0.9732941 1.0560046 3.3043745 1.0117985 1.0487910 1.0224081 1.0486078 1.0248761 1.0051376 1.0697891 1.4030333 0.3456568 0.9204502 1.0176715 1.1425053 1.0224217 0.9462180 1.1065899 1.2708191 1.1687458 0.9331165 1.1345359 0.9222389 1.0651782 1.1233476 0.8909788 1.0972588 1.2023326 0.0000000 0.4394273 0.2194928 1.1726055 
yHMPu5000034876_Tetrapisispora_iriomotensis 1.1057070 1.0849554 1.1670263 1.1932886 1.1345430 1.3040323 1.0967982 1.0879068 0.8657246 1.0090846 3.2333255 0.9652241 0.9680983 0.9224139 1.0033072 0.9784446 0.9437158 0.9734146 1.2538890 0.4143852 0.8428913 1.0382730 1.1462798 1.0678460 0.9437193 1.0982081 1.1137650 1.1246409 0.8835896 1.1477914 0.8953833 1.1171486 1.0877871 0.9083211 1.0348280 1.2719519 0.4394273 0.0000000 0.3833693 1.1320222 
yHMPu5000034877_Tetrapisispora_namnaonensis 1.1404227 1.0202526 1.1321491 1.1210302 1.1410850 1.4268813 1.1485561 1.1381626 0.9427576 0.9944874 3.2694907 1.0527065 1.0980188 1.0453590 1.0612670 1.0209988 1.0287523 1.1273492 1.3844994 0.3054971 0.9134986 1.0664187 1.1416521 0.9714713 0.8671552 1.1035261 1.2089193 1.1329710 1.0002520 1.2373309 0.8842836 1.0713994 1.1192280 0.8878589 1.0395686 1.2557863 0.2194928 0.3833693 0.0000000 1.2002387 
yHMPu5000035629_Yueomyces_sinensis          1.4096419 1.2207025 1.2706625 1.3783962 1.4705238 1.7951363 1.5786292 1.5545276 1.1504060 1.1037944 3.4056284 1.2918789 1.3035697 1.3872737 1.3592894 1.2415775 1.3384438 1.4316738 1.0371527 1.2842148 1.0750161 1.0461200 1.3285703 1.2616176 1.0400370 1.2051848 1.3772092 1.4060423 0.9888743 1.3496959 0.9813497 0.9849255 1.4268677 1.0373143 1.2796657 1.5470755 1.1726055 1.1320222 1.2002387 0.0000000 
