40
Candida_glabrata                            0.0000000 1.3351846 1.4496691 1.5831137 0.8426807 1.5595322 0.8050941 0.7006617 1.0902257 1.1501061 2.8286216 1.2409084 1.2023951 1.1897120 1.1700439 1.2028567 1.2049251 1.1795444 1.6758964 1.2757498 1.2652246 1.1043739 2.0152730 1.1459959 1.2340932 1.9962524 1.2406970 1.5304862 1.1642980 2.4986880 1.1334855 1.2777215 2.0652658 1.2602673 2.0621011 2.5262180 1.2665212 1.2671523 1.2910674 1.8477499 
Kazachstania_africana                       1.3351846 0.0000000 1.3921965 1.5139569 1.3944465 1.6002389 1.4726294 1.3753517 1.2278647 1.1861392 2.8199367 1.3578767 1.2900411 1.3262356 1.3000774 1.3177805 1.3204301 1.3471587 1.4293911 1.3184384 1.3344916 1.1062888 1.7818177 1.0866546 1.1906160 1.7466307 1.3747544 1.5530384 1.2044507 1.9855092 1.0570084 1.0414394 1.7500842 1.1444943 1.6958853 2.0232064 1.3791536 1.2770766 1.3831302 1.6438230 
Kazachstania_naganishii                     1.4496691 1.3921965 0.0000000 2.1077208 1.3702819 1.8900292 1.0958722 1.0987537 1.4005448 1.5815417 2.4102969 1.5162474 1.4944479 1.4021081 1.4721932 1.4598390 1.4859830 1.4287898 2.0206171 1.6384097 1.4942669 1.4262392 2.3499348 1.4010559 1.2565996 2.0245418 1.0234810 1.4937153 1.3298880 2.4990961 1.5762192 1.4518437 2.0249581 1.6422074 2.2013714 2.6971783 1.6414505 1.6802900 1.6296203 2.3382820 
Nakaseomyces_bacillisporus                  1.5831137 1.5139569 2.1077208 0.0000000 1.7412606 1.8124160 1.7611951 1.7106673 1.4511111 1.5243595 3.6238263 1.7090697 1.6575575 1.7000516 1.7187659 1.7563983 1.6727272 1.7188258 1.7755128 1.4473070 1.4653751 1.5963309 2.1678202 1.2732835 1.8096310 1.9553061 1.8252092 2.0372267 1.7077445 2.2843467 1.6263807 1.4071207 2.0288781 1.4845617 2.1182114 2.4528968 1.5276970 1.4879813 1.5057097 1.7948926 
Nakaseomyces_bracarensis                    0.8426807 1.3944465 1.3702819 1.7412606 0.0000000 1.7760617 0.6515821 0.5285318 1.2940869 1.3745362 3.0755651 1.3064160 1.3261518 1.3234106 1.2710087 1.2650732 1.3258982 1.3625758 1.8636984 1.3806531 1.2661578 1.1588938 2.1927716 1.2824071 1.2998862 1.9777506 1.4703085 1.6226570 1.2329332 2.5289336 1.3075428 1.3085013 2.0589270 1.3578309 2.1429660 2.6678060 1.3634476 1.4292855 1.4643511 2.0734039 
Nakaseomyces_castellii                      1.5595322 1.6002389 1.8900292 1.8124160 1.7760617 0.0000000 1.4459174 1.5071380 1.4947083 1.7061440 3.2467322 1.8023392 1.8269699 1.8236282 1.8465427 1.8585126 1.8174197 1.7781025 1.9317620 1.5951465 1.4875331 1.6813594 2.2602660 1.4953089 1.7696884 1.8139080 1.8524144 1.8994093 1.6526300 2.8214089 1.5716469 1.5778429 2.2495646 1.7648788 2.3273390 2.7755062 1.6878367 1.7385168 1.7936690 2.1977252 
Nakaseomyces_delphensis                     0.8050941 1.4726294 1.0958722 1.7611951 0.6515821 1.4459174 0.0000000 0.3814616 1.3388549 1.3995842 2.2996436 1.2959264 1.3056951 1.1935205 1.2544498 1.2974048 1.2639386 1.1809635 1.8917672 1.4316234 1.3696729 1.2009735 2.1160435 1.5125458 1.3581236 2.0449795 1.1613587 1.3666441 1.2027718 2.6344365 1.3953459 1.4871160 1.9452365 1.5346529 2.2149739 2.9853686 1.4009152 1.4932187 1.3958336 2.3268449 
Nakaseomyces_nivariensis                    0.7006617 1.3753517 1.0987537 1.7106673 0.5285318 1.5071380 0.3814616 0.0000000 1.1719661 1.3077278 2.5743120 1.2947869 1.2236247 1.2254756 1.2270691 1.2224169 1.2104319 1.2450123 1.8336220 1.2967059 1.2431742 1.1369569 2.0803745 1.2726586 1.1876429 2.0485579 1.2052304 1.2865322 1.0881534 2.5365787 1.3163084 1.3002267 1.9420818 1.3489638 2.0842523 2.7146609 1.3002005 1.3391831 1.3327806 2.0584798 
Naumovozyma_castellii                       1.0902257 1.2278647 1.4005448 1.4511111 1.2940869 1.4947083 1.3388549 1.1719661 0.0000000 0.7945114 3.1093759 1.1093977 1.0482838 1.0557201 1.0806973 1.0475948 1.0689415 1.0685958 1.5181697 1.1299207 0.9405237 0.9637955 2.0414262 1.0342454 0.9111059 1.9412447 1.2349580 1.4390545 1.0615392 2.4607303 0.9923770 1.0603119 2.0641083 1.0401063 2.0334131 2.3948015 1.1530701 1.0382969 1.1696061 1.6583125 
Naumovozyma_dairenensis                     1.1501061 1.1861392 1.5815417 1.5243595 1.3745362 1.7061440 1.3995842 1.3077278 0.7945114 0.0000000 3.1496961 1.2184489 1.1757897 1.1438776 1.1795621 1.1560993 1.1662668 1.1777677 1.3312249 1.2145261 1.0426843 1.0149076 1.8519802 0.9227967 1.1006011 1.7567690 1.3990804 1.6010858 1.1688034 2.1494557 0.9687497 0.9773859 2.1265691 0.9334371 1.8874436 2.2878759 1.2454599 1.1085802 1.2640577 1.7229052 
Neurospora_crassa                           2.8286216 2.8199367 2.4102969 3.6238263 3.0755651 3.2467322 2.2996436 2.5743120 3.1093759 3.1496961 0.0000000 3.1465135 3.0765672 3.0503341 3.1996128 3.1438474 3.0809760 3.0284696 3.2935984 2.8973506 2.8123016 2.9876063 3.2912565 2.6524181 3.3315089 2.4029384 2.8907879 2.7702608 3.0542637 3.6177246 3.2382588 2.9560582 3.3500097 3.4515715 3.7483488 3.6396621 3.0991289 3.0143802 3.1638383 3.7353147 
Saccharomyces_arboricola                    1.2409084 1.3578767 1.5162474 1.7090697 1.3064160 1.8023392 1.2959264 1.2947869 1.1093977 1.2184489 3.1465135 0.0000000 0.2751708 0.2414035 0.2073065 0.2612809 0.2522034 0.2464057 1.7264777 1.2145884 1.1161502 1.0477552 2.0747720 1.1935107 1.2695767 1.8812850 1.3504307 1.4392616 1.2038061 2.4833887 1.0957213 1.1609770 2.1164733 1.1746120 2.2566114 2.5465314 1.2538266 1.1808746 1.2477324 1.8505346 
Saccharomyces_cerevisiae                    1.2023951 1.2900411 1.4944479 1.6575575 1.3261518 1.8269699 1.3056951 1.2236247 1.0482838 1.1757897 3.0765672 0.2751708 0.0000000 0.2940958 0.2533553 0.2253080 0.1316666 0.3061755 1.6831205 1.2072862 1.1140687 1.0803187 2.0359111 1.2419062 1.2348628 1.8344572 1.3489464 1.5488681 1.2190473 2.4800266 1.0701602 1.1279982 2.0038186 1.1725628 2.1446043 2.5567588 1.2431088 1.1526010 1.3134295 1.8308304 
Saccharomyces_eubayanus                     1.1897120 1.3262356 1.4021081 1.7000516 1.3234106 1.8236282 1.1935205 1.2254756 1.0557201 1.1438776 3.0503341 0.2414035 0.2940958 0.0000000 0.2238189 0.2893101 0.2840973 0.0774663 1.6657827 1.2079616 1.0949229 1.1100034 2.0732748 1.1721933 1.1792720 1.8507139 1.2893083 1.4176092 1.1588730 2.3636695 1.0412540 1.1434020 2.1328427 1.1402011 2.1771209 2.4677561 1.2521838 1.1654713 1.2913560 1.8937666 
Saccharomyces_kudriavzevii                  1.1700439 1.3000774 1.4721932 1.7187659 1.2710087 1.8465427 1.2544498 1.2270691 1.0806973 1.1795621 3.1996128 0.2073065 0.2533553 0.2238189 0.0000000 0.2349156 0.2185190 0.2270072 1.7257462 1.2686712 1.0891559 1.0732080 2.0189582 1.2442144 1.2661239 1.8754553 1.3614320 1.4596844 1.2225712 2.3800226 1.0507116 1.1435713 2.0428031 1.2038909 2.2158394 2.4380882 1.2950164 1.1816787 1.3269899 1.8560212 
Saccharomyces_mikatae                       1.2028567 1.3177805 1.4598390 1.7563983 1.2650732 1.8585126 1.2974048 1.2224169 1.0475948 1.1560993 3.1438474 0.2612809 0.2253080 0.2893101 0.2349156 0.0000000 0.1944192 0.2874651 1.6712918 1.2133819 1.0949336 1.0703020 2.0355935 1.1847954 1.2328350 1.8037759 1.3511670 1.4924533 1.2006172 2.3750368 1.1298275 1.2023644 2.0801932 1.1837758 2.1423871 2.4892300 1.2532260 1.1286483 1.2817721 1.7709758 
Saccharomyces_paradoxus                     1.2049251 1.3204301 1.4859830 1.6727272 1.3258982 1.8174197 1.2639386 1.2104319 1.0689415 1.1662668 3.0809760 0.2522034 0.1316666 0.2840973 0.2185190 0.1944192 0.0000000 0.2871169 1.6954682 1.2199198 1.0892627 1.0691658 2.0483773 1.2251560 1.2257150 1.7985539 1.3405092 1.5284160 1.2012019 2.4320871 1.0614984 1.1365888 1.9844646 1.1439804 2.1287037 2.5146064 1.2592593 1.1426740 1.3217283 1.8287782 
Saccharomyces_uvarum                        1.1795444 1.3471587 1.4287898 1.7188258 1.3625758 1.7781025 1.1809635 1.2450123 1.0685958 1.1777677 3.0284696 0.2464057 0.3061755 0.0774663 0.2270072 0.2874651 0.2871169 0.0000000 1.6854991 1.2187270 1.1348127 1.0360693 2.1222223 1.2067029 1.2025537 1.8386407 1.2712103 1.4301605 1.2209813 2.4458016 1.0571523 1.1530063 2.1412558 1.1898435 2.2436296 2.5464803 1.2899264 1.1941562 1.3374806 1.9128720 
Tetrapisispora_blattae                      1.6758964 1.4293911 2.0206171 1.7755128 1.8636984 1.9317620 1.8917672 1.8336220 1.5181697 1.3312249 3.2935984 1.7264777 1.6831205 1.6657827 1.7257462 1.6712918 1.6954682 1.6854991 0.0000000 1.5479537 1.3596867 1.5495545 1.9917002 1.2992027 1.6247748 1.7159729 1.8706362 1.7521434 1.5768575 2.3088340 1.5717251 1.4303680 2.2810320 1.4229036 2.1909988 2.3498083 1.6594329 1.4517197 1.6768258 1.3322462 
Tetrapisispora_phaffii                      1.2757498 1.3184384 1.6384097 1.4473070 1.3806531 1.5951465 1.4316234 1.2967059 1.1299207 1.2145261 2.8973506 1.2145884 1.2072862 1.2079616 1.2686712 1.2133819 1.2199198 1.2187270 1.5479537 0.0000000 0.8610532 1.0901613 1.9481394 1.0732198 1.2400676 1.8131018 1.5265665 1.6310215 1.2673479 2.3604403 1.1079403 1.0766125 2.1545969 1.0963799 1.9792323 2.3942622 0.3668813 0.4994129 0.3509513 1.5710053 
Vanderwaltozyma_polyspora                   1.2652246 1.3344916 1.4942669 1.4653751 1.2661578 1.4875331 1.3696729 1.2431742 0.9405237 1.0426843 2.8123016 1.1161502 1.1140687 1.0949229 1.0891559 1.0949336 1.0892627 1.1348127 1.3596867 0.8610532 0.0000000 1.0623279 1.9751522 1.0128777 1.1010694 1.8674236 1.4246647 1.6152330 1.1268919 2.3771613 1.0897144 1.0062874 1.9345866 1.0664992 1.9188207 2.2579974 0.9053350 0.8181500 0.8610744 1.6048066 
yHAB132_Kazachstania_martiniae              1.1043739 1.1062888 1.4262392 1.5963309 1.1588938 1.6813594 1.2009735 1.1369569 0.9637955 1.0149076 2.9876063 1.0477552 1.0803187 1.1100034 1.0732080 1.0703020 1.0691658 1.0360693 1.5495545 1.0901613 1.0623279 0.0000000 1.7783861 0.9446339 0.9094608 1.7258632 1.1824171 1.3623157 0.9646003 2.2418340 0.7874641 0.9520511 1.9257988 0.8374342 1.8982267 2.3125689 1.1529448 1.0846705 1.1522498 1.5355287 
yHAB133_Kazachstania_unispora               2.0152730 1.7818177 2.3499348 2.1678202 2.1927716 2.2602660 2.1160435 2.0803745 2.0414262 1.8519802 3.2912565 2.0747720 2.0359111 2.0732748 2.0189582 2.0355935 2.0483773 2.1222223 1.9917002 1.9481394 1.9751522 1.7783861 0.0000000 1.3505466 1.7649764 1.3485603 2.0726339 2.3090002 1.9277368 2.0590452 1.8164709 1.6886627 1.0063970 1.8274547 0.8321624 2.0488806 2.1181418 1.8758603 2.1563095 1.9214276 
yHAB134_Kazachstania_turicensis             1.1459959 1.0866546 1.4010559 1.2732835 1.2824071 1.4953089 1.5125458 1.2726586 1.0342454 0.9227967 2.6524181 1.1935107 1.2419062 1.1721933 1.2442144 1.1847954 1.2251560 1.2067029 1.2992027 1.0732198 1.0128777 0.9446339 1.3505466 0.0000000 0.8509181 1.4410182 1.2835091 1.5312631 0.9444980 1.7424179 0.7227218 0.9089571 1.6302270 0.7425141 1.3911512 1.7748813 1.0805151 1.0645021 1.0444099 1.4619234 
yHAB136_Kazachstania_bromeliacearum         1.2340932 1.1906160 1.2565996 1.8096310 1.2998862 1.7696884 1.3581236 1.1876429 0.9111059 1.1006011 3.3315089 1.2695767 1.2348628 1.1792720 1.2661239 1.2328350 1.2257150 1.2025537 1.6247748 1.2400676 1.1010694 0.9094608 1.7649764 0.8509181 0.0000000 1.5924239 1.1526005 1.3976616 1.1397032 2.1323955 0.9281727 0.9073774 2.1140298 0.9083782 1.9105643 2.1671049 1.2561180 1.1855155 1.3085176 1.6177007 
yHAB143_Kazachstania_siamensis              1.9962524 1.7466307 2.0245418 1.9553061 1.9777506 1.8139080 2.0449795 2.0485579 1.9412447 1.7567690 2.4029384 1.8812850 1.8344572 1.8507139 1.8754553 1.8037759 1.7985539 1.8386407 1.7159729 1.8131018 1.8674236 1.7258632 1.3485603 1.4410182 1.5924239 0.0000000 1.9743824 1.9834931 1.8382315 1.6039588 1.6668891 1.5725562 1.3957444 1.7518889 1.2500042 1.6546461 1.8389425 1.8363596 1.8093461 1.8377997 
yHAB147_Kazachstania_taianensis             1.2406970 1.3747544 1.0234810 1.8252092 1.4703085 1.8524144 1.1613587 1.2052304 1.2349580 1.3990804 2.8907879 1.3504307 1.3489464 1.2893083 1.3614320 1.3511670 1.3405092 1.2712103 1.8706362 1.5265665 1.4246647 1.1824171 2.0726339 1.2835091 1.1526005 1.9743824 0.0000000 1.2716557 1.0807294 2.4300700 1.1717864 1.2394859 1.9391976 1.2744520 2.2537185 2.5035186 1.5572884 1.3954967 1.5278641 2.2439480 
yHAB148_Kazachstania_intestinalis           1.5304862 1.5530384 1.4937153 2.0372267 1.6226570 1.8994093 1.3666441 1.2865322 1.4390545 1.6010858 2.7702608 1.4392616 1.5488681 1.4176092 1.4596844 1.4924533 1.5284160 1.4301605 1.7521434 1.6310215 1.6152330 1.3623157 2.3090002 1.5312631 1.3976616 1.9834931 1.2716557 0.0000000 1.4350256 2.6599855 1.5289373 1.5107693 2.1005357 1.5487946 2.3676824 2.7033754 1.6385656 1.6016032 1.6594329 2.0929502 
yHAB153_Kazachstania_rosinii                1.1642980 1.2044507 1.3298880 1.7077445 1.2329332 1.6526300 1.2027718 1.0881534 1.0615392 1.1688034 3.0542637 1.2038061 1.2190473 1.1588730 1.2225712 1.2006172 1.2012019 1.2209813 1.5768575 1.2673479 1.1268919 0.9646003 1.9277368 0.9444980 1.1397032 1.8382315 1.0807294 1.4350256 0.0000000 2.2287355 0.8146783 1.0056626 2.0716407 0.8502140 2.1049403 2.3106158 1.3328317 1.2138110 1.3500888 1.8887013 
yHAB154_Kazachstania_transvaalensis         2.4986880 1.9855092 2.4990961 2.2843467 2.5289336 2.8214089 2.6344365 2.5365787 2.4607303 2.1494557 3.6177246 2.4833887 2.4800266 2.3636695 2.3800226 2.3750368 2.4320871 2.4458016 2.3088340 2.3604403 2.3771613 2.2418340 2.0590452 1.7424179 2.1323955 1.6039588 2.4300700 2.6599855 2.2287355 0.0000000 2.3609904 2.0746405 2.5138425 2.1808090 2.1435447 0.4607282 2.4862117 2.3517958 2.4326455 2.4054885 
yHAB155_Kazachstania_spencerorum            1.1334855 1.0570084 1.5762192 1.6263807 1.3075428 1.5716469 1.3953459 1.3163084 0.9923770 0.9687497 3.2382588 1.0957213 1.0701602 1.0412540 1.0507116 1.1298275 1.0614984 1.0571523 1.5717251 1.1079403 1.0897144 0.7874641 1.8164709 0.7227218 0.9281727 1.6668891 1.1717864 1.5289373 0.8146783 2.3609904 0.0000000 0.8585022 1.9914065 0.6511799 1.7287124 2.2618634 1.1083573 1.1053671 1.1572085 1.6703767 
yHAB158_Kazachstania_viticola               1.2777215 1.0414394 1.4518437 1.4071207 1.3085013 1.5778429 1.4871160 1.3002267 1.0603119 0.9773859 2.9560582 1.1609770 1.1279982 1.1434020 1.1435713 1.2023644 1.1365888 1.1530063 1.4303680 1.0766125 1.0062874 0.9520511 1.6886627 0.9089571 0.9073774 1.5725562 1.2394859 1.5107693 1.0056626 2.0746405 0.8585022 0.0000000 1.8307116 0.8649092 1.6867957 2.1381057 1.1616825 1.0330235 1.1278221 1.5914274 
yHAB159_Kazachstania_solicola               2.0652658 1.7500842 2.0249581 2.0288781 2.0589270 2.2495646 1.9452365 1.9420818 2.0641083 2.1265691 3.3500097 2.1164733 2.0038186 2.1328427 2.0428031 2.0801932 1.9844646 2.1412558 2.2810320 2.1545969 1.9345866 1.9257988 1.0063970 1.6302270 2.1140298 1.3957444 1.9391976 2.1005357 2.0716407 2.5138425 1.9914065 1.8307116 0.0000000 2.0781902 0.5084647 2.5301549 2.1092825 2.0277603 2.0810946 2.4460863 
yHAB160_Kazachstania_kunashirensis          1.2602673 1.1444943 1.6422074 1.4845617 1.3578309 1.7648788 1.5346529 1.3489638 1.0401063 0.9334371 3.4515715 1.1746120 1.1725628 1.1402011 1.2038909 1.1837758 1.1439804 1.1898435 1.4229036 1.0963799 1.0664992 0.8374342 1.8274547 0.7425141 0.9083782 1.7518889 1.2744520 1.5487946 0.8502140 2.1808090 0.6511799 0.8649092 2.0781902 0.0000000 1.8008365 2.1909331 1.1366450 1.0526142 1.1286211 1.5323690 
yHAB164_Kazachstania_aerobia                2.0621011 1.6958853 2.2013714 2.1182114 2.1429660 2.3273390 2.2149739 2.0842523 2.0334131 1.8874436 3.7483488 2.2566114 2.1446043 2.1771209 2.2158394 2.1423871 2.1287037 2.2436296 2.1909988 1.9792323 1.9188207 1.8982267 0.8321624 1.3911512 1.9105643 1.2500042 2.2537185 2.3676824 2.1049403 2.1435447 1.7287124 1.6867957 0.5084647 1.8008365 0.0000000 2.1986631 1.9194383 1.8339350 1.9245397 2.1467775 
yHAB166_Kazachstania_yakushimaensis         2.5262180 2.0232064 2.6971783 2.4528968 2.6678060 2.7755062 2.9853686 2.7146609 2.3948015 2.2878759 3.6396621 2.5465314 2.5567588 2.4677561 2.4380882 2.4892300 2.5146064 2.5464803 2.3498083 2.3942622 2.2579974 2.3125689 2.0488806 1.7748813 2.1671049 1.6546461 2.5035186 2.7033754 2.3106158 0.4607282 2.2618634 2.1381057 2.5301549 2.1909331 2.1986631 0.0000000 2.2694093 2.2697839 2.2794424 2.2868111 
yHMPu5000034875_Tetrapisispora_fleetii      1.2665212 1.3791536 1.6414505 1.5276970 1.3634476 1.6878367 1.4009152 1.3002005 1.1530701 1.2454599 3.0991289 1.2538266 1.2431088 1.2521838 1.2950164 1.2532260 1.2592593 1.2899264 1.6594329 0.3668813 0.9053350 1.1529448 2.1181418 1.0805151 1.2561180 1.8389425 1.5572884 1.6385656 1.3328317 2.4862117 1.1083573 1.1616825 2.1092825 1.1366450 1.9194383 2.2694093 0.0000000 0.5277888 0.2025605 1.7322009 
yHMPu5000034876_Tetrapisispora_iriomotensis 1.2671523 1.2770766 1.6802900 1.4879813 1.4292855 1.7385168 1.4932187 1.3391831 1.0382969 1.1085802 3.0143802 1.1808746 1.1526010 1.1654713 1.1816787 1.1286483 1.1426740 1.1941562 1.4517197 0.4994129 0.8181500 1.0846705 1.8758603 1.0645021 1.1855155 1.8363596 1.3954967 1.6016032 1.2138110 2.3517958 1.1053671 1.0330235 2.0277603 1.0526142 1.8339350 2.2697839 0.5277888 0.0000000 0.5056697 1.5773356 
yHMPu5000034877_Tetrapisispora_namnaonensis 1.2910674 1.3831302 1.6296203 1.5057097 1.4643511 1.7936690 1.3958336 1.3327806 1.1696061 1.2640577 3.1638383 1.2477324 1.3134295 1.2913560 1.3269899 1.2817721 1.3217283 1.3374806 1.6768258 0.3509513 0.8610744 1.1522498 2.1563095 1.0444099 1.3085176 1.8093461 1.5278641 1.6594329 1.3500888 2.4326455 1.1572085 1.1278221 2.0810946 1.1286211 1.9245397 2.2794424 0.2025605 0.5056697 0.0000000 1.6768117 
yHMPu5000035629_Yueomyces_sinensis          1.8477499 1.6438230 2.3382820 1.7948926 2.0734039 2.1977252 2.3268449 2.0584798 1.6583125 1.7229052 3.7353147 1.8505346 1.8308304 1.8937666 1.8560212 1.7709758 1.8287782 1.9128720 1.3322462 1.5710053 1.6048066 1.5355287 1.9214276 1.4619234 1.6177007 1.8377997 2.2439480 2.0929502 1.8887013 2.4054885 1.6703767 1.5914274 2.4460863 1.5323690 2.1467775 2.2868111 1.7322009 1.5773356 1.6768117 0.0000000 
