40
Candida_glabrata                            0.0000000 1.9224699 1.8662050 1.6000863 1.0699401 1.7672557 1.0136802 1.0160503 1.5073083 1.6230531 3.3450647 1.4303391 1.4799683 1.4908118 1.4808623 1.5338166 1.4641366 1.4829380 1.5547405 1.5927414 1.4610201 1.6320780 1.6166825 1.8451383 1.6098362 1.6494144 1.6117518 1.5952644 1.4136820 1.8491266 1.3394214 1.5823123 1.6881938 1.6538943 1.6965988 1.8182459 1.6668348 1.8117534 1.7008193 1.6391254 
Kazachstania_africana                       1.9224699 0.0000000 1.7953862 1.9126073 1.8921564 2.3607999 1.9139976 1.7565458 1.6297019 1.7176021 3.8895100 1.7268831 1.7489866 1.6981619 1.7843850 1.8203156 1.8094924 1.7056208 1.7906663 2.0045979 1.9953269 1.4150092 1.5019507 1.8227597 1.3246487 1.4845796 1.6164723 1.5849435 1.4489151 1.5637506 1.5336665 1.3376837 1.4447842 1.4044517 1.5008579 1.5841184 2.0652505 1.8862410 1.9279045 1.8106803 
Kazachstania_naganishii                     1.8662050 1.7953862 0.0000000 1.8150475 1.6862027 2.3524861 1.8411262 1.8501164 1.6278338 1.9101501 3.2043541 1.6224059 1.6361798 1.5435340 1.5774402 1.6159135 1.6323559 1.5332330 1.8946851 1.9829169 1.7301423 1.3227170 1.2192265 1.6502486 1.0738245 1.1202460 0.9977540 1.3873277 1.3322938 1.3423484 1.2822119 1.5038811 1.1297864 1.5670329 1.1557678 1.3164729 1.9316015 1.9573149 2.1159506 1.9748488 
Nakaseomyces_bacillisporus                  1.6000863 1.9126073 1.8150475 0.0000000 1.6019074 1.5524221 1.5260670 1.5744317 1.6970488 1.6841575 3.9848877 1.4414161 1.6081252 1.5201143 1.5114639 1.4803492 1.5991853 1.5187066 1.4913037 1.9322521 1.7767842 1.4638858 1.5401831 1.8502863 1.5909539 1.5538599 1.7509605 1.6695491 1.5996356 1.7284240 1.4838874 1.5442507 1.4905224 1.7272305 1.5330619 1.7255084 2.0046091 1.9609652 2.1339030 1.8826548 
Nakaseomyces_bracarensis                    1.0699401 1.8921564 1.6862027 1.6019074 0.0000000 1.7184466 0.5349623 0.5481724 1.4513588 1.5682536 3.3683580 1.4482257 1.4550141 1.5137734 1.4400213 1.4344345 1.4025313 1.5146694 1.5789927 1.7367082 1.4736462 1.5754089 1.6307803 1.7792462 1.4637642 1.6686574 1.7190423 1.5294659 1.5591887 1.8749778 1.3849348 1.6888518 1.7018750 1.6802927 1.6506690 1.7794598 1.8380752 1.8618120 1.9374380 1.6829801 
Nakaseomyces_castellii                      1.7672557 2.3607999 2.3524861 1.5524221 1.7184466 0.0000000 1.6920712 1.7784593 2.1601930 2.4107765 3.2699239 2.0025931 1.8888978 2.0388283 2.0640458 2.0765497 1.9961789 1.9786152 2.0515139 2.1485094 2.1738665 2.1388627 2.1397677 2.4339633 2.1473678 2.1850750 2.1631955 2.1592663 2.0719296 2.3211193 1.9533495 2.1185125 2.1507491 2.0902343 2.2441881 2.1807389 2.2782921 2.4002008 2.3339010 2.2996150 
Nakaseomyces_delphensis                     1.0136802 1.9139976 1.8411262 1.5260670 0.5349623 1.6920712 0.0000000 0.3986543 1.5056776 1.5403012 3.1069870 1.4735639 1.4925483 1.4343599 1.3940409 1.4792303 1.4265679 1.4296245 1.4904717 1.6544772 1.7228348 1.5026417 1.5733921 1.8584026 1.4335169 1.6325447 1.5843885 1.5455759 1.5502741 1.8181725 1.4325344 1.6741121 1.7182828 1.6855194 1.6911747 1.8708001 1.9435426 1.7226756 1.8459739 1.6476432 
Nakaseomyces_nivariensis                    1.0160503 1.7565458 1.8501164 1.5744317 0.5481724 1.7784593 0.3986543 0.0000000 1.4514469 1.5137467 3.3042194 1.4290520 1.4876527 1.4502805 1.3974495 1.4574003 1.4692875 1.4045542 1.4785657 1.6143632 1.6156392 1.5015067 1.4830460 1.7162274 1.4630522 1.5405032 1.5248397 1.5737040 1.4221633 1.7939880 1.2415884 1.6640779 1.6025549 1.6179618 1.5585387 1.6876734 1.7278982 1.5886894 1.7546058 1.7566987 
Naumovozyma_castellii                       1.5073083 1.6297019 1.6278338 1.6970488 1.4513588 2.1601930 1.5056776 1.4514469 0.0000000 1.1179312 3.8122657 1.3757747 1.4358747 1.3792271 1.3495613 1.4419320 1.4556421 1.3304939 1.4360528 1.5707968 1.4450532 1.4972407 1.4939806 1.6034591 1.3691612 1.3921421 1.5292084 1.5516060 1.2956242 1.5837678 1.2017086 1.4192477 1.4019029 1.4525857 1.5116967 1.5133058 1.7296469 1.5681358 1.6722049 1.4292775 
Naumovozyma_dairenensis                     1.6230531 1.7176021 1.9101501 1.6841575 1.5682536 2.4107765 1.5403012 1.5137467 1.1179312 0.0000000 3.7342759 1.5784558 1.6365879 1.6467056 1.6470003 1.6361923 1.5677185 1.6369840 1.4799878 1.5493155 1.5970499 1.5742784 1.5664729 1.6930853 1.4223476 1.5689143 1.6682600 1.5167768 1.4145699 1.7131958 1.2754570 1.3795239 1.5335667 1.3957405 1.6095177 1.5255445 1.5576324 1.6627996 1.6910082 1.6341249 
Neurospora_crassa                           3.3450647 3.8895100 3.2043541 3.9848877 3.3683580 3.2699239 3.1069870 3.3042194 3.8122657 3.7342759 0.0000000 3.0778348 2.9484300 2.9794899 2.9859060 3.0848799 2.8870499 2.8970777 3.4707059 3.7087396 3.6916600 3.1640772 3.4489335 3.8786412 3.2619752 3.4141092 2.9624963 3.3995134 3.2513158 3.6904787 3.3481433 3.6130800 3.4955285 4.0244488 3.5337041 3.6406314 3.6191888 3.6339993 3.4840102 3.6147960 
Saccharomyces_arboricola                    1.4303391 1.7268831 1.6224059 1.4414161 1.4482257 2.0025931 1.4735639 1.4290520 1.3757747 1.5784558 3.0778348 0.0000000 0.3546130 0.3158174 0.3021856 0.3406013 0.2938684 0.3028036 1.4927865 1.4961729 1.5979177 1.3728992 1.3990221 1.5675478 1.4223574 1.4176506 1.4733432 1.4305681 1.3818844 1.5126635 1.3386647 1.5522598 1.4555431 1.3827223 1.4423020 1.6482986 1.5436188 1.4302358 1.6509752 1.6637015 
Saccharomyces_cerevisiae                    1.4799683 1.7489866 1.6361798 1.6081252 1.4550141 1.8888978 1.4925483 1.4876527 1.4358747 1.6365879 2.9484300 0.3546130 0.0000000 0.3955951 0.3479581 0.2832557 0.1569419 0.3469929 1.5989024 1.5628904 1.6014889 1.2880863 1.4310196 1.5438287 1.4907220 1.4709687 1.5934788 1.4441098 1.3419562 1.6018113 1.3155131 1.5045965 1.4000031 1.3821123 1.3900753 1.5676109 1.5783873 1.4058494 1.6402672 1.7835859 
Saccharomyces_eubayanus                     1.4908118 1.6981619 1.5435340 1.5201143 1.5137734 2.0388283 1.4343599 1.4502805 1.3792271 1.6467056 2.9794899 0.3158174 0.3955951 0.0000000 0.3476050 0.3722381 0.3426522 0.1014337 1.3674633 1.5047750 1.5509967 1.4070846 1.4404346 1.5491643 1.5156457 1.4815489 1.5340843 1.4298673 1.3653857 1.6415296 1.3449376 1.5815548 1.4704308 1.3709960 1.4480787 1.7616047 1.6421382 1.4539604 1.6390823 1.6581558 
Saccharomyces_kudriavzevii                  1.4808623 1.7843850 1.5774402 1.5114639 1.4400213 2.0640458 1.3940409 1.3974495 1.3495613 1.6470003 2.9859060 0.3021856 0.3479581 0.3476050 0.0000000 0.3380295 0.3237964 0.3430828 1.5891471 1.6391217 1.5753017 1.3907077 1.3643071 1.4594169 1.4584944 1.4062226 1.4758195 1.3765765 1.3812246 1.4880516 1.3049873 1.5627748 1.4207576 1.4385603 1.4239227 1.7152673 1.6796505 1.5054455 1.6786231 1.8770449 
Saccharomyces_mikatae                       1.5338166 1.8203156 1.6159135 1.4803492 1.4344345 2.0765497 1.4792303 1.4574003 1.4419320 1.6361923 3.0848799 0.3406013 0.2832557 0.3722381 0.3380295 0.0000000 0.2774166 0.3452082 1.4977405 1.4999724 1.5614896 1.2897940 1.3742846 1.5492995 1.4591515 1.5015093 1.5888246 1.3767322 1.3908680 1.5078800 1.3480216 1.6009596 1.3946797 1.4072935 1.4096453 1.6186179 1.5249467 1.4461675 1.5470753 1.7491589 
Saccharomyces_paradoxus                     1.4641366 1.8094924 1.6323559 1.5991853 1.4025313 1.9961789 1.4265679 1.4692875 1.4556421 1.5677185 2.8870499 0.2938684 0.1569419 0.3426522 0.3237964 0.2774166 0.0000000 0.3147224 1.5843471 1.4930273 1.6474898 1.4081902 1.5092310 1.5697195 1.5988487 1.5739286 1.5853855 1.4457133 1.3215144 1.5932200 1.2706120 1.5897902 1.5098320 1.3733354 1.4671992 1.5908104 1.5658737 1.4228063 1.5497831 1.8471439 
Saccharomyces_uvarum                        1.4829380 1.7056208 1.5332330 1.5187066 1.5146694 1.9786152 1.4296245 1.4045542 1.3304939 1.6369840 2.8970777 0.3028036 0.3469929 0.1014337 0.3430828 0.3452082 0.3147224 0.0000000 1.4038343 1.5194783 1.4983167 1.4057691 1.3731237 1.5279138 1.4648975 1.4192371 1.4751180 1.4563188 1.3821877 1.5766182 1.2851170 1.5578874 1.3876702 1.3805032 1.3671418 1.6423893 1.6917299 1.4359502 1.7124778 1.6734673 
Tetrapisispora_blattae                      1.5547405 1.7906663 1.8946851 1.4913037 1.5789927 2.0515139 1.4904717 1.4785657 1.4360528 1.4799878 3.4707059 1.4927865 1.5989024 1.3674633 1.5891471 1.4977405 1.5843471 1.4038343 0.0000000 1.3571306 1.4154241 1.2688186 1.4629193 1.6097894 1.4110015 1.4496586 1.4782961 1.4809218 1.4439851 1.7329209 1.3103046 1.3594999 1.3940792 1.4281015 1.3902009 1.5929414 1.4521912 1.4710529 1.5184422 0.7410064 
Tetrapisispora_phaffii                      1.5927414 2.0045979 1.9829169 1.9322521 1.7367082 2.1485094 1.6544772 1.6143632 1.5707968 1.5493155 3.7087396 1.4961729 1.5628904 1.5047750 1.6391217 1.4999724 1.4930273 1.5194783 1.3571306 0.0000000 1.2737230 1.6243860 1.7138626 1.8368748 1.6212905 1.6432248 1.7344026 1.7598270 1.6245452 1.7014505 1.4911359 1.5074405 1.5747054 1.5782225 1.6934032 1.7552171 0.4943230 0.6865931 0.5044787 1.5433868 
Vanderwaltozyma_polyspora                   1.4610201 1.9953269 1.7301423 1.7767842 1.4736462 2.1738665 1.7228348 1.6156392 1.4450532 1.5970499 3.6916600 1.5979177 1.6014889 1.5509967 1.5753017 1.5614896 1.6474898 1.4983167 1.4154241 1.2737230 0.0000000 1.5983601 1.6630969 1.8354994 1.5783076 1.5868158 1.4989664 1.8012793 1.6019760 1.7726247 1.4010025 1.5928040 1.6010443 1.6545644 1.5788319 1.7589404 1.2803939 1.1657126 1.3307756 1.5504429 
yHAB132_Kazachstania_martiniae              1.6320780 1.4150092 1.3227170 1.4638858 1.5754089 2.1388627 1.5026417 1.5015067 1.4972407 1.5742784 3.1640772 1.3728992 1.2880863 1.4070846 1.3907077 1.2897940 1.4081902 1.4057691 1.2688186 1.6243860 1.5983601 0.0000000 1.0285416 1.4350933 0.9920416 0.9784550 1.0019219 1.2630784 1.0923786 1.2964576 0.9653891 1.0835912 1.0368589 1.1891375 1.0311404 1.2322971 1.6044148 1.4400885 1.6642486 1.5217329 
yHAB133_Kazachstania_unispora               1.6166825 1.5019507 1.2192265 1.5401831 1.6307803 2.1397677 1.5733921 1.4830460 1.4939806 1.5664729 3.4489335 1.3990221 1.4310196 1.4404346 1.3643071 1.3742846 1.5092310 1.3731237 1.4629193 1.7138626 1.6630969 1.0285416 0.0000000 1.4028837 0.6460089 0.3171170 0.7987684 1.1990195 1.1604305 1.0311674 1.0300418 1.1449881 0.2719085 1.1367122 0.2835210 1.0120427 1.6381505 1.5294047 1.8075720 1.5834720 
yHAB134_Kazachstania_turicensis             1.8451383 1.8227597 1.6502486 1.8502863 1.7792462 2.4339633 1.8584026 1.7162274 1.6034591 1.6930853 3.8786412 1.5675478 1.5438287 1.5491643 1.4594169 1.5492995 1.5697195 1.5279138 1.6097894 1.8368748 1.8354994 1.4350933 1.4028837 0.0000000 1.4401921 1.4680587 1.4383118 1.4398645 1.0705251 1.4772187 1.0580056 1.3279437 1.4216927 0.7735984 1.4053928 1.4214783 1.7759310 1.7684822 1.8309576 1.6521957 
yHAB136_Kazachstania_bromeliacearum         1.6098362 1.3246487 1.0738245 1.5909539 1.4637642 2.1473678 1.4335169 1.4630522 1.3691612 1.4223476 3.2619752 1.4223574 1.4907220 1.5156457 1.4584944 1.4591515 1.5988487 1.4648975 1.4110015 1.6212905 1.5783076 0.9920416 0.6460089 1.4401921 0.0000000 0.6788574 0.8404209 1.2094753 1.1353083 1.0501749 0.9255693 1.0087301 0.6771910 0.9610419 0.7107721 0.9926224 1.7032338 1.6077113 1.7971351 1.5429080 
yHAB143_Kazachstania_siamensis              1.6494144 1.4845796 1.1202460 1.5538599 1.6686574 2.1850750 1.6325447 1.5405032 1.3921421 1.5689143 3.4141092 1.4176506 1.4709687 1.4815489 1.4062226 1.5015093 1.5739286 1.4192371 1.4496586 1.6432248 1.5868158 0.9784550 0.3171170 1.4680587 0.6788574 0.0000000 0.8178810 1.2626959 1.2001256 1.0726136 0.9931403 1.0624199 0.3508985 1.1740559 0.3700764 0.9678818 1.7215799 1.4860559 1.7686727 1.6127395 
yHAB147_Kazachstania_taianensis             1.6117518 1.6164723 0.9977540 1.7509605 1.7190423 2.1631955 1.5843885 1.5248397 1.5292084 1.6682600 2.9624963 1.4733432 1.5934788 1.5340843 1.4758195 1.5888246 1.5853855 1.4751180 1.4782961 1.7344026 1.4989664 1.0019219 0.7987684 1.4383118 0.8404209 0.8178810 0.0000000 1.1889861 1.0647157 1.2278879 1.1358278 1.2316298 0.8638276 1.1920542 0.8565457 1.1589410 1.7172522 1.5719229 1.9021715 1.6152032 
yHAB148_Kazachstania_intestinalis           1.5952644 1.5849435 1.3873277 1.6695491 1.5294659 2.1592663 1.5455759 1.5737040 1.5516060 1.5167768 3.3995134 1.4305681 1.4441098 1.4298673 1.3765765 1.3767322 1.4457133 1.4563188 1.4809218 1.7598270 1.8012793 1.2630784 1.1990195 1.4398645 1.2094753 1.2626959 1.1889861 0.0000000 1.2952733 1.5068490 1.2930597 1.4051014 1.2286810 1.2203683 1.2115255 1.3549921 1.7972215 1.6662307 1.8565988 1.7586587 
yHAB153_Kazachstania_rosinii                1.4136820 1.4489151 1.3322938 1.5996356 1.5591887 2.0719296 1.5502741 1.4221633 1.2956242 1.4145699 3.2513158 1.3818844 1.3419562 1.3653857 1.3812246 1.3908680 1.3215144 1.3821877 1.4439851 1.6245452 1.6019760 1.0923786 1.1604305 1.0705251 1.1353083 1.2001256 1.0647157 1.2952733 0.0000000 1.3050007 0.8730212 1.1057923 1.2078780 0.9094662 1.2074667 1.2880640 1.7479205 1.6682751 1.8176420 1.6211394 
yHAB154_Kazachstania_transvaalensis         1.8491266 1.5637506 1.3423484 1.7284240 1.8749778 2.3211193 1.8181725 1.7939880 1.5837678 1.7131958 3.6904787 1.5126635 1.6018113 1.6415296 1.4880516 1.5078800 1.5932200 1.5766182 1.7329209 1.7014505 1.7726247 1.2964576 1.0311674 1.4772187 1.0501749 1.0726136 1.2278879 1.5068490 1.3050007 0.0000000 1.1973847 1.2824048 1.1238486 1.4094600 1.1187998 0.3557428 1.6589679 1.6419109 1.7147630 1.7698108 
yHAB155_Kazachstania_spencerorum            1.3394214 1.5336665 1.2822119 1.4838874 1.3849348 1.9533495 1.4325344 1.2415884 1.2017086 1.2754570 3.3481433 1.3386647 1.3155131 1.3449376 1.3049873 1.3480216 1.2706120 1.2851170 1.3103046 1.4911359 1.4010025 0.9653891 1.0300418 1.0580056 0.9255693 0.9931403 1.1358278 1.2930597 0.8730212 1.1973847 0.0000000 0.9795351 1.1129183 0.7273820 1.0822346 1.1853016 1.5976744 1.4207875 1.6004489 1.5179100 
yHAB158_Kazachstania_viticola               1.5823123 1.3376837 1.5038811 1.5442507 1.6888518 2.1185125 1.6741121 1.6640779 1.4192477 1.3795239 3.6130800 1.5522598 1.5045965 1.5815548 1.5627748 1.6009596 1.5897902 1.5578874 1.3594999 1.5074405 1.5928040 1.0835912 1.1449881 1.3279437 1.0087301 1.0624199 1.2316298 1.4051014 1.1057923 1.2824048 0.9795351 0.0000000 1.1419267 0.9942168 1.1799533 1.2064905 1.6185370 1.5111088 1.5997837 1.4270780 
yHAB159_Kazachstania_solicola               1.6881938 1.4447842 1.1297864 1.4905224 1.7018750 2.1507491 1.7182828 1.6025549 1.4019029 1.5335667 3.4955285 1.4555431 1.4000031 1.4704308 1.4207576 1.3946797 1.5098320 1.3876702 1.3940792 1.5747054 1.6010443 1.0368589 0.2719085 1.4216927 0.6771910 0.3508985 0.8638276 1.2286810 1.2078780 1.1238486 1.1129183 1.1419267 0.0000000 1.2431040 0.1054830 0.9881736 1.6682408 1.6473965 1.7445624 1.5545994 
yHAB160_Kazachstania_kunashirensis          1.6538943 1.4044517 1.5670329 1.7272305 1.6802927 2.0902343 1.6855194 1.6179618 1.4525857 1.3957405 4.0244488 1.3827223 1.3821123 1.3709960 1.4385603 1.4072935 1.3733354 1.3805032 1.4281015 1.5782225 1.6545644 1.1891375 1.1367122 0.7735984 0.9610419 1.1740559 1.1920542 1.2203683 0.9094662 1.4094600 0.7273820 0.9942168 1.2431040 0.0000000 1.2529525 1.2225748 1.6222946 1.7101144 1.8381549 1.5004885 
yHAB164_Kazachstania_aerobia                1.6965988 1.5008579 1.1557678 1.5330619 1.6506690 2.2441881 1.6911747 1.5585387 1.5116967 1.6095177 3.5337041 1.4423020 1.3900753 1.4480787 1.4239227 1.4096453 1.4671992 1.3671418 1.3902009 1.6934032 1.5788319 1.0311404 0.2835210 1.4053928 0.7107721 0.3700764 0.8565457 1.2115255 1.2074667 1.1187998 1.0822346 1.1799533 0.1054830 1.2529525 0.0000000 0.9984368 1.6835813 1.6038473 1.7635643 1.6022172 
yHAB166_Kazachstania_yakushimaensis         1.8182459 1.5841184 1.3164729 1.7255084 1.7794598 2.1807389 1.8708001 1.6876734 1.5133058 1.5255445 3.6406314 1.6482986 1.5676109 1.7616047 1.7152673 1.6186179 1.5908104 1.6423893 1.5929414 1.7552171 1.7589404 1.2322971 1.0120427 1.4214783 0.9926224 0.9678818 1.1589410 1.3549921 1.2880640 0.3557428 1.1853016 1.2064905 0.9881736 1.2225748 0.9984368 0.0000000 1.6763113 1.7150742 1.7662605 1.6506925 
yHMPu5000034875_Tetrapisispora_fleetii      1.6668348 2.0652505 1.9316015 2.0046091 1.8380752 2.2782921 1.9435426 1.7278982 1.7296469 1.5576324 3.6191888 1.5436188 1.5783873 1.6421382 1.6796505 1.5249467 1.5658737 1.6917299 1.4521912 0.4943230 1.2803939 1.6044148 1.6381505 1.7759310 1.7032338 1.7215799 1.7172522 1.7972215 1.7479205 1.6589679 1.5976744 1.6185370 1.6682408 1.6222946 1.6835813 1.6763113 0.0000000 0.7727298 0.2746511 1.6641270 
yHMPu5000034876_Tetrapisispora_iriomotensis 1.8117534 1.8862410 1.9573149 1.9609652 1.8618120 2.4002008 1.7226756 1.5886894 1.5681358 1.6627996 3.6339993 1.4302358 1.4058494 1.4539604 1.5054455 1.4461675 1.4228063 1.4359502 1.4710529 0.6865931 1.1657126 1.4400885 1.5294047 1.7684822 1.6077113 1.4860559 1.5719229 1.6662307 1.6682751 1.6419109 1.4207875 1.5111088 1.6473965 1.7101144 1.6038473 1.7150742 0.7727298 0.0000000 0.7637645 1.4980129 
yHMPu5000034877_Tetrapisispora_namnaonensis 1.7008193 1.9279045 2.1159506 2.1339030 1.9374380 2.3339010 1.8459739 1.7546058 1.6722049 1.6910082 3.4840102 1.6509752 1.6402672 1.6390823 1.6786231 1.5470753 1.5497831 1.7124778 1.5184422 0.5044787 1.3307756 1.6642486 1.8075720 1.8309576 1.7971351 1.7686727 1.9021715 1.8565988 1.8176420 1.7147630 1.6004489 1.5997837 1.7445624 1.8381549 1.7635643 1.7662605 0.2746511 0.7637645 0.0000000 1.7789191 
yHMPu5000035629_Yueomyces_sinensis          1.6391254 1.8106803 1.9748488 1.8826548 1.6829801 2.2996150 1.6476432 1.7566987 1.4292775 1.6341249 3.6147960 1.6637015 1.7835859 1.6581558 1.8770449 1.7491589 1.8471439 1.6734673 0.7410064 1.5433868 1.5504429 1.5217329 1.5834720 1.6521957 1.5429080 1.6127395 1.6152032 1.7586587 1.6211394 1.7698108 1.5179100 1.4270780 1.5545994 1.5004885 1.6022172 1.6506925 1.6641270 1.4980129 1.7789191 0.0000000 
