40
Candida_glabrata                            0.0000000 0.8316422 0.9568560 0.9993212 0.5635139 0.9522662 0.5682085 0.4939661 0.9458141 0.9783982 1.8391252 0.7868697 0.8013322 0.8216879 0.7641955 0.8123127 0.7831291 0.7760524 0.9142703 0.8631282 0.7569071 0.8748604 0.8533454 0.8647292 0.8180424 0.8504827 0.8007573 0.8812549 0.8832241 0.9132925 1.0448345 0.7638964 0.8297547 0.9220864 0.8318283 0.8784896 0.8538932 0.8427216 0.8132341 1.0681907 
Kazachstania_africana                       0.8316422 0.0000000 0.8542521 0.9367330 0.9246024 1.0278261 0.8732311 0.8923113 0.9701285 0.9991692 1.8301968 0.8302768 0.8277648 0.7979326 0.8304046 0.8543951 0.8559967 0.8323228 0.9888207 0.8751867 0.7412609 0.7280120 0.8082790 0.8708334 0.8329096 0.7482608 0.8431442 0.8877932 1.0496767 0.8457509 1.0161901 0.8669292 0.8631635 0.9751855 0.8283724 0.8588923 0.8936947 0.8349349 0.8830588 0.9691412 
Kazachstania_naganishii                     0.9568560 0.8542521 0.0000000 1.0715194 0.9128332 1.0688425 0.9126236 0.8937828 0.9718070 0.9358220 1.8709144 0.8222349 0.7993173 0.8151138 0.7865138 0.8147013 0.8198172 0.8440493 1.1079039 0.8987792 0.8974429 0.8713069 0.7661665 0.9380353 0.6547336 0.7620728 0.7426973 0.9580844 0.9906757 0.8743761 1.0141804 0.8461052 0.7377914 1.0711482 0.7271691 0.8334810 0.8982799 0.8766954 0.9256369 1.1280457 
Nakaseomyces_bacillisporus                  0.9993212 0.9367330 1.0715194 0.0000000 1.0415446 0.8875483 0.9743475 0.9908908 0.9748965 1.0301597 1.8796296 0.8661815 0.9004712 0.8605731 0.9039887 0.9388936 0.9151999 0.8731775 1.0384851 0.9051357 0.8682573 0.8971729 1.0602004 0.9853347 0.9565897 1.0270203 0.9464198 0.9827888 0.9530033 0.8710127 1.2076312 1.0855997 1.0843780 1.0571175 1.0548669 0.8521862 0.9348002 0.9917601 0.9831847 1.0022332 
Nakaseomyces_bracarensis                    0.5635139 0.9246024 0.9128332 1.0415446 0.0000000 1.0020013 0.3739578 0.3233186 1.0149891 0.9963765 1.7639135 0.7993585 0.7505519 0.8357434 0.8155183 0.7764244 0.7876846 0.8087221 1.1276371 0.8751387 0.8121118 0.8871125 0.9449998 0.9581373 0.8634470 0.8533057 0.8197953 0.9454058 0.9967306 1.0130779 1.1099082 0.8496992 0.9196751 0.9692879 0.9004011 0.9312214 0.8656686 0.8307608 0.8898806 1.0599984 
Nakaseomyces_castellii                      0.9522662 1.0278261 1.0688425 0.8875483 1.0020013 0.0000000 0.9647546 0.9307719 1.0100815 0.9816546 1.8387750 0.9216822 0.9074773 0.9110007 0.9786166 0.9017149 0.9156379 0.9345782 1.0627115 0.9911933 0.9101528 0.9848255 1.0119311 0.9954664 1.0570978 1.0523077 0.9214560 0.9770528 1.1042590 1.0005302 1.2256954 1.0865622 1.0186091 1.0617049 1.0705479 0.9828927 1.0168913 0.9373155 0.9888559 1.0389841 
Nakaseomyces_delphensis                     0.5682085 0.8732311 0.9126236 0.9743475 0.3739578 0.9647546 0.0000000 0.2971117 1.0893855 0.9902371 1.8523455 0.8697872 0.8540510 0.8400210 0.8272946 0.8531190 0.8680912 0.8240098 1.0692943 0.8610028 0.8206312 0.8182605 0.8780709 0.9097064 0.8069145 0.8933481 0.8447979 0.9953929 0.9781729 0.9513484 1.0906252 0.7936948 0.9045719 0.9576078 0.9040794 0.9276555 0.8815729 0.9303370 0.8475161 1.0095109 
Nakaseomyces_nivariensis                    0.4939661 0.8923113 0.8937828 0.9908908 0.3233186 0.9307719 0.2971117 0.0000000 0.9714668 0.9587499 1.7584342 0.7570511 0.7979116 0.7689196 0.7760253 0.8278918 0.8348019 0.7783970 1.0038860 0.7972558 0.7513299 0.7878899 0.8522463 0.9493089 0.8488140 0.8710897 0.8326216 0.8746675 0.9149033 0.9327303 1.0771355 0.8109612 0.8759997 0.9141351 0.8547532 0.9352015 0.8280055 0.8286937 0.8053917 1.0524360 
Naumovozyma_castellii                       0.9458141 0.9701285 0.9718070 0.9748965 1.0149891 1.0100815 1.0893855 0.9714668 0.0000000 0.7903097 1.9945231 0.8239798 0.7953754 0.8398529 0.8175787 0.8082063 0.8281884 0.8197207 0.9940991 0.9501249 0.8597055 0.9193864 0.8738298 0.9476969 0.7638331 0.8094139 0.8650999 1.0139282 0.9745733 0.9912388 1.1383722 0.9420050 0.8503355 1.0181747 0.8272727 0.9814869 0.8815071 0.8920773 0.9933647 1.1737052 
Naumovozyma_dairenensis                     0.9783982 0.9991692 0.9358220 1.0301597 0.9963765 0.9816546 0.9902371 0.9587499 0.7903097 0.0000000 2.0953422 0.8477431 0.8446176 0.8153790 0.8749293 0.8384056 0.8375088 0.8449619 1.0203465 0.9219668 0.8906438 0.9044756 0.7955815 0.9777694 0.8506866 0.7352784 0.8666584 1.0540351 0.9953914 0.9325937 1.1085473 0.8669927 0.8743954 0.9346095 0.8379940 0.8561638 0.9251891 0.9393544 0.8891355 1.1270167 
Neurospora_crassa                           1.8391252 1.8301968 1.8709144 1.8796296 1.7639135 1.8387750 1.8523455 1.7584342 1.9945231 2.0953422 0.0000000 1.8619559 1.7554588 1.8944910 1.7728262 1.7564845 1.6704124 1.8399870 2.1385002 1.8428003 1.6086195 1.7113706 2.1254076 1.7031988 1.9599803 1.9077562 1.7973804 1.6367561 1.5907830 2.0341670 1.7407646 1.9358974 2.0415177 1.8913152 2.1804181 1.9882669 1.8740044 1.8877899 1.8332737 2.1740485 
Saccharomyces_arboricola                    0.7868697 0.8302768 0.8222349 0.8661815 0.7993585 0.9216822 0.8697872 0.7570511 0.8239798 0.8477431 1.8619559 0.0000000 0.2326140 0.2309950 0.1991074 0.2492509 0.2301105 0.2031538 0.9262554 0.7831928 0.7357643 0.7541157 0.8165112 0.8777454 0.7313692 0.8103560 0.7102754 0.8915414 0.8675147 0.8405968 1.0554244 0.8183859 0.8053383 0.9016615 0.7876145 0.8034097 0.8159157 0.8396529 0.8734396 0.8830664 
Saccharomyces_cerevisiae                    0.8013322 0.8277648 0.7993173 0.9004712 0.7505519 0.9074773 0.8540510 0.7979116 0.7953754 0.8446176 1.7554588 0.2326140 0.0000000 0.2697012 0.2085166 0.1750440 0.1097596 0.2462295 1.0005302 0.8127689 0.7511981 0.7674456 0.8111967 0.8710713 0.7250301 0.8371899 0.7119427 0.8220672 0.8291697 0.8395899 1.0177368 0.8107857 0.7862636 0.8886108 0.7928353 0.8107284 0.8605306 0.8985706 0.8597640 0.8978960 
Saccharomyces_eubayanus                     0.8216879 0.7979326 0.8151138 0.8605731 0.8357434 0.9110007 0.8400210 0.7689196 0.8398529 0.8153790 1.8944910 0.2309950 0.2697012 0.0000000 0.2380876 0.3016945 0.2736271 0.0733951 0.8929325 0.7805837 0.7425842 0.7570808 0.7593395 0.8760308 0.7078997 0.8152109 0.7421824 0.9001348 0.9241722 0.8797169 0.9773194 0.7480225 0.7721696 0.8346864 0.7728338 0.8626014 0.8099490 0.8315905 0.8370337 0.9157493 
Saccharomyces_kudriavzevii                  0.7641955 0.8304046 0.7865138 0.9039887 0.8155183 0.9786166 0.8272946 0.7760253 0.8175787 0.8749293 1.7728262 0.1991074 0.2085166 0.2380876 0.0000000 0.2312073 0.2153165 0.1878125 0.9579785 0.8453799 0.7527077 0.7789620 0.8034416 0.8883609 0.7163160 0.8356898 0.7159704 0.8767215 0.8812061 0.8532132 1.0579609 0.8098764 0.8031132 0.9095419 0.8028775 0.8272516 0.8500966 0.8138762 0.8699001 0.8857811 
Saccharomyces_mikatae                       0.8123127 0.8543951 0.8147013 0.9388936 0.7764244 0.9017149 0.8531190 0.8278918 0.8082063 0.8384056 1.7564845 0.2492509 0.1750440 0.3016945 0.2312073 0.0000000 0.1792142 0.2670870 0.9441270 0.8309721 0.7765095 0.7210954 0.8126291 0.8597800 0.7384444 0.8298957 0.6984000 0.8852990 0.8505422 0.8442764 1.0312244 0.8008042 0.8200382 0.9130828 0.8015004 0.8165175 0.8320684 0.8333095 0.8973303 0.9429346 
Saccharomyces_paradoxus                     0.7831291 0.8559967 0.8198172 0.9151999 0.7876846 0.9156379 0.8680912 0.8348019 0.8281884 0.8375088 1.6704124 0.2301105 0.1097596 0.2736271 0.2153165 0.1792142 0.0000000 0.2587193 1.0161601 0.8124387 0.7340913 0.8028875 0.8103517 0.8603221 0.7356785 0.8625346 0.7443424 0.8892424 0.8651841 0.8718127 1.0414866 0.8358492 0.8225432 0.9469743 0.8106733 0.8241003 0.8626502 0.9103890 0.8697316 0.9030926 
Saccharomyces_uvarum                        0.7760524 0.8323228 0.8440493 0.8731775 0.8087221 0.9345782 0.8240098 0.7783970 0.8197207 0.8449619 1.8399870 0.2031538 0.2462295 0.0733951 0.1878125 0.2670870 0.2587193 0.0000000 0.8814105 0.7963599 0.7564566 0.7371868 0.7708011 0.8818219 0.6793608 0.8209791 0.7370387 0.8806872 0.8819501 0.8660061 0.9778847 0.7955388 0.7570091 0.8346086 0.7715902 0.7937383 0.8279045 0.8022820 0.8386878 0.8780846 
Tetrapisispora_blattae                      0.9142703 0.9888207 1.1079039 1.0384851 1.1276371 1.0627115 1.0692943 1.0038860 0.9940991 1.0203465 2.1385002 0.9262554 1.0005302 0.8929325 0.9579785 0.9441270 1.0161601 0.8814105 0.0000000 0.9163150 0.8964827 0.9272143 0.8366697 0.8958953 0.8845871 0.8092487 1.0114070 1.0803425 0.9941001 0.9235317 1.0927067 0.9903456 0.9009262 0.9643712 0.8960341 0.8224175 0.9174248 0.9996497 0.9457772 0.8105859 
Tetrapisispora_phaffii                      0.8631282 0.8751867 0.8987792 0.9051357 0.8751387 0.9911933 0.8610028 0.7972558 0.9501249 0.9219668 1.8428003 0.7831928 0.8127689 0.7805837 0.8453799 0.8309721 0.8124387 0.7963599 0.9163150 0.0000000 0.7160869 0.8741177 0.8293519 0.9323857 0.8189322 0.8031057 0.9706338 0.9567282 0.9983298 0.9400418 1.1166750 0.8485606 0.9168633 0.8973643 0.8952238 0.9037368 0.2946855 0.4308609 0.3443151 0.9408138 
Vanderwaltozyma_polyspora                   0.7569071 0.7412609 0.8974429 0.8682573 0.8121118 0.9101528 0.8206312 0.7513299 0.8597055 0.8906438 1.6086195 0.7357643 0.7511981 0.7425842 0.7527077 0.7765095 0.7340913 0.7564566 0.8964827 0.7160869 0.0000000 0.7341842 0.8068765 0.8455558 0.6894218 0.7409139 0.7601367 0.9180616 0.9278601 0.7780176 1.0395844 0.7323697 0.8084685 0.9050802 0.8105586 0.7386942 0.7549140 0.7086432 0.6929076 0.9011148 
yHAB132_Kazachstania_martiniae              0.8748604 0.7280120 0.8713069 0.8971729 0.8871125 0.9848255 0.8182605 0.7878899 0.9193864 0.9044756 1.7113706 0.7541157 0.7674456 0.7570808 0.7789620 0.7210954 0.8028875 0.7371868 0.9272143 0.8741177 0.7341842 0.0000000 0.6967160 0.7524535 0.6007211 0.7099959 0.6937232 0.8531559 0.8850433 0.7540648 0.9962282 0.7304665 0.7725531 0.8448722 0.7487347 0.7466977 0.8228942 0.7929401 0.8592628 0.9239479 
yHAB133_Kazachstania_unispora               0.8533454 0.8082790 0.7661665 1.0602004 0.9449998 1.0119311 0.8780709 0.8522463 0.8738298 0.7955815 2.1254076 0.8165112 0.8111967 0.7593395 0.8034416 0.8126291 0.8103517 0.7708011 0.8366697 0.8293519 0.8068765 0.6967160 0.0000000 0.8205384 0.5162697 0.2581848 0.5837279 0.9271849 0.9886751 0.5776621 1.0301833 0.7685531 0.1984116 0.9152180 0.1902913 0.5652676 0.8464006 0.8781375 0.9022116 0.9582947 
yHAB134_Kazachstania_turicensis             0.8647292 0.8708334 0.9380353 0.9853347 0.9581373 0.9954664 0.9097064 0.9493089 0.9476969 0.9777694 1.7031988 0.8777454 0.8710713 0.8760308 0.8883609 0.8597800 0.8603221 0.8818219 0.8958953 0.9323857 0.8455558 0.7524535 0.8205384 0.0000000 0.8104425 0.7779957 0.8570927 0.9607984 0.7604971 0.9164284 0.9520442 0.7869175 0.8269757 0.4894712 0.8175575 0.8513928 0.8956579 0.9993444 0.9082855 0.9581686 
yHAB136_Kazachstania_bromeliacearum         0.8180424 0.8329096 0.6547336 0.9565897 0.8634470 1.0570978 0.8069145 0.8488140 0.7638331 0.8506866 1.9599803 0.7313692 0.7250301 0.7078997 0.7163160 0.7384444 0.7356785 0.6793608 0.8845871 0.8189322 0.6894218 0.6007211 0.5162697 0.8104425 0.0000000 0.5193748 0.5497535 0.8105752 0.9446540 0.7548306 0.9136844 0.7321752 0.5531740 0.7694811 0.5212794 0.6843383 0.8223054 0.8579695 0.9149866 0.9286936 
yHAB143_Kazachstania_siamensis              0.8504827 0.7482608 0.7620728 1.0270203 0.8533057 1.0523077 0.8933481 0.8710897 0.8094139 0.7352784 1.9077562 0.8103560 0.8371899 0.8152109 0.8356898 0.8298957 0.8625346 0.8209791 0.8092487 0.8031057 0.7409139 0.7099959 0.2581848 0.7779957 0.5193748 0.0000000 0.5953659 0.8938267 0.9399981 0.5628722 0.9738889 0.7547197 0.3126732 0.8368127 0.3196908 0.5789152 0.8059748 0.7740671 0.8581080 0.9106720 
yHAB147_Kazachstania_taianensis             0.8007573 0.8431442 0.7426973 0.9464198 0.8197953 0.9214560 0.8447979 0.8326216 0.8650999 0.8666584 1.7973804 0.7102754 0.7119427 0.7421824 0.7159704 0.6984000 0.7443424 0.7370387 1.0114070 0.9706338 0.7601367 0.6937232 0.5837279 0.8570927 0.5497535 0.5953659 0.0000000 0.8190403 0.8846699 0.6571976 0.9829667 0.7576886 0.6237076 0.8416723 0.5821912 0.6801894 0.8918978 0.9686788 0.9576736 1.0175146 
yHAB148_Kazachstania_intestinalis           0.8812549 0.8877932 0.9580844 0.9827888 0.9454058 0.9770528 0.9953929 0.8746675 1.0139282 1.0540351 1.6367561 0.8915414 0.8220672 0.9001348 0.8767215 0.8852990 0.8892424 0.8806872 1.0803425 0.9567282 0.9180616 0.8531559 0.9271849 0.9607984 0.8105752 0.8938267 0.8190403 0.0000000 0.9395233 0.9841810 1.0247616 0.9181968 0.8883868 1.0038121 0.9076098 0.9024707 0.8965575 0.9532987 0.9931100 1.0745723 
yHAB153_Kazachstania_rosinii                0.8832241 1.0496767 0.9906757 0.9530033 0.9967306 1.1042590 0.9781729 0.9149033 0.9745733 0.9953914 1.5907830 0.8675147 0.8291697 0.9241722 0.8812061 0.8505422 0.8651841 0.8819501 0.9941001 0.9983298 0.9278601 0.8850433 0.9886751 0.7604971 0.9446540 0.9399981 0.8846699 0.9395233 0.0000000 1.0054393 0.8789496 1.0483974 0.9765932 0.8125006 0.9869637 0.8939478 0.9702054 0.9920974 0.9098931 1.0023937 
yHAB154_Kazachstania_transvaalensis         0.9132925 0.8457509 0.8743761 0.8710127 1.0130779 1.0005302 0.9513484 0.9327303 0.9912388 0.9325937 2.0341670 0.8405968 0.8395899 0.8797169 0.8532132 0.8442764 0.8718127 0.8660061 0.9235317 0.9400418 0.7780176 0.7540648 0.5776621 0.9164284 0.7548306 0.5628722 0.6571976 0.9841810 1.0054393 0.0000000 1.1238036 0.8615237 0.6543572 0.8775518 0.6670261 0.2647332 0.8900927 0.9399038 0.9656988 0.9801169 
yHAB155_Kazachstania_spencerorum            1.0448345 1.0161901 1.0141804 1.2076312 1.1099082 1.2256954 1.0906252 1.0771355 1.1383722 1.1085473 1.7407646 1.0554244 1.0177368 0.9773194 1.0579609 1.0312244 1.0414866 0.9778847 1.0927067 1.1166750 1.0395844 0.9962282 1.0301833 0.9520442 0.9136844 0.9738889 0.9829667 1.0247616 0.8789496 1.1238036 0.0000000 1.0809245 1.0513588 0.9339001 1.0204945 1.0729901 1.0391727 1.1317784 1.0822901 1.1503141 
yHAB158_Kazachstania_viticola               0.7638964 0.8669292 0.8461052 1.0855997 0.8496992 1.0865622 0.7936948 0.8109612 0.9420050 0.8669927 1.9358974 0.8183859 0.8107857 0.7480225 0.8098764 0.8008042 0.8358492 0.7955388 0.9903456 0.8485606 0.7323697 0.7304665 0.7685531 0.7869175 0.7321752 0.7547197 0.7576886 0.9181968 1.0483974 0.8615237 1.0809245 0.0000000 0.7738659 0.8275406 0.7691599 0.8366438 0.8559116 0.8222396 0.8823986 1.0164631 
yHAB159_Kazachstania_solicola               0.8297547 0.8631635 0.7377914 1.0843780 0.9196751 1.0186091 0.9045719 0.8759997 0.8503355 0.8743954 2.0415177 0.8053383 0.7862636 0.7721696 0.8031132 0.8200382 0.8225432 0.7570091 0.9009262 0.9168633 0.8084685 0.7725531 0.1984116 0.8269757 0.5531740 0.3126732 0.6237076 0.8883868 0.9765932 0.6543572 1.0513588 0.7738659 0.0000000 0.8774445 0.0866566 0.6537783 0.9072045 0.9367715 0.9295651 0.9564748 
yHAB160_Kazachstania_kunashirensis          0.9220864 0.9751855 1.0711482 1.0571175 0.9692879 1.0617049 0.9576078 0.9141351 1.0181747 0.9346095 1.8913152 0.9016615 0.8886108 0.8346864 0.9095419 0.9130828 0.9469743 0.8346086 0.9643712 0.8973643 0.9050802 0.8448722 0.9152180 0.4894712 0.7694811 0.8368127 0.8416723 1.0038121 0.8125006 0.8775518 0.9339001 0.8275406 0.8774445 0.0000000 0.8137297 0.7660352 0.8546650 0.9227079 0.9158601 0.9699712 
yHAB164_Kazachstania_aerobia                0.8318283 0.8283724 0.7271691 1.0548669 0.9004011 1.0705479 0.9040794 0.8547532 0.8272727 0.8379940 2.1804181 0.7876145 0.7928353 0.7728338 0.8028775 0.8015004 0.8106733 0.7715902 0.8960341 0.8952238 0.8105586 0.7487347 0.1902913 0.8175575 0.5212794 0.3196908 0.5821912 0.9076098 0.9869637 0.6670261 1.0204945 0.7691599 0.0866566 0.8137297 0.0000000 0.6460028 0.8887228 0.9022330 0.9173936 0.9215628 
yHAB166_Kazachstania_yakushimaensis         0.8784896 0.8588923 0.8334810 0.8521862 0.9312214 0.9828927 0.9276555 0.9352015 0.9814869 0.8561638 1.9882669 0.8034097 0.8107284 0.8626014 0.8272516 0.8165175 0.8241003 0.7937383 0.8224175 0.9037368 0.7386942 0.7466977 0.5652676 0.8513928 0.6843383 0.5789152 0.6801894 0.9024707 0.8939478 0.2647332 1.0729901 0.8366438 0.6537783 0.7660352 0.6460028 0.0000000 0.8566262 0.8835947 0.8854442 0.8562039 
yHMPu5000034875_Tetrapisispora_fleetii      0.8538932 0.8936947 0.8982799 0.9348002 0.8656686 1.0168913 0.8815729 0.8280055 0.8815071 0.9251891 1.8740044 0.8159157 0.8605306 0.8099490 0.8500966 0.8320684 0.8626502 0.8279045 0.9174248 0.2946855 0.7549140 0.8228942 0.8464006 0.8956579 0.8223054 0.8059748 0.8918978 0.8965575 0.9702054 0.8900927 1.0391727 0.8559116 0.9072045 0.8546650 0.8887228 0.8566262 0.0000000 0.4583936 0.2079668 0.9387558 
yHMPu5000034876_Tetrapisispora_iriomotensis 0.8427216 0.8349349 0.8766954 0.9917601 0.8307608 0.9373155 0.9303370 0.8286937 0.8920773 0.9393544 1.8877899 0.8396529 0.8985706 0.8315905 0.8138762 0.8333095 0.9103890 0.8022820 0.9996497 0.4308609 0.7086432 0.7929401 0.8781375 0.9993444 0.8579695 0.7740671 0.9686788 0.9532987 0.9920974 0.9399038 1.1317784 0.8222396 0.9367715 0.9227079 0.9022330 0.8835947 0.4583936 0.0000000 0.4377865 0.8904480 
yHMPu5000034877_Tetrapisispora_namnaonensis 0.8132341 0.8830588 0.9256369 0.9831847 0.8898806 0.9888559 0.8475161 0.8053917 0.9933647 0.8891355 1.8332737 0.8734396 0.8597640 0.8370337 0.8699001 0.8973303 0.8697316 0.8386878 0.9457772 0.3443151 0.6929076 0.8592628 0.9022116 0.9082855 0.9149866 0.8581080 0.9576736 0.9931100 0.9098931 0.9656988 1.0822901 0.8823986 0.9295651 0.9158601 0.9173936 0.8854442 0.2079668 0.4377865 0.0000000 0.9806561 
yHMPu5000035629_Yueomyces_sinensis          1.0681907 0.9691412 1.1280457 1.0022332 1.0599984 1.0389841 1.0095109 1.0524360 1.1737052 1.1270167 2.1740485 0.8830664 0.8978960 0.9157493 0.8857811 0.9429346 0.9030926 0.8780846 0.8105859 0.9408138 0.9011148 0.9239479 0.9582947 0.9581686 0.9286936 0.9106720 1.0175146 1.0745723 1.0023937 0.9801169 1.1503141 1.0164631 0.9564748 0.9699712 0.9215628 0.8562039 0.9387558 0.8904480 0.9806561 0.0000000 
