40
Candida_glabrata                            0.0000000 1.5856944 1.3532437 1.5637004 0.5927261 1.7511651 0.6264862 0.5874384 1.5329875 1.5983352 6.9854827 1.2433125 1.2537590 1.2685231 1.1814446 1.3156623 1.2797688 1.2311740 1.4067221 1.6591922 1.5423111 1.6260430 1.8255550 1.5765380 1.5517183 1.7308468 1.3821352 2.0863975 1.3709301 1.8897606 1.6691955 2.1319526 1.6542999 1.6677781 1.6278660 1.9412378 1.5935283 1.5371202 1.6152059 1.7899437 
Kazachstania_africana                       1.5856944 0.0000000 1.2625209 1.5073422 1.6527613 1.9132311 1.7560733 1.5607564 1.1765693 1.1636283 8.9999986 1.3090846 1.2902108 1.3997240 1.2896866 1.2571131 1.2950216 1.3526755 1.3579120 1.4053373 1.2346260 0.9527476 0.9898760 0.8741381 1.0424661 0.9905595 1.0363771 1.3808469 1.0735452 1.2615446 0.9043545 1.9567792 1.0741648 0.8600341 0.9535876 1.3664413 1.3786528 1.3926228 1.4808323 1.2969233 
Kazachstania_naganishii                     1.3532437 1.2625209 0.0000000 1.6568424 1.4215684 1.7017464 1.4245768 1.4438229 1.2239857 1.5424451 7.6234946 1.2281125 1.1212234 1.0527098 1.0774551 1.1192583 1.1269049 1.0219571 1.3979687 1.6112390 1.3937289 1.2638583 1.2594086 1.2640086 1.0932884 1.2611831 0.8268952 1.2271495 0.8081916 1.8568426 1.4080072 2.1328278 1.1614480 1.3309269 1.2069370 1.8623121 1.6455293 1.5692883 1.6707704 2.0768749 
Nakaseomyces_bacillisporus                  1.5637004 1.5073422 1.6568424 0.0000000 1.4511022 1.5008234 1.6763847 1.5314189 1.3514086 1.3559423 8.9999988 1.3481782 1.3695920 1.4154898 1.3590770 1.3234516 1.3728796 1.4257087 1.6562692 1.4198042 1.3115566 1.4697505 1.4109349 1.4749985 1.4692200 1.4256278 1.4133055 2.0406501 1.4797085 1.7232905 1.5592696 2.1746925 1.4443342 1.4781481 1.3485218 1.7513084 1.5003451 1.4911779 1.4954416 1.5554705 
Nakaseomyces_bracarensis                    0.5927261 1.6527613 1.4215684 1.4511022 0.0000000 1.7439979 0.4499925 0.3976585 1.5019292 1.6235722 7.7333715 1.2068138 1.3251611 1.3044400 1.2147769 1.2820439 1.2996649 1.2734192 1.5586333 1.5248013 1.5598652 1.5379376 1.7691198 1.6075022 1.4436659 1.7606104 1.5208359 2.0286665 1.3986774 1.9430457 1.6772307 2.1038202 1.7284373 1.7684990 1.7187438 2.0316543 1.7276570 1.5224749 1.6729039 1.8692050 
Nakaseomyces_castellii                      1.7511651 1.9132311 1.7017464 1.5008234 1.7439979 0.0000000 1.6949777 1.8113007 1.8748392 1.8859271 7.4961468 1.6149602 1.6217072 1.6452524 1.6360633 1.6428484 1.6108785 1.6789078 1.8198872 1.7246550 1.7177460 1.8417410 1.8524866 1.7202050 1.8038948 1.7891857 1.7967956 1.9877997 1.5502211 2.1542389 1.9107012 2.7567380 1.7256005 1.7937598 1.6130802 2.2765053 1.7390057 1.7505190 1.7319834 2.0083760 
Nakaseomyces_delphensis                     0.6264862 1.7560733 1.4245768 1.6763847 0.4499925 1.6949777 0.0000000 0.4735569 1.5831162 1.8322849 6.2730460 1.2641510 1.2786361 1.1463630 1.2017818 1.3628358 1.3265994 1.1155549 1.5587872 1.6770233 1.6883573 1.8171064 2.0381687 1.9628350 1.6392696 2.0537767 1.5402078 1.9326528 1.4084591 2.1973529 1.9929429 2.2448370 1.8506670 1.9923425 1.8913618 2.2428865 1.8170482 1.6855116 1.7780444 2.1092305 
Nakaseomyces_nivariensis                    0.5874384 1.5607564 1.4438229 1.5314189 0.3976585 1.8113007 0.4735569 0.0000000 1.4714188 1.5086467 7.2516741 1.2145988 1.3342592 1.2889419 1.2122559 1.3302782 1.3158908 1.2596653 1.5943229 1.4999104 1.5599681 1.5660497 1.7012344 1.5904318 1.4535229 1.7793431 1.4580868 2.0512532 1.3242245 1.8608485 1.6440579 2.2413189 1.7155736 1.6581626 1.6520273 1.9474398 1.6287003 1.5098460 1.5909187 1.8335291 
Naumovozyma_castellii                       1.5329875 1.1765693 1.2239857 1.3514086 1.5019292 1.8748392 1.5831162 1.4714188 0.0000000 0.8113118 8.9999987 1.1505550 1.1554778 1.2417452 1.1563657 1.1496537 1.1843470 1.2272344 1.1708064 1.3087766 1.1622623 1.1302002 1.0830619 1.1328305 0.9469412 1.1574038 1.1694987 1.5419611 1.2647827 1.3259197 1.2657363 2.1570636 1.1178173 1.1161601 1.0672852 1.3980015 1.3230511 1.2547855 1.3561997 1.3716090 
Naumovozyma_dairenensis                     1.5983352 1.1636283 1.5424451 1.3559423 1.6235722 1.8859271 1.8322849 1.5086467 0.8113118 0.0000000 8.9999989 1.2996174 1.2575396 1.4061794 1.3054364 1.1778552 1.2431525 1.3815526 1.3526712 1.2218822 1.2250021 1.0876799 1.0255775 1.0048755 1.1836454 0.9886002 1.3187940 1.6914011 1.3444115 1.2526629 1.0965351 1.7963334 1.1771621 0.9603925 1.0303976 1.3281694 1.1925072 1.1241226 1.2019486 1.1742717 
Neurospora_crassa                           6.9854827 8.9999986 7.6234946 8.9999988 7.7333715 7.4961468 6.2730460 7.2516741 8.9999987 8.9999989 0.0000000 7.3588374 7.2901325 6.1982208 7.2487252 7.1602853 7.2894684 6.1750332 8.3871831 8.2866902 8.2705871 8.9999988 8.9999989 8.9999989 8.9999981 8.9999986 7.7068349 7.0305161 7.5861519 8.9999988 8.9999985 8.9999981 8.9999984 8.9999981 8.9999986 8.9999989 8.9999980 8.9999985 8.9999990 8.9999983 
Saccharomyces_arboricola                    1.2433125 1.3090846 1.2281125 1.3481782 1.2068138 1.6149602 1.2641510 1.2145988 1.1505550 1.2996174 7.3588374 0.0000000 0.1853540 0.2557269 0.1491351 0.2147240 0.1827864 0.2351868 1.3629011 1.2290232 1.1982612 1.3022216 1.2341057 1.2703238 1.1586209 1.2173060 1.2291534 1.4889939 0.9639750 1.6975292 1.4474433 1.9746563 1.1792290 1.2795072 1.1693242 1.8586992 1.2863868 1.3130900 1.2985445 1.7408842 
Saccharomyces_cerevisiae                    1.2537590 1.2902108 1.1212234 1.3695920 1.3251611 1.6217072 1.2786361 1.3342592 1.1554778 1.2575396 7.2901325 0.1853540 0.0000000 0.2477435 0.1445748 0.1503314 0.0741674 0.2484101 1.3567643 1.2133115 1.1967518 1.3086140 1.2761499 1.2443735 1.1363445 1.2055107 1.1774990 1.5135630 1.0436597 1.6508706 1.4396868 1.7917030 1.1909269 1.2443949 1.1698920 1.8317455 1.2177035 1.1873120 1.2362987 1.7028457 
Saccharomyces_eubayanus                     1.2685231 1.3997240 1.0527098 1.4154898 1.3044400 1.6452524 1.1463630 1.2889419 1.2417452 1.4061794 6.1982208 0.2557269 0.2477435 0.0000000 0.2225348 0.2911101 0.2721316 0.0654670 1.4168297 1.4202252 1.3012619 1.3837329 1.4369447 1.4080543 1.2868756 1.3998826 1.2018023 1.4675524 0.9785866 1.7665834 1.6172737 2.0294437 1.3348570 1.3656201 1.3541750 1.9929834 1.4809745 1.4145071 1.5093355 1.9066494 
Saccharomyces_kudriavzevii                  1.1814446 1.2896866 1.0774551 1.3590770 1.2147769 1.6360633 1.2017818 1.2122559 1.1563657 1.3054364 7.2487252 0.1491351 0.1445748 0.2225348 0.0000000 0.1918770 0.1503033 0.2197730 1.3273928 1.2558670 1.2236682 1.3115268 1.3008618 1.3038363 1.2054689 1.2524061 1.2330420 1.4680429 0.9682353 1.6707577 1.4521416 1.8783269 1.1603157 1.2868757 1.1794366 1.8248369 1.3304887 1.3380517 1.3201543 1.7444518 
Saccharomyces_mikatae                       1.3156623 1.2571131 1.1192583 1.3234516 1.2820439 1.6428484 1.3628358 1.3302782 1.1496537 1.1778552 7.1602853 0.2147240 0.1503314 0.2911101 0.1918770 0.0000000 0.1352682 0.2799940 1.3583146 1.2081868 1.1589479 1.2777871 1.1982500 1.2152405 1.1699687 1.1730751 1.1450796 1.4668228 1.0412661 1.5429915 1.3280420 1.8099234 1.1786696 1.1926039 1.1032126 1.6994534 1.2442616 1.1536383 1.2371617 1.6680481 
Saccharomyces_paradoxus                     1.2797688 1.2950216 1.1269049 1.3728796 1.2996649 1.6108785 1.3265994 1.3158908 1.1843470 1.2431525 7.2894684 0.1827864 0.0741674 0.2721316 0.1503033 0.1352682 0.0000000 0.2606473 1.3163583 1.2096406 1.2000818 1.2947309 1.2618876 1.2333709 1.1539254 1.2410839 1.1579335 1.5399519 1.0155460 1.6473986 1.4402893 1.8020160 1.1878047 1.2419673 1.1731237 1.8304468 1.2618985 1.1964423 1.2537166 1.7109224 
Saccharomyces_uvarum                        1.2311740 1.3526755 1.0219571 1.4257087 1.2734192 1.6789078 1.1155549 1.2596653 1.2272344 1.3815526 6.1750332 0.2351868 0.2484101 0.0654670 0.2197730 0.2799940 0.2606473 0.0000000 1.4413663 1.3733830 1.2898610 1.3879848 1.4319694 1.4320144 1.2789457 1.3944091 1.1947225 1.4865648 0.9233582 1.7276049 1.5937662 2.0216505 1.3292401 1.3679785 1.3791192 1.9508367 1.4750422 1.4481041 1.4830400 1.9263951 
Tetrapisispora_blattae                      1.4067221 1.3579120 1.3979687 1.6562692 1.5586333 1.8198872 1.5587872 1.5943229 1.1708064 1.3526712 8.3871831 1.3629011 1.3567643 1.4168297 1.3273928 1.3583146 1.3163583 1.4413663 0.0000000 1.2918183 1.2445218 1.3202172 1.2589232 1.2913451 1.2441644 1.2661957 1.2828307 1.5045169 1.2478709 1.6066300 1.3456634 2.2569596 1.1963585 1.2796538 1.1417112 1.7720148 1.4056646 1.2224791 1.3838771 1.1820338 
Tetrapisispora_phaffii                      1.6591922 1.4053373 1.6112390 1.4198042 1.5248013 1.7246550 1.6770233 1.4999104 1.3087766 1.2218822 8.2866902 1.2290232 1.2133115 1.4202252 1.2558670 1.2081868 1.2096406 1.3733830 1.2918183 0.0000000 0.8404264 1.3482012 1.1479980 1.2327636 1.3701763 1.2098463 1.3361790 1.7525221 1.3809745 1.6480469 1.3134301 2.2569597 1.2113964 1.2519251 1.0879875 1.7599447 0.3567992 0.5138063 0.3257741 1.4834822 
Vanderwaltozyma_polyspora                   1.5423111 1.2346260 1.3937289 1.3115566 1.5598652 1.7177460 1.6883573 1.5599681 1.1622623 1.2250021 8.2705871 1.1982612 1.1967518 1.3012619 1.2236682 1.1589479 1.2000818 1.2898610 1.2445218 0.8404264 0.0000000 1.1211452 0.8903138 1.0675267 1.1747341 0.9706760 1.1755287 1.5499822 1.3553214 1.4493060 1.1452998 2.0953184 0.9767417 1.0502212 0.8060966 1.5134716 0.8387228 0.7644787 0.8261880 1.1489141 
yHAB132_Kazachstania_martiniae              1.6260430 0.9527476 1.2638583 1.4697505 1.5379376 1.8417410 1.8171064 1.5660497 1.1302002 1.0876799 8.9999988 1.3022216 1.3086140 1.3837329 1.3115268 1.2777871 1.2947309 1.3879848 1.3202172 1.3482012 1.1211452 0.0000000 0.7675377 0.8565255 0.9129145 0.7805199 0.9749686 1.2814352 1.0360805 1.2094732 0.8522472 1.8412882 0.8438848 0.8279695 0.7478992 1.2962095 1.3853084 1.2385491 1.4042816 1.3210808 
yHAB133_Kazachstania_unispora               1.8255550 0.9898760 1.2594086 1.4109349 1.7691198 1.8524866 2.0381687 1.7012344 1.0830619 1.0255775 8.9999989 1.2341057 1.2761499 1.4369447 1.3008618 1.1982500 1.2618876 1.4319694 1.2589232 1.1479980 0.8903138 0.7675377 0.0000000 0.7461975 0.8129787 0.2519742 0.8490960 1.2732111 1.1424202 1.1017061 0.6668398 1.8601749 0.3500591 0.6299202 0.2209659 1.1440716 1.1413068 1.0257841 1.1149083 1.1556370 
yHAB134_Kazachstania_turicensis             1.5765380 0.8741381 1.2640086 1.4749985 1.6075022 1.7202050 1.9628350 1.5904318 1.1328305 1.0048755 8.9999989 1.2703238 1.2443735 1.4080543 1.3038363 1.2152405 1.2333709 1.4320144 1.2913451 1.2327636 1.0675267 0.8565255 0.7461975 0.0000000 0.9024047 0.6898890 0.9422591 1.2709919 0.8977925 1.2674014 0.6347804 1.7750132 0.8348018 0.3314556 0.6930193 1.3510126 1.3017810 1.1300727 1.2464848 1.2477128 
yHAB136_Kazachstania_bromeliacearum         1.5517183 1.0424661 1.0932884 1.4692200 1.4436659 1.8038948 1.6392696 1.4535229 0.9469412 1.1836454 8.9999981 1.1586209 1.1363445 1.2868756 1.2054689 1.1699687 1.1539254 1.2789457 1.2441644 1.3701763 1.1747341 0.9129145 0.8129787 0.9024047 0.0000000 0.8366319 0.8799555 1.1822272 1.0149322 1.2538474 1.0106759 1.8877040 0.8288070 0.8847629 0.8197820 1.3473805 1.3991356 1.2943759 1.4833884 1.4023916 
yHAB143_Kazachstania_siamensis              1.7308468 0.9905595 1.2611831 1.4256278 1.7606104 1.7891857 2.0537767 1.7793431 1.1574038 0.9886002 8.9999986 1.2173060 1.2055107 1.3998826 1.2524061 1.1730751 1.2410839 1.3944091 1.2661957 1.2098463 0.9706760 0.7805199 0.2519742 0.6898890 0.8366319 0.0000000 0.8082908 1.3448183 1.2064708 1.1026362 0.6565433 1.9161948 0.4303055 0.6915523 0.2660706 1.1545072 1.1492748 1.0751131 1.1492004 1.1555940 
yHAB147_Kazachstania_taianensis             1.3821352 1.0363771 0.8268952 1.4133055 1.5208359 1.7967956 1.5402078 1.4580868 1.1694987 1.3187940 7.7068349 1.2291534 1.1774990 1.2018023 1.2330420 1.1450796 1.1579335 1.1947225 1.2828307 1.3361790 1.1755287 0.9749686 0.8490960 0.9422591 0.8799555 0.8082908 0.0000000 1.2006015 0.8550960 1.4701135 0.9853141 1.6955826 0.8194437 0.8706659 0.7982770 1.3703139 1.3196670 1.3096243 1.3208065 1.7307551 
yHAB148_Kazachstania_intestinalis           2.0863975 1.3808469 1.2271495 2.0406501 2.0286665 1.9877997 1.9326528 2.0512532 1.5419611 1.6914011 7.0305161 1.4889939 1.5135630 1.4675524 1.4680429 1.4668228 1.5399519 1.4865648 1.5045169 1.7525221 1.5499822 1.2814352 1.2732111 1.2709919 1.1822272 1.3448183 1.2006015 0.0000000 1.2354915 1.7948677 1.4840422 2.7128732 1.2529052 1.2171505 1.1907592 1.9090227 1.8536084 1.8209619 1.7781211 1.9975698 
yHAB153_Kazachstania_rosinii                1.3709301 1.0735452 0.8081916 1.4797085 1.3986774 1.5502211 1.4084591 1.3242245 1.2647827 1.3444115 7.5861519 0.9639750 1.0436597 0.9785866 0.9682353 1.0412661 1.0155460 0.9233582 1.2478709 1.3809745 1.3553214 1.0360805 1.1424202 0.8977925 1.0149322 1.2064708 0.8550960 1.2354915 0.0000000 1.6856227 1.1058460 1.8597206 1.0184256 0.9500053 1.1133268 1.7597549 1.4425863 1.3544589 1.4164992 1.8725757 
yHAB154_Kazachstania_transvaalensis         1.8897606 1.2615446 1.8568426 1.7232905 1.9430457 2.1542389 2.1973529 1.8608485 1.3259197 1.2526629 8.9999988 1.6975292 1.6508706 1.7665834 1.6707577 1.5429915 1.6473986 1.7276049 1.6066300 1.6480469 1.4493060 1.2094732 1.1017061 1.2674014 1.2538474 1.1026362 1.4701135 1.7948677 1.6856227 0.0000000 1.1672740 3.1786301 1.3437729 1.2616981 1.0300747 0.2977271 1.5366888 1.5211083 1.5782860 1.6604897 
yHAB155_Kazachstania_spencerorum            1.6691955 0.9043545 1.4080072 1.5592696 1.6772307 1.9107012 1.9929429 1.6440579 1.2657363 1.0965351 8.9999985 1.4474433 1.4396868 1.6172737 1.4521416 1.3280420 1.4402893 1.5937662 1.3456634 1.3134301 1.1452998 0.8522472 0.6668398 0.6347804 1.0106759 0.6565433 0.9853141 1.4840422 1.1058460 1.1672740 0.0000000 1.8577070 0.8773100 0.5859606 0.6413643 1.1904928 1.2996077 1.2076583 1.2680145 1.2280852 
yHAB158_Kazachstania_viticola               2.1319526 1.9567792 2.1328278 2.1746925 2.1038202 2.7567380 2.2448370 2.2413189 2.1570636 1.7963334 8.9999981 1.9746563 1.7917030 2.0294437 1.8783269 1.8099234 1.8020160 2.0216505 2.2569596 2.2569597 2.0953184 1.8412882 1.8601749 1.7750132 1.8877040 1.9161948 1.6955826 2.7128732 1.8597206 3.1786301 1.8577070 0.0000000 1.8961780 1.6530470 1.8705093 3.1590550 2.3363003 2.0637141 2.3040106 2.7156595 
yHAB159_Kazachstania_solicola               1.6542999 1.0741648 1.1614480 1.4443342 1.7284373 1.7256005 1.8506670 1.7155736 1.1178173 1.1771621 8.9999984 1.1792290 1.1909269 1.3348570 1.1603157 1.1786696 1.1878047 1.3292401 1.1963585 1.2113964 0.9767417 0.8438848 0.3500591 0.8348018 0.8288070 0.4303055 0.8194437 1.2529052 1.0184256 1.3437729 0.8773100 1.8961780 0.0000000 0.7928521 0.1783444 1.3705382 1.1650371 1.0821019 1.1563666 1.3213445 
yHAB160_Kazachstania_kunashirensis          1.6677781 0.8600341 1.3309269 1.4781481 1.7684990 1.7937598 1.9923425 1.6581626 1.1161601 0.9603925 8.9999981 1.2795072 1.2443949 1.3656201 1.2868757 1.1926039 1.2419673 1.3679785 1.2796538 1.2519251 1.0502212 0.8279695 0.6299202 0.3314556 0.8847629 0.6915523 0.8706659 1.2171505 0.9500053 1.2616981 0.5859606 1.6530470 0.7928521 0.0000000 0.6467763 1.2860099 1.2455856 1.1001420 1.2186024 1.2283640 
yHAB164_Kazachstania_aerobia                1.6278660 0.9535876 1.2069370 1.3485218 1.7187438 1.6130802 1.8913618 1.6520273 1.0672852 1.0303976 8.9999986 1.1693242 1.1698920 1.3541750 1.1794366 1.1032126 1.1731237 1.3791192 1.1417112 1.0879875 0.8060966 0.7478992 0.2209659 0.6930193 0.8197820 0.2660706 0.7982770 1.1907592 1.1133268 1.0300747 0.6413643 1.8705093 0.1783444 0.6467763 0.0000000 1.0374484 0.9853324 0.9389618 1.0270916 1.0313055 
yHAB166_Kazachstania_yakushimaensis         1.9412378 1.3664413 1.8623121 1.7513084 2.0316543 2.2765053 2.2428865 1.9474398 1.3980015 1.3281694 8.9999989 1.8586992 1.8317455 1.9929834 1.8248369 1.6994534 1.8304468 1.9508367 1.7720148 1.7599447 1.5134716 1.2962095 1.1440716 1.3510126 1.3473805 1.1545072 1.3703139 1.9090227 1.7597549 0.2977271 1.1904928 3.1590550 1.3705382 1.2860099 1.0374484 0.0000000 1.6694643 1.7018317 1.6412988 1.6309012 
yHMPu5000034875_Tetrapisispora_fleetii      1.5935283 1.3786528 1.6455293 1.5003451 1.7276570 1.7390057 1.8170482 1.6287003 1.3230511 1.1925072 8.9999980 1.2863868 1.2177035 1.4809745 1.3304887 1.2442616 1.2618985 1.4750422 1.4056646 0.3567992 0.8387228 1.3853084 1.1413068 1.3017810 1.3991356 1.1492748 1.3196670 1.8536084 1.4425863 1.5366888 1.2996077 2.3363003 1.1650371 1.2455856 0.9853324 1.6694643 0.0000000 0.5103799 0.2227907 1.3877391 
yHMPu5000034876_Tetrapisispora_iriomotensis 1.5371202 1.3926228 1.5692883 1.4911779 1.5224749 1.7505190 1.6855116 1.5098460 1.2547855 1.1241226 8.9999985 1.3130900 1.1873120 1.4145071 1.3380517 1.1536383 1.1964423 1.4481041 1.2224791 0.5138063 0.7644787 1.2385491 1.0257841 1.1300727 1.2943759 1.0751131 1.3096243 1.8209619 1.3544589 1.5211083 1.2076583 2.0637141 1.0821019 1.1001420 0.9389618 1.7018317 0.5103799 0.0000000 0.5044986 1.3834655 
yHMPu5000034877_Tetrapisispora_namnaonensis 1.6152059 1.4808323 1.6707704 1.4954416 1.6729039 1.7319834 1.7780444 1.5909187 1.3561997 1.2019486 8.9999990 1.2985445 1.2362987 1.5093355 1.3201543 1.2371617 1.2537166 1.4830400 1.3838771 0.3257741 0.8261880 1.4042816 1.1149083 1.2464848 1.4833884 1.1492004 1.3208065 1.7781211 1.4164992 1.5782860 1.2680145 2.3040106 1.1563666 1.2186024 1.0270916 1.6412988 0.2227907 0.5044986 0.0000000 1.3894121 
yHMPu5000035629_Yueomyces_sinensis          1.7899437 1.2969233 2.0768749 1.5554705 1.8692050 2.0083760 2.1092305 1.8335291 1.3716090 1.1742717 8.9999983 1.7408842 1.7028457 1.9066494 1.7444518 1.6680481 1.7109224 1.9263951 1.1820338 1.4834822 1.1489141 1.3210808 1.1556370 1.2477128 1.4023916 1.1555940 1.7307551 1.9975698 1.8725757 1.6604897 1.2280852 2.7156595 1.3213445 1.2283640 1.0313055 1.6309012 1.3877391 1.3834655 1.3894121 0.0000000 
