40
Candida_glabrata                            0.0000000 1.7358580 1.8852521 1.3832635 0.9570246 1.9479889 0.9264293 1.0012955 1.4746226 1.5883811 4.1862206 1.2693152 1.2606634 1.3791769 1.2341799 1.2415284 1.2798002 1.3157226 1.7199837 1.6893919 1.5280308 1.5019216 1.7984598 1.6233809 1.7076257 1.6739482 1.6324695 1.6964526 1.5396227 1.9119634 1.5060342 1.5058774 1.8097738 1.6409152 1.7657937 2.0719706 1.5706426 1.6707519 1.6163845 2.3130555 
Kazachstania_africana                       1.7358580 0.0000000 1.6461029 1.4992622 1.8403722 1.7736134 1.6776356 1.6737685 1.5521151 1.3589170 4.3680800 1.2741083 1.2755416 1.3162181 1.2671754 1.3244998 1.3053139 1.2745697 1.5801008 1.6225326 1.5993495 1.3056640 1.8197326 1.6499664 1.4772974 1.8536707 1.7731972 1.6275604 1.5414656 1.9071064 1.3653993 1.2890655 1.7576063 1.3791345 1.7024764 1.8361784 1.5675153 1.4649710 1.6798825 2.3078167 
Kazachstania_naganishii                     1.8852521 1.6461029 0.0000000 1.9713287 1.8155483 2.1654496 1.8891706 1.8625636 1.7997478 1.6656262 4.0040293 1.5463352 1.4842576 1.5643707 1.5336339 1.5996122 1.5402679 1.5108721 1.9347408 2.1289950 1.7876499 1.5902970 1.6742352 1.9023017 1.3918132 1.6534873 1.5197995 2.0801057 1.7003007 1.9411039 1.6595300 1.6904026 1.7224842 1.8381298 1.6630074 1.8447835 2.0514247 2.0214626 1.9403426 2.9100106 
Nakaseomyces_bacillisporus                  1.3832635 1.4992622 1.9713287 0.0000000 1.5063151 1.6769094 1.5645100 1.4798830 1.4185738 1.3159098 3.7339084 1.4176481 1.3537626 1.3792209 1.3954444 1.4010775 1.3674618 1.3816153 1.3832253 1.3475462 1.4024517 1.4271315 1.5070413 1.5894658 1.4963143 1.5892086 1.7211089 1.6612735 1.5401823 2.0455266 1.4947579 1.3668730 1.6014639 1.6107655 1.5194000 1.8765785 1.2050790 1.3699379 1.3640637 2.3330914 
Nakaseomyces_bracarensis                    0.9570246 1.8403722 1.8155483 1.5063151 0.0000000 1.9307204 0.5524327 0.5266108 1.4534828 1.5439014 4.6649574 1.1905847 1.2421604 1.2956697 1.1760759 1.2749641 1.2433752 1.2728080 1.5923190 1.4368491 1.4873746 1.5572219 1.7783220 1.5133372 1.5554008 1.5827987 1.6792695 1.6721774 1.4421026 2.0115479 1.4623017 1.5423569 1.7869000 1.5790743 1.7984400 2.1622211 1.4840614 1.4980730 1.4878880 2.5927611 
Nakaseomyces_castellii                      1.9479889 1.7736134 2.1654496 1.6769094 1.9307204 0.0000000 1.8851729 1.8243766 1.6763593 1.8316007 4.3951634 1.6691290 1.7023554 1.6831264 1.7275070 1.6682077 1.6638425 1.7042746 1.9921089 1.7129258 1.7257486 1.9717806 1.8965037 1.9797042 2.1452154 2.0566714 2.0980226 1.8118310 1.8286138 2.4928136 1.7101201 1.8688829 1.8270436 1.9352411 1.8390131 2.3807687 1.7287655 1.7172440 1.6569119 2.9284376 
Nakaseomyces_delphensis                     0.9264293 1.6776356 1.8891706 1.5645100 0.5524327 1.8851729 0.0000000 0.5253440 1.4099518 1.5835705 4.5931670 1.4815365 1.4160465 1.4772869 1.3922899 1.4960652 1.3867565 1.4315627 1.6299825 1.5327911 1.5118048 1.5697285 1.7225719 1.4874789 1.5828135 1.6978903 1.7148831 1.7732887 1.6586955 1.9218105 1.4336309 1.4432478 1.7141295 1.7231196 1.6594109 2.0288119 1.5594657 1.4003710 1.5947664 2.5340784 
Nakaseomyces_nivariensis                    1.0012955 1.6737685 1.8625636 1.4798830 0.5266108 1.8243766 0.5253440 0.0000000 1.4629267 1.5251373 4.3843881 1.3227312 1.3342988 1.4839983 1.3465476 1.3170730 1.3019058 1.4188328 1.4822417 1.4029490 1.4064116 1.4095455 1.6814738 1.5443859 1.5515473 1.7279530 1.7256090 1.5989137 1.4623292 2.0286741 1.4778377 1.3839646 1.6996018 1.5914677 1.6400936 1.9565007 1.4611899 1.3902204 1.4755280 2.2349350 
Naumovozyma_castellii                       1.4746226 1.5521151 1.7997478 1.4185738 1.4534828 1.6763593 1.4099518 1.4629267 0.0000000 0.9487894 3.8737439 1.3335140 1.3325456 1.2869605 1.3154672 1.3580349 1.3322285 1.2603284 1.4277969 1.5415029 1.4440740 1.3773124 1.5815921 1.2498406 1.2175354 1.7204759 1.6702586 1.4423112 1.2829172 1.7957262 1.2944541 1.2360665 1.5503478 1.2447170 1.5583812 1.8195864 1.4541543 1.4566269 1.5713687 2.2773930 
Naumovozyma_dairenensis                     1.5883811 1.3589170 1.6656262 1.3159098 1.5439014 1.8316007 1.5835705 1.5251373 0.9487894 0.0000000 3.9271074 1.1415824 1.2682780 1.1763959 1.2769840 1.2514881 1.2471501 1.2126360 1.3512983 1.3198932 1.2543237 1.2120076 1.5867955 1.2260454 1.2324853 1.5792374 1.6094001 1.5829476 1.3626438 1.7761960 1.3678190 1.2195378 1.6030707 1.2385166 1.6270100 1.7815661 1.3272808 1.2398252 1.3658000 2.1786807 
Neurospora_crassa                           4.1862206 4.3680800 4.0040293 3.7339084 4.6649574 4.3951634 4.5931670 4.3843881 3.8737439 3.9271074 0.0000000 3.8909943 4.0050213 3.9052231 4.0359573 4.0419313 3.9949926 3.9676244 4.7801441 4.2100530 4.3105745 3.9940791 4.0613728 4.3345798 4.3105489 4.2482452 4.2536693 4.3449615 3.4857579 4.9431052 3.8203339 4.1497898 4.4202033 4.1781134 4.3725334 4.4224971 4.1556874 4.2730721 4.0832185 5.0728168 
Saccharomyces_arboricola                    1.2693152 1.2741083 1.5463352 1.4176481 1.1905847 1.6691290 1.4815365 1.3227312 1.3335140 1.1415824 3.8909943 0.0000000 0.3538994 0.4100778 0.3064144 0.3927886 0.3301073 0.3829870 1.3228170 1.3915677 1.3508270 1.1767515 1.5878749 1.3002791 1.3750097 1.6000670 1.3868505 1.6225474 1.3038232 1.6190493 1.2084020 1.1947464 1.6312280 1.3248976 1.6312844 1.5948593 1.4376692 1.2744411 1.3953597 2.1513272 
Saccharomyces_cerevisiae                    1.2606634 1.2755416 1.4842576 1.3537626 1.2421604 1.7023554 1.4160465 1.3342988 1.3325456 1.2682780 4.0050213 0.3538994 0.0000000 0.4404027 0.2823276 0.2526469 0.1531931 0.3603665 1.3103004 1.4220957 1.3754886 1.2165359 1.4268460 1.2901226 1.3414327 1.5204642 1.3785679 1.5036575 1.2506353 1.6422339 1.2374207 1.1984950 1.5247033 1.2597266 1.4833802 1.5583494 1.3813014 1.2976065 1.3786204 2.1257983 
Saccharomyces_eubayanus                     1.3791769 1.3162181 1.5643707 1.3792209 1.2956697 1.6831264 1.4772869 1.4839983 1.2869605 1.1763959 3.9052231 0.4100778 0.4404027 0.0000000 0.4004311 0.4174650 0.4477003 0.1205290 1.3594983 1.3749587 1.3509427 1.2862342 1.4937605 1.2500380 1.3765269 1.5454424 1.4328329 1.4816358 1.2635273 1.6456405 1.2429507 1.1562869 1.5790243 1.2883524 1.5290118 1.5904583 1.3427214 1.2661709 1.3430085 2.2463904 
Saccharomyces_kudriavzevii                  1.2341799 1.2671754 1.5336339 1.3954444 1.1760759 1.7275070 1.3922899 1.3465476 1.3154672 1.2769840 4.0359573 0.3064144 0.2823276 0.4004311 0.0000000 0.3299062 0.2900888 0.3639840 1.3312714 1.3820815 1.3522041 1.2061499 1.5349219 1.2602609 1.3738052 1.6155314 1.4551588 1.5807194 1.3476351 1.6591225 1.2468614 1.1815740 1.5919912 1.3037985 1.5781474 1.6040282 1.3756451 1.2876739 1.3810659 2.1820744 
Saccharomyces_mikatae                       1.2415284 1.3244998 1.5996122 1.4010775 1.2749641 1.6682077 1.4960652 1.3170730 1.3580349 1.2514881 4.0419313 0.3927886 0.2526469 0.4174650 0.3299062 0.0000000 0.2332933 0.3730631 1.2602132 1.4702533 1.3394719 1.2401435 1.5135056 1.3102049 1.2828400 1.5811974 1.3433788 1.6009615 1.2434874 1.6804764 1.2539486 1.2419347 1.6313218 1.3257020 1.5620385 1.5762616 1.3819341 1.2705016 1.3988062 2.1115896 
Saccharomyces_paradoxus                     1.2798002 1.3053139 1.5402679 1.3674618 1.2433752 1.6638425 1.3867565 1.3019058 1.3322285 1.2471501 3.9949926 0.3301073 0.1531931 0.4477003 0.2900888 0.2332933 0.0000000 0.3678963 1.3112701 1.4214807 1.3634421 1.2307545 1.4436626 1.2655446 1.3339557 1.4744431 1.4217713 1.5062643 1.2899989 1.5932876 1.2221254 1.2715062 1.5751321 1.3673153 1.5315637 1.4884268 1.3953045 1.3044766 1.3831250 2.1490923 
Saccharomyces_uvarum                        1.3157226 1.2745697 1.5108721 1.3816153 1.2728080 1.7042746 1.4315627 1.4188328 1.2603284 1.2126360 3.9676244 0.3829870 0.3603665 0.1205290 0.3639840 0.3730631 0.3678963 0.0000000 1.3683013 1.3940897 1.3517966 1.2803871 1.5333226 1.3079397 1.3698213 1.6246964 1.4741990 1.4655735 1.2822790 1.6511685 1.2152087 1.1498361 1.6132722 1.2811188 1.5380489 1.6193904 1.3264680 1.2703116 1.3079780 2.3101559 
Tetrapisispora_blattae                      1.7199837 1.5801008 1.9347408 1.3832253 1.5923190 1.9921089 1.6299825 1.4822417 1.4277969 1.3512983 4.7801441 1.3228170 1.3103004 1.3594983 1.3312714 1.2602132 1.3112701 1.3683013 0.0000000 1.4600385 1.3032232 1.5268394 1.4922095 1.4982447 1.4230376 1.7003190 1.9245113 1.7121420 1.7120571 1.8540713 1.4347445 1.3177531 1.6241002 1.5097590 1.6482897 1.8732125 1.3751539 1.2796948 1.3497286 1.7304002 
Tetrapisispora_phaffii                      1.6893919 1.6225326 2.1289950 1.3475462 1.4368491 1.7129258 1.5327911 1.4029490 1.5415029 1.3198932 4.2100530 1.3915677 1.4220957 1.3749587 1.3820815 1.4702533 1.4214807 1.3940897 1.4600385 0.0000000 1.1728926 1.5838795 1.5756994 1.6494796 1.7297320 1.6694767 1.9085639 1.7622768 1.6128196 2.0113902 1.4172815 1.4060057 1.5682578 1.4342988 1.6182632 1.7356378 0.4210708 0.6841628 0.4563282 2.1138493 
Vanderwaltozyma_polyspora                   1.5280308 1.5993495 1.7876499 1.4024517 1.4873746 1.7257486 1.5118048 1.4064116 1.4440740 1.2543237 4.3105745 1.3508270 1.3754886 1.3509427 1.3522041 1.3394719 1.3634421 1.3517966 1.3032232 1.1728926 0.0000000 1.3291847 1.7363376 1.5366971 1.4381267 1.7309146 1.9123977 1.5091541 1.2849521 2.0529718 1.2679320 1.3434769 1.6945661 1.3963434 1.6556505 1.9330033 1.0858615 1.0749968 1.0924892 2.1179481 
yHAB132_Kazachstania_martiniae              1.5019216 1.3056640 1.5902970 1.4271315 1.5572219 1.9717806 1.5697285 1.4095455 1.3773124 1.2120076 3.9940791 1.1767515 1.2165359 1.2862342 1.2061499 1.2401435 1.2307545 1.2803871 1.5268394 1.5838795 1.3291847 0.0000000 1.6215552 1.4567998 1.2223097 1.7295996 1.4816568 1.5818259 1.3926209 1.8700527 1.2075702 1.2285619 1.5484850 1.4254200 1.5609368 1.7585588 1.6918733 1.3501942 1.7113952 2.2804691 
yHAB133_Kazachstania_unispora               1.7984598 1.8197326 1.6742352 1.5070413 1.7783220 1.8965037 1.7225719 1.6814738 1.5815921 1.5867955 4.0613728 1.5878749 1.4268460 1.4937605 1.5349219 1.5135056 1.4436626 1.5333226 1.4922095 1.5756994 1.7363376 1.6215552 0.0000000 1.7196820 1.3383722 0.4653495 1.4526733 1.6182598 1.7687276 1.3447312 1.5753672 1.4051308 0.4084459 1.6214009 0.3878554 1.1845475 1.5728354 1.4516463 1.5298020 2.1880825 
yHAB134_Kazachstania_turicensis             1.6233809 1.6499664 1.9023017 1.5894658 1.5133372 1.9797042 1.4874789 1.5443859 1.2498406 1.2260454 4.3345798 1.3002791 1.2901226 1.2500380 1.2602609 1.3102049 1.2655446 1.3079397 1.4982447 1.6494796 1.5366971 1.4567998 1.7196820 0.0000000 1.4450368 1.6947744 1.6825436 1.7982723 1.3711878 1.8394695 1.2217277 1.2512395 1.7209424 1.0432529 1.6651352 1.6835952 1.5797082 1.5740620 1.5637736 2.2977322 
yHAB136_Kazachstania_bromeliacearum         1.7076257 1.4772974 1.3918132 1.4963143 1.5554008 2.1452154 1.5828135 1.5515473 1.2175354 1.2324853 4.3105489 1.3750097 1.3414327 1.3765269 1.3738052 1.2828400 1.3339557 1.3698213 1.4230376 1.7297320 1.4381267 1.2223097 1.3383722 1.4450368 0.0000000 1.3508487 1.2767444 1.5239395 1.4108914 1.5178823 1.3906968 1.1784593 1.4480442 1.4315635 1.3494149 1.4518915 1.6855828 1.5522711 1.7204821 2.2512820 
yHAB143_Kazachstania_siamensis              1.6739482 1.8536707 1.6534873 1.5892086 1.5827987 2.0566714 1.6978903 1.7279530 1.7204759 1.5792374 4.2482452 1.6000670 1.5204642 1.5454424 1.6155314 1.5811974 1.4744431 1.6246964 1.7003190 1.6694767 1.7309146 1.7295996 0.4653495 1.6947744 1.3508487 0.0000000 1.4470147 1.7080964 1.8020079 1.3766511 1.8216265 1.4794980 0.5923012 1.6872635 0.5754192 1.2357071 1.6859270 1.4306042 1.7040064 2.2401715 
yHAB147_Kazachstania_taianensis             1.6324695 1.7731972 1.5197995 1.7211089 1.6792695 2.0980226 1.7148831 1.7256090 1.6702586 1.6094001 4.2536693 1.3868505 1.3785679 1.4328329 1.4551588 1.3433788 1.4217713 1.4741990 1.9245113 1.9085639 1.9123977 1.4816568 1.4526733 1.6825436 1.2767444 1.4470147 0.0000000 1.8099848 1.3809187 1.5458130 1.6106218 1.5713875 1.3646991 1.5633591 1.3730789 1.5538652 1.9129298 1.9510829 2.0299800 2.4376017 
yHAB148_Kazachstania_intestinalis           1.6964526 1.6275604 2.0801057 1.6612735 1.6721774 1.8118310 1.7732887 1.5989137 1.4423112 1.5829476 4.3449615 1.6225474 1.5036575 1.4816358 1.5807194 1.6009615 1.5062643 1.4655735 1.7121420 1.7622768 1.5091541 1.5818259 1.6182598 1.7982723 1.5239395 1.7080964 1.8099848 0.0000000 1.4825213 1.7224646 1.6241465 1.4861745 1.5801085 1.6610458 1.5605076 1.7513596 1.5692867 1.6321528 1.7305536 2.5838102 
yHAB153_Kazachstania_rosinii                1.5396227 1.5414656 1.7003007 1.5401823 1.4421026 1.8286138 1.6586955 1.4623292 1.2829172 1.3626438 3.4857579 1.3038232 1.2506353 1.2635273 1.3476351 1.2434874 1.2899989 1.2822790 1.7120571 1.6128196 1.2849521 1.3926209 1.7687276 1.3711878 1.4108914 1.8020079 1.3809187 1.4825213 0.0000000 1.8401602 1.0894892 1.2601568 1.7489457 1.2066387 1.7572172 1.7876017 1.6806700 1.6933315 1.5757003 2.4015396 
yHAB154_Kazachstania_transvaalensis         1.9119634 1.9071064 1.9411039 2.0455266 2.0115479 2.4928136 1.9218105 2.0286741 1.7957262 1.7761960 4.9431052 1.6190493 1.6422339 1.6456405 1.6591225 1.6804764 1.5932876 1.6511685 1.8540713 2.0113902 2.0529718 1.8700527 1.3447312 1.8394695 1.5178823 1.3766511 1.5458130 1.7224646 1.8401602 0.0000000 1.9118969 1.7090946 1.4293180 1.8498022 1.3517646 0.5570699 1.8668586 1.7674994 1.9936595 2.2727844 
yHAB155_Kazachstania_spencerorum            1.5060342 1.3653993 1.6595300 1.4947579 1.4623017 1.7101201 1.4336309 1.4778377 1.2944541 1.3678190 3.8203339 1.2084020 1.2374207 1.2429507 1.2468614 1.2539486 1.2221254 1.2152087 1.4347445 1.4172815 1.2679320 1.2075702 1.5753672 1.2217277 1.3906968 1.8216265 1.6106218 1.6241465 1.0894892 1.9118969 0.0000000 1.1421188 1.5709325 1.1656693 1.5898449 1.6199680 1.5762622 1.3692202 1.4732848 2.1543908 
yHAB158_Kazachstania_viticola               1.5058774 1.2890655 1.6904026 1.3668730 1.5423569 1.8688829 1.4432478 1.3839646 1.2360665 1.2195378 4.1497898 1.1947464 1.1984950 1.1562869 1.1815740 1.2419347 1.2715062 1.1498361 1.3177531 1.4060057 1.3434769 1.2285619 1.4051308 1.2512395 1.1784593 1.4794980 1.5713875 1.4861745 1.2601568 1.7090946 1.1421188 0.0000000 1.3940206 1.3134592 1.3260657 1.6253763 1.4719146 1.2753089 1.4744562 2.4696821 
yHAB159_Kazachstania_solicola               1.8097738 1.7576063 1.7224842 1.6014639 1.7869000 1.8270436 1.7141295 1.6996018 1.5503478 1.6030707 4.4202033 1.6312280 1.5247033 1.5790243 1.5919912 1.6313218 1.5751321 1.6132722 1.6241002 1.5682578 1.6945661 1.5484850 0.4084459 1.7209424 1.4480442 0.5923012 1.3646991 1.5801085 1.7489457 1.4293180 1.5709325 1.3940206 0.0000000 1.7027147 0.1383178 1.2758576 1.5807293 1.6413770 1.4957087 2.2563331 
yHAB160_Kazachstania_kunashirensis          1.6409152 1.3791345 1.8381298 1.6107655 1.5790743 1.9352411 1.7231196 1.5914677 1.2447170 1.2385166 4.1781134 1.3248976 1.2597266 1.2883524 1.3037985 1.3257020 1.3673153 1.2811188 1.5097590 1.4342988 1.3963434 1.4254200 1.6214009 1.0432529 1.4315635 1.6872635 1.5633591 1.6610458 1.2066387 1.8498022 1.1656693 1.3134592 1.7027147 0.0000000 1.6602159 1.6807644 1.4772273 1.3524886 1.4614502 1.9903172 
yHAB164_Kazachstania_aerobia                1.7657937 1.7024764 1.6630074 1.5194000 1.7984400 1.8390131 1.6594109 1.6400936 1.5583812 1.6270100 4.3725334 1.6312844 1.4833802 1.5290118 1.5781474 1.5620385 1.5315637 1.5380489 1.6482897 1.6182632 1.6556505 1.5609368 0.3878554 1.6651352 1.3494149 0.5754192 1.3730789 1.5605076 1.7572172 1.3517646 1.5898449 1.3260657 0.1383178 1.6602159 0.0000000 1.2077466 1.5726322 1.5313762 1.5189057 2.1891591 
yHAB166_Kazachstania_yakushimaensis         2.0719706 1.8361784 1.8447835 1.8765785 2.1622211 2.3807687 2.0288119 1.9565007 1.8195864 1.7815661 4.4224971 1.5948593 1.5583494 1.5904583 1.6040282 1.5762616 1.4884268 1.6193904 1.8732125 1.7356378 1.9330033 1.7585588 1.1845475 1.6835952 1.4518915 1.2357071 1.5538652 1.7513596 1.7876017 0.5570699 1.6199680 1.6253763 1.2758576 1.6807644 1.2077466 0.0000000 1.7479480 1.7088382 1.8103335 2.1481279 
yHMPu5000034875_Tetrapisispora_fleetii      1.5706426 1.5675153 2.0514247 1.2050790 1.4840614 1.7287655 1.5594657 1.4611899 1.4541543 1.3272808 4.1556874 1.4376692 1.3813014 1.3427214 1.3756451 1.3819341 1.3953045 1.3264680 1.3751539 0.4210708 1.0858615 1.6918733 1.5728354 1.5797082 1.6855828 1.6859270 1.9129298 1.5692867 1.6806700 1.8668586 1.5762622 1.4719146 1.5807293 1.4772273 1.5726322 1.7479480 0.0000000 0.6927937 0.2628425 2.1564221 
yHMPu5000034876_Tetrapisispora_iriomotensis 1.6707519 1.4649710 2.0214626 1.3699379 1.4980730 1.7172440 1.4003710 1.3902204 1.4566269 1.2398252 4.2730721 1.2744411 1.2976065 1.2661709 1.2876739 1.2705016 1.3044766 1.2703116 1.2796948 0.6841628 1.0749968 1.3501942 1.4516463 1.5740620 1.5522711 1.4306042 1.9510829 1.6321528 1.6933315 1.7674994 1.3692202 1.2753089 1.6413770 1.3524886 1.5313762 1.7088382 0.6927937 0.0000000 0.7152897 1.7907858 
yHMPu5000034877_Tetrapisispora_namnaonensis 1.6163845 1.6798825 1.9403426 1.3640637 1.4878880 1.6569119 1.5947664 1.4755280 1.5713687 1.3658000 4.0832185 1.3953597 1.3786204 1.3430085 1.3810659 1.3988062 1.3831250 1.3079780 1.3497286 0.4563282 1.0924892 1.7113952 1.5298020 1.5637736 1.7204821 1.7040064 2.0299800 1.7305536 1.5757003 1.9936595 1.4732848 1.4744562 1.4957087 1.4614502 1.5189057 1.8103335 0.2628425 0.7152897 0.0000000 2.1522554 
yHMPu5000035629_Yueomyces_sinensis          2.3130555 2.3078167 2.9100106 2.3330914 2.5927611 2.9284376 2.5340784 2.2349350 2.2773930 2.1786807 5.0728168 2.1513272 2.1257983 2.2463904 2.1820744 2.1115896 2.1490923 2.3101559 1.7304002 2.1138493 2.1179481 2.2804691 2.1880825 2.2977322 2.2512820 2.2401715 2.4376017 2.5838102 2.4015396 2.2727844 2.1543908 2.4696821 2.2563331 1.9903172 2.1891591 2.1481279 2.1564221 1.7907858 2.1522554 0.0000000 
