40
Candida_glabrata                            0.0000000 2.9222638 3.1661201 1.8652058 1.4061316 1.7448902 1.3219691 1.1950958 2.2923315 2.5378702 3.9013432 2.1246249 2.2441503 2.2607204 2.2963286 2.1104043 2.2620425 2.2939321 3.3116487 2.1130321 1.8763367 2.8318351 2.3837353 3.3261955 2.6028335 2.4142622 2.6449020 3.3132935 2.8954920 2.9521332 2.9761944 3.2146765 2.6057980 3.0133570 2.6348621 2.6366867 2.0494250 1.9523221 1.9715959 1.8589240 
Kazachstania_africana                       2.9222638 0.0000000 2.7282594 2.9869880 3.1754826 2.9082707 3.0628379 2.8336103 2.8915150 3.0864040 5.3451506 2.8437071 2.8694521 2.8404525 2.9682762 2.9359172 2.7615461 2.8044274 4.6491019 3.1802001 3.1274836 2.3142499 2.4687392 2.3822328 2.1139035 2.3020338 2.5667242 2.8495487 2.1978592 2.5686594 2.0350497 2.0141501 2.4208521 2.2217869 2.4349644 2.5625000 2.8660120 3.0979067 2.7396941 3.1152787 
Kazachstania_naganishii                     3.1661201 2.7282594 0.0000000 2.9618688 3.4966064 2.6925372 3.2013498 3.4530567 2.9472117 3.2868038 5.5065737 2.8624239 3.0941486 3.0281668 3.1976273 3.3412981 3.1425137 2.9593245 4.4620938 3.1040354 3.1441065 2.1388200 2.5931402 2.8571681 2.3602229 2.3847418 1.9116477 2.5361244 2.5059267 2.3469560 2.6240828 2.9766630 2.8474469 2.8207019 2.9496400 2.1304758 3.1199930 3.1752449 3.0585064 3.1756433 
Nakaseomyces_bacillisporus                  1.8652058 2.9869880 2.9618688 0.0000000 1.5823483 1.4821591 1.6194664 1.7294460 1.9717660 2.0602868 4.4275691 1.7905706 1.8004939 1.7845762 1.7370156 1.8437733 1.8018907 1.8860407 3.0407754 1.7068964 1.5166065 2.7527597 2.7300482 3.1095972 3.0499295 2.5447918 2.7802548 2.8715423 3.1006938 2.9287986 2.9768254 2.8398377 2.7937577 2.9224279 2.9568669 3.0320735 1.6628173 1.8369468 1.6917708 1.5716994 
Nakaseomyces_bracarensis                    1.4061316 3.1754826 3.4966064 1.5823483 0.0000000 1.6298545 0.6015076 0.6070038 2.4274086 2.1586179 3.8363611 2.1390532 2.1756988 2.2095543 2.4329714 2.1994503 2.1872446 2.2213533 3.4858534 2.0095455 1.7958723 2.8613978 3.0215067 3.1387505 3.1757882 2.5154224 2.9081011 2.9618087 3.7782283 2.7501567 3.2747211 2.9419670 2.8428960 3.4392728 2.9416278 2.8738867 1.8957766 1.9527809 1.9734496 1.9186407 
Nakaseomyces_castellii                      1.7448902 2.9082707 2.6925372 1.4821591 1.6298545 0.0000000 1.7016538 1.6533935 2.0101522 2.4589383 3.8095215 1.6461296 1.9597155 1.8856497 1.9756205 1.8719347 1.9152706 1.9851560 3.0251269 1.9020165 1.4102614 2.5412693 2.7473958 3.1827056 2.6926973 2.5394640 2.5854842 2.9057136 2.7374106 2.7780580 2.7169117 2.7560389 2.5671469 3.0523026 2.7424778 2.5308691 1.8476890 1.9619838 1.8323778 1.7011587 
Nakaseomyces_delphensis                     1.3219691 3.0628379 3.2013498 1.6194664 0.6015076 1.7016538 0.0000000 0.5607780 2.2886762 2.2033243 3.8134192 2.0260991 2.0497536 2.0399325 2.1986668 2.0981825 2.0500800 2.0800813 3.5822752 2.1932967 1.7598512 2.7913602 2.9493167 3.5245741 3.1230978 2.5505623 2.9293865 3.2751822 3.2933518 3.0279724 3.3117399 2.9750160 3.1763344 3.1431163 3.2910083 3.2977792 1.9345918 1.9355084 1.8907227 1.8485547 
Nakaseomyces_nivariensis                    1.1950958 2.8336103 3.4530567 1.7294460 0.6070038 1.6533935 0.5607780 0.0000000 2.4408537 2.2674191 3.8509226 1.9695791 1.9268641 1.9492753 2.0970197 1.9237840 1.9332550 1.8787561 3.3984661 1.9414974 1.6110033 2.7431250 2.6484401 3.4935048 3.1763153 2.4435071 2.8322176 3.2741725 3.5344769 2.7450299 3.1961297 3.0208582 2.8316776 3.2171488 2.9003602 2.9220619 1.8139218 1.8064194 1.8874342 1.6738640 
Naumovozyma_castellii                       2.2923315 2.8915150 2.9472117 1.9717660 2.4274086 2.0101522 2.2886762 2.4408537 0.0000000 1.4952953 5.0819129 1.9910264 2.1387132 1.8613068 1.9286470 2.1076106 2.1020136 1.9387687 2.8599905 2.2042769 2.0221718 2.9218781 2.4513346 3.0052323 2.6791430 2.4831923 2.6154403 2.8826873 2.9047500 2.5049939 2.2645150 2.3905328 2.6537407 2.7702876 2.5347919 2.6635959 1.9643512 2.2216888 2.0775009 1.7869328 
Naumovozyma_dairenensis                     2.5378702 3.0864040 3.2868038 2.0602868 2.1586179 2.4589383 2.2033243 2.2674191 1.4952953 0.0000000 5.0429562 2.1046347 2.2247530 2.1717245 2.1938120 2.1932698 2.2925791 2.2194601 3.2970349 2.3543056 2.1729092 3.0464303 2.7102229 3.1946769 2.7212447 2.4536514 3.0860374 3.2313930 3.1605966 3.0522720 2.8636838 2.4529796 2.8415640 2.8415222 2.7788182 2.9055944 2.2556054 2.2357966 2.1726612 1.8562313 
Neurospora_crassa                           3.9013432 5.3451506 5.5065737 4.4275691 3.8363611 3.8095215 3.8134192 3.8509226 5.0819129 5.0429562 0.0000000 4.7641050 4.5005150 4.5734246 4.4180186 4.5453345 4.5308748 4.3823201 4.9388119 3.6877568 3.4821886 4.8046827 5.3960686 5.0383830 5.8800005 4.8899984 5.8460847 6.6824412 5.6229411 4.8296334 5.6862355 5.9314920 5.3875081 5.5217836 5.9577028 5.2613611 3.9314818 3.9475290 3.8314065 3.8496420 
Saccharomyces_arboricola                    2.1246249 2.8437071 2.8624239 1.7905706 2.1390532 1.6461296 2.0260991 1.9695791 1.9910264 2.1046347 4.7641050 0.0000000 0.4388230 0.4178574 0.3626770 0.4409248 0.4902110 0.4083044 2.6905836 1.6640904 1.9475304 2.8893834 2.7701945 2.9318542 2.6891484 2.6897781 2.5602097 2.9498500 3.1392886 2.6506285 2.7728796 3.0203614 2.8652960 3.3469434 3.0512655 2.4658720 1.8006215 1.7300263 1.7730086 1.6955833 
Saccharomyces_cerevisiae                    2.2441503 2.8694521 3.0941486 1.8004939 2.1756988 1.9597155 2.0497536 1.9268641 2.1387132 2.2247530 4.5005150 0.4388230 0.0000000 0.3870485 0.3531630 0.2835800 0.1465681 0.3690435 3.1875036 1.9715311 1.8943640 3.1200540 2.9553123 3.4662452 3.0404547 2.8884177 2.7172557 3.2391721 3.6034704 2.8869696 2.8607541 2.8839882 3.0375245 3.4816220 3.0730386 2.7380232 2.0503031 1.9392932 1.9391754 1.7146681 
Saccharomyces_eubayanus                     2.2607204 2.8404525 3.0281668 1.7845762 2.2095543 1.8856497 2.0399325 1.9492753 1.8613068 2.1717245 4.5734246 0.4178574 0.3870485 0.0000000 0.3887326 0.4108060 0.4061908 0.0881457 3.0271959 1.8427306 1.9334037 3.1513447 2.9194536 3.7177518 3.0910410 2.8515423 3.1499820 3.2910312 3.6832732 3.0527407 2.9439776 2.9546208 3.0214970 3.4443294 3.1727927 2.8777015 2.0467656 1.9282791 1.9566868 1.7505358 
Saccharomyces_kudriavzevii                  2.2963286 2.9682762 3.1976273 1.7370156 2.4329714 1.9756205 2.1986668 2.0970197 1.9286470 2.1938120 4.4180186 0.3626770 0.3531630 0.3887326 0.0000000 0.3611767 0.3583613 0.3229686 3.0415830 1.9119690 1.9433173 3.1852907 2.9412672 3.2601741 3.1815719 2.8345613 3.2664177 3.2569835 3.6418697 3.0510698 3.0330736 3.0511789 3.0571756 3.4007280 3.1236956 2.8327981 1.9158560 1.8584472 1.9067678 1.6875501 
Saccharomyces_mikatae                       2.1104043 2.9359172 3.3412981 1.8437733 2.1994503 1.8719347 2.0981825 1.9237840 2.1076106 2.1932698 4.5453345 0.4409248 0.2835800 0.4108060 0.3611767 0.0000000 0.2390146 0.4187364 3.0509217 2.0014076 1.8514683 3.1144230 2.8294533 3.3651440 2.8709934 2.7341712 2.8310822 3.2619914 3.7790443 2.9383583 2.8901878 2.9508681 3.0194470 3.6010078 3.0037569 2.8036013 2.0312484 1.9425516 2.1586640 1.7888200 
Saccharomyces_paradoxus                     2.2620425 2.7615461 3.1425137 1.8018907 2.1872446 1.9152706 2.0500800 1.9332550 2.1020136 2.2925791 4.5308748 0.4902110 0.1465681 0.4061908 0.3583613 0.2390146 0.0000000 0.3850483 3.2705456 2.0615588 1.9272338 3.1908045 2.9850253 3.4691644 3.1305980 2.9162982 2.8349071 3.5182061 3.8425226 2.9746609 2.9850118 2.9558879 3.0266436 3.5432190 3.1019747 2.7809407 2.1451049 1.9588389 2.0945738 1.7260466 
Saccharomyces_uvarum                        2.2939321 2.8044274 2.9593245 1.8860407 2.2213533 1.9851560 2.0800813 1.8787561 1.9387687 2.2194601 4.3823201 0.4083044 0.3690435 0.0881457 0.3229686 0.4187364 0.3850483 0.0000000 3.1014930 1.9217646 1.9474844 3.0109635 2.9613595 3.5746395 3.1913430 2.8974150 3.1351393 3.4276597 3.7026305 3.1572170 2.9078427 3.0053686 3.1034795 3.5752068 3.2383864 2.8867224 2.0193107 1.9149530 1.9841383 1.8537159 
Tetrapisispora_blattae                      3.3116487 4.6491019 4.4620938 3.0407754 3.4858534 3.0251269 3.5822752 3.3984661 2.8599905 3.2970349 4.9388119 2.6905836 3.1875036 3.0271959 3.0415830 3.0509217 3.2705456 3.1014930 0.0000000 2.5949218 2.9045108 3.9887759 3.7515865 4.6176792 4.0012559 3.9460096 4.3865423 4.3892026 4.5753744 4.3295087 3.1674426 3.9499032 3.5663267 3.8295366 3.6893972 3.8623484 2.7536710 3.0071976 3.2543433 2.3037921 
Tetrapisispora_phaffii                      2.1130321 3.1802001 3.1040354 1.7068964 2.0095455 1.9020165 2.1932967 1.9414974 2.2042769 2.3543056 3.6877568 1.6640904 1.9715311 1.8427306 1.9119690 2.0014076 2.0615588 1.9217646 2.5949218 0.0000000 1.4338675 2.9042262 2.7692714 3.2895416 2.8865612 2.7668885 2.7682823 3.2608592 3.5125885 2.9058592 2.8552478 3.2176086 2.6377580 3.1187450 2.6609212 2.8292313 0.5341202 1.0105329 0.5376204 1.3696624 
Vanderwaltozyma_polyspora                   1.8763367 3.1274836 3.1441065 1.5166065 1.7958723 1.4102614 1.7598512 1.6110033 2.0221718 2.1729092 3.4821886 1.9475304 1.8943640 1.9334037 1.9433173 1.8514683 1.9272338 1.9474844 2.9045108 1.4338675 0.0000000 2.7706354 2.3993029 3.2094636 3.0145110 2.2064291 2.7157359 2.9470509 3.4319267 2.9408912 2.8280117 2.6995567 2.5348430 2.9034074 2.5675150 3.0802105 1.3845400 1.6181514 1.4211474 1.3947263 
yHAB132_Kazachstania_martiniae              2.8318351 2.3142499 2.1388200 2.7527597 2.8613978 2.5412693 2.7913602 2.7431250 2.9218781 3.0464303 4.8046827 2.8893834 3.1200540 3.1513447 3.1852907 3.1144230 3.1908045 3.0109635 3.9887759 2.9042262 2.7706354 0.0000000 2.2691864 2.2893815 1.6458315 2.1390460 2.0879584 2.8858017 2.6649511 2.3353235 2.2077887 2.2587563 2.3281702 2.1189605 2.4136121 2.2384230 2.8225000 2.9137872 2.9790310 2.5970632 
yHAB133_Kazachstania_unispora               2.3837353 2.4687392 2.5931402 2.7300482 3.0215067 2.7473958 2.9493167 2.6484401 2.4513346 2.7102229 5.3960686 2.7701945 2.9553123 2.9194536 2.9412672 2.8294533 2.9850253 2.9613595 3.7515865 2.7692714 2.3993029 2.2691864 0.0000000 2.6019125 1.9055079 0.6475339 1.7316811 2.9121409 2.8488450 1.9382530 2.2384230 2.1764682 0.4156833 2.5100309 0.3616647 1.8879900 2.6465575 2.9542041 2.9292413 2.6646343 
yHAB134_Kazachstania_turicensis             3.3261955 2.3822328 2.8571681 3.1095972 3.1387505 3.1827056 3.5245741 3.4935048 3.0052323 3.1946769 5.0383830 2.9318542 3.4662452 3.7177518 3.2601741 3.3651440 3.4691644 3.5746395 4.6176792 3.2895416 3.2094636 2.2893815 2.6019125 0.0000000 2.1770395 2.7796538 2.4607529 2.8492878 2.0004158 2.9119191 2.0009054 2.3573212 2.5933659 1.6071467 2.7126829 2.9314423 3.3256795 3.5683003 3.0439129 3.1863880 
yHAB136_Kazachstania_bromeliacearum         2.6028335 2.1139035 2.3602229 3.0499295 3.1757882 2.6926973 3.1230978 3.1763153 2.6791430 2.7212447 5.8800005 2.6891484 3.0404547 3.0910410 3.1815719 2.8709934 3.1305980 3.1913430 4.0012559 2.8865612 3.0145110 1.6458315 1.9055079 2.1770395 0.0000000 1.8100958 1.3793417 2.4572113 2.1597664 1.9255327 2.0996034 1.9738777 2.1297301 1.9398536 2.0297115 1.7277342 2.9197062 2.8182396 2.9844617 2.7669406 
yHAB143_Kazachstania_siamensis              2.4142622 2.3020338 2.3847418 2.5447918 2.5154224 2.5394640 2.5505623 2.4435071 2.4831923 2.4536514 4.8899984 2.6897781 2.8884177 2.8515423 2.8345613 2.7341712 2.9162982 2.8974150 3.9460096 2.7668885 2.2064291 2.1390460 0.6475339 2.7796538 1.8100958 0.0000000 1.8656293 2.8790117 2.9335770 2.0202975 2.2671174 2.4652314 0.7231938 2.4636173 0.7852780 2.0413256 2.6404530 3.0382821 3.0106368 2.3852388 
yHAB147_Kazachstania_taianensis             2.6449020 2.5667242 1.9116477 2.7802548 2.9081011 2.5854842 2.9293865 2.8322176 2.6154403 3.0860374 5.8460847 2.5602097 2.7172557 3.1499820 3.2664177 2.8310822 2.8349071 3.1351393 4.3865423 2.7682823 2.7157359 2.0879584 1.7316811 2.4607529 1.3793417 1.8656293 0.0000000 2.3997327 2.1367131 2.0334492 2.1770382 2.4424404 1.7446926 2.2324721 1.7628803 1.8332823 3.0737013 3.1503750 2.8152291 2.5228247 
yHAB148_Kazachstania_intestinalis           3.3132935 2.8495487 2.5361244 2.8715423 2.9618087 2.9057136 3.2751822 3.2741725 2.8826873 3.2313930 6.6824412 2.9498500 3.2391721 3.2910312 3.2569835 3.2619914 3.5182061 3.4276597 4.3892026 3.2608592 2.9470509 2.8858017 2.9121409 2.8492878 2.4572113 2.8790117 2.3997327 0.0000000 2.4329033 2.7692712 2.7175807 2.8369386 3.0210028 2.9422092 3.0258682 2.8247108 3.0554414 3.6439817 3.2070206 3.4154701 
yHAB153_Kazachstania_rosinii                2.8954920 2.1978592 2.5059267 3.1006938 3.7782283 2.7374106 3.2933518 3.5344769 2.9047500 3.1605966 5.6229411 3.1392886 3.6034704 3.6832732 3.6418697 3.7790443 3.8425226 3.7026305 4.5753744 3.5125885 3.4319267 2.6649511 2.8488450 2.0004158 2.1597664 2.9335770 2.1367131 2.4329033 0.0000000 2.8488683 1.6124799 2.4028014 2.5475055 1.9952509 2.7204333 3.0974390 3.3605050 3.3969141 3.0531965 3.2441217 
yHAB154_Kazachstania_transvaalensis         2.9521332 2.5686594 2.3469560 2.9287986 2.7501567 2.7780580 3.0279724 2.7450299 2.5049939 3.0522720 4.8296334 2.6506285 2.8869696 3.0527407 3.0510698 2.9383583 2.9746609 3.1572170 4.3295087 2.9058592 2.9408912 2.3353235 1.9382530 2.9119191 1.9255327 2.0202975 2.0334492 2.7692712 2.8488683 0.0000000 2.5545649 2.4111949 2.1299609 2.8497462 2.0943177 0.4119301 3.0432990 3.1781363 3.2751286 2.3111640 
yHAB155_Kazachstania_spencerorum            2.9761944 2.0350497 2.6240828 2.9768254 3.2747211 2.7169117 3.3117399 3.1961297 2.2645150 2.8636838 5.6862355 2.7728796 2.8607541 2.9439776 3.0330736 2.8901878 2.9850118 2.9078427 3.1674426 2.8552478 2.8280117 2.2077887 2.2384230 2.0009054 2.0996034 2.2671174 2.1770382 2.7175807 1.6124799 2.5545649 0.0000000 2.2991740 2.3553040 2.0806557 2.3434578 2.4827887 2.8405076 3.1675043 2.9792143 2.8794162 
yHAB158_Kazachstania_viticola               3.2146765 2.0141501 2.9766630 2.8398377 2.9419670 2.7560389 2.9750160 3.0208582 2.3905328 2.4529796 5.9314920 3.0203614 2.8839882 2.9546208 3.0511789 2.9508681 2.9558879 3.0053686 3.9499032 3.2176086 2.6995567 2.2587563 2.1764682 2.3573212 1.9738777 2.4652314 2.4424404 2.8369386 2.4028014 2.4111949 2.2991740 0.0000000 2.3160788 2.0583822 2.3646796 2.4133890 3.1169631 2.8717276 2.9832865 2.6488904 
yHAB159_Kazachstania_solicola               2.6057980 2.4208521 2.8474469 2.7937577 2.8428960 2.5671469 3.1763344 2.8316776 2.6537407 2.8415640 5.3875081 2.8652960 3.0375245 3.0214970 3.0571756 3.0194470 3.0266436 3.1034795 3.5663267 2.6377580 2.5348430 2.3281702 0.4156833 2.5933659 2.1297301 0.7231938 1.7446926 3.0210028 2.5475055 2.1299609 2.3553040 2.3160788 0.0000000 2.3697667 0.1409922 2.0537291 2.7369095 3.0278050 2.9898969 2.5595962 
yHAB160_Kazachstania_kunashirensis          3.0133570 2.2217869 2.8207019 2.9224279 3.4392728 3.0523026 3.1431163 3.2171488 2.7702876 2.8415222 5.5217836 3.3469434 3.4816220 3.4443294 3.4007280 3.6010078 3.5432190 3.5752068 3.8295366 3.1187450 2.9034074 2.1189605 2.5100309 1.6071467 1.9398536 2.4636173 2.2324721 2.9422092 1.9952509 2.8497462 2.0806557 2.0583822 2.3697667 0.0000000 2.5470641 2.9756005 3.1835852 2.9715011 3.1147953 2.8169550 
yHAB164_Kazachstania_aerobia                2.6348621 2.4349644 2.9496400 2.9568669 2.9416278 2.7424778 3.2910083 2.9003602 2.5347919 2.7788182 5.9577028 3.0512655 3.0730386 3.1727927 3.1236956 3.0037569 3.1019747 3.2383864 3.6893972 2.6609212 2.5675150 2.4136121 0.3616647 2.7126829 2.0297115 0.7852780 1.7628803 3.0258682 2.7204333 2.0943177 2.3434578 2.3646796 0.1409922 2.5470641 0.0000000 1.9542306 2.7389567 2.9855372 2.9900423 2.6819604 
yHAB166_Kazachstania_yakushimaensis         2.6366867 2.5625000 2.1304758 3.0320735 2.8738867 2.5308691 3.2977792 2.9220619 2.6635959 2.9055944 5.2613611 2.4658720 2.7380232 2.8777015 2.8327981 2.8036013 2.7809407 2.8867224 3.8623484 2.8292313 3.0802105 2.2384230 1.8879900 2.9314423 1.7277342 2.0413256 1.8332823 2.8247108 3.0974390 0.4119301 2.4827887 2.4133890 2.0537291 2.9756005 1.9542306 0.0000000 2.9625504 3.1955249 3.0736826 2.3926136 
yHMPu5000034875_Tetrapisispora_fleetii      2.0494250 2.8660120 3.1199930 1.6628173 1.8957766 1.8476890 1.9345918 1.8139218 1.9643512 2.2556054 3.9314818 1.8006215 2.0503031 2.0467656 1.9158560 2.0312484 2.1451049 2.0193107 2.7536710 0.5341202 1.3845400 2.8225000 2.6465575 3.3256795 2.9197062 2.6404530 3.0737013 3.0554414 3.3605050 3.0432990 2.8405076 3.1169631 2.7369095 3.1835852 2.7389567 2.9625504 0.0000000 1.1284751 0.3214384 1.4906706 
yHMPu5000034876_Tetrapisispora_iriomotensis 1.9523221 3.0979067 3.1752449 1.8369468 1.9527809 1.9619838 1.9355084 1.8064194 2.2216888 2.2357966 3.9475290 1.7300263 1.9392932 1.9282791 1.8584472 1.9425516 1.9588389 1.9149530 3.0071976 1.0105329 1.6181514 2.9137872 2.9542041 3.5683003 2.8182396 3.0382821 3.1503750 3.6439817 3.3969141 3.1781363 3.1675043 2.8717276 3.0278050 2.9715011 2.9855372 3.1955249 1.1284751 0.0000000 1.0168083 1.5434832 
yHMPu5000034877_Tetrapisispora_namnaonensis 1.9715959 2.7396941 3.0585064 1.6917708 1.9734496 1.8323778 1.8907227 1.8874342 2.0775009 2.1726612 3.8314065 1.7730086 1.9391754 1.9566868 1.9067678 2.1586640 2.0945738 1.9841383 3.2543433 0.5376204 1.4211474 2.9790310 2.9292413 3.0439129 2.9844617 3.0106368 2.8152291 3.2070206 3.0531965 3.2751286 2.9792143 2.9832865 2.9898969 3.1147953 2.9900423 3.0736826 0.3214384 1.0168083 0.0000000 1.4024291 
yHMPu5000035629_Yueomyces_sinensis          1.8589240 3.1152787 3.1756433 1.5716994 1.9186407 1.7011587 1.8485547 1.6738640 1.7869328 1.8562313 3.8496420 1.6955833 1.7146681 1.7505358 1.6875501 1.7888200 1.7260466 1.8537159 2.3037921 1.3696624 1.3947263 2.5970632 2.6646343 3.1863880 2.7669406 2.3852388 2.5228247 3.4154701 3.2441217 2.3111640 2.8794162 2.6488904 2.5595962 2.8169550 2.6819604 2.3926136 1.4906706 1.5434832 1.4024291 0.0000000 
