40
Candida_glabrata                            0.0000000 1.6294809 2.3218590 1.6049872 0.8398426 1.8097795 0.9758416 0.8262950 1.6306324 2.0103250 6.1774046 1.6975423 1.6445676 1.6988579 1.7713409 1.6772292 1.7282166 1.7244123 2.7337105 2.8068946 2.0916023 1.9967478 1.8360211 1.7889937 1.7288179 1.7054904 1.7956915 1.6228159 1.6690380 1.9322054 1.6486206 1.7158358 1.6859558 1.7545643 1.6913609 1.8704038 2.5647415 2.3146140 2.7987100 3.1101760 
Kazachstania_africana                       1.6294809 0.0000000 1.9649185 1.3131263 1.6162710 1.4474938 1.8196923 1.4919560 1.3701086 1.4523874 6.8944343 1.3195231 1.2904554 1.2677017 1.2789663 1.2820442 1.2928883 1.3279584 2.7379228 2.6368066 1.8338474 1.1360048 1.2149529 1.0542521 0.9858688 1.2604806 1.1945341 1.0303025 0.9834276 1.2352650 1.0213932 1.0417451 1.1223693 1.2777270 1.1620618 1.0959599 2.2897456 2.2542489 2.5081761 2.3260710 
Kazachstania_naganishii                     2.3218590 1.9649185 0.0000000 2.4484120 2.2671844 2.3137193 2.6382841 2.4288996 2.3726155 2.5021370 6.5343720 2.1711689 2.1904947 2.2287964 2.1847501 2.1142133 2.0386628 2.2347380 4.8614259 3.3414820 2.8154286 2.2786235 2.2757485 2.2577411 1.8434724 2.1139441 1.8061616 2.0128672 2.0757660 2.4765935 2.2085395 2.1654747 2.0037674 2.3156287 2.1496565 2.3979015 3.5118888 3.5884645 3.8663236 3.9440519 
Nakaseomyces_bacillisporus                  1.6049872 1.3131263 2.4484120 0.0000000 1.4721036 1.4244100 1.5284304 1.5331238 1.3459684 1.3787624 6.5805627 1.2892076 1.3920059 1.3861852 1.4798606 1.3293404 1.4043346 1.3639924 2.5378242 2.3861347 1.8471420 1.3709724 1.3692345 1.2416364 1.2780333 1.2860402 1.3622452 1.4764925 1.2086063 1.2698038 1.2319143 1.3118106 1.3128309 1.1925360 1.2994615 1.3322011 2.1240320 1.8258451 2.0046285 2.2625423 
Nakaseomyces_bracarensis                    0.8398426 1.6162710 2.2671844 1.4721036 0.0000000 1.6706049 0.5729129 0.5393434 1.5689604 1.4543860 6.3342760 1.5510492 1.5767920 1.5868130 1.6174341 1.5172591 1.6078042 1.5792600 2.5277748 2.5337804 1.9372982 1.5393551 1.4990727 1.7606847 1.5139383 1.4655735 1.5298485 1.5410941 1.4138893 1.6217143 1.4125106 1.5405212 1.4798863 1.6032867 1.4679343 1.6598925 2.4722701 2.0302228 2.5134421 2.8337768 
Nakaseomyces_castellii                      1.8097795 1.4474938 2.3137193 1.4244100 1.6706049 0.0000000 1.6807615 1.8082902 1.6856002 1.5148446 6.5275293 1.3869746 1.3906549 1.3010159 1.3937344 1.3535197 1.3968890 1.2852527 2.9039868 2.4517648 2.0986007 1.3503062 1.4630102 1.6568670 1.4487449 1.6376584 1.3330718 1.3234662 1.3137354 1.6597783 1.3806674 1.4631962 1.4937489 1.7365082 1.5232521 1.6288687 2.4503458 2.2367502 2.4830402 2.9947475 
Nakaseomyces_delphensis                     0.9758416 1.8196923 2.6382841 1.5284304 0.5729129 1.6807615 0.0000000 0.4471926 1.6635482 1.6114935 5.9756702 1.7083414 1.7431287 1.7823994 1.8489482 1.6690851 1.7741280 1.7605598 2.4396459 2.6411632 2.1396561 1.6624650 1.7010873 1.7152732 1.5434567 1.5650824 1.7108400 1.6873847 1.5028802 1.6327102 1.3703136 1.7096199 1.7147868 1.5093005 1.6593124 1.7101053 2.5423837 2.1298442 2.4259942 3.1147292 
Nakaseomyces_nivariensis                    0.8262950 1.4919560 2.4288996 1.5331238 0.5393434 1.8082902 0.4471926 0.0000000 1.4172324 1.5641610 5.5561140 1.6475212 1.5543828 1.6347277 1.6111895 1.4538692 1.5308333 1.6375780 2.5083039 2.3519519 1.7551508 1.6409035 1.5317960 1.5863274 1.4116069 1.4648307 1.5775082 1.6113200 1.4274141 1.5341884 1.3666028 1.5559553 1.5616205 1.5812544 1.4654900 1.6063648 2.2644517 2.0443554 2.4633964 2.7150153 
Naumovozyma_castellii                       1.6306324 1.3701086 2.3726155 1.3459684 1.5689604 1.6856002 1.6635482 1.4172324 0.0000000 1.1019675 7.3425984 1.4350176 1.3948116 1.4574174 1.4576232 1.3366406 1.4090354 1.3704491 2.6606831 2.2645984 1.9079830 1.4300721 1.2276107 1.3218816 1.2362135 1.3286467 1.5101518 1.4213725 1.4407555 1.5355708 1.1749839 1.3772969 1.2535959 1.4002412 1.2793803 1.5257173 2.4614921 2.2809954 2.4068820 2.2791122 
Naumovozyma_dairenensis                     2.0103250 1.4523874 2.5021370 1.3787624 1.4543860 1.5148446 1.6114935 1.5641610 1.1019675 0.0000000 6.2126025 1.3414412 1.3929315 1.4187626 1.4599574 1.3101920 1.4379468 1.3283486 2.8047558 2.5319188 1.8673118 1.3195634 1.2060282 1.4378747 1.1749676 1.2283644 1.3962421 1.3972322 1.3235170 1.4642219 1.3433937 1.2868085 1.1649804 1.3676910 1.1328112 1.2405157 2.5078540 2.1049093 2.3855143 2.6973432 
Neurospora_crassa                           6.1774046 6.8944343 6.5343720 6.5805627 6.3342760 6.5275293 5.9756702 5.5561140 7.3425984 6.2126025 0.0000000 6.6186844 6.4634360 6.6714564 6.5483509 6.8275166 6.3857819 6.5217103 8.5324296 7.6378780 5.8401267 6.1350786 6.6709034 7.4461607 6.6099391 6.4821640 6.0278088 6.0816316 6.3237943 7.1554728 6.6912444 7.4279486 7.2786593 7.3502445 7.6831114 7.1168677 8.4825913 7.5248470 7.4176255 7.3733024 
Saccharomyces_arboricola                    1.6975423 1.3195231 2.1711689 1.2892076 1.5510492 1.3869746 1.7083414 1.6475212 1.4350176 1.3414412 6.6186844 0.0000000 0.2938856 0.2704324 0.2864139 0.2992143 0.2866091 0.2839985 3.2313310 2.7160476 1.8118649 1.4436881 1.4353394 1.2382078 1.2537531 1.3363783 1.3065939 1.4281307 1.2116635 1.5756318 1.4508377 1.4402285 1.3309695 1.2983993 1.2689925 1.4220039 2.7013203 2.2394749 2.5386821 2.9058128 
Saccharomyces_cerevisiae                    1.6445676 1.2904554 2.1904947 1.3920059 1.5767920 1.3906549 1.7431287 1.5543828 1.3948116 1.3929315 6.4634360 0.2938856 0.0000000 0.3102981 0.3101914 0.2138208 0.1582749 0.3185264 3.1220247 2.7501130 1.8382819 1.4122344 1.3873277 1.2465872 1.3072019 1.4153832 1.2914619 1.5492737 1.2610518 1.5637419 1.3954789 1.3999324 1.2875141 1.4305633 1.3339097 1.3802919 2.7415092 2.4386236 2.8190459 2.7670985 
Saccharomyces_eubayanus                     1.6988579 1.2677017 2.2287964 1.3861852 1.5868130 1.3010159 1.7823994 1.6347277 1.4574174 1.4187626 6.6714564 0.2704324 0.3102981 0.0000000 0.2967871 0.2987887 0.3109296 0.1032555 3.2455457 2.7916200 1.7529606 1.4612674 1.4263665 1.2203713 1.2867742 1.4986646 1.3286193 1.4490639 1.1925359 1.7135774 1.4990596 1.4117138 1.3573491 1.4166959 1.3261080 1.4335165 2.6115647 2.4033493 2.7345569 3.0933740 
Saccharomyces_kudriavzevii                  1.7713409 1.2789663 2.1847501 1.4798606 1.6174341 1.3937344 1.8489482 1.6111895 1.4576232 1.4599574 6.5483509 0.2864139 0.3101914 0.2967871 0.0000000 0.2553049 0.2892249 0.2916679 3.1867821 2.9004993 1.9025710 1.4907641 1.5198375 1.2732461 1.3219673 1.4954116 1.4089224 1.4750383 1.2791392 1.5392899 1.4195863 1.4257860 1.3225680 1.4662706 1.3485462 1.3941522 2.7442881 2.3706053 2.7499109 2.9561679 
Saccharomyces_mikatae                       1.6772292 1.2820442 2.1142133 1.3293404 1.5172591 1.3535197 1.6690851 1.4538692 1.3366406 1.3101920 6.8275166 0.2992143 0.2138208 0.2987887 0.2553049 0.0000000 0.1788512 0.3080396 3.0118185 2.7497454 1.8490911 1.3422418 1.3443428 1.2217417 1.2546422 1.3653498 1.2573218 1.4440007 1.2275424 1.4777612 1.3903432 1.3388740 1.2925200 1.3494127 1.2728975 1.3697645 2.6785162 2.2781085 2.8823159 2.6489130 
Saccharomyces_paradoxus                     1.7282166 1.2928883 2.0386628 1.4043346 1.6078042 1.3968890 1.7741280 1.5308333 1.4090354 1.4379468 6.3857819 0.2866091 0.1582749 0.3109296 0.2892249 0.1788512 0.0000000 0.3254449 3.2419729 2.7761869 1.9058649 1.5076770 1.4921712 1.2260988 1.3059009 1.5040994 1.3257649 1.4802837 1.2863528 1.5486067 1.4196242 1.4058436 1.3509488 1.3963904 1.3684740 1.4062710 2.8456667 2.4391342 2.8944498 2.9080977 
Saccharomyces_uvarum                        1.7244123 1.3279584 2.2347380 1.3639924 1.5792600 1.2852527 1.7605598 1.6375780 1.3704491 1.3283486 6.5217103 0.2839985 0.3185264 0.1032555 0.2916679 0.3080396 0.3254449 0.0000000 3.2367885 2.7241781 1.7625494 1.4759967 1.4516506 1.2521792 1.3279267 1.5219065 1.2958256 1.4608604 1.1875093 1.6233941 1.5547932 1.4354367 1.3699367 1.4818822 1.3580307 1.4529175 2.6336950 2.3527987 2.6604618 3.0186246 
Tetrapisispora_blattae                      2.7337105 2.7379228 4.8614259 2.5378242 2.5277748 2.9039868 2.4396459 2.5083039 2.6606831 2.8047558 8.5324296 3.2313310 3.1220247 3.2455457 3.1867821 3.0118185 3.2419729 3.2367885 0.0000000 3.2087945 2.3144512 2.2653348 2.4154732 2.5904025 2.7700125 2.4977079 2.9016307 2.9030408 2.5663917 2.5887301 2.6500378 2.6608385 2.4469427 2.6936824 2.5397800 2.6507611 3.0022995 2.8438705 3.3219627 1.8858170 
Tetrapisispora_phaffii                      2.8068946 2.6368066 3.3414820 2.3861347 2.5337804 2.4517648 2.6411632 2.3519519 2.2645984 2.5319188 7.6378780 2.7160476 2.7501130 2.7916200 2.9004993 2.7497454 2.7761869 2.7241781 3.2087945 0.0000000 2.1711022 2.3550252 2.4300202 2.8896748 2.5007835 2.3987238 2.4396891 2.3188042 2.6196435 2.4384626 2.4018357 2.4636247 2.3667792 2.7944036 2.3943424 2.5100174 0.6202240 0.9459246 0.7583569 3.5762170 
Vanderwaltozyma_polyspora                   2.0916023 1.8338474 2.8154286 1.8471420 1.9372982 2.0986007 2.1396561 1.7551508 1.9079830 1.8673118 5.8401267 1.8118649 1.8382819 1.7529606 1.9025710 1.8490911 1.9058649 1.7625494 2.3144512 2.1711022 0.0000000 1.6563495 1.6933157 1.8128883 1.8479339 1.8803435 2.0187744 1.8012805 1.9029684 2.0997208 1.7908569 1.7426142 1.6148587 2.0623401 1.6665837 2.0360047 2.0276736 1.8839631 2.1269128 2.1329524 
yHAB132_Kazachstania_martiniae              1.9967478 1.1360048 2.2786235 1.3709724 1.5393551 1.3503062 1.6624650 1.6409035 1.4300721 1.3195634 6.1350786 1.4436881 1.4122344 1.4612674 1.4907641 1.3422418 1.5076770 1.4759967 2.2653348 2.3550252 1.6563495 0.0000000 1.0653021 1.1502133 1.1167835 1.0795438 1.1051882 1.0657966 1.1630248 1.2737861 1.1187229 1.1848572 1.0294645 1.1330186 0.9603882 1.1067719 2.1366885 1.9536911 2.2295330 2.2344377 
yHAB133_Kazachstania_unispora               1.8360211 1.2149529 2.2757485 1.3692345 1.4990727 1.4630102 1.7010873 1.5317960 1.2276107 1.2060282 6.6709034 1.4353394 1.3873277 1.4263665 1.5198375 1.3443428 1.4921712 1.4516506 2.4154732 2.4300202 1.6933157 1.0653021 0.0000000 0.9733751 0.9139613 0.5491206 1.0401683 1.3643865 1.2347307 1.1348158 1.0879267 1.2218482 0.4297448 1.1590570 0.3654434 1.1146780 2.2941077 2.1701961 2.5495872 2.4093240 
yHAB134_Kazachstania_turicensis             1.7889937 1.0542521 2.2577411 1.2416364 1.7606847 1.6568670 1.7152732 1.5863274 1.3218816 1.4378747 7.4461607 1.2382078 1.2465872 1.2203713 1.2732461 1.2217417 1.2260988 1.2521792 2.5904025 2.8896748 1.8128883 1.1502133 0.9733751 0.0000000 0.9117060 1.1199210 1.0523741 1.2395326 0.9503349 1.2705640 0.8707538 1.1772991 0.9790143 0.6593791 0.9616510 1.0821328 2.4603922 2.2506941 2.6132644 2.1038917 
yHAB136_Kazachstania_bromeliacearum         1.7288179 0.9858688 1.8434724 1.2780333 1.5139383 1.4487449 1.5434567 1.4116069 1.2362135 1.1749676 6.6099391 1.2537531 1.3072019 1.2867742 1.3219673 1.2546422 1.3059009 1.3279267 2.7700125 2.5007835 1.8479339 1.1167835 0.9139613 0.9117060 0.0000000 0.9227338 1.0105650 1.0512723 1.0270036 1.1329047 0.8412743 1.0227663 0.7878808 0.9366993 0.8217411 0.9899557 2.2120441 2.1698467 2.3843431 2.0613130 
yHAB143_Kazachstania_siamensis              1.7054904 1.2604806 2.1139441 1.2860402 1.4655735 1.6376584 1.5650824 1.4648307 1.3286467 1.2283644 6.4821640 1.3363783 1.4153832 1.4986646 1.4954116 1.3653498 1.5040994 1.5219065 2.4977079 2.3987238 1.8803435 1.0795438 0.5491206 1.1199210 0.9227338 0.0000000 1.0182728 1.3267608 1.1050926 1.1529048 1.0928032 1.2137594 0.5020927 1.1252364 0.5029149 1.0858987 2.3125880 2.2037158 2.1558267 2.4288597 
yHAB147_Kazachstania_taianensis             1.7956915 1.1945341 1.8061616 1.3622452 1.5298485 1.3330718 1.7108400 1.5775082 1.5101518 1.3962421 6.0278088 1.3065939 1.2914619 1.3286193 1.4089224 1.2573218 1.3257649 1.2958256 2.9016307 2.4396891 2.0187744 1.1051882 1.0401683 1.0523741 1.0105650 1.0182728 0.0000000 1.0889345 0.9698208 1.2969123 1.0285816 1.2300569 1.0120881 1.1357884 0.9535612 1.0400237 2.4550549 2.2142782 2.2078602 2.6511449 
yHAB148_Kazachstania_intestinalis           1.6228159 1.0303025 2.0128672 1.4764925 1.5410941 1.3234662 1.6873847 1.6113200 1.4213725 1.3972322 6.0816316 1.4281307 1.5492737 1.4490639 1.4750383 1.4440007 1.4802837 1.4608604 2.9030408 2.3188042 1.8012805 1.0657966 1.3643865 1.2395326 1.0512723 1.3267608 1.0889345 0.0000000 1.2586075 1.2396736 1.1416201 1.2076602 1.1540857 1.3222713 1.1321053 1.3420931 2.1894454 1.9989604 2.1567120 2.7202367 
yHAB153_Kazachstania_rosinii                1.6690380 0.9834276 2.0757660 1.2086063 1.4138893 1.3137354 1.5028802 1.4274141 1.4407555 1.3235170 6.3237943 1.2116635 1.2610518 1.1925359 1.2791392 1.2275424 1.2863528 1.1875093 2.5663917 2.6196435 1.9029684 1.1630248 1.2347307 0.9503349 1.0270036 1.1050926 0.9698208 1.2586075 0.0000000 1.2503065 0.7609866 1.1957558 1.2055498 0.9476300 1.1477478 1.1223967 2.7764840 2.3745679 2.5512067 2.2257791 
yHAB154_Kazachstania_transvaalensis         1.9322054 1.2352650 2.4765935 1.2698038 1.6217143 1.6597783 1.6327102 1.5341884 1.5355708 1.4642219 7.1554728 1.5756318 1.5637419 1.7135774 1.5392899 1.4777612 1.5486067 1.6233941 2.5887301 2.4384626 2.0997208 1.2737861 1.1348158 1.2705640 1.1329047 1.1529048 1.2969123 1.2396736 1.2503065 0.0000000 1.1830896 1.3157286 1.1518302 1.2228963 1.1861951 0.4905682 2.3072047 2.0806660 2.2055630 2.2652526 
yHAB155_Kazachstania_spencerorum            1.6486206 1.0213932 2.2085395 1.2319143 1.4125106 1.3806674 1.3703136 1.3666028 1.1749839 1.3433937 6.6912444 1.4508377 1.3954789 1.4990596 1.4195863 1.3903432 1.4196242 1.5547932 2.6500378 2.4018357 1.7908569 1.1187229 1.0879267 0.8707538 0.8412743 1.0928032 1.0285816 1.1416201 0.7609866 1.1830896 0.0000000 1.0199858 1.0010229 0.8348475 0.9873114 1.0382592 2.3193533 2.0954200 2.2666480 2.3027882 
yHAB158_Kazachstania_viticola               1.7158358 1.0417451 2.1654747 1.3118106 1.5405212 1.4631962 1.7096199 1.5559553 1.3772969 1.2868085 7.4279486 1.4402285 1.3999324 1.4117138 1.4257860 1.3388740 1.4058436 1.4354367 2.6608385 2.4636247 1.7426142 1.1848572 1.2218482 1.1772991 1.0227663 1.2137594 1.2300569 1.2076602 1.1957558 1.3157286 1.0199858 0.0000000 1.1529121 1.1080490 1.1595954 1.2096448 2.3358322 2.1918455 2.1494076 2.7130526 
yHAB159_Kazachstania_solicola               1.6859558 1.1223693 2.0037674 1.3128309 1.4798863 1.4937489 1.7147868 1.5616205 1.2535959 1.1649804 7.2786593 1.3309695 1.2875141 1.3573491 1.3225680 1.2925200 1.3509488 1.3699367 2.4469427 2.3667792 1.6148587 1.0294645 0.4297448 0.9790143 0.7878808 0.5020927 1.0120881 1.1540857 1.2055498 1.1518302 1.0010229 1.1529121 0.0000000 1.1675028 0.1272277 1.0112886 1.9870411 2.1388316 2.1418495 2.2250064 
yHAB160_Kazachstania_kunashirensis          1.7545643 1.2777270 2.3156287 1.1925360 1.6032867 1.7365082 1.5093005 1.5812544 1.4002412 1.3676910 7.3502445 1.2983993 1.4305633 1.4166959 1.4662706 1.3494127 1.3963904 1.4818822 2.6936824 2.7944036 2.0623401 1.1330186 1.1590570 0.6593791 0.9366993 1.1252364 1.1357884 1.3222713 0.9476300 1.2228963 0.8348475 1.1080490 1.1675028 0.0000000 1.0831773 1.1283895 2.6114147 2.2961334 2.5091632 2.3480579 
yHAB164_Kazachstania_aerobia                1.6913609 1.1620618 2.1496565 1.2994615 1.4679343 1.5232521 1.6593124 1.4654900 1.2793803 1.1328112 7.6831114 1.2689925 1.3339097 1.3261080 1.3485462 1.2728975 1.3684740 1.3580307 2.5397800 2.3943424 1.6665837 0.9603882 0.3654434 0.9616510 0.8217411 0.5029149 0.9535612 1.1321053 1.1477478 1.1861951 0.9873114 1.1595954 0.1272277 1.0831773 0.0000000 1.0256659 2.0403683 2.1209513 2.1593736 2.2174997 
yHAB166_Kazachstania_yakushimaensis         1.8704038 1.0959599 2.3979015 1.3322011 1.6598925 1.6288687 1.7101053 1.6063648 1.5257173 1.2405157 7.1168677 1.4220039 1.3802919 1.4335165 1.3941522 1.3697645 1.4062710 1.4529175 2.6507611 2.5100174 2.0360047 1.1067719 1.1146780 1.0821328 0.9899557 1.0858987 1.0400237 1.3420931 1.1223967 0.4905682 1.0382592 1.2096448 1.0112886 1.1283895 1.0256659 0.0000000 2.1976684 1.9673539 2.1938340 2.1265881 
yHMPu5000034875_Tetrapisispora_fleetii      2.5647415 2.2897456 3.5118888 2.1240320 2.4722701 2.4503458 2.5423837 2.2644517 2.4614921 2.5078540 8.4825913 2.7013203 2.7415092 2.6115647 2.7442881 2.6785162 2.8456667 2.6336950 3.0022995 0.6202240 2.0276736 2.1366885 2.2941077 2.4603922 2.2120441 2.3125880 2.4550549 2.1894454 2.7764840 2.3072047 2.3193533 2.3358322 1.9870411 2.6114147 2.0403683 2.1976684 0.0000000 0.8141360 0.4598100 3.1325413 
yHMPu5000034876_Tetrapisispora_iriomotensis 2.3146140 2.2542489 3.5884645 1.8258451 2.0302228 2.2367502 2.1298442 2.0443554 2.2809954 2.1049093 7.5248470 2.2394749 2.4386236 2.4033493 2.3706053 2.2781085 2.4391342 2.3527987 2.8438705 0.9459246 1.8839631 1.9536911 2.1701961 2.2506941 2.1698467 2.2037158 2.2142782 1.9989604 2.3745679 2.0806660 2.0954200 2.1918455 2.1388316 2.2961334 2.1209513 1.9673539 0.8141360 0.0000000 1.0254790 2.8783453 
yHMPu5000034877_Tetrapisispora_namnaonensis 2.7987100 2.5081761 3.8663236 2.0046285 2.5134421 2.4830402 2.4259942 2.4633964 2.4068820 2.3855143 7.4176255 2.5386821 2.8190459 2.7345569 2.7499109 2.8823159 2.8944498 2.6604618 3.3219627 0.7583569 2.1269128 2.2295330 2.5495872 2.6132644 2.3843431 2.1558267 2.2078602 2.1567120 2.5512067 2.2055630 2.2666480 2.1494076 2.1418495 2.5091632 2.1593736 2.1938340 0.4598100 1.0254790 0.0000000 3.3686045 
yHMPu5000035629_Yueomyces_sinensis          3.1101760 2.3260710 3.9440519 2.2625423 2.8337768 2.9947475 3.1147292 2.7150153 2.2791122 2.6973432 7.3733024 2.9058128 2.7670985 3.0933740 2.9561679 2.6489130 2.9080977 3.0186246 1.8858170 3.5762170 2.1329524 2.2344377 2.4093240 2.1038917 2.0613130 2.4288597 2.6511449 2.7202367 2.2257791 2.2652526 2.3027882 2.7130526 2.2250064 2.3480579 2.2174997 2.1265881 3.1325413 2.8783453 3.3686045 0.0000000 
