40
Candida_glabrata                            0.0000000 2.9571056 3.7766667 2.7131356 1.7988807 3.4756530 1.8349434 1.5193893 3.0154189 2.8236128 7.5577570 3.4691535 3.2687454 3.4854023 3.4096532 3.2900332 3.3249831 3.4047828 4.4165611 2.7223893 3.0450896 3.3764931 3.5464534 3.1501622 2.8766750 3.0506660 4.2874733 3.6204005 3.0468897 3.1338262 3.1350669 3.8702007 3.3328652 2.8232119 4.5212848 3.0622359 3.1299620 3.0261751 2.9982437 3.6642717 
Kazachstania_africana                       2.9571056 0.0000000 2.5343969 2.7573105 3.1932950 2.7206136 2.9668350 2.8851064 2.4655069 2.3904675 7.4393414 2.7292001 2.5534190 2.7836854 2.7050252 2.6254471 2.5469394 2.7898016 3.5077657 2.7690781 2.7164041 2.8702683 3.0121741 2.2909621 2.6974151 2.5243657 4.0236389 2.4232942 1.8287951 2.5755387 2.0138165 2.2021529 3.0614549 2.1410306 3.3923463 2.4526472 2.9710677 2.6329534 2.8365550 3.3436387 
Kazachstania_naganishii                     3.7766667 2.5343969 0.0000000 3.3446794 3.6338024 3.9400421 3.5525212 3.7878119 3.1691931 3.0731471 6.6811111 3.4741947 3.4795581 3.3579166 3.3503661 3.3450406 3.5024436 3.3703844 4.9505823 3.1088666 3.2814734 2.6045732 2.5055225 2.8780243 2.2134059 2.4367756 3.0700705 2.7342795 2.7468291 2.6530582 3.1804412 2.8135902 2.5001913 2.9992632 2.7515851 2.7798203 3.6074314 2.8876971 3.5322806 4.2337825 
Nakaseomyces_bacillisporus                  2.7131356 2.7573105 3.3446794 0.0000000 2.9986332 2.3530721 3.0331724 2.9673738 2.2757887 2.2568312 6.4043926 2.6979531 2.6934093 2.7972619 2.6520648 2.6457117 2.6793825 2.7913055 3.8650361 2.7977974 2.4435131 2.7795186 3.1058832 3.0430119 3.0106286 3.0699090 4.8575762 3.2000403 2.8386622 3.5138400 2.6553747 3.1751826 3.0482013 2.9057401 3.6601365 3.5332400 3.1197558 2.7646344 2.9421657 3.0949929 
Nakaseomyces_bracarensis                    1.7988807 3.1932950 3.6338024 2.9986332 0.0000000 3.3913031 1.0548035 0.9078126 3.5697316 3.3074318 8.9147419 3.5917456 3.5237098 3.8537825 3.4807302 3.5333499 3.7613524 3.7989434 4.9225091 2.9637179 3.1288666 3.3250129 3.3219920 3.1683687 2.7929198 3.7437088 4.9985934 3.4919548 2.8724014 3.5503619 3.2838345 3.4455826 3.5065251 3.0223500 3.5708850 3.2931111 3.1536919 3.0944711 3.2424186 3.7330445 
Nakaseomyces_castellii                      3.4756530 2.7206136 3.9400421 2.3530721 3.3913031 0.0000000 3.0991588 3.2028930 2.7582548 2.7675375 7.3753624 3.1389338 3.3700613 3.3602717 3.3851250 3.4752182 3.3170990 3.3995490 3.5737169 2.8586214 2.8741053 3.1101978 3.5917955 3.1738202 3.2227094 3.5445807 4.5273082 2.9074744 2.8615090 3.3975684 2.7987906 3.3730101 3.6695146 3.0762269 4.4860179 3.4154193 3.0401948 2.6226202 2.9951623 3.1735101 
Nakaseomyces_delphensis                     1.8349434 2.9668350 3.5525212 3.0331724 1.0548035 3.0991588 0.0000000 0.7789420 3.3475320 3.0218183 7.9725420 3.3063145 3.4677815 3.4808173 3.3595137 3.6670943 3.7148394 3.4000297 4.9354721 3.1574407 3.1461606 3.2866909 3.3701012 3.1803565 3.1350190 3.3654542 4.3375754 3.4820966 3.0001029 3.5012473 2.9793609 3.4899680 3.4032458 2.9465333 4.0170041 2.8888732 3.3429505 3.0379952 3.2386315 3.8563103 
Nakaseomyces_nivariensis                    1.5193893 2.8851064 3.7878119 2.9673738 0.9078126 3.2028930 0.7789420 0.0000000 3.4038786 3.2530868 7.8654074 3.4587829 3.1564623 3.5000957 3.2247410 3.3701633 3.4724390 3.4577003 4.4761686 3.0844851 3.1596811 3.3633721 3.1648935 3.1330059 3.1596468 3.2889021 4.7667149 3.5899726 2.7741015 3.3402338 3.1470783 3.7972145 3.0984557 2.9459760 3.5526934 2.9607461 3.1525487 3.0704152 3.1962241 4.0372548 
Naumovozyma_castellii                       3.0154189 2.4655069 3.1691931 2.2757887 3.5697316 2.7582548 3.3475320 3.4038786 0.0000000 1.6988100 6.1448678 2.7394392 2.7492761 2.8290534 2.7887588 2.8330778 2.8249806 2.9422638 3.7160185 2.6052992 2.5678065 2.7703753 3.1295274 2.7305078 2.9140740 2.9085484 4.4613402 2.8170260 2.1787575 2.9314453 2.3864047 2.9534502 2.8073453 2.9122240 3.9846216 2.7085562 2.9208882 2.6980171 2.7687980 3.2393229 
Naumovozyma_dairenensis                     2.8236128 2.3904675 3.0731471 2.2568312 3.3074318 2.7675375 3.0218183 3.2530868 1.6988100 0.0000000 7.3553491 2.9979062 2.8150594 2.8910827 2.7713837 2.6950446 2.8387996 2.9729487 3.8559228 2.6560482 2.4918657 2.9239740 2.4974964 2.4525218 2.5616294 2.5245607 4.6802661 2.7223445 2.1591050 2.8873558 2.0000714 3.0660686 2.4592800 2.4880283 2.9433516 2.1648169 2.8036236 2.5273837 2.5948764 2.9103360 
Neurospora_crassa                           7.5577570 7.4393414 6.6811111 6.4043926 8.9147419 7.3753624 7.9725420 7.8654074 6.1448678 7.3553491 0.0000000 5.8145746 5.6680406 5.6525599 5.9312378 5.5441424 6.2515593 5.9375238 7.6899066 6.8413959 6.4054566 5.5714290 6.1084258 6.3301307 6.2311951 5.8055390 4.5764175 6.6450669 6.0315558 6.3270721 5.2545314 6.6386985 5.5860607 5.9228395 8.8071031 5.7407912 8.3240641 7.3094581 7.8115071 7.9945315 
Saccharomyces_arboricola                    3.4691535 2.7292001 3.4741947 2.6979531 3.5917456 3.1389338 3.3063145 3.4587829 2.7394392 2.9979062 5.8145746 0.0000000 0.5864015 0.4538238 0.3743185 0.5345494 0.4342645 0.4584387 3.7425696 3.0250996 2.7864714 3.1358955 3.0437128 3.2396850 3.2707502 3.1771449 4.2785676 3.3506763 3.1322256 3.5063488 3.2470298 2.9477562 2.9758087 3.3774607 3.2378863 3.2970750 2.8991120 2.8442222 3.0292086 3.1361170 
Saccharomyces_cerevisiae                    3.2687454 2.5534190 3.4795581 2.6934093 3.5237098 3.3700613 3.4677815 3.1564623 2.7492761 2.8150594 5.6680406 0.5864015 0.0000000 0.5604069 0.5137818 0.5001086 0.2541244 0.5817253 3.6530683 3.0398916 2.8217871 3.0777726 3.1035959 3.0255911 3.3032946 2.9275439 4.3543420 3.2825993 2.7826966 3.1503352 3.1934595 3.0346548 3.1337893 3.1735452 3.7624164 3.1658114 2.8297125 3.0483158 3.0485804 3.1556096 
Saccharomyces_eubayanus                     3.4854023 2.7836854 3.3579166 2.7972619 3.8537825 3.3602717 3.4808173 3.5000957 2.8290534 2.8910827 5.6525599 0.4538238 0.5604069 0.0000000 0.4179771 0.5374621 0.4850868 0.1650553 3.5612858 3.0850761 2.6821420 3.2466510 3.0769628 3.4662066 3.3009219 3.0263126 4.7474791 3.4918656 3.1255131 3.3533528 3.3698001 3.0344615 3.1133517 3.0706133 3.2950493 3.3265114 2.9633681 2.8624473 3.1510780 3.3231268 
Saccharomyces_kudriavzevii                  3.4096532 2.7050252 3.3503661 2.6520648 3.4807302 3.3851250 3.3595137 3.2247410 2.7887588 2.7713837 5.9312378 0.3743185 0.5137818 0.4179771 0.0000000 0.4528219 0.4071660 0.4114453 3.6806569 2.9837297 2.5054981 3.2030784 3.0617149 2.9819854 3.1827791 3.0270173 4.4363911 3.1243962 3.0818123 3.5453636 3.2466176 2.8280271 3.0732586 3.0360583 3.3266857 3.3195139 2.9433764 3.0097237 3.1146879 3.3078426 
Saccharomyces_mikatae                       3.2900332 2.6254471 3.3450406 2.6457117 3.5333499 3.4752182 3.6670943 3.3701633 2.8330778 2.6950446 5.5441424 0.5345494 0.5001086 0.5374621 0.4528219 0.0000000 0.3897225 0.5629726 3.3269623 2.7990748 2.5968347 3.2301066 2.8636642 3.0859529 3.1580374 2.6913322 4.7541251 3.2258798 2.7728686 3.1909752 3.0651678 3.1169866 2.9166810 2.9056965 3.3799898 2.9930227 2.7393240 2.7417410 2.8859472 3.2985652 
Saccharomyces_paradoxus                     3.3249831 2.5469394 3.5024436 2.6793825 3.7613524 3.3170990 3.7148394 3.4724390 2.8249806 2.8387996 6.2515593 0.4342645 0.2541244 0.4850868 0.4071660 0.3897225 0.0000000 0.5454211 3.3264933 3.1173357 2.7699014 3.1594299 3.0750334 3.1531456 3.3410608 2.9946581 4.5281971 3.1857368 2.8045560 3.3552104 3.2149566 2.9782904 3.1465214 3.1617639 3.6893079 3.1452682 2.8278016 2.9951539 3.0978816 2.9868631 
Saccharomyces_uvarum                        3.4047828 2.7898016 3.3703844 2.7913055 3.7989434 3.3995490 3.4000297 3.4577003 2.9422638 2.9729487 5.9375238 0.4584387 0.5817253 0.1650553 0.4114453 0.5629726 0.5454211 0.0000000 3.7939606 3.1054373 2.7592221 3.3230189 3.0963100 3.3721935 3.4185024 3.1023381 4.6610507 3.6011427 3.1521059 3.3783116 3.3706092 3.0711629 3.1350203 3.1644516 3.3035131 3.3571466 3.1088513 3.0385340 3.2201060 3.0619266 
Tetrapisispora_blattae                      4.4165611 3.5077657 4.9505823 3.8650361 4.9225091 3.5737169 4.9354721 4.4761686 3.7160185 3.8559228 7.6899066 3.7425696 3.6530683 3.5612858 3.6806569 3.3269623 3.3264933 3.7939606 0.0000000 3.8085293 2.9833562 4.2781518 4.4986603 4.0936550 4.1996340 4.5292395 5.1025582 4.1252424 3.8999094 3.5150339 4.5103420 5.7585264 4.6154056 3.7919385 6.6752649 3.9067273 4.0505146 3.0222860 3.8547852 2.6426073 
Tetrapisispora_phaffii                      2.7223893 2.7690781 3.1088666 2.7977974 2.9637179 2.8586214 3.1574407 3.0844851 2.6052992 2.6560482 6.8413959 3.0250996 3.0398916 3.0850761 2.9837297 2.7990748 3.1173357 3.1054373 3.8085293 0.0000000 1.9233928 2.5131273 2.9172392 2.7332941 2.7167351 2.7746201 5.7612231 2.9359878 2.3619642 2.7554812 2.6075667 3.5961399 2.9538440 2.7200377 3.8531071 2.6330041 0.7657969 1.0827041 0.7123887 2.7550448 
Vanderwaltozyma_polyspora                   3.0450896 2.7164041 3.2814734 2.4435131 3.1288666 2.8741053 3.1461606 3.1596811 2.5678065 2.4918657 6.4054566 2.7864714 2.8217871 2.6821420 2.5054981 2.5968347 2.7699014 2.7592221 2.9833562 1.9233928 0.0000000 3.0189732 2.7937265 3.2740666 2.9958056 3.2301838 4.2742728 3.2429987 2.4406158 3.0876230 2.5718858 3.0229274 3.0907636 2.6471706 3.7417956 2.8001639 2.2751746 2.0529726 2.0088513 3.1557572 
yHAB132_Kazachstania_martiniae              3.3764931 2.8702683 2.6045732 2.7795186 3.3250129 3.1101978 3.2866909 3.3633721 2.7703753 2.9239740 5.5714290 3.1358955 3.0777726 3.2466510 3.2030784 3.2301066 3.1594299 3.3230189 4.2781518 2.5131273 3.0189732 0.0000000 2.6363602 2.8199339 2.4245930 2.5035661 4.7186674 2.5901801 2.4574435 2.9137449 2.6929346 2.7824692 2.5571124 2.7105412 3.0677875 3.0118503 2.9849870 2.8319658 2.9077824 3.3366526 
yHAB133_Kazachstania_unispora               3.5464534 3.0121741 2.5055225 3.1058832 3.3219920 3.5917955 3.3701012 3.1648935 3.1295274 2.4974964 6.1084258 3.0437128 3.1035959 3.0769628 3.0617149 2.8636642 3.0750334 3.0963100 4.4986603 2.9172392 2.7937265 2.6363602 0.0000000 2.5669657 1.9076706 0.8568448 3.6991019 2.9453244 2.6819904 2.0411954 2.4706496 2.6506237 0.6132916 2.5356561 0.6500934 2.1733408 2.9873088 3.0824535 3.1455224 3.3561703 
yHAB134_Kazachstania_turicensis             3.1501622 2.2909621 2.8780243 3.0430119 3.1683687 3.1738202 3.1803565 3.1330059 2.7305078 2.4525218 6.3301307 3.2396850 3.0255911 3.4662066 2.9819854 3.0859529 3.1531456 3.3721935 4.0936550 2.7332941 3.2740666 2.8199339 2.5669657 0.0000000 2.7063118 2.7355474 4.7306673 3.0951298 1.9752063 2.9505379 2.2041069 2.8055826 2.5451653 1.3949973 2.9759112 2.9541003 3.1256721 2.6803600 3.1097785 3.3958270 
yHAB136_Kazachstania_bromeliacearum         2.8766750 2.6974151 2.2134059 3.0106286 2.7929198 3.2227094 3.1350190 3.1596468 2.9140740 2.5616294 6.2311951 3.2707502 3.3032946 3.3009219 3.1827791 3.1580374 3.3410608 3.4185024 4.1996340 2.7167351 2.9958056 2.4245930 1.9076706 2.7063118 0.0000000 1.8616411 3.6699733 2.9448020 2.6677235 2.3508040 2.4413226 2.6965453 1.8753644 2.5830525 2.1736279 2.1475278 3.0141824 2.7666341 2.9964432 3.5116816 
yHAB143_Kazachstania_siamensis              3.0506660 2.5243657 2.4367756 3.0699090 3.7437088 3.5445807 3.3654542 3.2889021 2.9085484 2.5245607 5.8055390 3.1771449 2.9275439 3.0263126 3.0270173 2.6913322 2.9946581 3.1023381 4.5292395 2.7746201 3.2301838 2.5035661 0.8568448 2.7355474 1.8616411 0.0000000 3.3665004 2.7207503 2.4537931 1.9136330 2.5766325 2.8252855 0.8218746 2.4272427 0.9695148 1.8300935 3.1514188 2.7659906 3.3303924 3.1260370 
yHAB147_Kazachstania_taianensis             4.2874733 4.0236389 3.0700705 4.8575762 4.9985934 4.5273082 4.3375754 4.7667149 4.4613402 4.6802661 4.5764175 4.2785676 4.3543420 4.7474791 4.4363911 4.7541251 4.5281971 4.6610507 5.1025582 5.7612231 4.2742728 4.7186674 3.6991019 4.7306673 3.6699733 3.3665004 0.0000000 4.3677246 4.3567076 2.9062927 3.8655397 4.8211003 3.4147168 4.2051258 4.0585339 3.9465772 5.0062288 5.2957715 5.5017077 7.1308879 
yHAB148_Kazachstania_intestinalis           3.6204005 2.4232942 2.7342795 3.2000403 3.4919548 2.9074744 3.4820966 3.5899726 2.8170260 2.7223445 6.6450669 3.3506763 3.2825993 3.4918656 3.1243962 3.2258798 3.1857368 3.6011427 4.1252424 2.9359878 3.2429987 2.5901801 2.9453244 3.0951298 2.9448020 2.7207503 4.3677246 0.0000000 2.8072944 2.8035160 2.6656146 3.0662733 2.7119984 2.7423372 3.5669944 2.9182688 3.1034930 3.1897054 3.1776871 3.2321912 
yHAB153_Kazachstania_rosinii                3.0468897 1.8287951 2.7468291 2.8386622 2.8724014 2.8615090 3.0001029 2.7741015 2.1787575 2.1591050 6.0315558 3.1322256 2.7826966 3.1255131 3.0818123 2.7728686 2.8045560 3.1521059 3.8999094 2.3619642 2.4406158 2.4574435 2.6819904 1.9752063 2.6677235 2.4537931 4.3567076 2.8072944 0.0000000 2.7670269 1.6845429 2.4570133 2.2906517 1.8833108 3.4832625 2.4528952 2.8090275 2.3540849 2.6728375 3.7434321 
yHAB154_Kazachstania_transvaalensis         3.1338262 2.5755387 2.6530582 3.5138400 3.5503619 3.3975684 3.5012473 3.3402338 2.9314453 2.8873558 6.3270721 3.5063488 3.1503352 3.3533528 3.5453636 3.1909752 3.3552104 3.3783116 3.5150339 2.7554812 3.0876230 2.9137449 2.0411954 2.9505379 2.3508040 1.9136330 2.9062927 2.8035160 2.7670269 0.0000000 3.0565114 3.4738158 1.9424700 3.3250018 2.5791522 0.9230089 2.9903284 3.2951572 2.7889251 3.6019134 
yHAB155_Kazachstania_spencerorum            3.1350669 2.0138165 3.1804412 2.6553747 3.2838345 2.7987906 2.9793609 3.1470783 2.3864047 2.0000714 5.2545314 3.2470298 3.1934595 3.3698001 3.2466176 3.0651678 3.2149566 3.3706092 4.5103420 2.6075667 2.5718858 2.6929346 2.4706496 2.2041069 2.4413226 2.5766325 3.8655397 2.6656146 1.6845429 3.0565114 0.0000000 2.6871046 2.5184016 1.8356844 2.9934585 2.4296795 2.8445946 2.4280014 2.7700661 3.3817860 
yHAB158_Kazachstania_viticola               3.8702007 2.2021529 2.8135902 3.1751826 3.4455826 3.3730101 3.4899680 3.7972145 2.9534502 3.0660686 6.6386985 2.9477562 3.0346548 3.0344615 2.8280271 3.1169866 2.9782904 3.0711629 5.7585264 3.5961399 3.0229274 2.7824692 2.6506237 2.8055826 2.6965453 2.8252855 4.8211003 3.0662733 2.4570133 3.4738158 2.6871046 0.0000000 2.7025735 2.5982976 3.3547777 2.7842543 3.0538722 3.3282317 3.0563076 3.7583689 
yHAB159_Kazachstania_solicola               3.3328652 3.0614549 2.5001913 3.0482013 3.5065251 3.6695146 3.4032458 3.0984557 2.8073453 2.4592800 5.5860607 2.9758087 3.1337893 3.1133517 3.0732586 2.9166810 3.1465214 3.1350203 4.6154056 2.9538440 3.0907636 2.5571124 0.6132916 2.5451653 1.8753644 0.8218746 3.4147168 2.7119984 2.2906517 1.9424700 2.5184016 2.7025735 0.0000000 2.3401672 0.2517225 1.8526218 3.2752853 3.3958595 3.3596349 3.7214096 
yHAB160_Kazachstania_kunashirensis          2.8232119 2.1410306 2.9992632 2.9057401 3.0223500 3.0762269 2.9465333 2.9459760 2.9122240 2.4880283 5.9228395 3.3774607 3.1735452 3.0706133 3.0360583 2.9056965 3.1617639 3.1644516 3.7919385 2.7200377 2.6471706 2.7105412 2.5356561 1.3949973 2.5830525 2.4272427 4.2051258 2.7423372 1.8833108 3.3250018 1.8356844 2.5982976 2.3401672 0.0000000 2.6746462 2.7761778 2.9246493 2.6885193 2.8846602 3.0677082 
yHAB164_Kazachstania_aerobia                4.5212848 3.3923463 2.7515851 3.6601365 3.5708850 4.4860179 4.0170041 3.5526934 3.9846216 2.9433516 8.8071031 3.2378863 3.7624164 3.2950493 3.3266857 3.3799898 3.6893079 3.3035131 6.6752649 3.8531071 3.7417956 3.0677875 0.6500934 2.9759112 2.1736279 0.9695148 4.0585339 3.5669944 3.4832625 2.5791522 2.9934585 3.3547777 0.2517225 2.6746462 0.0000000 2.1724331 4.1592113 4.0667634 4.4081747 4.1902581 
yHAB166_Kazachstania_yakushimaensis         3.0622359 2.4526472 2.7798203 3.5332400 3.2931111 3.4154193 2.8888732 2.9607461 2.7085562 2.1648169 5.7407912 3.2970750 3.1658114 3.3265114 3.3195139 2.9930227 3.1452682 3.3571466 3.9067273 2.6330041 2.8001639 3.0118503 2.1733408 2.9541003 2.1475278 1.8300935 3.9465772 2.9182688 2.4528952 0.9230089 2.4296795 2.7842543 1.8526218 2.7761778 2.1724331 0.0000000 2.8852962 2.8049171 2.8979936 3.3413002 
yHMPu5000034875_Tetrapisispora_fleetii      3.1299620 2.9710677 3.6074314 3.1197558 3.1536919 3.0401948 3.3429505 3.1525487 2.9208882 2.8036236 8.3240641 2.8991120 2.8297125 2.9633681 2.9433764 2.7393240 2.8278016 3.1088513 4.0505146 0.7657969 2.2751746 2.9849870 2.9873088 3.1256721 3.0141824 3.1514188 5.0062288 3.1034930 2.8090275 2.9903284 2.8445946 3.0538722 3.2752853 2.9246493 4.1592113 2.8852962 0.0000000 1.3227783 0.3761846 3.0822015 
yHMPu5000034876_Tetrapisispora_iriomotensis 3.0261751 2.6329534 2.8876971 2.7646344 3.0944711 2.6226202 3.0379952 3.0704152 2.6980171 2.5273837 7.3094581 2.8442222 3.0483158 2.8624473 3.0097237 2.7417410 2.9951539 3.0385340 3.0222860 1.0827041 2.0529726 2.8319658 3.0824535 2.6803600 2.7666341 2.7659906 5.2957715 3.1897054 2.3540849 3.2951572 2.4280014 3.3282317 3.3958595 2.6885193 4.0667634 2.8049171 1.3227783 0.0000000 1.2487082 3.0932837 
yHMPu5000034877_Tetrapisispora_namnaonensis 2.9982437 2.8365550 3.5322806 2.9421657 3.2424186 2.9951623 3.2386315 3.1962241 2.7687980 2.5948764 7.8115071 3.0292086 3.0485804 3.1510780 3.1146879 2.8859472 3.0978816 3.2201060 3.8547852 0.7123887 2.0088513 2.9077824 3.1455224 3.1097785 2.9964432 3.3303924 5.5017077 3.1776871 2.6728375 2.7889251 2.7700661 3.0563076 3.3596349 2.8846602 4.4081747 2.8979936 0.3761846 1.2487082 0.0000000 3.2515953 
yHMPu5000035629_Yueomyces_sinensis          3.6642717 3.3436387 4.2337825 3.0949929 3.7330445 3.1735101 3.8563103 4.0372548 3.2393229 2.9103360 7.9945315 3.1361170 3.1556096 3.3231268 3.3078426 3.2985652 2.9868631 3.0619266 2.6426073 2.7550448 3.1557572 3.3366526 3.3561703 3.3958270 3.5116816 3.1260370 7.1308879 3.2321912 3.7434321 3.6019134 3.3817860 3.7583689 3.7214096 3.0677082 4.1902581 3.3413002 3.0822015 3.0932837 3.2515953 0.0000000 
