40
Candida_glabrata                            0.0000000 0.9337939 0.8993056 1.1731993 0.5311565 1.3083820 0.4802758 0.4679871 0.7833177 0.7474985 1.6878809 0.7171003 0.7821257 0.7117308 0.7707687 0.7701518 0.8125367 0.6968865 1.2861862 0.8856820 0.8588565 0.8054111 0.8225828 1.0314319 0.8467979 0.8526340 0.9033986 0.8972484 0.9182667 1.3818582 0.9256741 0.9437638 0.8679625 1.0375161 0.8435500 1.3946204 0.8631026 0.9633336 0.8681035 1.1633438 
Kazachstania_africana                       0.9337939 0.0000000 0.9879112 1.1902762 1.0993086 1.6337047 1.0900620 1.0482369 0.8618887 0.8167032 2.1601024 0.8914814 0.8834278 0.6883813 0.8108227 0.8535497 0.8746744 0.7738013 1.4241799 1.0035249 1.0284728 0.8614365 0.9113535 0.8884923 0.8361556 0.9174581 0.9949356 0.9291135 0.9019414 1.0953838 0.9227366 0.8728360 0.8852470 0.9087525 0.8899348 1.1808352 1.1238279 1.2481062 1.0565945 1.4772583 
Kazachstania_naganishii                     0.8993056 0.9879112 0.0000000 1.1478113 0.8315436 1.3866527 0.8844700 0.7722669 0.8849308 0.8986864 2.1150790 0.8344708 0.8416647 0.7862742 0.8226043 0.8148433 0.8445564 0.7659980 1.2810763 0.9689035 1.1048371 1.0032688 0.8560666 1.1062922 0.7814144 0.8081048 0.7697499 0.7729193 0.9577541 1.3063933 0.9043646 0.9124163 0.8854626 1.1033915 0.8915978 1.1963644 1.0282410 1.0083509 1.0477051 1.4477027 
Nakaseomyces_bacillisporus                  1.1731993 1.1902762 1.1478113 0.0000000 1.1081260 1.2808466 1.2287445 1.0182187 0.8249725 0.9055177 1.9464766 1.0392722 1.0271794 0.9566042 0.9672584 0.9596729 1.0797403 0.9975970 1.3070977 1.1512913 1.0142642 1.0282518 0.9616643 1.1307944 0.9346050 1.0936331 1.2083842 1.1711916 1.0861812 1.6862727 1.0531201 1.1612280 1.0623996 1.1506654 1.1304023 1.6407971 1.1018693 1.1268245 1.1138200 1.6458677 
Nakaseomyces_bracarensis                    0.5311565 1.0993086 0.8315436 1.1081260 0.0000000 1.5033859 0.3897892 0.3167648 0.9843341 1.0089030 1.7101497 0.8615222 0.9338935 0.8323348 0.8485522 0.8463394 0.9638506 0.8461378 1.3826834 0.9725283 0.9021967 0.9433241 0.8700764 1.1402227 0.9436711 0.9554411 1.0359829 0.9631990 1.0969577 1.3867782 1.1421992 0.9672343 0.9598759 1.1475135 0.9207399 1.3295633 0.9829615 1.0220436 1.0223490 1.4890560 
Nakaseomyces_castellii                      1.3083820 1.6337047 1.3866527 1.2808466 1.5033859 0.0000000 1.4334092 1.4293891 1.4241460 1.4337547 2.5695590 1.2660133 1.3253004 1.2717920 1.2593734 1.3802570 1.3766556 1.3163925 1.7523378 1.2449806 1.3597939 1.4672722 1.2929215 1.5150895 1.2872503 1.4116473 1.4379694 1.5204939 1.3866343 1.9212608 1.3095467 1.5979154 1.2710182 1.4108206 1.2158269 1.9232082 1.3243216 1.2986398 1.2934230 2.1812727 
Nakaseomyces_delphensis                     0.4802758 1.0900620 0.8844700 1.2287445 0.3897892 1.4334092 0.0000000 0.3132234 0.9810239 1.0064545 1.7933065 0.9129108 0.9334784 0.8910304 0.8593994 0.8813899 0.8759255 0.8802768 1.3680765 1.1579598 1.1071693 0.9585196 0.9613202 1.1606275 0.9905080 1.0484704 1.0420376 0.9366971 1.0578073 1.4218283 1.0135710 1.1462131 0.9731001 1.2516435 0.9513737 1.4654719 1.0988437 1.1216234 1.1269848 1.5255122 
Nakaseomyces_nivariensis                    0.4679871 1.0482369 0.7722669 1.0182187 0.3167648 1.4293891 0.3132234 0.0000000 0.8884941 0.8789458 1.7478604 0.7808730 0.8077236 0.7886472 0.7536885 0.7777225 0.8209420 0.7445557 1.2453147 0.9479596 0.8734982 0.8190208 0.8583006 0.9867325 0.8965452 0.9302499 0.9887381 0.9024428 1.0087182 1.2029988 0.9684196 1.0320811 0.9813442 1.0872601 0.9478130 1.2111003 0.9276667 0.9753925 0.9584700 1.2855068 
Naumovozyma_castellii                       0.7833177 0.8618887 0.8849308 0.8249725 0.9843341 1.4241460 0.9810239 0.8884941 0.0000000 0.5559128 2.2028486 0.6010319 0.6153019 0.6067818 0.5997353 0.6167187 0.6215936 0.6102167 1.0303062 0.8822781 0.8593041 0.6051961 0.6845184 0.8892585 0.5389002 0.6952002 0.8019370 0.7624335 0.7459081 1.3635222 0.7495434 0.7463138 0.6669192 0.8539420 0.6743381 1.1954615 0.8473590 1.0066518 0.8501216 1.3923853 
Naumovozyma_dairenensis                     0.7474985 0.8167032 0.8986864 0.9055177 1.0089030 1.4337547 1.0064545 0.8789458 0.5559128 0.0000000 2.2737675 0.6508199 0.6891669 0.6131409 0.6541534 0.6532787 0.6948473 0.6368475 0.9700348 0.7553292 0.7509896 0.6295405 0.6314722 0.7517071 0.5915221 0.6606030 0.9569621 0.7216281 0.7821317 1.0617436 0.7187140 0.6563590 0.6866537 0.7644348 0.6625420 1.0945009 0.7739121 0.8604819 0.7192964 1.2079538 
Neurospora_crassa                           1.6878809 2.1601024 2.1150790 1.9464766 1.7101497 2.5695590 1.7933065 1.7478604 2.2028486 2.2737675 0.0000000 2.1892191 2.0819182 1.8878951 1.9747617 2.0570199 2.0837326 1.9079842 2.6611189 2.2780165 1.9463353 2.0722310 2.1101846 2.5333371 2.4150360 2.1004170 1.8848249 2.1837419 2.0986996 2.5515562 2.3774193 2.2083539 2.2636849 2.2824418 2.2681129 2.7220690 2.1298622 2.2073593 2.1822322 2.3899702 
Saccharomyces_arboricola                    0.7171003 0.8914814 0.8344708 1.0392722 0.8615222 1.2660133 0.9129108 0.7808730 0.6010319 0.6508199 2.1892191 0.0000000 0.2236790 0.2247989 0.2124334 0.2248300 0.2170429 0.2269451 1.2152020 0.8459956 0.8942017 0.7862855 0.6821619 0.9472927 0.7208569 0.7017108 0.8308557 0.7229424 0.8311020 1.3585682 0.8668138 0.8464650 0.7491144 0.8899338 0.7400266 1.2782479 1.0150065 0.9053185 0.9342766 1.3420348 
Saccharomyces_cerevisiae                    0.7821257 0.8834278 0.8416647 1.0271794 0.9338935 1.3253004 0.9334784 0.8077236 0.6153019 0.6891669 2.0819182 0.2236790 0.0000000 0.2730857 0.2285141 0.1996205 0.1136866 0.2531943 1.2947558 0.8404338 0.8681185 0.8322107 0.7438449 0.9540923 0.7499655 0.7868200 0.8834669 0.7486359 0.8009734 1.4234547 0.9524769 0.7882533 0.7415136 0.9280001 0.7577135 1.3428423 0.9318266 0.9463778 0.8862963 1.3145348 
Saccharomyces_eubayanus                     0.7117308 0.6883813 0.7862742 0.9566042 0.8323348 1.2717920 0.8910304 0.7886472 0.6067818 0.6131409 1.8878951 0.2247989 0.2730857 0.0000000 0.2239759 0.2444098 0.2457214 0.0648072 1.2587653 0.8043042 0.9019557 0.7390864 0.7239270 0.8688588 0.6865877 0.6612428 0.8410253 0.7343681 0.7987842 1.3811696 0.8616992 0.8170943 0.6994018 0.8525596 0.6995100 1.2649903 0.8759889 0.8819497 0.8807570 1.3122367 
Saccharomyces_kudriavzevii                  0.7707687 0.8108227 0.8226043 0.9672584 0.8485522 1.2593734 0.8593994 0.7536885 0.5997353 0.6541534 1.9747617 0.2124334 0.2285141 0.2239759 0.0000000 0.1982569 0.1850547 0.2371983 1.2202236 0.8508523 0.8793556 0.7492315 0.7238345 0.9288274 0.6656897 0.6910244 0.8434520 0.7671323 0.8182247 1.2831032 0.8938788 0.7969031 0.7065385 0.8487068 0.7239478 1.2006957 0.9319539 0.9642283 0.9146224 1.3221508 
Saccharomyces_mikatae                       0.7701518 0.8535497 0.8148433 0.9596729 0.8463394 1.3802570 0.8813899 0.7777225 0.6167187 0.6532787 2.0570199 0.2248300 0.1996205 0.2444098 0.1982569 0.0000000 0.1748863 0.2382856 1.2027076 0.8033716 0.8758477 0.7223436 0.6757932 0.8519437 0.6960424 0.7321460 0.8275132 0.7428800 0.8312968 1.3894109 0.8714852 0.7456525 0.7003697 0.8058691 0.6828735 1.2126082 0.8766079 0.9137849 0.8787553 1.2468752 
Saccharomyces_paradoxus                     0.8125367 0.8746744 0.8445564 1.0797403 0.9638506 1.3766556 0.8759255 0.8209420 0.6215936 0.6948473 2.0837326 0.2170429 0.1136866 0.2457214 0.1850547 0.1748863 0.0000000 0.2299668 1.2661845 0.8350192 0.9091289 0.8047223 0.7265723 0.9476477 0.7479702 0.7546030 0.8235452 0.7897030 0.8221818 1.4091069 0.9356902 0.8226833 0.7392410 0.9669070 0.7576593 1.3333847 0.9725666 0.9249064 0.9069203 1.3383347 
Saccharomyces_uvarum                        0.6968865 0.7738013 0.7659980 0.9975970 0.8461378 1.3163925 0.8802768 0.7445557 0.6102167 0.6368475 1.9079842 0.2269451 0.2531943 0.0648072 0.2371983 0.2382856 0.2299668 0.0000000 1.2421440 0.8038518 0.8760684 0.7017513 0.7499125 0.9153398 0.7268068 0.6878634 0.8094255 0.7279231 0.7683258 1.3503653 0.8004387 0.8466637 0.7497021 0.9025191 0.7631575 1.2647963 0.8966441 0.8764841 0.9026613 1.2225531 
Tetrapisispora_blattae                      1.2861862 1.4241799 1.2810763 1.3070977 1.3826834 1.7523378 1.3680765 1.2453147 1.0303062 0.9700348 2.6611189 1.2152020 1.2947558 1.2587653 1.2202236 1.2027076 1.2661845 1.2421440 0.0000000 1.1326052 1.0722261 1.1276356 1.0547400 1.0549078 1.0214161 1.0397964 1.2814321 1.1779346 1.3758235 1.3516987 1.1942331 1.1591370 1.0344569 1.1996428 1.1119794 1.3628461 1.1440946 1.1432850 1.1713320 1.0608379 
Tetrapisispora_phaffii                      0.8856820 1.0035249 0.9689035 1.1512913 0.9725283 1.2449806 1.1579598 0.9479596 0.8822781 0.7553292 2.2780165 0.8459956 0.8404338 0.8043042 0.8508523 0.8033716 0.8350192 0.8038518 1.1326052 0.0000000 0.7467420 0.8013667 0.7074607 0.7559190 0.8003170 0.8358463 1.0002911 0.9259797 0.7581597 1.4590316 0.9329832 0.8226251 0.8249263 0.8285714 0.8458614 1.3479685 0.3368407 0.5376045 0.2596047 1.2660563 
Vanderwaltozyma_polyspora                   0.8588565 1.0284728 1.1048371 1.0142642 0.9021967 1.3597939 1.1071693 0.8734982 0.8593041 0.7509896 1.9463353 0.8942017 0.8681185 0.9019557 0.8793556 0.8758477 0.9091289 0.8760684 1.0722261 0.7467420 0.0000000 0.9043736 0.7935046 0.9367122 0.8143929 0.8360728 1.0539086 0.8561395 0.8193158 1.3626566 0.9434895 0.7958357 0.8705311 1.0462869 0.8401965 1.4620057 0.8081325 0.6656667 0.7091002 1.3647521 
yHAB132_Kazachstania_martiniae              0.8054111 0.8614365 1.0032688 1.0282518 0.9433241 1.4672722 0.9585196 0.8190208 0.6051961 0.6295405 2.0722310 0.7862855 0.8322107 0.7390864 0.7492315 0.7223436 0.8047223 0.7017513 1.1276356 0.8013667 0.9043736 0.0000000 0.5877511 0.8139762 0.6278014 0.5794091 0.8894718 0.8187940 0.8360324 1.2962011 0.6800353 0.7131985 0.6743535 0.8536158 0.6725204 1.1160998 0.8452184 0.9107447 0.8343974 1.4249341 
yHAB133_Kazachstania_unispora               0.8225828 0.9113535 0.8560666 0.9616643 0.8700764 1.2929215 0.9613202 0.8583006 0.6845184 0.6314722 2.1101846 0.6821619 0.7438449 0.7239270 0.7238345 0.6757932 0.7265723 0.7499125 1.0547400 0.7074607 0.7935046 0.5877511 0.0000000 0.7722975 0.4876232 0.3210438 0.6866444 0.7715796 0.7929342 1.2195274 0.8221366 0.8183308 0.2667122 0.8539962 0.2697975 1.0761409 0.8162944 0.8662777 0.7911118 1.2824833 
yHAB134_Kazachstania_turicensis             1.0314319 0.8884923 1.1062922 1.1307944 1.1402227 1.5150895 1.1606275 0.9867325 0.8892585 0.7517071 2.5333371 0.9472927 0.9540923 0.8688588 0.9288274 0.8519437 0.9476477 0.9153398 1.0549078 0.7559190 0.9367122 0.8139762 0.7722975 0.0000000 0.8203967 0.7969355 1.0122203 0.9301136 0.7632443 1.4971133 0.7825372 0.8355421 0.8168674 0.4671752 0.8187029 1.4799130 0.8598771 0.9492585 0.8038721 1.4433541 
yHAB136_Kazachstania_bromeliacearum         0.8467979 0.8361556 0.7814144 0.9346050 0.9436711 1.2872503 0.9905080 0.8965452 0.5389002 0.5915221 2.4150360 0.7208569 0.7499655 0.6865877 0.6656897 0.6960424 0.7479702 0.7268068 1.0214161 0.8003170 0.8143929 0.6278014 0.4876232 0.8203967 0.0000000 0.5258737 0.7510734 0.7890569 0.7393074 1.0006810 0.8840370 0.6979404 0.5003699 0.8371452 0.5194168 0.9976864 0.8562383 0.8558081 0.8374689 1.2978162 
yHAB143_Kazachstania_siamensis              0.8526340 0.9174581 0.8081048 1.0936331 0.9554411 1.4116473 1.0484704 0.9302499 0.6952002 0.6606030 2.1004170 0.7017108 0.7868200 0.6612428 0.6910244 0.7321460 0.7546030 0.6878634 1.0397964 0.8358463 0.8360728 0.5794091 0.3210438 0.7969355 0.5258737 0.0000000 0.7665145 0.7553700 0.8065294 1.1748704 0.7289829 0.7998116 0.4102495 0.9246217 0.4269494 0.9463858 0.8729078 0.8199653 0.8280365 1.2604292 
yHAB147_Kazachstania_taianensis             0.9033986 0.9949356 0.7697499 1.2083842 1.0359829 1.4379694 1.0420376 0.9887381 0.8019370 0.9569621 1.8848249 0.8308557 0.8834669 0.8410253 0.8434520 0.8275132 0.8235452 0.8094255 1.2814321 1.0002911 1.0539086 0.8894718 0.6866444 1.0122203 0.7510734 0.7665145 0.0000000 0.8653643 0.9911231 1.4058429 1.0485019 1.0126416 0.6419555 1.1377973 0.6750514 1.4136119 1.1230684 1.0587352 1.0470499 1.3719762 
yHAB148_Kazachstania_intestinalis           0.8972484 0.9291135 0.7729193 1.1711916 0.9631990 1.5204939 0.9366971 0.9024428 0.7624335 0.7216281 2.1837419 0.7229424 0.7486359 0.7343681 0.7671323 0.7428800 0.7897030 0.7279231 1.1779346 0.9259797 0.8561395 0.8187940 0.7715796 0.9301136 0.7890569 0.7553700 0.8653643 0.0000000 0.8141066 1.2887288 0.9548945 0.8848551 0.8111826 0.9907936 0.8433754 1.2081146 1.0049646 0.9673957 0.9676284 1.4378956 
yHAB153_Kazachstania_rosinii                0.9182667 0.9019414 0.9577541 1.0861812 1.0969577 1.3866343 1.0578073 1.0087182 0.7459081 0.7821317 2.0986996 0.8311020 0.8009734 0.7987842 0.8182247 0.8312968 0.8221818 0.7683258 1.3758235 0.7581597 0.8193158 0.8360324 0.7929342 0.7632443 0.7393074 0.8065294 0.9911231 0.8141066 0.0000000 1.4747462 0.8307138 0.7936831 0.8260657 0.7875546 0.8035907 1.3720563 0.7748767 0.9710786 0.8479663 1.6661555 
yHAB154_Kazachstania_transvaalensis         1.3818582 1.0953838 1.3063933 1.6862727 1.3867782 1.9212608 1.4218283 1.2029988 1.3635222 1.0617436 2.5515562 1.3585682 1.4234547 1.3811696 1.2831032 1.3894109 1.4091069 1.3503653 1.3516987 1.4590316 1.3626566 1.2962011 1.2195274 1.4971133 1.0006810 1.1748704 1.4058429 1.2887288 1.4747462 0.0000000 1.3206423 1.2397367 1.2304662 1.3958381 1.1756349 0.4107727 1.4945156 1.6144696 1.4067632 1.6565168 
yHAB155_Kazachstania_spencerorum            0.9256741 0.9227366 0.9043646 1.0531201 1.1421992 1.3095467 1.0135710 0.9684196 0.7495434 0.7187140 2.3774193 0.8668138 0.9524769 0.8616992 0.8938788 0.8714852 0.9356902 0.8004387 1.1942331 0.9329832 0.9434895 0.6800353 0.8221366 0.7825372 0.8840370 0.7289829 1.0485019 0.9548945 0.8307138 1.3206423 0.0000000 0.8451379 0.8903892 0.7418468 0.8878025 1.3052358 0.9165305 0.9060310 0.8675226 1.6040868 
yHAB158_Kazachstania_viticola               0.9437638 0.8728360 0.9124163 1.1612280 0.9672343 1.5979154 1.1462131 1.0320811 0.7463138 0.6563590 2.2083539 0.8464650 0.7882533 0.8170943 0.7969031 0.7456525 0.8226833 0.8466637 1.1591370 0.8226251 0.7958357 0.7131985 0.8183308 0.8355421 0.6979404 0.7998116 1.0126416 0.8848551 0.7936831 1.2397367 0.8451379 0.0000000 0.7374688 0.7615180 0.7132582 1.1482910 0.7826513 0.9261449 0.8233270 1.4420560 
yHAB159_Kazachstania_solicola               0.8679625 0.8852470 0.8854626 1.0623996 0.9598759 1.2710182 0.9731001 0.9813442 0.6669192 0.6866537 2.2636849 0.7491144 0.7415136 0.6994018 0.7065385 0.7003697 0.7392410 0.7497021 1.0344569 0.8249263 0.8705311 0.6743535 0.2667122 0.8168674 0.5003699 0.4102495 0.6419555 0.8111826 0.8260657 1.2304662 0.8903892 0.7374688 0.0000000 0.8062110 0.0895828 1.2122752 0.8502342 0.9694349 0.8945854 1.2426944 
yHAB160_Kazachstania_kunashirensis          1.0375161 0.9087525 1.1033915 1.1506654 1.1475135 1.4108206 1.2516435 1.0872601 0.8539420 0.7644348 2.2824418 0.8899338 0.9280001 0.8525596 0.8487068 0.8058691 0.9669070 0.9025191 1.1996428 0.8285714 1.0462869 0.8536158 0.8539962 0.4671752 0.8371452 0.9246217 1.1377973 0.9907936 0.7875546 1.3958381 0.7418468 0.7615180 0.8062110 0.0000000 0.8287381 1.2451227 0.9060297 1.0199275 0.8597747 1.4743073 
yHAB164_Kazachstania_aerobia                0.8435500 0.8899348 0.8915978 1.1304023 0.9207399 1.2158269 0.9513737 0.9478130 0.6743381 0.6625420 2.2681129 0.7400266 0.7577135 0.6995100 0.7239478 0.6828735 0.7576593 0.7631575 1.1119794 0.8458614 0.8401965 0.6725204 0.2697975 0.8187029 0.5194168 0.4269494 0.6750514 0.8433754 0.8035907 1.1756349 0.8878025 0.7132582 0.0895828 0.8287381 0.0000000 1.1958037 0.8863078 0.8906558 0.9011435 1.2715274 
yHAB166_Kazachstania_yakushimaensis         1.3946204 1.1808352 1.1963644 1.6407971 1.3295633 1.9232082 1.4654719 1.2111003 1.1954615 1.0945009 2.7220690 1.2782479 1.3428423 1.2649903 1.2006957 1.2126082 1.3333847 1.2647963 1.3628461 1.3479685 1.4620057 1.1160998 1.0761409 1.4799130 0.9976864 0.9463858 1.4136119 1.2081146 1.3720563 0.4107727 1.3052358 1.1482910 1.2122752 1.2451227 1.1958037 0.0000000 1.4336364 1.4668769 1.2395664 1.6873349 
yHMPu5000034875_Tetrapisispora_fleetii      0.8631026 1.1238279 1.0282410 1.1018693 0.9829615 1.3243216 1.0988437 0.9276667 0.8473590 0.7739121 2.1298622 1.0150065 0.9318266 0.8759889 0.9319539 0.8766079 0.9725666 0.8966441 1.1440946 0.3368407 0.8081325 0.8452184 0.8162944 0.8598771 0.8562383 0.8729078 1.1230684 1.0049646 0.7748767 1.4945156 0.9165305 0.7826513 0.8502342 0.9060297 0.8863078 1.4336364 0.0000000 0.5561218 0.2054814 1.1131024 
yHMPu5000034876_Tetrapisispora_iriomotensis 0.9633336 1.2481062 1.0083509 1.1268245 1.0220436 1.2986398 1.1216234 0.9753925 1.0066518 0.8604819 2.2073593 0.9053185 0.9463778 0.8819497 0.9642283 0.9137849 0.9249064 0.8764841 1.1432850 0.5376045 0.6656667 0.9107447 0.8662777 0.9492585 0.8558081 0.8199653 1.0587352 0.9673957 0.9710786 1.6144696 0.9060310 0.9261449 0.9694349 1.0199275 0.8906558 1.4668769 0.5561218 0.0000000 0.4902370 1.2721514 
yHMPu5000034877_Tetrapisispora_namnaonensis 0.8681035 1.0565945 1.0477051 1.1138200 1.0223490 1.2934230 1.1269848 0.9584700 0.8501216 0.7192964 2.1822322 0.9342766 0.8862963 0.8807570 0.9146224 0.8787553 0.9069203 0.9026613 1.1713320 0.2596047 0.7091002 0.8343974 0.7911118 0.8038721 0.8374689 0.8280365 1.0470499 0.9676284 0.8479663 1.4067632 0.8675226 0.8233270 0.8945854 0.8597747 0.9011435 1.2395664 0.2054814 0.4902370 0.0000000 1.1892232 
yHMPu5000035629_Yueomyces_sinensis          1.1633438 1.4772583 1.4477027 1.6458677 1.4890560 2.1812727 1.5255122 1.2855068 1.3923853 1.2079538 2.3899702 1.3420348 1.3145348 1.3122367 1.3221508 1.2468752 1.3383347 1.2225531 1.0608379 1.2660563 1.3647521 1.4249341 1.2824833 1.4433541 1.2978162 1.2604292 1.3719762 1.4378956 1.6661555 1.6565168 1.6040868 1.4420560 1.2426944 1.4743073 1.2715274 1.6873349 1.1131024 1.2721514 1.1892232 0.0000000 
