40
Candida_glabrata                            0.0000000 1.1158965 0.6011594 0.6164913 0.4771879 0.7392734 0.5383879 0.5015984 0.6438011 0.6038797 3.0668855 0.5112864 0.5254602 0.5888715 0.5370340 0.5723067 0.5508610 0.5925384 1.1075247 0.8152283 0.6651967 0.4539888 0.4357610 0.5430496 0.5218691 0.4754233 0.5641982 0.8610765 0.7653864 0.6038443 0.8358930 0.6687252 0.6066763 0.4950255 0.5952119 0.4717923 0.7554780 0.7095155 0.7872877 1.3189468 
Kazachstania_africana                       1.1158965 0.0000000 1.0863947 0.9670665 1.0025561 1.3440574 1.0061612 0.9947882 1.0534195 0.8305240 3.3565942 1.0195136 1.0185092 1.0492784 1.0054053 1.0637208 1.0509053 1.0593940 1.5038265 1.0314691 1.1669295 0.9714735 0.8573026 0.8810822 0.8837516 0.8620758 0.9716294 1.3139371 1.1469027 1.0134791 1.1079811 1.1484404 1.0213450 0.9393305 1.0041453 0.9109602 1.1627493 1.1280790 1.1368692 1.4484198 
Kazachstania_naganishii                     0.6011594 1.0863947 0.0000000 0.6244661 0.6373952 0.8935893 0.6552651 0.5699443 0.5595854 0.5395388 2.5542845 0.5587036 0.5380287 0.5806939 0.5630477 0.5721685 0.5741000 0.5824513 1.3425854 0.7685069 0.7944854 0.5218820 0.4342922 0.5380944 0.4753264 0.4273807 0.4819339 0.8008330 0.6890723 0.6335798 0.8725282 0.6826795 0.5411242 0.4981905 0.5478310 0.5222446 0.7722401 0.7191067 0.7392480 1.5166050 
Nakaseomyces_bacillisporus                  0.6164913 0.9670665 0.6244661 0.0000000 0.5899870 0.7755371 0.5960695 0.5420588 0.6165243 0.4776088 3.0328653 0.5596554 0.5620687 0.5621642 0.5536122 0.5960220 0.5401502 0.5545483 1.1411041 0.6522816 0.7324341 0.5392709 0.4643666 0.5063034 0.4759850 0.4902874 0.5939150 0.7213260 0.6290040 0.5929637 0.7939390 0.6759504 0.5036780 0.5848462 0.5222022 0.5044515 0.6984657 0.6452440 0.7211308 1.4020718 
Nakaseomyces_bracarensis                    0.4771879 1.0025561 0.6373952 0.5899870 0.0000000 0.8284519 0.3172517 0.2778279 0.6143481 0.5688818 3.0749095 0.5317018 0.5356356 0.5340700 0.5268960 0.5685873 0.5543925 0.5354897 1.1208406 0.7599815 0.6468589 0.4965714 0.4817228 0.5146453 0.5344594 0.4906478 0.5131848 0.7911196 0.6297542 0.5597888 0.8379681 0.6334361 0.6220107 0.4826251 0.6367926 0.4393947 0.7472300 0.6306622 0.7437645 1.4052263 
Nakaseomyces_castellii                      0.7392734 1.3440574 0.8935893 0.7755371 0.8284519 0.0000000 0.8016584 0.8196294 0.8387928 0.8370069 2.8821659 0.7184092 0.7326052 0.7744303 0.7529263 0.7320285 0.6919726 0.7612614 1.3158885 0.9695684 0.9355910 0.8512501 0.8102776 0.8315097 0.8424172 0.7674138 0.8404341 1.0332407 0.9123697 0.9443184 1.0563770 0.9142260 0.8508175 0.8717385 0.8836174 0.8716799 0.9740904 0.9647309 1.0305845 1.8496022 
Nakaseomyces_delphensis                     0.5383879 1.0061612 0.6552651 0.5960695 0.3172517 0.8016584 0.0000000 0.2769207 0.6824609 0.5593985 3.0516628 0.4995687 0.5202974 0.5254885 0.5213156 0.5262381 0.5401583 0.5495395 1.2041682 0.8189259 0.7441177 0.5965593 0.5388850 0.5528817 0.5784646 0.5490606 0.5324227 0.9040080 0.6969305 0.6224031 0.8404400 0.7330516 0.6319107 0.5358523 0.6497959 0.5349237 0.7685031 0.7166073 0.8396487 1.4615630 
Nakaseomyces_nivariensis                    0.5015984 0.9947882 0.5699443 0.5420588 0.2778279 0.8196294 0.2769207 0.0000000 0.6137433 0.5390129 3.1543102 0.5334665 0.5097819 0.5394504 0.5134462 0.5107220 0.5333667 0.5463447 1.1255579 0.7619438 0.6881159 0.5202966 0.5004604 0.5111441 0.5034613 0.5216129 0.5670945 0.7531268 0.6668930 0.5739338 0.8834114 0.7000901 0.6096088 0.5212910 0.6413601 0.4710248 0.7247089 0.6205485 0.7197269 1.3924563 
Naumovozyma_castellii                       0.6438011 1.0534195 0.5595854 0.6165243 0.6143481 0.8387928 0.6824609 0.6137433 0.0000000 0.4263195 2.7563371 0.5642929 0.5582970 0.5457027 0.5595619 0.5658633 0.5362041 0.5208915 1.1383594 0.7386298 0.7922314 0.5200376 0.4139521 0.5648704 0.4271573 0.4334928 0.5132925 0.8181505 0.6243973 0.6847926 0.7713981 0.7055157 0.5477368 0.5576569 0.5570886 0.5561740 0.7604593 0.6900092 0.7507972 1.4249743 
Naumovozyma_dairenensis                     0.6038797 0.8305240 0.5395388 0.4776088 0.5688818 0.8370069 0.5593985 0.5390129 0.4263195 0.0000000 2.9816266 0.4776242 0.4478542 0.4422743 0.4951113 0.4688701 0.4737629 0.4427866 1.1317181 0.6909419 0.5734586 0.4231218 0.3951164 0.3982172 0.3891275 0.3901787 0.5336647 0.7801111 0.5442773 0.5376518 0.6433314 0.6384113 0.5109196 0.3807640 0.5158770 0.4440898 0.6585620 0.6102186 0.6725858 1.2696878 
Neurospora_crassa                           3.0668855 3.3565942 2.5542845 3.0328653 3.0749095 2.8821659 3.0516628 3.1543102 2.7563371 2.9816266 0.0000000 2.6533577 2.4824579 2.6816287 2.5262878 2.6645736 2.6959816 2.7443335 3.3330280 3.4376488 3.3930077 2.9825447 3.0707971 2.7291460 2.9352634 2.8939619 2.5627392 3.2608171 3.0877337 3.0578250 3.8271104 3.2165522 3.2720146 3.1165518 3.5361713 2.6922635 3.6498907 3.3481639 3.5397425 4.3088210 
Saccharomyces_arboricola                    0.5112864 1.0195136 0.5587036 0.5596554 0.5317018 0.7184092 0.4995687 0.5334665 0.5642929 0.4776242 2.6533577 0.0000000 0.1168754 0.1687537 0.1301866 0.1458280 0.1332215 0.1729293 1.2044548 0.7247145 0.7210336 0.4626858 0.4664762 0.5646677 0.4773924 0.4536776 0.5088445 0.7587596 0.6043873 0.6393144 0.8186803 0.6428313 0.5743371 0.5516238 0.5677329 0.5385702 0.7262475 0.6497125 0.7686147 1.4922376 
Saccharomyces_cerevisiae                    0.5254602 1.0185092 0.5380287 0.5620687 0.5356356 0.7326052 0.5202974 0.5097819 0.5582970 0.4478542 2.4824579 0.1168754 0.0000000 0.1774521 0.1316355 0.1306380 0.0718855 0.1710030 1.1547587 0.7673635 0.7354461 0.4747689 0.4461589 0.5324692 0.4321795 0.4500170 0.5085340 0.8015642 0.6580149 0.6340614 0.8096471 0.6252205 0.5743522 0.5190714 0.5640796 0.5167578 0.7698479 0.6566143 0.7515117 1.5017536 
Saccharomyces_eubayanus                     0.5888715 1.0492784 0.5806939 0.5621642 0.5340700 0.7744303 0.5254885 0.5394504 0.5457027 0.4422743 2.6816287 0.1687537 0.1774521 0.0000000 0.1761792 0.2102843 0.1618068 0.0271467 1.2695093 0.7678275 0.8276919 0.4370874 0.4783607 0.5562651 0.4146894 0.4585428 0.5516979 0.8598464 0.6081759 0.6404177 0.7568538 0.6718253 0.5768816 0.5265925 0.5342617 0.5234696 0.7737938 0.6906866 0.7900287 1.5266718 
Saccharomyces_kudriavzevii                  0.5370340 1.0054053 0.5630477 0.5536122 0.5268960 0.7529263 0.5213156 0.5134462 0.5595619 0.4951113 2.5262878 0.1301866 0.1316355 0.1761792 0.0000000 0.1685278 0.1439286 0.1783383 1.1850308 0.7910490 0.7449390 0.4841258 0.5156116 0.5999155 0.4558129 0.4901820 0.5192933 0.7592720 0.6143384 0.6597852 0.7938469 0.6717383 0.6234385 0.5591015 0.5774168 0.5669892 0.7936534 0.6928971 0.7780336 1.5343083 
Saccharomyces_mikatae                       0.5723067 1.0637208 0.5721685 0.5960220 0.5685873 0.7320285 0.5262381 0.5107220 0.5658633 0.4688701 2.6645736 0.1458280 0.1306380 0.2102843 0.1685278 0.0000000 0.1079808 0.2010782 1.2149009 0.7484308 0.7352367 0.4742120 0.4684430 0.5373214 0.4913054 0.4761263 0.5396076 0.7576441 0.6085037 0.6347183 0.8045227 0.6499362 0.5990167 0.5415019 0.5835432 0.5542271 0.7102766 0.6286071 0.7339249 1.4670010 
Saccharomyces_paradoxus                     0.5508610 1.0509053 0.5741000 0.5401502 0.5543925 0.6919726 0.5401583 0.5333667 0.5362041 0.4737629 2.6959816 0.1332215 0.0718855 0.1618068 0.1439286 0.1079808 0.0000000 0.1707026 1.2166036 0.7765539 0.7204798 0.4727311 0.4603397 0.5552717 0.4576753 0.4439568 0.5347561 0.8174796 0.6405201 0.6741207 0.8556322 0.6239579 0.5668016 0.5728860 0.5634635 0.5199308 0.7379621 0.6378030 0.7473773 1.3847568 
Saccharomyces_uvarum                        0.5925384 1.0593940 0.5824513 0.5545483 0.5354897 0.7612614 0.5495395 0.5463447 0.5208915 0.4427866 2.7443335 0.1729293 0.1710030 0.0271467 0.1783383 0.2010782 0.1707026 0.0000000 1.2651561 0.7494113 0.8345305 0.4523180 0.4629953 0.5523189 0.4184168 0.4565984 0.5608725 0.8199992 0.6165170 0.6387073 0.7444108 0.6571997 0.5611223 0.5188791 0.5222023 0.5115668 0.7524667 0.6711314 0.7664523 1.5445089 
Tetrapisispora_blattae                      1.1075247 1.5038265 1.3425854 1.1411041 1.1208406 1.3158885 1.2041682 1.1255579 1.1383594 1.1317181 3.3330280 1.2044548 1.1547587 1.2695093 1.1850308 1.2149009 1.2166036 1.2651561 0.0000000 1.2614168 1.1225519 1.1353774 1.1740590 1.1848239 1.1783703 1.1618905 1.2191716 1.2755052 1.1531663 1.1996688 1.3162859 1.2001018 1.1998267 1.2559920 1.2045780 1.1839594 1.2615752 1.1675869 1.2035259 1.8080654 
Tetrapisispora_phaffii                      0.8152283 1.0314691 0.7685069 0.6522816 0.7599815 0.9695684 0.8189259 0.7619438 0.7386298 0.6909419 3.4376488 0.7247145 0.7673635 0.7678275 0.7910490 0.7484308 0.7765539 0.7494113 1.2614168 0.0000000 0.7672916 0.6543426 0.6361057 0.6687687 0.7498165 0.6578719 0.7487850 0.8872006 0.7775330 0.8099861 1.0568575 0.7958795 0.7152340 0.7012608 0.7381702 0.6861284 0.4089275 0.4991236 0.4117750 1.4154651 
Vanderwaltozyma_polyspora                   0.6651967 1.1669295 0.7944854 0.7324341 0.6468589 0.9355910 0.7441177 0.6881159 0.7922314 0.5734586 3.3930077 0.7210336 0.7354461 0.8276919 0.7449390 0.7352367 0.7204798 0.8345305 1.1225519 0.7672916 0.0000000 0.5895330 0.5711990 0.6669010 0.6607418 0.5720313 0.6820864 0.8208901 0.6755743 0.7133915 0.7697722 0.7862632 0.6542426 0.6352222 0.6461908 0.6569127 0.7347802 0.7296285 0.7697059 1.3023157 
yHAB132_Kazachstania_martiniae              0.4539888 0.9714735 0.5218820 0.5392709 0.4965714 0.8512501 0.5965593 0.5202966 0.5200376 0.4231218 2.9825447 0.4626858 0.4747689 0.4370874 0.4841258 0.4742120 0.4727311 0.4523180 1.1353774 0.6543426 0.5895330 0.0000000 0.2630112 0.4383559 0.3627665 0.2695287 0.4599419 0.7632856 0.5953174 0.4003627 0.5245198 0.5663047 0.4427497 0.3770635 0.4323924 0.2810855 0.5902834 0.5791846 0.6137086 1.1858425 
yHAB133_Kazachstania_unispora               0.4357610 0.8573026 0.4342922 0.4643666 0.4817228 0.8102776 0.5388850 0.5004604 0.4139521 0.3951164 3.0707971 0.4664762 0.4461589 0.4783607 0.5156116 0.4684430 0.4603397 0.4629953 1.1740590 0.6361057 0.5711990 0.2630112 0.0000000 0.3553236 0.2657711 0.1307741 0.3365703 0.7462259 0.5772083 0.3654652 0.6296447 0.4977502 0.2207768 0.3627774 0.2290945 0.2224337 0.5985324 0.4966038 0.6561874 1.1462886 
yHAB134_Kazachstania_turicensis             0.5430496 0.8810822 0.5380944 0.5063034 0.5146453 0.8315097 0.5528817 0.5111441 0.5648704 0.3982172 2.7291460 0.5646677 0.5324692 0.5562651 0.5999155 0.5373214 0.5552717 0.5523189 1.1848239 0.6687687 0.6669010 0.4383559 0.3553236 0.0000000 0.4403859 0.4200575 0.4758998 0.8401486 0.5855223 0.5082561 0.6293877 0.5312016 0.5332095 0.2668676 0.5578116 0.3984918 0.6676366 0.6252092 0.6892948 1.3066961 
yHAB136_Kazachstania_bromeliacearum         0.5218691 0.8837516 0.4753264 0.4759850 0.5344594 0.8424172 0.5784646 0.5034613 0.4271573 0.3891275 2.9352634 0.4773924 0.4321795 0.4146894 0.4558129 0.4913054 0.4576753 0.4184168 1.1783703 0.7498165 0.6607418 0.3627665 0.2657711 0.4403859 0.0000000 0.2773751 0.4381700 0.7320595 0.5959811 0.4674692 0.5510435 0.6125861 0.4052675 0.3972582 0.4217823 0.3051861 0.6861915 0.6172773 0.7310478 1.2146427 
yHAB143_Kazachstania_siamensis              0.4754233 0.8620758 0.4273807 0.4902874 0.4906478 0.7674138 0.5490606 0.5216129 0.4334928 0.3901787 2.8939619 0.4536776 0.4500170 0.4585428 0.4901820 0.4761263 0.4439568 0.4565984 1.1618905 0.6578719 0.5720313 0.2695287 0.1307741 0.4200575 0.2773751 0.0000000 0.3352350 0.7467813 0.5755035 0.4244322 0.5752527 0.5213741 0.2609798 0.3562554 0.2736553 0.2682475 0.6018688 0.5279771 0.6428778 1.1917555 
yHAB147_Kazachstania_taianensis             0.5641982 0.9716294 0.4819339 0.5939150 0.5131848 0.8404341 0.5324227 0.5670945 0.5132925 0.5336647 2.5627392 0.5088445 0.5085340 0.5516979 0.5192933 0.5396076 0.5347561 0.5608725 1.2191716 0.7487850 0.6820864 0.4599419 0.3365703 0.4758998 0.4381700 0.3352350 0.0000000 0.8041646 0.6756926 0.5929364 0.7471031 0.6679887 0.4497049 0.4561024 0.4678691 0.4253248 0.7630427 0.6227871 0.6994154 1.4344606 
yHAB148_Kazachstania_intestinalis           0.8610765 1.3139371 0.8008330 0.7213260 0.7911196 1.0332407 0.9040080 0.7531268 0.8181505 0.7801111 3.2608171 0.7587596 0.8015642 0.8598464 0.7592720 0.7576441 0.8174796 0.8199992 1.2755052 0.8872006 0.8208901 0.7632856 0.7462259 0.8401486 0.7320595 0.7467813 0.8041646 0.0000000 0.8946161 0.9466375 0.9923143 0.8170976 0.8035084 0.7894635 0.8390423 0.7905521 0.9485824 1.0076268 0.9149216 1.7907045 
yHAB153_Kazachstania_rosinii                0.7653864 1.1469027 0.6890723 0.6290040 0.6297542 0.9123697 0.6969305 0.6668930 0.6243973 0.5442773 3.0877337 0.6043873 0.6580149 0.6081759 0.6143384 0.6085037 0.6405201 0.6165170 1.1531663 0.7775330 0.6755743 0.5953174 0.5772083 0.5855223 0.5959811 0.5755035 0.6756926 0.8946161 0.0000000 0.6519929 0.7683425 0.7407582 0.6833339 0.6405391 0.6937839 0.6472639 0.7644831 0.7850117 0.7809125 1.4308413 
yHAB154_Kazachstania_transvaalensis         0.6038443 1.0134791 0.6335798 0.5929637 0.5597888 0.9443184 0.6224031 0.5739338 0.6847926 0.5376518 3.0578250 0.6393144 0.6340614 0.6404177 0.6597852 0.6347183 0.6741207 0.6387073 1.1996688 0.8099861 0.7133915 0.4003627 0.3654652 0.5082561 0.4674692 0.4244322 0.5929364 0.9466375 0.6519929 0.0000000 0.6370977 0.6721078 0.5220395 0.4440208 0.5490099 0.2000550 0.6854649 0.7130206 0.7263181 1.3506957 
yHAB155_Kazachstania_spencerorum            0.8358930 1.1079811 0.8725282 0.7939390 0.8379681 1.0563770 0.8404400 0.8834114 0.7713981 0.6433314 3.8271104 0.8186803 0.8096471 0.7568538 0.7938469 0.8045227 0.8556322 0.7444108 1.3162859 1.0568575 0.7697722 0.5245198 0.6296447 0.6293877 0.5510435 0.5752527 0.7471031 0.9923143 0.7683425 0.6370977 0.0000000 0.8317530 0.7076276 0.5985375 0.7251158 0.6007288 0.8837647 0.8321277 0.9719735 1.5266785 
yHAB158_Kazachstania_viticola               0.6687252 1.1484404 0.6826795 0.6759504 0.6334361 0.9142260 0.7330516 0.7000901 0.7055157 0.6384113 3.2165522 0.6428313 0.6252205 0.6718253 0.6717383 0.6499362 0.6239579 0.6571997 1.2001018 0.7958795 0.7862632 0.5663047 0.4977502 0.5312016 0.6125861 0.5213741 0.6679887 0.8170976 0.7407582 0.6721078 0.8317530 0.0000000 0.6238196 0.5409540 0.6293322 0.5240214 0.7212571 0.6529651 0.7513143 1.4992589 
yHAB159_Kazachstania_solicola               0.6066763 1.0213450 0.5411242 0.5036780 0.6220107 0.8508175 0.6319107 0.6096088 0.5477368 0.5109196 3.2720146 0.5743371 0.5743522 0.5768816 0.6234385 0.5990167 0.5668016 0.5611223 1.1998267 0.7152340 0.6542426 0.4427497 0.2207768 0.5332095 0.4052675 0.2609798 0.4497049 0.8035084 0.6833339 0.5220395 0.7076276 0.6238196 0.0000000 0.4958289 0.1085588 0.3827545 0.6868635 0.6261092 0.6786071 1.3201251 
yHAB160_Kazachstania_kunashirensis          0.4950255 0.9393305 0.4981905 0.5848462 0.4826251 0.8717385 0.5358523 0.5212910 0.5576569 0.3807640 3.1165518 0.5516238 0.5190714 0.5265925 0.5591015 0.5415019 0.5728860 0.5188791 1.2559920 0.7012608 0.6352222 0.3770635 0.3627774 0.2668676 0.3972582 0.3562554 0.4561024 0.7894635 0.6405391 0.4440208 0.5985375 0.5409540 0.4958289 0.0000000 0.4839774 0.3411346 0.6227185 0.5953371 0.6379819 1.2273586 
yHAB164_Kazachstania_aerobia                0.5952119 1.0041453 0.5478310 0.5222022 0.6367926 0.8836174 0.6497959 0.6413601 0.5570886 0.5158770 3.5361713 0.5677329 0.5640796 0.5342617 0.5774168 0.5835432 0.5634635 0.5222023 1.2045780 0.7381702 0.6461908 0.4323924 0.2290945 0.5578116 0.4217823 0.2736553 0.4678691 0.8390423 0.6937839 0.5490099 0.7251158 0.6293322 0.1085588 0.4839774 0.0000000 0.3979900 0.6979436 0.6415483 0.7003150 1.3004318 
yHAB166_Kazachstania_yakushimaensis         0.4717923 0.9109602 0.5222446 0.5044515 0.4393947 0.8716799 0.5349237 0.4710248 0.5561740 0.4440898 2.6922635 0.5385702 0.5167578 0.5234696 0.5669892 0.5542271 0.5199308 0.5115668 1.1839594 0.6861284 0.6569127 0.2810855 0.2224337 0.3984918 0.3051861 0.2682475 0.4253248 0.7905521 0.6472639 0.2000550 0.6007288 0.5240214 0.3827545 0.3411346 0.3979900 0.0000000 0.5253871 0.5230193 0.5854835 1.1781249 
yHMPu5000034875_Tetrapisispora_fleetii      0.7554780 1.1627493 0.7722401 0.6984657 0.7472300 0.9740904 0.7685031 0.7247089 0.7604593 0.6585620 3.6498907 0.7262475 0.7698479 0.7737938 0.7936534 0.7102766 0.7379621 0.7524667 1.2615752 0.4089275 0.7347802 0.5902834 0.5985324 0.6676366 0.6861915 0.6018688 0.7630427 0.9485824 0.7644831 0.6854649 0.8837647 0.7212571 0.6868635 0.6227185 0.6979436 0.5253871 0.0000000 0.4252703 0.2300290 1.3937764 
yHMPu5000034876_Tetrapisispora_iriomotensis 0.7095155 1.1280790 0.7191067 0.6452440 0.6306622 0.9647309 0.7166073 0.6205485 0.6900092 0.6102186 3.3481639 0.6497125 0.6566143 0.6906866 0.6928971 0.6286071 0.6378030 0.6711314 1.1675869 0.4991236 0.7296285 0.5791846 0.4966038 0.6252092 0.6172773 0.5279771 0.6227871 1.0076268 0.7850117 0.7130206 0.8321277 0.6529651 0.6261092 0.5953371 0.6415483 0.5230193 0.4252703 0.0000000 0.4682142 1.4384821 
yHMPu5000034877_Tetrapisispora_namnaonensis 0.7872877 1.1368692 0.7392480 0.7211308 0.7437645 1.0305845 0.8396487 0.7197269 0.7507972 0.6725858 3.5397425 0.7686147 0.7515117 0.7900287 0.7780336 0.7339249 0.7473773 0.7664523 1.2035259 0.4117750 0.7697059 0.6137086 0.6561874 0.6892948 0.7310478 0.6428778 0.6994154 0.9149216 0.7809125 0.7263181 0.9719735 0.7513143 0.6786071 0.6379819 0.7003150 0.5854835 0.2300290 0.4682142 0.0000000 1.5561129 
yHMPu5000035629_Yueomyces_sinensis          1.3189468 1.4484198 1.5166050 1.4020718 1.4052263 1.8496022 1.4615630 1.3924563 1.4249743 1.2696878 4.3088210 1.4922376 1.5017536 1.5266718 1.5343083 1.4670010 1.3847568 1.5445089 1.8080654 1.4154651 1.3023157 1.1858425 1.1462886 1.3066961 1.2146427 1.1917555 1.4344606 1.7907045 1.4308413 1.3506957 1.5266785 1.4992589 1.3201251 1.2273586 1.3004318 1.1781249 1.3937764 1.4384821 1.5561129 0.0000000 
