40
Candida_glabrata                            0.0000000 0.9234874 0.7747435 0.6969505 0.4981445 0.7435815 0.5168392 0.5021488 0.7685366 0.7439068 1.9954976 0.6226763 0.6719106 0.6151264 0.6613581 0.6821447 0.7148379 0.6219603 0.8700620 0.8121126 0.7717207 0.6650732 1.1768007 0.8572817 0.8050045 1.0983910 0.8218887 0.7973411 0.6905465 0.9837452 0.7520675 0.8185428 1.1168173 0.6754136 1.1161422 0.9598387 0.7505728 0.8300628 0.8093059 0.9422063 
Kazachstania_africana                       0.9234874 0.0000000 0.9752123 1.0003624 1.0874041 1.0698309 1.1540366 1.0485094 0.9546278 0.9425091 2.7706951 0.9855337 1.0185207 1.0344506 1.0810652 0.9851295 1.0468269 1.0351943 1.1706279 1.0668466 0.9749978 0.8516447 1.3889549 0.9534345 0.9214952 1.3723551 0.9525751 0.9603155 0.9158327 1.1264568 0.9027670 0.9366513 1.1896203 0.9315165 1.1706978 1.0027086 1.0056692 1.0021093 1.0529028 1.2626952 
Kazachstania_naganishii                     0.7747435 0.9752123 0.0000000 0.9970012 0.9029511 0.8762954 0.9491927 0.8015385 0.8864381 0.8972248 2.2188506 0.8657244 0.8338610 0.9082406 0.7912391 0.8643174 0.8667583 0.8595178 0.9369029 0.9686267 1.0282836 0.6995997 1.0980147 0.9462579 0.7473171 0.9631069 0.7250343 0.8658671 0.8106631 1.0061572 0.9171036 0.8943071 0.9547139 0.8727354 0.9739159 1.0103744 0.9530495 0.9553362 1.0239535 1.2241695 
Nakaseomyces_bacillisporus                  0.6969505 1.0003624 0.9970012 0.0000000 0.6527231 0.7769873 0.7123848 0.6482213 0.7115794 0.7370429 2.3051577 0.6440301 0.6787838 0.6736892 0.6903829 0.6373685 0.6563112 0.6513380 0.8525201 0.7613214 0.7515378 0.7558855 1.0990567 0.8922713 0.8293232 1.1270183 0.8472137 0.9053387 0.7745434 1.0422838 0.7640075 0.9038212 1.0878657 0.8499033 1.1210579 1.0752663 0.6985561 0.7330126 0.7337685 0.9122830 
Nakaseomyces_bracarensis                    0.4981445 1.0874041 0.9029511 0.6527231 0.0000000 0.8142351 0.3315464 0.2728640 0.6814929 0.7970477 2.1264452 0.7050462 0.6927398 0.6908791 0.7092967 0.6632461 0.6885856 0.7190259 0.8196974 0.7937817 0.7802432 0.7479511 1.0186465 0.7156377 0.8086757 1.0785869 0.8291217 0.8326878 0.7947984 0.9321208 0.8568112 0.8973396 0.9995844 0.8139699 0.9995111 0.9901973 0.8053466 0.7689277 0.7710362 0.8974795 
Nakaseomyces_castellii                      0.7435815 1.0698309 0.8762954 0.7769873 0.8142351 0.0000000 0.6900759 0.7578761 0.8172550 0.8672915 2.3757742 0.7354856 0.7347712 0.7673947 0.7461284 0.7479642 0.7118360 0.7701030 0.8395349 0.7304933 0.6979213 0.7409410 1.1907642 0.8994682 0.8577770 1.1301634 0.9270011 0.9815393 0.7791155 1.0683997 0.8938501 0.9337048 1.0956338 0.9303958 1.0800469 1.0357370 0.7296736 0.7545097 0.7665214 1.0512257 
Nakaseomyces_delphensis                     0.5168392 1.1540366 0.9491927 0.7123848 0.3315464 0.6900759 0.0000000 0.2921867 0.6897118 0.7613938 2.2099044 0.5891784 0.6513354 0.5485673 0.5789938 0.6060956 0.6540034 0.5693325 0.8139111 0.7298145 0.6844495 0.7101024 1.1163137 0.7504211 0.8361972 1.0489381 0.8405146 0.8784482 0.8223169 0.9691861 0.7772948 0.9022643 0.9939419 0.8105123 1.0587487 1.0368125 0.7256053 0.7262844 0.7142924 0.8259360 
Nakaseomyces_nivariensis                    0.5021488 1.0485094 0.8015385 0.6482213 0.2728640 0.7578761 0.2921867 0.0000000 0.6887976 0.7520976 2.3312219 0.5888562 0.5839177 0.5759943 0.5830495 0.5649837 0.5755300 0.5918820 0.7326694 0.7098388 0.6899240 0.6516571 0.9806318 0.7126780 0.7889997 1.0379165 0.7418597 0.8455735 0.7206219 0.8920039 0.7632388 0.8860893 0.9131079 0.7603127 0.9721108 0.9248282 0.6920791 0.7191988 0.7142158 0.8202869 
Naumovozyma_castellii                       0.7685366 0.9546278 0.8864381 0.7115794 0.6814929 0.8172550 0.6897118 0.6887976 0.0000000 0.6031679 2.3837386 0.7539646 0.7150714 0.8496826 0.7657844 0.7467708 0.8018541 0.8127436 0.8186858 0.7175478 0.6930703 0.6487878 1.0740107 0.8443757 0.8338554 1.0644788 0.7959637 0.9351656 0.8123718 0.8695935 0.7548638 0.8124946 0.9929025 0.8170884 1.0174259 0.9285656 0.6883613 0.7896324 0.7348421 0.9619456 
Naumovozyma_dairenensis                     0.7439068 0.9425091 0.8972248 0.7370429 0.7970477 0.8672915 0.7613938 0.7520976 0.6031679 0.0000000 2.4429475 0.7311005 0.7433643 0.7446971 0.7937266 0.7347382 0.7285028 0.7305967 0.8966066 0.7600600 0.7641636 0.6781453 0.9865683 0.7768785 0.8336862 1.0873869 0.8389638 0.8984049 0.8427725 0.8993803 0.7608823 0.9160325 0.9980264 0.8075727 1.0713600 0.8649988 0.7456136 0.7839594 0.7941912 1.0114311 
Neurospora_crassa                           1.9954976 2.7706951 2.2188506 2.3051577 2.1264452 2.3757742 2.2099044 2.3312219 2.3837386 2.4429475 0.0000000 2.2313940 2.1414260 2.1768775 2.0733837 2.1359917 2.0739904 2.1449682 2.3865850 2.4771209 2.4569466 2.1826345 2.2967306 2.3895175 2.2528177 2.5262723 2.0897668 1.8739290 2.0405183 2.3528779 2.2141628 2.2587151 2.2469234 2.5786650 2.1622791 2.4948468 2.6684150 2.5107071 2.6691147 2.7424497 
Saccharomyces_arboricola                    0.6226763 0.9855337 0.8657244 0.6440301 0.7050462 0.7354856 0.5891784 0.5888562 0.7539646 0.7311005 2.2313940 0.0000000 0.2059868 0.1926460 0.1605445 0.1928242 0.2209162 0.1989714 0.8491159 0.7478089 0.6608125 0.6919757 1.0738587 0.7652155 0.7474093 1.0879512 0.7722541 0.8395636 0.7350108 0.9092812 0.7434415 0.7856461 1.0883804 0.7411186 1.1149167 0.8927589 0.6988512 0.7167073 0.7085039 0.9129869 
Saccharomyces_cerevisiae                    0.6719106 1.0185207 0.8338610 0.6787838 0.6927398 0.7347712 0.6513354 0.5839177 0.7150714 0.7433643 2.1414260 0.2059868 0.0000000 0.2276536 0.1988275 0.1488276 0.1250910 0.2239879 0.8239056 0.7362979 0.6760167 0.7229664 1.1088513 0.7029913 0.7819242 1.1202158 0.8296982 0.8163589 0.7480859 0.8450996 0.7649717 0.8733302 1.0772875 0.7718583 1.1167137 0.9403120 0.7144290 0.7680929 0.7347226 0.9621407 
Saccharomyces_eubayanus                     0.6151264 1.0344506 0.9082406 0.6736892 0.6908791 0.7673947 0.5485673 0.5759943 0.8496826 0.7446971 2.1768775 0.1926460 0.2276536 0.0000000 0.1664242 0.2220816 0.2168855 0.0636772 0.7802997 0.7701292 0.7402309 0.7250661 1.1076415 0.7351440 0.7751596 1.0956711 0.8152725 0.8177491 0.7050768 0.8888332 0.7571353 0.8994124 1.1343175 0.7581535 1.1567142 0.9036726 0.7639029 0.7931441 0.7513034 0.9258361 
Saccharomyces_kudriavzevii                  0.6613581 1.0810652 0.7912391 0.6903829 0.7092967 0.7461284 0.5789938 0.5830495 0.7657844 0.7937266 2.0733837 0.1605445 0.1988275 0.1664242 0.0000000 0.1773009 0.1965035 0.1702478 0.8498624 0.7733848 0.6719242 0.6636032 1.1157651 0.7633959 0.7582028 1.0573375 0.7521997 0.8291538 0.7461701 0.8894847 0.7764776 0.8703472 1.0965818 0.7359560 1.1106887 0.9223481 0.7102121 0.7574763 0.7605069 0.9863491 
Saccharomyces_mikatae                       0.6821447 0.9851295 0.8643174 0.6373685 0.6632461 0.7479642 0.6060956 0.5649837 0.7467708 0.7347382 2.1359917 0.1928242 0.1488276 0.2220816 0.1773009 0.0000000 0.1562924 0.2244495 0.8104922 0.7162377 0.6718857 0.7363689 1.1174279 0.7645916 0.8056084 1.0628081 0.8344174 0.8726339 0.7452410 0.9216771 0.7709589 0.8431315 1.0726545 0.7583125 1.1279054 0.9819065 0.7367001 0.7400134 0.7941126 0.9501524 
Saccharomyces_paradoxus                     0.7148379 1.0468269 0.8667583 0.6563112 0.6885856 0.7118360 0.6540034 0.5755300 0.8018541 0.7285028 2.0739904 0.2209162 0.1250910 0.2168855 0.1965035 0.1562924 0.0000000 0.2168590 0.8117633 0.7130501 0.6923159 0.7125152 1.1092401 0.7589823 0.8042241 1.0423791 0.8144700 0.8266911 0.7231337 0.8386193 0.7634092 0.9002811 1.0620388 0.7867759 1.1167407 0.9097650 0.7591556 0.8047227 0.8028156 0.9921423 
Saccharomyces_uvarum                        0.6219603 1.0351943 0.8595178 0.6513380 0.7190259 0.7701030 0.5693325 0.5918820 0.8127436 0.7305967 2.1449682 0.1989714 0.2239879 0.0636772 0.1702478 0.2244495 0.2168590 0.0000000 0.7620562 0.7561988 0.7456570 0.6869397 1.1096997 0.7338925 0.7875762 1.0674456 0.8242738 0.8052030 0.7253606 0.8450818 0.7622688 0.8677225 1.0841407 0.7341453 1.1276407 0.8904580 0.7246830 0.7582874 0.7379347 0.9594458 
Tetrapisispora_blattae                      0.8700620 1.1706279 0.9369029 0.8525201 0.8196974 0.8395349 0.8139111 0.7326694 0.8186858 0.8966066 2.3865850 0.8491159 0.8239056 0.7802997 0.8498624 0.8104922 0.8117633 0.7620562 0.0000000 0.7328650 0.7574150 0.7879146 1.0679964 0.9390571 0.8414741 1.0186318 0.9531511 1.1311393 0.8783331 1.0898843 0.9173907 0.9776226 1.1494285 0.9275913 1.1427476 1.0556034 0.6949453 0.7493945 0.7336520 0.5629240 
Tetrapisispora_phaffii                      0.8121126 1.0668466 0.9686267 0.7613214 0.7937817 0.7304933 0.7298145 0.7098388 0.7175478 0.7600600 2.4771209 0.7478089 0.7362979 0.7701292 0.7733848 0.7162377 0.7130501 0.7561988 0.7328650 0.0000000 0.5170670 0.6813691 1.0566688 0.9377259 0.8665648 1.0272016 0.9436179 0.9047042 0.7795112 0.9254749 0.8205161 0.8645867 1.1639542 0.7563676 1.1669526 0.9304217 0.1909095 0.3394621 0.2396983 0.7588812 
Vanderwaltozyma_polyspora                   0.7717207 0.9749978 1.0282836 0.7515378 0.7802432 0.6979213 0.6844495 0.6899240 0.6930703 0.7641636 2.4569466 0.6608125 0.6760167 0.7402309 0.6719242 0.6718857 0.6923159 0.7456570 0.7574150 0.5170670 0.0000000 0.6300047 0.9559921 0.8744853 0.8302485 0.9785112 0.8619292 0.9715494 0.7287292 0.9566321 0.6870408 0.9593381 1.0355400 0.7323091 1.0839206 0.9461441 0.5073770 0.5372293 0.4959603 0.8944494 
yHAB132_Kazachstania_martiniae              0.6650732 0.8516447 0.6995997 0.7558855 0.7479511 0.7409410 0.7101024 0.6516571 0.6487878 0.6781453 2.1826345 0.6919757 0.7229664 0.7250661 0.6636032 0.7363689 0.7125152 0.6869397 0.7879146 0.6813691 0.6300047 0.0000000 0.8697432 0.5798000 0.6060643 0.7935586 0.6106231 0.6967741 0.5879626 0.7701920 0.5915627 0.6683080 0.8991190 0.5628286 0.8848978 0.7573601 0.6512516 0.7185512 0.6850288 0.9635576 
yHAB133_Kazachstania_unispora               1.1768007 1.3889549 1.0980147 1.0990567 1.0186465 1.1907642 1.1163137 0.9806318 1.0740107 0.9865683 2.2967306 1.0738587 1.1088513 1.1076415 1.1157651 1.1174279 1.1092401 1.1096997 1.0679964 1.0566688 0.9559921 0.8697432 0.0000000 1.0625960 0.8157575 0.3265375 0.8956507 1.1444857 1.0705479 0.8209546 1.0108270 1.1446567 0.2161800 1.0928067 0.2280283 0.9912050 1.1291335 1.0763421 1.1195300 1.1363166 
yHAB134_Kazachstania_turicensis             0.8572817 0.9534345 0.9462579 0.8922713 0.7156377 0.8994682 0.7504211 0.7126780 0.8443757 0.7768785 2.3895175 0.7652155 0.7029913 0.7351440 0.7633959 0.7645916 0.7589823 0.7338925 0.9390571 0.9377259 0.8744853 0.5798000 1.0625960 0.0000000 0.7095152 1.0241770 0.7553764 0.7469451 0.6876384 0.8638028 0.6563332 0.9035882 0.9841049 0.6042941 1.0110891 0.9639920 0.9594100 0.9600764 1.0053697 1.0649238 
yHAB136_Kazachstania_bromeliacearum         0.8050045 0.9214952 0.7473171 0.8293232 0.8086757 0.8577770 0.8361972 0.7889997 0.8338554 0.8336862 2.2528177 0.7474093 0.7819242 0.7751596 0.7582028 0.8056084 0.8042241 0.7875762 0.8414741 0.8665648 0.8302485 0.6060643 0.8157575 0.7095152 0.0000000 0.7716482 0.6885564 0.7031134 0.7241510 0.7882156 0.6058856 0.7723538 0.7596876 0.6495495 0.7750333 0.7492885 0.8723143 0.8163334 0.9127886 1.0895960 
yHAB143_Kazachstania_siamensis              1.0983910 1.3723551 0.9631069 1.1270183 1.0785869 1.1301634 1.0489381 1.0379165 1.0644788 1.0873869 2.5262723 1.0879512 1.1202158 1.0956711 1.0573375 1.0628081 1.0423791 1.0674456 1.0186318 1.0272016 0.9785112 0.7935586 0.3265375 1.0241770 0.7716482 0.0000000 0.9888643 1.1541649 0.9962481 0.9195652 1.0694615 1.0782487 0.3370748 1.0118415 0.3713477 0.9885016 1.0380313 1.0907067 1.0721249 1.1903650 
yHAB147_Kazachstania_taianensis             0.8218887 0.9525751 0.7250343 0.8472137 0.8291217 0.9270011 0.8405146 0.7418597 0.7959637 0.8389638 2.0897668 0.7722541 0.8296982 0.8152725 0.7521997 0.8344174 0.8144700 0.8242738 0.9531511 0.9436179 0.8619292 0.6106231 0.8956507 0.7553764 0.6885564 0.9888643 0.0000000 0.8271914 0.6816328 0.8359117 0.7730171 0.8498735 0.8826495 0.8078101 0.8998140 0.8360066 0.8801629 0.8583536 0.9559430 1.1320803 
yHAB148_Kazachstania_intestinalis           0.7973411 0.9603155 0.8658671 0.9053387 0.8326878 0.9815393 0.8784482 0.8455735 0.9351656 0.8984049 1.8739290 0.8395636 0.8163589 0.8177491 0.8291538 0.8726339 0.8266911 0.8052030 1.1311393 0.9047042 0.9715494 0.6967741 1.1444857 0.7469451 0.7031134 1.1541649 0.8271914 0.0000000 0.7038733 0.9607849 0.7285564 0.9165932 1.0099927 0.8221851 1.0240791 0.9187801 0.9466466 0.9337892 0.9271098 1.1465277 
yHAB153_Kazachstania_rosinii                0.6905465 0.9158327 0.8106631 0.7745434 0.7947984 0.7791155 0.8223169 0.7206219 0.8123718 0.8427725 2.0405183 0.7350108 0.7480859 0.7050768 0.7461701 0.7452410 0.7231337 0.7253606 0.8783331 0.7795112 0.7287292 0.5879626 1.0705479 0.6876384 0.7241510 0.9962481 0.6816328 0.7038733 0.0000000 0.8695882 0.5456378 0.7310100 1.0348726 0.5629249 0.9748588 0.9317144 0.8061112 0.8665455 0.8743504 1.1265710 
yHAB154_Kazachstania_transvaalensis         0.9837452 1.1264568 1.0061572 1.0422838 0.9321208 1.0683997 0.9691861 0.8920039 0.8695935 0.8993803 2.3528779 0.9092812 0.8450996 0.8888332 0.8894847 0.9216771 0.8386193 0.8450818 1.0898843 0.9254749 0.9566321 0.7701920 0.8209546 0.8638028 0.7882156 0.9195652 0.8359117 0.9607849 0.8695882 0.0000000 0.8365538 0.9062836 0.7893441 0.8584287 0.8373363 0.3477033 0.9680313 0.9148427 1.0040775 1.2278691 
yHAB155_Kazachstania_spencerorum            0.7520675 0.9027670 0.9171036 0.7640075 0.8568112 0.8938501 0.7772948 0.7632388 0.7548638 0.7608823 2.2141628 0.7434415 0.7649717 0.7571353 0.7764776 0.7709589 0.7634092 0.7622688 0.9173907 0.8205161 0.6870408 0.5915627 1.0108270 0.6563332 0.6058856 1.0694615 0.7730171 0.7285564 0.5456378 0.8365538 0.0000000 0.7308301 1.0028703 0.6466388 0.9586999 0.8518115 0.7934079 0.7161652 0.8216611 1.0739036 
yHAB158_Kazachstania_viticola               0.8185428 0.9366513 0.8943071 0.9038212 0.8973396 0.9337048 0.9022643 0.8860893 0.8124946 0.9160325 2.2587151 0.7856461 0.8733302 0.8994124 0.8703472 0.8431315 0.9002811 0.8677225 0.9776226 0.8645867 0.9593381 0.6683080 1.1446567 0.9035882 0.7723538 1.0782487 0.8498735 0.9165932 0.7310100 0.9062836 0.7308301 0.0000000 1.1069073 0.8093551 1.1528319 0.8568683 0.8717257 0.9931213 0.9211532 1.0874423 
yHAB159_Kazachstania_solicola               1.1168173 1.1896203 0.9547139 1.0878657 0.9995844 1.0956338 0.9939419 0.9131079 0.9929025 0.9980264 2.2469234 1.0883804 1.0772875 1.1343175 1.0965818 1.0726545 1.0620388 1.0841407 1.1494285 1.1639542 1.0355400 0.8991190 0.2161800 0.9841049 0.7596876 0.3370748 0.8826495 1.0099927 1.0348726 0.7893441 1.0028703 1.1069073 0.0000000 1.0754098 0.0922702 0.9495529 1.2018746 1.1369415 1.2033929 1.2369722 
yHAB160_Kazachstania_kunashirensis          0.6754136 0.9315165 0.8727354 0.8499033 0.8139699 0.9303958 0.8105123 0.7603127 0.8170884 0.8075727 2.5786650 0.7411186 0.7718583 0.7581535 0.7359560 0.7583125 0.7867759 0.7341453 0.9275913 0.7563676 0.7323091 0.5628286 1.0928067 0.6042941 0.6495495 1.0118415 0.8078101 0.8221851 0.5629249 0.8584287 0.6466388 0.8093551 1.0754098 0.0000000 1.0944490 0.8172847 0.7371919 0.7247987 0.8099225 0.9670908 
yHAB164_Kazachstania_aerobia                1.1161422 1.1706978 0.9739159 1.1210579 0.9995111 1.0800469 1.0587487 0.9721108 1.0174259 1.0713600 2.1622791 1.1149167 1.1167137 1.1567142 1.1106887 1.1279054 1.1167407 1.1276407 1.1427476 1.1669526 1.0839206 0.8848978 0.2280283 1.0110891 0.7750333 0.3713477 0.8998140 1.0240791 0.9748588 0.8373363 0.9586999 1.1528319 0.0922702 1.0944490 0.0000000 0.9286217 1.1816099 1.0831148 1.1359728 1.2404924 
yHAB166_Kazachstania_yakushimaensis         0.9598387 1.0027086 1.0103744 1.0752663 0.9901973 1.0357370 1.0368125 0.9248282 0.9285656 0.8649988 2.4948468 0.8927589 0.9403120 0.9036726 0.9223481 0.9819065 0.9097650 0.8904580 1.0556034 0.9304217 0.9461441 0.7573601 0.9912050 0.9639920 0.7492885 0.9885016 0.8360066 0.9187801 0.9317144 0.3477033 0.8518115 0.8568683 0.9495529 0.8172847 0.9286217 0.0000000 0.9508632 0.8796707 0.9646035 1.2319429 
yHMPu5000034875_Tetrapisispora_fleetii      0.7505728 1.0056692 0.9530495 0.6985561 0.8053466 0.7296736 0.7256053 0.6920791 0.6883613 0.7456136 2.6684150 0.6988512 0.7144290 0.7639029 0.7102121 0.7367001 0.7591556 0.7246830 0.6949453 0.1909095 0.5073770 0.6512516 1.1291335 0.9594100 0.8723143 1.0380313 0.8801629 0.9466466 0.8061112 0.9680313 0.7934079 0.8717257 1.2018746 0.7371919 1.1816099 0.9508632 0.0000000 0.3075850 0.1359260 0.7280004 
yHMPu5000034876_Tetrapisispora_iriomotensis 0.8300628 1.0021093 0.9553362 0.7330126 0.7689277 0.7545097 0.7262844 0.7191988 0.7896324 0.7839594 2.5107071 0.7167073 0.7680929 0.7931441 0.7574763 0.7400134 0.8047227 0.7582874 0.7493945 0.3394621 0.5372293 0.7185512 1.0763421 0.9600764 0.8163334 1.0907067 0.8583536 0.9337892 0.8665455 0.9148427 0.7161652 0.9931213 1.1369415 0.7247987 1.0831148 0.8796707 0.3075850 0.0000000 0.3333944 0.7792622 
yHMPu5000034877_Tetrapisispora_namnaonensis 0.8093059 1.0529028 1.0239535 0.7337685 0.7710362 0.7665214 0.7142924 0.7142158 0.7348421 0.7941912 2.6691147 0.7085039 0.7347226 0.7513034 0.7605069 0.7941126 0.8028156 0.7379347 0.7336520 0.2396983 0.4959603 0.6850288 1.1195300 1.0053697 0.9127886 1.0721249 0.9559430 0.9271098 0.8743504 1.0040775 0.8216611 0.9211532 1.2033929 0.8099225 1.1359728 0.9646035 0.1359260 0.3333944 0.0000000 0.8189083 
yHMPu5000035629_Yueomyces_sinensis          0.9422063 1.2626952 1.2241695 0.9122830 0.8974795 1.0512257 0.8259360 0.8202869 0.9619456 1.0114311 2.7424497 0.9129869 0.9621407 0.9258361 0.9863491 0.9501524 0.9921423 0.9594458 0.5629240 0.7588812 0.8944494 0.9635576 1.1363166 1.0649238 1.0895960 1.1903650 1.1320803 1.1465277 1.1265710 1.2278691 1.0739036 1.0874423 1.2369722 0.9670908 1.2404924 1.2319429 0.7280004 0.7792622 0.8189083 0.0000000 
