40
Candida_glabrata                            0.0000000 1.0403205 1.3084267 0.9895921 0.4427132 1.6228869 0.6585053 0.4913053 1.0264499 0.9745782 2.3502351 0.8240171 0.8974213 0.8752810 0.8088498 0.8534343 0.8299888 0.8413773 1.1217130 0.7574023 0.7557491 0.8887209 0.9734804 0.7297745 0.8544279 1.0894515 1.4709176 0.8698080 0.8806493 1.1418026 0.9178781 0.8684380 1.0547952 0.8437260 1.0886239 1.3446620 0.7197144 0.6993545 0.7576259 0.9779708 
Kazachstania_africana                       1.0403205 0.0000000 1.3792106 0.9654019 1.1811934 1.5757670 1.1164348 1.0380427 0.8536779 0.9106267 3.1869350 1.0198767 0.9683957 0.9701255 0.9123519 0.9509130 0.9372654 1.0123411 1.0753523 1.1079465 0.9802578 0.9117596 0.8716062 0.6624278 0.8274291 0.7361931 1.8501242 0.8489919 0.7103083 1.0897091 0.7096841 0.7059647 0.9318047 0.7153230 0.9057205 1.2412336 1.0032886 1.0225429 0.9158602 1.2821399 
Kazachstania_naganishii                     1.3084267 1.3792106 0.0000000 1.3556020 1.3315405 2.0142134 1.4830040 1.2984397 1.3913145 1.3588556 3.0701418 1.1962398 1.3852439 1.0835703 1.1927976 1.3966933 1.4330316 1.0868805 2.0862210 1.1826680 1.5597421 1.4162649 1.1790731 1.3636581 1.0963754 1.2854494 1.1953527 1.0754369 1.0202841 1.6285552 1.3632178 1.4456940 1.0459222 1.3821213 1.0613395 1.6110082 1.4201910 1.3047436 1.4078503 1.9927503 
Nakaseomyces_bacillisporus                  0.9895921 0.9654019 1.3556020 0.0000000 1.0088047 1.6915428 0.9618204 0.8940519 0.9728048 0.9205224 2.8462528 0.9982602 0.9711316 0.9901766 0.8408011 1.0719670 1.0044318 0.9682508 1.2667459 0.9939551 0.9948744 1.0313485 1.0454442 1.0978876 1.0044890 1.0383891 2.2428339 1.0159886 1.0960672 1.0519079 1.0192924 0.9964044 1.1850761 1.0862883 1.1234312 1.2496906 0.9873409 1.0773207 1.0055811 1.3762578 
Nakaseomyces_bracarensis                    0.4427132 1.1811934 1.3315405 1.0088047 0.0000000 1.5924154 0.3646333 0.2446890 1.0708603 1.0679095 2.0073871 0.8226448 0.8669443 0.6464275 0.7391591 0.8536074 0.8116452 0.6425449 1.0136839 0.9071877 0.7193745 0.8924757 0.9776076 0.9179145 1.1510334 1.0941861 1.6098440 0.9009975 1.0089097 1.1508812 0.9411270 0.9673273 1.0610693 0.9303464 1.0606333 1.1698003 0.9074396 0.6928658 0.9668008 1.0160683 
Nakaseomyces_castellii                      1.6228869 1.5757670 2.0142134 1.6915428 1.5924154 0.0000000 1.6331287 1.5650032 2.0413454 1.6165210 3.1135983 1.7595776 1.8540908 1.7033608 1.6108064 1.8465180 1.8402532 1.7191674 1.5709505 1.8493333 1.6710342 1.6133597 1.9808493 1.5765551 1.7128490 2.0883280 2.0193707 1.4784064 1.3493343 2.0980665 1.6529913 1.7896939 2.0034556 1.7296545 2.0009092 2.2253499 1.6211257 1.8219101 1.7505643 1.6956140 
Nakaseomyces_delphensis                     0.6585053 1.1164348 1.4830040 0.9618204 0.3646333 1.6331287 0.0000000 0.3419580 1.1104941 1.0379444 2.0743400 0.9412877 0.9009160 0.8164447 0.8856275 0.9590769 0.9179967 0.8306525 0.9535506 0.9075025 0.9211103 1.0276173 1.1741104 0.9230392 1.3065478 1.2682383 2.0449865 0.8714145 1.1003250 1.1537448 1.0340436 0.9815938 1.2177150 0.9668052 1.1520803 1.2395411 0.8868481 0.8337437 0.9153077 1.2465238 
Nakaseomyces_nivariensis                    0.4913053 1.0380427 1.2984397 0.8940519 0.2446890 1.5650032 0.3419580 0.0000000 0.9388862 0.9248301 2.0077694 0.7725193 0.7469633 0.7810386 0.8063126 0.8080307 0.7098299 0.7383869 0.9655449 1.0431127 0.8070304 0.9643285 0.9051305 0.7823177 0.9851935 1.1678311 1.7407403 0.9602183 1.0192948 1.0926899 0.9584094 0.8922315 1.1486125 0.9001952 1.1846529 1.2187200 0.8037119 0.7389816 0.8987028 1.1511811 
Naumovozyma_castellii                       1.0264499 0.8536779 1.3913145 0.9728048 1.0708603 2.0413454 1.1104941 0.9388862 0.0000000 0.7566012 3.1007566 0.9513491 0.9723086 1.0663692 1.0572641 1.0302858 0.9600144 1.0446556 1.0390401 0.9577470 0.7511790 0.8515946 0.8384025 0.7977605 0.7385823 0.8739399 1.8347302 1.0443062 1.0414751 1.0836795 0.7985209 0.8196185 0.8921625 0.8125738 0.8668751 1.2373217 0.7617071 0.8480123 0.7371979 1.0176756 
Naumovozyma_dairenensis                     0.9745782 0.9106267 1.3588556 0.9205224 1.0679095 1.6165210 1.0379444 0.9248301 0.7566012 0.0000000 3.0071500 0.8869008 0.9004173 0.8875715 0.8487845 0.9411485 0.8642414 0.9152141 1.1477803 0.8060448 0.8550656 0.7483417 0.6910656 0.6224295 0.8558088 0.8755546 2.0595481 1.0123822 0.9224800 0.9676849 0.7222472 0.6883697 0.8736844 0.6579111 0.8158672 1.2095665 0.7529526 0.8634222 0.7974912 1.0342665 
Neurospora_crassa                           2.3502351 3.1869350 3.0701418 2.8462528 2.0073871 3.1135983 2.0743400 2.0077694 3.1007566 3.0071500 0.0000000 2.6647160 2.8281886 2.5209639 2.5886532 2.7403829 3.0078066 2.4201596 3.3150829 2.7044857 2.5974265 2.5264836 3.1227865 2.9958433 3.3391579 3.4687852 2.8023519 2.3508408 2.3692657 3.2907079 2.8406669 2.5644818 3.0454466 2.7159305 3.1255423 3.3790368 2.8108513 2.8219803 2.9702119 2.4573973 
Saccharomyces_arboricola                    0.8240171 1.0198767 1.1962398 0.9982602 0.8226448 1.7595776 0.9412877 0.7725193 0.9513491 0.8869008 2.6647160 0.0000000 0.2749049 0.2185651 0.2283234 0.2081910 0.2640405 0.2040563 0.9059167 0.8736484 0.9096760 0.9334362 0.9980262 0.8844108 0.9662937 1.0396888 1.9941873 0.9239017 1.0213877 1.1489140 0.8864466 0.9640464 0.9541455 0.8310435 0.9265782 1.1126111 0.9022369 0.8449531 0.9646244 1.1000598 
Saccharomyces_cerevisiae                    0.8974213 0.9683957 1.3852439 0.9711316 0.8669443 1.8540908 0.9009160 0.7469633 0.9723086 0.9004173 2.8281886 0.2749049 0.0000000 0.3042888 0.2796934 0.1891855 0.1290971 0.3138975 1.0257347 1.0867623 1.0712503 0.9851566 0.9909841 1.0138726 1.0795675 0.9799896 2.0654176 1.0276353 1.0569848 1.0768340 0.9879739 1.0417072 1.0122901 0.9573090 1.0370991 1.1749390 0.9538615 0.9723364 1.0529219 1.1484503 
Saccharomyces_eubayanus                     0.8752810 0.9701255 1.0835703 0.9901766 0.6464275 1.7033608 0.8164447 0.7810386 1.0663692 0.8875715 2.5209639 0.2185651 0.3042888 0.0000000 0.2304226 0.2475493 0.3181150 0.0374937 1.0217390 1.0660922 1.1266320 1.0434442 1.0748887 0.9157097 1.0567259 1.0936785 1.5914814 0.7961352 0.7934378 1.1664668 1.0115324 1.0435054 1.0223288 0.9532581 1.0323674 1.2711452 1.1079912 1.0457819 1.1744388 1.1925579 
Saccharomyces_kudriavzevii                  0.8088498 0.9123519 1.1927976 0.8408011 0.7391591 1.6108064 0.8856275 0.8063126 1.0572641 0.8487845 2.5886532 0.2283234 0.2796934 0.2304226 0.0000000 0.2436288 0.2488632 0.2289954 0.9595849 0.9493071 0.9285551 0.9368341 1.0115325 0.9049957 1.0311064 0.9855621 1.9390285 0.9217947 1.0076958 1.1462382 0.8989675 0.9447210 1.0336832 0.8898009 0.9399211 1.2454957 0.9788459 0.9911391 1.0454800 1.1018248 
Saccharomyces_mikatae                       0.8534343 0.9509130 1.3966933 1.0719670 0.8536074 1.8465180 0.9590769 0.8080307 1.0302858 0.9411485 2.7403829 0.2081910 0.1891855 0.2475493 0.2436288 0.0000000 0.1704655 0.2564273 0.8686162 1.0543266 1.0520155 1.0422319 1.0329346 0.9236436 1.0053361 1.0746983 2.0692793 1.0064694 0.9744411 1.1110559 0.9459274 1.0993755 0.9797249 0.9058109 0.9384201 1.1413130 0.9885291 0.9514691 1.0168811 1.0331257 
Saccharomyces_paradoxus                     0.8299888 0.9372654 1.4330316 1.0044318 0.8116452 1.8402532 0.9179967 0.7098299 0.9600144 0.8642414 3.0078066 0.2640405 0.1290971 0.3181150 0.2488632 0.1704655 0.0000000 0.2876162 0.9385206 1.0066211 1.0304237 0.9399010 0.9193826 0.8688788 0.9793220 0.9683054 2.0353424 0.9186828 1.0355459 1.0379563 0.9520893 1.0226818 0.9777368 0.8166540 0.9149897 1.1331128 0.8983474 0.8311079 0.9718011 1.0521985 
Saccharomyces_uvarum                        0.8413773 1.0123411 1.0868805 0.9682508 0.6425449 1.7191674 0.8306525 0.7383869 1.0446556 0.9152141 2.4201596 0.2040563 0.3138975 0.0374937 0.2289954 0.2564273 0.2876162 0.0000000 1.0877553 1.0394513 1.0978405 1.0221992 1.0575550 0.9103840 1.0073771 1.0791565 1.5943979 0.7925700 0.7843847 1.1703100 0.9884081 1.0162244 0.9846858 0.9172924 0.9950910 1.3031977 1.0728459 1.0100043 1.1450690 1.1516444 
Tetrapisispora_blattae                      1.1217130 1.0753523 2.0862210 1.2667459 1.0136839 1.5709505 0.9535506 0.9655449 1.0390401 1.1477803 3.3150829 0.9059167 1.0257347 1.0217390 0.9595849 0.8686162 0.9385206 1.0877553 0.0000000 1.0120644 0.7422352 1.0025978 1.1491847 1.0254330 0.9969873 1.1708235 2.5055787 1.2469897 1.4019563 1.2827342 1.1244818 0.8810316 1.2533809 1.0313934 1.1716732 1.4110223 0.7392777 0.9017746 0.8259572 0.6714945 
Tetrapisispora_phaffii                      0.7574023 1.1079465 1.1826680 0.9939551 0.9071877 1.8493333 0.9075025 1.0431127 0.9577470 0.8060448 2.7044857 0.8736484 1.0867623 1.0660922 0.9493071 1.0543266 1.0066211 1.0394513 1.0120644 0.0000000 0.5199577 0.7779778 0.9661423 0.7178813 0.7761404 1.0819148 1.9468710 0.9531755 1.0691216 1.0216293 0.7696705 0.8250055 1.0345777 0.7650016 1.0203156 1.1268251 0.2505052 0.3041639 0.3078461 0.8101677 
Vanderwaltozyma_polyspora                   0.7557491 0.9802578 1.5597421 0.9948744 0.7193745 1.6710342 0.9211103 0.8070304 0.7511790 0.8550656 2.5974265 0.9096760 1.0712503 1.1266320 0.9285551 1.0520155 1.0304237 1.0978405 0.7422352 0.5199577 0.0000000 0.7957998 0.7688811 0.8191717 0.8729840 0.9589365 2.1003101 0.9851787 1.1738872 1.0711533 0.7913084 0.7240424 1.0226501 0.7975766 0.8842323 1.0961533 0.4668032 0.4363718 0.4660131 0.5944211 
yHAB132_Kazachstania_martiniae              0.8887209 0.9117596 1.4162649 1.0313485 0.8924757 1.6133597 1.0276173 0.9643285 0.8515946 0.7483417 2.5264836 0.9334362 0.9851566 1.0434442 0.9368341 1.0422319 0.9399010 1.0221992 1.0025978 0.7779778 0.7957998 0.0000000 0.7646649 0.6936003 0.7624074 0.8131664 1.6542719 0.8692711 0.9130849 1.0641457 0.7437943 0.7804984 0.9473669 0.6856431 0.9202619 1.1038602 0.6364967 0.6638396 0.7222271 0.8848122 
yHAB133_Kazachstania_unispora               0.9734804 0.8716062 1.1790731 1.0454442 0.9776076 1.9808493 1.1741104 0.9051305 0.8384025 0.6910656 3.1227865 0.9980262 0.9909841 1.0748887 1.0115325 1.0329346 0.9193826 1.0575550 1.1491847 0.9661423 0.7688811 0.7646649 0.0000000 0.7057060 0.5664711 0.3014437 1.6448191 0.9535425 1.2072214 0.7710994 0.7599154 0.8556805 0.2539090 0.6100694 0.2428808 0.8782591 0.8504718 0.9921073 0.9544518 0.9402824 
yHAB134_Kazachstania_turicensis             0.7297745 0.6624278 1.3636581 1.0978876 0.9179145 1.5765551 0.9230392 0.7823177 0.7977605 0.6224295 2.9958433 0.8844108 1.0138726 0.9157097 0.9049957 0.9236436 0.8688788 0.9103840 1.0254330 0.7178813 0.8191717 0.6936003 0.7057060 0.0000000 0.6017767 0.8231335 1.7810991 0.7295216 0.5776693 0.9926585 0.5441970 0.5808966 0.8265259 0.3706836 0.8242554 1.1097981 0.5203980 0.5965037 0.6804157 1.0180488 
yHAB136_Kazachstania_bromeliacearum         0.8544279 0.8274291 1.0963754 1.0044890 1.1510334 1.7128490 1.3065478 0.9851935 0.7385823 0.8558088 3.3391579 0.9662937 1.0795675 1.0567259 1.0311064 1.0053361 0.9793220 1.0073771 0.9969873 0.7761404 0.8729840 0.7624074 0.5664711 0.6017767 0.0000000 0.6251460 1.7879873 0.8318507 0.9091387 1.0908070 0.6631507 0.6715758 0.6767495 0.6381559 0.6990471 1.2560395 0.6949671 0.7719203 0.7970442 0.9948297 
yHAB143_Kazachstania_siamensis              1.0894515 0.7361931 1.2854494 1.0383891 1.0941861 2.0883280 1.2682383 1.1678311 0.8739399 0.8755546 3.4687852 1.0396888 0.9799896 1.0936785 0.9855621 1.0746983 0.9683054 1.0791565 1.1708235 1.0819148 0.9589365 0.8131664 0.3014437 0.8231335 0.6251460 0.0000000 1.9161454 0.9575384 1.1222774 0.9350916 0.7631038 0.9428228 0.3273066 0.7920326 0.3395697 1.0722013 1.0397405 1.2295496 1.0802498 1.0658167 
yHAB147_Kazachstania_taianensis             1.4709176 1.8501242 1.1953527 2.2428339 1.6098440 2.0193707 2.0449865 1.7407403 1.8347302 2.0595481 2.8023519 1.9941873 2.0654176 1.5914814 1.9390285 2.0692793 2.0353424 1.5943979 2.5055787 1.9468710 2.1003101 1.6542719 1.6448191 1.7810991 1.7879873 1.9161454 0.0000000 1.6295987 1.1278459 2.2194753 1.9211010 2.0040384 1.6674301 1.8427653 1.5705514 2.5348915 1.9466195 1.9811105 1.9303587 2.0258729 
yHAB148_Kazachstania_intestinalis           0.8698080 0.8489919 1.0754369 1.0159886 0.9009975 1.4784064 0.8714145 0.9602183 1.0443062 1.0123822 2.3508408 0.9239017 1.0276353 0.7961352 0.9217947 1.0064694 0.9186828 0.7925700 1.2469897 0.9531755 0.9851787 0.8692711 0.9535425 0.7295216 0.8318507 0.9575384 1.6295987 0.0000000 0.5717730 0.9796623 0.7116778 0.8510794 0.8914294 0.6512844 0.8560252 1.2654924 0.9760111 0.8306075 0.9796623 1.1976547 
yHAB153_Kazachstania_rosinii                0.8806493 0.7103083 1.0202841 1.0960672 1.0089097 1.3493343 1.1003250 1.0192948 1.0414751 0.9224800 2.3692657 1.0213877 1.0569848 0.7934378 1.0076958 0.9744411 1.0355459 0.7843847 1.4019563 1.0691216 1.1738872 0.9130849 1.2072214 0.5776693 0.9091387 1.1222774 1.1278459 0.5717730 0.0000000 1.2530708 0.6551093 0.8565853 1.1358811 0.6906663 1.1885045 1.3759312 1.0568472 0.9348157 1.0242144 1.3351317 
yHAB154_Kazachstania_transvaalensis         1.1418026 1.0897091 1.6285552 1.0519079 1.1508812 2.0980665 1.1537448 1.0926899 1.0836795 0.9676849 3.2907079 1.1489140 1.0768340 1.1664668 1.1462382 1.1110559 1.0379563 1.1703100 1.2827342 1.0216293 1.0711533 1.0641457 0.7710994 0.9926585 1.0908070 0.9350916 2.2194753 0.9796623 1.2530708 0.0000000 0.9617134 1.0949420 0.9077563 0.8241386 0.8591898 0.2955485 1.0326825 1.0845355 1.1080761 1.1443375 
yHAB155_Kazachstania_spencerorum            0.9178781 0.7096841 1.3632178 1.0192924 0.9411270 1.6529913 1.0340436 0.9584094 0.7985209 0.7222472 2.8406669 0.8864466 0.9879739 1.0115324 0.8989675 0.9459274 0.9520893 0.9884081 1.1244818 0.7696705 0.7913084 0.7437943 0.7599154 0.5441970 0.6631507 0.7631038 1.9211010 0.7116778 0.6551093 0.9617134 0.0000000 0.7175384 0.7904025 0.4549173 0.7610542 1.0436778 0.7378386 0.6829274 0.8146067 1.0552919 
yHAB158_Kazachstania_viticola               0.8684380 0.7059647 1.4456940 0.9964044 0.9673273 1.7896939 0.9815938 0.8922315 0.8196185 0.6883697 2.5644818 0.9640464 1.0417072 1.0435054 0.9447210 1.0993755 1.0226818 1.0162244 0.8810316 0.8250055 0.7240424 0.7804984 0.8556805 0.5808966 0.6715758 0.9428228 2.0040384 0.8510794 0.8565853 1.0949420 0.7175384 0.0000000 1.0027560 0.6041372 0.9802643 1.2647739 0.7448010 0.7298673 0.8789498 0.9622931 
yHAB159_Kazachstania_solicola               1.0547952 0.9318047 1.0459222 1.1850761 1.0610693 2.0034556 1.2177150 1.1486125 0.8921625 0.8736844 3.0454466 0.9541455 1.0122901 1.0223288 1.0336832 0.9797249 0.9777368 0.9846858 1.2533809 1.0345777 1.0226501 0.9473669 0.2539090 0.8265259 0.6767495 0.3273066 1.6674301 0.8914294 1.1358811 0.9077563 0.7904025 1.0027560 0.0000000 0.6854996 0.0857527 0.9896783 1.0818898 1.1716194 1.1090368 1.1957329 
yHAB160_Kazachstania_kunashirensis          0.8437260 0.7153230 1.3821213 1.0862883 0.9303464 1.7296545 0.9668052 0.9001952 0.8125738 0.6579111 2.7159305 0.8310435 0.9573090 0.9532581 0.8898009 0.9058109 0.8166540 0.9172924 1.0313934 0.7650016 0.7975766 0.6856431 0.6100694 0.3706836 0.6381559 0.7920326 1.8427653 0.6512844 0.6906663 0.8241386 0.4549173 0.6041372 0.6854996 0.0000000 0.6660432 0.9129755 0.6491986 0.6684645 0.7481936 0.8748420 
yHAB164_Kazachstania_aerobia                1.0886239 0.9057205 1.0613395 1.1234312 1.0606333 2.0009092 1.1520803 1.1846529 0.8668751 0.8158672 3.1255423 0.9265782 1.0370991 1.0323674 0.9399211 0.9384201 0.9149897 0.9950910 1.1716732 1.0203156 0.8842323 0.9202619 0.2428808 0.8242554 0.6990471 0.3395697 1.5705514 0.8560252 1.1885045 0.8591898 0.7610542 0.9802643 0.0857527 0.6660432 0.0000000 0.9503900 1.0708203 1.1328484 1.0425585 1.0958623 
yHAB166_Kazachstania_yakushimaensis         1.3446620 1.2412336 1.6110082 1.2496906 1.1698003 2.2253499 1.2395411 1.2187200 1.2373217 1.2095665 3.3790368 1.1126111 1.1749390 1.2711452 1.2454957 1.1413130 1.1331128 1.3031977 1.4110223 1.1268251 1.0961533 1.1038602 0.8782591 1.1097981 1.2560395 1.0722013 2.5348915 1.2654924 1.3759312 0.2955485 1.0436778 1.2647739 0.9896783 0.9129755 0.9503900 0.0000000 1.1246723 1.1407219 1.2068553 1.3578441 
yHMPu5000034875_Tetrapisispora_fleetii      0.7197144 1.0032886 1.4201910 0.9873409 0.9074396 1.6211257 0.8868481 0.8037119 0.7617071 0.7529526 2.8108513 0.9022369 0.9538615 1.1079912 0.9788459 0.9885291 0.8983474 1.0728459 0.7392777 0.2505052 0.4668032 0.6364967 0.8504718 0.5203980 0.6949671 1.0397405 1.9466195 0.9760111 1.0568472 1.0326825 0.7378386 0.7448010 1.0818898 0.6491986 1.0708203 1.1246723 0.0000000 0.3186392 0.1658301 0.7531277 
yHMPu5000034876_Tetrapisispora_iriomotensis 0.6993545 1.0225429 1.3047436 1.0773207 0.6928658 1.8219101 0.8337437 0.7389816 0.8480123 0.8634222 2.8219803 0.8449531 0.9723364 1.0457819 0.9911391 0.9514691 0.8311079 1.0100043 0.9017746 0.3041639 0.4363718 0.6638396 0.9921073 0.5965037 0.7719203 1.2295496 1.9811105 0.8306075 0.9348157 1.0845355 0.6829274 0.7298673 1.1716194 0.6684645 1.1328484 1.1407219 0.3186392 0.0000000 0.3601991 0.9256470 
yHMPu5000034877_Tetrapisispora_namnaonensis 0.7576259 0.9158602 1.4078503 1.0055811 0.9668008 1.7505643 0.9153077 0.8987028 0.7371979 0.7974912 2.9702119 0.9646244 1.0529219 1.1744388 1.0454800 1.0168811 0.9718011 1.1450690 0.8259572 0.3078461 0.4660131 0.7222271 0.9544518 0.6804157 0.7970442 1.0802498 1.9303587 0.9796623 1.0242144 1.1080761 0.8146067 0.8789498 1.1090368 0.7481936 1.0425585 1.2068553 0.1658301 0.3601991 0.0000000 0.8755238 
yHMPu5000035629_Yueomyces_sinensis          0.9779708 1.2821399 1.9927503 1.3762578 1.0160683 1.6956140 1.2465238 1.1511811 1.0176756 1.0342665 2.4573973 1.1000598 1.1484503 1.1925579 1.1018248 1.0331257 1.0521985 1.1516444 0.6714945 0.8101677 0.5944211 0.8848122 0.9402824 1.0180488 0.9948297 1.0658167 2.0258729 1.1976547 1.3351317 1.1443375 1.0552919 0.9622931 1.1957329 0.8748420 1.0958623 1.3578441 0.7531277 0.9256470 0.8755238 0.0000000 
