40
Candida_glabrata                            0.0000000 1.8635477 2.2222627 2.0515138 1.2448384 2.1837796 1.1773922 1.1861059 2.0020930 1.9770323 5.8122384 1.7693105 1.7534351 1.7716855 1.7443597 1.7403748 1.7193856 1.7480606 2.4097568 2.2158911 1.8072890 1.9502439 2.4414023 2.1368744 1.8970060 2.4966534 2.3831384 2.0176594 2.0982101 2.6612401 2.0915209 1.8812697 2.2862625 1.8543804 2.4016176 2.3294431 2.2244968 2.1559731 2.1473976 2.4452483 
Kazachstania_africana                       1.8635477 0.0000000 1.6102527 1.7809209 1.8636055 2.0220854 1.9085559 1.8931224 1.6280515 1.5345178 4.5825904 1.5038531 1.4790538 1.4778406 1.4588979 1.4995751 1.5248456 1.4978370 1.8578974 1.6593189 1.6226535 1.6706618 1.9295945 1.4067381 1.3815372 1.9449662 1.7042824 1.6109293 1.2561729 2.0566125 1.2409151 1.1306558 1.8891124 1.1949690 1.9226859 2.0948980 1.7022581 1.7484599 1.7141728 2.2222575 
Kazachstania_naganishii                     2.2222627 1.6102527 0.0000000 1.9963766 2.0617282 2.3391999 1.9959473 2.0244001 1.8577719 2.0027016 4.8020310 1.9462585 1.9052121 1.8663747 1.9755661 1.9537917 1.8912133 1.8599830 2.3099830 2.1499409 2.1015728 1.9922982 2.1050119 1.8941453 1.4111946 2.0611622 1.5349751 1.7102895 1.6530643 2.3771059 1.7448341 1.5769490 1.9462599 1.7711621 1.9638174 2.2780159 2.0271430 1.9806710 1.9958501 2.5521666 
Nakaseomyces_bacillisporus                  2.0515138 1.7809209 1.9963766 0.0000000 1.8512393 1.5063017 1.8609545 1.8848472 1.8765069 1.6691307 4.8069542 1.5865149 1.4988754 1.4744694 1.5606453 1.5189790 1.5647491 1.4715126 1.9926445 1.7174306 1.5091566 1.8560135 2.3454314 1.8247590 1.7837166 2.1477969 2.0248974 1.7967895 1.8002500 2.3780360 1.6736276 1.5719026 2.2730316 1.6753232 2.2078602 2.2143464 1.7709062 1.6113556 1.7725325 2.1608143 
Nakaseomyces_bracarensis                    1.2448384 1.8636055 2.0617282 1.8512393 0.0000000 2.1549219 0.5981622 0.5585426 2.0789948 1.8886590 5.1990855 1.6016830 1.6329049 1.5646897 1.7125859 1.6641089 1.6586970 1.6094483 2.0661705 1.9125498 1.8661151 2.0992417 2.5815805 2.0525807 1.7955660 2.3875501 2.1943367 1.9870160 1.8567688 2.2891838 1.8669690 1.8365075 2.2912107 1.8518174 2.3642873 2.2774855 1.8560051 1.8064000 1.8995864 2.5771898 
Nakaseomyces_castellii                      2.1837796 2.0220854 2.3391999 1.5063017 2.1549219 0.0000000 2.1279246 2.0273303 2.0697510 2.0056412 4.7113230 1.7435808 1.7526950 1.7408870 1.6537143 1.7177409 1.7856465 1.7369913 2.0355668 1.8973318 1.9179499 2.1437799 2.3388571 1.9325807 1.9667667 2.1863365 2.3235260 2.0461298 1.7526420 2.4314513 1.8704023 1.8023488 2.3321714 1.9620556 2.2437343 2.4206879 1.9817184 2.0075199 2.0056614 2.4071436 
Nakaseomyces_delphensis                     1.1773922 1.9085559 1.9959473 1.8609545 0.5981622 2.1279246 0.0000000 0.4559020 1.9731391 1.9235913 4.7665389 1.6113988 1.6328920 1.5116957 1.5719181 1.6505897 1.7026044 1.5138150 2.0960941 1.8654682 1.8663770 2.1333395 2.4055223 1.8929603 1.9147453 2.2893056 2.0716504 1.7760269 1.8691650 2.3547083 1.8323609 1.7218785 2.2936667 1.8325908 2.3889041 2.1498053 1.9648396 1.8074719 1.9649387 2.2957072 
Nakaseomyces_nivariensis                    1.1861059 1.8931224 2.0244001 1.8848472 0.5585426 2.0273303 0.4559020 0.0000000 1.9219734 1.7876322 5.0072100 1.4801842 1.5795050 1.4536797 1.5764714 1.5708542 1.5460372 1.4805785 2.0948010 1.8593905 1.7611854 2.0564895 2.5812513 1.9679132 1.8940602 2.5981888 2.1351820 1.8152294 1.8737299 2.4044343 1.8408207 1.8277663 2.4039493 1.8120496 2.5257209 2.5052274 1.8679161 1.7609162 1.8542184 2.3584759 
Naumovozyma_castellii                       2.0020930 1.6280515 1.8577719 1.8765069 2.0789948 2.0697510 1.9731391 1.9219734 0.0000000 1.2718339 5.1663267 1.6057763 1.6209627 1.5899807 1.6126657 1.5855604 1.6175969 1.5580438 1.9864270 1.9093491 1.9746356 1.7566149 1.9421973 1.9038438 1.6100341 1.9389953 1.7826242 1.7061685 1.8446446 2.1448357 1.6278256 1.7270718 2.0643720 1.5956258 2.0583799 2.1581875 1.9501960 1.7825515 2.0258735 2.0502489 
Naumovozyma_dairenensis                     1.9770323 1.5345178 2.0027016 1.6691307 1.8886590 2.0056412 1.9235913 1.7876322 1.2718339 0.0000000 5.2071768 1.5135835 1.4517161 1.5701433 1.5054090 1.5189825 1.5286071 1.5320472 1.7721692 1.7149684 1.7061868 1.9702969 1.8305876 1.6343809 1.5400046 1.6900870 1.7924596 1.5340314 1.6550812 2.1948624 1.6145617 1.7051974 1.7781446 1.4781389 1.7917938 2.0773670 1.8315349 1.7113624 1.7883349 2.1069545 
Neurospora_crassa                           5.8122384 4.5825904 4.8020310 4.8069542 5.1990855 4.7113230 4.7665389 5.0072100 5.1663267 5.2071768 0.0000000 4.5178947 4.6157595 4.5854913 4.3451885 4.5827672 4.5500755 4.3322175 5.3924101 4.8636398 4.9391558 5.3410710 4.7932753 5.1721108 5.2410687 5.0659598 4.8230695 4.8318551 4.6702504 5.5409205 4.7394486 5.0908053 4.6853441 4.9371723 4.7775240 5.1062416 4.4377210 4.5256081 4.4188574 5.3752035 
Saccharomyces_arboricola                    1.7693105 1.5038531 1.9462585 1.5865149 1.6016830 1.7435808 1.6113988 1.4801842 1.6057763 1.5135835 4.5178947 0.0000000 0.4122880 0.3649140 0.3469813 0.3948521 0.4079678 0.3832429 2.0097009 1.5420841 1.5802067 1.6957713 2.3028462 1.6109382 1.5899451 2.0482520 1.7991062 1.7402323 1.4648218 2.2610233 1.4385149 1.5478351 1.9782263 1.4573440 2.0708259 2.1169393 1.5100209 1.5334631 1.5031132 2.1106562 
Saccharomyces_cerevisiae                    1.7534351 1.4790538 1.9052121 1.4988754 1.6329049 1.7526950 1.6328920 1.5795050 1.6209627 1.4517161 4.6157595 0.4122880 0.0000000 0.3923215 0.3683145 0.2977355 0.1969993 0.3920623 2.0099862 1.4754239 1.5675652 1.5868643 2.2505008 1.5538662 1.5086083 1.9949680 1.7735770 1.6701757 1.4891669 2.2018274 1.4390683 1.4094503 1.8867659 1.3988656 2.0512476 2.1014875 1.4319518 1.5439890 1.4550421 2.0753967 
Saccharomyces_eubayanus                     1.7716855 1.4778406 1.8663747 1.4744694 1.5646897 1.7408870 1.5116957 1.4536797 1.5899807 1.5701433 4.5854913 0.3649140 0.3923215 0.0000000 0.3559832 0.4096155 0.3893045 0.1282784 2.0021130 1.4734330 1.5285400 1.6243190 2.2719957 1.5359157 1.5604512 1.9275525 1.7249414 1.6360915 1.3778494 2.2026071 1.4391868 1.4441666 1.9676392 1.4038220 2.0834363 2.1433110 1.4282928 1.4735816 1.3969506 2.0945231 
Saccharomyces_kudriavzevii                  1.7443597 1.4588979 1.9755661 1.5606453 1.7125859 1.6537143 1.5719181 1.5764714 1.6126657 1.5054090 4.3451885 0.3469813 0.3683145 0.3559832 0.0000000 0.3699039 0.3659888 0.3387423 2.0480311 1.5045809 1.5172796 1.6355898 2.1538024 1.4799891 1.5421320 1.8707788 1.7334097 1.6802459 1.3822414 2.1921639 1.4144018 1.4775804 1.8678796 1.4408752 1.9454014 2.1560223 1.4431225 1.5680235 1.4004472 1.9913345 
Saccharomyces_mikatae                       1.7403748 1.4995751 1.9537917 1.5189790 1.6641089 1.7177409 1.6505897 1.5708542 1.5855604 1.5189825 4.5827672 0.3948521 0.2977355 0.4096155 0.3699039 0.0000000 0.2667980 0.3989535 2.0281007 1.4940300 1.5479340 1.6766900 2.1076730 1.4855416 1.4746369 1.9763626 1.8548551 1.7732399 1.4154591 2.0857980 1.4758883 1.4699854 1.9271905 1.4282055 1.9889719 2.1129968 1.4565900 1.5479097 1.4792104 2.1152800 
Saccharomyces_paradoxus                     1.7193856 1.5248456 1.8912133 1.5647491 1.6586970 1.7856465 1.7026044 1.5460372 1.6175969 1.5286071 4.5500755 0.4079678 0.1969993 0.3893045 0.3659888 0.2667980 0.0000000 0.3957567 2.1229888 1.5378308 1.6248248 1.6598246 2.3772692 1.5597425 1.5164631 2.1305708 1.7768777 1.6962906 1.4723248 2.2136076 1.4623438 1.4596912 1.9946079 1.3755865 2.0813096 2.1429788 1.4866549 1.5536869 1.5003698 2.1725686 
Saccharomyces_uvarum                        1.7480606 1.4978370 1.8599830 1.4715126 1.6094483 1.7369913 1.5138150 1.4805785 1.5580438 1.5320472 4.3322175 0.3832429 0.3920623 0.1282784 0.3387423 0.3989535 0.3957567 0.0000000 2.0375738 1.4813631 1.5366209 1.6420626 2.2526300 1.5180756 1.5706119 1.9842871 1.7563597 1.6373412 1.4294086 2.1785692 1.4646087 1.4163664 1.9543840 1.3900266 2.0703965 2.1468755 1.4608431 1.5092578 1.4174787 2.0890607 
Tetrapisispora_blattae                      2.4097568 1.8578974 2.3099830 1.9926445 2.0661705 2.0355668 2.0960941 2.0948010 1.9864270 1.7721692 5.3924101 2.0097009 2.0099862 2.0021130 2.0480311 2.0281007 2.1229888 2.0375738 0.0000000 1.9292101 2.1171479 2.0355596 2.2659856 2.2302251 1.9214274 2.0600603 2.3044567 2.1591804 1.9632045 2.1093394 1.8772531 1.7146075 2.2610162 1.8890109 2.2703537 1.9253224 1.9790226 1.9015485 2.0421395 1.4522016 
Tetrapisispora_phaffii                      2.2158911 1.6593189 2.1499409 1.7174306 1.9125498 1.8973318 1.8654682 1.8593905 1.9093491 1.7149684 4.8636398 1.5420841 1.4754239 1.4734330 1.5045809 1.4940300 1.5378308 1.4813631 1.9292101 0.0000000 1.3723813 1.8104341 2.1157119 1.7354192 1.6616091 2.1201766 2.0020236 1.8452358 1.7168778 2.1748400 1.5055566 1.4137768 2.1440648 1.5326982 2.1219235 2.2451343 0.4901354 0.7467762 0.4814539 1.9383196 
Vanderwaltozyma_polyspora                   1.8072890 1.6226535 2.1015728 1.5091566 1.8661151 1.9179499 1.8663770 1.7611854 1.9746356 1.7061868 4.9391558 1.5802067 1.5675652 1.5285400 1.5172796 1.5479340 1.6248248 1.5366209 2.1171479 1.3723813 0.0000000 1.9343124 2.2897824 1.7299697 1.8239809 1.9849418 2.1232136 1.8885105 1.6169415 2.3083308 1.5625553 1.3780254 2.0587509 1.5742837 2.1929968 2.4771811 1.3384792 1.3499191 1.3293823 2.1303151 
yHAB132_Kazachstania_martiniae              1.9502439 1.6706618 1.9922982 1.8560135 2.0992417 2.1437799 2.1333395 2.0564895 1.7566149 1.9702969 5.3410710 1.6957713 1.5868643 1.6243190 1.6355898 1.6766900 1.6598246 1.6420626 2.0355596 1.8104341 1.9343124 0.0000000 2.0736860 1.7983254 1.6481851 1.9935954 1.7698876 1.8499928 1.5661869 2.3014138 1.5755354 1.5413715 1.9871674 1.4753405 1.9922954 2.2508073 1.7184177 1.8576198 1.7829770 2.2838306 
yHAB133_Kazachstania_unispora               2.4414023 1.9295945 2.1050119 2.3454314 2.5815805 2.3388571 2.4055223 2.5812513 1.9421973 1.8305876 4.7932753 2.3028462 2.2505008 2.2719957 2.1538024 2.1076730 2.3772692 2.2526300 2.2659856 2.1157119 2.2897824 2.0736860 0.0000000 1.7399418 1.7112131 0.7929815 1.9639635 1.9970747 1.9647886 2.0381713 1.7904746 1.7483596 0.5483075 1.7948048 0.5600780 1.9195797 2.0454126 2.0049780 2.1375932 2.5774303 
yHAB134_Kazachstania_turicensis             2.1368744 1.4067381 1.8941453 1.8247590 2.0525807 1.9325807 1.8929603 1.9679132 1.9038438 1.6343809 5.1721108 1.6109382 1.5538662 1.5359157 1.4799891 1.4855416 1.5597425 1.5180756 2.2302251 1.7354192 1.7299697 1.7983254 1.7399418 0.0000000 1.6392993 1.8451445 2.0696845 1.6271030 1.3284744 2.2208173 1.2350987 1.3839513 1.8520221 0.8062091 1.8595059 2.0578970 1.7532521 1.7911597 1.7321329 2.3730108 
yHAB136_Kazachstania_bromeliacearum         1.8970060 1.3815372 1.4111946 1.7837166 1.7955660 1.9667667 1.9147453 1.8940602 1.6100341 1.5400046 5.2410687 1.5899451 1.5086083 1.5604512 1.5421320 1.4746369 1.5164631 1.5706119 1.9214274 1.6616091 1.8239809 1.6481851 1.7112131 1.6392993 0.0000000 1.5709848 1.4008347 1.6578017 1.5166607 1.9027010 1.4263558 1.3397062 1.7825147 1.5595973 1.8081785 2.0360545 1.6934298 1.7109175 1.6513030 2.2832414 
yHAB143_Kazachstania_siamensis              2.4966534 1.9449662 2.0611622 2.1477969 2.3875501 2.1863365 2.2893056 2.5981888 1.9389953 1.6900870 5.0659598 2.0482520 1.9949680 1.9275525 1.8707788 1.9763626 2.1305708 1.9842871 2.0600603 2.1201766 1.9849418 1.9935954 0.7929815 1.8451445 1.5709848 0.0000000 1.8240406 1.9042830 1.8007824 2.0372488 1.7632712 1.7218223 0.7424091 1.7242386 0.7455149 2.0049305 2.0567744 1.9779434 2.1193502 2.5198814 
yHAB147_Kazachstania_taianensis             2.3831384 1.7042824 1.5349751 2.0248974 2.1943367 2.3235260 2.0716504 2.1351820 1.7826242 1.7924596 4.8230695 1.7991062 1.7735770 1.7249414 1.7334097 1.8548551 1.7768777 1.7563597 2.3044567 2.0020236 2.1232136 1.7698876 1.9639635 2.0696845 1.4008347 1.8240406 0.0000000 1.7993584 1.8609117 2.1361910 1.7818216 1.6033024 2.0012826 1.8001322 1.9259932 2.2479736 2.2277532 2.0647738 2.0958276 2.8520119 
yHAB148_Kazachstania_intestinalis           2.0176594 1.6109293 1.7102895 1.7967895 1.9870160 2.0461298 1.7760269 1.8152294 1.7061685 1.5340314 4.8318551 1.7402323 1.6701757 1.6360915 1.6802459 1.7732399 1.6962906 1.6373412 2.1591804 1.8452358 1.8885105 1.8499928 1.9970747 1.6271030 1.6578017 1.9042830 1.7993584 0.0000000 1.6498993 2.1094062 1.4317973 1.5406447 2.0315530 1.5928503 1.9674228 2.1932050 1.8314848 1.9600904 1.9622991 2.3045206 
yHAB153_Kazachstania_rosinii                2.0982101 1.2561729 1.6530643 1.8002500 1.8567688 1.7526420 1.8691650 1.8737299 1.8446446 1.6550812 4.6702504 1.4648218 1.4891669 1.3778494 1.3822414 1.4154591 1.4723248 1.4294086 1.9632045 1.7168778 1.6169415 1.5661869 1.9647886 1.3284744 1.5166607 1.8007824 1.8609117 1.6498993 0.0000000 2.2375687 1.0264596 1.2801912 1.8329327 1.1263290 1.8156219 2.0804001 1.7578210 1.6575939 1.6951894 2.2669173 
yHAB154_Kazachstania_transvaalensis         2.6612401 2.0566125 2.3771059 2.3780360 2.2891838 2.4314513 2.3547083 2.4044343 2.1448357 2.1948624 5.5409205 2.2610233 2.2018274 2.2026071 2.1921639 2.0857980 2.2136076 2.1785692 2.1093394 2.1748400 2.3083308 2.3014138 2.0381713 2.2208173 1.9027010 2.0372488 2.1361910 2.1094062 2.2375687 0.0000000 2.1856121 2.0603578 1.9637515 2.0955476 1.8852499 0.8247336 2.0348030 2.1448645 2.0682808 2.7023446 
yHAB155_Kazachstania_spencerorum            2.0915209 1.2409151 1.7448341 1.6736276 1.8669690 1.8704023 1.8323609 1.8408207 1.6278256 1.6145617 4.7394486 1.4385149 1.4390683 1.4391868 1.4144018 1.4758883 1.4623438 1.4646087 1.8772531 1.5055566 1.5625553 1.5755354 1.7904746 1.2350987 1.4263558 1.7632712 1.7818216 1.4317973 1.0264596 2.1856121 0.0000000 1.2313003 1.8506355 1.0833832 1.9211993 2.0037402 1.5017367 1.5179464 1.4784153 2.1008533 
yHAB158_Kazachstania_viticola               1.8812697 1.1306558 1.5769490 1.5719026 1.8365075 1.8023488 1.7218785 1.8277663 1.7270718 1.7051974 5.0908053 1.5478351 1.4094503 1.4441666 1.4775804 1.4699854 1.4596912 1.4163664 1.7146075 1.4137768 1.3780254 1.5413715 1.7483596 1.3839513 1.3397062 1.7218223 1.6033024 1.5406447 1.2801912 2.0603578 1.2313003 0.0000000 1.7279983 1.1572598 1.6894070 2.0712422 1.3678038 1.4564134 1.3653081 2.0286906 
yHAB159_Kazachstania_solicola               2.2862625 1.8891124 1.9462599 2.2730316 2.2912107 2.3321714 2.2936667 2.4039493 2.0643720 1.7781446 4.6853441 1.9782263 1.8867659 1.9676392 1.8678796 1.9271905 1.9946079 1.9543840 2.2610162 2.1440648 2.0587509 1.9871674 0.5483075 1.8520221 1.7825147 0.7424091 2.0012826 2.0315530 1.8329327 1.9637515 1.8506355 1.7279983 0.0000000 1.6356522 0.1814848 1.9818111 1.9966760 1.9783932 2.0806748 2.5025400 
yHAB160_Kazachstania_kunashirensis          1.8543804 1.1949690 1.7711621 1.6753232 1.8518174 1.9620556 1.8325908 1.8120496 1.5956258 1.4781389 4.9371723 1.4573440 1.3988656 1.4038220 1.4408752 1.4282055 1.3755865 1.3900266 1.8890109 1.5326982 1.5742837 1.4753405 1.7948048 0.8062091 1.5595973 1.7242386 1.8001322 1.5928503 1.1263290 2.0955476 1.0833832 1.1572598 1.6356522 0.0000000 1.6082043 2.1038193 1.4983737 1.4199280 1.5870683 2.0178918 
yHAB164_Kazachstania_aerobia                2.4016176 1.9226859 1.9638174 2.2078602 2.3642873 2.2437343 2.3889041 2.5257209 2.0583799 1.7917938 4.7775240 2.0708259 2.0512476 2.0834363 1.9454014 1.9889719 2.0813096 2.0703965 2.2703537 2.1219235 2.1929968 1.9922954 0.5600780 1.8595059 1.8081785 0.7455149 1.9259932 1.9674228 1.8156219 1.8852499 1.9211993 1.6894070 0.1814848 1.6082043 0.0000000 2.0217407 2.0213148 2.0890957 2.1484665 2.5559272 
yHAB166_Kazachstania_yakushimaensis         2.3294431 2.0948980 2.2780159 2.2143464 2.2774855 2.4206879 2.1498053 2.5052274 2.1581875 2.0773670 5.1062416 2.1169393 2.1014875 2.1433110 2.1560223 2.1129968 2.1429788 2.1468755 1.9253224 2.2451343 2.4771811 2.2508073 1.9195797 2.0578970 2.0360545 2.0049305 2.2479736 2.1932050 2.0804001 0.8247336 2.0037402 2.0712422 1.9818111 2.1038193 2.0217407 0.0000000 2.2680764 2.2473200 2.2358936 2.4799508 
yHMPu5000034875_Tetrapisispora_fleetii      2.2244968 1.7022581 2.0271430 1.7709062 1.8560051 1.9817184 1.9648396 1.8679161 1.9501960 1.8315349 4.4377210 1.5100209 1.4319518 1.4282928 1.4431225 1.4565900 1.4866549 1.4608431 1.9790226 0.4901354 1.3384792 1.7184177 2.0454126 1.7532521 1.6934298 2.0567744 2.2277532 1.8314848 1.7578210 2.0348030 1.5017367 1.3678038 1.9966760 1.4983737 2.0213148 2.2680764 0.0000000 0.7437996 0.2939183 2.0530166 
yHMPu5000034876_Tetrapisispora_iriomotensis 2.1559731 1.7484599 1.9806710 1.6113556 1.8064000 2.0075199 1.8074719 1.7609162 1.7825515 1.7113624 4.5256081 1.5334631 1.5439890 1.4735816 1.5680235 1.5479097 1.5536869 1.5092578 1.9015485 0.7467762 1.3499191 1.8576198 2.0049780 1.7911597 1.7109175 1.9779434 2.0647738 1.9600904 1.6575939 2.1448645 1.5179464 1.4564134 1.9783932 1.4199280 2.0890957 2.2473200 0.7437996 0.0000000 0.7687983 1.8664132 
yHMPu5000034877_Tetrapisispora_namnaonensis 2.1473976 1.7141728 1.9958501 1.7725325 1.8995864 2.0056614 1.9649387 1.8542184 2.0258735 1.7883349 4.4188574 1.5031132 1.4550421 1.3969506 1.4004472 1.4792104 1.5003698 1.4174787 2.0421395 0.4814539 1.3293823 1.7829770 2.1375932 1.7321329 1.6513030 2.1193502 2.0958276 1.9622991 1.6951894 2.0682808 1.4784153 1.3653081 2.0806748 1.5870683 2.1484665 2.2358936 0.2939183 0.7687983 0.0000000 2.0207235 
yHMPu5000035629_Yueomyces_sinensis          2.4452483 2.2222575 2.5521666 2.1608143 2.5771898 2.4071436 2.2957072 2.3584759 2.0502489 2.1069545 5.3752035 2.1106562 2.0753967 2.0945231 1.9913345 2.1152800 2.1725686 2.0890607 1.4522016 1.9383196 2.1303151 2.2838306 2.5774303 2.3730108 2.2832414 2.5198814 2.8520119 2.3045206 2.2669173 2.7023446 2.1008533 2.0286906 2.5025400 2.0178918 2.5559272 2.4799508 2.0530166 1.8664132 2.0207235 0.0000000 
