40
Candida_glabrata                            0.0000000 0.6896187 0.8774769 0.8159254 0.5195304 1.2394805 0.5175456 0.4257691 0.6199528 0.6649331 6.4963914 0.7190922 0.6907311 0.6467552 0.7566145 0.7518838 0.7417522 0.6329413 0.6363036 0.6693945 0.6234365 0.7243583 0.8031501 0.7879304 0.8599267 0.9054377 0.8202891 0.8974433 0.7877834 0.7476669 0.7710263 0.6891509 0.7569956 0.6214902 0.8112245 0.8362576 0.6405195 0.5680243 0.7414524 0.7036926 
Kazachstania_africana                       0.6896187 0.0000000 0.8481033 0.7939184 0.6837567 1.1871086 0.7027683 0.6302217 0.6035399 0.5179140 6.6711514 0.6796735 0.7276135 0.6326446 0.7363099 0.7014011 0.6946847 0.6560642 0.6203832 0.6135961 0.5968018 0.5268284 0.4988881 0.5809504 0.5988325 0.7881084 0.6047355 0.7907722 0.7832046 0.6300149 0.6975801 0.5585809 0.5370069 0.5364140 0.5288602 0.6364533 0.5324791 0.5891745 0.6205983 0.6640723 
Kazachstania_naganishii                     0.8774769 0.8481033 0.0000000 1.1495823 0.9202439 1.2014528 0.9509145 0.9018786 0.7669122 1.0473116 5.3085439 0.9630320 0.9573210 0.8887047 0.8671997 0.8697763 0.8549442 0.8532515 1.1088453 1.0821331 0.9342078 0.8884752 0.8536322 1.0005823 0.7299007 0.9941173 0.7340949 0.7093251 0.7732024 1.0123951 1.1365067 0.7637255 0.7983311 1.0111764 0.8358631 1.1292421 1.1115658 1.1228224 1.1354053 1.0601885 
Nakaseomyces_bacillisporus                  0.8159254 0.7939184 1.1495823 0.0000000 0.8150523 1.1731374 0.8060618 0.8308747 0.8947032 0.6315016 5.5365658 0.7274148 0.7349823 0.7969848 0.7181858 0.8185091 0.7668768 0.7586478 0.7846287 0.8022201 0.8396971 0.7682645 0.7318148 0.8184305 0.8353166 0.8290318 0.8587161 0.9457666 0.9422355 0.7666722 0.8476952 0.8020236 0.7358196 0.8455486 0.6736063 0.7407782 0.7913562 0.7673350 0.8891649 0.6974706 
Nakaseomyces_bracarensis                    0.5195304 0.6837567 0.9202439 0.8150523 0.0000000 1.1412174 0.4247892 0.3650728 0.6892980 0.6780761 5.9743405 0.7772199 0.7778170 0.7397213 0.7976353 0.8018412 0.8012866 0.7337543 0.7053762 0.7602502 0.7939151 0.7083359 0.7934058 0.7686149 0.7974748 0.9611109 0.7818543 0.8424320 0.8465281 0.9370819 0.7428937 0.7785763 0.7754646 0.6842911 0.7566893 0.8226759 0.7381182 0.6853721 0.8135245 0.7439434 
Nakaseomyces_castellii                      1.2394805 1.1871086 1.2014528 1.1731374 1.1412174 0.0000000 1.1521674 1.1224555 1.2801673 1.2832532 6.1797220 1.2748759 1.1920110 1.2013258 1.2973634 1.2382827 1.1679521 1.2392999 1.4038622 1.2274372 1.3020543 1.1345036 1.1050872 1.2541721 1.1514624 1.4844955 1.1850363 1.2387486 1.1752344 1.2615975 1.2288017 1.1173859 1.0071966 1.2277653 1.0818322 1.2885589 1.2704359 1.3035962 1.2997757 1.3568104 
Nakaseomyces_delphensis                     0.5175456 0.7027683 0.9509145 0.8060618 0.4247892 1.1521674 0.0000000 0.3558430 0.7180815 0.7572801 5.0568551 0.8701572 0.8059311 0.8205607 0.8701697 0.8747022 0.8489534 0.8450501 0.6503746 0.7983651 0.6824837 0.7407333 0.8558106 0.7680254 0.8295456 0.9850794 0.8601511 0.9569762 0.7852373 0.9203785 0.9065935 0.8383638 0.8741627 0.8039552 0.7941888 0.8921754 0.7817029 0.7298054 0.8134424 0.8059700 
Nakaseomyces_nivariensis                    0.4257691 0.6302217 0.9018786 0.8308747 0.3650728 1.1224555 0.3558430 0.0000000 0.6558809 0.6701290 5.5166614 0.7895026 0.7028182 0.7146687 0.7581659 0.7375987 0.7373888 0.7458093 0.7020243 0.6946721 0.7806914 0.7374799 0.8552750 0.7885758 0.8293876 0.9892567 0.8099261 0.9003714 0.8014488 0.8325298 0.8453436 0.7369791 0.8461967 0.7605595 0.8146659 0.8192154 0.6863483 0.6799626 0.7329988 0.6824460 
Naumovozyma_castellii                       0.6199528 0.6035399 0.7669122 0.8947032 0.6892980 1.2801673 0.7180815 0.6558809 0.0000000 0.6109332 5.4337690 0.7921967 0.8377227 0.7170734 0.7430331 0.7668087 0.8511210 0.7000653 0.8565742 0.9076761 0.7724756 0.7156484 0.7933769 0.8314585 0.6594147 0.9684573 0.6316130 0.8296840 0.7081594 0.9105228 1.0071612 0.6802963 0.7360548 0.7988246 0.7817448 0.9448105 0.8908464 0.8316701 0.9412863 0.8369456 
Naumovozyma_dairenensis                     0.6649331 0.5179140 1.0473116 0.6315016 0.6780761 1.2832532 0.7572801 0.6701290 0.6109332 0.0000000 7.6878858 0.7186052 0.6776339 0.7536706 0.7524277 0.7213483 0.7173203 0.7459976 0.5700941 0.6650329 0.6480225 0.6185536 0.5597283 0.5989645 0.7862470 0.6886794 0.7299053 1.0571633 1.0420412 0.7421340 0.6164061 0.5416698 0.6453100 0.5258623 0.5771671 0.6529702 0.6813571 0.6011225 0.7299854 0.5423816 
Neurospora_crassa                           6.4963914 6.6711514 5.3085439 5.5365658 5.9743405 6.1797220 5.0568551 5.5166614 5.4337690 7.6878858 0.0000000 6.3907798 6.1870267 6.7878631 6.2711683 6.2428003 6.1029431 6.6027879 6.6320605 7.1702933 6.3863950 6.5333222 6.5957396 6.7532824 6.4319613 8.0583282 5.7337096 6.1404908 4.8990160 7.7809571 8.7585323 7.0210662 7.1938443 8.2029445 7.7222384 8.2677239 7.5128584 6.3546251 7.3888667 6.9682977 
Saccharomyces_arboricola                    0.7190922 0.6796735 0.9630320 0.7274148 0.7772199 1.2748759 0.8701572 0.7895026 0.7921967 0.7186052 6.3907798 0.0000000 0.3043665 0.2205295 0.2627088 0.2953770 0.2620870 0.2400249 0.6684750 0.7533021 0.6916880 0.6506098 0.7353755 0.8111147 0.7532538 0.7504271 0.7265531 0.8135901 0.8602239 0.8472482 0.8299100 0.6734274 0.7304619 0.7358219 0.6643956 0.7766493 0.7807126 0.7444778 0.8390690 0.7305353 
Saccharomyces_cerevisiae                    0.6907311 0.7276135 0.9573210 0.7349823 0.7778170 1.1920110 0.8059311 0.7028182 0.8377227 0.6776339 6.1870267 0.3043665 0.0000000 0.3079102 0.3043167 0.2553785 0.1277755 0.3069199 0.6879547 0.7680128 0.7283473 0.6382600 0.6865428 0.7360186 0.7652049 0.8159625 0.7277336 0.8184933 0.8230110 0.8593865 0.7885240 0.6860741 0.6590828 0.7065946 0.6437496 0.7819869 0.7872890 0.7217743 0.8358319 0.7681821 
Saccharomyces_eubayanus                     0.6467552 0.6326446 0.8887047 0.7969848 0.7397213 1.2013258 0.8205607 0.7146687 0.7170734 0.7536706 6.7878631 0.2205295 0.3079102 0.0000000 0.2468792 0.2414430 0.2550586 0.0890054 0.6881293 0.7670251 0.6360199 0.6664102 0.7050605 0.8277594 0.7319204 0.8190418 0.7122065 0.8241173 0.8438844 0.8580771 0.8517860 0.6956798 0.6773465 0.7212225 0.7073445 0.7964360 0.7829956 0.7758724 0.8432619 0.7566249 
Saccharomyces_kudriavzevii                  0.7566145 0.7363099 0.8671997 0.7181858 0.7976353 1.2973634 0.8701697 0.7581659 0.7430331 0.7524277 6.2711683 0.2627088 0.3043167 0.2468792 0.0000000 0.2802934 0.2974972 0.2731969 0.7336143 0.8230648 0.7244338 0.7141496 0.7709836 0.8380215 0.7360940 0.8406771 0.7388445 0.8078756 0.7750188 0.8643270 0.9436589 0.7469297 0.7232857 0.7963187 0.7394865 0.8171291 0.9455456 0.8381118 0.9419359 0.7753646 
Saccharomyces_mikatae                       0.7518838 0.7014011 0.8697763 0.8185091 0.8018412 1.2382827 0.8747022 0.7375987 0.7668087 0.7213483 6.2428003 0.2953770 0.2553785 0.2414430 0.2802934 0.0000000 0.1989007 0.2400570 0.6801608 0.7421187 0.7307244 0.6319360 0.6868597 0.8544139 0.7279774 0.8376960 0.6709243 0.8221968 0.7793171 0.8226745 0.8899534 0.6702481 0.6831291 0.7595339 0.6622593 0.8192720 0.7627028 0.7792120 0.8705319 0.7771962 
Saccharomyces_paradoxus                     0.7417522 0.6946847 0.8549442 0.7668768 0.8012866 1.1679521 0.8489534 0.7373888 0.8511210 0.7173203 6.1029431 0.2620870 0.1277755 0.2550586 0.2974972 0.1989007 0.0000000 0.2592877 0.7259690 0.7359926 0.6905103 0.6740074 0.6710471 0.7739426 0.7453054 0.7759966 0.7386685 0.8065772 0.8061308 0.8806179 0.8747705 0.6643573 0.6508101 0.7178413 0.6322181 0.7938432 0.7580953 0.7799597 0.8882056 0.7593191 
Saccharomyces_uvarum                        0.6329413 0.6560642 0.8532515 0.7586478 0.7337543 1.2392999 0.8450501 0.7458093 0.7000653 0.7459976 6.6027879 0.2400249 0.3069199 0.0890054 0.2731969 0.2400570 0.2592877 0.0000000 0.6921185 0.8173454 0.6488258 0.6922279 0.7028611 0.8392161 0.7373771 0.8460884 0.7254603 0.8120885 0.8847955 0.8411585 0.8913247 0.6503264 0.6741547 0.7085305 0.6871874 0.8120041 0.7722483 0.7837752 0.8341360 0.7087228 
Tetrapisispora_blattae                      0.6363036 0.6203832 1.1088453 0.7846287 0.7053762 1.4038622 0.6503746 0.7020243 0.8565742 0.5700941 6.6320605 0.6684750 0.6879547 0.6881293 0.7336143 0.6801608 0.7259690 0.6921185 0.0000000 0.6533343 0.6874085 0.5632973 0.6001363 0.6449184 0.7790367 0.7608205 0.7322783 1.0160513 0.9105633 0.6904429 0.6466266 0.6663388 0.6207265 0.5697626 0.5694337 0.6588578 0.5154370 0.5152714 0.5706057 0.5102466 
Tetrapisispora_phaffii                      0.6693945 0.6135961 1.0821331 0.8022201 0.7602502 1.2274372 0.7983651 0.6946721 0.9076761 0.6650329 7.1702933 0.7533021 0.7680128 0.7670251 0.8230648 0.7421187 0.7359926 0.8173454 0.6533343 0.0000000 0.6249423 0.5810078 0.6107756 0.6000599 0.7617372 0.8277015 0.8224851 0.9756228 0.8984294 0.7879615 0.6544822 0.6301783 0.7006350 0.5928837 0.6055740 0.7382217 0.3333343 0.3480262 0.3449782 0.6566189 
Vanderwaltozyma_polyspora                   0.6234365 0.5968018 0.9342078 0.8396971 0.7939151 1.3020543 0.6824837 0.7806914 0.7724756 0.6480225 6.3863950 0.6916880 0.7283473 0.6360199 0.7244338 0.7307244 0.6905103 0.6488258 0.6874085 0.6249423 0.0000000 0.5568466 0.6628859 0.6690469 0.6998724 0.8046540 0.7375682 0.9160800 0.8141437 0.7149255 0.7278435 0.7101295 0.6850385 0.5501879 0.6723145 0.7143199 0.6948318 0.5570611 0.6900061 0.7600338 
yHAB132_Kazachstania_martiniae              0.7243583 0.5268284 0.8884752 0.7682645 0.7083359 1.1345036 0.7407333 0.7374799 0.7156484 0.6185536 6.5333222 0.6506098 0.6382600 0.6664102 0.7141496 0.6319360 0.6740074 0.6922279 0.5632973 0.5810078 0.5568466 0.0000000 0.5197679 0.6038444 0.5595818 0.6568056 0.5331054 0.8535988 0.7822976 0.6637835 0.6086024 0.5753739 0.5527176 0.4749430 0.5003704 0.6884276 0.5824928 0.5744290 0.6842105 0.5794828 
yHAB133_Kazachstania_unispora               0.8031501 0.4988881 0.8536322 0.7318148 0.7934058 1.1050872 0.8558106 0.8552750 0.7933769 0.5597283 6.5957396 0.7353755 0.6865428 0.7050605 0.7709836 0.6868597 0.6710471 0.7028611 0.6001363 0.6107756 0.6628859 0.5197679 0.0000000 0.5909036 0.5083203 0.3831938 0.5301747 0.7593373 0.9362910 0.4615227 0.6140726 0.6094616 0.2061393 0.5709706 0.1704738 0.4590004 0.6797615 0.6714209 0.7329534 0.6482925 
yHAB134_Kazachstania_turicensis             0.7879304 0.5809504 1.0005823 0.8184305 0.7686149 1.2541721 0.7680254 0.7885758 0.8314585 0.5989645 6.7532824 0.8111147 0.7360186 0.8277594 0.8380215 0.8544139 0.7739426 0.8392161 0.6449184 0.6000599 0.6690469 0.6038444 0.5909036 0.0000000 0.7586429 0.8093893 0.7435184 1.0282164 0.8797505 0.6656325 0.4878179 0.6335326 0.6776181 0.4099107 0.6414809 0.6124232 0.6007539 0.6283030 0.6922668 0.5756369 
yHAB136_Kazachstania_bromeliacearum         0.8599267 0.5988325 0.7299007 0.8353166 0.7974748 1.1514624 0.8295456 0.8293876 0.6594147 0.7862470 6.4319613 0.7532538 0.7652049 0.7319204 0.7360940 0.7279774 0.7453054 0.7373771 0.7790367 0.7617372 0.6998724 0.5595818 0.5083203 0.7586429 0.0000000 0.6412712 0.5878961 0.8775246 0.8173545 0.7385865 0.7884473 0.5907920 0.4810726 0.7091589 0.4617517 0.7325719 0.8563474 0.8306554 0.8952804 0.8740017 
yHAB143_Kazachstania_siamensis              0.9054377 0.7881084 0.9941173 0.8290318 0.9611109 1.4844955 0.9850794 0.9892567 0.9684573 0.6886794 8.0583282 0.7504271 0.8159625 0.8190418 0.8406771 0.8376960 0.7759966 0.8460884 0.7608205 0.8277015 0.8046540 0.6568056 0.3831938 0.8093893 0.6412712 0.0000000 0.7189806 0.9965409 1.0913912 0.5867771 0.7610365 0.8200065 0.4193343 0.6478279 0.3538586 0.5400274 0.8844335 0.9273189 0.9235863 0.7983712 
yHAB147_Kazachstania_taianensis             0.8202891 0.6047355 0.7340949 0.8587161 0.7818543 1.1850363 0.8601511 0.8099261 0.6316130 0.7299053 5.7337096 0.7265531 0.7277336 0.7122065 0.7388445 0.6709243 0.7386685 0.7254603 0.7322783 0.8224851 0.7375682 0.5331054 0.5301747 0.7435184 0.5878961 0.7189806 0.0000000 0.6775122 0.8003362 0.6677027 0.8013500 0.6433407 0.5209478 0.6738082 0.5070534 0.7426946 0.8741570 0.7964881 0.8129778 0.7707760 
yHAB148_Kazachstania_intestinalis           0.8974433 0.7907722 0.7093251 0.9457666 0.8424320 1.2387486 0.9569762 0.9003714 0.8296840 1.0571633 6.1404908 0.8135901 0.8184933 0.8241173 0.8078756 0.8221968 0.8065772 0.8120885 1.0160513 0.9756228 0.9160800 0.8535988 0.7593373 1.0282164 0.8775246 0.9965409 0.6775122 0.0000000 0.8027515 0.8870219 1.0716730 0.8941738 0.7240237 0.9985786 0.7591995 0.8692029 1.0125001 1.0010134 1.0328173 1.0166902 
yHAB153_Kazachstania_rosinii                0.7877834 0.7832046 0.7732024 0.9422355 0.8465281 1.1752344 0.7852373 0.8014488 0.7081594 1.0420412 4.8990160 0.8602239 0.8230110 0.8438844 0.7750188 0.7793171 0.8061308 0.8847955 0.9105633 0.8984294 0.8141437 0.7822976 0.9362910 0.8797505 0.8173545 1.0913912 0.8003362 0.8027515 0.0000000 1.0404030 0.8251045 0.8564745 0.7606949 0.8267867 0.8805801 1.0412984 0.9100679 0.8210519 1.0192835 0.8737081 
yHAB154_Kazachstania_transvaalensis         0.7476669 0.6300149 1.0123951 0.7666722 0.9370819 1.2615975 0.9203785 0.8325298 0.9105228 0.7421340 7.7809571 0.8472482 0.8593865 0.8580771 0.8643270 0.8226745 0.8806179 0.8411585 0.6904429 0.7879615 0.7149255 0.6637835 0.4615227 0.6656325 0.7385865 0.5867771 0.6677027 0.8870219 1.0404030 0.0000000 0.6677884 0.7518108 0.5143093 0.5793981 0.5077656 0.2506681 0.8403679 0.7759620 0.8759563 0.8067728 
yHAB155_Kazachstania_spencerorum            0.7710263 0.6975801 1.1365067 0.8476952 0.7428937 1.2288017 0.9065935 0.8453436 1.0071612 0.6164061 8.7585323 0.8299100 0.7885240 0.8517860 0.9436589 0.8899534 0.8747705 0.8913247 0.6466266 0.6544822 0.7278435 0.6086024 0.6140726 0.4878179 0.7884473 0.7610365 0.8013500 1.0716730 0.8251045 0.6677884 0.0000000 0.6762148 0.7295499 0.4321596 0.6327025 0.5786121 0.6480739 0.6052131 0.7008699 0.7132310 
yHAB158_Kazachstania_viticola               0.6891509 0.5585809 0.7637255 0.8020236 0.7785763 1.1173859 0.8383638 0.7369791 0.6802963 0.5416698 7.0210662 0.6734274 0.6860741 0.6956798 0.7469297 0.6702481 0.6643573 0.6503264 0.6663388 0.6301783 0.7101295 0.5753739 0.6094616 0.6335326 0.5907920 0.8200065 0.6433407 0.8941738 0.8564745 0.7518108 0.6762148 0.0000000 0.6525114 0.5392989 0.5982648 0.6949135 0.6225268 0.6822881 0.6638551 0.6635583 
yHAB159_Kazachstania_solicola               0.7569956 0.5370069 0.7983311 0.7358196 0.7754646 1.0071966 0.8741627 0.8461967 0.7360548 0.6453100 7.1938443 0.7304619 0.6590828 0.6773465 0.7232857 0.6831291 0.6508101 0.6741547 0.6207265 0.7006350 0.6850385 0.5527176 0.2061393 0.6776181 0.4810726 0.4193343 0.5209478 0.7240237 0.7606949 0.5143093 0.7295499 0.6525114 0.0000000 0.6261931 0.0978163 0.5712662 0.7283014 0.7304992 0.8718371 0.7401010 
yHAB160_Kazachstania_kunashirensis          0.6214902 0.5364140 1.0111764 0.8455486 0.6842911 1.2277653 0.8039552 0.7605595 0.7988246 0.5258623 8.2029445 0.7358219 0.7065946 0.7212225 0.7963187 0.7595339 0.7178413 0.7085305 0.5697626 0.5928837 0.5501879 0.4749430 0.5709706 0.4099107 0.7091589 0.6478279 0.6738082 0.9985786 0.8267867 0.5793981 0.4321596 0.5392989 0.6261931 0.0000000 0.5910499 0.5827343 0.6322352 0.6162457 0.6398009 0.4986538 
yHAB164_Kazachstania_aerobia                0.8112245 0.5288602 0.8358631 0.6736063 0.7566893 1.0818322 0.7941888 0.8146659 0.7817448 0.5771671 7.7222384 0.6643956 0.6437496 0.7073445 0.7394865 0.6622593 0.6322181 0.6871874 0.5694337 0.6055740 0.6723145 0.5003704 0.1704738 0.6414809 0.4617517 0.3538586 0.5070534 0.7591995 0.8805801 0.5077656 0.6327025 0.5982648 0.0978163 0.5910499 0.0000000 0.4996964 0.6361538 0.6969814 0.7442315 0.6835650 
yHAB166_Kazachstania_yakushimaensis         0.8362576 0.6364533 1.1292421 0.7407782 0.8226759 1.2885589 0.8921754 0.8192154 0.9448105 0.6529702 8.2677239 0.7766493 0.7819869 0.7964360 0.8171291 0.8192720 0.7938432 0.8120041 0.6588578 0.7382217 0.7143199 0.6884276 0.4590004 0.6124232 0.7325719 0.5400274 0.7426946 0.8692029 1.0412984 0.2506681 0.5786121 0.6949135 0.5712662 0.5827343 0.4996964 0.0000000 0.7594429 0.7445225 0.8549419 0.7102854 
yHMPu5000034875_Tetrapisispora_fleetii      0.6405195 0.5324791 1.1115658 0.7913562 0.7381182 1.2704359 0.7817029 0.6863483 0.8908464 0.6813571 7.5128584 0.7807126 0.7872890 0.7829956 0.9455456 0.7627028 0.7580953 0.7722483 0.5154370 0.3333343 0.6948318 0.5824928 0.6797615 0.6007539 0.8563474 0.8844335 0.8741570 1.0125001 0.9100679 0.8403679 0.6480739 0.6225268 0.7283014 0.6322352 0.6361538 0.7594429 0.0000000 0.3818663 0.2560821 0.6328376 
yHMPu5000034876_Tetrapisispora_iriomotensis 0.5680243 0.5891745 1.1228224 0.7673350 0.6853721 1.3035962 0.7298054 0.6799626 0.8316701 0.6011225 6.3546251 0.7444778 0.7217743 0.7758724 0.8381118 0.7792120 0.7799597 0.7837752 0.5152714 0.3480262 0.5570611 0.5744290 0.6714209 0.6283030 0.8306554 0.9273189 0.7964881 1.0010134 0.8210519 0.7759620 0.6052131 0.6822881 0.7304992 0.6162457 0.6969814 0.7445225 0.3818663 0.0000000 0.4230718 0.6104542 
yHMPu5000034877_Tetrapisispora_namnaonensis 0.7414524 0.6205983 1.1354053 0.8891649 0.8135245 1.2997757 0.8134424 0.7329988 0.9412863 0.7299854 7.3888667 0.8390690 0.8358319 0.8432619 0.9419359 0.8705319 0.8882056 0.8341360 0.5706057 0.3449782 0.6900061 0.6842105 0.7329534 0.6922668 0.8952804 0.9235863 0.8129778 1.0328173 1.0192835 0.8759563 0.7008699 0.6638551 0.8718371 0.6398009 0.7442315 0.8549419 0.2560821 0.4230718 0.0000000 0.6999889 
yHMPu5000035629_Yueomyces_sinensis          0.7036926 0.6640723 1.0601885 0.6974706 0.7439434 1.3568104 0.8059700 0.6824460 0.8369456 0.5423816 6.9682977 0.7305353 0.7681821 0.7566249 0.7753646 0.7771962 0.7593191 0.7087228 0.5102466 0.6566189 0.7600338 0.5794828 0.6482925 0.5756369 0.8740017 0.7983712 0.7707760 1.0166902 0.8737081 0.8067728 0.7132310 0.6635583 0.7401010 0.4986538 0.6835650 0.7102854 0.6328376 0.6104542 0.6999889 0.0000000 
