40
Candida_glabrata                            0.0000000 1.4977114 1.4214503 1.5285428 1.0864487 1.5350334 0.9297839 0.9325062 1.4511345 1.4245345 6.1184806 1.4201599 1.4216352 1.4793098 1.4766599 1.4232993 1.4681178 1.5252299 1.5849665 1.7239625 1.3500721 1.6451784 1.6647637 1.8941312 1.3440350 1.5011958 1.7367900 1.6221828 1.5514095 1.7982343 1.4800654 1.5304388 1.6121554 1.6762682 1.7282785 1.5887908 1.7027001 1.6064378 1.6510104 1.9917559 
Kazachstania_africana                       1.4977114 0.0000000 1.2566121 1.5635818 1.3407862 1.5372971 1.3935662 1.4491362 1.1948581 1.2055763 6.3539080 1.3134622 1.1654846 1.2040302 1.2696793 1.1389561 1.2261855 1.2442764 1.3900058 1.3694633 1.4486972 1.0947858 1.2339779 1.3319148 1.0163805 1.3582567 1.3313319 1.3039007 0.9766573 1.5039152 0.9667943 1.3805056 1.1711094 1.0640261 1.1970365 1.1889376 1.3140463 1.3202067 1.3527268 1.7806915 
Kazachstania_naganishii                     1.4214503 1.2566121 0.0000000 1.7939510 1.4722257 1.8847945 1.4948662 1.4757396 1.5199292 1.4568024 5.4366831 1.3765792 1.4940662 1.4693303 1.4127998 1.3875929 1.5299145 1.4629149 1.7531401 1.6091610 1.3944547 1.4422340 1.3730056 1.7136000 1.1789797 1.3139171 1.3442809 1.5002704 1.1367597 1.6094002 1.2247226 1.5540264 1.2897461 1.2520118 1.3597527 1.5667271 1.5345158 1.6535826 1.6070175 2.1087708 
Nakaseomyces_bacillisporus                  1.5285428 1.5635818 1.7939510 0.0000000 1.7788447 1.9507930 2.0900173 1.7525289 1.6164728 1.3335714 6.5450596 1.7724304 1.7762537 1.7873668 1.8019492 1.5481820 1.6634972 1.7724040 1.7502987 1.6699883 1.8552039 1.6216114 1.8842609 1.9546476 1.5879794 1.6177207 2.1377231 1.7235409 1.6990869 1.9877992 1.5110903 1.7763957 1.7464607 1.7370568 1.7461426 1.9373137 1.4399034 1.7937329 1.5012502 2.1037632 
Nakaseomyces_bracarensis                    1.0864487 1.3407862 1.4722257 1.7788447 0.0000000 1.6013848 0.4716072 0.4501774 1.5602456 1.5729004 5.4002523 1.4824862 1.6096081 1.5305068 1.5491294 1.4801766 1.5647791 1.5312208 1.3691822 1.6444071 1.5145615 1.4934793 1.3999977 1.7172586 1.2855004 1.5097939 1.6577867 1.4909991 1.1940547 1.8916335 1.2720873 1.4164865 1.3844557 1.5203022 1.5399230 1.7019542 1.5032647 1.5894184 1.6211369 1.8416942 
Nakaseomyces_castellii                      1.5350334 1.5372971 1.8847945 1.9507930 1.6013848 0.0000000 1.5915790 1.6786253 1.6163771 1.7515102 5.4686640 1.5970274 1.5204892 1.5661216 1.5239994 1.5822027 1.6178691 1.4609983 1.8884262 1.9568564 1.6155409 1.7702722 1.8273699 2.1612896 1.6285701 1.8166243 1.6420776 1.6133728 1.6357217 2.2388935 1.5476468 2.0849562 1.7005701 1.8021047 1.7785481 1.8193492 2.1671017 1.8063662 2.1154343 2.1330793 
Nakaseomyces_delphensis                     0.9297839 1.3935662 1.4948662 2.0900173 0.4716072 1.5915790 0.0000000 0.4414236 1.5405916 1.6066051 5.8723924 1.6207605 1.6713153 1.7007861 1.7078302 1.6885168 1.7076904 1.6395143 1.5798728 1.7721607 1.4669712 1.6876683 1.4727960 1.7498625 1.3944319 1.5979053 1.5552989 1.5546741 1.3439080 1.9963640 1.3001169 1.4515494 1.4017982 1.6439650 1.5148347 1.8829756 1.6459558 1.5915244 1.7253975 2.0011869 
Nakaseomyces_nivariensis                    0.9325062 1.4491362 1.4757396 1.7525289 0.4501774 1.6786253 0.4414236 0.0000000 1.6159292 1.4321911 5.7923545 1.6013724 1.7558513 1.7242761 1.7392799 1.5591090 1.7125080 1.7261479 1.5150687 1.5287106 1.5060859 1.5795394 1.3284067 1.7794151 1.4035119 1.4487191 1.7216448 1.6476376 1.2322454 1.7962795 1.3484415 1.3743962 1.3231581 1.6530108 1.3910266 1.7107565 1.4717010 1.4744970 1.5913642 1.8388107 
Naumovozyma_castellii                       1.4511345 1.1948581 1.5199292 1.6164728 1.5602456 1.6163771 1.5405916 1.6159292 0.0000000 1.1125496 5.7638152 1.2713855 1.3378016 1.2909575 1.3922777 1.2893349 1.4081777 1.3371100 1.5808251 1.6434308 1.5057902 1.3936835 1.3886558 1.5102117 1.1065502 1.2623038 1.7224862 1.4943437 1.2520954 1.7922640 1.2638633 1.6450009 1.3224418 1.3725827 1.4018676 1.5629776 1.5591793 1.5704637 1.6329827 1.7691620 
Naumovozyma_dairenensis                     1.4245345 1.2055763 1.4568024 1.3335714 1.5729004 1.7515102 1.6066051 1.4321911 1.1125496 0.0000000 6.6816978 1.2640153 1.2979907 1.3214736 1.3169697 1.2339259 1.2926757 1.3200174 1.4526703 1.2641784 1.4450079 1.2595714 1.3564505 1.4115142 1.2170536 1.1539022 1.7218355 1.6148085 1.2043396 1.8096325 1.0910606 1.4383719 1.2030791 1.2420524 1.2386209 1.6938509 1.1570146 1.5102512 1.3130056 1.7238679 
Neurospora_crassa                           6.1184806 6.3539080 5.4366831 6.5450596 5.4002523 5.4686640 5.8723924 5.7923545 5.7638152 6.6816978 0.0000000 5.8850256 5.9400895 5.2903701 5.7546191 6.0816393 5.9176301 5.2562667 6.5290081 6.1069725 6.1963123 5.4261263 5.9570493 5.6917436 5.5533785 5.9211974 4.7713446 5.7452455 5.6656822 6.1327385 6.1178254 6.1612805 6.1073647 5.5904054 6.1677966 6.0902725 6.0916036 5.8440605 6.3840154 6.2785797 
Saccharomyces_arboricola                    1.4201599 1.3134622 1.3765792 1.7724304 1.4824862 1.5970274 1.6207605 1.6013724 1.2713855 1.2640153 5.8850256 0.0000000 0.3512674 0.3433680 0.2895408 0.3212817 0.3210757 0.3928463 1.6035029 1.6871397 1.4561940 1.3892439 1.2321432 1.7554831 1.1780362 1.3033794 1.6953307 1.6314425 1.1351291 1.5903846 1.2671201 1.3642086 1.2451474 1.3868056 1.2379760 1.7007014 1.5778487 1.4993304 1.5957507 1.8040611 
Saccharomyces_cerevisiae                    1.4216352 1.1654846 1.4940662 1.7762537 1.6096081 1.5204892 1.6713153 1.7558513 1.3378016 1.2979907 5.9400895 0.3512674 0.0000000 0.4009060 0.3323979 0.2747201 0.1366291 0.4259251 1.4098880 1.6065478 1.5813290 1.2602136 1.3039786 1.7342148 1.2883995 1.3894352 1.6401582 1.7399974 1.1657055 1.8343199 1.4283706 1.4754214 1.3667023 1.3514112 1.3549324 1.7961974 1.5354717 1.4544376 1.6227657 1.7830013 
Saccharomyces_eubayanus                     1.4793098 1.2040302 1.4693303 1.7873668 1.5305068 1.5661216 1.7007861 1.7242761 1.2909575 1.3214736 5.2903701 0.3433680 0.4009060 0.0000000 0.3544012 0.3428631 0.3740602 0.1107711 1.4862341 1.6293720 1.4177919 1.3419283 1.1734392 1.7926212 1.2092866 1.3047303 1.6826911 1.5040419 1.1577598 1.7580608 1.3870684 1.4238050 1.3077353 1.2747163 1.3393723 1.6635005 1.4824438 1.4014473 1.5319808 1.8379039 
Saccharomyces_kudriavzevii                  1.4766599 1.2696793 1.4127998 1.8019492 1.5491294 1.5239994 1.7078302 1.7392799 1.3922777 1.3169697 5.7546191 0.2895408 0.3323979 0.3544012 0.0000000 0.3286311 0.3224650 0.3961820 1.5609619 1.5544072 1.4694622 1.2666318 1.2884314 1.8872499 1.3141440 1.3860564 1.7436469 1.6356903 1.2304881 1.8016417 1.3759597 1.4609406 1.2885738 1.4069991 1.3582351 1.8272568 1.5137513 1.4390582 1.6528776 1.8284895 
Saccharomyces_mikatae                       1.4232993 1.1389561 1.3875929 1.5481820 1.4801766 1.5822027 1.6885168 1.5591090 1.2893349 1.2339259 6.0816393 0.3212817 0.2747201 0.3428631 0.3286311 0.0000000 0.2175471 0.3946752 1.5869219 1.5006212 1.5026423 1.3100364 1.2710695 1.7182757 1.2188269 1.2450497 1.7247703 1.5801147 1.1065111 1.7363109 1.2630685 1.4079889 1.2328178 1.3421594 1.2704558 1.7405298 1.4072441 1.4842976 1.4283395 1.7914561 
Saccharomyces_paradoxus                     1.4681178 1.2261855 1.5299145 1.6634972 1.5647791 1.6178691 1.7076904 1.7125080 1.4081777 1.2926757 5.9176301 0.3210757 0.1366291 0.3740602 0.3224650 0.2175471 0.0000000 0.3923860 1.5273462 1.6275068 1.4755681 1.3493572 1.3908065 1.7980305 1.3083702 1.3875675 1.6676393 1.7179430 1.2777930 1.7876548 1.4855178 1.4754509 1.4431898 1.4297633 1.4184714 1.8317682 1.6043853 1.5431868 1.6721272 1.8034374 
Saccharomyces_uvarum                        1.5252299 1.2442764 1.4629149 1.7724040 1.5312208 1.4609983 1.6395143 1.7261479 1.3371100 1.3200174 5.2562667 0.3928463 0.4259251 0.1107711 0.3961820 0.3946752 0.3923860 0.0000000 1.4604244 1.6613883 1.3641624 1.3950686 1.3010296 1.7156791 1.1551210 1.3834324 1.6200844 1.5681918 1.2191325 1.7987571 1.3767386 1.3569905 1.3661807 1.2691611 1.3922597 1.7128353 1.4847191 1.3814367 1.4717894 1.7308147 
Tetrapisispora_blattae                      1.5849665 1.3900058 1.7531401 1.7502987 1.3691822 1.8884262 1.5798728 1.5150687 1.5808251 1.4526703 6.5290081 1.6035029 1.4098880 1.4862341 1.5609619 1.5869219 1.5273462 1.4604244 0.0000000 1.3803144 1.4220078 1.4687061 1.6140089 1.6651412 1.3926902 1.4946711 1.8483855 1.8053773 1.3553360 2.1276419 1.3716653 1.6360688 1.5878662 1.6567866 1.6458780 1.8667864 1.3340385 1.4103438 1.3109264 1.2410255 
Tetrapisispora_phaffii                      1.7239625 1.3694633 1.6091610 1.6699883 1.6444071 1.9568564 1.7721607 1.5287106 1.6434308 1.2641784 6.1069725 1.6871397 1.6065478 1.6293720 1.5544072 1.5006212 1.6275068 1.6613883 1.3803144 0.0000000 1.1843182 1.3124414 1.5345300 1.7826933 1.1788675 1.5377211 1.7141618 1.8473166 1.2282333 1.7786055 1.2204926 1.4917756 1.6001988 1.3720023 1.6074016 1.5676362 0.4954723 0.7666405 0.5498256 1.8703665 
Vanderwaltozyma_polyspora                   1.3500721 1.4486972 1.3944547 1.8552039 1.5145615 1.6155409 1.4669712 1.5060859 1.5057902 1.4450079 6.1963123 1.4561940 1.5813290 1.4177919 1.4694622 1.5026423 1.4755681 1.3641624 1.4220078 1.1843182 0.0000000 1.1961856 1.3395009 2.0447506 1.0992203 1.3349564 1.8143379 1.6121607 1.3523380 1.6658504 1.2981641 1.3742652 1.2950894 1.4035944 1.2839751 1.3003854 1.2106656 1.2379664 1.2701520 1.6371161 
yHAB132_Kazachstania_martiniae              1.6451784 1.0947858 1.4422340 1.6216114 1.4934793 1.7702722 1.6876683 1.5795394 1.3936835 1.2595714 5.4261263 1.3892439 1.2602136 1.3419283 1.2666318 1.3100364 1.3493572 1.3950686 1.4687061 1.3124414 1.1961856 0.0000000 1.2629606 1.6618589 1.2041733 1.1731652 1.6694924 1.5960741 1.0766973 1.4945746 1.0441450 1.5383196 1.2176150 1.3047380 1.2372639 1.2952013 1.4007396 1.5052884 1.4108834 2.0739362 
yHAB133_Kazachstania_unispora               1.6647637 1.2339779 1.3730056 1.8842609 1.3999977 1.8273699 1.4727960 1.3284067 1.3886558 1.3564505 5.9570493 1.2321432 1.3039786 1.1734392 1.2884314 1.2710695 1.3908065 1.3010296 1.6140089 1.5345300 1.3395009 1.2629606 0.0000000 1.6589124 0.8953288 0.4509320 1.5980390 1.5030739 1.1130883 1.4442286 1.2018211 1.2836186 0.2799625 1.3335035 0.2444080 1.2145724 1.5222089 1.4237659 1.4989256 1.9275846 
yHAB134_Kazachstania_turicensis             1.8941312 1.3319148 1.7136000 1.9546476 1.7172586 2.1612896 1.7498625 1.7794151 1.5102117 1.4115142 5.6917436 1.7554831 1.7342148 1.7926212 1.8872499 1.7182757 1.7980305 1.7156791 1.6651412 1.7826933 2.0447506 1.6618589 1.6589124 0.0000000 1.3918997 1.6118298 1.8193296 2.0598129 1.3645554 2.0030665 1.3065991 1.4753339 1.5541428 1.1725372 1.5759101 1.7845704 1.5626516 1.6788795 1.7053922 2.0824015 
yHAB136_Kazachstania_bromeliacearum         1.3440350 1.0163805 1.1789797 1.5879794 1.2855004 1.6285701 1.3944319 1.4035119 1.1065502 1.2170536 5.5533785 1.1780362 1.2883995 1.2092866 1.3141440 1.2188269 1.3083702 1.1551210 1.3926902 1.1788675 1.0992203 1.2041733 0.8953288 1.3918997 0.0000000 0.8535668 1.5366229 1.5334862 1.0529838 1.4548897 1.0088665 1.0838955 0.9676633 1.1650613 0.9179460 1.2583589 1.2548219 1.2690541 1.3297209 1.5672388 
yHAB143_Kazachstania_siamensis              1.5011958 1.3582567 1.3139171 1.6177207 1.5097939 1.8166243 1.5979053 1.4487191 1.2623038 1.1539022 5.9211974 1.3033794 1.3894352 1.3047303 1.3860564 1.2450497 1.3875675 1.3834324 1.4946711 1.5377211 1.3349564 1.1731652 0.4509320 1.6118298 0.8535668 0.0000000 1.5904299 1.4040567 1.1570075 1.3864612 1.2613861 1.3574870 0.4543931 1.2916289 0.4935854 1.0418923 1.5187169 1.3560901 1.5370710 1.7572933 
yHAB147_Kazachstania_taianensis             1.7367900 1.3313319 1.3442809 2.1377231 1.6577867 1.6420776 1.5552989 1.7216448 1.7224862 1.7218355 4.7713446 1.6953307 1.6401582 1.6826911 1.7436469 1.7247703 1.6676393 1.6200844 1.8483855 1.7141618 1.8143379 1.6694924 1.5980390 1.8193296 1.5366229 1.5904299 0.0000000 1.5973549 1.4284621 1.5790607 1.4460736 1.7040860 1.5629671 1.4865930 1.6042435 1.6583161 1.8437035 1.8180823 1.8475066 2.3004195 
yHAB148_Kazachstania_intestinalis           1.6221828 1.3039007 1.5002704 1.7235409 1.4909991 1.6133728 1.5546741 1.6476376 1.4943437 1.6148085 5.7452455 1.6314425 1.7399974 1.5040419 1.6356903 1.5801147 1.7179430 1.5681918 1.8053773 1.8473166 1.6121607 1.5960741 1.5030739 2.0598129 1.5334862 1.4040567 1.5973549 0.0000000 1.4536600 2.2056068 1.4634679 1.8100835 1.4475386 1.5721807 1.5861578 1.8923709 1.7264056 1.7230472 1.7890559 2.0755285 
yHAB153_Kazachstania_rosinii                1.5514095 0.9766573 1.1367597 1.6990869 1.1940547 1.6357217 1.3439080 1.2322454 1.2520954 1.2043396 5.6656822 1.1351291 1.1657055 1.1577598 1.2304881 1.1065111 1.2777930 1.2191325 1.3553360 1.2282333 1.3523380 1.0766973 1.1130883 1.3645554 1.0529838 1.1570075 1.4284621 1.4536600 0.0000000 1.6610677 0.8054382 1.2184591 1.0512178 0.9970880 1.0754717 1.4428778 1.1989905 1.3632958 1.2587130 1.6196004 
yHAB154_Kazachstania_transvaalensis         1.7982343 1.5039152 1.6094002 1.9877992 1.8916335 2.2388935 1.9963640 1.7962795 1.7922640 1.8096325 6.1327385 1.5903846 1.8343199 1.7580608 1.8016417 1.7363109 1.7876548 1.7987571 2.1276419 1.7786055 1.6658504 1.4945746 1.4442286 2.0030665 1.4548897 1.3864612 1.5790607 2.2056068 1.6610677 0.0000000 1.5845826 1.5401040 1.5133589 1.7345030 1.4433659 0.5633078 1.6140571 1.7284017 1.7005075 2.1903481 
yHAB155_Kazachstania_spencerorum            1.4800654 0.9667943 1.2247226 1.5110903 1.2720873 1.5476468 1.3001169 1.3484415 1.2638633 1.0910606 6.1178254 1.2671201 1.4283706 1.3870684 1.3759597 1.2630685 1.4855178 1.3767386 1.3716653 1.2204926 1.2981641 1.0441450 1.2018211 1.3065991 1.0088665 1.2613861 1.4460736 1.4634679 0.8054382 1.5845826 0.0000000 1.3407652 1.1803618 1.0341230 1.1719293 1.3837422 1.2612645 1.4472679 1.2570085 1.7808804 
yHAB158_Kazachstania_viticola               1.5304388 1.3805056 1.5540264 1.7763957 1.4164865 2.0849562 1.4515494 1.3743962 1.6450009 1.4383719 6.1612805 1.3642086 1.4754214 1.4238050 1.4609406 1.4079889 1.4754509 1.3569905 1.6360688 1.4917756 1.3742652 1.5383196 1.2836186 1.4753339 1.0838955 1.3574870 1.7040860 1.8100835 1.2184591 1.5401040 1.3407652 0.0000000 1.3121788 1.3466412 1.2796576 1.4937607 1.3402521 1.6465070 1.4139462 1.7486151 
yHAB159_Kazachstania_solicola               1.6121554 1.1711094 1.2897461 1.7464607 1.3844557 1.7005701 1.4017982 1.3231581 1.3224418 1.2030791 6.1073647 1.2451474 1.3667023 1.3077353 1.2885738 1.2328178 1.4431898 1.3661807 1.5878662 1.6001988 1.2950894 1.2176150 0.2799625 1.5541428 0.9676633 0.4543931 1.5629671 1.4475386 1.0512178 1.5133589 1.1803618 1.3121788 0.0000000 1.2757913 0.1354401 1.1431833 1.5030449 1.3979091 1.5862616 1.9252361 
yHAB160_Kazachstania_kunashirensis          1.6762682 1.0640261 1.2520118 1.7370568 1.5203022 1.8021047 1.6439650 1.6530108 1.3725827 1.2420524 5.5904054 1.3868056 1.3514112 1.2747163 1.4069991 1.3421594 1.4297633 1.2691611 1.6567866 1.3720023 1.4035944 1.3047380 1.3335035 1.1725372 1.1650613 1.2916289 1.4865930 1.5721807 0.9970880 1.7345030 1.0341230 1.3466412 1.2757913 0.0000000 1.2539859 1.5674416 1.3861690 1.4901792 1.4931828 1.7321069 
yHAB164_Kazachstania_aerobia                1.7282785 1.1970365 1.3597527 1.7461426 1.5399230 1.7785481 1.5148347 1.3910266 1.4018676 1.2386209 6.1677966 1.2379760 1.3549324 1.3393723 1.3582351 1.2704558 1.4184714 1.3922597 1.6458780 1.6074016 1.2839751 1.2372639 0.2444080 1.5759101 0.9179460 0.4935854 1.6042435 1.5861578 1.0754717 1.4433659 1.1719293 1.2796576 0.1354401 1.2539859 0.0000000 1.1548889 1.4802663 1.4210838 1.5344966 1.9608736 
yHAB166_Kazachstania_yakushimaensis         1.5887908 1.1889376 1.5667271 1.9373137 1.7019542 1.8193492 1.8829756 1.7107565 1.5629776 1.6938509 6.0902725 1.7007014 1.7961974 1.6635005 1.8272568 1.7405298 1.8317682 1.7128353 1.8667864 1.5676362 1.3003854 1.2952013 1.2145724 1.7845704 1.2583589 1.0418923 1.6583161 1.8923709 1.4428778 0.5633078 1.3837422 1.4937607 1.1431833 1.5674416 1.1548889 0.0000000 1.6302799 1.6542442 1.7169818 1.8998037 
yHMPu5000034875_Tetrapisispora_fleetii      1.7027001 1.3140463 1.5345158 1.4399034 1.5032647 2.1671017 1.6459558 1.4717010 1.5591793 1.1570146 6.0916036 1.5778487 1.5354717 1.4824438 1.5137513 1.4072441 1.6043853 1.4847191 1.3340385 0.4954723 1.2106656 1.4007396 1.5222089 1.5626516 1.2548219 1.5187169 1.8437035 1.7264056 1.1989905 1.6140571 1.2612645 1.3402521 1.5030449 1.3861690 1.4802663 1.6302799 0.0000000 0.7890836 0.2789796 1.6995365 
yHMPu5000034876_Tetrapisispora_iriomotensis 1.6064378 1.3202067 1.6535826 1.7937329 1.5894184 1.8063662 1.5915244 1.4744970 1.5704637 1.5102512 5.8440605 1.4993304 1.4544376 1.4014473 1.4390582 1.4842976 1.5431868 1.3814367 1.4103438 0.7666405 1.2379664 1.5052884 1.4237659 1.6788795 1.2690541 1.3560901 1.8180823 1.7230472 1.3632958 1.7284017 1.4472679 1.6465070 1.3979091 1.4901792 1.4210838 1.6542442 0.7890836 0.0000000 0.8133214 1.8527237 
yHMPu5000034877_Tetrapisispora_namnaonensis 1.6510104 1.3527268 1.6070175 1.5012502 1.6211369 2.1154343 1.7253975 1.5913642 1.6329827 1.3130056 6.3840154 1.5957507 1.6227657 1.5319808 1.6528776 1.4283395 1.6721272 1.4717894 1.3109264 0.5498256 1.2701520 1.4108834 1.4989256 1.7053922 1.3297209 1.5370710 1.8475066 1.7890559 1.2587130 1.7005075 1.2570085 1.4139462 1.5862616 1.4931828 1.5344966 1.7169818 0.2789796 0.8133214 0.0000000 1.7137629 
yHMPu5000035629_Yueomyces_sinensis          1.9917559 1.7806915 2.1087708 2.1037632 1.8416942 2.1330793 2.0011869 1.8388107 1.7691620 1.7238679 6.2785797 1.8040611 1.7830013 1.8379039 1.8284895 1.7914561 1.8034374 1.7308147 1.2410255 1.8703665 1.6371161 2.0739362 1.9275846 2.0824015 1.5672388 1.7572933 2.3004195 2.0755285 1.6196004 2.1903481 1.7808804 1.7486151 1.9252361 1.7321069 1.9608736 1.8998037 1.6995365 1.8527237 1.7137629 0.0000000 
