40
Candida_glabrata                            0.0000000 2.5176204 2.4093701 2.8133591 1.7286648 2.8099888 1.7370217 1.7613198 2.2445192 2.1383042 8.9999986 2.3994486 2.2463535 2.3542801 2.3547011 2.4080138 2.2507339 2.2772049 2.5840354 2.6534004 2.4629509 2.4310540 2.3322045 2.1523061 2.2818863 2.4422457 2.4779875 2.5435245 2.2808471 2.6556574 2.2019467 2.3450413 2.2456766 2.2144343 2.2334800 2.5214139 2.7792156 2.7951748 2.7428837 2.4519236 
Kazachstania_africana                       2.5176204 0.0000000 1.7342474 2.1500710 2.1997303 2.3613949 2.3187708 2.2375644 1.5229004 1.5369689 8.9999989 1.7500868 1.8684473 1.8210624 1.8235934 1.8432569 1.8589034 1.8394821 1.7441523 2.2289408 1.8705590 1.8382906 1.5386070 1.4724129 1.4563599 1.3845283 1.6097875 2.0821087 1.4364917 1.8241148 1.4279675 1.5507409 1.4759315 1.5757261 1.5004511 1.8228180 2.2354697 2.1941311 2.3292009 1.7147961 
Kazachstania_naganishii                     2.4093701 1.7342474 0.0000000 2.2220277 2.3926430 2.7152466 2.3436568 2.4515434 1.7498374 1.7731343 8.9999990 1.7447396 1.7903962 1.7670049 1.6283332 1.7226061 1.8040346 1.7540638 1.9355541 2.2937089 1.9222728 1.7921422 1.5384925 1.8021963 1.3872060 1.4969104 1.3558954 1.9937301 1.6400620 1.9045207 1.6416358 1.7936493 1.5036366 1.6863138 1.5217755 1.8758899 2.3022349 2.3297230 2.3914136 2.0936945 
Nakaseomyces_bacillisporus                  2.8133591 2.1500710 2.2220277 0.0000000 2.7582825 2.2577713 2.8287309 2.7878637 2.0550127 2.0216203 8.9999986 2.2381374 2.1455531 2.0226442 2.1979883 2.1483322 2.0979804 2.0986593 2.4904625 2.8801042 2.2491418 2.3430275 2.0021233 2.0536996 2.1743265 2.1328286 2.3011743 2.5370141 1.9965149 2.3172721 2.2044924 2.0520274 2.2127981 2.1174473 2.1276615 2.2361318 2.6152664 2.8717996 2.7897410 2.1283116 
Nakaseomyces_bracarensis                    1.7286648 2.1997303 2.3926430 2.7582825 0.0000000 2.9081594 0.8448639 0.8179059 2.1745213 2.1335397 8.9999986 2.2944682 2.2345058 2.2147528 2.2062318 2.3396174 2.2272728 2.2636241 2.4125134 2.5524865 2.5817232 2.2538203 2.1185105 2.0705843 2.1848561 2.0132992 2.2655808 2.8302455 2.2636069 2.6492744 2.2539696 2.1689759 2.1413180 2.2075078 2.1295188 2.3825416 2.7403130 2.6035227 2.8148093 2.1943816 
Nakaseomyces_castellii                      2.8099888 2.3613949 2.7152466 2.2577713 2.9081594 0.0000000 3.0865941 2.9855555 2.4301684 2.3663854 8.9999987 2.3773958 2.4008870 2.3992846 2.5285254 2.5182776 2.4550994 2.5419163 2.6859315 3.0499042 2.9737404 2.7467283 2.5799441 2.5792345 2.3553014 2.6006235 2.5916139 2.7020830 2.4276416 2.7873531 2.3703477 2.5083773 2.5337788 2.4555121 2.5725584 2.8790927 2.9539857 2.8289952 2.9697068 2.8513348 
Nakaseomyces_delphensis                     1.7370217 2.3187708 2.3436568 2.8287309 0.8448639 3.0865941 0.0000000 0.7599438 2.1939064 2.1188551 8.9999981 2.6500213 2.4241150 2.4796346 2.4599862 2.5561126 2.5032592 2.5315043 2.6409128 2.7638273 2.6155620 2.2277193 2.2057041 2.3934589 2.3082973 2.3038827 2.2940096 2.7779445 2.3646844 2.6402647 2.2525037 2.5007779 2.2635876 2.2109017 2.2315548 2.6485865 2.8467185 2.7107782 2.7299832 2.2032367 
Nakaseomyces_nivariensis                    1.7613198 2.2375644 2.4515434 2.7878637 0.8179059 2.9855555 0.7599438 0.0000000 2.2492107 2.0799241 8.9999989 2.3953267 2.3595671 2.2983560 2.3964749 2.4630901 2.3772074 2.3209096 2.5871999 2.5494744 2.4916022 2.3675532 2.1542802 2.2701627 2.2354804 2.1398665 2.3521958 2.6857062 2.1520975 2.6198890 2.2329468 2.2541104 2.0647221 2.2576053 2.1288945 2.5440296 2.7055552 2.7793375 2.7618773 2.2564661 
Naumovozyma_castellii                       2.2445192 1.5229004 1.7498374 2.0550127 2.1745213 2.4301684 2.1939064 2.2492107 0.0000000 1.0977056 8.9772347 1.6367341 1.7296663 1.6277978 1.7127088 1.6285660 1.6450462 1.5948977 1.9256290 1.8882408 1.7170008 1.5667742 1.4475142 1.6126476 1.4386964 1.4929369 1.6081768 2.2455339 1.3976244 2.0801889 1.3468489 1.4668115 1.5510786 1.4958643 1.5099338 2.0029911 1.9702335 2.0665331 1.8576134 1.7866278 
Naumovozyma_dairenensis                     2.1383042 1.5369689 1.7731343 2.0216203 2.1335397 2.3663854 2.1188551 2.0799241 1.0977056 0.0000000 8.9999981 1.5732210 1.5812633 1.5210749 1.5825978 1.5520482 1.4812838 1.4767119 1.7672624 1.9949061 1.6057301 1.5662877 1.4059037 1.5247859 1.3118818 1.4630799 1.5547995 2.1463077 1.3205006 1.9462632 1.3843461 1.4035442 1.3828223 1.3091761 1.4090896 1.9367667 1.9186290 2.0652649 1.8751755 1.5811758 
Neurospora_crassa                           8.9999986 8.9999989 8.9999990 8.9999986 8.9999986 8.9999987 8.9999981 8.9999989 8.9772347 8.9999981 0.0000000 8.9999987 8.9999980 8.9999984 8.9999980 8.9999989 8.9999990 8.9999986 8.9999989 8.9999988 8.9999985 8.9999981 8.9999989 8.9999990 8.9999985 8.9999988 8.9999989 8.9999988 8.9999988 8.9999986 8.9999984 8.9999989 8.9999986 8.9999984 8.9999986 8.9999984 8.9999990 8.9999983 8.9999986 8.9999988 
Saccharomyces_arboricola                    2.3994486 1.7500868 1.7447396 2.2381374 2.2944682 2.3773958 2.6500213 2.3953267 1.6367341 1.5732210 8.9999987 0.0000000 0.4789489 0.3922469 0.3981559 0.4547491 0.4566403 0.3759161 2.0168947 2.0854068 2.1471671 1.9591076 1.5842302 1.7424061 1.6933615 1.6842744 1.6104939 2.2401354 1.8017547 2.2774161 1.6399005 1.9552451 1.5547551 1.7667715 1.6070924 2.3061352 2.1737020 2.1924421 2.1765037 1.7372790 
Saccharomyces_cerevisiae                    2.2463535 1.8684473 1.7903962 2.1455531 2.2345058 2.4008870 2.4241150 2.3595671 1.7296663 1.5812633 8.9999980 0.4789489 0.0000000 0.4776259 0.4513873 0.3915264 0.2108590 0.4706669 2.0243545 2.0926158 2.2348111 1.9989857 1.7067080 1.8459808 1.7011288 1.7369637 1.7988676 2.2335218 1.7340425 2.2684133 1.6225305 1.9732049 1.6449691 1.7152477 1.6441498 2.3225183 2.2311651 2.2113999 2.2324431 1.8324966 
Saccharomyces_eubayanus                     2.3542801 1.8210624 1.7670049 2.0226442 2.2147528 2.3992846 2.4796346 2.2983560 1.6277978 1.5210749 8.9999984 0.3922469 0.4776259 0.0000000 0.4248667 0.4769879 0.4662964 0.1338054 1.9733669 2.0789123 2.0255813 1.9384344 1.6535656 1.7219181 1.7032248 1.6713892 1.7030667 2.2174270 1.7238812 2.2437820 1.6714699 1.8713807 1.5507642 1.7057897 1.5751296 2.3429398 2.0853046 2.0974986 2.1044868 1.7941781 
Saccharomyces_kudriavzevii                  2.3547011 1.8235934 1.6283332 2.1979883 2.2062318 2.5285254 2.4599862 2.3964749 1.7127088 1.5825978 8.9999980 0.3981559 0.4513873 0.4248667 0.0000000 0.3984123 0.4288600 0.4132410 2.0342577 2.1025249 2.1554149 1.9711210 1.6457663 1.8425054 1.6812256 1.6447027 1.8027184 2.2834741 1.7503323 2.2688471 1.6636934 1.9435147 1.6214971 1.7071979 1.6415784 2.3172406 2.1033751 2.2000428 2.0943990 1.8370099 
Saccharomyces_mikatae                       2.4080138 1.8432569 1.7226061 2.1483322 2.3396174 2.5182776 2.5561126 2.4630901 1.6285660 1.5520482 8.9999989 0.4547491 0.3915264 0.4769879 0.3984123 0.0000000 0.3429454 0.4661315 2.1081727 2.1858026 2.0997460 2.0317061 1.6919724 1.8888612 1.7469599 1.7716254 1.8555249 2.2350065 1.8118183 2.3285173 1.7740307 1.9674404 1.6524474 1.8238634 1.6545583 2.2978668 2.1451130 2.0822438 2.1485709 1.8136625 
Saccharomyces_paradoxus                     2.2507339 1.8589034 1.8040346 2.0979804 2.2272728 2.4550994 2.5032592 2.3772074 1.6450462 1.4812838 8.9999990 0.4566403 0.2108590 0.4662964 0.4288600 0.3429454 0.0000000 0.4584683 1.9297544 2.1415305 2.1549904 1.9644412 1.6854664 1.7321554 1.6628767 1.7142370 1.7411814 2.2623714 1.6702287 2.1704005 1.7048180 1.9447566 1.6064908 1.6707299 1.6178691 2.2306526 2.2483360 2.1767261 2.2322122 1.7343425 
Saccharomyces_uvarum                        2.2772049 1.8394821 1.7540638 2.0986593 2.2636241 2.5419163 2.5315043 2.3209096 1.5948977 1.4767119 8.9999986 0.3759161 0.4706669 0.1338054 0.4132410 0.4661315 0.4584683 0.0000000 1.9750163 2.0423444 2.0600776 1.9863783 1.6590505 1.7367768 1.6873096 1.6362386 1.6700134 2.2111219 1.6844687 2.2887948 1.7265820 1.8972630 1.5495952 1.7169399 1.5823947 2.3676065 2.0715531 2.0710188 2.0658195 1.8143137 
Tetrapisispora_blattae                      2.5840354 1.7441523 1.9355541 2.4904625 2.4125134 2.6859315 2.6409128 2.5871999 1.9256290 1.7672624 8.9999989 2.0168947 2.0243545 1.9733669 2.0342577 2.1081727 1.9297544 1.9750163 0.0000000 2.2199828 2.0915289 1.9696747 1.8885651 1.9321617 1.8470779 1.8214248 2.0206460 2.4086483 1.8519627 2.2199808 1.7955173 1.9517579 1.8343814 1.8852523 1.8393756 2.1267750 2.2449010 2.2176910 2.3094258 1.2818719 
Tetrapisispora_phaffii                      2.6534004 2.2289408 2.2937089 2.8801042 2.5524865 3.0499042 2.7638273 2.5494744 1.8882408 1.9949061 8.9999988 2.0854068 2.0926158 2.0789123 2.1025249 2.1858026 2.1415305 2.0423444 2.2199828 0.0000000 1.9264314 2.1200512 2.0394881 2.1938986 2.0025055 2.1270150 2.1094436 2.3688209 2.0969686 2.5145006 1.9021805 2.1835254 2.1394332 2.0457186 2.1208202 2.5080099 0.8524786 1.1744371 0.9007022 2.0826321 
Vanderwaltozyma_polyspora                   2.4629509 1.8705590 1.9222728 2.2491418 2.5817232 2.9737404 2.6155620 2.4916022 1.7170008 1.6057301 8.9999985 2.1471671 2.2348111 2.0255813 2.1554149 2.0997460 2.1549904 2.0600776 2.0915289 1.9264314 0.0000000 1.9336338 1.7831019 1.9739066 1.9415623 1.7171398 2.0109701 2.1036425 1.7922929 2.2802483 1.6502888 1.8597717 1.7888198 1.7514416 1.7817356 2.2306227 1.8955912 1.8938092 1.9316280 1.8313100 
yHAB132_Kazachstania_martiniae              2.4310540 1.8382906 1.7921422 2.3430275 2.2538203 2.7467283 2.2277193 2.3675532 1.5667742 1.5662877 8.9999981 1.9591076 1.9989857 1.9384344 1.9711210 2.0317061 1.9644412 1.9863783 1.9696747 2.1200512 1.9336338 0.0000000 1.5489268 1.8272291 1.4618396 1.6874880 1.6009857 2.2293761 1.6379970 2.1207707 1.6494186 1.6121676 1.6449740 1.7205103 1.5705836 1.9259425 2.2232482 2.1974516 2.2362542 1.7808087 
yHAB133_Kazachstania_unispora               2.3322045 1.5386070 1.5384925 2.0021233 2.1185105 2.5799441 2.2057041 2.1542802 1.4475142 1.4059037 8.9999989 1.5842302 1.7067080 1.6535656 1.6457663 1.6919724 1.6854664 1.6590505 1.8885651 2.0394881 1.7831019 1.5489268 0.0000000 1.6066222 1.0418108 0.6393282 1.1592523 2.0051061 1.6474517 1.5268838 1.3476761 1.4361230 0.4706382 1.5146066 0.4583395 1.4434326 2.0807885 2.0295611 2.0375477 1.5243171 
yHAB134_Kazachstania_turicensis             2.1523061 1.4724129 1.8021963 2.0536996 2.0705843 2.5792345 2.3934589 2.2701627 1.6126476 1.5247859 8.9999990 1.7424061 1.8459808 1.7219181 1.8425054 1.8888612 1.7321554 1.7367768 1.9321617 2.1938986 1.9739066 1.8272291 1.6066222 0.0000000 1.6341867 1.5741099 1.8086952 2.3491148 1.5322163 2.0657005 1.3109328 1.6512866 1.5344830 1.0522466 1.5209294 1.9820976 2.2077183 2.2481473 2.2091097 1.7956990 
yHAB136_Kazachstania_bromeliacearum         2.2818863 1.4563599 1.3872060 2.1743265 2.1848561 2.3553014 2.3082973 2.2354804 1.4386964 1.3118818 8.9999985 1.6933615 1.7011288 1.7032248 1.6812256 1.7469599 1.6628767 1.6873096 1.8470779 2.0025055 1.9415623 1.4618396 1.0418108 1.6341867 0.0000000 1.0434807 1.1458603 1.9654921 1.4435365 1.7355595 1.3313408 1.4029580 1.0553902 1.3968005 1.0457528 1.7135234 1.9574782 2.1286023 2.0287661 1.6077735 
yHAB143_Kazachstania_siamensis              2.4422457 1.3845283 1.4969104 2.1328286 2.0132992 2.6006235 2.3038827 2.1398665 1.4929369 1.4630799 8.9999988 1.6842744 1.7369637 1.6713892 1.6447027 1.7716254 1.7142370 1.6362386 1.8214248 2.1270150 1.7171398 1.6874880 0.6393282 1.5741099 1.0434807 0.0000000 1.2484744 2.1622466 1.5605565 1.5804160 1.3856898 1.4943145 0.6854536 1.4375406 0.7055049 1.4672153 2.0367869 2.1131299 2.0421308 1.6662763 
yHAB147_Kazachstania_taianensis             2.4779875 1.6097875 1.3558954 2.3011743 2.2655808 2.5916139 2.2940096 2.3521958 1.6081768 1.5547995 8.9999989 1.6104939 1.7988676 1.7030667 1.8027184 1.8555249 1.7411814 1.6700134 2.0206460 2.1094436 2.0109701 1.6009857 1.1592523 1.8086952 1.1458603 1.2484744 0.0000000 2.1613596 1.5414325 1.8280651 1.4617058 1.6774614 1.2843644 1.5618527 1.3369422 1.6871677 2.1854018 2.2768821 2.2264957 1.8128050 
yHAB148_Kazachstania_intestinalis           2.5435245 2.0821087 1.9937301 2.5370141 2.8302455 2.7020830 2.7779445 2.6857062 2.2455339 2.1463077 8.9999988 2.2401354 2.2335218 2.2174270 2.2834741 2.2350065 2.2623714 2.2111219 2.4086483 2.3688209 2.1036425 2.2293761 2.0051061 2.3491148 1.9654921 2.1622466 2.1613596 0.0000000 2.1331322 2.2830770 2.1344094 2.0265717 1.9929748 2.1907670 2.0358570 2.1335241 2.6045294 2.5550588 2.6018180 2.2617559 
yHAB153_Kazachstania_rosinii                2.2808471 1.4364917 1.6400620 1.9965149 2.2636069 2.4276416 2.3646844 2.1520975 1.3976244 1.3205006 8.9999988 1.8017547 1.7340425 1.7238812 1.7503323 1.8118183 1.6702287 1.6844687 1.8519627 2.0969686 1.7922929 1.6379970 1.6474517 1.5322163 1.4435365 1.5605565 1.5414325 2.1331322 0.0000000 1.9947806 1.1876615 1.5082844 1.4860277 1.2970724 1.4500001 1.8962552 1.9719944 2.1157742 2.0783484 1.8259951 
yHAB154_Kazachstania_transvaalensis         2.6556574 1.8241148 1.9045207 2.3172721 2.6492744 2.7873531 2.6402647 2.6198890 2.0801889 1.9462632 8.9999986 2.2774161 2.2684133 2.2437820 2.2688471 2.3285173 2.1704005 2.2887948 2.2199808 2.5145006 2.2802483 2.1207707 1.5268838 2.0657005 1.7355595 1.5804160 1.8280651 2.2830770 1.9947806 0.0000000 1.7757632 1.9099678 1.6064199 1.9166559 1.6542945 0.6388906 2.6333684 2.6375490 2.6499853 1.9529080 
yHAB155_Kazachstania_spencerorum            2.2019467 1.4279675 1.6416358 2.2044924 2.2539696 2.3703477 2.2525037 2.2329468 1.3468489 1.3843461 8.9999984 1.6399005 1.6225305 1.6714699 1.6636934 1.7740307 1.7048180 1.7265820 1.7955173 1.9021805 1.6502888 1.6494186 1.3476761 1.3109328 1.3313408 1.3856898 1.4617058 2.1344094 1.1876615 1.7757632 0.0000000 1.6091580 1.3342020 1.1548339 1.3330590 1.8144172 2.0090352 2.0392998 2.0581344 1.6949379 
yHAB158_Kazachstania_viticola               2.3450413 1.5507409 1.7936493 2.0520274 2.1689759 2.5083773 2.5007779 2.2541104 1.4668115 1.4035442 8.9999989 1.9552451 1.9732049 1.8713807 1.9435147 1.9674404 1.9447566 1.8972630 1.9517579 2.1835254 1.8597717 1.6121676 1.4361230 1.6512866 1.4029580 1.4943145 1.6774614 2.0265717 1.5082844 1.9099678 1.6091580 0.0000000 1.4294992 1.5049623 1.4247024 1.8086763 1.9333632 2.1353367 2.0457399 1.8031002 
yHAB159_Kazachstania_solicola               2.2456766 1.4759315 1.5036366 2.2127981 2.1413180 2.5337788 2.2635876 2.0647221 1.5510786 1.3828223 8.9999986 1.5547551 1.6449691 1.5507642 1.6214971 1.6524474 1.6064908 1.5495952 1.8343814 2.1394332 1.7888198 1.6449740 0.4706382 1.5344830 1.0553902 0.6854536 1.2843644 1.9929748 1.4860277 1.6064199 1.3342020 1.4294992 0.0000000 1.5080140 0.1589514 1.4813417 2.1523813 2.0339773 2.1953094 1.6018604 
yHAB160_Kazachstania_kunashirensis          2.2144343 1.5757261 1.6863138 2.1174473 2.2075078 2.4555121 2.2109017 2.2576053 1.4958643 1.3091761 8.9999984 1.7667715 1.7152477 1.7057897 1.7071979 1.8238634 1.6707299 1.7169399 1.8852523 2.0457186 1.7514416 1.7205103 1.5146066 1.0522466 1.3968005 1.4375406 1.5618527 2.1907670 1.2970724 1.9166559 1.1548339 1.5049623 1.5080140 0.0000000 1.4701481 1.8797184 2.0379584 2.1772196 2.1918907 1.7578813 
yHAB164_Kazachstania_aerobia                2.2334800 1.5004511 1.5217755 2.1276615 2.1295188 2.5725584 2.2315548 2.1288945 1.5099338 1.4090896 8.9999986 1.6070924 1.6441498 1.5751296 1.6415784 1.6545583 1.6178691 1.5823947 1.8393756 2.1208202 1.7817356 1.5705836 0.4583395 1.5209294 1.0457528 0.7055049 1.3369422 2.0358570 1.4500001 1.6542945 1.3330590 1.4247024 0.1589514 1.4701481 0.0000000 1.5171920 2.0951703 2.0808581 2.1501979 1.5847209 
yHAB166_Kazachstania_yakushimaensis         2.5214139 1.8228180 1.8758899 2.2361318 2.3825416 2.8790927 2.6485865 2.5440296 2.0029911 1.9367667 8.9999984 2.3061352 2.3225183 2.3429398 2.3172406 2.2978668 2.2306526 2.3676065 2.1267750 2.5080099 2.2306227 1.9259425 1.4434326 1.9820976 1.7135234 1.4672153 1.6871677 2.1335241 1.8962552 0.6388906 1.8144172 1.8086763 1.4813417 1.8797184 1.5171920 0.0000000 2.5241850 2.5319056 2.5845991 1.9755477 
yHMPu5000034875_Tetrapisispora_fleetii      2.7792156 2.2354697 2.3022349 2.6152664 2.7403130 2.9539857 2.8467185 2.7055552 1.9702335 1.9186290 8.9999990 2.1737020 2.2311651 2.0853046 2.1033751 2.1451130 2.2483360 2.0715531 2.2449010 0.8524786 1.8955912 2.2232482 2.0807885 2.2077183 1.9574782 2.0367869 2.1854018 2.6045294 1.9719944 2.6333684 2.0090352 1.9333632 2.1523813 2.0379584 2.0951703 2.5241850 0.0000000 1.3547804 0.4985479 1.9828523 
yHMPu5000034876_Tetrapisispora_iriomotensis 2.7951748 2.1941311 2.3297230 2.8717996 2.6035227 2.8289952 2.7107782 2.7793375 2.0665331 2.0652649 8.9999983 2.1924421 2.2113999 2.0974986 2.2000428 2.0822438 2.1767261 2.0710188 2.2176910 1.1744371 1.8938092 2.1974516 2.0295611 2.2481473 2.1286023 2.1131299 2.2768821 2.5550588 2.1157742 2.6375490 2.0392998 2.1353367 2.0339773 2.1772196 2.0808581 2.5319056 1.3547804 0.0000000 1.4105050 1.9246695 
yHMPu5000034877_Tetrapisispora_namnaonensis 2.7428837 2.3292009 2.3914136 2.7897410 2.8148093 2.9697068 2.7299832 2.7618773 1.8576134 1.8751755 8.9999986 2.1765037 2.2324431 2.1044868 2.0943990 2.1485709 2.2322122 2.0658195 2.3094258 0.9007022 1.9316280 2.2362542 2.0375477 2.2091097 2.0287661 2.0421308 2.2264957 2.6018180 2.0783484 2.6499853 2.0581344 2.0457399 2.1953094 2.1918907 2.1501979 2.5845991 0.4985479 1.4105050 0.0000000 2.0492975 
yHMPu5000035629_Yueomyces_sinensis          2.4519236 1.7147961 2.0936945 2.1283116 2.1943816 2.8513348 2.2032367 2.2564661 1.7866278 1.5811758 8.9999988 1.7372790 1.8324966 1.7941781 1.8370099 1.8136625 1.7343425 1.8143137 1.2818719 2.0826321 1.8313100 1.7808087 1.5243171 1.7956990 1.6077735 1.6662763 1.8128050 2.2617559 1.8259951 1.9529080 1.6949379 1.8031002 1.6018604 1.7578813 1.5847209 1.9755477 1.9828523 1.9246695 2.0492975 0.0000000 
