40
Candida_glabrata                            0.0000000 1.7969149 2.1156497 1.7495010 0.8430953 1.6605152 0.9212345 0.8657124 1.9589920 1.7921958 5.7296793 1.9985005 1.9887299 1.8764416 1.9953573 2.1451238 2.1623432 2.0180426 1.7889587 1.6777809 1.6924079 1.8384503 1.7197208 2.0377288 1.5971144 1.6589611 5.1917759 1.5513442 1.7736704 1.7924663 1.9737350 1.5202672 1.6340121 1.9376359 1.6903922 2.0412859 1.7462064 1.8381408 1.9332932 2.3449098 
Kazachstania_africana                       1.7969149 0.0000000 1.4992986 1.4582773 1.3645628 1.8041021 1.7791684 1.6404321 1.1166372 1.1280397 6.0106218 1.0301519 1.0953322 1.1453639 1.1537580 1.0418774 1.0811173 1.1407362 1.2586418 1.5137007 1.0088005 0.8256133 1.0951937 1.2083527 0.9849016 1.1006329 6.6741390 1.4165779 1.0694119 1.3084946 0.9791106 1.0403991 1.1041379 1.1397471 1.0937070 1.1701607 1.5073834 1.5593574 1.5660889 1.3298365 
Kazachstania_naganishii                     2.1156497 1.4992986 0.0000000 2.2518806 1.8203595 2.1054864 1.7223568 1.6820893 1.6738983 1.6532364 4.3617072 1.4990567 1.4424955 1.5565530 1.6341850 1.6863014 1.4433792 1.5918512 2.1191290 2.1414606 1.7734216 1.7209180 1.4494593 1.8226484 1.7231134 1.2569883 4.5146325 1.7029038 1.3364055 1.7827729 1.6936520 1.5951891 1.2561777 1.5657162 1.4598980 2.0402294 1.9937184 2.3704399 2.0174077 2.5882712 
Nakaseomyces_bacillisporus                  1.7495010 1.4582773 2.2518806 0.0000000 1.5248169 1.2018230 1.8264008 1.6950318 1.4853602 1.5225469 8.0944333 1.2804941 1.2090683 1.2208227 1.2136729 1.3030088 1.2597000 1.1796945 1.5969370 1.4718878 1.4000846 1.3369291 1.2792388 1.5802895 1.2666378 1.2197019 6.8278353 1.3637591 1.5327186 1.8422125 1.2172370 1.2792783 1.3767261 1.2818881 1.3823549 1.7411787 1.6218335 1.7485809 1.6820130 1.8041289 
Nakaseomyces_bracarensis                    0.8430953 1.3645628 1.8203595 1.5248169 0.0000000 1.7571080 0.6661856 0.5005573 1.7941182 1.5604410 5.9339306 1.6081200 1.7116860 1.6992624 1.6917471 1.7308028 1.7135272 1.6533845 1.7240130 1.7527351 1.6117979 1.4442006 1.5563776 1.8640875 1.2823248 1.4888817 5.4840072 1.4950977 1.5132841 1.6771200 1.8078279 1.3085404 1.4191664 1.6815677 1.4326030 1.8920374 1.6923142 1.6321085 1.7772820 2.2271810 
Nakaseomyces_castellii                      1.6605152 1.8041021 2.1054864 1.2018230 1.7571080 0.0000000 1.9033323 1.5564547 1.7478341 1.6313436 6.2005935 1.7033370 1.7669195 1.7046329 1.6507818 1.7466123 1.6742710 1.6032829 1.7738177 1.9814014 1.6421857 1.5537948 1.8638583 2.3326738 1.8532876 1.8150005 5.9734975 1.7218376 1.7766231 2.1210897 1.7415812 1.7128055 1.7893171 1.6533707 1.6818051 2.1714658 2.3267496 1.8308077 2.2100352 1.8357140 
Nakaseomyces_delphensis                     0.9212345 1.7791684 1.7223568 1.8264008 0.6661856 1.9033323 0.0000000 0.4693004 1.9268115 1.8508654 5.1459201 1.7557466 1.8510708 1.6536035 1.8501315 1.9333812 1.8330397 1.7040110 1.9266072 1.8791533 1.6603739 1.9459368 1.7893943 2.0373509 1.5612786 1.5881684 5.0983949 1.5985455 1.7704842 1.8499094 2.1594176 1.7280918 1.6791308 1.8584011 1.7283119 2.0433705 1.7341863 2.0865179 1.8250457 2.3196400 
Nakaseomyces_nivariensis                    0.8657124 1.6404321 1.6820893 1.6950318 0.5005573 1.5564547 0.4693004 0.0000000 1.9034543 1.7310992 5.7859264 1.8246043 1.8870303 1.7070752 1.8900188 1.9832656 1.8204655 1.6474638 1.9436782 1.7259416 1.5603534 1.7138198 1.6793780 2.0094857 1.7253012 1.7286233 5.8627455 1.5791719 1.7958332 1.8514260 2.0273024 1.6239959 1.6275760 1.5847196 1.6287132 2.0125085 1.7504845 1.9357269 1.8766061 2.2746575 
Naumovozyma_castellii                       1.9589920 1.1166372 1.6738983 1.4853602 1.7941182 1.7478341 1.9268115 1.9034543 0.0000000 0.9715041 5.5258105 1.1650002 1.3108651 1.1585253 1.2832842 1.1665667 1.3288255 1.1550238 1.4177185 1.8399504 1.2398405 0.9583396 1.2362065 1.4665203 1.2503919 1.2909968 5.8055994 1.1879920 1.3642944 1.5486523 1.1521192 1.4466195 1.1428614 1.2714712 1.1090270 1.4014153 1.7730587 1.8383323 1.9701024 1.5930001 
Naumovozyma_dairenensis                     1.7921958 1.1280397 1.6532364 1.5225469 1.5604410 1.6313436 1.8508654 1.7310992 0.9715041 0.0000000 6.7430066 1.2076818 1.2224066 1.2214028 1.3697182 1.0734372 1.1828445 1.2170422 1.5620329 1.5577110 1.2117048 1.0323525 1.2619609 1.6160302 1.3839294 1.4077654 7.2647188 1.2761513 1.5556139 1.6837194 1.3945491 1.3144014 1.3042538 1.3861706 1.1760308 1.5119618 1.6250309 1.4824952 1.5239013 1.9433364 
Neurospora_crassa                           5.7296793 6.0106218 4.3617072 8.0944333 5.9339306 6.2005935 5.1459201 5.7859264 5.5258105 6.7430066 0.0000000 7.1286849 6.8885188 7.1444722 7.3609259 7.8462920 6.9202156 7.0591118 6.7159701 6.9812469 7.1582447 5.9061768 6.1803366 6.8145653 5.9396733 6.0620431 4.8554008 5.9821551 4.7589925 5.4938956 6.1939220 6.0233689 5.3432718 6.8346344 6.0763417 7.2511648 7.6268388 7.5760907 7.3830268 8.7456591 
Saccharomyces_arboricola                    1.9985005 1.0301519 1.4990567 1.2804941 1.6081200 1.7033370 1.7557466 1.8246043 1.1650002 1.2076818 7.1286849 0.0000000 0.3316499 0.2366301 0.2267486 0.3257188 0.3220297 0.2681762 1.5687207 1.5022126 1.0921267 1.2149450 1.3118939 1.2735969 1.2576915 1.2538478 6.1524794 1.3577339 1.1384675 1.5738392 1.2689336 1.1427372 1.3020657 1.1545665 1.3259371 1.3939820 1.4744788 1.4764422 1.6991792 1.5851586 
Saccharomyces_cerevisiae                    1.9887299 1.0953322 1.4424955 1.2090683 1.7116860 1.7669195 1.8510708 1.8870303 1.3108651 1.2224066 6.8885188 0.3316499 0.0000000 0.2736458 0.3149872 0.2410526 0.1396258 0.2880793 1.5754112 1.5853593 1.1710524 1.2488392 1.3264403 1.4136708 1.2811598 1.3249989 5.6892564 1.5395369 1.3231552 1.5972152 1.2955603 1.3478047 1.4557415 1.2505591 1.4557830 1.5073445 1.5303152 1.5886314 1.7525966 1.6632635 
Saccharomyces_eubayanus                     1.8764416 1.1453639 1.5565530 1.2208227 1.6992624 1.7046329 1.6536035 1.7070752 1.1585253 1.2214028 7.1444722 0.2366301 0.2736458 0.0000000 0.2653013 0.3092880 0.2620220 0.0760655 1.5258627 1.4138791 1.0997828 1.2133456 1.3203528 1.3921423 1.1291839 1.2327538 5.7726778 1.3567733 1.1883005 1.5039203 1.3365527 1.2439496 1.3776243 1.3192150 1.3733457 1.3964375 1.4210025 1.5388121 1.5961348 1.6489586 
Saccharomyces_kudriavzevii                  1.9953573 1.1537580 1.6341850 1.2136729 1.6917471 1.6507818 1.8501315 1.8900188 1.2832842 1.3697182 7.3609259 0.2267486 0.3149872 0.2653013 0.0000000 0.3098761 0.2767156 0.2998746 1.5788131 1.6897343 1.2052994 1.3940554 1.4227614 1.3339013 1.2924701 1.1929029 6.2821702 1.5158165 1.2432423 1.6758447 1.3251388 1.3078159 1.3847284 1.3774607 1.4075089 1.4473523 1.5258040 1.5814838 1.7606492 1.7895381 
Saccharomyces_mikatae                       2.1451238 1.0418774 1.6863014 1.3030088 1.7308028 1.7466123 1.9333812 1.9832656 1.1665667 1.0734372 7.8462920 0.3257188 0.2410526 0.3092880 0.3098761 0.0000000 0.2535788 0.3280157 1.5808411 1.5217051 1.0910630 1.1586185 1.2875242 1.4152750 1.2683627 1.2628543 6.9297347 1.3475353 1.4357455 1.5072590 1.3786261 1.1794041 1.3691667 1.3326176 1.3520846 1.4198775 1.4905519 1.4864469 1.7405066 1.5654252 
Saccharomyces_paradoxus                     2.1623432 1.0811173 1.4433792 1.2597000 1.7135272 1.6742710 1.8330397 1.8204655 1.3288255 1.1828445 6.9202156 0.3220297 0.1396258 0.2620220 0.2767156 0.2535788 0.0000000 0.2783383 1.5872326 1.6467550 1.1508760 1.2242964 1.3039208 1.3569265 1.3232308 1.3398607 5.4710796 1.4679256 1.2666598 1.5485426 1.3070626 1.2719174 1.3544455 1.3488613 1.3443155 1.4640190 1.5868741 1.5980974 1.8284479 1.7129181 
Saccharomyces_uvarum                        2.0180426 1.1407362 1.5918512 1.1796945 1.6533845 1.6032829 1.7040110 1.6474638 1.1550238 1.2170422 7.0591118 0.2681762 0.2880793 0.0760655 0.2998746 0.3280157 0.2783383 0.0000000 1.5638170 1.5176203 1.1081021 1.2272250 1.4067059 1.4514520 1.2024937 1.2253060 5.9973490 1.3621673 1.1799398 1.6541921 1.3209338 1.2792583 1.4372424 1.2422641 1.4279910 1.4682900 1.5211516 1.5759521 1.6874014 1.6425353 
Tetrapisispora_blattae                      1.7889587 1.2586418 2.1191290 1.5969370 1.7240130 1.7738177 1.9266072 1.9436782 1.4177185 1.5620329 6.7159701 1.5687207 1.5754112 1.5258627 1.5788131 1.5808411 1.5872326 1.5638170 0.0000000 1.2610474 1.1505471 1.1216128 1.4276019 1.5629715 1.2349894 1.4421368 7.7097926 1.5261195 1.3185409 1.6293038 1.3406070 1.3295423 1.5088502 1.4112250 1.3543309 1.3338326 1.2193924 1.2412243 1.3194135 1.2532732 
Tetrapisispora_phaffii                      1.6777809 1.5137007 2.1414606 1.4718878 1.7527351 1.9814014 1.8791533 1.7259416 1.8399504 1.5577110 6.9812469 1.5022126 1.5853593 1.4138791 1.6897343 1.5217051 1.6467550 1.5176203 1.2610474 0.0000000 1.0992574 1.4032285 1.5237251 1.5526992 1.5503734 1.5321372 7.5564092 1.6139441 1.7953699 1.7529355 1.7877406 1.5268211 1.7018834 1.5532281 1.5233131 1.4264375 0.4410076 0.7265924 0.4188703 1.4858195 
Vanderwaltozyma_polyspora                   1.6924079 1.0088005 1.7734216 1.4000846 1.6117979 1.6421857 1.6603739 1.5603534 1.2398405 1.2117048 7.1582447 1.0921267 1.1710524 1.0997828 1.2052994 1.0910630 1.1508760 1.1081021 1.1505471 1.0992574 0.0000000 1.0958715 1.3360317 1.3472523 1.1305063 1.1959499 7.0404534 1.4485719 1.3908795 1.5883489 1.2247095 1.2990901 1.3717391 1.2684882 1.2958496 1.2958323 1.0638195 1.2660817 1.1088664 0.9468295 
yHAB132_Kazachstania_martiniae              1.8384503 0.8256133 1.7209180 1.3369291 1.4442006 1.5537948 1.9459368 1.7138198 0.9583396 1.0323525 5.9061768 1.2149450 1.2488392 1.2133456 1.3940554 1.1586185 1.2242964 1.2272250 1.1216128 1.4032285 1.0958715 0.0000000 1.1608356 1.3595381 0.9795742 1.2674492 5.8082353 1.3358973 1.1807103 1.4963226 1.0074466 0.9199660 1.2115831 1.1372350 1.0663397 1.2894133 1.6109430 1.4820910 1.5046857 1.5193103 
yHAB133_Kazachstania_unispora               1.7197208 1.0951937 1.4494593 1.2792388 1.5563776 1.8638583 1.7893943 1.6793780 1.2362065 1.2619609 6.1803366 1.3118939 1.3264403 1.3203528 1.4227614 1.2875242 1.3039208 1.4067059 1.4276019 1.5237251 1.3360317 1.1608356 0.0000000 1.4164292 0.9293224 0.4557947 6.4060309 1.1815164 1.2779985 1.4346249 1.0616111 0.9235015 0.2533183 1.0238531 0.2653635 1.3369532 1.5836948 1.5203958 1.6882066 1.7869514 
yHAB134_Kazachstania_turicensis             2.0377288 1.2083527 1.8226484 1.5802895 1.8640875 2.3326738 2.0373509 2.0094857 1.4665203 1.6160302 6.8145653 1.2735969 1.4136708 1.3921423 1.3339013 1.4152750 1.3569265 1.4514520 1.5629715 1.5526992 1.3472523 1.3595381 1.4164292 0.0000000 1.3443110 1.4137346 6.8429259 1.4124443 1.1251040 1.8880087 1.1174227 1.4084163 1.2547460 0.8361245 1.3372898 1.6449447 1.3665611 1.3111833 1.6397469 1.5942158 
yHAB136_Kazachstania_bromeliacearum         1.5971144 0.9849016 1.7231134 1.2666378 1.2823248 1.8532876 1.5612786 1.7253012 1.2503919 1.3839294 5.9396733 1.2576915 1.2811598 1.1291839 1.2924701 1.2683627 1.3232308 1.2024937 1.2349894 1.5503734 1.1305063 0.9795742 0.9293224 1.3443110 0.0000000 0.9286078 6.9443171 1.2778228 1.1156945 1.3430538 0.9664222 0.9500167 0.9557097 0.9344496 0.8531147 1.3042404 1.3853497 1.5210196 1.5050689 1.5410975 
yHAB143_Kazachstania_siamensis              1.6589611 1.1006329 1.2569883 1.2197019 1.4888817 1.8150005 1.5881684 1.7286233 1.2909968 1.4077654 6.0620431 1.2538478 1.3249989 1.2327538 1.1929029 1.2628543 1.3398607 1.2253060 1.4421368 1.5321372 1.1959499 1.2674492 0.4557947 1.4137346 0.9286078 0.0000000 6.5007176 1.3098491 1.3592036 1.4308416 1.1960146 0.9851860 0.4880645 1.1026015 0.5062911 1.2379871 1.5981213 1.5472878 1.7044343 1.9264861 
yHAB147_Kazachstania_taianensis             5.1917759 6.6741390 4.5146325 6.8278353 5.4840072 5.9734975 5.0983949 5.8627455 5.8055994 7.2647188 4.8554008 6.1524794 5.6892564 5.7726778 6.2821702 6.9297347 5.4710796 5.9973490 7.7097926 7.5564092 7.0404534 5.8082353 6.4060309 6.8429259 6.9443171 6.5007176 0.0000000 5.0793256 4.6547412 5.3005152 6.3432471 6.7594262 6.3804089 6.0371841 6.9947194 8.0748335 6.4442984 7.7168499 7.0309651 8.1813851 
yHAB148_Kazachstania_intestinalis           1.5513442 1.4165779 1.7029038 1.3637591 1.4950977 1.7218376 1.5985455 1.5791719 1.1879920 1.2761513 5.9821551 1.3577339 1.5395369 1.3567733 1.5158165 1.3475353 1.4679256 1.3621673 1.5261195 1.6139441 1.4485719 1.3358973 1.1815164 1.4124443 1.2778228 1.3098491 5.0793256 0.0000000 1.2059609 1.6686701 1.3606323 1.0866374 1.1765360 1.3174520 1.1982797 1.7207434 1.6323942 1.8260556 1.6097569 1.6647044 
yHAB153_Kazachstania_rosinii                1.7736704 1.0694119 1.3364055 1.5327186 1.5132841 1.7766231 1.7704842 1.7958332 1.3642944 1.5556139 4.7589925 1.1384675 1.3231552 1.1883005 1.2432423 1.4357455 1.2666598 1.1799398 1.3185409 1.7953699 1.3908795 1.1807103 1.2779985 1.1251040 1.1156945 1.3592036 4.6547412 1.2059609 0.0000000 1.6429826 0.9517168 1.2388634 1.1802006 1.0955032 1.2616880 1.6707866 1.6122493 1.6854569 1.7798032 1.9303942 
yHAB154_Kazachstania_transvaalensis         1.7924663 1.3084946 1.7827729 1.8422125 1.6771200 2.1210897 1.8499094 1.8514260 1.5486523 1.6837194 5.4938956 1.5738392 1.5972152 1.5039203 1.6758447 1.5072590 1.5485426 1.6541921 1.6293038 1.7529355 1.5883489 1.4963226 1.4346249 1.8880087 1.3430538 1.4308416 5.3005152 1.6686701 1.6429826 0.0000000 1.4479528 1.4728420 1.4711777 1.7153457 1.4798698 0.4470821 1.4407314 1.7844321 1.5902976 1.7169669 
yHAB155_Kazachstania_spencerorum            1.9737350 0.9791106 1.6936520 1.2172370 1.8078279 1.7415812 2.1594176 2.0273024 1.1521192 1.3945491 6.1939220 1.2689336 1.2955603 1.3365527 1.3251388 1.3786261 1.3070626 1.3209338 1.3406070 1.7877406 1.2247095 1.0074466 1.0616111 1.1174227 0.9664222 1.1960146 6.3432471 1.3606323 0.9517168 1.4479528 0.0000000 1.0817937 1.0945632 0.8895985 1.1361414 1.4161483 1.5693003 1.5762427 1.7185872 1.6293802 
yHAB158_Kazachstania_viticola               1.5202672 1.0403991 1.5951891 1.2792783 1.3085404 1.7128055 1.7280918 1.6239959 1.4466195 1.3144014 6.0233689 1.1427372 1.3478047 1.2439496 1.3078159 1.1794041 1.2719174 1.2792583 1.3295423 1.5268211 1.2990901 0.9199660 0.9235015 1.4084163 0.9500167 0.9851860 6.7594262 1.0866374 1.2388634 1.4728420 1.0817937 0.0000000 0.9477081 1.0845560 0.9521452 1.5733503 1.6407346 1.4870548 1.6395591 1.5282437 
yHAB159_Kazachstania_solicola               1.6340121 1.1041379 1.2561777 1.3767261 1.4191664 1.7893171 1.6791308 1.6275760 1.1428614 1.3042538 5.3432718 1.3020657 1.4557415 1.3776243 1.3847284 1.3691667 1.3544455 1.4372424 1.5088502 1.7018834 1.3717391 1.2115831 0.2533183 1.2547460 0.9557097 0.4880645 6.3804089 1.1765360 1.1802006 1.4711777 1.0945632 0.9477081 0.0000000 1.0627929 0.1042761 1.4166236 1.6971004 1.5331832 1.8155358 1.9894460 
yHAB160_Kazachstania_kunashirensis          1.9376359 1.1397471 1.5657162 1.2818881 1.6815677 1.6533707 1.8584011 1.5847196 1.2714712 1.3861706 6.8346344 1.1545665 1.2505591 1.3192150 1.3774607 1.3326176 1.3488613 1.2422641 1.4112250 1.5532281 1.2684882 1.1372350 1.0238531 0.8361245 0.9344496 1.1026015 6.0371841 1.3174520 1.0955032 1.7153457 0.8895985 1.0845560 1.0627929 0.0000000 1.0571844 1.5195635 1.5146323 1.5308746 1.7314493 1.6390098 
yHAB164_Kazachstania_aerobia                1.6903922 1.0937070 1.4598980 1.3823549 1.4326030 1.6818051 1.7283119 1.6287132 1.1090270 1.1760308 6.0763417 1.3259371 1.4557830 1.3733457 1.4075089 1.3520846 1.3443155 1.4279910 1.3543309 1.5233131 1.2958496 1.0663397 0.2653635 1.3372898 0.8531147 0.5062911 6.9947194 1.1982797 1.2616880 1.4798698 1.1361414 0.9521452 0.1042761 1.0571844 0.0000000 1.2796984 1.5969039 1.4687716 1.7293440 1.8085851 
yHAB166_Kazachstania_yakushimaensis         2.0412859 1.1701607 2.0402294 1.7411787 1.8920374 2.1714658 2.0433705 2.0125085 1.4014153 1.5119618 7.2511648 1.3939820 1.5073445 1.3964375 1.4473523 1.4198775 1.4640190 1.4682900 1.3338326 1.4264375 1.2958323 1.2894133 1.3369532 1.6449447 1.3042404 1.2379871 8.0748335 1.7207434 1.6707866 0.4470821 1.4161483 1.5733503 1.4166236 1.5195635 1.2796984 0.0000000 1.2170352 1.3068730 1.4730486 1.2773303 
yHMPu5000034875_Tetrapisispora_fleetii      1.7462064 1.5073834 1.9937184 1.6218335 1.6923142 2.3267496 1.7341863 1.7504845 1.7730587 1.6250309 7.6268388 1.4744788 1.5303152 1.4210025 1.5258040 1.4905519 1.5868741 1.5211516 1.2193924 0.4410076 1.0638195 1.6109430 1.5836948 1.3665611 1.3853497 1.5981213 6.4442984 1.6323942 1.6122493 1.4407314 1.5693003 1.6407346 1.6971004 1.5146323 1.5969039 1.2170352 0.0000000 0.6468822 0.2267399 1.4462129 
yHMPu5000034876_Tetrapisispora_iriomotensis 1.8381408 1.5593574 2.3704399 1.7485809 1.6321085 1.8308077 2.0865179 1.9357269 1.8383323 1.4824952 7.5760907 1.4764422 1.5886314 1.5388121 1.5814838 1.4864469 1.5980974 1.5759521 1.2412243 0.7265924 1.2660817 1.4820910 1.5203958 1.3111833 1.5210196 1.5472878 7.7168499 1.8260556 1.6854569 1.7844321 1.5762427 1.4870548 1.5331832 1.5308746 1.4687716 1.3068730 0.6468822 0.0000000 0.7191515 1.5380187 
yHMPu5000034877_Tetrapisispora_namnaonensis 1.9332932 1.5660889 2.0174077 1.6820130 1.7772820 2.2100352 1.8250457 1.8766061 1.9701024 1.5239013 7.3830268 1.6991792 1.7525966 1.5961348 1.7606492 1.7405066 1.8284479 1.6874014 1.3194135 0.4188703 1.1088664 1.5046857 1.6882066 1.6397469 1.5050689 1.7044343 7.0309651 1.6097569 1.7798032 1.5902976 1.7185872 1.6395591 1.8155358 1.7314493 1.7293440 1.4730486 0.2267399 0.7191515 0.0000000 1.7307835 
yHMPu5000035629_Yueomyces_sinensis          2.3449098 1.3298365 2.5882712 1.8041289 2.2271810 1.8357140 2.3196400 2.2746575 1.5930001 1.9433364 8.7456591 1.5851586 1.6632635 1.6489586 1.7895381 1.5654252 1.7129181 1.6425353 1.2532732 1.4858195 0.9468295 1.5193103 1.7869514 1.5942158 1.5410975 1.9264861 8.1813851 1.6647044 1.9303942 1.7169669 1.6293802 1.5282437 1.9894460 1.6390098 1.8085851 1.2773303 1.4462129 1.5380187 1.7307835 0.0000000 
