40
Candida_glabrata                            0.0000000 0.7916456 0.9602665 0.7174996 0.4696636 0.9687602 0.5200295 0.4260216 0.7462880 0.6698706 2.5018493 0.7680072 0.7965489 0.7841329 0.7978176 0.7802360 0.7736187 0.7812949 0.7961771 0.8270606 0.7446066 0.7218970 0.7700826 0.8350646 0.8063739 0.7579813 0.8062115 0.8960675 0.7669254 0.8324426 0.8106805 0.8195025 0.7131260 0.7508649 0.7980178 0.8576808 0.8289176 0.8081210 0.8602108 0.7889291 
Kazachstania_africana                       0.7916456 0.0000000 0.8348505 0.8025215 0.7684849 1.1275102 0.7542898 0.7464194 0.7159799 0.6290351 2.4859515 0.6924512 0.7315344 0.6792358 0.7064961 0.6680754 0.7011808 0.6943568 0.8909944 0.8116470 0.7356565 0.6469307 0.5842387 0.5536042 0.5813476 0.5951312 0.6630234 0.6955517 0.6696603 0.6521841 0.5821824 0.6263161 0.6046423 0.5254463 0.5910693 0.7038316 0.8236960 0.7647228 0.8146402 0.8031515 
Kazachstania_naganishii                     0.9602665 0.8348505 0.0000000 0.9973648 0.9513755 1.1600246 0.9999402 0.9634798 0.9632726 0.8887681 2.3869209 0.9644139 1.0056879 1.0087427 1.0030741 1.0079407 0.9790212 1.0113581 1.0272691 1.1361905 0.9909514 0.8667304 0.8542014 0.8159650 0.7458427 0.8169035 0.7635873 0.9663095 0.7626533 0.9560370 0.8376746 0.9005160 0.8409605 0.8479936 0.8523176 0.9061576 1.1178351 1.0669610 1.0102147 1.0523390 
Nakaseomyces_bacillisporus                  0.7174996 0.8025215 0.9973648 0.0000000 0.7413072 0.8237154 0.7621927 0.7715422 0.7175665 0.6309437 2.6778422 0.7272318 0.7929343 0.7654262 0.7552673 0.7732197 0.7265279 0.7646684 0.8668741 0.9168308 0.7657910 0.8033158 0.6825649 0.8392758 0.7879681 0.7158115 0.9936389 0.9064164 0.8699328 0.8111495 0.7831031 0.8904453 0.7895067 0.7527118 0.7963801 0.8018538 0.8487617 0.9736978 0.8769170 0.8693488 
Nakaseomyces_bracarensis                    0.4696636 0.7684849 0.9513755 0.7413072 0.0000000 0.9912759 0.4086190 0.3398290 0.7454859 0.6921241 2.3913265 0.7540767 0.7912298 0.7635677 0.8058798 0.7812694 0.7587567 0.7566369 0.7704501 0.8367961 0.7352178 0.7763921 0.7413382 0.8418386 0.8081543 0.8781921 0.8909494 0.9104320 0.7976327 0.8656049 0.8037657 0.8125999 0.7313026 0.6875399 0.7128870 0.8972914 0.7951130 0.8251626 0.8522382 0.8017550 
Nakaseomyces_castellii                      0.9687602 1.1275102 1.1600246 0.8237154 0.9912759 0.0000000 0.9000556 0.9730831 0.8853721 0.9787506 2.8021635 0.9816754 0.9610472 1.0012509 1.0364280 0.9707139 0.9935038 0.9921741 1.0848550 1.0495263 1.0043845 1.0694244 1.0566252 1.1710405 1.0896418 1.1290670 1.0105617 1.0802808 1.1240491 1.1984683 1.0948325 1.0753467 1.0053015 1.0736902 1.0195420 1.1420510 1.0154065 1.0490683 1.0238077 1.0232790 
Nakaseomyces_delphensis                     0.5200295 0.7542898 0.9999402 0.7621927 0.4086190 0.9000556 0.0000000 0.3569833 0.7803557 0.7685795 2.3870831 0.7757384 0.7913581 0.8111857 0.8248419 0.7282752 0.7678250 0.7773567 0.8931019 0.8263755 0.8087059 0.7268041 0.8063889 0.8189257 0.8436800 0.8551097 0.8343829 0.8404781 0.7635615 0.8863349 0.7850762 0.7575872 0.7903978 0.7312200 0.8154731 0.8454600 0.8117253 0.9045883 0.9361161 0.8966254 
Nakaseomyces_nivariensis                    0.4260216 0.7464194 0.9634798 0.7715422 0.3398290 0.9730831 0.3569833 0.0000000 0.7347079 0.6925920 2.3093129 0.7747202 0.8659114 0.7828990 0.7688071 0.8063529 0.7911772 0.7543603 0.7862436 0.8105867 0.7319604 0.6878289 0.6850477 0.7766734 0.7309371 0.8116860 0.7895672 0.8638200 0.7372442 0.7830484 0.7548635 0.7489296 0.7074956 0.7082484 0.7294249 0.7646162 0.8011030 0.7997525 0.8968331 0.8005323 
Naumovozyma_castellii                       0.7462880 0.7159799 0.9632726 0.7175665 0.7454859 0.8853721 0.7803557 0.7347079 0.0000000 0.4692057 2.4968992 0.6027907 0.6365734 0.6056656 0.6595634 0.6261539 0.6098674 0.5886318 0.6888615 0.7230729 0.6334327 0.6717693 0.6267488 0.6396071 0.6370074 0.6284437 0.8198554 0.8296014 0.7332027 0.7198573 0.6229749 0.7375967 0.6904509 0.6604177 0.7332853 0.7519568 0.7465920 0.7813224 0.7524154 0.7402326 
Naumovozyma_dairenensis                     0.6698706 0.6290351 0.8887681 0.6309437 0.6921241 0.9787506 0.7685795 0.6925920 0.4692057 0.0000000 2.6312077 0.5938297 0.5964905 0.5940803 0.6069481 0.5903826 0.5602890 0.5936851 0.6831870 0.7092348 0.6181673 0.5939921 0.4842419 0.5930651 0.5767752 0.4940139 0.7663613 0.6803904 0.7498011 0.5974811 0.6152840 0.6516027 0.5166683 0.6010144 0.5595433 0.6175692 0.7170308 0.7036048 0.7775195 0.6056993 
Neurospora_crassa                           2.5018493 2.4859515 2.3869209 2.6778422 2.3913265 2.8021635 2.3870831 2.3093129 2.4968992 2.6312077 0.0000000 2.5477055 2.6194295 2.6571580 2.6861033 2.6453106 2.6805211 2.5677894 2.5803540 2.6381905 2.4284839 2.6771109 2.8604424 2.7380208 2.5860226 2.9579967 2.6644248 2.5511407 2.4634246 2.7202356 2.5956224 2.6014458 2.8410466 2.7275103 2.8577766 2.6137293 2.6706562 2.4526596 2.7305240 2.4195590 
Saccharomyces_arboricola                    0.7680072 0.6924512 0.9644139 0.7272318 0.7540767 0.9816754 0.7757384 0.7747202 0.6027907 0.5938297 2.5477055 0.0000000 0.2370710 0.2501201 0.2449882 0.2416219 0.2158360 0.2209979 0.7878149 0.8278637 0.6625015 0.7201302 0.6657452 0.7154284 0.7164711 0.6855466 0.8295165 0.8782914 0.7623510 0.7157788 0.7147513 0.7660456 0.6558833 0.6886586 0.6682706 0.7602231 0.8285672 0.8285760 0.8816102 0.8294532 
Saccharomyces_cerevisiae                    0.7965489 0.7315344 1.0056879 0.7929343 0.7912298 0.9610472 0.7913581 0.8659114 0.6365734 0.5964905 2.6194295 0.2370710 0.0000000 0.2595761 0.2631900 0.1871175 0.1289387 0.2461717 0.8042645 0.8897829 0.6807774 0.7051990 0.6517341 0.7526147 0.6936545 0.6689128 0.7874885 0.8348114 0.7583920 0.7034543 0.7182590 0.7716225 0.6562782 0.7006241 0.7053739 0.7728843 0.8677283 0.8241810 0.9067412 0.8191252 
Saccharomyces_eubayanus                     0.7841329 0.6792358 1.0087427 0.7654262 0.7635677 1.0012509 0.8111857 0.7828990 0.6056656 0.5940803 2.6571580 0.2501201 0.2595761 0.0000000 0.2576771 0.2556616 0.2356062 0.0703177 0.8161367 0.8520833 0.6978602 0.7069602 0.6191931 0.7138431 0.6538311 0.6722402 0.7760558 0.8060578 0.7517822 0.6526614 0.6942183 0.7573182 0.6143702 0.6851671 0.6254379 0.7775505 0.8547224 0.8203747 0.8830583 0.8822961 
Saccharomyces_kudriavzevii                  0.7978176 0.7064961 1.0030741 0.7552673 0.8058798 1.0364280 0.8248419 0.7688071 0.6595634 0.6069481 2.6861033 0.2449882 0.2631900 0.2576771 0.0000000 0.2467941 0.2318783 0.2310094 0.8636325 0.8326911 0.6611615 0.7134263 0.7103975 0.7254576 0.6851257 0.7316680 0.8103265 0.8546731 0.7499295 0.7559134 0.7634882 0.7870569 0.6859670 0.7325428 0.7154680 0.8017154 0.8442763 0.8467134 0.8902400 0.8646004 
Saccharomyces_mikatae                       0.7802360 0.6680754 1.0079407 0.7732197 0.7812694 0.9707139 0.7282752 0.8063529 0.6261539 0.5903826 2.6453106 0.2416219 0.1871175 0.2556616 0.2467941 0.0000000 0.1697143 0.2371894 0.7962614 0.8980954 0.6736775 0.7174665 0.6522165 0.6775091 0.7004936 0.6648883 0.8161677 0.8362921 0.7795173 0.6898412 0.7155814 0.7044236 0.6505419 0.6852257 0.6680733 0.7490086 0.8040144 0.8148942 0.8597648 0.8505050 
Saccharomyces_paradoxus                     0.7736187 0.7011808 0.9790212 0.7265279 0.7587567 0.9935038 0.7678250 0.7911772 0.6098674 0.5602890 2.6805211 0.2158360 0.1289387 0.2356062 0.2318783 0.1697143 0.0000000 0.2215283 0.8049978 0.8369349 0.6786382 0.6961957 0.6209254 0.7110436 0.6848504 0.6565249 0.7916203 0.8214218 0.7448121 0.6924764 0.6846009 0.7366689 0.6245122 0.6690623 0.6544491 0.7267097 0.7994043 0.7917685 0.8757620 0.8056226 
Saccharomyces_uvarum                        0.7812949 0.6943568 1.0113581 0.7646684 0.7566369 0.9921741 0.7773567 0.7543603 0.5886318 0.5936851 2.5677894 0.2209979 0.2461717 0.0703177 0.2310094 0.2371894 0.2215283 0.0000000 0.7938447 0.8144171 0.6617262 0.7082506 0.6176040 0.7120361 0.6452643 0.6532291 0.7753150 0.7970947 0.7414786 0.6670556 0.6961559 0.7612976 0.5933739 0.6698382 0.6068635 0.7227974 0.7916810 0.7900121 0.8480859 0.8543679 
Tetrapisispora_blattae                      0.7961771 0.8909944 1.0272691 0.8668741 0.7704501 1.0848550 0.8931019 0.7862436 0.6888615 0.6831870 2.5803540 0.7878149 0.8042645 0.8161367 0.8636325 0.7962614 0.8049978 0.7938447 0.0000000 0.6657615 0.6369502 0.7852982 0.7464140 0.8318897 0.8820199 0.7819112 1.0320989 0.9807861 0.8842291 0.9087025 0.7295778 0.8506175 0.8033120 0.7641853 0.7580327 0.8788328 0.6686982 0.6646028 0.7365247 0.4973729 
Tetrapisispora_phaffii                      0.8270606 0.8116470 1.1361905 0.9168308 0.8367961 1.0495263 0.8263755 0.8105867 0.7230729 0.7092348 2.6381905 0.8278637 0.8897829 0.8520833 0.8326911 0.8980954 0.8369349 0.8144171 0.6657615 0.0000000 0.6124278 0.8205850 0.7804442 0.8186416 0.8604337 0.7856939 0.9839747 0.9713023 0.9283114 0.8991279 0.8124268 0.8555244 0.7832884 0.8156102 0.7815869 1.0323403 0.3338425 0.4467897 0.3708504 0.7032366 
Vanderwaltozyma_polyspora                   0.7446066 0.7356565 0.9909514 0.7657910 0.7352178 1.0043845 0.8087059 0.7319604 0.6334327 0.6181673 2.4284839 0.6625015 0.6807774 0.6978602 0.6611615 0.6736775 0.6786382 0.6617262 0.6369502 0.6124278 0.0000000 0.6902657 0.7320191 0.7334113 0.7186217 0.7159737 0.9165707 0.8579151 0.7617665 0.7550549 0.7360686 0.7104218 0.7698131 0.6875500 0.7577259 0.7558236 0.6520075 0.6135297 0.6519989 0.7003572 
yHAB132_Kazachstania_martiniae              0.7218970 0.6469307 0.8667304 0.8033158 0.7763921 1.0694244 0.7268041 0.6878289 0.6717693 0.5939921 2.6771109 0.7201302 0.7051990 0.7069602 0.7134263 0.7174665 0.6961957 0.7082506 0.7852982 0.8205850 0.6902657 0.0000000 0.5470833 0.5942823 0.5647152 0.6010640 0.7011951 0.7409356 0.6553027 0.6046125 0.6068215 0.6874381 0.5363212 0.5916907 0.5606665 0.6780980 0.8018181 0.8161609 0.8130199 0.8450795 
yHAB133_Kazachstania_unispora               0.7700826 0.5842387 0.8542014 0.6825649 0.7413382 1.0566252 0.8063889 0.6850477 0.6267488 0.4842419 2.8604424 0.6657452 0.6517341 0.6191931 0.7103975 0.6522165 0.6209254 0.6176040 0.7464140 0.7804442 0.7320191 0.5470833 0.0000000 0.5518998 0.3884251 0.2210979 0.6548454 0.7722618 0.6734858 0.5162581 0.5188555 0.6307566 0.1850502 0.5048908 0.2009237 0.4981094 0.7025683 0.7597163 0.7584259 0.7312396 
yHAB134_Kazachstania_turicensis             0.8350646 0.5536042 0.8159650 0.8392758 0.8418386 1.1710405 0.8189257 0.7766734 0.6396071 0.5930651 2.7380208 0.7154284 0.7526147 0.7138431 0.7254576 0.6775091 0.7110436 0.7120361 0.8318897 0.8186416 0.7334113 0.5942823 0.5518998 0.0000000 0.5480904 0.5174772 0.6973459 0.7977118 0.6053430 0.6092643 0.5100533 0.5685844 0.6317011 0.4451152 0.6252022 0.6561340 0.8209748 0.7825169 0.8493044 0.7856672 
yHAB136_Kazachstania_bromeliacearum         0.8063739 0.5813476 0.7458427 0.7879681 0.8081543 1.0896418 0.8436800 0.7309371 0.6370074 0.5767752 2.5860226 0.7164711 0.6936545 0.6538311 0.6851257 0.7004936 0.6848504 0.6452643 0.8820199 0.8604337 0.7186217 0.5647152 0.3884251 0.5480904 0.0000000 0.4552562 0.6434041 0.7086790 0.6762116 0.5285814 0.5088018 0.5886798 0.4658391 0.5388144 0.4548609 0.5479317 0.7936773 0.7910424 0.8297722 0.7327297 
yHAB143_Kazachstania_siamensis              0.7579813 0.5951312 0.8169035 0.7158115 0.8781921 1.1290670 0.8551097 0.8116860 0.6284437 0.4940139 2.9579967 0.6855466 0.6689128 0.6722402 0.7316680 0.6648883 0.6565249 0.6532291 0.7819112 0.7856939 0.7159737 0.6010640 0.2210979 0.5174772 0.4552562 0.0000000 0.6995411 0.8264292 0.7121263 0.5191855 0.5417003 0.6123296 0.2928394 0.5853171 0.2915158 0.4945574 0.7256889 0.7876015 0.7403589 0.7476449 
yHAB147_Kazachstania_taianensis             0.8062115 0.6630234 0.7635873 0.9936389 0.8909494 1.0105617 0.8343829 0.7895672 0.8198554 0.7663613 2.6644248 0.8295165 0.7874885 0.7760558 0.8103265 0.8161677 0.7916203 0.7753150 1.0320989 0.9839747 0.9165707 0.7011951 0.6548454 0.6973459 0.6434041 0.6995411 0.0000000 0.7176184 0.6976948 0.7736100 0.7896202 0.7436972 0.6409796 0.7359301 0.6887965 0.8116271 0.9545975 0.9160040 0.9737792 1.0191975 
yHAB148_Kazachstania_intestinalis           0.8960675 0.6955517 0.9663095 0.9064164 0.9104320 1.0802808 0.8404781 0.8638200 0.8296014 0.6803904 2.5511407 0.8782914 0.8348114 0.8060578 0.8546731 0.8362921 0.8214218 0.7970947 0.9807861 0.9713023 0.8579151 0.7409356 0.7722618 0.7977118 0.7086790 0.8264292 0.7176184 0.0000000 0.7830729 0.8105823 0.8499977 0.7851671 0.7595484 0.7901855 0.8047272 0.8437101 0.9418607 0.9443826 0.9409870 1.0363866 
yHAB153_Kazachstania_rosinii                0.7669254 0.6696603 0.7626533 0.8699328 0.7976327 1.1240491 0.7635615 0.7372442 0.7332027 0.7498011 2.4634246 0.7623510 0.7583920 0.7517822 0.7499295 0.7795173 0.7448121 0.7414786 0.8842291 0.9283114 0.7617665 0.6553027 0.6734858 0.6053430 0.6762116 0.7121263 0.6976948 0.7830729 0.0000000 0.7319133 0.5670954 0.7092427 0.6974818 0.6436890 0.7094121 0.7441395 0.8798812 0.8725869 0.8639715 1.0162238 
yHAB154_Kazachstania_transvaalensis         0.8324426 0.6521841 0.9560370 0.8111495 0.8656049 1.1984683 0.8863349 0.7830484 0.7198573 0.5974811 2.7202356 0.7157788 0.7034543 0.6526614 0.7559134 0.6898412 0.6924764 0.6670556 0.9087025 0.8991279 0.7550549 0.6046125 0.5162581 0.6092643 0.5285814 0.5191855 0.7736100 0.8105823 0.7319133 0.0000000 0.6944820 0.6997627 0.5492684 0.6481622 0.5912328 0.2577599 0.9816917 0.9233915 0.9263306 0.8031548 
yHAB155_Kazachstania_spencerorum            0.8106805 0.5821824 0.8376746 0.7831031 0.8037657 1.0948325 0.7850762 0.7548635 0.6229749 0.6152840 2.5956224 0.7147513 0.7182590 0.6942183 0.7634882 0.7155814 0.6846009 0.6961559 0.7295778 0.8124268 0.7360686 0.6068215 0.5188555 0.5100533 0.5088018 0.5417003 0.7896202 0.8499977 0.5670954 0.6944820 0.0000000 0.5629487 0.5916463 0.4909907 0.5793148 0.6754012 0.8061444 0.8103042 0.7979050 0.7891677 
yHAB158_Kazachstania_viticola               0.8195025 0.6263161 0.9005160 0.8904453 0.8125999 1.0753467 0.7575872 0.7489296 0.7375967 0.6516027 2.6014458 0.7660456 0.7716225 0.7573182 0.7870569 0.7044236 0.7366689 0.7612976 0.8506175 0.8555244 0.7104218 0.6874381 0.6307566 0.5685844 0.5886798 0.6123296 0.7436972 0.7851671 0.7092427 0.6997627 0.5629487 0.0000000 0.6975782 0.5771700 0.6456428 0.7662715 0.8866970 0.8110628 0.9196468 0.9203301 
yHAB159_Kazachstania_solicola               0.7131260 0.6046423 0.8409605 0.7895067 0.7313026 1.0053015 0.7903978 0.7074956 0.6904509 0.5166683 2.8410466 0.6558833 0.6562782 0.6143702 0.6859670 0.6505419 0.6245122 0.5933739 0.8033120 0.7832884 0.7698131 0.5363212 0.1850502 0.6317011 0.4658391 0.2928394 0.6409796 0.7595484 0.6974818 0.5492684 0.5916463 0.6975782 0.0000000 0.5668251 0.1102344 0.5732883 0.7540446 0.7498220 0.8041428 0.7578864 
yHAB160_Kazachstania_kunashirensis          0.7508649 0.5254463 0.8479936 0.7527118 0.6875399 1.0736902 0.7312200 0.7082484 0.6604177 0.6010144 2.7275103 0.6886586 0.7006241 0.6851671 0.7325428 0.6852257 0.6690623 0.6698382 0.7641853 0.8156102 0.6875500 0.5916907 0.5048908 0.4451152 0.5388144 0.5853171 0.7359301 0.7901855 0.6436890 0.6481622 0.4909907 0.5771700 0.5668251 0.0000000 0.5523317 0.6569507 0.7990048 0.7553474 0.7933877 0.8286811 
yHAB164_Kazachstania_aerobia                0.7980178 0.5910693 0.8523176 0.7963801 0.7128870 1.0195420 0.8154731 0.7294249 0.7332853 0.5595433 2.8577766 0.6682706 0.7053739 0.6254379 0.7154680 0.6680733 0.6544491 0.6068635 0.7580327 0.7815869 0.7577259 0.5606665 0.2009237 0.6252022 0.4548609 0.2915158 0.6887965 0.8047272 0.7094121 0.5912328 0.5793148 0.6456428 0.1102344 0.5523317 0.0000000 0.5727291 0.7542278 0.7595644 0.8324195 0.7944581 
yHAB166_Kazachstania_yakushimaensis         0.8576808 0.7038316 0.9061576 0.8018538 0.8972914 1.1420510 0.8454600 0.7646162 0.7519568 0.6175692 2.6137293 0.7602231 0.7728843 0.7775505 0.8017154 0.7490086 0.7267097 0.7227974 0.8788328 1.0323403 0.7558236 0.6780980 0.4981094 0.6561340 0.5479317 0.4945574 0.8116271 0.8437101 0.7441395 0.2577599 0.6754012 0.7662715 0.5732883 0.6569507 0.5727291 0.0000000 0.9847968 0.9289966 0.9257212 0.7924979 
yHMPu5000034875_Tetrapisispora_fleetii      0.8289176 0.8236960 1.1178351 0.8487617 0.7951130 1.0154065 0.8117253 0.8011030 0.7465920 0.7170308 2.6706562 0.8285672 0.8677283 0.8547224 0.8442763 0.8040144 0.7994043 0.7916810 0.6686982 0.3338425 0.6520075 0.8018181 0.7025683 0.8209748 0.7936773 0.7256889 0.9545975 0.9418607 0.8798812 0.9816917 0.8061444 0.8866970 0.7540446 0.7990048 0.7542278 0.9847968 0.0000000 0.3936268 0.2103268 0.6440998 
yHMPu5000034876_Tetrapisispora_iriomotensis 0.8081210 0.7647228 1.0669610 0.9736978 0.8251626 1.0490683 0.9045883 0.7997525 0.7813224 0.7036048 2.4526596 0.8285760 0.8241810 0.8203747 0.8467134 0.8148942 0.7917685 0.7900121 0.6646028 0.4467897 0.6135297 0.8161609 0.7597163 0.7825169 0.7910424 0.7876015 0.9160040 0.9443826 0.8725869 0.9233915 0.8103042 0.8110628 0.7498220 0.7553474 0.7595644 0.9289966 0.3936268 0.0000000 0.4379850 0.7120833 
yHMPu5000034877_Tetrapisispora_namnaonensis 0.8602108 0.8146402 1.0102147 0.8769170 0.8522382 1.0238077 0.9361161 0.8968331 0.7524154 0.7775195 2.7305240 0.8816102 0.9067412 0.8830583 0.8902400 0.8597648 0.8757620 0.8480859 0.7365247 0.3708504 0.6519989 0.8130199 0.7584259 0.8493044 0.8297722 0.7403589 0.9737792 0.9409870 0.8639715 0.9263306 0.7979050 0.9196468 0.8041428 0.7933877 0.8324195 0.9257212 0.2103268 0.4379850 0.0000000 0.7550913 
yHMPu5000035629_Yueomyces_sinensis          0.7889291 0.8031515 1.0523390 0.8693488 0.8017550 1.0232790 0.8966254 0.8005323 0.7402326 0.6056993 2.4195590 0.8294532 0.8191252 0.8822961 0.8646004 0.8505050 0.8056226 0.8543679 0.4973729 0.7032366 0.7003572 0.8450795 0.7312396 0.7856672 0.7327297 0.7476449 1.0191975 1.0363866 1.0162238 0.8031548 0.7891677 0.9203301 0.7578864 0.8286811 0.7944581 0.7924979 0.6440998 0.7120833 0.7550913 0.0000000 
