40
Candida_glabrata                            0.0000000 1.7940564 2.4446955 1.9060392 1.2535742 2.3091795 1.2403714 1.0110944 1.7667008 1.8415793 7.9121150 1.8978316 1.9940416 1.9331534 1.9686493 1.8798441 1.9693009 1.9330937 1.9737002 2.3213277 1.8992332 1.9098166 1.7722847 2.3026703 1.7564500 1.9858765 3.0081958 1.7659173 1.9864120 2.0066346 1.9413259 1.9431670 1.9074333 1.9958507 1.9405064 2.0591640 2.3453491 2.0703896 2.4313453 1.8913556 
Kazachstania_africana                       1.7940564 0.0000000 1.8322873 1.6459513 1.7491651 2.2433448 1.8350541 1.6622739 1.3085280 1.3760527 7.8175277 1.5821359 1.6304027 1.6401289 1.7400353 1.6791845 1.6023078 1.6112551 1.5070078 1.7161072 1.6143508 1.4721119 1.6673954 1.7233842 1.4033183 1.6071676 2.7261509 1.7618240 1.3839526 1.7945395 1.4789698 1.4036807 1.6763204 1.3385963 1.7380467 1.7609903 1.8124259 1.6141097 1.7190657 1.7191655 
Kazachstania_naganishii                     2.4446955 1.8322873 0.0000000 2.1740929 2.2937302 2.7681224 2.1654425 2.0982193 1.9154146 2.0785039 6.0829524 2.1629043 2.1864628 2.0798381 2.3230534 2.2406908 2.1676142 2.1149874 2.4958654 2.4595108 1.9516969 2.0605538 2.2459647 2.4709116 2.0734943 1.9956828 1.5661362 1.5467915 1.6622557 2.2677304 2.2017260 1.9278100 2.2080514 2.1387073 2.2199358 2.1096785 2.3277714 2.0773168 2.1712938 2.6957880 
Nakaseomyces_bacillisporus                  1.9060392 1.6459513 2.1740929 0.0000000 1.9437019 1.9589514 1.9372415 1.6646059 1.6942285 1.6757358 7.8398871 1.7284364 1.8349926 1.7402319 1.7283881 1.7054331 1.7500541 1.8338810 1.8348305 2.0849006 1.3976895 1.7958839 1.8277009 1.8676672 1.7995938 1.7769135 2.8603247 1.6222228 1.6876139 2.0383947 1.9804837 1.7546308 1.9184896 1.5172046 1.7948371 1.9757662 2.0166943 1.9725337 1.9640165 2.2409465 
Nakaseomyces_bracarensis                    1.2535742 1.7491651 2.2937302 1.9437019 0.0000000 2.5053927 0.7354345 0.6392738 1.7352690 2.0412839 7.9152464 1.6305869 1.7096025 1.4906733 1.7053453 1.5636679 1.6731251 1.5305659 1.8477100 1.9512381 1.7138820 1.9539018 1.6549537 1.9907952 1.5160504 1.8073414 2.9750307 1.9016787 2.2283256 1.9645639 1.9091712 1.8268256 1.8507317 1.8076864 1.8838302 1.9641494 2.1211642 1.9401098 2.0990026 1.9462323 
Nakaseomyces_castellii                      2.3091795 2.2433448 2.7681224 1.9589514 2.5053927 0.0000000 2.4298286 2.2036794 2.1237440 2.2192833 7.8321062 2.1392614 2.1264553 1.9556524 2.1716522 2.1843597 2.0012779 2.0255791 2.6323777 2.4814677 2.2200118 2.2477818 2.4483405 2.4827352 2.1143989 2.3891854 2.9479532 1.9446841 2.7096239 2.5639296 2.2056210 2.0700233 2.5252569 2.1178518 2.4109186 2.4372821 2.5190928 2.4299276 2.4773964 2.7497974 
Nakaseomyces_delphensis                     1.2403714 1.8350541 2.1654425 1.9372415 0.7354345 2.4298286 0.0000000 0.6546896 1.9183680 1.8044743 6.7991764 1.6259640 1.8856092 1.6569936 1.7798448 1.7266174 1.7577933 1.6580755 1.9670165 2.1320403 1.7106193 1.8742436 1.8278407 2.1070318 1.5815766 1.8566508 2.8341870 1.9392374 2.0466234 1.8510553 1.8496078 1.8281691 2.0260811 1.8818033 2.0489174 1.8851526 2.2245692 2.2574331 2.3378150 2.0347552 
Nakaseomyces_nivariensis                    1.0110944 1.6622739 2.0982193 1.6646059 0.6392738 2.2036794 0.6546896 0.0000000 1.8147927 1.8498389 6.6883193 1.6046419 1.6099271 1.5786778 1.6883491 1.5564139 1.6007352 1.5609222 1.6837861 1.8518921 1.5504390 1.8246357 1.7784740 1.7595502 1.6570882 1.5735835 2.7470942 1.7300834 1.8187931 1.8879533 1.9949588 1.7791075 1.7989724 1.6025154 1.8176020 1.8770933 1.8740385 1.8694665 1.9801700 1.7671691 
Naumovozyma_castellii                       1.7667008 1.3085280 1.9154146 1.6942285 1.7352690 2.1237440 1.9183680 1.8147927 0.0000000 0.9552807 7.9584808 1.4995914 1.5145001 1.4008375 1.4481604 1.5938167 1.4961266 1.3882494 1.4085171 1.6643822 1.4923092 1.3878051 1.3998779 1.5627078 1.0583021 1.3637850 2.4301176 1.4433568 1.2988875 1.5388280 1.3448515 1.2113125 1.3739831 1.3533111 1.3125842 1.5035923 1.7706261 1.5557622 1.8495369 1.7255078 
Naumovozyma_dairenensis                     1.8415793 1.3760527 2.0785039 1.6757358 2.0412839 2.2192833 1.8044743 1.8498389 0.9552807 0.0000000 8.3976185 1.5850892 1.4892992 1.4332481 1.5928017 1.5374015 1.4700943 1.3650686 1.3259318 1.6865679 1.3957722 1.4891470 1.4875592 1.5243857 1.1930850 1.4462509 2.5774963 1.5429917 1.4061188 1.6327262 1.8539454 1.2706275 1.5797166 1.4141156 1.5200258 1.8056334 1.7400941 1.6103613 1.7324163 1.8553784 
Neurospora_crassa                           7.9121150 7.8175277 6.0829524 7.8398871 7.9152464 7.8321062 6.7991764 6.6883193 7.9584808 8.3976185 0.0000000 7.9855129 8.2235384 7.7658703 8.8392352 7.7408607 8.3591051 7.8449837 7.9493885 8.5280062 8.8568029 7.4629590 7.3401363 8.2356542 7.5807600 7.7271915 6.2068992 6.3876914 7.6169023 8.7639811 8.3857108 8.1529541 8.3623944 7.3632070 8.2493275 8.1980891 7.3668436 7.2058564 7.8862362 8.1036774 
Saccharomyces_arboricola                    1.8978316 1.5821359 2.1629043 1.7284364 1.6305869 2.1392614 1.6259640 1.6046419 1.4995914 1.5850892 7.9855129 0.0000000 0.4440928 0.3915411 0.3869294 0.3951416 0.3823578 0.3795280 1.5438209 1.9053259 1.5975455 1.5415267 1.5710545 1.7349977 1.4559355 1.7005618 2.9195165 1.6354057 1.5310264 1.8027370 1.7124321 1.4392540 1.7031121 1.7585347 1.7007964 1.7478154 1.9548258 1.9930750 1.8654077 1.8482349 
Saccharomyces_cerevisiae                    1.9940416 1.6304027 2.1864628 1.8349926 1.7096025 2.1264553 1.8856092 1.6099271 1.5145001 1.4892992 8.2235384 0.4440928 0.0000000 0.4894090 0.4446167 0.3878704 0.1941580 0.4696701 1.5416510 1.9811161 1.5483475 1.5200907 1.6083931 1.8317116 1.3253221 1.5805318 2.6451713 1.7122440 1.5541256 1.8741734 1.7060960 1.5034628 1.7088218 1.8301481 1.6736289 1.8743657 2.0307976 2.0457112 2.1096418 1.8220882 
Saccharomyces_eubayanus                     1.9331534 1.6401289 2.0798381 1.7402319 1.4906733 1.9556524 1.6569936 1.5786778 1.4008375 1.4332481 7.7658703 0.3915411 0.4894090 0.0000000 0.4203986 0.4842687 0.4891237 0.1243723 1.5695299 1.9250977 1.5073168 1.5064709 1.6067919 1.7582411 1.2765855 1.6625627 2.6459338 1.7301079 1.5807923 1.6437760 1.6435736 1.3739683 1.6713210 1.6424478 1.6748249 1.6794993 1.8691215 1.8011790 1.8304515 1.8504003 
Saccharomyces_kudriavzevii                  1.9686493 1.7400353 2.3230534 1.7283881 1.7053453 2.1716522 1.7798448 1.6883491 1.4481604 1.5928017 8.8392352 0.3869294 0.4446167 0.4203986 0.0000000 0.4252474 0.4257012 0.3748911 1.5964878 1.8888221 1.6148934 1.5761258 1.6832794 1.9998711 1.3411057 1.7629497 2.7150524 1.7629959 1.6033433 1.7352376 1.6532043 1.5080954 1.6754916 1.7868740 1.6369765 1.7610788 1.9295141 1.9575051 1.9621080 1.9548484 
Saccharomyces_mikatae                       1.8798441 1.6791845 2.2406908 1.7054331 1.5636679 2.1843597 1.7266174 1.5564139 1.5938167 1.5374015 7.7408607 0.3951416 0.3878704 0.4842687 0.4252474 0.0000000 0.3314430 0.4535949 1.6133370 1.8971250 1.6028018 1.5419536 1.5589339 1.8631582 1.3203668 1.5501882 2.7545174 1.6603371 1.5968099 1.8050359 1.7071045 1.4115129 1.6710835 1.7644958 1.6223274 1.8472015 2.0121686 2.1121285 2.1023564 1.9439023 
Saccharomyces_paradoxus                     1.9693009 1.6023078 2.1676142 1.7500541 1.6731251 2.0012779 1.7577933 1.6007352 1.4961266 1.4700943 8.3591051 0.3823578 0.1941580 0.4891237 0.4257012 0.3314430 0.0000000 0.4533191 1.5037707 1.9147355 1.4525019 1.3869128 1.5370457 1.7975345 1.2576495 1.6266425 2.7076121 1.6662709 1.5462410 1.7882607 1.6874954 1.4667358 1.5942801 1.7203139 1.5862423 1.6464547 1.9211627 1.8398590 1.9513059 1.8594665 
Saccharomyces_uvarum                        1.9330937 1.6112551 2.1149874 1.8338810 1.5305659 2.0255791 1.6580755 1.5609222 1.3882494 1.3650686 7.8449837 0.3795280 0.4696701 0.1243723 0.3748911 0.4535949 0.4533191 0.0000000 1.5086788 1.8584048 1.5262783 1.5139008 1.5611514 1.7558488 1.3642699 1.6676644 2.6041963 1.6308962 1.5854598 1.6293189 1.5678663 1.3869766 1.5776079 1.6063567 1.5856402 1.7203313 1.8856720 1.8118668 1.8987794 1.7571531 
Tetrapisispora_blattae                      1.9737002 1.5070078 2.4958654 1.8348305 1.8477100 2.6323777 1.9670165 1.6837861 1.4085171 1.3259318 7.9493885 1.5438209 1.5416510 1.5695299 1.5964878 1.6133370 1.5037707 1.5086788 0.0000000 1.6685985 1.3991932 1.4651971 1.2894672 1.7013937 1.3676304 1.4761988 3.3331564 1.6710920 1.6555749 1.5995662 1.5837282 1.3267182 1.3601552 1.3549643 1.3124126 1.5354581 1.7150808 1.7107714 1.8234273 1.3291316 
Tetrapisispora_phaffii                      2.3213277 1.7161072 2.4595108 2.0849006 1.9512381 2.4814677 2.1320403 1.8518921 1.6643822 1.6865679 8.5280062 1.9053259 1.9811161 1.9250977 1.8888221 1.8971250 1.9147355 1.8584048 1.6685985 0.0000000 1.3962018 1.8238427 1.6542647 1.9229093 1.5103365 1.6984451 3.3296401 1.8126303 1.9573365 1.9293243 2.0368936 1.5320014 1.7790242 1.4915241 1.8387292 1.8402775 0.6398472 0.7488033 0.6338495 1.6689601 
Vanderwaltozyma_polyspora                   1.8992332 1.6143508 1.9516969 1.3976895 1.7138820 2.2200118 1.7106193 1.5504390 1.4923092 1.3957722 8.8568029 1.5975455 1.5483475 1.5073168 1.6148934 1.6028018 1.4525019 1.5262783 1.3991932 1.3962018 0.0000000 1.4291118 1.2816359 1.5391925 1.3731944 1.3218803 2.9914730 1.6746921 1.6854656 1.4831274 1.6830156 1.3697265 1.3953598 1.2673048 1.4337294 1.3742700 1.4441537 1.4765642 1.3952130 1.6097071 
yHAB132_Kazachstania_martiniae              1.9098166 1.4721119 2.0605538 1.7958839 1.9539018 2.2477818 1.8742436 1.8246357 1.3878051 1.4891470 7.4629590 1.5415267 1.5200907 1.5064709 1.5761258 1.5419536 1.3869128 1.5139008 1.4651971 1.8238427 1.4291118 0.0000000 1.3757313 1.4718616 1.2027055 1.2791616 2.5111290 1.7390036 1.5762955 1.6158741 1.4692664 1.3554672 1.3099911 1.5434778 1.4126597 1.5860203 2.0119988 1.7185714 2.0664653 1.7016635 
yHAB133_Kazachstania_unispora               1.7722847 1.6673954 2.2459647 1.8277009 1.6549537 2.4483405 1.8278407 1.7784740 1.3998779 1.4875592 7.3401363 1.5710545 1.6083931 1.6067919 1.6832794 1.5589339 1.5370457 1.5611514 1.2894672 1.6542647 1.2816359 1.3757313 0.0000000 1.4132393 1.1403439 0.4570783 3.1413244 1.5917965 1.8871828 1.2507862 1.5053739 1.2465006 0.3294122 1.4186757 0.3058399 1.2715176 1.6641050 1.5540575 1.7748499 1.5302138 
yHAB134_Kazachstania_turicensis             2.3026703 1.7233842 2.4709116 1.8676672 1.9907952 2.4827352 2.1070318 1.7595502 1.5627078 1.5243857 8.2356542 1.7349977 1.8317116 1.7582411 1.9998711 1.8631582 1.7975345 1.7558488 1.7013937 1.9229093 1.5391925 1.4718616 1.4132393 0.0000000 1.5363052 1.2971337 2.5913880 1.8910095 1.5798758 1.9575280 1.6419688 1.5412076 1.4824488 1.1319970 1.5264168 1.8343485 1.9498303 1.8680952 1.9978166 2.0163318 
yHAB136_Kazachstania_bromeliacearum         1.7564500 1.4033183 2.0734943 1.7995938 1.5160504 2.1143989 1.5815766 1.6570882 1.0583021 1.1930850 7.5807600 1.4559355 1.3253221 1.2765855 1.3411057 1.3203668 1.2576495 1.3642699 1.3676304 1.5103365 1.3731944 1.2027055 1.1403439 1.5363052 0.0000000 1.0755698 2.6510222 1.4835732 1.5550328 1.4742802 1.3275134 1.2030310 1.1441036 1.1273614 1.1329722 1.5257437 1.5230804 1.5323525 1.6850107 1.6663341 
yHAB143_Kazachstania_siamensis              1.9858765 1.6071676 1.9956828 1.7769135 1.8073414 2.3891854 1.8566508 1.5735835 1.3637850 1.4462509 7.7271915 1.7005618 1.5805318 1.6625627 1.7629497 1.5501882 1.6266425 1.6676644 1.4761988 1.6984451 1.3218803 1.2791616 0.4570783 1.2971337 1.0755698 0.0000000 2.8576225 1.5401792 1.6835071 1.2740497 1.3478799 1.4900333 0.5965882 1.4837877 0.5686576 1.3202360 1.6510444 1.6237430 1.6433088 1.7341126 
yHAB147_Kazachstania_taianensis             3.0081958 2.7261509 1.5661362 2.8603247 2.9750307 2.9479532 2.8341870 2.7470942 2.4301176 2.5774963 6.2068992 2.9195165 2.6451713 2.6459338 2.7150524 2.7545174 2.7076121 2.6041963 3.3331564 3.3296401 2.9914730 2.5111290 3.1413244 2.5913880 2.6510222 2.8576225 0.0000000 2.8462536 2.2963989 3.3492677 2.6408009 2.6720081 2.8804875 2.9217459 3.0543304 3.0564846 3.2668730 2.9916436 3.2873019 3.3793577 
yHAB148_Kazachstania_intestinalis           1.7659173 1.7618240 1.5467915 1.6222228 1.9016787 1.9446841 1.9392374 1.7300834 1.4433568 1.5429917 6.3876914 1.6354057 1.7122440 1.7301079 1.7629959 1.6603371 1.6662709 1.6308962 1.6710920 1.8126303 1.6746921 1.7390036 1.5917965 1.8910095 1.4835732 1.5401792 2.8462536 0.0000000 1.3896984 1.7226901 1.5488332 1.3920926 1.5992074 1.5632587 1.6289170 1.8968612 1.8212896 1.8074178 1.9138080 1.8365863 
yHAB153_Kazachstania_rosinii                1.9864120 1.3839526 1.6622557 1.6876139 2.2283256 2.7096239 2.0466234 1.8187931 1.2988875 1.4061188 7.6169023 1.5310264 1.5541256 1.5807923 1.6033433 1.5968099 1.5462410 1.5854598 1.6555749 1.9573365 1.6854656 1.5762955 1.8871828 1.5798758 1.5550328 1.6835071 2.2963989 1.3896984 0.0000000 1.7655628 1.4857693 1.3309499 1.7240348 1.2205636 1.7958910 1.6463329 1.9917390 1.8326520 1.9171932 1.9725547 
yHAB154_Kazachstania_transvaalensis         2.0066346 1.7945395 2.2677304 2.0383947 1.9645639 2.5639296 1.8510553 1.8879533 1.5388280 1.6327262 8.7639811 1.8027370 1.8741734 1.6437760 1.7352376 1.8050359 1.7882607 1.6293189 1.5995662 1.9293243 1.4831274 1.6158741 1.2507862 1.9575280 1.4742802 1.2740497 3.3492677 1.7226901 1.7655628 0.0000000 1.7580600 1.6223306 1.3207996 1.5928623 1.3490148 0.3662020 1.9107896 2.0291085 2.1317755 1.5559537 
yHAB155_Kazachstania_spencerorum            1.9413259 1.4789698 2.2017260 1.9804837 1.9091712 2.2056210 1.8496078 1.9949588 1.3448515 1.8539454 8.3857108 1.7124321 1.7060960 1.6435736 1.6532043 1.7071045 1.6874954 1.5678663 1.5837282 2.0368936 1.6830156 1.4692664 1.5053739 1.6419688 1.3275134 1.3478799 2.6408009 1.5488332 1.4857693 1.7580600 0.0000000 1.4570978 1.5133769 1.4628862 1.5249514 1.5971068 2.0368567 1.5681821 2.1333763 1.8286613 
yHAB158_Kazachstania_viticola               1.9431670 1.4036807 1.9278100 1.7546308 1.8268256 2.0700233 1.8281691 1.7791075 1.2113125 1.2706275 8.1529541 1.4392540 1.5034628 1.3739683 1.5080954 1.4115129 1.4667358 1.3869766 1.3267182 1.5320014 1.3697265 1.3554672 1.2465006 1.5412076 1.2030310 1.4900333 2.6720081 1.3920926 1.3309499 1.6223306 1.4570978 0.0000000 1.3721637 1.2884220 1.3993575 1.4376063 1.5979320 1.6049138 1.5593309 1.6342399 
yHAB159_Kazachstania_solicola               1.9074333 1.6763204 2.2080514 1.9184896 1.8507317 2.5252569 2.0260811 1.7989724 1.3739831 1.5797166 8.3623944 1.7031121 1.7088218 1.6713210 1.6754916 1.6710835 1.5942801 1.5776079 1.3601552 1.7790242 1.3953598 1.3099911 0.3294122 1.4824488 1.1441036 0.5965882 2.8804875 1.5992074 1.7240348 1.3207996 1.5133769 1.3721637 0.0000000 1.4840035 0.1074393 1.4844729 1.7942980 1.5545672 1.8922323 1.8320047 
yHAB160_Kazachstania_kunashirensis          1.9958507 1.3385963 2.1387073 1.5172046 1.8076864 2.1178518 1.8818033 1.6025154 1.3533111 1.4141156 7.3632070 1.7585347 1.8301481 1.6424478 1.7868740 1.7644958 1.7203139 1.6063567 1.3549643 1.4915241 1.2673048 1.5434778 1.4186757 1.1319970 1.1273614 1.4837877 2.9217459 1.5632587 1.2205636 1.5928623 1.4628862 1.2884220 1.4840035 0.0000000 1.4910049 1.5517379 1.6037083 1.5873612 1.6276086 1.5545151 
yHAB164_Kazachstania_aerobia                1.9405064 1.7380467 2.2199358 1.7948371 1.8838302 2.4109186 2.0489174 1.8176020 1.3125842 1.5200258 8.2493275 1.7007964 1.6736289 1.6748249 1.6369765 1.6223274 1.5862423 1.5856402 1.3124126 1.8387292 1.4337294 1.4126597 0.3058399 1.5264168 1.1329722 0.5686576 3.0543304 1.6289170 1.7958910 1.3490148 1.5249514 1.3993575 0.1074393 1.4910049 0.0000000 1.4350474 1.8527083 1.5611024 1.9047496 1.8065102 
yHAB166_Kazachstania_yakushimaensis         2.0591640 1.7609903 2.1096785 1.9757662 1.9641494 2.4372821 1.8851526 1.8770933 1.5035923 1.8056334 8.1980891 1.7478154 1.8743657 1.6794993 1.7610788 1.8472015 1.6464547 1.7203313 1.5354581 1.8402775 1.3742700 1.5860203 1.2715176 1.8343485 1.5257437 1.3202360 3.0564846 1.8968612 1.6463329 0.3662020 1.5971068 1.4376063 1.4844729 1.5517379 1.4350474 0.0000000 1.8614889 1.8540632 2.0322069 1.6810257 
yHMPu5000034875_Tetrapisispora_fleetii      2.3453491 1.8124259 2.3277714 2.0166943 2.1211642 2.5190928 2.2245692 1.8740385 1.7706261 1.7400941 7.3668436 1.9548258 2.0307976 1.8691215 1.9295141 2.0121686 1.9211627 1.8856720 1.7150808 0.6398472 1.4441537 2.0119988 1.6641050 1.9498303 1.5230804 1.6510444 3.2668730 1.8212896 1.9917390 1.9107896 2.0368567 1.5979320 1.7942980 1.6037083 1.8527083 1.8614889 0.0000000 0.8084705 0.3966773 1.6404859 
yHMPu5000034876_Tetrapisispora_iriomotensis 2.0703896 1.6141097 2.0773168 1.9725337 1.9401098 2.4299276 2.2574331 1.8694665 1.5557622 1.6103613 7.2058564 1.9930750 2.0457112 1.8011790 1.9575051 2.1121285 1.8398590 1.8118668 1.7107714 0.7488033 1.4765642 1.7185714 1.5540575 1.8680952 1.5323525 1.6237430 2.9916436 1.8074178 1.8326520 2.0291085 1.5681821 1.6049138 1.5545672 1.5873612 1.5611024 1.8540632 0.8084705 0.0000000 0.8224957 1.5281330 
yHMPu5000034877_Tetrapisispora_namnaonensis 2.4313453 1.7190657 2.1712938 1.9640165 2.0990026 2.4773964 2.3378150 1.9801700 1.8495369 1.7324163 7.8862362 1.8654077 2.1096418 1.8304515 1.9621080 2.1023564 1.9513059 1.8987794 1.8234273 0.6338495 1.3952130 2.0664653 1.7748499 1.9978166 1.6850107 1.6433088 3.2873019 1.9138080 1.9171932 2.1317755 2.1333763 1.5593309 1.8922323 1.6276086 1.9047496 2.0322069 0.3966773 0.8224957 0.0000000 1.7983805 
yHMPu5000035629_Yueomyces_sinensis          1.8913556 1.7191655 2.6957880 2.2409465 1.9462323 2.7497974 2.0347552 1.7671691 1.7255078 1.8553784 8.1036774 1.8482349 1.8220882 1.8504003 1.9548484 1.9439023 1.8594665 1.7571531 1.3291316 1.6689601 1.6097071 1.7016635 1.5302138 2.0163318 1.6663341 1.7341126 3.3793577 1.8365863 1.9725547 1.5559537 1.8286613 1.6342399 1.8320047 1.5545151 1.8065102 1.6810257 1.6404859 1.5281330 1.7983805 0.0000000 
