40
Candida_glabrata                            0.0000000 2.2373139 2.7835755 1.4521146 0.8123487 2.9997228 0.8631693 0.8387639 1.3634451 1.4319570 4.5196734 1.3851073 1.3895897 1.4055417 1.3135652 1.3041238 1.3422028 1.3851407 1.8352080 1.7208760 1.4826663 2.1698476 2.6709541 2.7173104 2.4701200 3.1212340 2.1261324 2.4701117 2.1811878 2.2441434 2.2356633 2.5680147 2.7018872 1.9676695 2.8313183 2.4845735 1.8548544 1.8228451 1.7853919 2.3231729 
Kazachstania_africana                       2.2373139 0.0000000 2.6481649 1.9234911 2.4649902 2.9963051 2.1451958 2.4186846 1.7416917 1.8801435 6.2334486 1.8011216 1.6187887 1.8763373 1.6772922 1.7095066 1.7232212 1.8421367 2.0585391 2.7013983 1.8674951 1.5950821 1.8481430 1.5881943 1.8517162 2.2066574 1.7369424 1.8198558 1.7086707 2.1208308 1.5601045 1.4819855 2.2111856 1.4419043 2.1858555 1.8841319 2.6008673 2.6745781 2.7458944 2.5611598 
Kazachstania_naganishii                     2.7835755 2.6481649 0.0000000 2.4578203 2.6313571 3.4499733 2.5779658 2.4966188 2.7298574 2.6958877 5.1883289 2.5807164 2.7052059 2.6148339 2.4337972 2.6683761 2.6960231 2.4276589 3.0717398 3.0223794 2.9349836 2.8477814 2.8087141 2.9632493 2.1085489 2.6787444 2.0265044 2.0412785 2.0130571 2.9571229 2.4705746 2.7087096 2.5882057 2.7801620 2.8627918 3.2912628 2.9938045 2.9622645 3.3063743 4.3081432 
Nakaseomyces_bacillisporus                  1.4521146 1.9234911 2.4578203 0.0000000 1.5730768 2.5147296 1.6736747 1.7209592 1.3662342 1.4379256 5.4723027 1.2879818 1.2598971 1.3510197 1.2015186 1.3673063 1.2955950 1.3794377 1.8435539 1.5575273 1.4816215 1.8166983 1.9657632 2.1680290 2.1034300 2.5663000 2.0584963 2.1325660 2.2854118 2.2676950 2.0609109 2.3912396 2.1530128 1.9979490 2.2916716 2.2755079 1.7197470 1.8515520 1.7681493 2.2093904 
Nakaseomyces_bracarensis                    0.8123487 2.4649902 2.6313571 1.5730768 0.0000000 2.6899613 0.6844665 0.5071961 1.4712560 1.4938668 5.3487709 1.4027405 1.2556461 1.3285731 1.3241568 1.2354525 1.2880984 1.3307957 1.7975699 1.9352387 1.5132627 1.8592055 2.4870110 2.1346410 2.2653828 2.6396319 2.1439877 2.4106184 2.1101327 2.1961132 2.3105031 2.5727481 2.6170126 1.8682420 2.5685632 2.3074956 1.8776453 1.7327233 1.9554905 2.3051397 
Nakaseomyces_castellii                      2.9997228 2.9963051 3.4499733 2.5147296 2.6899613 0.0000000 2.9336383 2.4763411 2.4627632 2.6836329 5.1870445 2.3044470 2.2006817 2.3155899 2.1315471 2.2853851 2.2907165 2.2484935 2.2395225 2.4174219 2.2616078 3.2192638 2.8879573 2.9863460 2.7998781 2.8945202 2.6062021 2.5009319 2.7153082 2.7697180 2.6106264 2.8915624 2.7871905 2.7203972 2.6817916 2.9154931 2.5497178 2.9675883 2.3726634 2.6981317 
Nakaseomyces_delphensis                     0.8631693 2.1451958 2.5779658 1.6736747 0.6844665 2.9336383 0.0000000 0.6126224 1.5056555 1.5816228 5.2265912 1.5821144 1.3261872 1.5149100 1.3547787 1.4442993 1.3954218 1.4744266 1.8404943 1.9606693 1.7051851 2.2210958 3.0036068 2.7690299 2.4539638 3.1868802 2.4728204 2.6855495 2.1138878 2.5534174 2.4110930 2.4428503 3.0999963 2.1364041 3.0390229 2.7781949 1.8640327 1.7466388 1.8819513 2.4617790 
Nakaseomyces_nivariensis                    0.8387639 2.4186846 2.4966188 1.7209592 0.5071961 2.4763411 0.6126224 0.0000000 1.5552187 1.5355818 4.9265526 1.2973515 1.2903116 1.3488236 1.2474117 1.2407664 1.3052150 1.3153108 1.7495621 1.9562391 1.4997717 2.1791327 2.7402460 2.5799497 2.4319513 2.9470931 2.1594683 2.5476099 2.3768501 2.2794667 2.2449891 2.4897541 2.8402330 2.1402483 2.8408594 2.6926620 1.6912788 1.7441240 1.7963420 2.2516554 
Naumovozyma_castellii                       1.3634451 1.7416917 2.7298574 1.3662342 1.4712560 2.4627632 1.5056555 1.5552187 0.0000000 0.9409725 5.7181026 1.1011028 1.1919549 1.1976587 1.1013881 1.1566513 1.1281923 1.2183891 1.5367892 1.3867990 1.2520322 1.8156818 1.8670229 1.8788773 1.8078265 2.2560262 1.7880113 2.1681365 2.0873384 2.0707042 1.3765309 1.8771198 2.1695962 1.4342107 2.1233202 1.8880948 1.5791922 1.7306137 1.5297954 1.9685251 
Naumovozyma_dairenensis                     1.4319570 1.8801435 2.6958877 1.4379256 1.4938668 2.6836329 1.5816228 1.5355818 0.9409725 0.0000000 6.3128594 1.2593382 1.2678793 1.3351940 1.2908313 1.2799682 1.3172942 1.4095719 1.3528225 1.5529195 1.1857347 1.5968556 1.5668227 1.7392138 1.5844592 2.0195862 1.6013306 2.3424052 2.3852164 1.7365285 1.4377680 1.8562696 2.0601853 1.5837383 2.0127144 1.7235163 1.4989277 1.4474404 1.4422015 1.7574939 
Neurospora_crassa                           4.5196734 6.2334486 5.1883289 5.4723027 5.3487709 5.1870445 5.2265912 4.9265526 5.7181026 6.3128594 0.0000000 5.9496300 5.9631540 5.9309134 6.1153461 5.8510430 5.3897404 5.5146408 6.8953338 5.9758728 6.0650097 7.1007221 8.0981486 7.2254924 7.2333265 8.3761170 6.6727684 6.3860049 5.0448358 7.5075338 8.9999984 7.6821610 7.0206009 6.4772269 6.8967687 7.3088744 6.8429893 7.1518008 6.8769055 5.4315947 
Saccharomyces_arboricola                    1.3851073 1.8011216 2.5807164 1.2879818 1.4027405 2.3044470 1.5821144 1.2973515 1.1011028 1.2593382 5.9496300 0.0000000 0.3218633 0.3109138 0.2385347 0.3172529 0.2622908 0.3070059 1.5459656 1.3954807 1.1630817 2.0593701 2.1043579 2.1413031 1.9948404 2.4851486 1.6931495 2.0498504 1.9875093 2.1782027 1.8944771 2.0534628 2.3298219 1.8357313 2.2454775 2.2010968 1.4477804 1.5568899 1.4695262 2.0565475 
Saccharomyces_cerevisiae                    1.3895897 1.6187887 2.7052059 1.2598971 1.2556461 2.2006817 1.3261872 1.2903116 1.1919549 1.2678793 5.9631540 0.3218633 0.0000000 0.3156024 0.2762997 0.2271073 0.1725684 0.3183112 1.4410268 1.4596308 1.1936722 1.9658544 2.0571561 1.9602197 2.0735925 2.2329158 1.5179211 1.9054587 2.0180758 2.1299810 1.8880669 2.0311548 2.4182420 1.7885107 2.2993492 2.1829714 1.4530426 1.4865289 1.5009802 2.0811400 
Saccharomyces_eubayanus                     1.4055417 1.8763373 2.6148339 1.3510197 1.3285731 2.3155899 1.5149100 1.3488236 1.1976587 1.3351940 5.9309134 0.3109138 0.3156024 0.0000000 0.2780946 0.3503410 0.3078521 0.1144249 1.4880594 1.4740722 1.2926621 2.0623265 2.2246624 2.1949850 1.9846908 2.3994032 1.6196885 2.0325022 2.0295054 2.2353424 1.8895063 2.0528987 2.4188118 1.8471691 2.3788379 2.2954103 1.6038864 1.5864669 1.6379914 2.0712426 
Saccharomyces_kudriavzevii                  1.3135652 1.6772922 2.4337972 1.2015186 1.3241568 2.1315471 1.3547787 1.2474117 1.1013881 1.2908313 6.1153461 0.2385347 0.2762997 0.2780946 0.0000000 0.3074119 0.2784550 0.2925590 1.4384000 1.4306495 1.1838664 1.9057425 1.9569977 2.1676710 2.0926278 2.3487759 1.6019939 1.9406536 1.8949977 2.2016833 1.8868786 1.9637401 2.2416941 1.9329908 2.2327096 2.1421436 1.4476432 1.5194445 1.4004457 2.0224175 
Saccharomyces_mikatae                       1.3041238 1.7095066 2.6683761 1.3673063 1.2354525 2.2853851 1.4442993 1.2407664 1.1566513 1.2799682 5.8510430 0.3172529 0.2271073 0.3503410 0.3074119 0.0000000 0.1978185 0.3428628 1.3038761 1.4410898 1.1869871 2.0534740 2.0523965 1.9239069 2.0810395 2.2865841 1.7177519 2.0729820 1.8813306 2.2559613 1.8328766 2.0664922 2.2730385 1.8884909 2.2057334 2.2882947 1.3437061 1.4496968 1.4477011 1.9636112 
Saccharomyces_paradoxus                     1.3422028 1.7232212 2.6960231 1.2955950 1.2880984 2.2907165 1.3954218 1.3052150 1.1281923 1.3172942 5.3897404 0.2622908 0.1725684 0.3078521 0.2784550 0.1978185 0.0000000 0.3183836 1.4065266 1.4548455 1.2186779 2.0060514 2.1657688 1.9437679 2.1055615 2.3583680 1.6369730 1.9600959 1.8908508 2.1987146 1.8507424 2.0054411 2.4532826 1.7393237 2.3124293 2.2587492 1.3621330 1.4388690 1.3726187 1.9815791 
Saccharomyces_uvarum                        1.3851407 1.8421367 2.4276589 1.3794377 1.3307957 2.2484935 1.4744266 1.3153108 1.2183891 1.4095719 5.5146408 0.3070059 0.3183112 0.1144249 0.2925590 0.3428628 0.3183836 0.0000000 1.4999352 1.4383099 1.3045474 2.0170452 2.2320371 2.2114112 2.0796982 2.4189894 1.5953196 2.0800679 1.9334365 2.1778073 1.8953330 2.1088797 2.4161371 1.8388172 2.3804139 2.2995633 1.5075773 1.5810820 1.5585256 2.1318160 
Tetrapisispora_blattae                      1.8352080 2.0585391 3.0717398 1.8435539 1.7975699 2.2395225 1.8404943 1.7495621 1.5367892 1.3528225 6.8953338 1.5459656 1.4410268 1.4880594 1.4384000 1.3038761 1.4065266 1.4999352 0.0000000 1.5317646 1.3367993 1.9565058 2.1771407 2.2701700 2.5093009 2.3202163 1.8816065 2.1996619 2.2764534 2.0066492 2.1223394 2.1271227 2.4475826 2.0408639 2.4285751 2.1439384 1.5760408 1.7212896 1.4885068 1.4350365 
Tetrapisispora_phaffii                      1.7208760 2.7013983 3.0223794 1.5575273 1.9352387 2.4174219 1.9606693 1.9562391 1.3867990 1.5529195 5.9758728 1.3954807 1.4596308 1.4740722 1.4306495 1.4410898 1.4548455 1.4383099 1.5317646 0.0000000 1.2719266 2.1309634 2.2347178 2.1160405 2.3572167 2.7973128 2.6649430 2.5355903 2.6725435 2.3944112 2.1807486 2.5197045 2.5632153 2.1663819 2.5344601 2.3724182 0.6508134 0.9657660 0.6771299 2.2446214 
Vanderwaltozyma_polyspora                   1.4826663 1.8674951 2.9349836 1.4816215 1.5132627 2.2616078 1.7051851 1.4997717 1.2520322 1.1857347 6.0650097 1.1630817 1.1936722 1.2926621 1.1838664 1.1869871 1.2186779 1.3045474 1.3367993 1.2719266 0.0000000 1.7641107 2.0761959 2.2647668 1.9565147 2.3925609 1.8344170 1.9974821 2.1510363 2.1388625 1.9168355 2.2704664 2.4059774 1.8759024 2.5109457 2.1032541 1.3789374 1.4063320 1.2900028 2.0104648 
yHAB132_Kazachstania_martiniae              2.1698476 1.5950821 2.8477814 1.8166983 1.8592055 3.2192638 2.2210958 2.1791327 1.8156818 1.5968556 7.1007221 2.0593701 1.9658544 2.0623265 1.9057425 2.0534740 2.0060514 2.0170452 1.9565058 2.1309634 1.7641107 0.0000000 1.7480108 1.8635750 1.9528510 2.0687526 1.9537094 2.0329103 2.1636063 2.0893328 1.5865784 2.0371774 1.9030826 1.6730636 1.9079288 1.9718126 2.2723724 2.4182418 2.1251452 2.2487059 
yHAB133_Kazachstania_unispora               2.6709541 1.8481430 2.8087141 1.9657632 2.4870110 2.8879573 3.0036068 2.7402460 1.8670229 1.5668227 8.0981486 2.1043579 2.0571561 2.2246624 1.9569977 2.0523965 2.1657688 2.2320371 2.1771407 2.2347178 2.0761959 1.7480108 0.0000000 1.4924381 1.5944335 0.8961498 1.5065866 1.8691800 2.2030909 1.4758063 1.2422428 1.8573712 0.6030182 1.6645781 0.5037598 1.4696645 2.3081266 2.2333450 2.4637337 1.9290498 
yHAB134_Kazachstania_turicensis             2.7173104 1.5881943 2.9632493 2.1680290 2.1346410 2.9863460 2.7690299 2.5799497 1.8788773 1.7392138 7.2254924 2.1413031 1.9602197 2.1949850 2.1676710 1.9239069 1.9437679 2.2114112 2.2701700 2.1160405 2.2647668 1.8635750 1.4924381 0.0000000 2.0779928 2.1205007 1.8475898 2.0891088 2.1349112 1.8231478 1.2659191 1.7101905 2.1237636 0.8690740 2.0103159 1.7430994 2.1485392 2.3792543 2.4285567 2.3895823 
yHAB136_Kazachstania_bromeliacearum         2.4701200 1.8517162 2.1085489 2.1034300 2.2653828 2.7998781 2.4539638 2.4319513 1.8078265 1.5844592 7.2333265 1.9948404 2.0735925 1.9846908 2.0926278 2.0810395 2.1055615 2.0796982 2.5093009 2.3572167 1.9565147 1.9528510 1.5944335 2.0779928 0.0000000 1.8714861 1.5501312 1.5847417 2.1415643 1.7747295 1.7042896 2.0207852 1.5636019 1.7770832 1.7144548 1.6740434 2.6099520 2.6468026 2.6930021 2.8729926 
yHAB143_Kazachstania_siamensis              3.1212340 2.2066574 2.6787444 2.5663000 2.6396319 2.8945202 3.1868802 2.9470931 2.2560262 2.0195862 8.3761170 2.4851486 2.2329158 2.3994032 2.3487759 2.2865841 2.3583680 2.4189894 2.3202163 2.7973128 2.3925609 2.0687526 0.8961498 2.1205007 1.8714861 0.0000000 1.4041343 2.2217844 2.9180978 1.7602757 1.8270537 2.2847965 1.1074721 1.9652315 0.9965807 1.8426808 2.8352998 2.7455270 2.8932043 2.6755625 
yHAB147_Kazachstania_taianensis             2.1261324 1.7369424 2.0265044 2.0584963 2.1439877 2.6062021 2.4728204 2.1594683 1.7880113 1.6013306 6.6727684 1.6931495 1.5179211 1.6196885 1.6019939 1.7177519 1.6369730 1.5953196 1.8816065 2.6649430 1.8344170 1.9537094 1.5065866 1.8475898 1.5501312 1.4041343 0.0000000 1.9836564 1.8961239 1.4809340 1.8453045 1.8431730 1.6487510 1.6048116 1.6590983 1.5548867 2.6295227 2.6913971 2.6781118 2.4887576 
yHAB148_Kazachstania_intestinalis           2.4701117 1.8198558 2.0412785 2.1325660 2.4106184 2.5009319 2.6855495 2.5476099 2.1681365 2.3424052 6.3860049 2.0498504 1.9054587 2.0325022 1.9406536 2.0729820 1.9600959 2.0800679 2.1996619 2.5355903 1.9974821 2.0329103 1.8691800 2.0891088 1.5847417 2.2217844 1.9836564 0.0000000 2.0768358 2.4682096 2.2409711 2.2465530 2.2047557 2.2402253 2.2143683 2.3542633 2.5942932 2.6275135 2.8330855 3.1562139 
yHAB153_Kazachstania_rosinii                2.1811878 1.7086707 2.0130571 2.2854118 2.1101327 2.7153082 2.1138878 2.3768501 2.0873384 2.3852164 5.0448358 1.9875093 2.0180758 2.0295054 1.8949977 1.8813306 1.8908508 1.9334365 2.2764534 2.6725435 2.1510363 2.1636063 2.2030909 2.1349112 2.1415643 2.9180978 1.8961239 2.0768358 0.0000000 2.5430604 1.9296815 1.9051522 2.1185533 1.6582006 2.3088969 2.7716756 2.5484507 2.5656232 2.7679344 3.1262330 
yHAB154_Kazachstania_transvaalensis         2.2441434 2.1208308 2.9571229 2.2676950 2.1961132 2.7697180 2.5534174 2.2794667 2.0707042 1.7365285 7.5075338 2.1782027 2.1299810 2.2353424 2.2016833 2.2559613 2.1987146 2.1778073 2.0066492 2.3944112 2.1388625 2.0893328 1.4758063 1.8231478 1.7747295 1.7602757 1.4809340 2.4682096 2.5430604 0.0000000 2.0663444 1.8091185 1.9569961 1.8319648 1.8074150 0.3828925 2.3117343 2.4783567 2.4353532 2.0359003 
yHAB155_Kazachstania_spencerorum            2.2356633 1.5601045 2.4705746 2.0609109 2.3105031 2.6106264 2.4110930 2.2449891 1.3765309 1.4377680 8.9999984 1.8944771 1.8880669 1.8895063 1.8868786 1.8328766 1.8507424 1.8953330 2.1223394 2.1807486 1.9168355 1.5865784 1.2422428 1.2659191 1.7042896 1.8270537 1.8453045 2.2409711 1.9296815 2.0663444 0.0000000 1.4922601 1.8790190 1.0081012 1.7173318 1.8510872 2.2996163 2.2994681 2.3832872 2.5347392 
yHAB158_Kazachstania_viticola               2.5680147 1.4819855 2.7087096 2.3912396 2.5727481 2.8915624 2.4428503 2.4897541 1.8771198 1.8562696 7.6821610 2.0534628 2.0311548 2.0528987 1.9637401 2.0664922 2.0054411 2.1088797 2.1271227 2.5197045 2.2704664 2.0371774 1.8573712 1.7101905 2.0207852 2.2847965 1.8431730 2.2465530 1.9051522 1.8091185 1.4922601 0.0000000 2.3008108 1.4920804 2.1884359 1.9064837 2.4669172 2.6233649 2.4391226 2.2485479 
yHAB159_Kazachstania_solicola               2.7018872 2.2111856 2.5882057 2.1530128 2.6170126 2.7871905 3.0999963 2.8402330 2.1695962 2.0601853 7.0206009 2.3298219 2.4182420 2.4188118 2.2416941 2.2730385 2.4532826 2.4161371 2.4475826 2.5632153 2.4059774 1.9030826 0.6030182 2.1237636 1.5636019 1.1074721 1.6487510 2.2047557 2.1185533 1.9569961 1.8790190 2.3008108 0.0000000 2.0623385 0.1804252 1.8478115 2.8180663 3.0823529 2.6071768 2.6719936 
yHAB160_Kazachstania_kunashirensis          1.9676695 1.4419043 2.7801620 1.9979490 1.8682420 2.7203972 2.1364041 2.1402483 1.4342107 1.5837383 6.4772269 1.8357313 1.7885107 1.8471691 1.9329908 1.8884909 1.7393237 1.8388172 2.0408639 2.1663819 1.8759024 1.6730636 1.6645781 0.8690740 1.7770832 1.9652315 1.6048116 2.2402253 1.6582006 1.8319648 1.0081012 1.4920804 2.0623385 0.0000000 2.1542190 1.5840148 2.0692307 2.4130305 2.1730830 2.3026665 
yHAB164_Kazachstania_aerobia                2.8313183 2.1858555 2.8627918 2.2916716 2.5685632 2.6817916 3.0390229 2.8408594 2.1233202 2.0127144 6.8967687 2.2454775 2.2993492 2.3788379 2.2327096 2.2057334 2.3124293 2.3804139 2.4285751 2.5344601 2.5109457 1.9079288 0.5037598 2.0103159 1.7144548 0.9965807 1.6590983 2.2143683 2.3088969 1.8074150 1.7173318 2.1884359 0.1804252 2.1542190 0.0000000 1.8225974 2.6712065 2.8795317 2.6697804 2.5043912 
yHAB166_Kazachstania_yakushimaensis         2.4845735 1.8841319 3.2912628 2.2755079 2.3074956 2.9154931 2.7781949 2.6926620 1.8880948 1.7235163 7.3088744 2.2010968 2.1829714 2.2954103 2.1421436 2.2882947 2.2587492 2.2995633 2.1439384 2.3724182 2.1032541 1.9718126 1.4696645 1.7430994 1.6740434 1.8426808 1.5548867 2.3542633 2.7716756 0.3828925 1.8510872 1.9064837 1.8478115 1.5840148 1.8225974 0.0000000 2.4168715 2.6471728 2.3343828 2.0721926 
yHMPu5000034875_Tetrapisispora_fleetii      1.8548544 2.6008673 2.9938045 1.7197470 1.8776453 2.5497178 1.8640327 1.6912788 1.5791922 1.4989277 6.8429893 1.4477804 1.4530426 1.6038864 1.4476432 1.3437061 1.3621330 1.5075773 1.5760408 0.6508134 1.3789374 2.2723724 2.3081266 2.1485392 2.6099520 2.8352998 2.6295227 2.5942932 2.5484507 2.3117343 2.2996163 2.4669172 2.8180663 2.0692307 2.6712065 2.4168715 0.0000000 0.8470130 0.3980768 2.1337962 
yHMPu5000034876_Tetrapisispora_iriomotensis 1.8228451 2.6745781 2.9622645 1.8515520 1.7327233 2.9675883 1.7466388 1.7441240 1.7306137 1.4474404 7.1518008 1.5568899 1.4865289 1.5864669 1.5194445 1.4496968 1.4388690 1.5810820 1.7212896 0.9657660 1.4063320 2.4182418 2.2333450 2.3792543 2.6468026 2.7455270 2.6913971 2.6275135 2.5656232 2.4783567 2.2994681 2.6233649 3.0823529 2.4130305 2.8795317 2.6471728 0.8470130 0.0000000 0.9392927 2.4773986 
yHMPu5000034877_Tetrapisispora_namnaonensis 1.7853919 2.7458944 3.3063743 1.7681493 1.9554905 2.3726634 1.8819513 1.7963420 1.5297954 1.4422015 6.8769055 1.4695262 1.5009802 1.6379914 1.4004457 1.4477011 1.3726187 1.5585256 1.4885068 0.6771299 1.2900028 2.1251452 2.4637337 2.4285567 2.6930021 2.8932043 2.6781118 2.8330855 2.7679344 2.4353532 2.3832872 2.4391226 2.6071768 2.1730830 2.6697804 2.3343828 0.3980768 0.9392927 0.0000000 2.0309509 
yHMPu5000035629_Yueomyces_sinensis          2.3231729 2.5611598 4.3081432 2.2093904 2.3051397 2.6981317 2.4617790 2.2516554 1.9685251 1.7574939 5.4315947 2.0565475 2.0811400 2.0712426 2.0224175 1.9636112 1.9815791 2.1318160 1.4350365 2.2446214 2.0104648 2.2487059 1.9290498 2.3895823 2.8729926 2.6755625 2.4887576 3.1562139 3.1262330 2.0359003 2.5347392 2.2485479 2.6719936 2.3026665 2.5043912 2.0721926 2.1337962 2.4773986 2.0309509 0.0000000 
