40
Candida_glabrata                            0.0000000 1.2483443 1.0306063 1.2636558 0.4585585 1.2793197 0.5273440 0.4712827 1.1666980 1.1535322 3.0697291 0.8927700 0.9333041 0.8289873 0.9075955 1.0323352 0.9234075 0.8361742 1.9876713 1.3912284 1.3405847 1.0482021 1.3562820 1.1094982 1.0226572 1.4423572 1.0522314 1.2951109 1.1723285 1.3348542 1.3658777 1.2363332 1.2724849 1.2145545 1.3943348 1.2626472 1.3455235 1.3591005 1.3395312 2.6440100 
Kazachstania_africana                       1.2483443 0.0000000 1.4379294 1.3043260 1.2015826 1.5038497 1.1576886 1.0831092 1.0321751 0.9902458 4.1021643 1.3520307 1.2796794 1.4421492 1.3424724 1.4625940 1.3129444 1.4316269 1.8127931 1.2750998 1.2809674 0.8723732 0.9938954 0.7957363 0.8433512 0.9522892 1.1497826 1.1984617 0.9356943 0.9324533 0.7007596 0.8695584 1.2553337 0.6926301 1.1643531 0.8445524 1.3256945 1.2739991 1.3317615 2.0923895 
Kazachstania_naganishii                     1.0306063 1.4379294 0.0000000 1.5964241 1.1895247 1.4701165 1.2140982 1.1351807 1.1234417 1.4360214 3.2936660 1.2401876 1.3307944 1.2036661 1.1869189 1.4641696 1.2325208 1.2100512 2.3394950 1.8654981 1.9218470 1.1863676 1.3242478 1.1787576 1.0015301 1.4189824 0.8476165 1.2389524 1.4208898 1.4510958 1.4524085 1.5342533 1.1745867 1.2539632 1.2886013 1.3084138 1.7798742 1.8571414 1.7420594 2.8816516 
Nakaseomyces_bacillisporus                  1.2636558 1.3043260 1.5964241 0.0000000 1.4775574 1.6793326 1.4401911 1.4034811 1.5255984 1.4946746 3.4923727 1.3496994 1.3125920 1.2503126 1.2555197 1.4638497 1.3227945 1.2522024 2.5272194 1.5735672 1.6973370 1.4235741 1.7550878 1.4568798 1.2970027 1.9034287 1.4519079 1.6905176 1.5981458 1.5300855 1.4674336 1.5901264 1.7229513 1.5142178 1.7649249 1.4975809 1.6292860 1.5486068 1.5251772 2.9352666 
Nakaseomyces_bracarensis                    0.4585585 1.2015826 1.1895247 1.4775574 0.0000000 1.3137450 0.3607251 0.3072794 1.1901378 1.2117410 3.6399810 1.0088106 0.9918433 1.0667073 1.0171210 1.1228831 1.0021761 1.0634098 2.0799805 1.3574213 1.2621091 1.1253244 1.3342560 1.2145166 1.0226552 1.3964911 1.0736853 1.1932087 1.2016137 1.2739402 1.3086705 1.2855301 1.3602558 1.2010139 1.4210974 1.2413971 1.3408418 1.3778268 1.2560415 2.4452246 
Nakaseomyces_castellii                      1.2793197 1.5038497 1.4701165 1.6793326 1.3137450 0.0000000 1.3063876 1.2851006 1.5225768 1.5871211 3.4739834 1.4171957 1.3678488 1.3944861 1.4426926 1.5727787 1.3854606 1.3970993 2.6966710 1.9048941 1.9082515 1.4985579 1.7371228 1.5771068 1.4158522 1.7326001 1.3607571 1.7057169 1.6521646 1.6500289 1.5291327 1.5787884 1.6530644 1.6463004 1.8341492 1.6434548 1.7882678 1.8875557 1.7178017 3.2007358 
Nakaseomyces_delphensis                     0.5273440 1.1576886 1.2140982 1.4401911 0.3607251 1.3063876 0.0000000 0.3370483 1.1575534 1.1306065 3.5260190 1.0256684 0.9580184 1.0325397 1.0349937 1.1052940 1.0250002 1.0698504 2.0779092 1.3107360 1.1339711 0.9895971 1.3065593 1.0538145 0.9321035 1.3554482 1.0944686 1.1875786 1.1481475 1.2698767 1.2128380 1.1714521 1.3050407 1.0377624 1.3243972 1.1896896 1.1745624 1.2819235 1.1855151 2.3517360 
Nakaseomyces_nivariensis                    0.4712827 1.0831092 1.1351807 1.4034811 0.3072794 1.2851006 0.3370483 0.0000000 1.1549123 1.1293829 3.8523432 0.9679744 0.8889698 0.9982208 0.9501397 1.0384988 0.9125439 0.9883341 1.9768718 1.2340285 1.1614159 1.0083929 1.2625467 1.0576126 0.9056912 1.3185360 1.0449820 1.1996981 1.1350339 1.1762651 1.2255207 1.1847036 1.3020459 1.0160893 1.3573417 1.1604099 1.2236709 1.2598566 1.2066997 2.3179349 
Naumovozyma_castellii                       1.1666980 1.0321751 1.1234417 1.5255984 1.1901378 1.5225768 1.1575534 1.1549123 0.0000000 0.7297391 4.1719242 0.9616529 1.0116878 0.9968557 1.0067931 1.1818321 0.9321858 1.0281766 1.8813541 1.2548643 1.3633267 1.0246009 1.1427317 0.9751737 0.9598335 1.0970379 1.2089915 1.1983370 1.0584871 1.2364445 0.9895994 1.2108575 1.2745192 0.8896115 1.2614086 1.0727894 1.2977678 1.2952730 1.2573389 2.5901239 
Naumovozyma_dairenensis                     1.1535322 0.9902458 1.4360214 1.4946746 1.2117410 1.5871211 1.1306065 1.1293829 0.7297391 0.0000000 3.8338440 1.0865749 1.0428991 1.1142775 1.1091846 1.2805069 1.0766735 1.1517570 1.9473211 1.2493451 1.2004745 1.0906180 1.2006641 1.0068997 0.9637300 1.2077549 1.2943811 1.3390092 0.9678335 1.2342193 1.0199242 1.0723295 1.3559898 0.9942746 1.3442443 1.0846931 1.2590285 1.2594778 1.2526551 2.3390874 
Neurospora_crassa                           3.0697291 4.1021643 3.2936660 3.4923727 3.6399810 3.4739834 3.5260190 3.8523432 4.1719242 3.8338440 0.0000000 3.2661165 3.3250308 2.7923008 3.2307550 3.3439650 3.3057564 2.9397634 4.1952982 3.8632335 4.2963447 3.9636064 4.4597223 4.0345657 3.9288233 5.1262771 3.4233709 4.0841874 3.9133701 4.1942835 4.5808410 4.6726127 3.1495941 4.6477064 4.0166325 4.9581706 3.5618436 4.2738985 3.6062483 4.2695654 
Saccharomyces_arboricola                    0.8927700 1.3520307 1.2401876 1.3496994 1.0088106 1.4171957 1.0256684 0.9679744 0.9616529 1.0865749 3.2661165 0.0000000 0.2376984 0.2740749 0.1873928 0.2885147 0.2153931 0.2946561 1.9035208 1.3374238 1.4463225 1.0475946 1.2600251 1.1950380 1.1475981 1.4669836 1.1679294 1.3787136 1.1253974 1.3380305 1.3020205 1.4485356 1.3537782 1.0889713 1.5549741 1.2766310 1.3187087 1.4528396 1.2926013 2.7059369 
Saccharomyces_cerevisiae                    0.9333041 1.2796794 1.3307944 1.3125920 0.9918433 1.3678488 0.9580184 0.8889698 1.0116878 1.0428991 3.3250308 0.2376984 0.0000000 0.2818995 0.1925973 0.2322750 0.1062840 0.2962760 1.7766152 1.3579712 1.3462810 1.2013050 1.2993681 1.1105198 1.0975711 1.3927484 1.1327817 1.3555325 1.0823873 1.3725035 1.3115294 1.4343893 1.3482186 1.0520178 1.5808904 1.2886312 1.4270315 1.3596262 1.4349174 2.5407168 
Saccharomyces_eubayanus                     0.8289873 1.4421492 1.2036661 1.2503126 1.0667073 1.3944861 1.0325397 0.9982208 0.9968557 1.1142775 2.7923008 0.2740749 0.2818995 0.0000000 0.2203058 0.3455725 0.2703306 0.0870894 1.7586073 1.3574179 1.4286984 1.1936854 1.4395912 1.2252380 1.1761020 1.4906923 1.0843513 1.3770350 1.1179190 1.4866734 1.4108360 1.5098315 1.3355174 1.1410166 1.5561688 1.4445874 1.3464144 1.4043772 1.3769872 2.5062822 
Saccharomyces_kudriavzevii                  0.9075955 1.3424724 1.1869189 1.2555197 1.0171210 1.4426926 1.0349937 0.9501397 1.0067931 1.1091846 3.2307550 0.1873928 0.1925973 0.2203058 0.0000000 0.2492224 0.1751376 0.2236996 1.7983309 1.2922161 1.3807462 1.2028081 1.2602986 1.1770999 1.1591940 1.4276634 1.1331152 1.3899032 1.1364578 1.4045576 1.3930961 1.4754322 1.3208332 1.1303201 1.5626509 1.3557666 1.3842025 1.3628088 1.3651119 2.6939535 
Saccharomyces_mikatae                       1.0323352 1.4625940 1.4641696 1.4638497 1.1228831 1.5727787 1.1052940 1.0384988 1.1818321 1.2805069 3.3439650 0.2885147 0.2322750 0.3455725 0.2492224 0.0000000 0.2055110 0.3551687 2.0691983 1.5006338 1.4748347 1.3568786 1.3593184 1.3141830 1.3102694 1.5509823 1.2917412 1.5977915 1.2805618 1.5526412 1.5488934 1.6590446 1.3340337 1.2342296 1.7440189 1.5116600 1.6032461 1.4693500 1.5885325 2.7738696 
Saccharomyces_paradoxus                     0.9234075 1.3129444 1.2325208 1.3227945 1.0021761 1.3854606 1.0250002 0.9125439 0.9321858 1.0766735 3.3057564 0.2153931 0.1062840 0.2703306 0.1751376 0.2055110 0.0000000 0.2685607 1.8121133 1.3617706 1.3575784 1.2268071 1.2713701 1.1328933 1.1330702 1.3637438 1.1079611 1.3913777 1.1355798 1.4115637 1.3199259 1.4808461 1.3177056 1.0565142 1.5512079 1.3166883 1.4435319 1.4021426 1.4248116 2.5117960 
Saccharomyces_uvarum                        0.8361742 1.4316269 1.2100512 1.2522024 1.0634098 1.3970993 1.0698504 0.9883341 1.0281766 1.1517570 2.9397634 0.2946561 0.2962760 0.0870894 0.2236996 0.3551687 0.2685607 0.0000000 1.8970890 1.4219074 1.4820150 1.1835218 1.3835214 1.1906469 1.1614454 1.5614001 1.0537986 1.4529835 1.1255550 1.5123858 1.4954900 1.5370841 1.2769174 1.1315190 1.6052120 1.4086394 1.4813404 1.4773620 1.5198267 2.7523326 
Tetrapisispora_blattae                      1.9876713 1.8127931 2.3394950 2.5272194 2.0799805 2.6966710 2.0779092 1.9768718 1.8813541 1.9473211 4.1952982 1.9035208 1.7766152 1.7586073 1.7983309 2.0691983 1.8121133 1.8970890 0.0000000 1.9156004 1.9458603 2.0441101 2.1119532 1.9241472 1.8605420 2.1470788 2.3659670 2.3133185 1.8035599 2.2070372 1.9158570 2.2137534 2.3646973 1.8248840 2.2888836 2.2225747 1.8793879 1.9929266 1.8784797 2.5928489 
Tetrapisispora_phaffii                      1.3912284 1.2750998 1.8654981 1.5735672 1.3574213 1.9048941 1.3107360 1.2340285 1.2548643 1.2493451 3.8632335 1.3374238 1.3579712 1.3574179 1.2922161 1.5006338 1.3617706 1.4219074 1.9156004 0.0000000 0.8236843 1.2154269 1.2274688 1.1938171 1.3383356 1.4157078 1.4702993 1.4691585 1.3637425 1.3035061 1.4170151 1.4366078 1.5067841 1.1166793 1.5302904 1.2294411 0.3639459 0.5171505 0.3458618 2.2334804 
Vanderwaltozyma_polyspora                   1.3405847 1.2809674 1.9218470 1.6973370 1.2621091 1.9082515 1.1339711 1.1614159 1.3633267 1.2004745 4.2963447 1.4463225 1.3462810 1.4286984 1.3807462 1.4748347 1.3575784 1.4820150 1.9458603 0.8236843 0.0000000 1.2279010 1.3248475 1.3303990 1.2313586 1.3890576 1.5374157 1.4565080 1.4883768 1.4112635 1.2670221 1.4232898 1.4349345 1.2506390 1.4639267 1.4256883 0.8402147 0.8291479 0.8319514 2.2897554 
yHAB132_Kazachstania_martiniae              1.0482021 0.8723732 1.1863676 1.4235741 1.1253244 1.4985579 0.9895971 1.0083929 1.0246009 1.0906180 3.9636064 1.0475946 1.2013050 1.1936854 1.2028081 1.3568786 1.2268071 1.1835218 2.0441101 1.2154269 1.2279010 0.0000000 0.9565068 0.8771311 0.7457158 0.9905031 0.9469185 1.0512898 0.9133398 1.0277650 0.7834981 0.9422203 1.1054662 0.7300561 1.0155149 0.9307984 1.2288252 1.1739246 1.2086477 2.4171012 
yHAB133_Kazachstania_unispora               1.3562820 0.9938954 1.3242478 1.7550878 1.3342560 1.7371228 1.3065593 1.2625467 1.1427317 1.2006641 4.4597223 1.2600251 1.2993681 1.4395912 1.2602986 1.3593184 1.2713701 1.3835214 2.1119532 1.2274688 1.3248475 0.9565068 0.0000000 1.0578460 0.8071830 0.3583758 1.0998145 1.2534615 1.1257496 0.9672145 1.0940566 0.9855625 0.5743229 0.9396458 0.4792628 0.8800538 1.3185333 1.3267218 1.3690602 2.1149348 
yHAB134_Kazachstania_turicensis             1.1094982 0.7957363 1.1787576 1.4568798 1.2145166 1.5771068 1.0538145 1.0576126 0.9751737 1.0068997 4.0345657 1.1950380 1.1105198 1.2252380 1.1770999 1.3141830 1.1328933 1.1906469 1.9241472 1.1938171 1.3303990 0.8771311 1.0578460 0.0000000 0.9718427 1.0501068 1.0111678 1.0499794 0.7519525 1.0379793 0.7274962 1.0548347 1.1438304 0.3647565 1.1756652 0.9319211 1.2629591 1.2998540 1.2751198 2.2391210 
yHAB136_Kazachstania_bromeliacearum         1.0226572 0.8433512 1.0015301 1.2970027 1.0226552 1.4158522 0.9321035 0.9056912 0.9598335 0.9637300 3.9288233 1.1475981 1.0975711 1.1761020 1.1591940 1.3102694 1.1330702 1.1614454 1.8605420 1.3383356 1.2313586 0.7457158 0.8071830 0.9718427 0.0000000 0.7433573 0.7102724 0.9784478 0.9147368 0.8234631 0.8042419 0.8539135 1.0335463 0.7716442 0.9345448 0.7045654 1.3023234 1.3243385 1.2751758 2.0722754 
yHAB143_Kazachstania_siamensis              1.4423572 0.9522892 1.4189824 1.9034287 1.3964911 1.7326001 1.3554482 1.3185360 1.0970379 1.2077549 5.1262771 1.4669836 1.3927484 1.4906923 1.4276634 1.5509823 1.3637438 1.5614001 2.1470788 1.4157078 1.3890576 0.9905031 0.3583758 1.0501068 0.7433573 0.0000000 1.2362786 1.2690350 1.0412008 1.0184375 0.9378509 0.9915563 0.6692196 0.9484275 0.4853859 0.8196970 1.3983857 1.4455664 1.4191714 2.1787962 
yHAB147_Kazachstania_taianensis             1.0522314 1.1497826 0.8476165 1.4519079 1.0736853 1.3607571 1.0944686 1.0449820 1.2089915 1.2943811 3.4233709 1.1679294 1.1327817 1.0843513 1.1331152 1.2917412 1.1079611 1.0537986 2.3659670 1.4702993 1.5374157 0.9469185 1.0998145 1.0111678 0.7102724 1.2362786 0.0000000 1.0261800 1.0796642 1.1542620 1.2044419 1.1392638 0.9241332 1.0343952 1.1238341 1.0250276 1.4810932 1.5166443 1.4462759 2.6462139 
yHAB148_Kazachstania_intestinalis           1.2951109 1.1984617 1.2389524 1.6905176 1.1932087 1.7057169 1.1875786 1.1996981 1.1983370 1.3390092 4.0841874 1.3787136 1.3555325 1.3770350 1.3899032 1.5977915 1.3913777 1.4529835 2.3133185 1.4691585 1.4565080 1.0512898 1.2534615 1.0499794 0.9784478 1.2690350 1.0261800 0.0000000 1.1376111 1.1016704 1.2194906 1.1954484 1.2824269 1.0645134 1.2069245 1.0766565 1.4633728 1.5312385 1.4264693 2.4553793 
yHAB153_Kazachstania_rosinii                1.1723285 0.9356943 1.4208898 1.5981458 1.2016137 1.6521646 1.1481475 1.1350339 1.0584871 0.9678335 3.9133701 1.1253974 1.0823873 1.1179190 1.1364578 1.2805618 1.1355798 1.1255550 1.8035599 1.3637425 1.4883768 0.9133398 1.1257496 0.7519525 0.9147368 1.0412008 1.0796642 1.1376111 0.0000000 1.0997747 0.7771466 0.9980318 1.2177485 0.6816182 1.1577240 1.0164178 1.3208348 1.3424209 1.4122513 2.2017913 
yHAB154_Kazachstania_transvaalensis         1.3348542 0.9324533 1.4510958 1.5300855 1.2739402 1.6500289 1.2698767 1.1762651 1.2364445 1.2342193 4.1942835 1.3380305 1.3725035 1.4866734 1.4045576 1.5526412 1.4115637 1.5123858 2.2070372 1.3035061 1.4112635 1.0277650 0.9672145 1.0379793 0.8234631 1.0184375 1.1542620 1.1016704 1.0997747 0.0000000 0.8900953 1.0310652 1.2113810 0.9036894 1.1568248 0.3150787 1.4537050 1.4178520 1.3486301 2.1922389 
yHAB155_Kazachstania_spencerorum            1.3658777 0.7007596 1.4524085 1.4674336 1.3086705 1.5291327 1.2128380 1.2255207 0.9895994 1.0199242 4.5808410 1.3020205 1.3115294 1.4108360 1.3930961 1.5488934 1.3199259 1.4954900 1.9158570 1.4170151 1.2670221 0.7834981 1.0940566 0.7274962 0.8042419 0.9378509 1.2044419 1.2194906 0.7771466 0.8900953 0.0000000 0.8462036 1.2870516 0.5448398 1.0780917 0.7004290 1.3863240 1.2934453 1.3798268 2.2586360 
yHAB158_Kazachstania_viticola               1.2363332 0.8695584 1.5342533 1.5901264 1.2855301 1.5787884 1.1714521 1.1847036 1.2108575 1.0723295 4.6726127 1.4485356 1.4343893 1.5098315 1.4754322 1.6590446 1.4808461 1.5370841 2.2137534 1.4366078 1.4232898 0.9422203 0.9855625 1.0548347 0.8539135 0.9915563 1.1392638 1.1954484 0.9980318 1.0310652 0.8462036 0.0000000 1.1097634 0.9122280 0.9828114 0.8691129 1.4422376 1.4320397 1.4931377 2.1520372 
yHAB159_Kazachstania_solicola               1.2724849 1.2553337 1.1745867 1.7229513 1.3602558 1.6530644 1.3050407 1.3020459 1.2745192 1.3559898 3.1495941 1.3537782 1.3482186 1.3355174 1.3208332 1.3340337 1.3177056 1.2769174 2.3646973 1.5067841 1.4349345 1.1054662 0.5743229 1.1438304 1.0335463 0.6692196 0.9241332 1.2824269 1.2177485 1.2113810 1.2870516 1.1097634 0.0000000 1.2077072 0.2734558 1.1473856 1.4608047 1.5584236 1.4901587 2.4734940 
yHAB160_Kazachstania_kunashirensis          1.2145545 0.6926301 1.2539632 1.5142178 1.2010139 1.6463004 1.0377624 1.0160893 0.8896115 0.9942746 4.6477064 1.0889713 1.0520178 1.1410166 1.1303201 1.2342296 1.0565142 1.1315190 1.8248840 1.1166793 1.2506390 0.7300561 0.9396458 0.3647565 0.7716442 0.9484275 1.0343952 1.0645134 0.6816182 0.9036894 0.5448398 0.9122280 1.2077072 0.0000000 1.0953001 0.8335569 1.1395054 1.1755861 1.2132540 2.1986099 
yHAB164_Kazachstania_aerobia                1.3943348 1.1643531 1.2886013 1.7649249 1.4210974 1.8341492 1.3243972 1.3573417 1.2614086 1.3442443 4.0166325 1.5549741 1.5808904 1.5561688 1.5626509 1.7440189 1.5512079 1.6052120 2.2888836 1.5302904 1.4639267 1.0155149 0.4792628 1.1756652 0.9345448 0.4853859 1.1238341 1.2069245 1.1577240 1.1568248 1.0780917 0.9828114 0.2734558 1.0953001 0.0000000 1.0234767 1.4681578 1.5219769 1.4990022 2.3601888 
yHAB166_Kazachstania_yakushimaensis         1.2626472 0.8445524 1.3084138 1.4975809 1.2413971 1.6434548 1.1896896 1.1604099 1.0727894 1.0846931 4.9581706 1.2766310 1.2886312 1.4445874 1.3557666 1.5116600 1.3166883 1.4086394 2.2225747 1.2294411 1.4256883 0.9307984 0.8800538 0.9319211 0.7045654 0.8196970 1.0250276 1.0766565 1.0164178 0.3150787 0.7004290 0.8691129 1.1473856 0.8335569 1.0234767 0.0000000 1.3187145 1.2085066 1.3049287 2.0620631 
yHMPu5000034875_Tetrapisispora_fleetii      1.3455235 1.3256945 1.7798742 1.6292860 1.3408418 1.7882678 1.1745624 1.2236709 1.2977678 1.2590285 3.5618436 1.3187087 1.4270315 1.3464144 1.3842025 1.6032461 1.4435319 1.4813404 1.8793879 0.3639459 0.8402147 1.2288252 1.3185333 1.2629591 1.3023234 1.3983857 1.4810932 1.4633728 1.3208348 1.4537050 1.3863240 1.4422376 1.4608047 1.1395054 1.4681578 1.3187145 0.0000000 0.5265093 0.2194575 2.4529735 
yHMPu5000034876_Tetrapisispora_iriomotensis 1.3591005 1.2739991 1.8571414 1.5486068 1.3778268 1.8875557 1.2819235 1.2598566 1.2952730 1.2594778 4.2738985 1.4528396 1.3596262 1.4043772 1.3628088 1.4693500 1.4021426 1.4773620 1.9929266 0.5171505 0.8291479 1.1739246 1.3267218 1.2998540 1.3243385 1.4455664 1.5166443 1.5312385 1.3424209 1.4178520 1.2934453 1.4320397 1.5584236 1.1755861 1.5219769 1.2085066 0.5265093 0.0000000 0.5242697 2.5823389 
yHMPu5000034877_Tetrapisispora_namnaonensis 1.3395312 1.3317615 1.7420594 1.5251772 1.2560415 1.7178017 1.1855151 1.2066997 1.2573389 1.2526551 3.6062483 1.2926013 1.4349174 1.3769872 1.3651119 1.5885325 1.4248116 1.5198267 1.8784797 0.3458618 0.8319514 1.2086477 1.3690602 1.2751198 1.2751758 1.4191714 1.4462759 1.4264693 1.4122513 1.3486301 1.3798268 1.4931377 1.4901587 1.2132540 1.4990022 1.3049287 0.2194575 0.5242697 0.0000000 2.4083362 
yHMPu5000035629_Yueomyces_sinensis          2.6440100 2.0923895 2.8816516 2.9352666 2.4452246 3.2007358 2.3517360 2.3179349 2.5901239 2.3390874 4.2695654 2.7059369 2.5407168 2.5062822 2.6939535 2.7738696 2.5117960 2.7523326 2.5928489 2.2334804 2.2897554 2.4171012 2.1149348 2.2391210 2.0722754 2.1787962 2.6462139 2.4553793 2.2017913 2.1922389 2.2586360 2.1520372 2.4734940 2.1986099 2.3601888 2.0620631 2.4529735 2.5823389 2.4083362 0.0000000 
