40
Candida_glabrata                            0.0000000 1.2611822 1.5511260 0.9314758 0.5688055 1.0029743 0.6303562 0.5775367 0.9621465 1.1026484 1.9504770 0.9292804 0.9146466 0.9306139 0.8703014 0.9849808 0.8904360 0.9222277 1.3972928 1.0404397 1.0741071 1.2850885 1.0516385 1.1425548 1.0583647 1.1809870 1.8636709 1.6173939 0.9992551 1.5078788 1.0919546 1.1879642 1.1487427 1.0785160 1.1818510 1.4410605 0.9912579 1.0235938 0.9795034 1.5242425 
Kazachstania_africana                       1.2611822 0.0000000 1.5678559 0.9864264 1.1020731 1.0194324 1.2726254 1.1988695 1.0233609 1.0370120 2.0711273 1.0118717 0.9294160 1.0177592 0.9549014 1.0124039 0.9749613 0.9927313 1.2795966 0.9732575 1.0004259 0.7261479 0.9391963 0.8661578 0.8555008 0.8516247 1.6136937 1.3905943 0.7280813 1.2943356 0.7204902 1.0005824 0.8350208 0.7060361 0.8840338 1.4199249 1.0939884 0.9197698 1.0029454 1.4689183 
Kazachstania_naganishii                     1.5511260 1.5678559 0.0000000 1.5141479 1.5532026 1.5976592 1.5151790 1.6657761 1.5117630 1.7456926 2.4130181 1.5571795 1.6187767 1.5199825 1.6156345 1.5649826 1.5479982 1.6138927 2.3271123 1.7220690 1.5591858 1.7729723 1.6526290 1.6176626 1.5891267 1.6191990 1.2401811 1.8839461 1.7554542 1.8606964 1.5596000 1.5758031 1.4726077 1.7136717 1.6174102 2.0415266 1.5997024 1.6216506 1.7013909 1.9884050 
Nakaseomyces_bacillisporus                  0.9314758 0.9864264 1.5141479 0.0000000 0.7226449 0.8066100 0.9233047 0.8997729 0.8750071 1.1299362 2.0451133 0.9130370 0.8663090 0.8896990 0.9558485 0.8903386 0.9171430 0.9291899 1.2549709 0.9953164 1.1142117 0.9709934 1.0432014 0.9609182 1.0412366 1.0989177 1.6192459 1.4418855 0.8600301 1.4038049 1.0055602 0.9175468 1.0609473 0.8432602 1.0340652 1.2722706 0.9168274 0.9525748 0.9898267 1.4938076 
Nakaseomyces_bracarensis                    0.5688055 1.1020731 1.5532026 0.7226449 0.0000000 0.9455542 0.4483635 0.4086868 0.8359621 0.9709121 1.9230015 0.7510254 0.8237286 0.8050812 0.7063009 0.8028230 0.7594383 0.8093931 1.3000229 0.9910579 1.0198999 0.9528719 1.0177255 1.0581804 0.8945662 1.0175594 1.6839176 1.4119668 0.8312763 1.4328958 0.9145763 1.0540789 0.9514102 1.0036016 1.0309384 1.4363525 0.9157470 1.0291197 1.0169155 1.3571437 
Nakaseomyces_castellii                      1.0029743 1.0194324 1.5976592 0.8066100 0.9455542 0.0000000 1.0500653 0.9489334 0.9276241 1.1532038 2.0394421 0.8400509 0.8096464 0.8814580 0.8104164 0.7680328 0.7918745 0.8751179 1.4620172 1.1240617 1.0866049 0.9398310 1.1479928 1.0660403 1.1127773 1.1192471 1.3656415 1.3462085 0.9254547 1.5267680 0.9770458 1.1246855 1.0899586 0.9279868 1.0418780 1.3256442 1.0545806 1.0949803 1.0633575 1.3054857 
Nakaseomyces_delphensis                     0.6303562 1.2726254 1.5151790 0.9233047 0.4483635 1.0500653 0.0000000 0.3173719 0.9395392 1.1102037 1.9270668 0.8818602 0.8958138 0.9263198 0.9384093 0.9330586 0.9437759 0.9199281 1.2433402 0.8980609 1.0794220 1.1767281 1.1141748 1.0833935 1.0913810 1.2311457 1.5934195 1.5751598 0.8733409 1.6632403 1.0371385 1.1741972 1.0490726 1.0518593 1.0344959 1.4177357 0.9845168 0.9693169 1.0059996 1.3713228 
Nakaseomyces_nivariensis                    0.5775367 1.1988695 1.6657761 0.8997729 0.4086868 0.9489334 0.3173719 0.0000000 0.9547667 1.1256544 2.1309420 0.8817691 0.8495012 0.8615547 0.8967888 0.8531166 0.8868703 0.8912701 1.3291614 0.9020354 1.0687491 1.0847819 1.1368025 1.0373351 1.1087687 1.2294323 1.8229773 1.4635790 0.9273328 1.5217074 0.9461068 1.0300994 1.1735225 1.0032342 1.1970472 1.5153821 0.9033552 0.9095247 0.9479619 1.5336502 
Naumovozyma_castellii                       0.9621465 1.0233609 1.5117630 0.8750071 0.8359621 0.9276241 0.9395392 0.9547667 0.0000000 0.7399326 2.1321145 0.8718460 0.9064460 0.9121024 0.9571809 0.8846827 0.9769291 0.9052375 1.3492214 1.0701059 0.9537700 0.7820542 0.8349421 0.8374682 0.8794235 0.8752442 1.5664555 1.1469634 0.7390450 1.3603020 0.7991976 0.9100654 0.8123083 0.8092230 0.8226046 1.2715161 0.9537701 0.9821757 0.9837763 1.4495562 
Naumovozyma_dairenensis                     1.1026484 1.0370120 1.7456926 1.1299362 0.9709121 1.1532038 1.1102037 1.1256544 0.7399326 0.0000000 1.9556741 0.9841225 0.9081887 0.9481841 0.9396186 0.9984522 0.8955217 0.9493998 1.3380918 1.0807553 1.0605039 0.8906878 1.1435210 0.9389966 0.9453847 1.1381665 1.7129602 1.4208697 0.8735966 1.3673188 0.9844292 1.1078389 1.1081262 0.9242560 1.1146754 1.5257007 1.0337682 0.9961521 1.0181465 1.3884373 
Neurospora_crassa                           1.9504770 2.0711273 2.4130181 2.0451133 1.9230015 2.0394421 1.9270668 2.1309420 2.1321145 1.9556741 0.0000000 1.9228147 1.8888658 2.0236397 1.9861754 1.8698331 1.8975687 1.9982205 2.2151676 2.2468526 2.0386159 2.0093185 2.1257852 2.1717475 2.0748690 1.8551357 1.8025738 2.4886575 2.2249805 2.3571229 2.0918463 2.3021566 1.9880294 2.1584339 2.2192755 2.2800337 2.4092165 2.0545697 2.1452706 2.5098369 
Saccharomyces_arboricola                    0.9292804 1.0118717 1.5571795 0.9130370 0.7510254 0.8400509 0.8818602 0.8817691 0.8718460 0.9841225 1.9228147 0.0000000 0.1818407 0.2174335 0.1589017 0.1818557 0.1860165 0.2024809 1.4606272 0.9350668 1.0781287 0.8193504 1.0020827 0.9348698 0.9676503 1.0917895 1.6657066 1.4438704 0.8498697 1.4532445 0.7943500 1.0670891 0.9922563 0.9128385 1.0157796 1.5177213 1.1113104 1.0232140 1.0007853 1.1498209 
Saccharomyces_cerevisiae                    0.9146466 0.9294160 1.6187767 0.8663090 0.8237286 0.8096464 0.8958138 0.8495012 0.9064460 0.9081887 1.8888658 0.1818407 0.0000000 0.2472704 0.2006515 0.1989052 0.0918456 0.2386506 1.4648047 0.9285255 0.9636119 0.8104267 0.9757802 0.8597832 0.9202670 1.1328602 1.6719153 1.4419835 0.8923200 1.3323528 0.7683064 1.0703634 0.9699056 0.9179084 1.0021480 1.4738198 1.0767776 0.9556930 0.9922388 1.1965740 
Saccharomyces_eubayanus                     0.9306139 1.0177592 1.5199825 0.8896990 0.8050812 0.8814580 0.9263198 0.8615547 0.9121024 0.9481841 2.0236397 0.2174335 0.2472704 0.0000000 0.2135123 0.2364385 0.2331078 0.0637297 1.5459661 0.9992433 1.0382615 0.7956666 1.0341513 0.8483242 0.9630327 1.1651020 1.6106354 1.4162033 0.9080492 1.4079607 0.9010956 1.1414756 1.0444046 1.0030306 1.0297843 1.4881694 1.1437550 1.0622218 1.0684498 1.2755431 
Saccharomyces_kudriavzevii                  0.8703014 0.9549014 1.6156345 0.9558485 0.7063009 0.8104164 0.9384093 0.8967888 0.9571809 0.9396186 1.9861754 0.1589017 0.2006515 0.2135123 0.0000000 0.1821042 0.1931154 0.2075599 1.5245476 0.9098105 0.9771164 0.8255952 1.0012841 0.8651452 0.9550689 1.0924431 1.7081578 1.5975399 0.8554127 1.4221343 0.8101887 1.0847505 0.9828222 0.9403194 1.0196219 1.4914405 1.1154910 0.9804974 1.0774933 1.0981245 
Saccharomyces_mikatae                       0.9849808 1.0124039 1.5649826 0.8903386 0.8028230 0.7680328 0.9330586 0.8531166 0.8846827 0.9984522 1.8698331 0.1818557 0.1989052 0.2364385 0.1821042 0.0000000 0.1664113 0.2443366 1.5193807 0.9445067 0.9997574 0.8689022 0.9279958 0.8524124 0.9260872 1.0595817 1.5920513 1.4770810 0.8498063 1.4092219 0.8337809 1.0802347 0.9562551 0.8690782 0.9737944 1.5765985 1.0024524 0.9702911 1.0426348 1.1696866 
Saccharomyces_paradoxus                     0.8904360 0.9749613 1.5479982 0.9171430 0.7594383 0.7918745 0.9437759 0.8868703 0.9769291 0.8955217 1.8975687 0.1860165 0.0918456 0.2331078 0.1931154 0.1664113 0.0000000 0.2233984 1.5393908 0.9082440 0.9801308 0.8632356 1.0163367 0.8796208 0.9017969 1.1827234 1.6098410 1.5439540 0.8633125 1.3402363 0.7568954 1.0789295 0.9947504 0.9501506 1.0541379 1.4718998 1.0894896 0.9552423 1.0210629 1.1545729 
Saccharomyces_uvarum                        0.9222277 0.9927313 1.6138927 0.9291899 0.8093931 0.8751179 0.9199281 0.8912701 0.9052375 0.9493998 1.9982205 0.2024809 0.2386506 0.0637297 0.2075599 0.2443366 0.2233984 0.0000000 1.5577838 1.0172283 1.0612907 0.8626703 1.0297702 0.8527335 1.0063186 1.1753765 1.6615195 1.4657296 0.8860319 1.4241666 0.8752816 1.1863634 1.0610608 1.0205652 1.0492012 1.5208766 1.1210966 1.0793608 1.0917344 1.2472768 
Tetrapisispora_blattae                      1.3972928 1.2795966 2.3271123 1.2549709 1.3000229 1.4620172 1.2433402 1.3291614 1.3492214 1.3380918 2.2151676 1.4606272 1.4648047 1.5459661 1.5245476 1.5193807 1.5393908 1.5577838 0.0000000 1.3260448 1.2944738 1.3044214 1.6127285 1.3950349 1.3952918 1.5385037 1.9387089 1.7898884 1.1377342 1.3133285 1.3997176 1.3764056 1.5162234 1.1992431 1.4474116 1.4336913 1.3485921 1.4670690 1.4041593 0.9643908 
Tetrapisispora_phaffii                      1.0404397 0.9732575 1.7220690 0.9953164 0.9910579 1.1240617 0.8980609 0.9020354 1.0701059 1.0807553 2.2468526 0.9350668 0.9285255 0.9992433 0.9098105 0.9445067 0.9082440 1.0172283 1.3260448 0.0000000 0.8612839 1.0043718 0.9030877 1.0637411 0.9798866 0.9258678 1.7920639 1.3243803 0.7651120 1.2866039 0.9047341 0.9999035 0.9690163 0.7889314 0.9679907 1.3614734 0.3478458 0.5014113 0.3417449 1.4371409 
Vanderwaltozyma_polyspora                   1.0741071 1.0004259 1.5591858 1.1142117 1.0198999 1.0866049 1.0794220 1.0687491 0.9537700 1.0605039 2.0386159 1.0781287 0.9636119 1.0382615 0.9771164 0.9997574 0.9801308 1.0612907 1.2944738 0.8612839 0.0000000 0.9020439 1.0444179 0.9593169 0.9421012 1.0639473 1.5284905 1.4082121 0.8908625 1.6040815 0.8098594 0.9571183 0.9862208 0.8560740 0.9825318 1.6910741 0.8682769 0.8059255 0.7931853 1.1346372 
yHAB132_Kazachstania_martiniae              1.2850885 0.7261479 1.7729723 0.9709934 0.9528719 0.9398310 1.1767281 1.0847819 0.7820542 0.8906878 2.0093185 0.8193504 0.8104267 0.7956666 0.8255952 0.8689022 0.8632356 0.8626703 1.3044214 1.0043718 0.9020439 0.0000000 0.8031021 0.8234952 0.7834203 0.8104567 1.6839947 1.3461021 0.6739655 1.2663866 0.7216498 0.8197574 0.9083648 0.6531623 0.8984332 1.2380910 1.0248127 0.8483552 0.9863519 1.3930775 
yHAB133_Kazachstania_unispora               1.0516385 0.9391963 1.6526290 1.0432014 1.0177255 1.1479928 1.1141748 1.1368025 0.8349421 1.1435210 2.1257852 1.0020827 0.9757802 1.0341513 1.0012841 0.9279958 1.0163367 1.0297702 1.6127285 0.9030877 1.0444179 0.8031021 0.0000000 0.9379705 0.7715999 0.4147488 1.7217673 1.2583147 0.7967709 1.3278973 0.7952564 1.0649537 0.3144554 0.7125766 0.2957037 1.2336348 0.8859090 0.9110863 0.9282219 1.3918932 
yHAB134_Kazachstania_turicensis             1.1425548 0.8661578 1.6176626 0.9609182 1.0581804 1.0660403 1.0833935 1.0373351 0.8374682 0.9389966 2.1717475 0.9348698 0.8597832 0.8483242 0.8651452 0.8524124 0.8796208 0.8527335 1.3950349 1.0637411 0.9593169 0.8234952 0.9379705 0.0000000 0.7756225 0.9330563 1.4490425 1.3713864 0.6010864 1.7453647 0.7877160 0.8605486 0.8743600 0.5911431 0.8648954 1.4955254 0.9907281 0.9685999 1.0331915 1.4773042 
yHAB136_Kazachstania_bromeliacearum         1.0583647 0.8555008 1.5891267 1.0412366 0.8945662 1.1127773 1.0913810 1.1087687 0.8794235 0.9453847 2.0748690 0.9676503 0.9202670 0.9630327 0.9550689 0.9260872 0.9017969 1.0063186 1.3952918 0.9798866 0.9421012 0.7834203 0.7715999 0.7756225 0.0000000 0.7531063 1.4678515 1.3960282 0.7527450 1.3341413 0.9063708 1.0113139 0.7869021 0.8440692 0.7482219 1.3414575 0.9576436 0.9275362 0.9235890 1.3308544 
yHAB143_Kazachstania_siamensis              1.1809870 0.8516247 1.6191990 1.0989177 1.0175594 1.1192471 1.2311457 1.2294323 0.8752442 1.1381665 1.8551357 1.0917895 1.1328602 1.1651020 1.0924431 1.0595817 1.1827234 1.1753765 1.5385037 0.9258678 1.0639473 0.8104567 0.4147488 0.9330563 0.7531063 0.0000000 1.7654021 1.4444536 0.8469439 1.3792785 0.9509704 1.0503777 0.5114142 0.7711708 0.5141602 1.3084371 0.8762034 0.9088934 0.9005744 1.3870750 
yHAB147_Kazachstania_taianensis             1.8636709 1.6136937 1.2401811 1.6192459 1.6839176 1.3656415 1.5934195 1.8229773 1.5664555 1.7129602 1.8025738 1.6657066 1.6719153 1.6106354 1.7081578 1.5920513 1.6098410 1.6615195 1.9387089 1.7920639 1.5284905 1.6839947 1.7217673 1.4490425 1.4678515 1.7654021 0.0000000 1.7329736 1.4572426 1.9490235 1.5863363 1.4221275 1.5673829 1.5264381 1.6055444 2.0207267 1.4654708 1.7268243 1.5286512 1.7162929 
yHAB148_Kazachstania_intestinalis           1.6173939 1.3905943 1.8839461 1.4418855 1.4119668 1.3462085 1.5751598 1.4635790 1.1469634 1.4208697 2.4886575 1.4438704 1.4419835 1.4162033 1.5975399 1.4770810 1.5439540 1.4657296 1.7898884 1.3243803 1.4082121 1.3461021 1.2583147 1.3713864 1.3960282 1.4444536 1.7329736 0.0000000 1.1527901 2.1172173 1.2822939 1.4311885 1.2506877 1.2514319 1.3352828 1.5945145 1.0002147 1.1788962 1.0750054 1.8453498 
yHAB153_Kazachstania_rosinii                0.9992551 0.7280813 1.7554542 0.8600301 0.8312763 0.9254547 0.8733409 0.9273328 0.7390450 0.8735966 2.2249805 0.8498697 0.8923200 0.9080492 0.8554127 0.8498063 0.8633125 0.8860319 1.1377342 0.7651120 0.8908625 0.6739655 0.7967709 0.6010864 0.7527450 0.8469439 1.4572426 1.1527901 0.0000000 1.3742998 0.5672825 0.6900303 0.8371830 0.5054627 0.8224707 1.2910213 0.8084116 0.8132685 0.7270482 1.3724042 
yHAB154_Kazachstania_transvaalensis         1.5078788 1.2943356 1.8606964 1.4038049 1.4328958 1.5267680 1.6632403 1.5217074 1.3603020 1.3673188 2.3571229 1.4532445 1.3323528 1.4079607 1.4221343 1.4092219 1.3402363 1.4241666 1.3133285 1.2866039 1.6040815 1.2663866 1.3278973 1.7453647 1.3341413 1.3792785 1.9490235 2.1172173 1.3742998 0.0000000 1.3634297 1.4432205 1.4884780 1.3392283 1.5326559 0.5942793 1.3453683 1.6250412 1.3302999 1.6256213 
yHAB155_Kazachstania_spencerorum            1.0919546 0.7204902 1.5596000 1.0055602 0.9145763 0.9770458 1.0371385 0.9461068 0.7991976 0.9844292 2.0918463 0.7943500 0.7683064 0.9010956 0.8101887 0.8337809 0.7568954 0.8752816 1.3997176 0.9047341 0.8098594 0.7216498 0.7952564 0.7877160 0.9063708 0.9509704 1.5863363 1.2822939 0.5672825 1.3634297 0.0000000 0.7220932 0.7542850 0.5633278 0.8110556 1.3590684 0.9650964 0.9018573 0.8810837 1.4621829 
yHAB158_Kazachstania_viticola               1.1879642 1.0005824 1.5758031 0.9175468 1.0540789 1.1246855 1.1741972 1.0300994 0.9100654 1.1078389 2.3021566 1.0670891 1.0703634 1.1414756 1.0847505 1.0802347 1.0789295 1.1863634 1.3764056 0.9999035 0.9571183 0.8197574 1.0649537 0.8605486 1.0113139 1.0503777 1.4221275 1.4311885 0.6900303 1.4432205 0.7220932 0.0000000 1.0103163 0.8571497 0.9649720 1.2913386 1.0868404 0.9874426 1.0222594 1.4563599 
yHAB159_Kazachstania_solicola               1.1487427 0.8350208 1.4726077 1.0609473 0.9514102 1.0899586 1.0490726 1.1735225 0.8123083 1.1081262 1.9880294 0.9922563 0.9699056 1.0444046 0.9828222 0.9562551 0.9947504 1.0610608 1.5162234 0.9690163 0.9862208 0.9083648 0.3144554 0.8743600 0.7869021 0.5114142 1.5673829 1.2506877 0.8371830 1.4884780 0.7542850 1.0103163 0.0000000 0.8042075 0.1128874 1.3639177 0.9364256 0.8385111 0.8987290 1.3640390 
yHAB160_Kazachstania_kunashirensis          1.0785160 0.7060361 1.7136717 0.8432602 1.0036016 0.9279868 1.0518593 1.0032342 0.8092230 0.9242560 2.1584339 0.9128385 0.9179084 1.0030306 0.9403194 0.8690782 0.9501506 1.0205652 1.1992431 0.7889314 0.8560740 0.6531623 0.7125766 0.5911431 0.8440692 0.7711708 1.5264381 1.2514319 0.5054627 1.3392283 0.5633278 0.8571497 0.8042075 0.0000000 0.7730224 1.3423312 0.8136156 0.7716376 0.8096000 1.3363415 
yHAB164_Kazachstania_aerobia                1.1818510 0.8840338 1.6174102 1.0340652 1.0309384 1.0418780 1.0344959 1.1970472 0.8226046 1.1146754 2.2192755 1.0157796 1.0021480 1.0297843 1.0196219 0.9737944 1.0541379 1.0492012 1.4474116 0.9679907 0.9825318 0.8984332 0.2957037 0.8648954 0.7482219 0.5141602 1.6055444 1.3352828 0.8224707 1.5326559 0.8110556 0.9649720 0.1128874 0.7730224 0.0000000 1.3073341 0.9714246 0.8809957 0.8868721 1.3394539 
yHAB166_Kazachstania_yakushimaensis         1.4410605 1.4199249 2.0415266 1.2722706 1.4363525 1.3256442 1.4177357 1.5153821 1.2715161 1.5257007 2.2800337 1.5177213 1.4738198 1.4881694 1.4914405 1.5765985 1.4718998 1.5208766 1.4336913 1.3614734 1.6910741 1.2380910 1.2336348 1.4955254 1.3414575 1.3084371 2.0207267 1.5945145 1.2910213 0.5942793 1.3590684 1.2913386 1.3639177 1.3423312 1.3073341 0.0000000 1.3811086 1.5469935 1.3633253 1.4918886 
yHMPu5000034875_Tetrapisispora_fleetii      0.9912579 1.0939884 1.5997024 0.9168274 0.9157470 1.0545806 0.9845168 0.9033552 0.9537701 1.0337682 2.4092165 1.1113104 1.0767776 1.1437550 1.1154910 1.0024524 1.0894896 1.1210966 1.3485921 0.3478458 0.8682769 1.0248127 0.8859090 0.9907281 0.9576436 0.8762034 1.4654708 1.0002147 0.8084116 1.3453683 0.9650964 1.0868404 0.9364256 0.8136156 0.9714246 1.3811086 0.0000000 0.4843504 0.2426615 1.4416262 
yHMPu5000034876_Tetrapisispora_iriomotensis 1.0235938 0.9197698 1.6216506 0.9525748 1.0291197 1.0949803 0.9693169 0.9095247 0.9821757 0.9961521 2.0545697 1.0232140 0.9556930 1.0622218 0.9804974 0.9702911 0.9552423 1.0793608 1.4670690 0.5014113 0.8059255 0.8483552 0.9110863 0.9685999 0.9275362 0.9088934 1.7268243 1.1788962 0.8132685 1.6250412 0.9018573 0.9874426 0.8385111 0.7716376 0.8809957 1.5469935 0.4843504 0.0000000 0.4702877 1.3811004 
yHMPu5000034877_Tetrapisispora_namnaonensis 0.9795034 1.0029454 1.7013909 0.9898267 1.0169155 1.0633575 1.0059996 0.9479619 0.9837763 1.0181465 2.1452706 1.0007853 0.9922388 1.0684498 1.0774933 1.0426348 1.0210629 1.0917344 1.4041593 0.3417449 0.7931853 0.9863519 0.9282219 1.0331915 0.9235890 0.9005744 1.5286512 1.0750054 0.7270482 1.3302999 0.8810837 1.0222594 0.8987290 0.8096000 0.8868721 1.3633253 0.2426615 0.4702877 0.0000000 1.4622298 
yHMPu5000035629_Yueomyces_sinensis          1.5242425 1.4689183 1.9884050 1.4938076 1.3571437 1.3054857 1.3713228 1.5336502 1.4495562 1.3884373 2.5098369 1.1498209 1.1965740 1.2755431 1.0981245 1.1696866 1.1545729 1.2472768 0.9643908 1.4371409 1.1346372 1.3930775 1.3918932 1.4773042 1.3308544 1.3870750 1.7162929 1.8453498 1.3724042 1.6256213 1.4621829 1.4563599 1.3640390 1.3363415 1.3394539 1.4918886 1.4416262 1.3811004 1.4622298 0.0000000 
