40
Candida_glabrata                            0.0000000 1.6408218 1.4936965 1.4886899 1.0194207 2.0388324 0.9646455 0.8936614 1.5197987 1.7397593 5.1342994 1.4253635 1.3873586 1.3751210 1.4006141 1.3857693 1.3704491 1.3734529 1.5839506 1.8697280 2.0384417 1.5325845 1.5886172 1.6455537 1.4820013 1.4541892 1.5595515 1.8008838 1.6822530 1.9261440 1.7885829 1.6624587 1.4873218 1.6744451 1.5059477 1.7188257 1.9446002 1.9354633 2.0161383 1.6622018 
Kazachstania_africana                       1.6408218 0.0000000 1.2479134 1.3520926 1.4465233 2.0252763 1.6927468 1.4600026 1.4142276 1.3101561 5.1116974 1.2380247 1.1673697 1.2550116 1.3004066 1.1907725 1.2188905 1.2890458 1.3882052 1.8989218 1.8172036 1.1856590 1.2988692 1.1528895 1.1099709 1.1200153 1.3888203 1.4624103 1.0965151 1.4234310 1.3351334 1.2011966 1.3937735 1.1613581 1.3334533 1.4398107 1.8429080 1.6906803 1.9830745 1.4506174 
Kazachstania_naganishii                     1.4936965 1.2479134 0.0000000 1.3886371 1.5742523 1.9298913 1.5273039 1.5395396 1.4169528 1.5221022 5.1113327 1.2292246 1.3560280 1.2205972 1.2189169 1.2972951 1.2528281 1.3052546 1.6136562 1.8570002 1.8554418 1.1758989 1.0176081 1.4376865 0.8947705 0.9802971 0.8845910 1.1601288 1.3744309 1.3558852 1.3596576 1.1878284 1.0571771 1.3126674 1.0354838 1.3609196 1.8715500 2.0635930 1.9947971 1.8400967 
Nakaseomyces_bacillisporus                  1.4886899 1.3520926 1.3886371 0.0000000 1.6582691 1.6489349 1.7076493 1.4744956 1.4167190 1.4864241 4.9348822 1.4471067 1.4314538 1.3670379 1.4509890 1.4824476 1.4781212 1.4352011 1.5004000 1.4859431 1.7968370 1.5840876 1.5166671 1.4915487 1.3552033 1.4537409 1.5665905 1.8290274 1.5507468 1.6930548 1.6363294 1.3674839 1.5077778 1.4747215 1.5502652 1.6365178 1.6259703 1.6803583 1.5728039 1.7018181 
Nakaseomyces_bracarensis                    1.0194207 1.4465233 1.5742523 1.6582691 0.0000000 2.3268511 0.7164118 0.6465444 1.5412578 1.6341365 5.1783226 1.4709516 1.4443106 1.4800673 1.4764917 1.4939787 1.4586406 1.4632310 1.5628815 1.8922394 1.9030303 1.5015096 1.6262361 1.6291796 1.4771518 1.5368207 1.5713358 1.7446382 1.5463706 1.7193781 1.6524764 1.6284937 1.6014887 1.5678900 1.5623796 1.7606092 1.9153387 2.0612975 1.9823583 1.5825989 
Nakaseomyces_castellii                      2.0388324 2.0252763 1.9298913 1.6489349 2.3268511 0.0000000 2.4468865 2.1254748 2.0862148 1.8805280 5.9645721 1.8097851 1.8083260 1.9172370 1.7217735 1.8222528 1.8166127 1.9045720 2.1921100 2.3894999 2.4297566 2.2193899 1.9189667 2.1022036 2.0149280 2.0725904 2.2704498 2.2672084 1.8952293 2.2902792 2.3087960 1.7789171 2.0009969 2.1614849 1.9677952 1.9991982 2.2258533 2.5412473 2.3424077 1.8194678 
Nakaseomyces_delphensis                     0.9646455 1.6927468 1.5273039 1.7076493 0.7164118 2.4468865 0.0000000 0.6464479 1.6698959 1.8578924 4.6141412 1.4785228 1.5123255 1.4927405 1.4045692 1.5325871 1.4826913 1.4640523 1.6947656 1.8575980 2.0202256 1.5988422 1.6685692 1.8574359 1.5478516 1.5092092 1.4826310 1.5937151 1.6015846 1.9205406 1.9247833 1.6768589 1.5704593 1.6393328 1.5685566 1.9525939 2.0051490 2.0004029 2.0051603 1.6298596 
Nakaseomyces_nivariensis                    0.8936614 1.4600026 1.5395396 1.4744956 0.6465444 2.1254748 0.6464479 0.0000000 1.4244679 1.6258959 5.0611305 1.4214795 1.4478638 1.4224993 1.4034806 1.3961432 1.4841056 1.4256384 1.6614405 1.7263571 1.8639849 1.5631047 1.5712902 1.6821355 1.5309996 1.4247974 1.5992236 1.6957392 1.6226523 1.8770272 1.7050436 1.5817243 1.5403370 1.5161710 1.5330157 2.0322611 1.7841536 1.9833588 1.9030415 1.6279144 
Naumovozyma_castellii                       1.5197987 1.4142276 1.4169528 1.4167190 1.5412578 2.0862148 1.6698959 1.4244679 0.0000000 0.8186065 4.4911622 1.1825825 1.1834611 1.1417527 1.1818305 1.1992556 1.1675424 1.2078230 1.2687646 1.9286897 1.5926486 1.1785194 1.0822023 1.6366443 1.2418423 1.1307240 1.4932269 1.5823838 1.3377725 1.6006691 1.6231033 1.2782858 1.1582859 1.3907120 1.1918762 1.6494716 1.8284520 1.8853849 1.9144575 1.4134088 
Naumovozyma_dairenensis                     1.7397593 1.3101561 1.5221022 1.4864241 1.6341365 1.8805280 1.8578924 1.6258959 0.8186065 0.0000000 5.3769792 1.2909331 1.1548829 1.2665441 1.2624943 1.2680961 1.2376359 1.3643899 1.1958399 1.9626395 1.6358679 1.3242920 1.2025712 1.3139917 1.2021911 1.2973131 1.6638672 1.6855158 1.4103637 1.4789203 1.5765893 1.2792790 1.3916390 1.4631654 1.3451206 1.4968157 1.8804676 1.9439761 2.1038115 1.3701906 
Neurospora_crassa                           5.1342994 5.1116974 5.1113327 4.9348822 5.1783226 5.9645721 4.6141412 5.0611305 4.4911622 5.3769792 0.0000000 5.5907821 5.6582170 5.2032404 5.2553446 5.3109416 5.3376363 5.5091579 4.8097016 4.8024567 5.8599091 5.3701836 4.8086576 5.6533234 5.2656306 4.8995351 4.4988535 5.2143665 5.0573413 5.5688071 6.9555892 5.2861905 4.8997158 5.1067184 5.1494229 5.4585890 5.4024625 5.2107545 5.4307883 5.2441857 
Saccharomyces_arboricola                    1.4253635 1.2380247 1.2292246 1.4471067 1.4709516 1.8097851 1.4785228 1.4214795 1.1825825 1.2909331 5.5907821 0.0000000 0.3423939 0.2783272 0.2833789 0.3182940 0.3239007 0.2822462 1.3667447 2.0650576 1.6412371 1.2833961 1.2875992 1.3568156 1.3155904 1.2012101 1.5537348 1.6584813 1.2671838 1.7339418 1.5060546 1.3603174 1.4048428 1.4060111 1.3571063 1.6663102 2.0430016 1.9140292 2.1761686 1.3632205 
Saccharomyces_cerevisiae                    1.3873586 1.1673697 1.3560280 1.4314538 1.4443106 1.8083260 1.5123255 1.4478638 1.1834611 1.1548829 5.6582170 0.3423939 0.0000000 0.3296512 0.2956760 0.2332255 0.1633206 0.3358699 1.2914876 1.9388680 1.6180179 1.2311660 1.1385938 1.3173651 1.3519954 1.2562014 1.5413360 1.6993326 1.2791310 1.6725511 1.5026609 1.3401308 1.3320179 1.4154567 1.2995686 1.5683324 1.8724128 1.9207742 1.9965565 1.3458081 
Saccharomyces_eubayanus                     1.3751210 1.2550116 1.2205972 1.3670379 1.4800673 1.9172370 1.4927405 1.4224993 1.1417527 1.2665441 5.2032404 0.2783272 0.3296512 0.0000000 0.2906282 0.3182001 0.2784991 0.1150978 1.2989374 2.0667411 1.7562540 1.2590183 1.2475087 1.3217336 1.2065030 1.2344976 1.4427292 1.5752563 1.2695187 1.6819209 1.4929694 1.4289366 1.3341716 1.4385225 1.3177913 1.6338556 2.1065894 1.9493146 2.1159154 1.3192659 
Saccharomyces_kudriavzevii                  1.4006141 1.3004066 1.2189169 1.4509890 1.4764917 1.7217735 1.4045692 1.4034806 1.1818305 1.2624943 5.2553446 0.2833789 0.2956760 0.2906282 0.0000000 0.2724694 0.2451994 0.3040311 1.3477171 2.0394490 1.7439085 1.2400414 1.2287323 1.3117627 1.3177240 1.2171839 1.4909205 1.6106130 1.3835554 1.6204040 1.5076434 1.3831470 1.3312893 1.4423540 1.3248333 1.5659298 1.9814623 1.9774617 2.0704376 1.3859990 
Saccharomyces_mikatae                       1.3857693 1.1907725 1.2972951 1.4824476 1.4939787 1.8222528 1.5325871 1.3961432 1.1992556 1.2680961 5.3109416 0.3182940 0.2332255 0.3182001 0.2724694 0.0000000 0.1782312 0.3277284 1.3824952 2.0243370 1.7809261 1.2966203 1.2022109 1.2911973 1.2786250 1.2135826 1.5309188 1.7527391 1.3559256 1.6584530 1.4902254 1.3445110 1.3743195 1.4885029 1.3644944 1.5741900 1.9059861 1.9558131 2.0310397 1.3821321 
Saccharomyces_paradoxus                     1.3704491 1.2188905 1.2528281 1.4781212 1.4586406 1.8166127 1.4826913 1.4841056 1.1675424 1.2376359 5.3376363 0.3239007 0.1633206 0.2784991 0.2451994 0.1782312 0.0000000 0.3062350 1.3355276 2.0210069 1.7492710 1.2508800 1.1809480 1.3095584 1.3141121 1.2227740 1.4839649 1.7002320 1.3245184 1.6329002 1.5239782 1.3229213 1.3209091 1.4552284 1.2824092 1.5890956 1.9040998 1.9367065 2.0246755 1.3373332 
Saccharomyces_uvarum                        1.3734529 1.2890458 1.3052546 1.4352011 1.4632310 1.9045720 1.4640523 1.4256384 1.2078230 1.3643899 5.5091579 0.2822462 0.3358699 0.1150978 0.3040311 0.3277284 0.3062350 0.0000000 1.3277796 2.1100110 1.8124010 1.2344201 1.2275486 1.3508132 1.2364565 1.1792566 1.4999660 1.6224401 1.3038179 1.6600807 1.4900426 1.4092473 1.2964042 1.5094438 1.3096603 1.5951604 2.0999121 1.9896101 2.1532171 1.3907986 
Tetrapisispora_blattae                      1.5839506 1.3882052 1.6136562 1.5004000 1.5628815 2.1921100 1.6947656 1.6614405 1.2687646 1.1958399 4.8097016 1.3667447 1.2914876 1.2989374 1.3477171 1.3824952 1.3355276 1.3277796 0.0000000 1.7766825 1.4227221 1.4757475 1.3877606 1.3398631 1.2958404 1.5286098 1.6890728 1.7734334 1.4354782 1.5887202 1.6245692 1.3567351 1.4955326 1.5854848 1.5122002 1.5403900 1.7934792 1.8598507 1.8307400 0.9128126 
Tetrapisispora_phaffii                      1.8697280 1.8989218 1.8570002 1.4859431 1.8922394 2.3894999 1.8575980 1.7263571 1.9286897 1.9626395 4.8024567 2.0650576 1.9388680 2.0667411 2.0394490 2.0243370 2.0210069 2.1100110 1.7766825 0.0000000 1.4850416 1.7005708 1.7223413 1.8619109 1.7232868 1.7160824 2.1543700 2.0576968 1.9045031 1.9407832 1.9878404 1.8465236 1.6593533 1.9507536 1.6797593 1.8266548 0.4719443 0.5878361 0.4705012 1.7593965 
Vanderwaltozyma_polyspora                   2.0384417 1.8172036 1.8554418 1.7968370 1.9030303 2.4297566 2.0202256 1.8639849 1.5926486 1.6358679 5.8599091 1.6412371 1.6180179 1.7562540 1.7439085 1.7809261 1.7492710 1.8124010 1.4227221 1.4850416 0.0000000 1.6150052 1.4287378 1.6861341 1.7079394 1.5446423 2.0150019 1.8192987 1.6534702 1.6976360 1.9224172 1.6832517 1.5309788 1.9085270 1.4828358 1.5932977 1.4906458 1.4063861 1.4829905 1.6078727 
yHAB132_Kazachstania_martiniae              1.5325845 1.1856590 1.1758989 1.5840876 1.5015096 2.2193899 1.5988422 1.5631047 1.1785194 1.3242920 5.3701836 1.2833961 1.2311660 1.2590183 1.2400414 1.2966203 1.2508800 1.2344201 1.4757475 1.7005708 1.6150052 0.0000000 0.9284490 1.2508498 0.8863143 1.0891683 1.4042034 1.2620829 1.1336594 1.2308484 1.1660518 1.1611835 1.0965100 1.2376134 1.0322597 1.2923795 1.9481027 1.6459180 1.8909787 1.3593051 
yHAB133_Kazachstania_unispora               1.5886172 1.2988692 1.0176081 1.5166671 1.6262361 1.9189667 1.6685692 1.5712902 1.0822023 1.2025712 4.8086576 1.2875992 1.1385938 1.2475087 1.2287323 1.2022109 1.1809480 1.2275486 1.3877606 1.7223413 1.4287378 0.9284490 0.0000000 1.2042503 0.7465039 0.4380692 1.1924574 1.2169790 1.1532150 1.0273409 1.3053206 1.0572214 0.3818195 1.2957784 0.3475492 0.9977257 1.7697752 1.8464590 1.8332593 1.1970799 
yHAB134_Kazachstania_turicensis             1.6455537 1.1528895 1.4376865 1.4915487 1.6291796 2.1022036 1.8574359 1.6821355 1.6366443 1.3139917 5.6533234 1.3568156 1.3173651 1.3217336 1.3117627 1.2911973 1.3095584 1.3508132 1.3398631 1.8619109 1.6861341 1.2508498 1.2042503 0.0000000 1.2063856 1.3076745 1.7791956 1.7726054 1.0739722 1.5985517 1.2123269 1.2434455 1.3449557 0.9422152 1.3554093 1.5081921 1.9539722 1.8152481 2.0572643 1.3976754 
yHAB136_Kazachstania_bromeliacearum         1.4820013 1.1099709 0.8947705 1.3552033 1.4771518 2.0149280 1.5478516 1.5309996 1.2418423 1.2021911 5.2656306 1.3155904 1.3519954 1.2065030 1.3177240 1.2786250 1.3141121 1.2364565 1.2958404 1.7232868 1.7079394 0.8863143 0.7465039 1.2063856 0.0000000 0.8154011 1.2110520 1.2283188 1.0010121 1.1307922 1.1595828 1.0725259 0.7829158 1.1915675 0.8107891 1.0439185 1.8174607 1.7826074 1.7614987 1.4198084 
yHAB143_Kazachstania_siamensis              1.4541892 1.1200153 0.9802971 1.4537409 1.5368207 2.0725904 1.5092092 1.4247974 1.1307240 1.2973131 4.8995351 1.2012101 1.2562014 1.2344976 1.2171839 1.2135826 1.2227740 1.1792566 1.5286098 1.7160824 1.5446423 1.0891683 0.4380692 1.3076745 0.8154011 0.0000000 1.2074896 1.2591001 1.1737110 1.1553568 1.3211397 1.0627310 0.5413291 1.2029572 0.5369025 0.9575336 1.7259782 1.7938062 1.8973026 1.2239179 
yHAB147_Kazachstania_taianensis             1.5595515 1.3888203 0.8845910 1.5665905 1.5713358 2.2704498 1.4826310 1.5992236 1.4932269 1.6638672 4.4988535 1.5537348 1.5413360 1.4427292 1.4909205 1.5309188 1.4839649 1.4999660 1.6890728 2.1543700 2.0150019 1.4042034 1.1924574 1.7791956 1.2110520 1.2074896 0.0000000 1.2598769 1.3585099 1.4887343 1.5760303 1.4781391 1.0937725 1.5908700 1.1565081 1.5665507 2.3464943 2.3859860 2.2927914 1.9776694 
yHAB148_Kazachstania_intestinalis           1.8008838 1.4624103 1.1601288 1.8290274 1.7446382 2.2672084 1.5937151 1.6957392 1.5823838 1.6855158 5.2143665 1.6584813 1.6993326 1.5752563 1.6106130 1.7527391 1.7002320 1.6224401 1.7734334 2.0576968 1.8192987 1.2620829 1.2169790 1.7726054 1.2283188 1.2591001 1.2598769 0.0000000 1.5261880 1.3746204 1.6604969 1.4922783 1.3044790 1.6381581 1.2651908 1.4732130 2.2821487 2.1414404 2.3403144 1.7499627 
yHAB153_Kazachstania_rosinii                1.6822530 1.0965151 1.3744309 1.5507468 1.5463706 1.8952293 1.6015846 1.6226523 1.3377725 1.4103637 5.0573413 1.2671838 1.2791310 1.2695187 1.3835554 1.3559256 1.3245184 1.3038179 1.4354782 1.9045031 1.6534702 1.1336594 1.1532150 1.0739722 1.0010121 1.1737110 1.3585099 1.5261880 0.0000000 1.5245589 1.1010918 1.3006886 1.0745720 0.9604808 1.1223547 1.4489672 2.1964216 2.0555449 2.2146223 1.4796875 
yHAB154_Kazachstania_transvaalensis         1.9261440 1.4234310 1.3558852 1.6930548 1.7193781 2.2902792 1.9205406 1.8770272 1.6006691 1.4789203 5.5688071 1.7339418 1.6725511 1.6819209 1.6204040 1.6584530 1.6329002 1.6600807 1.5887202 1.9407832 1.6976360 1.2308484 1.0273409 1.5985517 1.1307922 1.1553568 1.4887343 1.3746204 1.5245589 0.0000000 1.5382034 1.5368788 1.1230557 1.5084162 1.1627412 0.4274629 1.9288870 1.9812204 2.0120125 1.5284877 
yHAB155_Kazachstania_spencerorum            1.7885829 1.3351334 1.3596576 1.6363294 1.6524764 2.3087960 1.9247833 1.7050436 1.6231033 1.5765893 6.9555892 1.5060546 1.5026609 1.4929694 1.5076434 1.4902254 1.5239782 1.4900426 1.6245692 1.9878404 1.9224172 1.1660518 1.3053206 1.2123269 1.1595828 1.3211397 1.5760303 1.6604969 1.1010918 1.5382034 0.0000000 1.4746952 1.2582432 1.2154990 1.2564793 1.5406726 2.0371864 1.9646110 1.9558238 1.5262000 
yHAB158_Kazachstania_viticola               1.6624587 1.2011966 1.1878284 1.3674839 1.6284937 1.7789171 1.6768589 1.5817243 1.2782858 1.2792790 5.2861905 1.3603174 1.3401308 1.4289366 1.3831470 1.3445110 1.3229213 1.4092473 1.3567351 1.8465236 1.6832517 1.1611835 1.0572214 1.2434455 1.0725259 1.0627310 1.4781391 1.4922783 1.3006886 1.5368788 1.4746952 0.0000000 1.1107665 1.3037852 1.1291934 1.5128529 1.9269995 1.8260697 1.9980620 1.5462854 
yHAB159_Kazachstania_solicola               1.4873218 1.3937735 1.0571771 1.5077778 1.6014887 2.0009969 1.5704593 1.5403370 1.1582859 1.3916390 4.8997158 1.4048428 1.3320179 1.3341716 1.3312893 1.3743195 1.3209091 1.2964042 1.4955326 1.6593533 1.5309788 1.0965100 0.3818195 1.3449557 0.7829158 0.5413291 1.0937725 1.3044790 1.0745720 1.1230557 1.2582432 1.1107665 0.0000000 1.3317767 0.1054761 1.0506717 1.7774859 1.7235637 1.8401946 1.3459623 
yHAB160_Kazachstania_kunashirensis          1.6744451 1.1613581 1.3126674 1.4747215 1.5678900 2.1614849 1.6393328 1.5161710 1.3907120 1.4631654 5.1067184 1.4060111 1.4154567 1.4385225 1.4423540 1.4885029 1.4552284 1.5094438 1.5854848 1.9507536 1.9085270 1.2376134 1.2957784 0.9422152 1.1915675 1.2029572 1.5908700 1.6381581 0.9604808 1.5084162 1.2154990 1.3037852 1.3317767 0.0000000 1.3133350 1.4943062 1.9017303 2.0002823 2.0483748 1.5364993 
yHAB164_Kazachstania_aerobia                1.5059477 1.3334533 1.0354838 1.5502652 1.5623796 1.9677952 1.5685566 1.5330157 1.1918762 1.3451206 5.1494229 1.3571063 1.2995686 1.3177913 1.3248333 1.3644944 1.2824092 1.3096603 1.5122002 1.6797593 1.4828358 1.0322597 0.3475492 1.3554093 0.8107891 0.5369025 1.1565081 1.2651908 1.1223547 1.1627412 1.2564793 1.1291934 0.1054761 1.3133350 0.0000000 1.0199550 1.7775822 1.7392607 1.8464495 1.2554437 
yHAB166_Kazachstania_yakushimaensis         1.7188257 1.4398107 1.3609196 1.6365178 1.7606092 1.9991982 1.9525939 2.0322611 1.6494716 1.4968157 5.4585890 1.6663102 1.5683324 1.6338556 1.5659298 1.5741900 1.5890956 1.5951604 1.5403900 1.8266548 1.5932977 1.2923795 0.9977257 1.5081921 1.0439185 0.9575336 1.5665507 1.4732130 1.4489672 0.4274629 1.5406726 1.5128529 1.0506717 1.4943062 1.0199550 0.0000000 2.0024132 1.8786274 2.0569181 1.3483494 
yHMPu5000034875_Tetrapisispora_fleetii      1.9446002 1.8429080 1.8715500 1.6259703 1.9153387 2.2258533 2.0051490 1.7841536 1.8284520 1.8804676 5.4024625 2.0430016 1.8724128 2.1065894 1.9814623 1.9059861 1.9040998 2.0999121 1.7934792 0.4719443 1.4906458 1.9481027 1.7697752 1.9539722 1.8174607 1.7259782 2.3464943 2.2821487 2.1964216 1.9288870 2.0371864 1.9269995 1.7774859 1.9017303 1.7775822 2.0024132 0.0000000 0.5497122 0.3503964 1.8834508 
yHMPu5000034876_Tetrapisispora_iriomotensis 1.9354633 1.6906803 2.0635930 1.6803583 2.0612975 2.5412473 2.0004029 1.9833588 1.8853849 1.9439761 5.2107545 1.9140292 1.9207742 1.9493146 1.9774617 1.9558131 1.9367065 1.9896101 1.8598507 0.5878361 1.4063861 1.6459180 1.8464590 1.8152481 1.7826074 1.7938062 2.3859860 2.1414404 2.0555449 1.9812204 1.9646110 1.8260697 1.7235637 2.0002823 1.7392607 1.8786274 0.5497122 0.0000000 0.6085312 1.8046542 
yHMPu5000034877_Tetrapisispora_namnaonensis 2.0161383 1.9830745 1.9947971 1.5728039 1.9823583 2.3424077 2.0051603 1.9030415 1.9144575 2.1038115 5.4307883 2.1761686 1.9965565 2.1159154 2.0704376 2.0310397 2.0246755 2.1532171 1.8307400 0.4705012 1.4829905 1.8909787 1.8332593 2.0572643 1.7614987 1.8973026 2.2927914 2.3403144 2.2146223 2.0120125 1.9558238 1.9980620 1.8401946 2.0483748 1.8464495 2.0569181 0.3503964 0.6085312 0.0000000 1.9368823 
yHMPu5000035629_Yueomyces_sinensis          1.6622018 1.4506174 1.8400967 1.7018181 1.5825989 1.8194678 1.6298596 1.6279144 1.4134088 1.3701906 5.2441857 1.3632205 1.3458081 1.3192659 1.3859990 1.3821321 1.3373332 1.3907986 0.9128126 1.7593965 1.6078727 1.3593051 1.1970799 1.3976754 1.4198084 1.2239179 1.9776694 1.7499627 1.4796875 1.5284877 1.5262000 1.5462854 1.3459623 1.5364993 1.2554437 1.3483494 1.8834508 1.8046542 1.9368823 0.0000000 
