40
Candida_glabrata                            0.0000000 1.5041228 1.4848125 1.4852006 0.6061671 1.9571094 0.7569626 0.6281939 1.5794395 1.5523457 4.7739732 1.2857123 1.3816799 1.3934450 1.4283804 1.4160039 1.3804145 1.4322250 1.8280518 1.4659896 1.5941094 1.6508326 1.8602751 1.7313371 1.5137121 2.2363775 1.7814547 1.6264254 1.4929628 1.9289975 1.2996370 1.5110316 1.9568160 1.5925821 1.8466921 2.3943410 1.3990472 1.4637619 1.4331544 1.7669304 
Kazachstania_africana                       1.5041228 0.0000000 1.5020172 1.8149625 1.6497752 2.1560613 1.5992863 1.6009938 1.5420424 1.6474752 5.9656648 1.6159118 1.6548354 1.5666817 1.6231554 1.6292840 1.6999398 1.5243165 1.8078952 1.7006470 1.8480074 1.7298542 1.9000577 1.6662587 1.3814424 2.2661682 1.8278225 1.6656345 1.3797541 2.1546326 1.3411264 1.5481917 1.7332466 1.5130804 1.5561879 1.8942135 1.7234313 1.6859402 1.6689253 1.8595225 
Kazachstania_naganishii                     1.4848125 1.5020172 0.0000000 1.8766775 1.5975071 2.1205702 1.5114563 1.5591920 1.6728906 1.5448653 5.0029585 1.7789614 1.8002670 1.7134457 1.6932835 1.8144669 1.8257900 1.6736386 1.8699347 1.7364669 1.8385826 1.6299675 1.8289050 1.4824424 1.2028018 2.0136283 1.3997518 1.6517677 1.3397697 2.0061572 1.3547783 1.5316260 1.8440690 1.4258757 1.7307163 2.0546866 1.8434599 1.9640065 1.8935506 1.8407029 
Nakaseomyces_bacillisporus                  1.4852006 1.8149625 1.8766775 0.0000000 1.5103051 1.9859262 1.4241773 1.5392632 1.6157777 1.6482605 7.7761156 1.8224504 1.8876458 1.8695026 1.7312685 1.9231597 1.9310195 1.8750284 1.8386540 1.7254658 1.6310732 1.9028056 2.1321727 1.8118763 1.8273761 2.7405708 2.0884349 2.1718827 1.8550378 2.2358912 1.7733336 2.0012453 1.8743043 2.0288495 1.7650163 2.3524911 1.7895483 1.6300375 1.7965199 1.7831139 
Nakaseomyces_bracarensis                    0.6061671 1.6497752 1.5975071 1.5103051 0.0000000 1.7899785 0.5249977 0.4330817 1.5531837 1.5311745 4.9778021 1.4356070 1.4116993 1.4841756 1.5512789 1.3776787 1.5075337 1.4805470 1.8658973 1.5643801 1.6725460 1.6624308 2.0494531 1.6777257 1.5877455 2.6998685 1.7286000 1.6940838 1.6286998 2.2791150 1.3936201 1.4503162 2.1828619 1.6665015 2.1023959 2.6392708 1.4350694 1.6461496 1.6487065 1.8830192 
Nakaseomyces_castellii                      1.9571094 2.1560613 2.1205702 1.9859262 1.7899785 0.0000000 1.6721770 1.5642295 1.8574903 2.0781116 6.0157050 1.9892352 2.1360855 2.0433542 2.0990856 2.1483951 2.0544511 1.9681144 2.2425766 1.9850017 2.0251679 2.1579617 3.0463161 2.3570490 2.1603470 2.7625544 2.3832253 2.1287171 2.1370018 2.4248550 2.1066288 2.3188148 2.6166449 2.2500090 2.4402096 2.8578045 2.0450139 2.1047640 2.1351850 2.3774370 
Nakaseomyces_delphensis                     0.7569626 1.5992863 1.5114563 1.4241773 0.5249977 1.6721770 0.0000000 0.4197494 1.6234301 1.4327573 4.9691738 1.4444023 1.3739055 1.3906864 1.5016767 1.4021628 1.4559494 1.3696306 1.9418160 1.4289395 1.6731648 1.5994714 1.7894841 1.5452879 1.5374393 2.1521329 1.8670865 1.8928458 1.4002999 2.0238611 1.4842980 1.3992918 1.8806302 1.6801153 1.8125496 2.1842985 1.5405904 1.5029754 1.5584871 1.8945092 
Nakaseomyces_nivariensis                    0.6281939 1.6009938 1.5591920 1.5392632 0.4330817 1.5642295 0.4197494 0.0000000 1.4850902 1.5034749 5.0906294 1.4415027 1.4175476 1.4952034 1.5106840 1.3788834 1.4282461 1.4843528 1.8813652 1.5266615 1.6060381 1.7056616 2.0756737 1.5434789 1.5426561 2.3707680 1.8310529 1.6994588 1.4113262 1.9837350 1.3950420 1.6094863 1.9583329 1.6335860 1.8814104 2.2185870 1.4229823 1.5452765 1.5379824 1.7348314 
Naumovozyma_castellii                       1.5794395 1.5420424 1.6728906 1.6157777 1.5531837 1.8574903 1.6234301 1.4850902 0.0000000 0.9881924 6.7104725 1.4701771 1.4901113 1.4038292 1.3788013 1.4294382 1.5060289 1.3513830 1.7528966 1.4533896 1.5381723 1.5733279 1.9456784 1.6082974 1.4105130 1.9356763 1.6759390 1.6681353 1.3211152 2.2180166 1.3941478 1.5150211 1.7694277 1.4116555 1.5959985 2.0964867 1.4186291 1.4608577 1.3724218 1.8603849 
Naumovozyma_dairenensis                     1.5523457 1.6474752 1.5448653 1.6482605 1.5311745 2.0781116 1.4327573 1.5034749 0.9881924 0.0000000 6.5123514 1.2903285 1.3220257 1.3552945 1.2869222 1.2901848 1.3438846 1.3363849 1.5590561 1.6875081 1.4229802 1.4241822 2.3041024 1.5386109 1.5039223 2.0439826 1.7353292 1.8954991 1.5234225 2.1097351 1.5630738 1.5700112 2.0882353 1.4432906 1.9217786 1.9502850 1.7477604 1.5313751 1.6551312 1.7528467 
Neurospora_crassa                           4.7739732 5.9656648 5.0029585 7.7761156 4.9778021 6.0157050 4.9691738 5.0906294 6.7104725 6.5123514 0.0000000 4.6342427 4.5676227 4.1716725 4.4119007 4.3353792 4.4779295 4.1119910 6.9920352 6.5614858 5.7543346 6.6958515 5.8327416 5.5397812 6.3869767 8.2904225 6.3306814 7.6726587 6.2780731 6.8917596 5.9752204 5.2167766 6.0752014 6.0124270 5.9737813 7.8431464 6.0688429 7.4876347 6.3399803 7.7825411 
Saccharomyces_arboricola                    1.2857123 1.6159118 1.7789614 1.8224504 1.4356070 1.9892352 1.4444023 1.4415027 1.4701771 1.2903285 4.6342427 0.0000000 0.3398354 0.2942672 0.2686104 0.3199273 0.3236554 0.3012126 1.4038908 1.4495787 1.4621201 1.5234089 1.7582187 1.5749990 1.4850248 1.8413797 1.7818518 1.7418170 1.3596631 2.1310082 1.2785700 1.4967506 1.8538080 1.3568099 1.6654376 2.1514579 1.6064872 1.5140879 1.5396252 1.6762171 
Saccharomyces_cerevisiae                    1.3816799 1.6548354 1.8002670 1.8876458 1.4116993 2.1360855 1.3739055 1.4175476 1.4901113 1.3220257 4.5676227 0.3398354 0.0000000 0.3619907 0.3300480 0.2808711 0.1525468 0.3721419 1.5592727 1.5665737 1.4072975 1.5961000 1.9215383 1.5817324 1.5008487 2.0691792 1.6866945 1.8544567 1.4459303 2.2636244 1.3985370 1.4430156 1.8452067 1.5253404 1.6898982 2.0941165 1.7597490 1.5217673 1.6590072 1.7784733 
Saccharomyces_eubayanus                     1.3934450 1.5666817 1.7134457 1.8695026 1.4841756 2.0433542 1.3906864 1.4952034 1.4038292 1.3552945 4.1716725 0.2942672 0.3619907 0.0000000 0.2875243 0.3338604 0.3149638 0.0901906 1.5202704 1.5596381 1.4088122 1.4614508 1.8913868 1.5282141 1.3996331 2.0033105 1.8323469 1.8012181 1.3508278 2.0263632 1.4603031 1.3696579 1.7401251 1.4313482 1.6611537 1.9428267 1.7052142 1.4914176 1.5846145 1.7721499 
Saccharomyces_kudriavzevii                  1.4283804 1.6231554 1.6932835 1.7312685 1.5512789 2.0990856 1.5016767 1.5106840 1.3788013 1.2869222 4.4119007 0.2686104 0.3300480 0.2875243 0.0000000 0.2985995 0.2938619 0.3087237 1.4873530 1.4753387 1.3711738 1.5016720 1.9278948 1.5980600 1.4912625 2.0159772 1.8734655 1.7138954 1.3752236 2.2538953 1.3030966 1.4317808 1.9300877 1.4128383 1.8074122 2.1128846 1.6587612 1.5915056 1.4886203 1.7304833 
Saccharomyces_mikatae                       1.4160039 1.6292840 1.8144669 1.9231597 1.3776787 2.1483951 1.4021628 1.3788834 1.4294382 1.2901848 4.3353792 0.3199273 0.2808711 0.3338604 0.2985995 0.0000000 0.2201290 0.3368076 1.5818531 1.4232623 1.4004674 1.4983770 1.8339004 1.5288244 1.5087932 1.9370932 1.7378861 1.7655918 1.3655300 2.1490569 1.3243439 1.3906618 1.8151504 1.4652374 1.6256977 2.0303522 1.7133493 1.5503726 1.5490738 1.7594926 
Saccharomyces_paradoxus                     1.3804145 1.6999398 1.8257900 1.9310195 1.5075337 2.0544511 1.4559494 1.4282461 1.5060289 1.3438846 4.4779295 0.3236554 0.1525468 0.3149638 0.2938619 0.2201290 0.0000000 0.3421229 1.5907144 1.5010447 1.4469072 1.6059085 1.8441758 1.5668518 1.5022121 2.0454968 1.6792230 1.8239572 1.3808141 2.1491884 1.3655373 1.4285620 1.8462640 1.5031822 1.6794124 2.0215646 1.7650200 1.5174434 1.6501760 1.7473267 
Saccharomyces_uvarum                        1.4322250 1.5243165 1.6736386 1.8750284 1.4805470 1.9681144 1.3696306 1.4843528 1.3513830 1.3363849 4.1119910 0.3012126 0.3721419 0.0901906 0.3087237 0.3368076 0.3421229 0.0000000 1.5584148 1.4630588 1.4746586 1.4862518 1.9616299 1.5291467 1.4645110 2.0516211 1.8879847 1.9024838 1.4074897 2.0778167 1.4156885 1.3504953 1.7567178 1.3768369 1.6498058 2.0271743 1.6650771 1.4863141 1.5269277 1.8011563 
Tetrapisispora_blattae                      1.8280518 1.8078952 1.8699347 1.8386540 1.8658973 2.2425766 1.9418160 1.8813652 1.7528966 1.5590561 6.9920352 1.4038908 1.5592727 1.5202704 1.4873530 1.5818531 1.5907144 1.5584148 0.0000000 1.5854256 1.5741657 1.7896926 1.8289495 1.9371282 1.7293272 2.0226601 2.0139747 1.9544990 1.8604242 2.3077410 1.5845823 1.7387914 1.7706801 1.7050349 1.6671062 2.3663182 1.8772210 1.5192727 1.7743045 1.5244624 
Tetrapisispora_phaffii                      1.4659896 1.7006470 1.7364669 1.7254658 1.5643801 1.9850017 1.4289395 1.5266615 1.4533896 1.6875081 6.5614858 1.4495787 1.5665737 1.5596381 1.4753387 1.4232623 1.5010447 1.4630588 1.5854256 0.0000000 1.3300604 1.6295809 1.9333303 1.8199174 1.6502710 2.3853471 2.2135341 2.0133871 1.6906018 1.9373576 1.6304007 1.7306313 1.9983378 1.6897943 1.8688356 2.1670054 0.5630979 0.7443165 0.5653290 1.6590565 
Vanderwaltozyma_polyspora                   1.5941094 1.8480074 1.8385826 1.6310732 1.6725460 2.0251679 1.6731648 1.6060381 1.5381723 1.4229802 5.7543346 1.4621201 1.4072975 1.4088122 1.3711738 1.4004674 1.4469072 1.4746586 1.5741657 1.3300604 0.0000000 1.7378594 2.1169929 1.7358862 1.5784732 2.3494851 2.0272829 1.6452116 1.6063811 2.1254820 1.4365469 1.6643566 2.0478796 1.5525007 1.9498616 2.2616409 1.5885623 1.2618357 1.5347341 1.6335084 
yHAB132_Kazachstania_martiniae              1.6508326 1.7298542 1.6299675 1.9028056 1.6624308 2.1579617 1.5994714 1.7056616 1.5733279 1.4241822 6.6958515 1.5234089 1.5961000 1.4614508 1.5016720 1.4983770 1.6059085 1.4862518 1.7896926 1.6295809 1.7378594 0.0000000 1.9534279 1.7247891 1.3589797 1.9052589 2.0445863 1.9192338 1.5115391 1.8857447 1.4470277 1.6711281 1.8292114 1.5858366 1.7561637 1.8520276 1.8869009 1.7066154 1.7795488 1.9238176 
yHAB133_Kazachstania_unispora               1.8602751 1.9000577 1.8289050 2.1321727 2.0494531 3.0463161 1.7894841 2.0756737 1.9456784 2.3041024 5.8327416 1.7582187 1.9215383 1.8913868 1.9278948 1.8339004 1.8441758 1.9616299 1.8289495 1.9333303 2.1169929 1.9534279 0.0000000 1.8151666 1.7090072 1.0309301 1.8913103 1.9963997 1.5863021 2.0072227 1.6502132 1.7890589 0.5578020 1.4870964 0.5495606 2.1831404 2.0726340 1.8363286 2.1915488 1.9140405 
yHAB134_Kazachstania_turicensis             1.7313371 1.6662587 1.4824424 1.8118763 1.6777257 2.3570490 1.5452879 1.5434789 1.6082974 1.5386109 5.5397812 1.5749990 1.5817324 1.5282141 1.5980600 1.5288244 1.5668518 1.5291467 1.9371282 1.8199174 1.7358862 1.7247891 1.8151666 0.0000000 1.3747986 2.0367619 1.6322766 1.8906659 1.1390216 2.1161701 1.0574339 1.4115141 1.7347371 0.8448602 1.8194016 2.0062592 1.9126568 1.8942557 1.8340490 1.8750137 
yHAB136_Kazachstania_bromeliacearum         1.5137121 1.3814424 1.2028018 1.8273761 1.5877455 2.1603470 1.5374393 1.5426561 1.4105130 1.5039223 6.3869767 1.4850248 1.5008487 1.3996331 1.4912625 1.5087932 1.5022121 1.4645110 1.7293272 1.6502710 1.5784732 1.3589797 1.7090072 1.3747986 0.0000000 1.9512856 1.1920822 1.4740250 1.3397810 1.6117089 1.4089799 1.2238935 1.5125573 1.4405827 1.4141044 1.7612994 1.7851687 1.7497545 1.6014034 1.9419328 
yHAB143_Kazachstania_siamensis              2.2363775 2.2661682 2.0136283 2.7405708 2.6998685 2.7625544 2.1521329 2.3707680 1.9356763 2.0439826 8.2904225 1.8413797 2.0691792 2.0033105 2.0159772 1.9370932 2.0454968 2.0516211 2.0226601 2.3853471 2.3494851 1.9052589 1.0309301 2.0367619 1.9512856 0.0000000 1.8941606 2.1561154 1.8192658 2.0909756 1.8675640 2.1682632 0.9071879 1.7719432 0.9434908 2.0853554 2.7190829 2.2323016 2.9218582 2.5191595 
yHAB147_Kazachstania_taianensis             1.7814547 1.8278225 1.3997518 2.0884349 1.7286000 2.3832253 1.8670865 1.8310529 1.6759390 1.7353292 6.3306814 1.7818518 1.6866945 1.8323469 1.8734655 1.7378861 1.6792230 1.8879847 2.0139747 2.2135341 2.0272829 2.0445863 1.8913103 1.6322766 1.1920822 1.8941606 0.0000000 1.9644439 1.6575567 1.9289643 1.7558303 1.9100978 1.7671938 1.7312591 1.7578027 1.7098372 2.0969180 2.2598380 2.0323396 2.0584037 
yHAB148_Kazachstania_intestinalis           1.6264254 1.6656345 1.6517677 2.1718827 1.6940838 2.1287171 1.8928458 1.6994588 1.6681353 1.8954991 7.6726587 1.7418170 1.8544567 1.8012181 1.7138954 1.7655918 1.8239572 1.9024838 1.9544990 2.0133871 1.6452116 1.9192338 1.9963997 1.8906659 1.4740250 2.1561154 1.9644439 0.0000000 1.5513053 2.3694960 1.4492898 1.6443836 1.6583309 1.6729116 1.7223281 2.5187877 2.1045964 1.9053049 1.8567443 2.1968330 
yHAB153_Kazachstania_rosinii                1.4929628 1.3797541 1.3397697 1.8550378 1.6286998 2.1370018 1.4002999 1.4113262 1.3211152 1.5234225 6.2780731 1.3596631 1.4459303 1.3508278 1.3752236 1.3655300 1.3808141 1.4074897 1.8604242 1.6906018 1.6063811 1.5115391 1.5863021 1.1390216 1.3397810 1.8192658 1.6575567 1.5513053 0.0000000 2.0028556 0.9221341 1.2563137 1.4921820 1.1621974 1.4320120 2.0464280 1.8015561 1.7578862 1.7407845 1.8896284 
yHAB154_Kazachstania_transvaalensis         1.9289975 2.1546326 2.0061572 2.2358912 2.2791150 2.4248550 2.0238611 1.9837350 2.2180166 2.1097351 6.8917596 2.1310082 2.2636244 2.0263632 2.2538953 2.1490569 2.1491884 2.0778167 2.3077410 1.9373576 2.1254820 1.8857447 2.0072227 2.1161701 1.6117089 2.0909756 1.9289643 2.3694960 2.0028556 0.0000000 2.2763163 2.3679600 2.0928289 2.1025518 1.9423108 0.8910390 2.0689996 2.3048640 2.1462743 2.5052666 
yHAB155_Kazachstania_spencerorum            1.2996370 1.3411264 1.3547783 1.7733336 1.3936201 2.1066288 1.4842980 1.3950420 1.3941478 1.5630738 5.9752204 1.2785700 1.3985370 1.4603031 1.3030966 1.3243439 1.3655373 1.4156885 1.5845823 1.6304007 1.4365469 1.4470277 1.6502132 1.0574339 1.4089799 1.8675640 1.7558303 1.4492898 0.9221341 2.2763163 0.0000000 1.1844777 1.5958137 0.9963493 1.5064751 1.9256095 1.6928947 1.6444207 1.5180430 1.7036053 
yHAB158_Kazachstania_viticola               1.5110316 1.5481917 1.5316260 2.0012453 1.4503162 2.3188148 1.3992918 1.6094863 1.5150211 1.5700112 5.2167766 1.4967506 1.4430156 1.3696579 1.4317808 1.3906618 1.4285620 1.3504953 1.7387914 1.7306313 1.6643566 1.6711281 1.7890589 1.4115141 1.2238935 2.1682632 1.9100978 1.6443836 1.2563137 2.3679600 1.1844777 0.0000000 1.6870161 1.3906545 1.6286633 2.1653620 1.7204133 1.7444013 1.7017769 1.8584480 
yHAB159_Kazachstania_solicola               1.9568160 1.7332466 1.8440690 1.8743043 2.1828619 2.6166449 1.8806302 1.9583329 1.7694277 2.0882353 6.0752014 1.8538080 1.8452067 1.7401251 1.9300877 1.8151504 1.8462640 1.7567178 1.7706801 1.9983378 2.0478796 1.8292114 0.5578020 1.7347371 1.5125573 0.9071879 1.7671938 1.6583309 1.4921820 2.0928289 1.5958137 1.6870161 0.0000000 1.4992769 0.1441626 2.0331057 2.1914033 1.9086395 2.1111638 2.0270728 
yHAB160_Kazachstania_kunashirensis          1.5925821 1.5130804 1.4258757 2.0288495 1.6665015 2.2500090 1.6801153 1.6335860 1.4116555 1.4432906 6.0124270 1.3568099 1.5253404 1.4313482 1.4128383 1.4652374 1.5031822 1.3768369 1.7050349 1.6897943 1.5525007 1.5858366 1.4870964 0.8448602 1.4405827 1.7719432 1.7312591 1.6729116 1.1621974 2.1025518 0.9963493 1.3906545 1.4992769 0.0000000 1.4604978 1.9496244 1.9008143 1.6985358 1.7156648 1.4876491 
yHAB164_Kazachstania_aerobia                1.8466921 1.5561879 1.7307163 1.7650163 2.1023959 2.4402096 1.8125496 1.8814104 1.5959985 1.9217786 5.9737813 1.6654376 1.6898982 1.6611537 1.8074122 1.6256977 1.6794124 1.6498058 1.6671062 1.8688356 1.9498616 1.7561637 0.5495606 1.8194016 1.4141044 0.9434908 1.7578027 1.7223281 1.4320120 1.9423108 1.5064751 1.6286633 0.1441626 1.4604978 0.0000000 1.8837434 1.9889288 1.7074273 1.9402456 1.8541868 
yHAB166_Kazachstania_yakushimaensis         2.3943410 1.8942135 2.0546866 2.3524911 2.6392708 2.8578045 2.1842985 2.2185870 2.0964867 1.9502850 7.8431464 2.1514579 2.0941165 1.9428267 2.1128846 2.0303522 2.0215646 2.0271743 2.3663182 2.1670054 2.2616409 1.8520276 2.1831404 2.0062592 1.7612994 2.0853554 1.7098372 2.5187877 2.0464280 0.8910390 1.9256095 2.1653620 2.0331057 1.9496244 1.8837434 0.0000000 2.4037193 2.3340901 2.2842172 2.1748190 
yHMPu5000034875_Tetrapisispora_fleetii      1.3990472 1.7234313 1.8434599 1.7895483 1.4350694 2.0450139 1.5405904 1.4229823 1.4186291 1.7477604 6.0688429 1.6064872 1.7597490 1.7052142 1.6587612 1.7133493 1.7650200 1.6650771 1.8772210 0.5630979 1.5885623 1.8869009 2.0726340 1.9126568 1.7851687 2.7190829 2.0969180 2.1045964 1.8015561 2.0689996 1.6928947 1.7204133 2.1914033 1.9008143 1.9889288 2.4037193 0.0000000 0.9286767 0.3311861 1.8791866 
yHMPu5000034876_Tetrapisispora_iriomotensis 1.4637619 1.6859402 1.9640065 1.6300375 1.6461496 2.1047640 1.5029754 1.5452765 1.4608577 1.5313751 7.4876347 1.5140879 1.5217673 1.4914176 1.5915056 1.5503726 1.5174434 1.4863141 1.5192727 0.7443165 1.2618357 1.7066154 1.8363286 1.8942557 1.7497545 2.2323016 2.2598380 1.9053049 1.7578862 2.3048640 1.6444207 1.7444013 1.9086395 1.6985358 1.7074273 2.3340901 0.9286767 0.0000000 0.8682993 1.7078584 
yHMPu5000034877_Tetrapisispora_namnaonensis 1.4331544 1.6689253 1.8935506 1.7965199 1.6487065 2.1351850 1.5584871 1.5379824 1.3724218 1.6551312 6.3399803 1.5396252 1.6590072 1.5846145 1.4886203 1.5490738 1.6501760 1.5269277 1.7743045 0.5653290 1.5347341 1.7795488 2.1915488 1.8340490 1.6014034 2.9218582 2.0323396 1.8567443 1.7407845 2.1462743 1.5180430 1.7017769 2.1111638 1.7156648 1.9402456 2.2842172 0.3311861 0.8682993 0.0000000 1.7678522 
yHMPu5000035629_Yueomyces_sinensis          1.7669304 1.8595225 1.8407029 1.7831139 1.8830192 2.3774370 1.8945092 1.7348314 1.8603849 1.7528467 7.7825411 1.6762171 1.7784733 1.7721499 1.7304833 1.7594926 1.7473267 1.8011563 1.5244624 1.6590565 1.6335084 1.9238176 1.9140405 1.8750137 1.9419328 2.5191595 2.0584037 2.1968330 1.8896284 2.5052666 1.7036053 1.8584480 2.0270728 1.4876491 1.8541868 2.1748190 1.8791866 1.7078584 1.7678522 0.0000000 
