40
Candida_glabrata                            0.0000000 0.6581990 0.7253167 0.5476100 0.3624777 0.7752135 0.4158658 0.3709692 0.6256870 0.6671883 1.3665673 0.7197100 0.7368341 0.7153825 0.7104333 0.7175342 0.7216001 0.7009670 0.8654668 0.5529293 0.5056745 0.6863419 0.7358644 0.5683581 0.6604680 0.7165421 1.2401181 0.6907033 0.6209522 1.0812504 0.5911772 0.6297626 0.7023013 0.6258110 0.7256064 1.0675858 0.5063195 0.5427820 0.5211214 0.7651920 
Kazachstania_africana                       0.6581990 0.0000000 0.7847457 0.5649829 0.6626000 0.7554325 0.6119841 0.6676934 0.6263755 0.6244804 1.5760485 0.7237686 0.6974680 0.7186727 0.6911083 0.6809879 0.6950374 0.6982146 0.7050297 0.5679725 0.5641710 0.5892548 0.7234632 0.4886325 0.6175073 0.6630863 1.3713887 0.6628388 0.5177350 1.1072771 0.5117355 0.5167501 0.7285543 0.4725957 0.7223281 1.0762050 0.5639289 0.5849097 0.5300494 0.7141305 
Kazachstania_naganishii                     0.7253167 0.7847457 0.0000000 0.7367785 0.7133214 0.9847631 0.7197842 0.6413416 0.8094130 0.8003979 1.4061962 0.7831569 0.7982424 0.7957744 0.7891512 0.8178630 0.8038459 0.7754983 1.0752859 0.7795046 0.8090882 0.8271643 0.7783480 0.7326191 0.8346139 0.7994666 0.9658625 0.7376597 0.6866792 1.2522954 0.8164338 0.7938885 0.8092223 0.7918542 0.8256988 1.3281360 0.8074118 0.8194566 0.7752083 1.0123342 
Nakaseomyces_bacillisporus                  0.5476100 0.5649829 0.7367785 0.0000000 0.5415835 0.6966418 0.5812510 0.5786620 0.5825808 0.6159630 1.4893777 0.6964588 0.7264024 0.6918074 0.7257280 0.7155566 0.7348688 0.6944315 0.7838075 0.5381337 0.5258119 0.6306563 0.6968209 0.5653244 0.7307262 0.7068689 1.2968908 0.6359565 0.6379953 1.0745548 0.6328986 0.5908097 0.7362667 0.5920281 0.6964261 1.0506478 0.5383134 0.5055517 0.5612314 0.7106385 
Nakaseomyces_bracarensis                    0.3624777 0.6626000 0.7133214 0.5415835 0.0000000 0.7546304 0.3165810 0.2163486 0.6262287 0.7190773 1.2736782 0.6338443 0.6878463 0.6774525 0.6948315 0.6834289 0.6765934 0.6515425 0.8981681 0.5563885 0.4838416 0.7148111 0.8092412 0.6262422 0.8200357 0.8066495 1.1302422 0.6558176 0.6409389 1.0480763 0.6345674 0.6971054 0.8306186 0.6330449 0.8649881 1.1179011 0.5762865 0.6011863 0.5793571 0.8941612 
Nakaseomyces_castellii                      0.7752135 0.7554325 0.9847631 0.6966418 0.7546304 0.0000000 0.7983816 0.7547719 0.8469454 0.8711446 1.4722347 0.8762608 0.8524586 0.8561322 0.8222566 0.8458742 0.8622060 0.8285905 1.0122726 0.7584860 0.6415264 0.7739955 1.0067707 0.7854641 0.8888571 0.9237148 1.2716234 0.8808849 0.8363729 1.2501433 0.8232871 0.7953424 0.9471136 0.7880109 0.9909681 1.3269185 0.7928814 0.7280236 0.8057689 0.8726595 
Nakaseomyces_delphensis                     0.4158658 0.6119841 0.7197842 0.5812510 0.3165810 0.7983816 0.0000000 0.2490316 0.5890970 0.6714598 1.3149120 0.6522892 0.6821521 0.6429755 0.6180399 0.6517478 0.6555423 0.6376860 0.8245603 0.5234820 0.4901636 0.6075597 0.8008806 0.6112042 0.7553007 0.7104822 1.1857093 0.6812730 0.6033123 1.0519369 0.6061870 0.6556501 0.8244431 0.6189313 0.8030643 1.0405699 0.5267179 0.5642864 0.5166321 0.8837982 
Nakaseomyces_nivariensis                    0.3709692 0.6676934 0.6413416 0.5786620 0.2163486 0.7547719 0.2490316 0.0000000 0.6697106 0.6911777 1.1563993 0.6573337 0.7183480 0.6840314 0.6729180 0.6742872 0.6952407 0.6556794 0.8228647 0.4977044 0.4688575 0.6647597 0.8632130 0.5922389 0.7844157 0.8074781 1.1256447 0.6907275 0.6144482 1.1397883 0.6689123 0.6642180 0.8195530 0.6201793 0.8450537 1.1314169 0.5354524 0.5517593 0.5315173 0.8934878 
Naumovozyma_castellii                       0.6256870 0.6263755 0.8094130 0.5825808 0.6262287 0.8469454 0.5890970 0.6697106 0.0000000 0.5052153 1.7343912 0.7479541 0.7714790 0.7643015 0.7556651 0.7570399 0.7410299 0.7518636 0.8036350 0.6248660 0.5420557 0.6740076 0.6977170 0.5898866 0.6690103 0.6728113 1.2394918 0.6840961 0.6219198 0.9804479 0.6273539 0.5535612 0.7172479 0.5813202 0.6782466 0.9103573 0.6412390 0.5657258 0.6030408 0.7092117 
Naumovozyma_dairenensis                     0.6671883 0.6244804 0.8003979 0.6159630 0.7190773 0.8711446 0.6714598 0.6911777 0.5052153 0.0000000 1.7580469 0.7100831 0.6640937 0.7057026 0.7126693 0.6936461 0.7176192 0.6891302 0.8048536 0.5642112 0.5480170 0.7226797 0.6692143 0.5758090 0.6062947 0.6368033 1.4209744 0.7582526 0.6916450 1.0167456 0.6174427 0.6053928 0.7451616 0.6326513 0.7070724 1.0392979 0.6049085 0.5850789 0.5818917 0.7002395 
Neurospora_crassa                           1.3665673 1.5760485 1.4061962 1.4893777 1.2736782 1.4722347 1.3149120 1.1563993 1.7343912 1.7580469 0.0000000 1.2391381 1.4176656 1.3211612 1.2814916 1.3386868 1.3644977 1.3184002 1.7814615 1.5048048 1.4983721 1.4302858 1.6570624 1.4418094 1.8928617 1.6597575 1.3864823 1.5297022 1.3439510 1.6130834 1.4449004 1.5668257 1.5909403 1.5139829 1.6961509 1.6367177 1.5316133 1.4657897 1.5693328 1.7451058 
Saccharomyces_arboricola                    0.7197100 0.7237686 0.7831569 0.6964588 0.6338443 0.8762608 0.6522892 0.6573337 0.7479541 0.7100831 1.2391381 0.0000000 0.1658244 0.1540103 0.1245627 0.1700436 0.1610051 0.1503338 0.8733741 0.6758758 0.6321093 0.7994872 0.7804433 0.6426676 0.8139287 0.8067418 1.2568352 0.8184525 0.6548970 1.1308425 0.8258247 0.7255923 0.7740545 0.7426225 0.7487256 1.1717109 0.7191265 0.6812233 0.7331504 0.8717562 
Saccharomyces_cerevisiae                    0.7368341 0.6974680 0.7982424 0.7264024 0.6878463 0.8524586 0.6821521 0.7183480 0.7714790 0.6640937 1.4176656 0.1658244 0.0000000 0.1912001 0.1669114 0.1452072 0.0854781 0.1894568 0.8496148 0.7149450 0.6664405 0.8179177 0.7552079 0.6584306 0.7823345 0.8066884 1.2835076 0.8011047 0.6940663 1.1032695 0.7750669 0.7512982 0.7753070 0.7140972 0.7646105 1.1535156 0.7686142 0.6673859 0.7589812 0.8208172 
Saccharomyces_eubayanus                     0.7153825 0.7186727 0.7957744 0.6918074 0.6774525 0.8561322 0.6429755 0.6840314 0.7643015 0.7057026 1.3211612 0.1540103 0.1912001 0.0000000 0.1449085 0.1876887 0.1720834 0.0444319 0.8809764 0.7007265 0.6325227 0.8219171 0.7867705 0.6603162 0.8422476 0.8205534 1.1931438 0.8246244 0.6531222 1.0734953 0.7891821 0.7668171 0.8001521 0.7458635 0.7848959 1.1558985 0.7468422 0.7365098 0.7632201 0.8693710 
Saccharomyces_kudriavzevii                  0.7104333 0.6911083 0.7891512 0.7257280 0.6948315 0.8222566 0.6180399 0.6729180 0.7556651 0.7126693 1.2814916 0.1245627 0.1669114 0.1449085 0.0000000 0.1777398 0.1578567 0.1374076 0.8199392 0.6907651 0.6235782 0.7978817 0.7903665 0.6293336 0.7947012 0.8042519 1.2620248 0.8234737 0.6467153 1.1126972 0.7724597 0.7630433 0.7812630 0.7092081 0.7743031 1.1355121 0.7165109 0.6894018 0.7309827 0.8507202 
Saccharomyces_mikatae                       0.7175342 0.6809879 0.8178630 0.7155566 0.6834289 0.8458742 0.6517478 0.6742872 0.7570399 0.6936461 1.3386868 0.1700436 0.1452072 0.1876887 0.1777398 0.0000000 0.1359869 0.1972474 0.8421818 0.6587896 0.6340177 0.7824743 0.7637150 0.6503147 0.7817971 0.8106546 1.2710177 0.8180888 0.6554887 1.1418789 0.8264253 0.7649889 0.7651578 0.7007064 0.7411273 1.1229811 0.7252630 0.6709177 0.7036937 0.8186205 
Saccharomyces_paradoxus                     0.7216001 0.6950374 0.8038459 0.7348688 0.6765934 0.8622060 0.6555423 0.6952407 0.7410299 0.7176192 1.3644977 0.1610051 0.0854781 0.1720834 0.1578567 0.1359869 0.0000000 0.1760919 0.8544594 0.7010545 0.6523453 0.8482174 0.7554582 0.6712288 0.8048675 0.8283276 1.2062304 0.8128088 0.6599920 1.1016957 0.8517494 0.7414921 0.7829169 0.7257466 0.7803832 1.1687867 0.7473938 0.6759428 0.7542201 0.8474426 
Saccharomyces_uvarum                        0.7009670 0.6982146 0.7754983 0.6944315 0.6515425 0.8285905 0.6376860 0.6556794 0.7518636 0.6891302 1.3184002 0.1503338 0.1894568 0.0444319 0.1374076 0.1972474 0.1760919 0.0000000 0.8732345 0.6864190 0.6143571 0.7990654 0.7931366 0.6435159 0.8329385 0.8173968 1.2104699 0.8168719 0.6398204 1.0959604 0.7936333 0.7449173 0.7900519 0.7267066 0.7586295 1.1438167 0.7205974 0.7325335 0.7500664 0.8600340 
Tetrapisispora_blattae                      0.8654668 0.7050297 1.0752859 0.7838075 0.8981681 1.0122726 0.8245603 0.8228647 0.8036350 0.8048536 1.7814615 0.8733741 0.8496148 0.8809764 0.8199392 0.8421818 0.8544594 0.8732345 0.0000000 0.7859096 0.7513956 0.8000819 0.8782438 0.7411327 0.7787038 0.8656905 1.6147345 0.9716203 0.7889051 1.2007046 0.7921630 0.7809399 0.8645574 0.6946391 0.8399401 1.1556569 0.7943880 0.7563357 0.7545500 0.7201604 
Tetrapisispora_phaffii                      0.5529293 0.5679725 0.7795046 0.5381337 0.5563885 0.7584860 0.5234820 0.4977044 0.6248660 0.5642112 1.5048048 0.6758758 0.7149450 0.7007265 0.6907651 0.6587896 0.7010545 0.6864190 0.7859096 0.0000000 0.3586587 0.6842898 0.7080861 0.5480357 0.7841192 0.7531023 1.4639840 0.7127270 0.6012148 1.0349287 0.5882407 0.5672867 0.7760708 0.5121053 0.7983452 1.0930125 0.2077519 0.2501415 0.2091123 0.6465255 
Vanderwaltozyma_polyspora                   0.5056745 0.5641710 0.8090882 0.5258119 0.4838416 0.6415264 0.4901636 0.4688575 0.5420557 0.5480170 1.4983721 0.6321093 0.6664405 0.6325227 0.6235782 0.6340177 0.6523453 0.6143571 0.7513956 0.3586587 0.0000000 0.7118879 0.7484401 0.4541289 0.7620174 0.7648634 1.3621708 0.6372812 0.6081568 1.0267667 0.5580454 0.5806951 0.7528407 0.4532167 0.7573464 1.1229691 0.3869077 0.4028940 0.4158505 0.6579562 
yHAB132_Kazachstania_martiniae              0.6863419 0.5892548 0.8271643 0.6306563 0.7148111 0.7739955 0.6075597 0.6647597 0.6740076 0.7226797 1.4302858 0.7994872 0.8179177 0.8219171 0.7978817 0.7824743 0.8482174 0.7990654 0.8000819 0.6842898 0.7118879 0.0000000 0.6798418 0.6086214 0.6898653 0.6712510 1.1923769 0.6325331 0.5582758 1.1907439 0.6056350 0.5474277 0.7597123 0.5379081 0.7573755 1.2082345 0.6696449 0.6544279 0.6577609 0.8217279 
yHAB133_Kazachstania_unispora               0.7358644 0.7234632 0.7783480 0.6968209 0.8092412 1.0067707 0.8008806 0.8632130 0.6977170 0.6692143 1.6570624 0.7804433 0.7552079 0.7867705 0.7903665 0.7637150 0.7554582 0.7931366 0.8782438 0.7080861 0.7484401 0.6798418 0.0000000 0.6296901 0.6877248 0.4292601 1.2658976 0.6971806 0.6948373 0.9689767 0.6845612 0.6826901 0.3354196 0.6352402 0.2886216 0.9717087 0.7081870 0.7198850 0.7513761 0.7869749 
yHAB134_Kazachstania_turicensis             0.5683581 0.4886325 0.7326191 0.5653244 0.6262422 0.7854641 0.6112042 0.5922389 0.5898866 0.5758090 1.4418094 0.6426676 0.6584306 0.6603162 0.6293336 0.6503147 0.6712288 0.6435159 0.7411327 0.5480357 0.4541289 0.6086214 0.6296901 0.0000000 0.6188727 0.6296750 1.3330307 0.6384047 0.4711907 1.0953067 0.4650079 0.5097451 0.6413271 0.3482181 0.6317639 1.0537392 0.5642852 0.5759246 0.5626884 0.6446657 
yHAB136_Kazachstania_bromeliacearum         0.6604680 0.6175073 0.8346139 0.7307262 0.8200357 0.8888571 0.7553007 0.7844157 0.6690103 0.6062947 1.8928617 0.8139287 0.7823345 0.8422476 0.7947012 0.7817971 0.8048675 0.8329385 0.7787038 0.7841192 0.7620174 0.6898653 0.6877248 0.6188727 0.0000000 0.6434131 1.3310107 0.6497887 0.7071497 1.1085652 0.6687321 0.7028346 0.6921152 0.5807372 0.6529520 1.1420677 0.7986101 0.7744849 0.7749667 0.7908999 
yHAB143_Kazachstania_siamensis              0.7165421 0.6630863 0.7994666 0.7068689 0.8066495 0.9237148 0.7104822 0.8074781 0.6728113 0.6368033 1.6597575 0.8067418 0.8066884 0.8205534 0.8042519 0.8106546 0.8283276 0.8173968 0.8656905 0.7531023 0.7648634 0.6712510 0.4292601 0.6296750 0.6434131 0.0000000 1.2791847 0.7066830 0.7378061 0.9850573 0.6403168 0.6796157 0.3898548 0.6285655 0.3797778 1.0200401 0.7248333 0.7343014 0.7205233 0.7454588 
yHAB147_Kazachstania_taianensis             1.2401181 1.3713887 0.9658625 1.2968908 1.1302422 1.2716234 1.1857093 1.1256447 1.2394918 1.4209744 1.3864823 1.2568352 1.2835076 1.1931438 1.2620248 1.2710177 1.2062304 1.2104699 1.6147345 1.4639840 1.3621708 1.1923769 1.2658976 1.3330307 1.3310107 1.2791847 0.0000000 1.2362358 1.3138877 1.5144656 1.2802371 1.2477200 1.1898713 1.3724067 1.2708124 1.7352967 1.4013431 1.4589142 1.4929988 1.5000935 
yHAB148_Kazachstania_intestinalis           0.6907033 0.6628388 0.7376597 0.6359565 0.6558176 0.8808849 0.6812730 0.6907275 0.6840961 0.7582526 1.5297022 0.8184525 0.8011047 0.8246244 0.8234737 0.8180888 0.8128088 0.8168719 0.9716203 0.7127270 0.6372812 0.6325331 0.6971806 0.6384047 0.6497887 0.7066830 1.2362358 0.0000000 0.6091674 1.1116423 0.6423877 0.6394659 0.6595372 0.6376353 0.6090378 1.1891511 0.6999880 0.7156459 0.7361346 0.8594699 
yHAB153_Kazachstania_rosinii                0.6209522 0.5177350 0.6866792 0.6379953 0.6409389 0.8363729 0.6033123 0.6144482 0.6219198 0.6916450 1.3439510 0.6548970 0.6940663 0.6531222 0.6467153 0.6554887 0.6599920 0.6398204 0.7889051 0.6012148 0.6081568 0.5582758 0.6948373 0.4711907 0.7071497 0.7378061 1.3138877 0.6091674 0.0000000 0.9464101 0.5254579 0.5107491 0.6669257 0.4478723 0.7574716 1.0053039 0.6162176 0.6052620 0.6324408 0.7486158 
yHAB154_Kazachstania_transvaalensis         1.0812504 1.1072771 1.2522954 1.0745548 1.0480763 1.2501433 1.0519369 1.1397883 0.9804479 1.0167456 1.6130834 1.1308425 1.1032695 1.0734953 1.1126972 1.1418789 1.1016957 1.0959604 1.2007046 1.0349287 1.0267667 1.1907439 0.9689767 1.0953067 1.1085652 0.9850573 1.5144656 1.1116423 0.9464101 0.0000000 1.0213300 1.0947662 0.9367355 1.1415047 0.9434668 0.4693126 0.9698142 1.1296746 1.0945439 1.0451103 
yHAB155_Kazachstania_spencerorum            0.5911772 0.5117355 0.8164338 0.6328986 0.6345674 0.8232871 0.6061870 0.6689123 0.6273539 0.6174427 1.4449004 0.8258247 0.7750669 0.7891821 0.7724597 0.8264253 0.8517494 0.7936333 0.7921630 0.5882407 0.5580454 0.6056350 0.6845612 0.4650079 0.6687321 0.6403168 1.2802371 0.6423877 0.5254579 1.0213300 0.0000000 0.5462892 0.7304296 0.4327559 0.7136746 1.0533664 0.6110823 0.6119335 0.5940136 0.7756568 
yHAB158_Kazachstania_viticola               0.6297626 0.5167501 0.7938885 0.5908097 0.6971054 0.7953424 0.6556501 0.6642180 0.5535612 0.6053928 1.5668257 0.7255923 0.7512982 0.7668171 0.7630433 0.7649889 0.7414921 0.7449173 0.7809399 0.5672867 0.5806951 0.5474277 0.6826901 0.5097451 0.7028346 0.6796157 1.2477200 0.6394659 0.5107491 1.0947662 0.5462892 0.0000000 0.7290818 0.4292434 0.7437110 1.0342783 0.5718433 0.5582940 0.5914370 0.6654315 
yHAB159_Kazachstania_solicola               0.7023013 0.7285543 0.8092223 0.7362667 0.8306186 0.9471136 0.8244431 0.8195530 0.7172479 0.7451616 1.5909403 0.7740545 0.7753070 0.8001521 0.7812630 0.7651578 0.7829169 0.7900519 0.8645574 0.7760708 0.7528407 0.7597123 0.3354196 0.6413271 0.6921152 0.3898548 1.1898713 0.6595372 0.6669257 0.9367355 0.7304296 0.7290818 0.0000000 0.6942936 0.1382625 1.0231498 0.7598989 0.7977784 0.7944257 0.8569392 
yHAB160_Kazachstania_kunashirensis          0.6258110 0.4725957 0.7918542 0.5920281 0.6330449 0.7880109 0.6189313 0.6201793 0.5813202 0.6326513 1.5139829 0.7426225 0.7140972 0.7458635 0.7092081 0.7007064 0.7257466 0.7267066 0.6946391 0.5121053 0.4532167 0.5379081 0.6352402 0.3482181 0.5807372 0.6285655 1.3724067 0.6376353 0.4478723 1.1415047 0.4327559 0.4292434 0.6942936 0.0000000 0.6900130 1.1277350 0.5116543 0.5151027 0.5209781 0.6606066 
yHAB164_Kazachstania_aerobia                0.7256064 0.7223281 0.8256988 0.6964261 0.8649881 0.9909681 0.8030643 0.8450537 0.6782466 0.7070724 1.6961509 0.7487256 0.7646105 0.7848959 0.7743031 0.7411273 0.7803832 0.7586295 0.8399401 0.7983452 0.7573464 0.7573755 0.2886216 0.6317639 0.6529520 0.3797778 1.2708124 0.6090378 0.7574716 0.9434668 0.7136746 0.7437110 0.1382625 0.6900130 0.0000000 0.9754843 0.7611396 0.7995093 0.7969666 0.8279531 
yHAB166_Kazachstania_yakushimaensis         1.0675858 1.0762050 1.3281360 1.0506478 1.1179011 1.3269185 1.0405699 1.1314169 0.9103573 1.0392979 1.6367177 1.1717109 1.1535156 1.1558985 1.1355121 1.1229811 1.1687867 1.1438167 1.1556569 1.0930125 1.1229691 1.2082345 0.9717087 1.0537392 1.1420677 1.0200401 1.7352967 1.1891511 1.0053039 0.4693126 1.0533664 1.0342783 1.0231498 1.1277350 0.9754843 0.0000000 1.0808703 1.0603158 1.1108187 1.0760170 
yHMPu5000034875_Tetrapisispora_fleetii      0.5063195 0.5639289 0.8074118 0.5383134 0.5762865 0.7928814 0.5267179 0.5354524 0.6412390 0.6049085 1.5316133 0.7191265 0.7686142 0.7468422 0.7165109 0.7252630 0.7473938 0.7205974 0.7943880 0.2077519 0.3869077 0.6696449 0.7081870 0.5642852 0.7986101 0.7248333 1.4013431 0.6999880 0.6162176 0.9698142 0.6110823 0.5718433 0.7598989 0.5116543 0.7611396 1.0808703 0.0000000 0.2716835 0.1509974 0.6643613 
yHMPu5000034876_Tetrapisispora_iriomotensis 0.5427820 0.5849097 0.8194566 0.5055517 0.6011863 0.7280236 0.5642864 0.5517593 0.5657258 0.5850789 1.4657897 0.6812233 0.6673859 0.7365098 0.6894018 0.6709177 0.6759428 0.7325335 0.7563357 0.2501415 0.4028940 0.6544279 0.7198850 0.5759246 0.7744849 0.7343014 1.4589142 0.7156459 0.6052620 1.1296746 0.6119335 0.5582940 0.7977784 0.5151027 0.7995093 1.0603158 0.2716835 0.0000000 0.2655891 0.6290894 
yHMPu5000034877_Tetrapisispora_namnaonensis 0.5211214 0.5300494 0.7752083 0.5612314 0.5793571 0.8057689 0.5166321 0.5315173 0.6030408 0.5818917 1.5693328 0.7331504 0.7589812 0.7632201 0.7309827 0.7036937 0.7542201 0.7500664 0.7545500 0.2091123 0.4158505 0.6577609 0.7513761 0.5626884 0.7749667 0.7205233 1.4929988 0.7361346 0.6324408 1.0945439 0.5940136 0.5914370 0.7944257 0.5209781 0.7969666 1.1108187 0.1509974 0.2655891 0.0000000 0.6303474 
yHMPu5000035629_Yueomyces_sinensis          0.7651920 0.7141305 1.0123342 0.7106385 0.8941612 0.8726595 0.8837982 0.8934878 0.7092117 0.7002395 1.7451058 0.8717562 0.8208172 0.8693710 0.8507202 0.8186205 0.8474426 0.8600340 0.7201604 0.6465255 0.6579562 0.8217279 0.7869749 0.6446657 0.7908999 0.7454588 1.5000935 0.8594699 0.7486158 1.0451103 0.7756568 0.6654315 0.8569392 0.6606066 0.8279531 1.0760170 0.6643613 0.6290894 0.6303474 0.0000000 
