40
Candida_glabrata                            0.0000000 2.6861148 2.8113260 2.6962117 1.2764848 2.9494052 1.2518993 1.2691497 2.4025113 2.6651566 8.9999984 2.2251388 2.0773044 2.1005396 2.1147826 2.1174822 2.1107034 2.1836310 3.4338147 3.1968902 2.5151212 2.4007345 2.7174731 2.5950171 2.4912104 2.9023840 2.5936705 2.5072158 2.2479948 2.8942316 2.4272724 2.6214434 2.8768535 2.6714460 2.8418664 2.9547190 3.6365352 3.2308296 3.5423819 3.3641222 
Kazachstania_africana                       2.6861148 0.0000000 2.3471621 2.5389386 2.6840125 3.8960388 2.7219159 2.9372648 2.3573260 2.4908432 8.9999983 2.5030818 2.4778254 2.3978641 2.4173180 2.5380846 2.3458514 2.4118828 3.1473531 3.3878647 2.8169550 2.1409728 2.2627677 2.2055305 1.9165468 2.5021837 2.0957039 2.2151115 1.8411100 2.5622108 1.5934204 1.9561608 2.3504324 1.9488340 2.4988866 2.5159445 3.5063471 3.2527006 3.2602629 3.2301626 
Kazachstania_naganishii                     2.8113260 2.3471621 0.0000000 2.6460334 2.6911840 3.4669111 2.9957020 2.9493065 2.2888438 2.7037470 7.3822165 2.4806150 2.5468253 2.4925225 2.4537761 2.5289038 2.4793244 2.4655595 3.3292114 3.8606527 2.8802481 2.1387675 1.8570501 2.6133640 1.8394063 2.0267408 1.9422725 2.4855467 2.1270700 2.7647364 2.1818890 2.4356760 1.7708726 2.6314897 1.8955953 2.9409375 4.0571085 4.0447484 4.0348608 3.5054576 
Nakaseomyces_bacillisporus                  2.6962117 2.5389386 2.6460334 0.0000000 2.8844439 2.6443840 2.8726473 2.9801548 2.2997445 2.6333031 8.9999986 2.1599475 2.0933924 2.0432231 2.1004232 1.9857111 2.0491304 2.0672087 2.9439720 3.3668169 2.7591861 2.3510013 2.4553131 2.5231719 2.4964827 2.5661588 2.6694178 2.3960377 2.5707511 2.8915732 2.4117954 2.4687532 2.7176837 2.4644522 2.6549442 3.1680586 3.4857231 3.2005689 3.4426163 3.1541546 
Nakaseomyces_bracarensis                    1.2764848 2.6840125 2.6911840 2.8844439 0.0000000 3.2483688 0.7109436 0.6466417 2.2627076 2.7628331 8.9999990 2.4277273 2.1861974 2.1417147 2.1533176 2.2329436 2.1489450 2.1739401 3.3387560 3.5331691 2.7218798 2.5321547 2.8016120 2.6918093 2.7225006 2.9568114 2.9374605 2.4900545 2.4928126 3.0740227 2.7915932 2.6697737 2.9472946 2.8148772 2.9441546 3.2342192 3.7661440 3.2305475 3.5941451 3.2727047 
Nakaseomyces_castellii                      2.9494052 3.8960388 3.4669111 2.6443840 3.2483688 0.0000000 3.4207084 3.2892808 2.8986949 3.4002687 8.9999983 3.2295416 2.8332324 2.9314206 2.9034964 2.9767322 2.9026130 2.9001481 3.4133447 3.9857865 3.5394079 3.3626204 3.4180215 3.6485424 3.5150793 3.3555757 3.2060876 3.1465778 3.0798280 3.6787200 3.4509032 3.5682158 3.6299052 3.3846582 3.6562982 3.6814582 3.9390698 3.7631659 4.1250726 3.7319118 
Nakaseomyces_delphensis                     1.2518993 2.7219159 2.9957020 2.8726473 0.7109436 3.4207084 0.0000000 0.5904101 2.4629857 2.6521041 8.9999990 2.4857754 2.2111641 2.3430443 2.3975449 2.3838028 2.2847054 2.3642943 3.6209937 3.5342329 2.5888497 2.5975398 2.9003946 2.7524165 2.7231050 3.1836625 3.0443438 2.4564572 2.5664629 3.2781224 2.7219741 2.9132808 3.1464740 2.9993365 3.0934816 3.3805585 4.0306199 3.2193905 3.7989867 3.4236213 
Nakaseomyces_nivariensis                    1.2691497 2.9372648 2.9493065 2.9801548 0.6466417 3.2892808 0.5904101 0.0000000 2.3071255 2.4999244 8.9999990 2.3109292 2.0974712 2.1649518 2.1308326 2.2705624 2.1289011 2.1635247 3.7742367 3.3998304 2.7033624 2.5521897 2.9066047 2.8728205 2.7989029 3.1047221 3.0924680 2.6915692 2.4793122 3.1071782 2.7289870 2.9206971 3.1742404 2.8110925 3.0475707 3.2401421 3.8222792 3.1572951 3.5636382 3.3168286 
Naumovozyma_castellii                       2.4025113 2.3573260 2.2888438 2.2997445 2.2627076 2.8986949 2.4629857 2.3071255 0.0000000 1.8282743 8.9999989 2.0328127 1.8151482 1.8872292 1.8700730 1.8564923 1.8216290 1.8356301 2.8158905 2.6536220 2.4033580 2.1886750 2.6285272 2.2485255 1.8715897 2.6960492 2.2496204 2.1268567 1.8892452 2.3043725 2.0140946 2.0877396 2.6639414 2.0759986 2.7661114 2.2787242 2.8076619 2.7026023 2.8089402 2.8056730 
Naumovozyma_dairenensis                     2.6651566 2.4908432 2.7037470 2.6333031 2.7628331 3.4002687 2.6521041 2.4999244 1.8282743 0.0000000 8.9999984 2.1883336 2.0707290 2.1461872 2.0893210 2.1123972 2.0780055 2.1148097 2.9976503 3.1195515 2.8000564 2.0774206 2.5414085 2.4374497 2.3304309 2.7231875 2.4402529 2.6616556 2.3069483 2.8897612 2.3318024 2.3793440 2.8121759 2.4515188 2.7972328 2.8937403 3.3953777 2.9043142 3.2020366 3.3470954 
Neurospora_crassa                           8.9999984 8.9999983 7.3822165 8.9999986 8.9999990 8.9999983 8.9999990 8.9999990 8.9999989 8.9999984 0.0000000 8.9999983 8.9999981 8.9999981 8.9999984 8.9999983 8.9999989 8.9999989 8.9999990 8.9999987 8.9999986 8.9999986 8.9999983 8.9999982 8.9999990 8.9999983 8.9999985 8.9999983 8.9999985 8.9999989 8.9999982 8.9999983 8.9999985 8.9999981 8.9999989 8.9999986 8.9999982 8.9999987 8.9999981 8.9999983 
Saccharomyces_arboricola                    2.2251388 2.5030818 2.4806150 2.1599475 2.4277273 3.2295416 2.4857754 2.3109292 2.0328127 2.1883336 8.9999983 0.0000000 0.3707903 0.3648255 0.3123262 0.3441471 0.3463474 0.3481298 3.0034803 2.9290586 2.3501243 2.1403938 2.5448377 2.2232099 2.0654527 2.6016795 2.1101159 2.2447356 2.1783707 2.4250185 2.2396199 2.4377029 2.8488987 2.4206701 2.8301803 2.6272457 3.4278814 2.9124852 3.1946146 3.1075993 
Saccharomyces_cerevisiae                    2.0773044 2.4778254 2.5468253 2.0933924 2.1861974 2.8332324 2.2111641 2.0974712 1.8151482 2.0707290 8.9999981 0.3707903 0.0000000 0.3830050 0.3410952 0.3063096 0.1521983 0.3975935 2.7421988 2.9358871 2.2567523 1.9413725 2.3536453 2.0573985 1.8454756 2.5380522 2.0514662 2.0974004 2.0886508 2.3876516 2.1944187 2.3163115 2.6165667 2.1556792 2.5887245 2.5146455 3.5166505 2.7780771 3.2326503 2.8611123 
Saccharomyces_eubayanus                     2.1005396 2.3978641 2.4925225 2.0432231 2.1417147 2.9314206 2.3430443 2.1649518 1.8872292 2.1461872 8.9999981 0.3648255 0.3830050 0.0000000 0.3260748 0.3781433 0.3149246 0.1003119 2.7660695 2.8590831 2.2368956 1.9794289 2.4606152 2.2087396 1.9025400 2.4595611 2.1346459 2.2591644 2.0772159 2.3648813 2.1619073 2.2352142 2.7264094 2.2430894 2.7071890 2.5365663 3.4214012 2.8693480 3.1134202 2.8746425 
Saccharomyces_kudriavzevii                  2.1147826 2.4173180 2.4537761 2.1004232 2.1533176 2.9034964 2.3975449 2.1308326 1.8700730 2.0893210 8.9999984 0.3123262 0.3410952 0.3260748 0.0000000 0.3113124 0.2882902 0.3133989 2.7809651 2.8667442 2.2316918 2.1049086 2.4751798 2.2089003 1.9614567 2.5101833 2.1340706 2.2184760 2.1986972 2.3162389 2.2305948 2.3009762 2.7505588 2.2651562 2.7432914 2.5209254 3.3750399 2.7497567 3.0641012 2.8598707 
Saccharomyces_mikatae                       2.1174822 2.5380846 2.5289038 1.9857111 2.2329436 2.9767322 2.3838028 2.2705624 1.8564923 2.1123972 8.9999983 0.3441471 0.3063096 0.3781433 0.3113124 0.0000000 0.2486847 0.3549619 2.7349165 2.8947951 2.2751277 2.0072616 2.4286332 2.2636015 1.9778787 2.4730540 2.0539373 2.2683151 2.1264422 2.4609467 2.1955289 2.2868602 2.7182797 2.2833045 2.6185080 2.6303705 3.4783329 2.6832057 3.1252310 2.9968715 
Saccharomyces_paradoxus                     2.1107034 2.3458514 2.4793244 2.0491304 2.1489450 2.9026130 2.2847054 2.1289011 1.8216290 2.0780055 8.9999989 0.3463474 0.1521983 0.3149246 0.2882902 0.2486847 0.0000000 0.3273337 2.8256161 2.8811593 2.2548967 1.9548742 2.4257107 2.1008993 1.8850902 2.5429728 1.9950125 2.1789158 2.1144778 2.3530428 2.1435390 2.2411756 2.6443457 2.1940975 2.6626031 2.5041567 3.3817406 2.7574931 3.0408695 2.8464677 
Saccharomyces_uvarum                        2.1836310 2.4118828 2.4655595 2.0672087 2.1739401 2.9001481 2.3642943 2.1635247 1.8356301 2.1148097 8.9999989 0.3481298 0.3975935 0.1003119 0.3133989 0.3549619 0.3273337 0.0000000 2.7602180 2.8349821 2.2907130 2.0147851 2.4245944 2.2037445 1.9628562 2.5515407 2.1909149 2.2008969 2.0424548 2.3268713 2.1328656 2.2757736 2.7817986 2.2052532 2.7341493 2.6074644 3.4865658 2.7457685 3.1850712 2.8588540 
Tetrapisispora_blattae                      3.4338147 3.1473531 3.3292114 2.9439720 3.3387560 3.4133447 3.6209937 3.7742367 2.8158905 2.9976503 8.9999990 3.0034803 2.7421988 2.7660695 2.7809651 2.7349165 2.8256161 2.7602180 0.0000000 3.5521275 2.6594009 2.8840990 3.3216930 3.0890800 2.7195411 3.1955481 3.2025080 3.3456052 3.0789129 3.4548772 2.7955675 3.1507594 3.4537398 3.3502528 3.4040995 3.5050988 3.8296044 3.2527245 3.6521922 1.7745060 
Tetrapisispora_phaffii                      3.1968902 3.3878647 3.8606527 3.3668169 3.5331691 3.9857865 3.5342329 3.3998304 2.6536220 3.1195515 8.9999987 2.9290586 2.9358871 2.8590831 2.8667442 2.8947951 2.8811593 2.8349821 3.5521275 0.0000000 2.1701326 3.2680968 3.2556031 3.7662925 3.3526764 3.2146136 3.2617065 3.2234608 3.4392016 3.9731335 3.1454040 3.5748353 3.7107865 3.4363771 3.8078997 3.9249210 1.0269821 1.2683863 0.9349242 3.7543129 
Vanderwaltozyma_polyspora                   2.5151212 2.8169550 2.8802481 2.7591861 2.7218798 3.5394079 2.5888497 2.7033624 2.4033580 2.8000564 8.9999986 2.3501243 2.2567523 2.2368956 2.2316918 2.2751277 2.2548967 2.2907130 2.6594009 2.1701326 0.0000000 2.4001657 2.9002936 2.5842988 2.4890502 2.8343473 2.5922869 2.6067233 2.5152675 2.9661507 2.4467640 2.8546914 3.1377469 2.4749910 3.1563369 3.1055647 2.7278489 1.9548647 2.4547003 2.7920423 
yHAB132_Kazachstania_martiniae              2.4007345 2.1409728 2.1387675 2.3510013 2.5321547 3.3626204 2.5975398 2.5521897 2.1886750 2.0774206 8.9999986 2.1403938 1.9413725 1.9794289 2.1049086 2.0072616 1.9548742 2.0147851 2.8840990 3.2680968 2.4001657 0.0000000 2.0774903 2.0916822 1.8942050 2.2493405 1.8483489 2.0310489 1.6289672 2.1713038 1.6695874 1.9015552 2.3540885 1.8681366 2.3236088 2.3432927 3.1048638 2.9855351 3.1616917 3.0371536 
yHAB133_Kazachstania_unispora               2.7174731 2.2627677 1.8570501 2.4553131 2.8016120 3.4180215 2.9003946 2.9066047 2.6285272 2.5414085 8.9999983 2.5448377 2.3536453 2.4606152 2.4751798 2.4286332 2.4257107 2.4245944 3.3216930 3.2556031 2.9002936 2.0774903 0.0000000 2.3216150 1.5298448 0.6412865 1.4974664 2.1360632 2.0868111 2.0634748 1.9725701 2.2511391 0.5185115 2.4975465 0.4974859 2.1231800 3.8001721 3.1634652 3.5583864 3.4916035 
yHAB134_Kazachstania_turicensis             2.5950171 2.2055305 2.6133640 2.5231719 2.6918093 3.6485424 2.7524165 2.8728205 2.2485255 2.4374497 8.9999982 2.2232099 2.0573985 2.2087396 2.2089003 2.2636015 2.1008993 2.2037445 3.0890800 3.7662925 2.5842988 2.0916822 2.3216150 0.0000000 1.9022244 2.5984798 2.3250837 2.0804660 1.7505836 2.5121370 1.8489448 2.3482343 2.5384785 1.4044063 2.4806943 2.6750919 4.0299408 3.8375899 3.7710269 3.1344467 
yHAB136_Kazachstania_bromeliacearum         2.4912104 1.9165468 1.8394063 2.4964827 2.7225006 3.5150793 2.7231050 2.7989029 1.8715897 2.3304309 8.9999990 2.0654527 1.8454756 1.9025400 1.9614567 1.9778787 1.8850902 1.9628562 2.7195411 3.3526764 2.4890502 1.8942050 1.5298448 1.9022244 0.0000000 1.6009790 1.3218999 2.1317727 1.7020205 1.8720824 1.6676522 2.0421614 1.4795142 1.9465640 1.5436486 1.9837359 3.7870922 3.1810215 3.7184543 3.0968684 
yHAB143_Kazachstania_siamensis              2.9023840 2.5021837 2.0267408 2.5661588 2.9568114 3.3555757 3.1836625 3.1047221 2.6960492 2.7231875 8.9999983 2.6016795 2.5380522 2.4595611 2.5101833 2.4730540 2.5429728 2.5515407 3.1955481 3.2146136 2.8343473 2.2493405 0.6412865 2.5984798 1.6009790 0.0000000 1.5361587 2.4551087 2.3067866 2.1410013 1.9990033 2.2478443 0.8001522 2.4717306 0.7003222 2.1264638 3.8604611 3.4305984 3.6493254 3.2595711 
yHAB147_Kazachstania_taianensis             2.5936705 2.0957039 1.9422725 2.6694178 2.9374605 3.2060876 3.0443438 3.0924680 2.2496204 2.4402529 8.9999985 2.1101159 2.0514662 2.1346459 2.1340706 2.0539373 1.9950125 2.1909149 3.2025080 3.2617065 2.5922869 1.8483489 1.4974664 2.3250837 1.3218999 1.5361587 0.0000000 2.2316837 1.7869121 2.0267150 1.9943470 2.0946720 1.5017319 2.2921589 1.5882873 1.9829375 3.1818457 3.4631933 3.2229601 3.5512575 
yHAB148_Kazachstania_intestinalis           2.5072158 2.2151115 2.4855467 2.3960377 2.4900545 3.1465778 2.4564572 2.6915692 2.1268567 2.6616556 8.9999983 2.2447356 2.0974004 2.2591644 2.2184760 2.2683151 2.1789158 2.2008969 3.3456052 3.2234608 2.6067233 2.0310489 2.1360632 2.0804660 2.1317727 2.4551087 2.2316837 0.0000000 2.1830830 2.6113518 2.0077363 2.1963249 2.2954311 2.1225259 2.3316368 2.6432824 3.4870351 3.2073696 3.3380152 3.4499652 
yHAB153_Kazachstania_rosinii                2.2479948 1.8411100 2.1270700 2.5707511 2.4928126 3.0798280 2.5664629 2.4793122 1.8892452 2.3069483 8.9999985 2.1783707 2.0886508 2.0772159 2.1986972 2.1264422 2.1144778 2.0424548 3.0789129 3.4392016 2.5152675 1.6289672 2.0868111 1.7505836 1.7020205 2.3067866 1.7869121 2.1830830 0.0000000 2.3753684 1.3656431 2.1235989 2.2678471 1.5490015 2.2912045 2.4123330 3.7027655 3.0749079 3.4080763 3.1640882 
yHAB154_Kazachstania_transvaalensis         2.8942316 2.5622108 2.7647364 2.8915732 3.0740227 3.6787200 3.2781224 3.1071782 2.3043725 2.8897612 8.9999989 2.4250185 2.3876516 2.3648813 2.3162389 2.4609467 2.3530428 2.3268713 3.4548772 3.9731335 2.9661507 2.1713038 2.0634748 2.5121370 1.8720824 2.1410013 2.0267150 2.6113518 2.3753684 0.0000000 2.3844340 2.5254492 2.2652482 2.5382586 2.1746553 0.5393200 4.2060123 3.8163146 3.9841490 3.2190544 
yHAB155_Kazachstania_spencerorum            2.4272724 1.5934204 2.1818890 2.4117954 2.7915932 3.4509032 2.7219741 2.7289870 2.0140946 2.3318024 8.9999982 2.2396199 2.1944187 2.1619073 2.2305948 2.1955289 2.1435390 2.1328656 2.7955675 3.1454040 2.4467640 1.6695874 1.9725701 1.8489448 1.6676522 1.9990033 1.9943470 2.0077363 1.3656431 2.3844340 0.0000000 1.9215337 2.0710008 1.5258077 2.1352932 2.2932337 3.8060220 2.9540094 3.5564183 2.8336054 
yHAB158_Kazachstania_viticola               2.6214434 1.9561608 2.4356760 2.4687532 2.6697737 3.5682158 2.9132808 2.9206971 2.0877396 2.3793440 8.9999983 2.4377029 2.3163115 2.2352142 2.3009762 2.2868602 2.2411756 2.2757736 3.1507594 3.5748353 2.8546914 1.9015552 2.2511391 2.3482343 2.0421614 2.2478443 2.0946720 2.1963249 2.1235989 2.5254492 1.9215337 0.0000000 2.2352140 2.1359694 2.3031490 2.3826349 3.9231476 3.3072941 3.7028643 3.2572470 
yHAB159_Kazachstania_solicola               2.8768535 2.3504324 1.7708726 2.7176837 2.9472946 3.6299052 3.1464740 3.1742404 2.6639414 2.8121759 8.9999985 2.8488987 2.6165667 2.7264094 2.7505588 2.7182797 2.6443457 2.7817986 3.4537398 3.7107865 3.1377469 2.3540885 0.5185115 2.5384785 1.4795142 0.8001522 1.5017319 2.2954311 2.2678471 2.2652482 2.0710008 2.2352140 0.0000000 2.4736092 0.1727198 2.2683557 4.2102898 3.4610758 3.9862878 3.7129919 
yHAB160_Kazachstania_kunashirensis          2.6714460 1.9488340 2.6314897 2.4644522 2.8148772 3.3846582 2.9993365 2.8110925 2.0759986 2.4515188 8.9999981 2.4206701 2.1556792 2.2430894 2.2651562 2.2833045 2.1940975 2.2052532 3.3502528 3.4363771 2.4749910 1.8681366 2.4975465 1.4044063 1.9465640 2.4717306 2.2921589 2.1225259 1.5490015 2.5382586 1.5258077 2.1359694 2.4736092 0.0000000 2.4697506 2.4290814 3.5547093 3.1656942 3.4699477 3.1331349 
yHAB164_Kazachstania_aerobia                2.8418664 2.4988866 1.8955953 2.6549442 2.9441546 3.6562982 3.0934816 3.0475707 2.7661114 2.7972328 8.9999989 2.8301803 2.5887245 2.7071890 2.7432914 2.6185080 2.6626031 2.7341493 3.4040995 3.8078997 3.1563369 2.3236088 0.4974859 2.4806943 1.5436486 0.7003222 1.5882873 2.3316368 2.2912045 2.1746553 2.1352932 2.3031490 0.1727198 2.4697506 0.0000000 2.2172886 4.1855002 3.6740687 3.8298135 3.6602680 
yHAB166_Kazachstania_yakushimaensis         2.9547190 2.5159445 2.9409375 3.1680586 3.2342192 3.6814582 3.3805585 3.2401421 2.2787242 2.8937403 8.9999986 2.6272457 2.5146455 2.5365663 2.5209254 2.6303705 2.5041567 2.6074644 3.5050988 3.9249210 3.1055647 2.3432927 2.1231800 2.6750919 1.9837359 2.1264638 1.9829375 2.6432824 2.4123330 0.5393200 2.2932337 2.3826349 2.2683557 2.4290814 2.2172886 0.0000000 4.0299065 3.6616076 3.8394695 3.4258363 
yHMPu5000034875_Tetrapisispora_fleetii      3.6365352 3.5063471 4.0571085 3.4857231 3.7661440 3.9390698 4.0306199 3.8222792 2.8076619 3.3953777 8.9999982 3.4278814 3.5166505 3.4214012 3.3750399 3.4783329 3.3817406 3.4865658 3.8296044 1.0269821 2.7278489 3.1048638 3.8001721 4.0299408 3.7870922 3.8604611 3.1818457 3.4870351 3.7027655 4.2060123 3.8060220 3.9231476 4.2102898 3.5547093 4.1855002 4.0299065 0.0000000 1.4975120 0.3855086 4.1288179 
yHMPu5000034876_Tetrapisispora_iriomotensis 3.2308296 3.2527006 4.0447484 3.2005689 3.2305475 3.7631659 3.2193905 3.1572951 2.7026023 2.9043142 8.9999987 2.9124852 2.7780771 2.8693480 2.7497567 2.6832057 2.7574931 2.7457685 3.2527245 1.2683863 1.9548647 2.9855351 3.1634652 3.8375899 3.1810215 3.4305984 3.4631933 3.2073696 3.0749079 3.8163146 2.9540094 3.3072941 3.4610758 3.1656942 3.6740687 3.6616076 1.4975120 0.0000000 1.3483888 3.4899621 
yHMPu5000034877_Tetrapisispora_namnaonensis 3.5423819 3.2602629 4.0348608 3.4426163 3.5941451 4.1250726 3.7989867 3.5636382 2.8089402 3.2020366 8.9999981 3.1946146 3.2326503 3.1134202 3.0641012 3.1252310 3.0408695 3.1850712 3.6521922 0.9349242 2.4547003 3.1616917 3.5583864 3.7710269 3.7184543 3.6493254 3.2229601 3.3380152 3.4080763 3.9841490 3.5564183 3.7028643 3.9862878 3.4699477 3.8298135 3.8394695 0.3855086 1.3483888 0.0000000 4.0281080 
yHMPu5000035629_Yueomyces_sinensis          3.3641222 3.2301626 3.5054576 3.1541546 3.2727047 3.7319118 3.4236213 3.3168286 2.8056730 3.3470954 8.9999983 3.1075993 2.8611123 2.8746425 2.8598707 2.9968715 2.8464677 2.8588540 1.7745060 3.7543129 2.7920423 3.0371536 3.4916035 3.1344467 3.0968684 3.2595711 3.5512575 3.4499652 3.1640882 3.2190544 2.8336054 3.2572470 3.7129919 3.1331349 3.6602680 3.4258363 4.1288179 3.4899621 4.0281080 0.0000000 
