40
Candida_glabrata                            0.0000000 0.4769892 0.4725304 0.4731686 0.3298542 0.5459569 0.2656615 0.2670192 0.5050561 0.4683152 1.2247350 0.3678553 0.3807937 0.3704407 0.3929575 0.4106115 0.3593015 0.3585785 0.5006045 0.4596572 0.4688987 0.4268776 0.5298451 0.5000805 0.4453740 0.4999035 0.4723692 0.5415615 0.3642557 0.4799092 0.4846730 0.5184509 0.4927835 0.4944096 0.5362576 0.5067191 0.4379520 0.5168454 0.5082473 0.5310628 
Kazachstania_africana                       0.4769892 0.0000000 0.3848010 0.2954101 0.4382322 0.5315913 0.5085299 0.4388471 0.2885819 0.2681013 1.4083245 0.3779916 0.3425604 0.3696379 0.3497123 0.3655755 0.3799871 0.3721913 0.3348425 0.3806419 0.3448230 0.2599362 0.2959945 0.2436351 0.2651490 0.2668504 0.3056373 0.3496012 0.3539932 0.2806083 0.2464995 0.2702150 0.3099439 0.2107045 0.3127332 0.2888406 0.3780038 0.3456524 0.3455750 0.3361614 
Kazachstania_naganishii                     0.4725304 0.3848010 0.0000000 0.4086840 0.4848007 0.4930711 0.4642860 0.4787225 0.4004522 0.3690545 1.3418178 0.4454733 0.4093829 0.4377618 0.4499421 0.4604158 0.4516747 0.4421560 0.4747459 0.4139239 0.3932514 0.3753713 0.4493758 0.4050772 0.3402203 0.3821185 0.3924935 0.4258233 0.4031247 0.4273623 0.4307053 0.4194394 0.3897497 0.3960233 0.4246363 0.4223250 0.4321184 0.4565049 0.4512040 0.4853000 
Nakaseomyces_bacillisporus                  0.4731686 0.2954101 0.4086840 0.0000000 0.4272310 0.4893670 0.4781890 0.4752674 0.3272981 0.2626299 1.2678843 0.4074522 0.3696618 0.3960134 0.4082563 0.3761891 0.3749944 0.3813507 0.3683298 0.3735950 0.3024472 0.2947528 0.3370217 0.2961281 0.2850223 0.3087401 0.3554188 0.3802060 0.3552377 0.3177971 0.2837502 0.3372011 0.3585714 0.2665215 0.3380388 0.3545080 0.3422227 0.3660805 0.3327838 0.3525253 
Nakaseomyces_bracarensis                    0.3298542 0.4382322 0.4848007 0.4272310 0.0000000 0.5782096 0.2494386 0.2093118 0.4681693 0.4323552 1.2399284 0.4479413 0.4438412 0.4405461 0.4480808 0.4444348 0.4403320 0.4338571 0.3808105 0.4395455 0.4273369 0.3661785 0.4910929 0.4519949 0.3756948 0.4434373 0.4360246 0.3795781 0.4004990 0.4573906 0.4524729 0.3894617 0.4833016 0.3920056 0.4817307 0.4502049 0.4484845 0.4498817 0.4631658 0.4175364 
Nakaseomyces_castellii                      0.5459569 0.5315913 0.4930711 0.4893670 0.5782096 0.0000000 0.5541260 0.4999824 0.5665596 0.5776649 1.3698507 0.5055794 0.4579287 0.5261749 0.4844746 0.4943141 0.4796566 0.5113378 0.6279643 0.5058503 0.5849983 0.5276573 0.5679518 0.5350857 0.5556435 0.4912814 0.5554705 0.5185739 0.5266905 0.5409066 0.4963004 0.5951574 0.5892126 0.5231465 0.5423243 0.5843890 0.5351117 0.5985745 0.5404963 0.6239702 
Nakaseomyces_delphensis                     0.2656615 0.5085299 0.4642860 0.4781890 0.2494386 0.5541260 0.0000000 0.1867609 0.4972789 0.5171761 1.2635290 0.4518789 0.4497375 0.4302180 0.4478987 0.4911361 0.4506910 0.4337912 0.4836420 0.4809728 0.5685051 0.4694903 0.5796356 0.5232170 0.5074412 0.5244929 0.4571870 0.4909359 0.3836202 0.5107569 0.5282688 0.4947126 0.5303657 0.5068117 0.5883685 0.5297897 0.5110470 0.5235706 0.5403191 0.5887467 
Nakaseomyces_nivariensis                    0.2670192 0.4388471 0.4787225 0.4752674 0.2093118 0.4999824 0.1867609 0.0000000 0.4938517 0.4796654 1.2181080 0.4065398 0.4052477 0.4257485 0.4235783 0.4213086 0.3880769 0.4247611 0.4454948 0.4338882 0.4814657 0.4486275 0.5358922 0.5079607 0.4432700 0.4659817 0.4631761 0.5000136 0.3742510 0.4981005 0.4841641 0.4837552 0.5081246 0.4315073 0.5399401 0.5151429 0.4147889 0.5010331 0.4726483 0.5336436 
Naumovozyma_castellii                       0.5050561 0.2885819 0.4004522 0.3272981 0.4681693 0.5665596 0.4972789 0.4938517 0.0000000 0.2617406 1.4681577 0.3865252 0.4032801 0.3682956 0.3882678 0.3991467 0.3906309 0.3767319 0.3659301 0.3927898 0.3344329 0.2823961 0.3017609 0.3131074 0.2763748 0.2889469 0.3386501 0.3652599 0.3583533 0.3488726 0.2910185 0.3405339 0.3241356 0.2838623 0.3637188 0.3431440 0.3824749 0.3773659 0.3809107 0.3845527 
Naumovozyma_dairenensis                     0.4683152 0.2681013 0.3690545 0.2626299 0.4323552 0.5776649 0.5171761 0.4796654 0.2617406 0.0000000 1.4289055 0.3753835 0.3497273 0.3715699 0.3547074 0.3522316 0.3601570 0.3702656 0.3643654 0.3808208 0.3007660 0.2675191 0.3140696 0.2681793 0.2395217 0.2537934 0.3236219 0.3725658 0.3225129 0.2786906 0.2665512 0.2887666 0.3004791 0.2531383 0.2808533 0.2856008 0.3492675 0.3305972 0.3627675 0.3349355 
Neurospora_crassa                           1.2247350 1.4083245 1.3418178 1.2678843 1.2399284 1.3698507 1.2635290 1.2181080 1.4681577 1.4289055 0.0000000 1.2247250 1.2661035 1.2569162 1.2411874 1.2202585 1.2149096 1.2572009 1.3036290 1.3850532 1.4007859 1.2904832 1.4734525 1.4436787 1.4110704 1.4449724 1.5143511 1.4135681 1.2663347 1.4964774 1.4209893 1.4246402 1.4161843 1.3965570 1.4697933 1.4589409 1.3329052 1.4917306 1.3443370 1.3749835 
Saccharomyces_arboricola                    0.3678553 0.3779916 0.4454733 0.4074522 0.4479413 0.5055794 0.4518789 0.4065398 0.3865252 0.3753835 1.2247250 0.0000000 0.1935177 0.1786771 0.1478007 0.1690630 0.1743040 0.1810199 0.4180990 0.4249467 0.4041262 0.3580313 0.3974668 0.3957671 0.3493370 0.3815132 0.4388104 0.4477055 0.3520631 0.3800827 0.3302292 0.3302754 0.4191593 0.3411619 0.4013499 0.4022791 0.4096914 0.4598115 0.4634441 0.5098572 
Saccharomyces_cerevisiae                    0.3807937 0.3425604 0.4093829 0.3696618 0.4438412 0.4579287 0.4497375 0.4052477 0.4032801 0.3497273 1.2661035 0.1935177 0.0000000 0.1820033 0.1694938 0.1294328 0.0845295 0.1652155 0.3987063 0.4165388 0.3761828 0.3107837 0.3819521 0.3368797 0.3197297 0.3677006 0.3842777 0.4550541 0.3640399 0.3641208 0.3162934 0.3615898 0.3776541 0.3191388 0.3850765 0.3973494 0.4145238 0.4116307 0.4521806 0.4647169 
Saccharomyces_eubayanus                     0.3704407 0.3696379 0.4377618 0.3960134 0.4405461 0.5261749 0.4302180 0.4257485 0.3682956 0.3715699 1.2569162 0.1786771 0.1820033 0.0000000 0.1582382 0.1952213 0.1729155 0.0445636 0.4186507 0.4274436 0.4024257 0.3410208 0.4177014 0.3582645 0.3141628 0.4046705 0.4106305 0.4369747 0.3444502 0.3780573 0.3371128 0.3727800 0.4236404 0.3461147 0.4218658 0.4150994 0.4080637 0.4000872 0.4245044 0.4591517 
Saccharomyces_kudriavzevii                  0.3929575 0.3497123 0.4499421 0.4082563 0.4480808 0.4844746 0.4478987 0.4235783 0.3882678 0.3547074 1.2411874 0.1478007 0.1694938 0.1582382 0.0000000 0.1592355 0.1364883 0.1686654 0.3653755 0.4598100 0.3911930 0.3429239 0.4100039 0.3572294 0.3476412 0.3843349 0.4051412 0.4427242 0.3791244 0.3712064 0.3242935 0.3694465 0.4053650 0.3227666 0.4056295 0.3870895 0.4037136 0.4097334 0.4405013 0.4764386 
Saccharomyces_mikatae                       0.4106115 0.3655755 0.4604158 0.3761891 0.4444348 0.4943141 0.4911361 0.4213086 0.3991467 0.3522316 1.2202585 0.1690630 0.1294328 0.1952213 0.1592355 0.0000000 0.1154765 0.2024233 0.3980636 0.4145321 0.3697621 0.3110996 0.3836232 0.3344107 0.3217160 0.3689788 0.4285489 0.4103475 0.3838344 0.3620096 0.2867527 0.3571858 0.4026680 0.3024975 0.3899058 0.3832687 0.3863753 0.4150661 0.4474408 0.4706496 
Saccharomyces_paradoxus                     0.3593015 0.3799871 0.4516747 0.3749944 0.4403320 0.4796566 0.4506910 0.3880769 0.3906309 0.3601570 1.2149096 0.1743040 0.0845295 0.1729155 0.1364883 0.1154765 0.0000000 0.1648330 0.3850874 0.4232210 0.3882158 0.3106977 0.3863352 0.3455909 0.3297220 0.3820830 0.3893601 0.4624659 0.3565230 0.3594565 0.3147143 0.3661013 0.4065204 0.3241815 0.4061265 0.4130310 0.3913546 0.4260550 0.4379268 0.4760639 
Saccharomyces_uvarum                        0.3585785 0.3721913 0.4421560 0.3813507 0.4338571 0.5113378 0.4337912 0.4247611 0.3767319 0.3702656 1.2572009 0.1810199 0.1652155 0.0445636 0.1686654 0.2024233 0.1648330 0.0000000 0.4118257 0.4438389 0.3974225 0.3392860 0.4130631 0.3529739 0.3246085 0.4024639 0.4123043 0.4475566 0.3355158 0.3790746 0.3294744 0.3764925 0.4161914 0.3376727 0.4131425 0.4052763 0.4003317 0.4114984 0.4196441 0.4588253 
Tetrapisispora_blattae                      0.5006045 0.3348425 0.4747459 0.3683298 0.3808105 0.6279643 0.4836420 0.4454948 0.3659301 0.3643654 1.3036290 0.4180990 0.3987063 0.4186507 0.3653755 0.3980636 0.3850874 0.4118257 0.0000000 0.3824022 0.2816224 0.3500579 0.4071496 0.3474661 0.3510127 0.3486840 0.3809337 0.4158061 0.4449116 0.3963517 0.3350979 0.3586645 0.4160210 0.3174483 0.4107100 0.4067513 0.3346099 0.3646222 0.3555944 0.2686889 
Tetrapisispora_phaffii                      0.4596572 0.3806419 0.4139239 0.3735950 0.4395455 0.5058503 0.4809728 0.4338882 0.3927898 0.3808208 1.3850532 0.4249467 0.4165388 0.4274436 0.4598100 0.4145321 0.4232210 0.4438389 0.3824022 0.0000000 0.2733300 0.3043547 0.4557007 0.3515641 0.3634185 0.3664986 0.4008851 0.4255740 0.3463663 0.3612166 0.3411843 0.3743511 0.4259831 0.3301187 0.4386938 0.4226536 0.2219296 0.2815954 0.2385725 0.3819360 
Vanderwaltozyma_polyspora                   0.4688987 0.3448230 0.3932514 0.3024472 0.4273369 0.5849983 0.5685051 0.4814657 0.3344329 0.3007660 1.4007859 0.4041262 0.3761828 0.4024257 0.3911930 0.3697621 0.3882158 0.3974225 0.2816224 0.2733300 0.0000000 0.2707360 0.3169002 0.2865969 0.2600721 0.2920690 0.3716011 0.3891932 0.3462382 0.3234769 0.2621226 0.3567408 0.3186043 0.2535490 0.3120991 0.3445043 0.3376072 0.2837890 0.3343101 0.3223887 
yHAB132_Kazachstania_martiniae              0.4268776 0.2599362 0.3753713 0.2947528 0.3661785 0.5276573 0.4694903 0.4486275 0.2823961 0.2675191 1.2904832 0.3580313 0.3107837 0.3410208 0.3429239 0.3110996 0.3106977 0.3392860 0.3500579 0.3043547 0.2707360 0.0000000 0.2535748 0.2318308 0.2343392 0.2347447 0.3062259 0.2909056 0.3015948 0.2969426 0.2493497 0.2743449 0.2494143 0.2065734 0.2672378 0.3071376 0.3189550 0.3191507 0.2967093 0.3478991 
yHAB133_Kazachstania_unispora               0.5298451 0.2959945 0.4493758 0.3370217 0.4910929 0.5679518 0.5796356 0.5358922 0.3017609 0.3140696 1.4734525 0.3974668 0.3819521 0.4177014 0.4100039 0.3836232 0.3863352 0.4130631 0.4071496 0.4557007 0.3169002 0.2535748 0.0000000 0.2773909 0.2531560 0.1736582 0.3166565 0.4130632 0.3714103 0.2910160 0.2590427 0.3064997 0.1250627 0.2242546 0.1112643 0.3197526 0.4294211 0.3853586 0.4398181 0.3578872 
yHAB134_Kazachstania_turicensis             0.5000805 0.2436351 0.4050772 0.2961281 0.4519949 0.5350857 0.5232170 0.5079607 0.3131074 0.2681793 1.4436787 0.3957671 0.3368797 0.3582645 0.3572294 0.3344107 0.3455909 0.3529739 0.3474661 0.3515641 0.2865969 0.2318308 0.2773909 0.0000000 0.2372896 0.2446674 0.2934561 0.3716849 0.3024812 0.3090606 0.2299228 0.2641987 0.2993204 0.1655459 0.2953422 0.3086321 0.3579108 0.3078808 0.3316407 0.3399874 
yHAB136_Kazachstania_bromeliacearum         0.4453740 0.2651490 0.3402203 0.2850223 0.3756948 0.5556435 0.5074412 0.4432700 0.2763748 0.2395217 1.4110704 0.3493370 0.3197297 0.3141628 0.3476412 0.3217160 0.3297220 0.3246085 0.3510127 0.3634185 0.2600721 0.2343392 0.2531560 0.2372896 0.0000000 0.2060252 0.2551971 0.3562180 0.3327851 0.2403252 0.2445542 0.3006392 0.2372463 0.2238074 0.2245835 0.2727160 0.3208029 0.3335869 0.3452577 0.3411213 
yHAB143_Kazachstania_siamensis              0.4999035 0.2668504 0.3821185 0.3087401 0.4434373 0.4912814 0.5244929 0.4659817 0.2889469 0.2537934 1.4449724 0.3815132 0.3677006 0.4046705 0.3843349 0.3689788 0.3820830 0.4024639 0.3486840 0.3664986 0.2920690 0.2347447 0.1736582 0.2446674 0.2060252 0.0000000 0.3091102 0.3755356 0.3226116 0.2567352 0.2243394 0.2273814 0.1605567 0.2092142 0.1438028 0.2860983 0.3322102 0.3668754 0.3556091 0.3246262 
yHAB147_Kazachstania_taianensis             0.4723692 0.3056373 0.3924935 0.3554188 0.4360246 0.5554705 0.4571870 0.4631761 0.3386501 0.3236219 1.5143511 0.4388104 0.3842777 0.4106305 0.4051412 0.4285489 0.3893601 0.4123043 0.3809337 0.4008851 0.3716011 0.3062259 0.3166565 0.2934561 0.2551971 0.3091102 0.0000000 0.3980276 0.3529871 0.3268803 0.3223850 0.3110302 0.3019705 0.2722856 0.3070448 0.3575168 0.4229119 0.3636190 0.3963692 0.4325247 
yHAB148_Kazachstania_intestinalis           0.5415615 0.3496012 0.4258233 0.3802060 0.3795781 0.5185739 0.4909359 0.5000136 0.3652599 0.3725658 1.4135681 0.4477055 0.4550541 0.4369747 0.4427242 0.4103475 0.4624659 0.4475566 0.4158061 0.4255740 0.3891932 0.2909056 0.4130632 0.3716849 0.3562180 0.3755356 0.3980276 0.0000000 0.4059757 0.3918358 0.3718443 0.3920096 0.4121841 0.3328134 0.4023787 0.4059011 0.4455229 0.4404906 0.4248862 0.3858697 
yHAB153_Kazachstania_rosinii                0.3642557 0.3539932 0.4031247 0.3552377 0.4004990 0.5266905 0.3836202 0.3742510 0.3583533 0.3225129 1.2663347 0.3520631 0.3640399 0.3444502 0.3791244 0.3838344 0.3565230 0.3355158 0.4449116 0.3463663 0.3462382 0.3015948 0.3714103 0.3024812 0.3327851 0.3226116 0.3529871 0.4059757 0.0000000 0.3771807 0.3385362 0.3591895 0.3673509 0.2917249 0.3836396 0.4521275 0.3607994 0.4040258 0.3634386 0.4633005 
yHAB154_Kazachstania_transvaalensis         0.4799092 0.2806083 0.4273623 0.3177971 0.4573906 0.5409066 0.5107569 0.4981005 0.3488726 0.2786906 1.4964774 0.3800827 0.3641208 0.3780573 0.3712064 0.3620096 0.3594565 0.3790746 0.3963517 0.3612166 0.3234769 0.2969426 0.2910160 0.3090606 0.2403252 0.2567352 0.3268803 0.3918358 0.3771807 0.0000000 0.2541818 0.2856370 0.3086670 0.2684154 0.2935723 0.1492067 0.4045422 0.3302637 0.3501748 0.3509100 
yHAB155_Kazachstania_spencerorum            0.4846730 0.2464995 0.4307053 0.2837502 0.4524729 0.4963004 0.5282688 0.4841641 0.2910185 0.2665512 1.4209893 0.3302292 0.3162934 0.3371128 0.3242935 0.2867527 0.3147143 0.3294744 0.3350979 0.3411843 0.2621226 0.2493497 0.2590427 0.2299228 0.2445542 0.2243394 0.3223850 0.3718443 0.3385362 0.2541818 0.0000000 0.2513115 0.2701264 0.1859019 0.2493832 0.2618538 0.3552451 0.3321469 0.3553414 0.3429975 
yHAB158_Kazachstania_viticola               0.5184509 0.2702150 0.4194394 0.3372011 0.3894617 0.5951574 0.4947126 0.4837552 0.3405339 0.2887666 1.4246402 0.3302754 0.3615898 0.3727800 0.3694465 0.3571858 0.3661013 0.3764925 0.3586645 0.3743511 0.3567408 0.2743449 0.3064997 0.2641987 0.3006392 0.2273814 0.3110302 0.3920096 0.3591895 0.2856370 0.2513115 0.0000000 0.2775873 0.2134202 0.2753295 0.2938544 0.3556759 0.3448985 0.3727310 0.3500463 
yHAB159_Kazachstania_solicola               0.4927835 0.3099439 0.3897497 0.3585714 0.4833016 0.5892126 0.5303657 0.5081246 0.3241356 0.3004791 1.4161843 0.4191593 0.3776541 0.4236404 0.4053650 0.4026680 0.4065204 0.4161914 0.4160210 0.4259831 0.3186043 0.2494143 0.1250627 0.2993204 0.2372463 0.1605567 0.3019705 0.4121841 0.3673509 0.3086670 0.2701264 0.2775873 0.0000000 0.2471620 0.0633453 0.3133357 0.3748805 0.4376478 0.4326967 0.4070928 
yHAB160_Kazachstania_kunashirensis          0.4944096 0.2107045 0.3960233 0.2665215 0.3920056 0.5231465 0.5068117 0.4315073 0.2838623 0.2531383 1.3965570 0.3411619 0.3191388 0.3461147 0.3227666 0.3024975 0.3241815 0.3376727 0.3174483 0.3301187 0.2535490 0.2065734 0.2242546 0.1655459 0.2238074 0.2092142 0.2722856 0.3328134 0.2917249 0.2684154 0.1859019 0.2134202 0.2471620 0.0000000 0.2483769 0.2723516 0.3215116 0.2971325 0.3289068 0.2887764 
yHAB164_Kazachstania_aerobia                0.5362576 0.3127332 0.4246363 0.3380388 0.4817307 0.5423243 0.5883685 0.5399401 0.3637188 0.2808533 1.4697933 0.4013499 0.3850765 0.4218658 0.4056295 0.3899058 0.4061265 0.4131425 0.4107100 0.4386938 0.3120991 0.2672378 0.1112643 0.2953422 0.2245835 0.1438028 0.3070448 0.4023787 0.3836396 0.2935723 0.2493832 0.2753295 0.0633453 0.2483769 0.0000000 0.3138430 0.3956127 0.4256892 0.4404817 0.3931240 
yHAB166_Kazachstania_yakushimaensis         0.5067191 0.2888406 0.4223250 0.3545080 0.4502049 0.5843890 0.5297897 0.5151429 0.3431440 0.2856008 1.4589409 0.4022791 0.3973494 0.4150994 0.3870895 0.3832687 0.4130310 0.4052763 0.4067513 0.4226536 0.3445043 0.3071376 0.3197526 0.3086321 0.2727160 0.2860983 0.3575168 0.4059011 0.4521275 0.1492067 0.2618538 0.2938544 0.3133357 0.2723516 0.3138430 0.0000000 0.3860919 0.3772831 0.3814030 0.3376482 
yHMPu5000034875_Tetrapisispora_fleetii      0.4379520 0.3780038 0.4321184 0.3422227 0.4484845 0.5351117 0.5110470 0.4147889 0.3824749 0.3492675 1.3329052 0.4096914 0.4145238 0.4080637 0.4037136 0.3863753 0.3913546 0.4003317 0.3346099 0.2219296 0.3376072 0.3189550 0.4294211 0.3579108 0.3208029 0.3322102 0.4229119 0.4455229 0.3607994 0.4045422 0.3552451 0.3556759 0.3748805 0.3215116 0.3956127 0.3860919 0.0000000 0.3286909 0.1582719 0.3555140 
yHMPu5000034876_Tetrapisispora_iriomotensis 0.5168454 0.3456524 0.4565049 0.3660805 0.4498817 0.5985745 0.5235706 0.5010331 0.3773659 0.3305972 1.4917306 0.4598115 0.4116307 0.4000872 0.4097334 0.4150661 0.4260550 0.4114984 0.3646222 0.2815954 0.2837890 0.3191507 0.3853586 0.3078808 0.3335869 0.3668754 0.3636190 0.4404906 0.4040258 0.3302637 0.3321469 0.3448985 0.4376478 0.2971325 0.4256892 0.3772831 0.3286909 0.0000000 0.3189249 0.3308528 
yHMPu5000034877_Tetrapisispora_namnaonensis 0.5082473 0.3455750 0.4512040 0.3327838 0.4631658 0.5404963 0.5403191 0.4726483 0.3809107 0.3627675 1.3443370 0.4634441 0.4521806 0.4245044 0.4405013 0.4474408 0.4379268 0.4196441 0.3555944 0.2385725 0.3343101 0.2967093 0.4398181 0.3316407 0.3452577 0.3556091 0.3963692 0.4248862 0.3634386 0.3501748 0.3553414 0.3727310 0.4326967 0.3289068 0.4404817 0.3814030 0.1582719 0.3189249 0.0000000 0.3320638 
yHMPu5000035629_Yueomyces_sinensis          0.5310628 0.3361614 0.4853000 0.3525253 0.4175364 0.6239702 0.5887467 0.5336436 0.3845527 0.3349355 1.3749835 0.5098572 0.4647169 0.4591517 0.4764386 0.4706496 0.4760639 0.4588253 0.2686889 0.3819360 0.3223887 0.3478991 0.3578872 0.3399874 0.3411213 0.3246262 0.4325247 0.3858697 0.4633005 0.3509100 0.3429975 0.3500463 0.4070928 0.2887764 0.3931240 0.3376482 0.3555140 0.3308528 0.3320638 0.0000000 
