40
Candida_glabrata                            0.0000000 0.5126267 0.4438981 0.5398460 0.2309287 0.5948377 0.3207179 0.2445457 0.5070870 0.6187076 1.4020515 0.4621322 0.4828712 0.4716526 0.4788544 0.5049748 0.4781066 0.4572748 0.5182303 0.4622544 0.4892762 0.4679819 0.6143570 0.5680173 0.5446906 0.6871427 0.4146501 0.3889454 0.4385957 0.5988898 0.6186830 0.5515158 0.5277077 0.5898890 0.5419299 0.5683101 0.4587295 0.5021815 0.4955467 0.6635626 
Kazachstania_africana                       0.5126267 0.0000000 0.5143293 0.4752071 0.4310604 0.5789186 0.5617125 0.4742526 0.4189143 0.4605930 1.5785333 0.4486970 0.4857251 0.4624251 0.4718075 0.4803534 0.4516699 0.4548082 0.4265144 0.3692023 0.3168634 0.3056794 0.3540574 0.3455077 0.3323309 0.3930211 0.3759792 0.4603262 0.4582090 0.3871177 0.3895211 0.2999327 0.2877588 0.2813481 0.2965190 0.3483049 0.3572830 0.3422947 0.3692262 0.4502839 
Kazachstania_naganishii                     0.4438981 0.5143293 0.0000000 0.5495994 0.4729628 0.6372868 0.5703080 0.4206818 0.4956823 0.5770642 1.6355711 0.4937989 0.5413091 0.5231879 0.5522247 0.5089351 0.5341364 0.5440808 0.5856291 0.4742905 0.5068386 0.5152102 0.5699465 0.5605210 0.4427391 0.5552888 0.3889400 0.4743213 0.4633806 0.4929972 0.6370656 0.5526786 0.5092650 0.5770150 0.5285493 0.5020781 0.5255139 0.5243083 0.5085710 0.6819595 
Nakaseomyces_bacillisporus                  0.5398460 0.4752071 0.5495994 0.0000000 0.5217636 0.4487358 0.5796001 0.5280587 0.5362445 0.5228278 1.6842135 0.4595732 0.4543744 0.4897605 0.5119818 0.4849262 0.4687586 0.4795807 0.5663279 0.5441336 0.4307812 0.4594552 0.5595318 0.4781218 0.5061475 0.5953280 0.5114529 0.5468757 0.5587516 0.5205676 0.5792838 0.5684180 0.5413667 0.4921549 0.5201769 0.4693015 0.4747764 0.4957114 0.4762894 0.6391062 
Nakaseomyces_bracarensis                    0.2309287 0.4310604 0.4729628 0.5217636 0.0000000 0.5737105 0.2517074 0.1723586 0.4997161 0.6022625 1.4722223 0.4123368 0.4170037 0.4006473 0.4316810 0.4293595 0.4003649 0.3838438 0.4561049 0.4305437 0.4146430 0.4383154 0.5132733 0.4880954 0.4997394 0.5952525 0.4149539 0.3929044 0.4572679 0.5580100 0.5350421 0.4420712 0.4561380 0.5170841 0.4680667 0.5004779 0.4212266 0.4379677 0.4543885 0.5887990 
Nakaseomyces_castellii                      0.5948377 0.5789186 0.6372868 0.4487358 0.5737105 0.0000000 0.6114916 0.5776265 0.5329453 0.6145248 1.5750385 0.5543975 0.5655736 0.5646278 0.5511801 0.5548895 0.5561731 0.5541658 0.6451526 0.6101338 0.5607637 0.4848216 0.6238319 0.5414795 0.5908948 0.6070461 0.5432426 0.6104683 0.6700231 0.6066440 0.5622814 0.6453925 0.5897017 0.5429140 0.5663765 0.5334423 0.5556299 0.5793395 0.5901696 0.7305110 
Nakaseomyces_delphensis                     0.3207179 0.5617125 0.5703080 0.5796001 0.2517074 0.6114916 0.0000000 0.2165563 0.5783500 0.6656727 1.5631491 0.5168810 0.5258569 0.5130217 0.5592251 0.5464614 0.5105172 0.5268190 0.6224685 0.5107415 0.5093273 0.5590387 0.6507289 0.6350943 0.5892941 0.7108711 0.5364757 0.5086971 0.5194797 0.6559941 0.6227832 0.5472933 0.5576053 0.6077901 0.5788496 0.6082536 0.5494588 0.5298871 0.5546344 0.7100448 
Nakaseomyces_nivariensis                    0.2445457 0.4742526 0.4206818 0.5280587 0.1723586 0.5776265 0.2165563 0.0000000 0.5153522 0.6324430 1.4539606 0.4427945 0.4465682 0.4057941 0.4761179 0.4760866 0.4537599 0.4069035 0.5192833 0.4468327 0.4333395 0.4801342 0.5777104 0.5454983 0.5100260 0.6542116 0.4051882 0.4402273 0.4473566 0.5911546 0.5634676 0.4923272 0.4856057 0.5510850 0.5214146 0.5485398 0.4481180 0.4498054 0.4892871 0.6485090 
Naumovozyma_castellii                       0.5070870 0.4189143 0.4956823 0.5362445 0.4997161 0.5329453 0.5783500 0.5153522 0.0000000 0.3043425 1.7600778 0.4291920 0.4327988 0.4192167 0.4258639 0.4197609 0.4169463 0.4156293 0.4433043 0.4712020 0.3814290 0.3295616 0.3786813 0.3524188 0.3219216 0.4055428 0.3889557 0.4566627 0.4909167 0.4513320 0.4200350 0.3341957 0.4023006 0.3575433 0.4182675 0.4054229 0.4413919 0.4045401 0.4615732 0.5474059 
Naumovozyma_dairenensis                     0.6187076 0.4605930 0.5770642 0.5228278 0.6022625 0.6145248 0.6656727 0.6324430 0.3043425 0.0000000 2.0210044 0.4843230 0.4966386 0.4990679 0.5130007 0.5140506 0.4975666 0.4904602 0.4545428 0.5109167 0.4084426 0.4078486 0.4385028 0.4359868 0.3744029 0.4187703 0.4997568 0.5805141 0.5640976 0.4233702 0.4682619 0.3628467 0.4992235 0.4190697 0.4869900 0.4199151 0.4394946 0.4266135 0.4448620 0.5945631 
Neurospora_crassa                           1.4020515 1.5785333 1.6355711 1.6842135 1.4722223 1.5750385 1.5631491 1.4539606 1.7600778 2.0210044 0.0000000 1.7084756 1.7772312 1.6337412 1.7985199 1.8328807 1.8031338 1.6663167 1.6682129 1.6936000 1.7694305 1.7048893 1.7796476 1.8575159 1.6939242 1.8946180 1.3796138 1.6369754 1.5558459 1.8895205 2.0357823 1.7323056 1.6766265 1.8248807 1.6032357 1.7830091 1.7312331 1.8110050 1.8159853 1.7605094 
Saccharomyces_arboricola                    0.4621322 0.4486970 0.4937989 0.4595732 0.4123368 0.5543975 0.5168810 0.4427945 0.4291920 0.4843230 1.7084756 0.0000000 0.1581434 0.1529262 0.1604443 0.1812981 0.1830899 0.1747463 0.4273197 0.3941361 0.3683844 0.3793409 0.4507274 0.3778130 0.4203415 0.4968197 0.4348932 0.4959854 0.4775126 0.4565611 0.4745431 0.4225119 0.3830039 0.4101296 0.4094836 0.4093687 0.3939904 0.3897579 0.4076925 0.5133604 
Saccharomyces_cerevisiae                    0.4828712 0.4857251 0.5413091 0.4543744 0.4170037 0.5655736 0.5258569 0.4465682 0.4327988 0.4966386 1.7772312 0.1581434 0.0000000 0.1765955 0.1626468 0.1513069 0.0974297 0.1987427 0.4632006 0.4434186 0.3982098 0.3988107 0.4635018 0.4340439 0.4749129 0.5024213 0.4542550 0.4933121 0.4918389 0.4855621 0.5271001 0.4347101 0.4065799 0.4466656 0.4167377 0.4208038 0.4202113 0.4069661 0.4508424 0.5100553 
Saccharomyces_eubayanus                     0.4716526 0.4624251 0.5231879 0.4897605 0.4006473 0.5646278 0.5130217 0.4057941 0.4192167 0.4990679 1.6337412 0.1529262 0.1765955 0.0000000 0.1703755 0.1968334 0.1978240 0.0673074 0.4519154 0.4178615 0.3936523 0.3844399 0.4556863 0.4135433 0.4371117 0.4975701 0.4321980 0.5011715 0.5009915 0.4689824 0.5287087 0.4294465 0.4067340 0.4315552 0.4134563 0.4286714 0.4188553 0.4124311 0.4469956 0.5039027 
Saccharomyces_kudriavzevii                  0.4788544 0.4718075 0.5522247 0.5119818 0.4316810 0.5511801 0.5592251 0.4761179 0.4258639 0.5130007 1.7985199 0.1604443 0.1626468 0.1703755 0.0000000 0.1532818 0.1582166 0.1880511 0.4639351 0.4480494 0.3958721 0.4218159 0.4745852 0.4126570 0.4660622 0.5171552 0.4636315 0.5069021 0.4886719 0.4835632 0.5090337 0.4591306 0.4271121 0.4793091 0.4388495 0.4324727 0.4284461 0.4238710 0.4617281 0.5158884 
Saccharomyces_mikatae                       0.5049748 0.4803534 0.5089351 0.4849262 0.4293595 0.5548895 0.5464614 0.4760866 0.4197609 0.5140506 1.8328807 0.1812981 0.1513069 0.1968334 0.1532818 0.0000000 0.1362098 0.2160090 0.4838055 0.4427369 0.3712902 0.4088199 0.4578353 0.4108577 0.4609856 0.4941047 0.4743277 0.4970742 0.5258442 0.4564781 0.5111064 0.4483153 0.4311233 0.4496075 0.4423711 0.4124995 0.4323740 0.4045027 0.4586275 0.5114880 
Saccharomyces_paradoxus                     0.4781066 0.4516699 0.5341364 0.4687586 0.4003649 0.5561731 0.5105172 0.4537599 0.4169463 0.4975666 1.8031338 0.1830899 0.0974297 0.1978240 0.1582166 0.1362098 0.0000000 0.2235242 0.4401759 0.4350994 0.3849851 0.3920092 0.4438512 0.4070331 0.4686958 0.4789031 0.4304217 0.4759517 0.4932776 0.4388032 0.4963353 0.4314619 0.3971652 0.4350900 0.3993808 0.4082135 0.4096635 0.3808714 0.4644032 0.5030746 
Saccharomyces_uvarum                        0.4572748 0.4548082 0.5440808 0.4795807 0.3838438 0.5541658 0.5268190 0.4069035 0.4156293 0.4904602 1.6663167 0.1747463 0.1987427 0.0673074 0.1880511 0.2160090 0.2235242 0.0000000 0.4652039 0.3913704 0.3827038 0.3822691 0.4607826 0.3936611 0.4409398 0.5393503 0.4233208 0.4928489 0.4771331 0.4810763 0.5080192 0.4126667 0.4242429 0.4221063 0.4330040 0.4102751 0.3999896 0.3897977 0.4251589 0.4953829 
Tetrapisispora_blattae                      0.5182303 0.4265144 0.5856291 0.5663279 0.4561049 0.6451526 0.6224685 0.5192833 0.4433043 0.4545428 1.6682129 0.4273197 0.4632006 0.4519154 0.4639351 0.4838055 0.4401759 0.4652039 0.0000000 0.4585447 0.3736230 0.3859511 0.4403985 0.4262639 0.4136955 0.4724599 0.4374834 0.5379840 0.5378925 0.4425502 0.4921559 0.3493933 0.4141139 0.3819113 0.4212123 0.3785281 0.4095688 0.3991240 0.4687259 0.3243924 
Tetrapisispora_phaffii                      0.4622544 0.3692023 0.4742905 0.5441336 0.4305437 0.6101338 0.5107415 0.4468327 0.4712020 0.5109167 1.6936000 0.3941361 0.4434186 0.4178615 0.4480494 0.4427369 0.4350994 0.3913704 0.4585447 0.0000000 0.3137802 0.3861497 0.4888750 0.4678176 0.4568268 0.5083353 0.4612205 0.5914710 0.4978385 0.4553252 0.4575893 0.4171342 0.3800142 0.4326288 0.4105320 0.3940736 0.1672398 0.1879414 0.1851708 0.4961382 
Vanderwaltozyma_polyspora                   0.4892762 0.3168634 0.5068386 0.4307812 0.4146430 0.5607637 0.5093273 0.4333395 0.3814290 0.4084426 1.7694305 0.3683844 0.3982098 0.3936523 0.3958721 0.3712902 0.3849851 0.3827038 0.3736230 0.3137802 0.0000000 0.3123106 0.4300861 0.4067991 0.3616526 0.4661514 0.3925424 0.4534286 0.4736706 0.4398151 0.4244483 0.3486360 0.3393954 0.3652820 0.3632113 0.3526196 0.2806007 0.2617926 0.3083688 0.4197836 
yHAB132_Kazachstania_martiniae              0.4679819 0.3056794 0.5152102 0.4594552 0.4383154 0.4848216 0.5590387 0.4801342 0.3295616 0.4078486 1.7048893 0.3793409 0.3988107 0.3844399 0.4218159 0.4088199 0.3920092 0.3822691 0.3859511 0.3861497 0.3123106 0.0000000 0.3214035 0.3237015 0.3400038 0.3692087 0.3550279 0.4149520 0.4891819 0.3851014 0.3936060 0.3060017 0.2860413 0.3173579 0.2815663 0.2991294 0.3453411 0.3201341 0.3632783 0.4503778 
yHAB133_Kazachstania_unispora               0.6143570 0.3540574 0.5699465 0.5595318 0.5132733 0.6238319 0.6507289 0.5777104 0.3786813 0.4385028 1.7796476 0.4507274 0.4635018 0.4556863 0.4745852 0.4578353 0.4438512 0.4607826 0.4403985 0.4888750 0.4300861 0.3214035 0.0000000 0.3273817 0.2441698 0.2035806 0.3514175 0.4585165 0.6231022 0.3127569 0.4162459 0.3475632 0.1397836 0.3064790 0.1431028 0.2790061 0.4372993 0.4081212 0.4290102 0.4877156 
yHAB134_Kazachstania_turicensis             0.5680173 0.3455077 0.5605210 0.4781218 0.4880954 0.5414795 0.6350943 0.5454983 0.3524188 0.4359868 1.8575159 0.3778130 0.4340439 0.4135433 0.4126570 0.4108577 0.4070331 0.3936611 0.4262639 0.4678176 0.4067991 0.3237015 0.3273817 0.0000000 0.3506137 0.3887189 0.4540819 0.5261222 0.5183897 0.3662273 0.3500673 0.3279882 0.3481854 0.2358251 0.3376312 0.3319957 0.4127710 0.3673079 0.4182320 0.4835799 
yHAB136_Kazachstania_bromeliacearum         0.5446906 0.3323309 0.4427391 0.5061475 0.4997394 0.5908948 0.5892941 0.5100260 0.3219216 0.3744029 1.6939242 0.4203415 0.4749129 0.4371117 0.4660622 0.4609856 0.4686958 0.4409398 0.4136955 0.4568268 0.3616526 0.3400038 0.2441698 0.3506137 0.0000000 0.3046387 0.3207760 0.4390017 0.5148297 0.3174795 0.4236424 0.3387915 0.2561436 0.3397699 0.2785487 0.3054208 0.4207311 0.3844542 0.4397932 0.4572619 
yHAB143_Kazachstania_siamensis              0.6871427 0.3930211 0.5552888 0.5953280 0.5952525 0.6070461 0.7108711 0.6542116 0.4055428 0.4187703 1.8946180 0.4968197 0.5024213 0.4975701 0.5171552 0.4941047 0.4789031 0.5393503 0.4724599 0.5083353 0.4661514 0.3692087 0.2035806 0.3887189 0.3046387 0.0000000 0.3715677 0.5548000 0.6024769 0.3409406 0.4701584 0.3906369 0.2320868 0.3608410 0.2215915 0.3122735 0.4587959 0.4418933 0.4598105 0.5684259 
yHAB147_Kazachstania_taianensis             0.4146501 0.3759792 0.3889400 0.5114529 0.4149539 0.5432426 0.5364757 0.4051882 0.3889557 0.4997568 1.3796138 0.4348932 0.4542550 0.4321980 0.4636315 0.4743277 0.4304217 0.4233208 0.4374834 0.4612205 0.3925424 0.3550279 0.3514175 0.4540819 0.3207760 0.3715677 0.0000000 0.3763654 0.3830142 0.4557379 0.4883308 0.3818216 0.3207109 0.3953450 0.3257749 0.3762894 0.4428412 0.4241660 0.4679939 0.5671635 
yHAB148_Kazachstania_intestinalis           0.3889454 0.4603262 0.4743213 0.5468757 0.3929044 0.6104683 0.5086971 0.4402273 0.4566627 0.5805141 1.6369754 0.4959854 0.4933121 0.5011715 0.5069021 0.4970742 0.4759517 0.4928489 0.5379840 0.5914710 0.4534286 0.4149520 0.4585165 0.5261222 0.4390017 0.5548000 0.3763654 0.0000000 0.4541498 0.5562246 0.5972731 0.5156637 0.4094758 0.5264570 0.4510251 0.5009357 0.5619103 0.5656050 0.5783922 0.6604462 
yHAB153_Kazachstania_rosinii                0.4385957 0.4582090 0.4633806 0.5587516 0.4572679 0.6700231 0.5194797 0.4473566 0.4909167 0.5640976 1.5558459 0.4775126 0.4918389 0.5009915 0.4886719 0.5258442 0.4932776 0.4771331 0.5378925 0.4978385 0.4736706 0.4891819 0.6231022 0.5183897 0.5148297 0.6024769 0.3830142 0.4541498 0.0000000 0.5686142 0.5127560 0.4886670 0.4834968 0.5071180 0.5323829 0.5200460 0.5072600 0.4641275 0.5426771 0.6592904 
yHAB154_Kazachstania_transvaalensis         0.5988898 0.3871177 0.4929972 0.5205676 0.5580100 0.6066440 0.6559941 0.5911546 0.4513320 0.4233702 1.8895205 0.4565611 0.4855621 0.4689824 0.4835632 0.4564781 0.4388032 0.4810763 0.4425502 0.4553252 0.4398151 0.3851014 0.3127569 0.3662273 0.3174795 0.3409406 0.4557379 0.5562246 0.5686142 0.0000000 0.4046163 0.3906844 0.3244296 0.4011165 0.3216441 0.1880905 0.4478799 0.4310023 0.4373651 0.5021262 
yHAB155_Kazachstania_spencerorum            0.6186830 0.3895211 0.6370656 0.5792838 0.5350421 0.5622814 0.6227832 0.5634676 0.4200350 0.4682619 2.0357823 0.4745431 0.5271001 0.5287087 0.5090337 0.5111064 0.4963353 0.5080192 0.4921559 0.4575893 0.4244483 0.3936060 0.4162459 0.3500673 0.4236424 0.4701584 0.4883308 0.5972731 0.5127560 0.4046163 0.0000000 0.3792322 0.4003205 0.3459491 0.4418355 0.3629397 0.4024125 0.3659067 0.4286553 0.5497063 
yHAB158_Kazachstania_viticola               0.5515158 0.2999327 0.5526786 0.5684180 0.4420712 0.6453925 0.5472933 0.4923272 0.3341957 0.3628467 1.7323056 0.4225119 0.4347101 0.4294465 0.4591306 0.4483153 0.4314619 0.4126667 0.3493933 0.4171342 0.3486360 0.3060017 0.3475632 0.3279882 0.3387915 0.3906369 0.3818216 0.5156637 0.4886670 0.3906844 0.3792322 0.0000000 0.3439243 0.2848818 0.3624750 0.3111440 0.3767514 0.3453099 0.4109240 0.4319695 
yHAB159_Kazachstania_solicola               0.5277077 0.2877588 0.5092650 0.5413667 0.4561380 0.5897017 0.5576053 0.4856057 0.4023006 0.4992235 1.6766265 0.3830039 0.4065799 0.4067340 0.4271121 0.4311233 0.3971652 0.4242429 0.4141139 0.3800142 0.3393954 0.2860413 0.1397836 0.3481854 0.2561436 0.2320868 0.3207109 0.4094758 0.4834968 0.3244296 0.4003205 0.3439243 0.0000000 0.2977170 0.0422612 0.2918909 0.3892794 0.3271896 0.3804523 0.4736589 
yHAB160_Kazachstania_kunashirensis          0.5898890 0.2813481 0.5770150 0.4921549 0.5170841 0.5429140 0.6077901 0.5510850 0.3575433 0.4190697 1.8248807 0.4101296 0.4466656 0.4315552 0.4793091 0.4496075 0.4350900 0.4221063 0.3819113 0.4326288 0.3652820 0.3173579 0.3064790 0.2358251 0.3397699 0.3608410 0.3953450 0.5264570 0.5071180 0.4011165 0.3459491 0.2848818 0.2977170 0.0000000 0.3038910 0.3189238 0.3894352 0.3404268 0.4006679 0.4350090 
yHAB164_Kazachstania_aerobia                0.5419299 0.2965190 0.5285493 0.5201769 0.4680667 0.5663765 0.5788496 0.5214146 0.4182675 0.4869900 1.6032357 0.4094836 0.4167377 0.4134563 0.4388495 0.4423711 0.3993808 0.4330040 0.4212123 0.4105320 0.3632113 0.2815663 0.1431028 0.3376312 0.2785487 0.2215915 0.3257749 0.4510251 0.5323829 0.3216441 0.4418355 0.3624750 0.0422612 0.3038910 0.0000000 0.2779467 0.3909907 0.3594603 0.3925811 0.4619635 
yHAB166_Kazachstania_yakushimaensis         0.5683101 0.3483049 0.5020781 0.4693015 0.5004779 0.5334423 0.6082536 0.5485398 0.4054229 0.4199151 1.7830091 0.4093687 0.4208038 0.4286714 0.4324727 0.4124995 0.4082135 0.4102751 0.3785281 0.3940736 0.3526196 0.2991294 0.2790061 0.3319957 0.3054208 0.3122735 0.3762894 0.5009357 0.5200460 0.1880905 0.3629397 0.3111440 0.2918909 0.3189238 0.2779467 0.0000000 0.3335428 0.3305994 0.3619661 0.4375548 
yHMPu5000034875_Tetrapisispora_fleetii      0.4587295 0.3572830 0.5255139 0.4747764 0.4212266 0.5556299 0.5494588 0.4481180 0.4413919 0.4394946 1.7312331 0.3939904 0.4202113 0.4188553 0.4284461 0.4323740 0.4096635 0.3999896 0.4095688 0.1672398 0.2806007 0.3453411 0.4372993 0.4127710 0.4207311 0.4587959 0.4428412 0.5619103 0.5072600 0.4478799 0.4024125 0.3767514 0.3892794 0.3894352 0.3909907 0.3335428 0.0000000 0.1572595 0.1137631 0.4471729 
yHMPu5000034876_Tetrapisispora_iriomotensis 0.5021815 0.3422947 0.5243083 0.4957114 0.4379677 0.5793395 0.5298871 0.4498054 0.4045401 0.4266135 1.8110050 0.3897579 0.4069661 0.4124311 0.4238710 0.4045027 0.3808714 0.3897977 0.3991240 0.1879414 0.2617926 0.3201341 0.4081212 0.3673079 0.3844542 0.4418933 0.4241660 0.5656050 0.4641275 0.4310023 0.3659067 0.3453099 0.3271896 0.3404268 0.3594603 0.3305994 0.1572595 0.0000000 0.1725580 0.4309893 
yHMPu5000034877_Tetrapisispora_namnaonensis 0.4955467 0.3692262 0.5085710 0.4762894 0.4543885 0.5901696 0.5546344 0.4892871 0.4615732 0.4448620 1.8159853 0.4076925 0.4508424 0.4469956 0.4617281 0.4586275 0.4644032 0.4251589 0.4687259 0.1851708 0.3083688 0.3632783 0.4290102 0.4182320 0.4397932 0.4598105 0.4679939 0.5783922 0.5426771 0.4373651 0.4286553 0.4109240 0.3804523 0.4006679 0.3925811 0.3619661 0.1137631 0.1725580 0.0000000 0.5012093 
yHMPu5000035629_Yueomyces_sinensis          0.6635626 0.4502839 0.6819595 0.6391062 0.5887990 0.7305110 0.7100448 0.6485090 0.5474059 0.5945631 1.7605094 0.5133604 0.5100553 0.5039027 0.5158884 0.5114880 0.5030746 0.4953829 0.3243924 0.4961382 0.4197836 0.4503778 0.4877156 0.4835799 0.4572619 0.5684259 0.5671635 0.6604462 0.6592904 0.5021262 0.5497063 0.4319695 0.4736589 0.4350090 0.4619635 0.4375548 0.4471729 0.4309893 0.5012093 0.0000000 
