40
Candida_glabrata                            0.0000000 3.4336353 4.8831165 4.0825986 2.0375616 5.9366163 2.0950343 1.8851972 3.7248649 3.5841626 8.9999990 3.5952708 3.5476002 3.2663725 3.2573745 3.4598522 3.5591821 3.3413015 6.0379462 5.2998725 3.4928023 3.2135036 4.0732658 3.3779903 3.2229687 4.1032760 4.4297121 3.6798974 3.1153101 5.6872829 3.3205062 3.7079254 4.2333438 3.2875166 4.4118992 5.2879769 5.6050526 5.1894858 5.5392855 6.5855693 
Kazachstania_africana                       3.4336353 0.0000000 4.3212061 3.1666585 3.3998596 6.0211902 3.6378549 3.5107817 2.5901711 3.1272894 8.9999986 3.3582986 3.2465622 3.2819356 3.2282404 3.2505610 3.2866608 3.3194779 6.0027584 4.6651453 3.2947111 2.4907984 3.4296818 2.8368227 2.9103184 3.5625275 3.8806628 3.1254653 2.5294797 4.0125979 2.7115761 3.0837653 3.3025176 2.6596237 3.4040695 4.3979330 4.5805044 4.8524537 4.6674902 6.2253278 
Kazachstania_naganishii                     4.8831165 4.3212061 0.0000000 3.9633583 4.9252930 6.7748632 4.8137903 4.6477426 3.7096141 3.9455816 8.9999989 3.7166411 3.9637341 3.7950041 3.9258489 3.8342356 3.7810926 3.9052492 7.6664590 6.4636940 5.2378158 3.8801790 3.5057343 4.4266171 3.0626783 3.6359371 3.7784134 4.0220088 3.5544629 4.7608603 4.3567407 4.0308492 3.5587995 4.5674825 3.6108586 5.3247922 6.2525343 6.0211018 5.8187943 8.3905065 
Nakaseomyces_bacillisporus                  4.0825986 3.1666585 3.9633583 0.0000000 4.1196110 3.6770150 3.8257316 3.4986167 2.8989512 3.1297020 8.9999982 2.5928668 2.7948569 2.5029086 2.6555121 2.7474874 2.7071633 2.5211464 5.1740806 4.8545309 3.3578693 3.0033533 4.0579756 3.3978369 2.9760361 3.8934652 3.7031593 3.7180376 2.6390481 4.7899150 3.1650545 3.0937277 4.0546025 3.4244385 3.9688064 4.4327887 4.6575292 4.7541654 5.1797987 5.7696819 
Nakaseomyces_bracarensis                    2.0375616 3.3998596 4.9252930 4.1196110 0.0000000 5.9850923 1.1101885 1.0390509 4.0810831 3.6204618 8.9999984 3.6809189 3.8288159 3.5254272 3.7726092 3.6681924 3.7451419 3.6949378 6.0663840 5.3028455 3.3599305 3.5954348 3.6914007 3.9511229 3.6274814 3.8743115 4.5901861 4.0063127 3.1950822 5.2667147 3.7467797 3.6496116 3.7026632 3.5145303 3.7102824 5.2364588 5.2160680 4.6352573 5.0968413 6.3863716 
Nakaseomyces_castellii                      5.9366163 6.0211902 6.7748632 3.6770150 5.9850923 0.0000000 5.2304920 5.4495700 5.8381560 4.8743592 8.9999983 4.9707974 5.4020523 5.0818294 5.3645103 5.3084675 5.2229242 5.1018595 6.6540596 6.8671116 5.5212551 5.5762125 5.4040183 5.5860106 5.7888077 5.8822317 6.2075655 6.0910764 4.5711723 6.5141285 5.4552594 4.5436427 5.3135905 6.1618531 5.1040143 5.7120236 6.9624576 6.6108847 7.2256410 6.4480527 
Nakaseomyces_delphensis                     2.0950343 3.6378549 4.8137903 3.8257316 1.1101885 5.2304920 0.0000000 0.7653151 3.6629293 3.4592395 8.9999985 3.8471121 3.6404776 3.6101318 3.7692853 3.5949387 3.5557767 3.7016632 6.5644640 5.3680297 3.5459344 3.3314669 3.7555757 3.7721070 3.4107137 3.8674988 4.1981328 3.8440482 3.4366882 5.2122981 3.2412143 3.5483850 3.8308283 3.6816981 3.8389731 5.6233536 5.3628688 4.6966106 5.3326727 6.3994125 
Nakaseomyces_nivariensis                    1.8851972 3.5107817 4.6477426 3.4986167 1.0390509 5.4495700 0.7653151 0.0000000 3.7096685 3.3472530 8.9999986 3.4403956 3.3180566 3.2438236 3.5603609 3.3812196 3.2308722 3.3377159 6.4806510 5.4734287 3.5421424 3.1483914 3.5204221 3.4628690 3.2244243 3.6077767 4.3485941 4.0457316 3.3442576 5.5475638 3.2783975 3.5328020 3.8096912 3.2666950 3.6772152 5.3853947 5.4983230 4.6808603 5.2508614 6.5326680 
Naumovozyma_castellii                       3.7248649 2.5901711 3.7096141 2.8989512 4.0810831 5.8381560 3.6629293 3.7096685 0.0000000 2.3036632 8.9999989 2.9655615 3.0620126 2.8066682 2.9170658 2.8971303 3.0950086 2.8018693 5.8229247 4.5360288 3.3090218 2.4845777 3.5901696 3.0601506 2.6190328 3.6247803 3.2730109 3.5507309 2.4852103 4.4823309 2.8751629 2.6739964 3.7029272 3.1462415 3.7283844 4.5650072 4.5294743 4.1956215 4.3780432 6.2085120 
Naumovozyma_dairenensis                     3.5841626 3.1272894 3.9455816 3.1297020 3.6204618 4.8743592 3.4592395 3.3472530 2.3036632 0.0000000 8.9999989 2.7077702 2.6621568 2.5054182 2.5993047 2.6509434 2.6897574 2.5479942 6.5621344 4.7114001 3.1541076 3.0399022 3.4169739 3.0977905 2.6469286 3.5054758 3.1664449 3.5391747 2.5872262 3.9450639 2.7448272 3.0169831 3.3445310 2.8683029 3.5451215 4.1455930 5.0945069 4.1313780 4.6413391 6.0201382 
Neurospora_crassa                           8.9999990 8.9999986 8.9999989 8.9999982 8.9999984 8.9999983 8.9999985 8.9999986 8.9999989 8.9999989 0.0000000 8.9999989 8.9999987 8.9999987 8.9999989 8.9999983 8.9999986 8.9999981 8.9999988 8.9999988 8.9999986 8.9999988 8.9999984 8.9999981 8.9999985 8.9999983 8.9999983 8.9999985 8.9999986 8.9999986 8.9999989 8.9999985 8.9999988 8.9999985 8.9999988 8.9999983 8.9999984 8.9999989 8.9999986 8.9999987 
Saccharomyces_arboricola                    3.5952708 3.3582986 3.7166411 2.5928668 3.6809189 4.9707974 3.8471121 3.4403956 2.9655615 2.7077702 8.9999989 0.0000000 0.4241123 0.4432513 0.3562607 0.4920447 0.4074356 0.4876392 5.8056729 4.4236608 2.7660065 2.8274490 3.4588578 2.9444439 2.8625486 3.5574080 3.7014360 3.1952236 2.2878423 4.9262839 2.9300993 2.6669119 3.7552746 2.6782040 3.7749333 4.6708559 4.5045858 4.6285477 4.4178679 5.5761717 
Saccharomyces_cerevisiae                    3.5476002 3.2465622 3.9637341 2.7948569 3.8288159 5.4020523 3.6404776 3.3180566 3.0620126 2.6621568 8.9999987 0.4241123 0.0000000 0.4728751 0.3810660 0.2908970 0.1508241 0.4950244 5.7114515 4.4795486 2.8518760 2.8245498 3.7198258 2.9994789 2.6514460 3.8482052 3.6108013 3.1921197 2.4117589 4.9731487 2.7836548 2.5889343 3.8474779 2.6562799 4.0765695 4.6974837 4.4293920 4.5118229 4.1221270 5.9296793 
Saccharomyces_eubayanus                     3.2663725 3.2819356 3.7950041 2.5029086 3.5254272 5.0818294 3.6101318 3.2438236 2.8066682 2.5054182 8.9999987 0.4432513 0.4728751 0.0000000 0.4119300 0.4956968 0.4409581 0.1106458 5.8435826 4.3093855 2.7867198 2.6669840 3.5203499 2.9436031 2.7183466 3.6269269 3.6341788 3.2111209 2.3671248 4.9592255 2.8813552 2.4818051 3.6264493 2.6842420 3.6833596 4.5157414 4.5494354 4.4422848 4.2678239 5.7904991 
Saccharomyces_kudriavzevii                  3.2573745 3.2282404 3.9258489 2.6555121 3.7726092 5.3645103 3.7692853 3.5603609 2.9170658 2.5993047 8.9999989 0.3562607 0.3810660 0.4119300 0.0000000 0.3887428 0.3632501 0.4278611 5.9328655 4.7410616 2.8507300 2.7067038 3.6273857 2.9184439 2.9145282 3.6520463 3.4695290 3.0175620 2.3858262 5.0174230 2.9413318 2.6457643 3.7242352 2.6412738 3.7957934 4.5727110 4.5642456 4.4755993 4.3190373 5.6629961 
Saccharomyces_mikatae                       3.4598522 3.2505610 3.8342356 2.7474874 3.6681924 5.3084675 3.5949387 3.3812196 2.8971303 2.6509434 8.9999983 0.4920447 0.2908970 0.4956968 0.3887428 0.0000000 0.2530351 0.5101837 5.5542095 4.4469482 2.7445803 2.8150810 3.5227507 3.0633135 2.7129747 3.6670658 3.5221374 3.1687845 2.3226119 4.6785165 2.7677259 2.4759068 3.6646430 2.5898720 3.8855151 4.7881293 4.4357440 4.2515451 4.1843488 5.4739862 
Saccharomyces_paradoxus                     3.5591821 3.2866608 3.7810926 2.7071633 3.7451419 5.2229242 3.5557767 3.2308722 3.0950086 2.6897574 8.9999986 0.4074356 0.1508241 0.4409581 0.3632501 0.2530351 0.0000000 0.4243472 5.5356990 4.5150181 2.9150418 2.7947578 3.6059213 3.0248560 2.7120923 3.7813530 3.6364382 3.0463101 2.3940945 4.9657158 2.8143939 2.5906566 3.8122736 2.5641091 3.9365636 4.6663316 4.5175334 4.3655800 4.2431960 5.7950927 
Saccharomyces_uvarum                        3.3413015 3.3194779 3.9052492 2.5211464 3.6949378 5.1018595 3.7016632 3.3377159 2.8018693 2.5479942 8.9999981 0.4876392 0.4950244 0.1106458 0.4278611 0.5101837 0.4243472 0.0000000 6.0121427 4.3382129 2.7450495 2.6351121 3.5950937 2.9395725 2.6965003 3.5952872 3.7526709 3.3150015 2.3561829 4.9252582 2.8865551 2.5088441 3.7063894 2.6744649 3.7667029 4.5517499 4.6337175 4.5012609 4.3403016 6.0002300 
Tetrapisispora_blattae                      6.0379462 6.0027584 7.6664590 5.1740806 6.0663840 6.6540596 6.5644640 6.4806510 5.8229247 6.5621344 8.9999988 5.8056729 5.7114515 5.8435826 5.9328655 5.5542095 5.5356990 6.0121427 0.0000000 7.1461920 5.8996664 5.6661728 5.8218221 5.4656295 5.4669968 5.9283653 6.5751146 6.1666010 4.8627040 6.4791488 5.3539523 5.4433437 5.7922334 5.5570130 5.7160363 6.0968154 7.8329724 6.1094688 7.0340080 4.1766391 
Tetrapisispora_phaffii                      5.2998725 4.6651453 6.4636940 4.8545309 5.3028455 6.8671116 5.3680297 5.4734287 4.5360288 4.7114001 8.9999988 4.4236608 4.4795486 4.3093855 4.7410616 4.4469482 4.5150181 4.3382129 7.1461920 0.0000000 3.3319739 5.1893178 5.7427417 4.6772046 4.3954714 6.6330399 6.6014852 5.4119525 4.3263126 6.6966334 5.1475581 4.5248514 5.4149741 4.3327608 5.7209863 6.7724813 0.8082904 1.3741258 0.7859429 8.8133955 
Vanderwaltozyma_polyspora                   3.4928023 3.2947111 5.2378158 3.3578693 3.3599305 5.5212551 3.5459344 3.5421424 3.3090218 3.1541076 8.9999986 2.7660065 2.8518760 2.7867198 2.8507300 2.7445803 2.9150418 2.7450495 5.8996664 3.3319739 0.0000000 3.3207645 4.1505932 3.6010343 3.1266738 3.8844527 4.4811757 3.5079490 3.0530175 4.7150230 3.4710946 3.1456461 4.0714583 3.1916103 3.9987052 4.2877271 3.6172093 3.3181915 3.4732668 6.0820370 
yHAB132_Kazachstania_martiniae              3.2135036 2.4907984 3.8801790 3.0033533 3.5954348 5.5762125 3.3314669 3.1483914 2.4845777 3.0399022 8.9999988 2.8274490 2.8245498 2.6669840 2.7067038 2.8150810 2.7947578 2.6351121 5.6661728 5.1893178 3.3207645 0.0000000 3.1473148 3.1555955 2.3436612 3.3448840 3.3846400 3.0957878 2.4877815 3.9542473 2.7959500 2.6679369 3.4341888 2.7443763 3.3392709 3.9235866 4.9830366 4.3866351 4.7915624 6.9144652 
yHAB133_Kazachstania_unispora               4.0732658 3.4296818 3.5057343 4.0579756 3.6914007 5.4040183 3.7555757 3.5204221 3.5901696 3.4169739 8.9999984 3.4588578 3.7198258 3.5203499 3.6273857 3.5227507 3.6059213 3.5950937 5.8218221 5.7427417 4.1505932 3.1473148 0.0000000 3.9237628 2.7419460 0.8410140 3.3187337 3.7550439 3.2285490 3.3191599 3.6674476 3.8343837 0.5962400 3.4856394 0.5933566 3.4344389 5.4326374 5.2705062 5.1102573 5.6688382 
yHAB134_Kazachstania_turicensis             3.3779903 2.8368227 4.4266171 3.3978369 3.9511229 5.5860106 3.7721070 3.4628690 3.0601506 3.0977905 8.9999981 2.9444439 2.9994789 2.9436031 2.9184439 3.0633135 3.0248560 2.9395725 5.4656295 4.6772046 3.6010343 3.1555955 3.9237628 0.0000000 2.9075634 3.8158330 3.8844475 3.4603825 2.4794658 4.5571233 2.5891299 2.9496364 3.6122612 1.7134714 3.7753158 4.4494038 5.0019660 4.8736466 4.6449191 5.4573728 
yHAB136_Kazachstania_bromeliacearum         3.2229687 2.9103184 3.0626783 2.9760361 3.6274814 5.7888077 3.4107137 3.2244243 2.6190328 2.6469286 8.9999985 2.8625486 2.6514460 2.7183466 2.9145282 2.7129747 2.7120923 2.6965003 5.4669968 4.3954714 3.1266738 2.3436612 2.7419460 2.9075634 0.0000000 2.8909613 2.5552191 2.9922918 2.3673010 3.5198107 2.3311483 2.5953194 3.1152753 2.6884055 3.2110550 3.5554131 4.1292414 3.7530181 3.8473753 6.2229827 
yHAB143_Kazachstania_siamensis              4.1032760 3.5625275 3.6359371 3.8934652 3.8743115 5.8822317 3.8674988 3.6077767 3.6247803 3.5054758 8.9999983 3.5574080 3.8482052 3.6269269 3.6520463 3.6670658 3.7813530 3.5952872 5.9283653 6.6330399 3.8844527 3.3448840 0.8410140 3.8158330 2.8909613 0.0000000 3.1485667 3.7438783 3.1059261 3.5161415 3.5030459 3.9800111 0.9198277 3.3244001 1.0466376 3.5353495 5.5086848 5.5068539 5.6434055 5.8920066 
yHAB147_Kazachstania_taianensis             4.4297121 3.8806628 3.7784134 3.7031593 4.5901861 6.2075655 4.1981328 4.3485941 3.2730109 3.1664449 8.9999983 3.7014360 3.6108013 3.6341788 3.4695290 3.5221374 3.6364382 3.7526709 6.5751146 6.6014852 4.4811757 3.3846400 3.3187337 3.8844475 2.5552191 3.1485667 0.0000000 3.9222406 3.5294146 4.0086752 3.7028568 3.3704723 3.2358246 3.3688979 3.3254331 4.0844702 6.8363739 5.8114885 6.5150265 6.5750232 
yHAB148_Kazachstania_intestinalis           3.6798974 3.1254653 4.0220088 3.7180376 4.0063127 6.0910764 3.8440482 4.0457316 3.5507309 3.5391747 8.9999985 3.1952236 3.1921197 3.2111209 3.0175620 3.1687845 3.0463101 3.3150015 6.1666010 5.4119525 3.5079490 3.0957878 3.7550439 3.4603825 2.9922918 3.7438783 3.9222406 0.0000000 2.8728382 5.0910897 3.1150831 3.4825001 3.7716451 3.4972196 3.7440329 4.2560699 5.2186037 4.8503377 4.9210104 7.9506031 
yHAB153_Kazachstania_rosinii                3.1153101 2.5294797 3.5544629 2.6390481 3.1950822 4.5711723 3.4366882 3.3442576 2.4852103 2.5872262 8.9999986 2.2878423 2.4117589 2.3671248 2.3858262 2.3226119 2.3940945 2.3561829 4.8627040 4.3263126 3.0530175 2.4877815 3.2285490 2.4794658 2.3673010 3.1059261 3.5294146 2.8728382 0.0000000 4.2342030 1.7536019 2.3545484 3.3157735 1.9312625 3.2270495 3.8530504 4.4986017 3.8411701 4.3991766 5.4260942 
yHAB154_Kazachstania_transvaalensis         5.6872829 4.0125979 4.7608603 4.7899150 5.2667147 6.5141285 5.2122981 5.5475638 4.4823309 3.9450639 8.9999986 4.9262839 4.9731487 4.9592255 5.0174230 4.6785165 4.9657158 4.9252582 6.4791488 6.6966334 4.7150230 3.9542473 3.3191599 4.5571233 3.5198107 3.5161415 4.0086752 5.0910897 4.2342030 0.0000000 4.6382066 3.9094845 3.2579846 4.8074517 3.2674967 0.8147995 7.7101071 6.6411540 7.1011384 7.2397480 
yHAB155_Kazachstania_spencerorum            3.3205062 2.7115761 4.3567407 3.1650545 3.7467797 5.4552594 3.2412143 3.2783975 2.8751629 2.7448272 8.9999989 2.9300993 2.7836548 2.8813552 2.9413318 2.7677259 2.8143939 2.8865551 5.3539523 5.1475581 3.4710946 2.7959500 3.6674476 2.5891299 2.3311483 3.5030459 3.7028568 3.1150831 1.7536019 4.6382066 0.0000000 2.6209649 3.5634605 2.1538728 3.6710118 4.0387333 5.0277683 4.7659004 4.9074598 5.9915785 
yHAB158_Kazachstania_viticola               3.7079254 3.0837653 4.0308492 3.0937277 3.6496116 4.5436427 3.5483850 3.5328020 2.6739964 3.0169831 8.9999985 2.6669119 2.5889343 2.4818051 2.6457643 2.4759068 2.5906566 2.5088441 5.4433437 4.5248514 3.1456461 2.6679369 3.8343837 2.9496364 2.5953194 3.9800111 3.3704723 3.4825001 2.3545484 3.9094845 2.6209649 0.0000000 3.7244718 2.8190370 3.6306567 4.0181479 4.6344942 4.2033311 4.1654466 5.9789081 
yHAB159_Kazachstania_solicola               4.2333438 3.3025176 3.5587995 4.0546025 3.7026632 5.3135905 3.8308283 3.8096912 3.7029272 3.3445310 8.9999988 3.7552746 3.8474779 3.6264493 3.7242352 3.6646430 3.8122736 3.7063894 5.7922334 5.4149741 4.0714583 3.4341888 0.5962400 3.6122612 3.1152753 0.9198277 3.2358246 3.7716451 3.3157735 3.2579846 3.5634605 3.7244718 0.0000000 3.1865518 0.1694998 3.3166054 5.3419245 5.3564961 4.9564276 5.6115208 
yHAB160_Kazachstania_kunashirensis          3.2875166 2.6596237 4.5674825 3.4244385 3.5145303 6.1618531 3.6816981 3.2666950 3.1462415 2.8683029 8.9999985 2.6782040 2.6562799 2.6842420 2.6412738 2.5898720 2.5641091 2.6744649 5.5570130 4.3327608 3.1916103 2.7443763 3.4856394 1.7134714 2.6884055 3.3244001 3.3688979 3.4972196 1.9312625 4.8074517 2.1538728 2.8190370 3.1865518 0.0000000 3.2566645 4.2265303 4.4155283 4.4319919 4.1073009 5.8239865 
yHAB164_Kazachstania_aerobia                4.4118992 3.4040695 3.6108586 3.9688064 3.7102824 5.1040143 3.8389731 3.6772152 3.7283844 3.5451215 8.9999988 3.7749333 4.0765695 3.6833596 3.7957934 3.8855151 3.9365636 3.7667029 5.7160363 5.7209863 3.9987052 3.3392709 0.5933566 3.7753158 3.2110550 1.0466376 3.3254331 3.7440329 3.2270495 3.2674967 3.6710118 3.6306567 0.1694998 3.2566645 0.0000000 3.3299127 5.6233141 5.4323199 5.3569149 5.8198758 
yHAB166_Kazachstania_yakushimaensis         5.2879769 4.3979330 5.3247922 4.4327887 5.2364588 5.7120236 5.6233536 5.3853947 4.5650072 4.1455930 8.9999983 4.6708559 4.6974837 4.5157414 4.5727110 4.7881293 4.6663316 4.5517499 6.0968154 6.7724813 4.2877271 3.9235866 3.4344389 4.4494038 3.5554131 3.5353495 4.0844702 4.2560699 3.8530504 0.8147995 4.0387333 4.0181479 3.3166054 4.2265303 3.3299127 0.0000000 7.7123977 6.3047197 7.2202323 6.7787876 
yHMPu5000034875_Tetrapisispora_fleetii      5.6050526 4.5805044 6.2525343 4.6575292 5.2160680 6.9624576 5.3628688 5.4983230 4.5294743 5.0945069 8.9999984 4.5045858 4.4293920 4.5494354 4.5642456 4.4357440 4.5175334 4.6337175 7.8329724 0.8082904 3.6172093 4.9830366 5.4326374 5.0019660 4.1292414 5.5086848 6.8363739 5.2186037 4.4986017 7.7101071 5.0277683 4.6344942 5.3419245 4.4155283 5.6233141 7.7123977 0.0000000 1.6692169 0.4606339 8.9706142 
yHMPu5000034876_Tetrapisispora_iriomotensis 5.1894858 4.8524537 6.0211018 4.7541654 4.6352573 6.6108847 4.6966106 4.6808603 4.1956215 4.1313780 8.9999989 4.6285477 4.5118229 4.4422848 4.4755993 4.2515451 4.3655800 4.5012609 6.1094688 1.3741258 3.3181915 4.3866351 5.2705062 4.8736466 3.7530181 5.5068539 5.8114885 4.8503377 3.8411701 6.6411540 4.7659004 4.2033311 5.3564961 4.4319919 5.4323199 6.3047197 1.6692169 0.0000000 1.5990969 7.7011404 
yHMPu5000034877_Tetrapisispora_namnaonensis 5.5392855 4.6674902 5.8187943 5.1797987 5.0968413 7.2256410 5.3326727 5.2508614 4.3780432 4.6413391 8.9999986 4.4178679 4.1221270 4.2678239 4.3190373 4.1843488 4.2431960 4.3403016 7.0340080 0.7859429 3.4732668 4.7915624 5.1102573 4.6449191 3.8473753 5.6434055 6.5150265 4.9210104 4.3991766 7.1011384 4.9074598 4.1654466 4.9564276 4.1073009 5.3569149 7.2202323 0.4606339 1.5990969 0.0000000 8.8507274 
yHMPu5000035629_Yueomyces_sinensis          6.5855693 6.2253278 8.3905065 5.7696819 6.3863716 6.4480527 6.3994125 6.5326680 6.2085120 6.0201382 8.9999987 5.5761717 5.9296793 5.7904991 5.6629961 5.4739862 5.7950927 6.0002300 4.1766391 8.8133955 6.0820370 6.9144652 5.6688382 5.4573728 6.2229827 5.8920066 6.5750232 7.9506031 5.4260942 7.2397480 5.9915785 5.9789081 5.6115208 5.8239865 5.8198758 6.7787876 8.9706142 7.7011404 8.8507274 0.0000000 
