40
Candida_glabrata                            0.0000000 1.0901867 1.3860512 1.4407395 0.7113023 1.8203375 0.7041634 0.8110364 1.1821369 1.4556572 8.6633724 1.5401961 1.4898598 1.4014197 1.5232912 1.6334637 1.4472076 1.4642390 1.2875341 1.5462206 1.2368381 1.3305736 1.3660174 1.5739781 1.2312669 1.7049443 1.2586288 1.6207653 1.2707197 2.4179121 1.0876944 1.1392359 1.4049495 1.1146751 1.4094263 2.5108417 1.4300195 1.5596208 1.4481292 2.4448216 
Kazachstania_africana                       1.0901867 0.0000000 1.2597794 1.4791413 1.2432986 1.5844195 1.3907466 1.3982393 1.0948169 1.3343042 7.0933369 1.4614633 1.4093878 1.5685402 1.5280990 1.5250199 1.5114371 1.6579864 1.4433177 1.4146296 0.9631647 1.0278597 1.4045153 1.6119735 1.1209053 1.5797168 1.2877404 1.7547047 1.0354576 2.6020204 0.9437490 0.9302292 1.4182862 0.9563522 1.4242868 2.7919252 1.3991194 1.5974147 1.4366728 2.9117535 
Kazachstania_naganishii                     1.3860512 1.2597794 0.0000000 1.4564521 1.4557175 2.0831547 1.3787833 1.3246274 1.0882074 1.5933610 6.4173864 1.6601982 1.5727286 1.4903592 1.6622012 1.5884013 1.5502860 1.5569839 1.7112717 1.4138656 1.3140586 1.1141454 1.2236619 1.5328352 0.9533536 1.4260184 0.9841570 1.4589926 1.2895591 2.3270568 1.1174194 1.1728892 1.1161807 1.1002448 1.2431743 2.6256697 1.4965894 1.4275962 1.6180034 2.8101944 
Nakaseomyces_bacillisporus                  1.4407395 1.4791413 1.4564521 0.0000000 1.4225928 1.9212391 1.4290712 1.6000089 1.4341540 1.4884189 8.9999982 1.7735256 1.7981082 1.6378049 1.7326040 1.8287844 1.7369624 1.6788100 1.3341442 1.6697010 1.3108534 1.5129975 1.6654043 1.3785182 1.4281378 1.8018012 1.4459594 1.4448342 1.1336597 2.4279341 1.4461374 1.5847119 1.9435469 1.3948071 1.8190129 2.8894887 1.5867096 1.3956985 1.5380574 2.7388287 
Nakaseomyces_bracarensis                    0.7113023 1.2432986 1.4557175 1.4225928 0.0000000 2.0335535 0.6014459 0.5208128 1.4595353 1.6119187 8.4312401 1.7941200 1.6909214 1.7177529 1.7223715 1.6235335 1.7029785 1.7773670 1.3043414 1.7069664 1.1550953 1.4210811 1.4034584 1.6635119 1.3691204 1.8509869 1.3193681 1.5848382 1.2126028 2.8188576 1.1237822 1.2913787 1.4911036 1.3784352 1.5243321 3.2709453 1.6504231 1.6959870 1.6116278 2.6683428 
Nakaseomyces_castellii                      1.8203375 1.5844195 2.0831547 1.9212391 2.0335535 0.0000000 1.9537428 2.1157850 1.7944652 1.7963908 8.1117181 2.0476851 2.1082064 2.1919182 2.0958921 2.1007235 1.9994151 2.1584126 1.8200814 1.6314082 1.5274213 2.0515500 2.1976324 1.9527496 1.9306853 2.2981073 1.8181776 1.7948005 1.4742707 2.7611174 1.6302143 2.0137451 2.6448344 1.6122888 2.4732517 3.0958156 1.7731053 1.8836188 1.7132132 2.9788238 
Nakaseomyces_delphensis                     0.7041634 1.3907466 1.3787833 1.4290712 0.6014459 1.9537428 0.0000000 0.4411182 1.4297401 1.7389198 8.1562758 1.5610223 1.4921705 1.6503564 1.4612234 1.6067963 1.3830591 1.6624807 1.4928337 1.4823943 1.3699262 1.3218380 1.5795181 1.5972669 1.4054547 1.8667156 1.2369194 1.5955147 1.1919005 2.7272106 1.2482333 1.3640053 1.6047735 1.4161060 1.6449516 3.0716033 1.5768788 1.4064245 1.7273944 2.8361337 
Nakaseomyces_nivariensis                    0.8110364 1.3982393 1.3246274 1.6000089 0.5208128 2.1157850 0.4411182 0.0000000 1.5302777 1.8530272 8.9185381 1.8490607 1.7248376 1.8013911 1.6862056 1.7980920 1.6775539 1.7097103 1.5568592 1.8020102 1.2967210 1.2263392 1.5608642 1.7628028 1.4468138 1.7329691 1.3786881 1.7656017 1.2852795 2.4367937 1.2719612 1.3860923 1.6658850 1.2529831 1.8014437 2.9148167 1.7425570 1.6938269 1.7640122 2.9937634 
Naumovozyma_castellii                       1.1821369 1.0948169 1.0882074 1.4341540 1.4595353 1.7944652 1.4297401 1.5302777 0.0000000 0.9290533 8.6270717 1.5028163 1.4747601 1.4410345 1.4499896 1.4800573 1.5073864 1.4503233 1.3303725 1.5101964 0.9671566 1.2179282 1.1956979 1.5117611 1.2623710 1.1810988 1.3645491 1.3423242 1.2929077 2.3867018 1.0897131 0.9914123 1.3359281 0.9250872 1.2376790 2.5295497 1.3415601 1.4814641 1.4031798 2.1072523 
Naumovozyma_dairenensis                     1.4556572 1.3343042 1.5933610 1.4884189 1.6119187 1.7963908 1.7389198 1.8530272 0.9290533 0.0000000 8.9844825 1.7035658 1.7161478 1.7176681 1.7105560 1.7642494 1.6731789 1.6848493 1.6182453 1.7349312 1.0793571 1.2489818 0.9845399 1.5414189 1.2226057 1.0609285 1.5336467 1.6414903 1.4984299 2.5759352 1.0347420 1.0225482 1.1007162 1.2469643 1.1638343 2.9741307 1.6476659 1.7394101 1.4152073 2.1684393 
Neurospora_crassa                           8.6633724 7.0933369 6.4173864 8.9999982 8.4312401 8.1117181 8.1562758 8.9185381 8.6270717 8.9844825 0.0000000 8.5612691 7.8093042 8.2392660 7.5908390 8.5118318 6.9754315 8.2362937 7.9472583 6.9438084 8.4044660 7.8899999 7.6780542 7.5947339 8.9999984 7.7778965 7.1921431 8.9999980 7.1821781 8.0828653 8.8386745 7.4645384 7.7114159 7.7542658 8.5035093 7.8476892 7.1927525 6.6284586 6.7432195 8.9999987 
Saccharomyces_arboricola                    1.5401961 1.4614633 1.6601982 1.7735256 1.7941200 2.0476851 1.5610223 1.8490607 1.5028163 1.7035658 8.5612691 0.0000000 0.3736442 0.3120661 0.2954076 0.3786851 0.3178733 0.3090115 1.8542948 1.6101501 1.3124272 1.5524177 1.5139958 1.6224111 1.3788933 1.7305597 1.7536949 1.5699923 1.5571317 2.1457903 1.5708872 1.5840006 1.4732369 1.2642640 1.4148153 2.2935798 1.5893168 1.5341947 1.4663330 2.5796994 
Saccharomyces_cerevisiae                    1.4898598 1.4093878 1.5727286 1.7981082 1.6909214 2.1082064 1.4921705 1.7248376 1.4747601 1.7161478 7.8093042 0.3736442 0.0000000 0.3739283 0.3083140 0.3225048 0.1755893 0.3505686 2.0142344 1.5549049 1.1853303 1.5456311 1.6153315 1.7096974 1.3854364 1.7198797 1.6467809 1.6439897 1.4633520 2.4632460 1.5332289 1.3712332 1.5230948 1.2282167 1.5540989 2.4678023 1.5372018 1.5091670 1.5126259 2.7402250 
Saccharomyces_eubayanus                     1.4014197 1.5685402 1.4903592 1.6378049 1.7177529 2.1919182 1.6503564 1.8013911 1.4410345 1.7176681 8.2392660 0.3120661 0.3739283 0.0000000 0.3448912 0.3958986 0.3418902 0.1070617 1.9177898 1.5702476 1.2272138 1.4536746 1.6247827 1.6943457 1.4792746 1.7138098 1.6645616 1.6041300 1.5467654 2.2835887 1.5007161 1.4138528 1.5522859 1.3607108 1.4487945 2.3838975 1.5167907 1.3744606 1.4006669 2.5953269 
Saccharomyces_kudriavzevii                  1.5232912 1.5280990 1.6622012 1.7326040 1.7223715 2.0958921 1.4612234 1.6862056 1.4499896 1.7105560 7.5908390 0.2954076 0.3083140 0.3448912 0.0000000 0.3282838 0.2722123 0.3348005 1.7823300 1.5235670 1.3159125 1.5781135 1.7220126 1.4313679 1.4499010 1.7983683 1.8129196 1.5951444 1.5282734 2.2054633 1.5039981 1.3862178 1.5703692 1.3329073 1.5603469 2.4230702 1.6705230 1.6082786 1.5901935 2.5856826 
Saccharomyces_mikatae                       1.6334637 1.5250199 1.5884013 1.8287844 1.6235335 2.1007235 1.6067963 1.7980920 1.4800573 1.7642494 8.5118318 0.3786851 0.3225048 0.3958986 0.3282838 0.0000000 0.3120583 0.4000688 1.9706321 1.6122713 1.3042769 1.4543487 1.5788629 1.5588050 1.5230556 1.7470721 1.7515756 1.6827518 1.6366155 2.3998155 1.6394622 1.3155254 1.6035373 1.3151417 1.5658241 2.5221268 1.5413405 1.5609861 1.4807189 2.7068961 
Saccharomyces_paradoxus                     1.4472076 1.5114371 1.5502860 1.7369624 1.7029785 1.9994151 1.3830591 1.6775539 1.5073864 1.6731789 6.9754315 0.3178733 0.1755893 0.3418902 0.2722123 0.3120583 0.0000000 0.3254000 2.0104829 1.5119987 1.3824611 1.5259064 1.5919431 1.6121605 1.4384951 1.8040718 1.7156409 1.6599186 1.4737987 2.3137654 1.5729233 1.4566047 1.5078885 1.2064929 1.4825898 2.3301472 1.5499709 1.4579005 1.4313087 2.6007076 
Saccharomyces_uvarum                        1.4642390 1.6579864 1.5569839 1.6788100 1.7773670 2.1584126 1.6624807 1.7097103 1.4503233 1.6848493 8.2362937 0.3090115 0.3505686 0.1070617 0.3348005 0.4000688 0.3254000 0.0000000 1.9264583 1.5159157 1.3117077 1.4830475 1.5767704 1.5839211 1.4786216 1.7863154 1.7041359 1.7099369 1.5647649 2.1470960 1.5456056 1.3800892 1.5466664 1.2621910 1.4496104 2.3651988 1.5120078 1.4102501 1.3177229 2.6492985 
Tetrapisispora_blattae                      1.2875341 1.4433177 1.7112717 1.3341442 1.3043414 1.8200814 1.4928337 1.5568592 1.3303725 1.6182453 7.9472583 1.8542948 2.0142344 1.9177898 1.7823300 1.9706321 2.0104829 1.9264583 0.0000000 1.7439614 1.4306071 1.3205454 1.4891982 1.2467872 1.5925436 1.6995682 1.6752198 1.6616423 1.4376966 2.2764974 1.2205094 1.1320844 1.6519174 1.2499946 1.5794237 2.6436053 1.7056759 1.8449985 1.7255406 2.1071891 
Tetrapisispora_phaffii                      1.5462206 1.4146296 1.4138656 1.6697010 1.7069664 1.6314082 1.4823943 1.8020102 1.5101964 1.7349312 6.9438084 1.6101501 1.5549049 1.5702476 1.5235670 1.6122713 1.5119987 1.5159157 1.7439614 0.0000000 1.0916003 1.4830325 1.4230114 1.6434961 1.6202332 1.9304623 1.4383426 1.5580765 1.1514189 2.6146282 1.4583078 1.5037347 1.4555221 1.4582233 1.5215406 2.7685593 0.6081015 0.7054894 0.6358522 2.6172935 
Vanderwaltozyma_polyspora                   1.2368381 0.9631647 1.3140586 1.3108534 1.1550953 1.5274213 1.3699262 1.2967210 0.9671566 1.0793571 8.4044660 1.3124272 1.1853303 1.2272138 1.3159125 1.3042769 1.3824611 1.3117077 1.4306071 1.0916003 0.0000000 1.2700142 1.0823257 1.2422654 1.0318446 1.3385092 1.2419678 1.2413100 0.9207605 2.4764448 0.9506702 1.0340914 1.2557071 0.8579167 1.1785237 2.5009156 1.0350549 0.9398322 1.0883593 2.3076647 
yHAB132_Kazachstania_martiniae              1.3305736 1.0278597 1.1141454 1.5129975 1.4210811 2.0515500 1.3218380 1.2263392 1.2179282 1.2489818 7.8899999 1.5524177 1.5456311 1.4536746 1.5781135 1.4543487 1.5259064 1.4830475 1.3205454 1.4830325 1.2700142 0.0000000 1.2348303 1.6621520 1.1443923 1.4196364 1.2208588 1.4954956 1.0062953 2.3772737 0.9640960 0.8739133 1.3422577 1.0442436 1.2823455 2.5309930 1.5598770 1.5382952 1.4254093 2.7603811 
yHAB133_Kazachstania_unispora               1.3660174 1.4045153 1.2236619 1.6654043 1.4034584 2.1976324 1.5795181 1.5608642 1.1956979 0.9845399 7.6780542 1.5139958 1.6153315 1.6247827 1.7220126 1.5788629 1.5919431 1.5767704 1.4891982 1.4230114 1.0823257 1.2348303 0.0000000 1.4977982 1.0570392 0.5543599 1.4201890 1.5802847 1.4138722 2.3973560 1.1246171 1.0824978 0.4191624 0.9947338 0.3283614 2.6638905 1.4794950 1.6404872 1.3935196 2.2839598 
yHAB134_Kazachstania_turicensis             1.5739781 1.6119735 1.5328352 1.3785182 1.6635119 1.9527496 1.5972669 1.7628028 1.5117611 1.5414189 7.5947339 1.6224111 1.7096974 1.6943457 1.4313679 1.5588050 1.6121605 1.5839211 1.2467872 1.6434961 1.2422654 1.6621520 1.4977982 0.0000000 1.2867779 1.8462445 1.8972407 1.7109444 1.3618736 2.2574885 1.4765986 1.4167258 1.5694366 1.0598155 1.4929593 2.4451608 1.8478827 1.8177557 1.7783322 2.8679420 
yHAB136_Kazachstania_bromeliacearum         1.2312669 1.1209053 0.9533536 1.4281378 1.3691204 1.9306853 1.4054547 1.4468138 1.2623710 1.2226057 8.9999984 1.3788933 1.3854364 1.4792746 1.4499010 1.5230556 1.4384951 1.4786216 1.5925436 1.6202332 1.0318446 1.1443923 1.0570392 1.2867779 0.0000000 1.3641713 1.2580501 1.4419584 1.2771640 2.3261548 1.0972184 1.0398512 1.1661902 1.0348578 0.9725378 2.5159824 1.6056070 1.8054935 1.6847019 2.5231325 
yHAB143_Kazachstania_siamensis              1.7049443 1.5797168 1.4260184 1.8018012 1.8509869 2.2981073 1.8667156 1.7329691 1.1810988 1.0609285 7.7778965 1.7305597 1.7198797 1.7138098 1.7983683 1.7470721 1.8040718 1.7863154 1.6995682 1.9304623 1.3385092 1.4196364 0.5543599 1.8462445 1.3641713 0.0000000 1.6347300 1.4330371 1.7874430 2.4143789 1.2792955 1.2259114 0.7701851 1.2998847 0.7127559 2.3983313 1.8710532 1.8697294 1.6461526 2.2407916 
yHAB147_Kazachstania_taianensis             1.2586288 1.2877404 0.9841570 1.4459594 1.3193681 1.8181776 1.2369194 1.3786881 1.3645491 1.5336467 7.1921431 1.7536949 1.6467809 1.6645616 1.8129196 1.7515756 1.7156409 1.7041359 1.6752198 1.4383426 1.2419678 1.2208588 1.4201890 1.8972407 1.2580501 1.6347300 0.0000000 1.3791121 1.1397337 2.3145222 1.2491745 1.4682128 1.3400213 1.2841571 1.4186424 2.3988992 1.4839708 1.3455550 1.6548922 3.0165374 
yHAB148_Kazachstania_intestinalis           1.6207653 1.7547047 1.4589926 1.4448342 1.5848382 1.7948005 1.5955147 1.7656017 1.3423242 1.6414903 8.9999980 1.5699923 1.6439897 1.6041300 1.5951444 1.6827518 1.6599186 1.7099369 1.6616423 1.5580765 1.2413100 1.4954956 1.5802847 1.7109444 1.4419584 1.4330371 1.3791121 0.0000000 1.4836479 2.6504300 1.3797602 1.3897825 1.4565112 1.3250605 1.5389315 2.6455832 1.4941124 1.5349310 1.4962995 2.9600714 
yHAB153_Kazachstania_rosinii                1.2707197 1.0354576 1.2895591 1.1336597 1.2126028 1.4742707 1.1919005 1.2852795 1.2929077 1.4984299 7.1821781 1.5571317 1.4633520 1.5467654 1.5282734 1.6366155 1.4737987 1.5647649 1.4376966 1.1514189 0.9207605 1.0062953 1.4138722 1.3618736 1.2771640 1.7874430 1.1397337 1.4836479 0.0000000 2.4551593 1.0440492 1.2825672 1.3711266 1.1821342 1.4009295 2.6935939 1.2655639 1.1515746 1.3476548 2.5538165 
yHAB154_Kazachstania_transvaalensis         2.4179121 2.6020204 2.3270568 2.4279341 2.8188576 2.7611174 2.7272106 2.4367937 2.3867018 2.5759352 8.0828653 2.1457903 2.4632460 2.2835887 2.2054633 2.3998155 2.3137654 2.1470960 2.2764974 2.6146282 2.4764448 2.3772737 2.3973560 2.2574885 2.3261548 2.4143789 2.3145222 2.6504300 2.4551593 0.0000000 2.3320869 2.4391389 2.6840357 2.3545980 2.6284316 0.5116541 2.7152350 2.2614648 2.7336297 2.8839924 
yHAB155_Kazachstania_spencerorum            1.0876944 0.9437490 1.1174194 1.4461374 1.1237822 1.6302143 1.2482333 1.2719612 1.0897131 1.0347420 8.8386745 1.5708872 1.5332289 1.5007161 1.5039981 1.6394622 1.5729233 1.5456056 1.2205094 1.4583078 0.9506702 0.9640960 1.1246171 1.4765986 1.0972184 1.2792955 1.2491745 1.3797602 1.0440492 2.3320869 0.0000000 1.0543715 1.2465920 0.9634384 1.2017993 2.7847019 1.2769289 1.4719221 1.4139036 2.3480264 
yHAB158_Kazachstania_viticola               1.1392359 0.9302292 1.1728892 1.5847119 1.2913787 2.0137451 1.3640053 1.3860923 0.9914123 1.0225482 7.4645384 1.5840006 1.3712332 1.4138528 1.3862178 1.3155254 1.4566047 1.3800892 1.1320844 1.5037347 1.0340914 0.8739133 1.0824978 1.4167258 1.0398512 1.2259114 1.4682128 1.3897825 1.2825672 2.4391389 1.0543715 0.0000000 1.2987470 0.9928539 1.1131443 2.8238676 1.5717335 1.5960881 1.4196699 2.4458969 
yHAB159_Kazachstania_solicola               1.4049495 1.4182862 1.1161807 1.9435469 1.4911036 2.6448344 1.6047735 1.6658850 1.3359281 1.1007162 7.7114159 1.4732369 1.5230948 1.5522859 1.5703692 1.6035373 1.5078885 1.5466664 1.6519174 1.4555221 1.2557071 1.3422577 0.4191624 1.5694366 1.1661902 0.7701851 1.3400213 1.4565112 1.3711266 2.6840357 1.2465920 1.2987470 0.0000000 1.2329116 0.2122946 2.7547622 1.6069402 1.7601471 1.5454326 2.8493810 
yHAB160_Kazachstania_kunashirensis          1.1146751 0.9563522 1.1002448 1.3948071 1.3784352 1.6122888 1.4161060 1.2529831 0.9250872 1.2469643 7.7542658 1.2642640 1.2282167 1.3607108 1.3329073 1.3151417 1.2064929 1.2621910 1.2499946 1.4582233 0.8579167 1.0442436 0.9947338 1.0598155 1.0348578 1.2998847 1.2841571 1.3250605 1.1821342 2.3545980 0.9634384 0.9928539 1.2329116 0.0000000 1.1495455 2.4762746 1.3454244 1.4174055 1.3227765 2.3351460 
yHAB164_Kazachstania_aerobia                1.4094263 1.4242868 1.2431743 1.8190129 1.5243321 2.4732517 1.6449516 1.8014437 1.2376790 1.1638343 8.5035093 1.4148153 1.5540989 1.4487945 1.5603469 1.5658241 1.4825898 1.4496104 1.5794237 1.5215406 1.1785237 1.2823455 0.3283614 1.4929593 0.9725378 0.7127559 1.4186424 1.5389315 1.4009295 2.6284316 1.2017993 1.1131443 0.2122946 1.1495455 0.0000000 2.7183566 1.6828805 1.8348389 1.6110715 2.7017030 
yHAB166_Kazachstania_yakushimaensis         2.5108417 2.7919252 2.6256697 2.8894887 3.2709453 3.0958156 3.0716033 2.9148167 2.5295497 2.9741307 7.8476892 2.2935798 2.4678023 2.3838975 2.4230702 2.5221268 2.3301472 2.3651988 2.6436053 2.7685593 2.5009156 2.5309930 2.6638905 2.4451608 2.5159824 2.3983313 2.3988992 2.6455832 2.6935939 0.5116541 2.7847019 2.8238676 2.7547622 2.4762746 2.7183566 0.0000000 2.5687091 2.5768936 2.6771982 2.7607152 
yHMPu5000034875_Tetrapisispora_fleetii      1.4300195 1.3991194 1.4965894 1.5867096 1.6504231 1.7731053 1.5768788 1.7425570 1.3415601 1.6476659 7.1927525 1.5893168 1.5372018 1.5167907 1.6705230 1.5413405 1.5499709 1.5120078 1.7056759 0.6081015 1.0350549 1.5598770 1.4794950 1.8478827 1.6056070 1.8710532 1.4839708 1.4941124 1.2655639 2.7152350 1.2769289 1.5717335 1.6069402 1.3454244 1.6828805 2.5687091 0.0000000 0.6921501 0.3733938 2.7190853 
yHMPu5000034876_Tetrapisispora_iriomotensis 1.5596208 1.5974147 1.4275962 1.3956985 1.6959870 1.8836188 1.4064245 1.6938269 1.4814641 1.7394101 6.6284586 1.5341947 1.5091670 1.3744606 1.6082786 1.5609861 1.4579005 1.4102501 1.8449985 0.7054894 0.9398322 1.5382952 1.6404872 1.8177557 1.8054935 1.8697294 1.3455550 1.5349310 1.1515746 2.2614648 1.4719221 1.5960881 1.7601471 1.4174055 1.8348389 2.5768936 0.6921501 0.0000000 0.7165473 2.4545901 
yHMPu5000034877_Tetrapisispora_namnaonensis 1.4481292 1.4366728 1.6180034 1.5380574 1.6116278 1.7132132 1.7273944 1.7640122 1.4031798 1.4152073 6.7432195 1.4663330 1.5126259 1.4006669 1.5901935 1.4807189 1.4313087 1.3177229 1.7255406 0.6358522 1.0883593 1.4254093 1.3935196 1.7783322 1.6847019 1.6461526 1.6548922 1.4962995 1.3476548 2.7336297 1.4139036 1.4196699 1.5454326 1.3227765 1.6110715 2.6771982 0.3733938 0.7165473 0.0000000 2.4225743 
yHMPu5000035629_Yueomyces_sinensis          2.4448216 2.9117535 2.8101944 2.7388287 2.6683428 2.9788238 2.8361337 2.9937634 2.1072523 2.1684393 8.9999987 2.5796994 2.7402250 2.5953269 2.5856826 2.7068961 2.6007076 2.6492985 2.1071891 2.6172935 2.3076647 2.7603811 2.2839598 2.8679420 2.5231325 2.2407916 3.0165374 2.9600714 2.5538165 2.8839924 2.3480264 2.4458969 2.8493810 2.3351460 2.7017030 2.7607152 2.7190853 2.4545901 2.4225743 0.0000000 
