40
Candida_glabrata                            0.0000000 1.2610120 1.3350893 0.8526293 0.5186274 1.1975866 0.5708212 0.5190320 1.2624852 1.1493794 1.8727681 0.9002301 0.7604312 0.8641543 0.7933192 0.8808195 0.8456595 0.7540271 1.0882850 1.0925273 0.9787559 1.4462220 1.4104171 1.3257925 1.1600823 1.5758704 1.3601708 1.6573814 1.1198053 1.5083180 1.2711758 1.4172603 1.4575333 1.3864482 1.3499899 1.4938703 1.1358626 1.1152680 1.0756123 1.1434530 
Kazachstania_africana                       1.2610120 0.0000000 1.2700495 1.4201095 1.2040591 1.3713309 1.2296103 1.2079741 1.2384550 1.2454152 2.6380523 1.4260397 1.1827930 1.3722825 1.1898773 1.3640974 1.2594236 1.2685173 1.5330994 1.3230155 1.3560829 1.1979564 1.2018710 1.0605463 1.1186285 1.1977969 1.1919339 1.6820661 0.9921545 1.2577414 1.0063295 1.1917588 1.2820702 1.1327470 1.2746493 1.2191885 1.2586485 1.2749122 1.2591556 1.6195864 
Kazachstania_naganishii                     1.3350893 1.2700495 0.0000000 1.2350329 1.4909971 1.6358725 1.4174211 1.5582065 1.3670391 1.5610726 2.4110946 1.5391642 1.3675644 1.4594267 1.3460486 1.3869364 1.3978322 1.3027282 1.6494519 1.5570577 1.4318371 1.2902462 1.1904319 1.4647796 1.0003225 1.2140227 1.0055312 1.3380270 1.1928901 1.2107032 1.3094663 1.5453018 1.1226149 1.4020545 1.1009437 1.3059616 1.5857663 1.5661020 1.6185548 1.7142568 
Nakaseomyces_bacillisporus                  0.8526293 1.4201095 1.2350329 0.0000000 0.8522972 1.1157183 0.9463643 0.9920012 0.9894177 1.0252236 2.1070854 0.9594674 0.7816881 0.9624709 0.7979923 0.8296603 0.8051365 0.7770478 0.8652867 0.9955368 0.8329464 1.2226364 1.1535904 1.2415226 1.0937644 1.4340161 1.3834461 1.4670332 1.3238560 1.2248021 1.3469952 1.2452216 1.2573167 1.1839043 1.2112520 1.2730702 1.0386594 0.8292290 0.9559777 0.8869241 
Nakaseomyces_bracarensis                    0.5186274 1.2040591 1.4909971 0.8522972 0.0000000 1.1677301 0.3517724 0.3993060 1.2392511 1.1315870 2.0278480 0.9936740 0.8047143 0.9094007 0.8603624 0.8589085 0.8491316 0.7903676 1.0280832 1.1618040 0.9640001 1.3416640 1.3413513 1.3284802 1.1039473 1.4153146 1.3552893 1.6991947 1.2270852 1.3053991 1.2118900 1.3411678 1.3579404 1.2128768 1.2963417 1.3924737 1.1180482 1.0724746 1.0890254 1.0546817 
Nakaseomyces_castellii                      1.1975866 1.3713309 1.6358725 1.1157183 1.1677301 0.0000000 1.2281257 1.1475684 1.2913724 1.1310647 2.4213590 1.1688014 1.0144501 1.2048850 1.0697390 1.0328720 1.0266994 1.0624583 1.2043353 1.1550541 1.1285361 1.2997243 1.3783913 1.4424739 1.1962262 1.5564795 1.4794154 1.5227797 1.3696900 1.3005483 1.3221150 1.3301178 1.3190129 1.3715109 1.3249788 1.3229304 1.1800911 1.2139214 1.1634561 1.2321260 
Nakaseomyces_delphensis                     0.5708212 1.2296103 1.4174211 0.9463643 0.3517724 1.2281257 0.0000000 0.2968209 1.1208971 1.0736910 2.1203039 0.9705987 0.9193898 0.9926118 0.9040239 0.9338224 0.9684916 0.9336248 1.0281468 1.0816720 0.9171080 1.3730322 1.2870640 1.2853789 1.1894548 1.4417081 1.4012355 1.6572610 1.3022126 1.3379542 1.1966083 1.4425708 1.3628412 1.2000033 1.2544000 1.3283847 1.0818410 0.9852656 1.0224398 0.9467932 
Nakaseomyces_nivariensis                    0.5190320 1.2079741 1.5582065 0.9920012 0.3993060 1.1475684 0.2968209 0.0000000 1.2609081 1.0207288 2.0386126 0.9977486 0.9025815 1.0114744 0.8931610 0.9555865 0.9324250 0.9248996 1.0804841 1.1763961 0.9828828 1.3486153 1.3714114 1.3929261 1.2727375 1.4909619 1.4303388 1.6286463 1.1354057 1.3738325 1.2633965 1.3892470 1.3899349 1.2750023 1.3118208 1.4578548 1.1371442 1.1015977 1.1171499 1.0346481 
Naumovozyma_castellii                       1.2624852 1.2384550 1.3670391 0.9894177 1.2392511 1.2913724 1.1208971 1.2609081 0.0000000 0.8054026 2.5039192 0.9525038 0.8890824 0.9209537 0.8280240 0.8821765 0.8584619 0.8046399 0.9445946 1.1426786 0.9473175 1.2352571 1.1768209 1.1970706 1.1063729 1.2984619 1.2881986 1.5360124 1.3007646 1.2290645 1.2823509 1.2923691 1.3126905 1.1594706 1.2858842 1.1456043 1.0241610 0.9948443 1.0389144 0.9971619 
Naumovozyma_dairenensis                     1.1493794 1.2454152 1.5610726 1.0252236 1.1315870 1.1310647 1.0736910 1.0207288 0.8054026 0.0000000 2.4415942 1.1894599 0.9427177 1.1285057 0.9931269 0.9868373 0.9831364 0.9751461 0.9500431 1.1291062 0.9702124 1.1710578 1.1890511 1.1549636 1.0751950 1.3349043 1.2669036 1.5168037 1.3804960 1.1560558 1.1563158 1.1496657 1.2437398 1.0127533 1.1947697 1.2400113 0.9521041 0.9801883 1.0152139 1.0194531 
Neurospora_crassa                           1.8727681 2.6380523 2.4110946 2.1070854 2.0278480 2.4213590 2.1203039 2.0386126 2.5039192 2.4415942 0.0000000 2.2400137 2.0064341 2.1008714 1.8961506 2.0507831 2.0718960 1.9005668 2.2404024 2.3705859 2.4067680 2.7786533 2.5580308 2.7690879 2.3078949 2.6881675 2.4419701 2.5198602 2.2878834 2.5696436 2.2181066 2.6792295 2.7566239 2.6599603 2.6583217 2.5632703 2.4015804 2.5358430 2.4441628 2.3289115 
Saccharomyces_arboricola                    0.9002301 1.4260397 1.5391642 0.9594674 0.9936740 1.1688014 0.9705987 0.9977486 0.9525038 1.1894599 2.2400137 0.0000000 0.3117791 0.3027632 0.2941993 0.2372720 0.2826107 0.2878744 0.8574223 1.1849758 0.8684908 1.4616843 1.4332376 1.2482422 1.2464675 1.4028742 1.5120252 1.6968044 1.4166732 1.4548281 1.3239775 1.4708375 1.2960149 1.1714737 1.2437620 1.2801783 1.1583919 1.0254622 1.1604780 0.9777964 
Saccharomyces_cerevisiae                    0.7604312 1.1827930 1.3675644 0.7816881 0.8047143 1.0144501 0.9193898 0.9025815 0.8890824 0.9427177 2.0064341 0.3117791 0.0000000 0.3580201 0.2885033 0.2329094 0.1157673 0.2764521 0.8600366 1.0125891 0.7658311 1.1668211 1.1884244 1.1321803 0.9592865 1.2598096 1.2332443 1.3884235 1.2983766 1.2407610 1.1590350 1.1689572 1.1925266 1.0473760 1.1415636 1.2758747 1.0220054 0.9172334 0.9660583 0.8838761 
Saccharomyces_eubayanus                     0.8641543 1.3722825 1.4594267 0.9624709 0.9094007 1.2048850 0.9926118 1.0114744 0.9209537 1.1285057 2.1008714 0.3027632 0.3580201 0.0000000 0.3367710 0.3176123 0.3207936 0.1199839 0.9148868 1.0764912 0.8596774 1.4589539 1.3537954 1.1890183 1.2089435 1.3904966 1.3631172 1.6770141 1.3706205 1.3782781 1.2508903 1.4227841 1.2350169 1.1604277 1.2169927 1.3719801 1.1050364 1.0807684 1.1139160 0.9627037 
Saccharomyces_kudriavzevii                  0.7933192 1.1898773 1.3460486 0.7979923 0.8603624 1.0697390 0.9040239 0.8931610 0.8280240 0.9931269 1.8961506 0.2941993 0.2885033 0.3367710 0.0000000 0.2938594 0.2861224 0.2480537 0.8468002 1.0437789 0.7682715 1.2634704 1.1693671 1.0806382 1.0789518 1.2821306 1.2346489 1.4736501 1.2108128 1.2688550 1.0284154 1.2416265 1.1618287 1.0107856 1.1037520 1.1713048 1.0004083 0.9410546 0.9573759 0.8938794 
Saccharomyces_mikatae                       0.8808195 1.3640974 1.3869364 0.8296603 0.8589085 1.0328720 0.9338224 0.9555865 0.8821765 0.9868373 2.0507831 0.2372720 0.2329094 0.3176123 0.2938594 0.0000000 0.1918051 0.2785869 0.7809208 1.0773995 0.7979647 1.3302272 1.1722132 1.2330985 1.0174102 1.2061523 1.2960445 1.6119188 1.3831393 1.2826713 1.1453920 1.2576129 1.1193771 1.0903581 1.1128683 1.1827190 1.0174159 1.0565164 1.0529957 0.8926481 
Saccharomyces_paradoxus                     0.8456595 1.2594236 1.3978322 0.8051365 0.8491316 1.0266994 0.9684916 0.9324250 0.8584619 0.9831364 2.0718960 0.2826107 0.1157673 0.3207936 0.2861224 0.1918051 0.0000000 0.2719932 0.8613314 1.0623540 0.8219241 1.2446958 1.2003384 1.2078625 0.9902699 1.2562168 1.2259254 1.5328465 1.3107741 1.2462886 1.1541945 1.2407257 1.2052727 1.0697154 1.1660141 1.2613558 1.0565108 0.9598670 1.0266903 0.9184868 
Saccharomyces_uvarum                        0.7540271 1.2685173 1.3027282 0.7770478 0.7903676 1.0624583 0.9336248 0.9248996 0.8046399 0.9751461 1.9005668 0.2878744 0.2764521 0.1199839 0.2480537 0.2785869 0.2719932 0.0000000 0.8238431 0.9849563 0.7656770 1.3003511 1.1797549 1.0534195 1.0442012 1.2165174 1.1674607 1.4816919 1.2019337 1.2531265 1.1382775 1.2551224 1.0956653 1.0570928 1.0411222 1.2565199 1.0070067 0.9253093 0.9696397 0.8964882 
Tetrapisispora_blattae                      1.0882850 1.5330994 1.6494519 0.8652867 1.0280832 1.2043353 1.0281468 1.0804841 0.9445946 0.9500431 2.2404024 0.8574223 0.8600366 0.9148868 0.8468002 0.7809208 0.8613314 0.8238431 0.0000000 1.0108446 0.7930325 1.2547094 1.1249148 1.1670711 1.1477827 1.2097429 1.5385222 1.5365548 1.4227207 1.2171542 1.1318228 1.2784196 1.2542972 1.0118635 1.2132468 1.1287862 0.9482604 0.8189406 0.8994045 0.5804181 
Tetrapisispora_phaffii                      1.0925273 1.3230155 1.5570577 0.9955368 1.1618040 1.1550541 1.0816720 1.1763961 1.1426786 1.1291062 2.3705859 1.1849758 1.0125891 1.0764912 1.0437789 1.0773995 1.0623540 0.9849563 1.0108446 0.0000000 0.8359823 1.2576443 1.2143161 1.3299863 1.3540739 1.5002975 1.5636011 1.5826306 1.3640683 1.6019958 1.2822761 1.4024372 1.2994054 1.2377392 1.3284268 1.4188470 0.4304813 0.5817199 0.4504048 1.0288840 
Vanderwaltozyma_polyspora                   0.9787559 1.3560829 1.4318371 0.8329464 0.9640001 1.1285361 0.9171080 0.9828828 0.9473175 0.9702124 2.4067680 0.8684908 0.7658311 0.8596774 0.7682715 0.7979647 0.8219241 0.7656770 0.7930325 0.8359823 0.0000000 1.2097439 1.0581213 1.2050435 1.0787968 1.2692166 1.4164635 1.6237689 1.3677583 1.3017429 1.1294816 1.2491946 1.1108704 1.0904706 1.0972620 1.0616540 0.8435135 0.6425562 0.7747839 0.7301045 
yHAB132_Kazachstania_martiniae              1.4462220 1.1979564 1.2902462 1.2226364 1.3416640 1.2997243 1.3730322 1.3486153 1.2352571 1.1710578 2.7786533 1.4616843 1.1668211 1.4589539 1.2634704 1.3302272 1.2446958 1.3003511 1.2547094 1.2576443 1.2097439 0.0000000 1.0943452 1.0449200 0.9948422 1.2489255 1.2944335 1.3568034 1.0261332 1.0453057 1.1559189 1.1896175 1.1639695 0.9267974 1.1381940 1.0520752 1.2439297 1.1669692 1.2354507 1.2560315 
yHAB133_Kazachstania_unispora               1.4104171 1.2018710 1.1904319 1.1535904 1.3413513 1.3783913 1.2870640 1.3714114 1.1768209 1.1890511 2.5580308 1.4332376 1.1884244 1.3537954 1.1693671 1.1722132 1.2003384 1.1797549 1.1249148 1.2143161 1.0581213 1.0943452 0.0000000 1.1431761 0.6744134 0.2889214 0.8649613 1.4588243 1.2588822 0.6566400 1.0606944 1.1651568 0.2295457 1.0066187 0.2268153 0.4876177 1.2982079 1.1903812 1.2391785 1.1915160 
yHAB134_Kazachstania_turicensis             1.3257925 1.0605463 1.4647796 1.2415226 1.3284802 1.4424739 1.2853789 1.3929261 1.1970706 1.1549636 2.7690879 1.2482422 1.1321803 1.1890183 1.0806382 1.2330985 1.2078625 1.0534195 1.1670711 1.3299863 1.2050435 1.0449200 1.1431761 0.0000000 0.9929412 1.1289826 1.3858773 1.5567720 0.8793298 1.1382884 0.7762171 1.0074499 1.1796678 0.5144629 1.2080417 1.0116199 1.2932640 1.0762545 1.3059431 1.3198039 
yHAB136_Kazachstania_bromeliacearum         1.1600823 1.1186285 1.0003225 1.0937644 1.1039473 1.1962262 1.1894548 1.2727375 1.1063729 1.0751950 2.3078949 1.2464675 0.9592865 1.2089435 1.0789518 1.0174102 0.9902699 1.0442012 1.1477827 1.3540739 1.0787968 0.9948422 0.6744134 0.9929412 0.0000000 0.7290092 0.8658491 1.0966910 0.9803552 0.7094621 0.8772143 0.9514847 0.7169302 0.8571569 0.7227451 0.6375402 1.2596221 1.1725329 1.2580087 1.2331658 
yHAB143_Kazachstania_siamensis              1.5758704 1.1977969 1.2140227 1.4340161 1.4153146 1.5564795 1.4417081 1.4909619 1.2984619 1.3349043 2.6881675 1.4028742 1.2598096 1.3904966 1.2821306 1.2061523 1.2562168 1.2165174 1.2097429 1.5002975 1.2692166 1.2489255 0.2889214 1.1289826 0.7290092 0.0000000 0.8666748 1.5749357 1.3596433 0.8024592 1.2017202 1.1705119 0.4129759 1.0957330 0.4063299 0.5662769 1.3894051 1.3596029 1.3893158 1.3010662 
yHAB147_Kazachstania_taianensis             1.3601708 1.1919339 1.0055312 1.3834461 1.3552893 1.4794154 1.4012355 1.4303388 1.2881986 1.2669036 2.4419701 1.5120252 1.2332443 1.3631172 1.2346489 1.2960445 1.2259254 1.1674607 1.5385222 1.5636011 1.4164635 1.2944335 0.8649613 1.3858773 0.8658491 0.8666748 0.0000000 1.3805911 1.2515903 1.0593067 1.2370167 1.3037306 0.8981475 1.2440269 0.8897277 0.9816230 1.4810475 1.4870153 1.5099725 1.4548030 
yHAB148_Kazachstania_intestinalis           1.6573814 1.6820661 1.3380270 1.4670332 1.6991947 1.5227797 1.6572610 1.6286463 1.5360124 1.5168037 2.5198602 1.6968044 1.3884235 1.6770141 1.4736501 1.6119188 1.5328465 1.4816919 1.5365548 1.5826306 1.6237689 1.3568034 1.4588243 1.5567720 1.0966910 1.5749357 1.3805911 0.0000000 1.3700145 1.3048407 1.5012241 1.5149635 1.5635101 1.3402415 1.5178432 1.3712866 1.5854900 1.5812347 1.5876470 1.5670844 
yHAB153_Kazachstania_rosinii                1.1198053 0.9921545 1.1928901 1.3238560 1.2270852 1.3696900 1.3022126 1.1354057 1.3007646 1.3804960 2.2878834 1.4166732 1.2983766 1.3706205 1.2108128 1.3831393 1.3107741 1.2019337 1.4227207 1.3640683 1.3677583 1.0261332 1.2588822 0.8793298 0.9803552 1.3596433 1.2515903 1.3700145 0.0000000 1.0954828 0.6629785 1.0567687 1.2582899 0.8264287 1.1935383 1.1203155 1.4718243 1.3931910 1.3721656 1.5366037 
yHAB154_Kazachstania_transvaalensis         1.5083180 1.2577414 1.2107032 1.2248021 1.3053991 1.3005483 1.3379542 1.3738325 1.2290645 1.1560558 2.5696436 1.4548281 1.2407610 1.3782781 1.2688550 1.2826713 1.2462886 1.2531265 1.2171542 1.6019958 1.3017429 1.0453057 0.6566400 1.1382884 0.7094621 0.8024592 1.0593067 1.3048407 1.0954828 0.0000000 1.2073999 1.1159371 0.7236486 1.0725781 0.6776760 0.4689635 1.3627897 1.3554066 1.4344350 1.3778880 
yHAB155_Kazachstania_spencerorum            1.2711758 1.0063295 1.3094663 1.3469952 1.2118900 1.3221150 1.1966083 1.2633965 1.2823509 1.1563158 2.2181066 1.3239775 1.1590350 1.2508903 1.0284154 1.1453920 1.1541945 1.1382775 1.1318228 1.2822761 1.1294816 1.1559189 1.0606944 0.7762171 0.8772143 1.2017202 1.2370167 1.5012241 0.6629785 1.2073999 0.0000000 1.0492829 1.1310751 0.6112987 1.0526248 0.9551938 1.3133272 1.0520809 1.2456354 1.2386742 
yHAB158_Kazachstania_viticola               1.4172603 1.1917588 1.5453018 1.2452216 1.3411678 1.3301178 1.4425708 1.3892470 1.2923691 1.1496657 2.6792295 1.4708375 1.1689572 1.4227841 1.2416265 1.2576129 1.2407257 1.2551224 1.2784196 1.4024372 1.2491946 1.1896175 1.1651568 1.0074499 0.9514847 1.1705119 1.3037306 1.5149635 1.0567687 1.1159371 1.0492829 0.0000000 1.1929304 0.9120074 1.1550218 1.1417748 1.2527751 1.2235182 1.3064290 1.3020236 
yHAB159_Kazachstania_solicola               1.4575333 1.2820702 1.1226149 1.2573167 1.3579404 1.3190129 1.3628412 1.3899349 1.3126905 1.2437398 2.7566239 1.2960149 1.1925266 1.2350169 1.1618287 1.1193771 1.2052727 1.0956653 1.2542972 1.2994054 1.1108704 1.1639695 0.2295457 1.1796678 0.7169302 0.4129759 0.8981475 1.5635101 1.2582899 0.7236486 1.1310751 1.1929304 0.0000000 1.0695445 0.1083001 0.5986038 1.3323182 1.2962872 1.3328931 1.3166538 
yHAB160_Kazachstania_kunashirensis          1.3864482 1.1327470 1.4020545 1.1839043 1.2128768 1.3715109 1.2000033 1.2750023 1.1594706 1.0127533 2.6599603 1.1714737 1.0473760 1.1604277 1.0107856 1.0903581 1.0697154 1.0570928 1.0118635 1.2377392 1.0904706 0.9267974 1.0066187 0.5144629 0.8571569 1.0957330 1.2440269 1.3402415 0.8264287 1.0725781 0.6112987 0.9120074 1.0695445 0.0000000 1.0111530 0.8563255 1.2244231 1.0047879 1.2257581 1.0277399 
yHAB164_Kazachstania_aerobia                1.3499899 1.2746493 1.1009437 1.2112520 1.2963417 1.3249788 1.2544000 1.3118208 1.2858842 1.1947697 2.6583217 1.2437620 1.1415636 1.2169927 1.1037520 1.1128683 1.1660141 1.0411222 1.2132468 1.3284268 1.0972620 1.1381940 0.2268153 1.2080417 0.7227451 0.4063299 0.8897277 1.5178432 1.1935383 0.6776760 1.0526248 1.1550218 0.1083001 1.0111530 0.0000000 0.5919858 1.3330880 1.2800597 1.3005402 1.2131475 
yHAB166_Kazachstania_yakushimaensis         1.4938703 1.2191885 1.3059616 1.2730702 1.3924737 1.3229304 1.3283847 1.4578548 1.1456043 1.2400113 2.5632703 1.2801783 1.2758747 1.3719801 1.1713048 1.1827190 1.2613558 1.2565199 1.1287862 1.4188470 1.0616540 1.0520752 0.4876177 1.0116199 0.6375402 0.5662769 0.9816230 1.3712866 1.1203155 0.4689635 0.9551938 1.1417748 0.5986038 0.8563255 0.5919858 0.0000000 1.3557374 1.2473682 1.3926038 1.1301583 
yHMPu5000034875_Tetrapisispora_fleetii      1.1358626 1.2586485 1.5857663 1.0386594 1.1180482 1.1800911 1.0818410 1.1371442 1.0241610 0.9521041 2.4015804 1.1583919 1.0220054 1.1050364 1.0004083 1.0174159 1.0565108 1.0070067 0.9482604 0.4304813 0.8435135 1.2439297 1.2982079 1.2932640 1.2596221 1.3894051 1.4810475 1.5854900 1.4718243 1.3627897 1.3133272 1.2527751 1.3323182 1.2244231 1.3330880 1.3557374 0.0000000 0.5041203 0.2493566 1.0008825 
yHMPu5000034876_Tetrapisispora_iriomotensis 1.1152680 1.2749122 1.5661020 0.8292290 1.0724746 1.2139214 0.9852656 1.1015977 0.9948443 0.9801883 2.5358430 1.0254622 0.9172334 1.0807684 0.9410546 1.0565164 0.9598670 0.9253093 0.8189406 0.5817199 0.6425562 1.1669692 1.1903812 1.0762545 1.1725329 1.3596029 1.4870153 1.5812347 1.3931910 1.3554066 1.0520809 1.2235182 1.2962872 1.0047879 1.2800597 1.2473682 0.5041203 0.0000000 0.5462919 0.8522717 
yHMPu5000034877_Tetrapisispora_namnaonensis 1.0756123 1.2591556 1.6185548 0.9559777 1.0890254 1.1634561 1.0224398 1.1171499 1.0389144 1.0152139 2.4441628 1.1604780 0.9660583 1.1139160 0.9573759 1.0529957 1.0266903 0.9696397 0.8994045 0.4504048 0.7747839 1.2354507 1.2391785 1.3059431 1.2580087 1.3893158 1.5099725 1.5876470 1.3721656 1.4344350 1.2456354 1.3064290 1.3328931 1.2257581 1.3005402 1.3926038 0.2493566 0.5462919 0.0000000 0.9811302 
yHMPu5000035629_Yueomyces_sinensis          1.1434530 1.6195864 1.7142568 0.8869241 1.0546817 1.2321260 0.9467932 1.0346481 0.9971619 1.0194531 2.3289115 0.9777964 0.8838761 0.9627037 0.8938794 0.8926481 0.9184868 0.8964882 0.5804181 1.0288840 0.7301045 1.2560315 1.1915160 1.3198039 1.2331658 1.3010662 1.4548030 1.5670844 1.5366037 1.3778880 1.2386742 1.3020236 1.3166538 1.0277399 1.2131475 1.1301583 1.0008825 0.8522717 0.9811302 0.0000000 
