40
Candida_glabrata                            0.0000000 2.3399283 2.4800875 1.7060643 0.8536452 1.4504070 0.8297220 0.7524035 2.1122553 2.6034907 5.8450761 1.3620335 1.3764536 1.4336262 1.3286451 1.2738070 1.3321394 1.3531014 1.7638715 2.5631063 2.0960137 2.6189559 2.5805502 2.5502509 2.2302876 2.3115735 2.4608710 2.2113865 2.5685904 2.6102803 2.2478427 2.6145388 2.5025448 2.2397596 2.4780786 3.3322085 2.4189156 2.2405495 2.4118528 1.7786399 
Kazachstania_africana                       2.3399283 0.0000000 1.8184873 2.4889004 2.6510244 2.6932025 2.5311220 2.5904350 2.4851573 2.8762695 7.0254467 2.4195519 2.5737722 2.5283306 2.4347317 2.4711649 2.5410064 2.4930329 2.6702793 3.0358661 3.1810786 2.0248920 1.7429322 1.7054437 1.5234998 1.6922082 1.7639647 1.7505982 1.8098047 1.6944536 1.7251210 1.6786147 1.8492066 1.7429560 1.9468720 2.2447437 3.2810052 3.4397378 3.1579559 2.8344364 
Kazachstania_naganishii                     2.4800875 1.8184873 0.0000000 2.7762969 2.3378414 2.3015047 2.4863106 2.3989458 2.7912940 2.8961732 7.4857463 2.4949092 2.4086789 2.4589078 2.3100504 2.4725742 2.4951946 2.5274028 2.7008169 3.1857093 3.1363848 1.9962457 1.4815025 1.8390053 1.2655639 1.4125887 1.2510902 1.5179587 2.0159834 1.3750856 1.8628250 1.9850999 1.5353118 1.8698470 1.5121210 1.8294074 3.2470474 3.1935090 3.2017508 2.8343258 
Nakaseomyces_bacillisporus                  1.7060643 2.4889004 2.7762969 0.0000000 1.5147419 1.4619184 1.5084798 1.4514491 2.1803802 2.4517002 6.8563846 1.3528613 1.2797020 1.3270938 1.2527691 1.2806015 1.2939031 1.3581423 1.4295631 2.4052768 2.2088990 2.9267891 2.7646603 2.5013720 2.2957620 2.7788523 2.5720966 2.7655567 2.8878167 2.8832955 2.4353006 2.6276539 2.5504645 2.4569055 2.7017551 3.5663993 2.3772285 2.2689578 2.3143976 1.5623264 
Nakaseomyces_bracarensis                    0.8536452 2.6510244 2.3378414 1.5147419 0.0000000 1.4931423 0.6915300 0.5117994 1.9731934 2.5462981 6.2598531 1.2313088 1.3634731 1.2446973 1.2539716 1.3253814 1.3457132 1.2876720 1.6620930 2.4875318 2.1686370 2.7740971 2.5499694 2.6370740 2.2666068 2.6186787 2.3731057 2.4813216 2.7240734 2.6811316 2.3642311 2.5550533 2.5268223 2.2669422 2.5707253 3.2371758 2.6474228 2.3526143 2.6636126 1.5529394 
Nakaseomyces_castellii                      1.4504070 2.6932025 2.3015047 1.4619184 1.4931423 0.0000000 1.4548531 1.4776650 2.0130303 2.5099692 6.4179803 1.3776345 1.4495918 1.3584834 1.4394607 1.3445086 1.3841051 1.4015934 1.7544559 2.5529607 2.3620623 3.0183558 2.7361983 2.7688669 2.4534651 2.7359714 2.4348403 2.6059514 2.8112217 2.6967181 2.3962278 2.6608891 2.8262812 2.5097120 2.7016064 3.5472548 2.6315479 2.3150951 2.6068758 1.6717983 
Nakaseomyces_delphensis                     0.8297220 2.5311220 2.4863106 1.5084798 0.6915300 1.4548531 0.0000000 0.5939702 2.0117192 2.8085452 5.6314071 1.2113432 1.2753271 1.1795772 1.2189771 1.2500401 1.2322624 1.2567417 1.6138802 2.5880522 2.1540933 2.7711616 2.4254720 2.6834133 2.3126588 2.4428056 2.3263908 2.3883088 2.4337174 2.6596704 2.3009977 2.8028361 2.4970377 2.2814285 2.5456592 3.3447083 2.4380282 2.5026654 2.3842873 1.6313020 
Nakaseomyces_nivariensis                    0.7524035 2.5904350 2.3989458 1.4514491 0.5117994 1.4776650 0.5939702 0.0000000 2.0724069 2.5514307 6.2978861 1.2836733 1.2750146 1.2009200 1.2547915 1.2967224 1.2863174 1.2663222 1.6982819 2.5141373 2.0750827 2.7045838 2.4472193 2.6067961 2.2123390 2.3598528 2.3225042 2.1905525 2.6364822 2.7086697 2.1244131 2.5801453 2.5448488 2.1923039 2.4236977 3.2891471 2.4851179 2.2239847 2.4609177 1.5770979 
Naumovozyma_castellii                       2.1122553 2.4851573 2.7912940 2.1803802 1.9731934 2.0130303 2.0117192 2.0724069 0.0000000 1.5532957 6.8733010 1.8706098 1.9372442 1.8970897 1.9659330 1.8659639 1.8549651 1.9085464 1.9464673 3.0759209 2.5169533 2.8656298 2.8786114 2.9362239 2.4187132 2.6340488 2.7890751 2.8210459 2.7985842 2.6382976 2.4909094 2.7754497 2.8471261 2.8050530 2.7531349 3.4923830 3.4425772 2.9895849 3.2447556 2.1198353 
Naumovozyma_dairenensis                     2.6034907 2.8762695 2.8961732 2.4517002 2.5462981 2.5099692 2.8085452 2.5514307 1.5532957 0.0000000 7.5628736 2.2836237 2.4415324 2.4102187 2.2477489 2.3278062 2.3548038 2.2667456 2.3985506 3.7088701 3.2658886 3.0529522 2.8709010 2.6889307 2.1873682 2.8142976 2.9635611 3.1387265 3.1202274 2.9255493 2.6629122 2.5259322 2.7653638 2.7667029 2.7886476 3.9577217 3.6605538 3.1131515 3.7077569 2.6905980 
Neurospora_crassa                           5.8450761 7.0254467 7.4857463 6.8563846 6.2598531 6.4179803 5.6314071 6.2978861 6.8733010 7.5628736 0.0000000 6.3861610 6.9267621 6.8287928 6.6508836 6.8484583 6.6911481 6.6226338 7.5771682 6.4658979 6.3263180 7.0322792 7.9930040 8.1887960 6.8833590 7.8579868 6.9391741 7.1720558 6.1627659 8.0160415 7.1495556 7.7605249 8.1967147 7.1882103 7.8893759 8.9999988 7.1597380 6.7817080 6.4930270 7.8261619 
Saccharomyces_arboricola                    1.3620335 2.4195519 2.4949092 1.3528613 1.2313088 1.3776345 1.2113432 1.2836733 1.8706098 2.2836237 6.3861610 0.0000000 0.3635609 0.4134545 0.3205897 0.3472906 0.3393933 0.3751630 1.3676167 2.6141084 1.9529306 2.8466652 2.6391863 2.3916289 2.2883762 2.5592307 2.4609819 2.4087491 2.5325747 2.5047623 2.4722934 2.5655671 2.4248261 2.3681141 2.5614588 3.0335379 2.9862578 2.3405678 2.8552952 1.5364664 
Saccharomyces_cerevisiae                    1.3764536 2.5737722 2.4086789 1.2797020 1.3634731 1.4495918 1.2753271 1.2750146 1.9372442 2.4415324 6.9267621 0.3635609 0.0000000 0.4501749 0.3366451 0.3027031 0.1885472 0.4226904 1.3969665 2.4690987 2.1375713 2.7570483 2.5622834 2.6252610 2.2036013 2.4429670 2.5911548 2.4105517 2.6343496 2.4818301 2.3308898 2.6413741 2.3942606 2.3907533 2.5421736 2.9640915 2.7004680 2.3493477 2.5915896 1.4800223 
Saccharomyces_eubayanus                     1.4336262 2.5283306 2.4589078 1.3270938 1.2446973 1.3584834 1.1795772 1.2009200 1.8970897 2.4102187 6.8287928 0.4134545 0.4501749 0.0000000 0.3833301 0.4191153 0.4122720 0.1537321 1.4110366 2.5097266 2.0111388 2.7567205 2.5980089 2.5638816 2.3225026 2.5332695 2.6309443 2.3361390 2.6688325 2.6148841 2.4611410 2.6586861 2.4845491 2.4943554 2.5850914 3.1371411 2.8257704 2.3985965 2.7514967 1.6295896 
Saccharomyces_kudriavzevii                  1.3286451 2.4347317 2.3100504 1.2527691 1.2539716 1.4394607 1.2189771 1.2547915 1.9659330 2.2477489 6.6508836 0.3205897 0.3366451 0.3833301 0.0000000 0.3297817 0.2951281 0.3472891 1.4119936 2.5767899 2.0154425 2.8235330 2.4575513 2.3919132 2.2447558 2.5093497 2.4629072 2.3890381 2.6321461 2.4559906 2.3573842 2.5221800 2.3405999 2.3342308 2.4953601 2.8691321 2.8334873 2.4159173 2.7762169 1.5860259 
Saccharomyces_mikatae                       1.2738070 2.4711649 2.4725742 1.2806015 1.3253814 1.3445086 1.2500401 1.2967224 1.8659639 2.3278062 6.8484583 0.3472906 0.3027031 0.4191153 0.3297817 0.0000000 0.2640630 0.3842627 1.4031082 2.5014551 2.0477475 2.7392279 2.4206560 2.5259336 2.1390292 2.3115619 2.4025188 2.4507707 2.5098571 2.4499248 2.2856813 2.4878331 2.3605058 2.4372473 2.4878258 2.8998992 2.6687787 2.2569224 2.6023899 1.4868976 
Saccharomyces_paradoxus                     1.3321394 2.5410064 2.4951946 1.2939031 1.3457132 1.3841051 1.2322624 1.2863174 1.8549651 2.3548038 6.6911481 0.3393933 0.1885472 0.4122720 0.2951281 0.2640630 0.0000000 0.3840067 1.4192506 2.4794176 2.0158991 2.7799771 2.5068407 2.5848604 2.2243728 2.4346962 2.4742214 2.4648964 2.5042072 2.4299865 2.3428293 2.5733859 2.3463454 2.4363033 2.5114253 2.9552556 2.7052854 2.3770153 2.5339206 1.5124957 
Saccharomyces_uvarum                        1.3531014 2.4930329 2.5274028 1.3581423 1.2876720 1.4015934 1.2567417 1.2663222 1.9085464 2.2667456 6.6226338 0.3751630 0.4226904 0.1537321 0.3472891 0.3842627 0.3840067 0.0000000 1.4164366 2.5541553 2.0992347 2.8126250 2.7157969 2.5796734 2.3393192 2.4974543 2.6414652 2.4155584 2.6719616 2.6208990 2.4288352 2.5734690 2.4742245 2.4974329 2.6292163 3.1840947 2.8267141 2.3643521 2.7994493 1.6401067 
Tetrapisispora_blattae                      1.7638715 2.6702793 2.7008169 1.4295631 1.6620930 1.7544559 1.6138802 1.6982819 1.9464673 2.3985506 7.5771682 1.3676167 1.3969665 1.4110366 1.4119936 1.4031082 1.4192506 1.4164366 0.0000000 2.3955395 2.2508373 2.7344353 2.9184962 2.5401860 2.4003881 2.8731857 2.8814661 2.9476215 2.8279044 2.7135492 2.6089384 2.5217519 3.0738300 2.7690344 3.1749461 3.7095804 2.2525523 2.3790450 2.3140512 1.3090152 
Tetrapisispora_phaffii                      2.5631063 3.0358661 3.1857093 2.4052768 2.4875318 2.5529607 2.5880522 2.5141373 3.0759209 3.7088701 6.4658979 2.6141084 2.4690987 2.5097266 2.5767899 2.5014551 2.4794176 2.5541553 2.3955395 0.0000000 2.3758859 3.5540873 3.1594279 3.5701638 3.1414252 3.2951795 3.3992534 2.9989555 3.6652717 3.2544723 4.0052606 3.3034645 3.4200921 3.5123769 3.5548197 4.3449622 0.8909419 1.3806322 0.8594275 2.3894024 
Vanderwaltozyma_polyspora                   2.0960137 3.1810786 3.1363848 2.2088990 2.1686370 2.3620623 2.1540933 2.0750827 2.5169533 3.2658886 6.3263180 1.9529306 2.1375713 2.0111388 2.0154425 2.0477475 2.0158991 2.0992347 2.2508373 2.3758859 0.0000000 3.2893333 3.0760706 2.8774473 3.0563671 3.2287729 3.3443815 3.1566897 3.2748551 3.4307762 2.9242095 2.7289546 3.1264156 3.2232123 3.1154572 3.8795320 2.5193019 2.3426357 2.4046540 2.2042272 
yHAB132_Kazachstania_martiniae              2.6189559 2.0248920 1.9962457 2.9267891 2.7740971 3.0183558 2.7711616 2.7045838 2.8656298 3.0529522 7.0322792 2.8466652 2.7570483 2.7567205 2.8235330 2.7392279 2.7799771 2.8126250 2.7344353 3.5540873 3.2893333 0.0000000 1.9697122 2.0321797 1.7874692 2.0727678 1.9027504 1.8347980 2.2380453 1.9699896 1.8580319 2.2828664 1.9833795 2.0660583 1.9953747 2.2014700 3.2917320 3.5737943 3.3712469 2.8356567 
yHAB133_Kazachstania_unispora               2.5805502 1.7429322 1.4815025 2.7646603 2.5499694 2.7361983 2.4254720 2.4472193 2.8786114 2.8709010 7.9930040 2.6391863 2.5622834 2.5980089 2.4575513 2.4206560 2.5068407 2.7157969 2.9184962 3.1594279 3.0760706 1.9697122 0.0000000 1.9277526 1.2124285 0.5592408 1.3395977 1.6195275 2.0507161 1.5612187 1.9638789 1.8150037 0.4764070 1.8416209 0.4567898 1.8529186 3.1609462 3.2535583 3.1908471 2.8979726 
yHAB134_Kazachstania_turicensis             2.5502509 1.7054437 1.8390053 2.5013720 2.6370740 2.7688669 2.6834133 2.6067961 2.9362239 2.6889307 8.1887960 2.3916289 2.6252610 2.5638816 2.3919132 2.5259336 2.5848604 2.5796734 2.5401860 3.5701638 2.8774473 2.0321797 1.9277526 0.0000000 1.7717955 1.9118135 1.9586467 2.1125548 1.5766940 1.9608544 1.4508070 1.8053041 2.0268403 0.9199355 1.9832786 2.1252292 3.8882110 3.0365888 3.8242153 2.6117090 
yHAB136_Kazachstania_bromeliacearum         2.2302876 1.5234998 1.2655639 2.2957620 2.2666068 2.4534651 2.3126588 2.2123390 2.4187132 2.1873682 6.8833590 2.2883762 2.2036013 2.3225026 2.2447558 2.1390292 2.2243728 2.3393192 2.4003881 3.1414252 3.0563671 1.7874692 1.2124285 1.7717955 0.0000000 1.2009052 0.9961698 1.4105763 1.9493590 1.2940370 1.5727524 1.7624353 1.3207691 1.7852385 1.3992844 1.5908214 2.8801503 3.0934491 2.9140000 2.6752102 
yHAB143_Kazachstania_siamensis              2.3115735 1.6922082 1.4125887 2.7788523 2.6186787 2.7359714 2.4428056 2.3598528 2.6340488 2.8142976 7.8579868 2.5592307 2.4429670 2.5332695 2.5093497 2.3115619 2.4346962 2.4974543 2.8731857 3.2951795 3.2287729 2.0727678 0.5592408 1.9118135 1.2009052 0.0000000 1.3161986 1.7282167 1.9518959 1.6617170 1.9057918 1.8260998 0.6248737 1.7795072 0.5851621 1.9461466 3.3278630 3.3767444 3.1880246 3.0114751 
yHAB147_Kazachstania_taianensis             2.4608710 1.7639647 1.2510902 2.5720966 2.3731057 2.4348403 2.3263908 2.3225042 2.7890751 2.9635611 6.9391741 2.4609819 2.5911548 2.6309443 2.4629072 2.4025188 2.4742214 2.6414652 2.8814661 3.3992534 3.3443815 1.9027504 1.3395977 1.9586467 0.9961698 1.3161986 0.0000000 1.5028325 1.9004984 1.4287218 1.8607361 1.9490211 1.4002174 1.7107045 1.4340025 1.7045139 3.3584586 2.8651199 3.2053084 2.8983436 
yHAB148_Kazachstania_intestinalis           2.2113865 1.7505982 1.5179587 2.7655567 2.4813216 2.6059514 2.3883088 2.1905525 2.8210459 3.1387265 7.1720558 2.4087491 2.4105517 2.3361390 2.3890381 2.4507707 2.4648964 2.4155584 2.9476215 2.9989555 3.1566897 1.8347980 1.6195275 2.1125548 1.4105763 1.7282167 1.5028325 0.0000000 1.8554669 1.6849321 1.8357386 2.1787529 1.6567122 1.9828931 1.7213695 2.0144547 3.1393146 3.1747141 2.8956397 2.8919697 
yHAB153_Kazachstania_rosinii                2.5685904 1.8098047 2.0159834 2.8878167 2.7240734 2.8112217 2.4337174 2.6364822 2.7985842 3.1202274 6.1627659 2.5325747 2.6343496 2.6688325 2.6321461 2.5098571 2.5042072 2.6719616 2.8279044 3.6652717 3.2748551 2.2380453 2.0507161 1.5766940 1.9493590 1.9518959 1.9004984 1.8554669 0.0000000 2.0963369 1.3694886 1.7637266 2.1475783 1.4405768 2.1097032 2.4710609 3.8432573 3.2287267 3.4162254 3.0960217 
yHAB154_Kazachstania_transvaalensis         2.6102803 1.6944536 1.3750856 2.8832955 2.6811316 2.6967181 2.6596704 2.7086697 2.6382976 2.9255493 8.0160415 2.5047623 2.4818301 2.6148841 2.4559906 2.4499248 2.4299865 2.6208990 2.7135492 3.2544723 3.4307762 1.9699896 1.5612187 1.9608544 1.2940370 1.6617170 1.4287218 1.6849321 2.0963369 0.0000000 1.9517815 2.0900626 1.6315780 1.8905631 1.5545019 0.6571124 3.2880524 3.0320218 3.0921525 2.6911600 
yHAB155_Kazachstania_spencerorum            2.2478427 1.7251210 1.8628250 2.4353006 2.3642311 2.3962278 2.3009977 2.1244131 2.4909094 2.6629122 7.1495556 2.4722934 2.3308898 2.4611410 2.3573842 2.2856813 2.3428293 2.4288352 2.6089384 4.0052606 2.9242095 1.8580319 1.9638789 1.4508070 1.5727524 1.9057918 1.8607361 1.8357386 1.3694886 1.9517815 0.0000000 1.5916187 2.1453394 1.5030570 1.9689431 2.2595249 4.0154836 3.2298257 3.8598311 2.4965605 
yHAB158_Kazachstania_viticola               2.6145388 1.6786147 1.9850999 2.6276539 2.5550533 2.6608891 2.8028361 2.5801453 2.7754497 2.5259322 7.7605249 2.5655671 2.6413741 2.6586861 2.5221800 2.4878331 2.5733859 2.5734690 2.5217519 3.3034645 2.7289546 2.2828664 1.8150037 1.8053041 1.7624353 1.8260998 1.9490211 2.1787529 1.7637266 2.0900626 1.5916187 0.0000000 1.8543606 1.9163105 1.9011620 2.5424502 3.7375142 3.5358519 3.7204177 2.8453151 
yHAB159_Kazachstania_solicola               2.5025448 1.8492066 1.5353118 2.5504645 2.5268223 2.8262812 2.4970377 2.5448488 2.8471261 2.7653638 8.1967147 2.4248261 2.3942606 2.4845491 2.3405999 2.3605058 2.3463454 2.4742245 3.0738300 3.4200921 3.1264156 1.9833795 0.4764070 2.0268403 1.3207691 0.6248737 1.4002174 1.6567122 2.1475783 1.6315780 2.1453394 1.8543606 0.0000000 1.8802887 0.1688196 1.9382702 3.2778944 3.2299853 3.1902276 3.1253886 
yHAB160_Kazachstania_kunashirensis          2.2397596 1.7429560 1.8698470 2.4569055 2.2669422 2.5097120 2.2814285 2.1923039 2.8050530 2.7667029 7.1882103 2.3681141 2.3907533 2.4943554 2.3342308 2.4372473 2.4363033 2.4974329 2.7690344 3.5123769 3.2232123 2.0660583 1.8416209 0.9199355 1.7852385 1.7795072 1.7107045 1.9828931 1.4405768 1.8905631 1.5030570 1.9163105 1.8802887 0.0000000 1.8084676 1.9203764 3.4861458 2.8076180 3.3543529 2.6897273 
yHAB164_Kazachstania_aerobia                2.4780786 1.9468720 1.5121210 2.7017551 2.5707253 2.7016064 2.5456592 2.4236977 2.7531349 2.7886476 7.8893759 2.5614588 2.5421736 2.5850914 2.4953601 2.4878258 2.5114253 2.6292163 3.1749461 3.5548197 3.1154572 1.9953747 0.4567898 1.9832786 1.3992844 0.5851621 1.4340025 1.7213695 2.1097032 1.5545019 1.9689431 1.9011620 0.1688196 1.8084676 0.0000000 1.8650311 3.3364114 3.0983132 3.3512262 3.0336676 
yHAB166_Kazachstania_yakushimaensis         3.3322085 2.2447437 1.8294074 3.5663993 3.2371758 3.5472548 3.3447083 3.2891471 3.4923830 3.9577217 8.9999988 3.0335379 2.9640915 3.1371411 2.8691321 2.8998992 2.9552556 3.1840947 3.7095804 4.3449622 3.8795320 2.2014700 1.8529186 2.1252292 1.5908214 1.9461466 1.7045139 2.0144547 2.4710609 0.6571124 2.2595249 2.5424502 1.9382702 1.9203764 1.8650311 0.0000000 3.9688090 3.8971096 3.7769017 3.9141608 
yHMPu5000034875_Tetrapisispora_fleetii      2.4189156 3.2810052 3.2470474 2.3772285 2.6474228 2.6315479 2.4380282 2.4851179 3.4425772 3.6605538 7.1597380 2.9862578 2.7004680 2.8257704 2.8334873 2.6687787 2.7052854 2.8267141 2.2525523 0.8909419 2.5193019 3.2917320 3.1609462 3.8882110 2.8801503 3.3278630 3.3584586 3.1393146 3.8432573 3.2880524 4.0154836 3.7375142 3.2778944 3.4861458 3.3364114 3.9688090 0.0000000 1.5076514 0.4676144 2.4370134 
yHMPu5000034876_Tetrapisispora_iriomotensis 2.2405495 3.4397378 3.1935090 2.2689578 2.3526143 2.3150951 2.5026654 2.2239847 2.9895849 3.1131515 6.7817080 2.3405678 2.3493477 2.3985965 2.4159173 2.2569224 2.3770153 2.3643521 2.3790450 1.3806322 2.3426357 3.5737943 3.2535583 3.0365888 3.0934491 3.3767444 2.8651199 3.1747141 3.2287267 3.0320218 3.2298257 3.5358519 3.2299853 2.8076180 3.0983132 3.8971096 1.5076514 0.0000000 1.4291615 2.1371064 
yHMPu5000034877_Tetrapisispora_namnaonensis 2.4118528 3.1579559 3.2017508 2.3143976 2.6636126 2.6068758 2.3842873 2.4609177 3.2447556 3.7077569 6.4930270 2.8552952 2.5915896 2.7514967 2.7762169 2.6023899 2.5339206 2.7994493 2.3140512 0.8594275 2.4046540 3.3712469 3.1908471 3.8242153 2.9140000 3.1880246 3.2053084 2.8956397 3.4162254 3.0921525 3.8598311 3.7204177 3.1902276 3.3543529 3.3512262 3.7769017 0.4676144 1.4291615 0.0000000 2.4815058 
yHMPu5000035629_Yueomyces_sinensis          1.7786399 2.8344364 2.8343258 1.5623264 1.5529394 1.6717983 1.6313020 1.5770979 2.1198353 2.6905980 7.8261619 1.5364664 1.4800223 1.6295896 1.5860259 1.4868976 1.5124957 1.6401067 1.3090152 2.3894024 2.2042272 2.8356567 2.8979726 2.6117090 2.6752102 3.0114751 2.8983436 2.8919697 3.0960217 2.6911600 2.4965605 2.8453151 3.1253886 2.6897273 3.0336676 3.9141608 2.4370134 2.1371064 2.4815058 0.0000000 
