40
Candida_glabrata                            0.0000000 1.0101387 1.3706297 1.0571410 0.4779725 1.5588140 0.5549019 0.5243339 0.8694514 1.0561416 5.1120428 1.1092438 1.1024595 0.9967928 1.0316551 1.0997490 1.0560857 1.0937360 1.1812986 1.1478415 0.9750314 1.0482976 0.8812325 1.1223252 0.8320519 0.9942823 1.3683564 1.3034053 1.1864394 1.0337927 1.0089288 1.0574624 0.9065253 1.2153454 0.9147958 1.0968809 1.1310113 1.1095172 1.2212506 0.9716077 
Kazachstania_africana                       1.0101387 0.0000000 1.1323883 1.1709813 0.9382363 1.4271741 1.0465906 0.9448954 1.0010530 0.9473011 5.4358647 1.1949491 1.1898158 1.2341530 1.1716123 1.1835368 1.1851975 1.2137960 1.1259851 1.2696464 1.0783736 0.8695681 0.7255005 1.1794441 0.8006157 0.7423490 1.2468012 1.2178244 0.9894628 0.9957803 0.9876230 0.9508383 0.8237149 1.0573033 0.8515336 0.8941802 1.3004613 1.2515715 1.2105079 1.2171518 
Kazachstania_naganishii                     1.3706297 1.1323883 0.0000000 1.2738958 1.5022114 1.4960616 1.2102855 1.2230160 1.1361780 1.3375644 4.8347921 0.9969629 1.0562607 0.9202312 0.9834211 1.0764595 1.0970388 0.9245978 1.5473665 1.5286143 1.3209292 1.1979557 1.1260547 1.4584263 1.0365208 1.0907737 0.8374475 1.1937274 1.0738829 1.2284850 1.1939827 1.1816035 1.1740060 1.3521706 1.2060507 1.1936620 1.5676795 1.4072609 1.5540582 1.5346525 
Nakaseomyces_bacillisporus                  1.0571410 1.1709813 1.2738958 0.0000000 1.0960491 1.2928791 1.1120075 1.0300274 1.1004076 1.0333588 5.4535144 1.4683593 1.3450890 1.3976499 1.4221267 1.2552133 1.4111770 1.3304550 1.1968041 1.2042956 1.1407664 1.1724982 1.0977408 1.4903229 1.1494029 0.9758934 1.6420599 1.3966126 1.1822044 1.0818619 1.0847269 1.0836849 1.2012745 1.1840085 1.1683248 1.0258045 1.2375734 1.1067256 1.2613147 1.2004262 
Nakaseomyces_bracarensis                    0.4779725 0.9382363 1.5022114 1.0960491 0.0000000 1.2826393 0.4432961 0.3517390 0.9856676 1.0446385 5.2598865 1.1404521 1.0171152 1.1070523 1.0175210 1.0315368 1.0178856 1.1365804 1.0607129 1.1009198 1.0284844 0.9935271 0.8925753 1.2435386 0.8722560 0.9973457 1.4307218 1.3364883 1.0601811 1.0374578 1.0259345 0.9794462 0.9485738 1.2761034 0.9801045 1.0916821 1.1440736 1.0371979 1.1495622 1.1337143 
Nakaseomyces_castellii                      1.5588140 1.4271741 1.4960616 1.2928791 1.2826393 0.0000000 1.3991189 1.3730993 1.3106165 1.3629903 4.1662076 1.4303300 1.3473085 1.3009436 1.3441286 1.2923327 1.3737845 1.2388234 1.5617315 1.2951142 1.5678055 1.3519712 1.4202899 1.5757883 1.4030541 1.4669443 1.6120237 1.5748412 1.3391445 1.3498501 1.3864253 1.5423175 1.4023988 1.5915517 1.4004889 1.3968003 1.3524991 1.4248286 1.3257309 1.7610176 
Nakaseomyces_delphensis                     0.5549019 1.0465906 1.2102855 1.1120075 0.4432961 1.3991189 0.0000000 0.3442980 0.9403622 1.0896926 5.2319576 1.2148439 1.1301180 1.1368678 1.0615748 1.0234304 1.0968091 1.1312105 1.1655001 1.1574907 1.0427792 1.0305802 1.0453517 1.1877732 1.0210834 1.0971846 1.3260182 1.3514738 1.0787090 1.1450080 1.1257309 1.0654424 1.0230809 1.1639160 1.1073517 1.1520845 1.2525411 1.0573708 1.2457974 1.1266352 
Nakaseomyces_nivariensis                    0.5243339 0.9448954 1.2230160 1.0300274 0.3517390 1.3730993 0.3442980 0.0000000 0.9062248 0.9830792 5.1216955 1.1943879 1.0239974 1.1093846 1.0566361 1.0010539 1.0596143 1.1122131 1.1489989 1.1622413 1.0803489 0.9976196 0.9014461 1.1559099 0.9213321 1.0156561 1.4680381 1.3133454 1.0378087 1.0734416 1.0751996 1.0068284 0.9502016 1.3018062 0.9475181 1.0792091 1.1391624 0.9963597 1.1693146 0.9918455 
Naumovozyma_castellii                       0.8694514 1.0010530 1.1361780 1.1004076 0.9856676 1.3106165 0.9403622 0.9062248 0.0000000 0.7066322 5.1959644 1.0706166 1.1349203 1.0740182 1.1007554 1.1336031 1.1102968 1.1142507 1.1317440 1.0658255 0.9271267 1.0136660 0.8684623 0.9917664 0.8654195 0.8102866 1.2827631 1.2719811 1.0177269 1.0176702 0.8896437 0.9034426 0.9556060 1.2006192 0.9744007 0.9491620 1.0805234 1.0665351 1.1879592 1.0537304 
Naumovozyma_dairenensis                     1.0561416 0.9473011 1.3375644 1.0333588 1.0446385 1.3629903 1.0896926 0.9830792 0.7066322 0.0000000 5.1526398 1.2403198 1.1222676 1.1997333 1.1791324 1.2176139 1.1774103 1.2965934 0.9289728 0.9469252 0.9326680 0.9680733 0.6869337 0.9905919 0.8518990 0.7405128 1.6325511 1.3413320 1.0039743 0.8395433 0.8586662 0.9355719 0.7815755 0.9754366 0.8123157 0.8550987 0.9745853 0.9927557 0.9944207 0.8921910 
Neurospora_crassa                           5.1120428 5.4358647 4.8347921 5.4535144 5.2598865 4.1662076 5.2319576 5.1216955 5.1959644 5.1526398 0.0000000 4.5247631 4.5471353 4.1473068 4.1693756 4.8927693 4.3456112 3.9123109 5.3773421 5.6895845 5.6798841 4.5874203 4.9182491 5.6770159 4.8042808 5.2213816 3.8753067 5.3611382 5.0082557 5.5832516 5.2672801 5.0848352 5.4697827 4.7927733 5.1808647 5.4024080 5.4040505 5.5768901 5.4013694 5.2333821 
Saccharomyces_arboricola                    1.1092438 1.1949491 0.9969629 1.4683593 1.1404521 1.4303300 1.2148439 1.1943879 1.0706166 1.2403198 4.5247631 0.0000000 0.3273430 0.3096137 0.2780051 0.3324666 0.3027669 0.3197504 1.4317975 1.5002627 1.3064587 1.1768168 1.1400227 1.4256656 1.1095483 1.1424451 1.2071713 1.3109813 1.2807333 1.2731888 1.2469744 1.3389172 1.0634236 1.5984465 1.1851961 1.2475388 1.4599641 1.4312323 1.4639218 1.5487809 
Saccharomyces_cerevisiae                    1.1024595 1.1898158 1.0562607 1.3450890 1.0171152 1.3473085 1.1301180 1.0239974 1.1349203 1.1222676 4.5471353 0.3273430 0.0000000 0.3430657 0.2957778 0.2660667 0.1767542 0.3609374 1.4447800 1.3518742 1.2746687 1.1348492 1.1172115 1.3191994 1.0753230 1.0346729 1.2635461 1.3138483 1.3322765 1.3071546 1.1623559 1.2882770 1.0957626 1.5345634 1.1403063 1.2657827 1.3821673 1.3446523 1.3473388 1.4849241 
Saccharomyces_eubayanus                     0.9967928 1.2341530 0.9202312 1.3976499 1.1070523 1.3009436 1.1368678 1.1093846 1.0740182 1.1997333 4.1473068 0.3096137 0.3430657 0.0000000 0.3017675 0.3251449 0.3200362 0.0971329 1.4978099 1.4450093 1.3184085 1.2171381 1.2661093 1.5081385 1.1286126 1.1579779 1.1176238 1.2596787 1.2382674 1.3329191 1.1766595 1.2304795 1.2461314 1.6299728 1.2872473 1.2707132 1.4198103 1.4717894 1.4839927 1.4789250 
Saccharomyces_kudriavzevii                  1.0316551 1.1716123 0.9834211 1.4221267 1.0175210 1.3441286 1.0615748 1.0566361 1.1007554 1.1791324 4.1693756 0.2780051 0.2957778 0.3017675 0.0000000 0.2668165 0.2365730 0.2972155 1.4209571 1.4046668 1.1672244 1.1182966 1.1184690 1.3537677 1.0724826 1.1096425 1.1710783 1.3274577 1.2152732 1.3309363 1.1794883 1.2589147 1.1213117 1.5937341 1.1303694 1.2700299 1.3655516 1.3319691 1.4670956 1.4360088 
Saccharomyces_mikatae                       1.0997490 1.1835368 1.0764595 1.2552133 1.0315368 1.2923327 1.0234304 1.0010539 1.1336031 1.2176139 4.8927693 0.3324666 0.2660667 0.3251449 0.2668165 0.0000000 0.2237911 0.3472304 1.3210628 1.3742486 1.2406381 1.1025220 1.1162515 1.3181965 1.0478706 1.0466579 1.2659496 1.2720408 1.2133901 1.2081129 1.1897369 1.1806799 1.1076713 1.5483997 1.1463056 1.2254596 1.3119521 1.2362149 1.3751558 1.4477841 
Saccharomyces_paradoxus                     1.0560857 1.1851975 1.0970388 1.4111770 1.0178856 1.3737845 1.0968091 1.0596143 1.1102968 1.1774103 4.3456112 0.3027669 0.1767542 0.3200362 0.2365730 0.2237911 0.0000000 0.3448941 1.4587988 1.4840606 1.2931964 1.1410971 1.1788957 1.3878004 1.0713211 1.1338878 1.2689566 1.3413138 1.2454002 1.3065958 1.2515871 1.3478859 1.1506946 1.6775050 1.1727548 1.2793661 1.3984928 1.3317517 1.4860372 1.5310194 
Saccharomyces_uvarum                        1.0937360 1.2137960 0.9245978 1.3304550 1.1365804 1.2388234 1.1312105 1.1122131 1.1142507 1.2965934 3.9123109 0.3197504 0.3609374 0.0971329 0.2972155 0.3472304 0.3448941 0.0000000 1.5481066 1.5332599 1.3691148 1.1901414 1.3510942 1.5261644 1.1625222 1.2311043 1.0367120 1.2884297 1.2732581 1.3913513 1.2465926 1.3357385 1.2675675 1.6457341 1.3189511 1.2511648 1.4729463 1.4376683 1.5090812 1.5962841 
Tetrapisispora_blattae                      1.1812986 1.1259851 1.5473665 1.1968041 1.0607129 1.5617315 1.1655001 1.1489989 1.1317440 0.9289728 5.3773421 1.4317975 1.4447800 1.4978099 1.4209571 1.3210628 1.4587988 1.5481066 0.0000000 1.0912957 0.8235040 1.0713648 0.8539944 1.1273748 1.1076687 1.0111381 1.7029514 1.4110492 1.0802506 1.1114598 1.1326632 1.0361870 0.9317020 1.2765832 1.0429571 1.1000587 1.0654145 0.9867527 0.9981461 0.5662766 
Tetrapisispora_phaffii                      1.1478415 1.2696464 1.5286143 1.2042956 1.1009198 1.2951142 1.1574907 1.1622413 1.0658255 0.9469252 5.6895845 1.5002627 1.3518742 1.4450093 1.4046668 1.3742486 1.4840606 1.5332599 1.0912957 0.0000000 1.0181095 1.1800305 0.9802535 1.2930544 0.9632778 1.1089616 1.8208616 1.4149349 1.3901265 1.1363599 1.1835819 1.1655819 1.0999030 1.3089603 1.1407714 1.1677312 0.3866513 0.5612461 0.3299116 1.0084563 
Vanderwaltozyma_polyspora                   0.9750314 1.0783736 1.3209292 1.1407664 1.0284844 1.5678055 1.0427792 1.0803489 0.9271267 0.9326680 5.6798841 1.3064587 1.2746687 1.3184085 1.1672244 1.2406381 1.2931964 1.3691148 0.8235040 1.0181095 0.0000000 1.0122179 0.9306594 1.0683189 0.8777449 0.9811565 1.5388932 1.4819682 0.9819117 1.0571332 0.9124161 1.0132766 0.9765984 1.2176242 1.0192872 1.1166584 0.9749177 0.8637118 0.9458763 0.8048015 
yHAB132_Kazachstania_martiniae              1.0482976 0.8695681 1.1979557 1.1724982 0.9935271 1.3519712 1.0305802 0.9976196 1.0136660 0.9680733 4.5874203 1.1768168 1.1348492 1.2171381 1.1182966 1.1025220 1.1410971 1.1901414 1.0713648 1.1800305 1.0122179 0.0000000 0.7225924 1.1767047 0.8178073 0.7929864 1.2215902 1.1713730 1.0286574 0.9693942 0.8537201 0.8632126 0.8063603 1.0929041 0.8836012 0.9737326 1.0426430 1.1135073 1.0984824 1.0978319 
yHAB133_Kazachstania_unispora               0.8812325 0.7255005 1.1260547 1.0977408 0.8925753 1.4202899 1.0453517 0.9014461 0.8684623 0.6869337 4.9182491 1.1400227 1.1172115 1.2661093 1.1184690 1.1162515 1.1788957 1.3510942 0.8539944 0.9802535 0.9306594 0.7225924 0.0000000 1.0004805 0.5410115 0.3226094 1.3392527 1.2038694 0.8898062 0.6926643 0.7108252 0.8254682 0.2656542 1.0444205 0.2793346 0.6602120 0.9351029 0.9203848 0.9166827 0.9807950 
yHAB134_Kazachstania_turicensis             1.1223252 1.1794441 1.4584263 1.4903229 1.2435386 1.5757883 1.1877732 1.1559099 0.9917664 0.9905919 5.6770159 1.4256656 1.3191994 1.5081385 1.3537677 1.3181965 1.3878004 1.5261644 1.1273748 1.2930544 1.0683189 1.1767047 1.0004805 0.0000000 0.9033294 0.9543959 1.6064143 1.2973170 1.0339204 1.1279458 0.9660119 1.0589626 0.9884874 0.7234793 1.0571753 1.0302646 1.3496495 1.2087733 1.3190073 1.1713140 
yHAB136_Kazachstania_bromeliacearum         0.8320519 0.8006157 1.0365208 1.1494029 0.8722560 1.4030541 1.0210834 0.9213321 0.8654195 0.8518990 4.8042808 1.1095483 1.0753230 1.1286126 1.0724826 1.0478706 1.0713211 1.1625222 1.1076687 0.9632778 0.8777449 0.8178073 0.5410115 0.9033294 0.0000000 0.6081644 1.2581110 1.0535442 0.9802383 0.7576866 0.8081167 0.8181692 0.5544692 0.9462622 0.5691932 0.7318054 1.0009092 1.0241387 1.0935643 0.9579408 
yHAB143_Kazachstania_siamensis              0.9942823 0.7423490 1.0907737 0.9758934 0.9973457 1.4669443 1.0971846 1.0156561 0.8102866 0.7405128 5.2213816 1.1424451 1.0346729 1.1579779 1.1096425 1.0466579 1.1338878 1.2311043 1.0111381 1.1089616 0.9811565 0.7929864 0.3226094 0.9543959 0.6081644 0.0000000 1.3493286 1.2576190 0.9577895 0.7356530 0.7609668 0.8025931 0.4039670 1.0480332 0.4173950 0.7165495 1.1257337 0.9488949 1.1345603 1.0877347 
yHAB147_Kazachstania_taianensis             1.3683564 1.2468012 0.8374475 1.6420599 1.4307218 1.6120237 1.3260182 1.4680381 1.2827631 1.6325511 3.8753067 1.2071713 1.2635461 1.1176238 1.1710783 1.2659496 1.2689566 1.0367120 1.7029514 1.8208616 1.5388932 1.2215902 1.3392527 1.6064143 1.2581110 1.3493286 0.0000000 1.4723668 1.2719960 1.5366140 1.4601954 1.2874634 1.2521991 1.5313693 1.3306105 1.2731391 1.8196975 1.6965356 1.8564651 1.7856804 
yHAB148_Kazachstania_intestinalis           1.3034053 1.2178244 1.1937274 1.3966126 1.3364883 1.5748412 1.3514738 1.3133454 1.2719811 1.3413320 5.3611382 1.3109813 1.3138483 1.2596787 1.3274577 1.2720408 1.3413138 1.2884297 1.4110492 1.4149349 1.4819682 1.1713730 1.2038694 1.2973170 1.0535442 1.2576190 1.4723668 0.0000000 1.2902544 1.1944482 1.1903823 1.2333291 1.2381752 1.2770855 1.2701812 1.1906152 1.5352205 1.6283320 1.5802510 1.4460004 
yHAB153_Kazachstania_rosinii                1.1864394 0.9894628 1.0738829 1.1822044 1.0601811 1.3391445 1.0787090 1.0378087 1.0177269 1.0039743 5.0082557 1.2807333 1.3322765 1.2382674 1.2152732 1.2133901 1.2454002 1.2732581 1.0802506 1.3901265 0.9819117 1.0286574 0.8898062 1.0339204 0.9802383 0.9577895 1.2719960 1.2902544 0.0000000 1.0378658 0.8106582 0.8494795 0.8732398 0.9833767 0.9584546 1.1062067 1.4249215 1.1748959 1.4678546 1.1786534 
yHAB154_Kazachstania_transvaalensis         1.0337927 0.9957803 1.2284850 1.0818619 1.0374578 1.3498501 1.1450080 1.0734416 1.0176702 0.8395433 5.5832516 1.2731888 1.3071546 1.3329191 1.3309363 1.2081129 1.3065958 1.3913513 1.1114598 1.1363599 1.0571332 0.9693942 0.6926643 1.1279458 0.7576866 0.7356530 1.5366140 1.1944482 1.0378658 0.0000000 0.8753567 0.9734630 0.7563207 1.1110368 0.7314052 0.3917047 1.1627191 1.1809301 1.1683725 1.1409929 
yHAB155_Kazachstania_spencerorum            1.0089288 0.9876230 1.1939827 1.0847269 1.0259345 1.3864253 1.1257309 1.0751996 0.8896437 0.8586662 5.2672801 1.2469744 1.1623559 1.1766595 1.1794883 1.1897369 1.2515871 1.2465926 1.1326632 1.1835819 0.9124161 0.8537201 0.7108252 0.9660119 0.8081167 0.7609668 1.4601954 1.1903823 0.8106582 0.8753567 0.0000000 0.9589322 0.7874646 1.0079296 0.7727354 0.8911099 1.1898885 1.1105088 1.3115054 1.1015947 
yHAB158_Kazachstania_viticola               1.0574624 0.9508383 1.1816035 1.0836849 0.9794462 1.5423175 1.0654424 1.0068284 0.9034426 0.9355719 5.0848352 1.3389172 1.2882770 1.2304795 1.2589147 1.1806799 1.3478859 1.3357385 1.0361870 1.1655819 1.0132766 0.8632126 0.8254682 1.0589626 0.8181692 0.8025931 1.2874634 1.2333291 0.8494795 0.9734630 0.9589322 0.0000000 0.8079635 0.9952684 0.8541051 0.9929725 1.2527170 1.2278303 1.2504831 1.0631065 
yHAB159_Kazachstania_solicola               0.9065253 0.8237149 1.1740060 1.2012745 0.9485738 1.4023988 1.0230809 0.9502016 0.9556060 0.7815755 5.4697827 1.0634236 1.0957626 1.2461314 1.1213117 1.1076713 1.1506946 1.2675675 0.9317020 1.0999030 0.9765984 0.8063603 0.2656542 0.9884874 0.5544692 0.4039670 1.2521991 1.2381752 0.8732398 0.7563207 0.7874646 0.8079635 0.0000000 1.0180711 0.1471672 0.7197982 1.0567965 0.9949871 1.0793780 1.0919113 
yHAB160_Kazachstania_kunashirensis          1.2153454 1.0573033 1.3521706 1.1840085 1.2761034 1.5915517 1.1639160 1.3018062 1.2006192 0.9754366 4.7927733 1.5984465 1.5345634 1.6299728 1.5937341 1.5483997 1.6775050 1.6457341 1.2765832 1.3089603 1.2176242 1.0929041 1.0444205 0.7234793 0.9462622 1.0480332 1.5313693 1.2770855 0.9833767 1.1110368 1.0079296 0.9952684 1.0180711 0.0000000 1.0773662 1.1360898 1.3074989 1.2660526 1.3401193 1.3556137 
yHAB164_Kazachstania_aerobia                0.9147958 0.8515336 1.2060507 1.1683248 0.9801045 1.4004889 1.1073517 0.9475181 0.9744007 0.8123157 5.1808647 1.1851961 1.1403063 1.2872473 1.1303694 1.1463056 1.1727548 1.3189511 1.0429571 1.1407714 1.0192872 0.8836012 0.2793346 1.0571753 0.5691932 0.4173950 1.3306105 1.2701812 0.9584546 0.7314052 0.7727354 0.8541051 0.1471672 1.0773662 0.0000000 0.7090999 1.0400266 1.0424930 1.0867678 1.0973687 
yHAB166_Kazachstania_yakushimaensis         1.0968809 0.8941802 1.1936620 1.0258045 1.0916821 1.3968003 1.1520845 1.0792091 0.9491620 0.8550987 5.4024080 1.2475388 1.2657827 1.2707132 1.2700299 1.2254596 1.2793661 1.2511648 1.1000587 1.1677312 1.1166584 0.9737326 0.6602120 1.0302646 0.7318054 0.7165495 1.2731391 1.1906152 1.1062067 0.3917047 0.8911099 0.9929725 0.7197982 1.1360898 0.7090999 0.0000000 1.1061394 1.1095060 1.1728994 1.0466662 
yHMPu5000034875_Tetrapisispora_fleetii      1.1310113 1.3004613 1.5676795 1.2375734 1.1440736 1.3524991 1.2525411 1.1391624 1.0805234 0.9745853 5.4040505 1.4599641 1.3821673 1.4198103 1.3655516 1.3119521 1.3984928 1.4729463 1.0654145 0.3866513 0.9749177 1.0426430 0.9351029 1.3496495 1.0009092 1.1257337 1.8196975 1.5352205 1.4249215 1.1627191 1.1898885 1.2527170 1.0567965 1.3074989 1.0400266 1.1061394 0.0000000 0.5439995 0.2002961 0.9636756 
yHMPu5000034876_Tetrapisispora_iriomotensis 1.1095172 1.2515715 1.4072609 1.1067256 1.0371979 1.4248286 1.0573708 0.9963597 1.0665351 0.9927557 5.5768901 1.4312323 1.3446523 1.4717894 1.3319691 1.2362149 1.3317517 1.4376683 0.9867527 0.5612461 0.8637118 1.1135073 0.9203848 1.2087733 1.0241387 0.9488949 1.6965356 1.6283320 1.1748959 1.1809301 1.1105088 1.2278303 0.9949871 1.2660526 1.0424930 1.1095060 0.5439995 0.0000000 0.5179074 0.9898283 
yHMPu5000034877_Tetrapisispora_namnaonensis 1.2212506 1.2105079 1.5540582 1.2613147 1.1495622 1.3257309 1.2457974 1.1693146 1.1879592 0.9944207 5.4013694 1.4639218 1.3473388 1.4839927 1.4670956 1.3751558 1.4860372 1.5090812 0.9981461 0.3299116 0.9458763 1.0984824 0.9166827 1.3190073 1.0935643 1.1345603 1.8564651 1.5802510 1.4678546 1.1683725 1.3115054 1.2504831 1.0793780 1.3401193 1.0867678 1.1728994 0.2002961 0.5179074 0.0000000 1.0045900 
yHMPu5000035629_Yueomyces_sinensis          0.9716077 1.2171518 1.5346525 1.2004262 1.1337143 1.7610176 1.1266352 0.9918455 1.0537304 0.8921910 5.2333821 1.5487809 1.4849241 1.4789250 1.4360088 1.4477841 1.5310194 1.5962841 0.5662766 1.0084563 0.8048015 1.0978319 0.9807950 1.1713140 0.9579408 1.0877347 1.7856804 1.4460004 1.1786534 1.1409929 1.1015947 1.0631065 1.0919113 1.3556137 1.0973687 1.0466662 0.9636756 0.9898283 1.0045900 0.0000000 
