6
F          0.0000000 0.1484363 0.1519683 0.1634997 0.1330155 0.1388038 
D          0.1484363 0.0000000 0.0266697 0.0717450 0.0411798 0.0542584 
E          0.1519683 0.0266697 0.0000000 0.0721786 0.0456825 0.0589377 
B          0.1634997 0.0717450 0.0721786 0.0000000 0.0454555 0.0542990 
A          0.1330155 0.0411798 0.0456825 0.0454555 0.0000000 0.0307054 
C          0.1388038 0.0542584 0.0589377 0.0542990 0.0307054 0.0000000 
