6
F          0.0000000 0.1257606 0.1224951 0.1202700 0.1253089 0.1204513 
A          0.1257606 0.0000000 0.0435564 0.1204183 0.1254645 0.1206001 
B          0.1224951 0.0435564 0.0000000 0.1195808 0.1245860 0.1197600 
E          0.1202700 0.1204183 0.1195808 0.0000000 0.0244301 0.0202881 
C          0.1253089 0.1254645 0.1245860 0.0244301 0.0000000 0.0120823 
D          0.1204513 0.1206001 0.1197600 0.0202881 0.0120823 0.0000000 
