6
E          0.0000000 0.1196146 0.1643154 0.1697239 0.1440619 0.1389033 
F          0.1196146 0.0000000 0.1371052 0.1398767 0.1153060 0.1103919 
C          0.1643154 0.1371052 0.0000000 0.0141753 0.0968504 0.0965909 
D          0.1697239 0.1398767 0.0141753 0.0000000 0.0993863 0.0991188 
A          0.1440619 0.1153060 0.0968504 0.0993863 0.0000000 0.0121072 
B          0.1389033 0.1103919 0.0965909 0.0991188 0.0121072 0.0000000 
