6
F          0.0000000 0.1167005 0.1044417 0.1138089 0.0997304 0.0970281 
E          0.1167005 0.0000000 0.1145232 0.1192819 0.1104411 0.1096156 
A          0.1044417 0.1145232 0.0000000 0.0202921 0.0588630 0.0585972 
B          0.1138089 0.1192819 0.0202921 0.0000000 0.0654177 0.0629628 
C          0.0997304 0.1104411 0.0588630 0.0654177 0.0000000 0.0142122 
D          0.0970281 0.1096156 0.0585972 0.0629628 0.0142122 0.0000000 
