6
F          0.0000000 0.1198850 0.1325399 0.1106763 0.1077835 0.1176775 
D          0.1198850 0.0000000 0.0393003 0.1116290 0.1136715 0.1186985 
E          0.1325399 0.0393003 0.0000000 0.1242285 0.1238500 0.1289959 
C          0.1106763 0.1116290 0.1242285 0.0000000 0.0455085 0.0433723 
A          0.1077835 0.1136715 0.1238500 0.0455085 0.0000000 0.0203422 
B          0.1176775 0.1186985 0.1289959 0.0433723 0.0203422 0.0000000 
