6
C          0.0000000 0.0330725 0.0503548 0.0568245 0.1416673 0.1257285 
D          0.0330725 0.0000000 0.0373482 0.0437063 0.1338340 0.1111783 
A          0.0503548 0.0373482 0.0000000 0.0182425 0.1436259 0.1206094 
B          0.0568245 0.0437063 0.0182425 0.0000000 0.1410395 0.1228555 
E          0.1416673 0.1338340 0.1436259 0.1410395 0.0000000 0.1179353 
F          0.1257285 0.1111783 0.1206094 0.1228555 0.1179353 0.0000000 
