6
F          0.0000000 0.1292586 0.1121607 0.1057660 0.1056796 0.1036971 
E          0.1292586 0.0000000 0.1009598 0.0991081 0.0900491 0.0971015 
C          0.1121607 0.1009598 0.0000000 0.0872011 0.0826486 0.0873507 
D          0.1057660 0.0991081 0.0872011 0.0000000 0.0652701 0.0676452 
A          0.1056796 0.0900491 0.0826486 0.0652701 0.0000000 0.0307592 
B          0.1036971 0.0971015 0.0873507 0.0676452 0.0307592 0.0000000 
