6
F          0.0000000 0.1300465 0.1173923 0.1172274 0.1121905 0.1168773 
E          0.1300465 0.0000000 0.0950020 0.0948704 0.0853985 0.0901361 
A          0.1173923 0.0950020 0.0000000 0.0080752 0.0606055 0.0649909 
B          0.1172274 0.0948704 0.0080752 0.0000000 0.0605256 0.0649036 
C          0.1121905 0.0853985 0.0606055 0.0605256 0.0000000 0.0370166 
D          0.1168773 0.0901361 0.0649909 0.0649036 0.0370166 0.0000000 
