15
Candida_glabrata                   0.0000000 2.1656867 1.0084678 2.3429742 1.0912537 1.0200027 2.2643080 2.3130683 2.2644237 2.3047142 2.3188818 2.2829023 2.2530120 2.3427008 2.4167264 
Nakaseomyces_bacillisporus         2.1656867 0.0000000 2.1475432 1.7443242 2.1904565 2.1455139 2.2741304 2.2644148 2.2742289 2.2704975 2.2485050 2.2762464 2.2491348 2.4332150 2.5000118 
Nakaseomyces_bracarensis           1.0084678 2.1475432 0.0000000 2.1795456 0.5423879 0.4721486 2.1114696 2.1073666 2.1148156 2.1038708 2.1045004 2.0895451 2.1262951 2.2264414 2.2923025 
Nakaseomyces_castellii             2.3429742 1.7443242 2.1795456 0.0000000 2.2170449 2.1717691 2.4577545 2.4079430 2.4446466 2.4584170 2.4348352 2.4192517 2.4379868 2.5453589 2.7138392 
Nakaseomyces_delphensis            1.0912537 2.1904565 0.5423879 2.2170449 0.0000000 0.4267685 2.1558656 2.1370450 2.1287474 2.1610398 2.1442512 2.1397862 2.1090752 2.2744935 2.3026232 
Nakaseomyces_nivariensis           1.0200027 2.1455139 0.4721486 2.1717691 0.4267685 0.0000000 2.1714441 2.1398397 2.1339096 2.1577167 2.1715634 2.1437139 2.1535207 2.2514674 2.2575252 
Saccharomyces_arboricola           2.2643080 2.2741304 2.1114696 2.4577545 2.1558656 2.1714441 0.0000000 0.2771324 0.2382449 0.2213697 0.2692876 0.2535264 0.2329980 2.3471871 2.5689768 
Saccharomyces_cerevisiae           2.3130683 2.2644148 2.1073666 2.4079430 2.1370450 2.1398397 0.2771324 0.0000000 0.2956166 0.2589324 0.2267741 0.1207348 0.2935672 2.3148997 2.4679623 
Saccharomyces_eubayanus            2.2644237 2.2742289 2.1148156 2.4446466 2.1287474 2.1339096 0.2382449 0.2956166 0.0000000 0.2464476 0.3017178 0.2630841 0.0615867 2.2644633 2.4745687 
Saccharomyces_kudriavzevii         2.3047142 2.2704975 2.1038708 2.4584170 2.1610398 2.1577167 0.2213697 0.2589324 0.2464476 0.0000000 0.2655453 0.2323937 0.2375985 2.3329898 2.4968486 
Saccharomyces_mikatae              2.3188818 2.2485050 2.1045004 2.4348352 2.1442512 2.1715634 0.2692876 0.2267741 0.3017178 0.2655453 0.0000000 0.1955123 0.2930277 2.2788308 2.5250093 
Saccharomyces_paradoxus            2.2829023 2.2762464 2.0895451 2.4192517 2.1397862 2.1437139 0.2535264 0.1207348 0.2630841 0.2323937 0.1955123 0.0000000 0.2602444 2.2905198 2.4930707 
Saccharomyces_uvarum               2.2530120 2.2491348 2.1262951 2.4379868 2.1090752 2.1535207 0.2329980 0.2935672 0.0615867 0.2375985 0.2930277 0.2602444 0.0000000 2.2735150 2.5110657 
Tetrapisispora_blattae             2.3427008 2.4332150 2.2264414 2.5453589 2.2744935 2.2514674 2.3471871 2.3148997 2.2644633 2.3329898 2.2788308 2.2905198 2.2735150 0.0000000 1.6087377 
yHMPu5000035629_Yueomyces_sinensis 2.4167264 2.5000118 2.2923025 2.7138392 2.3026232 2.2575252 2.5689768 2.4679623 2.4745687 2.4968486 2.5250093 2.4930707 2.5110657 1.6087377 0.0000000 
