15
Candida_glabrata                   0.0000000 0.1853919 0.0872152 0.2833427 0.0879980 0.0906032 0.2079204 0.1978091 0.1979872 0.2377196 0.1920461 0.2054197 0.1953646 0.2507484 0.1974322 
Nakaseomyces_bacillisporus         0.1853919 0.0000000 0.1739269 0.3679743 0.1679951 0.1855938 0.2097772 0.2057347 0.2275881 0.2525523 0.2029494 0.2116254 0.2196332 0.2914170 0.3007736 
Nakaseomyces_bracarensis           0.0872152 0.1739269 0.0000000 0.3331842 0.0258525 0.0199976 0.2089708 0.2160726 0.1759717 0.2421303 0.1975993 0.2237918 0.1751553 0.2946743 0.2761761 
Nakaseomyces_castellii             0.2833427 0.3679743 0.3331842 0.0000000 0.3291763 0.3537712 0.4550230 0.4794655 0.4528926 0.4586620 0.4766738 0.4756373 0.4588818 0.4985338 0.5106421 
Nakaseomyces_delphensis            0.0879980 0.1679951 0.0258525 0.3291763 0.0000000 0.0237426 0.1861510 0.2007714 0.1705558 0.2242974 0.1829284 0.2034784 0.1609433 0.2962731 0.2631093 
Nakaseomyces_nivariensis           0.0906032 0.1855938 0.0199976 0.3537712 0.0237426 0.0000000 0.1929111 0.1995490 0.1639146 0.2246716 0.1820276 0.2040818 0.1604439 0.2749959 0.2630686 
Saccharomyces_arboricola           0.2079204 0.2097772 0.2089708 0.4550230 0.1861510 0.1929111 0.0000000 0.0588988 0.0916851 0.0885281 0.0809143 0.0613129 0.0766093 0.2481965 0.2183080 
Saccharomyces_cerevisiae           0.1978091 0.2057347 0.2160726 0.4794655 0.2007714 0.1995490 0.0588988 0.0000000 0.0756721 0.0839181 0.0405248 0.0123820 0.0866334 0.2026272 0.2008989 
Saccharomyces_eubayanus            0.1979872 0.2275881 0.1759717 0.4528926 0.1705558 0.1639146 0.0916851 0.0756721 0.0000000 0.1140086 0.0664113 0.0903523 0.0500473 0.2120649 0.2412624 
Saccharomyces_kudriavzevii         0.2377196 0.2525523 0.2421303 0.4586620 0.2242974 0.2246716 0.0885281 0.0839181 0.1140086 0.0000000 0.1083335 0.0863987 0.1029778 0.2356212 0.2533130 
Saccharomyces_mikatae              0.1920461 0.2029494 0.1975993 0.4766738 0.1829284 0.1820276 0.0809143 0.0405248 0.0664113 0.1083335 0.0000000 0.0569968 0.1091341 0.2095561 0.1966354 
Saccharomyces_paradoxus            0.2054197 0.2116254 0.2237918 0.4756373 0.2034784 0.2040818 0.0613129 0.0123820 0.0903523 0.0863987 0.0569968 0.0000000 0.0948011 0.2106523 0.2068919 
Saccharomyces_uvarum               0.1953646 0.2196332 0.1751553 0.4588818 0.1609433 0.1604439 0.0766093 0.0866334 0.0500473 0.1029778 0.1091341 0.0948011 0.0000000 0.2298946 0.2386685 
Tetrapisispora_blattae             0.2507484 0.2914170 0.2946743 0.4985338 0.2962731 0.2749959 0.2481965 0.2026272 0.2120649 0.2356212 0.2095561 0.2106523 0.2298946 0.0000000 0.1030558 
yHMPu5000035629_Yueomyces_sinensis 0.1974322 0.3007736 0.2761761 0.5106421 0.2631093 0.2630686 0.2183080 0.2008989 0.2412624 0.2533130 0.1966354 0.2068919 0.2386685 0.1030558 0.0000000 
