15
Candida_glabrata                   0.0000000 1.4808951 0.6315172 1.5359241 0.6391561 0.6374078 1.1021177 1.1176221 1.0388788 1.1230646 1.0822782 1.1046894 1.0593402 1.8959645 2.1672132 
Nakaseomyces_bacillisporus         1.4808951 0.0000000 1.3552051 1.1312280 1.3006917 1.4478280 1.2106758 1.2321476 1.1611803 1.1979078 1.2403458 1.1484268 1.1796353 1.7546207 2.1838440 
Nakaseomyces_bracarensis           0.6315172 1.3552051 0.0000000 1.4780682 0.4692027 0.4234069 1.0291892 1.0687556 1.0382921 1.0561991 1.0158623 1.0509682 1.0425375 1.9069642 2.0456965 
Nakaseomyces_castellii             1.5359241 1.1312280 1.4780682 0.0000000 1.4388776 1.4836242 1.3205591 1.3858672 1.3262550 1.3456704 1.3455675 1.3605320 1.3475606 1.9994667 2.4643698 
Nakaseomyces_delphensis            0.6391561 1.3006917 0.4692027 1.4388776 0.0000000 0.3262745 0.8584844 0.8984695 0.7683070 0.8612043 0.8551206 0.9099756 0.7512045 1.7188595 2.0903260 
Nakaseomyces_nivariensis           0.6374078 1.4478280 0.4234069 1.4836242 0.3262745 0.0000000 0.9200403 0.9521511 0.8910911 0.9550750 0.9020590 0.9407699 0.9120361 1.7391266 1.9994332 
Saccharomyces_arboricola           1.1021177 1.2106758 1.0291892 1.3205591 0.8584844 0.9200403 0.0000000 0.2340032 0.2656837 0.1763434 0.2209200 0.2112201 0.2552525 1.6143350 2.0068783 
Saccharomyces_cerevisiae           1.1176221 1.2321476 1.0687556 1.3858672 0.8984695 0.9521511 0.2340032 0.0000000 0.3225306 0.2579768 0.1955302 0.1128209 0.3465525 1.6814438 1.9850410 
Saccharomyces_eubayanus            1.0388788 1.1611803 1.0382921 1.3262550 0.7683070 0.8910911 0.2656837 0.3225306 0.0000000 0.2401233 0.2931837 0.2993508 0.0773678 1.6414268 1.9821456 
Saccharomyces_kudriavzevii         1.1230646 1.1979078 1.0561991 1.3456704 0.8612043 0.9550750 0.1763434 0.2579768 0.2401233 0.0000000 0.2101093 0.2233993 0.2652381 1.6474547 2.1511846 
Saccharomyces_mikatae              1.0822782 1.2403458 1.0158623 1.3455675 0.8551206 0.9020590 0.2209200 0.1955302 0.2931837 0.2101093 0.0000000 0.1585036 0.3155500 1.5703414 2.0739903 
Saccharomyces_paradoxus            1.1046894 1.1484268 1.0509682 1.3605320 0.9099756 0.9407699 0.2112201 0.1128209 0.2993508 0.2233993 0.1585036 0.0000000 0.3288308 1.6050844 2.0752192 
Saccharomyces_uvarum               1.0593402 1.1796353 1.0425375 1.3475606 0.7512045 0.9120361 0.2552525 0.3465525 0.0773678 0.2652381 0.3155500 0.3288308 0.0000000 1.7124715 2.1192963 
Tetrapisispora_blattae             1.8959645 1.7546207 1.9069642 1.9994667 1.7188595 1.7391266 1.6143350 1.6814438 1.6414268 1.6474547 1.5703414 1.6050844 1.7124715 0.0000000 1.9408104 
yHMPu5000035629_Yueomyces_sinensis 2.1672132 2.1838440 2.0456965 2.4643698 2.0903260 1.9994332 2.0068783 1.9850410 1.9821456 2.1511846 2.0739903 2.0752192 2.1192963 1.9408104 0.0000000 
