15
Candida_glabrata                   0.0000000 0.7967377 0.4440828 0.9689168 0.4737290 0.4064334 0.8343143 0.8369351 0.8324439 0.8495117 0.8550633 0.8473331 0.8166525 1.0713949 1.1210773 
Nakaseomyces_bacillisporus         0.7967377 0.0000000 0.7646195 0.8370794 0.8248077 0.7449123 0.7971332 0.8108545 0.7936303 0.8052668 0.8065463 0.8104650 0.8133148 1.0248221 1.0640714 
Nakaseomyces_bracarensis           0.4440828 0.7646195 0.0000000 0.9714851 0.2858577 0.2235767 0.8300866 0.8412179 0.8204089 0.8341092 0.8477577 0.8467769 0.8050384 1.0699118 1.1369031 
Nakaseomyces_castellii             0.9689168 0.8370794 0.9714851 0.0000000 0.9945357 0.9727815 1.0084245 1.0158563 0.9971792 0.9994103 1.0275679 1.0073418 0.9874392 1.3361477 1.3963927 
Nakaseomyces_delphensis            0.4737290 0.8248077 0.2858577 0.9945357 0.0000000 0.2404422 0.8722358 0.8948574 0.8533576 0.8701795 0.8994483 0.8881139 0.8311178 1.1150006 1.2060734 
Nakaseomyces_nivariensis           0.4064334 0.7449123 0.2235767 0.9727815 0.2404422 0.0000000 0.8072338 0.7927331 0.7767982 0.8014877 0.7997473 0.7942441 0.7720627 1.0171526 1.1020655 
Saccharomyces_arboricola           0.8343143 0.7971332 0.8300866 1.0084245 0.8722358 0.8072338 0.0000000 0.1723977 0.1613735 0.1545480 0.1650757 0.1591036 0.1634771 1.0828889 1.1157633 
Saccharomyces_cerevisiae           0.8369351 0.8108545 0.8412179 1.0158563 0.8948574 0.7927331 0.1723977 0.0000000 0.1741900 0.1484258 0.1335993 0.0755951 0.1813277 1.0749599 1.1284095 
Saccharomyces_eubayanus            0.8324439 0.7936303 0.8204089 0.9971792 0.8533576 0.7767982 0.1613735 0.1741900 0.0000000 0.1696611 0.1892195 0.1683011 0.0557411 1.0678177 1.0825835 
Saccharomyces_kudriavzevii         0.8495117 0.8052668 0.8341092 0.9994103 0.8701795 0.8014877 0.1545480 0.1484258 0.1696611 0.0000000 0.1493563 0.1305054 0.1609400 1.0828718 1.1264416 
Saccharomyces_mikatae              0.8550633 0.8065463 0.8477577 1.0275679 0.8994483 0.7997473 0.1650757 0.1335993 0.1892195 0.1493563 0.0000000 0.1182699 0.1900311 1.0818576 1.1111978 
Saccharomyces_paradoxus            0.8473331 0.8104650 0.8467769 1.0073418 0.8881139 0.7942441 0.1591036 0.0755951 0.1683011 0.1305054 0.1182699 0.0000000 0.1746359 1.0630005 1.1131054 
Saccharomyces_uvarum               0.8166525 0.8133148 0.8050384 0.9874392 0.8311178 0.7720627 0.1634771 0.1813277 0.0557411 0.1609400 0.1900311 0.1746359 0.0000000 1.0694682 1.0965572 
Tetrapisispora_blattae             1.0713949 1.0248221 1.0699118 1.3361477 1.1150006 1.0171526 1.0828889 1.0749599 1.0678177 1.0828718 1.0818576 1.0630005 1.0694682 0.0000000 0.7765702 
yHMPu5000035629_Yueomyces_sinensis 1.1210773 1.0640714 1.1369031 1.3963927 1.2060734 1.1020655 1.1157633 1.1284095 1.0825835 1.1264416 1.1111978 1.1131054 1.0965572 0.7765702 0.0000000 
