15
Candida_glabrata                   0.0000000 1.9116568 0.5499470 2.8565632 0.6976065 0.5479523 1.3140094 1.3476755 1.3886370 1.4439452 1.2913800 1.3076445 1.3467235 2.4581900 1.3726452 
Nakaseomyces_bacillisporus         1.9116568 0.0000000 1.9688208 3.3548851 2.1051806 1.9237567 1.9171666 1.9197956 1.9334565 1.9447099 1.9374872 1.9729809 1.9983865 3.2761521 2.6147833 
Nakaseomyces_bracarensis           0.5499470 1.9688208 0.0000000 2.9196037 0.4030509 0.3010948 1.4457576 1.3428647 1.4416842 1.4377501 1.3418684 1.3044049 1.4783493 2.8155775 1.4080346 
Nakaseomyces_castellii             2.8565632 3.3548851 2.9196037 0.0000000 2.9659427 2.8836740 3.0655563 2.9693313 3.0133579 2.9889778 2.9374198 2.9335780 3.1063197 4.5019494 3.4435089 
Nakaseomyces_delphensis            0.6976065 2.1051806 0.4030509 2.9659427 0.0000000 0.3085363 1.5082033 1.4579847 1.5998783 1.5361999 1.5389008 1.4866630 1.6041477 2.9312579 1.4918611 
Nakaseomyces_nivariensis           0.5479523 1.9237567 0.3010948 2.8836740 0.3085363 0.0000000 1.2614492 1.1809508 1.2845944 1.3114463 1.2572627 1.2150833 1.3088113 2.8887121 1.2736950 
Saccharomyces_arboricola           1.3140094 1.9171666 1.4457576 3.0655563 1.5082033 1.2614492 0.0000000 0.2152179 0.2314753 0.1743482 0.2141173 0.1919593 0.2357654 2.8035076 1.7633219 
Saccharomyces_cerevisiae           1.3476755 1.9197956 1.3428647 2.9693313 1.4579847 1.1809508 0.2152179 0.0000000 0.2231669 0.1761021 0.1805429 0.1070977 0.2359378 2.7065328 1.7272213 
Saccharomyces_eubayanus            1.3886370 1.9334565 1.4416842 3.0133579 1.5998783 1.2845944 0.2314753 0.2231669 0.0000000 0.2180464 0.2676489 0.2319257 0.0617589 2.8050023 1.8706230 
Saccharomyces_kudriavzevii         1.4439452 1.9447099 1.4377501 2.9889778 1.5361999 1.3114463 0.1743482 0.1761021 0.2180464 0.0000000 0.2067421 0.1747638 0.2122707 2.7039419 1.8239148 
Saccharomyces_mikatae              1.2913800 1.9374872 1.3418684 2.9374198 1.5389008 1.2572627 0.2141173 0.1805429 0.2676489 0.2067421 0.0000000 0.1555950 0.2668289 2.7980330 1.8518482 
Saccharomyces_paradoxus            1.3076445 1.9729809 1.3044049 2.9335780 1.4866630 1.2150833 0.1919593 0.1070977 0.2319257 0.1747638 0.1555950 0.0000000 0.2500416 2.8336518 1.7427324 
Saccharomyces_uvarum               1.3467235 1.9983865 1.4783493 3.1063197 1.6041477 1.3088113 0.2357654 0.2359378 0.0617589 0.2122707 0.2668289 0.2500416 0.0000000 2.8387438 1.9089304 
Tetrapisispora_blattae             2.4581900 3.2761521 2.8155775 4.5019494 2.9312579 2.8887121 2.8035076 2.7065328 2.8050023 2.7039419 2.7980330 2.8336518 2.8387438 0.0000000 1.9370340 
yHMPu5000035629_Yueomyces_sinensis 1.3726452 2.6147833 1.4080346 3.4435089 1.4918611 1.2736950 1.7633219 1.7272213 1.8706230 1.8239148 1.8518482 1.7427324 1.9089304 1.9370340 0.0000000 
