15
Candida_glabrata                   0.0000000 0.5447226 0.2855378 0.7335298 0.4988699 0.2814804 0.5492254 0.5466911 0.5700657 0.5679580 0.5389640 0.5268928 0.5944093 0.9475064 0.9889352 
Nakaseomyces_bacillisporus         0.5447226 0.0000000 0.4845635 0.6337441 0.7036063 0.4967898 0.4976166 0.4897038 0.5336644 0.5038520 0.4645907 0.4778442 0.5522738 0.8441808 0.9285877 
Nakaseomyces_bracarensis           0.2855378 0.4845635 0.0000000 0.6333466 0.3703595 0.1295067 0.4699004 0.4242040 0.4316707 0.4719402 0.4253457 0.4213768 0.4440950 0.8489182 0.9718210 
Nakaseomyces_castellii             0.7335298 0.6337441 0.6333466 0.0000000 0.5688285 0.6693088 0.7755652 0.7458836 0.7265756 0.7445846 0.7442277 0.7377004 0.7287575 1.1183346 1.2535965 
Nakaseomyces_delphensis            0.4988699 0.7036063 0.3703595 0.5688285 0.0000000 0.3002921 0.7640212 0.7674122 0.6742741 0.7648029 0.7313628 0.7396617 0.7180777 1.1310433 1.2904348 
Nakaseomyces_nivariensis           0.2814804 0.4967898 0.1295067 0.6693088 0.3002921 0.0000000 0.4974816 0.4465304 0.4757984 0.4957181 0.4677688 0.4471556 0.5028733 0.9244499 0.9958600 
Saccharomyces_arboricola           0.5492254 0.4976166 0.4699004 0.7755652 0.7640212 0.4974816 0.0000000 0.0844112 0.1035811 0.0751351 0.0847097 0.0819625 0.1132877 0.8178984 0.8574672 
Saccharomyces_cerevisiae           0.5466911 0.4897038 0.4242040 0.7458836 0.7674122 0.4465304 0.0844112 0.0000000 0.1191600 0.0792360 0.0760112 0.0474166 0.1211550 0.8136554 0.8708514 
Saccharomyces_eubayanus            0.5700657 0.5336644 0.4316707 0.7265756 0.6742741 0.4757984 0.1035811 0.1191600 0.0000000 0.1116192 0.1242803 0.1105651 0.0356566 0.8414815 0.9680242 
Saccharomyces_kudriavzevii         0.5679580 0.5038520 0.4719402 0.7445846 0.7648029 0.4957181 0.0751351 0.0792360 0.1116192 0.0000000 0.0795215 0.0850288 0.1193916 0.8378413 0.9036247 
Saccharomyces_mikatae              0.5389640 0.4645907 0.4253457 0.7442277 0.7313628 0.4677688 0.0847097 0.0760112 0.1242803 0.0795215 0.0000000 0.0731423 0.1255899 0.8413274 0.8886187 
Saccharomyces_paradoxus            0.5268928 0.4778442 0.4213768 0.7377004 0.7396617 0.4471556 0.0819625 0.0474166 0.1105651 0.0850288 0.0731423 0.0000000 0.1159475 0.8430539 0.9379200 
Saccharomyces_uvarum               0.5944093 0.5522738 0.4440950 0.7287575 0.7180777 0.5028733 0.1132877 0.1211550 0.0356566 0.1193916 0.1255899 0.1159475 0.0000000 0.8207554 0.9341816 
Tetrapisispora_blattae             0.9475064 0.8441808 0.8489182 1.1183346 1.1310433 0.9244499 0.8178984 0.8136554 0.8414815 0.8378413 0.8413274 0.8430539 0.8207554 0.0000000 0.5923322 
yHMPu5000035629_Yueomyces_sinensis 0.9889352 0.9285877 0.9718210 1.2535965 1.2904348 0.9958600 0.8574672 0.8708514 0.9680242 0.9036247 0.8886187 0.9379200 0.9341816 0.5923322 0.0000000 
