15
Candida_glabrata                   0.0000000 0.4456041 0.2130792 0.8192780 0.3930304 0.1984841 0.4136410 0.4170690 0.3851491 0.4207873 0.3967287 0.4129148 0.4069758 0.4781473 0.5634324 
Nakaseomyces_bacillisporus         0.4456041 0.0000000 0.5418481 0.7392827 0.6433689 0.4421352 0.3445525 0.3370088 0.3468663 0.3714210 0.3433501 0.3502365 0.3632052 0.3486885 0.4587457 
Nakaseomyces_bracarensis           0.2130792 0.5418481 0.0000000 0.8325188 0.2570176 0.1226445 0.4724767 0.5246402 0.4920484 0.5140760 0.5245709 0.5152095 0.4971708 0.5736453 0.6259865 
Nakaseomyces_castellii             0.8192780 0.7392827 0.8325188 0.0000000 0.7654861 0.8239070 0.8442310 0.8013976 0.8461712 0.8197836 0.8247867 0.8123746 0.8527993 0.8248804 0.8789377 
Nakaseomyces_delphensis            0.3930304 0.6433689 0.2570176 0.7654861 0.0000000 0.2447514 0.5336655 0.5906574 0.5578650 0.5627516 0.5936837 0.5967599 0.5461629 0.6856735 0.8258913 
Nakaseomyces_nivariensis           0.1984841 0.4421352 0.1226445 0.8239070 0.2447514 0.0000000 0.3983063 0.4306086 0.4312025 0.4178321 0.4066777 0.4377366 0.4466681 0.4681123 0.5644746 
Saccharomyces_arboricola           0.4136410 0.3445525 0.4724767 0.8442310 0.5336655 0.3983063 0.0000000 0.1340327 0.1163818 0.1073363 0.1472824 0.1170194 0.1263380 0.3504511 0.4870240 
Saccharomyces_cerevisiae           0.4170690 0.3370088 0.5246402 0.8013976 0.5906574 0.4306086 0.1340327 0.0000000 0.1619178 0.1538692 0.1147025 0.0639098 0.1661175 0.3410486 0.4714490 
Saccharomyces_eubayanus            0.3851491 0.3468663 0.4920484 0.8461712 0.5578650 0.4312025 0.1163818 0.1619178 0.0000000 0.1080658 0.1581830 0.1445649 0.0323094 0.3550911 0.5289408 
Saccharomyces_kudriavzevii         0.4207873 0.3714210 0.5140760 0.8197836 0.5627516 0.4178321 0.1073363 0.1538692 0.1080658 0.0000000 0.1585601 0.1304064 0.1288804 0.4002500 0.5385484 
Saccharomyces_mikatae              0.3967287 0.3433501 0.5245709 0.8247867 0.5936837 0.4066777 0.1472824 0.1147025 0.1581830 0.1585601 0.0000000 0.1006988 0.1807431 0.3502550 0.4379120 
Saccharomyces_paradoxus            0.4129148 0.3502365 0.5152095 0.8123746 0.5967599 0.4377366 0.1170194 0.0639098 0.1445649 0.1304064 0.1006988 0.0000000 0.1415492 0.3587568 0.4684757 
Saccharomyces_uvarum               0.4069758 0.3632052 0.4971708 0.8527993 0.5461629 0.4466681 0.1263380 0.1661175 0.0323094 0.1288804 0.1807431 0.1415492 0.0000000 0.3608269 0.5476948 
Tetrapisispora_blattae             0.4781473 0.3486885 0.5736453 0.8248804 0.6856735 0.4681123 0.3504511 0.3410486 0.3550911 0.4002500 0.3502550 0.3587568 0.3608269 0.0000000 0.2899052 
yHMPu5000035629_Yueomyces_sinensis 0.5634324 0.4587457 0.6259865 0.8789377 0.8258913 0.5644746 0.4870240 0.4714490 0.5289408 0.5385484 0.4379120 0.4684757 0.5476948 0.2899052 0.0000000 
