15
Candida_glabrata                   0.0000000 1.2575609 0.5664465 1.5852711 0.6846054 0.5745612 1.3365276 1.3606487 1.3964611 1.4469194 1.3640445 1.3111513 1.3525133 1.4612709 1.5363026 
Nakaseomyces_bacillisporus         1.2575609 0.0000000 1.2153615 1.2399973 1.3562319 1.1843555 1.4572221 1.3381837 1.5302928 1.4646850 1.4565570 1.3511056 1.5143644 1.5018544 1.5267140 
Nakaseomyces_bracarensis           0.5664465 1.2153615 0.0000000 1.5497787 0.3980878 0.3310201 1.2730199 1.2351199 1.2699485 1.2659872 1.3066225 1.1850867 1.2695260 1.4155578 1.2433087 
Nakaseomyces_castellii             1.5852711 1.2399973 1.5497787 0.0000000 1.4439087 1.3775144 1.7698559 1.7361440 1.7735675 1.7951906 1.7843903 1.7286531 1.7644457 2.0203787 2.0362311 
Nakaseomyces_delphensis            0.6846054 1.3562319 0.3980878 1.4439087 0.0000000 0.3273982 1.2651871 1.2723898 1.3532455 1.3093497 1.3350108 1.2281360 1.3543295 1.5117137 1.3156695 
Nakaseomyces_nivariensis           0.5745612 1.1843555 0.3310201 1.3775144 0.3273982 0.0000000 1.2091707 1.1571247 1.2404784 1.2569295 1.2725007 1.1504483 1.2406552 1.4539110 1.2457718 
Saccharomyces_arboricola           1.3365276 1.4572221 1.2730199 1.7698559 1.2651871 1.2091707 0.0000000 0.2275273 0.2410100 0.1790115 0.2311513 0.2131046 0.2181474 1.5226439 1.4558740 
Saccharomyces_cerevisiae           1.3606487 1.3381837 1.2351199 1.7361440 1.2723898 1.1571247 0.2275273 0.0000000 0.2651190 0.2155919 0.1988161 0.0942764 0.2548023 1.5665317 1.4372544 
Saccharomyces_eubayanus            1.3964611 1.5302928 1.2699485 1.7735675 1.3532455 1.2404784 0.2410100 0.2651190 0.0000000 0.2108349 0.2836064 0.2548068 0.0627115 1.4767119 1.5286820 
Saccharomyces_kudriavzevii         1.4469194 1.4646850 1.2659872 1.7951906 1.3093497 1.2569295 0.1790115 0.2155919 0.2108349 0.0000000 0.2018665 0.1746865 0.2136565 1.4639008 1.5194971 
Saccharomyces_mikatae              1.3640445 1.4565570 1.3066225 1.7843903 1.3350108 1.2725007 0.2311513 0.1988161 0.2836064 0.2018665 0.0000000 0.1628729 0.2622910 1.4814954 1.5223592 
Saccharomyces_paradoxus            1.3111513 1.3511056 1.1850867 1.7286531 1.2281360 1.1504483 0.2131046 0.0942764 0.2548068 0.1746865 0.1628729 0.0000000 0.2256249 1.4985626 1.3864642 
Saccharomyces_uvarum               1.3525133 1.5143644 1.2695260 1.7644457 1.3543295 1.2406552 0.2181474 0.2548023 0.0627115 0.2136565 0.2622910 0.2256249 0.0000000 1.4508933 1.4871049 
Tetrapisispora_blattae             1.4612709 1.5018544 1.4155578 2.0203787 1.5117137 1.4539110 1.5226439 1.5665317 1.4767119 1.4639008 1.4814954 1.4985626 1.4508933 0.0000000 1.1829851 
yHMPu5000035629_Yueomyces_sinensis 1.5363026 1.5267140 1.2433087 2.0362311 1.3156695 1.2457718 1.4558740 1.4372544 1.5286820 1.5194971 1.5223592 1.3864642 1.4871049 1.1829851 0.0000000 
