15
Candida_glabrata                   0.0000000 0.4671600 0.3006231 0.5599237 0.2981573 0.2748819 0.4268736 0.4192914 0.4189263 0.4299039 0.4343398 0.4455773 0.4185864 0.4798234 0.4211296 
Nakaseomyces_bacillisporus         0.4671600 0.0000000 0.4660990 0.5175798 0.5084639 0.4386320 0.4636142 0.4621487 0.4343982 0.4448864 0.4640559 0.5139627 0.4451930 0.4645678 0.4239366 
Nakaseomyces_bracarensis           0.3006231 0.4660990 0.0000000 0.5514684 0.2468668 0.1871967 0.4306558 0.4150145 0.4010737 0.4283828 0.4300491 0.4746935 0.3960767 0.4296544 0.3809695 
Nakaseomyces_castellii             0.5599237 0.5175798 0.5514684 0.0000000 0.5930664 0.5455491 0.5707237 0.5403093 0.5289459 0.5688645 0.5568236 0.5904928 0.5250266 0.6134570 0.5947161 
Nakaseomyces_delphensis            0.2981573 0.5084639 0.2468668 0.5930664 0.0000000 0.1900175 0.4701760 0.4802485 0.4409238 0.4792951 0.4655199 0.4937405 0.4492422 0.4802319 0.4189527 
Nakaseomyces_nivariensis           0.2748819 0.4386320 0.1871967 0.5455491 0.1900175 0.0000000 0.4176125 0.4018727 0.3877678 0.4108616 0.4170594 0.4569435 0.4079675 0.4222763 0.3356103 
Saccharomyces_arboricola           0.4268736 0.4636142 0.4306558 0.5707237 0.4701760 0.4176125 0.0000000 0.1611896 0.1256053 0.1304501 0.1457320 0.1638790 0.1232629 0.4664993 0.4000871 
Saccharomyces_cerevisiae           0.4192914 0.4621487 0.4150145 0.5403093 0.4802485 0.4018727 0.1611896 0.0000000 0.1640232 0.1628029 0.1292944 0.0968871 0.1672831 0.4505320 0.3988351 
Saccharomyces_eubayanus            0.4189263 0.4343982 0.4010737 0.5289459 0.4409238 0.3877678 0.1256053 0.1640232 0.0000000 0.1319818 0.1485942 0.1764068 0.0412662 0.4377952 0.3941889 
Saccharomyces_kudriavzevii         0.4299039 0.4448864 0.4283828 0.5688645 0.4792951 0.4108616 0.1304501 0.1628029 0.1319818 0.0000000 0.1482493 0.1608440 0.1257607 0.4735685 0.4232754 
Saccharomyces_mikatae              0.4343398 0.4640559 0.4300491 0.5568236 0.4655199 0.4170594 0.1457320 0.1292944 0.1485942 0.1482493 0.0000000 0.1207199 0.1535714 0.4554929 0.4022591 
Saccharomyces_paradoxus            0.4455773 0.5139627 0.4746935 0.5904928 0.4937405 0.4569435 0.1638790 0.0968871 0.1764068 0.1608440 0.1207199 0.0000000 0.1749257 0.5078355 0.4587720 
Saccharomyces_uvarum               0.4185864 0.4451930 0.3960767 0.5250266 0.4492422 0.4079675 0.1232629 0.1672831 0.0412662 0.1257607 0.1535714 0.1749257 0.0000000 0.4454519 0.4014534 
Tetrapisispora_blattae             0.4798234 0.4645678 0.4296544 0.6134570 0.4802319 0.4222763 0.4664993 0.4505320 0.4377952 0.4735685 0.4554929 0.5078355 0.4454519 0.0000000 0.2871244 
yHMPu5000035629_Yueomyces_sinensis 0.4211296 0.4239366 0.3809695 0.5947161 0.4189527 0.3356103 0.4000871 0.3988351 0.3941889 0.4232754 0.4022591 0.4587720 0.4014534 0.2871244 0.0000000 
