15
Candida_glabrata                   0.0000000 1.2343153 0.4769242 1.3883593 0.5080551 0.5012446 1.0914628 1.1143669 1.1449477 1.1837202 1.0852813 1.1121664 1.1421461 1.2750845 1.5406590 
Nakaseomyces_bacillisporus         1.2343153 0.0000000 1.2449785 1.1324911 1.2318634 1.2346883 1.2557082 1.3152096 1.2523430 1.3143055 1.3140085 1.2954543 1.2233112 1.4949311 1.6423331 
Nakaseomyces_bracarensis           0.4769242 1.2449785 0.0000000 1.4628828 0.3735955 0.3347112 1.1207943 1.1452104 1.1088064 1.1840327 1.0660658 1.1271122 1.1022773 1.3606032 1.5545920 
Nakaseomyces_castellii             1.3883593 1.1324911 1.4628828 0.0000000 1.4175390 1.3770425 1.4069718 1.3908355 1.4715726 1.4481072 1.4006153 1.3783970 1.4488153 1.7336919 2.0526354 
Nakaseomyces_delphensis            0.5080551 1.2318634 0.3735955 1.4175390 0.0000000 0.2991137 1.1040491 1.1064701 1.1383120 1.1386361 1.0538523 1.1375932 1.1027701 1.1988913 1.4735985 
Nakaseomyces_nivariensis           0.5012446 1.2346883 0.3347112 1.3770425 0.2991137 0.0000000 1.0846862 1.0965017 1.0978183 1.1679209 1.0497367 1.0568328 1.0915341 1.2465055 1.4537376 
Saccharomyces_arboricola           1.0914628 1.2557082 1.1207943 1.4069718 1.1040491 1.0846862 0.0000000 0.2128193 0.2067567 0.1890319 0.2011984 0.1973936 0.1969783 1.1873766 1.4380881 
Saccharomyces_cerevisiae           1.1143669 1.3152096 1.1452104 1.3908355 1.1064701 1.0965017 0.2128193 0.0000000 0.2354200 0.2112415 0.1515610 0.0798218 0.2324928 1.1947218 1.4443611 
Saccharomyces_eubayanus            1.1449477 1.2523430 1.1088064 1.4715726 1.1383120 1.0978183 0.2067567 0.2354200 0.0000000 0.2308585 0.2097263 0.2268639 0.0555816 1.2308368 1.5070123 
Saccharomyces_kudriavzevii         1.1837202 1.3143055 1.1840327 1.4481072 1.1386361 1.1679209 0.1890319 0.2112415 0.2308585 0.0000000 0.1940569 0.1996333 0.2176888 1.2264027 1.4475696 
Saccharomyces_mikatae              1.0852813 1.3140085 1.0660658 1.4006153 1.0538523 1.0497367 0.2011984 0.1515610 0.2097263 0.1940569 0.0000000 0.1449368 0.2117357 1.1794593 1.3957736 
Saccharomyces_paradoxus            1.1121664 1.2954543 1.1271122 1.3783970 1.1375932 1.0568328 0.1973936 0.0798218 0.2268639 0.1996333 0.1449368 0.0000000 0.2199202 1.1686141 1.4032672 
Saccharomyces_uvarum               1.1421461 1.2233112 1.1022773 1.4488153 1.1027701 1.0915341 0.1969783 0.2324928 0.0555816 0.2176888 0.2117357 0.2199202 0.0000000 1.1659810 1.4498256 
Tetrapisispora_blattae             1.2750845 1.4949311 1.3606032 1.7336919 1.1988913 1.2465055 1.1873766 1.1947218 1.2308368 1.2264027 1.1794593 1.1686141 1.1659810 0.0000000 0.7509638 
yHMPu5000035629_Yueomyces_sinensis 1.5406590 1.6423331 1.5545920 2.0526354 1.4735985 1.4537376 1.4380881 1.4443611 1.5070123 1.4475696 1.3957736 1.4032672 1.4498256 0.7509638 0.0000000 
