15
Candida_glabrata                   0.0000000 0.8078745 0.4421213 1.1895641 0.5060220 0.4375330 1.0790501 1.0810618 1.0758341 1.0846622 1.0651938 1.0696992 1.1075873 1.8596005 2.1876502 
Nakaseomyces_bacillisporus         0.8078745 0.0000000 0.8335372 1.1451128 0.8682718 0.7999144 0.9466366 0.9512272 0.8851438 0.8948076 0.9560482 0.9595253 0.9432746 1.8349185 2.1951367 
Nakaseomyces_bracarensis           0.4421213 0.8335372 0.0000000 1.2142948 0.4255720 0.3264255 1.0050978 1.0316395 1.0285414 1.0875881 1.0601299 0.9915385 0.9962244 1.9190074 2.2653268 
Nakaseomyces_castellii             1.1895641 1.1451128 1.2142948 0.0000000 1.3059586 1.1798894 1.4374122 1.3565123 1.3561124 1.4373619 1.4434061 1.3718410 1.3494372 1.7366408 2.4059287 
Nakaseomyces_delphensis            0.5060220 0.8682718 0.4255720 1.3059586 0.0000000 0.3181350 1.1578133 1.1770902 1.1361840 1.1723804 1.1705356 1.1553528 1.1650231 1.8421712 2.1766714 
Nakaseomyces_nivariensis           0.4375330 0.7999144 0.3264255 1.1798894 0.3181350 0.0000000 1.0284524 1.0603994 1.0083221 1.0935879 1.0791864 1.0217667 1.0214202 1.8270253 2.1286012 
Saccharomyces_arboricola           1.0790501 0.9466366 1.0050978 1.4374122 1.1578133 1.0284524 0.0000000 0.1679035 0.1250591 0.1338923 0.1651132 0.1738456 0.1449377 1.6807278 2.4933485 
Saccharomyces_cerevisiae           1.0810618 0.9512272 1.0316395 1.3565123 1.1770902 1.0603994 0.1679035 0.0000000 0.1967186 0.1734588 0.1314467 0.0854043 0.2118193 1.6312817 2.3882696 
Saccharomyces_eubayanus            1.0758341 0.8851438 1.0285414 1.3561124 1.1361840 1.0083221 0.1250591 0.1967186 0.0000000 0.1699142 0.2046008 0.2030130 0.0684357 1.7671254 2.4897089 
Saccharomyces_kudriavzevii         1.0846622 0.8948076 1.0875881 1.4373619 1.1723804 1.0935879 0.1338923 0.1734588 0.1699142 0.0000000 0.1226219 0.1814056 0.1903353 1.8008351 2.4574259 
Saccharomyces_mikatae              1.0651938 0.9560482 1.0601299 1.4434061 1.1705356 1.0791864 0.1651132 0.1314467 0.2046008 0.1226219 0.0000000 0.1257695 0.2185687 1.6702901 2.4135511 
Saccharomyces_paradoxus            1.0696992 0.9595253 0.9915385 1.3718410 1.1553528 1.0217667 0.1738456 0.0854043 0.2030130 0.1814056 0.1257695 0.0000000 0.2165436 1.6525897 2.3686269 
Saccharomyces_uvarum               1.1075873 0.9432746 0.9962244 1.3494372 1.1650231 1.0214202 0.1449377 0.2118193 0.0684357 0.1903353 0.2185687 0.2165436 0.0000000 1.7210601 2.5471771 
Tetrapisispora_blattae             1.8596005 1.8349185 1.9190074 1.7366408 1.8421712 1.8270253 1.6807278 1.6312817 1.7671254 1.8008351 1.6702901 1.6525897 1.7210601 0.0000000 1.9113773 
yHMPu5000035629_Yueomyces_sinensis 2.1876502 2.1951367 2.2653268 2.4059287 2.1766714 2.1286012 2.4933485 2.3882696 2.4897089 2.4574259 2.4135511 2.3686269 2.5471771 1.9113773 0.0000000 
