15
Candida_glabrata                   0.0000000 0.8213066 0.3634643 1.0220458 0.4193272 0.3801642 0.7765156 0.7301226 0.7115998 0.6949251 0.7729268 0.7414039 0.6692709 1.2507897 1.2633834 
Nakaseomyces_bacillisporus         0.8213066 0.0000000 0.8540559 0.8415072 0.8777275 0.8624894 0.9364208 0.8721747 0.8347133 0.8720010 0.8828817 0.8808601 0.8538231 1.2444066 1.2323853 
Nakaseomyces_bracarensis           0.3634643 0.8540559 0.0000000 1.0623917 0.3044646 0.2296509 0.7845721 0.7405642 0.7202448 0.7305249 0.7828607 0.7347493 0.7111322 1.2849937 1.2842471 
Nakaseomyces_castellii             1.0220458 0.8415072 1.0623917 0.0000000 1.0773632 1.0460312 1.0587227 1.0352948 1.0319004 1.0589250 1.0274861 0.9997135 1.0356641 1.5140714 1.4262251 
Nakaseomyces_delphensis            0.4193272 0.8777275 0.3044646 1.0773632 0.0000000 0.2474959 0.8816637 0.8649244 0.7930582 0.8396769 0.8950117 0.8530135 0.8091284 1.3621799 1.3581694 
Nakaseomyces_nivariensis           0.3801642 0.8624894 0.2296509 1.0460312 0.2474959 0.0000000 0.7907681 0.7777449 0.6868592 0.7794451 0.7948111 0.7515502 0.6801147 1.2732756 1.2095330 
Saccharomyces_arboricola           0.7765156 0.9364208 0.7845721 1.0587227 0.8816637 0.7907681 0.0000000 0.2655380 0.2263332 0.2153958 0.2478305 0.2453297 0.2302299 1.2373342 1.2074615 
Saccharomyces_cerevisiae           0.7301226 0.8721747 0.7405642 1.0352948 0.8649244 0.7777449 0.2655380 0.0000000 0.2504504 0.1993243 0.1622581 0.1030551 0.2500526 1.0659325 1.0931871 
Saccharomyces_eubayanus            0.7115998 0.8347133 0.7202448 1.0319004 0.7930582 0.6868592 0.2263332 0.2504504 0.0000000 0.2199003 0.2358168 0.2252430 0.0827008 1.1231724 1.1220087 
Saccharomyces_kudriavzevii         0.6949251 0.8720010 0.7305249 1.0589250 0.8396769 0.7794451 0.2153958 0.1993243 0.2199003 0.0000000 0.2282586 0.2017606 0.2072411 1.1327349 1.2002867 
Saccharomyces_mikatae              0.7729268 0.8828817 0.7828607 1.0274861 0.8950117 0.7948111 0.2478305 0.1622581 0.2358168 0.2282586 0.0000000 0.1540306 0.2297072 1.0704678 1.1117685 
Saccharomyces_paradoxus            0.7414039 0.8808601 0.7347493 0.9997135 0.8530135 0.7515502 0.2453297 0.1030551 0.2252430 0.2017606 0.1540306 0.0000000 0.2193845 1.1011518 1.0840909 
Saccharomyces_uvarum               0.6692709 0.8538231 0.7111322 1.0356641 0.8091284 0.6801147 0.2302299 0.2500526 0.0827008 0.2072411 0.2297072 0.2193845 0.0000000 1.1039549 1.1104291 
Tetrapisispora_blattae             1.2507897 1.2444066 1.2849937 1.5140714 1.3621799 1.2732756 1.2373342 1.0659325 1.1231724 1.1327349 1.0704678 1.1011518 1.1039549 0.0000000 0.6722050 
yHMPu5000035629_Yueomyces_sinensis 1.2633834 1.2323853 1.2842471 1.4262251 1.3581694 1.2095330 1.2074615 1.0931871 1.1220087 1.2002867 1.1117685 1.0840909 1.1104291 0.6722050 0.0000000 
