15
Candida_glabrata                   0.0000000 1.0658768 0.6011038 0.9952367 0.5975544 0.5467542 0.8889475 0.8672645 0.8698401 0.9552207 0.8837136 0.8424018 0.8568364 0.9693118 0.9978891 
Nakaseomyces_bacillisporus         1.0658768 0.0000000 1.0635854 0.9170698 1.0543573 0.9768362 0.9537719 0.9563235 0.9609450 1.0178974 0.9415344 0.9396588 0.9605082 0.9205561 0.9642474 
Nakaseomyces_bracarensis           0.6011038 1.0635854 0.0000000 0.9333193 0.4699657 0.3795474 0.8966716 0.8827423 0.8567118 0.9649118 0.9301306 0.8961328 0.8724384 1.0110662 1.0304521 
Nakaseomyces_castellii             0.9952367 0.9170698 0.9333193 0.0000000 0.9700144 0.9526885 1.0296214 1.0166436 1.0116365 1.0794483 1.0204988 1.0321943 0.9677965 1.1578997 1.1873094 
Nakaseomyces_delphensis            0.5975544 1.0543573 0.4699657 0.9700144 0.0000000 0.3699044 0.9350523 0.8872630 0.8998443 1.0031567 0.9323672 0.8817381 0.8930555 0.9933230 0.9775093 
Nakaseomyces_nivariensis           0.5467542 0.9768362 0.3795474 0.9526885 0.3699044 0.0000000 0.8230104 0.8200087 0.8263086 0.8788124 0.8409768 0.7987487 0.8204020 1.0053339 0.9395420 
Saccharomyces_arboricola           0.8889475 0.9537719 0.8966716 1.0296214 0.9350523 0.8230104 0.0000000 0.2353854 0.2181122 0.2499371 0.2380337 0.2515600 0.2160684 0.9957563 0.9827929 
Saccharomyces_cerevisiae           0.8672645 0.9563235 0.8827423 1.0166436 0.8872630 0.8200087 0.2353854 0.0000000 0.2318836 0.2436470 0.1733396 0.1013984 0.2341802 0.9245194 0.9743469 
Saccharomyces_eubayanus            0.8698401 0.9609450 0.8567118 1.0116365 0.8998443 0.8263086 0.2181122 0.2318836 0.0000000 0.2494457 0.2386213 0.2387949 0.0629425 0.9571685 1.0137525 
Saccharomyces_kudriavzevii         0.9552207 1.0178974 0.9649118 1.0794483 1.0031567 0.8788124 0.2499371 0.2436470 0.2494457 0.0000000 0.2470899 0.2522451 0.2375254 0.9996846 1.0241454 
Saccharomyces_mikatae              0.8837136 0.9415344 0.9301306 1.0204988 0.9323672 0.8409768 0.2380337 0.1733396 0.2386213 0.2470899 0.0000000 0.1615148 0.2252594 0.9882934 0.9742115 
Saccharomyces_paradoxus            0.8424018 0.9396588 0.8961328 1.0321943 0.8817381 0.7987487 0.2515600 0.1013984 0.2387949 0.2522451 0.1615148 0.0000000 0.2320128 0.9542520 0.9791427 
Saccharomyces_uvarum               0.8568364 0.9605082 0.8724384 0.9677965 0.8930555 0.8204020 0.2160684 0.2341802 0.0629425 0.2375254 0.2252594 0.2320128 0.0000000 0.9660824 1.0135735 
Tetrapisispora_blattae             0.9693118 0.9205561 1.0110662 1.1578997 0.9933230 1.0053339 0.9957563 0.9245194 0.9571685 0.9996846 0.9882934 0.9542520 0.9660824 0.0000000 0.7147766 
yHMPu5000035629_Yueomyces_sinensis 0.9978891 0.9642474 1.0304521 1.1873094 0.9775093 0.9395420 0.9827929 0.9743469 1.0137525 1.0241454 0.9742115 0.9791427 1.0135735 0.7147766 0.0000000 
