15
Candida_glabrata                   0.0000000 0.7419568 0.4410712 1.4920140 0.4836113 0.4529276 0.7822375 0.8900412 0.7840099 0.8298892 0.8475275 0.8424029 0.8204976 1.1086245 1.6180757 
Nakaseomyces_bacillisporus         0.7419568 0.0000000 0.7874685 1.3206997 0.8880067 0.8898109 0.7022276 0.8912952 0.7426706 0.7488259 0.8068444 0.7794615 0.7193589 1.0625946 1.4609364 
Nakaseomyces_bracarensis           0.4410712 0.7874685 0.0000000 1.5034760 0.2917483 0.3445384 0.9147193 0.9059080 0.9313787 0.9323423 0.8972148 0.8688541 0.9655096 1.2457250 1.7308578 
Nakaseomyces_castellii             1.4920140 1.3206997 1.5034760 0.0000000 1.6475870 1.4646806 1.5416926 1.6171178 1.5371547 1.5348012 1.5086628 1.6046947 1.4954061 2.0390099 2.5504504 
Nakaseomyces_delphensis            0.4836113 0.8880067 0.2917483 1.6475870 0.0000000 0.3269274 0.8976186 1.0177147 0.9930778 1.0042396 0.9012512 0.9757518 0.9333350 1.3248766 1.7095417 
Nakaseomyces_nivariensis           0.4529276 0.8898109 0.3445384 1.4646806 0.3269274 0.0000000 0.8979180 0.9501030 0.9056052 0.9986302 0.9378887 0.9000765 0.9363903 1.3189006 1.6628897 
Saccharomyces_arboricola           0.7822375 0.7022276 0.9147193 1.5416926 0.8976186 0.8979180 0.0000000 0.3491024 0.2659240 0.2125542 0.2916351 0.2883293 0.2763014 1.0722284 1.2657784 
Saccharomyces_cerevisiae           0.8900412 0.8912952 0.9059080 1.6171178 1.0177147 0.9501030 0.3491024 0.0000000 0.3398378 0.2705515 0.2489862 0.1231201 0.3290076 1.0934371 1.3729406 
Saccharomyces_eubayanus            0.7840099 0.7426706 0.9313787 1.5371547 0.9930778 0.9056052 0.2659240 0.3398378 0.0000000 0.2485436 0.2699469 0.2931054 0.0750008 1.1168563 1.3661037 
Saccharomyces_kudriavzevii         0.8298892 0.7488259 0.9323423 1.5348012 1.0042396 0.9986302 0.2125542 0.2705515 0.2485436 0.0000000 0.2369010 0.2482036 0.2240889 1.0623152 1.4345059 
Saccharomyces_mikatae              0.8475275 0.8068444 0.8972148 1.5086628 0.9012512 0.9378887 0.2916351 0.2489862 0.2699469 0.2369010 0.0000000 0.2212926 0.2794332 1.1317349 1.3942316 
Saccharomyces_paradoxus            0.8424029 0.7794615 0.8688541 1.6046947 0.9757518 0.9000765 0.2883293 0.1231201 0.2931054 0.2482036 0.2212926 0.0000000 0.2703375 1.0241240 1.3396145 
Saccharomyces_uvarum               0.8204976 0.7193589 0.9655096 1.4954061 0.9333350 0.9363903 0.2763014 0.3290076 0.0750008 0.2240889 0.2794332 0.2703375 0.0000000 1.1288219 1.3889739 
Tetrapisispora_blattae             1.1086245 1.0625946 1.2457250 2.0390099 1.3248766 1.3189006 1.0722284 1.0934371 1.1168563 1.0623152 1.1317349 1.0241240 1.1288219 0.0000000 0.8882627 
yHMPu5000035629_Yueomyces_sinensis 1.6180757 1.4609364 1.7308578 2.5504504 1.7095417 1.6628897 1.2657784 1.3729406 1.3661037 1.4345059 1.3942316 1.3396145 1.3889739 0.8882627 0.0000000 
