15
Candida_glabrata                   0.0000000 0.5355277 0.2386748 0.6393936 0.2712179 0.1859475 0.3914971 0.4064884 0.3896829 0.4098334 0.4419284 0.4295206 0.4003082 0.6181013 0.7243977 
Nakaseomyces_bacillisporus         0.5355277 0.0000000 0.5579109 0.7703656 0.5969060 0.5778711 0.5589274 0.5206955 0.5593388 0.5464551 0.5990665 0.5692740 0.5414080 0.7773611 0.8219760 
Nakaseomyces_bracarensis           0.2386748 0.5579109 0.0000000 0.6768845 0.2576483 0.1858479 0.4640098 0.4699876 0.4801490 0.4793247 0.5001877 0.4856990 0.4793834 0.6621737 0.7257413 
Nakaseomyces_castellii             0.6393936 0.7703656 0.6768845 0.0000000 0.7287110 0.7067139 0.7044174 0.7388406 0.6895760 0.6905989 0.7526328 0.7502783 0.6764872 0.9618143 0.8208458 
Nakaseomyces_delphensis            0.2712179 0.5969060 0.2576483 0.7287110 0.0000000 0.1647871 0.4550171 0.4862077 0.4668115 0.5007690 0.5302529 0.5083147 0.4492604 0.7617011 0.8356561 
Nakaseomyces_nivariensis           0.1859475 0.5778711 0.1858479 0.7067139 0.1647871 0.0000000 0.4551430 0.4754750 0.4409367 0.4777123 0.4975370 0.4831899 0.4367514 0.6805548 0.7846916 
Saccharomyces_arboricola           0.3914971 0.5589274 0.4640098 0.7044174 0.4550171 0.4551430 0.0000000 0.1501823 0.1549380 0.1564840 0.1702687 0.1696918 0.1522817 0.6433132 0.6768252 
Saccharomyces_cerevisiae           0.4064884 0.5206955 0.4699876 0.7388406 0.4862077 0.4754750 0.1501823 0.0000000 0.1996981 0.1773119 0.1337105 0.0901099 0.1924754 0.6479286 0.6944460 
Saccharomyces_eubayanus            0.3896829 0.5593388 0.4801490 0.6895760 0.4668115 0.4409367 0.1549380 0.1996981 0.0000000 0.1662782 0.1966907 0.1873175 0.0519442 0.5752507 0.6397446 
Saccharomyces_kudriavzevii         0.4098334 0.5464551 0.4793247 0.6905989 0.5007690 0.4777123 0.1564840 0.1773119 0.1662782 0.0000000 0.1779269 0.1694718 0.1749675 0.6448391 0.6954325 
Saccharomyces_mikatae              0.4419284 0.5990665 0.5001877 0.7526328 0.5302529 0.4975370 0.1702687 0.1337105 0.1966907 0.1779269 0.0000000 0.1235862 0.1975402 0.6666243 0.6950317 
Saccharomyces_paradoxus            0.4295206 0.5692740 0.4856990 0.7502783 0.5083147 0.4831899 0.1696918 0.0901099 0.1873175 0.1694718 0.1235862 0.0000000 0.1870094 0.6569219 0.7353175 
Saccharomyces_uvarum               0.4003082 0.5414080 0.4793834 0.6764872 0.4492604 0.4367514 0.1522817 0.1924754 0.0519442 0.1749675 0.1975402 0.1870094 0.0000000 0.6040448 0.6508999 
Tetrapisispora_blattae             0.6181013 0.7773611 0.6621737 0.9618143 0.7617011 0.6805548 0.6433132 0.6479286 0.5752507 0.6448391 0.6666243 0.6569219 0.6040448 0.0000000 0.3544327 
yHMPu5000035629_Yueomyces_sinensis 0.7243977 0.8219760 0.7257413 0.8208458 0.8356561 0.7846916 0.6768252 0.6944460 0.6397446 0.6954325 0.6950317 0.7353175 0.6508999 0.3544327 0.0000000 
