15
Candida_glabrata                   0.0000000 1.6006974 0.7375662 1.4293854 0.8030598 0.7393751 1.1577895 1.1854641 1.1741868 1.1222984 1.2037395 1.1817371 1.1493991 1.4494968 1.6337307 
Nakaseomyces_bacillisporus         1.6006974 0.0000000 1.5052359 1.5309634 1.5648930 1.5524520 1.5338906 1.4666351 1.5134879 1.5061875 1.4032935 1.4433858 1.5007747 1.8129451 2.0816563 
Nakaseomyces_bracarensis           0.7375662 1.5052359 0.0000000 1.4775604 0.5541365 0.5116987 1.2473887 1.2132614 1.2488075 1.1648554 1.1835238 1.1708557 1.2227688 1.4111896 1.6763609 
Nakaseomyces_castellii             1.4293854 1.5309634 1.4775604 0.0000000 1.6256626 1.4276098 1.7254796 1.6400686 1.6595336 1.6522725 1.7024703 1.6598306 1.6870403 1.9752511 2.1611562 
Nakaseomyces_delphensis            0.8030598 1.5648930 0.5541365 1.6256626 0.0000000 0.4210146 1.1796613 1.1502234 1.1081131 1.1510347 1.0564991 1.0660980 1.1047368 1.4965378 1.7866577 
Nakaseomyces_nivariensis           0.7393751 1.5524520 0.5116987 1.4276098 0.4210146 0.0000000 1.1780440 1.1372271 1.0789237 1.2010085 1.1248599 1.1514804 1.0990341 1.5956354 1.8035244 
Saccharomyces_arboricola           1.1577895 1.5338906 1.2473887 1.7254796 1.1796613 1.1780440 0.0000000 0.2599600 0.2462840 0.2193442 0.2474396 0.2430601 0.2421002 1.4389827 1.5979495 
Saccharomyces_cerevisiae           1.1854641 1.4666351 1.2132614 1.6400686 1.1502234 1.1372271 0.2599600 0.0000000 0.2691692 0.2089391 0.1720791 0.1059290 0.2408535 1.4181698 1.6986039 
Saccharomyces_eubayanus            1.1741868 1.5134879 1.2488075 1.6595336 1.1081131 1.0789237 0.2462840 0.2691692 0.0000000 0.2365038 0.2823172 0.2624262 0.0627092 1.3882683 1.6108588 
Saccharomyces_kudriavzevii         1.1222984 1.5061875 1.1648554 1.6522725 1.1510347 1.2010085 0.2193442 0.2089391 0.2365038 0.0000000 0.2307329 0.2105588 0.2644108 1.3808661 1.5955126 
Saccharomyces_mikatae              1.2037395 1.4032935 1.1835238 1.7024703 1.0564991 1.1248599 0.2474396 0.1720791 0.2823172 0.2307329 0.0000000 0.1640371 0.2809099 1.3972803 1.6512246 
Saccharomyces_paradoxus            1.1817371 1.4433858 1.1708557 1.6598306 1.0660980 1.1514804 0.2430601 0.1059290 0.2624262 0.2105588 0.1640371 0.0000000 0.2479300 1.4256871 1.7024075 
Saccharomyces_uvarum               1.1493991 1.5007747 1.2227688 1.6870403 1.1047368 1.0990341 0.2421002 0.2408535 0.0627092 0.2644108 0.2809099 0.2479300 0.0000000 1.3676773 1.5559206 
Tetrapisispora_blattae             1.4494968 1.8129451 1.4111896 1.9752511 1.4965378 1.5956354 1.4389827 1.4181698 1.3882683 1.3808661 1.3972803 1.4256871 1.3676773 0.0000000 0.9566998 
yHMPu5000035629_Yueomyces_sinensis 1.6337307 2.0816563 1.6763609 2.1611562 1.7866577 1.8035244 1.5979495 1.6986039 1.6108588 1.5955126 1.6512246 1.7024075 1.5559206 0.9566998 0.0000000 
