15
Candida_glabrata                   0.0000000 0.4445569 0.0911127 0.8299840 0.1210543 0.1068147 0.3168096 0.3257084 0.3111248 0.3381392 0.3243255 0.3406243 0.3031785 0.4598634 0.5016095 
Nakaseomyces_bacillisporus         0.4445569 0.0000000 0.3922591 0.7090351 0.4000015 0.3869282 0.2390042 0.2475813 0.2413848 0.2431075 0.2524684 0.2468875 0.2399105 0.3372090 0.3806650 
Nakaseomyces_bracarensis           0.0911127 0.3922591 0.0000000 0.7874629 0.0579883 0.0307101 0.2799394 0.3082146 0.2793828 0.3056208 0.2898337 0.3079967 0.2716687 0.4167117 0.4729023 
Nakaseomyces_castellii             0.8299840 0.7090351 0.7874629 0.0000000 0.8256036 0.8122720 0.6396127 0.6353367 0.5791707 0.6252500 0.6322501 0.6240146 0.5891668 0.7718587 0.8262204 
Nakaseomyces_delphensis            0.1210543 0.4000015 0.0579883 0.8256036 0.0000000 0.0488220 0.3001141 0.3088089 0.2909544 0.3208756 0.2989608 0.3134818 0.2930214 0.4585872 0.4881165 
Nakaseomyces_nivariensis           0.1068147 0.3869282 0.0307101 0.8122720 0.0488220 0.0000000 0.2606524 0.2885055 0.2709279 0.2811621 0.2734835 0.2882774 0.2633416 0.4222197 0.4509872 
Saccharomyces_arboricola           0.3168096 0.2390042 0.2799394 0.6396127 0.3001141 0.2606524 0.0000000 0.0408633 0.0412825 0.0367749 0.0479324 0.0529585 0.0400432 0.3014213 0.3204234 
Saccharomyces_cerevisiae           0.3257084 0.2475813 0.3082146 0.6353367 0.3088089 0.2885055 0.0408633 0.0000000 0.0385320 0.0472268 0.0397652 0.0315751 0.0345619 0.3281881 0.3431177 
Saccharomyces_eubayanus            0.3111248 0.2413848 0.2793828 0.5791707 0.2909544 0.2709279 0.0412825 0.0385320 0.0000000 0.0477190 0.0455786 0.0424843 0.0121881 0.3188449 0.3300060 
Saccharomyces_kudriavzevii         0.3381392 0.2431075 0.3056208 0.6252500 0.3208756 0.2811621 0.0367749 0.0472268 0.0477190 0.0000000 0.0532727 0.0567031 0.0464769 0.3292878 0.3367081 
Saccharomyces_mikatae              0.3243255 0.2524684 0.2898337 0.6322501 0.2989608 0.2734835 0.0479324 0.0397652 0.0455786 0.0532727 0.0000000 0.0491327 0.0414623 0.3463498 0.3601663 
Saccharomyces_paradoxus            0.3406243 0.2468875 0.3079967 0.6240146 0.3134818 0.2882774 0.0529585 0.0315751 0.0424843 0.0567031 0.0491327 0.0000000 0.0437697 0.3391663 0.3553898 
Saccharomyces_uvarum               0.3031785 0.2399105 0.2716687 0.5891668 0.2930214 0.2633416 0.0400432 0.0345619 0.0121881 0.0464769 0.0414623 0.0437697 0.0000000 0.3221900 0.3283732 
Tetrapisispora_blattae             0.4598634 0.3372090 0.4167117 0.7718587 0.4585872 0.4222197 0.3014213 0.3281881 0.3188449 0.3292878 0.3463498 0.3391663 0.3221900 0.0000000 0.1427269 
yHMPu5000035629_Yueomyces_sinensis 0.5016095 0.3806650 0.4729023 0.8262204 0.4881165 0.4509872 0.3204234 0.3431177 0.3300060 0.3367081 0.3601663 0.3553898 0.3283732 0.1427269 0.0000000 
