15
Candida_glabrata                   0.0000000 0.5645905 0.3597395 0.7314430 0.3980842 0.4074816 0.7757135 0.8449279 0.7690612 0.7915409 0.8243752 0.8426446 0.7639597 0.7972001 0.7557416 
Nakaseomyces_bacillisporus         0.5645905 0.0000000 0.6820766 0.7119210 0.6838106 0.7177929 0.7169037 0.7907251 0.7590996 0.7814354 0.7290118 0.7801738 0.7345396 0.7442322 0.7938308 
Nakaseomyces_bracarensis           0.3597395 0.6820766 0.0000000 0.7808974 0.2731625 0.2708698 0.8968218 0.9250784 0.8824880 0.8701979 0.9420071 0.9311154 0.8862668 0.8994492 0.9402551 
Nakaseomyces_castellii             0.7314430 0.7119210 0.7808974 0.0000000 0.9003507 0.8139392 0.9952912 1.0652989 1.0039502 1.0108096 0.9579301 1.0105367 0.9981561 1.1620736 1.1560625 
Nakaseomyces_delphensis            0.3980842 0.6838106 0.2731625 0.9003507 0.0000000 0.2780288 0.9804919 1.0248330 0.9606746 1.0228957 1.0361851 1.0375035 0.9699966 0.9644212 0.9922729 
Nakaseomyces_nivariensis           0.4074816 0.7177929 0.2708698 0.8139392 0.2780288 0.0000000 0.8938659 0.8975497 0.8477033 0.8806853 0.8950755 0.8995448 0.8758324 0.9311366 0.9184567 
Saccharomyces_arboricola           0.7757135 0.7169037 0.8968218 0.9952912 0.9804919 0.8938659 0.0000000 0.2292865 0.2214966 0.1932372 0.1742909 0.1998636 0.2125687 0.8816543 0.8911678 
Saccharomyces_cerevisiae           0.8449279 0.7907251 0.9250784 1.0652989 1.0248330 0.8975497 0.2292865 0.0000000 0.2399331 0.2144263 0.1698139 0.1063547 0.2229082 0.9289980 1.0111277 
Saccharomyces_eubayanus            0.7690612 0.7590996 0.8824880 1.0039502 0.9606746 0.8477033 0.2214966 0.2399331 0.0000000 0.1895535 0.2440293 0.2154226 0.0463847 0.8382316 0.8984614 
Saccharomyces_kudriavzevii         0.7915409 0.7814354 0.8701979 1.0108096 1.0228957 0.8806853 0.1932372 0.2144263 0.1895535 0.0000000 0.1848378 0.1831973 0.1792098 0.8890253 0.9049186 
Saccharomyces_mikatae              0.8243752 0.7290118 0.9420071 0.9579301 1.0361851 0.8950755 0.1742909 0.1698139 0.2440293 0.1848378 0.0000000 0.1601843 0.2184996 0.8865324 0.9304050 
Saccharomyces_paradoxus            0.8426446 0.7801738 0.9311154 1.0105367 1.0375035 0.8995448 0.1998636 0.1063547 0.2154226 0.1831973 0.1601843 0.0000000 0.2062680 0.8905544 0.9693243 
Saccharomyces_uvarum               0.7639597 0.7345396 0.8862668 0.9981561 0.9699966 0.8758324 0.2125687 0.2229082 0.0463847 0.1792098 0.2184996 0.2062680 0.0000000 0.8059794 0.9212085 
Tetrapisispora_blattae             0.7972001 0.7442322 0.8994492 1.1620736 0.9644212 0.9311366 0.8816543 0.9289980 0.8382316 0.8890253 0.8865324 0.8905544 0.8059794 0.0000000 0.5021489 
yHMPu5000035629_Yueomyces_sinensis 0.7557416 0.7938308 0.9402551 1.1560625 0.9922729 0.9184567 0.8911678 1.0111277 0.8984614 0.9049186 0.9304050 0.9693243 0.9212085 0.5021489 0.0000000 
