15
Candida_glabrata                   0.0000000 1.7551782 0.9125372 1.9964804 1.0008314 0.8794035 1.7201219 1.8587666 1.7685366 1.8109073 1.9151202 1.8711467 1.7464347 1.7540442 1.7121847 
Nakaseomyces_bacillisporus         1.7551782 0.0000000 1.5105127 1.6709412 1.5622782 1.5061522 1.4231003 1.4608088 1.4923298 1.5009759 1.4965867 1.4594064 1.4612120 1.4455076 1.4598712 
Nakaseomyces_bracarensis           0.9125372 1.5105127 0.0000000 1.9675070 0.4757680 0.4206373 1.6398139 1.6632640 1.6201801 1.6101897 1.6872713 1.6286079 1.6235954 1.6226812 1.6242180 
Nakaseomyces_castellii             1.9964804 1.6709412 1.9675070 0.0000000 1.9111039 1.8858539 1.8754785 1.9265700 1.9299543 1.9165317 1.9091426 1.9711127 1.8955097 1.8253861 1.9900286 
Nakaseomyces_delphensis            1.0008314 1.5622782 0.4757680 1.9111039 0.0000000 0.3740739 1.6001813 1.6786957 1.6748773 1.6418867 1.7265513 1.6276333 1.6268131 1.5627384 1.6004052 
Nakaseomyces_nivariensis           0.8794035 1.5061522 0.4206373 1.8858539 0.3740739 0.0000000 1.6343367 1.6896915 1.6690169 1.6550788 1.7654338 1.6380825 1.6365995 1.5384827 1.6019228 
Saccharomyces_arboricola           1.7201219 1.4231003 1.6398139 1.8754785 1.6001813 1.6343367 0.0000000 0.3331191 0.2675980 0.2484398 0.3189420 0.3224783 0.2697050 1.2539169 1.3111042 
Saccharomyces_cerevisiae           1.8587666 1.4608088 1.6632640 1.9265700 1.6786957 1.6896915 0.3331191 0.0000000 0.3435345 0.3216208 0.2614110 0.1319338 0.3481149 1.3117857 1.3991471 
Saccharomyces_eubayanus            1.7685366 1.4923298 1.6201801 1.9299543 1.6748773 1.6690169 0.2675980 0.3435345 0.0000000 0.2790749 0.3191918 0.3207473 0.0749685 1.2929095 1.4051804 
Saccharomyces_kudriavzevii         1.8109073 1.5009759 1.6101897 1.9165317 1.6418867 1.6550788 0.2484398 0.3216208 0.2790749 0.0000000 0.3111444 0.2974597 0.2760404 1.2849457 1.3843585 
Saccharomyces_mikatae              1.9151202 1.4965867 1.6872713 1.9091426 1.7265513 1.7654338 0.3189420 0.2614110 0.3191918 0.3111444 0.0000000 0.2326606 0.3309800 1.3484357 1.4248327 
Saccharomyces_paradoxus            1.8711467 1.4594064 1.6286079 1.9711127 1.6276333 1.6380825 0.3224783 0.1319338 0.3207473 0.2974597 0.2326606 0.0000000 0.3293218 1.3277840 1.4016714 
Saccharomyces_uvarum               1.7464347 1.4612120 1.6235954 1.8955097 1.6268131 1.6365995 0.2697050 0.3481149 0.0749685 0.2760404 0.3309800 0.3293218 0.0000000 1.2732206 1.3978173 
Tetrapisispora_blattae             1.7540442 1.4455076 1.6226812 1.8253861 1.5627384 1.5384827 1.2539169 1.3117857 1.2929095 1.2849457 1.3484357 1.3277840 1.2732206 0.0000000 0.7828838 
yHMPu5000035629_Yueomyces_sinensis 1.7121847 1.4598712 1.6242180 1.9900286 1.6004052 1.6019228 1.3111042 1.3991471 1.4051804 1.3843585 1.4248327 1.4016714 1.3978173 0.7828838 0.0000000 
