15
Candida_glabrata                   0.0000000 0.9318089 0.5174739 1.2205692 0.5475325 0.4756269 0.8763089 0.8701806 0.8623930 0.9154331 0.9329655 0.8968601 0.8794272 1.0142564 1.2441693 
Nakaseomyces_bacillisporus         0.9318089 0.0000000 0.8376873 1.1329375 0.9127892 0.8785337 1.1100568 1.0880312 1.0524508 1.0883533 1.0718077 1.0903430 1.0933837 1.0933847 1.2760610 
Nakaseomyces_bracarensis           0.5174739 0.8376873 0.0000000 1.2742850 0.4569495 0.3560869 0.9447450 0.9224145 0.9180365 0.9557438 0.9572043 0.9316902 0.9435949 1.0436716 1.1830097 
Nakaseomyces_castellii             1.2205692 1.1329375 1.2742850 0.0000000 1.2995967 1.2347293 1.2628811 1.2335481 1.2699000 1.2721381 1.2356194 1.2542693 1.2813028 1.3644855 1.5217710 
Nakaseomyces_delphensis            0.5475325 0.9127892 0.4569495 1.2995967 0.0000000 0.3643683 0.9007898 0.9114125 0.8402451 0.9261664 0.9684118 0.9229844 0.8410687 1.0255664 1.1881684 
Nakaseomyces_nivariensis           0.4756269 0.8785337 0.3560869 1.2347293 0.3643683 0.0000000 0.7993009 0.8251989 0.7706536 0.8599009 0.8520511 0.8487328 0.8018871 0.9799770 1.1556084 
Saccharomyces_arboricola           0.8763089 1.1100568 0.9447450 1.2628811 0.9007898 0.7993009 0.0000000 0.2363219 0.1883193 0.1959883 0.2083842 0.1951459 0.2040268 0.9513952 1.1581435 
Saccharomyces_cerevisiae           0.8701806 1.0880312 0.9224145 1.2335481 0.9114125 0.8251989 0.2363219 0.0000000 0.2600355 0.2182811 0.1732648 0.0993252 0.2609702 1.0234254 1.1223807 
Saccharomyces_eubayanus            0.8623930 1.0524508 0.9180365 1.2699000 0.8402451 0.7706536 0.1883193 0.2600355 0.0000000 0.1902205 0.2528972 0.2385113 0.0634785 0.9907456 1.1798381 
Saccharomyces_kudriavzevii         0.9154331 1.0883533 0.9557438 1.2721381 0.9261664 0.8599009 0.1959883 0.2182811 0.1902205 0.0000000 0.2041724 0.1976146 0.2012094 1.0174259 1.1897584 
Saccharomyces_mikatae              0.9329655 1.0718077 0.9572043 1.2356194 0.9684118 0.8520511 0.2083842 0.1732648 0.2528972 0.2041724 0.0000000 0.1611849 0.2662824 0.9443255 1.1597276 
Saccharomyces_paradoxus            0.8968601 1.0903430 0.9316902 1.2542693 0.9229844 0.8487328 0.1951459 0.0993252 0.2385113 0.1976146 0.1611849 0.0000000 0.2449295 1.0126228 1.1357399 
Saccharomyces_uvarum               0.8794272 1.0933837 0.9435949 1.2813028 0.8410687 0.8018871 0.2040268 0.2609702 0.0634785 0.2012094 0.2662824 0.2449295 0.0000000 0.9947040 1.1954359 
Tetrapisispora_blattae             1.0142564 1.0933847 1.0436716 1.3644855 1.0255664 0.9799770 0.9513952 1.0234254 0.9907456 1.0174259 0.9443255 1.0126228 0.9947040 0.0000000 0.9283153 
yHMPu5000035629_Yueomyces_sinensis 1.2441693 1.2760610 1.1830097 1.5217710 1.1881684 1.1556084 1.1581435 1.1223807 1.1798381 1.1897584 1.1597276 1.1357399 1.1954359 0.9283153 0.0000000 
