15
Candida_glabrata                   0.0000000 1.9613407 1.0702673 2.1895305 1.1043665 1.0423682 1.8532010 1.8345060 1.7528151 1.8167171 1.8350685 1.7833552 1.7650433 2.4841006 3.1252745 
Nakaseomyces_bacillisporus         1.9613407 0.0000000 2.0007569 1.8085235 1.9946708 1.9324339 1.4519921 1.4069387 1.4014910 1.3949454 1.4455377 1.3990163 1.4260289 2.2715467 2.7988023 
Nakaseomyces_bracarensis           1.0702673 2.0007569 0.0000000 2.1902698 0.5881985 0.5309496 1.8361464 1.8264507 1.7703266 1.7555724 1.7669141 1.7629139 1.7832727 2.4905430 3.1209335 
Nakaseomyces_castellii             2.1895305 1.8085235 2.1902698 0.0000000 2.2000806 2.1470584 1.8085200 1.8041401 1.7308448 1.7673411 1.7899787 1.7703411 1.7474241 2.6045411 2.8344836 
Nakaseomyces_delphensis            1.1043665 1.9946708 0.5881985 2.2000806 0.0000000 0.4617917 1.7768884 1.8004813 1.7224562 1.7985866 1.7590000 1.7273198 1.7231183 2.3699187 3.0239352 
Nakaseomyces_nivariensis           1.0423682 1.9324339 0.5309496 2.1470584 0.4617917 0.0000000 1.7951198 1.7925904 1.7698493 1.7559608 1.7792792 1.7853088 1.7819878 2.3600231 3.0736489 
Saccharomyces_arboricola           1.8532010 1.4519921 1.8361464 1.8085200 1.7768884 1.7951198 0.0000000 0.2867080 0.2567553 0.2552907 0.2962654 0.2601183 0.2536528 2.1701521 2.6124434 
Saccharomyces_cerevisiae           1.8345060 1.4069387 1.8264507 1.8041401 1.8004813 1.7925904 0.2867080 0.0000000 0.2972230 0.2728555 0.2094101 0.1116284 0.2954761 2.0485154 2.5213518 
Saccharomyces_eubayanus            1.7528151 1.4014910 1.7703266 1.7308448 1.7224562 1.7698493 0.2567553 0.2972230 0.0000000 0.2617843 0.3065037 0.2745424 0.0642018 2.0874647 2.4443398 
Saccharomyces_kudriavzevii         1.8167171 1.3949454 1.7555724 1.7673411 1.7985866 1.7559608 0.2552907 0.2728555 0.2617843 0.0000000 0.2540558 0.2503498 0.2538506 2.0607439 2.4516234 
Saccharomyces_mikatae              1.8350685 1.4455377 1.7669141 1.7899787 1.7590000 1.7792792 0.2962654 0.2094101 0.3065037 0.2540558 0.0000000 0.1861593 0.2924579 2.0611814 2.5359877 
Saccharomyces_paradoxus            1.7833552 1.3990163 1.7629139 1.7703411 1.7273198 1.7853088 0.2601183 0.1116284 0.2745424 0.2503498 0.1861593 0.0000000 0.2714797 2.0385391 2.4809810 
Saccharomyces_uvarum               1.7650433 1.4260289 1.7832727 1.7474241 1.7231183 1.7819878 0.2536528 0.2954761 0.0642018 0.2538506 0.2924579 0.2714797 0.0000000 2.1152129 2.4465139 
Tetrapisispora_blattae             2.4841006 2.2715467 2.4905430 2.6045411 2.3699187 2.3600231 2.1701521 2.0485154 2.0874647 2.0607439 2.0611814 2.0385391 2.1152129 0.0000000 2.1210614 
yHMPu5000035629_Yueomyces_sinensis 3.1252745 2.7988023 3.1209335 2.8344836 3.0239352 3.0736489 2.6124434 2.5213518 2.4443398 2.4516234 2.5359877 2.4809810 2.4465139 2.1210614 0.0000000 
