15
Candida_glabrata                   0.0000000 1.2011463 0.6728653 1.4128258 0.6232402 0.6545455 1.3243242 1.2911412 1.3607295 1.3361055 1.3497004 1.3305177 1.3227187 1.2416528 1.4881374 
Nakaseomyces_bacillisporus         1.2011463 0.0000000 1.3316761 1.1105984 1.2581477 1.3130864 1.2123548 1.2210103 1.2028960 1.2255116 1.2050777 1.2246400 1.1549830 1.1201078 1.3388619 
Nakaseomyces_bracarensis           0.6728653 1.3316761 0.0000000 1.6672454 0.4952325 0.4457324 1.5092242 1.4348657 1.4383075 1.4474737 1.4320875 1.5162800 1.3886484 1.2287470 1.5026647 
Nakaseomyces_castellii             1.4128258 1.1105984 1.6672454 0.0000000 1.6895242 1.6103702 1.4011493 1.4373250 1.4459450 1.4005065 1.3191423 1.4399603 1.3911067 1.6009875 1.7095169 
Nakaseomyces_delphensis            0.6232402 1.2581477 0.4952325 1.6895242 0.0000000 0.3604483 1.3942624 1.2891656 1.3451883 1.3653120 1.3205074 1.2859587 1.2757504 1.1930304 1.5442877 
Nakaseomyces_nivariensis           0.6545455 1.3130864 0.4457324 1.6103702 0.3604483 0.0000000 1.3681815 1.3437499 1.2924754 1.3101151 1.3976056 1.3562563 1.2439664 1.2270938 1.5272043 
Saccharomyces_arboricola           1.3243242 1.2123548 1.5092242 1.4011493 1.3942624 1.3681815 0.0000000 0.2698676 0.2164692 0.2182970 0.2454433 0.2805835 0.2024471 1.2864453 1.4013389 
Saccharomyces_cerevisiae           1.2911412 1.2210103 1.4348657 1.4373250 1.2891656 1.3437499 0.2698676 0.0000000 0.2974762 0.2647426 0.2124748 0.1077765 0.2910949 1.2191953 1.4705086 
Saccharomyces_eubayanus            1.3607295 1.2028960 1.4383075 1.4459450 1.3451883 1.2924754 0.2164692 0.2974762 0.0000000 0.2293921 0.2463772 0.2822502 0.0554689 1.1817727 1.5019585 
Saccharomyces_kudriavzevii         1.3361055 1.2255116 1.4474737 1.4005065 1.3653120 1.3101151 0.2182970 0.2647426 0.2293921 0.0000000 0.2230644 0.2436216 0.2100519 1.2238482 1.4437080 
Saccharomyces_mikatae              1.3497004 1.2050777 1.4320875 1.3191423 1.3205074 1.3976056 0.2454433 0.2124748 0.2463772 0.2230644 0.0000000 0.2011335 0.2442670 1.2322963 1.3415317 
Saccharomyces_paradoxus            1.3305177 1.2246400 1.5162800 1.4399603 1.2859587 1.3562563 0.2805835 0.1077765 0.2822502 0.2436216 0.2011335 0.0000000 0.2768419 1.2871136 1.5746529 
Saccharomyces_uvarum               1.3227187 1.1549830 1.3886484 1.3911067 1.2757504 1.2439664 0.2024471 0.2910949 0.0554689 0.2100519 0.2442670 0.2768419 0.0000000 1.2167516 1.4573127 
Tetrapisispora_blattae             1.2416528 1.1201078 1.2287470 1.6009875 1.1930304 1.2270938 1.2864453 1.2191953 1.1817727 1.2238482 1.2322963 1.2871136 1.2167516 0.0000000 0.8384106 
yHMPu5000035629_Yueomyces_sinensis 1.4881374 1.3388619 1.5026647 1.7095169 1.5442877 1.5272043 1.4013389 1.4705086 1.5019585 1.4437080 1.3415317 1.5746529 1.4573127 0.8384106 0.0000000 
