15
Candida_glabrata                   0.0000000 1.0432152 0.4763132 1.1297418 0.5364334 0.4801206 0.8813571 0.9031511 0.9022340 0.9032427 0.9524967 0.8975888 0.8730736 1.0929877 1.0965116 
Nakaseomyces_bacillisporus         1.0432152 0.0000000 1.0745466 0.9521006 1.1993584 1.1113323 0.8830957 0.8868397 0.8569245 0.9101586 0.9331004 0.8868755 0.8278275 1.1078724 1.0420047 
Nakaseomyces_bracarensis           0.4763132 1.0745466 0.0000000 1.2160866 0.3254807 0.2470612 1.0131256 1.0151562 0.9730274 0.9861390 1.0862050 1.0010628 0.9713644 1.1743282 1.1387181 
Nakaseomyces_castellii             1.1297418 0.9521006 1.2160866 0.0000000 1.1767708 1.2048919 0.9465391 0.9599239 0.9524577 0.9754069 0.9881994 0.9158604 0.9537197 1.2123672 1.2392831 
Nakaseomyces_delphensis            0.5364334 1.1993584 0.3254807 1.1767708 0.0000000 0.2488131 0.9850155 1.0329403 1.0259540 1.0238239 1.0590892 1.0406308 1.0192049 1.2479964 1.0890175 
Nakaseomyces_nivariensis           0.4801206 1.1113323 0.2470612 1.2048919 0.2488131 0.0000000 0.9779832 1.0057869 0.9786071 1.0171504 1.0317021 0.9957503 0.9695105 1.2159475 1.1062115 
Saccharomyces_arboricola           0.8813571 0.8830957 1.0131256 0.9465391 0.9850155 0.9779832 0.0000000 0.2244937 0.1957994 0.1756149 0.2337023 0.1891251 0.1890303 0.9956056 0.9285216 
Saccharomyces_cerevisiae           0.9031511 0.8868397 1.0151562 0.9599239 1.0329403 1.0057869 0.2244937 0.0000000 0.2363422 0.2101835 0.2089319 0.0993674 0.2304700 1.0384721 0.9638680 
Saccharomyces_eubayanus            0.9022340 0.8569245 0.9730274 0.9524577 1.0259540 0.9786071 0.1957994 0.2363422 0.0000000 0.2018832 0.2418897 0.1946662 0.0490505 1.0248695 0.9336686 
Saccharomyces_kudriavzevii         0.9032427 0.9101586 0.9861390 0.9754069 1.0238239 1.0171504 0.1756149 0.2101835 0.2018832 0.0000000 0.2284692 0.1882309 0.1918574 1.0040879 0.9540087 
Saccharomyces_mikatae              0.9524967 0.9331004 1.0862050 0.9881994 1.0590892 1.0317021 0.2337023 0.2089319 0.2418897 0.2284692 0.0000000 0.1767436 0.2372047 1.0294160 0.9813973 
Saccharomyces_paradoxus            0.8975888 0.8868755 1.0010628 0.9158604 1.0406308 0.9957503 0.1891251 0.0993674 0.1946662 0.1882309 0.1767436 0.0000000 0.1879326 1.0428341 0.9757507 
Saccharomyces_uvarum               0.8730736 0.8278275 0.9713644 0.9537197 1.0192049 0.9695105 0.1890303 0.2304700 0.0490505 0.1918574 0.2372047 0.1879326 0.0000000 1.0358449 0.9411614 
Tetrapisispora_blattae             1.0929877 1.1078724 1.1743282 1.2123672 1.2479964 1.2159475 0.9956056 1.0384721 1.0248695 1.0040879 1.0294160 1.0428341 1.0358449 0.0000000 0.7269189 
yHMPu5000035629_Yueomyces_sinensis 1.0965116 1.0420047 1.1387181 1.2392831 1.0890175 1.1062115 0.9285216 0.9638680 0.9336686 0.9540087 0.9813973 0.9757507 0.9411614 0.7269189 0.0000000 
