15
Candida_glabrata                   0.0000000 1.1068972 0.6201778 1.2296422 0.6298438 0.6024622 1.0253897 1.0184343 1.0497984 1.0250019 1.0330353 1.0233150 1.0287667 1.0843017 1.2561969 
Nakaseomyces_bacillisporus         1.1068972 0.0000000 1.0043531 1.0230903 1.0238946 0.9924256 0.9311319 0.9584132 0.9179668 0.9346105 0.9470255 0.9475417 0.9190707 1.0613180 1.2040836 
Nakaseomyces_bracarensis           0.6201778 1.0043531 0.0000000 1.2486580 0.4017162 0.3746896 0.9162989 0.9493404 0.9129957 0.9580940 0.9530839 0.9272930 0.9255082 1.0656596 1.2124474 
Nakaseomyces_castellii             1.2296422 1.0230903 1.2486580 0.0000000 1.2919128 1.2639948 1.0792660 1.0975997 1.0752831 1.1017011 1.1052735 1.0776683 1.0987956 1.3051613 1.3934873 
Nakaseomyces_delphensis            0.6298438 1.0238946 0.4017162 1.2919128 0.0000000 0.3090880 0.9546514 1.0036840 0.9510648 1.0120317 0.9653443 0.9965276 0.9599032 1.1004888 1.2393461 
Nakaseomyces_nivariensis           0.6024622 0.9924256 0.3746896 1.2639948 0.3090880 0.0000000 0.9314990 0.9890643 0.9534002 0.9651973 0.9577622 0.9636470 0.9376039 1.0716682 1.1916312 
Saccharomyces_arboricola           1.0253897 0.9311319 0.9162989 1.0792660 0.9546514 0.9314990 0.0000000 0.2624244 0.2068817 0.1939586 0.2503500 0.2243890 0.2047886 1.0009933 1.1775493 
Saccharomyces_cerevisiae           1.0184343 0.9584132 0.9493404 1.0975997 1.0036840 0.9890643 0.2624244 0.0000000 0.2607943 0.2454186 0.2064912 0.1162529 0.2641602 1.0135151 1.2412365 
Saccharomyces_eubayanus            1.0497984 0.9179668 0.9129957 1.0752831 0.9510648 0.9534002 0.2068817 0.2607943 0.0000000 0.2051391 0.2520574 0.2212988 0.0597944 0.9926112 1.1536591 
Saccharomyces_kudriavzevii         1.0250019 0.9346105 0.9580940 1.1017011 1.0120317 0.9651973 0.1939586 0.2454186 0.2051391 0.0000000 0.2254574 0.1914803 0.1924065 0.9970244 1.1962426 
Saccharomyces_mikatae              1.0330353 0.9470255 0.9530839 1.1052735 0.9653443 0.9577622 0.2503500 0.2064912 0.2520574 0.2254574 0.0000000 0.1584105 0.2449760 1.0030983 1.1987513 
Saccharomyces_paradoxus            1.0233150 0.9475417 0.9272930 1.0776683 0.9965276 0.9636470 0.2243890 0.1162529 0.2212988 0.1914803 0.1584105 0.0000000 0.2189891 1.0140644 1.2351557 
Saccharomyces_uvarum               1.0287667 0.9190707 0.9255082 1.0987956 0.9599032 0.9376039 0.2047886 0.2641602 0.0597944 0.1924065 0.2449760 0.2189891 0.0000000 0.9756562 1.1473328 
Tetrapisispora_blattae             1.0843017 1.0613180 1.0656596 1.3051613 1.1004888 1.0716682 1.0009933 1.0135151 0.9926112 0.9970244 1.0030983 1.0140644 0.9756562 0.0000000 0.6427267 
yHMPu5000035629_Yueomyces_sinensis 1.2561969 1.2040836 1.2124474 1.3934873 1.2393461 1.1916312 1.1775493 1.2412365 1.1536591 1.1962426 1.1987513 1.2351557 1.1473328 0.6427267 0.0000000 
