15
Candida_glabrata                   0.0000000 1.9927849 1.1103307 1.9763829 1.1966398 1.0836182 1.7562645 1.6988707 1.6678649 1.7925206 1.7483999 1.7590180 1.7163927 1.8636353 2.0492756 
Nakaseomyces_bacillisporus         1.9927849 0.0000000 1.8832748 1.8454868 1.9375858 1.7762699 1.5134142 1.4859570 1.3990135 1.4510936 1.4623382 1.4932703 1.4180650 1.8772691 2.2816959 
Nakaseomyces_bracarensis           1.1103307 1.8832748 0.0000000 2.0020104 0.7426359 0.6142026 1.7100072 1.7471441 1.6694972 1.7337179 1.6787771 1.7449268 1.6732308 1.7998841 2.1678954 
Nakaseomyces_castellii             1.9763829 1.8454868 2.0020104 0.0000000 1.9326693 1.9362558 1.6260117 1.5928592 1.5549017 1.6146156 1.5940393 1.5958069 1.5961033 1.9502003 2.4205308 
Nakaseomyces_delphensis            1.1966398 1.9375858 0.7426359 1.9326693 0.0000000 0.6471059 1.7843675 1.7290756 1.7511345 1.8084220 1.7820127 1.7268536 1.7318381 1.7439587 1.9946174 
Nakaseomyces_nivariensis           1.0836182 1.7762699 0.6142026 1.9362558 0.6471059 0.0000000 1.6962416 1.6939184 1.6109932 1.7079723 1.6784864 1.6727182 1.6193611 1.6742776 2.0977151 
Saccharomyces_arboricola           1.7562645 1.5134142 1.7100072 1.6260117 1.7843675 1.6962416 0.0000000 0.3599162 0.3364291 0.2984981 0.3295312 0.3439377 0.3425300 1.5637970 2.1334195 
Saccharomyces_cerevisiae           1.6988707 1.4859570 1.7471441 1.5928592 1.7290756 1.6939184 0.3599162 0.0000000 0.3772569 0.3522354 0.3641122 0.1679010 0.3921136 1.6260169 2.0914869 
Saccharomyces_eubayanus            1.6678649 1.3990135 1.6694972 1.5549017 1.7511345 1.6109932 0.3364291 0.3772569 0.0000000 0.3335617 0.3948514 0.3958270 0.0902940 1.5149928 1.9137182 
Saccharomyces_kudriavzevii         1.7925206 1.4510936 1.7337179 1.6146156 1.8084220 1.7079723 0.2984981 0.3522354 0.3335617 0.0000000 0.2914110 0.3241896 0.3453344 1.5526999 2.0166940 
Saccharomyces_mikatae              1.7483999 1.4623382 1.6787771 1.5940393 1.7820127 1.6784864 0.3295312 0.3641122 0.3948514 0.2914110 0.0000000 0.3114198 0.3920543 1.4856134 2.0064870 
Saccharomyces_paradoxus            1.7590180 1.4932703 1.7449268 1.5958069 1.7268536 1.6727182 0.3439377 0.1679010 0.3958270 0.3241896 0.3114198 0.0000000 0.3912229 1.5801337 2.0707631 
Saccharomyces_uvarum               1.7163927 1.4180650 1.6732308 1.5961033 1.7318381 1.6193611 0.3425300 0.3921136 0.0902940 0.3453344 0.3920543 0.3912229 0.0000000 1.5342223 1.9129492 
Tetrapisispora_blattae             1.8636353 1.8772691 1.7998841 1.9502003 1.7439587 1.6742776 1.5637970 1.6260169 1.5149928 1.5526999 1.4856134 1.5801337 1.5342223 0.0000000 1.7215115 
yHMPu5000035629_Yueomyces_sinensis 2.0492756 2.2816959 2.1678954 2.4205308 1.9946174 2.0977151 2.1334195 2.0914869 1.9137182 2.0166940 2.0064870 2.0707631 1.9129492 1.7215115 0.0000000 
