15
Candida_glabrata                   0.0000000 1.1000770 0.5986520 1.2523213 0.5824414 0.6259772 0.9420602 0.9513940 0.9077395 0.9390158 1.0737707 0.9858128 0.9975833 0.8972515 0.9629892 
Nakaseomyces_bacillisporus         1.1000770 0.0000000 1.0627995 1.2554421 1.1113323 0.9912991 0.9158302 0.7844101 0.9093466 0.8856272 0.9364010 0.8763208 0.9868693 1.1020459 1.3607729 
Nakaseomyces_bracarensis           0.5986520 1.0627995 0.0000000 1.5365137 0.5298050 0.3686503 0.9306003 0.8863587 0.9098319 0.9072906 1.0164516 0.8865483 0.9127454 0.8488125 0.9525755 
Nakaseomyces_castellii             1.2523213 1.2554421 1.5365137 0.0000000 1.3708256 1.4468958 1.4768515 1.4493105 1.5957323 1.5177559 1.4617773 1.5489895 1.6111083 1.4746967 1.5144868 
Nakaseomyces_delphensis            0.5824414 1.1113323 0.5298050 1.3708256 0.0000000 0.3154443 0.9999290 0.8833610 0.9034887 0.9440290 1.0103304 0.9382120 0.8949821 1.0935694 1.0447582 
Nakaseomyces_nivariensis           0.6259772 0.9912991 0.3686503 1.4468958 0.3154443 0.0000000 0.9274897 0.8636266 0.8715877 0.9683742 1.0200146 0.9348067 0.8804981 0.9627224 1.0471956 
Saccharomyces_arboricola           0.9420602 0.9158302 0.9306003 1.4768515 0.9999290 0.9274897 0.0000000 0.2457913 0.2341479 0.1954377 0.2087389 0.2121856 0.2180570 0.8103590 0.6757310 
Saccharomyces_cerevisiae           0.9513940 0.7844101 0.8863587 1.4493105 0.8833610 0.8636266 0.2457913 0.0000000 0.2986558 0.1867749 0.1897646 0.0737057 0.3280065 0.8006930 0.7348555 
Saccharomyces_eubayanus            0.9077395 0.9093466 0.9098319 1.5957323 0.9034887 0.8715877 0.2341479 0.2986558 0.0000000 0.2422862 0.2660221 0.2547393 0.0474945 0.8080185 0.7575144 
Saccharomyces_kudriavzevii         0.9390158 0.8856272 0.9072906 1.5177559 0.9440290 0.9683742 0.1954377 0.1867749 0.2422862 0.0000000 0.2252725 0.1752001 0.2476835 0.8180327 0.7444096 
Saccharomyces_mikatae              1.0737707 0.9364010 1.0164516 1.4617773 1.0103304 1.0200146 0.2087389 0.1897646 0.2660221 0.2252725 0.0000000 0.1830108 0.2831994 0.8517416 0.7659318 
Saccharomyces_paradoxus            0.9858128 0.8763208 0.8865483 1.5489895 0.9382120 0.9348067 0.2121856 0.0737057 0.2547393 0.1752001 0.1830108 0.0000000 0.2609958 0.7799059 0.7508708 
Saccharomyces_uvarum               0.9975833 0.9868693 0.9127454 1.6111083 0.8949821 0.8804981 0.2180570 0.3280065 0.0474945 0.2476835 0.2831994 0.2609958 0.0000000 0.8674752 0.8361047 
Tetrapisispora_blattae             0.8972515 1.1020459 0.8488125 1.4746967 1.0935694 0.9627224 0.8103590 0.8006930 0.8080185 0.8180327 0.8517416 0.7799059 0.8674752 0.0000000 0.8384493 
yHMPu5000035629_Yueomyces_sinensis 0.9629892 1.3607729 0.9525755 1.5144868 1.0447582 1.0471956 0.6757310 0.7348555 0.7575144 0.7444096 0.7659318 0.7508708 0.8361047 0.8384493 0.0000000 
