15
Candida_glabrata                   0.0000000 1.9774931 0.9221090 2.2300221 1.0774353 0.9580750 1.5095094 1.4082831 1.4669556 1.4431827 1.3999377 1.4209554 1.4730709 1.6430449 1.8002293 
Nakaseomyces_bacillisporus         1.9774931 0.0000000 1.9709263 1.9081008 1.9264231 1.7814290 1.5674538 1.5818126 1.5596766 1.6450828 1.6735632 1.5713992 1.6116338 1.9268567 1.9729540 
Nakaseomyces_bracarensis           0.9221090 1.9709263 0.0000000 2.1463515 0.5235533 0.4937321 1.4096830 1.3891136 1.4026885 1.3896801 1.4591351 1.3673547 1.4150370 1.6702652 1.6299220 
Nakaseomyces_castellii             2.2300221 1.9081008 2.1463515 0.0000000 2.1247817 2.0765830 1.7271663 1.6936805 1.7977644 1.6726469 1.7134202 1.7258068 1.8141464 2.0366817 2.0670211 
Nakaseomyces_delphensis            1.0774353 1.9264231 0.5235533 2.1247817 0.0000000 0.4539813 1.6426573 1.5501729 1.5694566 1.6558372 1.6432750 1.6119439 1.6172168 1.6302741 1.7771048 
Nakaseomyces_nivariensis           0.9580750 1.7814290 0.4937321 2.0765830 0.4539813 0.0000000 1.4676638 1.4282637 1.4157120 1.5138084 1.4561417 1.4058719 1.4382849 1.5110723 1.7659766 
Saccharomyces_arboricola           1.5095094 1.5674538 1.4096830 1.7271663 1.6426573 1.4676638 0.0000000 0.2524131 0.2279666 0.2198369 0.2437308 0.2169853 0.2430375 1.3088953 1.4551212 
Saccharomyces_cerevisiae           1.4082831 1.5818126 1.3891136 1.6936805 1.5501729 1.4282637 0.2524131 0.0000000 0.2829176 0.2593599 0.2232488 0.1134059 0.2891456 1.3112848 1.5311520 
Saccharomyces_eubayanus            1.4669556 1.5596766 1.4026885 1.7977644 1.5694566 1.4157120 0.2279666 0.2829176 0.0000000 0.2562552 0.2680699 0.2338248 0.0693615 1.3813411 1.4774549 
Saccharomyces_kudriavzevii         1.4431827 1.6450828 1.3896801 1.6726469 1.6558372 1.5138084 0.2198369 0.2593599 0.2562552 0.0000000 0.2643708 0.2318531 0.2498566 1.4308485 1.5685869 
Saccharomyces_mikatae              1.3999377 1.6735632 1.4591351 1.7134202 1.6432750 1.4561417 0.2437308 0.2232488 0.2680699 0.2643708 0.0000000 0.1743436 0.2775352 1.3611219 1.5875796 
Saccharomyces_paradoxus            1.4209554 1.5713992 1.3673547 1.7258068 1.6119439 1.4058719 0.2169853 0.1134059 0.2338248 0.2318531 0.1743436 0.0000000 0.2466493 1.3122172 1.4748952 
Saccharomyces_uvarum               1.4730709 1.6116338 1.4150370 1.8141464 1.6172168 1.4382849 0.2430375 0.2891456 0.0693615 0.2498566 0.2775352 0.2466493 0.0000000 1.4418647 1.5262628 
Tetrapisispora_blattae             1.6430449 1.9268567 1.6702652 2.0366817 1.6302741 1.5110723 1.3088953 1.3112848 1.3813411 1.4308485 1.3611219 1.3122172 1.4418647 0.0000000 0.9643046 
yHMPu5000035629_Yueomyces_sinensis 1.8002293 1.9729540 1.6299220 2.0670211 1.7771048 1.7659766 1.4551212 1.5311520 1.4774549 1.5685869 1.5875796 1.4748952 1.5262628 0.9643046 0.0000000 
