15
Candida_glabrata                   0.0000000 0.3761046 0.1830995 0.5000698 0.2316211 0.1495328 0.2718312 0.3042263 0.2584900 0.3010305 0.2801063 0.2930008 0.2747435 0.2952098 0.2829532 
Nakaseomyces_bacillisporus         0.3761046 0.0000000 0.3885257 0.4827786 0.4132466 0.3935156 0.3189806 0.3413907 0.3033411 0.3264755 0.3299331 0.3241248 0.3033311 0.3198618 0.3424583 
Nakaseomyces_bracarensis           0.1830995 0.3885257 0.0000000 0.4896897 0.1861210 0.1543731 0.2947478 0.3036273 0.2860532 0.3158289 0.3077246 0.2896389 0.2819188 0.3283903 0.2812208 
Nakaseomyces_castellii             0.5000698 0.4827786 0.4896897 0.0000000 0.4860568 0.4669128 0.4626974 0.5024520 0.4597761 0.4656528 0.4626671 0.4629852 0.4837514 0.5073789 0.4938940 
Nakaseomyces_delphensis            0.2316211 0.4132466 0.1861210 0.4860568 0.0000000 0.1912379 0.3307136 0.3605774 0.3455013 0.3481969 0.3401706 0.3345159 0.3280817 0.4023690 0.3421321 
Nakaseomyces_nivariensis           0.1495328 0.3935156 0.1543731 0.4669128 0.1912379 0.0000000 0.2987419 0.3223502 0.2892671 0.3005863 0.2903301 0.3046169 0.2981009 0.3336414 0.3014670 
Saccharomyces_arboricola           0.2718312 0.3189806 0.2947478 0.4626974 0.3307136 0.2987419 0.0000000 0.1314784 0.1002081 0.1027659 0.1093409 0.1084613 0.0965865 0.2827545 0.2689562 
Saccharomyces_cerevisiae           0.3042263 0.3413907 0.3036273 0.5024520 0.3605774 0.3223502 0.1314784 0.0000000 0.1536418 0.1275968 0.1077288 0.0598775 0.1470198 0.2997558 0.2597670 
Saccharomyces_eubayanus            0.2584900 0.3033411 0.2860532 0.4597761 0.3455013 0.2892671 0.1002081 0.1536418 0.0000000 0.1369546 0.1417662 0.1316171 0.0441689 0.2634887 0.2420321 
Saccharomyces_kudriavzevii         0.3010305 0.3264755 0.3158289 0.4656528 0.3481969 0.3005863 0.1027659 0.1275968 0.1369546 0.0000000 0.1220262 0.1196774 0.1177491 0.3121101 0.2815005 
Saccharomyces_mikatae              0.2801063 0.3299331 0.3077246 0.4626671 0.3401706 0.2903301 0.1093409 0.1077288 0.1417662 0.1220262 0.0000000 0.0920852 0.1249156 0.2658135 0.2539154 
Saccharomyces_paradoxus            0.2930008 0.3241248 0.2896389 0.4629852 0.3345159 0.3046169 0.1084613 0.0598775 0.1316171 0.1196774 0.0920852 0.0000000 0.1177952 0.2784267 0.2569163 
Saccharomyces_uvarum               0.2747435 0.3033311 0.2819188 0.4837514 0.3280817 0.2981009 0.0965865 0.1470198 0.0441689 0.1177491 0.1249156 0.1177952 0.0000000 0.2573247 0.2362864 
Tetrapisispora_blattae             0.2952098 0.3198618 0.3283903 0.5073789 0.4023690 0.3336414 0.2827545 0.2997558 0.2634887 0.3121101 0.2658135 0.2784267 0.2573247 0.0000000 0.1944533 
yHMPu5000035629_Yueomyces_sinensis 0.2829532 0.3424583 0.2812208 0.4938940 0.3421321 0.3014670 0.2689562 0.2597670 0.2420321 0.2815005 0.2539154 0.2569163 0.2362864 0.1944533 0.0000000 
