15
Candida_glabrata                   0.0000000 1.5814241 0.5055691 2.3281987 0.5506925 0.4434345 1.2215374 1.0953491 1.1050108 1.1728814 1.1208168 1.1012330 1.1715072 1.1366008 1.1514334 
Nakaseomyces_bacillisporus         1.5814241 0.0000000 1.8504289 1.9609095 1.9024151 1.7440229 1.6056173 1.5655794 1.5729125 1.5882108 1.5163920 1.5666393 1.5834274 1.4803249 1.5061425 
Nakaseomyces_bracarensis           0.5055691 1.8504289 0.0000000 2.3514520 0.3881128 0.2888702 1.3082836 1.2335625 1.3467297 1.2789618 1.2742283 1.2020385 1.3491184 1.1476735 1.2062338 
Nakaseomyces_castellii             2.3281987 1.9609095 2.3514520 0.0000000 2.5006121 2.4827544 2.3403046 2.3588392 2.2844170 2.4088993 2.3827137 2.3344540 2.3287788 1.7762117 1.9865030 
Nakaseomyces_delphensis            0.5506925 1.9024151 0.3881128 2.5006121 0.0000000 0.2886415 1.4315484 1.3185350 1.3852018 1.3993120 1.3876571 1.3573611 1.4316087 1.3908086 1.4456928 
Nakaseomyces_nivariensis           0.4434345 1.7440229 0.2888702 2.4827544 0.2886415 0.0000000 1.2677322 1.1819122 1.1532131 1.1519909 1.2145528 1.1540049 1.2621698 1.1733246 1.1527704 
Saccharomyces_arboricola           1.2215374 1.6056173 1.3082836 2.3403046 1.4315484 1.2677322 0.0000000 0.2127993 0.2154900 0.2152944 0.2429508 0.2072519 0.2076671 0.8903088 0.9570012 
Saccharomyces_cerevisiae           1.0953491 1.5655794 1.2335625 2.3588392 1.3185350 1.1819122 0.2127993 0.0000000 0.2311832 0.2099511 0.1629032 0.0927787 0.2170535 0.8520864 0.9548448 
Saccharomyces_eubayanus            1.1050108 1.5729125 1.3467297 2.2844170 1.3852018 1.1532131 0.2154900 0.2311832 0.0000000 0.2133737 0.2621948 0.2381742 0.0622349 0.8664680 0.9939269 
Saccharomyces_kudriavzevii         1.1728814 1.5882108 1.2789618 2.4088993 1.3993120 1.1519909 0.2152944 0.2099511 0.2133737 0.0000000 0.2193530 0.1915917 0.2088923 0.8572382 0.9406679 
Saccharomyces_mikatae              1.1208168 1.5163920 1.2742283 2.3827137 1.3876571 1.2145528 0.2429508 0.1629032 0.2621948 0.2193530 0.0000000 0.1413966 0.2444031 0.9113715 0.9847281 
Saccharomyces_paradoxus            1.1012330 1.5666393 1.2020385 2.3344540 1.3573611 1.1540049 0.2072519 0.0927787 0.2381742 0.1915917 0.1413966 0.0000000 0.2408600 0.8407824 0.9434745 
Saccharomyces_uvarum               1.1715072 1.5834274 1.3491184 2.3287788 1.4316087 1.2621698 0.2076671 0.2170535 0.0622349 0.2088923 0.2444031 0.2408600 0.0000000 0.8911838 0.9683849 
Tetrapisispora_blattae             1.1366008 1.4803249 1.1476735 1.7762117 1.3908086 1.1733246 0.8903088 0.8520864 0.8664680 0.8572382 0.9113715 0.8407824 0.8911838 0.0000000 0.3862805 
yHMPu5000035629_Yueomyces_sinensis 1.1514334 1.5061425 1.2062338 1.9865030 1.4456928 1.1527704 0.9570012 0.9548448 0.9939269 0.9406679 0.9847281 0.9434745 0.9683849 0.3862805 0.0000000 
