15
Candida_glabrata                   0.0000000 0.7306936 0.3987599 0.8627044 0.4533918 0.3821688 0.5560988 0.5331487 0.5150747 0.5338634 0.5543917 0.5478304 0.5132443 0.7233256 0.8821001 
Nakaseomyces_bacillisporus         0.7306936 0.0000000 0.6737662 0.7649303 0.7094961 0.7635941 0.6891443 0.6926503 0.6924548 0.6605598 0.7308625 0.6925117 0.6588134 0.6977572 0.7291104 
Nakaseomyces_bracarensis           0.3987599 0.6737662 0.0000000 0.8723676 0.3357422 0.2321237 0.5844536 0.5534016 0.5873003 0.5557621 0.5892545 0.5746013 0.5510559 0.6267620 0.7597232 
Nakaseomyces_castellii             0.8627044 0.7649303 0.8723676 0.0000000 0.9031026 0.8800884 0.9285626 0.9264334 0.8511239 0.9471266 0.9092133 0.9310443 0.8840802 1.0470205 1.0165928 
Nakaseomyces_delphensis            0.4533918 0.7094961 0.3357422 0.9031026 0.0000000 0.2596704 0.6349675 0.6155099 0.6342272 0.6252485 0.6887883 0.6077817 0.6334940 0.7714426 0.8517266 
Nakaseomyces_nivariensis           0.3821688 0.7635941 0.2321237 0.8800884 0.2596704 0.0000000 0.5768601 0.5435310 0.5332554 0.6057034 0.6033352 0.5622727 0.5432156 0.6875033 0.8738414 
Saccharomyces_arboricola           0.5560988 0.6891443 0.5844536 0.9285626 0.6349675 0.5768601 0.0000000 0.1908965 0.1634067 0.1449435 0.2022472 0.1815543 0.1668163 0.6559652 0.7285105 
Saccharomyces_cerevisiae           0.5331487 0.6926503 0.5534016 0.9264334 0.6155099 0.5435310 0.1908965 0.0000000 0.2114307 0.2034541 0.1262191 0.0688656 0.2279456 0.5476699 0.7204812 
Saccharomyces_eubayanus            0.5150747 0.6924548 0.5873003 0.8511239 0.6342272 0.5332554 0.1634067 0.2114307 0.0000000 0.1910137 0.2002589 0.1697918 0.0613335 0.6146348 0.6962857 
Saccharomyces_kudriavzevii         0.5338634 0.6605598 0.5557621 0.9471266 0.6252485 0.6057034 0.1449435 0.2034541 0.1910137 0.0000000 0.1790030 0.1747144 0.1637795 0.6168969 0.6794283 
Saccharomyces_mikatae              0.5543917 0.7308625 0.5892545 0.9092133 0.6887883 0.6033352 0.2022472 0.1262191 0.2002589 0.1790030 0.0000000 0.1178309 0.2145110 0.6084382 0.7070025 
Saccharomyces_paradoxus            0.5478304 0.6925117 0.5746013 0.9310443 0.6077817 0.5622727 0.1815543 0.0688656 0.1697918 0.1747144 0.1178309 0.0000000 0.2022129 0.5757088 0.7176854 
Saccharomyces_uvarum               0.5132443 0.6588134 0.5510559 0.8840802 0.6334940 0.5432156 0.1668163 0.2279456 0.0613335 0.1637795 0.2145110 0.2022129 0.0000000 0.6145649 0.6838097 
Tetrapisispora_blattae             0.7233256 0.6977572 0.6267620 1.0470205 0.7714426 0.6875033 0.6559652 0.5476699 0.6146348 0.6168969 0.6084382 0.5757088 0.6145649 0.0000000 0.4983607 
yHMPu5000035629_Yueomyces_sinensis 0.8821001 0.7291104 0.7597232 1.0165928 0.8517266 0.8738414 0.7285105 0.7204812 0.6962857 0.6794283 0.7070025 0.7176854 0.6838097 0.4983607 0.0000000 
