15
Candida_glabrata                   0.0000000 1.0599194 0.7336142 1.2832201 0.7554139 0.7156922 0.9616006 0.9707617 0.9342318 0.9885148 0.9636890 0.9931414 0.9574820 1.0638173 0.9571576 
Nakaseomyces_bacillisporus         1.0599194 0.0000000 0.9962127 1.1343863 1.0201088 1.0117573 0.9738729 0.9703746 0.9685335 0.9703236 0.9809171 0.9604980 0.9754167 0.9954703 0.9328687 
Nakaseomyces_bracarensis           0.7336142 0.9962127 0.0000000 1.2325869 0.4592748 0.4183403 0.9421410 0.9363584 0.9127821 0.9012972 0.9094220 0.9305112 0.9317448 0.9990262 0.8867123 
Nakaseomyces_castellii             1.2832201 1.1343863 1.2325869 0.0000000 1.2129581 1.2708008 1.2332765 1.1614371 1.1908860 1.1926565 1.2035654 1.1874342 1.2098287 1.3059629 1.2905855 
Nakaseomyces_delphensis            0.7554139 1.0201088 0.4592748 1.2129581 0.0000000 0.3769964 0.9287425 0.9474931 0.9110272 0.9531379 0.9633519 0.9355772 0.9432202 0.9991182 0.9598649 
Nakaseomyces_nivariensis           0.7156922 1.0117573 0.4183403 1.2708008 0.3769964 0.0000000 0.8951976 0.8574358 0.8481220 0.9015365 0.8868729 0.8664091 0.8716107 0.9458414 0.8934689 
Saccharomyces_arboricola           0.9616006 0.9738729 0.9421410 1.2332765 0.9287425 0.8951976 0.0000000 0.2809987 0.2337232 0.2253434 0.2683375 0.2476494 0.2386284 0.8463904 0.8098554 
Saccharomyces_cerevisiae           0.9707617 0.9703746 0.9363584 1.1614371 0.9474931 0.8574358 0.2809987 0.0000000 0.2727243 0.2430458 0.2180570 0.1253963 0.2689809 0.8128019 0.8041419 
Saccharomyces_eubayanus            0.9342318 0.9685335 0.9127821 1.1908860 0.9110272 0.8481220 0.2337232 0.2727243 0.0000000 0.2358679 0.2824557 0.2579600 0.0736160 0.8189748 0.7957628 
Saccharomyces_kudriavzevii         0.9885148 0.9703236 0.9012972 1.1926565 0.9531379 0.9015365 0.2253434 0.2430458 0.2358679 0.0000000 0.2554357 0.2286713 0.2414308 0.8352275 0.8326365 
Saccharomyces_mikatae              0.9636890 0.9809171 0.9094220 1.2035654 0.9633519 0.8868729 0.2683375 0.2180570 0.2824557 0.2554357 0.0000000 0.1961431 0.2853916 0.8560250 0.8188875 
Saccharomyces_paradoxus            0.9931414 0.9604980 0.9305112 1.1874342 0.9355772 0.8664091 0.2476494 0.1253963 0.2579600 0.2286713 0.1961431 0.0000000 0.2544845 0.8188164 0.8259850 
Saccharomyces_uvarum               0.9574820 0.9754167 0.9317448 1.2098287 0.9432202 0.8716107 0.2386284 0.2689809 0.0736160 0.2414308 0.2853916 0.2544845 0.0000000 0.8697313 0.8217189 
Tetrapisispora_blattae             1.0638173 0.9954703 0.9990262 1.3059629 0.9991182 0.9458414 0.8463904 0.8128019 0.8189748 0.8352275 0.8560250 0.8188164 0.8697313 0.0000000 0.7628644 
yHMPu5000035629_Yueomyces_sinensis 0.9571576 0.9328687 0.8867123 1.2905855 0.9598649 0.8934689 0.8098554 0.8041419 0.7957628 0.8326365 0.8188875 0.8259850 0.8217189 0.7628644 0.0000000 
