15
Candida_glabrata                   0.0000000 3.4937234 1.3136333 2.5106788 1.3425521 1.2881284 1.8425602 1.8788338 1.8749068 1.8841339 1.8843415 1.8166393 1.8239027 2.5554512 2.2258558 
Nakaseomyces_bacillisporus         3.4937234 0.0000000 3.6366099 3.9647360 3.6518214 3.5754055 3.3532949 3.2046353 3.4527673 3.3149232 3.2694467 3.2138860 3.4372633 3.8886218 3.7076823 
Nakaseomyces_bracarensis           1.3136333 3.6366099 0.0000000 2.4131287 0.7536561 0.6488695 1.6213794 1.6336443 1.7418071 1.6263048 1.6568735 1.5733549 1.6357986 2.3817904 1.8855069 
Nakaseomyces_castellii             2.5106788 3.9647360 2.4131287 0.0000000 2.2887398 2.2665513 2.2435191 2.3006302 2.3867392 2.4419481 2.3960470 2.3566995 2.4196690 3.0810028 2.8494315 
Nakaseomyces_delphensis            1.3425521 3.6518214 0.7536561 2.2887398 0.0000000 0.5384565 1.6014421 1.7045205 1.6884577 1.6668762 1.6593324 1.6018663 1.6227816 2.3706075 1.9704404 
Nakaseomyces_nivariensis           1.2881284 3.5754055 0.6488695 2.2665513 0.5384565 0.0000000 1.5705239 1.6671693 1.7056162 1.6256997 1.6840805 1.5708990 1.6549311 2.1076840 1.7300998 
Saccharomyces_arboricola           1.8425602 3.3532949 1.6213794 2.2435191 1.6014421 1.5705239 0.0000000 0.4046774 0.3426283 0.3281955 0.3783874 0.3280566 0.3430121 2.1550384 2.1377226 
Saccharomyces_cerevisiae           1.8788338 3.2046353 1.6336443 2.3006302 1.7045205 1.6671693 0.4046774 0.0000000 0.4850139 0.4495356 0.3524566 0.1983456 0.4553550 2.2408715 2.0587895 
Saccharomyces_eubayanus            1.8749068 3.4527673 1.7418071 2.3867392 1.6884577 1.7056162 0.3426283 0.4850139 0.0000000 0.3882595 0.4416037 0.4136066 0.1161693 2.2660195 2.0067611 
Saccharomyces_kudriavzevii         1.8841339 3.3149232 1.6263048 2.4419481 1.6668762 1.6256997 0.3281955 0.4495356 0.3882595 0.0000000 0.3969734 0.3570034 0.3837361 2.2099021 2.2531730 
Saccharomyces_mikatae              1.8843415 3.2694467 1.6568735 2.3960470 1.6593324 1.6840805 0.3783874 0.3524566 0.4416037 0.3969734 0.0000000 0.2986332 0.4283964 2.2431527 2.1532238 
Saccharomyces_paradoxus            1.8166393 3.2138860 1.5733549 2.3566995 1.6018663 1.5708990 0.3280566 0.1983456 0.4136066 0.3570034 0.2986332 0.0000000 0.4057680 2.1985886 2.1687312 
Saccharomyces_uvarum               1.8239027 3.4372633 1.6357986 2.4196690 1.6227816 1.6549311 0.3430121 0.4553550 0.1161693 0.3837361 0.4283964 0.4057680 0.0000000 2.3019731 1.9918049 
Tetrapisispora_blattae             2.5554512 3.8886218 2.3817904 3.0810028 2.3706075 2.1076840 2.1550384 2.2408715 2.2660195 2.2099021 2.2431527 2.1985886 2.3019731 0.0000000 1.5992576 
yHMPu5000035629_Yueomyces_sinensis 2.2258558 3.7076823 1.8855069 2.8494315 1.9704404 1.7300998 2.1377226 2.0587895 2.0067611 2.2531730 2.1532238 2.1687312 1.9918049 1.5992576 0.0000000 
