15
Candida_glabrata                   0.0000000 1.9078783 1.3044840 2.5579414 1.2703095 1.2608102 1.7075282 1.7754617 1.7238377 1.6977781 1.7405002 1.8112494 1.7664747 2.9662318 2.7703708 
Nakaseomyces_bacillisporus         1.9078783 0.0000000 2.1454463 2.2812227 2.1267835 2.0709153 1.5573338 1.5644794 1.5827222 1.5921685 1.6440386 1.6036866 1.5794324 2.6878733 2.5098678 
Nakaseomyces_bracarensis           1.3044840 2.1454463 0.0000000 2.4792424 0.7399126 0.6358757 1.7704137 1.7317855 1.7623868 1.7301025 1.7711017 1.7406635 1.7808598 2.6917855 2.8354949 
Nakaseomyces_castellii             2.5579414 2.2812227 2.4792424 0.0000000 2.4984233 2.4578848 2.3818234 2.3055240 2.3796358 2.3971441 2.3316854 2.3404769 2.4143435 3.1718519 2.9560254 
Nakaseomyces_delphensis            1.2703095 2.1267835 0.7399126 2.4984233 0.0000000 0.5604453 1.8376784 1.7985862 1.8557539 1.8223052 1.9077455 1.8504438 1.8301275 2.8944112 2.7106377 
Nakaseomyces_nivariensis           1.2608102 2.0709153 0.6358757 2.4578848 0.5604453 0.0000000 1.8052630 1.7630174 1.8229388 1.7683799 1.8026167 1.8045410 1.7852931 2.7214976 2.8023269 
Saccharomyces_arboricola           1.7075282 1.5573338 1.7704137 2.3818234 1.8376784 1.8052630 0.0000000 0.2802258 0.2180730 0.2052421 0.2813410 0.2859929 0.2216737 2.5270142 2.4610032 
Saccharomyces_cerevisiae           1.7754617 1.5644794 1.7317855 2.3055240 1.7985862 1.7630174 0.2802258 0.0000000 0.2923119 0.2278707 0.2096411 0.1271359 0.2982681 2.4159120 2.5274311 
Saccharomyces_eubayanus            1.7238377 1.5827222 1.7623868 2.3796358 1.8557539 1.8229388 0.2180730 0.2923119 0.0000000 0.2202110 0.2988154 0.2830399 0.0731235 2.4601394 2.5438932 
Saccharomyces_kudriavzevii         1.6977781 1.5921685 1.7301025 2.3971441 1.8223052 1.7683799 0.2052421 0.2278707 0.2202110 0.0000000 0.2608533 0.2387911 0.2219284 2.5140947 2.5056924 
Saccharomyces_mikatae              1.7405002 1.6440386 1.7711017 2.3316854 1.9077455 1.8026167 0.2813410 0.2096411 0.2988154 0.2608533 0.0000000 0.2065842 0.2975843 2.4066210 2.5599588 
Saccharomyces_paradoxus            1.8112494 1.6036866 1.7406635 2.3404769 1.8504438 1.8045410 0.2859929 0.1271359 0.2830399 0.2387911 0.2065842 0.0000000 0.2893914 2.4815847 2.5252727 
Saccharomyces_uvarum               1.7664747 1.5794324 1.7808598 2.4143435 1.8301275 1.7852931 0.2216737 0.2982681 0.0731235 0.2219284 0.2975843 0.2893914 0.0000000 2.4774134 2.5119986 
Tetrapisispora_blattae             2.9662318 2.6878733 2.6917855 3.1718519 2.8944112 2.7214976 2.5270142 2.4159120 2.4601394 2.5140947 2.4066210 2.4815847 2.4774134 0.0000000 1.7191214 
yHMPu5000035629_Yueomyces_sinensis 2.7703708 2.5098678 2.8354949 2.9560254 2.7106377 2.8023269 2.4610032 2.5274311 2.5438932 2.5056924 2.5599588 2.5252727 2.5119986 1.7191214 0.0000000 
