15
Candida_glabrata                   0.0000000 1.0176185 0.3263275 0.9400462 0.4059740 0.3148877 0.6679775 0.7193797 0.6605690 0.7262796 0.7499858 0.6766000 0.6632484 0.7525316 0.8049237 
Nakaseomyces_bacillisporus         1.0176185 0.0000000 0.8137774 1.0193018 1.0287820 0.8668722 0.7666381 0.7665467 0.7733678 0.8353971 0.7619744 0.7343864 0.8123375 0.8930126 0.9657476 
Nakaseomyces_bracarensis           0.3263275 0.8137774 0.0000000 0.9037181 0.1977798 0.1216852 0.5261788 0.5688610 0.5048010 0.5918636 0.5584697 0.5485086 0.5071685 0.5487784 0.6642295 
Nakaseomyces_castellii             0.9400462 1.0193018 0.9037181 0.0000000 1.0244552 0.8278803 1.1380786 1.1285287 1.0353361 1.1103603 1.1045534 1.0970766 1.0906793 0.9530445 1.0898917 
Nakaseomyces_delphensis            0.4059740 1.0287820 0.1977798 1.0244552 0.0000000 0.1716149 0.6050200 0.6425252 0.6041529 0.6804751 0.6425340 0.6419196 0.6068910 0.6592099 0.7057573 
Nakaseomyces_nivariensis           0.3148877 0.8668722 0.1216852 0.8278803 0.1716149 0.0000000 0.5958180 0.6115871 0.5413993 0.6226960 0.6239799 0.5827721 0.5641275 0.5619248 0.6767588 
Saccharomyces_arboricola           0.6679775 0.7666381 0.5261788 1.1380786 0.6050200 0.5958180 0.0000000 0.1399861 0.1278098 0.1342987 0.1513541 0.1380535 0.1367102 0.6674994 0.6245074 
Saccharomyces_cerevisiae           0.7193797 0.7665467 0.5688610 1.1285287 0.6425252 0.6115871 0.1399861 0.0000000 0.1330402 0.0995560 0.0809687 0.0447614 0.1431740 0.6708126 0.6826225 
Saccharomyces_eubayanus            0.6605690 0.7733678 0.5048010 1.0353361 0.6041529 0.5413993 0.1278098 0.1330402 0.0000000 0.1333744 0.1317964 0.1304534 0.0404608 0.6437815 0.6462100 
Saccharomyces_kudriavzevii         0.7262796 0.8353971 0.5918636 1.1103603 0.6804751 0.6226960 0.1342987 0.0995560 0.1333744 0.0000000 0.1060640 0.1031795 0.1281375 0.6273780 0.6460989 
Saccharomyces_mikatae              0.7499858 0.7619744 0.5584697 1.1045534 0.6425340 0.6239799 0.1513541 0.0809687 0.1317964 0.1060640 0.0000000 0.0733762 0.1398486 0.6770790 0.6852873 
Saccharomyces_paradoxus            0.6766000 0.7343864 0.5485086 1.0970766 0.6419196 0.5827721 0.1380535 0.0447614 0.1304534 0.1031795 0.0733762 0.0000000 0.1406249 0.6722133 0.7193319 
Saccharomyces_uvarum               0.6632484 0.8123375 0.5071685 1.0906793 0.6068910 0.5641275 0.1367102 0.1431740 0.0404608 0.1281375 0.1398486 0.1406249 0.0000000 0.6888624 0.6179787 
Tetrapisispora_blattae             0.7525316 0.8930126 0.5487784 0.9530445 0.6592099 0.5619248 0.6674994 0.6708126 0.6437815 0.6273780 0.6770790 0.6722133 0.6888624 0.0000000 0.3686677 
yHMPu5000035629_Yueomyces_sinensis 0.8049237 0.9657476 0.6642295 1.0898917 0.7057573 0.6767588 0.6245074 0.6826225 0.6462100 0.6460989 0.6852873 0.7193319 0.6179787 0.3686677 0.0000000 
