15
Candida_glabrata                   0.0000000 1.2538860 0.7846182 1.2554958 0.8235844 0.7951326 1.1872219 1.1839810 1.2023794 1.1944606 1.2200835 1.2314553 1.1861446 1.5301321 1.5697251 
Nakaseomyces_bacillisporus         1.2538860 0.0000000 1.1891808 1.0138501 1.2115496 1.2213641 1.1131154 1.1026758 1.0775515 1.1332237 1.0919292 1.1025441 1.0391581 1.4880680 1.5182109 
Nakaseomyces_bracarensis           0.7846182 1.1891808 0.0000000 1.2835410 0.4796917 0.4142965 1.0852682 1.1248446 1.0924584 1.0863700 1.1627459 1.1531321 1.1110116 1.4112560 1.4050529 
Nakaseomyces_castellii             1.2554958 1.0138501 1.2835410 0.0000000 1.3576972 1.3119489 1.2098664 1.2362113 1.2226918 1.2248880 1.2383559 1.2364238 1.1964516 1.4668171 1.6002577 
Nakaseomyces_delphensis            0.8235844 1.2115496 0.4796917 1.3576972 0.0000000 0.4313637 1.1397400 1.1691320 1.1694806 1.1666001 1.2021378 1.1714085 1.1858170 1.4453081 1.4217355 
Nakaseomyces_nivariensis           0.7951326 1.2213641 0.4142965 1.3119489 0.4313637 0.0000000 1.0999916 1.1036885 1.0962242 1.1006523 1.1804146 1.1233273 1.1069179 1.4597158 1.3470670 
Saccharomyces_arboricola           1.1872219 1.1131154 1.0852682 1.2098664 1.1397400 1.0999916 0.0000000 0.2623654 0.2730111 0.2238119 0.2766001 0.2450393 0.2660531 1.3658664 1.2093109 
Saccharomyces_cerevisiae           1.1839810 1.1026758 1.1248446 1.2362113 1.1691320 1.1036885 0.2623654 0.0000000 0.3066571 0.2460364 0.2122227 0.1188611 0.3006128 1.3303752 1.1876298 
Saccharomyces_eubayanus            1.2023794 1.0775515 1.0924584 1.2226918 1.1694806 1.0962242 0.2730111 0.3066571 0.0000000 0.2482574 0.3333573 0.3014804 0.0735384 1.3649102 1.1946665 
Saccharomyces_kudriavzevii         1.1944606 1.1332237 1.0863700 1.2248880 1.1666001 1.1006523 0.2238119 0.2460364 0.2482574 0.0000000 0.2650475 0.2274129 0.2526379 1.3720747 1.2128904 
Saccharomyces_mikatae              1.2200835 1.0919292 1.1627459 1.2383559 1.2021378 1.1804146 0.2766001 0.2122227 0.3333573 0.2650475 0.0000000 0.2044117 0.3196188 1.3520933 1.1956843 
Saccharomyces_paradoxus            1.2314553 1.1025441 1.1531321 1.2364238 1.1714085 1.1233273 0.2450393 0.1188611 0.3014804 0.2274129 0.2044117 0.0000000 0.2871336 1.3551334 1.2514460 
Saccharomyces_uvarum               1.1861446 1.0391581 1.1110116 1.1964516 1.1858170 1.1069179 0.2660531 0.3006128 0.0735384 0.2526379 0.3196188 0.2871336 0.0000000 1.3459207 1.1855735 
Tetrapisispora_blattae             1.5301321 1.4880680 1.4112560 1.4668171 1.4453081 1.4597158 1.3658664 1.3303752 1.3649102 1.3720747 1.3520933 1.3551334 1.3459207 0.0000000 1.0693122 
yHMPu5000035629_Yueomyces_sinensis 1.5697251 1.5182109 1.4050529 1.6002577 1.4217355 1.3470670 1.2093109 1.1876298 1.1946665 1.2128904 1.1956843 1.2514460 1.1855735 1.0693122 0.0000000 
