15
Candida_glabrata                   0.0000000 0.8730746 0.5285403 1.0907702 0.5569546 0.4421609 0.8156705 0.8397775 0.8063310 0.8177473 0.8696176 0.8370050 0.8035132 0.9142849 0.9380595 
Nakaseomyces_bacillisporus         0.8730746 0.0000000 0.9075284 1.0126500 0.9277598 0.8758771 0.9450341 0.9359718 0.8987452 0.9343293 0.9855077 0.9326787 0.8812375 1.0773270 1.0665313 
Nakaseomyces_bracarensis           0.5285403 0.9075284 0.0000000 1.0713471 0.3514150 0.2384042 0.7793461 0.8441885 0.7734345 0.8048041 0.8218759 0.8332313 0.7948348 0.9078782 0.9303117 
Nakaseomyces_castellii             1.0907702 1.0126500 1.0713471 0.0000000 1.1836377 1.1387116 1.0593131 0.9831036 0.9815791 1.0573860 1.0579266 1.0128167 0.9768047 1.1958935 1.2269159 
Nakaseomyces_delphensis            0.5569546 0.9277598 0.3514150 1.1836377 0.0000000 0.2542972 0.8662642 0.8878008 0.8455760 0.8863680 0.9112267 0.9193084 0.8849449 0.9062218 1.0079414 
Nakaseomyces_nivariensis           0.4421609 0.8758771 0.2384042 1.1387116 0.2542972 0.0000000 0.7103287 0.7505669 0.6854034 0.7300378 0.7313835 0.7611335 0.6763872 0.7933656 0.8700104 
Saccharomyces_arboricola           0.8156705 0.9450341 0.7793461 1.0593131 0.8662642 0.7103287 0.0000000 0.2379771 0.1845016 0.2012257 0.2237296 0.2458073 0.1911936 0.8487263 0.9039158 
Saccharomyces_cerevisiae           0.8397775 0.9359718 0.8441885 0.9831036 0.8878008 0.7505669 0.2379771 0.0000000 0.2238825 0.2245580 0.1591748 0.0977519 0.2204056 0.9142653 0.9554117 
Saccharomyces_eubayanus            0.8063310 0.8987452 0.7734345 0.9815791 0.8455760 0.6854034 0.1845016 0.2238825 0.0000000 0.2102074 0.2194056 0.2304587 0.0474007 0.8306141 0.8846072 
Saccharomyces_kudriavzevii         0.8177473 0.9343293 0.8048041 1.0573860 0.8863680 0.7300378 0.2012257 0.2245580 0.2102074 0.0000000 0.2099196 0.2316174 0.2122642 0.9256328 0.9423852 
Saccharomyces_mikatae              0.8696176 0.9855077 0.8218759 1.0579266 0.9112267 0.7313835 0.2237296 0.1591748 0.2194056 0.2099196 0.0000000 0.1648223 0.2171232 0.9269225 0.9409567 
Saccharomyces_paradoxus            0.8370050 0.9326787 0.8332313 1.0128167 0.9193084 0.7611335 0.2458073 0.0977519 0.2304587 0.2316174 0.1648223 0.0000000 0.2360615 0.9116492 0.9656982 
Saccharomyces_uvarum               0.8035132 0.8812375 0.7948348 0.9768047 0.8849449 0.6763872 0.1911936 0.2204056 0.0474007 0.2122642 0.2171232 0.2360615 0.0000000 0.8078277 0.8993176 
Tetrapisispora_blattae             0.9142849 1.0773270 0.9078782 1.1958935 0.9062218 0.7933656 0.8487263 0.9142653 0.8306141 0.9256328 0.9269225 0.9116492 0.8078277 0.0000000 0.6522468 
yHMPu5000035629_Yueomyces_sinensis 0.9380595 1.0665313 0.9303117 1.2269159 1.0079414 0.8700104 0.9039158 0.9554117 0.8846072 0.9423852 0.9409567 0.9656982 0.8993176 0.6522468 0.0000000 
