15
Candida_glabrata                   0.0000000 2.1901128 0.9430021 2.1633292 0.9136299 0.7057337 1.7117904 1.7343667 1.7024466 1.7967524 1.7620787 1.7022516 1.6813016 2.1221712 1.8815539 
Nakaseomyces_bacillisporus         2.1901128 0.0000000 2.5602408 3.1493789 2.5440253 2.2365647 1.9038675 2.0482620 1.9083855 2.0397751 2.0387837 1.9551101 1.9281527 2.5043109 2.5621725 
Nakaseomyces_bracarensis           0.9430021 2.5602408 0.0000000 2.1604359 0.6849248 0.4869797 1.7563832 1.7368901 1.7775319 1.8634467 1.8586064 1.7409883 1.8632106 1.8868351 2.0685162 
Nakaseomyces_castellii             2.1633292 3.1493789 2.1604359 0.0000000 2.4501773 2.0806566 1.9674394 1.9994552 2.0330129 1.9952895 2.1297394 1.9750767 2.0520605 2.5942028 2.9084243 
Nakaseomyces_delphensis            0.9136299 2.5440253 0.6849248 2.4501773 0.0000000 0.5488202 1.8661372 1.8534728 1.8293506 1.9624532 1.9600949 1.9220230 1.9285492 2.2717712 2.1112631 
Nakaseomyces_nivariensis           0.7057337 2.2365647 0.4869797 2.0806566 0.5488202 0.0000000 1.6897869 1.6202453 1.6621227 1.8093187 1.7197878 1.5920328 1.7181620 2.1608797 2.0838914 
Saccharomyces_arboricola           1.7117904 1.9038675 1.7563832 1.9674394 1.8661372 1.6897869 0.0000000 0.3243085 0.2512595 0.2221237 0.3243196 0.2706670 0.2549478 1.6183975 1.5973197 
Saccharomyces_cerevisiae           1.7343667 2.0482620 1.7368901 1.9994552 1.8534728 1.6202453 0.3243085 0.0000000 0.3706526 0.2764453 0.2687794 0.1370077 0.3480535 1.5896886 1.6057181 
Saccharomyces_eubayanus            1.7024466 1.9083855 1.7775319 2.0330129 1.8293506 1.6621227 0.2512595 0.3706526 0.0000000 0.2483518 0.3471818 0.3182263 0.0827642 1.4768645 1.5778863 
Saccharomyces_kudriavzevii         1.7967524 2.0397751 1.8634467 1.9952895 1.9624532 1.8093187 0.2221237 0.2764453 0.2483518 0.0000000 0.2943512 0.2137373 0.2455312 1.5640062 1.6560559 
Saccharomyces_mikatae              1.7620787 2.0387837 1.8586064 2.1297394 1.9600949 1.7197878 0.3243196 0.2687794 0.3471818 0.2943512 0.0000000 0.2024793 0.3614384 1.5816265 1.6158903 
Saccharomyces_paradoxus            1.7022516 1.9551101 1.7409883 1.9750767 1.9220230 1.5920328 0.2706670 0.1370077 0.3182263 0.2137373 0.2024793 0.0000000 0.3022343 1.5959358 1.6263168 
Saccharomyces_uvarum               1.6813016 1.9281527 1.8632106 2.0520605 1.9285492 1.7181620 0.2549478 0.3480535 0.0827642 0.2455312 0.3614384 0.3022343 0.0000000 1.5469084 1.5944619 
Tetrapisispora_blattae             2.1221712 2.5043109 1.8868351 2.5942028 2.2717712 2.1608797 1.6183975 1.5896886 1.4768645 1.5640062 1.5816265 1.5959358 1.5469084 0.0000000 0.9043092 
yHMPu5000035629_Yueomyces_sinensis 1.8815539 2.5621725 2.0685162 2.9084243 2.1112631 2.0838914 1.5973197 1.6057181 1.5778863 1.6560559 1.6158903 1.6263168 1.5944619 0.9043092 0.0000000 
