15
Candida_glabrata                   0.0000000 1.1787809 0.7032655 1.6506511 0.7951061 0.7072868 1.1779196 1.1699632 1.1165399 1.1216653 1.1733428 1.1695123 1.1606753 1.4923861 1.4908896 
Nakaseomyces_bacillisporus         1.1787809 0.0000000 1.2434317 1.4605387 1.3499983 1.2439114 1.2082047 1.1917975 1.1841320 1.1716217 1.2164662 1.1701951 1.1539484 1.3954782 1.3655207 
Nakaseomyces_bracarensis           0.7032655 1.2434317 0.0000000 1.8272256 0.5194154 0.3800812 1.2599915 1.2652864 1.2402404 1.2177879 1.2459485 1.2510646 1.2708817 1.4462280 1.5532976 
Nakaseomyces_castellii             1.6506511 1.4605387 1.8272256 0.0000000 1.7627936 1.7466365 1.7622428 1.7354165 1.7319934 1.7254418 1.7816243 1.7695864 1.7363009 2.0480476 2.1151003 
Nakaseomyces_delphensis            0.7951061 1.3499983 0.5194154 1.7627936 0.0000000 0.4329610 1.3107140 1.2493324 1.2694241 1.2232133 1.2513668 1.2514995 1.2632720 1.6186951 1.5434045 
Nakaseomyces_nivariensis           0.7072868 1.2439114 0.3800812 1.7466365 0.4329610 0.0000000 1.2497439 1.2099800 1.2146562 1.1736588 1.2229565 1.2107785 1.2407893 1.4340189 1.5178755 
Saccharomyces_arboricola           1.1779196 1.2082047 1.2599915 1.7622428 1.3107140 1.2497439 0.0000000 0.3610171 0.3461769 0.3208803 0.3556661 0.3258848 0.3247418 1.4772860 1.7309385 
Saccharomyces_cerevisiae           1.1699632 1.1917975 1.2652864 1.7354165 1.2493324 1.2099800 0.3610171 0.0000000 0.4377071 0.3298874 0.3118994 0.1573598 0.3967569 1.4915833 1.6315124 
Saccharomyces_eubayanus            1.1165399 1.1841320 1.2402404 1.7319934 1.2694241 1.2146562 0.3461769 0.4377071 0.0000000 0.3670343 0.4087947 0.3765199 0.1192034 1.4451592 1.6495451 
Saccharomyces_kudriavzevii         1.1216653 1.1716217 1.2177879 1.7254418 1.2232133 1.1736588 0.3208803 0.3298874 0.3670343 0.0000000 0.3240225 0.3055244 0.3399843 1.4460003 1.6286163 
Saccharomyces_mikatae              1.1733428 1.2164662 1.2459485 1.7816243 1.2513668 1.2229565 0.3556661 0.3118994 0.4087947 0.3240225 0.0000000 0.2687072 0.3888420 1.4641244 1.6272097 
Saccharomyces_paradoxus            1.1695123 1.1701951 1.2510646 1.7695864 1.2514995 1.2107785 0.3258848 0.1573598 0.3765199 0.3055244 0.2687072 0.0000000 0.3548834 1.4792364 1.6617629 
Saccharomyces_uvarum               1.1606753 1.1539484 1.2708817 1.7363009 1.2632720 1.2407893 0.3247418 0.3967569 0.1192034 0.3399843 0.3888420 0.3548834 0.0000000 1.4405739 1.6536842 
Tetrapisispora_blattae             1.4923861 1.3954782 1.4462280 2.0480476 1.6186951 1.4340189 1.4772860 1.4915833 1.4451592 1.4460003 1.4641244 1.4792364 1.4405739 0.0000000 1.3636994 
yHMPu5000035629_Yueomyces_sinensis 1.4908896 1.3655207 1.5532976 2.1151003 1.5434045 1.5178755 1.7309385 1.6315124 1.6495451 1.6286163 1.6272097 1.6617629 1.6536842 1.3636994 0.0000000 
