15
Candida_glabrata                   0.0000000 0.6978008 0.2724750 0.8918042 0.3827310 0.2081556 0.6013415 0.5800696 0.6186348 0.6371772 0.5856740 0.6526790 0.6059687 1.0980851 1.3309463 
Nakaseomyces_bacillisporus         0.6978008 0.0000000 0.7615122 0.7895877 0.8088472 0.7501972 0.7656300 0.7473748 0.7586970 0.8251046 0.7646349 0.8487470 0.7854844 0.9852935 1.1024409 
Nakaseomyces_bracarensis           0.2724750 0.7615122 0.0000000 0.8861879 0.2804972 0.1692485 0.6117714 0.5720432 0.6353564 0.6261867 0.5783037 0.6361688 0.6086320 1.0627740 1.2261238 
Nakaseomyces_castellii             0.8918042 0.7895877 0.8861879 0.0000000 1.0158823 0.9354214 0.8310746 0.8253831 0.8792731 0.8741314 0.8486916 0.8744518 0.8825096 1.1296042 1.3331220 
Nakaseomyces_delphensis            0.3827310 0.8088472 0.2804972 1.0158823 0.0000000 0.2561930 0.6638163 0.6307994 0.6983937 0.6910498 0.6242952 0.7121041 0.6737872 1.1430934 1.2881656 
Nakaseomyces_nivariensis           0.2081556 0.7501972 0.1692485 0.9354214 0.2561930 0.0000000 0.6292068 0.5787065 0.6438263 0.6569761 0.5983896 0.6490595 0.6004251 1.0777345 1.2570404 
Saccharomyces_arboricola           0.6013415 0.7656300 0.6117714 0.8310746 0.6638163 0.6292068 0.0000000 0.1653275 0.1408058 0.1662887 0.1782614 0.1762391 0.1711237 1.0930891 1.2016014 
Saccharomyces_cerevisiae           0.5800696 0.7473748 0.5720432 0.8253831 0.6307994 0.5787065 0.1653275 0.0000000 0.2012367 0.2060880 0.1486769 0.1136855 0.2074115 1.0295409 1.1377593 
Saccharomyces_eubayanus            0.6186348 0.7586970 0.6353564 0.8792731 0.6983937 0.6438263 0.1408058 0.2012367 0.0000000 0.1797820 0.1782384 0.1987790 0.0583885 1.1079096 1.1961037 
Saccharomyces_kudriavzevii         0.6371772 0.8251046 0.6261867 0.8741314 0.6910498 0.6569761 0.1662887 0.2060880 0.1797820 0.0000000 0.1872233 0.2068795 0.1825586 1.1710636 1.2453482 
Saccharomyces_mikatae              0.5856740 0.7646349 0.5783037 0.8486916 0.6242952 0.5983896 0.1782614 0.1486769 0.1782384 0.1872233 0.0000000 0.1323107 0.1795115 1.0311076 1.1075706 
Saccharomyces_paradoxus            0.6526790 0.8487470 0.6361688 0.8744518 0.7121041 0.6490595 0.1762391 0.1136855 0.1987790 0.2068795 0.1323107 0.0000000 0.2159999 1.1042268 1.2312691 
Saccharomyces_uvarum               0.6059687 0.7854844 0.6086320 0.8825096 0.6737872 0.6004251 0.1711237 0.2074115 0.0583885 0.1825586 0.1795115 0.2159999 0.0000000 1.0939006 1.1849732 
Tetrapisispora_blattae             1.0980851 0.9852935 1.0627740 1.1296042 1.1430934 1.0777345 1.0930891 1.0295409 1.1079096 1.1710636 1.0311076 1.1042268 1.0939006 0.0000000 0.7165333 
yHMPu5000035629_Yueomyces_sinensis 1.3309463 1.1024409 1.2261238 1.3331220 1.2881656 1.2570404 1.2016014 1.1377593 1.1961037 1.2453482 1.1075706 1.2312691 1.1849732 0.7165333 0.0000000 
