15
Candida_glabrata                   0.0000000 1.6479621 0.7859657 2.4034142 0.8262355 0.7349344 1.1825840 1.2981559 1.1340386 1.3320729 1.2356016 1.1659329 1.1251428 4.6700048 2.4294265 
Nakaseomyces_bacillisporus         1.6479621 0.0000000 1.7752454 2.0830799 1.5877071 1.4763395 0.9787149 0.9588907 0.9784042 1.0432201 0.9807972 0.9613784 1.0210805 5.1529003 2.6427170 
Nakaseomyces_bracarensis           0.7859657 1.7752454 0.0000000 2.4358115 0.5699585 0.4894441 1.5140039 1.4645849 1.4669794 1.3545328 1.4918630 1.4913954 1.5636993 4.5512795 2.3261488 
Nakaseomyces_castellii             2.4034142 2.0830799 2.4358115 0.0000000 2.5704429 2.5266223 1.7433166 1.6599276 1.5087693 1.6924038 1.5595188 1.6376698 1.4805620 5.2598612 3.5380420 
Nakaseomyces_delphensis            0.8262355 1.5877071 0.5699585 2.5704429 0.0000000 0.4478630 1.2152518 1.1986198 1.1968776 1.1130338 1.1800866 1.1726441 1.2094907 4.9165554 2.4355791 
Nakaseomyces_nivariensis           0.7349344 1.4763395 0.4894441 2.5266223 0.4478630 0.0000000 1.3715979 1.3416685 1.2359614 1.1641251 1.2574020 1.3026437 1.3677875 4.6008244 2.5407659 
Saccharomyces_arboricola           1.1825840 0.9787149 1.5140039 1.7433166 1.2152518 1.3715979 0.0000000 0.2698811 0.2820494 0.2604875 0.3289522 0.2578637 0.2658288 3.8326519 2.2478110 
Saccharomyces_cerevisiae           1.2981559 0.9588907 1.4645849 1.6599276 1.1986198 1.3416685 0.2698811 0.0000000 0.2272790 0.2253715 0.1927399 0.0940421 0.2359733 3.6231157 2.3517016 
Saccharomyces_eubayanus            1.1340386 0.9784042 1.4669794 1.5087693 1.1968776 1.2359614 0.2820494 0.2272790 0.0000000 0.2680685 0.3144466 0.2222042 0.0640782 3.7111122 2.1484171 
Saccharomyces_kudriavzevii         1.3320729 1.0432201 1.3545328 1.6924038 1.1130338 1.1641251 0.2604875 0.2253715 0.2680685 0.0000000 0.2869830 0.2123391 0.2783711 3.6792874 2.0642657 
Saccharomyces_mikatae              1.2356016 0.9807972 1.4918630 1.5595188 1.1800866 1.2574020 0.3289522 0.1927399 0.3144466 0.2869830 0.0000000 0.1543144 0.3136076 4.0131484 2.3195871 
Saccharomyces_paradoxus            1.1659329 0.9613784 1.4913954 1.6376698 1.1726441 1.3026437 0.2578637 0.0940421 0.2222042 0.2123391 0.1543144 0.0000000 0.1970224 3.6756847 2.3672750 
Saccharomyces_uvarum               1.1251428 1.0210805 1.5636993 1.4805620 1.2094907 1.3677875 0.2658288 0.2359733 0.0640782 0.2783711 0.3136076 0.1970224 0.0000000 3.7084235 2.2483086 
Tetrapisispora_blattae             4.6700048 5.1529003 4.5512795 5.2598612 4.9165554 4.6008244 3.8326519 3.6231157 3.7111122 3.6792874 4.0131484 3.6756847 3.7084235 0.0000000 5.3453454 
yHMPu5000035629_Yueomyces_sinensis 2.4294265 2.6427170 2.3261488 3.5380420 2.4355791 2.5407659 2.2478110 2.3517016 2.1484171 2.0642657 2.3195871 2.3672750 2.2483086 5.3453454 0.0000000 
