15
Candida_glabrata                   0.0000000 1.5769321 0.9114109 3.3265850 0.8929812 0.8219525 1.6375279 1.5206437 1.5331342 1.6382814 1.5720351 1.5483889 1.5309165 1.6774341 2.2026800 
Nakaseomyces_bacillisporus         1.5769321 0.0000000 1.5950284 2.8803626 1.3553649 1.3868986 1.5877379 1.5560834 1.4967491 1.5922012 1.4981166 1.7126752 1.4748459 1.7478407 1.7409706 
Nakaseomyces_bracarensis           0.9114109 1.5950284 0.0000000 3.2448141 0.6657824 0.6079172 1.4296697 1.4673255 1.4124075 1.3877581 1.4028011 1.5230396 1.3625910 1.8890529 1.8580265 
Nakaseomyces_castellii             3.3265850 2.8803626 3.2448141 0.0000000 3.0811641 2.9206852 3.0300182 2.9581691 3.0291655 2.9491818 3.1382685 3.1687369 2.8468342 3.6474937 3.4266116 
Nakaseomyces_delphensis            0.8929812 1.3553649 0.6657824 3.0811641 0.0000000 0.4893816 1.5076827 1.3413168 1.2834287 1.3730436 1.3595530 1.4341223 1.2967787 1.7882842 2.0304556 
Nakaseomyces_nivariensis           0.8219525 1.3868986 0.6079172 2.9206852 0.4893816 0.0000000 1.2738016 1.2367515 1.2751196 1.2575187 1.2006650 1.2814534 1.2244549 1.9241783 1.8974699 
Saccharomyces_arboricola           1.6375279 1.5877379 1.4296697 3.0300182 1.5076827 1.2738016 0.0000000 0.2794186 0.2514192 0.2419577 0.2959687 0.2717021 0.2703696 1.6663300 1.5211698 
Saccharomyces_cerevisiae           1.5206437 1.5560834 1.4673255 2.9581691 1.3413168 1.2367515 0.2794186 0.0000000 0.3298169 0.2685553 0.2864463 0.1268853 0.3554090 1.6323421 1.4661675 
Saccharomyces_eubayanus            1.5331342 1.4967491 1.4124075 3.0291655 1.2834287 1.2751196 0.2514192 0.3298169 0.0000000 0.2435074 0.3360789 0.3261072 0.0977832 1.6454989 1.4436306 
Saccharomyces_kudriavzevii         1.6382814 1.5922012 1.3877581 2.9491818 1.3730436 1.2575187 0.2419577 0.2685553 0.2435074 0.0000000 0.2827902 0.2849324 0.2682658 1.7817500 1.5484151 
Saccharomyces_mikatae              1.5720351 1.4981166 1.4028011 3.1382685 1.3595530 1.2006650 0.2959687 0.2864463 0.3360789 0.2827902 0.0000000 0.2590528 0.3712240 1.7386933 1.6026132 
Saccharomyces_paradoxus            1.5483889 1.7126752 1.5230396 3.1687369 1.4341223 1.2814534 0.2717021 0.1268853 0.3261072 0.2849324 0.2590528 0.0000000 0.3393433 1.6545968 1.5262294 
Saccharomyces_uvarum               1.5309165 1.4748459 1.3625910 2.8468342 1.2967787 1.2244549 0.2703696 0.3554090 0.0977832 0.2682658 0.3712240 0.3393433 0.0000000 1.6026439 1.4754158 
Tetrapisispora_blattae             1.6774341 1.7478407 1.8890529 3.6474937 1.7882842 1.9241783 1.6663300 1.6323421 1.6454989 1.7817500 1.7386933 1.6545968 1.6026439 0.0000000 1.1260411 
yHMPu5000035629_Yueomyces_sinensis 2.2026800 1.7409706 1.8580265 3.4266116 2.0304556 1.8974699 1.5211698 1.4661675 1.4436306 1.5484151 1.6026132 1.5262294 1.4754158 1.1260411 0.0000000 
