15
Candida_glabrata                   0.0000000 1.9184003 0.7642580 2.0359273 0.8613719 0.8270293 2.0620937 2.0301770 1.9751248 1.9513089 2.0933393 1.9818810 1.9642666 1.7349787 2.7608659 
Nakaseomyces_bacillisporus         1.9184003 0.0000000 1.9618295 1.6855370 2.0470939 1.8888708 2.4025530 2.3938772 2.3110636 2.3594207 2.5038294 2.4448731 2.3064979 2.3030438 3.1175586 
Nakaseomyces_bracarensis           0.7642580 1.9618295 0.0000000 1.9784990 0.5181034 0.5120047 2.0348263 2.1513576 2.1083695 2.0564833 2.1533130 2.0742128 2.0932771 1.7460912 3.0248419 
Nakaseomyces_castellii             2.0359273 1.6855370 1.9784990 0.0000000 2.0018521 1.9835071 2.4837938 2.4523351 2.4000104 2.4283815 2.5536151 2.4473530 2.3356912 2.0622506 3.2852834 
Nakaseomyces_delphensis            0.8613719 2.0470939 0.5181034 2.0018521 0.0000000 0.4223333 2.2122828 2.2979708 2.1461667 2.1424372 2.2236725 2.1920382 2.2297371 2.0058576 2.9642155 
Nakaseomyces_nivariensis           0.8270293 1.8888708 0.5120047 1.9835071 0.4223333 0.0000000 2.2251561 2.2761852 2.1874279 2.2152881 2.2021374 2.2214008 2.1974812 1.7450926 2.8528815 
Saccharomyces_arboricola           2.0620937 2.4025530 2.0348263 2.4837938 2.2122828 2.2251561 0.0000000 0.2780669 0.2727089 0.2569998 0.2675341 0.2833451 0.2484054 2.2649808 3.0832535 
Saccharomyces_cerevisiae           2.0301770 2.3938772 2.1513576 2.4523351 2.2979708 2.2761852 0.2780669 0.0000000 0.3306053 0.2821349 0.2071885 0.1186145 0.3265040 2.3046762 3.0426446 
Saccharomyces_eubayanus            1.9751248 2.3110636 2.1083695 2.4000104 2.1461667 2.1874279 0.2727089 0.3306053 0.0000000 0.2948157 0.3158250 0.3014005 0.0849363 2.1983462 2.9452907 
Saccharomyces_kudriavzevii         1.9513089 2.3594207 2.0564833 2.4283815 2.1424372 2.2152881 0.2569998 0.2821349 0.2948157 0.0000000 0.2801861 0.2647685 0.2955482 2.1612448 2.9922434 
Saccharomyces_mikatae              2.0933393 2.5038294 2.1533130 2.5536151 2.2236725 2.2021374 0.2675341 0.2071885 0.3158250 0.2801861 0.0000000 0.1926739 0.3202488 2.2647499 3.0798275 
Saccharomyces_paradoxus            1.9818810 2.4448731 2.0742128 2.4473530 2.1920382 2.2214008 0.2833451 0.1186145 0.3014005 0.2647685 0.1926739 0.0000000 0.2977649 2.2850664 3.0697437 
Saccharomyces_uvarum               1.9642666 2.3064979 2.0932771 2.3356912 2.2297371 2.1974812 0.2484054 0.3265040 0.0849363 0.2955482 0.3202488 0.2977649 0.0000000 2.1895815 2.9265960 
Tetrapisispora_blattae             1.7349787 2.3030438 1.7460912 2.0622506 2.0058576 1.7450926 2.2649808 2.3046762 2.1983462 2.1612448 2.2647499 2.2850664 2.1895815 0.0000000 2.1103490 
yHMPu5000035629_Yueomyces_sinensis 2.7608659 3.1175586 3.0248419 3.2852834 2.9642155 2.8528815 3.0832535 3.0426446 2.9452907 2.9922434 3.0798275 3.0697437 2.9265960 2.1103490 0.0000000 
