15
Candida_glabrata                   0.0000000 1.2831611 0.7790388 1.5275376 0.8396282 0.7542893 1.1782733 1.2351403 1.1836531 1.2253847 1.2495954 1.2580427 1.1899999 1.4393128 1.3162378 
Nakaseomyces_bacillisporus         1.2831611 0.0000000 1.1725897 1.3135020 1.1720564 1.1576014 1.0001946 1.0495785 0.9958155 1.0274430 1.0608355 1.0685565 0.9917695 1.2348205 1.1638865 
Nakaseomyces_bracarensis           0.7790388 1.1725897 0.0000000 1.4672793 0.4545905 0.3785081 1.0739007 1.0459178 1.0131280 1.0472378 1.0835434 1.0713924 1.0196354 1.1667247 1.1211775 
Nakaseomyces_castellii             1.5275376 1.3135020 1.4672793 0.0000000 1.4418405 1.3811224 1.3257829 1.3234461 1.3574467 1.3589419 1.3262116 1.3764520 1.3586781 1.5644779 1.4418191 
Nakaseomyces_delphensis            0.8396282 1.1720564 0.4545905 1.4418405 0.0000000 0.3787140 1.0791761 1.0758296 1.0320462 1.0480327 1.0716903 1.0982498 1.0253813 1.2953259 1.2307587 
Nakaseomyces_nivariensis           0.7542893 1.1576014 0.3785081 1.3811224 0.3787140 0.0000000 1.0756482 1.0349510 1.0220698 1.0559636 1.0660415 1.0362077 1.0306187 1.1675370 1.1564760 
Saccharomyces_arboricola           1.1782733 1.0001946 1.0739007 1.3257829 1.0791761 1.0756482 0.0000000 0.2611147 0.2130004 0.2187616 0.2471093 0.2410455 0.2172475 1.1355642 1.0551295 
Saccharomyces_cerevisiae           1.2351403 1.0495785 1.0459178 1.3234461 1.0758296 1.0349510 0.2611147 0.0000000 0.2560862 0.2546217 0.2006477 0.1226606 0.2712776 1.1598842 1.0775810 
Saccharomyces_eubayanus            1.1836531 0.9958155 1.0131280 1.3574467 1.0320462 1.0220698 0.2130004 0.2560862 0.0000000 0.2177243 0.2462671 0.2387966 0.0583168 1.0534110 1.0015178 
Saccharomyces_kudriavzevii         1.2253847 1.0274430 1.0472378 1.3589419 1.0480327 1.0559636 0.2187616 0.2546217 0.2177243 0.0000000 0.2194865 0.2387702 0.2194214 1.1344564 1.0650884 
Saccharomyces_mikatae              1.2495954 1.0608355 1.0835434 1.3262116 1.0716903 1.0660415 0.2471093 0.2006477 0.2462671 0.2194865 0.0000000 0.1844530 0.2589542 1.1331354 1.0450380 
Saccharomyces_paradoxus            1.2580427 1.0685565 1.0713924 1.3764520 1.0982498 1.0362077 0.2410455 0.1226606 0.2387966 0.2387702 0.1844530 0.0000000 0.2438660 1.1455083 1.0214837 
Saccharomyces_uvarum               1.1899999 0.9917695 1.0196354 1.3586781 1.0253813 1.0306187 0.2172475 0.2712776 0.0583168 0.2194214 0.2589542 0.2438660 0.0000000 1.0824275 1.0089598 
Tetrapisispora_blattae             1.4393128 1.2348205 1.1667247 1.5644779 1.2953259 1.1675370 1.1355642 1.1598842 1.0534110 1.1344564 1.1331354 1.1455083 1.0824275 0.0000000 0.9496083 
yHMPu5000035629_Yueomyces_sinensis 1.3162378 1.1638865 1.1211775 1.4418191 1.2307587 1.1564760 1.0551295 1.0775810 1.0015178 1.0650884 1.0450380 1.0214837 1.0089598 0.9496083 0.0000000 
