15
Candida_glabrata                   0.0000000 0.7076690 0.4368947 0.7542576 0.3678590 0.3836968 0.5737022 0.5543247 0.6228312 0.5745553 0.5962029 0.5666252 0.6955791 0.6908297 0.8915208 
Nakaseomyces_bacillisporus         0.7076690 0.0000000 0.6669342 0.6633733 0.6648314 0.6191445 0.6157193 0.6121613 0.6168505 0.6168674 0.6760444 0.6029615 0.6711027 0.5319721 1.1136175 
Nakaseomyces_bracarensis           0.4368947 0.6669342 0.0000000 0.8277388 0.3258816 0.2813715 0.6429523 0.6026985 0.6269766 0.5950291 0.6181086 0.5889701 0.6959987 0.7789298 1.1025404 
Nakaseomyces_castellii             0.7542576 0.6633733 0.8277388 0.0000000 0.8031087 0.7632320 0.8874906 0.8739359 0.8345789 0.8449398 0.8513529 0.8426671 0.9027440 0.6845981 1.2319540 
Nakaseomyces_delphensis            0.3678590 0.6648314 0.3258816 0.8031087 0.0000000 0.2671078 0.6101292 0.5978918 0.5355257 0.5337651 0.5679581 0.5984122 0.5794596 0.6285769 0.9338272 
Nakaseomyces_nivariensis           0.3836968 0.6191445 0.2813715 0.7632320 0.2671078 0.0000000 0.5741337 0.5959323 0.5701132 0.5350367 0.5803710 0.5524867 0.6115030 0.6445741 0.8896124 
Saccharomyces_arboricola           0.5737022 0.6157193 0.6429523 0.8874906 0.6101292 0.5741337 0.0000000 0.1608181 0.1528052 0.1554234 0.1859450 0.1549263 0.2221119 0.5680775 1.0869042 
Saccharomyces_cerevisiae           0.5543247 0.6121613 0.6026985 0.8739359 0.5978918 0.5959323 0.1608181 0.0000000 0.1756961 0.1645909 0.1478376 0.0670801 0.2331235 0.5729200 1.0667483 
Saccharomyces_eubayanus            0.6228312 0.6168505 0.6269766 0.8345789 0.5355257 0.5701132 0.1528052 0.1756961 0.0000000 0.1851439 0.2114015 0.1486811 0.0915678 0.5972674 1.0797259 
Saccharomyces_kudriavzevii         0.5745553 0.6168674 0.5950291 0.8449398 0.5337651 0.5350367 0.1554234 0.1645909 0.1851439 0.0000000 0.1676610 0.1439641 0.2440653 0.6338702 1.1386964 
Saccharomyces_mikatae              0.5962029 0.6760444 0.6181086 0.8513529 0.5679581 0.5803710 0.1859450 0.1478376 0.2114015 0.1676610 0.0000000 0.1058043 0.2817432 0.6624689 1.2063243 
Saccharomyces_paradoxus            0.5666252 0.6029615 0.5889701 0.8426671 0.5984122 0.5524867 0.1549263 0.0670801 0.1486811 0.1439641 0.1058043 0.0000000 0.2168335 0.5923710 1.1054814 
Saccharomyces_uvarum               0.6955791 0.6711027 0.6959987 0.9027440 0.5794596 0.6115030 0.2221119 0.2331235 0.0915678 0.2440653 0.2817432 0.2168335 0.0000000 0.6792667 1.1821762 
Tetrapisispora_blattae             0.6908297 0.5319721 0.7789298 0.6845981 0.6285769 0.6445741 0.5680775 0.5729200 0.5972674 0.6338702 0.6624689 0.5923710 0.6792667 0.0000000 0.8920402 
yHMPu5000035629_Yueomyces_sinensis 0.8915208 1.1136175 1.1025404 1.2319540 0.9338272 0.8896124 1.0869042 1.0667483 1.0797259 1.1386964 1.2063243 1.1054814 1.1821762 0.8920402 0.0000000 
