15
Candida_glabrata                   0.0000000 0.9378589 0.6356937 1.1638040 0.7183080 0.5414201 0.8270960 0.8357950 0.8529345 0.8344133 0.8160911 0.8312586 0.8615114 0.9369625 0.9110157 
Nakaseomyces_bacillisporus         0.9378589 0.0000000 0.9105342 1.1228465 0.8734735 0.8201977 0.8091341 0.8087444 0.7799310 0.8810686 0.8443899 0.8333138 0.7576852 0.8346950 0.9261811 
Nakaseomyces_bracarensis           0.6356937 0.9105342 0.0000000 1.1896292 0.4846003 0.3409260 0.8194779 0.7913058 0.8180318 0.8081286 0.8051109 0.7928819 0.8221029 0.8544843 0.9887319 
Nakaseomyces_castellii             1.1638040 1.1228465 1.1896292 0.0000000 1.0646598 1.0645079 1.1953029 1.1910532 1.2125180 1.1801273 1.2229874 1.1122267 1.1739535 1.1568490 1.2230538 
Nakaseomyces_delphensis            0.7183080 0.8734735 0.4846003 1.0646598 0.0000000 0.3722379 0.8168408 0.8257783 0.8030840 0.8556283 0.8000173 0.7892919 0.8056728 0.9073111 0.9847997 
Nakaseomyces_nivariensis           0.5414201 0.8201977 0.3409260 1.0645079 0.3722379 0.0000000 0.7501753 0.7706194 0.7602280 0.7970567 0.7315196 0.7457755 0.7747604 0.8054236 0.8543964 
Saccharomyces_arboricola           0.8270960 0.8091341 0.8194779 1.1953029 0.8168408 0.7501753 0.0000000 0.2312242 0.1775165 0.2016658 0.1989166 0.2180111 0.1653944 0.7614126 0.8832193 
Saccharomyces_cerevisiae           0.8357950 0.8087444 0.7913058 1.1910532 0.8257783 0.7706194 0.2312242 0.0000000 0.2363138 0.1960768 0.1568156 0.0833502 0.2408411 0.7313541 0.8741711 
Saccharomyces_eubayanus            0.8529345 0.7799310 0.8180318 1.2125180 0.8030840 0.7602280 0.1775165 0.2363138 0.0000000 0.2085872 0.2043922 0.2146154 0.0649718 0.7096379 0.8489573 
Saccharomyces_kudriavzevii         0.8344133 0.8810686 0.8081286 1.1801273 0.8556283 0.7970567 0.2016658 0.1960768 0.2085872 0.0000000 0.2039235 0.1964190 0.1887517 0.7523776 0.9083142 
Saccharomyces_mikatae              0.8160911 0.8443899 0.8051109 1.2229874 0.8000173 0.7315196 0.1989166 0.1568156 0.2043922 0.2039235 0.0000000 0.1391588 0.2068733 0.7255360 0.8594202 
Saccharomyces_paradoxus            0.8312586 0.8333138 0.7928819 1.1122267 0.7892919 0.7457755 0.2180111 0.0833502 0.2146154 0.1964190 0.1391588 0.0000000 0.2028952 0.7415646 0.8806484 
Saccharomyces_uvarum               0.8615114 0.7576852 0.8221029 1.1739535 0.8056728 0.7747604 0.1653944 0.2408411 0.0649718 0.1887517 0.2068733 0.2028952 0.0000000 0.7285552 0.8774371 
Tetrapisispora_blattae             0.9369625 0.8346950 0.8544843 1.1568490 0.9073111 0.8054236 0.7614126 0.7313541 0.7096379 0.7523776 0.7255360 0.7415646 0.7285552 0.0000000 0.5916335 
yHMPu5000035629_Yueomyces_sinensis 0.9110157 0.9261811 0.9887319 1.2230538 0.9847997 0.8543964 0.8832193 0.8741711 0.8489573 0.9083142 0.8594202 0.8806484 0.8774371 0.5916335 0.0000000 
