15
Candida_glabrata                   0.0000000 1.2754398 0.6721528 1.5060356 0.9038598 0.5682009 1.0814372 1.0542132 1.0105808 1.0731836 1.1143640 1.1000099 0.9786810 1.4295428 1.4262635 
Nakaseomyces_bacillisporus         1.2754398 0.0000000 1.4000635 1.7465748 1.4309796 1.3907844 1.0779920 1.0410134 1.1724642 1.1620722 1.1845290 1.1119332 1.1955183 1.4600966 1.5104746 
Nakaseomyces_bracarensis           0.6721528 1.4000635 0.0000000 1.5114534 0.7344838 0.4426288 1.1930620 1.1898271 1.1018525 1.1757739 1.1739601 1.1002325 0.9668359 1.3620266 1.2122387 
Nakaseomyces_castellii             1.5060356 1.7465748 1.5114534 0.0000000 1.4046036 1.4165693 1.4392290 1.5929838 1.4900317 1.5368432 1.5381571 1.5003833 1.3988520 1.8190108 1.7875295 
Nakaseomyces_delphensis            0.9038598 1.4309796 0.7344838 1.4046036 0.0000000 0.5788287 1.1078899 1.2210695 1.2610381 1.1301843 1.1695405 1.1951096 1.2501641 1.3870877 1.3357439 
Nakaseomyces_nivariensis           0.5682009 1.3907844 0.4426288 1.4165693 0.5788287 0.0000000 0.9432412 0.9981696 0.9993396 0.9937917 1.0093098 0.9821257 1.0161360 1.2300587 1.0550557 
Saccharomyces_arboricola           1.0814372 1.0779920 1.1930620 1.4392290 1.1078899 0.9432412 0.0000000 0.2509999 0.2207374 0.2044667 0.2349721 0.2308133 0.2194885 1.3980963 1.2599373 
Saccharomyces_cerevisiae           1.0542132 1.0410134 1.1898271 1.5929838 1.2210695 0.9981696 0.2509999 0.0000000 0.2385798 0.2486573 0.1974952 0.0961903 0.2487563 1.3273829 1.2141255 
Saccharomyces_eubayanus            1.0105808 1.1724642 1.1018525 1.4900317 1.2610381 0.9993396 0.2207374 0.2385798 0.0000000 0.2379188 0.2424821 0.2387029 0.0613855 1.4806507 1.3768363 
Saccharomyces_kudriavzevii         1.0731836 1.1620722 1.1757739 1.5368432 1.1301843 0.9937917 0.2044667 0.2486573 0.2379188 0.0000000 0.2255911 0.1969903 0.2160816 1.4130530 1.4429955 
Saccharomyces_mikatae              1.1143640 1.1845290 1.1739601 1.5381571 1.1695405 1.0093098 0.2349721 0.1974952 0.2424821 0.2255911 0.0000000 0.1683077 0.2637587 1.3255381 1.1844784 
Saccharomyces_paradoxus            1.1000099 1.1119332 1.1002325 1.5003833 1.1951096 0.9821257 0.2308133 0.0961903 0.2387029 0.1969903 0.1683077 0.0000000 0.2097323 1.3185321 1.2276875 
Saccharomyces_uvarum               0.9786810 1.1955183 0.9668359 1.3988520 1.2501641 1.0161360 0.2194885 0.2487563 0.0613855 0.2160816 0.2637587 0.2097323 0.0000000 1.4586625 1.3742433 
Tetrapisispora_blattae             1.4295428 1.4600966 1.3620266 1.8190108 1.3870877 1.2300587 1.3980963 1.3273829 1.4806507 1.4130530 1.3255381 1.3185321 1.4586625 0.0000000 0.6948566 
yHMPu5000035629_Yueomyces_sinensis 1.4262635 1.5104746 1.2122387 1.7875295 1.3357439 1.0550557 1.2599373 1.2141255 1.3768363 1.4429955 1.1844784 1.2276875 1.3742433 0.6948566 0.0000000 
