15
Candida_glabrata                   0.0000000 0.5658957 0.3511940 0.9017983 0.3801287 0.2405540 0.4887469 0.4765598 0.4846356 0.5023416 0.4863651 0.4847375 0.5023107 0.6656398 0.7837546 
Nakaseomyces_bacillisporus         0.5658957 0.0000000 0.5221721 0.8880230 0.6693289 0.6003939 0.5164112 0.5181760 0.5169764 0.5463257 0.5270295 0.5387817 0.4792648 0.7049497 0.6956119 
Nakaseomyces_bracarensis           0.3511940 0.5221721 0.0000000 0.9023114 0.2941871 0.2201102 0.5188972 0.4645919 0.4848182 0.5121318 0.4971578 0.4745272 0.4814453 0.6564249 0.6696208 
Nakaseomyces_castellii             0.9017983 0.8880230 0.9023114 0.0000000 0.9317616 0.8558964 0.9749481 0.9902039 1.0339996 0.9716414 0.9793236 0.9783250 0.9598310 1.3118555 1.3466275 
Nakaseomyces_delphensis            0.3801287 0.6693289 0.2941871 0.9317616 0.0000000 0.2457673 0.5447638 0.5538216 0.5634142 0.5619544 0.5439007 0.5601934 0.5420711 0.6955855 0.7403711 
Nakaseomyces_nivariensis           0.2405540 0.6003939 0.2201102 0.8558964 0.2457673 0.0000000 0.5316400 0.5144714 0.5104172 0.5146054 0.5345596 0.5194018 0.5182818 0.6773121 0.7240146 
Saccharomyces_arboricola           0.4887469 0.5164112 0.5188972 0.9749481 0.5447638 0.5316400 0.0000000 0.1402545 0.1572922 0.1648462 0.1577086 0.1403021 0.1549776 0.5918110 0.5994416 
Saccharomyces_cerevisiae           0.4765598 0.5181760 0.4645919 0.9902039 0.5538216 0.5144714 0.1402545 0.0000000 0.1322523 0.1363452 0.1002770 0.0816978 0.1452277 0.6014260 0.5861316 
Saccharomyces_eubayanus            0.4846356 0.5169764 0.4848182 1.0339996 0.5634142 0.5104172 0.1572922 0.1322523 0.0000000 0.1714433 0.1758723 0.1628701 0.0655008 0.5866290 0.6575525 
Saccharomyces_kudriavzevii         0.5023416 0.5463257 0.5121318 0.9716414 0.5619544 0.5146054 0.1648462 0.1363452 0.1714433 0.0000000 0.1427637 0.1371548 0.1803171 0.5648797 0.6173656 
Saccharomyces_mikatae              0.4863651 0.5270295 0.4971578 0.9793236 0.5439007 0.5345596 0.1577086 0.1002770 0.1758723 0.1427637 0.0000000 0.1051741 0.1715990 0.5922646 0.6436987 
Saccharomyces_paradoxus            0.4847375 0.5387817 0.4745272 0.9783250 0.5601934 0.5194018 0.1403021 0.0816978 0.1628701 0.1371548 0.1051741 0.0000000 0.1485668 0.5966883 0.6403932 
Saccharomyces_uvarum               0.5023107 0.4792648 0.4814453 0.9598310 0.5420711 0.5182818 0.1549776 0.1452277 0.0655008 0.1803171 0.1715990 0.1485668 0.0000000 0.5818282 0.6488837 
Tetrapisispora_blattae             0.6656398 0.7049497 0.6564249 1.3118555 0.6955855 0.6773121 0.5918110 0.6014260 0.5866290 0.5648797 0.5922646 0.5966883 0.5818282 0.0000000 0.3553996 
yHMPu5000035629_Yueomyces_sinensis 0.7837546 0.6956119 0.6696208 1.3466275 0.7403711 0.7240146 0.5994416 0.5861316 0.6575525 0.6173656 0.6436987 0.6403932 0.6488837 0.3553996 0.0000000 
