15
Candida_glabrata                   0.0000000 1.5119992 0.7625343 1.6732445 0.7468052 0.7007572 1.1589022 1.1978736 1.1614567 1.1532394 1.2048289 1.2274353 1.1681664 1.7776854 1.3890763 
Nakaseomyces_bacillisporus         1.5119992 0.0000000 1.4275322 1.7594973 1.5395303 1.3751524 1.4490199 1.5234321 1.4818968 1.5012448 1.5533309 1.4852426 1.5056151 1.8157277 1.5947738 
Nakaseomyces_bracarensis           0.7625343 1.4275322 0.0000000 1.8197399 0.4755167 0.3870108 1.1680472 1.1414117 1.1604327 1.1877366 1.1957396 1.1737014 1.1925148 1.7325691 1.3901173 
Nakaseomyces_castellii             1.6732445 1.7594973 1.8197399 0.0000000 1.8057017 1.6470662 1.6923148 1.6452693 1.6779191 1.7032502 1.6473706 1.6725817 1.6300524 1.8216230 1.9004282 
Nakaseomyces_delphensis            0.7468052 1.5395303 0.4755167 1.8057017 0.0000000 0.3588793 1.2801244 1.2435351 1.2743223 1.2616214 1.2994307 1.2624214 1.2206371 1.7609999 1.5781764 
Nakaseomyces_nivariensis           0.7007572 1.3751524 0.3870108 1.6470662 0.3588793 0.0000000 1.2441239 1.1650835 1.2066878 1.1880669 1.2126279 1.2231128 1.1980107 1.6997417 1.4082289 
Saccharomyces_arboricola           1.1589022 1.4490199 1.1680472 1.6923148 1.2801244 1.2441239 0.0000000 0.2735792 0.2545417 0.2244619 0.2978490 0.2557216 0.2360533 1.6435036 1.3138952 
Saccharomyces_cerevisiae           1.1978736 1.5234321 1.1414117 1.6452693 1.2435351 1.1650835 0.2735792 0.0000000 0.3193100 0.2660696 0.2273589 0.1211156 0.3153116 1.5931433 1.3033814 
Saccharomyces_eubayanus            1.1614567 1.4818968 1.1604327 1.6779191 1.2743223 1.2066878 0.2545417 0.3193100 0.0000000 0.2661688 0.3708654 0.3065366 0.0697046 1.6026689 1.3080994 
Saccharomyces_kudriavzevii         1.1532394 1.5012448 1.1877366 1.7032502 1.2616214 1.1880669 0.2244619 0.2660696 0.2661688 0.0000000 0.2910266 0.2460692 0.2637292 1.6016838 1.3094807 
Saccharomyces_mikatae              1.2048289 1.5533309 1.1957396 1.6473706 1.2994307 1.2126279 0.2978490 0.2273589 0.3708654 0.2910266 0.0000000 0.1938088 0.3574954 1.7402152 1.3120859 
Saccharomyces_paradoxus            1.2274353 1.4852426 1.1737014 1.6725817 1.2624214 1.2231128 0.2557216 0.1211156 0.3065366 0.2460692 0.1938088 0.0000000 0.2947835 1.6613981 1.2816226 
Saccharomyces_uvarum               1.1681664 1.5056151 1.1925148 1.6300524 1.2206371 1.1980107 0.2360533 0.3153116 0.0697046 0.2637292 0.3574954 0.2947835 0.0000000 1.5992029 1.2660808 
Tetrapisispora_blattae             1.7776854 1.8157277 1.7325691 1.8216230 1.7609999 1.6997417 1.6435036 1.5931433 1.6026689 1.6016838 1.7402152 1.6613981 1.5992029 0.0000000 1.1885251 
yHMPu5000035629_Yueomyces_sinensis 1.3890763 1.5947738 1.3901173 1.9004282 1.5781764 1.4082289 1.3138952 1.3033814 1.3080994 1.3094807 1.3120859 1.2816226 1.2660808 1.1885251 0.0000000 
