15
Candida_glabrata                   0.0000000 1.0377633 0.7983272 1.1991760 0.7500894 0.8279855 1.0497055 0.9526742 1.0141002 1.0743695 0.9236504 0.8944973 0.9907416 1.1788503 1.3445425 
Nakaseomyces_bacillisporus         1.0377633 0.0000000 0.9156995 1.1761632 0.8855960 0.8999089 0.7607191 0.8470594 0.8802870 0.9446049 0.8593092 0.8495675 0.8806780 0.9836803 1.0454362 
Nakaseomyces_bracarensis           0.7983272 0.9156995 0.0000000 1.2335919 0.4716827 0.4832409 0.9618308 0.9860492 0.9588429 1.0107306 0.9568891 0.9413942 0.9729434 1.0859323 1.1402135 
Nakaseomyces_castellii             1.1991760 1.1761632 1.2335919 0.0000000 1.0953421 1.1174540 1.2156413 1.2412351 1.0731884 1.2386456 1.1751745 1.1863067 1.1179815 1.6187731 1.4224477 
Nakaseomyces_delphensis            0.7500894 0.8855960 0.4716827 1.0953421 0.0000000 0.4432369 0.9456657 0.9367549 0.9489592 1.0200168 0.8958521 0.8971601 0.9576749 1.2840711 1.1705789 
Nakaseomyces_nivariensis           0.8279855 0.8999089 0.4832409 1.1174540 0.4432369 0.0000000 0.8943716 0.9065782 0.9150074 0.9425340 0.9061573 0.9077259 0.9089151 1.2159138 1.1362404 
Saccharomyces_arboricola           1.0497055 0.7607191 0.9618308 1.2156413 0.9456657 0.8943716 0.0000000 0.3200583 0.3353815 0.2709404 0.3152925 0.2963964 0.3393217 1.3199238 1.0592601 
Saccharomyces_cerevisiae           0.9526742 0.8470594 0.9860492 1.2412351 0.9367549 0.9065782 0.3200583 0.0000000 0.4243196 0.4069809 0.2193719 0.1133879 0.4276146 1.3412247 1.0471067 
Saccharomyces_eubayanus            1.0141002 0.8802870 0.9588429 1.0731884 0.9489592 0.9150074 0.3353815 0.4243196 0.0000000 0.3234154 0.3677066 0.3986486 0.0647761 1.3150773 1.1059375 
Saccharomyces_kudriavzevii         1.0743695 0.9446049 1.0107306 1.2386456 1.0200168 0.9425340 0.2709404 0.4069809 0.3234154 0.0000000 0.3474709 0.3514466 0.3080170 1.3418582 1.0845769 
Saccharomyces_mikatae              0.9236504 0.8593092 0.9568891 1.1751745 0.8958521 0.9061573 0.3152925 0.2193719 0.3677066 0.3474709 0.0000000 0.1993465 0.3323361 1.3258486 1.0096983 
Saccharomyces_paradoxus            0.8944973 0.8495675 0.9413942 1.1863067 0.8971601 0.9077259 0.2963964 0.1133879 0.3986486 0.3514466 0.1993465 0.0000000 0.3894357 1.2825247 0.9788039 
Saccharomyces_uvarum               0.9907416 0.8806780 0.9729434 1.1179815 0.9576749 0.9089151 0.3393217 0.4276146 0.0647761 0.3080170 0.3323361 0.3894357 0.0000000 1.3214889 1.0840138 
Tetrapisispora_blattae             1.1788503 0.9836803 1.0859323 1.6187731 1.2840711 1.2159138 1.3199238 1.3412247 1.3150773 1.3418582 1.3258486 1.2825247 1.3214889 0.0000000 1.1228041 
yHMPu5000035629_Yueomyces_sinensis 1.3445425 1.0454362 1.1402135 1.4224477 1.1705789 1.1362404 1.0592601 1.0471067 1.1059375 1.0845769 1.0096983 0.9788039 1.0840138 1.1228041 0.0000000 
