15
Candida_glabrata                   0.0000000 1.6520124 1.1454077 1.6728968 1.0987434 1.1204569 1.4395707 1.4665699 1.4073367 1.4009405 1.4207414 1.4116199 1.3773714 1.9034792 1.7128302 
Nakaseomyces_bacillisporus         1.6520124 0.0000000 1.7326394 1.4282543 1.7266095 1.7112415 1.3624565 1.4296856 1.3900208 1.3952915 1.4030805 1.3921318 1.3413333 1.8582342 1.6740972 
Nakaseomyces_bracarensis           1.1454077 1.7326394 0.0000000 1.6186404 0.6368153 0.6479267 1.3559510 1.4114281 1.3655158 1.3949751 1.4058364 1.4289314 1.3325109 2.0146848 1.6721941 
Nakaseomyces_castellii             1.6728968 1.4282543 1.6186404 0.0000000 1.6584529 1.6424447 1.5122989 1.5406877 1.4652004 1.5395941 1.5085475 1.5041085 1.4356831 1.9568524 1.8239275 
Nakaseomyces_delphensis            1.0987434 1.7266095 0.6368153 1.6584529 0.0000000 0.4826112 1.3618058 1.4069348 1.3767861 1.3878956 1.4255175 1.4218639 1.3372009 1.9901213 1.6794660 
Nakaseomyces_nivariensis           1.1204569 1.7112415 0.6479267 1.6424447 0.4826112 0.0000000 1.3906683 1.4234035 1.3920636 1.4134781 1.4175206 1.4810135 1.3698527 1.8899364 1.6425707 
Saccharomyces_arboricola           1.4395707 1.3624565 1.3559510 1.5122989 1.3618058 1.3906683 0.0000000 0.3579476 0.2927128 0.2525066 0.3510902 0.3075118 0.2771482 1.8335030 1.4896340 
Saccharomyces_cerevisiae           1.4665699 1.4296856 1.4114281 1.5406877 1.4069348 1.4234035 0.3579476 0.0000000 0.3708896 0.3188002 0.2817962 0.1544221 0.3544869 1.7907708 1.4891910 
Saccharomyces_eubayanus            1.4073367 1.3900208 1.3655158 1.4652004 1.3767861 1.3920636 0.2927128 0.3708896 0.0000000 0.2835058 0.3687411 0.3343058 0.0903268 1.7375173 1.4575173 
Saccharomyces_kudriavzevii         1.4009405 1.3952915 1.3949751 1.5395941 1.3878956 1.4134781 0.2525066 0.3188002 0.2835058 0.0000000 0.2926584 0.2765223 0.2645211 1.8027805 1.4597026 
Saccharomyces_mikatae              1.4207414 1.4030805 1.4058364 1.5085475 1.4255175 1.4175206 0.3510902 0.2817962 0.3687411 0.2926584 0.0000000 0.2313652 0.3508863 1.8221933 1.4822019 
Saccharomyces_paradoxus            1.4116199 1.3921318 1.4289314 1.5041085 1.4218639 1.4810135 0.3075118 0.1544221 0.3343058 0.2765223 0.2313652 0.0000000 0.3265639 1.8090665 1.4487330 
Saccharomyces_uvarum               1.3773714 1.3413333 1.3325109 1.4356831 1.3372009 1.3698527 0.2771482 0.3544869 0.0903268 0.2645211 0.3508863 0.3265639 0.0000000 1.7497955 1.4340850 
Tetrapisispora_blattae             1.9034792 1.8582342 2.0146848 1.9568524 1.9901213 1.8899364 1.8335030 1.7907708 1.7375173 1.8027805 1.8221933 1.8090665 1.7497955 0.0000000 1.5179845 
yHMPu5000035629_Yueomyces_sinensis 1.7128302 1.6740972 1.6721941 1.8239275 1.6794660 1.6425707 1.4896340 1.4891910 1.4575173 1.4597026 1.4822019 1.4487330 1.4340850 1.5179845 0.0000000 
