15
Candida_glabrata                   0.0000000 0.8362574 0.5005150 1.1315019 0.5822554 0.4282203 0.7348315 0.7651577 0.7040099 0.7268591 0.8072956 0.7820173 0.7156224 0.7366245 0.9438440 
Nakaseomyces_bacillisporus         0.8362574 0.0000000 0.8350527 0.7697997 0.7347752 0.7845672 0.6508522 0.6112596 0.5686726 0.6681086 0.6914605 0.6498179 0.5817242 0.6082144 0.5735935 
Nakaseomyces_bracarensis           0.5005150 0.8350527 0.0000000 0.9403444 0.2986071 0.1959562 0.7937583 0.7149184 0.6930693 0.8289714 0.7646936 0.7586147 0.6896750 1.0268418 1.0654700 
Nakaseomyces_castellii             1.1315019 0.7697997 0.9403444 0.0000000 0.9473835 0.9128696 0.7387759 0.7340227 0.7961349 0.8148150 0.7778330 0.7324151 0.7932837 1.1753266 1.1330403 
Nakaseomyces_delphensis            0.5822554 0.7347752 0.2986071 0.9473835 0.0000000 0.2199450 0.7661345 0.7547922 0.7455619 0.8163575 0.7616805 0.7690142 0.7327347 0.8663374 0.8523475 
Nakaseomyces_nivariensis           0.4282203 0.7845672 0.1959562 0.9128696 0.2199450 0.0000000 0.6516922 0.6522065 0.6192022 0.6633249 0.6767145 0.6595103 0.6043854 0.8073525 0.8197363 
Saccharomyces_arboricola           0.7348315 0.6508522 0.7937583 0.7387759 0.7661345 0.6516922 0.0000000 0.1714880 0.1604127 0.1343859 0.1478370 0.1511329 0.1649064 0.6843938 0.7328253 
Saccharomyces_cerevisiae           0.7651577 0.6112596 0.7149184 0.7340227 0.7547922 0.6522065 0.1714880 0.0000000 0.1601457 0.1703388 0.1382273 0.0690628 0.1632128 0.6758622 0.7065182 
Saccharomyces_eubayanus            0.7040099 0.5686726 0.6930693 0.7961349 0.7455619 0.6192022 0.1604127 0.1601457 0.0000000 0.1399904 0.1865740 0.1636571 0.0469776 0.6381425 0.6773648 
Saccharomyces_kudriavzevii         0.7268591 0.6681086 0.8289714 0.8148150 0.8163575 0.6633249 0.1343859 0.1703388 0.1399904 0.0000000 0.1387141 0.1373906 0.1483612 0.7124634 0.7717003 
Saccharomyces_mikatae              0.8072956 0.6914605 0.7646936 0.7778330 0.7616805 0.6767145 0.1478370 0.1382273 0.1865740 0.1387141 0.0000000 0.1194692 0.1928288 0.6925266 0.7861688 
Saccharomyces_paradoxus            0.7820173 0.6498179 0.7586147 0.7324151 0.7690142 0.6595103 0.1511329 0.0690628 0.1636571 0.1373906 0.1194692 0.0000000 0.1689864 0.7162573 0.6888219 
Saccharomyces_uvarum               0.7156224 0.5817242 0.6896750 0.7932837 0.7327347 0.6043854 0.1649064 0.1632128 0.0469776 0.1483612 0.1928288 0.1689864 0.0000000 0.5949101 0.7134820 
Tetrapisispora_blattae             0.7366245 0.6082144 1.0268418 1.1753266 0.8663374 0.8073525 0.6843938 0.6758622 0.6381425 0.7124634 0.6925266 0.7162573 0.5949101 0.0000000 0.3978157 
yHMPu5000035629_Yueomyces_sinensis 0.9438440 0.5735935 1.0654700 1.1330403 0.8523475 0.8197363 0.7328253 0.7065182 0.6773648 0.7717003 0.7861688 0.6888219 0.7134820 0.3978157 0.0000000 
