15
Candida_glabrata                   0.0000000 0.7409511 0.4541835 0.9051360 0.4635164 0.3954860 0.8136084 0.8221446 0.8841401 0.7975694 0.7682011 0.7872108 0.9899277 0.5234160 0.5512474 
Nakaseomyces_bacillisporus         0.7409511 0.0000000 0.7314026 0.8305463 0.7325713 0.6788170 0.8708729 0.7830256 0.9298960 0.8649637 0.7799274 0.8029704 1.0733998 0.6535719 0.6233126 
Nakaseomyces_bracarensis           0.4541835 0.7314026 0.0000000 0.9452019 0.3562272 0.2665993 0.8065572 0.8395691 0.8596385 0.7939537 0.7771076 0.8012851 1.0144979 0.5727613 0.5645471 
Nakaseomyces_castellii             0.9051360 0.8305463 0.9452019 0.0000000 0.8757729 0.9122407 0.9666495 0.9917807 1.0515140 0.9217992 0.9696714 0.9786962 1.1420093 0.7949339 0.9265276 
Nakaseomyces_delphensis            0.4635164 0.7325713 0.3562272 0.8757729 0.0000000 0.2285430 0.8715978 0.8357398 0.9020469 0.8092082 0.8662205 0.8091221 1.0161934 0.6158820 0.6759279 
Nakaseomyces_nivariensis           0.3954860 0.6788170 0.2665993 0.9122407 0.2285430 0.0000000 0.7689972 0.7307669 0.8289780 0.7538589 0.7106239 0.7435519 0.8903888 0.5353279 0.5469317 
Saccharomyces_arboricola           0.8136084 0.8708729 0.8065572 0.9666495 0.8715978 0.7689972 0.0000000 0.2330064 0.2026379 0.1629253 0.1991389 0.2231020 0.1770791 0.9873417 0.9927074 
Saccharomyces_cerevisiae           0.8221446 0.7830256 0.8395691 0.9917807 0.8357398 0.7307669 0.2330064 0.0000000 0.3021722 0.1887015 0.1732413 0.0966420 0.2630513 0.9046822 1.0026151 
Saccharomyces_eubayanus            0.8841401 0.9298960 0.8596385 1.0515140 0.9020469 0.8289780 0.2026379 0.3021722 0.0000000 0.1947096 0.2715288 0.2625001 0.0560582 1.0098452 1.0365568 
Saccharomyces_kudriavzevii         0.7975694 0.8649637 0.7939537 0.9217992 0.8092082 0.7538589 0.1629253 0.1887015 0.1947096 0.0000000 0.1551229 0.1623548 0.1756905 0.8912522 0.9276129 
Saccharomyces_mikatae              0.7682011 0.7799274 0.7771076 0.9696714 0.8662205 0.7106239 0.1991389 0.1732413 0.2715288 0.1551229 0.0000000 0.1255308 0.2407890 0.8609264 0.8889637 
Saccharomyces_paradoxus            0.7872108 0.8029704 0.8012851 0.9786962 0.8091221 0.7435519 0.2231020 0.0966420 0.2625001 0.1623548 0.1255308 0.0000000 0.2371007 0.8313554 0.9747907 
Saccharomyces_uvarum               0.9899277 1.0733998 1.0144979 1.1420093 1.0161934 0.8903888 0.1770791 0.2630513 0.0560582 0.1756905 0.2407890 0.2371007 0.0000000 1.1222790 1.1845398 
Tetrapisispora_blattae             0.5234160 0.6535719 0.5727613 0.7949339 0.6158820 0.5353279 0.9873417 0.9046822 1.0098452 0.8912522 0.8609264 0.8313554 1.1222790 0.0000000 0.2617790 
yHMPu5000035629_Yueomyces_sinensis 0.5512474 0.6233126 0.5645471 0.9265276 0.6759279 0.5469317 0.9927074 1.0026151 1.0365568 0.9276129 0.8889637 0.9747907 1.1845398 0.2617790 0.0000000 
