15
Candida_glabrata                   0.0000000 1.8456366 1.1219408 2.4270292 1.1074883 1.1004163 1.9491569 1.8889067 1.8397045 1.8519188 1.9528972 1.9145214 1.8703433 2.8621241 2.5039587 
Nakaseomyces_bacillisporus         1.8456366 0.0000000 1.9669053 2.2780762 2.0803718 1.9641186 1.7499407 1.6716403 1.6601807 1.7015960 1.7326483 1.7669022 1.7125981 2.5431737 2.3719707 
Nakaseomyces_bracarensis           1.1219408 1.9669053 0.0000000 2.6397947 0.5927909 0.5526853 2.0230641 1.9282302 1.8547501 1.9468461 2.0700324 2.0032885 1.8933493 2.8223564 2.3089581 
Nakaseomyces_castellii             2.4270292 2.2780762 2.6397947 0.0000000 2.6741419 2.6139991 2.4607029 2.4154561 2.3624740 2.4000984 2.3391154 2.4035957 2.3964721 3.0762693 3.2296994 
Nakaseomyces_delphensis            1.1074883 2.0803718 0.5927909 2.6741419 0.0000000 0.4054254 2.0346709 2.0046869 1.9090406 2.0228903 2.0403904 2.0602044 1.9187736 2.9333686 2.3509683 
Nakaseomyces_nivariensis           1.1004163 1.9641186 0.5526853 2.6139991 0.4054254 0.0000000 2.0093939 1.9463078 1.8410260 1.9445275 2.0279031 2.0316403 1.8757283 2.7270714 2.3040234 
Saccharomyces_arboricola           1.9491569 1.7499407 2.0230641 2.4607029 2.0346709 2.0093939 0.0000000 0.3818017 0.3420127 0.3138835 0.3369800 0.3551078 0.3241155 2.4790155 1.9894557 
Saccharomyces_cerevisiae           1.8889067 1.6716403 1.9282302 2.4154561 2.0046869 1.9463078 0.3818017 0.0000000 0.3769261 0.2983355 0.2485942 0.1294904 0.3570590 2.4034480 1.9184412 
Saccharomyces_eubayanus            1.8397045 1.6601807 1.8547501 2.3624740 1.9090406 1.8410260 0.3420127 0.3769261 0.0000000 0.3232632 0.3765110 0.3697870 0.0873795 2.3360295 1.8911517 
Saccharomyces_kudriavzevii         1.8519188 1.7015960 1.9468461 2.4000984 2.0228903 1.9445275 0.3138835 0.2983355 0.3232632 0.0000000 0.3099550 0.2743035 0.2863190 2.4769352 1.8800477 
Saccharomyces_mikatae              1.9528972 1.7326483 2.0700324 2.3391154 2.0403904 2.0279031 0.3369800 0.2485942 0.3765110 0.3099550 0.0000000 0.2197677 0.3289465 2.3914446 2.0001968 
Saccharomyces_paradoxus            1.9145214 1.7669022 2.0032885 2.4035957 2.0602044 2.0316403 0.3551078 0.1294904 0.3697870 0.2743035 0.2197677 0.0000000 0.3337074 2.4954577 1.9577264 
Saccharomyces_uvarum               1.8703433 1.7125981 1.8933493 2.3964721 1.9187736 1.8757283 0.3241155 0.3570590 0.0873795 0.2863190 0.3289465 0.3337074 0.0000000 2.3407523 1.8911989 
Tetrapisispora_blattae             2.8621241 2.5431737 2.8223564 3.0762693 2.9333686 2.7270714 2.4790155 2.4034480 2.3360295 2.4769352 2.3914446 2.4954577 2.3407523 0.0000000 1.7823981 
yHMPu5000035629_Yueomyces_sinensis 2.5039587 2.3719707 2.3089581 3.2296994 2.3509683 2.3040234 1.9894557 1.9184412 1.8911517 1.8800477 2.0001968 1.9577264 1.8911989 1.7823981 0.0000000 
