15
Candida_glabrata                   0.0000000 1.4721503 0.9537394 1.2813693 0.9546256 1.0287988 1.2941683 1.2222474 1.2956502 1.2677815 1.2448981 1.2666543 1.2612593 1.2775149 1.1521724 
Nakaseomyces_bacillisporus         1.4721503 0.0000000 1.3760311 1.2458271 1.5420741 1.4310423 1.0452652 1.1149836 1.0552337 1.0764640 1.0619834 1.1030791 1.0367665 1.1231516 1.2220615 
Nakaseomyces_bracarensis           0.9537394 1.3760311 0.0000000 1.3599650 0.5145034 0.5886856 1.3073645 1.2475179 1.2503118 1.3028190 1.2621658 1.3284804 1.2675129 1.2677791 1.2300107 
Nakaseomyces_castellii             1.2813693 1.2458271 1.3599650 0.0000000 1.3754037 1.3531536 1.2874804 1.1968140 1.2475370 1.3644559 1.3491988 1.2443128 1.2447769 1.2484304 1.2872018 
Nakaseomyces_delphensis            0.9546256 1.5420741 0.5145034 1.3754037 0.0000000 0.4709791 1.2595734 1.2646825 1.2091307 1.2801528 1.2256825 1.2856956 1.2024397 1.3192271 1.1692458 
Nakaseomyces_nivariensis           1.0287988 1.4310423 0.5886856 1.3531536 0.4709791 0.0000000 1.2029415 1.2403268 1.1794586 1.2045155 1.2414636 1.2335931 1.1912303 1.2803921 1.2541663 
Saccharomyces_arboricola           1.2941683 1.0452652 1.3073645 1.2874804 1.2595734 1.2029415 0.0000000 0.2963147 0.2404205 0.2499116 0.2793447 0.2556657 0.2450563 0.9001128 1.0317828 
Saccharomyces_cerevisiae           1.2222474 1.1149836 1.2475179 1.1968140 1.2646825 1.2403268 0.2963147 0.0000000 0.3145258 0.2882837 0.2696898 0.1725710 0.3092316 0.9485045 1.0626808 
Saccharomyces_eubayanus            1.2956502 1.0552337 1.2503118 1.2475370 1.2091307 1.1794586 0.2404205 0.3145258 0.0000000 0.2546713 0.3069677 0.2786881 0.0617200 0.9094343 1.0583058 
Saccharomyces_kudriavzevii         1.2677815 1.0764640 1.3028190 1.3644559 1.2801528 1.2045155 0.2499116 0.2882837 0.2546713 0.0000000 0.2746229 0.2526014 0.2518702 0.9696498 1.1146990 
Saccharomyces_mikatae              1.2448981 1.0619834 1.2621658 1.3491988 1.2256825 1.2414636 0.2793447 0.2696898 0.3069677 0.2746229 0.0000000 0.1943125 0.3023256 0.9333549 0.9957579 
Saccharomyces_paradoxus            1.2666543 1.1030791 1.3284804 1.2443128 1.2856956 1.2335931 0.2556657 0.1725710 0.2786881 0.2526014 0.1943125 0.0000000 0.2597164 0.9554243 1.1108539 
Saccharomyces_uvarum               1.2612593 1.0367665 1.2675129 1.2447769 1.2024397 1.1912303 0.2450563 0.3092316 0.0617200 0.2518702 0.3023256 0.2597164 0.0000000 0.9317763 1.0624834 
Tetrapisispora_blattae             1.2775149 1.1231516 1.2677791 1.2484304 1.3192271 1.2803921 0.9001128 0.9485045 0.9094343 0.9696498 0.9333549 0.9554243 0.9317763 0.0000000 0.8990719 
yHMPu5000035629_Yueomyces_sinensis 1.1521724 1.2220615 1.2300107 1.2872018 1.1692458 1.2541663 1.0317828 1.0626808 1.0583058 1.1146990 0.9957579 1.1108539 1.0624834 0.8990719 0.0000000 
