15
Candida_glabrata                   0.0000000 0.6287211 0.2786977 0.9137689 0.2686136 0.2436794 0.4489105 0.5535920 0.4955183 0.5172960 0.5251558 0.5533193 0.4943503 0.8048416 0.7141038 
Nakaseomyces_bacillisporus         0.6287211 0.0000000 0.6637565 0.9056547 0.6829968 0.5789631 0.5763164 0.5955961 0.5862066 0.5558035 0.5770559 0.6542570 0.6031137 0.7246446 0.7829863 
Nakaseomyces_bracarensis           0.2786977 0.6637565 0.0000000 0.8963774 0.2219935 0.2147961 0.4676053 0.5390079 0.5123794 0.5266088 0.4849969 0.5079643 0.5069162 0.7651853 0.6048838 
Nakaseomyces_castellii             0.9137689 0.9056547 0.8963774 0.0000000 0.9365268 0.9512170 0.9587076 0.9428742 0.9856786 0.9740304 0.9523016 0.9933015 0.9678964 0.9876951 1.1815032 
Nakaseomyces_delphensis            0.2686136 0.6829968 0.2219935 0.9365268 0.0000000 0.1685465 0.4656824 0.5369011 0.4829716 0.5146236 0.5176660 0.5306917 0.5070380 0.7798035 0.7509351 
Nakaseomyces_nivariensis           0.2436794 0.5789631 0.2147961 0.9512170 0.1685465 0.0000000 0.4090857 0.4860645 0.4580882 0.4744720 0.4201063 0.4905640 0.4527890 0.6995460 0.6259685 
Saccharomyces_arboricola           0.4489105 0.5763164 0.4676053 0.9587076 0.4656824 0.4090857 0.0000000 0.1704026 0.1244565 0.1579110 0.1550634 0.1485925 0.1319053 0.6786434 0.5775761 
Saccharomyces_cerevisiae           0.5535920 0.5955961 0.5390079 0.9428742 0.5369011 0.4860645 0.1704026 0.0000000 0.2001409 0.1754051 0.1172004 0.1145516 0.2031741 0.6431759 0.6446142 
Saccharomyces_eubayanus            0.4955183 0.5862066 0.5123794 0.9856786 0.4829716 0.4580882 0.1244565 0.2001409 0.0000000 0.1853478 0.1792509 0.1901481 0.0527237 0.6538381 0.5920982 
Saccharomyces_kudriavzevii         0.5172960 0.5558035 0.5266088 0.9740304 0.5146236 0.4744720 0.1579110 0.1754051 0.1853478 0.0000000 0.1777308 0.1614907 0.1834038 0.6360442 0.6426007 
Saccharomyces_mikatae              0.5251558 0.5770559 0.4849969 0.9523016 0.5176660 0.4201063 0.1550634 0.1172004 0.1792509 0.1777308 0.0000000 0.1109432 0.1861940 0.6207434 0.5823264 
Saccharomyces_paradoxus            0.5533193 0.6542570 0.5079643 0.9933015 0.5306917 0.4905640 0.1485925 0.1145516 0.1901481 0.1614907 0.1109432 0.0000000 0.1832221 0.6463764 0.6169541 
Saccharomyces_uvarum               0.4943503 0.6031137 0.5069162 0.9678964 0.5070380 0.4527890 0.1319053 0.2031741 0.0527237 0.1834038 0.1861940 0.1832221 0.0000000 0.6553288 0.5947132 
Tetrapisispora_blattae             0.8048416 0.7246446 0.7651853 0.9876951 0.7798035 0.6995460 0.6786434 0.6431759 0.6538381 0.6360442 0.6207434 0.6463764 0.6553288 0.0000000 0.4888649 
yHMPu5000035629_Yueomyces_sinensis 0.7141038 0.7829863 0.6048838 1.1815032 0.7509351 0.6259685 0.5775761 0.6446142 0.5920982 0.6426007 0.5823264 0.6169541 0.5947132 0.4888649 0.0000000 
