15
Candida_glabrata                   0.0000000 1.0609579 0.5679536 1.1777516 0.6153421 0.5504508 1.0175173 1.0034642 1.0125734 1.0116300 0.9600231 1.0142833 1.0036840 1.1121317 1.0974936 
Nakaseomyces_bacillisporus         1.0609579 0.0000000 1.0216275 1.1011211 1.0326824 1.0048346 1.0567533 1.0610275 1.0146503 1.0258728 1.0631816 1.0426423 0.9928864 1.1507727 1.1842367 
Nakaseomyces_bracarensis           0.5679536 1.0216275 0.0000000 1.1121901 0.4306442 0.3769563 0.9600027 0.9221089 0.9266238 0.9565783 0.9465229 0.9615401 0.9119890 1.1371902 1.1392536 
Nakaseomyces_castellii             1.1777516 1.1011211 1.1121901 0.0000000 1.1335838 1.0969432 1.1947922 1.1382828 1.1087768 1.1530379 1.1382494 1.1211954 1.1092716 1.2842543 1.3646816 
Nakaseomyces_delphensis            0.6153421 1.0326824 0.4306442 1.1335838 0.0000000 0.3330664 0.9844631 0.9666658 0.9671293 0.9921800 0.9742353 0.9794260 0.9543455 1.1753862 1.1678402 
Nakaseomyces_nivariensis           0.5504508 1.0048346 0.3769563 1.0969432 0.3330664 0.0000000 0.9436278 0.9105462 0.9295654 0.9418341 0.9080839 0.9412043 0.9197594 1.1343559 1.0891206 
Saccharomyces_arboricola           1.0175173 1.0567533 0.9600027 1.1947922 0.9844631 0.9436278 0.0000000 0.2891242 0.2370606 0.2427703 0.2873325 0.2512958 0.2285441 1.0932415 1.0504254 
Saccharomyces_cerevisiae           1.0034642 1.0610275 0.9221089 1.1382828 0.9666658 0.9105462 0.2891242 0.0000000 0.2848134 0.2403695 0.2170424 0.1019883 0.2745564 1.0543377 1.0342933 
Saccharomyces_eubayanus            1.0125734 1.0146503 0.9266238 1.1087768 0.9671293 0.9295654 0.2370606 0.2848134 0.0000000 0.2505341 0.2698198 0.2499710 0.0665523 1.0695214 1.0514898 
Saccharomyces_kudriavzevii         1.0116300 1.0258728 0.9565783 1.1530379 0.9921800 0.9418341 0.2427703 0.2403695 0.2505341 0.0000000 0.2470327 0.2097713 0.2335115 1.0642419 1.0610697 
Saccharomyces_mikatae              0.9600231 1.0631816 0.9465229 1.1382494 0.9742353 0.9080839 0.2873325 0.2170424 0.2698198 0.2470327 0.0000000 0.1786408 0.2621369 1.0704962 1.0302807 
Saccharomyces_paradoxus            1.0142833 1.0426423 0.9615401 1.1211954 0.9794260 0.9412043 0.2512958 0.1019883 0.2499710 0.2097713 0.1786408 0.0000000 0.2285122 1.0557059 1.0449233 
Saccharomyces_uvarum               1.0036840 0.9928864 0.9119890 1.1092716 0.9543455 0.9197594 0.2285441 0.2745564 0.0665523 0.2335115 0.2621369 0.2285122 0.0000000 1.0606426 1.0313973 
Tetrapisispora_blattae             1.1121317 1.1507727 1.1371902 1.2842543 1.1753862 1.1343559 1.0932415 1.0543377 1.0695214 1.0642419 1.0704962 1.0557059 1.0606426 0.0000000 0.8272984 
yHMPu5000035629_Yueomyces_sinensis 1.0974936 1.1842367 1.1392536 1.3646816 1.1678402 1.0891206 1.0504254 1.0342933 1.0514898 1.0610697 1.0302807 1.0449233 1.0313973 0.8272984 0.0000000 
