15
Candida_glabrata                   0.0000000 1.6605541 0.8432727 1.7770617 0.8565357 0.8354533 1.3200827 1.2954644 1.2821805 1.2735009 1.3753747 1.2831290 1.2503999 1.6627172 1.7332920 
Nakaseomyces_bacillisporus         1.6605541 0.0000000 1.5370942 1.4131174 1.5707082 1.5126759 1.3090052 1.2956228 1.3113983 1.3546213 1.3800607 1.3067012 1.2960764 1.5799527 1.6605590 
Nakaseomyces_bracarensis           0.8432727 1.5370942 0.0000000 1.7595343 0.4381464 0.3994098 1.2464636 1.2597470 1.2409375 1.2356365 1.3156122 1.2301186 1.2258740 1.5077061 1.5586395 
Nakaseomyces_castellii             1.7770617 1.4131174 1.7595343 0.0000000 1.8706701 1.8174174 1.4648911 1.4467099 1.4059652 1.4314305 1.4624310 1.4311539 1.4636090 1.5781265 1.8103510 
Nakaseomyces_delphensis            0.8565357 1.5707082 0.4381464 1.8706701 0.0000000 0.3711936 1.3001653 1.3054607 1.2990740 1.3200393 1.3768390 1.3074646 1.2612538 1.5317395 1.6458582 
Nakaseomyces_nivariensis           0.8354533 1.5126759 0.3994098 1.8174174 0.3711936 0.0000000 1.2884531 1.2969155 1.2463710 1.2903364 1.3584281 1.3103206 1.2401189 1.4832572 1.5123148 
Saccharomyces_arboricola           1.3200827 1.3090052 1.2464636 1.4648911 1.3001653 1.2884531 0.0000000 0.2855479 0.2397339 0.2339735 0.2924815 0.2523078 0.2320880 1.3566458 1.5490373 
Saccharomyces_cerevisiae           1.2954644 1.2956228 1.2597470 1.4467099 1.3054607 1.2969155 0.2855479 0.0000000 0.2651795 0.2357988 0.2294438 0.1176961 0.2712108 1.2929716 1.4930562 
Saccharomyces_eubayanus            1.2821805 1.3113983 1.2409375 1.4059652 1.2990740 1.2463710 0.2397339 0.2651795 0.0000000 0.2279463 0.3021775 0.2625163 0.0635971 1.3538001 1.5057770 
Saccharomyces_kudriavzevii         1.2735009 1.3546213 1.2356365 1.4314305 1.3200393 1.2903364 0.2339735 0.2357988 0.2279463 0.0000000 0.2440931 0.2109885 0.2332582 1.2970353 1.4375959 
Saccharomyces_mikatae              1.3753747 1.3800607 1.3156122 1.4624310 1.3768390 1.3584281 0.2924815 0.2294438 0.3021775 0.2440931 0.0000000 0.1704021 0.2676685 1.4314702 1.5616880 
Saccharomyces_paradoxus            1.2831290 1.3067012 1.2301186 1.4311539 1.3074646 1.3103206 0.2523078 0.1176961 0.2625163 0.2109885 0.1704021 0.0000000 0.2565774 1.3317659 1.5076654 
Saccharomyces_uvarum               1.2503999 1.2960764 1.2258740 1.4636090 1.2612538 1.2401189 0.2320880 0.2712108 0.0635971 0.2332582 0.2676685 0.2565774 0.0000000 1.3509993 1.4793783 
Tetrapisispora_blattae             1.6627172 1.5799527 1.5077061 1.5781265 1.5317395 1.4832572 1.3566458 1.2929716 1.3538001 1.2970353 1.4314702 1.3317659 1.3509993 0.0000000 0.9119487 
yHMPu5000035629_Yueomyces_sinensis 1.7332920 1.6605590 1.5586395 1.8103510 1.6458582 1.5123148 1.5490373 1.4930562 1.5057770 1.4375959 1.5616880 1.5076654 1.4793783 0.9119487 0.0000000 
