15
Candida_glabrata                   0.0000000 1.2227465 0.6765797 1.5469120 0.6931491 0.6516636 1.0895595 1.0786544 1.1408630 1.1169147 1.0541435 1.1016042 1.1733427 1.2382508 0.9622922 
Nakaseomyces_bacillisporus         1.2227465 0.0000000 1.2432083 1.4137522 1.3138721 1.2640654 1.3470354 1.3152331 1.3680388 1.2983021 1.3248203 1.3364642 1.3320394 1.3423121 1.1915990 
Nakaseomyces_bracarensis           0.6765797 1.2432083 0.0000000 1.7273813 0.4841513 0.4797858 1.1799686 1.1584311 1.2163922 1.2054837 1.1750221 1.1784719 1.2483887 1.2632473 1.0315505 
Nakaseomyces_castellii             1.5469120 1.4137522 1.7273813 0.0000000 1.7255112 1.7740583 1.7658307 1.8310713 1.8015069 1.7587328 1.7141140 1.7748405 1.6820779 1.6777281 1.5776519 
Nakaseomyces_delphensis            0.6931491 1.3138721 0.4841513 1.7255112 0.0000000 0.3890113 1.2556466 1.1787276 1.2454808 1.2074154 1.2315734 1.2464553 1.2549575 1.3005175 1.0411022 
Nakaseomyces_nivariensis           0.6516636 1.2640654 0.4797858 1.7740583 0.3890113 0.0000000 1.1725060 1.1397614 1.2252273 1.2206641 1.2155833 1.2229606 1.2518185 1.2706537 1.0421002 
Saccharomyces_arboricola           1.0895595 1.3470354 1.1799686 1.7658307 1.2556466 1.1725060 0.0000000 0.2174128 0.1984536 0.1900413 0.1884277 0.1851344 0.1997057 1.1984874 1.0522257 
Saccharomyces_cerevisiae           1.0786544 1.3152331 1.1584311 1.8310713 1.1787276 1.1397614 0.2174128 0.0000000 0.2402991 0.2304954 0.1741757 0.1166744 0.2487222 1.2126258 0.9847029 
Saccharomyces_eubayanus            1.1408630 1.3680388 1.2163922 1.8015069 1.2454808 1.2252273 0.1984536 0.2402991 0.0000000 0.2289728 0.2335775 0.2305880 0.0671548 1.0999455 1.0300903 
Saccharomyces_kudriavzevii         1.1169147 1.2983021 1.2054837 1.7587328 1.2074154 1.2206641 0.1900413 0.2304954 0.2289728 0.0000000 0.2217774 0.2069252 0.2431866 1.1497053 1.0181817 
Saccharomyces_mikatae              1.0541435 1.3248203 1.1750221 1.7141140 1.2315734 1.2155833 0.1884277 0.1741757 0.2335775 0.2217774 0.0000000 0.1399147 0.2340795 1.2334063 1.0088343 
Saccharomyces_paradoxus            1.1016042 1.3364642 1.1784719 1.7748405 1.2464553 1.2229606 0.1851344 0.1166744 0.2305880 0.2069252 0.1399147 0.0000000 0.2344725 1.1938581 1.0518250 
Saccharomyces_uvarum               1.1733427 1.3320394 1.2483887 1.6820779 1.2549575 1.2518185 0.1997057 0.2487222 0.0671548 0.2431866 0.2340795 0.2344725 0.0000000 1.1048040 1.0494493 
Tetrapisispora_blattae             1.2382508 1.3423121 1.2632473 1.6777281 1.3005175 1.2706537 1.1984874 1.2126258 1.0999455 1.1497053 1.2334063 1.1938581 1.1048040 0.0000000 0.8908777 
yHMPu5000035629_Yueomyces_sinensis 0.9622922 1.1915990 1.0315505 1.5776519 1.0411022 1.0421002 1.0522257 0.9847029 1.0300903 1.0181817 1.0088343 1.0518250 1.0494493 0.8908777 0.0000000 
