15
Candida_glabrata                   0.0000000 1.0071640 0.7210161 1.1218647 0.7371077 0.7346587 1.1049196 1.0919462 1.1757843 1.1752462 1.1098637 1.0675767 1.1190811 1.1801287 1.1016500 
Nakaseomyces_bacillisporus         1.0071640 0.0000000 1.0913037 0.9847531 1.1290315 1.0810711 0.9689529 0.9404280 0.9640700 1.0318885 0.9534178 0.9522282 0.9169964 1.0139498 1.0906996 
Nakaseomyces_bracarensis           0.7210161 1.0913037 0.0000000 1.1471052 0.4696936 0.4175592 1.0636061 1.0839027 1.1069700 1.1280799 1.0659045 1.0533786 1.0867493 1.1652335 1.0709074 
Nakaseomyces_castellii             1.1218647 0.9847531 1.1471052 0.0000000 1.1129799 1.1420740 1.1016478 1.0489168 1.0900856 1.1003601 1.0431183 1.0844498 1.0670767 1.0941991 1.1722597 
Nakaseomyces_delphensis            0.7371077 1.1290315 0.4696936 1.1129799 0.0000000 0.4080559 1.0752248 1.0802055 1.1208077 1.1198866 1.1267207 1.0870432 1.0814346 1.1212333 1.1150456 
Nakaseomyces_nivariensis           0.7346587 1.0810711 0.4175592 1.1420740 0.4080559 0.0000000 1.1275109 1.1202283 1.1457200 1.1726905 1.1366421 1.0846739 1.0904386 1.1187423 1.1191238 
Saccharomyces_arboricola           1.1049196 0.9689529 1.0636061 1.1016478 1.0752248 1.1275109 0.0000000 0.3130417 0.2595197 0.2388312 0.2920575 0.2711642 0.2358946 1.0229540 0.9898678 
Saccharomyces_cerevisiae           1.0919462 0.9404280 1.0839027 1.0489168 1.0802055 1.1202283 0.3130417 0.0000000 0.3310031 0.2939243 0.2359658 0.1313952 0.3144014 1.0442576 1.0087804 
Saccharomyces_eubayanus            1.1757843 0.9640700 1.1069700 1.0900856 1.1208077 1.1457200 0.2595197 0.3310031 0.0000000 0.2791017 0.3076418 0.2859000 0.0963806 1.0480560 1.0218797 
Saccharomyces_kudriavzevii         1.1752462 1.0318885 1.1280799 1.1003601 1.1198866 1.1726905 0.2388312 0.2939243 0.2791017 0.0000000 0.2790032 0.2531391 0.2586238 1.0998060 1.0473596 
Saccharomyces_mikatae              1.1098637 0.9534178 1.0659045 1.0431183 1.1267207 1.1366421 0.2920575 0.2359658 0.3076418 0.2790032 0.0000000 0.1958179 0.2746795 1.0057144 1.0225257 
Saccharomyces_paradoxus            1.0675767 0.9522282 1.0533786 1.0844498 1.0870432 1.0846739 0.2711642 0.1313952 0.2859000 0.2531391 0.1958179 0.0000000 0.2662613 1.0232459 1.0081660 
Saccharomyces_uvarum               1.1190811 0.9169964 1.0867493 1.0670767 1.0814346 1.0904386 0.2358946 0.3144014 0.0963806 0.2586238 0.2746795 0.2662613 0.0000000 1.0268850 1.0240865 
Tetrapisispora_blattae             1.1801287 1.0139498 1.1652335 1.0941991 1.1212333 1.1187423 1.0229540 1.0442576 1.0480560 1.0998060 1.0057144 1.0232459 1.0268850 0.0000000 0.8225585 
yHMPu5000035629_Yueomyces_sinensis 1.1016500 1.0906996 1.0709074 1.1722597 1.1150456 1.1191238 0.9898678 1.0087804 1.0218797 1.0473596 1.0225257 1.0081660 1.0240865 0.8225585 0.0000000 
