15
Candida_glabrata                   0.0000000 1.7669928 0.8392395 1.9232595 0.8547189 0.8145631 1.6456085 1.5981562 1.6951382 1.6202781 1.6478697 1.5712044 1.6552062 1.4753754 1.7760170 
Nakaseomyces_bacillisporus         1.7669928 0.0000000 1.6281760 1.9260843 1.8269524 1.7507835 1.8750323 1.8210661 1.8074420 1.9006493 1.7486416 1.7672965 1.7269334 1.7944903 2.1615117 
Nakaseomyces_bracarensis           0.8392395 1.6281760 0.0000000 1.9734572 0.5358859 0.5460675 1.7105494 1.7014439 1.7679025 1.8456140 1.7410051 1.6747251 1.7538982 1.4828705 1.5547322 
Nakaseomyces_castellii             1.9232595 1.9260843 1.9734572 0.0000000 1.9128422 1.9430638 1.9162637 1.8714376 1.8741121 1.9503933 1.9250954 1.9621572 1.8238800 1.9089160 2.2543304 
Nakaseomyces_delphensis            0.8547189 1.8269524 0.5358859 1.9128422 0.0000000 0.4446263 1.5529810 1.6380190 1.6675395 1.7179393 1.7274377 1.6054341 1.6648222 1.5364870 1.7100767 
Nakaseomyces_nivariensis           0.8145631 1.7507835 0.5460675 1.9430638 0.4446263 0.0000000 1.5924632 1.6811976 1.7253471 1.7833810 1.7124621 1.6219295 1.6884867 1.5868859 1.7525376 
Saccharomyces_arboricola           1.6456085 1.8750323 1.7105494 1.9162637 1.5529810 1.5924632 0.0000000 0.4039187 0.3336536 0.3157305 0.3669000 0.3571674 0.3097905 1.7159318 2.0770577 
Saccharomyces_cerevisiae           1.5981562 1.8210661 1.7014439 1.8714376 1.6380190 1.6811976 0.4039187 0.0000000 0.3938436 0.3516914 0.2728603 0.1552895 0.3684955 1.7607458 2.0413486 
Saccharomyces_eubayanus            1.6951382 1.8074420 1.7679025 1.8741121 1.6675395 1.7253471 0.3336536 0.3938436 0.0000000 0.3429657 0.4087746 0.3914998 0.1088138 1.7728983 1.9179134 
Saccharomyces_kudriavzevii         1.6202781 1.9006493 1.8456140 1.9503933 1.7179393 1.7833810 0.3157305 0.3516914 0.3429657 0.0000000 0.3282771 0.3543187 0.3658285 1.7645222 2.0028198 
Saccharomyces_mikatae              1.6478697 1.7486416 1.7410051 1.9250954 1.7274377 1.7124621 0.3669000 0.2728603 0.4087746 0.3282771 0.0000000 0.2764652 0.4028763 1.7559086 2.0612975 
Saccharomyces_paradoxus            1.5712044 1.7672965 1.6747251 1.9621572 1.6054341 1.6219295 0.3571674 0.1552895 0.3914998 0.3543187 0.2764652 0.0000000 0.3709935 1.6870516 1.9662265 
Saccharomyces_uvarum               1.6552062 1.7269334 1.7538982 1.8238800 1.6648222 1.6884867 0.3097905 0.3684955 0.1088138 0.3658285 0.4028763 0.3709935 0.0000000 1.7162757 1.9280688 
Tetrapisispora_blattae             1.4753754 1.7944903 1.4828705 1.9089160 1.5364870 1.5868859 1.7159318 1.7607458 1.7728983 1.7645222 1.7559086 1.6870516 1.7162757 0.0000000 1.1991609 
yHMPu5000035629_Yueomyces_sinensis 1.7760170 2.1615117 1.5547322 2.2543304 1.7100767 1.7525376 2.0770577 2.0413486 1.9179134 2.0028198 2.0612975 1.9662265 1.9280688 1.1991609 0.0000000 
