15
Candida_glabrata                   0.0000000 0.3455219 0.2145744 0.4524669 0.2878931 0.2252014 0.3369880 0.3370517 0.3226615 0.3390374 0.3374916 0.3227786 0.3223879 0.3115945 0.3165507 
Nakaseomyces_bacillisporus         0.3455219 0.0000000 0.3455239 0.4960983 0.4076408 0.3350290 0.3605898 0.3720723 0.3834814 0.3868353 0.3727153 0.3814112 0.3841066 0.3125809 0.3346565 
Nakaseomyces_bracarensis           0.2145744 0.3455239 0.0000000 0.4686275 0.1956659 0.1383353 0.3523748 0.3504870 0.3177907 0.3383817 0.3601728 0.3554124 0.3156501 0.3397965 0.3642724 
Nakaseomyces_castellii             0.4524669 0.4960983 0.4686275 0.0000000 0.4997195 0.4828385 0.4952055 0.5044282 0.4944247 0.5190372 0.4974120 0.5109505 0.5003866 0.4832454 0.8970112 
Nakaseomyces_delphensis            0.2878931 0.4076408 0.1956659 0.4997195 0.0000000 0.1885569 0.4006108 0.3968315 0.3853068 0.3971480 0.4024853 0.3966208 0.3785806 0.4103869 0.4330574 
Nakaseomyces_nivariensis           0.2252014 0.3350290 0.1383353 0.4828385 0.1885569 0.0000000 0.3422683 0.3597811 0.3279233 0.3474114 0.3630101 0.3539357 0.3304511 0.2992950 0.3275331 
Saccharomyces_arboricola           0.3369880 0.3605898 0.3523748 0.4952055 0.4006108 0.3422683 0.0000000 0.1308290 0.0995016 0.1168169 0.1393529 0.1309023 0.0958541 0.3267029 0.3693840 
Saccharomyces_cerevisiae           0.3370517 0.3720723 0.3504870 0.5044282 0.3968315 0.3597811 0.1308290 0.0000000 0.1201332 0.1247895 0.1023086 0.0683140 0.1214081 0.3318878 0.3471226 
Saccharomyces_eubayanus            0.3226615 0.3834814 0.3177907 0.4944247 0.3853068 0.3279233 0.0995016 0.1201332 0.0000000 0.1174594 0.1387535 0.1299874 0.0368723 0.3094754 0.3564805 
Saccharomyces_kudriavzevii         0.3390374 0.3868353 0.3383817 0.5190372 0.3971480 0.3474114 0.1168169 0.1247895 0.1174594 0.0000000 0.1369686 0.1312335 0.1163011 0.3311352 0.3672879 
Saccharomyces_mikatae              0.3374916 0.3727153 0.3601728 0.4974120 0.4024853 0.3630101 0.1393529 0.1023086 0.1387535 0.1369686 0.0000000 0.1022133 0.1415202 0.3405399 0.3608195 
Saccharomyces_paradoxus            0.3227786 0.3814112 0.3554124 0.5109505 0.3966208 0.3539357 0.1309023 0.0683140 0.1299874 0.1312335 0.1022133 0.0000000 0.1225625 0.3334220 0.3644642 
Saccharomyces_uvarum               0.3223879 0.3841066 0.3156501 0.5003866 0.3785806 0.3304511 0.0958541 0.1214081 0.0368723 0.1163011 0.1415202 0.1225625 0.0000000 0.3268950 0.3751331 
Tetrapisispora_blattae             0.3115945 0.3125809 0.3397965 0.4832454 0.4103869 0.2992950 0.3267029 0.3318878 0.3094754 0.3311352 0.3405399 0.3334220 0.3268950 0.0000000 0.1717993 
yHMPu5000035629_Yueomyces_sinensis 0.3165507 0.3346565 0.3642724 0.8970112 0.4330574 0.3275331 0.3693840 0.3471226 0.3564805 0.3672879 0.3608195 0.3644642 0.3751331 0.1717993 0.0000000 
