15
Candida_glabrata                   0.0000000 2.1735640 1.1493237 3.0092579 1.0449612 1.0539865 1.6728709 1.4800539 1.5103163 1.7033525 1.5982440 1.5103514 1.5324805 2.1931751 2.1948654 
Nakaseomyces_bacillisporus         2.1735640 0.0000000 2.1565642 2.2732301 2.1154758 1.8713534 1.7299894 1.9455767 1.9047896 1.9045542 1.8052097 1.9337942 1.9173748 2.5519398 1.8281190 
Nakaseomyces_bracarensis           1.1493237 2.1565642 0.0000000 2.6013426 0.4220145 0.3396958 1.3029447 1.4992896 1.3404248 1.4658611 1.3812726 1.4280423 1.3272026 1.9958097 2.1000149 
Nakaseomyces_castellii             3.0092579 2.2732301 2.6013426 0.0000000 2.6933946 2.7250993 2.3334380 2.5112993 2.2723436 2.5381094 2.5021763 2.4928633 2.3728378 3.3529460 3.0056206 
Nakaseomyces_delphensis            1.0449612 2.1154758 0.4220145 2.6933946 0.0000000 0.3504752 1.3662991 1.4636989 1.3489353 1.5000870 1.4338497 1.4077886 1.3433158 2.1474241 2.2133299 
Nakaseomyces_nivariensis           1.0539865 1.8713534 0.3396958 2.7250993 0.3504752 0.0000000 1.2700645 1.3594123 1.2841500 1.3009109 1.3151161 1.3227692 1.2859749 1.9558232 2.0591717 
Saccharomyces_arboricola           1.6728709 1.7299894 1.3029447 2.3334380 1.3662991 1.2700645 0.0000000 0.2778950 0.1706330 0.2109266 0.2237713 0.1906589 0.1699847 1.7067368 1.8420903 
Saccharomyces_cerevisiae           1.4800539 1.9455767 1.4992896 2.5112993 1.4636989 1.3594123 0.2778950 0.0000000 0.2181987 0.2622270 0.2266485 0.1286614 0.2077003 1.8239455 1.8994961 
Saccharomyces_eubayanus            1.5103163 1.9047896 1.3404248 2.2723436 1.3489353 1.2841500 0.1706330 0.2181987 0.0000000 0.1905759 0.2311329 0.1889480 0.0474691 1.7495188 1.7334383 
Saccharomyces_kudriavzevii         1.7033525 1.9045542 1.4658611 2.5381094 1.5000870 1.3009109 0.2109266 0.2622270 0.1905759 0.0000000 0.2420236 0.2314886 0.2105205 1.7088987 1.8929874 
Saccharomyces_mikatae              1.5982440 1.8052097 1.3812726 2.5021763 1.4338497 1.3151161 0.2237713 0.2266485 0.2311329 0.2420236 0.0000000 0.1655732 0.2238703 1.7567625 1.8838466 
Saccharomyces_paradoxus            1.5103514 1.9337942 1.4280423 2.4928633 1.4077886 1.3227692 0.1906589 0.1286614 0.1889480 0.2314886 0.1655732 0.0000000 0.1870452 1.6927022 1.8374675 
Saccharomyces_uvarum               1.5324805 1.9173748 1.3272026 2.3728378 1.3433158 1.2859749 0.1699847 0.2077003 0.0474691 0.2105205 0.2238703 0.1870452 0.0000000 1.7386959 1.7337477 
Tetrapisispora_blattae             2.1931751 2.5519398 1.9958097 3.3529460 2.1474241 1.9558232 1.7067368 1.8239455 1.7495188 1.7088987 1.7567625 1.6927022 1.7386959 0.0000000 2.0632738 
yHMPu5000035629_Yueomyces_sinensis 2.1948654 1.8281190 2.1000149 3.0056206 2.2133299 2.0591717 1.8420903 1.8994961 1.7334383 1.8929874 1.8838466 1.8374675 1.7337477 2.0632738 0.0000000 
