15
Candida_glabrata                   0.0000000 1.9436394 0.8878553 2.4697432 0.9595083 0.7955362 1.7095537 1.7189879 1.7816224 1.7596594 1.7940456 1.7536060 1.7446989 1.6850663 1.6336403 
Nakaseomyces_bacillisporus         1.9436394 0.0000000 1.9459758 1.8476706 1.9787665 1.8430598 1.4584673 1.4867891 1.5430067 1.5704422 1.5807020 1.4745510 1.5084734 1.8383322 1.6652853 
Nakaseomyces_bracarensis           0.8878553 1.9459758 0.0000000 2.3962984 0.6487224 0.5350332 1.7703278 1.7955695 1.8216700 1.8019294 1.8302263 1.7975110 1.7830963 1.6868821 1.5976512 
Nakaseomyces_castellii             2.4697432 1.8476706 2.3962984 0.0000000 2.5600435 2.3602564 2.0525828 1.9137107 1.9910599 1.9626151 1.9649587 1.9673905 1.9510364 2.2068091 2.0693874 
Nakaseomyces_delphensis            0.9595083 1.9787665 0.6487224 2.5600435 0.0000000 0.5557005 1.7272863 1.6837978 1.7256161 1.6636746 1.7117455 1.6627252 1.6885539 1.7908066 1.8028557 
Nakaseomyces_nivariensis           0.7955362 1.8430598 0.5350332 2.3602564 0.5557005 0.0000000 1.6673702 1.6758830 1.7344490 1.7028901 1.7476680 1.6961857 1.6726698 1.6263173 1.4856803 
Saccharomyces_arboricola           1.7095537 1.4584673 1.7703278 2.0525828 1.7272863 1.6673702 0.0000000 0.3439255 0.3005477 0.2566752 0.3336701 0.3195613 0.2889489 1.5252866 1.3792136 
Saccharomyces_cerevisiae           1.7189879 1.4867891 1.7955695 1.9137107 1.6837978 1.6758830 0.3439255 0.0000000 0.4143864 0.3201323 0.2582768 0.1271912 0.3957134 1.4811329 1.4064995 
Saccharomyces_eubayanus            1.7816224 1.5430067 1.8216700 1.9910599 1.7256161 1.7344490 0.3005477 0.4143864 0.0000000 0.3076746 0.4011106 0.3804734 0.0517390 1.5203694 1.3672592 
Saccharomyces_kudriavzevii         1.7596594 1.5704422 1.8019294 1.9626151 1.6636746 1.7028901 0.2566752 0.3201323 0.3076746 0.0000000 0.2959006 0.2782225 0.2845723 1.5490214 1.4147623 
Saccharomyces_mikatae              1.7940456 1.5807020 1.8302263 1.9649587 1.7117455 1.7476680 0.3336701 0.2582768 0.4011106 0.2959006 0.0000000 0.2301574 0.3883991 1.5046166 1.4225331 
Saccharomyces_paradoxus            1.7536060 1.4745510 1.7975110 1.9673905 1.6627252 1.6961857 0.3195613 0.1271912 0.3804734 0.2782225 0.2301574 0.0000000 0.3647786 1.4967302 1.4355522 
Saccharomyces_uvarum               1.7446989 1.5084734 1.7830963 1.9510364 1.6885539 1.6726698 0.2889489 0.3957134 0.0517390 0.2845723 0.3883991 0.3647786 0.0000000 1.4799111 1.3642975 
Tetrapisispora_blattae             1.6850663 1.8383322 1.6868821 2.2068091 1.7908066 1.6263173 1.5252866 1.4811329 1.5203694 1.5490214 1.5046166 1.4967302 1.4799111 0.0000000 0.9033944 
yHMPu5000035629_Yueomyces_sinensis 1.6336403 1.6652853 1.5976512 2.0693874 1.8028557 1.4856803 1.3792136 1.4064995 1.3672592 1.4147623 1.4225331 1.4355522 1.3642975 0.9033944 0.0000000 
