15
Candida_glabrata                   0.0000000 0.4843435 0.3042262 0.7902444 0.3436864 0.2781785 0.4100281 0.4079434 0.3808218 0.3960537 0.4209695 0.3937609 0.3928900 0.4557627 0.5012979 
Nakaseomyces_bacillisporus         0.4843435 0.0000000 0.4592688 0.7092643 0.4482368 0.4588297 0.4523290 0.4413919 0.3857556 0.4548952 0.4146225 0.4541305 0.4160386 0.4167238 0.4996061 
Nakaseomyces_bracarensis           0.3042262 0.4592688 0.0000000 0.6998043 0.2369704 0.1874248 0.4001671 0.4111290 0.3731925 0.4145944 0.4017059 0.3814369 0.3692556 0.4063010 0.5071110 
Nakaseomyces_castellii             0.7902444 0.7092643 0.6998043 0.0000000 0.7803560 0.7421886 0.7748790 0.7478269 0.7896217 0.7646644 0.7942439 0.7297865 0.7901319 0.7363178 0.8226534 
Nakaseomyces_delphensis            0.3436864 0.4482368 0.2369704 0.7803560 0.0000000 0.1860603 0.3940365 0.3995041 0.3552612 0.4084358 0.4262194 0.3824659 0.3736893 0.4194231 0.4712017 
Nakaseomyces_nivariensis           0.2781785 0.4588297 0.1874248 0.7421886 0.1860603 0.0000000 0.3432878 0.3797876 0.2939084 0.3589130 0.3610961 0.3548027 0.3189492 0.3993928 0.4810512 
Saccharomyces_arboricola           0.4100281 0.4523290 0.4001671 0.7748790 0.3940365 0.3432878 0.0000000 0.1168920 0.1152297 0.1112295 0.1104001 0.1139770 0.1149947 0.3914261 0.4621864 
Saccharomyces_cerevisiae           0.4079434 0.4413919 0.4111290 0.7478269 0.3995041 0.3797876 0.1168920 0.0000000 0.1532891 0.1137682 0.1107139 0.0538850 0.1486072 0.4033116 0.4614634 
Saccharomyces_eubayanus            0.3808218 0.3857556 0.3731925 0.7896217 0.3552612 0.2939084 0.1152297 0.1532891 0.0000000 0.1228799 0.1320760 0.1355585 0.0334469 0.3469863 0.4203584 
Saccharomyces_kudriavzevii         0.3960537 0.4548952 0.4145944 0.7646644 0.4084358 0.3589130 0.1112295 0.1137682 0.1228799 0.0000000 0.1065514 0.0999520 0.1196273 0.4118136 0.4460755 
Saccharomyces_mikatae              0.4209695 0.4146225 0.4017059 0.7942439 0.4262194 0.3610961 0.1104001 0.1107139 0.1320760 0.1065514 0.0000000 0.0946119 0.1288404 0.4097475 0.4741635 
Saccharomyces_paradoxus            0.3937609 0.4541305 0.3814369 0.7297865 0.3824659 0.3548027 0.1139770 0.0538850 0.1355585 0.0999520 0.0946119 0.0000000 0.1282724 0.4198869 0.4767923 
Saccharomyces_uvarum               0.3928900 0.4160386 0.3692556 0.7901319 0.3736893 0.3189492 0.1149947 0.1486072 0.0334469 0.1196273 0.1288404 0.1282724 0.0000000 0.3697256 0.4479732 
Tetrapisispora_blattae             0.4557627 0.4167238 0.4063010 0.7363178 0.4194231 0.3993928 0.3914261 0.4033116 0.3469863 0.4118136 0.4097475 0.4198869 0.3697256 0.0000000 0.2515332 
yHMPu5000035629_Yueomyces_sinensis 0.5012979 0.4996061 0.5071110 0.8226534 0.4712017 0.4810512 0.4621864 0.4614634 0.4203584 0.4460755 0.4741635 0.4767923 0.4479732 0.2515332 0.0000000 
