15
Candida_glabrata                   0.0000000 0.3608189 0.1426181 0.5145225 0.1892117 0.1257431 0.2190793 0.2381596 0.2331123 0.2574575 0.2617868 0.2275057 0.2415925 0.3956239 0.4535532 
Nakaseomyces_bacillisporus         0.3608189 0.0000000 0.3594465 0.6080518 0.4315034 0.3756547 0.3388262 0.3632160 0.3554678 0.3955073 0.3720336 0.2947288 0.3341068 0.4448728 0.5535526 
Nakaseomyces_bracarensis           0.1426181 0.3594465 0.0000000 0.4941337 0.1264255 0.0752584 0.2149336 0.2178161 0.2334333 0.2283068 0.2453534 0.2121771 0.2314113 0.3548494 0.4796638 
Nakaseomyces_castellii             0.5145225 0.6080518 0.4941337 0.0000000 0.5149768 0.5065905 0.5079038 0.4998879 0.4805046 0.5168996 0.4964093 0.4866939 0.4760883 0.6833261 0.7303480 
Nakaseomyces_delphensis            0.1892117 0.4315034 0.1264255 0.5149768 0.0000000 0.0973391 0.2653156 0.2776566 0.2846445 0.2756747 0.2886521 0.2654494 0.2962878 0.4077212 0.5442144 
Nakaseomyces_nivariensis           0.1257431 0.3756547 0.0752584 0.5065905 0.0973391 0.0000000 0.2071384 0.2275702 0.2230925 0.2133024 0.2423463 0.2159272 0.2147829 0.3593043 0.4657739 
Saccharomyces_arboricola           0.2190793 0.3388262 0.2149336 0.5079038 0.2653156 0.2071384 0.0000000 0.1095787 0.0995630 0.1041407 0.1141596 0.1011382 0.1030846 0.2987603 0.4106074 
Saccharomyces_cerevisiae           0.2381596 0.3632160 0.2178161 0.4998879 0.2776566 0.2275702 0.1095787 0.0000000 0.1286077 0.1166389 0.1122574 0.0661211 0.1272754 0.3139247 0.4518862 
Saccharomyces_eubayanus            0.2331123 0.3554678 0.2334333 0.4805046 0.2846445 0.2230925 0.0995630 0.1286077 0.0000000 0.1217049 0.1288628 0.1162802 0.0381571 0.3064415 0.4275995 
Saccharomyces_kudriavzevii         0.2574575 0.3955073 0.2283068 0.5168996 0.2756747 0.2133024 0.1041407 0.1166389 0.1217049 0.0000000 0.1353743 0.1009060 0.1125227 0.3153473 0.4497554 
Saccharomyces_mikatae              0.2617868 0.3720336 0.2453534 0.4964093 0.2886521 0.2423463 0.1141596 0.1122574 0.1288628 0.1353743 0.0000000 0.0929156 0.1245483 0.3349934 0.4599158 
Saccharomyces_paradoxus            0.2275057 0.2947288 0.2121771 0.4866939 0.2654494 0.2159272 0.1011382 0.0661211 0.1162802 0.1009060 0.0929156 0.0000000 0.1121747 0.3138565 0.4495309 
Saccharomyces_uvarum               0.2415925 0.3341068 0.2314113 0.4760883 0.2962878 0.2147829 0.1030846 0.1272754 0.0381571 0.1125227 0.1245483 0.1121747 0.0000000 0.3183576 0.4289999 
Tetrapisispora_blattae             0.3956239 0.4448728 0.3548494 0.6833261 0.4077212 0.3593043 0.2987603 0.3139247 0.3064415 0.3153473 0.3349934 0.3138565 0.3183576 0.0000000 0.2125942 
yHMPu5000035629_Yueomyces_sinensis 0.4535532 0.5535526 0.4796638 0.7303480 0.5442144 0.4657739 0.4106074 0.4518862 0.4275995 0.4497554 0.4599158 0.4495309 0.4289999 0.2125942 0.0000000 
