15
Candida_glabrata                   0.0000000 1.0789951 0.6580757 1.3484220 0.6985339 0.7148903 1.0483301 1.0024888 0.9695537 1.0193219 1.0216282 1.0751161 0.9567525 2.8986217 3.2448049 
Nakaseomyces_bacillisporus         1.0789951 0.0000000 0.9736497 1.2866938 1.0287841 1.0508064 0.9086971 0.9491315 0.9002816 0.9446728 0.9702294 0.9477829 0.8883791 3.1242188 2.9735695 
Nakaseomyces_bracarensis           0.6580757 0.9736497 0.0000000 1.4457391 0.4701933 0.4145383 1.0120613 0.9816047 0.9687494 0.9688768 1.0311887 1.0069703 0.9196680 2.9706073 3.3012354 
Nakaseomyces_castellii             1.3484220 1.2866938 1.4457391 0.0000000 1.6557487 1.5135617 1.3876876 1.3121746 1.3353498 1.3028581 1.4421100 1.4052967 1.3234192 3.1623954 3.6622600 
Nakaseomyces_delphensis            0.6985339 1.0287841 0.4701933 1.6557487 0.0000000 0.4013771 0.9680132 0.9610771 1.0622304 1.0022523 0.9823162 1.0278766 1.0182253 2.8804402 3.2208885 
Nakaseomyces_nivariensis           0.7148903 1.0508064 0.4145383 1.5135617 0.4013771 0.0000000 0.9985008 1.0461696 1.0192486 1.0454818 1.0625655 1.0840600 0.9050048 2.9512535 3.3656029 
Saccharomyces_arboricola           1.0483301 0.9086971 1.0120613 1.3876876 0.9680132 0.9985008 0.0000000 0.2865010 0.3057794 0.2276416 0.3618591 0.2688124 0.2911014 3.5738086 3.0922274 
Saccharomyces_cerevisiae           1.0024888 0.9491315 0.9816047 1.3121746 0.9610771 1.0461696 0.2865010 0.0000000 0.3284216 0.2442300 0.2551996 0.1143093 0.3642084 3.3135933 3.0663516 
Saccharomyces_eubayanus            0.9695537 0.9002816 0.9687494 1.3353498 1.0622304 1.0192486 0.3057794 0.3284216 0.0000000 0.2619889 0.3876697 0.2801669 0.0875972 3.0808005 3.1523068 
Saccharomyces_kudriavzevii         1.0193219 0.9446728 0.9688768 1.3028581 1.0022523 1.0454818 0.2276416 0.2442300 0.2619889 0.0000000 0.2768120 0.2069854 0.3117514 3.2744581 3.2160459 
Saccharomyces_mikatae              1.0216282 0.9702294 1.0311887 1.4421100 0.9823162 1.0625655 0.3618591 0.2551996 0.3876697 0.2768120 0.0000000 0.1906888 0.3820221 3.5800544 3.0716986 
Saccharomyces_paradoxus            1.0751161 0.9477829 1.0069703 1.4052967 1.0278766 1.0840600 0.2688124 0.1143093 0.2801669 0.2069854 0.1906888 0.0000000 0.2981982 3.2916985 3.1238173 
Saccharomyces_uvarum               0.9567525 0.8883791 0.9196680 1.3234192 1.0182253 0.9050048 0.2911014 0.3642084 0.0875972 0.3117514 0.3820221 0.2981982 0.0000000 3.0838088 3.0162568 
Tetrapisispora_blattae             2.8986217 3.1242188 2.9706073 3.1623954 2.8804402 2.9512535 3.5738086 3.3135933 3.0808005 3.2744581 3.5800544 3.2916985 3.0838088 0.0000000 1.4771143 
yHMPu5000035629_Yueomyces_sinensis 3.2448049 2.9735695 3.3012354 3.6622600 3.2208885 3.3656029 3.0922274 3.0663516 3.1523068 3.2160459 3.0716986 3.1238173 3.0162568 1.4771143 0.0000000 
