15
Candida_glabrata                   0.0000000 2.4343695 1.1980841 3.3176844 1.1669665 1.4076502 2.2496313 2.4193522 2.0881593 1.9647457 2.2393097 2.3786314 2.0915177 2.7393282 3.4606155 
Nakaseomyces_bacillisporus         2.4343695 0.0000000 2.7186008 3.3578950 2.6992008 2.6567528 2.3504364 2.2025534 2.4173959 2.1777328 2.3221683 2.1641280 2.2926463 2.6155663 2.5180053 
Nakaseomyces_bracarensis           1.1980841 2.7186008 0.0000000 4.2663395 0.8593851 0.8318898 2.5412526 2.2511926 2.4106338 2.4169829 2.4696903 2.3385317 2.3560201 3.0170409 3.3072359 
Nakaseomyces_castellii             3.3176844 3.3578950 4.2663395 0.0000000 4.0432198 3.9803090 3.3316565 3.3030335 3.3958982 3.2774412 3.1387877 3.3356208 3.2123972 3.7457169 3.3774909 
Nakaseomyces_delphensis            1.1669665 2.6992008 0.8593851 4.0432198 0.0000000 0.7219175 2.4369316 2.5055309 2.6210221 2.4047862 2.5128361 2.6182969 2.6185476 3.0861782 3.2241919 
Nakaseomyces_nivariensis           1.4076502 2.6567528 0.8318898 3.9803090 0.7219175 0.0000000 2.5487775 2.4074535 2.6325279 2.4854690 2.7557818 2.4615081 2.5117248 3.1869337 3.1647513 
Saccharomyces_arboricola           2.2496313 2.3504364 2.5412526 3.3316565 2.4369316 2.5487775 0.0000000 0.4942020 0.5021681 0.3364291 0.4382471 0.4163938 0.4317695 2.1439073 2.4289303 
Saccharomyces_cerevisiae           2.4193522 2.2025534 2.2511926 3.3030335 2.5055309 2.4074535 0.4942020 0.0000000 0.4906246 0.4157514 0.2742839 0.1305521 0.4322214 2.0042550 2.2479200 
Saccharomyces_eubayanus            2.0881593 2.4173959 2.4106338 3.3958982 2.6210221 2.6325279 0.5021681 0.4906246 0.0000000 0.3816415 0.5453497 0.5385986 0.0851137 1.9750137 2.4505940 
Saccharomyces_kudriavzevii         1.9647457 2.1777328 2.4169829 3.2774412 2.4047862 2.4854690 0.3364291 0.4157514 0.3816415 0.0000000 0.3673348 0.3759811 0.3984773 2.0336014 2.4982205 
Saccharomyces_mikatae              2.2393097 2.3221683 2.4696903 3.1387877 2.5128361 2.7557818 0.4382471 0.2742839 0.5453497 0.3673348 0.0000000 0.2151229 0.4232146 1.9733411 2.2776298 
Saccharomyces_paradoxus            2.3786314 2.1641280 2.3385317 3.3356208 2.6182969 2.4615081 0.4163938 0.1305521 0.5385986 0.3759811 0.2151229 0.0000000 0.3998081 1.9834741 2.2530706 
Saccharomyces_uvarum               2.0915177 2.2926463 2.3560201 3.2123972 2.6185476 2.5117248 0.4317695 0.4322214 0.0851137 0.3984773 0.4232146 0.3998081 0.0000000 1.9481863 2.4119848 
Tetrapisispora_blattae             2.7393282 2.6155663 3.0170409 3.7457169 3.0861782 3.1869337 2.1439073 2.0042550 1.9750137 2.0336014 1.9733411 1.9834741 1.9481863 0.0000000 1.7043730 
yHMPu5000035629_Yueomyces_sinensis 3.4606155 2.5180053 3.3072359 3.3774909 3.2241919 3.1647513 2.4289303 2.2479200 2.4505940 2.4982205 2.2776298 2.2530706 2.4119848 1.7043730 0.0000000 
