15
Candida_glabrata                   0.0000000 0.6161542 0.3626858 1.0292041 0.4367684 0.3788057 0.7971928 0.7278071 0.7423682 0.7535975 0.7883674 0.7253077 0.7632608 1.1852140 0.7361912 
Nakaseomyces_bacillisporus         0.6161542 0.0000000 0.7813842 1.2098237 0.7359873 0.6882448 0.8543100 0.8258459 0.8866199 0.8298182 0.8771878 0.8278417 0.9203816 1.3900313 0.9413828 
Nakaseomyces_bracarensis           0.3626858 0.7813842 0.0000000 1.0975394 0.3353870 0.3239591 0.6886830 0.6305838 0.6917231 0.6933228 0.7246251 0.6824627 0.6858275 1.1460998 0.7275192 
Nakaseomyces_castellii             1.0292041 1.2098237 1.0975394 0.0000000 1.1157126 1.0249251 0.9657974 0.9380254 1.0765044 0.9057421 1.0259239 0.9715871 1.0857626 1.4433159 1.1855992 
Nakaseomyces_delphensis            0.4367684 0.7359873 0.3353870 1.1157126 0.0000000 0.2484405 0.7913721 0.7308289 0.8036080 0.7942788 0.8181814 0.7508793 0.8011820 1.1809722 0.7292079 
Nakaseomyces_nivariensis           0.3788057 0.6882448 0.3239591 1.0249251 0.2484405 0.0000000 0.7124401 0.6678104 0.7585631 0.7513638 0.7643933 0.7016040 0.7253300 0.9739318 0.5326524 
Saccharomyces_arboricola           0.7971928 0.8543100 0.6886830 0.9657974 0.7913721 0.7124401 0.0000000 0.2317636 0.2178619 0.2064854 0.2141920 0.1838206 0.2296039 1.1652861 0.7187845 
Saccharomyces_cerevisiae           0.7278071 0.8258459 0.6305838 0.9380254 0.7308289 0.6678104 0.2317636 0.0000000 0.2592115 0.2247050 0.1865462 0.0995862 0.2677597 1.2009550 0.6043386 
Saccharomyces_eubayanus            0.7423682 0.8866199 0.6917231 1.0765044 0.8036080 0.7585631 0.2178619 0.2592115 0.0000000 0.2265220 0.2802507 0.2279837 0.0513577 1.2281086 0.6951806 
Saccharomyces_kudriavzevii         0.7535975 0.8298182 0.6933228 0.9057421 0.7942788 0.7513638 0.2064854 0.2247050 0.2265220 0.0000000 0.2124413 0.1754751 0.2292487 1.2235716 0.7173795 
Saccharomyces_mikatae              0.7883674 0.8771878 0.7246251 1.0259239 0.8181814 0.7643933 0.2141920 0.1865462 0.2802507 0.2124413 0.0000000 0.1519367 0.2660236 1.1772921 0.6824741 
Saccharomyces_paradoxus            0.7253077 0.8278417 0.6824627 0.9715871 0.7508793 0.7016040 0.1838206 0.0995862 0.2279837 0.1754751 0.1519367 0.0000000 0.2494399 1.1919394 0.6418940 
Saccharomyces_uvarum               0.7632608 0.9203816 0.6858275 1.0857626 0.8011820 0.7253300 0.2296039 0.2677597 0.0513577 0.2292487 0.2660236 0.2494399 0.0000000 1.2626452 0.7347240 
Tetrapisispora_blattae             1.1852140 1.3900313 1.1460998 1.4433159 1.1809722 0.9739318 1.1652861 1.2009550 1.2281086 1.2235716 1.1772921 1.1919394 1.2626452 0.0000000 0.8859582 
yHMPu5000035629_Yueomyces_sinensis 0.7361912 0.9413828 0.7275192 1.1855992 0.7292079 0.5326524 0.7187845 0.6043386 0.6951806 0.7173795 0.6824741 0.6418940 0.7347240 0.8859582 0.0000000 
