15
Candida_glabrata                   0.0000000 0.9739963 0.5901046 1.2166149 0.6164759 0.5524456 0.9747171 0.9784674 0.9259879 0.9520797 0.9891334 0.9663002 0.9205906 1.1023495 0.9225229 
Nakaseomyces_bacillisporus         0.9739963 0.0000000 1.0816998 1.1532468 1.0939005 1.0489008 0.9900652 1.0323634 0.9980012 1.0460671 1.0097570 1.0272171 1.0265016 1.0948210 1.1046066 
Nakaseomyces_bracarensis           0.5901046 1.0816998 0.0000000 1.2414322 0.4105558 0.3728131 0.9242071 0.9915826 0.9488276 0.9419683 0.9975474 0.9572502 0.9241151 1.0718188 1.0133035 
Nakaseomyces_castellii             1.2166149 1.1532468 1.2414322 0.0000000 1.2413944 1.1839188 1.1741517 1.2382748 1.1621387 1.1517773 1.2007157 1.2046886 1.1621708 1.2499769 1.2114806 
Nakaseomyces_delphensis            0.6164759 1.0939005 0.4105558 1.2413944 0.0000000 0.3127099 0.9872460 1.0527892 0.9412440 0.9836276 1.0372529 0.9864551 0.9215299 1.1426568 1.0632870 
Nakaseomyces_nivariensis           0.5524456 1.0489008 0.3728131 1.1839188 0.3127099 0.0000000 0.9240798 0.9532884 0.8771369 0.9152733 1.0093981 0.9279023 0.8915509 1.1111146 0.9618081 
Saccharomyces_arboricola           0.9747171 0.9900652 0.9242071 1.1741517 0.9872460 0.9240798 0.0000000 0.2289855 0.1754112 0.1845698 0.2299117 0.1989240 0.1817899 0.8494367 0.7912612 
Saccharomyces_cerevisiae           0.9784674 1.0323634 0.9915826 1.2382748 1.0527892 0.9532884 0.2289855 0.0000000 0.2454125 0.2319411 0.1983007 0.1100495 0.2370695 0.8777745 0.8161796 
Saccharomyces_eubayanus            0.9259879 0.9980012 0.9488276 1.1621387 0.9412440 0.8771369 0.1754112 0.2454125 0.0000000 0.1815792 0.2207245 0.2185192 0.0572540 0.8260077 0.7797153 
Saccharomyces_kudriavzevii         0.9520797 1.0460671 0.9419683 1.1517773 0.9836276 0.9152733 0.1845698 0.2319411 0.1815792 0.0000000 0.2192266 0.1914999 0.1770925 0.8645778 0.7682436 
Saccharomyces_mikatae              0.9891334 1.0097570 0.9975474 1.2007157 1.0372529 1.0093981 0.2299117 0.1983007 0.2207245 0.2192266 0.0000000 0.1669703 0.2088071 0.8744187 0.8011401 
Saccharomyces_paradoxus            0.9663002 1.0272171 0.9572502 1.2046886 0.9864551 0.9279023 0.1989240 0.1100495 0.2185192 0.1914999 0.1669703 0.0000000 0.2172798 0.8864289 0.7982037 
Saccharomyces_uvarum               0.9205906 1.0265016 0.9241151 1.1621708 0.9215299 0.8915509 0.1817899 0.2370695 0.0572540 0.1770925 0.2088071 0.2172798 0.0000000 0.8541320 0.7568235 
Tetrapisispora_blattae             1.1023495 1.0948210 1.0718188 1.2499769 1.1426568 1.1111146 0.8494367 0.8777745 0.8260077 0.8645778 0.8744187 0.8864289 0.8541320 0.0000000 0.7103945 
yHMPu5000035629_Yueomyces_sinensis 0.9225229 1.1046066 1.0133035 1.2114806 1.0632870 0.9618081 0.7912612 0.8161796 0.7797153 0.7682436 0.8011401 0.7982037 0.7568235 0.7103945 0.0000000 
