15
Candida_glabrata                   0.0000000 1.0122270 0.7406244 1.0791961 0.7386891 0.7522280 0.9351047 0.9417929 0.9116431 0.9529507 0.9297019 0.9919427 0.8943502 0.9519856 0.9560343 
Nakaseomyces_bacillisporus         1.0122270 0.0000000 1.0750157 0.9233632 0.9828523 1.0066980 0.9115277 0.9033425 0.9068321 0.8353742 0.8307396 0.8286612 0.8995448 0.8452494 1.0517265 
Nakaseomyces_bracarensis           0.7406244 1.0750157 0.0000000 0.9992624 0.4131407 0.4077786 0.9190431 1.0192382 0.9848796 0.9650316 0.9818302 1.0452886 1.0126589 0.9714486 1.0349262 
Nakaseomyces_castellii             1.0791961 0.9233632 0.9992624 0.0000000 1.0391845 1.1165129 1.1033730 1.0785974 1.0717968 1.0429114 1.0711989 1.0627361 1.0652817 1.0179486 1.0869178 
Nakaseomyces_delphensis            0.7386891 0.9828523 0.4131407 1.0391845 0.0000000 0.3495932 0.8544461 0.8538948 0.9348988 0.8653103 0.8382714 0.8321552 0.9025431 0.8955670 0.9709482 
Nakaseomyces_nivariensis           0.7522280 1.0066980 0.4077786 1.1165129 0.3495932 0.0000000 0.8716033 0.9703863 0.9991310 0.9132630 0.9636963 0.9788944 0.9651941 0.8659883 0.9789691 
Saccharomyces_arboricola           0.9351047 0.9115277 0.9190431 1.1033730 0.8544461 0.8716033 0.0000000 0.2810656 0.2756118 0.2513594 0.2673160 0.2736686 0.2657008 0.7173240 0.9055207 
Saccharomyces_cerevisiae           0.9417929 0.9033425 1.0192382 1.0785974 0.8538948 0.9703863 0.2810656 0.0000000 0.3145417 0.2971842 0.2103395 0.1105384 0.2878182 0.7951300 0.9546801 
Saccharomyces_eubayanus            0.9116431 0.9068321 0.9848796 1.0717968 0.9348988 0.9991310 0.2756118 0.3145417 0.0000000 0.2721998 0.2905028 0.2948642 0.0774379 0.8802678 0.9486657 
Saccharomyces_kudriavzevii         0.9529507 0.8353742 0.9650316 1.0429114 0.8653103 0.9132630 0.2513594 0.2971842 0.2721998 0.0000000 0.2386778 0.2558833 0.2793347 0.8149401 0.9427867 
Saccharomyces_mikatae              0.9297019 0.8307396 0.9818302 1.0711989 0.8382714 0.9636963 0.2673160 0.2103395 0.2905028 0.2386778 0.0000000 0.1917010 0.2520082 0.8175672 0.9545402 
Saccharomyces_paradoxus            0.9919427 0.8286612 1.0452886 1.0627361 0.8321552 0.9788944 0.2736686 0.1105384 0.2948642 0.2558833 0.1917010 0.0000000 0.2753510 0.8015260 0.9589767 
Saccharomyces_uvarum               0.8943502 0.8995448 1.0126589 1.0652817 0.9025431 0.9651941 0.2657008 0.2878182 0.0774379 0.2793347 0.2520082 0.2753510 0.0000000 0.8666429 0.9243274 
Tetrapisispora_blattae             0.9519856 0.8452494 0.9714486 1.0179486 0.8955670 0.8659883 0.7173240 0.7951300 0.8802678 0.8149401 0.8175672 0.8015260 0.8666429 0.0000000 0.8125587 
yHMPu5000035629_Yueomyces_sinensis 0.9560343 1.0517265 1.0349262 1.0869178 0.9709482 0.9789691 0.9055207 0.9546801 0.9486657 0.9427867 0.9545402 0.9589767 0.9243274 0.8125587 0.0000000 
