15
Candida_glabrata                   0.0000000 1.1221377 0.6541609 1.8120372 0.5688903 0.5342927 0.8821419 0.9288209 0.8851099 0.9180669 1.0120933 0.9361957 0.8970010 1.4807982 2.2524515 
Nakaseomyces_bacillisporus         1.1221377 0.0000000 1.0785412 1.9579182 0.9300597 1.2050244 1.1671311 1.1483549 1.0689494 1.1086460 1.0989447 1.1630407 1.0854157 1.5843890 2.4114025 
Nakaseomyces_bracarensis           0.6541609 1.0785412 0.0000000 2.1500418 0.4300936 0.4495657 0.9328469 0.9395109 0.9307860 0.9042823 0.9576036 0.9253453 0.9318957 1.4125528 2.5434711 
Nakaseomyces_castellii             1.8120372 1.9579182 2.1500418 0.0000000 2.0806109 2.0211222 1.8175504 1.7141645 1.6901434 1.7546634 1.7325463 1.6775371 1.7720749 2.4300888 2.8717419 
Nakaseomyces_delphensis            0.5688903 0.9300597 0.4300936 2.0806109 0.0000000 0.3146912 1.0791650 0.9840363 0.9625316 1.0339077 1.1349217 1.0177077 0.9813573 1.5284247 2.4076207 
Nakaseomyces_nivariensis           0.5342927 1.2050244 0.4495657 2.0211222 0.3146912 0.0000000 1.0053895 0.8431983 0.9132502 0.9115409 0.9958752 0.8944755 0.9183901 1.4256768 2.4039092 
Saccharomyces_arboricola           0.8821419 1.1671311 0.9328469 1.8175504 1.0791650 1.0053895 0.0000000 0.2623256 0.3023966 0.1827086 0.2528509 0.2368415 0.2615267 1.4298399 2.3265268 
Saccharomyces_cerevisiae           0.9288209 1.1483549 0.9395109 1.7141645 0.9840363 0.8431983 0.2623256 0.0000000 0.2871504 0.2208902 0.1964351 0.1166566 0.2853102 1.3983315 2.1790044 
Saccharomyces_eubayanus            0.8851099 1.0689494 0.9307860 1.6901434 0.9625316 0.9132502 0.3023966 0.2871504 0.0000000 0.2688302 0.2652934 0.2939724 0.0729702 1.3891343 2.1908218 
Saccharomyces_kudriavzevii         0.9180669 1.1086460 0.9042823 1.7546634 1.0339077 0.9115409 0.1827086 0.2208902 0.2688302 0.0000000 0.1959426 0.2070860 0.2586788 1.3948771 2.3069029 
Saccharomyces_mikatae              1.0120933 1.0989447 0.9576036 1.7325463 1.1349217 0.9958752 0.2528509 0.1964351 0.2652934 0.1959426 0.0000000 0.1701622 0.2837269 1.4067425 2.1172654 
Saccharomyces_paradoxus            0.9361957 1.1630407 0.9253453 1.6775371 1.0177077 0.8944755 0.2368415 0.1166566 0.2939724 0.2070860 0.1701622 0.0000000 0.2877396 1.4616447 2.2786405 
Saccharomyces_uvarum               0.8970010 1.0854157 0.9318957 1.7720749 0.9813573 0.9183901 0.2615267 0.2853102 0.0729702 0.2586788 0.2837269 0.2877396 0.0000000 1.4297115 2.1477767 
Tetrapisispora_blattae             1.4807982 1.5843890 1.4125528 2.4300888 1.5284247 1.4256768 1.4298399 1.3983315 1.3891343 1.3948771 1.4067425 1.4616447 1.4297115 0.0000000 1.4161883 
yHMPu5000035629_Yueomyces_sinensis 2.2524515 2.4114025 2.5434711 2.8717419 2.4076207 2.4039092 2.3265268 2.1790044 2.1908218 2.3069029 2.1172654 2.2786405 2.1477767 1.4161883 0.0000000 
