15
Candida_glabrata                   0.0000000 0.8572850 0.4126910 1.0063390 0.4068279 0.3410719 0.9120900 0.9032527 0.9206936 0.8560150 0.8754565 0.8528367 0.9174085 0.9768023 0.9807404 
Nakaseomyces_bacillisporus         0.8572850 0.0000000 0.8137197 0.8154501 0.8182709 0.8448646 0.8145730 0.8140561 0.8175520 0.7612101 0.7873215 0.7835220 0.8086282 0.7866113 0.7973145 
Nakaseomyces_bracarensis           0.4126910 0.8137197 0.0000000 0.9890048 0.2802240 0.2626420 0.8437914 0.8338272 0.8381828 0.8263698 0.8080893 0.8085369 0.8568691 0.9345207 0.9776332 
Nakaseomyces_castellii             1.0063390 0.8154501 0.9890048 0.0000000 1.0045210 0.9878652 0.9517304 0.9478398 0.9107386 0.8832299 0.9274393 0.9116299 0.8904715 0.9975623 0.9988791 
Nakaseomyces_delphensis            0.4068279 0.8182709 0.2802240 1.0045210 0.0000000 0.2470179 0.9542925 0.9482539 0.9260281 0.8585792 0.9041910 0.9313320 0.9431276 0.9699153 0.9758175 
Nakaseomyces_nivariensis           0.3410719 0.8448646 0.2626420 0.9878652 0.2470179 0.0000000 0.9266517 0.9294515 0.8988545 0.8619405 0.8770820 0.8905998 0.9124100 1.0013354 0.9541880 
Saccharomyces_arboricola           0.9120900 0.8145730 0.8437914 0.9517304 0.9542925 0.9266517 0.0000000 0.2007399 0.1500926 0.1709546 0.2006996 0.1676636 0.1475018 0.7394779 0.7939859 
Saccharomyces_cerevisiae           0.9032527 0.8140561 0.8338272 0.9478398 0.9482539 0.9294515 0.2007399 0.0000000 0.1906840 0.2056485 0.1733272 0.1069564 0.1831207 0.7668367 0.8385177 
Saccharomyces_eubayanus            0.9206936 0.8175520 0.8381828 0.9107386 0.9260281 0.8988545 0.1500926 0.1906840 0.0000000 0.1859187 0.2105601 0.1698524 0.0572251 0.7999670 0.8568077 
Saccharomyces_kudriavzevii         0.8560150 0.7612101 0.8263698 0.8832299 0.8585792 0.8619405 0.1709546 0.2056485 0.1859187 0.0000000 0.1837666 0.1763689 0.1736900 0.6836046 0.7544857 
Saccharomyces_mikatae              0.8754565 0.7873215 0.8080893 0.9274393 0.9041910 0.8770820 0.2006996 0.1733272 0.2105601 0.1837666 0.0000000 0.1376613 0.2034840 0.7323990 0.8043166 
Saccharomyces_paradoxus            0.8528367 0.7835220 0.8085369 0.9116299 0.9313320 0.8905998 0.1676636 0.1069564 0.1698524 0.1763689 0.1376613 0.0000000 0.1658827 0.7443771 0.8476723 
Saccharomyces_uvarum               0.9174085 0.8086282 0.8568691 0.8904715 0.9431276 0.9124100 0.1475018 0.1831207 0.0572251 0.1736900 0.2034840 0.1658827 0.0000000 0.7702619 0.8296740 
Tetrapisispora_blattae             0.9768023 0.7866113 0.9345207 0.9975623 0.9699153 1.0013354 0.7394779 0.7668367 0.7999670 0.6836046 0.7323990 0.7443771 0.7702619 0.0000000 0.4715429 
yHMPu5000035629_Yueomyces_sinensis 0.9807404 0.7973145 0.9776332 0.9988791 0.9758175 0.9541880 0.7939859 0.8385177 0.8568077 0.7544857 0.8043166 0.8476723 0.8296740 0.4715429 0.0000000 
