15
Candida_glabrata                   0.0000000 0.9689081 0.4944147 1.6670951 0.5913387 0.4687648 0.8273645 0.8353150 0.8515695 0.8336161 0.8346079 0.8744379 0.8696562 1.1728884 1.2874804 
Nakaseomyces_bacillisporus         0.9689081 0.0000000 0.8896214 1.5324151 0.9067250 0.8758809 0.8979460 0.8493932 0.8389074 0.8326592 0.8738969 0.8799052 0.8339521 1.1906046 1.4490489 
Nakaseomyces_bracarensis           0.4944147 0.8896214 0.0000000 1.6008415 0.3983050 0.2744331 0.8332452 0.8647759 0.8513182 0.8362429 0.8726863 0.8466780 0.8397786 1.2658095 1.2358531 
Nakaseomyces_castellii             1.6670951 1.5324151 1.6008415 0.0000000 1.7502588 1.5771800 1.7107206 1.5895178 1.5779094 1.7029841 1.6332160 1.7127897 1.5766641 1.7827332 1.9380035 
Nakaseomyces_delphensis            0.5913387 0.9067250 0.3983050 1.7502588 0.0000000 0.2514553 0.8200222 0.8388054 0.8256965 0.8156176 0.8521878 0.8709077 0.8330934 1.2265007 1.4082447 
Nakaseomyces_nivariensis           0.4687648 0.8758809 0.2744331 1.5771800 0.2514553 0.0000000 0.7315892 0.8249963 0.7821240 0.7666162 0.8214129 0.8125716 0.7734938 1.1985622 1.3278991 
Saccharomyces_arboricola           0.8273645 0.8979460 0.8332452 1.7107206 0.8200222 0.7315892 0.0000000 0.1947376 0.1878392 0.1888427 0.2256739 0.2183886 0.2134802 1.1162920 1.3150780 
Saccharomyces_cerevisiae           0.8353150 0.8493932 0.8647759 1.5895178 0.8388054 0.8249963 0.1947376 0.0000000 0.2351459 0.1810532 0.1801168 0.0955607 0.2597644 1.1180029 1.2721738 
Saccharomyces_eubayanus            0.8515695 0.8389074 0.8513182 1.5779094 0.8256965 0.7821240 0.1878392 0.2351459 0.0000000 0.1849571 0.2406027 0.2126432 0.0603133 1.0593338 1.2561208 
Saccharomyces_kudriavzevii         0.8336161 0.8326592 0.8362429 1.7029841 0.8156176 0.7666162 0.1888427 0.1810532 0.1849571 0.0000000 0.2163085 0.1915199 0.1988802 1.1445416 1.2890828 
Saccharomyces_mikatae              0.8346079 0.8738969 0.8726863 1.6332160 0.8521878 0.8214129 0.2256739 0.1801168 0.2406027 0.2163085 0.0000000 0.1798686 0.2353012 1.1739768 1.3081709 
Saccharomyces_paradoxus            0.8744379 0.8799052 0.8466780 1.7127897 0.8709077 0.8125716 0.2183886 0.0955607 0.2126432 0.1915199 0.1798686 0.0000000 0.2258494 1.1709535 1.2950433 
Saccharomyces_uvarum               0.8696562 0.8339521 0.8397786 1.5766641 0.8330934 0.7734938 0.2134802 0.2597644 0.0603133 0.1988802 0.2353012 0.2258494 0.0000000 1.0732272 1.2492653 
Tetrapisispora_blattae             1.1728884 1.1906046 1.2658095 1.7827332 1.2265007 1.1985622 1.1162920 1.1180029 1.0593338 1.1445416 1.1739768 1.1709535 1.0732272 0.0000000 0.7123277 
yHMPu5000035629_Yueomyces_sinensis 1.2874804 1.4490489 1.2358531 1.9380035 1.4082447 1.3278991 1.3150780 1.2721738 1.2561208 1.2890828 1.3081709 1.2950433 1.2492653 0.7123277 0.0000000 
