15
Candida_glabrata                   0.0000000 1.0430221 0.6120878 1.2757056 0.6776348 0.6714605 0.8696592 0.9467698 0.8492525 0.9454319 0.9723144 0.9711654 0.8324225 1.1015102 0.9085615 
Nakaseomyces_bacillisporus         1.0430221 0.0000000 0.9866992 1.1573399 1.0378358 1.0471026 0.9233511 0.9697472 0.9034875 0.9489530 1.0555768 0.9817965 0.9199628 1.0375841 0.9038469 
Nakaseomyces_bracarensis           0.6120878 0.9866992 0.0000000 1.2446264 0.4811911 0.4128001 1.0234181 1.0564908 1.0162735 1.0627565 1.0886551 1.0741528 1.0014100 1.3925351 1.0711140 
Nakaseomyces_castellii             1.2757056 1.1573399 1.2446264 0.0000000 1.3859259 1.4909464 1.3292087 1.4028940 1.4436240 1.4509991 1.4276957 1.4479251 1.4343107 1.5040823 1.1684856 
Nakaseomyces_delphensis            0.6776348 1.0378358 0.4811911 1.3859259 0.0000000 0.4291008 0.9781602 1.0628526 1.0697779 1.0871500 1.0363373 1.1073907 1.0768516 1.6510415 1.4779700 
Nakaseomyces_nivariensis           0.6714605 1.0471026 0.4128001 1.4909464 0.4291008 0.0000000 1.0205023 0.9585021 0.9584708 1.0308378 0.9862116 1.0043911 0.9572238 1.2813477 1.0942581 
Saccharomyces_arboricola           0.8696592 0.9233511 1.0234181 1.3292087 0.9781602 1.0205023 0.0000000 0.2562475 0.1999099 0.2191869 0.2562909 0.2454732 0.1974341 1.0968091 0.8768310 
Saccharomyces_cerevisiae           0.9467698 0.9697472 1.0564908 1.4028940 1.0628526 0.9585021 0.2562475 0.0000000 0.2728358 0.2553357 0.1540897 0.0722311 0.2556794 1.0506671 0.9201044 
Saccharomyces_eubayanus            0.8492525 0.9034875 1.0162735 1.4436240 1.0697779 0.9584708 0.1999099 0.2728358 0.0000000 0.2184583 0.2947632 0.2417841 0.0520571 0.9660672 0.8050509 
Saccharomyces_kudriavzevii         0.9454319 0.9489530 1.0627565 1.4509991 1.0871500 1.0308378 0.2191869 0.2553357 0.2184583 0.0000000 0.2591800 0.2388009 0.1991591 1.0428033 0.9249979 
Saccharomyces_mikatae              0.9723144 1.0555768 1.0886551 1.4276957 1.0363373 0.9862116 0.2562909 0.1540897 0.2947632 0.2591800 0.0000000 0.1610919 0.2775129 1.0471255 0.9108741 
Saccharomyces_paradoxus            0.9711654 0.9817965 1.0741528 1.4479251 1.1073907 1.0043911 0.2454732 0.0722311 0.2417841 0.2388009 0.1610919 0.0000000 0.2280712 0.9931796 0.8770533 
Saccharomyces_uvarum               0.8324225 0.9199628 1.0014100 1.4343107 1.0768516 0.9572238 0.1974341 0.2556794 0.0520571 0.1991591 0.2775129 0.2280712 0.0000000 0.9906519 0.8220890 
Tetrapisispora_blattae             1.1015102 1.0375841 1.3925351 1.5040823 1.6510415 1.2813477 1.0968091 1.0506671 0.9660672 1.0428033 1.0471255 0.9931796 0.9906519 0.0000000 0.4758339 
yHMPu5000035629_Yueomyces_sinensis 0.9085615 0.9038469 1.0711140 1.1684856 1.4779700 1.0942581 0.8768310 0.9201044 0.8050509 0.9249979 0.9108741 0.8770533 0.8220890 0.4758339 0.0000000 
