15
Candida_glabrata                   0.0000000 1.4917737 0.6350735 1.3846390 0.6128453 0.6156909 1.1970234 1.1757304 1.1425845 1.1912328 1.2505406 1.1530336 1.1475862 1.6959900 2.0452093 
Nakaseomyces_bacillisporus         1.4917737 0.0000000 1.2859958 0.8863241 1.4190110 1.3364521 1.1887059 1.1850784 1.2297184 1.2097355 1.1910753 1.1803127 1.2188993 1.5330319 1.8445329 
Nakaseomyces_bracarensis           0.6350735 1.2859958 0.0000000 1.2708630 0.3610149 0.3238179 1.4111528 1.4356254 1.3461758 1.4458978 1.3864200 1.3727773 1.3494194 1.6237218 1.8874792 
Nakaseomyces_castellii             1.3846390 0.8863241 1.2708630 0.0000000 1.2079443 1.1867012 1.1598689 1.1732039 1.1404204 1.1658064 1.0919178 1.1159516 1.1655947 1.5722391 1.9666138 
Nakaseomyces_delphensis            0.6128453 1.4190110 0.3610149 1.2079443 0.0000000 0.3034432 1.3582773 1.3465056 1.2710559 1.3620417 1.4255453 1.2963246 1.2866293 1.7757058 1.9790015 
Nakaseomyces_nivariensis           0.6156909 1.3364521 0.3238179 1.1867012 0.3034432 0.0000000 1.3358343 1.3720883 1.2765938 1.3726293 1.4104943 1.3075273 1.2924331 1.8361083 1.9225504 
Saccharomyces_arboricola           1.1970234 1.1887059 1.4111528 1.1598689 1.3582773 1.3358343 0.0000000 0.1764080 0.2068499 0.1570660 0.1971948 0.1523238 0.1945644 1.5861901 1.8365274 
Saccharomyces_cerevisiae           1.1757304 1.1850784 1.4356254 1.1732039 1.3465056 1.3720883 0.1764080 0.0000000 0.1880257 0.1564271 0.1330097 0.0775693 0.1773116 1.5334824 1.7632237 
Saccharomyces_eubayanus            1.1425845 1.2297184 1.3461758 1.1404204 1.2710559 1.2765938 0.2068499 0.1880257 0.0000000 0.2000509 0.2211247 0.1964836 0.0459674 1.6478333 1.8058747 
Saccharomyces_kudriavzevii         1.1912328 1.2097355 1.4458978 1.1658064 1.3620417 1.3726293 0.1570660 0.1564271 0.2000509 0.0000000 0.1690723 0.1464765 0.1737722 1.5534085 1.8007613 
Saccharomyces_mikatae              1.2505406 1.1910753 1.3864200 1.0919178 1.4255453 1.4104943 0.1971948 0.1330097 0.2211247 0.1690723 0.0000000 0.1481676 0.2187618 1.5303058 1.8192469 
Saccharomyces_paradoxus            1.1530336 1.1803127 1.3727773 1.1159516 1.2963246 1.3075273 0.1523238 0.0775693 0.1964836 0.1464765 0.1481676 0.0000000 0.1811060 1.5738067 1.7788987 
Saccharomyces_uvarum               1.1475862 1.2188993 1.3494194 1.1655947 1.2866293 1.2924331 0.1945644 0.1773116 0.0459674 0.1737722 0.2187618 0.1811060 0.0000000 1.6383046 1.8180275 
Tetrapisispora_blattae             1.6959900 1.5330319 1.6237218 1.5722391 1.7757058 1.8361083 1.5861901 1.5334824 1.6478333 1.5534085 1.5303058 1.5738067 1.6383046 0.0000000 1.6558087 
yHMPu5000035629_Yueomyces_sinensis 2.0452093 1.8445329 1.8874792 1.9666138 1.9790015 1.9225504 1.8365274 1.7632237 1.8058747 1.8007613 1.8192469 1.7788987 1.8180275 1.6558087 0.0000000 
