15
Candida_glabrata                   0.0000000 0.8069584 0.3308897 1.1208373 0.4265167 0.3340986 0.7911480 0.8015164 0.7808335 0.8041498 0.8534964 0.8115770 0.7754529 1.0281228 1.0358880 
Nakaseomyces_bacillisporus         0.8069584 0.0000000 0.7215213 0.8984454 0.7888365 0.7072017 0.7115061 0.6999777 0.6709203 0.7149309 0.7504473 0.6980035 0.6851128 0.8889347 0.9470746 
Nakaseomyces_bracarensis           0.3308897 0.7215213 0.0000000 1.0111549 0.1991556 0.1483776 0.6663346 0.7158885 0.6216946 0.6943273 0.7257823 0.6799960 0.6390948 0.8918416 0.8856553 
Nakaseomyces_castellii             1.1208373 0.8984454 1.0111549 0.0000000 1.0832076 1.0572409 1.0550175 1.0614852 1.0014578 1.0417176 1.0798795 1.0917835 1.0145290 1.1962683 1.3458875 
Nakaseomyces_delphensis            0.4265167 0.7888365 0.1991556 1.0832076 0.0000000 0.1867424 0.7344278 0.7713651 0.7515009 0.7882126 0.8030766 0.7704030 0.7679109 1.0067024 0.9836478 
Nakaseomyces_nivariensis           0.3340986 0.7072017 0.1483776 1.0572409 0.1867424 0.0000000 0.6929472 0.7037199 0.6569112 0.7280932 0.7361292 0.7077679 0.6765638 0.9258452 0.8952166 
Saccharomyces_arboricola           0.7911480 0.7115061 0.6663346 1.0550175 0.7344278 0.6929472 0.0000000 0.1840210 0.1872178 0.1743937 0.1785534 0.1631869 0.1710778 0.8795166 0.8087742 
Saccharomyces_cerevisiae           0.8015164 0.6999777 0.7158885 1.0614852 0.7713651 0.7037199 0.1840210 0.0000000 0.2056325 0.1846152 0.1507434 0.0948912 0.2008710 0.8811762 0.8365810 
Saccharomyces_eubayanus            0.7808335 0.6709203 0.6216946 1.0014578 0.7515009 0.6569112 0.1872178 0.2056325 0.0000000 0.2125382 0.2057657 0.1951921 0.0587732 0.8121436 0.7800917 
Saccharomyces_kudriavzevii         0.8041498 0.7149309 0.6943273 1.0417176 0.7882126 0.7280932 0.1743937 0.1846152 0.2125382 0.0000000 0.1895484 0.1662005 0.1962094 0.9016821 0.8043616 
Saccharomyces_mikatae              0.8534964 0.7504473 0.7257823 1.0798795 0.8030766 0.7361292 0.1785534 0.1507434 0.2057657 0.1895484 0.0000000 0.1484309 0.1973496 0.8968057 0.8289815 
Saccharomyces_paradoxus            0.8115770 0.6980035 0.6799960 1.0917835 0.7704030 0.7077679 0.1631869 0.0948912 0.1951921 0.1662005 0.1484309 0.0000000 0.1958069 0.8496166 0.7882591 
Saccharomyces_uvarum               0.7754529 0.6851128 0.6390948 1.0145290 0.7679109 0.6765638 0.1710778 0.2008710 0.0587732 0.1962094 0.1973496 0.1958069 0.0000000 0.8344593 0.7670444 
Tetrapisispora_blattae             1.0281228 0.8889347 0.8918416 1.1962683 1.0067024 0.9258452 0.8795166 0.8811762 0.8121436 0.9016821 0.8968057 0.8496166 0.8344593 0.0000000 0.5098830 
yHMPu5000035629_Yueomyces_sinensis 1.0358880 0.9470746 0.8856553 1.3458875 0.9836478 0.8952166 0.8087742 0.8365810 0.7800917 0.8043616 0.8289815 0.7882591 0.7670444 0.5098830 0.0000000 
