15
Candida_glabrata                   0.0000000 1.7188794 1.1134867 1.8698986 0.9176178 1.0067125 1.7257654 1.7641486 1.6608276 1.6221041 1.6267068 1.7679006 1.5896584 1.5878257 1.7691031 
Nakaseomyces_bacillisporus         1.7188794 0.0000000 1.8727033 1.6207865 1.6976421 1.7347491 2.1054827 1.9824324 1.8250631 2.1007618 2.0084424 1.9760220 1.8134195 1.8494818 1.9726689 
Nakaseomyces_bracarensis           1.1134867 1.8727033 0.0000000 1.7321009 0.5769622 0.4327707 2.2423706 2.2338177 1.9775658 2.1405814 2.1626911 2.2087796 1.9255652 1.8204871 1.7440682 
Nakaseomyces_castellii             1.8698986 1.6207865 1.7321009 0.0000000 1.8974701 2.0512829 2.4875772 2.5220451 2.2725006 2.4577412 2.3173893 2.4193983 2.4226800 1.9431299 1.7016871 
Nakaseomyces_delphensis            0.9176178 1.6976421 0.5769622 1.8974701 0.0000000 0.4275701 1.7714219 1.7425752 1.6618901 1.7194772 1.7644129 1.8620533 1.7916346 1.7115136 1.8202784 
Nakaseomyces_nivariensis           1.0067125 1.7347491 0.4327707 2.0512829 0.4275701 0.0000000 1.9481453 1.8159966 1.7824483 1.7965438 1.8700244 1.7718736 1.7342068 1.6612846 1.7541285 
Saccharomyces_arboricola           1.7257654 2.1054827 2.2423706 2.4875772 1.7714219 1.9481453 0.0000000 0.2444083 0.2801380 0.2079014 0.2289495 0.2347631 0.2766947 2.1693729 2.0870586 
Saccharomyces_cerevisiae           1.7641486 1.9824324 2.2338177 2.5220451 1.7425752 1.8159966 0.2444083 0.0000000 0.3240416 0.2609739 0.2071206 0.1238383 0.2888988 1.9212377 2.1079704 
Saccharomyces_eubayanus            1.6608276 1.8250631 1.9775658 2.2725006 1.6618901 1.7824483 0.2801380 0.3240416 0.0000000 0.2239107 0.3046669 0.3305942 0.0833559 1.9656293 2.0568185 
Saccharomyces_kudriavzevii         1.6221041 2.1007618 2.1405814 2.4577412 1.7194772 1.7965438 0.2079014 0.2609739 0.2239107 0.0000000 0.2298152 0.2365672 0.2215193 2.0993881 2.1344277 
Saccharomyces_mikatae              1.6267068 2.0084424 2.1626911 2.3173893 1.7644129 1.8700244 0.2289495 0.2071206 0.3046669 0.2298152 0.0000000 0.1938881 0.2896456 1.9878214 2.0474389 
Saccharomyces_paradoxus            1.7679006 1.9760220 2.2087796 2.4193983 1.8620533 1.7718736 0.2347631 0.1238383 0.3305942 0.2365672 0.1938881 0.0000000 0.2757227 1.8699357 2.0801093 
Saccharomyces_uvarum               1.5896584 1.8134195 1.9255652 2.4226800 1.7916346 1.7342068 0.2766947 0.2888988 0.0833559 0.2215193 0.2896456 0.2757227 0.0000000 1.9726791 2.0281918 
Tetrapisispora_blattae             1.5878257 1.8494818 1.8204871 1.9431299 1.7115136 1.6612846 2.1693729 1.9212377 1.9656293 2.0993881 1.9878214 1.8699357 1.9726791 0.0000000 1.2575253 
yHMPu5000035629_Yueomyces_sinensis 1.7691031 1.9726689 1.7440682 1.7016871 1.8202784 1.7541285 2.0870586 2.1079704 2.0568185 2.1344277 2.0474389 2.0801093 2.0281918 1.2575253 0.0000000 
