15
Candida_glabrata                   0.0000000 0.1313724 0.0502086 0.2517027 0.0822664 0.0544638 0.1638960 0.1539373 0.1588679 0.1642241 0.1763098 0.1393784 0.1554350 0.1673033 0.2180800 
Nakaseomyces_bacillisporus         0.1313724 0.0000000 0.1590174 0.2458385 0.1923656 0.1585668 0.1565826 0.1419653 0.1381446 0.1522010 0.1396746 0.1319978 0.1295210 0.1257290 0.1364649 
Nakaseomyces_bracarensis           0.0502086 0.1590174 0.0000000 0.2472536 0.0365758 0.0225501 0.1557349 0.1422540 0.1401605 0.1504110 0.1508879 0.1281797 0.1450881 0.1662507 0.2164790 
Nakaseomyces_castellii             0.2517027 0.2458385 0.2472536 0.0000000 0.2358766 0.2368880 0.2658880 0.2276188 0.2470860 0.2298855 0.2530343 0.2225159 0.2562268 0.2946776 0.3222960 
Nakaseomyces_delphensis            0.0822664 0.1923656 0.0365758 0.2358766 0.0000000 0.0431982 0.1992565 0.1774944 0.1853532 0.1836777 0.1827099 0.1670603 0.1943277 0.2021754 0.2439343 
Nakaseomyces_nivariensis           0.0544638 0.1585668 0.0225501 0.2368880 0.0431982 0.0000000 0.1655860 0.1423055 0.1450780 0.1500210 0.1591880 0.1320369 0.1458305 0.1431380 0.2073861 
Saccharomyces_arboricola           0.1638960 0.1565826 0.1557349 0.2658880 0.1992565 0.1655860 0.0000000 0.0466037 0.0520071 0.0577462 0.0638101 0.0397734 0.0588599 0.1677465 0.2031774 
Saccharomyces_cerevisiae           0.1539373 0.1419653 0.1422540 0.2276188 0.1774944 0.1423055 0.0466037 0.0000000 0.0525812 0.0506471 0.0404331 0.0127911 0.0561406 0.1678606 0.2106597 
Saccharomyces_eubayanus            0.1588679 0.1381446 0.1401605 0.2470860 0.1853532 0.1450780 0.0520071 0.0525812 0.0000000 0.0532976 0.0635672 0.0486603 0.0127152 0.1512301 0.1876606 
Saccharomyces_kudriavzevii         0.1642241 0.1522010 0.1504110 0.2298855 0.1836777 0.1500210 0.0577462 0.0506471 0.0532976 0.0000000 0.0579863 0.0438336 0.0502529 0.1743852 0.2178376 
Saccharomyces_mikatae              0.1763098 0.1396746 0.1508879 0.2530343 0.1827099 0.1591880 0.0638101 0.0404331 0.0635672 0.0579863 0.0000000 0.0399776 0.0638367 0.1753326 0.2345626 
Saccharomyces_paradoxus            0.1393784 0.1319978 0.1281797 0.2225159 0.1670603 0.1320369 0.0397734 0.0127911 0.0486603 0.0438336 0.0399776 0.0000000 0.0521265 0.1612363 0.1996687 
Saccharomyces_uvarum               0.1554350 0.1295210 0.1450881 0.2562268 0.1943277 0.1458305 0.0588599 0.0561406 0.0127152 0.0502529 0.0638367 0.0521265 0.0000000 0.1502697 0.1865889 
Tetrapisispora_blattae             0.1673033 0.1257290 0.1662507 0.2946776 0.2021754 0.1431380 0.1677465 0.1678606 0.1512301 0.1743852 0.1753326 0.1612363 0.1502697 0.0000000 0.1107270 
yHMPu5000035629_Yueomyces_sinensis 0.2180800 0.1364649 0.2164790 0.3222960 0.2439343 0.2073861 0.2031774 0.2106597 0.1876606 0.2178376 0.2345626 0.1996687 0.1865889 0.1107270 0.0000000 
