15
Candida_glabrata                   0.0000000 1.5905471 0.7380012 2.2283106 0.7611896 0.7116245 1.2689498 1.2670239 1.1834331 1.2749904 1.2591540 1.2759072 1.1324709 1.1767487 2.1316652 
Nakaseomyces_bacillisporus         1.5905471 0.0000000 1.5416102 2.6409180 1.5939610 1.6496091 1.9121942 1.9046252 1.8596522 1.9235359 2.0210272 1.9171319 1.7968938 1.9892210 1.8312418 
Nakaseomyces_bracarensis           0.7380012 1.5416102 0.0000000 2.0384340 0.3515998 0.2791836 1.1855236 1.2647352 1.1669870 1.2464403 1.2674707 1.2167318 1.0792077 1.2030150 1.9068535 
Nakaseomyces_castellii             2.2283106 2.6409180 2.0384340 0.0000000 2.1724879 2.1457351 2.3979217 2.2834099 2.3301104 2.4891402 2.3522509 2.3738646 2.3632105 2.5404813 3.1180682 
Nakaseomyces_delphensis            0.7611896 1.5939610 0.3515998 2.1724879 0.0000000 0.4038654 1.1528693 1.2128553 1.1912525 1.2696462 1.2852054 1.2485129 1.0920900 1.2092054 2.2176468 
Nakaseomyces_nivariensis           0.7116245 1.6496091 0.2791836 2.1457351 0.4038654 0.0000000 1.1347960 1.1157839 1.1615254 1.2186731 1.1658986 1.0984064 1.1380880 1.1939280 2.0128155 
Saccharomyces_arboricola           1.2689498 1.9121942 1.1855236 2.3979217 1.1528693 1.1347960 0.0000000 0.2566471 0.2355047 0.2360058 0.2659401 0.2520725 0.2205167 1.2526412 1.9406843 
Saccharomyces_cerevisiae           1.2670239 1.9046252 1.2647352 2.2834099 1.2128553 1.1157839 0.2566471 0.0000000 0.2615813 0.2421670 0.1863228 0.0836655 0.2549826 1.3033573 1.9784422 
Saccharomyces_eubayanus            1.1834331 1.8596522 1.1669870 2.3301104 1.1912525 1.1615254 0.2355047 0.2615813 0.0000000 0.2473759 0.2551135 0.2479108 0.0896774 1.2617067 1.9005911 
Saccharomyces_kudriavzevii         1.2749904 1.9235359 1.2464403 2.4891402 1.2696462 1.2186731 0.2360058 0.2421670 0.2473759 0.0000000 0.2438817 0.2008243 0.2112856 1.2170263 2.0296069 
Saccharomyces_mikatae              1.2591540 2.0210272 1.2674707 2.3522509 1.2852054 1.1658986 0.2659401 0.1863228 0.2551135 0.2438817 0.0000000 0.1603337 0.2241198 1.3402969 2.0761725 
Saccharomyces_paradoxus            1.2759072 1.9171319 1.2167318 2.3738646 1.2485129 1.0984064 0.2520725 0.0836655 0.2479108 0.2008243 0.1603337 0.0000000 0.2321097 1.2830455 1.9907481 
Saccharomyces_uvarum               1.1324709 1.7968938 1.0792077 2.3632105 1.0920900 1.1380880 0.2205167 0.2549826 0.0896774 0.2112856 0.2241198 0.2321097 0.0000000 1.2028274 1.9400436 
Tetrapisispora_blattae             1.1767487 1.9892210 1.2030150 2.5404813 1.2092054 1.1939280 1.2526412 1.3033573 1.2617067 1.2170263 1.3402969 1.2830455 1.2028274 0.0000000 1.8692146 
yHMPu5000035629_Yueomyces_sinensis 2.1316652 1.8312418 1.9068535 3.1180682 2.2176468 2.0128155 1.9406843 1.9784422 1.9005911 2.0296069 2.0761725 1.9907481 1.9400436 1.8692146 0.0000000 
