15
Candida_glabrata                   0.0000000 2.2948192 1.2780700 2.4126430 1.3138755 1.2555467 1.7630805 1.8973761 1.8231150 2.0359323 1.9128414 1.9022847 1.8383421 2.3398156 2.2367934 
Nakaseomyces_bacillisporus         2.2948192 0.0000000 2.2345435 2.3418195 2.2733524 2.2340808 2.2228437 1.9322000 2.0905762 2.1671377 2.1664646 1.9143537 2.1737611 1.9199007 2.1224393 
Nakaseomyces_bracarensis           1.2780700 2.2345435 0.0000000 2.2394348 0.8203399 0.7669949 1.6309423 1.5663676 1.5696498 1.5866645 1.5764438 1.5965244 1.5991770 2.2973269 1.9314631 
Nakaseomyces_castellii             2.4126430 2.3418195 2.2394348 0.0000000 2.2872492 2.1766309 2.0879236 1.9330908 2.1515665 2.0840218 2.0220411 1.9429654 2.1055047 2.4522519 2.4750077 
Nakaseomyces_delphensis            1.3138755 2.2733524 0.8203399 2.2872492 0.0000000 0.6811134 1.7790648 1.5954216 1.7853430 1.8977312 1.8863110 1.7001425 1.7320405 2.2430217 2.2818291 
Nakaseomyces_nivariensis           1.2555467 2.2340808 0.7669949 2.1766309 0.6811134 0.0000000 1.6976590 1.4788110 1.7167175 1.6479723 1.6417368 1.5360575 1.5877371 2.2484138 2.1961064 
Saccharomyces_arboricola           1.7630805 2.2228437 1.6309423 2.0879236 1.7790648 1.6976590 0.0000000 0.3847177 0.4872849 0.3079192 0.3698527 0.4300585 0.4119669 1.7658962 1.7228647 
Saccharomyces_cerevisiae           1.8973761 1.9322000 1.5663676 1.9330908 1.5954216 1.4788110 0.3847177 0.0000000 0.5244781 0.4348633 0.3064569 0.1801636 0.5027101 1.6799313 1.7210441 
Saccharomyces_eubayanus            1.8231150 2.0905762 1.5696498 2.1515665 1.7853430 1.7167175 0.4872849 0.5244781 0.0000000 0.4473009 0.5215610 0.4874006 0.1022243 1.8664597 1.7034101 
Saccharomyces_kudriavzevii         2.0359323 2.1671377 1.5866645 2.0840218 1.8977312 1.6479723 0.3079192 0.4348633 0.4473009 0.0000000 0.4205553 0.4596794 0.4181054 1.8820204 1.6586936 
Saccharomyces_mikatae              1.9128414 2.1664646 1.5764438 2.0220411 1.8863110 1.6417368 0.3698527 0.3064569 0.5215610 0.4205553 0.0000000 0.2943235 0.5006492 1.7754494 1.7136938 
Saccharomyces_paradoxus            1.9022847 1.9143537 1.5965244 1.9429654 1.7001425 1.5360575 0.4300585 0.1801636 0.4874006 0.4596794 0.2943235 0.0000000 0.4877525 1.7288125 1.8043930 
Saccharomyces_uvarum               1.8383421 2.1737611 1.5991770 2.1055047 1.7320405 1.5877371 0.4119669 0.5027101 0.1022243 0.4181054 0.5006492 0.4877525 0.0000000 1.8221371 1.7192610 
Tetrapisispora_blattae             2.3398156 1.9199007 2.2973269 2.4522519 2.2430217 2.2484138 1.7658962 1.6799313 1.8664597 1.8820204 1.7754494 1.7288125 1.8221371 0.0000000 1.4662729 
yHMPu5000035629_Yueomyces_sinensis 2.2367934 2.1224393 1.9314631 2.4750077 2.2818291 2.1961064 1.7228647 1.7210441 1.7034101 1.6586936 1.7136938 1.8043930 1.7192610 1.4662729 0.0000000 
