15
Candida_glabrata                   0.0000000 1.0235265 0.4346883 1.0958648 0.4321258 0.4271912 0.7165375 0.7576059 0.6392408 0.6609490 0.6734991 0.6878621 0.6358332 1.0998217 1.1103175 
Nakaseomyces_bacillisporus         1.0235265 0.0000000 0.9244891 1.0332520 1.0114809 1.0298509 0.9006726 0.9291428 0.9674498 0.9356254 0.9116818 0.9309980 0.9740835 1.1578151 1.3656082 
Nakaseomyces_bracarensis           0.4346883 0.9244891 0.0000000 0.9633498 0.3551806 0.2967063 0.6689393 0.6821164 0.6867261 0.6743194 0.6614027 0.6680410 0.6877602 1.0002266 1.0634359 
Nakaseomyces_castellii             1.0958648 1.0332520 0.9633498 0.0000000 1.0944171 1.0961482 1.0408859 1.0251156 1.0400172 1.0127408 1.0074853 0.9973061 1.1055900 1.1741378 1.3714179 
Nakaseomyces_delphensis            0.4321258 1.0114809 0.3551806 1.0944171 0.0000000 0.2609610 0.6913238 0.6990087 0.6295375 0.6824998 0.6886498 0.6847684 0.6369833 1.1138527 1.0996246 
Nakaseomyces_nivariensis           0.4271912 1.0298509 0.2967063 1.0961482 0.2609610 0.0000000 0.6558302 0.6490086 0.6651762 0.6643498 0.6653722 0.6166329 0.6346034 1.0639579 1.0045939 
Saccharomyces_arboricola           0.7165375 0.9006726 0.6689393 1.0408859 0.6913238 0.6558302 0.0000000 0.1970278 0.2112079 0.1507312 0.1754627 0.1868836 0.2023121 1.0025996 1.0086563 
Saccharomyces_cerevisiae           0.7576059 0.9291428 0.6821164 1.0251156 0.6990087 0.6490086 0.1970278 0.0000000 0.2573365 0.1981054 0.1774473 0.1164697 0.2733122 0.9354394 1.0270173 
Saccharomyces_eubayanus            0.6392408 0.9674498 0.6867261 1.0400172 0.6295375 0.6651762 0.2112079 0.2573365 0.0000000 0.1737178 0.2340119 0.2307846 0.0747981 0.9747845 1.0770014 
Saccharomyces_kudriavzevii         0.6609490 0.9356254 0.6743194 1.0127408 0.6824998 0.6643498 0.1507312 0.1981054 0.1737178 0.0000000 0.1827825 0.1817662 0.1878156 0.9905599 1.0160216 
Saccharomyces_mikatae              0.6734991 0.9116818 0.6614027 1.0074853 0.6886498 0.6653722 0.1754627 0.1774473 0.2340119 0.1827825 0.0000000 0.1281635 0.2373612 0.9459021 1.0203476 
Saccharomyces_paradoxus            0.6878621 0.9309980 0.6680410 0.9973061 0.6847684 0.6166329 0.1868836 0.1164697 0.2307846 0.1817662 0.1281635 0.0000000 0.2478066 0.9392495 1.0166129 
Saccharomyces_uvarum               0.6358332 0.9740835 0.6877602 1.1055900 0.6369833 0.6346034 0.2023121 0.2733122 0.0747981 0.1878156 0.2373612 0.2478066 0.0000000 1.0582831 1.1175319 
Tetrapisispora_blattae             1.0998217 1.1578151 1.0002266 1.1741378 1.1138527 1.0639579 1.0025996 0.9354394 0.9747845 0.9905599 0.9459021 0.9392495 1.0582831 0.0000000 0.6356913 
yHMPu5000035629_Yueomyces_sinensis 1.1103175 1.3656082 1.0634359 1.3714179 1.0996246 1.0045939 1.0086563 1.0270173 1.0770014 1.0160216 1.0203476 1.0166129 1.1175319 0.6356913 0.0000000 
