15
Candida_glabrata                   0.0000000 1.5984476 0.7146073 2.2688466 0.7496750 0.6954516 1.1722397 1.1548869 1.1642312 1.1904805 1.1501855 1.1425126 1.1607158 1.5932848 1.7374147 
Nakaseomyces_bacillisporus         1.5984476 0.0000000 1.5922244 1.9479776 1.6357161 1.5960293 1.6925269 1.6837174 1.6993566 1.7122710 1.6888369 1.6340644 1.6567552 1.9030670 1.7543075 
Nakaseomyces_bracarensis           0.7146073 1.5922244 0.0000000 2.0342871 0.4612925 0.3736238 1.2156994 1.1798780 1.2223094 1.2151394 1.1331162 1.1154003 1.2289515 1.6702363 1.6873081 
Nakaseomyces_castellii             2.2688466 1.9479776 2.0342871 0.0000000 2.0735761 2.1627417 1.9007816 1.8295859 1.8948175 1.9143745 1.8789987 1.8182560 1.9070332 2.4531800 2.3512314 
Nakaseomyces_delphensis            0.7496750 1.6357161 0.4612925 2.0735761 0.0000000 0.3565386 1.2071764 1.2212126 1.1929967 1.1972810 1.1735942 1.1765084 1.2049115 1.6683981 1.8109465 
Nakaseomyces_nivariensis           0.6954516 1.5960293 0.3736238 2.1627417 0.3565386 0.0000000 1.2151519 1.1718173 1.2332178 1.2084371 1.1747660 1.1461710 1.2322398 1.6988428 1.7818568 
Saccharomyces_arboricola           1.1722397 1.6925269 1.2156994 1.9007816 1.2071764 1.2151519 0.0000000 0.2644775 0.2187437 0.2128218 0.2460373 0.2266802 0.2209926 1.7218891 1.7265895 
Saccharomyces_cerevisiae           1.1548869 1.6837174 1.1798780 1.8295859 1.2212126 1.1718173 0.2644775 0.0000000 0.2783432 0.2260053 0.1850554 0.1125887 0.2581293 1.5784419 1.6773735 
Saccharomyces_eubayanus            1.1642312 1.6993566 1.2223094 1.8948175 1.1929967 1.2332178 0.2187437 0.2783432 0.0000000 0.2113783 0.2469113 0.2585379 0.0571681 1.5562779 1.6884419 
Saccharomyces_kudriavzevii         1.1904805 1.7122710 1.2151394 1.9143745 1.1972810 1.2084371 0.2128218 0.2260053 0.2113783 0.0000000 0.2017638 0.2121525 0.2037544 1.5916326 1.7248269 
Saccharomyces_mikatae              1.1501855 1.6888369 1.1331162 1.8789987 1.1735942 1.1747660 0.2460373 0.1850554 0.2469113 0.2017638 0.0000000 0.1660928 0.2520283 1.5677719 1.7365664 
Saccharomyces_paradoxus            1.1425126 1.6340644 1.1154003 1.8182560 1.1765084 1.1461710 0.2266802 0.1125887 0.2585379 0.2121525 0.1660928 0.0000000 0.2501897 1.5561325 1.6257626 
Saccharomyces_uvarum               1.1607158 1.6567552 1.2289515 1.9070332 1.2049115 1.2322398 0.2209926 0.2581293 0.0571681 0.2037544 0.2520283 0.2501897 0.0000000 1.5875055 1.6337052 
Tetrapisispora_blattae             1.5932848 1.9030670 1.6702363 2.4531800 1.6683981 1.6988428 1.7218891 1.5784419 1.5562779 1.5916326 1.5677719 1.5561325 1.5875055 0.0000000 1.1703853 
yHMPu5000035629_Yueomyces_sinensis 1.7374147 1.7543075 1.6873081 2.3512314 1.8109465 1.7818568 1.7265895 1.6773735 1.6884419 1.7248269 1.7365664 1.6257626 1.6337052 1.1703853 0.0000000 
