15
Candida_glabrata                   0.0000000 0.7892022 0.5139052 0.8813756 0.4638975 0.4310949 0.5762847 0.6072908 0.6126130 0.6671231 0.6662407 0.5763294 0.6058429 0.6722506 0.7794201 
Nakaseomyces_bacillisporus         0.7892022 0.0000000 0.8149502 0.9291847 0.8125200 0.7153602 0.6284220 0.6980357 0.6594849 0.6414150 0.6446910 0.6976385 0.6398025 0.7881690 0.9275001 
Nakaseomyces_bracarensis           0.5139052 0.8149502 0.0000000 0.9638848 0.3566497 0.2785281 0.6220274 0.6141642 0.6104748 0.6418658 0.6007534 0.6338076 0.6081449 0.6964196 0.8293824 
Nakaseomyces_castellii             0.8813756 0.9291847 0.9638848 0.0000000 0.9610606 0.8600839 0.8570726 0.8039449 0.8410387 0.8418956 0.8051551 0.8309034 0.8625342 1.1538788 1.2144387 
Nakaseomyces_delphensis            0.4638975 0.8125200 0.3566497 0.9610606 0.0000000 0.2470652 0.5389830 0.5276085 0.5333859 0.5631799 0.5745571 0.5624707 0.5344660 0.6782446 0.7586617 
Nakaseomyces_nivariensis           0.4310949 0.7153602 0.2785281 0.8600839 0.2470652 0.0000000 0.4727884 0.4497838 0.4414200 0.4870377 0.4764827 0.4496411 0.4500613 0.5692461 0.6677015 
Saccharomyces_arboricola           0.5762847 0.6284220 0.6220274 0.8570726 0.5389830 0.4727884 0.0000000 0.1800794 0.1566840 0.1539419 0.1713265 0.1748023 0.1403282 0.5339071 0.6603351 
Saccharomyces_cerevisiae           0.6072908 0.6980357 0.6141642 0.8039449 0.5276085 0.4497838 0.1800794 0.0000000 0.1913291 0.1729200 0.1399525 0.0892162 0.1737000 0.5672177 0.6513967 
Saccharomyces_eubayanus            0.6126130 0.6594849 0.6104748 0.8410387 0.5333859 0.4414200 0.1566840 0.1913291 0.0000000 0.1808711 0.1879075 0.1732136 0.0431027 0.5789732 0.6543516 
Saccharomyces_kudriavzevii         0.6671231 0.6414150 0.6418658 0.8418956 0.5631799 0.4870377 0.1539419 0.1729200 0.1808711 0.0000000 0.1788446 0.1735390 0.1588524 0.6090876 0.6657878 
Saccharomyces_mikatae              0.6662407 0.6446910 0.6007534 0.8051551 0.5745571 0.4764827 0.1713265 0.1399525 0.1879075 0.1788446 0.0000000 0.1200638 0.1694035 0.5981060 0.6759663 
Saccharomyces_paradoxus            0.5763294 0.6976385 0.6338076 0.8309034 0.5624707 0.4496411 0.1748023 0.0892162 0.1732136 0.1735390 0.1200638 0.0000000 0.1545652 0.5606255 0.6418730 
Saccharomyces_uvarum               0.6058429 0.6398025 0.6081449 0.8625342 0.5344660 0.4500613 0.1403282 0.1737000 0.0431027 0.1588524 0.1694035 0.1545652 0.0000000 0.5904420 0.6597910 
Tetrapisispora_blattae             0.6722506 0.7881690 0.6964196 1.1538788 0.6782446 0.5692461 0.5339071 0.5672177 0.5789732 0.6090876 0.5981060 0.5606255 0.5904420 0.0000000 0.4362807 
yHMPu5000035629_Yueomyces_sinensis 0.7794201 0.9275001 0.8293824 1.2144387 0.7586617 0.6677015 0.6603351 0.6513967 0.6543516 0.6657878 0.6759663 0.6418730 0.6597910 0.4362807 0.0000000 
