15
Candida_glabrata                   0.0000000 0.7607481 0.3367568 1.0121541 0.4113560 0.2939027 0.7858494 0.8252917 0.7667420 0.7448838 0.8123878 0.7959090 0.7606809 0.9988091 1.0786593 
Nakaseomyces_bacillisporus         0.7607481 0.0000000 0.7967470 1.1134609 0.8673104 0.7679679 0.8793233 0.8914687 0.8351706 0.8836092 0.8577493 0.8507406 0.8461904 1.1078693 1.1207848 
Nakaseomyces_bracarensis           0.3367568 0.7967470 0.0000000 1.0829111 0.2596813 0.1980661 0.6985247 0.6922263 0.7151403 0.6995771 0.7507097 0.7261723 0.7121563 0.9491168 0.9513419 
Nakaseomyces_castellii             1.0121541 1.1134609 1.0829111 0.0000000 1.2337091 1.1294409 1.2053132 1.2122278 1.2516580 1.1556095 1.2115983 1.1858998 1.2334040 1.6096223 1.6292868 
Nakaseomyces_delphensis            0.4113560 0.8673104 0.2596813 1.2337091 0.0000000 0.2019857 0.7620058 0.7766948 0.8066105 0.7697136 0.8546068 0.7940255 0.7879094 1.1054645 1.2185151 
Nakaseomyces_nivariensis           0.2939027 0.7679679 0.1980661 1.1294409 0.2019857 0.0000000 0.6681819 0.7209466 0.7025426 0.7074353 0.7722553 0.6912095 0.7048680 1.0120946 1.1702929 
Saccharomyces_arboricola           0.7858494 0.8793233 0.6985247 1.2053132 0.7620058 0.6681819 0.0000000 0.1665074 0.1439105 0.1349273 0.1492747 0.1228481 0.1338954 1.0841229 1.1012071 
Saccharomyces_cerevisiae           0.8252917 0.8914687 0.6922263 1.2122278 0.7766948 0.7209466 0.1665074 0.0000000 0.1853342 0.1886833 0.1335142 0.0650122 0.1775152 1.0751460 1.2002076 
Saccharomyces_eubayanus            0.7667420 0.8351706 0.7151403 1.2516580 0.8066105 0.7025426 0.1439105 0.1853342 0.0000000 0.1678063 0.2002966 0.1746307 0.0334307 1.0353792 1.1265716 
Saccharomyces_kudriavzevii         0.7448838 0.8836092 0.6995771 1.1556095 0.7697136 0.7074353 0.1349273 0.1886833 0.1678063 0.0000000 0.1762687 0.1659833 0.1692264 1.1084877 1.1591014 
Saccharomyces_mikatae              0.8123878 0.8577493 0.7507097 1.2115983 0.8546068 0.7722553 0.1492747 0.1335142 0.2002966 0.1762687 0.0000000 0.1008282 0.2024680 1.1013094 1.1771668 
Saccharomyces_paradoxus            0.7959090 0.8507406 0.7261723 1.1858998 0.7940255 0.6912095 0.1228481 0.0650122 0.1746307 0.1659833 0.1008282 0.0000000 0.1632990 1.0662789 1.1706972 
Saccharomyces_uvarum               0.7606809 0.8461904 0.7121563 1.2334040 0.7879094 0.7048680 0.1338954 0.1775152 0.0334307 0.1692264 0.2024680 0.1632990 0.0000000 1.0723581 1.1274128 
Tetrapisispora_blattae             0.9988091 1.1078693 0.9491168 1.6096223 1.1054645 1.0120946 1.0841229 1.0751460 1.0353792 1.1084877 1.1013094 1.0662789 1.0723581 0.0000000 0.6532469 
yHMPu5000035629_Yueomyces_sinensis 1.0786593 1.1207848 0.9513419 1.6292868 1.2185151 1.1702929 1.1012071 1.2002076 1.1265716 1.1591014 1.1771668 1.1706972 1.1274128 0.6532469 0.0000000 
