15
Candida_glabrata                   0.0000000 2.3641736 1.5635046 2.5155110 1.5019530 1.4039074 2.1169691 2.1148054 2.0501676 2.0680386 2.0979278 2.0980134 2.0603007 2.3508962 2.4350361 
Nakaseomyces_bacillisporus         2.3641736 0.0000000 2.1058751 2.3083343 2.1709283 2.0670307 1.9297742 1.9248956 1.9366324 1.8507583 1.8247823 1.8990755 1.9405449 1.9884068 2.5056518 
Nakaseomyces_bracarensis           1.5635046 2.1058751 0.0000000 2.3545995 0.6995217 0.7059011 1.8914580 1.8777859 1.8086085 1.8634368 1.8846077 1.8768925 1.8367656 2.1440666 2.3249922 
Nakaseomyces_castellii             2.5155110 2.3083343 2.3545995 0.0000000 2.3192233 2.3522794 2.4250092 2.3868033 2.3044412 2.3050936 2.4360906 2.4028388 2.3473642 2.4660024 2.6118134 
Nakaseomyces_delphensis            1.5019530 2.1709283 0.6995217 2.3192233 0.0000000 0.6362095 1.9754752 1.8983106 1.8390072 1.8394160 1.9628339 1.8982078 1.8806341 2.1887152 2.5361800 
Nakaseomyces_nivariensis           1.4039074 2.0670307 0.7059011 2.3522794 0.6362095 0.0000000 1.8448416 1.8687311 1.8053218 1.7607042 1.8878757 1.8767000 1.8340930 2.1357387 2.3301393 
Saccharomyces_arboricola           2.1169691 1.9297742 1.8914580 2.4250092 1.9754752 1.8448416 0.0000000 0.3868093 0.3657331 0.3019066 0.3706476 0.3408669 0.3459768 1.7348308 2.0699488 
Saccharomyces_cerevisiae           2.1148054 1.9248956 1.8777859 2.3868033 1.8983106 1.8687311 0.3868093 0.0000000 0.4382977 0.3698416 0.3113322 0.1553962 0.4141028 1.7428025 2.1459279 
Saccharomyces_eubayanus            2.0501676 1.9366324 1.8086085 2.3044412 1.8390072 1.8053218 0.3657331 0.4382977 0.0000000 0.3832094 0.4372136 0.4051039 0.1131190 1.7230640 2.0754813 
Saccharomyces_kudriavzevii         2.0680386 1.8507583 1.8634368 2.3050936 1.8394160 1.7607042 0.3019066 0.3698416 0.3832094 0.0000000 0.3430997 0.3084877 0.3651147 1.7015743 2.1073445 
Saccharomyces_mikatae              2.0979278 1.8247823 1.8846077 2.4360906 1.9628339 1.8878757 0.3706476 0.3113322 0.4372136 0.3430997 0.0000000 0.2543303 0.4176509 1.7126728 2.1502377 
Saccharomyces_paradoxus            2.0980134 1.8990755 1.8768925 2.4028388 1.8982078 1.8767000 0.3408669 0.1553962 0.4051039 0.3084877 0.2543303 0.0000000 0.3782754 1.6790149 2.1958650 
Saccharomyces_uvarum               2.0603007 1.9405449 1.8367656 2.3473642 1.8806341 1.8340930 0.3459768 0.4141028 0.1131190 0.3651147 0.4176509 0.3782754 0.0000000 1.7014035 2.0779336 
Tetrapisispora_blattae             2.3508962 1.9884068 2.1440666 2.4660024 2.1887152 2.1357387 1.7348308 1.7428025 1.7230640 1.7015743 1.7126728 1.6790149 1.7014035 0.0000000 1.6283653 
yHMPu5000035629_Yueomyces_sinensis 2.4350361 2.5056518 2.3249922 2.6118134 2.5361800 2.3301393 2.0699488 2.1459279 2.0754813 2.1073445 2.1502377 2.1958650 2.0779336 1.6283653 0.0000000 
