15
Candida_glabrata                   0.0000000 0.6474645 0.4198004 0.9612462 0.4034802 0.3536743 0.6435439 0.6230929 0.6292920 0.6218433 0.6635929 0.6114091 0.6322200 0.6980879 0.7065443 
Nakaseomyces_bacillisporus         0.6474645 0.0000000 0.6818589 0.9057144 0.7063237 0.6484573 0.5549628 0.6033012 0.5526451 0.5504175 0.5970424 0.6120674 0.5517700 0.6983061 0.7446179 
Nakaseomyces_bracarensis           0.4198004 0.6818589 0.0000000 0.9084224 0.3283260 0.2531065 0.7236644 0.7590665 0.7111991 0.6996540 0.7229020 0.7344086 0.7005346 0.7157565 0.7035042 
Nakaseomyces_castellii             0.9612462 0.9057144 0.9084224 0.0000000 0.9622867 0.8679306 0.9357733 0.9596481 0.9231932 0.8857841 0.9028698 0.8906458 0.8685721 0.9189979 0.8924619 
Nakaseomyces_delphensis            0.4034802 0.7063237 0.3283260 0.9622867 0.0000000 0.2461227 0.7467885 0.7074396 0.6557330 0.6836858 0.7205121 0.6920545 0.6728262 0.6728791 0.7038716 
Nakaseomyces_nivariensis           0.3536743 0.6484573 0.2531065 0.8679306 0.2461227 0.0000000 0.6023813 0.6062641 0.5800045 0.6107171 0.6353611 0.5961299 0.6089316 0.6956555 0.7025393 
Saccharomyces_arboricola           0.6435439 0.5549628 0.7236644 0.9357733 0.7467885 0.6023813 0.0000000 0.2501916 0.2079212 0.1774063 0.2487335 0.2170263 0.2012876 0.6608347 0.7357758 
Saccharomyces_cerevisiae           0.6230929 0.6033012 0.7590665 0.9596481 0.7074396 0.6062641 0.2501916 0.0000000 0.2407190 0.2160451 0.1845868 0.1206909 0.2183164 0.6506302 0.7097237 
Saccharomyces_eubayanus            0.6292920 0.5526451 0.7111991 0.9231932 0.6557330 0.5800045 0.2079212 0.2407190 0.0000000 0.1955921 0.2473134 0.2173955 0.0536592 0.6100709 0.7353205 
Saccharomyces_kudriavzevii         0.6218433 0.5504175 0.6996540 0.8857841 0.6836858 0.6107171 0.1774063 0.2160451 0.1955921 0.0000000 0.2161477 0.1831050 0.1894924 0.6528453 0.6796658 
Saccharomyces_mikatae              0.6635929 0.5970424 0.7229020 0.9028698 0.7205121 0.6353611 0.2487335 0.1845868 0.2473134 0.2161477 0.0000000 0.1742887 0.2212441 0.6504615 0.7006687 
Saccharomyces_paradoxus            0.6114091 0.6120674 0.7344086 0.8906458 0.6920545 0.5961299 0.2170263 0.1206909 0.2173955 0.1831050 0.1742887 0.0000000 0.1963110 0.6619631 0.7018429 
Saccharomyces_uvarum               0.6322200 0.5517700 0.7005346 0.8685721 0.6728262 0.6089316 0.2012876 0.2183164 0.0536592 0.1894924 0.2212441 0.1963110 0.0000000 0.6028946 0.7289007 
Tetrapisispora_blattae             0.6980879 0.6983061 0.7157565 0.9189979 0.6728791 0.6956555 0.6608347 0.6506302 0.6100709 0.6528453 0.6504615 0.6619631 0.6028946 0.0000000 0.3791380 
yHMPu5000035629_Yueomyces_sinensis 0.7065443 0.7446179 0.7035042 0.8924619 0.7038716 0.7025393 0.7357758 0.7097237 0.7353205 0.6796658 0.7006687 0.7018429 0.7289007 0.3791380 0.0000000 
