15
Candida_glabrata                   0.0000000 1.6828304 0.7083602 1.6546193 0.6664408 0.7024072 1.3413345 1.3476455 1.2210568 1.2913419 1.3362792 1.2564351 1.2241772 1.3457483 1.7477732 
Nakaseomyces_bacillisporus         1.6828304 0.0000000 1.5791573 1.4746859 1.5016544 1.5826550 1.4286002 1.3918513 1.4140354 1.4351230 1.3249320 1.3051990 1.4790329 1.1584659 1.5040717 
Nakaseomyces_bracarensis           0.7083602 1.5791573 0.0000000 1.5990848 0.4637813 0.4406688 1.2128083 1.2224539 1.1954999 1.2043268 1.2040780 1.2082359 1.1846306 1.2829184 1.5310380 
Nakaseomyces_castellii             1.6546193 1.4746859 1.5990848 0.0000000 1.6017210 1.6475557 1.4172439 1.3733969 1.3788829 1.3450731 1.4779113 1.3711227 1.3771394 1.6064490 1.7688149 
Nakaseomyces_delphensis            0.6664408 1.5016544 0.4637813 1.6017210 0.0000000 0.3774028 1.1781527 1.2071027 1.1410156 1.1914852 1.2238738 1.1849327 1.1571792 1.2889243 1.5934494 
Nakaseomyces_nivariensis           0.7024072 1.5826550 0.4406688 1.6475557 0.3774028 0.0000000 1.1254467 1.1632855 1.1452354 1.1402014 1.1765940 1.1877965 1.1297085 1.1688803 1.5189414 
Saccharomyces_arboricola           1.3413345 1.4286002 1.2128083 1.4172439 1.1781527 1.1254467 0.0000000 0.2562157 0.2274933 0.2049130 0.2682132 0.2288146 0.2257083 1.2207875 1.4658152 
Saccharomyces_cerevisiae           1.3476455 1.3918513 1.2224539 1.3733969 1.2071027 1.1632855 0.2562157 0.0000000 0.2729083 0.2455089 0.2273336 0.1030424 0.2699711 1.2292911 1.5028315 
Saccharomyces_eubayanus            1.2210568 1.4140354 1.1954999 1.3788829 1.1410156 1.1452354 0.2274933 0.2729083 0.0000000 0.2182239 0.2710583 0.2407915 0.0659331 1.2166259 1.5384598 
Saccharomyces_kudriavzevii         1.2913419 1.4351230 1.2043268 1.3450731 1.1914852 1.1402014 0.2049130 0.2455089 0.2182239 0.0000000 0.2248360 0.2000032 0.2214410 1.2179823 1.4922345 
Saccharomyces_mikatae              1.3362792 1.3249320 1.2040780 1.4779113 1.2238738 1.1765940 0.2682132 0.2273336 0.2710583 0.2248360 0.0000000 0.2075590 0.3001048 1.2254454 1.5379067 
Saccharomyces_paradoxus            1.2564351 1.3051990 1.2082359 1.3711227 1.1849327 1.1877965 0.2288146 0.1030424 0.2407915 0.2000032 0.2075590 0.0000000 0.2335639 1.2025381 1.5351667 
Saccharomyces_uvarum               1.2241772 1.4790329 1.1846306 1.3771394 1.1571792 1.1297085 0.2257083 0.2699711 0.0659331 0.2214410 0.3001048 0.2335639 0.0000000 1.2013436 1.4819029 
Tetrapisispora_blattae             1.3457483 1.1584659 1.2829184 1.6064490 1.2889243 1.1688803 1.2207875 1.2292911 1.2166259 1.2179823 1.2254454 1.2025381 1.2013436 0.0000000 1.0882267 
yHMPu5000035629_Yueomyces_sinensis 1.7477732 1.5040717 1.5310380 1.7688149 1.5934494 1.5189414 1.4658152 1.5028315 1.5384598 1.4922345 1.5379067 1.5351667 1.4819029 1.0882267 0.0000000 
