15
Candida_glabrata                   0.0000000 2.1408002 1.2360019 2.2821394 1.2570439 1.2459919 1.9120025 1.9718269 2.0203725 1.9600491 1.9814652 2.0095748 1.9730796 2.4000024 2.2038779 
Nakaseomyces_bacillisporus         2.1408002 0.0000000 1.9564243 1.6747922 1.9186764 1.8518922 1.6986224 1.6878112 1.6771225 1.6078982 1.6574035 1.6741407 1.6745021 2.1101487 2.1771626 
Nakaseomyces_bracarensis           1.2360019 1.9564243 0.0000000 2.2113903 0.4880979 0.5200498 1.8090023 1.7869623 1.7600375 1.7582385 1.7779670 1.7678838 1.7474906 2.2515381 2.1965869 
Nakaseomyces_castellii             2.2821394 1.6747922 2.2113903 0.0000000 2.2484199 2.2051739 2.0216826 2.0752005 1.9204273 2.0255513 1.9662807 2.0116031 1.9838359 2.4905248 2.5454558 
Nakaseomyces_delphensis            1.2570439 1.9186764 0.4880979 2.2484199 0.0000000 0.4224088 1.9813814 1.8947027 1.9610583 1.8744002 1.9354374 1.9364065 1.9460596 2.2079836 2.2516763 
Nakaseomyces_nivariensis           1.2459919 1.8518922 0.5200498 2.2051739 0.4224088 0.0000000 1.8428028 1.7834351 1.7965034 1.7597335 1.8200644 1.8184847 1.7873633 2.1438359 2.1720395 
Saccharomyces_arboricola           1.9120025 1.6986224 1.8090023 2.0216826 1.9813814 1.8428028 0.0000000 0.2975868 0.2776949 0.2454758 0.2996436 0.2641289 0.2632609 1.7013658 1.8128899 
Saccharomyces_cerevisiae           1.9718269 1.6878112 1.7869623 2.0752005 1.8947027 1.7834351 0.2975868 0.0000000 0.3415570 0.2793471 0.2311574 0.1280644 0.3105096 1.7002132 1.8390072 
Saccharomyces_eubayanus            2.0203725 1.6771225 1.7600375 1.9204273 1.9610583 1.7965034 0.2776949 0.3415570 0.0000000 0.2797153 0.3534792 0.3139703 0.0856211 1.7435621 1.8481012 
Saccharomyces_kudriavzevii         1.9600491 1.6078982 1.7582385 2.0255513 1.8744002 1.7597335 0.2454758 0.2793471 0.2797153 0.0000000 0.2965074 0.2580245 0.2551002 1.6884012 1.8572981 
Saccharomyces_mikatae              1.9814652 1.6574035 1.7779670 1.9662807 1.9354374 1.8200644 0.2996436 0.2311574 0.3534792 0.2965074 0.0000000 0.2165018 0.3218811 1.6995272 1.8727203 
Saccharomyces_paradoxus            2.0095748 1.6741407 1.7678838 2.0116031 1.9364065 1.8184847 0.2641289 0.1280644 0.3139703 0.2580245 0.2165018 0.0000000 0.2742596 1.7153052 1.8283975 
Saccharomyces_uvarum               1.9730796 1.6745021 1.7474906 1.9838359 1.9460596 1.7873633 0.2632609 0.3105096 0.0856211 0.2551002 0.3218811 0.2742596 0.0000000 1.7518557 1.8329659 
Tetrapisispora_blattae             2.4000024 2.1101487 2.2515381 2.4905248 2.2079836 2.1438359 1.7013658 1.7002132 1.7435621 1.6884012 1.6995272 1.7153052 1.7518557 0.0000000 1.0730560 
yHMPu5000035629_Yueomyces_sinensis 2.2038779 2.1771626 2.1965869 2.5454558 2.2516763 2.1720395 1.8128899 1.8390072 1.8481012 1.8572981 1.8727203 1.8283975 1.8329659 1.0730560 0.0000000 
