15
Candida_glabrata                   0.0000000 2.9665051 0.7049316 3.1475881 0.7599637 0.7987288 1.3518469 1.2820742 1.3716661 1.3902982 1.3769845 1.2754730 1.3040868 4.4865793 3.9866629 
Nakaseomyces_bacillisporus         2.9665051 0.0000000 2.3407782 3.8996630 2.4278665 2.7191272 2.7265796 2.7409041 2.8176076 2.6766840 2.8703798 2.6836760 2.7421012 3.7659301 3.3160052 
Nakaseomyces_bracarensis           0.7049316 2.3407782 0.0000000 3.2553960 0.4730149 0.4565270 1.3380849 1.2688827 1.3628201 1.3480066 1.2931180 1.2493354 1.3313981 3.9004262 3.9454762 
Nakaseomyces_castellii             3.1475881 3.8996630 3.2553960 0.0000000 3.4657703 3.1584677 2.9393585 2.8430284 2.9726526 3.0575713 2.7225514 2.8142438 2.8552873 4.4872302 4.0997437 
Nakaseomyces_delphensis            0.7599637 2.4278665 0.4730149 3.4657703 0.0000000 0.3406681 1.3502567 1.3223389 1.3056187 1.3972468 1.3596393 1.3492776 1.2897007 3.7408997 3.4343167 
Nakaseomyces_nivariensis           0.7987288 2.7191272 0.4565270 3.1584677 0.3406681 0.0000000 1.2765802 1.1640244 1.2455825 1.3020459 1.1754245 1.1997812 1.2279140 3.9396707 3.6426781 
Saccharomyces_arboricola           1.3518469 2.7265796 1.3380849 2.9393585 1.3502567 1.2765802 0.0000000 0.2652879 0.2313181 0.1982870 0.2748840 0.2121867 0.2076851 4.1840051 3.4852094 
Saccharomyces_cerevisiae           1.2820742 2.7409041 1.2688827 2.8430284 1.3223389 1.1640244 0.2652879 0.0000000 0.2464101 0.2673063 0.2383344 0.1093838 0.2606846 4.0351836 3.3580496 
Saccharomyces_eubayanus            1.3716661 2.8176076 1.3628201 2.9726526 1.3056187 1.2455825 0.2313181 0.2464101 0.0000000 0.2396898 0.2446914 0.2129883 0.0545407 4.0435551 3.2662696 
Saccharomyces_kudriavzevii         1.3902982 2.6766840 1.3480066 3.0575713 1.3972468 1.3020459 0.1982870 0.2673063 0.2396898 0.0000000 0.2908325 0.2169633 0.2376339 4.3228658 3.4230862 
Saccharomyces_mikatae              1.3769845 2.8703798 1.2931180 2.7225514 1.3596393 1.1754245 0.2748840 0.2383344 0.2446914 0.2908325 0.0000000 0.1934953 0.2688603 3.8996712 3.1424186 
Saccharomyces_paradoxus            1.2754730 2.6836760 1.2493354 2.8142438 1.3492776 1.1997812 0.2121867 0.1093838 0.2129883 0.2169633 0.1934953 0.0000000 0.2195265 3.9160175 3.3570465 
Saccharomyces_uvarum               1.3040868 2.7421012 1.3313981 2.8552873 1.2897007 1.2279140 0.2076851 0.2606846 0.0545407 0.2376339 0.2688603 0.2195265 0.0000000 4.1507257 3.2273757 
Tetrapisispora_blattae             4.4865793 3.7659301 3.9004262 4.4872302 3.7408997 3.9396707 4.1840051 4.0351836 4.0435551 4.3228658 3.8996712 3.9160175 4.1507257 0.0000000 2.5657305 
yHMPu5000035629_Yueomyces_sinensis 3.9866629 3.3160052 3.9454762 4.0997437 3.4343167 3.6426781 3.4852094 3.3580496 3.2662696 3.4230862 3.1424186 3.3570465 3.2273757 2.5657305 0.0000000 
