15
Candida_glabrata                   0.0000000 1.2062528 0.7881848 1.8136975 0.9612248 0.8109751 1.4490627 1.4230715 1.3485791 1.3377439 1.4168190 1.3758383 1.3674576 2.2908376 1.7972582 
Nakaseomyces_bacillisporus         1.2062528 0.0000000 1.3418742 1.4233595 1.5510365 1.4033687 1.5988958 1.5088366 1.5323054 1.4118021 1.3757718 1.4506728 1.5623364 2.1199626 2.0020487 
Nakaseomyces_bracarensis           0.7881848 1.3418742 0.0000000 1.6611155 0.7577180 0.6021699 1.5389994 1.5219696 1.5140859 1.4561868 1.6077358 1.5113016 1.4827154 2.6930124 1.8047370 
Nakaseomyces_castellii             1.8136975 1.4233595 1.6611155 0.0000000 1.9494471 1.7886785 1.9085097 1.9195650 1.9411127 1.9099007 1.9806948 1.9863368 1.9340261 2.3952453 2.3723692 
Nakaseomyces_delphensis            0.9612248 1.5510365 0.7577180 1.9494471 0.0000000 0.5462431 1.4346982 1.4437028 1.3342474 1.3273806 1.3570291 1.3912297 1.3158596 2.7192534 2.1775340 
Nakaseomyces_nivariensis           0.8109751 1.4033687 0.6021699 1.7886785 0.5462431 0.0000000 1.6185271 1.4331690 1.5913368 1.4755395 1.5552081 1.5506756 1.5385864 2.5566849 1.9629568 
Saccharomyces_arboricola           1.4490627 1.5988958 1.5389994 1.9085097 1.4346982 1.6185271 0.0000000 0.3754869 0.3351097 0.2927657 0.3149317 0.2965330 0.3366868 2.4744486 2.1517155 
Saccharomyces_cerevisiae           1.4230715 1.5088366 1.5219696 1.9195650 1.4437028 1.4331690 0.3754869 0.0000000 0.4109388 0.2885686 0.2313854 0.1224165 0.4127668 2.6626957 2.1472937 
Saccharomyces_eubayanus            1.3485791 1.5323054 1.5140859 1.9411127 1.3342474 1.5913368 0.3351097 0.4109388 0.0000000 0.3065869 0.3485262 0.3751162 0.0692352 2.3269214 1.9529685 
Saccharomyces_kudriavzevii         1.3377439 1.4118021 1.4561868 1.9099007 1.3273806 1.4755395 0.2927657 0.2885686 0.3065869 0.0000000 0.2464095 0.2356657 0.2865496 2.5119550 1.9609658 
Saccharomyces_mikatae              1.4168190 1.3757718 1.6077358 1.9806948 1.3570291 1.5552081 0.3149317 0.2313854 0.3485262 0.2464095 0.0000000 0.1956047 0.3213808 2.5120792 2.0258136 
Saccharomyces_paradoxus            1.3758383 1.4506728 1.5113016 1.9863368 1.3912297 1.5506756 0.2965330 0.1224165 0.3751162 0.2356657 0.1956047 0.0000000 0.3646842 2.5542581 1.9838407 
Saccharomyces_uvarum               1.3674576 1.5623364 1.4827154 1.9340261 1.3158596 1.5385864 0.3366868 0.4127668 0.0692352 0.2865496 0.3213808 0.3646842 0.0000000 2.4295174 1.9664828 
Tetrapisispora_blattae             2.2908376 2.1199626 2.6930124 2.3952453 2.7192534 2.5566849 2.4744486 2.6626957 2.3269214 2.5119550 2.5120792 2.5542581 2.4295174 0.0000000 2.1368956 
yHMPu5000035629_Yueomyces_sinensis 1.7972582 2.0020487 1.8047370 2.3723692 2.1775340 1.9629568 2.1517155 2.1472937 1.9529685 1.9609658 2.0258136 1.9838407 1.9664828 2.1368956 0.0000000 
