15
Candida_glabrata                   0.0000000 1.2575939 0.5982414 1.2611922 0.6128991 0.5200202 0.9857370 1.0922133 0.9632250 0.9417792 1.0210618 1.0789130 0.9721970 1.3097054 1.3255994 
Nakaseomyces_bacillisporus         1.2575939 0.0000000 1.1023983 1.1302910 1.1338031 1.0948195 1.1000336 1.0993869 1.0536530 1.0915300 1.0949933 1.1112199 1.0570469 1.3597392 1.3822524 
Nakaseomyces_bracarensis           0.5982414 1.1023983 0.0000000 1.2200889 0.3991346 0.3199820 0.9051009 0.9450061 0.8982855 0.9192341 0.9554188 0.9945857 0.8806358 1.1662402 1.2192512 
Nakaseomyces_castellii             1.2611922 1.1302910 1.2200889 0.0000000 1.2779756 1.2465725 1.2346153 1.2345238 1.1808391 1.2400172 1.2280987 1.2538603 1.1923282 1.5154864 1.7388887 
Nakaseomyces_delphensis            0.6128991 1.1338031 0.3991346 1.2779756 0.0000000 0.2680071 0.8945660 0.9374457 0.9189326 0.9332718 0.9422870 0.9543483 0.9208652 1.1874138 1.2696458 
Nakaseomyces_nivariensis           0.5200202 1.0948195 0.3199820 1.2465725 0.2680071 0.0000000 0.9020907 0.9379170 0.8889984 0.9189818 0.9659918 0.9512529 0.8965104 1.1712533 1.2269042 
Saccharomyces_arboricola           0.9857370 1.1000336 0.9051009 1.2346153 0.8945660 0.9020907 0.0000000 0.2264417 0.1822511 0.1825168 0.2176078 0.1908362 0.1951411 1.0466669 1.2069356 
Saccharomyces_cerevisiae           1.0922133 1.0993869 0.9450061 1.2345238 0.9374457 0.9379170 0.2264417 0.0000000 0.2666081 0.2153251 0.2028799 0.1010035 0.2884648 1.0267851 1.1807373 
Saccharomyces_eubayanus            0.9632250 1.0536530 0.8982855 1.1808391 0.9189326 0.8889984 0.1822511 0.2666081 0.0000000 0.1982503 0.2457497 0.2400964 0.0549785 0.9947501 1.2170984 
Saccharomyces_kudriavzevii         0.9417792 1.0915300 0.9192341 1.2400172 0.9332718 0.9189818 0.1825168 0.2153251 0.1982503 0.0000000 0.2141151 0.1933522 0.2162245 1.0400165 1.2431800 
Saccharomyces_mikatae              1.0210618 1.0949933 0.9554188 1.2280987 0.9422870 0.9659918 0.2176078 0.2028799 0.2457497 0.2141151 0.0000000 0.1620052 0.2579633 1.0227820 1.2028676 
Saccharomyces_paradoxus            1.0789130 1.1112199 0.9945857 1.2538603 0.9543483 0.9512529 0.1908362 0.1010035 0.2400964 0.1933522 0.1620052 0.0000000 0.2613319 1.0274611 1.2196308 
Saccharomyces_uvarum               0.9721970 1.0570469 0.8806358 1.1923282 0.9208652 0.8965104 0.1951411 0.2884648 0.0549785 0.2162245 0.2579633 0.2613319 0.0000000 0.9919605 1.2349541 
Tetrapisispora_blattae             1.3097054 1.3597392 1.1662402 1.5154864 1.1874138 1.1712533 1.0466669 1.0267851 0.9947501 1.0400165 1.0227820 1.0274611 0.9919605 0.0000000 0.7390726 
yHMPu5000035629_Yueomyces_sinensis 1.3255994 1.3822524 1.2192512 1.7388887 1.2696458 1.2269042 1.2069356 1.1807373 1.2170984 1.2431800 1.2028676 1.2196308 1.2349541 0.7390726 0.0000000 
