15
Candida_glabrata                   0.0000000 1.1063049 0.5661361 1.5912633 0.5867292 0.5366515 1.1716355 1.1981754 1.1703100 1.2314946 1.1815833 1.2038889 1.1591941 3.0000917 1.7099134 
Nakaseomyces_bacillisporus         1.1063049 0.0000000 1.2068904 1.4899357 1.2410059 1.0840578 1.1439667 1.1131521 1.1036893 1.1146954 1.0644733 1.0886873 1.0909320 3.2375046 1.6338852 
Nakaseomyces_bracarensis           0.5661361 1.2068904 0.0000000 1.5074353 0.3772553 0.3509678 1.2512775 1.2779243 1.2798973 1.3093630 1.2432995 1.2985100 1.2628716 3.2299141 1.6725136 
Nakaseomyces_castellii             1.5912633 1.4899357 1.5074353 0.0000000 1.6279771 1.4915011 1.6407299 1.6301009 1.6482439 1.6877476 1.5882443 1.6913513 1.6153257 3.8331584 1.9879038 
Nakaseomyces_delphensis            0.5867292 1.2410059 0.3772553 1.6279771 0.0000000 0.2826029 1.2285736 1.1716861 1.2211802 1.2031969 1.1848385 1.1970420 1.2109061 3.1673427 1.6450284 
Nakaseomyces_nivariensis           0.5366515 1.0840578 0.3509678 1.4915011 0.2826029 0.0000000 1.1230184 1.0764271 1.1288497 1.1053741 1.1239966 1.1027067 1.1228719 3.1145968 1.6371789 
Saccharomyces_arboricola           1.1716355 1.1439667 1.2512775 1.6407299 1.2285736 1.1230184 0.0000000 0.2616229 0.2676784 0.2409433 0.2587510 0.2291391 0.2740424 3.1815572 1.6102981 
Saccharomyces_cerevisiae           1.1981754 1.1131521 1.2779243 1.6301009 1.1716861 1.0764271 0.2616229 0.0000000 0.3106910 0.2648651 0.2088007 0.1031775 0.2855171 3.2647526 1.5779432 
Saccharomyces_eubayanus            1.1703100 1.1036893 1.2798973 1.6482439 1.2211802 1.1288497 0.2676784 0.3106910 0.0000000 0.2977655 0.2654007 0.2854224 0.0914290 3.1604531 1.6470187 
Saccharomyces_kudriavzevii         1.2314946 1.1146954 1.3093630 1.6877476 1.2031969 1.1053741 0.2409433 0.2648651 0.2977655 0.0000000 0.2554155 0.2363768 0.2891802 3.1145417 1.7065447 
Saccharomyces_mikatae              1.1815833 1.0644733 1.2432995 1.5882443 1.1848385 1.1239966 0.2587510 0.2088007 0.2654007 0.2554155 0.0000000 0.1792684 0.2785729 3.1306408 1.6788465 
Saccharomyces_paradoxus            1.2038889 1.0886873 1.2985100 1.6913513 1.1970420 1.1027067 0.2291391 0.1031775 0.2854224 0.2363768 0.1792684 0.0000000 0.2820990 3.1610106 1.6298403 
Saccharomyces_uvarum               1.1591941 1.0909320 1.2628716 1.6153257 1.2109061 1.1228719 0.2740424 0.2855171 0.0914290 0.2891802 0.2785729 0.2820990 0.0000000 3.1038035 1.6501742 
Tetrapisispora_blattae             3.0000917 3.2375046 3.2299141 3.8331584 3.1673427 3.1145968 3.1815572 3.2647526 3.1604531 3.1145417 3.1306408 3.1610106 3.1038035 0.0000000 3.0389481 
yHMPu5000035629_Yueomyces_sinensis 1.7099134 1.6338852 1.6725136 1.9879038 1.6450284 1.6371789 1.6102981 1.5779432 1.6470187 1.7065447 1.6788465 1.6298403 1.6501742 3.0389481 0.0000000 
