15
Candida_glabrata                   0.0000000 2.0943442 1.4290744 2.7183963 1.6124328 1.5237584 1.8008280 1.8910344 1.7786054 1.8333044 1.9071612 1.8128916 1.8236958 2.0850741 2.3674317 
Nakaseomyces_bacillisporus         2.0943442 0.0000000 2.3476034 2.0577981 2.5373474 2.3839731 1.6275464 1.6061361 1.6451394 1.5727269 1.6236860 1.6004467 1.6872236 2.0147856 2.2661298 
Nakaseomyces_bracarensis           1.4290744 2.3476034 0.0000000 2.8032876 0.7351346 0.6417251 2.1410590 2.0435073 2.1463306 2.1577943 2.0641827 2.0333365 2.2060798 2.3160015 2.2584436 
Nakaseomyces_castellii             2.7183963 2.0577981 2.8032876 0.0000000 3.0339152 2.9487426 2.0261184 2.0688038 2.0223739 2.1353008 2.0578589 2.0287805 2.0590768 2.6197018 2.6505452 
Nakaseomyces_delphensis            1.6124328 2.5373474 0.7351346 3.0339152 0.0000000 0.5902864 2.3968622 2.2550416 2.4660143 2.4028736 2.3445945 2.2732448 2.4446075 2.5738863 2.7004843 
Nakaseomyces_nivariensis           1.5237584 2.3839731 0.6417251 2.9487426 0.5902864 0.0000000 2.3102343 2.2298085 2.2726122 2.2081073 2.2570398 2.1846994 2.2258741 2.3494201 2.5033032 
Saccharomyces_arboricola           1.8008280 1.6275464 2.1410590 2.0261184 2.3968622 2.3102343 0.0000000 0.3761778 0.3202097 0.2647319 0.3616892 0.3627315 0.3033395 1.5617495 1.6145340 
Saccharomyces_cerevisiae           1.8910344 1.6061361 2.0435073 2.0688038 2.2550416 2.2298085 0.3761778 0.0000000 0.3708574 0.3290379 0.2744807 0.1618274 0.3548939 1.5525321 1.6799400 
Saccharomyces_eubayanus            1.7786054 1.6451394 2.1463306 2.0223739 2.4660143 2.2726122 0.3202097 0.3708574 0.0000000 0.3273681 0.3623259 0.3081836 0.0966464 1.5852462 1.6735516 
Saccharomyces_kudriavzevii         1.8333044 1.5727269 2.1577943 2.1353008 2.4028736 2.2081073 0.2647319 0.3290379 0.3273681 0.0000000 0.3304673 0.2871395 0.2992411 1.5453930 1.6044935 
Saccharomyces_mikatae              1.9071612 1.6236860 2.0641827 2.0578589 2.3445945 2.2570398 0.3616892 0.2744807 0.3623259 0.3304673 0.0000000 0.2357603 0.3430693 1.5668236 1.6648377 
Saccharomyces_paradoxus            1.8128916 1.6004467 2.0333365 2.0287805 2.2732448 2.1846994 0.3627315 0.1618274 0.3081836 0.2871395 0.2357603 0.0000000 0.3099084 1.4745613 1.6286671 
Saccharomyces_uvarum               1.8236958 1.6872236 2.2060798 2.0590768 2.4446075 2.2258741 0.3033395 0.3548939 0.0966464 0.2992411 0.3430693 0.3099084 0.0000000 1.5529719 1.6473989 
Tetrapisispora_blattae             2.0850741 2.0147856 2.3160015 2.6197018 2.5738863 2.3494201 1.5617495 1.5525321 1.5852462 1.5453930 1.5668236 1.4745613 1.5529719 0.0000000 1.4243857 
yHMPu5000035629_Yueomyces_sinensis 2.3674317 2.2661298 2.2584436 2.6505452 2.7004843 2.5033032 1.6145340 1.6799400 1.6735516 1.6044935 1.6648377 1.6286671 1.6473989 1.4243857 0.0000000 
