15
Candida_glabrata                   0.0000000 0.7470248 0.3733674 0.7223899 0.4077366 0.3374983 0.5861333 0.6115860 0.6428751 0.6390226 0.5857172 0.6187872 0.6157708 0.6107341 0.8646527 
Nakaseomyces_bacillisporus         0.7470248 0.0000000 0.7370475 0.7196982 0.6890245 0.7156112 0.7676930 0.7785132 0.8390139 0.8570004 0.7908534 0.8199530 0.8079146 0.6838157 0.9853008 
Nakaseomyces_bracarensis           0.3733674 0.7370475 0.0000000 0.7664929 0.3536150 0.3159720 0.6127577 0.5819235 0.6289424 0.6005523 0.5930017 0.5783020 0.6191783 0.6491912 0.8367214 
Nakaseomyces_castellii             0.7223899 0.7196982 0.7664929 0.0000000 0.7930231 0.8148879 0.9450450 0.9706325 0.9530002 0.9908236 0.9604533 0.9295879 0.9593950 0.7774439 0.9970175 
Nakaseomyces_delphensis            0.4077366 0.6890245 0.3536150 0.7930231 0.0000000 0.2868603 0.6218678 0.5981298 0.6329896 0.6032501 0.6302774 0.6134058 0.6325093 0.6956204 1.0092397 
Nakaseomyces_nivariensis           0.3374983 0.7156112 0.3159720 0.8148879 0.2868603 0.0000000 0.5502524 0.5877773 0.5469696 0.5566490 0.5672757 0.6178317 0.5340138 0.6113603 0.8583817 
Saccharomyces_arboricola           0.5861333 0.7676930 0.6127577 0.9450450 0.6218678 0.5502524 0.0000000 0.2019996 0.1894039 0.1713088 0.1790053 0.1779546 0.1804108 0.7420725 0.9582519 
Saccharomyces_cerevisiae           0.6115860 0.7785132 0.5819235 0.9706325 0.5981298 0.5877773 0.2019996 0.0000000 0.2214581 0.1874984 0.1391375 0.0864452 0.2453014 0.6888244 0.9125306 
Saccharomyces_eubayanus            0.6428751 0.8390139 0.6289424 0.9530002 0.6329896 0.5469696 0.1894039 0.2214581 0.0000000 0.1509320 0.1921520 0.1934356 0.0581793 0.7481085 0.9770873 
Saccharomyces_kudriavzevii         0.6390226 0.8570004 0.6005523 0.9908236 0.6032501 0.5566490 0.1713088 0.1874984 0.1509320 0.0000000 0.1734337 0.1709099 0.1775766 0.7013001 0.9353784 
Saccharomyces_mikatae              0.5857172 0.7908534 0.5930017 0.9604533 0.6302774 0.5672757 0.1790053 0.1391375 0.1921520 0.1734337 0.0000000 0.1192236 0.2016406 0.7355866 0.8810365 
Saccharomyces_paradoxus            0.6187872 0.8199530 0.5783020 0.9295879 0.6134058 0.6178317 0.1779546 0.0864452 0.1934356 0.1709099 0.1192236 0.0000000 0.2214868 0.6841747 0.8977626 
Saccharomyces_uvarum               0.6157708 0.8079146 0.6191783 0.9593950 0.6325093 0.5340138 0.1804108 0.2453014 0.0581793 0.1775766 0.2016406 0.2214868 0.0000000 0.7157912 0.9877685 
Tetrapisispora_blattae             0.6107341 0.6838157 0.6491912 0.7774439 0.6956204 0.6113603 0.7420725 0.6888244 0.7481085 0.7013001 0.7355866 0.6841747 0.7157912 0.0000000 0.6228178 
yHMPu5000035629_Yueomyces_sinensis 0.8646527 0.9853008 0.8367214 0.9970175 1.0092397 0.8583817 0.9582519 0.9125306 0.9770873 0.9353784 0.8810365 0.8977626 0.9877685 0.6228178 0.0000000 
