15
Candida_glabrata                   0.0000000 1.1772014 0.4498015 1.7025142 0.5611138 0.4695075 0.7917840 0.8384090 0.7461540 0.8167442 0.7827022 0.8004781 0.7442436 1.3737148 1.4517350 
Nakaseomyces_bacillisporus         1.1772014 0.0000000 1.0797004 1.5322356 1.0575792 1.0827676 0.7942785 0.8155363 0.8158014 0.8257368 0.7696011 0.8387024 0.8020174 1.3903846 1.3887749 
Nakaseomyces_bracarensis           0.4498015 1.0797004 0.0000000 1.4853381 0.3890198 0.2982009 0.7175876 0.7250371 0.6489099 0.6595562 0.6781655 0.7073980 0.6621107 1.1727243 1.2832263 
Nakaseomyces_castellii             1.7025142 1.5322356 1.4853381 0.0000000 1.5777586 1.5319348 1.7813954 1.6062767 1.6529759 1.6692901 1.5746835 1.6875098 1.6585286 1.7864510 1.8149699 
Nakaseomyces_delphensis            0.5611138 1.0575792 0.3890198 1.5777586 0.0000000 0.3214205 0.7511879 0.8040870 0.6653856 0.7596862 0.7614035 0.8114693 0.7076797 1.1349492 1.2283611 
Nakaseomyces_nivariensis           0.4695075 1.0827676 0.2982009 1.5319348 0.3214205 0.0000000 0.6886228 0.7045253 0.6508270 0.6924188 0.6712321 0.7159606 0.6655313 1.0711883 1.2655683 
Saccharomyces_arboricola           0.7917840 0.7942785 0.7175876 1.7813954 0.7511879 0.6886228 0.0000000 0.2214344 0.1591113 0.1632433 0.2034584 0.2032273 0.1713653 1.0987769 1.2376185 
Saccharomyces_cerevisiae           0.8384090 0.8155363 0.7250371 1.6062767 0.8040870 0.7045253 0.2214344 0.0000000 0.2238754 0.1987014 0.1669266 0.1124152 0.2381594 1.1851992 1.2662697 
Saccharomyces_eubayanus            0.7461540 0.8158014 0.6489099 1.6529759 0.6653856 0.6508270 0.1591113 0.2238754 0.0000000 0.1600660 0.1950822 0.1699194 0.0353924 1.1367082 1.2523024 
Saccharomyces_kudriavzevii         0.8167442 0.8257368 0.6595562 1.6692901 0.7596862 0.6924188 0.1632433 0.1987014 0.1600660 0.0000000 0.1812257 0.1643613 0.1688910 1.1982451 1.2422913 
Saccharomyces_mikatae              0.7827022 0.7696011 0.6781655 1.5746835 0.7614035 0.6712321 0.2034584 0.1669266 0.1950822 0.1812257 0.0000000 0.1365067 0.2026672 1.1482752 1.1619451 
Saccharomyces_paradoxus            0.8004781 0.8387024 0.7073980 1.6875098 0.8114693 0.7159606 0.2032273 0.1124152 0.1699194 0.1643613 0.1365067 0.0000000 0.1871918 1.2467785 1.3144818 
Saccharomyces_uvarum               0.7442436 0.8020174 0.6621107 1.6585286 0.7076797 0.6655313 0.1713653 0.2381594 0.0353924 0.1688910 0.2026672 0.1871918 0.0000000 1.1405881 1.2557704 
Tetrapisispora_blattae             1.3737148 1.3903846 1.1727243 1.7864510 1.1349492 1.0711883 1.0987769 1.1851992 1.1367082 1.1982451 1.1482752 1.2467785 1.1405881 0.0000000 0.5039499 
yHMPu5000035629_Yueomyces_sinensis 1.4517350 1.3887749 1.2832263 1.8149699 1.2283611 1.2655683 1.2376185 1.2662697 1.2523024 1.2422913 1.1619451 1.3144818 1.2557704 0.5039499 0.0000000 
