15
Candida_glabrata                   0.0000000 3.6772405 4.1194900 3.7028594 3.8747003 4.0824106 3.3825984 3.4161036 3.4177453 3.3801956 3.4335616 3.3608716 3.3661044 4.0132343 3.1775778 
Nakaseomyces_bacillisporus         3.6772405 0.0000000 3.7403601 1.4904311 3.3359648 3.4718327 1.5644918 1.5808790 1.4998941 1.5612674 1.6373056 1.5834164 1.5043803 1.7773791 1.9149221 
Nakaseomyces_bracarensis           4.1194900 3.7403601 0.0000000 3.5820015 1.4555538 1.3295193 3.6241098 3.6351333 3.6207279 3.6529558 3.5816886 3.6083387 3.4891374 3.6899285 3.1572545 
Nakaseomyces_castellii             3.7028594 1.4904311 3.5820015 0.0000000 3.1224590 3.4790474 1.5047485 1.5593140 1.5337475 1.5492597 1.5993033 1.5990438 1.5182288 1.8559919 1.8613212 
Nakaseomyces_delphensis            3.8747003 3.3359648 1.4555538 3.1224590 0.0000000 0.8804154 3.2005864 3.2268360 3.3434003 3.2178205 3.2533947 3.1989192 3.2946191 3.3455948 3.0352685 
Nakaseomyces_nivariensis           4.0824106 3.4718327 1.3295193 3.4790474 0.8804154 0.0000000 3.2256031 3.2627302 3.2867178 3.1865125 3.2854296 3.2465535 3.3179046 3.2075607 2.9495501 
Saccharomyces_arboricola           3.3825984 1.5644918 3.6241098 1.5047485 3.2005864 3.2256031 0.0000000 0.2994427 0.2739370 0.2536354 0.2989849 0.2848716 0.2476404 1.5730176 1.7061374 
Saccharomyces_cerevisiae           3.4161036 1.5808790 3.6351333 1.5593140 3.2268360 3.2627302 0.2994427 0.0000000 0.3191335 0.2632208 0.2114421 0.1181587 0.3250192 1.6499240 1.7404714 
Saccharomyces_eubayanus            3.4177453 1.4998941 3.6207279 1.5337475 3.3434003 3.2867178 0.2739370 0.3191335 0.0000000 0.2777410 0.2969465 0.2998948 0.0788181 1.5394229 1.7349829 
Saccharomyces_kudriavzevii         3.3801956 1.5612674 3.6529558 1.5492597 3.2178205 3.1865125 0.2536354 0.2632208 0.2777410 0.0000000 0.2485027 0.2350739 0.2722517 1.6063365 1.7848160 
Saccharomyces_mikatae              3.4335616 1.6373056 3.5816886 1.5993033 3.2533947 3.2854296 0.2989849 0.2114421 0.2969465 0.2485027 0.0000000 0.1940815 0.2883695 1.5954766 1.7913848 
Saccharomyces_paradoxus            3.3608716 1.5834164 3.6083387 1.5990438 3.1989192 3.2465535 0.2848716 0.1181587 0.2998948 0.2350739 0.1940815 0.0000000 0.2868347 1.6080311 1.7642282 
Saccharomyces_uvarum               3.3661044 1.5043803 3.4891374 1.5182288 3.2946191 3.3179046 0.2476404 0.3250192 0.0788181 0.2722517 0.2883695 0.2868347 0.0000000 1.5333119 1.7215513 
Tetrapisispora_blattae             4.0132343 1.7773791 3.6899285 1.8559919 3.3455948 3.2075607 1.5730176 1.6499240 1.5394229 1.6063365 1.5954766 1.6080311 1.5333119 0.0000000 1.3001491 
yHMPu5000035629_Yueomyces_sinensis 3.1775778 1.9149221 3.1572545 1.8613212 3.0352685 2.9495501 1.7061374 1.7404714 1.7349829 1.7848160 1.7913848 1.7642282 1.7215513 1.3001491 0.0000000 
