15
Candida_glabrata                   0.0000000 0.6164852 0.3229785 1.0421889 0.3321398 0.2961081 0.7139050 0.6712619 0.6880375 0.7440403 0.7193360 0.6528908 0.6615007 0.5231280 0.6539707 
Nakaseomyces_bacillisporus         0.6164852 0.0000000 0.5392000 1.0035447 0.5554429 0.5399241 0.6710584 0.6403216 0.6587737 0.6778165 0.6938145 0.6278766 0.6173399 0.5546818 0.5721767 
Nakaseomyces_bracarensis           0.3229785 0.5392000 0.0000000 1.0180019 0.2450111 0.1950750 0.6302965 0.6294948 0.6725344 0.6783475 0.6208406 0.6056107 0.6217708 0.4726958 0.5682782 
Nakaseomyces_castellii             1.0421889 1.0035447 1.0180019 0.0000000 0.9701540 1.0084614 1.0598784 0.9649770 0.9486668 1.0057676 1.0000909 0.9426141 0.9277338 0.9687450 1.0773740 
Nakaseomyces_delphensis            0.3321398 0.5554429 0.2450111 0.9701540 0.0000000 0.2005837 0.6870959 0.6577753 0.6821569 0.6931921 0.7064108 0.6557968 0.6529089 0.4969775 0.6229163 
Nakaseomyces_nivariensis           0.2961081 0.5399241 0.1950750 1.0084614 0.2005837 0.0000000 0.6411167 0.6385947 0.6596881 0.6700244 0.6524660 0.6247017 0.6177819 0.4490345 0.5530957 
Saccharomyces_arboricola           0.7139050 0.6710584 0.6302965 1.0598784 0.6870959 0.6411167 0.0000000 0.1970999 0.1452103 0.1576603 0.1815472 0.1949866 0.1799951 0.7721286 0.8044112 
Saccharomyces_cerevisiae           0.6712619 0.6403216 0.6294948 0.9649770 0.6577753 0.6385947 0.1970999 0.0000000 0.2072816 0.1827379 0.1704500 0.0753693 0.1673736 0.6994036 0.7536259 
Saccharomyces_eubayanus            0.6880375 0.6587737 0.6725344 0.9486668 0.6821569 0.6596881 0.1452103 0.2072816 0.0000000 0.1617495 0.2093305 0.1883352 0.0693316 0.7536934 0.8010086 
Saccharomyces_kudriavzevii         0.7440403 0.6778165 0.6783475 1.0057676 0.6931921 0.6700244 0.1576603 0.1827379 0.1617495 0.0000000 0.1889689 0.1900657 0.1804422 0.7847423 0.8591499 
Saccharomyces_mikatae              0.7193360 0.6938145 0.6208406 1.0000909 0.7064108 0.6524660 0.1815472 0.1704500 0.2093305 0.1889689 0.0000000 0.1554356 0.2262770 0.7667001 0.7796547 
Saccharomyces_paradoxus            0.6528908 0.6278766 0.6056107 0.9426141 0.6557968 0.6247017 0.1949866 0.0753693 0.1883352 0.1900657 0.1554356 0.0000000 0.1522490 0.6953580 0.7290695 
Saccharomyces_uvarum               0.6615007 0.6173399 0.6217708 0.9277338 0.6529089 0.6177819 0.1799951 0.1673736 0.0693316 0.1804422 0.2262770 0.1522490 0.0000000 0.7247979 0.7711218 
Tetrapisispora_blattae             0.5231280 0.5546818 0.4726958 0.9687450 0.4969775 0.4490345 0.7721286 0.6994036 0.7536934 0.7847423 0.7667001 0.6953580 0.7247979 0.0000000 0.3944269 
yHMPu5000035629_Yueomyces_sinensis 0.6539707 0.5721767 0.5682782 1.0773740 0.6229163 0.5530957 0.8044112 0.7536259 0.8010086 0.8591499 0.7796547 0.7290695 0.7711218 0.3944269 0.0000000 
