15
Candida_glabrata                   0.0000000 1.1379305 0.6811865 1.1655072 0.6298998 0.5944124 1.0179389 1.0320879 1.1110992 1.0735335 0.9693860 1.0134948 1.1265611 1.1077237 0.9746724 
Nakaseomyces_bacillisporus         1.1379305 0.0000000 0.9439947 1.3370183 1.1275692 1.0428667 1.1600712 1.1341091 1.1810785 1.0510233 1.0911135 1.1620915 1.1148444 1.1408803 1.0977736 
Nakaseomyces_bracarensis           0.6811865 0.9439947 0.0000000 1.1701064 0.3754946 0.2822379 0.9760485 0.9735235 1.1015938 1.0057023 0.9382615 1.0065764 1.0621571 1.1194128 1.1559877 
Nakaseomyces_castellii             1.1655072 1.3370183 1.1701064 0.0000000 1.0808802 1.1383607 1.2544392 1.2805700 1.2715543 1.2066518 1.2971535 1.2195469 1.2724886 1.3589024 1.2206080 
Nakaseomyces_delphensis            0.6298998 1.1275692 0.3754946 1.0808802 0.0000000 0.2693744 1.1523505 1.1244918 1.2250651 1.1569844 1.1006190 1.2030775 1.1915737 1.2673281 1.2414213 
Nakaseomyces_nivariensis           0.5944124 1.0428667 0.2822379 1.1383607 0.2693744 0.0000000 1.0330064 1.0824579 1.0869128 0.9933279 1.0700228 1.0881220 1.0450273 1.1644479 1.1649983 
Saccharomyces_arboricola           1.0179389 1.1600712 0.9760485 1.2544392 1.1523505 1.0330064 0.0000000 0.1988605 0.2176563 0.2036862 0.2101541 0.1772749 0.2078323 1.0449788 0.9587376 
Saccharomyces_cerevisiae           1.0320879 1.1341091 0.9735235 1.2805700 1.1244918 1.0824579 0.1988605 0.0000000 0.2666785 0.2179439 0.1651282 0.1075114 0.2590917 1.0350636 1.0710169 
Saccharomyces_eubayanus            1.1110992 1.1810785 1.1015938 1.2715543 1.2250651 1.0869128 0.2176563 0.2666785 0.0000000 0.2199202 0.2286624 0.2191864 0.0643288 0.9801494 0.9701811 
Saccharomyces_kudriavzevii         1.0735335 1.0510233 1.0057023 1.2066518 1.1569844 0.9933279 0.2036862 0.2179439 0.2199202 0.0000000 0.2112673 0.1967974 0.2156238 0.9848155 0.9484333 
Saccharomyces_mikatae              0.9693860 1.0911135 0.9382615 1.2971535 1.1006190 1.0700228 0.2101541 0.1651282 0.2286624 0.2112673 0.0000000 0.1364055 0.2156468 0.9293175 0.9087055 
Saccharomyces_paradoxus            1.0134948 1.1620915 1.0065764 1.2195469 1.2030775 1.0881220 0.1772749 0.1075114 0.2191864 0.1967974 0.1364055 0.0000000 0.2203606 0.9959942 0.9814906 
Saccharomyces_uvarum               1.1265611 1.1148444 1.0621571 1.2724886 1.1915737 1.0450273 0.2078323 0.2590917 0.0643288 0.2156238 0.2156468 0.2203606 0.0000000 0.9711565 0.9841522 
Tetrapisispora_blattae             1.1077237 1.1408803 1.1194128 1.3589024 1.2673281 1.1644479 1.0449788 1.0350636 0.9801494 0.9848155 0.9293175 0.9959942 0.9711565 0.0000000 0.7128915 
yHMPu5000035629_Yueomyces_sinensis 0.9746724 1.0977736 1.1559877 1.2206080 1.2414213 1.1649983 0.9587376 1.0710169 0.9701811 0.9484333 0.9087055 0.9814906 0.9841522 0.7128915 0.0000000 
