15
Candida_glabrata                   0.0000000 1.8607177 0.8250222 2.4737045 0.9146235 0.7635472 1.8459236 1.8595222 1.6950249 2.0135104 1.8128056 1.9742324 1.6453823 2.8253599 2.8752517 
Nakaseomyces_bacillisporus         1.8607177 0.0000000 1.9742113 2.4555171 1.9384765 1.8654994 1.7137016 1.6852449 1.8310825 1.8278749 1.7836252 1.8241366 1.7091169 3.9667484 3.1198056 
Nakaseomyces_bracarensis           0.8250222 1.9742113 0.0000000 2.1371934 0.5551002 0.4727053 1.7211862 1.7731389 1.8093266 1.9222818 1.7284585 1.8396749 1.6951788 3.6364838 2.7699765 
Nakaseomyces_castellii             2.4737045 2.4555171 2.1371934 0.0000000 2.3534564 1.9327347 2.3641066 2.4191524 2.2836699 2.3827132 2.3176847 2.4617918 2.3982518 5.6303622 4.7914733 
Nakaseomyces_delphensis            0.9146235 1.9384765 0.5551002 2.3534564 0.0000000 0.4127541 1.7921079 1.7891413 1.8065027 1.8868238 1.7231686 1.8363380 1.7253578 3.6029056 2.8503789 
Nakaseomyces_nivariensis           0.7635472 1.8654994 0.4727053 1.9327347 0.4127541 0.0000000 1.7428229 1.5605671 1.6504157 1.7857279 1.5642341 1.6925431 1.5157765 3.2316068 2.8426894 
Saccharomyces_arboricola           1.8459236 1.7137016 1.7211862 2.3641066 1.7921079 1.7428229 0.0000000 0.2439468 0.2518468 0.2471545 0.2714645 0.2594886 0.2487600 4.2464377 2.8473398 
Saccharomyces_cerevisiae           1.8595222 1.6852449 1.7731389 2.4191524 1.7891413 1.5605671 0.2439468 0.0000000 0.2979296 0.3103935 0.2367321 0.1475642 0.3012355 3.8135387 3.2056827 
Saccharomyces_eubayanus            1.6950249 1.8310825 1.8093266 2.2836699 1.8065027 1.6504157 0.2518468 0.2979296 0.0000000 0.3550338 0.3385193 0.3063828 0.0899783 3.6130165 2.9373321 
Saccharomyces_kudriavzevii         2.0135104 1.8278749 1.9222818 2.3827132 1.8868238 1.7857279 0.2471545 0.3103935 0.3550338 0.0000000 0.3098254 0.2905371 0.2980689 3.8701758 3.3385191 
Saccharomyces_mikatae              1.8128056 1.7836252 1.7284585 2.3176847 1.7231686 1.5642341 0.2714645 0.2367321 0.3385193 0.3098254 0.0000000 0.2086487 0.3090109 3.9868473 3.3197618 
Saccharomyces_paradoxus            1.9742324 1.8241366 1.8396749 2.4617918 1.8363380 1.6925431 0.2594886 0.1475642 0.3063828 0.2905371 0.2086487 0.0000000 0.2688625 3.8160628 3.3767096 
Saccharomyces_uvarum               1.6453823 1.7091169 1.6951788 2.3982518 1.7253578 1.5157765 0.2487600 0.3012355 0.0899783 0.2980689 0.3090109 0.2688625 0.0000000 3.5698059 2.8588208 
Tetrapisispora_blattae             2.8253599 3.9667484 3.6364838 5.6303622 3.6029056 3.2316068 4.2464377 3.8135387 3.6130165 3.8701758 3.9868473 3.8160628 3.5698059 0.0000000 2.8430839 
yHMPu5000035629_Yueomyces_sinensis 2.8752517 3.1198056 2.7699765 4.7914733 2.8503789 2.8426894 2.8473398 3.2056827 2.9373321 3.3385191 3.3197618 3.3767096 2.8588208 2.8430839 0.0000000 
