15
Candida_glabrata                   0.0000000 1.3082957 0.8868567 1.5833075 1.0265415 0.8781344 1.1786101 1.2182303 1.3206021 1.1949992 1.2968065 1.2663673 1.2850703 1.6434137 1.8635840 
Nakaseomyces_bacillisporus         1.3082957 0.0000000 1.3674171 1.5476464 1.4197184 1.3381674 1.4782194 1.5011070 1.5625019 1.6037299 1.5727348 1.5545717 1.5992198 1.7818641 2.2876739 
Nakaseomyces_bracarensis           0.8868567 1.3674171 0.0000000 1.5565356 0.7131028 0.6050236 1.3882856 1.5285117 1.4898788 1.5364686 1.4202844 1.5074950 1.4494450 1.8282190 1.9656467 
Nakaseomyces_castellii             1.5833075 1.5476464 1.5565356 0.0000000 1.6626392 1.6245734 1.5020111 1.5860700 1.6149556 1.6935451 1.5177477 1.5496820 1.6075812 1.8502874 2.3147714 
Nakaseomyces_delphensis            1.0265415 1.4197184 0.7131028 1.6626392 0.0000000 0.5177278 1.4049326 1.4881876 1.3917294 1.3782664 1.5185370 1.4239156 1.4090186 1.6351306 1.9378104 
Nakaseomyces_nivariensis           0.8781344 1.3381674 0.6050236 1.6245734 0.5177278 0.0000000 1.2057689 1.2351804 1.3511585 1.3338313 1.2331095 1.1997257 1.2886115 1.6415766 1.8300032 
Saccharomyces_arboricola           1.1786101 1.4782194 1.3882856 1.5020111 1.4049326 1.2057689 0.0000000 0.2684381 0.3791495 0.2489596 0.3091753 0.2360703 0.2960049 1.4487546 2.1740946 
Saccharomyces_cerevisiae           1.2182303 1.5011070 1.5285117 1.5860700 1.4881876 1.2351804 0.2684381 0.0000000 0.4134828 0.3026060 0.2685420 0.1317612 0.3497695 1.4544527 2.1050361 
Saccharomyces_eubayanus            1.3206021 1.5625019 1.4898788 1.6149556 1.3917294 1.3511585 0.3791495 0.4134828 0.0000000 0.4576326 0.4502493 0.4091027 0.0930865 1.5956277 2.1342558 
Saccharomyces_kudriavzevii         1.1949992 1.6037299 1.5364686 1.6935451 1.3782664 1.3338313 0.2489596 0.3026060 0.4576326 0.0000000 0.3175139 0.2702109 0.3773531 1.5491490 2.1306361 
Saccharomyces_mikatae              1.2968065 1.5727348 1.4202844 1.5177477 1.5185370 1.2331095 0.3091753 0.2685420 0.4502493 0.3175139 0.0000000 0.2002439 0.4315841 1.4771782 2.0862737 
Saccharomyces_paradoxus            1.2663673 1.5545717 1.5074950 1.5496820 1.4239156 1.1997257 0.2360703 0.1317612 0.4091027 0.2702109 0.2002439 0.0000000 0.3361402 1.4916506 2.0817683 
Saccharomyces_uvarum               1.2850703 1.5992198 1.4494450 1.6075812 1.4090186 1.2886115 0.2960049 0.3497695 0.0930865 0.3773531 0.4315841 0.3361402 0.0000000 1.5609562 2.1884527 
Tetrapisispora_blattae             1.6434137 1.7818641 1.8282190 1.8502874 1.6351306 1.6415766 1.4487546 1.4544527 1.5956277 1.5491490 1.4771782 1.4916506 1.5609562 0.0000000 1.7124481 
yHMPu5000035629_Yueomyces_sinensis 1.8635840 2.2876739 1.9656467 2.3147714 1.9378104 1.8300032 2.1740946 2.1050361 2.1342558 2.1306361 2.0862737 2.0817683 2.1884527 1.7124481 0.0000000 
