15
Candida_glabrata                   0.0000000 1.2150357 0.6041078 1.3976174 0.6235219 0.5870243 1.2301575 2.1546901 1.1931538 1.0809664 1.0747095 1.1746477 1.0907003 1.5748168 1.5793984 
Nakaseomyces_bacillisporus         1.2150357 0.0000000 1.2455772 1.4305079 1.3042200 1.1915762 1.2071808 2.1661390 1.2133462 1.1935968 1.1470109 1.2684047 1.1688971 1.4880592 1.8204833 
Nakaseomyces_bracarensis           0.6041078 1.2455772 0.0000000 1.7090113 0.4519913 0.3610677 1.2817994 2.2462376 1.2791276 1.2623555 1.1551124 1.2906136 1.2148739 1.6242441 1.6875391 
Nakaseomyces_castellii             1.3976174 1.4305079 1.7090113 0.0000000 1.6810650 1.5647466 1.6131606 2.8518090 1.5807775 1.4998557 1.5065851 1.6232819 1.4487701 1.8697990 2.0724416 
Nakaseomyces_delphensis            0.6235219 1.3042200 0.4519913 1.6810650 0.0000000 0.3663779 1.2312906 2.3211396 1.2483022 1.3014668 1.2244633 1.3310278 1.1902449 1.6828910 1.7443388 
Nakaseomyces_nivariensis           0.5870243 1.1915762 0.3610677 1.5647466 0.3663779 0.0000000 1.2745878 2.2860810 1.2707027 1.2401565 1.1596709 1.2545865 1.2005354 1.5343366 1.6102420 
Saccharomyces_arboricola           1.2301575 1.2071808 1.2817994 1.6131606 1.2312906 1.2745878 0.0000000 0.6619232 0.2597084 0.2698931 0.3044241 0.2601837 0.2831771 1.6307831 1.8726342 
Saccharomyces_cerevisiae           2.1546901 2.1661390 2.2462376 2.8518090 2.3211396 2.2860810 0.6619232 0.0000000 0.6542167 0.6151322 0.5761133 0.4539669 0.6829104 2.7516101 2.8275285 
Saccharomyces_eubayanus            1.1931538 1.2133462 1.2791276 1.5807775 1.2483022 1.2707027 0.2597084 0.6542167 0.0000000 0.2379812 0.2872135 0.2585496 0.0697014 1.6189571 1.6682612 
Saccharomyces_kudriavzevii         1.0809664 1.1935968 1.2623555 1.4998557 1.3014668 1.2401565 0.2698931 0.6151322 0.2379812 0.0000000 0.2818493 0.2282815 0.2709900 1.6581525 1.7390599 
Saccharomyces_mikatae              1.0747095 1.1470109 1.1551124 1.5065851 1.2244633 1.1596709 0.3044241 0.5761133 0.2872135 0.2818493 0.0000000 0.1996173 0.2625932 1.5255235 1.6568174 
Saccharomyces_paradoxus            1.1746477 1.2684047 1.2906136 1.6232819 1.3310278 1.2545865 0.2601837 0.4539669 0.2585496 0.2282815 0.1996173 0.0000000 0.2912869 1.6567686 1.8158282 
Saccharomyces_uvarum               1.0907003 1.1688971 1.2148739 1.4487701 1.1902449 1.2005354 0.2831771 0.6829104 0.0697014 0.2709900 0.2625932 0.2912869 0.0000000 1.5389792 1.5957046 
Tetrapisispora_blattae             1.5748168 1.4880592 1.6242441 1.8697990 1.6828910 1.5343366 1.6307831 2.7516101 1.6189571 1.6581525 1.5255235 1.6567686 1.5389792 0.0000000 1.2286467 
yHMPu5000035629_Yueomyces_sinensis 1.5793984 1.8204833 1.6875391 2.0724416 1.7443388 1.6102420 1.8726342 2.8275285 1.6682612 1.7390599 1.6568174 1.8158282 1.5957046 1.2286467 0.0000000 
