15
Candida_glabrata                   0.0000000 1.6959230 0.6958708 1.7376562 0.8608831 0.7205558 1.3301971 1.3324712 1.3537704 1.4570831 1.5041834 1.3235400 1.4361308 2.1862347 2.1005638 
Nakaseomyces_bacillisporus         1.6959230 0.0000000 1.7340086 1.8896449 1.5921978 1.6619786 1.8478723 1.8609787 1.7874412 2.0870805 1.8965529 1.8728512 1.8672144 2.5110529 2.1360740 
Nakaseomyces_bracarensis           0.6958708 1.7340086 0.0000000 1.8244489 0.4990872 0.4371522 1.2687842 1.2148058 1.2701500 1.4494333 1.4152282 1.2443925 1.3701327 2.2400606 2.0004932 
Nakaseomyces_castellii             1.7376562 1.8896449 1.8244489 0.0000000 1.8917020 1.8109485 1.9155068 1.8219560 1.7239740 1.9170999 1.9492852 1.8232873 1.7665655 2.8443721 2.4344426 
Nakaseomyces_delphensis            0.8608831 1.5921978 0.4990872 1.8917020 0.0000000 0.4335038 1.3535051 1.3237546 1.4899397 1.5202447 1.5136650 1.3792069 1.5114799 2.1566465 2.0376578 
Nakaseomyces_nivariensis           0.7205558 1.6619786 0.4371522 1.8109485 0.4335038 0.0000000 1.3137868 1.2639538 1.3346809 1.4269274 1.3992046 1.2693502 1.4281044 2.1514470 1.9039699 
Saccharomyces_arboricola           1.3301971 1.8478723 1.2687842 1.9155068 1.3535051 1.3137868 0.0000000 0.2636580 0.2420481 0.2334920 0.3068020 0.2550018 0.2263587 2.1767395 2.1253216 
Saccharomyces_cerevisiae           1.3324712 1.8609787 1.2148058 1.8219560 1.3237546 1.2639538 0.2636580 0.0000000 0.2754429 0.3113774 0.2201109 0.1112754 0.2951709 2.0579438 1.9534313 
Saccharomyces_eubayanus            1.3537704 1.7874412 1.2701500 1.7239740 1.4899397 1.3346809 0.2420481 0.2754429 0.0000000 0.2824493 0.3084239 0.2909097 0.0727936 2.1834752 1.9351571 
Saccharomyces_kudriavzevii         1.4570831 2.0870805 1.4494333 1.9170999 1.5202447 1.4269274 0.2334920 0.3113774 0.2824493 0.0000000 0.2564142 0.2689323 0.2945864 2.3133838 2.2548682 
Saccharomyces_mikatae              1.5041834 1.8965529 1.4152282 1.9492852 1.5136650 1.3992046 0.3068020 0.2201109 0.3084239 0.2564142 0.0000000 0.2050882 0.3302102 2.2332826 2.1383244 
Saccharomyces_paradoxus            1.3235400 1.8728512 1.2443925 1.8232873 1.3792069 1.2693502 0.2550018 0.1112754 0.2909097 0.2689323 0.2050882 0.0000000 0.2880543 2.0181507 1.8793829 
Saccharomyces_uvarum               1.4361308 1.8672144 1.3701327 1.7665655 1.5114799 1.4281044 0.2263587 0.2951709 0.0727936 0.2945864 0.3302102 0.2880543 0.0000000 2.0731482 1.9371205 
Tetrapisispora_blattae             2.1862347 2.5110529 2.2400606 2.8443721 2.1566465 2.1514470 2.1767395 2.0579438 2.1834752 2.3133838 2.2332826 2.0181507 2.0731482 0.0000000 1.4681004 
yHMPu5000035629_Yueomyces_sinensis 2.1005638 2.1360740 2.0004932 2.4344426 2.0376578 1.9039699 2.1253216 1.9534313 1.9351571 2.2548682 2.1383244 1.8793829 1.9371205 1.4681004 0.0000000 
