15
Candida_glabrata                   0.0000000 0.7614711 0.4356041 0.8587823 0.4390951 0.3809923 1.0511791 1.0520248 0.9791762 1.0199896 1.0408008 1.0424772 1.0099338 1.0836367 0.9952935 
Nakaseomyces_bacillisporus         0.7614711 0.0000000 0.7325783 0.9113693 0.7796095 0.7715504 1.0436582 0.9656809 1.0225057 1.0411193 1.0389671 1.0287452 0.9945085 0.9574732 0.8819772 
Nakaseomyces_bracarensis           0.4356041 0.7325783 0.0000000 0.8589121 0.3711668 0.2934558 1.0551986 0.9787306 0.9585191 1.0428322 0.9778062 0.9884277 0.9789775 1.1663234 0.9502843 
Nakaseomyces_castellii             0.8587823 0.9113693 0.8589121 0.0000000 0.8803611 0.8167167 1.1325447 1.1677537 1.1086784 1.1689872 1.1315496 1.2329842 1.0826365 1.0309466 1.0624821 
Nakaseomyces_delphensis            0.4390951 0.7796095 0.3711668 0.8803611 0.0000000 0.2833639 1.0188749 0.9843955 0.9979880 1.0401996 1.0613552 1.0317109 0.9822120 1.2506953 1.0222090 
Nakaseomyces_nivariensis           0.3809923 0.7715504 0.2934558 0.8167167 0.2833639 0.0000000 1.0156083 0.9121285 0.9313065 1.0249071 0.9574857 0.9367565 0.9805685 1.0864053 1.0142300 
Saccharomyces_arboricola           1.0511791 1.0436582 1.0551986 1.1325447 1.0188749 1.0156083 0.0000000 0.3111736 0.2570644 0.2228828 0.3023139 0.3177515 0.2548273 1.3393126 1.0606235 
Saccharomyces_cerevisiae           1.0520248 0.9656809 0.9787306 1.1677537 0.9843955 0.9121285 0.3111736 0.0000000 0.3479451 0.2963784 0.2317339 0.1155919 0.3689642 1.4126504 1.1075513 
Saccharomyces_eubayanus            0.9791762 1.0225057 0.9585191 1.1086784 0.9979880 0.9313065 0.2570644 0.3479451 0.0000000 0.2629204 0.3126339 0.2942571 0.0873268 1.3627934 1.0672781 
Saccharomyces_kudriavzevii         1.0199896 1.0411193 1.0428322 1.1689872 1.0401996 1.0249071 0.2228828 0.2963784 0.2629204 0.0000000 0.2952143 0.2899762 0.2562512 1.4230357 1.0176808 
Saccharomyces_mikatae              1.0408008 1.0389671 0.9778062 1.1315496 1.0613552 0.9574857 0.3023139 0.2317339 0.3126339 0.2952143 0.0000000 0.2117946 0.3502105 1.3841151 1.0878257 
Saccharomyces_paradoxus            1.0424772 1.0287452 0.9884277 1.2329842 1.0317109 0.9367565 0.3177515 0.1155919 0.2942571 0.2899762 0.2117946 0.0000000 0.3395106 1.3882660 1.1327967 
Saccharomyces_uvarum               1.0099338 0.9945085 0.9789775 1.0826365 0.9822120 0.9805685 0.2548273 0.3689642 0.0873268 0.2562512 0.3502105 0.3395106 0.0000000 1.3052625 1.0769193 
Tetrapisispora_blattae             1.0836367 0.9574732 1.1663234 1.0309466 1.2506953 1.0864053 1.3393126 1.4126504 1.3627934 1.4230357 1.3841151 1.3882660 1.3052625 0.0000000 1.0574822 
yHMPu5000035629_Yueomyces_sinensis 0.9952935 0.8819772 0.9502843 1.0624821 1.0222090 1.0142300 1.0606235 1.1075513 1.0672781 1.0176808 1.0878257 1.1327967 1.0769193 1.0574822 0.0000000 
