15
Candida_glabrata                   0.0000000 2.1457440 1.2341682 2.8034407 1.1320190 1.1481767 1.7618386 1.7210410 1.8199487 1.7549680 1.8051227 1.6691629 1.7845143 2.2418709 2.3058240 
Nakaseomyces_bacillisporus         2.1457440 0.0000000 1.8694169 1.8214389 2.1252101 1.9973904 1.7148642 1.7565193 1.7789734 1.8260623 1.7150780 1.7810603 1.7232401 1.6612950 1.8505097 
Nakaseomyces_bracarensis           1.2341682 1.8694169 0.0000000 2.5640538 0.5923763 0.5281595 1.7108528 1.6421642 1.7017939 1.7273561 1.7036217 1.6604244 1.6723126 1.7819076 2.2769296 
Nakaseomyces_castellii             2.8034407 1.8214389 2.5640538 0.0000000 2.7806083 2.5902535 2.1832529 2.1495199 2.3423965 2.2846120 2.0852724 2.1040634 2.3130440 2.3460712 2.3833894 
Nakaseomyces_delphensis            1.1320190 2.1252101 0.5923763 2.7806083 0.0000000 0.4870856 1.7196990 1.7482007 1.7789162 1.9073796 1.7989743 1.7586129 1.8032265 1.8888799 2.2640140 
Nakaseomyces_nivariensis           1.1481767 1.9973904 0.5281595 2.5902535 0.4870856 0.0000000 1.5507353 1.5819681 1.7214980 1.7106650 1.6400359 1.5855553 1.7029479 1.7680836 2.1387497 
Saccharomyces_arboricola           1.7618386 1.7148642 1.7108528 2.1832529 1.7196990 1.5507353 0.0000000 0.3043658 0.2732982 0.2753924 0.3204371 0.2657735 0.2472173 1.6452742 1.4054879 
Saccharomyces_cerevisiae           1.7210410 1.7565193 1.6421642 2.1495199 1.7482007 1.5819681 0.3043658 0.0000000 0.3574269 0.3328062 0.3042251 0.1473803 0.3608571 1.6654224 1.4655953 
Saccharomyces_eubayanus            1.8199487 1.7789734 1.7017939 2.3423965 1.7789162 1.7214980 0.2732982 0.3574269 0.0000000 0.2907519 0.3382972 0.3115973 0.0835650 1.6359243 1.4843536 
Saccharomyces_kudriavzevii         1.7549680 1.8260623 1.7273561 2.2846120 1.9073796 1.7106650 0.2753924 0.3328062 0.2907519 0.0000000 0.2982786 0.2523514 0.2702386 1.7824295 1.5390352 
Saccharomyces_mikatae              1.8051227 1.7150780 1.7036217 2.0852724 1.7989743 1.6400359 0.3204371 0.3042251 0.3382972 0.2982786 0.0000000 0.2412088 0.3378567 1.7562602 1.5514120 
Saccharomyces_paradoxus            1.6691629 1.7810603 1.6604244 2.1040634 1.7586129 1.5855553 0.2657735 0.1473803 0.3115973 0.2523514 0.2412088 0.0000000 0.3094943 1.7233040 1.4806308 
Saccharomyces_uvarum               1.7845143 1.7232401 1.6723126 2.3130440 1.8032265 1.7029479 0.2472173 0.3608571 0.0835650 0.2702386 0.3378567 0.3094943 0.0000000 1.6236250 1.4419460 
Tetrapisispora_blattae             2.2418709 1.6612950 1.7819076 2.3460712 1.8888799 1.7680836 1.6452742 1.6654224 1.6359243 1.7824295 1.7562602 1.7233040 1.6236250 0.0000000 0.8260377 
yHMPu5000035629_Yueomyces_sinensis 2.3058240 1.8505097 2.2769296 2.3833894 2.2640140 2.1387497 1.4054879 1.4655953 1.4843536 1.5390352 1.5514120 1.4806308 1.4419460 0.8260377 0.0000000 
