15
Candida_glabrata                   0.0000000 0.5263355 0.2587641 0.7019301 0.3167381 0.2136637 0.3706031 0.4099491 0.3735626 0.3840372 0.4065357 0.4105312 0.3700275 0.7578190 1.0855317 
Nakaseomyces_bacillisporus         0.5263355 0.0000000 0.5717412 0.6014362 0.7686532 0.5382051 0.4882310 0.5116318 0.4692671 0.4888152 0.5098369 0.5129084 0.4669731 0.6413666 0.9859760 
Nakaseomyces_bracarensis           0.2587641 0.5717412 0.0000000 0.6493452 0.2838891 0.1242398 0.4146472 0.4257392 0.4668311 0.4690123 0.4588698 0.4256106 0.4657112 0.6966288 0.8815455 
Nakaseomyces_castellii             0.7019301 0.6014362 0.6493452 0.0000000 1.0625735 0.6715885 0.7690387 0.7288632 0.7863663 0.7893892 0.7243139 0.7223479 0.7895730 0.7942521 1.0378712 
Nakaseomyces_delphensis            0.3167381 0.7686532 0.2838891 1.0625735 0.0000000 0.2143364 0.5861762 0.6383895 0.6465646 0.6308590 0.6651089 0.6433911 0.6315085 1.0714964 1.2922624 
Nakaseomyces_nivariensis           0.2136637 0.5382051 0.1242398 0.6715885 0.2143364 0.0000000 0.3660631 0.3796866 0.4069919 0.4206536 0.4175392 0.4015823 0.4038847 0.7123339 1.0115857 
Saccharomyces_arboricola           0.3706031 0.4882310 0.4146472 0.7690387 0.5861762 0.3660631 0.0000000 0.1308956 0.1144744 0.1116009 0.1418976 0.1308486 0.1090083 0.5910783 0.9746910 
Saccharomyces_cerevisiae           0.4099491 0.5116318 0.4257392 0.7288632 0.6383895 0.3796866 0.1308956 0.0000000 0.1533606 0.1476213 0.1083014 0.0598270 0.1534345 0.6062717 0.9597146 
Saccharomyces_eubayanus            0.3735626 0.4692671 0.4668311 0.7863663 0.6465646 0.4069919 0.1144744 0.1533606 0.0000000 0.1303387 0.1611059 0.1531090 0.0352890 0.5726041 0.9748436 
Saccharomyces_kudriavzevii         0.3840372 0.4888152 0.4690123 0.7893892 0.6308590 0.4206536 0.1116009 0.1476213 0.1303387 0.0000000 0.1436013 0.1430708 0.1286433 0.6349904 1.0259055 
Saccharomyces_mikatae              0.4065357 0.5098369 0.4588698 0.7243139 0.6651089 0.4175392 0.1418976 0.1083014 0.1611059 0.1436013 0.0000000 0.1111393 0.1463053 0.5616473 0.9529082 
Saccharomyces_paradoxus            0.4105312 0.5129084 0.4256106 0.7223479 0.6433911 0.4015823 0.1308486 0.0598270 0.1531090 0.1430708 0.1111393 0.0000000 0.1437734 0.5911091 0.9511636 
Saccharomyces_uvarum               0.3700275 0.4669731 0.4657112 0.7895730 0.6315085 0.4038847 0.1090083 0.1534345 0.0352890 0.1286433 0.1463053 0.1437734 0.0000000 0.5724172 1.0132605 
Tetrapisispora_blattae             0.7578190 0.6413666 0.6966288 0.7942521 1.0714964 0.7123339 0.5910783 0.6062717 0.5726041 0.6349904 0.5616473 0.5911091 0.5724172 0.0000000 0.6704708 
yHMPu5000035629_Yueomyces_sinensis 1.0855317 0.9859760 0.8815455 1.0378712 1.2922624 1.0115857 0.9746910 0.9597146 0.9748436 1.0259055 0.9529082 0.9511636 1.0132605 0.6704708 0.0000000 
