15
Candida_glabrata                   0.0000000 0.6018753 0.3398315 0.9924161 0.3688801 0.3131077 0.6478417 0.6634144 0.6536719 0.6702086 0.7406956 0.6227949 0.6332288 1.0545964 1.3411758 
Nakaseomyces_bacillisporus         0.6018753 0.0000000 0.5847271 0.9031722 0.6346043 0.6407227 0.6199714 0.6956381 0.6907904 0.6909683 0.7368602 0.6604426 0.6634279 1.0797047 1.5084911 
Nakaseomyces_bracarensis           0.3398315 0.5847271 0.0000000 1.0167367 0.2492322 0.2473648 0.6002284 0.6136224 0.6362203 0.6254042 0.6088501 0.5941186 0.6257043 1.1269687 1.3095269 
Nakaseomyces_castellii             0.9924161 0.9031722 1.0167367 0.0000000 1.0266895 1.0167357 1.0143008 1.0846130 1.1063223 1.0778766 1.0746631 1.0604747 1.0768230 1.4542987 1.6280435 
Nakaseomyces_delphensis            0.3688801 0.6346043 0.2492322 1.0266895 0.0000000 0.1902174 0.6210679 0.5672570 0.5794305 0.5971765 0.6027294 0.5509926 0.5794906 1.0792955 1.2613488 
Nakaseomyces_nivariensis           0.3131077 0.6407227 0.2473648 1.0167357 0.1902174 0.0000000 0.5464849 0.5502066 0.5751335 0.6001364 0.5507743 0.5248023 0.5368836 1.0175017 1.2279525 
Saccharomyces_arboricola           0.6478417 0.6199714 0.6002284 1.0143008 0.6210679 0.5464849 0.0000000 0.2229069 0.2369057 0.1828850 0.2271760 0.1733756 0.1964466 0.9729865 1.2644028 
Saccharomyces_cerevisiae           0.6634144 0.6956381 0.6136224 1.0846130 0.5672570 0.5502066 0.2229069 0.0000000 0.2521878 0.1546928 0.1293076 0.0773675 0.2282492 0.9780632 1.2817956 
Saccharomyces_eubayanus            0.6536719 0.6907904 0.6362203 1.1063223 0.5794305 0.5751335 0.2369057 0.2521878 0.0000000 0.2266474 0.2388524 0.2183698 0.0747437 0.9673955 1.3554961 
Saccharomyces_kudriavzevii         0.6702086 0.6909683 0.6254042 1.0778766 0.5971765 0.6001364 0.1828850 0.1546928 0.2266474 0.0000000 0.1925184 0.1337076 0.2176785 0.9695283 1.3667405 
Saccharomyces_mikatae              0.7406956 0.7368602 0.6088501 1.0746631 0.6027294 0.5507743 0.2271760 0.1293076 0.2388524 0.1925184 0.0000000 0.1114102 0.2251351 0.9578000 1.3369044 
Saccharomyces_paradoxus            0.6227949 0.6604426 0.5941186 1.0604747 0.5509926 0.5248023 0.1733756 0.0773675 0.2183698 0.1337076 0.1114102 0.0000000 0.2058200 0.9756730 1.2907014 
Saccharomyces_uvarum               0.6332288 0.6634279 0.6257043 1.0768230 0.5794906 0.5368836 0.1964466 0.2282492 0.0747437 0.2176785 0.2251351 0.2058200 0.0000000 0.9467952 1.3036553 
Tetrapisispora_blattae             1.0545964 1.0797047 1.1269687 1.4542987 1.0792955 1.0175017 0.9729865 0.9780632 0.9673955 0.9695283 0.9578000 0.9756730 0.9467952 0.0000000 1.2596911 
yHMPu5000035629_Yueomyces_sinensis 1.3411758 1.5084911 1.3095269 1.6280435 1.2613488 1.2279525 1.2644028 1.2817956 1.3554961 1.3667405 1.3369044 1.2907014 1.3036553 1.2596911 0.0000000 
