15
Candida_glabrata                   0.0000000 1.2649685 0.8708558 1.4950437 0.9315146 0.9744781 1.0965253 1.0900317 1.1210436 1.2147210 1.0654338 1.1024030 1.1160309 1.6312411 1.3852583 
Nakaseomyces_bacillisporus         1.2649685 0.0000000 1.1098151 1.3530282 1.1326975 1.0812531 1.0314629 1.0400672 0.9917242 1.0329984 0.9706457 1.0555904 1.0131881 1.4842145 1.2544933 
Nakaseomyces_bracarensis           0.8708558 1.1098151 0.0000000 1.2982563 0.4850343 0.4265298 1.0562521 1.0887666 1.0706223 1.2079621 0.9958336 1.0889412 1.1199456 1.7336861 1.4360063 
Nakaseomyces_castellii             1.4950437 1.3530282 1.2982563 0.0000000 1.1876330 1.2539318 1.4204095 1.3567467 1.3680732 1.4346238 1.3646127 1.4371115 1.3750275 1.7194697 1.6049151 
Nakaseomyces_delphensis            0.9315146 1.1326975 0.4850343 1.1876330 0.0000000 0.4068277 1.1369053 1.0998354 1.0724671 1.2823683 1.0751359 1.0973719 1.1476041 1.5286884 1.3208786 
Nakaseomyces_nivariensis           0.9744781 1.0812531 0.4265298 1.2539318 0.4068277 0.0000000 1.0556973 1.0347500 1.0566409 1.1414522 0.9788215 1.0682061 1.1115390 1.6353367 1.4267714 
Saccharomyces_arboricola           1.0965253 1.0314629 1.0562521 1.4204095 1.1369053 1.0556973 0.0000000 0.2659496 0.2269852 0.2776870 0.2414738 0.2508455 0.2165961 1.3821197 1.2300169 
Saccharomyces_cerevisiae           1.0900317 1.0400672 1.0887666 1.3567467 1.0998354 1.0347500 0.2659496 0.0000000 0.2744639 0.3057406 0.2077870 0.1296053 0.2601751 1.4438781 1.2324719 
Saccharomyces_eubayanus            1.1210436 0.9917242 1.0706223 1.3680732 1.0724671 1.0566409 0.2269852 0.2744639 0.0000000 0.2954000 0.3009728 0.2771089 0.0843283 1.3809726 1.2304518 
Saccharomyces_kudriavzevii         1.2147210 1.0329984 1.2079621 1.4346238 1.2823683 1.1414522 0.2776870 0.3057406 0.2954000 0.0000000 0.3282979 0.3004343 0.3126250 1.5862477 1.3031531 
Saccharomyces_mikatae              1.0654338 0.9706457 0.9958336 1.3646127 1.0751359 0.9788215 0.2414738 0.2077870 0.3009728 0.3282979 0.0000000 0.2009089 0.3033895 1.3793845 1.1667297 
Saccharomyces_paradoxus            1.1024030 1.0555904 1.0889412 1.4371115 1.0973719 1.0682061 0.2508455 0.1296053 0.2771089 0.3004343 0.2009089 0.0000000 0.2746230 1.4943320 1.2871503 
Saccharomyces_uvarum               1.1160309 1.0131881 1.1199456 1.3750275 1.1476041 1.1115390 0.2165961 0.2601751 0.0843283 0.3126250 0.3033895 0.2746230 0.0000000 1.3791463 1.2449196 
Tetrapisispora_blattae             1.6312411 1.4842145 1.7336861 1.7194697 1.5286884 1.6353367 1.3821197 1.4438781 1.3809726 1.5862477 1.3793845 1.4943320 1.3791463 0.0000000 0.9570048 
yHMPu5000035629_Yueomyces_sinensis 1.3852583 1.2544933 1.4360063 1.6049151 1.3208786 1.4267714 1.2300169 1.2324719 1.2304518 1.3031531 1.1667297 1.2871503 1.2449196 0.9570048 0.0000000 
