15
Candida_glabrata                   0.0000000 2.5671765 1.3607401 2.5032474 1.4079774 1.5182293 1.6010333 1.6478021 1.6459805 1.7131777 1.6327417 1.7523601 1.6096381 2.5320485 2.7971002 
Nakaseomyces_bacillisporus         2.5671765 0.0000000 3.1066861 2.5404957 3.1007256 3.3036807 2.3185041 2.6427335 2.4107681 2.3293352 2.2990367 2.4012288 2.2042309 2.7416169 2.6999456 
Nakaseomyces_bracarensis           1.3607401 3.1066861 0.0000000 2.3876726 0.8765764 0.7668309 2.1462181 2.2898485 2.0967889 2.1211490 2.1664791 2.2099418 2.2637892 2.2689675 3.1201495 
Nakaseomyces_castellii             2.5032474 2.5404957 2.3876726 0.0000000 2.5055785 2.3019895 2.3942227 2.5624376 2.2898915 2.4747508 2.2666153 2.5100990 2.3072602 2.8285182 3.3203657 
Nakaseomyces_delphensis            1.4079774 3.1007256 0.8765764 2.5055785 0.0000000 0.6716522 1.9870096 2.0744518 2.1657411 2.0435198 2.0819237 2.3370157 2.1690282 2.7080858 2.9378082 
Nakaseomyces_nivariensis           1.5182293 3.3036807 0.7668309 2.3019895 0.6716522 0.0000000 2.0091939 2.2403006 2.0268114 2.0748045 2.0869673 2.2317617 2.0825312 2.6515723 3.1329400 
Saccharomyces_arboricola           1.6010333 2.3185041 2.1462181 2.3942227 1.9870096 2.0091939 0.0000000 0.3517028 0.3259029 0.2774982 0.3208676 0.3113579 0.3265865 1.8056160 1.7322204 
Saccharomyces_cerevisiae           1.6478021 2.6427335 2.2898485 2.5624376 2.0744518 2.2403006 0.3517028 0.0000000 0.4757695 0.3635788 0.3189352 0.1726529 0.4508237 1.8353213 1.6987594 
Saccharomyces_eubayanus            1.6459805 2.4107681 2.0967889 2.2898915 2.1657411 2.0268114 0.3259029 0.4757695 0.0000000 0.3207994 0.4108863 0.4025087 0.0870729 1.8263952 1.8068852 
Saccharomyces_kudriavzevii         1.7131777 2.3293352 2.1211490 2.4747508 2.0435198 2.0748045 0.2774982 0.3635788 0.3207994 0.0000000 0.3173578 0.3225523 0.3241022 1.8094706 1.6789948 
Saccharomyces_mikatae              1.6327417 2.2990367 2.1664791 2.2666153 2.0819237 2.0869673 0.3208676 0.3189352 0.4108863 0.3173578 0.0000000 0.2964532 0.4126189 1.8015412 1.8062691 
Saccharomyces_paradoxus            1.7523601 2.4012288 2.2099418 2.5100990 2.3370157 2.2317617 0.3113579 0.1726529 0.4025087 0.3225523 0.2964532 0.0000000 0.3659145 1.7582987 1.6792358 
Saccharomyces_uvarum               1.6096381 2.2042309 2.2637892 2.3072602 2.1690282 2.0825312 0.3265865 0.4508237 0.0870729 0.3241022 0.4126189 0.3659145 0.0000000 1.8265666 1.6637621 
Tetrapisispora_blattae             2.5320485 2.7416169 2.2689675 2.8285182 2.7080858 2.6515723 1.8056160 1.8353213 1.8263952 1.8094706 1.8015412 1.7582987 1.8265666 0.0000000 1.4849449 
yHMPu5000035629_Yueomyces_sinensis 2.7971002 2.6999456 3.1201495 3.3203657 2.9378082 3.1329400 1.7322204 1.6987594 1.8068852 1.6789948 1.8062691 1.6792358 1.6637621 1.4849449 0.0000000 
