15
Candida_glabrata                   0.0000000 1.6734932 1.0460891 2.0451340 1.2513785 1.1793376 1.9080432 1.8519525 1.9938124 1.7789197 1.6955949 1.7760143 1.9248959 2.2459688 1.8641960 
Nakaseomyces_bacillisporus         1.6734932 0.0000000 1.5978251 1.7385569 1.6244531 1.6191998 1.2613406 1.2846650 1.2322513 1.2550138 1.2010937 1.2916849 1.2510122 1.4811193 1.5671658 
Nakaseomyces_bracarensis           1.0460891 1.5978251 0.0000000 2.2632138 0.5849541 0.6595817 1.9000005 1.8391970 1.8260476 1.7267618 1.6100029 1.7068225 1.7721850 2.2529771 2.0147917 
Nakaseomyces_castellii             2.0451340 1.7385569 2.2632138 0.0000000 2.2821094 2.4998031 1.7872575 1.8254241 1.9306830 1.8309083 1.8763805 1.7684804 1.8844798 2.2263607 2.0020803 
Nakaseomyces_delphensis            1.2513785 1.6244531 0.5849541 2.2821094 0.0000000 0.5542726 1.8371633 1.8698715 1.8697881 1.7225796 1.8946842 1.8656247 1.8696108 2.1796472 1.8321496 
Nakaseomyces_nivariensis           1.1793376 1.6191998 0.6595817 2.4998031 0.5542726 0.0000000 1.9580164 1.9960840 1.9312827 1.8122287 1.8527713 1.9907555 1.8498225 2.2379200 2.0788516 
Saccharomyces_arboricola           1.9080432 1.2613406 1.9000005 1.7872575 1.8371633 1.9580164 0.0000000 0.3320723 0.3060596 0.2968600 0.2899968 0.2806881 0.3153784 1.7493172 1.7243644 
Saccharomyces_cerevisiae           1.8519525 1.2846650 1.8391970 1.8254241 1.8698715 1.9960840 0.3320723 0.0000000 0.3540865 0.2781560 0.2183871 0.1155757 0.3370513 1.7502285 1.7642572 
Saccharomyces_eubayanus            1.9938124 1.2322513 1.8260476 1.9306830 1.8697881 1.9312827 0.3060596 0.3540865 0.0000000 0.2988991 0.3235181 0.3176179 0.0778666 1.7619454 1.8306203 
Saccharomyces_kudriavzevii         1.7789197 1.2550138 1.7267618 1.8309083 1.7225796 1.8122287 0.2968600 0.2781560 0.2988991 0.0000000 0.2734935 0.2404644 0.2947944 1.7136304 1.7567777 
Saccharomyces_mikatae              1.6955949 1.2010937 1.6100029 1.8763805 1.8946842 1.8527713 0.2899968 0.2183871 0.3235181 0.2734935 0.0000000 0.1884930 0.2954822 1.6468249 1.7335475 
Saccharomyces_paradoxus            1.7760143 1.2916849 1.7068225 1.7684804 1.8656247 1.9907555 0.2806881 0.1155757 0.3176179 0.2404644 0.1884930 0.0000000 0.2944501 1.6417874 1.7464792 
Saccharomyces_uvarum               1.9248959 1.2510122 1.7721850 1.8844798 1.8696108 1.8498225 0.3153784 0.3370513 0.0778666 0.2947944 0.2954822 0.2944501 0.0000000 1.8048530 1.8090942 
Tetrapisispora_blattae             2.2459688 1.4811193 2.2529771 2.2263607 2.1796472 2.2379200 1.7493172 1.7502285 1.7619454 1.7136304 1.6468249 1.6417874 1.8048530 0.0000000 1.1734310 
yHMPu5000035629_Yueomyces_sinensis 1.8641960 1.5671658 2.0147917 2.0020803 1.8321496 2.0788516 1.7243644 1.7642572 1.8306203 1.7567777 1.7335475 1.7464792 1.8090942 1.1734310 0.0000000 
