15
Candida_glabrata                   0.0000000 1.5960417 0.8951107 1.9636398 0.8461927 0.8005677 1.4110843 1.3615782 1.4620918 1.3733639 1.3485455 1.3491415 1.4226829 2.4937067 3.1092986 
Nakaseomyces_bacillisporus         1.5960417 0.0000000 1.6253047 1.6110566 1.5358838 1.5153318 1.5272751 1.4816667 1.5309872 1.6032473 1.5430597 1.4343838 1.5519461 2.6133880 3.2698151 
Nakaseomyces_bracarensis           0.8951107 1.6253047 0.0000000 1.9400382 0.5795690 0.5555898 1.3602863 1.4180199 1.3967175 1.3682090 1.2862712 1.4132539 1.4186233 2.4727460 3.1186608 
Nakaseomyces_castellii             1.9636398 1.6110566 1.9400382 0.0000000 1.9534754 2.0069367 2.0320331 1.9015175 2.0397018 2.0375505 1.9270922 1.9261782 2.0390107 2.8404502 3.5211341 
Nakaseomyces_delphensis            0.8461927 1.5358838 0.5795690 1.9534754 0.0000000 0.4083521 1.4097202 1.4182372 1.4982555 1.4407836 1.4037438 1.4381575 1.5165492 2.7010850 3.3505876 
Nakaseomyces_nivariensis           0.8005677 1.5153318 0.5555898 2.0069367 0.4083521 0.0000000 1.3113891 1.2763269 1.3816301 1.2914495 1.2966965 1.3405223 1.3906054 2.5462226 3.1361227 
Saccharomyces_arboricola           1.4110843 1.5272751 1.3602863 2.0320331 1.4097202 1.3113891 0.0000000 0.3088624 0.2893437 0.2380998 0.3298317 0.2605683 0.3018054 2.5342932 3.4456866 
Saccharomyces_cerevisiae           1.3615782 1.4816667 1.4180199 1.9015175 1.4182372 1.2763269 0.3088624 0.0000000 0.3601156 0.2823465 0.2195262 0.1112282 0.3723661 2.6163527 3.3486611 
Saccharomyces_eubayanus            1.4620918 1.5309872 1.3967175 2.0397018 1.4982555 1.3816301 0.2893437 0.3601156 0.0000000 0.2965199 0.3780860 0.3351076 0.0666279 2.5955615 3.3805684 
Saccharomyces_kudriavzevii         1.3733639 1.6032473 1.3682090 2.0375505 1.4407836 1.2914495 0.2380998 0.2823465 0.2965199 0.0000000 0.2834810 0.2368703 0.3154962 2.4910567 3.4833150 
Saccharomyces_mikatae              1.3485455 1.5430597 1.2862712 1.9270922 1.4037438 1.2966965 0.3298317 0.2195262 0.3780860 0.2834810 0.0000000 0.1852632 0.3817545 2.3976582 3.3251180 
Saccharomyces_paradoxus            1.3491415 1.4343838 1.4132539 1.9261782 1.4381575 1.3405223 0.2605683 0.1112282 0.3351076 0.2368703 0.1852632 0.0000000 0.3651209 2.4220772 3.3473167 
Saccharomyces_uvarum               1.4226829 1.5519461 1.4186233 2.0390107 1.5165492 1.3906054 0.3018054 0.3723661 0.0666279 0.3154962 0.3817545 0.3651209 0.0000000 2.5702189 3.3831488 
Tetrapisispora_blattae             2.4937067 2.6133880 2.4727460 2.8404502 2.7010850 2.5462226 2.5342932 2.6163527 2.5955615 2.4910567 2.3976582 2.4220772 2.5702189 0.0000000 1.9231767 
yHMPu5000035629_Yueomyces_sinensis 3.1092986 3.2698151 3.1186608 3.5211341 3.3505876 3.1361227 3.4456866 3.3486611 3.3805684 3.4833150 3.3251180 3.3473167 3.3831488 1.9231767 0.0000000 
