15
Candida_glabrata                   0.0000000 0.6912503 0.5274433 0.8263082 0.4772248 0.5352603 0.8488229 0.7837224 0.8647644 0.8540861 0.7669569 0.7935300 0.8984130 0.7611099 0.7301803 
Nakaseomyces_bacillisporus         0.6912503 0.0000000 0.6773017 0.7534452 0.6529816 0.7394145 0.7980921 0.8047056 0.8545533 0.8570134 0.7793779 0.7835697 0.9050648 0.7031412 0.8661319 
Nakaseomyces_bracarensis           0.5274433 0.6773017 0.0000000 0.8920007 0.3141197 0.3240127 0.7751057 0.7676501 0.7641882 0.8082856 0.7674110 0.7707122 0.7914549 0.8122560 0.9420199 
Nakaseomyces_castellii             0.8263082 0.7534452 0.8920007 0.0000000 0.8442429 0.8916933 0.9170686 1.0221018 0.9333798 0.9451211 0.9415943 0.9308457 0.9211635 0.8590316 1.0121340 
Nakaseomyces_delphensis            0.4772248 0.6529816 0.3141197 0.8442429 0.0000000 0.2818463 0.8206880 0.8254455 0.7852010 0.8488255 0.8165676 0.7974934 0.8182328 0.7470822 0.8575280 
Nakaseomyces_nivariensis           0.5352603 0.7394145 0.3240127 0.8916933 0.2818463 0.0000000 0.6912083 0.7356045 0.7326944 0.7275715 0.7743819 0.7657361 0.7430951 0.9759580 1.0124642 
Saccharomyces_arboricola           0.8488229 0.7980921 0.7751057 0.9170686 0.8206880 0.6912083 0.0000000 0.2111211 0.2265768 0.1870991 0.2105535 0.2072148 0.2134111 1.0262245 1.1605108 
Saccharomyces_cerevisiae           0.7837224 0.8047056 0.7676501 1.0221018 0.8254455 0.7356045 0.2111211 0.0000000 0.2512587 0.1846787 0.1544296 0.0836716 0.2742813 0.9580824 1.0222362 
Saccharomyces_eubayanus            0.8647644 0.8545533 0.7641882 0.9333798 0.7852010 0.7326944 0.2265768 0.2512587 0.0000000 0.1965967 0.2532717 0.2009447 0.0656964 1.0636503 1.1994999 
Saccharomyces_kudriavzevii         0.8540861 0.8570134 0.8082856 0.9451211 0.8488255 0.7275715 0.1870991 0.1846787 0.1965967 0.0000000 0.1755480 0.1681304 0.1973566 1.0442555 1.1467358 
Saccharomyces_mikatae              0.7669569 0.7793779 0.7674110 0.9415943 0.8165676 0.7743819 0.2105535 0.1544296 0.2532717 0.1755480 0.0000000 0.1307500 0.2551705 0.9692869 1.0795765 
Saccharomyces_paradoxus            0.7935300 0.7835697 0.7707122 0.9308457 0.7974934 0.7657361 0.2072148 0.0836716 0.2009447 0.1681304 0.1307500 0.0000000 0.2128454 0.9520248 1.0915510 
Saccharomyces_uvarum               0.8984130 0.9050648 0.7914549 0.9211635 0.8182328 0.7430951 0.2134111 0.2742813 0.0656964 0.1973566 0.2551705 0.2128454 0.0000000 1.1013997 1.2058901 
Tetrapisispora_blattae             0.7611099 0.7031412 0.8122560 0.8590316 0.7470822 0.9759580 1.0262245 0.9580824 1.0636503 1.0442555 0.9692869 0.9520248 1.1013997 0.0000000 0.5217617 
yHMPu5000035629_Yueomyces_sinensis 0.7301803 0.8661319 0.9420199 1.0121340 0.8575280 1.0124642 1.1605108 1.0222362 1.1994999 1.1467358 1.0795765 1.0915510 1.2058901 0.5217617 0.0000000 
