15
Candida_glabrata                   0.0000000 1.6958621 0.6833042 1.8897908 0.7552409 0.6652630 2.2504143 2.1755395 2.1011956 2.1678775 2.1491066 2.1945947 2.1275216 1.7413182 1.7175567 
Nakaseomyces_bacillisporus         1.6958621 0.0000000 1.7302436 1.9805186 1.6377598 1.5886890 1.8781057 1.9402202 1.8974540 1.9132695 1.9440345 1.9118150 1.9443344 1.8173089 1.7723382 
Nakaseomyces_bracarensis           0.6833042 1.7302436 0.0000000 1.8912754 0.4913241 0.4095058 2.1357911 2.0765943 2.0607228 2.1203605 2.1347982 2.1183097 2.0722417 1.7493717 1.8529074 
Nakaseomyces_castellii             1.8897908 1.9805186 1.8912754 0.0000000 1.8499924 1.9075624 2.0668789 2.1104078 2.0979380 2.1525549 2.1071774 2.0926540 2.1410488 1.8306236 1.9213736 
Nakaseomyces_delphensis            0.7552409 1.6377598 0.4913241 1.8499924 0.0000000 0.3805359 2.1454034 2.0723300 2.0193605 2.0560784 2.1137059 2.0719244 2.0132441 1.7914358 1.9579962 
Nakaseomyces_nivariensis           0.6652630 1.5886890 0.4095058 1.9075624 0.3805359 0.0000000 1.7876016 1.9634962 1.9371958 1.7800958 1.7650976 1.9848605 1.6934405 1.6083214 1.7859061 
Saccharomyces_arboricola           2.2504143 1.8781057 2.1357911 2.0668789 2.1454034 1.7876016 0.0000000 0.2841517 0.2444579 0.2379925 0.2778113 0.2531087 0.2260048 1.6919535 1.6708460 
Saccharomyces_cerevisiae           2.1755395 1.9402202 2.0765943 2.1104078 2.0723300 1.9634962 0.2841517 0.0000000 0.2999316 0.2789247 0.2153485 0.1114170 0.2771133 1.8239062 1.6790503 
Saccharomyces_eubayanus            2.1011956 1.8974540 2.0607228 2.0979380 2.0193605 1.9371958 0.2444579 0.2999316 0.0000000 0.2447001 0.3045979 0.2609527 0.0716425 1.7436752 1.5720541 
Saccharomyces_kudriavzevii         2.1678775 1.9132695 2.1203605 2.1525549 2.0560784 1.7800958 0.2379925 0.2789247 0.2447001 0.0000000 0.2449290 0.2548727 0.2299197 1.6291938 1.7097538 
Saccharomyces_mikatae              2.1491066 1.9440345 2.1347982 2.1071774 2.1137059 1.7650976 0.2778113 0.2153485 0.3045979 0.2449290 0.0000000 0.1986566 0.2765062 1.6327873 1.7433279 
Saccharomyces_paradoxus            2.1945947 1.9118150 2.1183097 2.0926540 2.0719244 1.9848605 0.2531087 0.1114170 0.2609527 0.2548727 0.1986566 0.0000000 0.2456205 1.8268815 1.7378147 
Saccharomyces_uvarum               2.1275216 1.9443344 2.0722417 2.1410488 2.0132441 1.6934405 0.2260048 0.2771133 0.0716425 0.2299197 0.2765062 0.2456205 0.0000000 1.5972819 1.6148382 
Tetrapisispora_blattae             1.7413182 1.8173089 1.7493717 1.8306236 1.7914358 1.6083214 1.6919535 1.8239062 1.7436752 1.6291938 1.6327873 1.8268815 1.5972819 0.0000000 1.0510765 
yHMPu5000035629_Yueomyces_sinensis 1.7175567 1.7723382 1.8529074 1.9213736 1.9579962 1.7859061 1.6708460 1.6790503 1.5720541 1.7097538 1.7433279 1.7378147 1.6148382 1.0510765 0.0000000 
