15
Candida_glabrata                   0.0000000 1.9708108 0.8197301 2.2797787 0.7785411 0.7821875 1.6722988 1.6331222 1.7686062 1.7667234 1.7947411 1.6912296 1.7853098 2.0571572 2.1389937 
Nakaseomyces_bacillisporus         1.9708108 0.0000000 2.1023321 1.9418171 2.0426769 2.0944520 1.4914939 1.5170377 1.5392207 1.3859171 1.5941754 1.4996217 1.4967305 1.8460862 1.8511002 
Nakaseomyces_bracarensis           0.8197301 2.1023321 0.0000000 2.2850919 0.4406539 0.3208268 1.6039738 1.6317000 1.6013266 1.6369421 1.6930873 1.6180871 1.5701571 2.1008810 2.0310638 
Nakaseomyces_castellii             2.2797787 1.9418171 2.2850919 0.0000000 2.1661895 2.1491897 1.8763713 1.9228054 1.6479591 1.8814181 2.0151540 1.8964437 1.6533557 2.2693575 2.0043351 
Nakaseomyces_delphensis            0.7785411 2.0426769 0.4406539 2.1661895 0.0000000 0.2930690 1.7248567 1.9155470 1.8373402 1.8049050 1.9963740 1.8998732 1.8146261 2.3053111 2.3879643 
Nakaseomyces_nivariensis           0.7821875 2.0944520 0.3208268 2.1491897 0.2930690 0.0000000 1.7279498 1.8086077 1.7112970 1.8098994 1.8824774 1.7804407 1.7034424 2.0535823 2.1054990 
Saccharomyces_arboricola           1.6722988 1.4914939 1.6039738 1.8763713 1.7248567 1.7279498 0.0000000 0.2944855 0.2827199 0.2103676 0.2996876 0.2567965 0.2603971 1.2818408 1.3909712 
Saccharomyces_cerevisiae           1.6331222 1.5170377 1.6317000 1.9228054 1.9155470 1.8086077 0.2944855 0.0000000 0.3505933 0.2770774 0.2198598 0.1099105 0.3289097 1.3684532 1.3852543 
Saccharomyces_eubayanus            1.7686062 1.5392207 1.6013266 1.6479591 1.8373402 1.7112970 0.2827199 0.3505933 0.0000000 0.2737374 0.3445411 0.3093564 0.0583736 1.3168660 1.2957703 
Saccharomyces_kudriavzevii         1.7667234 1.3859171 1.6369421 1.8814181 1.8049050 1.8098994 0.2103676 0.2770774 0.2737374 0.0000000 0.2634133 0.2368807 0.2540876 1.3299079 1.3188481 
Saccharomyces_mikatae              1.7947411 1.5941754 1.6930873 2.0151540 1.9963740 1.8824774 0.2996876 0.2198598 0.3445411 0.2634133 0.0000000 0.1676645 0.3468212 1.4458189 1.4055067 
Saccharomyces_paradoxus            1.6912296 1.4996217 1.6180871 1.8964437 1.8998732 1.7804407 0.2567965 0.1099105 0.3093564 0.2368807 0.1676645 0.0000000 0.2908336 1.2599527 1.3586712 
Saccharomyces_uvarum               1.7853098 1.4967305 1.5701571 1.6533557 1.8146261 1.7034424 0.2603971 0.3289097 0.0583736 0.2540876 0.3468212 0.2908336 0.0000000 1.2930971 1.2607057 
Tetrapisispora_blattae             2.0571572 1.8460862 2.1008810 2.2693575 2.3053111 2.0535823 1.2818408 1.3684532 1.3168660 1.3299079 1.4458189 1.2599527 1.2930971 0.0000000 0.9624653 
yHMPu5000035629_Yueomyces_sinensis 2.1389937 1.8511002 2.0310638 2.0043351 2.3879643 2.1054990 1.3909712 1.3852543 1.2957703 1.3188481 1.4055067 1.3586712 1.2607057 0.9624653 0.0000000 
