15
Candida_glabrata                   0.0000000 2.7572604 1.0120375 3.3871987 0.9130134 0.8844293 2.3533917 2.2363339 2.2051591 2.2104659 2.2413420 2.2244383 2.2567772 2.4626699 2.5358861 
Nakaseomyces_bacillisporus         2.7572604 0.0000000 2.7903544 3.3413180 2.7990175 2.5742607 2.4696325 2.4414467 2.5191239 2.5025819 2.4618433 2.4070275 2.4024460 2.2870822 2.7139308 
Nakaseomyces_bracarensis           1.0120375 2.7903544 0.0000000 3.3075108 0.5624453 0.5468817 1.8980657 1.9388048 1.7624823 1.8528402 1.9166672 1.8698349 1.8105625 2.2846160 2.5131502 
Nakaseomyces_castellii             3.3871987 3.3413180 3.3075108 0.0000000 3.1239654 3.0975344 3.6057047 3.3480723 3.3833583 3.3892088 3.4816772 3.4121497 3.4330706 3.8850562 3.4599845 
Nakaseomyces_delphensis            0.9130134 2.7990175 0.5624453 3.1239654 0.0000000 0.4138604 2.1870395 2.1266385 2.0266298 2.0469014 2.1535601 2.1030077 2.0381026 2.2633186 2.3264784 
Nakaseomyces_nivariensis           0.8844293 2.5742607 0.5468817 3.0975344 0.4138604 0.0000000 2.0303867 1.9106282 1.8864015 1.8837842 2.0106088 1.9627028 1.8681690 2.3167981 2.2790987 
Saccharomyces_arboricola           2.3533917 2.4696325 1.8980657 3.6057047 2.1870395 2.0303867 0.0000000 0.3370035 0.3202738 0.2770818 0.3327940 0.2851261 0.3021957 2.1432233 2.2818000 
Saccharomyces_cerevisiae           2.2363339 2.4414467 1.9388048 3.3480723 2.1266385 1.9106282 0.3370035 0.0000000 0.3575788 0.2765087 0.2693159 0.1437282 0.3552375 1.9985151 2.1418597 
Saccharomyces_eubayanus            2.2051591 2.5191239 1.7624823 3.3833583 2.0266298 1.8864015 0.3202738 0.3575788 0.0000000 0.3051605 0.3556735 0.3089826 0.0830054 1.9791614 2.1582823 
Saccharomyces_kudriavzevii         2.2104659 2.5025819 1.8528402 3.3892088 2.0469014 1.8837842 0.2770818 0.2765087 0.3051605 0.0000000 0.2895763 0.2384030 0.2863702 2.0216393 2.2019975 
Saccharomyces_mikatae              2.2413420 2.4618433 1.9166672 3.4816772 2.1535601 2.0106088 0.3327940 0.2693159 0.3556735 0.2895763 0.0000000 0.2168029 0.3372976 1.9639206 2.1192470 
Saccharomyces_paradoxus            2.2244383 2.4070275 1.8698349 3.4121497 2.1030077 1.9627028 0.2851261 0.1437282 0.3089826 0.2384030 0.2168029 0.0000000 0.3123053 1.9903599 2.1760702 
Saccharomyces_uvarum               2.2567772 2.4024460 1.8105625 3.4330706 2.0381026 1.8681690 0.3021957 0.3552375 0.0830054 0.2863702 0.3372976 0.3123053 0.0000000 1.9532670 2.1737287 
Tetrapisispora_blattae             2.4626699 2.2870822 2.2846160 3.8850562 2.2633186 2.3167981 2.1432233 1.9985151 1.9791614 2.0216393 1.9639206 1.9903599 1.9532670 0.0000000 1.0247374 
yHMPu5000035629_Yueomyces_sinensis 2.5358861 2.7139308 2.5131502 3.4599845 2.3264784 2.2790987 2.2818000 2.1418597 2.1582823 2.2019975 2.1192470 2.1760702 2.1737287 1.0247374 0.0000000 
