15
Candida_glabrata                   0.0000000 1.7004522 1.1243167 1.9337288 1.1731453 1.0807011 1.6957560 1.7085826 1.8298143 1.7314379 1.7289595 1.8332090 1.7112379 2.1226448 2.3518882 
Nakaseomyces_bacillisporus         1.7004522 0.0000000 1.9367789 1.2997099 1.9196332 1.9674868 1.2211711 1.1844747 1.2150414 1.2794906 1.1763146 1.2660311 1.2089835 2.0418086 2.0871119 
Nakaseomyces_bracarensis           1.1243167 1.9367789 0.0000000 2.1380372 0.6271393 0.5479007 1.9974072 2.0015677 2.0979239 2.0468748 1.9762962 2.1033409 1.9387539 2.3033849 2.5471010 
Nakaseomyces_castellii             1.9337288 1.2997099 2.1380372 0.0000000 2.1001143 2.1398160 1.4370698 1.4417508 1.4855261 1.4741829 1.4214465 1.5392210 1.3977299 1.8793041 2.1062162 
Nakaseomyces_delphensis            1.1731453 1.9196332 0.6271393 2.1001143 0.0000000 0.4957804 1.9001404 1.9326856 2.0266254 1.9471127 1.8246151 2.0103978 1.9031409 2.4793760 2.5036035 
Nakaseomyces_nivariensis           1.0807011 1.9674868 0.5479007 2.1398160 0.4957804 0.0000000 1.9868865 1.9855806 2.1037577 2.0465588 1.9439705 2.1029157 1.9397302 2.2661237 2.4699413 
Saccharomyces_arboricola           1.6957560 1.2211711 1.9974072 1.4370698 1.9001404 1.9868865 0.0000000 0.2671724 0.2647131 0.2259207 0.2320555 0.2522759 0.2251255 1.5824890 1.9126926 
Saccharomyces_cerevisiae           1.7085826 1.1844747 2.0015677 1.4417508 1.9326856 1.9855806 0.2671724 0.0000000 0.3173258 0.2658989 0.1950597 0.1350019 0.2792437 1.6776341 1.9686073 
Saccharomyces_eubayanus            1.8298143 1.2150414 2.0979239 1.4855261 2.0266254 2.1037577 0.2647131 0.3173258 0.0000000 0.2780416 0.2789635 0.2616498 0.0892825 1.6900433 2.0786199 
Saccharomyces_kudriavzevii         1.7314379 1.2794906 2.0468748 1.4741829 1.9471127 2.0465588 0.2259207 0.2658989 0.2780416 0.0000000 0.2337487 0.2352281 0.2635833 1.6442528 1.9768037 
Saccharomyces_mikatae              1.7289595 1.1763146 1.9762962 1.4214465 1.8246151 1.9439705 0.2320555 0.1950597 0.2789635 0.2337487 0.0000000 0.1824688 0.2618046 1.6334224 1.9890833 
Saccharomyces_paradoxus            1.8332090 1.2660311 2.1033409 1.5392210 2.0103978 2.1029157 0.2522759 0.1350019 0.2616498 0.2352281 0.1824688 0.0000000 0.2734447 1.6883762 2.0947630 
Saccharomyces_uvarum               1.7112379 1.2089835 1.9387539 1.3977299 1.9031409 1.9397302 0.2251255 0.2792437 0.0892825 0.2635833 0.2618046 0.2734447 0.0000000 1.5992304 1.8920088 
Tetrapisispora_blattae             2.1226448 2.0418086 2.3033849 1.8793041 2.4793760 2.2661237 1.5824890 1.6776341 1.6900433 1.6442528 1.6334224 1.6883762 1.5992304 0.0000000 1.8080240 
yHMPu5000035629_Yueomyces_sinensis 2.3518882 2.0871119 2.5471010 2.1062162 2.5036035 2.4699413 1.9126926 1.9686073 2.0786199 1.9768037 1.9890833 2.0947630 1.8920088 1.8080240 0.0000000 
