15
Candida_glabrata                   0.0000000 2.4806468 1.0433307 2.2958817 1.0042747 0.9060193 2.1697684 2.1099726 2.1382268 1.9782831 2.1465755 2.1111997 2.1293565 2.6169226 2.7371872 
Nakaseomyces_bacillisporus         2.4806468 0.0000000 2.4163874 1.7645702 2.6285813 2.4542399 2.4113044 2.1604862 2.2514300 2.1593781 2.2640372 2.1183016 2.2450995 2.6712608 2.6151579 
Nakaseomyces_bracarensis           1.0433307 2.4163874 0.0000000 2.1707151 0.5894749 0.5938069 1.7619568 1.8257446 1.7664701 1.7783679 1.8411380 1.8280714 1.7110720 2.5682888 2.6289365 
Nakaseomyces_castellii             2.2958817 1.7645702 2.1707151 0.0000000 2.3229752 2.1986204 1.8799359 1.8646591 1.9124248 1.8841556 1.8564225 1.8386832 1.9480882 2.3298404 2.5658475 
Nakaseomyces_delphensis            1.0042747 2.6285813 0.5894749 2.3229752 0.0000000 0.5343814 1.8931997 1.8881759 1.8352615 1.7747176 1.9003333 1.8473041 1.7424253 2.6261084 2.8125651 
Nakaseomyces_nivariensis           0.9060193 2.4542399 0.5938069 2.1986204 0.5343814 0.0000000 1.8687180 1.8233235 1.8489330 1.8368820 1.9408632 1.8373689 1.7976655 2.7374836 2.8896577 
Saccharomyces_arboricola           2.1697684 2.4113044 1.7619568 1.8799359 1.8931997 1.8687180 0.0000000 0.3541356 0.3741768 0.3374519 0.3351538 0.3250011 0.3630732 1.7962323 1.9972564 
Saccharomyces_cerevisiae           2.1099726 2.1604862 1.8257446 1.8646591 1.8881759 1.8233235 0.3541356 0.0000000 0.3904449 0.3253859 0.2795062 0.1414834 0.3709027 1.7711262 1.8814522 
Saccharomyces_eubayanus            2.1382268 2.2514300 1.7664701 1.9124248 1.8352615 1.8489330 0.3741768 0.3904449 0.0000000 0.4128916 0.4266952 0.3689827 0.1152047 1.8702077 1.9076462 
Saccharomyces_kudriavzevii         1.9782831 2.1593781 1.7783679 1.8841556 1.7747176 1.8368820 0.3374519 0.3253859 0.4128916 0.0000000 0.3592730 0.3162153 0.3900725 1.8492894 1.9337369 
Saccharomyces_mikatae              2.1465755 2.2640372 1.8411380 1.8564225 1.9003333 1.9408632 0.3351538 0.2795062 0.4266952 0.3592730 0.0000000 0.2459827 0.4333543 1.7496029 1.9339976 
Saccharomyces_paradoxus            2.1111997 2.1183016 1.8280714 1.8386832 1.8473041 1.8373689 0.3250011 0.1414834 0.3689827 0.3162153 0.2459827 0.0000000 0.3578882 1.7797352 1.9254239 
Saccharomyces_uvarum               2.1293565 2.2450995 1.7110720 1.9480882 1.7424253 1.7976655 0.3630732 0.3709027 0.1152047 0.3900725 0.4333543 0.3578882 0.0000000 1.8720983 1.9405506 
Tetrapisispora_blattae             2.6169226 2.6712608 2.5682888 2.3298404 2.6261084 2.7374836 1.7962323 1.7711262 1.8702077 1.8492894 1.7496029 1.7797352 1.8720983 0.0000000 1.0418295 
yHMPu5000035629_Yueomyces_sinensis 2.7371872 2.6151579 2.6289365 2.5658475 2.8125651 2.8896577 1.9972564 1.8814522 1.9076462 1.9337369 1.9339976 1.9254239 1.9405506 1.0418295 0.0000000 
