15
Candida_glabrata                   0.0000000 1.7337792 0.7031775 1.8397219 0.7613227 0.6969583 1.7380929 1.6496759 1.5426053 1.8182900 1.6177900 1.6357289 1.5814988 1.7139891 1.6179847 
Nakaseomyces_bacillisporus         1.7337792 0.0000000 1.5864470 1.6675724 1.5832587 1.5634267 1.4952080 1.4430134 1.4267623 1.5300584 1.4340896 1.4383047 1.4428567 1.9988174 1.6980573 
Nakaseomyces_bracarensis           0.7031775 1.5864470 0.0000000 1.6564009 0.4183725 0.3735441 1.7685798 1.6554042 1.6194955 1.7896630 1.5777587 1.6353419 1.6588519 1.7410130 1.6212052 
Nakaseomyces_castellii             1.8397219 1.6675724 1.6564009 0.0000000 1.6547818 1.6454836 1.9544109 1.8429785 1.8126700 2.1053083 1.8661306 1.8861561 1.7676848 1.8464322 1.8917340 
Nakaseomyces_delphensis            0.7613227 1.5832587 0.4183725 1.6547818 0.0000000 0.3557790 1.6893333 1.6289778 1.4775491 1.7055067 1.5938912 1.6229325 1.5306157 1.7658357 1.6891650 
Nakaseomyces_nivariensis           0.6969583 1.5634267 0.3735441 1.6454836 0.3557790 0.0000000 1.7045795 1.6847237 1.6139197 1.7063199 1.6697798 1.6972101 1.6491066 1.6928816 1.5934908 
Saccharomyces_arboricola           1.7380929 1.4952080 1.7685798 1.9544109 1.6893333 1.7045795 0.0000000 0.3245221 0.2480375 0.2485824 0.3000439 0.2876959 0.2206778 1.8396275 1.8654439 
Saccharomyces_cerevisiae           1.6496759 1.4430134 1.6554042 1.8429785 1.6289778 1.6847237 0.3245221 0.0000000 0.2541727 0.3111433 0.2118162 0.0941816 0.2817249 1.8184319 1.7480645 
Saccharomyces_eubayanus            1.5426053 1.4267623 1.6194955 1.8126700 1.4775491 1.6139197 0.2480375 0.2541727 0.0000000 0.3108039 0.2626628 0.2161922 0.0725246 1.6584128 1.6639321 
Saccharomyces_kudriavzevii         1.8182900 1.5300584 1.7896630 2.1053083 1.7055067 1.7063199 0.2485824 0.3111433 0.3108039 0.0000000 0.2931960 0.2934008 0.3061258 1.9485220 1.9261074 
Saccharomyces_mikatae              1.6177900 1.4340896 1.5777587 1.8661306 1.5938912 1.6697798 0.3000439 0.2118162 0.2626628 0.2931960 0.0000000 0.1827851 0.2685909 1.8577151 1.8602191 
Saccharomyces_paradoxus            1.6357289 1.4383047 1.6353419 1.8861561 1.6229325 1.6972101 0.2876959 0.0941816 0.2161922 0.2934008 0.1827851 0.0000000 0.2411588 1.7894396 1.7032648 
Saccharomyces_uvarum               1.5814988 1.4428567 1.6588519 1.7676848 1.5306157 1.6491066 0.2206778 0.2817249 0.0725246 0.3061258 0.2685909 0.2411588 0.0000000 1.6601979 1.6581522 
Tetrapisispora_blattae             1.7139891 1.9988174 1.7410130 1.8464322 1.7658357 1.6928816 1.8396275 1.8184319 1.6584128 1.9485220 1.8577151 1.7894396 1.6601979 0.0000000 1.1702465 
yHMPu5000035629_Yueomyces_sinensis 1.6179847 1.6980573 1.6212052 1.8917340 1.6891650 1.5934908 1.8654439 1.7480645 1.6639321 1.9261074 1.8602191 1.7032648 1.6581522 1.1702465 0.0000000 
