15
Candida_glabrata                   0.0000000 1.4213683 0.7999847 1.9360555 0.8761238 0.7602435 1.2252700 1.0940207 1.0973460 1.1560337 1.1540198 1.1411512 1.1359187 1.6061908 1.9202373 
Nakaseomyces_bacillisporus         1.4213683 0.0000000 1.4131267 1.8092332 1.3577539 1.4215216 1.3569500 1.4143513 1.2734041 1.3406325 1.3351447 1.4051892 1.2210965 1.6617684 1.7887475 
Nakaseomyces_bracarensis           0.7999847 1.4131267 0.0000000 1.8002667 0.5351740 0.4068387 1.2450566 1.1733646 1.0744277 1.1285077 1.1867155 1.1740138 1.0894670 1.6702340 1.8137576 
Nakaseomyces_castellii             1.9360555 1.8092332 1.8002667 0.0000000 2.0039738 1.8269016 1.7485425 1.6560442 1.5980584 1.6488826 1.5680715 1.6349395 1.6243203 2.0027530 2.4321193 
Nakaseomyces_delphensis            0.8761238 1.3577539 0.5351740 2.0039738 0.0000000 0.3740751 1.3101879 1.2562336 1.1757265 1.3076874 1.2962172 1.2628796 1.2013317 1.7218545 1.9692167 
Nakaseomyces_nivariensis           0.7602435 1.4215216 0.4068387 1.8269016 0.3740751 0.0000000 1.1732086 1.1534477 1.0937179 1.1244409 1.1865334 1.1798187 1.0585303 1.5766233 1.8825487 
Saccharomyces_arboricola           1.2252700 1.3569500 1.2450566 1.7485425 1.3101879 1.1732086 0.0000000 0.2681404 0.2097786 0.2122042 0.2378518 0.2339681 0.2199656 1.4624303 1.6703482 
Saccharomyces_cerevisiae           1.0940207 1.4143513 1.1733646 1.6560442 1.2562336 1.1534477 0.2681404 0.0000000 0.2925046 0.2418048 0.1953677 0.1179672 0.3130338 1.3509454 1.6357923 
Saccharomyces_eubayanus            1.0973460 1.2734041 1.0744277 1.5980584 1.1757265 1.0937179 0.2097786 0.2925046 0.0000000 0.2327877 0.2860035 0.2381538 0.0522717 1.3800871 1.5504494 
Saccharomyces_kudriavzevii         1.1560337 1.3406325 1.1285077 1.6488826 1.3076874 1.1244409 0.2122042 0.2418048 0.2327877 0.0000000 0.2406764 0.2200198 0.2369864 1.3899251 1.5727639 
Saccharomyces_mikatae              1.1540198 1.3351447 1.1867155 1.5680715 1.2962172 1.1865334 0.2378518 0.1953677 0.2860035 0.2406764 0.0000000 0.1810891 0.2959551 1.3359432 1.5758538 
Saccharomyces_paradoxus            1.1411512 1.4051892 1.1740138 1.6349395 1.2628796 1.1798187 0.2339681 0.1179672 0.2381538 0.2200198 0.1810891 0.0000000 0.2477405 1.3689481 1.6238643 
Saccharomyces_uvarum               1.1359187 1.2210965 1.0894670 1.6243203 1.2013317 1.0585303 0.2199656 0.3130338 0.0522717 0.2369864 0.2959551 0.2477405 0.0000000 1.3929962 1.5844046 
Tetrapisispora_blattae             1.6061908 1.6617684 1.6702340 2.0027530 1.7218545 1.5766233 1.4624303 1.3509454 1.3800871 1.3899251 1.3359432 1.3689481 1.3929962 0.0000000 1.4093122 
yHMPu5000035629_Yueomyces_sinensis 1.9202373 1.7887475 1.8137576 2.4321193 1.9692167 1.8825487 1.6703482 1.6357923 1.5504494 1.5727639 1.5758538 1.6238643 1.5844046 1.4093122 0.0000000 
