15
Candida_glabrata                   0.0000000 1.5113355 0.6886979 1.7046201 0.6358987 0.6231279 1.2529900 1.3059597 1.2475331 1.3485453 1.3082781 1.3280201 1.2194553 1.5969133 1.5253164 
Nakaseomyces_bacillisporus         1.5113355 0.0000000 1.2610776 1.6393952 1.3866606 1.3318685 1.3027626 1.3059633 1.2519928 1.3285278 1.2684178 1.3257517 1.2771417 1.3653328 1.2242547 
Nakaseomyces_bracarensis           0.6886979 1.2610776 0.0000000 1.7863467 0.5224734 0.4429492 1.1644325 1.2007760 1.1590740 1.1573423 1.2050499 1.1491998 1.1587604 1.4226696 1.3868089 
Nakaseomyces_castellii             1.7046201 1.6393952 1.7863467 0.0000000 1.9371379 1.8959229 1.9151400 1.8437215 1.9142064 1.8701650 1.8216385 1.8896686 1.9728908 1.8433824 1.8306224 
Nakaseomyces_delphensis            0.6358987 1.3866606 0.5224734 1.9371379 0.0000000 0.3991565 1.3124904 1.2917085 1.2310850 1.2716638 1.2358385 1.2590720 1.2200644 1.6722696 1.3846691 
Nakaseomyces_nivariensis           0.6231279 1.3318685 0.4429492 1.8959229 0.3991565 0.0000000 1.2719647 1.1780544 1.2275029 1.2436257 1.2560838 1.1940598 1.2419828 1.4469199 1.4968428 
Saccharomyces_arboricola           1.2529900 1.3027626 1.1644325 1.9151400 1.3124904 1.2719647 0.0000000 0.2680830 0.2260133 0.2139313 0.2530539 0.2486889 0.2141291 1.2232368 1.2064252 
Saccharomyces_cerevisiae           1.3059597 1.3059633 1.2007760 1.8437215 1.2917085 1.1780544 0.2680830 0.0000000 0.3021308 0.2808756 0.2178275 0.1403467 0.3142095 1.2246788 1.1951558 
Saccharomyces_eubayanus            1.2475331 1.2519928 1.1590740 1.9142064 1.2310850 1.2275029 0.2260133 0.3021308 0.0000000 0.2600940 0.2860311 0.2804041 0.0797697 1.2300917 1.2306935 
Saccharomyces_kudriavzevii         1.3485453 1.3285278 1.1573423 1.8701650 1.2716638 1.2436257 0.2139313 0.2808756 0.2600940 0.0000000 0.2441876 0.2384250 0.2599776 1.1746032 1.2260949 
Saccharomyces_mikatae              1.3082781 1.2684178 1.2050499 1.8216385 1.2358385 1.2560838 0.2530539 0.2178275 0.2860311 0.2441876 0.0000000 0.1918764 0.2952054 1.1907527 1.2458417 
Saccharomyces_paradoxus            1.3280201 1.3257517 1.1491998 1.8896686 1.2590720 1.1940598 0.2486889 0.1403467 0.2804041 0.2384250 0.1918764 0.0000000 0.2902688 1.3082771 1.1816435 
Saccharomyces_uvarum               1.2194553 1.2771417 1.1587604 1.9728908 1.2200644 1.2419828 0.2141291 0.3142095 0.0797697 0.2599776 0.2952054 0.2902688 0.0000000 1.2559651 1.2667654 
Tetrapisispora_blattae             1.5969133 1.3653328 1.4226696 1.8433824 1.6722696 1.4469199 1.2232368 1.2246788 1.2300917 1.1746032 1.1907527 1.3082771 1.2559651 0.0000000 0.9109933 
yHMPu5000035629_Yueomyces_sinensis 1.5253164 1.2242547 1.3868089 1.8306224 1.3846691 1.4968428 1.2064252 1.1951558 1.2306935 1.2260949 1.2458417 1.1816435 1.2667654 0.9109933 0.0000000 
