15
Candida_glabrata                   0.0000000 1.7019696 1.0348892 2.1795790 0.9822016 0.9244075 1.5387819 1.4572835 1.5580989 1.4960433 1.5317128 1.4282458 1.4806281 2.3597896 2.3515503 
Nakaseomyces_bacillisporus         1.7019696 0.0000000 1.7371903 2.5280216 1.8546216 1.8391599 1.5639513 1.6679092 1.7139330 1.6983962 1.7513709 1.7595542 1.6295188 2.5143214 2.3638059 
Nakaseomyces_bracarensis           1.0348892 1.7371903 0.0000000 2.2258592 0.6842146 0.5508728 1.3427281 1.4054468 1.3967357 1.4494545 1.4309048 1.3686721 1.2815373 2.2527031 2.3165013 
Nakaseomyces_castellii             2.1795790 2.5280216 2.2258592 0.0000000 2.1612148 2.1801822 2.3972683 2.4420622 2.4252340 2.4117096 2.2766882 2.4471666 2.4197189 3.6492765 3.1654926 
Nakaseomyces_delphensis            0.9822016 1.8546216 0.6842146 2.1612148 0.0000000 0.5575222 1.4345511 1.5533351 1.3494157 1.5803627 1.5871455 1.4937141 1.3326129 2.4103647 2.2069837 
Nakaseomyces_nivariensis           0.9244075 1.8391599 0.5508728 2.1801822 0.5575222 0.0000000 1.3471474 1.4543296 1.4221033 1.5207511 1.4762575 1.5291866 1.3646464 2.5172772 2.0333067 
Saccharomyces_arboricola           1.5387819 1.5639513 1.3427281 2.3972683 1.4345511 1.3471474 0.0000000 0.3282204 0.2771270 0.2788135 0.3193717 0.3385949 0.2658071 1.9800260 2.2132205 
Saccharomyces_cerevisiae           1.4572835 1.6679092 1.4054468 2.4420622 1.5533351 1.4543296 0.3282204 0.0000000 0.3400293 0.3013362 0.2311943 0.1378615 0.3300837 1.9756882 2.1353939 
Saccharomyces_eubayanus            1.5580989 1.7139330 1.3967357 2.4252340 1.3494157 1.4221033 0.2771270 0.3400293 0.0000000 0.2812034 0.3318368 0.3351936 0.0787336 2.0562073 2.2347671 
Saccharomyces_kudriavzevii         1.4960433 1.6983962 1.4494545 2.4117096 1.5803627 1.5207511 0.2788135 0.3013362 0.2812034 0.0000000 0.2964766 0.3255247 0.2983747 2.0907870 2.2277536 
Saccharomyces_mikatae              1.5317128 1.7513709 1.4309048 2.2766882 1.5871455 1.4762575 0.3193717 0.2311943 0.3318368 0.2964766 0.0000000 0.2220944 0.3418228 2.1028234 1.9923027 
Saccharomyces_paradoxus            1.4282458 1.7595542 1.3686721 2.4471666 1.4937141 1.5291866 0.3385949 0.1378615 0.3351936 0.3255247 0.2220944 0.0000000 0.3260886 2.1777431 2.1060482 
Saccharomyces_uvarum               1.4806281 1.6295188 1.2815373 2.4197189 1.3326129 1.3646464 0.2658071 0.3300837 0.0787336 0.2983747 0.3418228 0.3260886 0.0000000 2.0514896 2.1834606 
Tetrapisispora_blattae             2.3597896 2.5143214 2.2527031 3.6492765 2.4103647 2.5172772 1.9800260 1.9756882 2.0562073 2.0907870 2.1028234 2.1777431 2.0514896 0.0000000 1.3461971 
yHMPu5000035629_Yueomyces_sinensis 2.3515503 2.3638059 2.3165013 3.1654926 2.2069837 2.0333067 2.2132205 2.1353939 2.2347671 2.2277536 1.9923027 2.1060482 2.1834606 1.3461971 0.0000000 
