15
Candida_glabrata                   0.0000000 1.6077579 0.8068613 2.0915772 0.7540235 0.7593685 1.6744413 1.8270373 1.6539862 1.6925533 1.7393650 1.7394559 1.6624673 1.9274257 2.2655840 
Nakaseomyces_bacillisporus         1.6077579 0.0000000 1.4381508 1.6284561 1.5177254 1.5093918 1.4049480 1.4360650 1.4102465 1.4052490 1.3844368 1.4464974 1.4275721 1.8318872 2.3344274 
Nakaseomyces_bracarensis           0.8068613 1.4381508 0.0000000 2.0540817 0.4562508 0.3506117 1.5030369 1.5052478 1.4112742 1.4555401 1.5243291 1.5040174 1.4226734 2.0304677 2.0883410 
Nakaseomyces_castellii             2.0915772 1.6284561 2.0540817 0.0000000 1.8424016 1.8021998 2.0464192 2.0564450 2.0420437 2.0749143 1.9264559 2.0568840 1.9955544 2.1225505 2.7417067 
Nakaseomyces_delphensis            0.7540235 1.5177254 0.4562508 1.8424016 0.0000000 0.2840318 1.7357388 1.6903846 1.6460718 1.7201186 1.8261142 1.7470546 1.6453680 2.0760338 2.2529948 
Nakaseomyces_nivariensis           0.7593685 1.5093918 0.3506117 1.8021998 0.2840318 0.0000000 1.5950256 1.4690255 1.4637861 1.4775316 1.5640891 1.5098143 1.4513351 1.8487471 1.8593014 
Saccharomyces_arboricola           1.6744413 1.4049480 1.5030369 2.0464192 1.7357388 1.5950256 0.0000000 0.2651660 0.2263950 0.2141661 0.2357201 0.2327062 0.2286371 1.6802026 2.0086453 
Saccharomyces_cerevisiae           1.8270373 1.4360650 1.5052478 2.0564450 1.6903846 1.4690255 0.2651660 0.0000000 0.2711888 0.2150129 0.1760731 0.0774144 0.2596784 1.6602731 1.8701868 
Saccharomyces_eubayanus            1.6539862 1.4102465 1.4112742 2.0420437 1.6460718 1.4637861 0.2263950 0.2711888 0.0000000 0.2545722 0.2564452 0.2653946 0.0828445 1.6285617 2.0304783 
Saccharomyces_kudriavzevii         1.6925533 1.4052490 1.4555401 2.0749143 1.7201186 1.4775316 0.2141661 0.2150129 0.2545722 0.0000000 0.2276869 0.1961806 0.2390474 1.6564852 1.9405797 
Saccharomyces_mikatae              1.7393650 1.3844368 1.5243291 1.9264559 1.8261142 1.5640891 0.2357201 0.1760731 0.2564452 0.2276869 0.0000000 0.1624415 0.2517962 1.6788832 1.8465091 
Saccharomyces_paradoxus            1.7394559 1.4464974 1.5040174 2.0568840 1.7470546 1.5098143 0.2327062 0.0774144 0.2653946 0.1961806 0.1624415 0.0000000 0.2614760 1.7141386 1.8770279 
Saccharomyces_uvarum               1.6624673 1.4275721 1.4226734 1.9955544 1.6453680 1.4513351 0.2286371 0.2596784 0.0828445 0.2390474 0.2517962 0.2614760 0.0000000 1.6989210 2.1597973 
Tetrapisispora_blattae             1.9274257 1.8318872 2.0304677 2.1225505 2.0760338 1.8487471 1.6802026 1.6602731 1.6285617 1.6564852 1.6788832 1.7141386 1.6989210 0.0000000 1.0471271 
yHMPu5000035629_Yueomyces_sinensis 2.2655840 2.3344274 2.0883410 2.7417067 2.2529948 1.8593014 2.0086453 1.8701868 2.0304783 1.9405797 1.8465091 1.8770279 2.1597973 1.0471271 0.0000000 
