15
Candida_glabrata                   0.0000000 1.4401403 0.8374079 1.4891533 0.9360245 0.8190306 1.7752418 1.7282151 1.7551507 1.6593205 1.7338728 1.7088630 1.7104693 1.1426766 1.4551434 
Nakaseomyces_bacillisporus         1.4401403 0.0000000 1.3382694 1.1593553 1.4600946 1.4234107 1.6718484 1.6488948 1.6520584 1.6390808 1.6324685 1.6461158 1.6718740 1.2188470 1.4985050 
Nakaseomyces_bracarensis           0.8374079 1.3382694 0.0000000 1.4829652 0.5134651 0.4219397 1.7902349 1.7331409 1.7294685 1.6907389 1.7342598 1.7090367 1.7171459 1.1729576 1.4576407 
Nakaseomyces_castellii             1.4891533 1.1593553 1.4829652 0.0000000 1.4673766 1.3907456 1.7554523 1.7738640 1.7574523 1.7650070 1.8240010 1.7714388 1.7586677 1.4057013 1.6457075 
Nakaseomyces_delphensis            0.9360245 1.4600946 0.5134651 1.4673766 0.0000000 0.4770299 1.8749586 1.9041946 1.8425500 1.8137103 1.9265989 1.8936253 1.8679762 1.2020669 1.4156224 
Nakaseomyces_nivariensis           0.8190306 1.4234107 0.4219397 1.3907456 0.4770299 0.0000000 1.7842996 1.7919154 1.7501556 1.7058120 1.8552827 1.7551371 1.7556526 1.1954517 1.4223448 
Saccharomyces_arboricola           1.7752418 1.6718484 1.7902349 1.7554523 1.8749586 1.7842996 0.0000000 0.2196736 0.2526806 0.1825414 0.2327309 0.2175499 0.2295206 1.5956219 1.7905417 
Saccharomyces_cerevisiae           1.7282151 1.6488948 1.7331409 1.7738640 1.9041946 1.7919154 0.2196736 0.0000000 0.2588363 0.2071226 0.1891583 0.0926908 0.2759558 1.5690400 1.7849733 
Saccharomyces_eubayanus            1.7551507 1.6520584 1.7294685 1.7574523 1.8425500 1.7501556 0.2526806 0.2588363 0.0000000 0.2425828 0.2555642 0.2378455 0.0681364 1.6040802 1.8006170 
Saccharomyces_kudriavzevii         1.6593205 1.6390808 1.6907389 1.7650070 1.8137103 1.7058120 0.1825414 0.2071226 0.2425828 0.0000000 0.2143959 0.1901410 0.2453764 1.5685254 1.8213866 
Saccharomyces_mikatae              1.7338728 1.6324685 1.7342598 1.8240010 1.9265989 1.8552827 0.2327309 0.1891583 0.2555642 0.2143959 0.0000000 0.1742159 0.2489752 1.5730061 1.7879841 
Saccharomyces_paradoxus            1.7088630 1.6461158 1.7090367 1.7714388 1.8936253 1.7551371 0.2175499 0.0926908 0.2378455 0.1901410 0.1742159 0.0000000 0.2514272 1.5732819 1.7872573 
Saccharomyces_uvarum               1.7104693 1.6718740 1.7171459 1.7586677 1.8679762 1.7556526 0.2295206 0.2759558 0.0681364 0.2453764 0.2489752 0.2514272 0.0000000 1.6123323 1.7818755 
Tetrapisispora_blattae             1.1426766 1.2188470 1.1729576 1.4057013 1.2020669 1.1954517 1.5956219 1.5690400 1.6040802 1.5685254 1.5730061 1.5732819 1.6123323 0.0000000 1.1186723 
yHMPu5000035629_Yueomyces_sinensis 1.4551434 1.4985050 1.4576407 1.6457075 1.4156224 1.4223448 1.7905417 1.7849733 1.8006170 1.8213866 1.7879841 1.7872573 1.7818755 1.1186723 0.0000000 
