15
Candida_glabrata                   0.0000000 3.1271328 1.7554196 3.3545846 1.6783978 1.6897513 2.9340779 2.7555661 2.8059655 2.6918242 2.8686555 2.8383037 2.7393254 2.3133150 2.5096616 
Nakaseomyces_bacillisporus         3.1271328 0.0000000 2.7181148 2.6975702 2.8663748 2.7723899 3.1562297 3.1883344 3.0659497 3.1449004 3.1670568 3.0696802 3.1347367 2.5992943 2.8207887 
Nakaseomyces_bracarensis           1.7554196 2.7181148 0.0000000 3.1406262 0.8186872 0.7928639 2.9761310 2.9683519 2.8970418 2.8314731 2.9453132 3.0084242 2.9974058 2.2000631 2.5400920 
Nakaseomyces_castellii             3.3545846 2.6975702 3.1406262 0.0000000 3.0717800 2.9647021 3.5329541 3.5547963 3.3864689 3.3822925 3.5532702 3.4047348 3.4237955 3.2476741 3.3940207 
Nakaseomyces_delphensis            1.6783978 2.8663748 0.8186872 3.0717800 0.0000000 0.7028021 2.8324562 2.7421352 2.6775005 2.6934588 2.6475131 2.7847348 2.7369241 2.2722125 2.3303902 
Nakaseomyces_nivariensis           1.6897513 2.7723899 0.7928639 2.9647021 0.7028021 0.0000000 2.7968413 2.7975827 2.6748543 2.7803028 2.8201621 2.8022970 2.7463639 2.2503725 2.2991692 
Saccharomyces_arboricola           2.9340779 3.1562297 2.9761310 3.5329541 2.8324562 2.7968413 0.0000000 0.3957341 0.3870570 0.3454295 0.3946389 0.3624776 0.3904162 2.4375376 2.8508858 
Saccharomyces_cerevisiae           2.7555661 3.1883344 2.9683519 3.5547963 2.7421352 2.7975827 0.3957341 0.0000000 0.4539066 0.3698113 0.3290914 0.2054900 0.4665387 2.4486001 2.8449330 
Saccharomyces_eubayanus            2.8059655 3.0659497 2.8970418 3.3864689 2.6775005 2.6748543 0.3870570 0.4539066 0.0000000 0.3872731 0.4521593 0.4172339 0.1462582 2.4767812 2.8474948 
Saccharomyces_kudriavzevii         2.6918242 3.1449004 2.8314731 3.3822925 2.6934588 2.7803028 0.3454295 0.3698113 0.3872731 0.0000000 0.3522698 0.3336810 0.3936542 2.4855083 3.0030284 
Saccharomyces_mikatae              2.8686555 3.1670568 2.9453132 3.5532702 2.6475131 2.8201621 0.3946389 0.3290914 0.4521593 0.3522698 0.0000000 0.2832572 0.4595602 2.4239020 2.8750264 
Saccharomyces_paradoxus            2.8383037 3.0696802 3.0084242 3.4047348 2.7847348 2.8022970 0.3624776 0.2054900 0.4172339 0.3336810 0.2832572 0.0000000 0.4098905 2.4136098 2.8467806 
Saccharomyces_uvarum               2.7393254 3.1347367 2.9974058 3.4237955 2.7369241 2.7463639 0.3904162 0.4665387 0.1462582 0.3936542 0.4595602 0.4098905 0.0000000 2.5969133 2.9782991 
Tetrapisispora_blattae             2.3133150 2.5992943 2.2000631 3.2476741 2.2722125 2.2503725 2.4375376 2.4486001 2.4767812 2.4855083 2.4239020 2.4136098 2.5969133 0.0000000 1.6101488 
yHMPu5000035629_Yueomyces_sinensis 2.5096616 2.8207887 2.5400920 3.3940207 2.3303902 2.2991692 2.8508858 2.8449330 2.8474948 3.0030284 2.8750264 2.8467806 2.9782991 1.6101488 0.0000000 
