15
Candida_glabrata                   0.0000000 1.1843505 0.7343279 1.2293305 0.7807013 0.7009292 1.1282591 1.0597046 1.1014884 1.1046666 1.0595474 1.1045881 1.1192774 1.0507884 1.3753730 
Nakaseomyces_bacillisporus         1.1843505 0.0000000 0.9171463 0.9392746 1.0371563 0.9954317 1.0199336 0.9819900 1.0238808 0.9966325 0.9393134 0.9595936 1.0170884 0.9644154 1.2106650 
Nakaseomyces_bracarensis           0.7343279 0.9171463 0.0000000 1.1690852 0.5041258 0.3454417 0.9520469 0.9236321 0.9547455 0.9669009 0.9547389 0.9529852 0.9676042 1.0143790 1.2238922 
Nakaseomyces_castellii             1.2293305 0.9392746 1.1690852 0.0000000 1.1686544 1.0960188 1.0851879 1.0301846 1.0851707 1.0770074 1.0426274 1.0356583 1.1196503 1.0286724 1.5134917 
Nakaseomyces_delphensis            0.7807013 1.0371563 0.5041258 1.1686544 0.0000000 0.3744339 1.0386775 0.9736808 0.9917954 0.9773519 0.9815808 0.9894937 0.9973342 1.0763139 1.3277544 
Nakaseomyces_nivariensis           0.7009292 0.9954317 0.3454417 1.0960188 0.3744339 0.0000000 0.9641945 0.8910815 0.9452291 1.0118633 0.9564957 0.9675065 0.9624550 1.0011823 1.2533860 
Saccharomyces_arboricola           1.1282591 1.0199336 0.9520469 1.0851879 1.0386775 0.9641945 0.0000000 0.2577413 0.2235572 0.2074425 0.2680651 0.2507861 0.2216760 0.9310251 1.3284498 
Saccharomyces_cerevisiae           1.0597046 0.9819900 0.9236321 1.0301846 0.9736808 0.8910815 0.2577413 0.0000000 0.2712356 0.2346528 0.1896599 0.1312088 0.2835087 0.9605915 1.2706156 
Saccharomyces_eubayanus            1.1014884 1.0238808 0.9547455 1.0851707 0.9917954 0.9452291 0.2235572 0.2712356 0.0000000 0.2402108 0.2906012 0.2886106 0.0758244 0.9580546 1.3302827 
Saccharomyces_kudriavzevii         1.1046666 0.9966325 0.9669009 1.0770074 0.9773519 1.0118633 0.2074425 0.2346528 0.2402108 0.0000000 0.2341892 0.2361037 0.2400454 0.9130491 1.3355367 
Saccharomyces_mikatae              1.0595474 0.9393134 0.9547389 1.0426274 0.9815808 0.9564957 0.2680651 0.1896599 0.2906012 0.2341892 0.0000000 0.1886032 0.3056005 0.9483665 1.2322048 
Saccharomyces_paradoxus            1.1045881 0.9595936 0.9529852 1.0356583 0.9894937 0.9675065 0.2507861 0.1312088 0.2886106 0.2361037 0.1886032 0.0000000 0.3020269 0.9695717 1.2556893 
Saccharomyces_uvarum               1.1192774 1.0170884 0.9676042 1.1196503 0.9973342 0.9624550 0.2216760 0.2835087 0.0758244 0.2400454 0.3056005 0.3020269 0.0000000 0.9270633 1.3509997 
Tetrapisispora_blattae             1.0507884 0.9644154 1.0143790 1.0286724 1.0763139 1.0011823 0.9310251 0.9605915 0.9580546 0.9130491 0.9483665 0.9695717 0.9270633 0.0000000 0.8596073 
yHMPu5000035629_Yueomyces_sinensis 1.3753730 1.2106650 1.2238922 1.5134917 1.3277544 1.2533860 1.3284498 1.2706156 1.3302827 1.3355367 1.2322048 1.2556893 1.3509997 0.8596073 0.0000000 
