15
Candida_glabrata                   0.0000000 1.2617190 0.6991357 1.5296633 0.7731670 0.7044882 1.2309729 1.2331722 1.2153050 1.2558258 1.2020582 1.3223538 1.1913409 1.6153206 1.9318402 
Nakaseomyces_bacillisporus         1.2617190 0.0000000 1.3044225 1.2055841 1.3215982 1.3064127 1.3972305 1.3355012 1.2700866 1.3096215 1.2805719 1.3904732 1.2817699 1.6353565 1.8673563 
Nakaseomyces_bracarensis           0.6991357 1.3044225 0.0000000 1.6537771 0.5065648 0.4115096 1.3081604 1.2004803 1.2673048 1.2531765 1.3044034 1.1994429 1.2569025 1.6327148 1.7723858 
Nakaseomyces_castellii             1.5296633 1.2055841 1.6537771 0.0000000 1.7477206 1.6084500 1.5773807 1.3875482 1.3684018 1.4698444 1.4576402 1.4612373 1.4331033 1.8672785 2.1638834 
Nakaseomyces_delphensis            0.7731670 1.3215982 0.5065648 1.7477206 0.0000000 0.3962363 1.3244942 1.2232563 1.3137398 1.3322430 1.3173751 1.3047999 1.2798234 1.4484782 1.7765150 
Nakaseomyces_nivariensis           0.7044882 1.3064127 0.4115096 1.6084500 0.3962363 0.0000000 1.2959125 1.2126985 1.2495422 1.2749995 1.3191720 1.2477903 1.2448171 1.5530640 1.6887145 
Saccharomyces_arboricola           1.2309729 1.3972305 1.3081604 1.5773807 1.3244942 1.2959125 0.0000000 0.4580546 0.3422535 0.3374084 0.4210414 0.4131430 0.3088907 1.6787338 2.0436462 
Saccharomyces_cerevisiae           1.2331722 1.3355012 1.2004803 1.3875482 1.2232563 1.2126985 0.4580546 0.0000000 0.3524210 0.3349179 0.2730946 0.1424255 0.3727133 1.6155294 1.9250884 
Saccharomyces_eubayanus            1.2153050 1.2700866 1.2673048 1.3684018 1.3137398 1.2495422 0.3422535 0.3524210 0.0000000 0.3157271 0.3747913 0.3276582 0.0808451 1.7040880 1.8492161 
Saccharomyces_kudriavzevii         1.2558258 1.3096215 1.2531765 1.4698444 1.3322430 1.2749995 0.3374084 0.3349179 0.3157271 0.0000000 0.2953256 0.2901853 0.3232663 1.6432249 2.0544179 
Saccharomyces_mikatae              1.2020582 1.2805719 1.3044034 1.4576402 1.3173751 1.3191720 0.4210414 0.2730946 0.3747913 0.2953256 0.0000000 0.2613382 0.3720598 1.7159191 1.9809362 
Saccharomyces_paradoxus            1.3223538 1.3904732 1.1994429 1.4612373 1.3047999 1.2477903 0.4131430 0.1424255 0.3276582 0.2901853 0.2613382 0.0000000 0.3367526 1.6848050 1.9801724 
Saccharomyces_uvarum               1.1913409 1.2817699 1.2569025 1.4331033 1.2798234 1.2448171 0.3088907 0.3727133 0.0808451 0.3232663 0.3720598 0.3367526 0.0000000 1.6881780 1.8796551 
Tetrapisispora_blattae             1.6153206 1.6353565 1.6327148 1.8672785 1.4484782 1.5530640 1.6787338 1.6155294 1.7040880 1.6432249 1.7159191 1.6848050 1.6881780 0.0000000 1.3552627 
yHMPu5000035629_Yueomyces_sinensis 1.9318402 1.8673563 1.7723858 2.1638834 1.7765150 1.6887145 2.0436462 1.9250884 1.8492161 2.0544179 1.9809362 1.9801724 1.8796551 1.3552627 0.0000000 
