15
Candida_glabrata                   0.0000000 2.2026896 1.1957362 2.6609139 1.1697682 1.0720876 2.4377392 2.3788224 2.3551672 2.4754242 2.3996861 2.3657919 2.3922608 6.7131119 5.5842728 
Nakaseomyces_bacillisporus         2.2026896 0.0000000 1.9549469 1.9734517 2.3589190 2.3649600 2.1901843 2.0100354 2.0315238 2.0169347 2.1279476 2.0428814 1.9896684 6.9927852 4.5630408 
Nakaseomyces_bracarensis           1.1957362 1.9549469 0.0000000 2.5484709 0.7449061 0.6723396 2.4048625 2.4022160 2.3007034 2.3929716 2.2939978 2.5538005 2.3240945 7.1718006 5.3404886 
Nakaseomyces_castellii             2.6609139 1.9734517 2.5484709 0.0000000 2.7973611 2.7288203 2.5127255 2.4898548 2.3487714 2.5405670 2.6923521 2.5579733 2.4899501 6.5014957 5.9872936 
Nakaseomyces_delphensis            1.1697682 2.3589190 0.7449061 2.7973611 0.0000000 0.4453912 2.6714506 2.6431688 2.5454694 2.6038659 2.5040854 2.8213523 2.5383634 7.0423525 5.5467692 
Nakaseomyces_nivariensis           1.0720876 2.3649600 0.6723396 2.7288203 0.4453912 0.0000000 2.5894329 2.5958636 2.5515537 2.6265355 2.4695740 2.7086624 2.5400440 6.8155792 5.6791341 
Saccharomyces_arboricola           2.4377392 2.1901843 2.4048625 2.5127255 2.6714506 2.5894329 0.0000000 0.3346168 0.2820924 0.2391342 0.3449522 0.3080599 0.2727544 5.5984821 5.3820450 
Saccharomyces_cerevisiae           2.3788224 2.0100354 2.4022160 2.4898548 2.6431688 2.5958636 0.3346168 0.0000000 0.3264443 0.2947772 0.2427619 0.1695146 0.3184340 5.8495772 5.1692559 
Saccharomyces_eubayanus            2.3551672 2.0315238 2.3007034 2.3487714 2.5454694 2.5515537 0.2820924 0.3264443 0.0000000 0.2345036 0.3121871 0.3138222 0.0728920 5.5351574 5.3373502 
Saccharomyces_kudriavzevii         2.4754242 2.0169347 2.3929716 2.5405670 2.6038659 2.6265355 0.2391342 0.2947772 0.2345036 0.0000000 0.2786565 0.2787844 0.2379052 5.7478542 5.6141131 
Saccharomyces_mikatae              2.3996861 2.1279476 2.2939978 2.6923521 2.5040854 2.4695740 0.3449522 0.2427619 0.3121871 0.2786565 0.0000000 0.2232151 0.3245117 5.8646938 5.2073043 
Saccharomyces_paradoxus            2.3657919 2.0428814 2.5538005 2.5579733 2.8213523 2.7086624 0.3080599 0.1695146 0.3138222 0.2787844 0.2232151 0.0000000 0.3128523 5.5160390 5.5037353 
Saccharomyces_uvarum               2.3922608 1.9896684 2.3240945 2.4899501 2.5383634 2.5400440 0.2727544 0.3184340 0.0728920 0.2379052 0.3245117 0.3128523 0.0000000 5.6789239 5.3666925 
Tetrapisispora_blattae             6.7131119 6.9927852 7.1718006 6.5014957 7.0423525 6.8155792 5.5984821 5.8495772 5.5351574 5.7478542 5.8646938 5.5160390 5.6789239 0.0000000 6.1909425 
yHMPu5000035629_Yueomyces_sinensis 5.5842728 4.5630408 5.3404886 5.9872936 5.5467692 5.6791341 5.3820450 5.1692559 5.3373502 5.6141131 5.2073043 5.5037353 5.3666925 6.1909425 0.0000000 
