15
Candida_glabrata                   0.0000000 2.6633052 1.3827492 3.1723193 1.3767349 1.2552644 2.2079388 2.2140881 2.2696939 2.3027866 2.3611443 2.2585997 2.2277623 3.3804443 3.2077226 
Nakaseomyces_bacillisporus         2.6633052 0.0000000 2.4340640 2.7229503 2.4098193 2.4209090 1.9316864 1.9090508 1.9083843 2.0135920 1.9799229 1.8931309 1.9085998 2.8361198 3.1791837 
Nakaseomyces_bracarensis           1.3827492 2.4340640 0.0000000 3.0818905 0.7868596 0.6790268 1.9618460 2.0085831 1.8864337 2.0665616 1.9920671 1.9832379 1.8672704 3.0149160 2.9903298 
Nakaseomyces_castellii             3.1723193 2.7229503 3.0818905 0.0000000 3.0254173 3.0262097 2.9160443 3.0705427 3.0058855 2.9377697 2.9723996 3.0634331 2.9611324 3.7149214 4.0345539 
Nakaseomyces_delphensis            1.3767349 2.4098193 0.7868596 3.0254173 0.0000000 0.5419916 2.0731775 2.0508069 2.0541756 2.1667033 2.1887937 2.1015971 2.0490479 3.1136630 2.9685045 
Nakaseomyces_nivariensis           1.2552644 2.4209090 0.6790268 3.0262097 0.5419916 0.0000000 2.0120327 2.0761668 2.0674553 2.1191670 2.0625510 2.0068066 2.0027041 3.0248079 3.1313870 
Saccharomyces_arboricola           2.2079388 1.9316864 1.9618460 2.9160443 2.0731775 2.0120327 0.0000000 0.3231891 0.2899196 0.2499461 0.3324231 0.2883549 0.2550094 2.3773069 2.5318598 
Saccharomyces_cerevisiae           2.2140881 1.9090508 2.0085831 3.0705427 2.0508069 2.0761668 0.3231891 0.0000000 0.3992962 0.3376374 0.2786030 0.1411635 0.3769107 2.5230824 2.6168673 
Saccharomyces_eubayanus            2.2696939 1.9083843 1.8864337 3.0058855 2.0541756 2.0674553 0.2899196 0.3992962 0.0000000 0.3516210 0.4059563 0.3632406 0.0853340 2.3506758 2.6546802 
Saccharomyces_kudriavzevii         2.3027866 2.0135920 2.0665616 2.9377697 2.1667033 2.1191670 0.2499461 0.3376374 0.3516210 0.0000000 0.3436037 0.3046427 0.3013919 2.5457218 2.6996119 
Saccharomyces_mikatae              2.3611443 1.9799229 1.9920671 2.9723996 2.1887937 2.0625510 0.3324231 0.2786030 0.4059563 0.3436037 0.0000000 0.2386183 0.3821115 2.4393691 2.6571482 
Saccharomyces_paradoxus            2.2585997 1.8931309 1.9832379 3.0634331 2.1015971 2.0068066 0.2883549 0.1411635 0.3632406 0.3046427 0.2386183 0.0000000 0.3404182 2.5168879 2.6501665 
Saccharomyces_uvarum               2.2277623 1.9085998 1.8672704 2.9611324 2.0490479 2.0027041 0.2550094 0.3769107 0.0853340 0.3013919 0.3821115 0.3404182 0.0000000 2.3670711 2.6907661 
Tetrapisispora_blattae             3.3804443 2.8361198 3.0149160 3.7149214 3.1136630 3.0248079 2.3773069 2.5230824 2.3506758 2.5457218 2.4393691 2.5168879 2.3670711 0.0000000 2.1458106 
yHMPu5000035629_Yueomyces_sinensis 3.2077226 3.1791837 2.9903298 4.0345539 2.9685045 3.1313870 2.5318598 2.6168673 2.6546802 2.6996119 2.6571482 2.6501665 2.6907661 2.1458106 0.0000000 
