15
Candida_glabrata                   0.0000000 1.8736478 1.0707129 1.7243754 0.9504060 0.9546155 1.5976156 1.7382706 1.5853524 1.7677597 1.8954520 1.7728315 1.6306804 1.9328041 2.1676091 
Nakaseomyces_bacillisporus         1.8736478 0.0000000 1.8680233 1.7921824 2.0344884 2.0465591 1.8509751 1.9267484 1.9327498 2.0383638 2.0350193 2.0246972 1.9165446 2.4451809 2.1900439 
Nakaseomyces_bracarensis           1.0707129 1.8680233 0.0000000 1.8481279 0.5416214 0.5251237 1.8715523 1.7890799 1.8544368 1.8841083 1.9576586 1.8931006 1.8897750 2.3096918 1.9684717 
Nakaseomyces_castellii             1.7243754 1.7921824 1.8481279 0.0000000 1.9174833 2.0539712 2.1524683 2.1371082 1.9332742 2.1915339 2.1411333 2.1748197 1.9843461 2.2491905 2.1292011 
Nakaseomyces_delphensis            0.9504060 2.0344884 0.5416214 1.9174833 0.0000000 0.3674363 1.7737334 1.7883308 1.7333958 1.8481152 1.9110160 1.8861983 1.7205834 2.1403071 1.9339658 
Nakaseomyces_nivariensis           0.9546155 2.0465591 0.5251237 2.0539712 0.3674363 0.0000000 1.7920950 1.8008834 1.7041371 1.8093446 1.9151299 1.9034457 1.7263670 2.0417894 1.9782740 
Saccharomyces_arboricola           1.5976156 1.8509751 1.8715523 2.1524683 1.7737334 1.7920950 0.0000000 0.2205662 0.2315164 0.2003414 0.2826585 0.2132494 0.2257134 2.0206193 2.0508311 
Saccharomyces_cerevisiae           1.7382706 1.9267484 1.7890799 2.1371082 1.7883308 1.8008834 0.2205662 0.0000000 0.2441641 0.2466252 0.2264741 0.0942644 0.2392347 2.0225294 2.0089260 
Saccharomyces_eubayanus            1.5853524 1.9327498 1.8544368 1.9332742 1.7333958 1.7041371 0.2315164 0.2441641 0.0000000 0.2476070 0.3164785 0.2358766 0.0548565 1.9404980 2.1211314 
Saccharomyces_kudriavzevii         1.7677597 2.0383638 1.8841083 2.1915339 1.8481152 1.8093446 0.2003414 0.2466252 0.2476070 0.0000000 0.2871562 0.2420850 0.2515415 2.0804705 1.9737998 
Saccharomyces_mikatae              1.8954520 2.0350193 1.9576586 2.1411333 1.9110160 1.9151299 0.2826585 0.2264741 0.3164785 0.2871562 0.0000000 0.2013923 0.3487506 2.1702594 1.9553898 
Saccharomyces_paradoxus            1.7728315 2.0246972 1.8931006 2.1748197 1.8861983 1.9034457 0.2132494 0.0942644 0.2358766 0.2420850 0.2013923 0.0000000 0.2323118 2.0994631 2.0525215 
Saccharomyces_uvarum               1.6306804 1.9165446 1.8897750 1.9843461 1.7205834 1.7263670 0.2257134 0.2392347 0.0548565 0.2515415 0.3487506 0.2323118 0.0000000 1.9715232 2.1220003 
Tetrapisispora_blattae             1.9328041 2.4451809 2.3096918 2.2491905 2.1403071 2.0417894 2.0206193 2.0225294 1.9404980 2.0804705 2.1702594 2.0994631 1.9715232 0.0000000 1.7322533 
yHMPu5000035629_Yueomyces_sinensis 2.1676091 2.1900439 1.9684717 2.1292011 1.9339658 1.9782740 2.0508311 2.0089260 2.1211314 1.9737998 1.9553898 2.0525215 2.1220003 1.7322533 0.0000000 
