15
Candida_glabrata                   0.0000000 2.0576120 1.2164785 2.5307533 1.3372294 1.2673237 2.0115114 2.0242522 1.9710160 1.9080036 1.9626781 2.0039034 1.9587023 2.0168355 2.2688891 
Nakaseomyces_bacillisporus         2.0576120 0.0000000 2.0840008 2.6203356 2.1687868 2.0719433 2.1249049 2.0613947 2.1944549 2.0522283 2.0048130 2.1587293 2.1419424 2.0497501 2.0824905 
Nakaseomyces_bracarensis           1.2164785 2.0840008 0.0000000 2.6436874 0.7322096 0.6262504 1.9428679 1.9738422 2.0514081 1.8588940 1.9096192 1.9446508 1.9642995 2.1010942 2.4107694 
Nakaseomyces_castellii             2.5307533 2.6203356 2.6436874 0.0000000 2.6387149 2.4515357 2.5714053 2.7291693 2.8096185 2.7148684 2.6531478 2.6481106 2.7233227 2.9653810 2.8927637 
Nakaseomyces_delphensis            1.3372294 2.1687868 0.7322096 2.6387149 0.0000000 0.4530670 2.0350252 2.0202282 1.9717520 1.9594998 1.9564515 1.9487798 1.9485777 2.0984770 2.2056801 
Nakaseomyces_nivariensis           1.2673237 2.0719433 0.6262504 2.4515357 0.4530670 0.0000000 1.9349044 1.9753624 1.9824299 1.8639689 1.8710238 1.9205915 1.9379486 1.9855293 2.2280415 
Saccharomyces_arboricola           2.0115114 2.1249049 1.9428679 2.5714053 2.0350252 1.9349044 0.0000000 0.3426669 0.3180404 0.2834109 0.3564627 0.3097790 0.2970190 1.8337185 1.9214469 
Saccharomyces_cerevisiae           2.0242522 2.0613947 1.9738422 2.7291693 2.0202282 1.9753624 0.3426669 0.0000000 0.3754275 0.3262570 0.2775704 0.1529846 0.3563134 1.8808246 2.0248072 
Saccharomyces_eubayanus            1.9710160 2.1944549 2.0514081 2.8096185 1.9717520 1.9824299 0.3180404 0.3754275 0.0000000 0.3275467 0.4006953 0.3501739 0.0932642 1.8086940 2.0080034 
Saccharomyces_kudriavzevii         1.9080036 2.0522283 1.8588940 2.7148684 1.9594998 1.8639689 0.2834109 0.3262570 0.3275467 0.0000000 0.3433661 0.2930381 0.2966745 1.7451259 1.9301028 
Saccharomyces_mikatae              1.9626781 2.0048130 1.9096192 2.6531478 1.9564515 1.8710238 0.3564627 0.2775704 0.4006953 0.3433661 0.0000000 0.2475079 0.3787613 1.7677081 1.9131383 
Saccharomyces_paradoxus            2.0039034 2.1587293 1.9446508 2.6481106 1.9487798 1.9205915 0.3097790 0.1529846 0.3501739 0.2930381 0.2475079 0.0000000 0.3436520 1.8579954 1.9406561 
Saccharomyces_uvarum               1.9587023 2.1419424 1.9642995 2.7233227 1.9485777 1.9379486 0.2970190 0.3563134 0.0932642 0.2966745 0.3787613 0.3436520 0.0000000 1.7789122 1.9882357 
Tetrapisispora_blattae             2.0168355 2.0497501 2.1010942 2.9653810 2.0984770 1.9855293 1.8337185 1.8808246 1.8086940 1.7451259 1.7677081 1.8579954 1.7789122 0.0000000 1.0656543 
yHMPu5000035629_Yueomyces_sinensis 2.2688891 2.0824905 2.4107694 2.8927637 2.2056801 2.2280415 1.9214469 2.0248072 2.0080034 1.9301028 1.9131383 1.9406561 1.9882357 1.0656543 0.0000000 
