15
Candida_glabrata                   0.0000000 1.2032398 0.5436429 1.1793880 0.4944061 0.5349218 0.9864086 1.0059849 0.8744740 1.0146333 0.9772433 0.9959118 0.8764322 1.4024636 1.8798056 
Nakaseomyces_bacillisporus         1.2032398 0.0000000 1.1405729 0.9866462 1.1147328 1.0976636 1.1589804 1.1500066 1.0979625 1.1554858 1.1790013 1.1842244 1.1314536 1.6466340 1.7371616 
Nakaseomyces_bracarensis           0.5436429 1.1405729 0.0000000 1.1087544 0.4324127 0.3633202 0.9874627 0.9299311 0.8837018 0.9674260 0.9587504 0.9358612 0.8809264 1.2292077 1.7796417 
Nakaseomyces_castellii             1.1793880 0.9866462 1.1087544 0.0000000 1.0323090 1.2734422 1.2072079 1.2356265 1.2212004 1.3028663 1.2351600 1.1929530 1.1941473 1.5778993 1.9810316 
Nakaseomyces_delphensis            0.4944061 1.1147328 0.4324127 1.0323090 0.0000000 0.4104472 0.9693903 0.9432037 0.8761412 0.9741812 0.9824303 0.9907152 0.8572151 1.4523922 1.6590025 
Nakaseomyces_nivariensis           0.5349218 1.0976636 0.3633202 1.2734422 0.4104472 0.0000000 1.0067491 1.0230447 0.9754410 1.0519632 1.0431926 0.9801587 0.9259902 1.4118743 1.5644537 
Saccharomyces_arboricola           0.9864086 1.1589804 0.9874627 1.2072079 0.9693903 1.0067491 0.0000000 0.2490192 0.2091961 0.1944637 0.2307483 0.2340302 0.2068994 1.4849821 1.5185187 
Saccharomyces_cerevisiae           1.0059849 1.1500066 0.9299311 1.2356265 0.9432037 1.0230447 0.2490192 0.0000000 0.2797851 0.2322456 0.1834467 0.1111847 0.2877504 1.4090875 1.4432823 
Saccharomyces_eubayanus            0.8744740 1.0979625 0.8837018 1.2212004 0.8761412 0.9754410 0.2091961 0.2797851 0.0000000 0.2251727 0.2627261 0.2473293 0.0629817 1.3970312 1.5571889 
Saccharomyces_kudriavzevii         1.0146333 1.1554858 0.9674260 1.3028663 0.9741812 1.0519632 0.1944637 0.2322456 0.2251727 0.0000000 0.1982057 0.2236108 0.2191960 1.4563413 1.5436243 
Saccharomyces_mikatae              0.9772433 1.1790013 0.9587504 1.2351600 0.9824303 1.0431926 0.2307483 0.1834467 0.2627261 0.1982057 0.0000000 0.1464045 0.2650655 1.4372475 1.4172597 
Saccharomyces_paradoxus            0.9959118 1.1842244 0.9358612 1.1929530 0.9907152 0.9801587 0.2340302 0.1111847 0.2473293 0.2236108 0.1464045 0.0000000 0.2557006 1.4482600 1.4651776 
Saccharomyces_uvarum               0.8764322 1.1314536 0.8809264 1.1941473 0.8572151 0.9259902 0.2068994 0.2877504 0.0629817 0.2191960 0.2650655 0.2557006 0.0000000 1.3625092 1.5506081 
Tetrapisispora_blattae             1.4024636 1.6466340 1.2292077 1.5778993 1.4523922 1.4118743 1.4849821 1.4090875 1.3970312 1.4563413 1.4372475 1.4482600 1.3625092 0.0000000 0.8347489 
yHMPu5000035629_Yueomyces_sinensis 1.8798056 1.7371616 1.7796417 1.9810316 1.6590025 1.5644537 1.5185187 1.4432823 1.5571889 1.5436243 1.4172597 1.4651776 1.5506081 0.8347489 0.0000000 
