15
Candida_glabrata                   0.0000000 1.8741971 1.0703797 2.0813828 0.9846722 0.8289292 1.6213995 1.6875748 1.5931798 1.6515228 1.6670471 1.6862540 1.7996199 2.7341760 2.2858277 
Nakaseomyces_bacillisporus         1.8741971 0.0000000 1.9126578 1.8866116 1.9390614 1.9087184 1.8011921 1.8301013 1.6291162 1.6772994 1.7403476 1.7810056 1.7902620 2.5149877 2.2461698 
Nakaseomyces_bracarensis           1.0703797 1.9126578 0.0000000 2.2214867 0.5768289 0.5939464 1.7795045 1.9010536 1.7990358 1.8149849 1.8946121 1.8268353 1.9920178 2.7003984 2.3443286 
Nakaseomyces_castellii             2.0813828 1.8866116 2.2214867 0.0000000 2.4473069 2.1639276 1.8953706 1.8414978 1.8001513 1.7956028 1.7589333 1.8947819 1.9113939 3.1108752 3.0414775 
Nakaseomyces_delphensis            0.9846722 1.9390614 0.5768289 2.4473069 0.0000000 0.4985015 1.5937649 1.8200520 1.6484725 1.6999622 1.8243359 1.8133475 1.7636716 2.9021845 2.5352411 
Nakaseomyces_nivariensis           0.8289292 1.9087184 0.5939464 2.1639276 0.4985015 0.0000000 1.4829894 1.5546556 1.3510683 1.4906118 1.5123260 1.5465727 1.5712691 2.7189004 2.4683387 
Saccharomyces_arboricola           1.6213995 1.8011921 1.7795045 1.8953706 1.5937649 1.4829894 0.0000000 0.2736062 0.2452832 0.2171285 0.2278027 0.2431396 0.2464972 2.3720918 1.9655679 
Saccharomyces_cerevisiae           1.6875748 1.8301013 1.9010536 1.8414978 1.8200520 1.5546556 0.2736062 0.0000000 0.3357731 0.2894123 0.1910150 0.1129740 0.3134526 2.3495533 1.9941034 
Saccharomyces_eubayanus            1.5931798 1.6291162 1.7990358 1.8001513 1.6484725 1.3510683 0.2452832 0.3357731 0.0000000 0.2584125 0.2832535 0.2946040 0.0591393 2.3520034 2.1505550 
Saccharomyces_kudriavzevii         1.6515228 1.6772994 1.8149849 1.7956028 1.6999622 1.4906118 0.2171285 0.2894123 0.2584125 0.0000000 0.2375018 0.2630551 0.2765846 2.3807931 2.1290998 
Saccharomyces_mikatae              1.6670471 1.7403476 1.8946121 1.7589333 1.8243359 1.5123260 0.2278027 0.1910150 0.2832535 0.2375018 0.0000000 0.1809066 0.2726062 2.3831880 1.8832379 
Saccharomyces_paradoxus            1.6862540 1.7810056 1.8268353 1.8947819 1.8133475 1.5465727 0.2431396 0.1129740 0.2946040 0.2630551 0.1809066 0.0000000 0.2831652 2.3133773 2.0697194 
Saccharomyces_uvarum               1.7996199 1.7902620 1.9920178 1.9113939 1.7636716 1.5712691 0.2464972 0.3134526 0.0591393 0.2765846 0.2726062 0.2831652 0.0000000 2.4106950 2.2337433 
Tetrapisispora_blattae             2.7341760 2.5149877 2.7003984 3.1108752 2.9021845 2.7189004 2.3720918 2.3495533 2.3520034 2.3807931 2.3831880 2.3133773 2.4106950 0.0000000 1.6030478 
yHMPu5000035629_Yueomyces_sinensis 2.2858277 2.2461698 2.3443286 3.0414775 2.5352411 2.4683387 1.9655679 1.9941034 2.1505550 2.1290998 1.8832379 2.0697194 2.2337433 1.6030478 0.0000000 
