15
Candida_glabrata                   0.0000000 1.5234935 0.8202345 1.8343492 0.7401531 0.7647356 1.8289181 1.8117521 1.7110697 1.7819587 1.8516558 1.8241618 1.7886479 1.7319280 1.7610864 
Nakaseomyces_bacillisporus         1.5234935 0.0000000 1.4972829 1.2900874 1.4401980 1.5051431 1.4262638 1.4610978 1.5178114 1.5371187 1.5178409 1.4299029 1.5207668 1.3981101 1.5782869 
Nakaseomyces_bracarensis           0.8202345 1.4972829 0.0000000 1.6164195 0.5022612 0.4224931 1.7255664 1.7078024 1.5918311 1.6793444 1.7632881 1.6926500 1.6314177 1.5503105 1.6343162 
Nakaseomyces_castellii             1.8343492 1.2900874 1.6164195 0.0000000 1.7032769 1.6921886 1.8279444 1.8254736 1.8112397 1.9205801 1.8340863 1.8414233 1.8545411 1.6363287 1.8208964 
Nakaseomyces_delphensis            0.7401531 1.4401980 0.5022612 1.7032769 0.0000000 0.3786726 1.7945076 1.7806636 1.7694858 1.7944671 1.8224511 1.7662701 1.8411995 1.5809536 1.6495636 
Nakaseomyces_nivariensis           0.7647356 1.5051431 0.4224931 1.6921886 0.3786726 0.0000000 1.7834489 1.7198788 1.7007776 1.7067546 1.7766325 1.6703943 1.7493743 1.6128856 1.7257346 
Saccharomyces_arboricola           1.8289181 1.4262638 1.7255664 1.8279444 1.7945076 1.7834489 0.0000000 0.2376410 0.2604552 0.2541893 0.2664299 0.2316831 0.2441925 1.5005440 1.5197273 
Saccharomyces_cerevisiae           1.8117521 1.4610978 1.7078024 1.8254736 1.7806636 1.7198788 0.2376410 0.0000000 0.2855768 0.2528180 0.2141188 0.1172322 0.2621504 1.4631597 1.4529155 
Saccharomyces_eubayanus            1.7110697 1.5178114 1.5918311 1.8112397 1.7694858 1.7007776 0.2604552 0.2855768 0.0000000 0.2954349 0.3032249 0.2812538 0.0736380 1.5047062 1.5034336 
Saccharomyces_kudriavzevii         1.7819587 1.5371187 1.6793444 1.9205801 1.7944671 1.7067546 0.2541893 0.2528180 0.2954349 0.0000000 0.2664582 0.2299652 0.2633111 1.5205700 1.4647271 
Saccharomyces_mikatae              1.8516558 1.5178409 1.7632881 1.8340863 1.8224511 1.7766325 0.2664299 0.2141188 0.3032249 0.2664582 0.0000000 0.1793059 0.2759756 1.5229312 1.4600659 
Saccharomyces_paradoxus            1.8241618 1.4299029 1.6926500 1.8414233 1.7662701 1.6703943 0.2316831 0.1172322 0.2812538 0.2299652 0.1793059 0.0000000 0.2338642 1.4513922 1.4628470 
Saccharomyces_uvarum               1.7886479 1.5207668 1.6314177 1.8545411 1.8411995 1.7493743 0.2441925 0.2621504 0.0736380 0.2633111 0.2759756 0.2338642 0.0000000 1.5281978 1.4507322 
Tetrapisispora_blattae             1.7319280 1.3981101 1.5503105 1.6363287 1.5809536 1.6128856 1.5005440 1.4631597 1.5047062 1.5205700 1.5229312 1.4513922 1.5281978 0.0000000 0.7972953 
yHMPu5000035629_Yueomyces_sinensis 1.7610864 1.5782869 1.6343162 1.8208964 1.6495636 1.7257346 1.5197273 1.4529155 1.5034336 1.4647271 1.4600659 1.4628470 1.4507322 0.7972953 0.0000000 
