15
Candida_glabrata                   0.0000000 3.7713980 0.9605092 5.0124396 0.9062236 0.8717956 3.1911950 3.1488307 3.3547840 3.2247895 3.2329911 3.0428004 3.2372790 4.6579198 4.7962559 
Nakaseomyces_bacillisporus         3.7713980 0.0000000 3.6889690 4.1490514 3.7288086 3.6176627 3.5616167 3.5917942 3.6317055 3.6089035 3.5215930 3.5445688 3.7680920 4.9573394 4.3631817 
Nakaseomyces_bracarensis           0.9605092 3.6889690 0.0000000 4.8228565 0.7785877 0.6288444 3.2394622 3.2927657 3.4521399 3.1733391 3.3048724 3.2010939 3.3432389 4.3687580 4.3143884 
Nakaseomyces_castellii             5.0124396 4.1490514 4.8228565 0.0000000 4.9205333 4.8406713 4.9773260 4.6570099 5.1722032 4.7552347 4.7400790 4.7284681 5.1933568 6.2612222 6.0025819 
Nakaseomyces_delphensis            0.9062236 3.7288086 0.7785877 4.9205333 0.0000000 0.5404069 2.9824336 3.0121397 3.1849288 3.0602769 3.0952874 2.9391948 3.1808946 4.8988755 4.7228407 
Nakaseomyces_nivariensis           0.8717956 3.6176627 0.6288444 4.8406713 0.5404069 0.0000000 3.1970241 3.1996755 3.4344923 3.2572171 3.3397295 3.1174064 3.4248601 4.5943009 4.5088346 
Saccharomyces_arboricola           3.1911950 3.5616167 3.2394622 4.9773260 2.9824336 3.1970241 0.0000000 0.3956773 0.3967661 0.3656327 0.4572000 0.3560102 0.4204729 4.5302704 4.6392601 
Saccharomyces_cerevisiae           3.1488307 3.5917942 3.2927657 4.6570099 3.0121397 3.1996755 0.3956773 0.0000000 0.4458608 0.4008109 0.3747402 0.1521593 0.4626838 4.3290328 4.3852885 
Saccharomyces_eubayanus            3.3547840 3.6317055 3.4521399 5.1722032 3.1849288 3.4344923 0.3967661 0.4458608 0.0000000 0.4522475 0.4924676 0.4183197 0.1305111 4.3951393 4.5981906 
Saccharomyces_kudriavzevii         3.2247895 3.6089035 3.1733391 4.7552347 3.0602769 3.2572171 0.3656327 0.4008109 0.4522475 0.0000000 0.4479959 0.3729023 0.4461640 4.5957389 4.5833412 
Saccharomyces_mikatae              3.2329911 3.5215930 3.3048724 4.7400790 3.0952874 3.3397295 0.4572000 0.3747402 0.4924676 0.4479959 0.0000000 0.3317068 0.4863586 4.5003935 4.5317561 
Saccharomyces_paradoxus            3.0428004 3.5445688 3.2010939 4.7284681 2.9391948 3.1174064 0.3560102 0.1521593 0.4183197 0.3729023 0.3317068 0.0000000 0.4445887 4.4677292 4.4915808 
Saccharomyces_uvarum               3.2372790 3.7680920 3.3432389 5.1933568 3.1808946 3.4248601 0.4204729 0.4626838 0.1305111 0.4461640 0.4863586 0.4445887 0.0000000 4.3475918 4.6876001 
Tetrapisispora_blattae             4.6579198 4.9573394 4.3687580 6.2612222 4.8988755 4.5943009 4.5302704 4.3290328 4.3951393 4.5957389 4.5003935 4.4677292 4.3475918 0.0000000 1.9562241 
yHMPu5000035629_Yueomyces_sinensis 4.7962559 4.3631817 4.3143884 6.0025819 4.7228407 4.5088346 4.6392601 4.3852885 4.5981906 4.5833412 4.5317561 4.4915808 4.6876001 1.9562241 0.0000000 
