15
Candida_glabrata                   0.0000000 1.5811123 1.1577556 1.6405628 1.3067296 1.1415357 1.4289088 1.2930214 1.1917427 1.2827530 1.2763153 1.2558346 1.3012936 2.3545978 2.6253090 
Nakaseomyces_bacillisporus         1.5811123 0.0000000 1.5915195 1.6354015 1.5562426 1.6024778 1.4486240 1.4107004 1.3790128 1.3511440 1.4507995 1.4454067 1.3862302 2.5080504 2.3301528 
Nakaseomyces_bracarensis           1.1577556 1.5915195 0.0000000 1.6546077 0.6863956 0.7132386 1.2595764 1.4091611 1.2437276 1.2449855 1.3504702 1.3380147 1.3149384 2.4852627 2.4693144 
Nakaseomyces_castellii             1.6405628 1.6354015 1.6546077 0.0000000 1.7926885 1.5331556 1.8083370 1.6875035 1.6696336 1.5717854 1.5825833 1.7332323 1.6480881 2.7665654 2.6098645 
Nakaseomyces_delphensis            1.3067296 1.5562426 0.6863956 1.7926885 0.0000000 0.5225597 1.5250729 1.4663161 1.4252416 1.4174804 1.4079527 1.4780026 1.4952218 2.6095389 2.6668353 
Nakaseomyces_nivariensis           1.1415357 1.6024778 0.7132386 1.5331556 0.5225597 0.0000000 1.3887421 1.3368064 1.2331237 1.2747521 1.3026043 1.3358791 1.2679950 2.5214398 2.4919063 
Saccharomyces_arboricola           1.4289088 1.4486240 1.2595764 1.8083370 1.5250729 1.3887421 0.0000000 0.3106121 0.2661809 0.2852133 0.3307532 0.3143191 0.3403104 2.1694941 2.1423435 
Saccharomyces_cerevisiae           1.2930214 1.4107004 1.4091611 1.6875035 1.4663161 1.3368064 0.3106121 0.0000000 0.3398189 0.2609692 0.1980750 0.1238210 0.3712238 2.0954855 1.9916655 
Saccharomyces_eubayanus            1.1917427 1.3790128 1.2437276 1.6696336 1.4252416 1.2331237 0.2661809 0.3398189 0.0000000 0.2509354 0.2849915 0.3082889 0.1065037 2.0874185 2.0700844 
Saccharomyces_kudriavzevii         1.2827530 1.3511440 1.2449855 1.5717854 1.4174804 1.2747521 0.2852133 0.2609692 0.2509354 0.0000000 0.2673180 0.2628952 0.2907274 2.1231073 2.1132528 
Saccharomyces_mikatae              1.2763153 1.4507995 1.3504702 1.5825833 1.4079527 1.3026043 0.3307532 0.1980750 0.2849915 0.2673180 0.0000000 0.2147849 0.3323180 2.0234195 2.0428399 
Saccharomyces_paradoxus            1.2558346 1.4454067 1.3380147 1.7332323 1.4780026 1.3358791 0.3143191 0.1238210 0.3082889 0.2628952 0.2147849 0.0000000 0.3760878 2.0795423 1.9936174 
Saccharomyces_uvarum               1.3012936 1.3862302 1.3149384 1.6480881 1.4952218 1.2679950 0.3403104 0.3712238 0.1065037 0.2907274 0.3323180 0.3760878 0.0000000 2.0749077 2.0046514 
Tetrapisispora_blattae             2.3545978 2.5080504 2.4852627 2.7665654 2.6095389 2.5214398 2.1694941 2.0954855 2.0874185 2.1231073 2.0234195 2.0795423 2.0749077 0.0000000 1.5086064 
yHMPu5000035629_Yueomyces_sinensis 2.6253090 2.3301528 2.4693144 2.6098645 2.6668353 2.4919063 2.1423435 1.9916655 2.0700844 2.1132528 2.0428399 1.9936174 2.0046514 1.5086064 0.0000000 
