15
Candida_glabrata                   0.0000000 1.2079930 0.8638347 1.3432472 0.8669706 0.9002071 1.3775049 1.3218490 1.3463963 1.3465590 1.4224487 1.3074838 1.3105482 1.5523364 1.6216593 
Nakaseomyces_bacillisporus         1.2079930 0.0000000 1.4649802 1.6730769 1.5384741 1.5663700 1.5153593 1.4553868 1.3773176 1.4648088 1.5496795 1.4368873 1.4421987 1.6755040 1.9338511 
Nakaseomyces_bracarensis           0.8638347 1.4649802 0.0000000 1.6886879 0.4909120 0.4835817 1.6770188 1.5764416 1.5342975 1.6503325 1.6134971 1.5686701 1.4728553 1.7768066 1.8753454 
Nakaseomyces_castellii             1.3432472 1.6730769 1.6886879 0.0000000 1.6168774 1.6570463 2.1131510 1.9746086 1.9790254 2.0763530 2.0273356 1.9871250 2.0482159 1.8929165 2.1458625 
Nakaseomyces_delphensis            0.8669706 1.5384741 0.4909120 1.6168774 0.0000000 0.3763537 1.6420890 1.5266752 1.5794273 1.5901923 1.6163709 1.5625207 1.5387946 1.9160305 2.0640098 
Nakaseomyces_nivariensis           0.9002071 1.5663700 0.4835817 1.6570463 0.3763537 0.0000000 1.6906895 1.6058103 1.5391354 1.6230836 1.6300465 1.6125846 1.4735747 1.7872798 2.0044317 
Saccharomyces_arboricola           1.3775049 1.5153593 1.6770188 2.1131510 1.6420890 1.6906895 0.0000000 0.2299675 0.2182735 0.2266294 0.2269354 0.2038080 0.2462989 1.8590977 1.9185678 
Saccharomyces_cerevisiae           1.3218490 1.4553868 1.5764416 1.9746086 1.5266752 1.6058103 0.2299675 0.0000000 0.2612030 0.2600586 0.1789298 0.1007709 0.2926178 1.7930888 1.9277486 
Saccharomyces_eubayanus            1.3463963 1.3773176 1.5342975 1.9790254 1.5794273 1.5391354 0.2182735 0.2612030 0.0000000 0.2418585 0.3008475 0.2643526 0.0524209 1.7914425 1.9882586 
Saccharomyces_kudriavzevii         1.3465590 1.4648088 1.6503325 2.0763530 1.5901923 1.6230836 0.2266294 0.2600586 0.2418585 0.0000000 0.2383331 0.2165490 0.2551739 1.7433693 1.8389919 
Saccharomyces_mikatae              1.4224487 1.5496795 1.6134971 2.0273356 1.6163709 1.6300465 0.2269354 0.1789298 0.3008475 0.2383331 0.0000000 0.1767178 0.3031949 1.7357902 1.9030635 
Saccharomyces_paradoxus            1.3074838 1.4368873 1.5686701 1.9871250 1.5625207 1.6125846 0.2038080 0.1007709 0.2643526 0.2165490 0.1767178 0.0000000 0.2736911 1.7664481 1.8633334 
Saccharomyces_uvarum               1.3105482 1.4421987 1.4728553 2.0482159 1.5387946 1.4735747 0.2462989 0.2926178 0.0524209 0.2551739 0.3031949 0.2736911 0.0000000 1.7715574 1.9434757 
Tetrapisispora_blattae             1.5523364 1.6755040 1.7768066 1.8929165 1.9160305 1.7872798 1.8590977 1.7930888 1.7914425 1.7433693 1.7357902 1.7664481 1.7715574 0.0000000 1.2573369 
yHMPu5000035629_Yueomyces_sinensis 1.6216593 1.9338511 1.8753454 2.1458625 2.0640098 2.0044317 1.9185678 1.9277486 1.9882586 1.8389919 1.9030635 1.8633334 1.9434757 1.2573369 0.0000000 
