15
Candida_glabrata                   0.0000000 1.2036195 0.6896039 1.9486440 0.6282594 0.5907304 0.9719700 1.0847349 1.0319000 1.0547465 1.0852930 0.9992381 0.9448416 1.3438439 1.5254672 
Nakaseomyces_bacillisporus         1.2036195 0.0000000 1.1434741 1.9512099 1.2113410 1.1020428 1.0288264 1.0819606 1.0517303 1.0628266 1.1133967 1.1301730 1.0145156 0.9990214 1.2090942 
Nakaseomyces_bracarensis           0.6896039 1.1434741 0.0000000 2.0269660 0.4014670 0.3302299 1.0132132 1.1643588 1.0330054 1.1225198 1.2522595 1.1270884 1.0043053 1.0286930 1.4158061 
Nakaseomyces_castellii             1.9486440 1.9512099 2.0269660 0.0000000 2.1165927 2.1050057 1.9280459 1.9131602 2.1202993 1.9872631 2.1011049 2.0550048 1.9573060 2.0410493 2.0422909 
Nakaseomyces_delphensis            0.6282594 1.2113410 0.4014670 2.1165927 0.0000000 0.3384314 1.1374015 1.1071888 1.0937742 1.0904433 1.2458386 1.1148779 1.0444739 1.0411329 1.3792044 
Nakaseomyces_nivariensis           0.5907304 1.1020428 0.3302299 2.1050057 0.3384314 0.0000000 1.0686581 1.1732418 0.9910690 1.0915925 1.1916119 1.0653044 0.9638730 0.9562132 1.2993006 
Saccharomyces_arboricola           0.9719700 1.0288264 1.0132132 1.9280459 1.1374015 1.0686581 0.0000000 0.2442430 0.2277686 0.2263319 0.2352709 0.2229847 0.2249259 1.0843807 1.2079948 
Saccharomyces_cerevisiae           1.0847349 1.0819606 1.1643588 1.9131602 1.1071888 1.1732418 0.2442430 0.0000000 0.2686870 0.2354098 0.2277733 0.1134726 0.2568302 1.0803314 1.2386440 
Saccharomyces_eubayanus            1.0319000 1.0517303 1.0330054 2.1202993 1.0937742 0.9910690 0.2277686 0.2686870 0.0000000 0.1942411 0.2845226 0.2488801 0.0713958 1.1375537 1.3409552 
Saccharomyces_kudriavzevii         1.0547465 1.0628266 1.1225198 1.9872631 1.0904433 1.0915925 0.2263319 0.2354098 0.1942411 0.0000000 0.2623700 0.2065255 0.2201995 1.1448674 1.2855216 
Saccharomyces_mikatae              1.0852930 1.1133967 1.2522595 2.1011049 1.2458386 1.1916119 0.2352709 0.2277733 0.2845226 0.2623700 0.0000000 0.1768944 0.2706302 1.2109385 1.3903145 
Saccharomyces_paradoxus            0.9992381 1.1301730 1.1270884 2.0550048 1.1148779 1.0653044 0.2229847 0.1134726 0.2488801 0.2065255 0.1768944 0.0000000 0.2546654 1.1489005 1.2715382 
Saccharomyces_uvarum               0.9448416 1.0145156 1.0043053 1.9573060 1.0444739 0.9638730 0.2249259 0.2568302 0.0713958 0.2201995 0.2706302 0.2546654 0.0000000 1.0579023 1.2923750 
Tetrapisispora_blattae             1.3438439 0.9990214 1.0286930 2.0410493 1.0411329 0.9562132 1.0843807 1.0803314 1.1375537 1.1448674 1.2109385 1.1489005 1.0579023 0.0000000 0.5428239 
yHMPu5000035629_Yueomyces_sinensis 1.5254672 1.2090942 1.4158061 2.0422909 1.3792044 1.2993006 1.2079948 1.2386440 1.3409552 1.2855216 1.3903145 1.2715382 1.2923750 0.5428239 0.0000000 
