15
Candida_glabrata                   0.0000000 1.3590027 0.5412478 1.3605800 0.6370092 0.6103809 1.3773074 1.2059865 1.1250230 1.4413789 1.3104767 2.0551791 1.1903486 1.4278338 1.2928892 
Nakaseomyces_bacillisporus         1.3590027 0.0000000 1.4234546 1.4814367 1.4999540 1.3267612 1.3004621 1.2912427 1.2362565 1.3263231 1.2807062 2.0750393 1.2004300 1.1673525 1.5247594 
Nakaseomyces_bracarensis           0.5412478 1.4234546 0.0000000 1.3468827 0.4872993 0.5240625 1.4756523 1.3220159 1.2000166 1.4864443 1.4140774 2.1771425 1.3138089 1.2426730 1.1029880 
Nakaseomyces_castellii             1.3605800 1.4814367 1.3468827 0.0000000 1.3867474 1.4693509 1.3146619 1.2383927 1.3387594 1.4714759 1.2808947 2.1161200 1.3543560 1.8177315 1.6506814 
Nakaseomyces_delphensis            0.6370092 1.4999540 0.4872993 1.3867474 0.0000000 0.4179396 1.2285180 1.1895706 1.0943057 1.3224942 1.2221324 1.9703615 1.2542893 1.4402974 1.3001931 
Nakaseomyces_nivariensis           0.6103809 1.3267612 0.5240625 1.4693509 0.4179396 0.0000000 1.2511354 1.1657428 1.1848492 1.2668200 1.3252979 1.9912083 1.2983921 1.4241310 1.2752545 
Saccharomyces_arboricola           1.3773074 1.3004621 1.4756523 1.3146619 1.2285180 1.2511354 0.0000000 0.2224549 0.2661559 0.2491607 0.2288242 0.5255787 0.2508334 1.3272537 1.3042729 
Saccharomyces_cerevisiae           1.2059865 1.2912427 1.3220159 1.2383927 1.1895706 1.1657428 0.2224549 0.0000000 0.2987411 0.3303971 0.2263583 0.4119189 0.2290204 1.2791503 1.3218772 
Saccharomyces_eubayanus            1.1250230 1.2362565 1.2000166 1.3387594 1.0943057 1.1848492 0.2661559 0.2987411 0.0000000 0.3483696 0.3090331 0.7068566 0.0652754 1.3430359 1.2860991 
Saccharomyces_kudriavzevii         1.4413789 1.3263231 1.4864443 1.4714759 1.3224942 1.2668200 0.2491607 0.3303971 0.3483696 0.0000000 0.3425573 0.5738807 0.3190028 1.2533454 1.4629793 
Saccharomyces_mikatae              1.3104767 1.2807062 1.4140774 1.2808947 1.2221324 1.3252979 0.2288242 0.2263583 0.3090331 0.3425573 0.0000000 0.4606634 0.2403784 1.2644642 1.3605224 
Saccharomyces_paradoxus            2.0551791 2.0750393 2.1771425 2.1161200 1.9703615 1.9912083 0.5255787 0.4119189 0.7068566 0.5738807 0.4606634 0.0000000 0.5749709 2.0980026 2.1523022 
Saccharomyces_uvarum               1.1903486 1.2004300 1.3138089 1.3543560 1.2542893 1.2983921 0.2508334 0.2290204 0.0652754 0.3190028 0.2403784 0.5749709 0.0000000 1.3899094 1.3996913 
Tetrapisispora_blattae             1.4278338 1.1673525 1.2426730 1.8177315 1.4402974 1.4241310 1.3272537 1.2791503 1.3430359 1.2533454 1.2644642 2.0980026 1.3899094 0.0000000 0.9427418 
yHMPu5000035629_Yueomyces_sinensis 1.2928892 1.5247594 1.1029880 1.6506814 1.3001931 1.2752545 1.3042729 1.3218772 1.2860991 1.4629793 1.3605224 2.1523022 1.3996913 0.9427418 0.0000000 
