15
Candida_glabrata                   0.0000000 1.7549035 0.6989486 1.5620174 0.7123748 0.7075615 1.3090999 1.4104784 1.3751803 1.3473528 1.3030461 1.4000810 1.3304741 1.8698990 2.1017615 
Nakaseomyces_bacillisporus         1.7549035 0.0000000 1.8385270 1.6709113 1.7843789 1.7868452 1.7331416 1.7273831 1.6184229 1.7135715 1.6953158 1.8336040 1.6638491 1.9200502 2.3763264 
Nakaseomyces_bracarensis           0.6989486 1.8385270 0.0000000 1.6271172 0.5206441 0.4947624 1.3644186 1.4819115 1.5178101 1.4363085 1.4034312 1.4136653 1.4573684 1.8249970 2.2144081 
Nakaseomyces_castellii             1.5620174 1.6709113 1.6271172 0.0000000 1.6300375 1.4986523 1.6377672 1.6408252 1.5143467 1.5824449 1.4851665 1.6442435 1.5071498 1.9809413 2.0789310 
Nakaseomyces_delphensis            0.7123748 1.7843789 0.5206441 1.6300375 0.0000000 0.4129961 1.3721946 1.3782882 1.4577717 1.3668246 1.3920037 1.4120573 1.3793132 1.9507803 2.2628378 
Nakaseomyces_nivariensis           0.7075615 1.7868452 0.4947624 1.4986523 0.4129961 0.0000000 1.4746880 1.4993141 1.5576997 1.4037613 1.4801696 1.5104859 1.5176462 1.9014280 2.1563682 
Saccharomyces_arboricola           1.3090999 1.7331416 1.3644186 1.6377672 1.3721946 1.4746880 0.0000000 0.2328075 0.2458762 0.2078947 0.2877445 0.2285780 0.2335473 1.4823512 1.7489610 
Saccharomyces_cerevisiae           1.4104784 1.7273831 1.4819115 1.6408252 1.3782882 1.4993141 0.2328075 0.0000000 0.2620590 0.2432957 0.2230904 0.0951156 0.2515045 1.4430723 1.6991377 
Saccharomyces_eubayanus            1.3751803 1.6184229 1.5178101 1.5143467 1.4577717 1.5576997 0.2458762 0.2620590 0.0000000 0.2357130 0.3125949 0.2721029 0.0899698 1.5246767 1.7888372 
Saccharomyces_kudriavzevii         1.3473528 1.7135715 1.4363085 1.5824449 1.3668246 1.4037613 0.2078947 0.2432957 0.2357130 0.0000000 0.2785052 0.2409374 0.2420737 1.4702650 1.8351182 
Saccharomyces_mikatae              1.3030461 1.6953158 1.4034312 1.4851665 1.3920037 1.4801696 0.2877445 0.2230904 0.3125949 0.2785052 0.0000000 0.2098879 0.3123139 1.4435448 1.6852606 
Saccharomyces_paradoxus            1.4000810 1.8336040 1.4136653 1.6442435 1.4120573 1.5104859 0.2285780 0.0951156 0.2721029 0.2409374 0.2098879 0.0000000 0.2784730 1.4721993 1.6630271 
Saccharomyces_uvarum               1.3304741 1.6638491 1.4573684 1.5071498 1.3793132 1.5176462 0.2335473 0.2515045 0.0899698 0.2420737 0.3123139 0.2784730 0.0000000 1.5294870 1.8039808 
Tetrapisispora_blattae             1.8698990 1.9200502 1.8249970 1.9809413 1.9507803 1.9014280 1.4823512 1.4430723 1.5246767 1.4702650 1.4435448 1.4721993 1.5294870 0.0000000 0.9460897 
yHMPu5000035629_Yueomyces_sinensis 2.1017615 2.3763264 2.2144081 2.0789310 2.2628378 2.1563682 1.7489610 1.6991377 1.7888372 1.8351182 1.6852606 1.6630271 1.8039808 0.9460897 0.0000000 
