15
Candida_glabrata                   0.0000000 1.7717985 1.2622217 1.6096202 1.2028764 1.1087394 2.0141619 2.1367144 2.1318582 2.2234936 2.0050725 2.1463805 2.1796219 3.2069344 1.7732834 
Nakaseomyces_bacillisporus         1.7717985 0.0000000 1.4432842 1.3742388 1.4810116 1.5808177 1.6553306 1.7388175 1.6777783 1.6553650 1.7755490 1.7686557 1.7977552 2.9693468 1.4807140 
Nakaseomyces_bracarensis           1.2622217 1.4432842 0.0000000 1.5371936 0.5235370 0.5225604 2.0292905 2.0678612 2.0469167 2.3095247 2.0881543 2.0900259 2.0683425 3.4759935 1.8004289 
Nakaseomyces_castellii             1.6096202 1.3742388 1.5371936 0.0000000 1.6231445 1.5472125 1.5519382 1.8498585 1.7888193 1.9365055 1.7667249 1.8214790 1.8834883 2.8631733 1.5844283 
Nakaseomyces_delphensis            1.2028764 1.4810116 0.5235370 1.6231445 0.0000000 0.4904903 1.9558393 1.9559529 1.9268220 2.1016233 1.9624579 1.9537572 1.9510256 3.4860236 1.7582139 
Nakaseomyces_nivariensis           1.1087394 1.5808177 0.5225604 1.5472125 0.4904903 0.0000000 1.8503967 1.8024812 1.8283635 1.9843636 1.7801882 1.8053181 1.7577020 3.2536727 1.5614433 
Saccharomyces_arboricola           2.0141619 1.6553306 2.0292905 1.5519382 1.9558393 1.8503967 0.0000000 0.3777588 0.3497360 0.3041074 0.3774803 0.4165114 0.3412133 2.5086873 1.5631658 
Saccharomyces_cerevisiae           2.1367144 1.7388175 2.0678612 1.8498585 1.9559529 1.8024812 0.3777588 0.0000000 0.3263793 0.2952531 0.2441428 0.1269037 0.3090118 3.0826598 1.6316587 
Saccharomyces_eubayanus            2.1318582 1.6777783 2.0469167 1.7888193 1.9268220 1.8283635 0.3497360 0.3263793 0.0000000 0.3249149 0.3444219 0.3413854 0.0783991 2.8636630 1.6483508 
Saccharomyces_kudriavzevii         2.2234936 1.6553650 2.3095247 1.9365055 2.1016233 1.9843636 0.3041074 0.2952531 0.3249149 0.0000000 0.3022253 0.3018410 0.2665398 2.9876458 1.5959439 
Saccharomyces_mikatae              2.0050725 1.7755490 2.0881543 1.7667249 1.9624579 1.7801882 0.3774803 0.2441428 0.3444219 0.3022253 0.0000000 0.2042968 0.3552241 2.9926679 1.7137336 
Saccharomyces_paradoxus            2.1463805 1.7686557 2.0900259 1.8214790 1.9537572 1.8053181 0.4165114 0.1269037 0.3413854 0.3018410 0.2042968 0.0000000 0.3254976 3.1685044 1.6539816 
Saccharomyces_uvarum               2.1796219 1.7977552 2.0683425 1.8834883 1.9510256 1.7577020 0.3412133 0.3090118 0.0783991 0.2665398 0.3552241 0.3254976 0.0000000 2.9152096 1.7423536 
Tetrapisispora_blattae             3.2069344 2.9693468 3.4759935 2.8631733 3.4860236 3.2536727 2.5086873 3.0826598 2.8636630 2.9876458 2.9926679 3.1685044 2.9152096 0.0000000 2.1322020 
yHMPu5000035629_Yueomyces_sinensis 1.7732834 1.4807140 1.8004289 1.5844283 1.7582139 1.5614433 1.5631658 1.6316587 1.6483508 1.5959439 1.7137336 1.6539816 1.7423536 2.1322020 0.0000000 
