15
Candida_glabrata                   0.0000000 2.9217206 0.8580332 1.9951534 0.9162527 0.8361674 1.4605822 1.3782340 1.4576050 1.4235396 1.3023093 1.3476016 1.4597113 1.5253773 2.9658705 
Nakaseomyces_bacillisporus         2.9217206 0.0000000 3.7520542 4.1190506 3.5254464 3.1794274 3.2189134 3.3346079 3.2450729 3.2289341 2.9424466 3.2489376 3.1467906 4.0174301 3.7542667 
Nakaseomyces_bracarensis           0.8580332 3.7520542 0.0000000 2.0991004 0.4561422 0.3750678 1.4374159 1.4823332 1.5095795 1.4798768 1.4553934 1.4439265 1.4150694 1.7364338 2.7251003 
Nakaseomyces_castellii             1.9951534 4.1190506 2.0991004 0.0000000 2.1657443 2.0494958 1.9114941 1.9754116 1.9007082 1.9818146 1.8894734 2.0155797 1.9326480 2.0272117 3.6536212 
Nakaseomyces_delphensis            0.9162527 3.5254464 0.4561422 2.1657443 0.0000000 0.4308086 1.5128489 1.4044626 1.4476996 1.4422073 1.3152499 1.3548847 1.3864481 1.8407094 3.2404702 
Nakaseomyces_nivariensis           0.8361674 3.1794274 0.3750678 2.0494958 0.4308086 0.0000000 1.3063731 1.3254802 1.2445928 1.3900603 1.2658477 1.2803892 1.2277490 1.7712366 2.9714863 
Saccharomyces_arboricola           1.4605822 3.2189134 1.4374159 1.9114941 1.5128489 1.3063731 0.0000000 0.2855663 0.2254625 0.2395185 0.2726074 0.2553477 0.2542003 1.3681737 2.6696703 
Saccharomyces_cerevisiae           1.3782340 3.3346079 1.4823332 1.9754116 1.4044626 1.3254802 0.2855663 0.0000000 0.2601658 0.2698248 0.2183543 0.1304190 0.2743661 1.3692500 2.7628778 
Saccharomyces_eubayanus            1.4576050 3.2450729 1.5095795 1.9007082 1.4476996 1.2445928 0.2254625 0.2601658 0.0000000 0.2364273 0.2615249 0.2450091 0.0664061 1.3148819 2.6530524 
Saccharomyces_kudriavzevii         1.4235396 3.2289341 1.4798768 1.9818146 1.4422073 1.3900603 0.2395185 0.2698248 0.2364273 0.0000000 0.2418994 0.2276015 0.2792597 1.4876479 2.7624478 
Saccharomyces_mikatae              1.3023093 2.9424466 1.4553934 1.8894734 1.3152499 1.2658477 0.2726074 0.2183543 0.2615249 0.2418994 0.0000000 0.1964419 0.2704156 1.3980721 2.5094240 
Saccharomyces_paradoxus            1.3476016 3.2489376 1.4439265 2.0155797 1.3548847 1.2803892 0.2553477 0.1304190 0.2450091 0.2276015 0.1964419 0.0000000 0.2609420 1.4405260 2.6437184 
Saccharomyces_uvarum               1.4597113 3.1467906 1.4150694 1.9326480 1.3864481 1.2277490 0.2542003 0.2743661 0.0664061 0.2792597 0.2704156 0.2609420 0.0000000 1.3717238 2.7517122 
Tetrapisispora_blattae             1.5253773 4.0174301 1.7364338 2.0272117 1.8407094 1.7712366 1.3681737 1.3692500 1.3148819 1.4876479 1.3980721 1.4405260 1.3717238 0.0000000 1.8827743 
yHMPu5000035629_Yueomyces_sinensis 2.9658705 3.7542667 2.7251003 3.6536212 3.2404702 2.9714863 2.6696703 2.7628778 2.6530524 2.7624478 2.5094240 2.6437184 2.7517122 1.8827743 0.0000000 
