15
Candida_glabrata                   0.0000000 1.8629343 0.9183601 1.7442869 0.9258977 0.7699608 1.3624067 1.4031312 1.4325467 1.3278196 1.4238904 1.3655150 1.3495078 1.6263862 2.0167675 
Nakaseomyces_bacillisporus         1.8629343 0.0000000 1.9068615 1.5584695 1.7519872 1.8204614 1.4930258 1.6272923 1.5351390 1.6214991 1.7044827 1.6410401 1.5282276 2.0145157 1.9541980 
Nakaseomyces_bracarensis           0.9183601 1.9068615 0.0000000 1.8656100 0.5601689 0.4651526 1.3705305 1.2828864 1.4162617 1.4045797 1.3247034 1.3587589 1.3768346 2.1956253 1.9733952 
Nakaseomyces_castellii             1.7442869 1.5584695 1.8656100 0.0000000 1.7089901 1.6567683 1.6542450 1.6275123 1.6581786 1.7647950 1.6379658 1.6539949 1.6810048 2.0171610 1.9813472 
Nakaseomyces_delphensis            0.9258977 1.7519872 0.5601689 1.7089901 0.0000000 0.4217368 1.5186456 1.4710506 1.4589835 1.4320643 1.4877778 1.5000770 1.4288504 2.0614980 1.8734298 
Nakaseomyces_nivariensis           0.7699608 1.8204614 0.4651526 1.6567683 0.4217368 0.0000000 1.3104643 1.3938683 1.3362186 1.3268657 1.4116647 1.4586955 1.3272268 1.8403718 1.9452512 
Saccharomyces_arboricola           1.3624067 1.4930258 1.3705305 1.6542450 1.5186456 1.3104643 0.0000000 0.3162018 0.3145673 0.2628837 0.3384526 0.3128776 0.2636841 1.6906533 1.6223242 
Saccharomyces_cerevisiae           1.4031312 1.6272923 1.2828864 1.6275123 1.4710506 1.3938683 0.3162018 0.0000000 0.3762743 0.2786583 0.2249468 0.1347501 0.3387649 1.8021620 1.6187846 
Saccharomyces_eubayanus            1.4325467 1.5351390 1.4162617 1.6581786 1.4589835 1.3362186 0.3145673 0.3762743 0.0000000 0.3202989 0.4225207 0.3840753 0.0859410 1.6176470 1.6762372 
Saccharomyces_kudriavzevii         1.3278196 1.6214991 1.4045797 1.7647950 1.4320643 1.3268657 0.2628837 0.2786583 0.3202989 0.0000000 0.3101931 0.2883891 0.2405301 1.7180563 1.6129132 
Saccharomyces_mikatae              1.4238904 1.7044827 1.3247034 1.6379658 1.4877778 1.4116647 0.3384526 0.2249468 0.4225207 0.3101931 0.0000000 0.2311454 0.3688524 1.7152752 1.6861069 
Saccharomyces_paradoxus            1.3655150 1.6410401 1.3587589 1.6539949 1.5000770 1.4586955 0.3128776 0.1347501 0.3840753 0.2883891 0.2311454 0.0000000 0.3526590 1.8537684 1.6651039 
Saccharomyces_uvarum               1.3495078 1.5282276 1.3768346 1.6810048 1.4288504 1.3272268 0.2636841 0.3387649 0.0859410 0.2405301 0.3688524 0.3526590 0.0000000 1.5678054 1.5678797 
Tetrapisispora_blattae             1.6263862 2.0145157 2.1956253 2.0171610 2.0614980 1.8403718 1.6906533 1.8021620 1.6176470 1.7180563 1.7152752 1.8537684 1.5678054 0.0000000 1.5108369 
yHMPu5000035629_Yueomyces_sinensis 2.0167675 1.9541980 1.9733952 1.9813472 1.8734298 1.9452512 1.6223242 1.6187846 1.6762372 1.6129132 1.6861069 1.6651039 1.5678797 1.5108369 0.0000000 
