15
Candida_glabrata                   0.0000000 1.6943574 0.5861549 1.9554793 0.6603498 0.5812809 1.3906923 1.4092832 1.4369634 1.3466837 1.4425723 1.4160700 1.4019254 1.5926060 1.8462378 
Nakaseomyces_bacillisporus         1.6943574 0.0000000 1.6013819 1.5916620 1.8310927 1.6620598 1.4611346 1.4740539 1.5260620 1.4664353 1.4251409 1.4740755 1.5475010 1.8722604 1.7307982 
Nakaseomyces_bracarensis           0.5861549 1.6013819 0.0000000 1.9416825 0.4358927 0.3731412 1.3558217 1.4490112 1.4642082 1.3558623 1.4021373 1.4107745 1.4432680 1.7330525 1.9924428 
Nakaseomyces_castellii             1.9554793 1.5916620 1.9416825 0.0000000 1.9318835 2.0721166 1.7684582 1.7534591 1.7780912 1.7850957 1.7597616 1.7515556 1.8089382 2.0214134 2.2009980 
Nakaseomyces_delphensis            0.6603498 1.8310927 0.4358927 1.9318835 0.0000000 0.4569423 1.4442485 1.4487444 1.3578905 1.3913586 1.5091600 1.4926433 1.3427166 1.7419517 2.2228281 
Nakaseomyces_nivariensis           0.5812809 1.6620598 0.3731412 2.0721166 0.4569423 0.0000000 1.3614139 1.4564488 1.4635413 1.3562116 1.4470312 1.4415412 1.4405706 1.7744088 1.9192606 
Saccharomyces_arboricola           1.3906923 1.4611346 1.3558217 1.7684582 1.4442485 1.3614139 0.0000000 0.1533864 0.2281600 0.1209423 0.1772032 0.1493381 0.2079104 1.4708818 1.8503941 
Saccharomyces_cerevisiae           1.4092832 1.4740539 1.4490112 1.7534591 1.4487444 1.4564488 0.1533864 0.0000000 0.2148421 0.1164447 0.1200299 0.0569852 0.2180964 1.4573796 1.8017523 
Saccharomyces_eubayanus            1.4369634 1.5260620 1.4642082 1.7780912 1.3578905 1.4635413 0.2281600 0.2148421 0.0000000 0.1942026 0.2541609 0.2352578 0.0515175 1.5637116 2.0077739 
Saccharomyces_kudriavzevii         1.3466837 1.4664353 1.3558623 1.7850957 1.3913586 1.3562116 0.1209423 0.1164447 0.1942026 0.0000000 0.1562613 0.1217822 0.1913926 1.4314525 1.8277831 
Saccharomyces_mikatae              1.4425723 1.4251409 1.4021373 1.7597616 1.5091600 1.4470312 0.1772032 0.1200299 0.2541609 0.1562613 0.0000000 0.1078729 0.2470128 1.4678068 1.7755497 
Saccharomyces_paradoxus            1.4160700 1.4740755 1.4107745 1.7515556 1.4926433 1.4415412 0.1493381 0.0569852 0.2352578 0.1217822 0.1078729 0.0000000 0.2271144 1.4205701 1.8116912 
Saccharomyces_uvarum               1.4019254 1.5475010 1.4432680 1.8089382 1.3427166 1.4405706 0.2079104 0.2180964 0.0515175 0.1913926 0.2470128 0.2271144 0.0000000 1.5907152 2.0345709 
Tetrapisispora_blattae             1.5926060 1.8722604 1.7330525 2.0214134 1.7419517 1.7744088 1.4708818 1.4573796 1.5637116 1.4314525 1.4678068 1.4205701 1.5907152 0.0000000 1.2257113 
yHMPu5000035629_Yueomyces_sinensis 1.8462378 1.7307982 1.9924428 2.2009980 2.2228281 1.9192606 1.8503941 1.8017523 2.0077739 1.8277831 1.7755497 1.8116912 2.0345709 1.2257113 0.0000000 
