15
Candida_glabrata                   0.0000000 2.3917639 1.4300369 2.5693287 1.4471888 1.3805399 2.2405719 2.2664408 2.1583611 2.2465216 2.2530937 2.2328184 2.1175675 2.2290509 2.3446161 
Nakaseomyces_bacillisporus         2.3917639 0.0000000 2.3617278 1.7542902 2.2234477 2.3103513 1.7089156 1.7266550 1.7032031 1.7149259 1.7048267 1.6686262 1.7460622 1.7380830 1.7569407 
Nakaseomyces_bracarensis           1.4300369 2.3617278 0.0000000 2.4056745 0.7012197 0.6220333 1.9893077 2.0196535 2.0511505 1.9266116 1.9532012 1.9679450 2.0511582 1.9425790 1.9981182 
Nakaseomyces_castellii             2.5693287 1.7542902 2.4056745 0.0000000 2.5198086 2.4839522 1.8054531 1.8255722 1.7246675 1.7610844 1.7562235 1.7862238 1.6935895 1.9183471 2.0368053 
Nakaseomyces_delphensis            1.4471888 2.2234477 0.7012197 2.5198086 0.0000000 0.5792152 1.8617117 1.9606466 1.9826542 1.9267827 1.9024061 1.9180539 1.9979386 1.8920880 2.0404291 
Nakaseomyces_nivariensis           1.3805399 2.3103513 0.6220333 2.4839522 0.5792152 0.0000000 1.8231504 1.9736354 1.9053654 1.8160702 1.8851161 1.9104141 1.8426231 1.8482580 1.9476814 
Saccharomyces_arboricola           2.2405719 1.7089156 1.9893077 1.8054531 1.8617117 1.8231504 0.0000000 0.2942340 0.2600429 0.2409805 0.2948288 0.2728035 0.2528087 1.4129157 1.6117432 
Saccharomyces_cerevisiae           2.2664408 1.7266550 2.0196535 1.8255722 1.9606466 1.9736354 0.2942340 0.0000000 0.3136592 0.2816158 0.2225722 0.1249294 0.3199424 1.5321549 1.5939499 
Saccharomyces_eubayanus            2.1583611 1.7032031 2.0511505 1.7246675 1.9826542 1.9053654 0.2600429 0.3136592 0.0000000 0.2657796 0.3019702 0.3036176 0.0737654 1.5022938 1.6064009 
Saccharomyces_kudriavzevii         2.2465216 1.7149259 1.9266116 1.7610844 1.9267827 1.8160702 0.2409805 0.2816158 0.2657796 0.0000000 0.2857870 0.2493755 0.2583705 1.5005571 1.6178492 
Saccharomyces_mikatae              2.2530937 1.7048267 1.9532012 1.7562235 1.9024061 1.8851161 0.2948288 0.2225722 0.3019702 0.2857870 0.0000000 0.2167297 0.3145709 1.5429691 1.6080242 
Saccharomyces_paradoxus            2.2328184 1.6686262 1.9679450 1.7862238 1.9180539 1.9104141 0.2728035 0.1249294 0.3036176 0.2493755 0.2167297 0.0000000 0.3074339 1.4552094 1.5716683 
Saccharomyces_uvarum               2.1175675 1.7460622 2.0511582 1.6935895 1.9979386 1.8426231 0.2528087 0.3199424 0.0737654 0.2583705 0.3145709 0.3074339 0.0000000 1.4289554 1.6103496 
Tetrapisispora_blattae             2.2290509 1.7380830 1.9425790 1.9183471 1.8920880 1.8482580 1.4129157 1.5321549 1.5022938 1.5005571 1.5429691 1.4552094 1.4289554 0.0000000 1.1511066 
yHMPu5000035629_Yueomyces_sinensis 2.3446161 1.7569407 1.9981182 2.0368053 2.0404291 1.9476814 1.6117432 1.5939499 1.6064009 1.6178492 1.6080242 1.5716683 1.6103496 1.1511066 0.0000000 
