15
Candida_glabrata                   0.0000000 2.8636265 1.1509546 3.8228290 1.1999125 1.1553873 2.1720558 2.0505121 2.0504719 2.0729649 1.9898848 2.1466522 2.0355574 4.0874271 3.7987776 
Nakaseomyces_bacillisporus         2.8636265 0.0000000 3.1743298 4.1215536 3.0521294 3.0443482 2.2663983 2.2817154 2.2498525 2.2876849 2.1201284 2.2766679 2.2753215 3.0149786 2.7468788 
Nakaseomyces_bracarensis           1.1509546 3.1743298 0.0000000 3.5474887 0.5610078 0.5373564 2.2445352 2.1811690 2.2674653 2.1908994 2.1824604 2.1891048 2.3692738 3.3469866 3.2363001 
Nakaseomyces_castellii             3.8228290 4.1215536 3.5474887 0.0000000 3.8715582 3.7702853 3.1136923 3.0916791 3.2123252 3.2551362 3.4042417 3.1762226 3.2494816 4.6487781 4.2106009 
Nakaseomyces_delphensis            1.1999125 3.0521294 0.5610078 3.8715582 0.0000000 0.4927747 2.5135028 2.2887556 2.4717394 2.4109432 2.2809124 2.3817607 2.3825378 3.3171276 3.2283648 
Nakaseomyces_nivariensis           1.1553873 3.0443482 0.5373564 3.7702853 0.4927747 0.0000000 2.4948022 2.4132820 2.5018263 2.4383849 2.3897981 2.4134121 2.5192724 3.2075720 3.2277911 
Saccharomyces_arboricola           2.1720558 2.2663983 2.2445352 3.1136923 2.5135028 2.4948022 0.0000000 0.2525934 0.2318396 0.2046815 0.2341508 0.2389322 0.2241266 2.9225019 2.7866210 
Saccharomyces_cerevisiae           2.0505121 2.2817154 2.1811690 3.0916791 2.2887556 2.4132820 0.2525934 0.0000000 0.2698241 0.2182884 0.1912692 0.1110575 0.2556533 2.9044740 2.7816041 
Saccharomyces_eubayanus            2.0504719 2.2498525 2.2674653 3.2123252 2.4717394 2.5018263 0.2318396 0.2698241 0.0000000 0.2321003 0.2498066 0.2552847 0.0821242 2.9284493 2.7171194 
Saccharomyces_kudriavzevii         2.0729649 2.2876849 2.1908994 3.2551362 2.4109432 2.4383849 0.2046815 0.2182884 0.2321003 0.0000000 0.2125809 0.2021548 0.2315658 2.9147160 2.8022666 
Saccharomyces_mikatae              1.9898848 2.1201284 2.1824604 3.4042417 2.2809124 2.3897981 0.2341508 0.1912692 0.2498066 0.2125809 0.0000000 0.1719971 0.2735095 3.0089552 2.7523924 
Saccharomyces_paradoxus            2.1466522 2.2766679 2.1891048 3.1762226 2.3817607 2.4134121 0.2389322 0.1110575 0.2552847 0.2021548 0.1719971 0.0000000 0.2549501 2.9287442 2.8416599 
Saccharomyces_uvarum               2.0355574 2.2753215 2.3692738 3.2494816 2.3825378 2.5192724 0.2241266 0.2556533 0.0821242 0.2315658 0.2735095 0.2549501 0.0000000 2.9371173 2.8334700 
Tetrapisispora_blattae             4.0874271 3.0149786 3.3469866 4.6487781 3.3171276 3.2075720 2.9225019 2.9044740 2.9284493 2.9147160 3.0089552 2.9287442 2.9371173 0.0000000 1.6450918 
yHMPu5000035629_Yueomyces_sinensis 3.7987776 2.7468788 3.2363001 4.2106009 3.2283648 3.2277911 2.7866210 2.7816041 2.7171194 2.8022666 2.7523924 2.8416599 2.8334700 1.6450918 0.0000000 
