15
Candida_glabrata                   0.0000000 1.6083693 0.6377624 2.0176163 0.7365789 0.6004572 1.9468239 1.9457814 1.8635711 1.8832063 1.8631602 1.8901614 1.9102549 1.5407587 1.7099443 
Nakaseomyces_bacillisporus         1.6083693 0.0000000 1.8041475 1.9640285 1.7354534 1.6339448 1.9245231 1.8367907 1.9307053 1.9486248 1.8469833 1.8320700 1.9032440 1.5129191 1.5241129 
Nakaseomyces_bracarensis           0.6377624 1.8041475 0.0000000 2.1280279 0.4201855 0.2984949 1.9871468 1.9577607 1.9438955 1.8986438 1.9188557 1.9671265 1.9643475 1.5838153 1.6462975 
Nakaseomyces_castellii             2.0176163 1.9640285 2.1280279 0.0000000 2.0755132 2.0195297 2.4573755 2.4713253 2.4107337 2.3970639 2.4486171 2.4875474 2.3752987 2.2382020 2.2886118 
Nakaseomyces_delphensis            0.7365789 1.7354534 0.4201855 2.0755132 0.0000000 0.2599040 2.1313469 2.0307871 1.9877930 1.9892055 2.0945619 2.0481269 1.9933810 1.5722007 1.7275377 
Nakaseomyces_nivariensis           0.6004572 1.6339448 0.2984949 2.0195297 0.2599040 0.0000000 1.9764508 1.7944482 1.8431558 1.8589936 1.8245317 1.8599097 1.8321130 1.4985151 1.6338424 
Saccharomyces_arboricola           1.9468239 1.9245231 1.9871468 2.4573755 2.1313469 1.9764508 0.0000000 0.2346634 0.2029257 0.1941131 0.2238658 0.2176215 0.2021904 2.3603957 2.4555003 
Saccharomyces_cerevisiae           1.9457814 1.8367907 1.9577607 2.4713253 2.0307871 1.7944482 0.2346634 0.0000000 0.2399628 0.2029180 0.1597541 0.0898851 0.2544637 2.1378032 2.2647486 
Saccharomyces_eubayanus            1.8635711 1.9307053 1.9438955 2.4107337 1.9877930 1.8431558 0.2029257 0.2399628 0.0000000 0.1999032 0.2451539 0.2290332 0.0402780 2.1641480 2.4617765 
Saccharomyces_kudriavzevii         1.8832063 1.9486248 1.8986438 2.3970639 1.9892055 1.8589936 0.1941131 0.2029180 0.1999032 0.0000000 0.1892499 0.1851489 0.1948263 2.2270077 2.3665346 
Saccharomyces_mikatae              1.8631602 1.8469833 1.9188557 2.4486171 2.0945619 1.8245317 0.2238658 0.1597541 0.2451539 0.1892499 0.0000000 0.1316553 0.2350422 2.0710557 2.2223275 
Saccharomyces_paradoxus            1.8901614 1.8320700 1.9671265 2.4875474 2.0481269 1.8599097 0.2176215 0.0898851 0.2290332 0.1851489 0.1316553 0.0000000 0.2313100 2.0309219 2.2032350 
Saccharomyces_uvarum               1.9102549 1.9032440 1.9643475 2.3752987 1.9933810 1.8321130 0.2021904 0.2544637 0.0402780 0.1948263 0.2350422 0.2313100 0.0000000 2.2403707 2.5135120 
Tetrapisispora_blattae             1.5407587 1.5129191 1.5838153 2.2382020 1.5722007 1.4985151 2.3603957 2.1378032 2.1641480 2.2270077 2.0710557 2.0309219 2.2403707 0.0000000 0.9481485 
yHMPu5000035629_Yueomyces_sinensis 1.7099443 1.5241129 1.6462975 2.2886118 1.7275377 1.6338424 2.4555003 2.2647486 2.4617765 2.3665346 2.2223275 2.2032350 2.5135120 0.9481485 0.0000000 
