15
Candida_glabrata                   0.0000000 1.9571230 0.7361583 5.4087922 1.2778303 0.7005042 1.6838502 1.6301190 1.7782212 1.7581209 1.7543527 1.6104717 1.7969626 2.3985094 2.2679317 
Nakaseomyces_bacillisporus         1.9571230 0.0000000 1.5711927 4.9281213 2.0589544 1.8584647 2.4111896 2.4529148 2.4600801 2.1862279 2.3177853 2.3173659 2.4147756 2.7727020 2.4878165 
Nakaseomyces_bracarensis           0.7361583 1.5711927 0.0000000 4.2960822 0.8888470 0.4532883 2.0257836 1.9452360 2.0620893 2.0409803 2.0208112 2.0710252 2.0462647 2.2741558 1.6877355 
Nakaseomyces_castellii             5.4087922 4.9281213 4.2960822 0.0000000 4.8138521 4.6203218 5.1345453 5.4821812 5.6524434 4.9913018 5.4776066 5.5158546 5.4727697 6.2944182 6.3875346 
Nakaseomyces_delphensis            1.2778303 2.0589544 0.8888470 4.8138521 0.0000000 0.7889343 1.9953050 2.0392352 1.7333803 1.9949993 2.1097476 2.1925892 1.5910682 2.6744634 2.7383329 
Nakaseomyces_nivariensis           0.7005042 1.8584647 0.4532883 4.6203218 0.7889343 0.0000000 1.9454974 1.6474838 1.9820539 1.9419692 1.8584008 1.8641237 1.8860101 2.5816842 1.7577657 
Saccharomyces_arboricola           1.6838502 2.4111896 2.0257836 5.1345453 1.9953050 1.9454974 0.0000000 0.2487979 0.3988530 0.1965638 0.2374503 0.2535601 0.3679121 2.8130506 2.3707647 
Saccharomyces_cerevisiae           1.6301190 2.4529148 1.9452360 5.4821812 2.0392352 1.6474838 0.2487979 0.0000000 0.3848747 0.2069062 0.1788585 0.0767356 0.3408277 2.8665148 2.2004996 
Saccharomyces_eubayanus            1.7782212 2.4600801 2.0620893 5.6524434 1.7333803 1.9820539 0.3988530 0.3848747 0.0000000 0.3172490 0.4096337 0.4175764 0.0586991 3.3600200 2.4042308 
Saccharomyces_kudriavzevii         1.7581209 2.1862279 2.0409803 4.9913018 1.9949993 1.9419692 0.1965638 0.2069062 0.3172490 0.0000000 0.2471519 0.1888236 0.3128929 3.1228472 2.5032501 
Saccharomyces_mikatae              1.7543527 2.3177853 2.0208112 5.4776066 2.1097476 1.8584008 0.2374503 0.1788585 0.4096337 0.2471519 0.0000000 0.1943115 0.3772569 2.9805379 2.2933298 
Saccharomyces_paradoxus            1.6104717 2.3173659 2.0710252 5.5158546 2.1925892 1.8641237 0.2535601 0.0767356 0.4175764 0.1888236 0.1943115 0.0000000 0.4001200 2.9560259 2.3672065 
Saccharomyces_uvarum               1.7969626 2.4147756 2.0462647 5.4727697 1.5910682 1.8860101 0.3679121 0.3408277 0.0586991 0.3128929 0.3772569 0.4001200 0.0000000 3.0722056 2.4180662 
Tetrapisispora_blattae             2.3985094 2.7727020 2.2741558 6.2944182 2.6744634 2.5816842 2.8130506 2.8665148 3.3600200 3.1228472 2.9805379 2.9560259 3.0722056 0.0000000 1.6882221 
yHMPu5000035629_Yueomyces_sinensis 2.2679317 2.4878165 1.6877355 6.3875346 2.7383329 1.7577657 2.3707647 2.2004996 2.4042308 2.5032501 2.2933298 2.3672065 2.4180662 1.6882221 0.0000000 
