15
Candida_glabrata                   0.0000000 1.4471686 0.9605861 1.7734381 0.7581415 0.8709292 1.5581343 1.5180857 1.4323112 1.6126306 1.5722162 1.6631871 1.4293208 1.6149842 1.4373684 
Nakaseomyces_bacillisporus         1.4471686 0.0000000 1.7052754 1.5439163 1.5076572 1.4315598 1.3420383 1.3772173 1.3401451 1.3884927 1.6066225 1.3945705 1.3583324 1.3955155 1.4113745 
Nakaseomyces_bracarensis           0.9605861 1.7052754 0.0000000 1.8653233 0.6683248 0.5745495 1.6229094 1.6402907 1.7219611 1.6599480 1.6052300 1.8226391 1.6552907 1.8125815 1.5537002 
Nakaseomyces_castellii             1.7734381 1.5439163 1.8653233 0.0000000 1.9792989 1.9321510 1.7788097 1.6785398 1.6909018 1.8177577 1.8073251 1.6949386 1.6848208 1.8300509 1.8589133 
Nakaseomyces_delphensis            0.7581415 1.5076572 0.6683248 1.9792989 0.0000000 0.5223372 1.5171933 1.5998817 1.6726847 1.6217713 1.6452227 1.5942472 1.6732372 1.7046514 1.5101842 
Nakaseomyces_nivariensis           0.8709292 1.4315598 0.5745495 1.9321510 0.5223372 0.0000000 1.4176525 1.4353736 1.5034417 1.4665722 1.4845169 1.4377213 1.4725547 1.7042995 1.4163298 
Saccharomyces_arboricola           1.5581343 1.3420383 1.6229094 1.7788097 1.5171933 1.4176525 0.0000000 0.3151119 0.3087507 0.2759802 0.3386287 0.2892923 0.3219940 1.2368288 1.4284803 
Saccharomyces_cerevisiae           1.5180857 1.3772173 1.6402907 1.6785398 1.5998817 1.4353736 0.3151119 0.0000000 0.3378085 0.2983279 0.2857470 0.1538597 0.3518854 1.2885889 1.4547409 
Saccharomyces_eubayanus            1.4323112 1.3401451 1.7219611 1.6909018 1.6726847 1.5034417 0.3087507 0.3378085 0.0000000 0.2927746 0.4142947 0.3472122 0.1104519 1.3247818 1.4373481 
Saccharomyces_kudriavzevii         1.6126306 1.3884927 1.6599480 1.8177577 1.6217713 1.4665722 0.2759802 0.2983279 0.2927746 0.0000000 0.3089593 0.2672008 0.3044942 1.3176103 1.4444896 
Saccharomyces_mikatae              1.5722162 1.6066225 1.6052300 1.8073251 1.6452227 1.4845169 0.3386287 0.2857470 0.4142947 0.3089593 0.0000000 0.2848814 0.4159720 1.4696757 1.4336098 
Saccharomyces_paradoxus            1.6631871 1.3945705 1.8226391 1.6949386 1.5942472 1.4377213 0.2892923 0.1538597 0.3472122 0.2672008 0.2848814 0.0000000 0.3447373 1.3495848 1.4829393 
Saccharomyces_uvarum               1.4293208 1.3583324 1.6552907 1.6848208 1.6732372 1.4725547 0.3219940 0.3518854 0.1104519 0.3044942 0.4159720 0.3447373 0.0000000 1.3607313 1.4609054 
Tetrapisispora_blattae             1.6149842 1.3955155 1.8125815 1.8300509 1.7046514 1.7042995 1.2368288 1.2885889 1.3247818 1.3176103 1.4696757 1.3495848 1.3607313 0.0000000 1.1629827 
yHMPu5000035629_Yueomyces_sinensis 1.4373684 1.4113745 1.5537002 1.8589133 1.5101842 1.4163298 1.4284803 1.4547409 1.4373481 1.4444896 1.4336098 1.4829393 1.4609054 1.1629827 0.0000000 
