15
Candida_glabrata                   0.0000000 1.5513604 0.6310833 1.7237190 0.6912295 0.6081136 1.1634773 1.1453452 1.1736464 1.1069667 1.1676545 1.1467098 1.1427024 0.9797810 1.1742125 
Nakaseomyces_bacillisporus         1.5513604 0.0000000 1.4920102 1.4976255 1.5969439 1.5334239 1.6747179 1.6837671 1.6779922 1.6365987 1.6150170 1.6734508 1.6635612 1.4276894 1.5235864 
Nakaseomyces_bracarensis           0.6310833 1.4920102 0.0000000 1.5734365 0.4425617 0.3427762 1.1149569 1.0684228 1.1179580 1.1396796 1.0812521 1.1417542 1.0942513 0.9624363 0.9201373 
Nakaseomyces_castellii             1.7237190 1.4976255 1.5734365 0.0000000 1.6935251 1.5011046 1.7878707 1.7399141 1.7419548 1.8286896 1.7937310 1.7546980 1.7348693 1.5630855 1.6603549 
Nakaseomyces_delphensis            0.6912295 1.5969439 0.4425617 1.6935251 0.0000000 0.3950993 1.0913936 1.0555205 1.0691718 1.0823683 1.1019397 1.0952799 1.0675651 0.9144468 0.9846049 
Nakaseomyces_nivariensis           0.6081136 1.5334239 0.3427762 1.5011046 0.3950993 0.0000000 1.0803140 1.0846640 1.1165565 1.0910630 1.1038405 1.0500394 1.0819751 1.0430370 1.0467881 
Saccharomyces_arboricola           1.1634773 1.6747179 1.1149569 1.7878707 1.0913936 1.0803140 0.0000000 0.2987406 0.2674615 0.2180654 0.2695121 0.2829917 0.2374196 1.1399488 1.1099201 
Saccharomyces_cerevisiae           1.1453452 1.6837671 1.0684228 1.7399141 1.0555205 1.0846640 0.2987406 0.0000000 0.3062812 0.3285452 0.2354892 0.1265411 0.2854962 1.1423002 1.0857952 
Saccharomyces_eubayanus            1.1736464 1.6779922 1.1179580 1.7419548 1.0691718 1.1165565 0.2674615 0.3062812 0.0000000 0.2597732 0.2797956 0.2495064 0.0714159 1.1622457 1.1311814 
Saccharomyces_kudriavzevii         1.1069667 1.6365987 1.1396796 1.8286896 1.0823683 1.0910630 0.2180654 0.3285452 0.2597732 0.0000000 0.2784063 0.2811759 0.2341570 1.1830328 1.1693197 
Saccharomyces_mikatae              1.1676545 1.6150170 1.0812521 1.7937310 1.1019397 1.1038405 0.2695121 0.2354892 0.2797956 0.2784063 0.0000000 0.1997334 0.2758000 1.1428108 1.0806214 
Saccharomyces_paradoxus            1.1467098 1.6734508 1.1417542 1.7546980 1.0952799 1.0500394 0.2829917 0.1265411 0.2495064 0.2811759 0.1997334 0.0000000 0.2355757 1.1415301 1.1314064 
Saccharomyces_uvarum               1.1427024 1.6635612 1.0942513 1.7348693 1.0675651 1.0819751 0.2374196 0.2854962 0.0714159 0.2341570 0.2758000 0.2355757 0.0000000 1.1340349 1.1139589 
Tetrapisispora_blattae             0.9797810 1.4276894 0.9624363 1.5630855 0.9144468 1.0430370 1.1399488 1.1423002 1.1622457 1.1830328 1.1428108 1.1415301 1.1340349 0.0000000 0.9023751 
yHMPu5000035629_Yueomyces_sinensis 1.1742125 1.5235864 0.9201373 1.6603549 0.9846049 1.0467881 1.1099201 1.0857952 1.1311814 1.1693197 1.0806214 1.1314064 1.1139589 0.9023751 0.0000000 
