15
Candida_glabrata                   0.0000000 1.1050069 0.6285544 1.2069832 0.5972686 0.6524502 1.1042452 1.0442944 0.9500244 1.0454115 1.1299074 1.1458025 1.0069716 1.6544270 1.6148772 
Nakaseomyces_bacillisporus         1.1050069 0.0000000 1.1419602 1.4886919 1.1461093 1.1240077 1.1148037 1.0289391 1.0756635 1.0652765 1.0226184 0.9898911 1.0354581 1.5511841 2.0170898 
Nakaseomyces_bracarensis           0.6285544 1.1419602 0.0000000 1.3561959 0.4432461 0.3674355 1.0594871 0.8994912 0.8342369 0.9488204 1.0263765 0.9367056 0.9427377 1.3472987 1.5949516 
Nakaseomyces_castellii             1.2069832 1.4886919 1.3561959 0.0000000 1.2131773 1.3535831 1.3570320 1.2754136 1.3156354 1.3172422 1.3604398 1.3442036 1.2729032 2.1304734 2.1717612 
Nakaseomyces_delphensis            0.5972686 1.1461093 0.4432461 1.2131773 0.0000000 0.3201161 1.0649483 0.8996069 0.8432639 1.0254427 0.9912655 0.9393691 0.8780883 1.4529806 1.6760201 
Nakaseomyces_nivariensis           0.6524502 1.1240077 0.3674355 1.3535831 0.3201161 0.0000000 0.8582827 0.8304610 0.8178411 0.9303836 0.9673213 0.7765843 0.7914677 1.4453431 1.6540563 
Saccharomyces_arboricola           1.1042452 1.1148037 1.0594871 1.3570320 1.0649483 0.8582827 0.0000000 0.2780070 0.2238929 0.2019935 0.2856807 0.2652333 0.2013859 1.4375564 1.7207167 
Saccharomyces_cerevisiae           1.0442944 1.0289391 0.8994912 1.2754136 0.8996069 0.8304610 0.2780070 0.0000000 0.2595661 0.2881126 0.2066685 0.1097896 0.2618100 1.4233205 1.5701231 
Saccharomyces_eubayanus            0.9500244 1.0756635 0.8342369 1.3156354 0.8432639 0.8178411 0.2238929 0.2595661 0.0000000 0.2199723 0.2861279 0.2461178 0.0643770 1.4213875 1.4712383 
Saccharomyces_kudriavzevii         1.0454115 1.0652765 0.9488204 1.3172422 1.0254427 0.9303836 0.2019935 0.2881126 0.2199723 0.0000000 0.2379356 0.2646126 0.2043161 1.5025514 1.6620807 
Saccharomyces_mikatae              1.1299074 1.0226184 1.0263765 1.3604398 0.9912655 0.9673213 0.2856807 0.2066685 0.2861279 0.2379356 0.0000000 0.2146558 0.2671551 1.4263698 1.4907369 
Saccharomyces_paradoxus            1.1458025 0.9898911 0.9367056 1.3442036 0.9393691 0.7765843 0.2652333 0.1097896 0.2461178 0.2646126 0.2146558 0.0000000 0.2620908 1.4472226 1.5862021 
Saccharomyces_uvarum               1.0069716 1.0354581 0.9427377 1.2729032 0.8780883 0.7914677 0.2013859 0.2618100 0.0643770 0.2043161 0.2671551 0.2620908 0.0000000 1.4859614 1.5875256 
Tetrapisispora_blattae             1.6544270 1.5511841 1.3472987 2.1304734 1.4529806 1.4453431 1.4375564 1.4233205 1.4213875 1.5025514 1.4263698 1.4472226 1.4859614 0.0000000 1.2554713 
yHMPu5000035629_Yueomyces_sinensis 1.6148772 2.0170898 1.5949516 2.1717612 1.6760201 1.6540563 1.7207167 1.5701231 1.4712383 1.6620807 1.4907369 1.5862021 1.5875256 1.2554713 0.0000000 
