15
Candida_glabrata                   0.0000000 1.3601015 0.8725590 1.4780724 0.9217827 0.8729354 1.1743031 1.2598860 1.1472170 1.2297978 1.2806928 1.3174181 1.1576601 1.8029414 2.0692216 
Nakaseomyces_bacillisporus         1.3601015 0.0000000 1.2562582 1.5956081 1.3366243 1.2415720 1.2535120 1.2872752 1.2833668 1.3284573 1.2387109 1.2626503 1.2588510 1.8038627 1.9658764 
Nakaseomyces_bracarensis           0.8725590 1.2562582 0.0000000 1.5734360 0.5234516 0.4290500 1.3203422 1.3058551 1.2883949 1.3243480 1.2697422 1.3063488 1.3387066 1.6477588 1.8817687 
Nakaseomyces_castellii             1.4780724 1.5956081 1.5734360 0.0000000 1.3705591 1.4631607 1.4701943 1.4691652 1.5308475 1.4987300 1.5117633 1.4267897 1.5387609 1.8181665 2.3687066 
Nakaseomyces_delphensis            0.9217827 1.3366243 0.5234516 1.3705591 0.0000000 0.4607039 1.1118254 1.2163497 1.0239999 1.0886386 1.1401927 1.2282776 1.0653409 1.6515980 1.7767415 
Nakaseomyces_nivariensis           0.8729354 1.2415720 0.4290500 1.4631607 0.4607039 0.0000000 1.1013206 1.0905873 1.0616852 1.0934416 1.0556546 1.0772385 1.0797434 1.5010136 1.7401727 
Saccharomyces_arboricola           1.1743031 1.2535120 1.3203422 1.4701943 1.1118254 1.1013206 0.0000000 0.3009103 0.2695700 0.2120754 0.2782812 0.3240586 0.2808205 1.7568446 1.9787474 
Saccharomyces_cerevisiae           1.2598860 1.2872752 1.3058551 1.4691652 1.2163497 1.0905873 0.3009103 0.0000000 0.3309864 0.2825530 0.1962735 0.1560875 0.3235442 1.7145403 2.0418621 
Saccharomyces_eubayanus            1.1472170 1.2833668 1.2883949 1.5308475 1.0239999 1.0616852 0.2695700 0.3309864 0.0000000 0.2172043 0.3159883 0.3098082 0.0701803 1.6204731 1.9801616 
Saccharomyces_kudriavzevii         1.2297978 1.3284573 1.3243480 1.4987300 1.0886386 1.0934416 0.2120754 0.2825530 0.2172043 0.0000000 0.2433096 0.2755830 0.2264206 1.7378214 2.0681855 
Saccharomyces_mikatae              1.2806928 1.2387109 1.2697422 1.5117633 1.1401927 1.0556546 0.2782812 0.1962735 0.3159883 0.2433096 0.0000000 0.2034984 0.3166248 1.6878200 2.0280310 
Saccharomyces_paradoxus            1.3174181 1.2626503 1.3063488 1.4267897 1.2282776 1.0772385 0.3240586 0.1560875 0.3098082 0.2755830 0.2034984 0.0000000 0.3045279 1.6749766 2.0891962 
Saccharomyces_uvarum               1.1576601 1.2588510 1.3387066 1.5387609 1.0653409 1.0797434 0.2808205 0.3235442 0.0701803 0.2264206 0.3166248 0.3045279 0.0000000 1.5669729 2.0571765 
Tetrapisispora_blattae             1.8029414 1.8038627 1.6477588 1.8181665 1.6515980 1.5010136 1.7568446 1.7145403 1.6204731 1.7378214 1.6878200 1.6749766 1.5669729 0.0000000 1.1947687 
yHMPu5000035629_Yueomyces_sinensis 2.0692216 1.9658764 1.8817687 2.3687066 1.7767415 1.7401727 1.9787474 2.0418621 1.9801616 2.0681855 2.0280310 2.0891962 2.0571765 1.1947687 0.0000000 
