15
Candida_glabrata                   0.0000000 1.0046156 0.7898098 1.8151044 0.7588845 0.7647169 0.9133193 0.9037498 0.8994412 0.9530519 0.9145066 0.9343743 0.8973071 1.6430014 1.6731330 
Nakaseomyces_bacillisporus         1.0046156 0.0000000 1.2786904 2.1285597 1.2638519 1.2298288 0.8804415 0.9583582 0.9228016 0.9130172 0.9783681 0.9624444 0.9171311 1.7092024 1.6326943 
Nakaseomyces_bracarensis           0.7898098 1.2786904 0.0000000 1.9339598 0.4146427 0.3829798 1.0805693 1.1730523 1.1072804 1.1519119 1.1065480 1.0813327 1.1239006 1.7496367 1.7305580 
Nakaseomyces_castellii             1.8151044 2.1285597 1.9339598 0.0000000 1.9672741 1.8805373 2.1566798 2.2054278 2.0881874 2.2221890 2.2852922 2.2297939 2.0852559 2.6896192 2.4240611 
Nakaseomyces_delphensis            0.7588845 1.2638519 0.4146427 1.9672741 0.0000000 0.3469523 1.1108340 1.1544654 1.0616760 1.1498746 1.1753591 1.1397121 1.1024355 1.8133758 1.8606852 
Nakaseomyces_nivariensis           0.7647169 1.2298288 0.3829798 1.8805373 0.3469523 0.0000000 1.0193367 1.0674089 1.0001588 1.1105015 1.0782235 1.0373210 1.0333744 1.7748608 1.7047767 
Saccharomyces_arboricola           0.9133193 0.8804415 1.0805693 2.1566798 1.1108340 1.0193367 0.0000000 0.2474133 0.2365878 0.2142789 0.2697157 0.2460074 0.2159219 1.4900888 1.4423124 
Saccharomyces_cerevisiae           0.9037498 0.9583582 1.1730523 2.2054278 1.1544654 1.0674089 0.2474133 0.0000000 0.2941255 0.2414621 0.2248048 0.1053493 0.2490363 1.5164900 1.4842187 
Saccharomyces_eubayanus            0.8994412 0.9228016 1.1072804 2.0881874 1.0616760 1.0001588 0.2365878 0.2941255 0.0000000 0.2957480 0.3126626 0.2866068 0.0674489 1.4464557 1.4639074 
Saccharomyces_kudriavzevii         0.9530519 0.9130172 1.1519119 2.2221890 1.1498746 1.1105015 0.2142789 0.2414621 0.2957480 0.0000000 0.2504702 0.2254119 0.2622041 1.4566406 1.4536717 
Saccharomyces_mikatae              0.9145066 0.9783681 1.1065480 2.2852922 1.1753591 1.0782235 0.2697157 0.2248048 0.3126626 0.2504702 0.0000000 0.2214319 0.2625757 1.4969068 1.4405328 
Saccharomyces_paradoxus            0.9343743 0.9624444 1.0813327 2.2297939 1.1397121 1.0373210 0.2460074 0.1053493 0.2866068 0.2254119 0.2214319 0.0000000 0.2622714 1.5088786 1.4910511 
Saccharomyces_uvarum               0.8973071 0.9171311 1.1239006 2.0852559 1.1024355 1.0333744 0.2159219 0.2490363 0.0674489 0.2622041 0.2625757 0.2622714 0.0000000 1.4148012 1.4778132 
Tetrapisispora_blattae             1.6430014 1.7092024 1.7496367 2.6896192 1.8133758 1.7748608 1.4900888 1.5164900 1.4464557 1.4566406 1.4969068 1.5088786 1.4148012 0.0000000 0.8818249 
yHMPu5000035629_Yueomyces_sinensis 1.6731330 1.6326943 1.7305580 2.4240611 1.8606852 1.7047767 1.4423124 1.4842187 1.4639074 1.4536717 1.4405328 1.4910511 1.4778132 0.8818249 0.0000000 
