15
Candida_glabrata                   0.0000000 1.9305935 0.6826161 1.7324410 0.7780515 0.7714307 1.2602901 1.3162369 1.2652982 1.2246406 1.2812736 1.2650814 1.2890718 1.8665221 1.7917622 
Nakaseomyces_bacillisporus         1.9305935 0.0000000 1.9342113 2.0154679 2.1905916 2.1289901 1.7421728 1.7671164 1.8539821 1.8037832 1.8678856 1.7971259 1.8649746 1.8936842 2.1479201 
Nakaseomyces_bracarensis           0.6826161 1.9342113 0.0000000 1.7215605 0.5810892 0.5123005 1.4521086 1.4190441 1.3668350 1.3757397 1.4571656 1.3832869 1.4340318 2.0747263 2.1138585 
Nakaseomyces_castellii             1.7324410 2.0154679 1.7215605 0.0000000 1.7212924 1.7797424 1.4694077 1.5259066 1.4914008 1.4459726 1.4377383 1.4009731 1.5600512 2.0023377 2.1131291 
Nakaseomyces_delphensis            0.7780515 2.1905916 0.5810892 1.7212924 0.0000000 0.4889288 1.4206186 1.4224632 1.3997001 1.3404385 1.4845110 1.3744553 1.4426314 1.9668299 1.9626624 
Nakaseomyces_nivariensis           0.7714307 2.1289901 0.5123005 1.7797424 0.4889288 0.0000000 1.3903122 1.4804969 1.4934014 1.4029065 1.5377007 1.3726756 1.5454120 2.1142963 2.0641704 
Saccharomyces_arboricola           1.2602901 1.7421728 1.4521086 1.4694077 1.4206186 1.3903122 0.0000000 0.2539751 0.2637838 0.2136898 0.2461523 0.2031303 0.2515207 1.6464536 1.5746623 
Saccharomyces_cerevisiae           1.3162369 1.7671164 1.4190441 1.5259066 1.4224632 1.4804969 0.2539751 0.0000000 0.3084131 0.2544658 0.2428292 0.1157634 0.3080288 1.5802292 1.5873652 
Saccharomyces_eubayanus            1.2652982 1.8539821 1.3668350 1.4914008 1.3997001 1.4934014 0.2637838 0.3084131 0.0000000 0.2744492 0.3158540 0.2792862 0.0769940 1.5659141 1.5971588 
Saccharomyces_kudriavzevii         1.2246406 1.8037832 1.3757397 1.4459726 1.3404385 1.4029065 0.2136898 0.2544658 0.2744492 0.0000000 0.2307290 0.1975488 0.2575107 1.5864581 1.5922860 
Saccharomyces_mikatae              1.2812736 1.8678856 1.4571656 1.4377383 1.4845110 1.5377007 0.2461523 0.2428292 0.3158540 0.2307290 0.0000000 0.1775330 0.3233039 1.6053634 1.6097331 
Saccharomyces_paradoxus            1.2650814 1.7971259 1.3832869 1.4009731 1.3744553 1.3726756 0.2031303 0.1157634 0.2792862 0.1975488 0.1775330 0.0000000 0.2728997 1.6409080 1.6265379 
Saccharomyces_uvarum               1.2890718 1.8649746 1.4340318 1.5600512 1.4426314 1.5454120 0.2515207 0.3080288 0.0769940 0.2575107 0.3233039 0.2728997 0.0000000 1.5572948 1.5825935 
Tetrapisispora_blattae             1.8665221 1.8936842 2.0747263 2.0023377 1.9668299 2.1142963 1.6464536 1.5802292 1.5659141 1.5864581 1.6053634 1.6409080 1.5572948 0.0000000 1.0697198 
yHMPu5000035629_Yueomyces_sinensis 1.7917622 2.1479201 2.1138585 2.1131291 1.9626624 2.0641704 1.5746623 1.5873652 1.5971588 1.5922860 1.6097331 1.6265379 1.5825935 1.0697198 0.0000000 
