15
Candida_glabrata                   0.0000000 1.1863063 0.7924939 1.8907336 0.8746897 0.7565095 1.3961004 1.4006891 1.3807588 1.3829888 1.4095249 1.4176960 1.3837519 2.1536716 3.8429318 
Nakaseomyces_bacillisporus         1.1863063 0.0000000 1.1801230 1.2935375 1.1536187 1.1301703 1.1824013 1.1591749 1.1164297 1.1435938 1.0753898 1.1587016 1.0930354 1.8012115 3.6831255 
Nakaseomyces_bracarensis           0.7924939 1.1801230 0.0000000 1.9045534 0.6105610 0.5329041 1.4299244 1.4089747 1.3607158 1.2976038 1.3630134 1.3651142 1.3336889 2.1659387 3.7459460 
Nakaseomyces_castellii             1.8907336 1.2935375 1.9045534 0.0000000 1.9300909 1.8986851 1.7190312 1.6615969 1.7290668 1.7119845 1.6658672 1.6759508 1.6859739 2.4948967 4.3163796 
Nakaseomyces_delphensis            0.8746897 1.1536187 0.6105610 1.9300909 0.0000000 0.4668384 1.4057179 1.3942233 1.3354338 1.3432051 1.3718521 1.2947648 1.3221232 2.2100246 3.7576136 
Nakaseomyces_nivariensis           0.7565095 1.1301703 0.5329041 1.8986851 0.4668384 0.0000000 1.3754509 1.3486598 1.2845660 1.2653333 1.2858517 1.3062409 1.2688537 2.0741714 3.8587206 
Saccharomyces_arboricola           1.3961004 1.1824013 1.4299244 1.7190312 1.4057179 1.3754509 0.0000000 0.3179334 0.2991602 0.2640116 0.3517833 0.2935549 0.2858454 2.2587207 3.9153599 
Saccharomyces_cerevisiae           1.4006891 1.1591749 1.4089747 1.6615969 1.3942233 1.3486598 0.3179334 0.0000000 0.3698533 0.3025185 0.2759628 0.1321108 0.3569180 2.1519159 3.9486053 
Saccharomyces_eubayanus            1.3807588 1.1164297 1.3607158 1.7290668 1.3354338 1.2845660 0.2991602 0.3698533 0.0000000 0.3099240 0.3863026 0.3316851 0.0884399 2.1518723 3.9232543 
Saccharomyces_kudriavzevii         1.3829888 1.1435938 1.2976038 1.7119845 1.3432051 1.2653333 0.2640116 0.3025185 0.3099240 0.0000000 0.3154458 0.2858846 0.2888321 2.0832818 3.9128738 
Saccharomyces_mikatae              1.4095249 1.0753898 1.3630134 1.6658672 1.3718521 1.2858517 0.3517833 0.2759628 0.3863026 0.3154458 0.0000000 0.2288401 0.3525748 2.0675212 3.9226824 
Saccharomyces_paradoxus            1.4176960 1.1587016 1.3651142 1.6759508 1.2947648 1.3062409 0.2935549 0.1321108 0.3316851 0.2858846 0.2288401 0.0000000 0.3284888 2.0895465 3.9358860 
Saccharomyces_uvarum               1.3837519 1.0930354 1.3336889 1.6859739 1.3221232 1.2688537 0.2858454 0.3569180 0.0884399 0.2888321 0.3525748 0.3284888 0.0000000 2.1738500 3.9452396 
Tetrapisispora_blattae             2.1536716 1.8012115 2.1659387 2.4948967 2.2100246 2.0741714 2.2587207 2.1519159 2.1518723 2.0832818 2.0675212 2.0895465 2.1738500 0.0000000 3.1548169 
yHMPu5000035629_Yueomyces_sinensis 3.8429318 3.6831255 3.7459460 4.3163796 3.7576136 3.8587206 3.9153599 3.9486053 3.9232543 3.9128738 3.9226824 3.9358860 3.9452396 3.1548169 0.0000000 
