15
Candida_glabrata                   0.0000000 0.4495585 0.3074927 0.8421193 0.4736426 0.4091553 0.4590532 0.4089614 0.4662975 0.4651540 0.4502255 0.5065025 0.4734640 0.7769894 0.6400287 
Nakaseomyces_bacillisporus         0.4495585 0.0000000 0.4508421 0.9581246 0.5863536 0.4997640 0.5280650 0.5604735 0.5833693 0.6246885 0.5917789 0.5927910 0.5679409 0.7544579 0.6783828 
Nakaseomyces_bracarensis           0.3074927 0.4508421 0.0000000 0.7530320 0.2198113 0.1521868 0.4289759 0.4710456 0.3978832 0.4530620 0.4143003 0.4860569 0.3998187 0.6320007 0.5776669 
Nakaseomyces_castellii             0.8421193 0.9581246 0.7530320 0.0000000 0.8867758 0.8716225 0.8921394 0.9118254 0.8269258 0.9683105 0.8820032 0.8593891 0.8648480 1.3268881 1.0343473 
Nakaseomyces_delphensis            0.4736426 0.5863536 0.2198113 0.8867758 0.0000000 0.1611884 0.5805019 0.5906601 0.5274933 0.5786630 0.5661143 0.6233830 0.5409633 0.7765363 0.7235046 
Nakaseomyces_nivariensis           0.4091553 0.4997640 0.1521868 0.8716225 0.1611884 0.0000000 0.5090136 0.5371897 0.5312095 0.5048338 0.4888011 0.5423117 0.5181970 0.6726253 0.6610958 
Saccharomyces_arboricola           0.4590532 0.5280650 0.4289759 0.8921394 0.5805019 0.5090136 0.0000000 0.1729070 0.1930444 0.1808696 0.1461127 0.2014929 0.1595481 0.6441533 0.5518434 
Saccharomyces_cerevisiae           0.4089614 0.5604735 0.4710456 0.9118254 0.5906601 0.5371897 0.1729070 0.0000000 0.2171952 0.2102883 0.1193781 0.1062165 0.1921913 0.6465617 0.5734042 
Saccharomyces_eubayanus            0.4662975 0.5833693 0.3978832 0.8269258 0.5274933 0.5312095 0.1930444 0.2171952 0.0000000 0.1792912 0.1932643 0.2158683 0.0445491 0.5424523 0.4686011 
Saccharomyces_kudriavzevii         0.4651540 0.6246885 0.4530620 0.9683105 0.5786630 0.5048338 0.1808696 0.2102883 0.1792912 0.0000000 0.2075551 0.1995515 0.1564114 0.5500756 0.5230982 
Saccharomyces_mikatae              0.4502255 0.5917789 0.4143003 0.8820032 0.5661143 0.4888011 0.1461127 0.1193781 0.1932643 0.2075551 0.0000000 0.1271057 0.1818001 0.6294477 0.5644292 
Saccharomyces_paradoxus            0.5065025 0.5927910 0.4860569 0.8593891 0.6233830 0.5423117 0.2014929 0.1062165 0.2158683 0.1995515 0.1271057 0.0000000 0.1986287 0.6019131 0.5614005 
Saccharomyces_uvarum               0.4734640 0.5679409 0.3998187 0.8648480 0.5409633 0.5181970 0.1595481 0.1921913 0.0445491 0.1564114 0.1818001 0.1986287 0.0000000 0.5258512 0.4690228 
Tetrapisispora_blattae             0.7769894 0.7544579 0.6320007 1.3268881 0.7765363 0.6726253 0.6441533 0.6465617 0.5424523 0.5500756 0.6294477 0.6019131 0.5258512 0.0000000 0.2000481 
yHMPu5000035629_Yueomyces_sinensis 0.6400287 0.6783828 0.5776669 1.0343473 0.7235046 0.6610958 0.5518434 0.5734042 0.4686011 0.5230982 0.5644292 0.5614005 0.4690228 0.2000481 0.0000000 
