15
Candida_glabrata                   0.0000000 0.9785152 0.3431907 1.3033324 0.3360440 0.3101912 1.1737727 1.1592215 1.1773300 1.1548230 1.1412179 1.2305988 1.1714253 1.4278242 1.6588001 
Nakaseomyces_bacillisporus         0.9785152 0.0000000 1.0120804 0.7248668 0.9416917 0.9561626 1.1744097 1.1584122 1.1411997 1.1625844 1.2258896 1.1343373 1.0986850 1.6019210 1.6777020 
Nakaseomyces_bracarensis           0.3431907 1.0120804 0.0000000 1.3773459 0.2120386 0.1552403 1.1884816 1.1837716 1.2357989 1.1682149 1.2120209 1.2500043 1.1708158 1.5132421 1.7694472 
Nakaseomyces_castellii             1.3033324 0.7248668 1.3773459 0.0000000 1.3772909 1.3534657 1.6554006 1.5030433 1.6840560 1.6120693 1.5880187 1.5822153 1.6257239 1.9934345 1.9467133 
Nakaseomyces_delphensis            0.3360440 0.9416917 0.2120386 1.3772909 0.0000000 0.1646544 1.1024327 1.1849027 1.1362130 1.1427953 1.1420262 1.1537394 1.1181457 1.6556355 1.7508645 
Nakaseomyces_nivariensis           0.3101912 0.9561626 0.1552403 1.3534657 0.1646544 0.0000000 1.1415141 1.1361286 1.1871651 1.1259073 1.1688484 1.1875374 1.1528080 1.5191334 1.6456395 
Saccharomyces_arboricola           1.1737727 1.1744097 1.1884816 1.6554006 1.1024327 1.1415141 0.0000000 0.2986558 0.2642189 0.2486270 0.3301322 0.3222012 0.2578531 1.5746413 1.4965809 
Saccharomyces_cerevisiae           1.1592215 1.1584122 1.1837716 1.5030433 1.1849027 1.1361286 0.2986558 0.0000000 0.3004941 0.2974430 0.2439433 0.1454649 0.2892613 1.5299477 1.5085343 
Saccharomyces_eubayanus            1.1773300 1.1411997 1.2357989 1.6840560 1.1362130 1.1871651 0.2642189 0.3004941 0.0000000 0.2795499 0.3143432 0.2822239 0.0810073 1.4957639 1.4937731 
Saccharomyces_kudriavzevii         1.1548230 1.1625844 1.1682149 1.6120693 1.1427953 1.1259073 0.2486270 0.2974430 0.2795499 0.0000000 0.2866331 0.2780547 0.2808910 1.6222189 1.5347842 
Saccharomyces_mikatae              1.1412179 1.2258896 1.2120209 1.5880187 1.1420262 1.1688484 0.3301322 0.2439433 0.3143432 0.2866331 0.0000000 0.2185080 0.3189552 1.5496002 1.5197154 
Saccharomyces_paradoxus            1.2305988 1.1343373 1.2500043 1.5822153 1.1537394 1.1875374 0.3222012 0.1454649 0.2822239 0.2780547 0.2185080 0.0000000 0.2849972 1.5345457 1.5214853 
Saccharomyces_uvarum               1.1714253 1.0986850 1.1708158 1.6257239 1.1181457 1.1528080 0.2578531 0.2892613 0.0810073 0.2808910 0.3189552 0.2849972 0.0000000 1.5176443 1.5121578 
Tetrapisispora_blattae             1.4278242 1.6019210 1.5132421 1.9934345 1.6556355 1.5191334 1.5746413 1.5299477 1.4957639 1.6222189 1.5496002 1.5345457 1.5176443 0.0000000 0.9521960 
yHMPu5000035629_Yueomyces_sinensis 1.6588001 1.6777020 1.7694472 1.9467133 1.7508645 1.6456395 1.4965809 1.5085343 1.4937731 1.5347842 1.5197154 1.5214853 1.5121578 0.9521960 0.0000000 
