15
Candida_glabrata                   0.0000000 1.6989699 0.9154993 1.5741521 0.9507753 0.8362390 1.5779319 1.6691878 1.5583204 1.3642412 1.8428470 1.5713857 1.6280263 2.7360017 3.1132458 
Nakaseomyces_bacillisporus         1.6989699 0.0000000 1.8343805 1.2579644 1.4566330 1.4003437 1.1448869 1.1627021 1.2631653 1.1389085 1.3648281 1.2465392 1.2124142 1.8414530 2.6597439 
Nakaseomyces_bracarensis           0.9154993 1.8343805 0.0000000 1.7240278 0.6696646 0.4975030 1.5740557 1.6167331 1.4668353 1.1958672 1.5304980 1.7296579 1.4933621 3.0137832 2.6367930 
Nakaseomyces_castellii             1.5741521 1.2579644 1.7240278 0.0000000 1.4327733 1.4709313 1.9364781 1.8940828 1.9624996 1.4974344 2.0021002 1.9458330 1.8972885 2.4324048 2.4626056 
Nakaseomyces_delphensis            0.9507753 1.4566330 0.6696646 1.4327733 0.0000000 0.4115453 1.3910777 1.4068605 1.4124892 1.1350860 1.4745763 1.4417506 1.4672581 2.7487401 2.6769873 
Nakaseomyces_nivariensis           0.8362390 1.4003437 0.4975030 1.4709313 0.4115453 0.0000000 1.4248332 1.3882547 1.3912426 1.3443162 1.4733674 1.4541308 1.4022242 2.4937437 2.7448566 
Saccharomyces_arboricola           1.5779319 1.1448869 1.5740557 1.9364781 1.3910777 1.4248332 0.0000000 0.2925908 0.2379218 0.1955789 0.2873744 0.2464299 0.2234047 2.6154943 2.5445157 
Saccharomyces_cerevisiae           1.6691878 1.1627021 1.6167331 1.8940828 1.4068605 1.3882547 0.2925908 0.0000000 0.3442111 0.2898257 0.2654518 0.1205721 0.3221438 2.4757363 2.7717402 
Saccharomyces_eubayanus            1.5583204 1.2631653 1.4668353 1.9624996 1.4124892 1.3912426 0.2379218 0.3442111 0.0000000 0.2813620 0.3489443 0.3169072 0.0588476 2.7785413 2.6723669 
Saccharomyces_kudriavzevii         1.3642412 1.1389085 1.1958672 1.4974344 1.1350860 1.3443162 0.1955789 0.2898257 0.2813620 0.0000000 0.2775852 0.2446466 0.2544630 2.3023800 2.6744572 
Saccharomyces_mikatae              1.8428470 1.3648281 1.5304980 2.0021002 1.4745763 1.4733674 0.2873744 0.2654518 0.3489443 0.2775852 0.0000000 0.2122102 0.3069879 2.8264209 2.8000977 
Saccharomyces_paradoxus            1.5713857 1.2465392 1.7296579 1.9458330 1.4417506 1.4541308 0.2464299 0.1205721 0.3169072 0.2446466 0.2122102 0.0000000 0.3077857 2.5354833 2.6072233 
Saccharomyces_uvarum               1.6280263 1.2124142 1.4933621 1.8972885 1.4672581 1.4022242 0.2234047 0.3221438 0.0588476 0.2544630 0.3069879 0.3077857 0.0000000 2.7578286 2.6520604 
Tetrapisispora_blattae             2.7360017 1.8414530 3.0137832 2.4324048 2.7487401 2.4937437 2.6154943 2.4757363 2.7785413 2.3023800 2.8264209 2.5354833 2.7578286 0.0000000 1.5700855 
yHMPu5000035629_Yueomyces_sinensis 3.1132458 2.6597439 2.6367930 2.4626056 2.6769873 2.7448566 2.5445157 2.7717402 2.6723669 2.6744572 2.8000977 2.6072233 2.6520604 1.5700855 0.0000000 
