15
Candida_glabrata                   0.0000000 1.4850583 0.8882170 1.9659977 0.8929724 0.8964075 1.3656709 1.3960067 1.4913613 1.3505960 1.4387500 1.4243814 1.4245218 1.7847749 1.9054529 
Nakaseomyces_bacillisporus         1.4850583 0.0000000 1.5771147 1.9557226 1.5625443 1.3692196 1.2674433 1.3134550 1.3108658 1.2919840 1.2667042 1.3200869 1.3106409 1.4970479 1.7931131 
Nakaseomyces_bracarensis           0.8882170 1.5771147 0.0000000 2.0083310 0.6067247 0.5947395 1.4177595 1.4502333 1.4908991 1.5690109 1.4752608 1.4537835 1.5221175 1.9362410 1.9753948 
Nakaseomyces_castellii             1.9659977 1.9557226 2.0083310 0.0000000 1.8533149 2.0776105 1.9964577 2.1007850 1.9712578 2.0969524 2.1403368 1.9772618 2.0718898 2.3836904 2.6895131 
Nakaseomyces_delphensis            0.8929724 1.5625443 0.6067247 1.8533149 0.0000000 0.5386638 1.4026424 1.4386216 1.4141536 1.4830894 1.3918042 1.4368321 1.3405652 1.8774793 1.9523178 
Nakaseomyces_nivariensis           0.8964075 1.3692196 0.5947395 2.0776105 0.5386638 0.0000000 1.2978389 1.2760946 1.3716728 1.2964255 1.2976095 1.2808951 1.3140136 1.6099479 1.6776365 
Saccharomyces_arboricola           1.3656709 1.2674433 1.4177595 1.9964577 1.4026424 1.2978389 0.0000000 0.3035318 0.2512074 0.2315334 0.2987905 0.2720373 0.2473415 1.7082206 1.7081212 
Saccharomyces_cerevisiae           1.3960067 1.3134550 1.4502333 2.1007850 1.4386216 1.2760946 0.3035318 0.0000000 0.3539089 0.2844427 0.2515838 0.1381662 0.3427992 1.6955421 1.7147049 
Saccharomyces_eubayanus            1.4913613 1.3108658 1.4908991 1.9712578 1.4141536 1.3716728 0.2512074 0.3539089 0.0000000 0.2509393 0.2907205 0.3374841 0.0911494 1.6646335 1.7917165 
Saccharomyces_kudriavzevii         1.3505960 1.2919840 1.5690109 2.0969524 1.4830894 1.2964255 0.2315334 0.2844427 0.2509393 0.0000000 0.2698734 0.2576109 0.2220841 1.6596471 1.7585636 
Saccharomyces_mikatae              1.4387500 1.2667042 1.4752608 2.1403368 1.3918042 1.2976095 0.2987905 0.2515838 0.2907205 0.2698734 0.0000000 0.2134853 0.3016525 1.7408959 1.7343722 
Saccharomyces_paradoxus            1.4243814 1.3200869 1.4537835 1.9772618 1.4368321 1.2808951 0.2720373 0.1381662 0.3374841 0.2576109 0.2134853 0.0000000 0.3287999 1.6662304 1.7169635 
Saccharomyces_uvarum               1.4245218 1.3106409 1.5221175 2.0718898 1.3405652 1.3140136 0.2473415 0.3427992 0.0911494 0.2220841 0.3016525 0.3287999 0.0000000 1.6856200 1.8295335 
Tetrapisispora_blattae             1.7847749 1.4970479 1.9362410 2.3836904 1.8774793 1.6099479 1.7082206 1.6955421 1.6646335 1.6596471 1.7408959 1.6662304 1.6856200 0.0000000 0.8844320 
yHMPu5000035629_Yueomyces_sinensis 1.9054529 1.7931131 1.9753948 2.6895131 1.9523178 1.6776365 1.7081212 1.7147049 1.7917165 1.7585636 1.7343722 1.7169635 1.8295335 0.8844320 0.0000000 
