15
Candida_glabrata                   0.0000000 1.2086478 0.4532568 1.2597719 0.4582824 0.4402371 1.1144214 0.9861681 0.9844923 1.1014843 1.1209886 1.0558538 0.9574119 1.5122049 1.9519734 
Nakaseomyces_bacillisporus         1.2086478 0.0000000 1.3297311 1.1899132 1.2924349 1.2968823 1.2526790 1.2506927 1.2048645 1.3106821 1.2595534 1.2252910 1.2137204 1.6157576 1.8606049 
Nakaseomyces_bracarensis           0.4532568 1.3297311 0.0000000 1.3251938 0.3247871 0.2936940 1.0597611 0.9486653 0.9618399 1.0597950 0.9925940 0.9371426 1.0050351 1.5668214 1.9745910 
Nakaseomyces_castellii             1.2597719 1.1899132 1.3251938 0.0000000 1.3157130 1.3287397 1.1972361 1.1191805 1.2267830 1.2194091 1.1980752 1.1347006 1.2951021 1.6585828 2.1637942 
Nakaseomyces_delphensis            0.4582824 1.2924349 0.3247871 1.3157130 0.0000000 0.2123151 1.1532889 1.0332284 0.9886758 1.0693925 1.1082212 1.0601329 1.0039183 1.5022130 2.0211137 
Nakaseomyces_nivariensis           0.4402371 1.2968823 0.2936940 1.3287397 0.2123151 0.0000000 1.0947574 0.9633003 0.9751511 1.0845138 1.1171469 1.0134918 1.0044262 1.6279824 2.2246866 
Saccharomyces_arboricola           1.1144214 1.2526790 1.0597611 1.1972361 1.1532889 1.0947574 0.0000000 0.2704650 0.2472648 0.1904327 0.2661888 0.2755933 0.2259749 1.2050057 1.6169140 
Saccharomyces_cerevisiae           0.9861681 1.2506927 0.9486653 1.1191805 1.0332284 0.9633003 0.2704650 0.0000000 0.3339410 0.2379432 0.2176234 0.1193832 0.3185191 1.3360132 1.6513694 
Saccharomyces_eubayanus            0.9844923 1.2048645 0.9618399 1.2267830 0.9886758 0.9751511 0.2472648 0.3339410 0.0000000 0.2500586 0.3245447 0.3493093 0.0641154 1.2480288 1.6583579 
Saccharomyces_kudriavzevii         1.1014843 1.3106821 1.0597950 1.2194091 1.0693925 1.0845138 0.1904327 0.2379432 0.2500586 0.0000000 0.2495786 0.2420665 0.2371572 1.3225488 1.5625938 
Saccharomyces_mikatae              1.1209886 1.2595534 0.9925940 1.1980752 1.1082212 1.1171469 0.2661888 0.2176234 0.3245447 0.2495786 0.0000000 0.2383236 0.2960902 1.3108035 1.4946609 
Saccharomyces_paradoxus            1.0558538 1.2252910 0.9371426 1.1347006 1.0601329 1.0134918 0.2755933 0.1193832 0.3493093 0.2420665 0.2383236 0.0000000 0.3361721 1.3056882 1.6192382 
Saccharomyces_uvarum               0.9574119 1.2137204 1.0050351 1.2951021 1.0039183 1.0044262 0.2259749 0.3185191 0.0641154 0.2371572 0.2960902 0.3361721 0.0000000 1.2861829 1.7091362 
Tetrapisispora_blattae             1.5122049 1.6157576 1.5668214 1.6585828 1.5022130 1.6279824 1.2050057 1.3360132 1.2480288 1.3225488 1.3108035 1.3056882 1.2861829 0.0000000 0.9390932 
yHMPu5000035629_Yueomyces_sinensis 1.9519734 1.8606049 1.9745910 2.1637942 2.0211137 2.2246866 1.6169140 1.6513694 1.6583579 1.5625938 1.4946609 1.6192382 1.7091362 0.9390932 0.0000000 
