15
Candida_glabrata                   0.0000000 2.5007021 0.8142355 2.3964090 0.7877495 0.7939615 1.8188812 1.7233705 1.7886317 1.8636220 1.9052615 1.8175892 1.8122743 2.3348268 2.3046209 
Nakaseomyces_bacillisporus         2.5007021 0.0000000 2.3677884 2.8734578 2.3172324 2.2497127 1.9653735 2.0292010 1.8446681 2.0093868 2.0252132 2.0687503 1.8311201 1.9418317 2.1794480 
Nakaseomyces_bracarensis           0.8142355 2.3677884 0.0000000 2.3966301 0.3705030 0.3877322 1.8507376 1.8504487 1.7713166 1.9808255 1.9387171 1.9104880 1.7864002 2.0257559 2.2490359 
Nakaseomyces_castellii             2.3964090 2.8734578 2.3966301 0.0000000 2.5173958 2.5987465 2.3762553 2.2798376 2.3845689 2.4558373 2.5698372 2.4233765 2.3163302 3.1141821 2.7069254 
Nakaseomyces_delphensis            0.7877495 2.3172324 0.3705030 2.5173958 0.0000000 0.2661929 1.7298602 1.8077505 1.7449069 1.8066765 1.8595515 1.9037513 1.8428542 1.8929987 2.0395120 
Nakaseomyces_nivariensis           0.7939615 2.2497127 0.3877322 2.5987465 0.2661929 0.0000000 1.6743799 1.7578488 1.6686311 1.7814699 1.8605927 1.8664610 1.7799386 2.0191811 2.0912982 
Saccharomyces_arboricola           1.8188812 1.9653735 1.8507376 2.3762553 1.7298602 1.6743799 0.0000000 0.2385281 0.2682431 0.2326031 0.2482037 0.2583868 0.2713985 1.6552809 1.7075739 
Saccharomyces_cerevisiae           1.7233705 2.0292010 1.8504487 2.2798376 1.8077505 1.7578488 0.2385281 0.0000000 0.2745092 0.2611700 0.2174724 0.1071896 0.2895757 1.7458942 1.7539652 
Saccharomyces_eubayanus            1.7886317 1.8446681 1.7713166 2.3845689 1.7449069 1.6686311 0.2682431 0.2745092 0.0000000 0.2688010 0.3085073 0.2987633 0.0915271 1.7788461 1.7452072 
Saccharomyces_kudriavzevii         1.8636220 2.0093868 1.9808255 2.4558373 1.8066765 1.7814699 0.2326031 0.2611700 0.2688010 0.0000000 0.2506031 0.2341276 0.2726983 1.6716707 1.7241539 
Saccharomyces_mikatae              1.9052615 2.0252132 1.9387171 2.5698372 1.8595515 1.8605927 0.2482037 0.2174724 0.3085073 0.2506031 0.0000000 0.1775247 0.3169442 1.7476615 1.8838999 
Saccharomyces_paradoxus            1.8175892 2.0687503 1.9104880 2.4233765 1.9037513 1.8664610 0.2583868 0.1071896 0.2987633 0.2341276 0.1775247 0.0000000 0.2842700 1.7417032 1.8518609 
Saccharomyces_uvarum               1.8122743 1.8311201 1.7864002 2.3163302 1.8428542 1.7799386 0.2713985 0.2895757 0.0915271 0.2726983 0.3169442 0.2842700 0.0000000 1.7607338 1.7804826 
Tetrapisispora_blattae             2.3348268 1.9418317 2.0257559 3.1141821 1.8929987 2.0191811 1.6552809 1.7458942 1.7788461 1.6716707 1.7476615 1.7417032 1.7607338 0.0000000 0.9583831 
yHMPu5000035629_Yueomyces_sinensis 2.3046209 2.1794480 2.2490359 2.7069254 2.0395120 2.0912982 1.7075739 1.7539652 1.7452072 1.7241539 1.8838999 1.8518609 1.7804826 0.9583831 0.0000000 
