15
Candida_glabrata                   0.0000000 0.7662039 0.4603959 0.8359352 0.5804815 0.4910262 0.8075728 0.8184209 0.8728818 0.8326962 0.8538426 0.7961466 0.8923033 1.0093857 1.2088122 
Nakaseomyces_bacillisporus         0.7662039 0.0000000 0.8371785 0.7127434 0.9903338 1.0043829 0.6456099 0.6098947 0.6821276 0.6313638 0.6086420 0.6025411 0.6367629 1.0334559 1.2405044 
Nakaseomyces_bracarensis           0.4603959 0.8371785 0.0000000 0.9389948 0.3421083 0.3080587 0.9509669 0.9068554 0.8521489 0.8591659 0.8915486 0.9028114 0.8475713 1.1146683 1.0860904 
Nakaseomyces_castellii             0.8359352 0.7127434 0.9389948 0.0000000 0.9077354 0.9145124 0.8037097 0.7872477 0.7120351 0.7606341 0.8652583 0.7787656 0.7763639 1.1331988 1.2331893 
Nakaseomyces_delphensis            0.5804815 0.9903338 0.3421083 0.9077354 0.0000000 0.3137588 1.0309813 0.9387696 0.8904652 0.8708240 0.9152944 0.9395670 0.9096349 1.1789018 1.2644481 
Nakaseomyces_nivariensis           0.4910262 1.0043829 0.3080587 0.9145124 0.3137588 0.0000000 1.0034807 0.9838133 0.9476943 0.9168202 0.9076780 0.9139744 0.9460899 1.0872914 1.1978491 
Saccharomyces_arboricola           0.8075728 0.6456099 0.9509669 0.8037097 1.0309813 1.0034807 0.0000000 0.2346397 0.2243442 0.1962383 0.2545102 0.2497534 0.2403722 0.9383011 0.9608304 
Saccharomyces_cerevisiae           0.8184209 0.6098947 0.9068554 0.7872477 0.9387696 0.9838133 0.2346397 0.0000000 0.2794617 0.1890271 0.1817578 0.0805481 0.2886263 0.9389382 0.9452060 
Saccharomyces_eubayanus            0.8728818 0.6821276 0.8521489 0.7120351 0.8904652 0.9476943 0.2243442 0.2794617 0.0000000 0.2243454 0.2649390 0.2678942 0.0735941 0.9124081 1.0084460 
Saccharomyces_kudriavzevii         0.8326962 0.6313638 0.8591659 0.7606341 0.8708240 0.9168202 0.1962383 0.1890271 0.2243454 0.0000000 0.1865651 0.1769238 0.2242821 0.9369298 0.9129827 
Saccharomyces_mikatae              0.8538426 0.6086420 0.8915486 0.8652583 0.9152944 0.9076780 0.2545102 0.1817578 0.2649390 0.1865651 0.0000000 0.1641963 0.2611072 0.9498583 1.0061466 
Saccharomyces_paradoxus            0.7961466 0.6025411 0.9028114 0.7787656 0.9395670 0.9139744 0.2497534 0.0805481 0.2678942 0.1769238 0.1641963 0.0000000 0.2509747 0.8615252 0.9376103 
Saccharomyces_uvarum               0.8923033 0.6367629 0.8475713 0.7763639 0.9096349 0.9460899 0.2403722 0.2886263 0.0735941 0.2242821 0.2611072 0.2509747 0.0000000 0.9641605 1.0194610 
Tetrapisispora_blattae             1.0093857 1.0334559 1.1146683 1.1331988 1.1789018 1.0872914 0.9383011 0.9389382 0.9124081 0.9369298 0.9498583 0.8615252 0.9641605 0.0000000 0.6774575 
yHMPu5000035629_Yueomyces_sinensis 1.2088122 1.2405044 1.0860904 1.2331893 1.2644481 1.1978491 0.9608304 0.9452060 1.0084460 0.9129827 1.0061466 0.9376103 1.0194610 0.6774575 0.0000000 
