15
Candida_glabrata                   0.0000000 2.6439500 0.9743015 3.0206834 1.0728642 0.9866195 1.6075983 1.7681905 1.6187857 1.6066955 1.6100188 1.6960770 1.6433367 1.8491473 1.8264540 
Nakaseomyces_bacillisporus         2.6439500 0.0000000 2.8717251 2.3454923 2.8758441 2.8531277 2.3401512 2.2134246 2.4080544 2.2893428 2.2124367 2.2532323 2.4553371 2.5334695 2.2434661 
Nakaseomyces_bracarensis           0.9743015 2.8717251 0.0000000 3.1448948 0.6768220 0.5944720 1.8085878 1.9590228 1.8428182 1.8745361 1.8881956 1.8572947 1.9701256 1.9011283 2.2574384 
Nakaseomyces_castellii             3.0206834 2.3454923 3.1448948 0.0000000 3.3164912 3.3407024 3.4558501 2.8223802 3.1977496 3.3439151 2.9474065 2.9824245 3.2147821 3.5783971 3.6576920 
Nakaseomyces_delphensis            1.0728642 2.8758441 0.6768220 3.3164912 0.0000000 0.5137818 1.6430151 1.8754330 1.6705155 1.7375287 1.6826279 1.8156899 1.7065716 1.7901289 2.3221052 
Nakaseomyces_nivariensis           0.9866195 2.8531277 0.5944720 3.3407024 0.5137818 0.0000000 1.6266720 1.7564809 1.5668090 1.7148414 1.6399646 1.7582046 1.6043376 1.7860462 2.4406312 
Saccharomyces_arboricola           1.6075983 2.3401512 1.8085878 3.4558501 1.6430151 1.6266720 0.0000000 0.4424438 0.4080133 0.2597864 0.3562880 0.3868254 0.3466030 1.3470657 1.8028646 
Saccharomyces_cerevisiae           1.7681905 2.2134246 1.9590228 2.8223802 1.8754330 1.7564809 0.4424438 0.0000000 0.5241160 0.3482200 0.3155082 0.1525270 0.4808417 1.5209002 1.8937534 
Saccharomyces_eubayanus            1.6187857 2.4080544 1.8428182 3.1977496 1.6705155 1.5668090 0.4080133 0.5241160 0.0000000 0.4491391 0.4368157 0.5097173 0.0806089 1.4241614 1.9924523 
Saccharomyces_kudriavzevii         1.6066955 2.2893428 1.8745361 3.3439151 1.7375287 1.7148414 0.2597864 0.3482200 0.4491391 0.0000000 0.3477560 0.3150360 0.3896913 1.4715375 1.8585371 
Saccharomyces_mikatae              1.6100188 2.2124367 1.8881956 2.9474065 1.6826279 1.6399646 0.3562880 0.3155082 0.4368157 0.3477560 0.0000000 0.2179704 0.4102044 1.4597857 1.8132183 
Saccharomyces_paradoxus            1.6960770 2.2532323 1.8572947 2.9824245 1.8156899 1.7582046 0.3868254 0.1525270 0.5097173 0.3150360 0.2179704 0.0000000 0.4525574 1.4654102 1.8628877 
Saccharomyces_uvarum               1.6433367 2.4553371 1.9701256 3.2147821 1.7065716 1.6043376 0.3466030 0.4808417 0.0806089 0.3896913 0.4102044 0.4525574 0.0000000 1.4346136 1.8681363 
Tetrapisispora_blattae             1.8491473 2.5334695 1.9011283 3.5783971 1.7901289 1.7860462 1.3470657 1.5209002 1.4241614 1.4715375 1.4597857 1.4654102 1.4346136 0.0000000 1.1662876 
yHMPu5000035629_Yueomyces_sinensis 1.8264540 2.2434661 2.2574384 3.6576920 2.3221052 2.4406312 1.8028646 1.8937534 1.9924523 1.8585371 1.8132183 1.8628877 1.8681363 1.1662876 0.0000000 
