15
Candida_glabrata                   0.0000000 2.0094301 1.0870870 2.3375420 1.1181139 0.8908766 1.8286390 1.9603646 1.8919088 1.9213858 1.8473736 1.9347299 1.8769552 1.9961882 2.0109500 
Nakaseomyces_bacillisporus         2.0094301 0.0000000 1.9890525 1.9923362 1.9508681 1.6932902 1.8064832 1.8665761 1.7389915 1.7905298 1.7280472 1.7749072 1.8294036 1.9728341 2.4169272 
Nakaseomyces_bracarensis           1.0870870 1.9890525 0.0000000 2.7597410 0.6325670 0.5116381 1.6178085 1.7507699 1.4848462 1.7190209 1.5715561 1.7040854 1.5030912 1.9143400 2.1135200 
Nakaseomyces_castellii             2.3375420 1.9923362 2.7597410 0.0000000 2.7182574 2.4089425 2.1997566 2.2002241 2.0323634 2.2262979 2.2274633 2.0586976 2.0759399 2.7896996 3.0410343 
Nakaseomyces_delphensis            1.1181139 1.9508681 0.6325670 2.7182574 0.0000000 0.5483304 1.6601985 1.9353326 1.6673907 1.8233526 1.7502725 1.7948751 1.6576247 2.0811346 2.2609887 
Nakaseomyces_nivariensis           0.8908766 1.6932902 0.5116381 2.4089425 0.5483304 0.0000000 1.5846045 1.6052900 1.5449624 1.6699947 1.5585237 1.6005422 1.5223384 1.7761192 1.8893809 
Saccharomyces_arboricola           1.8286390 1.8064832 1.6178085 2.1997566 1.6601985 1.5846045 0.0000000 0.3306453 0.2792183 0.2809151 0.2870112 0.2810797 0.2670986 1.5508799 2.0080855 
Saccharomyces_cerevisiae           1.9603646 1.8665761 1.7507699 2.2002241 1.9353326 1.6052900 0.3306453 0.0000000 0.3633997 0.3326666 0.2813083 0.1248471 0.3443090 1.6024688 1.9935241 
Saccharomyces_eubayanus            1.8919088 1.7389915 1.4848462 2.0323634 1.6673907 1.5449624 0.2792183 0.3633997 0.0000000 0.3089329 0.3580326 0.3692687 0.0740851 1.5729405 1.9879885 
Saccharomyces_kudriavzevii         1.9213858 1.7905298 1.7190209 2.2262979 1.8233526 1.6699947 0.2809151 0.3326666 0.3089329 0.0000000 0.3171326 0.3178256 0.2693750 1.6198009 2.0749941 
Saccharomyces_mikatae              1.8473736 1.7280472 1.5715561 2.2274633 1.7502725 1.5585237 0.2870112 0.2813083 0.3580326 0.3171326 0.0000000 0.2344278 0.3342651 1.6363866 2.1286124 
Saccharomyces_paradoxus            1.9347299 1.7749072 1.7040854 2.0586976 1.7948751 1.6005422 0.2810797 0.1248471 0.3692687 0.3178256 0.2344278 0.0000000 0.3366528 1.5442375 2.0488864 
Saccharomyces_uvarum               1.8769552 1.8294036 1.5030912 2.0759399 1.6576247 1.5223384 0.2670986 0.3443090 0.0740851 0.2693750 0.3342651 0.3366528 0.0000000 1.4908837 1.8756404 
Tetrapisispora_blattae             1.9961882 1.9728341 1.9143400 2.7896996 2.0811346 1.7761192 1.5508799 1.6024688 1.5729405 1.6198009 1.6363866 1.5442375 1.4908837 0.0000000 1.3557948 
yHMPu5000035629_Yueomyces_sinensis 2.0109500 2.4169272 2.1135200 3.0410343 2.2609887 1.8893809 2.0080855 1.9935241 1.9879885 2.0749941 2.1286124 2.0488864 1.8756404 1.3557948 0.0000000 
