15
Candida_glabrata                   0.0000000 1.3871100 0.9003723 2.0892760 0.8381863 0.7727532 1.3259041 1.2964009 1.2788123 1.3096682 1.2768638 1.2827833 1.2820742 1.4968898 1.6002456 
Nakaseomyces_bacillisporus         1.3871100 0.0000000 1.6347123 1.5925455 1.7206627 1.4143604 1.3449442 1.3237399 1.2404345 1.3444632 1.3824793 1.3714626 1.3233331 1.3810627 1.6479169 
Nakaseomyces_bracarensis           0.9003723 1.6347123 0.0000000 2.4612563 0.5911203 0.5306871 1.3521653 1.3203786 1.3758960 1.3704157 1.3737574 1.3445706 1.3846893 1.5028873 1.5288459 
Nakaseomyces_castellii             2.0892760 1.5925455 2.4612563 0.0000000 2.6510680 2.1745729 1.7822862 1.8025960 1.9231312 1.7228394 1.8005683 1.8229243 1.9142796 2.2429419 1.7956949 
Nakaseomyces_delphensis            0.8381863 1.7206627 0.5911203 2.6510680 0.0000000 0.5215771 1.3938435 1.4313643 1.4198954 1.3208710 1.4610436 1.4226610 1.4157112 1.6367480 1.5415881 
Nakaseomyces_nivariensis           0.7727532 1.4143604 0.5306871 2.1745729 0.5215771 0.0000000 1.3205613 1.3599069 1.3101571 1.3138816 1.3036135 1.3982894 1.3324439 1.6198645 1.5793595 
Saccharomyces_arboricola           1.3259041 1.3449442 1.3521653 1.7822862 1.3938435 1.3205613 0.0000000 0.2481426 0.1906253 0.1961630 0.2267888 0.2280903 0.1961803 1.2395645 1.2345812 
Saccharomyces_cerevisiae           1.2964009 1.3237399 1.3203786 1.8025960 1.4313643 1.3599069 0.2481426 0.0000000 0.2384152 0.2114577 0.1646372 0.1107997 0.2501085 1.1481402 1.2673911 
Saccharomyces_eubayanus            1.2788123 1.2404345 1.3758960 1.9231312 1.4198954 1.3101571 0.1906253 0.2384152 0.0000000 0.2030681 0.2267610 0.1964370 0.0730685 1.1732997 1.2095958 
Saccharomyces_kudriavzevii         1.3096682 1.3444632 1.3704157 1.7228394 1.3208710 1.3138816 0.1961630 0.2114577 0.2030681 0.0000000 0.1909258 0.1691384 0.2165587 1.2139487 1.2698026 
Saccharomyces_mikatae              1.2768638 1.3824793 1.3737574 1.8005683 1.4610436 1.3036135 0.2267888 0.1646372 0.2267610 0.1909258 0.0000000 0.1203821 0.2381909 1.2443908 1.2831732 
Saccharomyces_paradoxus            1.2827833 1.3714626 1.3445706 1.8229243 1.4226610 1.3982894 0.2280903 0.1107997 0.1964370 0.1691384 0.1203821 0.0000000 0.2214176 1.1931914 1.2276339 
Saccharomyces_uvarum               1.2820742 1.3233331 1.3846893 1.9142796 1.4157112 1.3324439 0.1961803 0.2501085 0.0730685 0.2165587 0.2381909 0.2214176 0.0000000 1.2234521 1.2833215 
Tetrapisispora_blattae             1.4968898 1.3810627 1.5028873 2.2429419 1.6367480 1.6198645 1.2395645 1.1481402 1.1732997 1.2139487 1.2443908 1.1931914 1.2234521 0.0000000 0.7988344 
yHMPu5000035629_Yueomyces_sinensis 1.6002456 1.6479169 1.5288459 1.7956949 1.5415881 1.5793595 1.2345812 1.2673911 1.2095958 1.2698026 1.2831732 1.2276339 1.2833215 0.7988344 0.0000000 
