15
Candida_glabrata                   0.0000000 2.8329136 0.8187327 2.9049797 0.8339113 0.9382045 2.9022106 2.8364500 2.8589349 3.0243479 2.9227624 2.9214381 2.8352669 3.2979684 3.1252154 
Nakaseomyces_bacillisporus         2.8329136 0.0000000 2.5274196 1.3658353 2.6230053 2.6695404 1.8247771 1.7470552 1.7933740 1.8678602 1.7856471 1.7537704 1.7377766 2.1211611 2.1713400 
Nakaseomyces_bracarensis           0.8187327 2.5274196 0.0000000 2.7128973 0.4912918 0.4630855 2.7378383 2.6346042 2.7018816 2.8080603 2.7529211 2.7116532 2.7130092 3.4275491 3.0974742 
Nakaseomyces_castellii             2.9049797 1.3658353 2.7128973 0.0000000 2.8408338 2.8252275 2.2924877 2.3228337 2.3730859 2.4682062 2.2476243 2.3141721 2.3820546 2.5269318 2.5062960 
Nakaseomyces_delphensis            0.8339113 2.6230053 0.4912918 2.8408338 0.0000000 0.3851509 2.7974880 2.6752876 2.6167741 2.8849811 2.7382222 2.7737954 2.6885638 3.3062151 3.0787119 
Nakaseomyces_nivariensis           0.9382045 2.6695404 0.4630855 2.8252275 0.3851509 0.0000000 2.7998672 2.6672499 2.7280898 2.7740821 2.6868474 2.7533554 2.7642940 3.2377508 3.1162153 
Saccharomyces_arboricola           2.9022106 1.8247771 2.7378383 2.2924877 2.7974880 2.7998672 0.0000000 0.3104514 0.3118704 0.2783967 0.3013981 0.2798278 0.3238867 2.3093401 2.7114670 
Saccharomyces_cerevisiae           2.8364500 1.7470552 2.6346042 2.3228337 2.6752876 2.6672499 0.3104514 0.0000000 0.3807977 0.2679931 0.2088255 0.1234034 0.3548878 2.2122311 2.7069711 
Saccharomyces_eubayanus            2.8589349 1.7933740 2.7018816 2.3730859 2.6167741 2.7280898 0.3118704 0.3807977 0.0000000 0.3285569 0.3448762 0.3625416 0.1034981 2.2831098 2.7214993 
Saccharomyces_kudriavzevii         3.0243479 1.8678602 2.8080603 2.4682062 2.8849811 2.7740821 0.2783967 0.2679931 0.3285569 0.0000000 0.2565176 0.2466895 0.3320006 2.3308948 2.7301687 
Saccharomyces_mikatae              2.9227624 1.7856471 2.7529211 2.2476243 2.7382222 2.6868474 0.3013981 0.2088255 0.3448762 0.2565176 0.0000000 0.1966992 0.3587522 2.2373057 2.5884971 
Saccharomyces_paradoxus            2.9214381 1.7537704 2.7116532 2.3141721 2.7737954 2.7533554 0.2798278 0.1234034 0.3625416 0.2466895 0.1966992 0.0000000 0.3320381 2.2559538 2.6887677 
Saccharomyces_uvarum               2.8352669 1.7377766 2.7130092 2.3820546 2.6885638 2.7642940 0.3238867 0.3548878 0.1034981 0.3320006 0.3587522 0.3320381 0.0000000 2.2991902 2.7977471 
Tetrapisispora_blattae             3.2979684 2.1211611 3.4275491 2.5269318 3.3062151 3.2377508 2.3093401 2.2122311 2.2831098 2.3308948 2.2373057 2.2559538 2.2991902 0.0000000 1.7045454 
yHMPu5000035629_Yueomyces_sinensis 3.1252154 2.1713400 3.0974742 2.5062960 3.0787119 3.1162153 2.7114670 2.7069711 2.7214993 2.7301687 2.5884971 2.6887677 2.7977471 1.7045454 0.0000000 
