15
Candida_glabrata                   0.0000000 1.7171720 0.6124806 1.9547469 0.7854771 0.7148604 1.5190861 1.5507836 1.7245766 1.5824002 1.4782769 1.6088202 1.6405656 1.8578971 2.0648310 
Nakaseomyces_bacillisporus         1.7171720 0.0000000 1.5604751 1.3511655 1.6909794 1.5989723 1.2409149 1.2300303 1.3108691 1.2796333 1.2838875 1.2004057 1.2899937 1.3861286 1.6510083 
Nakaseomyces_bracarensis           0.6124806 1.5604751 0.0000000 1.9058176 0.5508906 0.4019923 1.3187103 1.4621410 1.4474862 1.2720612 1.4310336 1.3833640 1.3141908 1.9971894 2.1103198 
Nakaseomyces_castellii             1.9547469 1.3511655 1.9058176 0.0000000 2.0644966 1.8470457 1.4051059 1.3496674 1.3600315 1.3627698 1.3504139 1.3525344 1.4488450 1.6713664 1.8051453 
Nakaseomyces_delphensis            0.7854771 1.6909794 0.5508906 2.0644966 0.0000000 0.5394656 1.4792650 1.5552363 1.5964300 1.4252956 1.6014050 1.5548164 1.4404648 2.2232144 2.6081432 
Nakaseomyces_nivariensis           0.7148604 1.5989723 0.4019923 1.8470457 0.5394656 0.0000000 1.2708954 1.3107631 1.3773163 1.1915955 1.2831804 1.2712258 1.3587108 1.7786928 2.2112501 
Saccharomyces_arboricola           1.5190861 1.2409149 1.3187103 1.4051059 1.4792650 1.2708954 0.0000000 0.2537819 0.2685241 0.1753153 0.2538527 0.2206474 0.2946103 1.4742793 1.6601685 
Saccharomyces_cerevisiae           1.5507836 1.2300303 1.4621410 1.3496674 1.5552363 1.3107631 0.2537819 0.0000000 0.2942349 0.2303865 0.1802227 0.0957771 0.3178683 1.4213059 1.7326660 
Saccharomyces_eubayanus            1.7245766 1.3108691 1.4474862 1.3600315 1.5964300 1.3773163 0.2685241 0.2942349 0.0000000 0.2555151 0.3099483 0.2575234 0.1176420 1.4350627 1.8037516 
Saccharomyces_kudriavzevii         1.5824002 1.2796333 1.2720612 1.3627698 1.4252956 1.1915955 0.1753153 0.2303865 0.2555151 0.0000000 0.2021030 0.1789034 0.2866053 1.4494488 1.7639891 
Saccharomyces_mikatae              1.4782769 1.2838875 1.4310336 1.3504139 1.6014050 1.2831804 0.2538527 0.1802227 0.3099483 0.2021030 0.0000000 0.1589442 0.3260030 1.4189613 1.6817214 
Saccharomyces_paradoxus            1.6088202 1.2004057 1.3833640 1.3525344 1.5548164 1.2712258 0.2206474 0.0957771 0.2575234 0.1789034 0.1589442 0.0000000 0.3038180 1.4177380 1.7086852 
Saccharomyces_uvarum               1.6405656 1.2899937 1.3141908 1.4488450 1.4404648 1.3587108 0.2946103 0.3178683 0.1176420 0.2866053 0.3260030 0.3038180 0.0000000 1.4975853 1.8282826 
Tetrapisispora_blattae             1.8578971 1.3861286 1.9971894 1.6713664 2.2232144 1.7786928 1.4742793 1.4213059 1.4350627 1.4494488 1.4189613 1.4177380 1.4975853 0.0000000 0.8328723 
yHMPu5000035629_Yueomyces_sinensis 2.0648310 1.6510083 2.1103198 1.8051453 2.6081432 2.2112501 1.6601685 1.7326660 1.8037516 1.7639891 1.6817214 1.7086852 1.8282826 0.8328723 0.0000000 
