15
Candida_glabrata                   0.0000000 1.4849304 0.6053405 1.4908230 0.6876294 0.5450829 1.1341780 1.0761186 1.1165763 1.0513261 1.1474475 1.1229307 1.0600177 1.4811276 1.8015843 
Nakaseomyces_bacillisporus         1.4849304 0.0000000 1.4867970 1.5368975 1.2652468 1.3947342 1.4698217 1.2645868 1.3789296 1.3801944 1.4585018 1.4903691 1.4548929 2.2181759 2.5492284 
Nakaseomyces_bracarensis           0.6053405 1.4867970 0.0000000 1.5887908 0.4999526 0.3827821 1.1858868 1.1612038 1.1715406 1.0996998 1.1096795 1.2165328 1.1339504 1.6558152 2.0186208 
Nakaseomyces_castellii             1.4908230 1.5368975 1.5887908 0.0000000 1.5960010 1.4207348 1.7757266 1.5665692 1.5849745 1.6447895 1.6047678 1.5987989 1.6908148 2.4775712 2.4632169 
Nakaseomyces_delphensis            0.6876294 1.2652468 0.4999526 1.5960010 0.0000000 0.3721906 1.1256779 1.0979986 1.2329423 1.1263697 1.0811217 1.0718930 1.1822952 1.7305796 1.9958884 
Nakaseomyces_nivariensis           0.5450829 1.3947342 0.3827821 1.4207348 0.3721906 0.0000000 1.2057995 1.0574860 1.1019579 1.0861866 1.0684847 1.0665700 1.0736323 1.5047349 1.7588792 
Saccharomyces_arboricola           1.1341780 1.4698217 1.1858868 1.7757266 1.1256779 1.2057995 0.0000000 0.2959079 0.3267404 0.2047525 0.2859927 0.2696004 0.2988703 1.6301271 1.9857580 
Saccharomyces_cerevisiae           1.0761186 1.2645868 1.1612038 1.5665692 1.0979986 1.0574860 0.2959079 0.0000000 0.2971340 0.2105767 0.2178156 0.1212496 0.2923426 1.4664178 1.8502524 
Saccharomyces_eubayanus            1.1165763 1.3789296 1.1715406 1.5849745 1.2329423 1.1019579 0.3267404 0.2971340 0.0000000 0.2406538 0.2968019 0.2776060 0.0837313 1.7813234 1.9762725 
Saccharomyces_kudriavzevii         1.0513261 1.3801944 1.0996998 1.6447895 1.1263697 1.0861866 0.2047525 0.2105767 0.2406538 0.0000000 0.1981137 0.1803244 0.2242699 1.6054873 1.9153687 
Saccharomyces_mikatae              1.1474475 1.4585018 1.1096795 1.6047678 1.0811217 1.0684847 0.2859927 0.2178156 0.2968019 0.1981137 0.0000000 0.1617260 0.2949975 1.7170117 2.0015858 
Saccharomyces_paradoxus            1.1229307 1.4903691 1.2165328 1.5987989 1.0718930 1.0665700 0.2696004 0.1212496 0.2776060 0.1803244 0.1617260 0.0000000 0.2890335 1.4456764 1.8652791 
Saccharomyces_uvarum               1.0600177 1.4548929 1.1339504 1.6908148 1.1822952 1.0736323 0.2988703 0.2923426 0.0837313 0.2242699 0.2949975 0.2890335 0.0000000 1.7088690 2.0292960 
Tetrapisispora_blattae             1.4811276 2.2181759 1.6558152 2.4775712 1.7305796 1.5047349 1.6301271 1.4664178 1.7813234 1.6054873 1.7170117 1.4456764 1.7088690 0.0000000 1.0421013 
yHMPu5000035629_Yueomyces_sinensis 1.8015843 2.5492284 2.0186208 2.4632169 1.9958884 1.7588792 1.9857580 1.8502524 1.9762725 1.9153687 2.0015858 1.8652791 2.0292960 1.0421013 0.0000000 
