15
Candida_glabrata                   0.0000000 2.0122367 0.6052688 2.6036161 0.7597749 0.6143485 1.6875374 1.6250406 1.8565762 1.7568592 1.6484233 1.6040792 1.7367543 2.3778719 3.0466005 
Nakaseomyces_bacillisporus         2.0122367 0.0000000 2.0266916 2.2658296 2.3276576 2.1160438 2.0146781 2.2582876 2.1141525 2.0865652 2.1894692 2.1805991 2.1587487 2.9443058 2.7514953 
Nakaseomyces_bracarensis           0.6052688 2.0266916 0.0000000 2.3272237 0.4950613 0.3240453 1.7663929 1.8215036 1.7986778 1.8431838 1.8297995 1.8258058 1.7973324 2.4492749 3.1514527 
Nakaseomyces_castellii             2.6036161 2.2658296 2.3272237 0.0000000 2.3627564 2.2621637 2.6328471 2.8515810 2.7741638 2.9075965 2.8446022 2.6251279 2.7507044 3.3560315 2.9312010 
Nakaseomyces_delphensis            0.7597749 2.3276576 0.4950613 2.3627564 0.0000000 0.4058707 2.1985511 2.0258041 2.1273369 2.0694895 2.0784000 1.9937968 2.1192587 2.5085971 3.4985150 
Nakaseomyces_nivariensis           0.6143485 2.1160438 0.3240453 2.2621637 0.4058707 0.0000000 1.9951578 1.9262690 2.0716648 1.9708581 1.9495777 1.9716704 2.0141652 2.6247225 3.1714739 
Saccharomyces_arboricola           1.6875374 2.0146781 1.7663929 2.6328471 2.1985511 1.9951578 0.0000000 0.3967803 0.4639372 0.3549706 0.3734338 0.3701061 0.4116629 2.8574008 3.2839279 
Saccharomyces_cerevisiae           1.6250406 2.2582876 1.8215036 2.8515810 2.0258041 1.9262690 0.3967803 0.0000000 0.4794171 0.3480401 0.3051445 0.1716977 0.4344781 2.8638150 3.6476394 
Saccharomyces_eubayanus            1.8565762 2.1141525 1.7986778 2.7741638 2.1273369 2.0716648 0.4639372 0.4794171 0.0000000 0.3961998 0.4350451 0.4266722 0.1092383 2.6707965 3.1145698 
Saccharomyces_kudriavzevii         1.7568592 2.0865652 1.8431838 2.9075965 2.0694895 1.9708581 0.3549706 0.3480401 0.3961998 0.0000000 0.3377594 0.3693058 0.3527251 2.9746388 3.1755931 
Saccharomyces_mikatae              1.6484233 2.1894692 1.8297995 2.8446022 2.0784000 1.9495777 0.3734338 0.3051445 0.4350451 0.3377594 0.0000000 0.2873876 0.4081136 2.6379626 3.2102275 
Saccharomyces_paradoxus            1.6040792 2.1805991 1.8258058 2.6251279 1.9937968 1.9716704 0.3701061 0.1716977 0.4266722 0.3693058 0.2873876 0.0000000 0.3800674 2.8053283 3.3890385 
Saccharomyces_uvarum               1.7367543 2.1587487 1.7973324 2.7507044 2.1192587 2.0141652 0.4116629 0.4344781 0.1092383 0.3527251 0.4081136 0.3800674 0.0000000 2.8387700 3.2227078 
Tetrapisispora_blattae             2.3778719 2.9443058 2.4492749 3.3560315 2.5085971 2.6247225 2.8574008 2.8638150 2.6707965 2.9746388 2.6379626 2.8053283 2.8387700 0.0000000 2.2571138 
yHMPu5000035629_Yueomyces_sinensis 3.0466005 2.7514953 3.1514527 2.9312010 3.4985150 3.1714739 3.2839279 3.6476394 3.1145698 3.1755931 3.2102275 3.3890385 3.2227078 2.2571138 0.0000000 
