15
Candida_glabrata                   0.0000000 1.0370907 0.6028992 1.2586314 0.6276324 0.6055512 0.9534756 0.9524891 0.9495969 0.9530043 0.9737828 0.9574577 0.9568276 1.0525019 1.2600360 
Nakaseomyces_bacillisporus         1.0370907 0.0000000 0.9513966 1.2472569 1.0201147 1.0372307 1.0671973 1.0470225 1.0417705 1.0619110 1.0887917 1.0591769 1.0838396 1.1295322 1.2013009 
Nakaseomyces_bracarensis           0.6028992 0.9513966 0.0000000 1.2083473 0.4267205 0.3483614 0.8918939 0.8823621 0.8819664 0.8753200 0.8996039 0.8960525 0.8843705 1.0194640 1.1129670 
Nakaseomyces_castellii             1.2586314 1.2472569 1.2083473 0.0000000 1.1811673 1.2146823 1.3071843 1.2997767 1.2892956 1.3204785 1.3390207 1.3072630 1.2707624 1.4673288 1.7609271 
Nakaseomyces_delphensis            0.6276324 1.0201147 0.4267205 1.1811673 0.0000000 0.3085479 0.8697055 0.9115489 0.9172849 0.8994569 0.9311928 0.9333286 0.9360176 1.0469599 1.2914711 
Nakaseomyces_nivariensis           0.6055512 1.0372307 0.3483614 1.2146823 0.3085479 0.0000000 0.9277219 0.9871985 0.9143947 0.9419019 0.9889629 0.9858690 0.9260139 1.0638147 1.2185932 
Saccharomyces_arboricola           0.9534756 1.0671973 0.8918939 1.3071843 0.8697055 0.9277219 0.0000000 0.2613573 0.2493746 0.2448914 0.2393674 0.2249479 0.2496937 1.0306243 1.3068610 
Saccharomyces_cerevisiae           0.9524891 1.0470225 0.8823621 1.2997767 0.9115489 0.9871985 0.2613573 0.0000000 0.2708327 0.2227956 0.1881607 0.1076762 0.2905926 1.0015410 1.3473499 
Saccharomyces_eubayanus            0.9495969 1.0417705 0.8819664 1.2892956 0.9172849 0.9143947 0.2493746 0.2708327 0.0000000 0.2434467 0.2458340 0.2341098 0.0621268 1.0011912 1.2521265 
Saccharomyces_kudriavzevii         0.9530043 1.0619110 0.8753200 1.3204785 0.8994569 0.9419019 0.2448914 0.2227956 0.2434467 0.0000000 0.2190822 0.1936425 0.2693763 1.0411874 1.3315896 
Saccharomyces_mikatae              0.9737828 1.0887917 0.8996039 1.3390207 0.9311928 0.9889629 0.2393674 0.1881607 0.2458340 0.2190822 0.0000000 0.1683806 0.2392138 1.0406113 1.3341965 
Saccharomyces_paradoxus            0.9574577 1.0591769 0.8960525 1.3072630 0.9333286 0.9858690 0.2249479 0.1076762 0.2341098 0.1936425 0.1683806 0.0000000 0.2487290 0.9626337 1.3029986 
Saccharomyces_uvarum               0.9568276 1.0838396 0.8843705 1.2707624 0.9360176 0.9260139 0.2496937 0.2905926 0.0621268 0.2693763 0.2392138 0.2487290 0.0000000 1.0026194 1.2936194 
Tetrapisispora_blattae             1.0525019 1.1295322 1.0194640 1.4673288 1.0469599 1.0638147 1.0306243 1.0015410 1.0011912 1.0411874 1.0406113 0.9626337 1.0026194 0.0000000 0.8871548 
yHMPu5000035629_Yueomyces_sinensis 1.2600360 1.2013009 1.1129670 1.7609271 1.2914711 1.2185932 1.3068610 1.3473499 1.2521265 1.3315896 1.3341965 1.3029986 1.2936194 0.8871548 0.0000000 
