15
Candida_glabrata                   0.0000000 2.0163635 1.0010323 2.2132559 0.9760359 0.9324206 1.6322039 1.7671329 1.8055227 1.6364272 1.6481705 1.7549180 1.8006781 1.3697044 1.4602035 
Nakaseomyces_bacillisporus         2.0163635 0.0000000 2.1906882 2.4434710 2.3982076 2.1594805 2.3525669 2.3674167 2.3586478 2.2706088 2.4551624 2.4978368 2.2900423 2.1085607 1.9721298 
Nakaseomyces_bracarensis           1.0010323 2.1906882 0.0000000 2.2158320 0.5598748 0.5048043 1.6236693 1.4415328 1.7062423 1.5699336 1.5228810 1.4958590 1.6189033 1.3107275 1.5332097 
Nakaseomyces_castellii             2.2132559 2.4434710 2.2158320 0.0000000 2.3269265 2.2447116 2.2733260 2.3770187 2.3652336 2.2041758 2.3993146 2.4290516 2.3731595 2.1749472 2.0518549 
Nakaseomyces_delphensis            0.9760359 2.3982076 0.5598748 2.3269265 0.0000000 0.3931461 1.7960910 1.7668579 1.8463596 1.6868993 1.8114906 1.7608223 1.8177018 1.3186857 1.3155060 
Nakaseomyces_nivariensis           0.9324206 2.1594805 0.5048043 2.2447116 0.3931461 0.0000000 1.4998141 1.4702952 1.5255151 1.3973826 1.5193109 1.5075270 1.4901682 1.2046081 1.3031519 
Saccharomyces_arboricola           1.6322039 2.3525669 1.6236693 2.2733260 1.7960910 1.4998141 0.0000000 0.2142509 0.2026231 0.1798451 0.2241898 0.2155362 0.1815558 1.2251436 1.3595591 
Saccharomyces_cerevisiae           1.7671329 2.3674167 1.4415328 2.3770187 1.7668579 1.4702952 0.2142509 0.0000000 0.2617990 0.1999059 0.1855480 0.0981256 0.2528120 1.1952533 1.3184596 
Saccharomyces_eubayanus            1.8055227 2.3586478 1.7062423 2.3652336 1.8463596 1.5255151 0.2026231 0.2617990 0.0000000 0.1983903 0.2189207 0.2406879 0.0579798 1.1794762 1.3378354 
Saccharomyces_kudriavzevii         1.6364272 2.2706088 1.5699336 2.2041758 1.6868993 1.3973826 0.1798451 0.1999059 0.1983903 0.0000000 0.2030803 0.1969886 0.1934077 1.1255962 1.2702723 
Saccharomyces_mikatae              1.6481705 2.4551624 1.5228810 2.3993146 1.8114906 1.5193109 0.2241898 0.1855480 0.2189207 0.2030803 0.0000000 0.1686322 0.2217420 1.2547489 1.2641479 
Saccharomyces_paradoxus            1.7549180 2.4978368 1.4958590 2.4290516 1.7608223 1.5075270 0.2155362 0.0981256 0.2406879 0.1969886 0.1686322 0.0000000 0.2318094 1.2327035 1.3423280 
Saccharomyces_uvarum               1.8006781 2.2900423 1.6189033 2.3731595 1.8177018 1.4901682 0.1815558 0.2528120 0.0579798 0.1934077 0.2217420 0.2318094 0.0000000 1.1549931 1.2875888 
Tetrapisispora_blattae             1.3697044 2.1085607 1.3107275 2.1749472 1.3186857 1.2046081 1.2251436 1.1952533 1.1794762 1.1255962 1.2547489 1.2327035 1.1549931 0.0000000 0.8137726 
yHMPu5000035629_Yueomyces_sinensis 1.4602035 1.9721298 1.5332097 2.0518549 1.3155060 1.3031519 1.3595591 1.3184596 1.3378354 1.2702723 1.2641479 1.3423280 1.2875888 0.8137726 0.0000000 
