15
Candida_glabrata                   0.0000000 1.3559653 0.5615890 1.7342095 0.6908179 0.5789516 1.1992428 1.2490903 1.2494262 1.3088039 1.2823850 1.2522955 1.2688975 1.5912017 1.5278848 
Nakaseomyces_bacillisporus         1.3559653 0.0000000 1.3522904 1.7815454 1.2817614 1.3577464 1.6223254 1.6585358 1.6644637 1.5973283 1.6805456 1.6945564 1.6655496 1.7079426 1.6222732 
Nakaseomyces_bracarensis           0.5615890 1.3522904 0.0000000 1.6048541 0.4721767 0.3817937 1.2883086 1.2582191 1.3142065 1.3630565 1.2469229 1.3190861 1.3222953 1.6719940 1.6436104 
Nakaseomyces_castellii             1.7342095 1.7815454 1.6048541 0.0000000 1.4927141 1.4661957 1.8185592 1.8679785 1.8565180 1.8619454 1.9121065 1.8407929 1.7924567 1.9205814 2.0888969 
Nakaseomyces_delphensis            0.6908179 1.2817614 0.4721767 1.4927141 0.0000000 0.3759604 1.3030506 1.2238382 1.2458965 1.3420760 1.2512991 1.2849020 1.2570946 1.7045711 1.6405238 
Nakaseomyces_nivariensis           0.5789516 1.3577464 0.3817937 1.4661957 0.3759604 0.0000000 1.3113869 1.2668797 1.3160660 1.3447264 1.2438423 1.2759217 1.3157849 1.6504398 1.5539668 
Saccharomyces_arboricola           1.1992428 1.6223254 1.2883086 1.8185592 1.3030506 1.3113869 0.0000000 0.2964481 0.2546817 0.2313264 0.2782163 0.2784718 0.2597803 1.3002537 1.4874764 
Saccharomyces_cerevisiae           1.2490903 1.6585358 1.2582191 1.8679785 1.2238382 1.2668797 0.2964481 0.0000000 0.3166158 0.2854714 0.2434503 0.1275107 0.3237121 1.4425197 1.6016249 
Saccharomyces_eubayanus            1.2494262 1.6644637 1.3142065 1.8565180 1.2458965 1.3160660 0.2546817 0.3166158 0.0000000 0.2505828 0.2935606 0.2753243 0.0736645 1.3899254 1.5940545 
Saccharomyces_kudriavzevii         1.3088039 1.5973283 1.3630565 1.8619454 1.3420760 1.3447264 0.2313264 0.2854714 0.2505828 0.0000000 0.2577694 0.2532615 0.2690647 1.3702677 1.5727044 
Saccharomyces_mikatae              1.2823850 1.6805456 1.2469229 1.9121065 1.2512991 1.2438423 0.2782163 0.2434503 0.2935606 0.2577694 0.0000000 0.1875938 0.2954636 1.4425048 1.5965387 
Saccharomyces_paradoxus            1.2522955 1.6945564 1.3190861 1.8407929 1.2849020 1.2759217 0.2784718 0.1275107 0.2753243 0.2532615 0.1875938 0.0000000 0.2965824 1.4717398 1.5915058 
Saccharomyces_uvarum               1.2688975 1.6655496 1.3222953 1.7924567 1.2570946 1.3157849 0.2597803 0.3237121 0.0736645 0.2690647 0.2954636 0.2965824 0.0000000 1.4154485 1.6078149 
Tetrapisispora_blattae             1.5912017 1.7079426 1.6719940 1.9205814 1.7045711 1.6504398 1.3002537 1.4425197 1.3899254 1.3702677 1.4425048 1.4717398 1.4154485 0.0000000 1.4237293 
yHMPu5000035629_Yueomyces_sinensis 1.5278848 1.6222732 1.6436104 2.0888969 1.6405238 1.5539668 1.4874764 1.6016249 1.5940545 1.5727044 1.5965387 1.5915058 1.6078149 1.4237293 0.0000000 
