15
Candida_glabrata                   0.0000000 2.4443632 1.0826845 1.9840395 1.0843768 1.0512003 2.2458090 2.2227370 2.2244706 2.2847667 2.2880146 2.2019170 2.1773812 3.6685987 4.6530440 
Nakaseomyces_bacillisporus         2.4443632 0.0000000 2.2309133 2.1145730 2.1761258 2.0711347 2.2893246 2.4356839 2.2804782 2.3570777 2.3746848 2.3323875 2.2689647 3.8439139 5.5602685 
Nakaseomyces_bracarensis           1.0826845 2.2309133 0.0000000 1.9795077 0.5512483 0.5691580 1.9513397 2.0072157 1.8907681 1.9664928 1.9561508 1.9224876 1.9564365 3.5275977 4.9369518 
Nakaseomyces_castellii             1.9840395 2.1145730 1.9795077 0.0000000 2.0130655 1.9558878 1.9121466 1.9361863 1.8870317 1.9615340 1.8656703 1.8922417 1.8933893 4.1617326 4.4302024 
Nakaseomyces_delphensis            1.0843768 2.1761258 0.5512483 2.0130655 0.0000000 0.4024725 1.7350010 1.8172682 1.7476767 1.6503095 1.7469218 1.7584541 1.7147050 3.5212289 4.6432620 
Nakaseomyces_nivariensis           1.0512003 2.0711347 0.5691580 1.9558878 0.4024725 0.0000000 1.8317514 1.9347572 1.8340131 1.8609712 1.8653227 1.9065508 1.8849479 3.3529032 4.6860584 
Saccharomyces_arboricola           2.2458090 2.2893246 1.9513397 1.9121466 1.7350010 1.8317514 0.0000000 0.2445830 0.2461490 0.2057322 0.2435658 0.2422957 0.2160754 3.2988845 4.4206674 
Saccharomyces_cerevisiae           2.2227370 2.4356839 2.0072157 1.9361863 1.8172682 1.9347572 0.2445830 0.0000000 0.2917364 0.2567371 0.2135540 0.1115374 0.2657820 3.2660645 4.5240392 
Saccharomyces_eubayanus            2.2244706 2.2804782 1.8907681 1.8870317 1.7476767 1.8340131 0.2461490 0.2917364 0.0000000 0.2466673 0.3301904 0.3017524 0.0751030 3.3933112 4.3005982 
Saccharomyces_kudriavzevii         2.2847667 2.3570777 1.9664928 1.9615340 1.6503095 1.8609712 0.2057322 0.2567371 0.2466673 0.0000000 0.2581657 0.2275586 0.2200376 3.3006768 4.6607763 
Saccharomyces_mikatae              2.2880146 2.3746848 1.9561508 1.8656703 1.7469218 1.8653227 0.2435658 0.2135540 0.3301904 0.2581657 0.0000000 0.2107028 0.3010570 3.3322523 4.5435007 
Saccharomyces_paradoxus            2.2019170 2.3323875 1.9224876 1.8922417 1.7584541 1.9065508 0.2422957 0.1115374 0.3017524 0.2275586 0.2107028 0.0000000 0.2769257 3.2542904 4.5505415 
Saccharomyces_uvarum               2.1773812 2.2689647 1.9564365 1.8933893 1.7147050 1.8849479 0.2160754 0.2657820 0.0751030 0.2200376 0.3010570 0.2769257 0.0000000 3.3698170 4.4634725 
Tetrapisispora_blattae             3.6685987 3.8439139 3.5275977 4.1617326 3.5212289 3.3529032 3.2988845 3.2660645 3.3933112 3.3006768 3.3322523 3.2542904 3.3698170 0.0000000 4.3154164 
yHMPu5000035629_Yueomyces_sinensis 4.6530440 5.5602685 4.9369518 4.4302024 4.6432620 4.6860584 4.4206674 4.5240392 4.3005982 4.6607763 4.5435007 4.5505415 4.4634725 4.3154164 0.0000000 
