15
Candida_glabrata                   0.0000000 0.5143520 0.2422811 0.6817056 0.2898869 0.2812706 0.7564336 0.6317648 0.7464445 0.7549862 0.6583394 0.7121574 0.7200155 0.8259369 0.8732240 
Nakaseomyces_bacillisporus         0.5143520 0.0000000 0.5005044 0.7710207 0.5330688 0.4926074 0.7794023 0.7007236 0.7953293 0.7613205 0.7112857 0.7299782 0.8316502 1.0858137 0.9454126 
Nakaseomyces_bracarensis           0.2422811 0.5005044 0.0000000 0.6497705 0.1812881 0.1215615 0.6560986 0.5416182 0.6741994 0.5687960 0.5480667 0.5661335 0.6505448 0.7578034 0.8061959 
Nakaseomyces_castellii             0.6817056 0.7710207 0.6497705 0.0000000 0.6688456 0.7058387 0.8078031 0.7649163 0.7759132 0.7511667 0.7657880 0.7289288 0.7809839 1.0982859 1.2600825 
Nakaseomyces_delphensis            0.2898869 0.5330688 0.1812881 0.6688456 0.0000000 0.1541725 0.5818995 0.5180386 0.5572585 0.5415839 0.5505030 0.5548164 0.5544920 0.6859488 0.9728408 
Nakaseomyces_nivariensis           0.2812706 0.4926074 0.1215615 0.7058387 0.1541725 0.0000000 0.5819978 0.5072317 0.6284069 0.5420241 0.5322209 0.5158536 0.6238963 0.7382925 0.7941272 
Saccharomyces_arboricola           0.7564336 0.7794023 0.6560986 0.8078031 0.5818995 0.5819978 0.0000000 0.2194095 0.1559905 0.1971242 0.1819136 0.1929494 0.1563996 0.7412076 1.1226777 
Saccharomyces_cerevisiae           0.6317648 0.7007236 0.5416182 0.7649163 0.5180386 0.5072317 0.2194095 0.0000000 0.2232263 0.1753282 0.1267642 0.0868862 0.2321272 0.7494677 0.9986522 
Saccharomyces_eubayanus            0.7464445 0.7953293 0.6741994 0.7759132 0.5572585 0.6284069 0.1559905 0.2232263 0.0000000 0.2104420 0.1967420 0.2252800 0.0568875 0.7842552 1.2561841 
Saccharomyces_kudriavzevii         0.7549862 0.7613205 0.5687960 0.7511667 0.5415839 0.5420241 0.1971242 0.1753282 0.2104420 0.0000000 0.1349657 0.1566967 0.2069506 0.8298831 1.1125886 
Saccharomyces_mikatae              0.6583394 0.7112857 0.5480667 0.7657880 0.5505030 0.5322209 0.1819136 0.1267642 0.1967420 0.1349657 0.0000000 0.1100981 0.2309434 0.8067789 1.0488212 
Saccharomyces_paradoxus            0.7121574 0.7299782 0.5661335 0.7289288 0.5548164 0.5158536 0.1929494 0.0868862 0.2252800 0.1566967 0.1100981 0.0000000 0.2385414 0.7661348 0.9754958 
Saccharomyces_uvarum               0.7200155 0.8316502 0.6505448 0.7809839 0.5544920 0.6238963 0.1563996 0.2321272 0.0568875 0.2069506 0.2309434 0.2385414 0.0000000 0.7389116 1.3113858 
Tetrapisispora_blattae             0.8259369 1.0858137 0.7578034 1.0982859 0.6859488 0.7382925 0.7412076 0.7494677 0.7842552 0.8298831 0.8067789 0.7661348 0.7389116 0.0000000 1.2815576 
yHMPu5000035629_Yueomyces_sinensis 0.8732240 0.9454126 0.8061959 1.2600825 0.9728408 0.7941272 1.1226777 0.9986522 1.2561841 1.1125886 1.0488212 0.9754958 1.3113858 1.2815576 0.0000000 
