15
Candida_glabrata                   0.0000000 0.9942224 0.4829078 1.0255946 0.5130314 0.4749376 0.8266386 0.7897940 0.8364610 0.8638264 0.8332540 0.8092083 0.8447674 1.0475160 1.1082909 
Nakaseomyces_bacillisporus         0.9942224 0.0000000 0.8298633 0.7600367 0.8593441 0.7957918 0.7721271 0.7586830 0.7740180 0.8037986 0.7466860 0.7902704 0.7458922 0.8652815 1.0198411 
Nakaseomyces_bracarensis           0.4829078 0.8298633 0.0000000 0.9144631 0.1225645 0.0732758 0.6762216 0.6432875 0.6723017 0.7084065 0.6738218 0.6600307 0.6608435 0.9399109 0.8719847 
Nakaseomyces_castellii             1.0255946 0.7600367 0.9144631 0.0000000 0.9467256 0.8733977 0.8108105 0.7770830 0.7835567 0.8594464 0.7660820 0.7910432 0.7983064 1.1864035 1.1663257 
Nakaseomyces_delphensis            0.5130314 0.8593441 0.1225645 0.9467256 0.0000000 0.1059645 0.7140634 0.6947100 0.7282094 0.7372678 0.7040937 0.7071787 0.7188245 0.9336546 0.9178807 
Nakaseomyces_nivariensis           0.4749376 0.7957918 0.0732758 0.8733977 0.1059645 0.0000000 0.6411200 0.6343864 0.6738693 0.6862449 0.6525407 0.6434536 0.6642007 0.8866809 0.8427166 
Saccharomyces_arboricola           0.8266386 0.7721271 0.6762216 0.8108105 0.7140634 0.6411200 0.0000000 0.0909881 0.0705831 0.0834234 0.0897037 0.0812690 0.0789657 0.8052152 0.8787972 
Saccharomyces_cerevisiae           0.7897940 0.7586830 0.6432875 0.7770830 0.6947100 0.6343864 0.0909881 0.0000000 0.1043674 0.1034529 0.0697198 0.0441311 0.1106468 0.8247269 0.8640288 
Saccharomyces_eubayanus            0.8364610 0.7740180 0.6723017 0.7835567 0.7282094 0.6738693 0.0705831 0.1043674 0.0000000 0.0946817 0.1102128 0.0953640 0.0220567 0.8342180 0.8972666 
Saccharomyces_kudriavzevii         0.8638264 0.8037986 0.7084065 0.8594464 0.7372678 0.6862449 0.0834234 0.1034529 0.0946817 0.0000000 0.0869018 0.0883577 0.0899213 0.8697053 0.9471142 
Saccharomyces_mikatae              0.8332540 0.7466860 0.6738218 0.7660820 0.7040937 0.6525407 0.0897037 0.0697198 0.1102128 0.0869018 0.0000000 0.0641515 0.1097409 0.8631420 0.9015101 
Saccharomyces_paradoxus            0.8092083 0.7902704 0.6600307 0.7910432 0.7071787 0.6434536 0.0812690 0.0441311 0.0953640 0.0883577 0.0641515 0.0000000 0.1013065 0.8352219 0.8664319 
Saccharomyces_uvarum               0.8447674 0.7458922 0.6608435 0.7983064 0.7188245 0.6642007 0.0789657 0.1106468 0.0220567 0.0899213 0.1097409 0.1013065 0.0000000 0.8472774 0.9111459 
Tetrapisispora_blattae             1.0475160 0.8652815 0.9399109 1.1864035 0.9336546 0.8866809 0.8052152 0.8247269 0.8342180 0.8697053 0.8631420 0.8352219 0.8472774 0.0000000 0.6091485 
yHMPu5000035629_Yueomyces_sinensis 1.1082909 1.0198411 0.8719847 1.1663257 0.9178807 0.8427166 0.8787972 0.8640288 0.8972666 0.9471142 0.9015101 0.8664319 0.9111459 0.6091485 0.0000000 
