15
Candida_glabrata                   0.0000000 1.1180468 0.5994133 1.7389826 0.6826537 0.5980785 1.0844965 1.1414595 1.1297816 1.1423977 1.1208140 1.1071026 1.1226454 1.3228172 1.4330530 
Nakaseomyces_bacillisporus         1.1180468 0.0000000 1.2508565 1.3340925 1.2140680 1.1482058 1.1589246 1.0806132 1.1173137 1.1612042 1.1037290 1.1130554 1.0651787 1.1578043 1.3874483 
Nakaseomyces_bracarensis           0.5994133 1.2508565 0.0000000 1.8141863 0.4274665 0.4422660 1.1655233 1.1865740 1.1576136 1.2489883 1.2487596 1.1878278 1.1835875 1.3014071 1.4415332 
Nakaseomyces_castellii             1.7389826 1.3340925 1.8141863 0.0000000 1.7912609 1.7555887 1.6295211 1.6520791 1.5962160 1.6849220 1.6182807 1.5901101 1.5550393 1.8895654 2.2250811 
Nakaseomyces_delphensis            0.6826537 1.2140680 0.4274665 1.7912609 0.0000000 0.3641022 1.0574341 1.1195423 1.1068613 1.1582595 1.1189615 1.1337599 1.0914759 1.3390993 1.4084058 
Nakaseomyces_nivariensis           0.5980785 1.1482058 0.4422660 1.7555887 0.3641022 0.0000000 1.1313328 1.1550872 1.1725493 1.2164086 1.1914473 1.1530976 1.1646508 1.3321323 1.3747273 
Saccharomyces_arboricola           1.0844965 1.1589246 1.1655233 1.6295211 1.0574341 1.1313328 0.0000000 0.2831507 0.2379405 0.2406851 0.2639330 0.2724467 0.2404681 1.2577023 1.3353240 
Saccharomyces_cerevisiae           1.1414595 1.0806132 1.1865740 1.6520791 1.1195423 1.1550872 0.2831507 0.0000000 0.3182719 0.2785831 0.2106581 0.1144174 0.2867803 1.1941075 1.3729005 
Saccharomyces_eubayanus            1.1297816 1.1173137 1.1576136 1.5962160 1.1068613 1.1725493 0.2379405 0.3182719 0.0000000 0.2573446 0.2901050 0.2899556 0.0830532 1.1694951 1.3835179 
Saccharomyces_kudriavzevii         1.1423977 1.1612042 1.2489883 1.6849220 1.1582595 1.2164086 0.2406851 0.2785831 0.2573446 0.0000000 0.2545778 0.2667411 0.2476152 1.1638882 1.3596633 
Saccharomyces_mikatae              1.1208140 1.1037290 1.2487596 1.6182807 1.1189615 1.1914473 0.2639330 0.2106581 0.2901050 0.2545778 0.0000000 0.1782852 0.2827027 1.1906775 1.3902831 
Saccharomyces_paradoxus            1.1071026 1.1130554 1.1878278 1.5901101 1.1337599 1.1530976 0.2724467 0.1144174 0.2899556 0.2667411 0.1782852 0.0000000 0.2603112 1.2029279 1.3756501 
Saccharomyces_uvarum               1.1226454 1.0651787 1.1835875 1.5550393 1.0914759 1.1646508 0.2404681 0.2867803 0.0830532 0.2476152 0.2827027 0.2603112 0.0000000 1.1612647 1.3510863 
Tetrapisispora_blattae             1.3228172 1.1578043 1.3014071 1.8895654 1.3390993 1.3321323 1.2577023 1.1941075 1.1694951 1.1638882 1.1906775 1.2029279 1.1612647 0.0000000 0.6913156 
yHMPu5000035629_Yueomyces_sinensis 1.4330530 1.3874483 1.4415332 2.2250811 1.4084058 1.3747273 1.3353240 1.3729005 1.3835179 1.3596633 1.3902831 1.3756501 1.3510863 0.6913156 0.0000000 
