15
Candida_glabrata                   0.0000000 0.8043302 0.5227604 0.9797635 0.4279998 0.4195557 0.6051400 0.6100522 0.6052496 0.6435799 0.6665581 0.5795111 0.5790085 0.8422524 0.8979757 
Nakaseomyces_bacillisporus         0.8043302 0.0000000 0.6940007 0.8318796 0.8068125 0.8044133 0.6667770 0.5815425 0.6250371 0.6616743 0.5998459 0.5905225 0.5987574 0.5686305 0.5393949 
Nakaseomyces_bracarensis           0.5227604 0.6940007 0.0000000 1.0329356 0.3714020 0.2990358 0.7516518 0.7352712 0.7337227 0.7568998 0.7466706 0.7271027 0.7135666 0.6000266 0.6642309 
Nakaseomyces_castellii             0.9797635 0.8318796 1.0329356 0.0000000 0.9729426 0.8687716 0.8666538 0.7461755 0.8908137 0.8254946 0.8166195 0.8045280 0.8649110 1.1334088 1.1141172 
Nakaseomyces_delphensis            0.4279998 0.8068125 0.3714020 0.9729426 0.0000000 0.2757437 0.7718073 0.7452951 0.7185925 0.7579580 0.8264065 0.7433197 0.7229450 0.7984427 1.0121363 
Nakaseomyces_nivariensis           0.4195557 0.8044133 0.2990358 0.8687716 0.2757437 0.0000000 0.6945667 0.6649587 0.7234469 0.7248200 0.6965634 0.6394302 0.7134509 0.7386947 0.8922458 
Saccharomyces_arboricola           0.6051400 0.6667770 0.7516518 0.8666538 0.7718073 0.6945667 0.0000000 0.2603292 0.2422317 0.1888940 0.2199181 0.2289825 0.2454825 0.6851569 0.8776777 
Saccharomyces_cerevisiae           0.6100522 0.5815425 0.7352712 0.7461755 0.7452951 0.6649587 0.2603292 0.0000000 0.2421900 0.2218934 0.1616032 0.1002060 0.2163939 0.6370434 0.7798603 
Saccharomyces_eubayanus            0.6052496 0.6250371 0.7337227 0.8908137 0.7185925 0.7234469 0.2422317 0.2421900 0.0000000 0.2078119 0.2667337 0.2276433 0.0509409 0.6731788 0.7508746 
Saccharomyces_kudriavzevii         0.6435799 0.6616743 0.7568998 0.8254946 0.7579580 0.7248200 0.1888940 0.2218934 0.2078119 0.0000000 0.2054050 0.1727464 0.2234057 0.5698892 0.8038823 
Saccharomyces_mikatae              0.6665581 0.5998459 0.7466706 0.8166195 0.8264065 0.6965634 0.2199181 0.1616032 0.2667337 0.2054050 0.0000000 0.1426336 0.2769936 0.6396496 0.7950656 
Saccharomyces_paradoxus            0.5795111 0.5905225 0.7271027 0.8045280 0.7433197 0.6394302 0.2289825 0.1002060 0.2276433 0.1727464 0.1426336 0.0000000 0.2150014 0.6156153 0.8033888 
Saccharomyces_uvarum               0.5790085 0.5987574 0.7135666 0.8649110 0.7229450 0.7134509 0.2454825 0.2163939 0.0509409 0.2234057 0.2769936 0.2150014 0.0000000 0.6538716 0.7488173 
Tetrapisispora_blattae             0.8422524 0.5686305 0.6000266 1.1334088 0.7984427 0.7386947 0.6851569 0.6370434 0.6731788 0.5698892 0.6396496 0.6156153 0.6538716 0.0000000 0.3907716 
yHMPu5000035629_Yueomyces_sinensis 0.8979757 0.5393949 0.6642309 1.1141172 1.0121363 0.8922458 0.8776777 0.7798603 0.7508746 0.8038823 0.7950656 0.8033888 0.7488173 0.3907716 0.0000000 
