15
Candida_glabrata                   0.0000000 1.6962468 0.9625068 2.3148998 1.1246052 0.9882433 1.6151521 1.6178177 1.5826698 1.6317125 1.6096686 1.5990783 1.5616248 2.3430649 2.7320250 
Nakaseomyces_bacillisporus         1.6962468 0.0000000 1.8238932 2.0992927 1.9155970 1.9646554 1.5546053 1.6112592 1.5939055 1.5950455 1.5794461 1.5358276 1.6179893 2.3518824 2.4362307 
Nakaseomyces_bracarensis           0.9625068 1.8238932 0.0000000 2.4448063 0.5854517 0.5337350 1.6436586 1.8007089 1.6068325 1.7928012 1.7116520 1.7343810 1.6159771 2.5195983 2.6601937 
Nakaseomyces_castellii             2.3148998 2.0992927 2.4448063 0.0000000 2.5416533 2.4239722 2.3444165 2.4910902 2.2181755 2.5265761 2.3640043 2.4226448 2.2282143 2.8759854 3.1545287 
Nakaseomyces_delphensis            1.1246052 1.9155970 0.5854517 2.5416533 0.0000000 0.4765306 1.6101619 1.6658026 1.5482723 1.7509093 1.6660692 1.5709130 1.5184561 2.4650551 2.9081546 
Nakaseomyces_nivariensis           0.9882433 1.9646554 0.5337350 2.4239722 0.4765306 0.0000000 1.6048882 1.6893585 1.6161199 1.8095415 1.6674779 1.6754252 1.5654637 2.5490780 2.6811651 
Saccharomyces_arboricola           1.6151521 1.5546053 1.6436586 2.3444165 1.6101619 1.6048882 0.0000000 0.2241738 0.2373712 0.1830012 0.2116872 0.1946367 0.2513059 2.0562536 2.5894980 
Saccharomyces_cerevisiae           1.6178177 1.6112592 1.8007089 2.4910902 1.6658026 1.6893585 0.2241738 0.0000000 0.2654238 0.1939283 0.1933256 0.1154289 0.2510439 2.1958687 2.6506733 
Saccharomyces_eubayanus            1.5826698 1.5939055 1.6068325 2.2181755 1.5482723 1.6161199 0.2373712 0.2654238 0.0000000 0.2560133 0.2582592 0.2266285 0.0658947 2.2200218 2.8231900 
Saccharomyces_kudriavzevii         1.6317125 1.5950455 1.7928012 2.5265761 1.7509093 1.8095415 0.1830012 0.1939283 0.2560133 0.0000000 0.2260388 0.1704201 0.2576182 2.2608510 2.8175321 
Saccharomyces_mikatae              1.6096686 1.5794461 1.7116520 2.3640043 1.6660692 1.6674779 0.2116872 0.1933256 0.2582592 0.2260388 0.0000000 0.1681739 0.2649195 2.1529939 2.6294353 
Saccharomyces_paradoxus            1.5990783 1.5358276 1.7343810 2.4226448 1.5709130 1.6754252 0.1946367 0.1154289 0.2266285 0.1704201 0.1681739 0.0000000 0.2197040 2.2777641 2.7233821 
Saccharomyces_uvarum               1.5616248 1.6179893 1.6159771 2.2282143 1.5184561 1.5654637 0.2513059 0.2510439 0.0658947 0.2576182 0.2649195 0.2197040 0.0000000 2.2406870 2.8700472 
Tetrapisispora_blattae             2.3430649 2.3518824 2.5195983 2.8759854 2.4650551 2.5490780 2.0562536 2.1958687 2.2200218 2.2608510 2.1529939 2.2777641 2.2406870 0.0000000 1.5318810 
yHMPu5000035629_Yueomyces_sinensis 2.7320250 2.4362307 2.6601937 3.1545287 2.9081546 2.6811651 2.5894980 2.6506733 2.8231900 2.8175321 2.6294353 2.7233821 2.8700472 1.5318810 0.0000000 
