15
Candida_glabrata                   0.0000000 3.5483966 1.5099131 4.9045392 1.6424503 1.5782745 3.0989027 3.2411319 3.1601486 2.9730559 3.1770085 3.2818568 3.0410577 3.9986230 3.8061347 
Nakaseomyces_bacillisporus         3.5483966 0.0000000 2.7778587 3.0075106 3.0876859 2.9869243 2.0452982 2.0027948 2.1435438 2.1259327 2.0818352 2.0781742 2.1608456 3.2989601 2.4282202 
Nakaseomyces_bracarensis           1.5099131 2.7778587 0.0000000 4.1142203 0.6388319 0.5846502 2.6151165 2.6735978 2.6325794 2.5989523 2.5439369 2.6187649 2.5791104 4.4229256 3.7844561 
Nakaseomyces_castellii             4.9045392 3.0075106 4.1142203 0.0000000 4.2223831 4.2192170 3.1516653 3.2085945 3.0356126 3.3720383 3.1446121 3.2865308 3.0853797 5.2075788 3.7435879 
Nakaseomyces_delphensis            1.6424503 3.0876859 0.6388319 4.2223831 0.0000000 0.5914433 2.6167068 2.5877046 2.5706365 2.6291148 2.6220791 2.5657344 2.5154318 4.1654616 3.5732214 
Nakaseomyces_nivariensis           1.5782745 2.9869243 0.5846502 4.2192170 0.5914433 0.0000000 2.6334515 2.6992835 2.6702027 2.6301622 2.6097464 2.6755930 2.5948404 4.3857527 3.7428200 
Saccharomyces_arboricola           3.0989027 2.0452982 2.6151165 3.1516653 2.6167068 2.6334515 0.0000000 0.3245698 0.2743655 0.2599611 0.3128423 0.2867965 0.2759995 3.4989757 2.4706189 
Saccharomyces_cerevisiae           3.2411319 2.0027948 2.6735978 3.2085945 2.5877046 2.6992835 0.3245698 0.0000000 0.3667164 0.3511195 0.2486088 0.1233237 0.3631353 3.4260146 2.5390093 
Saccharomyces_eubayanus            3.1601486 2.1435438 2.6325794 3.0356126 2.5706365 2.6702027 0.2743655 0.3667164 0.0000000 0.3483381 0.3348736 0.3380782 0.0905409 3.5755836 2.4469571 
Saccharomyces_kudriavzevii         2.9730559 2.1259327 2.5989523 3.3720383 2.6291148 2.6301622 0.2599611 0.3511195 0.3483381 0.0000000 0.3096839 0.2699835 0.3230009 3.4117376 2.4994760 
Saccharomyces_mikatae              3.1770085 2.0818352 2.5439369 3.1446121 2.6220791 2.6097464 0.3128423 0.2486088 0.3348736 0.3096839 0.0000000 0.2006633 0.3320986 3.6940077 2.6339370 
Saccharomyces_paradoxus            3.2818568 2.0781742 2.6187649 3.2865308 2.5657344 2.6755930 0.2867965 0.1233237 0.3380782 0.2699835 0.2006633 0.0000000 0.3331532 3.3888952 2.4804128 
Saccharomyces_uvarum               3.0410577 2.1608456 2.5791104 3.0853797 2.5154318 2.5948404 0.2759995 0.3631353 0.0905409 0.3230009 0.3320986 0.3331532 0.0000000 3.5282512 2.4793421 
Tetrapisispora_blattae             3.9986230 3.2989601 4.4229256 5.2075788 4.1654616 4.3857527 3.4989757 3.4260146 3.5755836 3.4117376 3.6940077 3.3888952 3.5282512 0.0000000 2.0789331 
yHMPu5000035629_Yueomyces_sinensis 3.8061347 2.4282202 3.7844561 3.7435879 3.5732214 3.7428200 2.4706189 2.5390093 2.4469571 2.4994760 2.6339370 2.4804128 2.4793421 2.0789331 0.0000000 
