15
Candida_glabrata                   0.0000000 5.1179914 1.6147225 3.9915660 1.4980968 1.4032557 3.6515652 3.6172518 3.8562531 3.4948160 3.2762140 3.4791122 3.6058696 5.2085545 5.0750798 
Nakaseomyces_bacillisporus         5.1179914 0.0000000 4.4452833 3.8503086 4.5318362 4.1157734 3.7203424 3.4673897 3.7576698 3.5025522 3.4909272 3.5087178 3.8000777 4.1448701 4.6428373 
Nakaseomyces_bracarensis           1.6147225 4.4452833 0.0000000 4.0930304 1.0622397 0.7503854 3.1963581 3.5174754 3.1415680 3.2454797 3.3723217 3.4889041 3.2666690 5.0019544 4.4239760 
Nakaseomyces_castellii             3.9915660 3.8503086 4.0930304 0.0000000 3.9610239 3.9683249 3.5597974 3.7634926 3.5559267 3.8407281 3.4860513 3.6154411 3.6402204 5.0959144 4.9631826 
Nakaseomyces_delphensis            1.4980968 4.5318362 1.0622397 3.9610239 0.0000000 0.8409983 3.0047204 3.1149944 2.9234622 3.0154582 3.0392669 3.0291773 3.1122742 4.5532594 4.8428904 
Nakaseomyces_nivariensis           1.4032557 4.1157734 0.7503854 3.9683249 0.8409983 0.0000000 3.1594314 3.1343628 2.9776949 3.1713364 3.2626723 3.1512140 3.1300604 4.9558413 4.4530290 
Saccharomyces_arboricola           3.6515652 3.7203424 3.1963581 3.5597974 3.0047204 3.1594314 0.0000000 0.4697564 0.6003235 0.3889673 0.4495948 0.4374433 0.5168983 3.7696926 4.3483636 
Saccharomyces_cerevisiae           3.6172518 3.4673897 3.5174754 3.7634926 3.1149944 3.1343628 0.4697564 0.0000000 0.6236281 0.3932419 0.3414685 0.1705016 0.5731375 3.7984631 4.1838756 
Saccharomyces_eubayanus            3.8562531 3.7576698 3.1415680 3.5559267 2.9234622 2.9776949 0.6003235 0.6236281 0.0000000 0.5171783 0.6120187 0.5797508 0.1444383 3.9975222 4.7865906 
Saccharomyces_kudriavzevii         3.4948160 3.5025522 3.2454797 3.8407281 3.0154582 3.1713364 0.3889673 0.3932419 0.5171783 0.0000000 0.3958633 0.3390861 0.4677361 3.9169310 4.4082380 
Saccharomyces_mikatae              3.2762140 3.4909272 3.3723217 3.4860513 3.0392669 3.2626723 0.4495948 0.3414685 0.6120187 0.3958633 0.0000000 0.2818316 0.5408698 3.9021923 4.2386240 
Saccharomyces_paradoxus            3.4791122 3.5087178 3.4889041 3.6154411 3.0291773 3.1512140 0.4374433 0.1705016 0.5797508 0.3390861 0.2818316 0.0000000 0.5227146 3.8501824 4.2625458 
Saccharomyces_uvarum               3.6058696 3.8000777 3.2666690 3.6402204 3.1122742 3.1300604 0.5168983 0.5731375 0.1444383 0.4677361 0.5408698 0.5227146 0.0000000 4.0050726 4.8263189 
Tetrapisispora_blattae             5.2085545 4.1448701 5.0019544 5.0959144 4.5532594 4.9558413 3.7696926 3.7984631 3.9975222 3.9169310 3.9021923 3.8501824 4.0050726 0.0000000 3.6339521 
yHMPu5000035629_Yueomyces_sinensis 5.0750798 4.6428373 4.4239760 4.9631826 4.8428904 4.4530290 4.3483636 4.1838756 4.7865906 4.4082380 4.2386240 4.2625458 4.8263189 3.6339521 0.0000000 
