15
Candida_glabrata                   0.0000000 3.2156937 0.8059746 1.7153239 0.8824449 0.8278515 1.4106764 1.4137712 1.4917749 1.4446345 1.5002167 1.4139256 1.5671292 1.6824934 2.8095874 
Nakaseomyces_bacillisporus         3.2156937 0.0000000 3.3557444 3.1911635 3.7559205 3.6599871 3.6687740 3.2443287 3.3781128 3.4127844 3.5845503 3.4120707 3.5539654 3.5021570 3.3235948 
Nakaseomyces_bracarensis           0.8059746 3.3557444 0.0000000 1.6846295 0.5377962 0.4191415 1.6349237 1.5656694 1.7195289 1.5548032 1.7283876 1.6018052 1.8195912 1.7878747 2.7484544 
Nakaseomyces_castellii             1.7153239 3.1911635 1.6846295 0.0000000 1.9434890 1.7962309 1.7602172 1.7380261 1.7237992 1.5731891 1.7517368 1.7207635 1.9079453 2.1153562 2.9329773 
Nakaseomyces_delphensis            0.8824449 3.7559205 0.5377962 1.9434890 0.0000000 0.4637642 1.9260159 1.9195492 2.0632535 1.8151129 1.9361216 2.0196333 2.1659239 2.2538162 3.0154989 
Nakaseomyces_nivariensis           0.8278515 3.6599871 0.4191415 1.7962309 0.4637642 0.0000000 1.5844395 1.6312191 1.7917396 1.6153971 1.6640095 1.7054469 1.9971000 1.8102175 3.0687476 
Saccharomyces_arboricola           1.4106764 3.6687740 1.6349237 1.7602172 1.9260159 1.5844395 0.0000000 0.2940987 0.2990947 0.2336512 0.2513222 0.2542356 0.3053077 1.4804490 2.3036762 
Saccharomyces_cerevisiae           1.4137712 3.2443287 1.5656694 1.7380261 1.9195492 1.6312191 0.2940987 0.0000000 0.3083669 0.2314132 0.1712762 0.1215694 0.3265762 1.4490066 2.1867419 
Saccharomyces_eubayanus            1.4917749 3.3781128 1.7195289 1.7237992 2.0632535 1.7917396 0.2990947 0.3083669 0.0000000 0.2934799 0.3083376 0.3172688 0.0770232 1.4416351 2.2519445 
Saccharomyces_kudriavzevii         1.4446345 3.4127844 1.5548032 1.5731891 1.8151129 1.6153971 0.2336512 0.2314132 0.2934799 0.0000000 0.2701209 0.2457905 0.3031826 1.5465543 2.2399789 
Saccharomyces_mikatae              1.5002167 3.5845503 1.7283876 1.7517368 1.9361216 1.6640095 0.2513222 0.1712762 0.3083376 0.2701209 0.0000000 0.1700218 0.3192874 1.5937187 2.3628611 
Saccharomyces_paradoxus            1.4139256 3.4120707 1.6018052 1.7207635 2.0196333 1.7054469 0.2542356 0.1215694 0.3172688 0.2457905 0.1700218 0.0000000 0.3352313 1.4974899 2.2996156 
Saccharomyces_uvarum               1.5671292 3.5539654 1.8195912 1.9079453 2.1659239 1.9971000 0.3053077 0.3265762 0.0770232 0.3031826 0.3192874 0.3352313 0.0000000 1.5202809 2.3044288 
Tetrapisispora_blattae             1.6824934 3.5021570 1.7878747 2.1153562 2.2538162 1.8102175 1.4804490 1.4490066 1.4416351 1.5465543 1.5937187 1.4974899 1.5202809 0.0000000 1.9202649 
yHMPu5000035629_Yueomyces_sinensis 2.8095874 3.3235948 2.7484544 2.9329773 3.0154989 3.0687476 2.3036762 2.1867419 2.2519445 2.2399789 2.3628611 2.2996156 2.3044288 1.9202649 0.0000000 
