15
Candida_glabrata                   0.0000000 2.7669619 1.2265635 3.7442839 1.2780568 1.1575895 2.9161849 2.6824428 2.6376554 2.7520492 2.8156301 2.7548854 2.7091854 2.3657981 3.3881105 
Nakaseomyces_bacillisporus         2.7669619 0.0000000 2.4063582 2.9855586 2.5297178 2.6708859 2.0552873 2.1558983 1.9438449 2.1948780 2.0400654 2.0844783 1.9680438 2.3222107 2.8433894 
Nakaseomyces_bracarensis           1.2265635 2.4063582 0.0000000 3.6511084 0.8223439 0.6790221 2.1577268 2.4400804 2.2291062 2.1448192 2.5494478 2.2856650 2.2323861 2.7176148 3.2591051 
Nakaseomyces_castellii             3.7442839 2.9855586 3.6511084 0.0000000 3.3175878 3.2360007 2.8740428 2.9174692 2.9722148 3.0577484 3.0304524 2.8607004 3.2145725 3.5045673 4.3527258 
Nakaseomyces_delphensis            1.2780568 2.5297178 0.8223439 3.3175878 0.0000000 0.5481381 2.4337756 2.4118299 2.4429220 2.4436908 2.6719904 2.4740356 2.4124594 2.5527603 3.4501164 
Nakaseomyces_nivariensis           1.1575895 2.6708859 0.6790221 3.2360007 0.5481381 0.0000000 2.1787744 2.2969935 2.2638037 2.1181745 2.5677731 2.3002520 2.2332109 2.3818902 3.1454537 
Saccharomyces_arboricola           2.9161849 2.0552873 2.1577268 2.8740428 2.4337756 2.1787744 0.0000000 0.3158802 0.2491543 0.2208898 0.3635241 0.2588794 0.2313200 2.4938075 2.8607879 
Saccharomyces_cerevisiae           2.6824428 2.1558983 2.4400804 2.9174692 2.4118299 2.2969935 0.3158802 0.0000000 0.3578738 0.2936211 0.3158608 0.1083448 0.3623495 2.8482720 3.0597348 
Saccharomyces_eubayanus            2.6376554 1.9438449 2.2291062 2.9722148 2.4429220 2.2638037 0.2491543 0.3578738 0.0000000 0.2809046 0.4037105 0.3057679 0.0609515 2.4747020 3.1192386 
Saccharomyces_kudriavzevii         2.7520492 2.1948780 2.1448192 3.0577484 2.4436908 2.1181745 0.2208898 0.2936211 0.2809046 0.0000000 0.3531791 0.2493364 0.2789408 2.6271687 2.9790436 
Saccharomyces_mikatae              2.8156301 2.0400654 2.5494478 3.0304524 2.6719904 2.5677731 0.3635241 0.3158608 0.4037105 0.3531791 0.0000000 0.2510910 0.3655184 2.8195561 3.1903636 
Saccharomyces_paradoxus            2.7548854 2.0844783 2.2856650 2.8607004 2.4740356 2.3002520 0.2588794 0.1083448 0.3057679 0.2493364 0.2510910 0.0000000 0.3145729 2.8324177 3.0995494 
Saccharomyces_uvarum               2.7091854 1.9680438 2.2323861 3.2145725 2.4124594 2.2332109 0.2313200 0.3623495 0.0609515 0.2789408 0.3655184 0.3145729 0.0000000 2.4638993 3.2166654 
Tetrapisispora_blattae             2.3657981 2.3222107 2.7176148 3.5045673 2.5527603 2.3818902 2.4938075 2.8482720 2.4747020 2.6271687 2.8195561 2.8324177 2.4638993 0.0000000 1.8070317 
yHMPu5000035629_Yueomyces_sinensis 3.3881105 2.8433894 3.2591051 4.3527258 3.4501164 3.1454537 2.8607879 3.0597348 3.1192386 2.9790436 3.1903636 3.0995494 3.2166654 1.8070317 0.0000000 
