6
F          0.0000000 0.1363534 0.1332829 0.1336268 0.1542475 0.1465776 
E          0.1363534 0.0000000 0.0203261 0.0203707 0.0924363 0.0968924 
C          0.1332829 0.0203261 0.0000000 0.0080550 0.0875320 0.0919489 
D          0.1336268 0.0203707 0.0080550 0.0000000 0.0877433 0.0921717 
A          0.1542475 0.0924363 0.0875320 0.0877433 0.0000000 0.0456933 
B          0.1465776 0.0968924 0.0919489 0.0921717 0.0456933 0.0000000 
