6
F          0.0000000 0.1232169 0.1356603 0.1353321 0.1573920 0.1569971 
E          0.1232169 0.0000000 0.0742134 0.0740473 0.0874901 0.0872799 
A          0.1356603 0.0742134 0.0000000 0.0040269 0.0742631 0.0719113 
B          0.1353321 0.0740473 0.0040269 0.0000000 0.0740969 0.0717510 
C          0.1573920 0.0874901 0.0742631 0.0740969 0.0000000 0.0161731 
D          0.1569971 0.0872799 0.0719113 0.0717510 0.0161731 0.0000000 
