6
C          0.0000000 0.0060101 0.1177946 0.1365139 0.1450406 0.1476775 
D          0.0060101 0.0000000 0.1200903 0.1365111 0.1474151 0.1500612 
F          0.1177946 0.1200903 0.0000000 0.0842045 0.0971657 0.0973300 
E          0.1365139 0.1365111 0.0842045 0.0000000 0.0863812 0.0887754 
A          0.1450406 0.1474151 0.0971657 0.0863812 0.0000000 0.0060197 
B          0.1476775 0.1500612 0.0973300 0.0887754 0.0060197 0.0000000 
