6
F          0.0000000 0.1089954 0.1114724 0.1015796 0.1061792 0.1036525 
A          0.1089954 0.0000000 0.0020027 0.0931133 0.0999672 0.0974547 
B          0.1114724 0.0020027 0.0000000 0.0955312 0.1024125 0.0998845 
E          0.1015796 0.0931133 0.0955312 0.0000000 0.0501212 0.0478750 
C          0.1061792 0.0999672 0.1024125 0.0501212 0.0000000 0.0101305 
D          0.1036525 0.0974547 0.0998845 0.0478750 0.0101305 0.0000000 
