6
F          0.0000000 0.1070872 0.1116356 0.1115524 0.1024888 0.1067580 
E          0.1070872 0.0000000 0.0941348 0.0985861 0.0944529 0.0849777 
C          0.1116356 0.0941348 0.0000000 0.0285778 0.0627687 0.0669120 
D          0.1115524 0.0985861 0.0285778 0.0000000 0.0670677 0.0712147 
A          0.1024888 0.0944529 0.0627687 0.0670677 0.0000000 0.0412483 
B          0.1067580 0.0849777 0.0669120 0.0712147 0.0412483 0.0000000 
