10
A          0.00000000 0.20119787 0.20225821 0.20009265 0.20126201 0.20159622 0.20149534 0.20015104 0.20190651 0.20131144 
A0         0.20119787 0.00000000 0.06962668 0.16045991 0.18009220 0.18029158 0.17818809 0.17674541 0.05675330 0.05752872 
A1         0.20225821 0.06962668 0.00000000 0.16070696 0.18076252 0.18094438 0.17884039 0.17728049 0.08172953 0.08170200 
A4         0.20009265 0.16045991 0.16070696 0.00000000 0.18126365 0.18124616 0.17987164 0.17897472 0.16104287 0.16101022 
B          0.20126201 0.18009220 0.18076252 0.18126365 0.00000000 0.03044426 0.11171755 0.11476624 0.18036598 0.18024178 
C          0.20159622 0.18029158 0.18094438 0.18124616 0.03044426 0.00000000 0.11174099 0.11454402 0.18045707 0.18036293 
D          0.20149534 0.17818809 0.17884039 0.17987164 0.11171755 0.11174099 0.00000000 0.08192371 0.17824552 0.17827705 
E          0.20015104 0.17674541 0.17728049 0.17897472 0.11476624 0.11454402 0.08192371 0.00000000 0.17701546 0.17693008 
H          0.20190651 0.05675330 0.08172953 0.16104287 0.18036598 0.18045707 0.17824552 0.17701546 0.00000000 0.02554461 
I          0.20131144 0.05752872 0.08170200 0.16101022 0.18024178 0.18036293 0.17827705 0.17693008 0.02554461 0.00000000 
