21
Kazachstania_africana               0.0000000 0.1321610 0.1155697 0.1109705 0.0999804 0.0969985 0.1380530 0.1012611 0.1018493 0.1359753 0.1404952 0.1007923 0.0940295 0.1766476 0.0845295 0.0869323 0.1508010 0.0950663 0.1494287 0.1533298 0.1075574 
Kazachstania_naganishii             0.1321610 0.0000000 0.1337480 0.1389853 0.1304708 0.1151728 0.1159011 0.1172315 0.0940077 0.1114247 0.1145878 0.1093409 0.1132491 0.1455762 0.1252958 0.1220759 0.1182369 0.1231253 0.1168082 0.1277831 0.1458713 
Naumovozyma_castellii               0.1155697 0.1337480 0.0000000 0.0927666 0.1120599 0.1094137 0.1297969 0.1023215 0.1220263 0.1338128 0.1297390 0.1273917 0.1081167 0.1751573 0.0962005 0.0959125 0.1362124 0.0991539 0.1347734 0.1558187 0.1293526 
Naumovozyma_dairenensis             0.1109705 0.1389853 0.0927666 0.0000000 0.1036114 0.0903150 0.1340906 0.0958456 0.1212636 0.1500085 0.1452448 0.1122015 0.0874626 0.1707797 0.1008355 0.0735445 0.1327790 0.1007588 0.1364139 0.1579134 0.1177706 
Tetrapisispora_blattae              0.0999804 0.1304708 0.1120599 0.1036114 0.0000000 0.0919219 0.1312456 0.1089275 0.1213006 0.1308931 0.1419629 0.1178857 0.0904636 0.1570048 0.1005851 0.0769494 0.1309013 0.0998581 0.1323659 0.1281841 0.0467014 
yHAB132_Kazachstania_martiniae      0.0969985 0.1151728 0.1094137 0.0903150 0.0919219 0.0000000 0.1273680 0.0865531 0.1081665 0.1386258 0.1361723 0.1096660 0.0706881 0.1734875 0.0740022 0.0701287 0.1453664 0.0840402 0.1439771 0.1598607 0.1100272 
yHAB133_Kazachstania_unispora       0.1380530 0.1159011 0.1297969 0.1340906 0.1312456 0.1273680 0.0000000 0.1429301 0.1050447 0.0611377 0.0907855 0.1349176 0.1266488 0.1293198 0.1315784 0.1009235 0.0523018 0.1253493 0.0521208 0.1117163 0.1606407 
yHAB134_Kazachstania_turicensis     0.1012611 0.1172315 0.1023215 0.0958456 0.1089275 0.0865531 0.1429301 0.0000000 0.0946427 0.1438830 0.1181335 0.0937271 0.0724386 0.1630595 0.0555341 0.0808901 0.1403880 0.0493549 0.1389683 0.1432761 0.1266985 
yHAB136_Kazachstania_bromeliacearum 0.1018493 0.0940077 0.1220263 0.1212636 0.1213006 0.1081665 0.1050447 0.0946427 0.0000000 0.1053845 0.0888621 0.1058622 0.0997118 0.1472171 0.1053275 0.0975206 0.1026317 0.1030801 0.1012010 0.1317429 0.1412290 
yHAB143_Kazachstania_siamensis      0.1359753 0.1114247 0.1338128 0.1500085 0.1308931 0.1386258 0.0611377 0.1438830 0.1053845 0.0000000 0.0763422 0.1251858 0.1229234 0.1163891 0.1256533 0.1068731 0.0402226 0.1286289 0.0400808 0.0964229 0.1578162 
yHAB147_Kazachstania_taianensis     0.1404952 0.1145878 0.1297390 0.1452448 0.1419629 0.1361723 0.0907855 0.1181335 0.0888621 0.0763422 0.0000000 0.1245810 0.1095798 0.0935412 0.1222930 0.1118867 0.0888011 0.1306372 0.0873818 0.0872027 0.1564256 
yHAB148_Kazachstania_intestinalis   0.1007923 0.1093409 0.1273917 0.1122015 0.1178857 0.1096660 0.1349176 0.0937271 0.1058622 0.1251858 0.1245810 0.0000000 0.0856801 0.1619126 0.0937729 0.0844112 0.1318910 0.1080390 0.1304828 0.1344237 0.1458078 
yHAB153_Kazachstania_rosinii        0.0940295 0.1132491 0.1081167 0.0874626 0.0904636 0.0706881 0.1266488 0.0724386 0.0997118 0.1229234 0.1095798 0.0856801 0.0000000 0.1529300 0.0616013 0.0621719 0.1253698 0.0750845 0.1288799 0.1386852 0.1098690 
yHAB154_Kazachstania_transvaalensis 0.1766476 0.1455762 0.1751573 0.1707797 0.1570048 0.1734875 0.1293198 0.1630595 0.1472171 0.1163891 0.0935412 0.1619126 0.1529300 0.0000000 0.1510850 0.1496482 0.1277466 0.1709861 0.1256116 0.0412669 0.1726180 
yHAB155_Kazachstania_spencerorum    0.0845295 0.1252958 0.0962005 0.1008355 0.1005851 0.0740022 0.1315784 0.0555341 0.1053275 0.1256533 0.1222930 0.0937729 0.0616013 0.1510850 0.0000000 0.0616256 0.1355668 0.0635078 0.1341554 0.1371671 0.1104945 
yHAB158_Kazachstania_viticola       0.0869323 0.1220759 0.0959125 0.0735445 0.0769494 0.0701287 0.1009235 0.0808901 0.0975206 0.1068731 0.1118867 0.0844112 0.0621719 0.1496482 0.0616256 0.0000000 0.1069347 0.0737257 0.1055022 0.1323052 0.1000894 
yHAB159_Kazachstania_solicola       0.1508010 0.1182369 0.1362124 0.1327790 0.1309013 0.1453664 0.0523018 0.1403880 0.1026317 0.0402226 0.0888011 0.1318910 0.1253698 0.1277466 0.1355668 0.1069347 0.0000000 0.1269336 0.0028346 0.1070363 0.1627588 
yHAB160_Kazachstania_kunashirensis  0.0950663 0.1231253 0.0991539 0.1007588 0.0998581 0.0840402 0.1253493 0.0493549 0.1030801 0.1286289 0.1306372 0.1080390 0.0750845 0.1709861 0.0635078 0.0737257 0.1269336 0.0000000 0.1255168 0.1505158 0.1198004 
yHAB164_Kazachstania_aerobia        0.1494287 0.1168082 0.1347734 0.1364139 0.1323659 0.1439771 0.0521208 0.1389683 0.1012010 0.0400808 0.0873818 0.1304828 0.1288799 0.1256116 0.1341554 0.1055022 0.0028346 0.1255168 0.0000000 0.1051687 0.1621899 
yHAB166_Kazachstania_yakushimaensis 0.1533298 0.1277831 0.1558187 0.1579134 0.1281841 0.1598607 0.1117163 0.1432761 0.1317429 0.0964229 0.0872027 0.1344237 0.1386852 0.0412669 0.1371671 0.1323052 0.1070363 0.1505158 0.1051687 0.0000000 0.1526669 
yHMPu5000035629_Yueomyces_sinensis  0.1075574 0.1458713 0.1293526 0.1177706 0.0467014 0.1100272 0.1606407 0.1266985 0.1412290 0.1578162 0.1564256 0.1458078 0.1098690 0.1726180 0.1104945 0.1000894 0.1627588 0.1198004 0.1621899 0.1526669 0.0000000 
