21
Kazachstania_africana               0.0000000 0.1569836 0.1149306 0.1271152 0.1677726 0.1147494 0.1048097 0.1176592 0.1265442 0.1212296 0.1137100 0.1568433 0.1046613 0.1821820 0.0965532 0.1298765 0.1302979 0.1168076 0.1343047 0.1752801 0.2283696 
Kazachstania_naganishii             0.1569836 0.0000000 0.1523465 0.1650433 0.2196643 0.1495103 0.1271911 0.1687656 0.1290321 0.1283962 0.1157969 0.1730986 0.1572244 0.1734880 0.1745083 0.1867385 0.1381677 0.1599793 0.1448259 0.1801358 0.2421575 
Naumovozyma_castellii               0.1149306 0.1523465 0.0000000 0.0837653 0.1660233 0.1255498 0.1107921 0.1388229 0.1214937 0.1172670 0.1194012 0.1522959 0.1124981 0.1602959 0.1251396 0.1374911 0.1307558 0.1304700 0.1372552 0.1600184 0.2084522 
Naumovozyma_dairenensis             0.1271152 0.1650433 0.0837653 0.0000000 0.2035936 0.1338932 0.1373324 0.1391613 0.1417389 0.1393904 0.1338993 0.1657163 0.1357531 0.1701343 0.1315369 0.1425157 0.1564893 0.1343856 0.1574345 0.1735238 0.2406159 
Tetrapisispora_blattae              0.1677726 0.2196643 0.1660233 0.2035936 0.0000000 0.1752658 0.1817291 0.1912135 0.1803613 0.1857392 0.1663327 0.1872109 0.1691441 0.2131263 0.1808278 0.1963115 0.1877438 0.1703568 0.1888069 0.2192502 0.1202578 
yHAB132_Kazachstania_martiniae      0.1147494 0.1495103 0.1255498 0.1338932 0.1752658 0.0000000 0.1181413 0.1338338 0.1144963 0.1169235 0.1125084 0.1531363 0.1154531 0.1731505 0.1336812 0.1256018 0.1398864 0.1331074 0.1435603 0.1788968 0.2090533 
yHAB133_Kazachstania_unispora       0.1048097 0.1271911 0.1107921 0.1373324 0.1817291 0.1181413 0.0000000 0.1500379 0.0841753 0.0565253 0.0865749 0.1369748 0.1227125 0.1360730 0.1312299 0.1397259 0.0442201 0.1410600 0.0452079 0.1394566 0.2146681 
yHAB134_Kazachstania_turicensis     0.1176592 0.1687656 0.1388229 0.1391613 0.1912135 0.1338338 0.1500379 0.0000000 0.1411662 0.1433380 0.1384751 0.1584454 0.0857429 0.1960991 0.1119100 0.1417895 0.1514213 0.0637872 0.1580291 0.2001812 0.2300594 
yHAB136_Kazachstania_bromeliacearum 0.1265442 0.1290321 0.1214937 0.1417389 0.1803613 0.1144963 0.0841753 0.1411662 0.0000000 0.0841505 0.0877341 0.1271019 0.1123736 0.1492362 0.1359486 0.1309568 0.0904727 0.1437266 0.0943480 0.1575540 0.2111149 
yHAB143_Kazachstania_siamensis      0.1212296 0.1283962 0.1172670 0.1393904 0.1857392 0.1169235 0.0565253 0.1433380 0.0841505 0.0000000 0.0915541 0.1331326 0.1223330 0.1399851 0.1308477 0.1387093 0.0679516 0.1371443 0.0700932 0.1449275 0.2155299 
yHAB147_Kazachstania_taianensis     0.1137100 0.1157969 0.1194012 0.1338993 0.1663327 0.1125084 0.0865749 0.1384751 0.0877341 0.0915541 0.0000000 0.1267776 0.1227680 0.1424665 0.1153273 0.1359228 0.0989017 0.1289512 0.1026072 0.1406231 0.2016398 
yHAB148_Kazachstania_intestinalis   0.1568433 0.1730986 0.1522959 0.1657163 0.1872109 0.1531363 0.1369748 0.1584454 0.1271019 0.1331326 0.1267776 0.0000000 0.1476145 0.1810733 0.1555199 0.1462965 0.1484306 0.1489998 0.1514269 0.1879744 0.2228342 
yHAB153_Kazachstania_rosinii        0.1046613 0.1572244 0.1124981 0.1357531 0.1691441 0.1154531 0.1227125 0.0857429 0.1123736 0.1223330 0.1227680 0.1476145 0.0000000 0.1800111 0.0951092 0.1238736 0.1427732 0.0784788 0.1487960 0.1827692 0.2115939 
yHAB154_Kazachstania_transvaalensis 0.1821820 0.1734880 0.1602959 0.1701343 0.2131263 0.1731505 0.1360730 0.1960991 0.1492362 0.1399851 0.1424665 0.1810733 0.1800111 0.0000000 0.1902021 0.1815596 0.1497503 0.1829073 0.1553571 0.0215067 0.2340117 
yHAB155_Kazachstania_spencerorum    0.0965532 0.1745083 0.1251396 0.1315369 0.1808278 0.1336812 0.1312299 0.1119100 0.1359486 0.1308477 0.1153273 0.1555199 0.0951092 0.1902021 0.0000000 0.1399059 0.1502460 0.1118088 0.1541080 0.1825587 0.2349406 
yHAB158_Kazachstania_viticola       0.1298765 0.1867385 0.1374911 0.1425157 0.1963115 0.1256018 0.1397259 0.1417895 0.1309568 0.1387093 0.1359228 0.1462965 0.1238736 0.1815596 0.1399059 0.0000000 0.1603691 0.1397476 0.1632424 0.1866746 0.2216183 
yHAB159_Kazachstania_solicola       0.1302979 0.1381677 0.1307558 0.1564893 0.1877438 0.1398864 0.0442201 0.1514213 0.0904727 0.0679516 0.0989017 0.1484306 0.1427732 0.1497503 0.1502460 0.1603691 0.0000000 0.1532111 0.0073848 0.1535634 0.2172510 
yHAB160_Kazachstania_kunashirensis  0.1168076 0.1599793 0.1304700 0.1343856 0.1703568 0.1331074 0.1410600 0.0637872 0.1437266 0.1371443 0.1289512 0.1489998 0.0784788 0.1829073 0.1118088 0.1397476 0.1532111 0.0000000 0.1581505 0.1851461 0.2202783 
yHAB164_Kazachstania_aerobia        0.1343047 0.1448259 0.1372552 0.1574345 0.1888069 0.1435603 0.0452079 0.1580291 0.0943480 0.0700932 0.1026072 0.1514269 0.1487960 0.1553571 0.1541080 0.1632424 0.0073848 0.1581505 0.0000000 0.1577971 0.2222084 
yHAB166_Kazachstania_yakushimaensis 0.1752801 0.1801358 0.1600184 0.1735238 0.2192502 0.1788968 0.1394566 0.2001812 0.1575540 0.1449275 0.1406231 0.1879744 0.1827692 0.0215067 0.1825587 0.1866746 0.1535634 0.1851461 0.1577971 0.0000000 0.2415056 
yHMPu5000035629_Yueomyces_sinensis  0.2283696 0.2421575 0.2084522 0.2406159 0.1202578 0.2090533 0.2146681 0.2300594 0.2111149 0.2155299 0.2016398 0.2228342 0.2115939 0.2340117 0.2349406 0.2216183 0.2172510 0.2202783 0.2222084 0.2415056 0.0000000 
