21
Kazachstania_africana               0.0000000 0.2894795 0.2996587 0.2688918 0.4366952 0.2226170 0.2701578 0.3198673 0.2158510 0.2536384 0.2536447 0.2276381 0.2156885 0.2705780 0.2409043 0.2136582 0.2717334 0.1930379 0.2714201 0.2842066 0.4972699 
Kazachstania_naganishii             0.2894795 0.0000000 0.2173328 0.2254838 0.4595491 0.2237043 0.2214733 0.2344377 0.1789493 0.2272870 0.2265157 0.2407909 0.2231852 0.3675676 0.1896970 0.2385893 0.2105549 0.2149406 0.2084071 0.3042938 0.4755136 
Naumovozyma_castellii               0.2996587 0.2173328 0.0000000 0.1868562 0.5114728 0.2829720 0.2794186 0.3624184 0.2631220 0.3030594 0.3129530 0.2976185 0.2883806 0.4055266 0.2582732 0.2959761 0.2619554 0.2851855 0.2748780 0.3335082 0.5528182 
Naumovozyma_dairenensis             0.2688918 0.2254838 0.1868562 0.0000000 0.4631268 0.2358643 0.2062045 0.3166609 0.1844445 0.2188228 0.2625293 0.2268700 0.3022389 0.2944270 0.2118008 0.1993013 0.2349552 0.2323798 0.2347549 0.2953386 0.5975337 
Tetrapisispora_blattae              0.4366952 0.4595491 0.5114728 0.4631268 0.0000000 0.4525608 0.5008852 0.5265828 0.4406970 0.4713692 0.4956578 0.4611611 0.4735527 0.4584618 0.4542067 0.3896981 0.5152032 0.4556858 0.5176452 0.4559866 0.4111403 
yHAB132_Kazachstania_martiniae      0.2226170 0.2237043 0.2829720 0.2358643 0.4525608 0.0000000 0.1858203 0.3001657 0.1268109 0.1756049 0.1892240 0.1678062 0.1543495 0.2929208 0.1833959 0.1577296 0.2078378 0.1449838 0.1963134 0.2784961 0.4562834 
yHAB133_Kazachstania_unispora       0.2701578 0.2214733 0.2794186 0.2062045 0.5008852 0.1858203 0.0000000 0.2746028 0.1332516 0.0716250 0.2048122 0.2321361 0.1962785 0.2926280 0.1703179 0.1825465 0.0333247 0.1916762 0.0381768 0.2807519 0.4768815 
yHAB134_Kazachstania_turicensis     0.3198673 0.2344377 0.3624184 0.3166609 0.5265828 0.3001657 0.2746028 0.0000000 0.2536897 0.2778051 0.3013978 0.2680100 0.2310093 0.3228266 0.2008120 0.2589147 0.2628119 0.2049435 0.2641401 0.3482728 0.5760323 
yHAB136_Kazachstania_bromeliacearum 0.2158510 0.1789493 0.2631220 0.1844445 0.4406970 0.1268109 0.1332516 0.2536897 0.0000000 0.1387857 0.1576494 0.1646453 0.1780707 0.2649638 0.1387817 0.1542139 0.1362141 0.1433548 0.1475947 0.2269610 0.4613385 
yHAB143_Kazachstania_siamensis      0.2536384 0.2272870 0.3030594 0.2188228 0.4713692 0.1756049 0.0716250 0.2778051 0.1387857 0.0000000 0.1958756 0.2083225 0.2036012 0.3019378 0.1973745 0.1705935 0.0860653 0.1820327 0.0766242 0.2760232 0.5198097 
yHAB147_Kazachstania_taianensis     0.2536447 0.2265157 0.3129530 0.2625293 0.4956578 0.1892240 0.2048122 0.3013978 0.1576494 0.1958756 0.0000000 0.2407368 0.2528268 0.3177685 0.2356888 0.1891762 0.2090735 0.2381473 0.2207040 0.2473875 0.5094273 
yHAB148_Kazachstania_intestinalis   0.2276381 0.2407909 0.2976185 0.2268700 0.4611611 0.1678062 0.2321361 0.2680100 0.1646453 0.2083225 0.2407368 0.0000000 0.2613005 0.2758320 0.2224681 0.1572373 0.2370062 0.2143855 0.2249542 0.3088379 0.5467526 
yHAB153_Kazachstania_rosinii        0.2156885 0.2231852 0.2883806 0.3022389 0.4735527 0.1543495 0.1962785 0.2310093 0.1780707 0.2036012 0.2528268 0.2613005 0.0000000 0.3104227 0.1321500 0.2476506 0.1932279 0.1048375 0.1821211 0.2355494 0.4107029 
yHAB154_Kazachstania_transvaalensis 0.2705780 0.3675676 0.4055266 0.2944270 0.4584618 0.2929208 0.2926280 0.3228266 0.2649638 0.3019378 0.3177685 0.2758320 0.3104227 0.0000000 0.2888631 0.2387860 0.3260169 0.3015760 0.3249226 0.1261894 0.5257364 
yHAB155_Kazachstania_spencerorum    0.2409043 0.1896970 0.2582732 0.2118008 0.4542067 0.1833959 0.1703179 0.2008120 0.1387817 0.1973745 0.2356888 0.2224681 0.1321500 0.2888631 0.0000000 0.1945440 0.1840176 0.1161172 0.1849508 0.2378182 0.4465878 
yHAB158_Kazachstania_viticola       0.2136582 0.2385893 0.2959761 0.1993013 0.3896981 0.1577296 0.1825465 0.2589147 0.1542139 0.1705935 0.1891762 0.1572373 0.2476506 0.2387860 0.1945440 0.0000000 0.2169155 0.1719390 0.2147236 0.2549203 0.5107087 
yHAB159_Kazachstania_solicola       0.2717334 0.2105549 0.2619554 0.2349552 0.5152032 0.2078378 0.0333247 0.2628119 0.1362141 0.0860653 0.2090735 0.2370062 0.1932279 0.3260169 0.1840176 0.2169155 0.0000000 0.2135433 0.0078947 0.2789851 0.4804872 
yHAB160_Kazachstania_kunashirensis  0.1930379 0.2149406 0.2851855 0.2323798 0.4556858 0.1449838 0.1916762 0.2049435 0.1433548 0.1820327 0.2381473 0.2143855 0.1048375 0.3015760 0.1161172 0.1719390 0.2135433 0.0000000 0.2023649 0.2760857 0.4413137 
yHAB164_Kazachstania_aerobia        0.2714201 0.2084071 0.2748780 0.2347549 0.5176452 0.1963134 0.0381768 0.2641401 0.1475947 0.0766242 0.2207040 0.2249542 0.1821211 0.3249226 0.1849508 0.2147236 0.0078947 0.2023649 0.0000000 0.2803803 0.4800153 
yHAB166_Kazachstania_yakushimaensis 0.2842066 0.3042938 0.3335082 0.2953386 0.4559866 0.2784961 0.2807519 0.3482728 0.2269610 0.2760232 0.2473875 0.3088379 0.2355494 0.1261894 0.2378182 0.2549203 0.2789851 0.2760857 0.2803803 0.0000000 0.5056049 
yHMPu5000035629_Yueomyces_sinensis  0.4972699 0.4755136 0.5528182 0.5975337 0.4111403 0.4562834 0.4768815 0.5760323 0.4613385 0.5198097 0.5094273 0.5467526 0.4107029 0.5257364 0.4465878 0.5107087 0.4804872 0.4413137 0.4800153 0.5056049 0.0000000 
