21
Kazachstania_africana               0.0000000 0.3166057 0.3768511 0.4229686 0.3173163 0.4325467 0.2917046 0.2899125 0.2564651 0.2900376 0.2427858 0.3489602 0.2771522 0.2531849 0.3908132 0.2732964 0.2838596 0.2453795 0.2939821 0.2775966 0.2988959 
Kazachstania_naganishii             0.3166057 0.0000000 0.3406143 0.3923316 0.3098958 0.3441696 0.2504469 0.3385021 0.1941122 0.2365607 0.1993268 0.2470518 0.2257429 0.1912053 0.3637672 0.2344553 0.2320846 0.2428554 0.2394855 0.1882509 0.2781300 
Naumovozyma_castellii               0.3768511 0.3406143 0.0000000 0.3383452 0.3553666 0.5417549 0.2667385 0.3636130 0.3012455 0.2877232 0.3345337 0.3935840 0.3609742 0.3222256 0.4179723 0.3884193 0.2676499 0.3447330 0.2913279 0.3520000 0.2483711 
Naumovozyma_dairenensis             0.4229686 0.3923316 0.3383452 0.0000000 0.4401850 0.3797535 0.3480975 0.4385926 0.4062999 0.3306668 0.3510269 0.4300744 0.4126085 0.3230833 0.4947381 0.3853473 0.3335934 0.3865599 0.3627214 0.3391888 0.3828260 
Tetrapisispora_blattae              0.3173163 0.3098958 0.3553666 0.4401850 0.0000000 0.4125238 0.2748851 0.3599804 0.3655194 0.3144334 0.3460747 0.3322148 0.2509155 0.3499952 0.2630511 0.3169671 0.2495572 0.2649782 0.2913920 0.3739244 0.1534667 
yHAB132_Kazachstania_martiniae      0.4325467 0.3441696 0.5417549 0.3797535 0.4125238 0.0000000 0.3553918 0.4546659 0.3241215 0.3963702 0.3203024 0.3220484 0.4070800 0.3690538 0.4517151 0.4573231 0.3391191 0.4070544 0.3612955 0.3860392 0.4136509 
yHAB133_Kazachstania_unispora       0.2917046 0.2504469 0.2667385 0.3480975 0.2748851 0.3553918 0.0000000 0.2385159 0.2386555 0.0817299 0.2144097 0.2293717 0.2583672 0.2277662 0.3132096 0.2701696 0.0545663 0.2342603 0.0932675 0.2321483 0.2672782 
yHAB134_Kazachstania_turicensis     0.2899125 0.3385021 0.3636130 0.4385926 0.3599804 0.4546659 0.2385159 0.0000000 0.2961471 0.2362375 0.2830307 0.3508667 0.3273856 0.2634834 0.3540652 0.2217085 0.2479225 0.1494130 0.2621365 0.2606144 0.3041968 
yHAB136_Kazachstania_bromeliacearum 0.2564651 0.1941122 0.3012455 0.4062999 0.3655194 0.3241215 0.2386555 0.2961471 0.0000000 0.2369106 0.1399885 0.1931555 0.2454731 0.1935574 0.3580788 0.2518491 0.2400924 0.2289337 0.2472385 0.1908392 0.2833619 
yHAB143_Kazachstania_siamensis      0.2900376 0.2365607 0.2877232 0.3306668 0.3144334 0.3963702 0.0817299 0.2362375 0.2369106 0.0000000 0.1908551 0.2534041 0.2628434 0.2224416 0.3460364 0.2700249 0.0940714 0.2232290 0.1179401 0.2239448 0.2743417 
yHAB147_Kazachstania_taianensis     0.2427858 0.1993268 0.3345337 0.3510269 0.3460747 0.3203024 0.2144097 0.2830307 0.1399885 0.1908551 0.0000000 0.1908152 0.2260205 0.1563808 0.3376190 0.1979018 0.2109113 0.1961129 0.2258886 0.1783018 0.2350663 
yHAB148_Kazachstania_intestinalis   0.3489602 0.2470518 0.3935840 0.4300744 0.3322148 0.3220484 0.2293717 0.3508667 0.1931555 0.2534041 0.1908152 0.0000000 0.2768427 0.2356894 0.3520790 0.2585642 0.2260774 0.2825783 0.2264808 0.2395342 0.3222575 
yHAB153_Kazachstania_rosinii        0.2771522 0.2257429 0.3609742 0.4126085 0.2509155 0.4070800 0.2583672 0.3273856 0.2454731 0.2628434 0.2260205 0.2768427 0.0000000 0.2530566 0.1953599 0.2077410 0.2661041 0.2092788 0.2950099 0.2507358 0.2779622 
yHAB154_Kazachstania_transvaalensis 0.2531849 0.1912053 0.3222256 0.3230833 0.3499952 0.3690538 0.2277662 0.2634834 0.1935574 0.2224416 0.1563808 0.2356894 0.2530566 0.0000000 0.3957251 0.2281467 0.2204527 0.2517454 0.2283319 0.0335738 0.3146727 
yHAB155_Kazachstania_spencerorum    0.3908132 0.3637672 0.4179723 0.4947381 0.2630511 0.4517151 0.3132096 0.3540652 0.3580788 0.3460364 0.3376190 0.3520790 0.1953599 0.3957251 0.0000000 0.2732157 0.3115220 0.2850461 0.3396684 0.3808656 0.3265839 
yHAB158_Kazachstania_viticola       0.2732964 0.2344553 0.3884193 0.3853473 0.3169671 0.4573231 0.2701696 0.2217085 0.2518491 0.2700249 0.1979018 0.2585642 0.2077410 0.2281467 0.2732157 0.0000000 0.2914530 0.1764256 0.3102243 0.2482678 0.2996916 
yHAB159_Kazachstania_solicola       0.2838596 0.2320846 0.2676499 0.3335934 0.2495572 0.3391191 0.0545663 0.2479225 0.2400924 0.0940714 0.2109113 0.2260774 0.2661041 0.2204527 0.3115220 0.2914530 0.0000000 0.2319121 0.0337335 0.2290922 0.2347384 
yHAB160_Kazachstania_kunashirensis  0.2453795 0.2428554 0.3447330 0.3865599 0.2649782 0.4070544 0.2342603 0.1494130 0.2289337 0.2232290 0.1961129 0.2825783 0.2092788 0.2517454 0.2850461 0.1764256 0.2319121 0.0000000 0.2379753 0.2552444 0.2526024 
yHAB164_Kazachstania_aerobia        0.2939821 0.2394855 0.2913279 0.3627214 0.2913920 0.3612955 0.0932675 0.2621365 0.2472385 0.1179401 0.2258886 0.2264808 0.2950099 0.2283319 0.3396684 0.3102243 0.0337335 0.2379753 0.0000000 0.2371789 0.2676381 
yHAB166_Kazachstania_yakushimaensis 0.2775966 0.1882509 0.3520000 0.3391888 0.3739244 0.3860392 0.2321483 0.2606144 0.1908392 0.2239448 0.1783018 0.2395342 0.2507358 0.0335738 0.3808656 0.2482678 0.2290922 0.2552444 0.2371789 0.0000000 0.3425403 
yHMPu5000035629_Yueomyces_sinensis  0.2988959 0.2781300 0.2483711 0.3828260 0.1534667 0.4136509 0.2672782 0.3041968 0.2833619 0.2743417 0.2350663 0.3222575 0.2779622 0.3146727 0.3265839 0.2996916 0.2347384 0.2526024 0.2676381 0.3425403 0.0000000 
