21
Kazachstania_africana               0.0000000 0.0985170 0.0962600 0.1017429 0.1494185 0.0935509 0.0942839 0.1136015 0.0907925 0.1041241 0.0964476 0.1280231 0.1076232 0.1053677 0.1168860 0.0915216 0.1022586 0.1047098 0.0981806 0.1089284 0.1914706 
Kazachstania_naganishii             0.0985170 0.0000000 0.0668580 0.0807433 0.1763517 0.0727897 0.0509627 0.0926664 0.0492981 0.0620232 0.0488822 0.0953746 0.0913126 0.0724049 0.0966757 0.0840719 0.0484905 0.0874643 0.0535313 0.0758629 0.2091915 
Naumovozyma_castellii               0.0962600 0.0668580 0.0000000 0.0596285 0.1838610 0.0787362 0.0825421 0.1017418 0.0759066 0.0855226 0.0634689 0.0958368 0.0905129 0.0844292 0.0820989 0.0908249 0.0752794 0.0998632 0.0840831 0.0830585 0.2082863 
Naumovozyma_dairenensis             0.1017429 0.0807433 0.0596285 0.0000000 0.1766989 0.0767127 0.0758622 0.0840332 0.0728693 0.0818611 0.0747846 0.0964791 0.0790756 0.0817274 0.0871121 0.0863405 0.0805712 0.0873627 0.0838909 0.0857385 0.2042740 
Tetrapisispora_blattae              0.1494185 0.1763517 0.1838610 0.1766989 0.0000000 0.1617983 0.1703426 0.1544946 0.1790131 0.1899730 0.1734619 0.1814669 0.1808230 0.1681204 0.1700518 0.1722121 0.1840736 0.1693661 0.1795881 0.1766915 0.1757346 
yHAB132_Kazachstania_martiniae      0.0935509 0.0727897 0.0787362 0.0767127 0.1617983 0.0000000 0.0784258 0.0715377 0.0487064 0.0888411 0.0606775 0.0808553 0.0624505 0.0780429 0.0702599 0.0684823 0.0745890 0.0880889 0.0778004 0.0826380 0.2047456 
yHAB133_Kazachstania_unispora       0.0942839 0.0509627 0.0825421 0.0758622 0.1703426 0.0784258 0.0000000 0.0919814 0.0473824 0.0387716 0.0595275 0.0976507 0.0808770 0.0576744 0.1019686 0.0803100 0.0296484 0.0785493 0.0311510 0.0594214 0.2090465 
yHAB134_Kazachstania_turicensis     0.1136015 0.0926664 0.1017418 0.0840332 0.1544946 0.0715377 0.0919814 0.0000000 0.0867333 0.1016373 0.0889804 0.1203974 0.0923990 0.1054488 0.0939789 0.0803596 0.0943215 0.0625869 0.0974974 0.1120824 0.1960473 
yHAB136_Kazachstania_bromeliacearum 0.0907925 0.0492981 0.0759066 0.0728693 0.1790131 0.0487064 0.0473824 0.0867333 0.0000000 0.0571324 0.0505933 0.0810601 0.0644066 0.0529810 0.0900252 0.0680452 0.0437631 0.0859751 0.0518969 0.0561837 0.2110297 
yHAB143_Kazachstania_siamensis      0.1041241 0.0620232 0.0855226 0.0818611 0.1899730 0.0888411 0.0387716 0.1016373 0.0571324 0.0000000 0.0757201 0.1040415 0.0961755 0.0660721 0.1144043 0.0950723 0.0478995 0.0980520 0.0525830 0.0726838 0.2080477 
yHAB147_Kazachstania_taianensis     0.0964476 0.0488822 0.0634689 0.0747846 0.1734619 0.0606775 0.0595275 0.0889804 0.0505933 0.0757201 0.0000000 0.0986752 0.0923714 0.0698229 0.0941374 0.0818540 0.0605845 0.0893523 0.0637708 0.0678282 0.2071361 
yHAB148_Kazachstania_intestinalis   0.1280231 0.0953746 0.0958368 0.0964791 0.1814669 0.0808553 0.0976507 0.1203974 0.0810601 0.1040415 0.0986752 0.0000000 0.0826030 0.0960884 0.1125186 0.1123852 0.0921251 0.1157258 0.1017834 0.1026070 0.2240891 
yHAB153_Kazachstania_rosinii        0.1076232 0.0913126 0.0905129 0.0790756 0.1808230 0.0624505 0.0808770 0.0923990 0.0644066 0.0961755 0.0923714 0.0826030 0.0000000 0.0896826 0.0815469 0.0771291 0.0771420 0.0875283 0.0787707 0.0957637 0.2124562 
yHAB154_Kazachstania_transvaalensis 0.1053677 0.0724049 0.0844292 0.0817274 0.1681204 0.0780429 0.0576744 0.1054488 0.0529810 0.0660721 0.0698229 0.0960884 0.0896826 0.0000000 0.0957134 0.0859222 0.0576008 0.1043377 0.0568980 0.0215009 0.2033078 
yHAB155_Kazachstania_spencerorum    0.1168860 0.0966757 0.0820989 0.0871121 0.1700518 0.0702599 0.1019686 0.0939789 0.0900252 0.1144043 0.0941374 0.1125186 0.0815469 0.0957134 0.0000000 0.0875883 0.0931299 0.1029310 0.0987912 0.1014470 0.1895294 
yHAB158_Kazachstania_viticola       0.0915216 0.0840719 0.0908249 0.0863405 0.1722121 0.0684823 0.0803100 0.0803596 0.0680452 0.0950723 0.0818540 0.1123852 0.0771291 0.0859222 0.0875883 0.0000000 0.0773485 0.0844720 0.0841364 0.0851627 0.2126214 
yHAB159_Kazachstania_solicola       0.1022586 0.0484905 0.0752794 0.0805712 0.1840736 0.0745890 0.0296484 0.0943215 0.0437631 0.0478995 0.0605845 0.0921251 0.0771420 0.0576008 0.0931299 0.0773485 0.0000000 0.0834735 0.0192213 0.0599541 0.2178991 
yHAB160_Kazachstania_kunashirensis  0.1047098 0.0874643 0.0998632 0.0873627 0.1693661 0.0880889 0.0785493 0.0625869 0.0859751 0.0980520 0.0893523 0.1157258 0.0875283 0.1043377 0.1029310 0.0844720 0.0834735 0.0000000 0.0826464 0.0995547 0.2094497 
yHAB164_Kazachstania_aerobia        0.0981806 0.0535313 0.0840831 0.0838909 0.1795881 0.0778004 0.0311510 0.0974974 0.0518969 0.0525830 0.0637708 0.1017834 0.0787707 0.0568980 0.0987912 0.0841364 0.0192213 0.0826464 0.0000000 0.0613118 0.2080776 
yHAB166_Kazachstania_yakushimaensis 0.1089284 0.0758629 0.0830585 0.0857385 0.1766915 0.0826380 0.0594214 0.1120824 0.0561837 0.0726838 0.0678282 0.1026070 0.0957637 0.0215009 0.1014470 0.0851627 0.0599541 0.0995547 0.0613118 0.0000000 0.2162008 
yHMPu5000035629_Yueomyces_sinensis  0.1914706 0.2091915 0.2082863 0.2042740 0.1757346 0.2047456 0.2090465 0.1960473 0.2110297 0.2080477 0.2071361 0.2240891 0.2124562 0.2033078 0.1895294 0.2126214 0.2178991 0.2094497 0.2080776 0.2162008 0.0000000 
