21
Kazachstania_africana               0.0000000 0.1206481 0.1481239 0.1675991 0.2699969 0.1252188 0.1422938 0.1422991 0.1248538 0.1420570 0.1107362 0.1701101 0.1193587 0.1550169 0.1313686 0.1555867 0.1563592 0.1240301 0.1487704 0.1613245 0.1591882 
Kazachstania_naganishii             0.1206481 0.0000000 0.1463096 0.1527719 0.2992773 0.1343713 0.1412150 0.1641848 0.1414866 0.1463393 0.1174310 0.1640297 0.1257094 0.1477578 0.1345117 0.1748876 0.1592798 0.1518601 0.1563257 0.1644168 0.1834115 
Naumovozyma_castellii               0.1481239 0.1463096 0.0000000 0.1648346 0.3015273 0.1330489 0.1644415 0.1778408 0.1602403 0.1673776 0.1467961 0.1698072 0.1380968 0.1566869 0.1701750 0.2001505 0.1802250 0.1412579 0.1770760 0.1724910 0.1857186 
Naumovozyma_dairenensis             0.1675991 0.1527719 0.1648346 0.0000000 0.3116580 0.1607094 0.1829897 0.1678848 0.2076240 0.1861649 0.1498794 0.1987029 0.1466997 0.1694952 0.1602905 0.1741061 0.2061451 0.1511834 0.2027843 0.1840135 0.1988346 
Tetrapisispora_blattae              0.2699969 0.2992773 0.3015273 0.3116580 0.0000000 0.2804080 0.3159839 0.2970180 0.2891877 0.3272973 0.3078480 0.2970766 0.3023578 0.3171638 0.2861566 0.3294104 0.3276999 0.2770499 0.3297391 0.3265416 0.2223257 
yHAB132_Kazachstania_martiniae      0.1252188 0.1343713 0.1330489 0.1607094 0.2804080 0.0000000 0.1367846 0.1516064 0.1498724 0.1239802 0.1314899 0.1520584 0.1245512 0.1546046 0.1221791 0.1752894 0.1522242 0.1326700 0.1492838 0.1756651 0.1669527 
yHAB133_Kazachstania_unispora       0.1422938 0.1412150 0.1644415 0.1829897 0.3159839 0.1367846 0.0000000 0.1961039 0.1322153 0.0384901 0.1142595 0.1769721 0.1542964 0.1424394 0.1442294 0.1743101 0.0307783 0.1632784 0.0328621 0.1555854 0.2169550 
yHAB134_Kazachstania_turicensis     0.1422991 0.1641848 0.1778408 0.1678848 0.2970180 0.1516064 0.1961039 0.0000000 0.1931906 0.1860950 0.1672619 0.1801368 0.1412157 0.1872589 0.1766737 0.2136880 0.2033851 0.0643597 0.2000824 0.2132435 0.2138746 
yHAB136_Kazachstania_bromeliacearum 0.1248538 0.1414866 0.1602403 0.2076240 0.2891877 0.1498724 0.1322153 0.1931906 0.0000000 0.1384357 0.1142892 0.1851383 0.1541405 0.1743576 0.1882720 0.2010885 0.1419553 0.1718102 0.1394496 0.1780115 0.2100425 
yHAB143_Kazachstania_siamensis      0.1420570 0.1463393 0.1673776 0.1861649 0.3272973 0.1239802 0.0384901 0.1860950 0.1384357 0.0000000 0.1085531 0.1741806 0.1533581 0.1425617 0.1441890 0.1714907 0.0520448 0.1602146 0.0543031 0.1666518 0.2186463 
yHAB147_Kazachstania_taianensis     0.1107362 0.1174310 0.1467961 0.1498794 0.3078480 0.1314899 0.1142595 0.1672619 0.1142892 0.1085531 0.0000000 0.1696228 0.1352991 0.1271887 0.1246709 0.1625735 0.1270849 0.1568210 0.1243577 0.1391021 0.2008534 
yHAB148_Kazachstania_intestinalis   0.1701101 0.1640297 0.1698072 0.1987029 0.2970766 0.1520584 0.1769721 0.1801368 0.1851383 0.1741806 0.1696228 0.0000000 0.1466268 0.1547959 0.1828770 0.1961695 0.1881800 0.1664490 0.1864671 0.1704010 0.1885433 
yHAB153_Kazachstania_rosinii        0.1193587 0.1257094 0.1380968 0.1466997 0.3023578 0.1245512 0.1542964 0.1412157 0.1541405 0.1533581 0.1352991 0.1466268 0.0000000 0.1433358 0.1106338 0.1712285 0.1638629 0.0971487 0.1561194 0.1591678 0.1835413 
yHAB154_Kazachstania_transvaalensis 0.1550169 0.1477578 0.1566869 0.1694952 0.3171638 0.1546046 0.1424394 0.1872589 0.1743576 0.1425617 0.1271887 0.1547959 0.1433358 0.0000000 0.1624083 0.1833401 0.1530602 0.1680742 0.1454541 0.0433035 0.1986020 
yHAB155_Kazachstania_spencerorum    0.1313686 0.1345117 0.1701750 0.1602905 0.2861566 0.1221791 0.1442294 0.1766737 0.1882720 0.1441890 0.1246709 0.1828770 0.1106338 0.1624083 0.0000000 0.1415469 0.1535540 0.1305990 0.1555849 0.1869361 0.1913534 
yHAB158_Kazachstania_viticola       0.1555867 0.1748876 0.2001505 0.1741061 0.3294104 0.1752894 0.1743101 0.2136880 0.2010885 0.1714907 0.1625735 0.1961695 0.1712285 0.1833401 0.1415469 0.0000000 0.1895559 0.1627696 0.1810598 0.1743942 0.2056106 
yHAB159_Kazachstania_solicola       0.1563592 0.1592798 0.1802250 0.2061451 0.3276999 0.1522242 0.0307783 0.2033851 0.1419553 0.0520448 0.1270849 0.1881800 0.1638629 0.1530602 0.1535540 0.1895559 0.0000000 0.1750230 0.0055141 0.1627535 0.2289103 
yHAB160_Kazachstania_kunashirensis  0.1240301 0.1518601 0.1412579 0.1511834 0.2770499 0.1326700 0.1632784 0.0643597 0.1718102 0.1602146 0.1568210 0.1664490 0.0971487 0.1680742 0.1305990 0.1627696 0.1750230 0.0000000 0.1719050 0.1908931 0.2070321 
yHAB164_Kazachstania_aerobia        0.1487704 0.1563257 0.1770760 0.2027843 0.3297391 0.1492838 0.0328621 0.2000824 0.1394496 0.0543031 0.1243577 0.1864671 0.1561194 0.1454541 0.1555849 0.1810598 0.0055141 0.1719050 0.0000000 0.1549284 0.2255778 
yHAB166_Kazachstania_yakushimaensis 0.1613245 0.1644168 0.1724910 0.1840135 0.3265416 0.1756651 0.1555854 0.2132435 0.1780115 0.1666518 0.1391021 0.1704010 0.1591678 0.0433035 0.1869361 0.1743942 0.1627535 0.1908931 0.1549284 0.0000000 0.2305859 
yHMPu5000035629_Yueomyces_sinensis  0.1591882 0.1834115 0.1857186 0.1988346 0.2223257 0.1669527 0.2169550 0.2138746 0.2100425 0.2186463 0.2008534 0.1885433 0.1835413 0.1986020 0.1913534 0.2056106 0.2289103 0.2070321 0.2255778 0.2305859 0.0000000 
