21
Kazachstania_africana               0.0000000 0.1502827 0.1131266 0.1205380 0.1333224 0.1469750 0.1486853 0.1775810 0.1279227 0.1628842 0.1864465 0.1506525 0.1259943 0.1476275 0.1389126 0.1277381 0.1441146 0.1428406 0.1481237 0.1402866 0.1544555 
Kazachstania_naganishii             0.1502827 0.0000000 0.1553136 0.1750023 0.1740754 0.1809892 0.1749499 0.2014593 0.1768360 0.1673664 0.1653761 0.1710214 0.1537024 0.1669952 0.1621944 0.1788073 0.1759292 0.1888224 0.1790519 0.1702949 0.2119778 
Naumovozyma_castellii               0.1131266 0.1553136 0.0000000 0.0989420 0.1410651 0.1253810 0.1463361 0.1478121 0.1130217 0.1415041 0.1676160 0.1411615 0.0991860 0.1302268 0.1253979 0.1150797 0.1373553 0.1300801 0.1432850 0.1290462 0.1778894 
Naumovozyma_dairenensis             0.1205380 0.1750023 0.0989420 0.0000000 0.1336340 0.1495674 0.1540174 0.1455779 0.1423166 0.1639592 0.1956321 0.1455253 0.1393586 0.1797363 0.1526100 0.1389858 0.1571736 0.1350222 0.1541256 0.1720840 0.1713084 
Tetrapisispora_blattae              0.1333224 0.1740754 0.1410651 0.1336340 0.0000000 0.1509639 0.1437282 0.1850668 0.1320853 0.1454384 0.2179254 0.1679370 0.1430173 0.1641932 0.1573998 0.1236005 0.1408793 0.1501416 0.1467300 0.1583793 0.1293456 
yHAB132_Kazachstania_martiniae      0.1469750 0.1809892 0.1253810 0.1495674 0.1509639 0.0000000 0.1592519 0.1719744 0.1305648 0.1541171 0.2037438 0.1757483 0.1377064 0.1446937 0.1495666 0.1345448 0.1557314 0.1712571 0.1577024 0.1358084 0.1682075 
yHAB133_Kazachstania_unispora       0.1486853 0.1749499 0.1463361 0.1540174 0.1437282 0.1592519 0.0000000 0.1567647 0.1526489 0.0515386 0.2193856 0.1617854 0.1615722 0.1695161 0.1643466 0.1690192 0.0201638 0.1716217 0.0199350 0.1632179 0.2022196 
yHAB134_Kazachstania_turicensis     0.1775810 0.2014593 0.1478121 0.1455779 0.1850668 0.1719744 0.1567647 0.0000000 0.1661334 0.1601840 0.2132854 0.1813941 0.1639107 0.2094371 0.1729447 0.1700820 0.1607474 0.1149741 0.1585891 0.2032933 0.2127801 
yHAB136_Kazachstania_bromeliacearum 0.1279227 0.1768360 0.1130217 0.1423166 0.1320853 0.1305648 0.1526489 0.1661334 0.0000000 0.1530830 0.1964693 0.1563546 0.1491558 0.1814452 0.1312931 0.1359711 0.1529089 0.1310034 0.1547622 0.1767076 0.1685729 
yHAB143_Kazachstania_siamensis      0.1628842 0.1673664 0.1415041 0.1639592 0.1454384 0.1541171 0.0515386 0.1601840 0.1530830 0.0000000 0.2183361 0.1609186 0.1637007 0.1603757 0.1567203 0.1674042 0.0538620 0.1881847 0.0555005 0.1559337 0.2124924 
yHAB147_Kazachstania_taianensis     0.1864465 0.1653761 0.1676160 0.1956321 0.2179254 0.2037438 0.2193856 0.2132854 0.1964693 0.2183361 0.0000000 0.2374565 0.2008102 0.2352842 0.1922490 0.2054151 0.2201598 0.2264695 0.2191086 0.2278660 0.2277765 
yHAB148_Kazachstania_intestinalis   0.1506525 0.1710214 0.1411615 0.1455253 0.1679370 0.1757483 0.1617854 0.1813941 0.1563546 0.1609186 0.2374565 0.0000000 0.1428163 0.1733477 0.1521352 0.1283249 0.1650461 0.1732177 0.1669567 0.1594103 0.1891474 
yHAB153_Kazachstania_rosinii        0.1259943 0.1537024 0.0991860 0.1393586 0.1430173 0.1377064 0.1615722 0.1639107 0.1491558 0.1637007 0.2008102 0.1428163 0.0000000 0.1485257 0.1268234 0.1213825 0.1669351 0.1152096 0.1706406 0.1377943 0.1575910 
yHAB154_Kazachstania_transvaalensis 0.1476275 0.1669952 0.1302268 0.1797363 0.1641932 0.1446937 0.1695161 0.2094371 0.1814452 0.1603757 0.2352842 0.1733477 0.1485257 0.0000000 0.1731787 0.1654116 0.1671281 0.1879659 0.1735378 0.0219457 0.1942783 
yHAB155_Kazachstania_spencerorum    0.1389126 0.1621944 0.1253979 0.1526100 0.1573998 0.1495666 0.1643466 0.1729447 0.1312931 0.1567203 0.1922490 0.1521352 0.1268234 0.1731787 0.0000000 0.1370016 0.1642021 0.1541735 0.1663001 0.1636760 0.1632744 
yHAB158_Kazachstania_viticola       0.1277381 0.1788073 0.1150797 0.1389858 0.1236005 0.1345448 0.1690192 0.1700820 0.1359711 0.1674042 0.2054151 0.1283249 0.1213825 0.1654116 0.1370016 0.0000000 0.1658571 0.1408935 0.1699109 0.1521230 0.1648954 
yHAB159_Kazachstania_solicola       0.1441146 0.1759292 0.1373553 0.1571736 0.1408793 0.1557314 0.0201638 0.1607474 0.1529089 0.0538620 0.2201598 0.1650461 0.1669351 0.1671281 0.1642021 0.1658571 0.0000000 0.1749217 0.0088491 0.1609412 0.2000642 
yHAB160_Kazachstania_kunashirensis  0.1428406 0.1888224 0.1300801 0.1350222 0.1501416 0.1712571 0.1716217 0.1149741 0.1310034 0.1881847 0.2264695 0.1732177 0.1152096 0.1879659 0.1541735 0.1408935 0.1749217 0.0000000 0.1720022 0.1863645 0.1687949 
yHAB164_Kazachstania_aerobia        0.1481237 0.1790519 0.1432850 0.1541256 0.1467300 0.1577024 0.0199350 0.1585891 0.1547622 0.0555005 0.2191086 0.1669567 0.1706406 0.1735378 0.1663001 0.1699109 0.0088491 0.1720022 0.0000000 0.1671994 0.1992205 
yHAB166_Kazachstania_yakushimaensis 0.1402866 0.1702949 0.1290462 0.1720840 0.1583793 0.1358084 0.1632179 0.2032933 0.1767076 0.1559337 0.2278660 0.1594103 0.1377943 0.0219457 0.1636760 0.1521230 0.1609412 0.1863645 0.1671994 0.0000000 0.1803224 
yHMPu5000035629_Yueomyces_sinensis  0.1544555 0.2119778 0.1778894 0.1713084 0.1293456 0.1682075 0.2022196 0.2127801 0.1685729 0.2124924 0.2277765 0.1891474 0.1575910 0.1942783 0.1632744 0.1648954 0.2000642 0.1687949 0.1992205 0.1803224 0.0000000 
