21
Kazachstania_africana               0.0000000 0.0734976 0.0934623 0.0821068 0.1630444 0.0938991 0.0885682 0.0964827 0.0816706 0.0904716 0.0718945 0.0779607 0.0899387 0.1054658 0.0946478 0.0796518 0.0983190 0.0943685 0.1011392 0.1077048 0.1623136 
Kazachstania_naganishii             0.0734976 0.0000000 0.0886902 0.0755506 0.1649734 0.0883580 0.0852495 0.0943300 0.0678930 0.0835471 0.0558730 0.0867711 0.0849699 0.0952617 0.0896445 0.0768204 0.0964409 0.0940392 0.0973424 0.0976105 0.1704258 
Naumovozyma_castellii               0.0934623 0.0886902 0.0000000 0.0459272 0.1382239 0.1019649 0.1123906 0.1075894 0.0873591 0.1094160 0.0854867 0.1095442 0.0939211 0.1097052 0.0959230 0.0790526 0.1162071 0.1071153 0.1172098 0.1134078 0.1480123 
Naumovozyma_dairenensis             0.0821068 0.0755506 0.0459272 0.0000000 0.1401465 0.0947578 0.1055958 0.0934167 0.0870198 0.0989277 0.0783907 0.0999624 0.0847325 0.1163687 0.0931881 0.0709845 0.1138979 0.1003983 0.1157992 0.1157283 0.1442392 
Tetrapisispora_blattae              0.1630444 0.1649734 0.1382239 0.1401465 0.0000000 0.1723006 0.1807173 0.1797493 0.1710082 0.1837387 0.1631278 0.1565358 0.1706101 0.1956437 0.1714596 0.1576475 0.1880002 0.1788830 0.1873848 0.1932559 0.0958927 
yHAB132_Kazachstania_martiniae      0.0938991 0.0883580 0.1019649 0.0947578 0.1723006 0.0000000 0.1142415 0.1110330 0.0912301 0.1136786 0.0852081 0.1090190 0.0901122 0.1189269 0.1091366 0.0886151 0.1216900 0.1119378 0.1235730 0.1174209 0.1834472 
yHAB133_Kazachstania_unispora       0.0885682 0.0852495 0.1123906 0.1055958 0.1807173 0.1142415 0.0000000 0.1238703 0.0882682 0.0282678 0.0703342 0.1004741 0.1078823 0.1098335 0.1187397 0.1092594 0.0281607 0.1249840 0.0281409 0.1111569 0.1785697 
yHAB134_Kazachstania_turicensis     0.0964827 0.0943300 0.1075894 0.0934167 0.1797493 0.1110330 0.1238703 0.0000000 0.0989792 0.1237008 0.0980958 0.1094880 0.0946095 0.1372869 0.0993316 0.0934083 0.1308066 0.0520454 0.1328071 0.1402687 0.1864228 
yHAB136_Kazachstania_bromeliacearum 0.0816706 0.0678930 0.0873591 0.0870198 0.1710082 0.0912301 0.0882682 0.0989792 0.0000000 0.0862509 0.0573343 0.0799685 0.0861082 0.0908413 0.0874455 0.0775976 0.0961739 0.1006384 0.0979947 0.0960091 0.1703759 
yHAB143_Kazachstania_siamensis      0.0904716 0.0835471 0.1094160 0.0989277 0.1837387 0.1136786 0.0282678 0.1237008 0.0862509 0.0000000 0.0677191 0.0984902 0.1167766 0.1020599 0.1253474 0.1096993 0.0360188 0.1234131 0.0368688 0.1056092 0.1756995 
yHAB147_Kazachstania_taianensis     0.0718945 0.0558730 0.0854867 0.0783907 0.1631278 0.0852081 0.0703342 0.0980958 0.0573343 0.0677191 0.0000000 0.0935297 0.0875959 0.0769272 0.0901105 0.0869399 0.0751608 0.0931724 0.0776649 0.0854173 0.1696217 
yHAB148_Kazachstania_intestinalis   0.0779607 0.0867711 0.1095442 0.0999624 0.1565358 0.1090190 0.1004741 0.1094880 0.0799685 0.0984902 0.0935297 0.0000000 0.0895385 0.1019251 0.1192953 0.0881236 0.1104326 0.1152972 0.1117609 0.1035407 0.1656732 
yHAB153_Kazachstania_rosinii        0.0899387 0.0849699 0.0939211 0.0847325 0.1706101 0.0901122 0.1078823 0.0946095 0.0861082 0.1167766 0.0875959 0.0895385 0.0000000 0.1286803 0.1041898 0.0883952 0.1209275 0.1010918 0.1207838 0.1293030 0.1869823 
yHAB154_Kazachstania_transvaalensis 0.1054658 0.0952617 0.1097052 0.1163687 0.1956437 0.1189269 0.1098335 0.1372869 0.0908413 0.1020599 0.0769272 0.1019251 0.1286803 0.0000000 0.1321313 0.1192740 0.1163503 0.1331867 0.1192997 0.0161979 0.2044293 
yHAB155_Kazachstania_spencerorum    0.0946478 0.0896445 0.0959230 0.0931881 0.1714596 0.1091366 0.1187397 0.0993316 0.0874455 0.1253474 0.0901105 0.1192953 0.1041898 0.1321313 0.0000000 0.0931517 0.1330676 0.0948040 0.1350029 0.1360260 0.1717291 
yHAB158_Kazachstania_viticola       0.0796518 0.0768204 0.0790526 0.0709845 0.1576475 0.0886151 0.1092594 0.0934083 0.0775976 0.1096993 0.0869399 0.0881236 0.0883952 0.1192740 0.0931517 0.0000000 0.1185311 0.0980728 0.1200331 0.1221236 0.1619762 
yHAB159_Kazachstania_solicola       0.0983190 0.0964409 0.1162071 0.1138979 0.1880002 0.1216900 0.0281607 0.1308066 0.0961739 0.0360188 0.0751608 0.1104326 0.1209275 0.1163503 0.1330676 0.1185311 0.0000000 0.1345770 0.0034380 0.1166516 0.1812515 
yHAB160_Kazachstania_kunashirensis  0.0943685 0.0940392 0.1071153 0.1003983 0.1788830 0.1119378 0.1249840 0.0520454 0.1006384 0.1234131 0.0931724 0.1152972 0.1010918 0.1331867 0.0948040 0.0980728 0.1345770 0.0000000 0.1372726 0.1307259 0.1812126 
yHAB164_Kazachstania_aerobia        0.1011392 0.0973424 0.1172098 0.1157992 0.1873848 0.1235730 0.0281409 0.1328071 0.0979947 0.0368688 0.0776649 0.1117609 0.1207838 0.1192997 0.1350029 0.1200331 0.0034380 0.1372726 0.0000000 0.1197787 0.1847053 
yHAB166_Kazachstania_yakushimaensis 0.1077048 0.0976105 0.1134078 0.1157283 0.1932559 0.1174209 0.1111569 0.1402687 0.0960091 0.1056092 0.0854173 0.1035407 0.1293030 0.0161979 0.1360260 0.1221236 0.1166516 0.1307259 0.1197787 0.0000000 0.1985666 
yHMPu5000035629_Yueomyces_sinensis  0.1623136 0.1704258 0.1480123 0.1442392 0.0958927 0.1834472 0.1785697 0.1864228 0.1703759 0.1756995 0.1696217 0.1656732 0.1869823 0.2044293 0.1717291 0.1619762 0.1812515 0.1812126 0.1847053 0.1985666 0.0000000 
