21
Kazachstania_africana               0.0000000 0.1707324 0.1385816 0.1470848 0.2175405 0.1492562 0.1625236 0.1695293 0.1560282 0.1504117 0.1887714 0.2212222 0.1492353 0.1812270 0.1357348 0.1560852 0.1680105 0.1377474 0.1729047 0.1833091 0.2365705 
Kazachstania_naganishii             0.1707324 0.0000000 0.1616543 0.1663018 0.2223053 0.1312184 0.1225334 0.1943501 0.1242113 0.1206883 0.1483800 0.1843340 0.1534501 0.1520237 0.1517791 0.1649284 0.1332208 0.1509285 0.1341586 0.1484213 0.2190164 
Naumovozyma_castellii               0.1385816 0.1616543 0.0000000 0.0828666 0.1990818 0.1218675 0.1312172 0.1549768 0.1270374 0.1282466 0.1415981 0.1927782 0.1320762 0.1453031 0.1335618 0.1447786 0.1348723 0.1312386 0.1413442 0.1417665 0.2041415 
Naumovozyma_dairenensis             0.1470848 0.1663018 0.0828666 0.0000000 0.2002970 0.1363354 0.1395285 0.1549521 0.1287623 0.1383840 0.1575669 0.1941480 0.1418453 0.1564948 0.1327074 0.1633032 0.1363027 0.1192049 0.1453240 0.1508704 0.2154779 
Tetrapisispora_blattae              0.2175405 0.2223053 0.1990818 0.2002970 0.0000000 0.1977726 0.2138059 0.2197700 0.2179210 0.2264372 0.2354181 0.2317021 0.2131325 0.2210398 0.2109435 0.2202789 0.2180329 0.1975843 0.2225851 0.2234131 0.1217168 
yHAB132_Kazachstania_martiniae      0.1492562 0.1312184 0.1218675 0.1363354 0.1977726 0.0000000 0.1202745 0.1715704 0.1122083 0.1226910 0.1348003 0.1572093 0.1189405 0.1395506 0.1207032 0.1376472 0.1287492 0.1274996 0.1298079 0.1456725 0.1981243 
yHAB133_Kazachstania_unispora       0.1625236 0.1225334 0.1312172 0.1395285 0.2138059 0.1202745 0.0000000 0.1754393 0.1080063 0.0405649 0.1116125 0.1809335 0.1412932 0.1217721 0.1275401 0.1480772 0.0366601 0.1312217 0.0393526 0.1211083 0.2342833 
yHAB134_Kazachstania_turicensis     0.1695293 0.1943501 0.1549768 0.1549521 0.2197700 0.1715704 0.1754393 0.0000000 0.1660574 0.1771387 0.1774252 0.2365530 0.1320313 0.1810272 0.1393029 0.1670106 0.1808991 0.0957156 0.1872721 0.1858510 0.2332318 
yHAB136_Kazachstania_bromeliacearum 0.1560282 0.1242113 0.1270374 0.1287623 0.2179210 0.1122083 0.1080063 0.1660574 0.0000000 0.1055751 0.1243976 0.1740873 0.1267552 0.1314308 0.1274994 0.1656813 0.1119180 0.1369542 0.1161215 0.1270806 0.2176062 
yHAB143_Kazachstania_siamensis      0.1504117 0.1206883 0.1282466 0.1383840 0.2264372 0.1226910 0.0405649 0.1771387 0.1055751 0.0000000 0.1122344 0.1795811 0.1360873 0.1287205 0.1270211 0.1448274 0.0511074 0.1335066 0.0540319 0.1238063 0.2315670 
yHAB147_Kazachstania_taianensis     0.1887714 0.1483800 0.1415981 0.1575669 0.2354181 0.1348003 0.1116125 0.1774252 0.1243976 0.1122344 0.0000000 0.2144507 0.1598540 0.1429306 0.1519351 0.1936923 0.1033365 0.1494327 0.1088844 0.1392014 0.2495238 
yHAB148_Kazachstania_intestinalis   0.2212222 0.1843340 0.1927782 0.1941480 0.2317021 0.1572093 0.1809335 0.2365530 0.1740873 0.1795811 0.2144507 0.0000000 0.2025184 0.1935990 0.1827959 0.2201140 0.1822431 0.1979297 0.1879136 0.1879098 0.2290148 
yHAB153_Kazachstania_rosinii        0.1492353 0.1534501 0.1320762 0.1418453 0.2131325 0.1189405 0.1412932 0.1320313 0.1267552 0.1360873 0.1598540 0.2025184 0.0000000 0.1539531 0.0884091 0.1403711 0.1417378 0.0827737 0.1481761 0.1642469 0.2096413 
yHAB154_Kazachstania_transvaalensis 0.1812270 0.1520237 0.1453031 0.1564948 0.2210398 0.1395506 0.1217721 0.1810272 0.1314308 0.1287205 0.1429306 0.1935990 0.1539531 0.0000000 0.1549527 0.1733012 0.1267295 0.1510390 0.1371855 0.0236088 0.2314939 
yHAB155_Kazachstania_spencerorum    0.1357348 0.1517791 0.1335618 0.1327074 0.2109435 0.1207032 0.1275401 0.1393029 0.1274994 0.1270211 0.1519351 0.1827959 0.0884091 0.1549527 0.0000000 0.1423574 0.1369185 0.0964816 0.1390508 0.1571961 0.2029137 
yHAB158_Kazachstania_viticola       0.1560852 0.1649284 0.1447786 0.1633032 0.2202789 0.1376472 0.1480772 0.1670106 0.1656813 0.1448274 0.1936923 0.2201140 0.1403711 0.1733012 0.1423574 0.0000000 0.1564286 0.1322507 0.1607608 0.1772450 0.2148124 
yHAB159_Kazachstania_solicola       0.1680105 0.1332208 0.1348723 0.1363027 0.2180329 0.1287492 0.0366601 0.1808991 0.1119180 0.0511074 0.1033365 0.1822431 0.1417378 0.1267295 0.1369185 0.1564286 0.0000000 0.1287733 0.0153690 0.1243963 0.2308126 
yHAB160_Kazachstania_kunashirensis  0.1377474 0.1509285 0.1312386 0.1192049 0.1975843 0.1274996 0.1312217 0.0957156 0.1369542 0.1335066 0.1494327 0.1979297 0.0827737 0.1510390 0.0964816 0.1322507 0.1287733 0.0000000 0.1374284 0.1584371 0.2065858 
yHAB164_Kazachstania_aerobia        0.1729047 0.1341586 0.1413442 0.1453240 0.2225851 0.1298079 0.0393526 0.1872721 0.1161215 0.0540319 0.1088844 0.1879136 0.1481761 0.1371855 0.1390508 0.1607608 0.0153690 0.1374284 0.0000000 0.1316221 0.2324284 
yHAB166_Kazachstania_yakushimaensis 0.1833091 0.1484213 0.1417665 0.1508704 0.2234131 0.1456725 0.1211083 0.1858510 0.1270806 0.1238063 0.1392014 0.1879098 0.1642469 0.0236088 0.1571961 0.1772450 0.1243963 0.1584371 0.1316221 0.0000000 0.2357560 
yHMPu5000035629_Yueomyces_sinensis  0.2365705 0.2190164 0.2041415 0.2154779 0.1217168 0.1981243 0.2342833 0.2332318 0.2176062 0.2315670 0.2495238 0.2290148 0.2096413 0.2314939 0.2029137 0.2148124 0.2308126 0.2065858 0.2324284 0.2357560 0.0000000 
