21
Kazachstania_africana               0.0000000 0.2221249 0.1744536 0.2023175 0.2873259 0.2356027 0.2362671 0.2719292 0.2190343 0.2834623 0.2846455 0.2672608 0.2191104 0.2234584 0.2047637 0.2368268 0.2595668 0.2379066 0.2656472 0.2229596 0.2753019 
Kazachstania_naganishii             0.2221249 0.0000000 0.1722565 0.1845546 0.2598123 0.1541658 0.1652448 0.2419842 0.1343400 0.1820413 0.2069270 0.2336961 0.1764625 0.1498800 0.1983250 0.2607850 0.1693532 0.2038151 0.1715324 0.1417146 0.2293688 
Naumovozyma_castellii               0.1744536 0.1722565 0.0000000 0.1245238 0.2596266 0.1643156 0.1806564 0.2310393 0.1760926 0.1953159 0.2372466 0.2593823 0.1718097 0.1960493 0.1907862 0.1894315 0.1846121 0.1947329 0.1817094 0.2020661 0.2049720 
Naumovozyma_dairenensis             0.2023175 0.1845546 0.1245238 0.0000000 0.2861526 0.2024295 0.2047117 0.2527489 0.2009422 0.2327298 0.2396788 0.2833308 0.2234627 0.2230813 0.2169259 0.2359905 0.2163911 0.2371288 0.2223757 0.2327155 0.2373106 
Tetrapisispora_blattae              0.2873259 0.2598123 0.2596266 0.2861526 0.0000000 0.2907898 0.2992560 0.3446087 0.2672143 0.2986801 0.3429878 0.3303478 0.3191019 0.2602024 0.3068678 0.3351983 0.2897459 0.3215000 0.2855378 0.2460341 0.2432581 
yHAB132_Kazachstania_martiniae      0.2356027 0.1541658 0.1643156 0.2024295 0.2907898 0.0000000 0.1729491 0.2467953 0.1781351 0.1743349 0.2348058 0.2803428 0.2080060 0.1942405 0.2221498 0.2735769 0.1745396 0.2294840 0.1758322 0.1883597 0.2463715 
yHAB133_Kazachstania_unispora       0.2362671 0.1652448 0.1806564 0.2047117 0.2992560 0.1729491 0.0000000 0.2616162 0.1638585 0.0582835 0.2290143 0.2719214 0.2235450 0.1571366 0.2352887 0.2526758 0.0535564 0.2380227 0.0518057 0.1521682 0.2545225 
yHAB134_Kazachstania_turicensis     0.2719292 0.2419842 0.2310393 0.2527489 0.3446087 0.2467953 0.2616162 0.0000000 0.2271042 0.2773321 0.2685260 0.3130616 0.2228821 0.2723366 0.2025311 0.2828327 0.2658863 0.1736065 0.2672690 0.2710716 0.2935721 
yHAB136_Kazachstania_bromeliacearum 0.2190343 0.1343400 0.1760926 0.2009422 0.2672143 0.1781351 0.1638585 0.2271042 0.0000000 0.1764407 0.2287958 0.2272859 0.2127544 0.1788141 0.2261314 0.2674368 0.1713740 0.2188721 0.1775225 0.1771590 0.2422007 
yHAB143_Kazachstania_siamensis      0.2834623 0.1820413 0.1953159 0.2327298 0.2986801 0.1743349 0.0582835 0.2773321 0.1764407 0.0000000 0.2273915 0.2601781 0.2398422 0.1730399 0.2334027 0.2706394 0.0810469 0.2444452 0.0764186 0.1728058 0.2674182 
yHAB147_Kazachstania_taianensis     0.2846455 0.2069270 0.2372466 0.2396788 0.3429878 0.2348058 0.2290143 0.2685260 0.2287958 0.2273915 0.0000000 0.2828583 0.2510341 0.2391088 0.2673806 0.3285459 0.2241455 0.2726803 0.2227433 0.2463409 0.2512467 
yHAB148_Kazachstania_intestinalis   0.2672608 0.2336961 0.2593823 0.2833308 0.3303478 0.2803428 0.2719214 0.3130616 0.2272859 0.2601781 0.2828583 0.0000000 0.2973063 0.2677572 0.2587327 0.3072371 0.2827697 0.2949815 0.2819509 0.2664332 0.3201140 
yHAB153_Kazachstania_rosinii        0.2191104 0.1764625 0.1718097 0.2234627 0.3191019 0.2080060 0.2235450 0.2228821 0.2127544 0.2398422 0.2510341 0.2973063 0.0000000 0.2162224 0.1677418 0.2171186 0.2350768 0.1638416 0.2389225 0.2031075 0.2515227 
yHAB154_Kazachstania_transvaalensis 0.2234584 0.1498800 0.1960493 0.2230813 0.2602024 0.1942405 0.1571366 0.2723366 0.1788141 0.1730399 0.2391088 0.2677572 0.2162224 0.0000000 0.2318559 0.2657307 0.1582200 0.2291261 0.1564464 0.0550276 0.2313195 
yHAB155_Kazachstania_spencerorum    0.2047637 0.1983250 0.1907862 0.2169259 0.3068678 0.2221498 0.2352887 0.2025311 0.2261314 0.2334027 0.2673806 0.2587327 0.1677418 0.2318559 0.0000000 0.2358540 0.2356923 0.1945481 0.2352481 0.2324584 0.2362813 
yHAB158_Kazachstania_viticola       0.2368268 0.2607850 0.1894315 0.2359905 0.3351983 0.2735769 0.2526758 0.2828327 0.2674368 0.2706394 0.3285459 0.3072371 0.2171186 0.2657307 0.2358540 0.0000000 0.2739339 0.2603511 0.2701390 0.2503296 0.2429300 
yHAB159_Kazachstania_solicola       0.2595668 0.1693532 0.1846121 0.2163911 0.2897459 0.1745396 0.0535564 0.2658863 0.1713740 0.0810469 0.2241455 0.2827697 0.2350768 0.1582200 0.2356923 0.2739339 0.0000000 0.2469542 0.0171698 0.1553488 0.2407493 
yHAB160_Kazachstania_kunashirensis  0.2379066 0.2038151 0.1947329 0.2371288 0.3215000 0.2294840 0.2380227 0.1736065 0.2188721 0.2444452 0.2726803 0.2949815 0.1638416 0.2291261 0.1945481 0.2603511 0.2469542 0.0000000 0.2547293 0.2226652 0.2581525 
yHAB164_Kazachstania_aerobia        0.2656472 0.1715324 0.1817094 0.2223757 0.2855378 0.1758322 0.0518057 0.2672690 0.1775225 0.0764186 0.2227433 0.2819509 0.2389225 0.1564464 0.2352481 0.2701390 0.0171698 0.2547293 0.0000000 0.1573983 0.2354765 
yHAB166_Kazachstania_yakushimaensis 0.2229596 0.1417146 0.2020661 0.2327155 0.2460341 0.1883597 0.1521682 0.2710716 0.1771590 0.1728058 0.2463409 0.2664332 0.2031075 0.0550276 0.2324584 0.2503296 0.1553488 0.2226652 0.1573983 0.0000000 0.2317054 
yHMPu5000035629_Yueomyces_sinensis  0.2753019 0.2293688 0.2049720 0.2373106 0.2432581 0.2463715 0.2545225 0.2935721 0.2422007 0.2674182 0.2512467 0.3201140 0.2515227 0.2313195 0.2362813 0.2429300 0.2407493 0.2581525 0.2354765 0.2317054 0.0000000 
