21
Kazachstania_africana               0.0000000 0.3756389 0.0728065 0.0829431 0.1650475 0.0573532 0.0946459 0.1259068 0.0826756 0.0821800 0.2730567 0.1098472 0.0776020 0.1552656 0.0967461 0.0686019 0.0884637 0.0850491 0.0948604 0.1559718 0.1426713 
Kazachstania_naganishii             0.3756389 0.0000000 0.3772541 0.3752105 0.3902663 0.3972752 0.4235384 0.4077574 0.3582561 0.4123634 0.4195682 0.4075416 0.4053931 0.4139663 0.3951997 0.3696933 0.4305575 0.3720474 0.4406815 0.4392787 0.3924561 
Naumovozyma_castellii               0.0728065 0.3772541 0.0000000 0.0555751 0.1561510 0.0987223 0.1324794 0.1623004 0.1046250 0.1113194 0.3140489 0.1408064 0.1079280 0.1470636 0.1242266 0.0852077 0.1257971 0.1058072 0.1327775 0.1618923 0.1396663 
Naumovozyma_dairenensis             0.0829431 0.3752105 0.0555751 0.0000000 0.1282633 0.0824727 0.1090406 0.1661910 0.0835614 0.0898927 0.2873882 0.1289962 0.0917991 0.1284309 0.1292664 0.0579312 0.1026815 0.0911433 0.1092867 0.1424015 0.1276080 
Tetrapisispora_blattae              0.1650475 0.3902663 0.1561510 0.1282633 0.0000000 0.1347344 0.2015500 0.1721443 0.1482324 0.1803899 0.3234844 0.1635581 0.1649437 0.2160957 0.1610979 0.1277394 0.1944952 0.1462507 0.2019565 0.2414470 0.1248859 
yHAB132_Kazachstania_martiniae      0.0573532 0.3972752 0.0987223 0.0824727 0.1347344 0.0000000 0.1069819 0.1287149 0.0698453 0.0943586 0.2843424 0.1139511 0.0969255 0.1506064 0.0952303 0.0683082 0.1007285 0.0951788 0.1072205 0.1512916 0.1461578 
yHAB133_Kazachstania_unispora       0.0946459 0.4235384 0.1324794 0.1090406 0.2015500 0.1069819 0.0000000 0.1269126 0.1153129 0.0223704 0.2909878 0.1235890 0.1100190 0.1630506 0.1173977 0.0935142 0.0167087 0.0851765 0.0224005 0.1698558 0.1718710 
yHAB134_Kazachstania_turicensis     0.1259068 0.4077574 0.1623004 0.1661910 0.1721443 0.1287149 0.1269126 0.0000000 0.1565545 0.1267062 0.3505570 0.1447209 0.1451728 0.1810264 0.1208180 0.1480490 0.1202170 0.0819662 0.1272024 0.1819156 0.1520497 
yHAB136_Kazachstania_bromeliacearum 0.0826756 0.3582561 0.1046250 0.0835614 0.1482324 0.0698453 0.1153129 0.1565545 0.0000000 0.1024075 0.2401913 0.1153967 0.1042410 0.1524578 0.0888253 0.0692052 0.1089253 0.0896356 0.1155707 0.1671290 0.1282563 
yHAB143_Kazachstania_siamensis      0.0821800 0.4123634 0.1113194 0.0898927 0.1803899 0.0943586 0.0223704 0.1267062 0.1024075 0.0000000 0.2883027 0.1103958 0.1039817 0.1494008 0.1042612 0.0812072 0.0281352 0.0795881 0.0339461 0.1638577 0.1514321 
yHAB147_Kazachstania_taianensis     0.2730567 0.4195682 0.3140489 0.2873882 0.3234844 0.2843424 0.2909878 0.3505570 0.2401913 0.2883027 0.0000000 0.2988714 0.2649923 0.3383558 0.2703198 0.2382055 0.3107359 0.2702689 0.3192306 0.3567022 0.2947410 
yHAB148_Kazachstania_intestinalis   0.1098472 0.4075416 0.1408064 0.1289962 0.1635581 0.1139511 0.1235890 0.1447209 0.1153967 0.1103958 0.2988714 0.0000000 0.1227745 0.1752386 0.1151998 0.0999106 0.1304822 0.0967847 0.1374007 0.1826791 0.1101202 
yHAB153_Kazachstania_rosinii        0.0776020 0.4053931 0.1079280 0.0917991 0.1649437 0.0969255 0.1100190 0.1451728 0.1042410 0.1039817 0.2649923 0.1227745 0.0000000 0.1795992 0.0846595 0.0768210 0.1036459 0.0721244 0.1102672 0.1946759 0.1538659 
yHAB154_Kazachstania_transvaalensis 0.1552656 0.4139663 0.1470636 0.1284309 0.2160957 0.1506064 0.1630506 0.1810264 0.1524578 0.1494008 0.3383558 0.1752386 0.1795992 0.0000000 0.1673015 0.1366851 0.1701958 0.1655013 0.1773835 0.0167233 0.2155700 
yHAB155_Kazachstania_spencerorum    0.0967461 0.3951997 0.1242266 0.1292664 0.1610979 0.0952303 0.1173977 0.1208180 0.0888253 0.1042612 0.2703198 0.1151998 0.0846595 0.1673015 0.0000000 0.1001183 0.1108966 0.0818776 0.1176636 0.1823980 0.1238848 
yHAB158_Kazachstania_viticola       0.0686019 0.3696933 0.0852077 0.0579312 0.1277394 0.0683082 0.0935142 0.1480490 0.0692052 0.0812072 0.2382055 0.0999106 0.0768210 0.1366851 0.1001183 0.0000000 0.0874104 0.0761986 0.0937239 0.1508963 0.1265913 
yHAB159_Kazachstania_solicola       0.0884637 0.4305575 0.1257971 0.1026815 0.1944952 0.1007285 0.0167087 0.1202170 0.1089253 0.0281352 0.3107359 0.1304822 0.1036459 0.1701958 0.1108966 0.0874104 0.0000000 0.0860959 0.0055127 0.1850688 0.1650747 
yHAB160_Kazachstania_kunashirensis  0.0850491 0.3720474 0.1058072 0.0911433 0.1462507 0.0951788 0.0851765 0.0819662 0.0896356 0.0795881 0.2702689 0.0967847 0.0721244 0.1655013 0.0818776 0.0761986 0.0860959 0.0000000 0.0927181 0.1723182 0.1044400 
yHAB164_Kazachstania_aerobia        0.0948604 0.4406815 0.1327775 0.1092867 0.2019565 0.1072205 0.0224005 0.1272024 0.1155707 0.0339461 0.3192306 0.1374007 0.1102672 0.1773835 0.1176636 0.0937239 0.0055127 0.0927181 0.0000000 0.1924105 0.1722297 
yHAB166_Kazachstania_yakushimaensis 0.1559718 0.4392787 0.1618923 0.1424015 0.2414470 0.1512916 0.1698558 0.1819156 0.1671290 0.1638577 0.3567022 0.1826791 0.1946759 0.0167233 0.1823980 0.1508963 0.1850688 0.1723182 0.1924105 0.0000000 0.2235071 
yHMPu5000035629_Yueomyces_sinensis  0.1426713 0.3924561 0.1396663 0.1276080 0.1248859 0.1461578 0.1718710 0.1520497 0.1282563 0.1514321 0.2947410 0.1101202 0.1538659 0.2155700 0.1238848 0.1265913 0.1650747 0.1044400 0.1722297 0.2235071 0.0000000 
