21
Kazachstania_africana               0.0000000 0.3594126 0.3493569 0.3638935 0.3744434 0.3160987 0.2992948 0.3156666 0.3461293 0.3295346 0.3220501 0.3824246 0.3487894 0.3069302 0.3324785 0.2984670 0.3359833 0.3415951 0.3034634 0.3176840 0.4970924 
Kazachstania_naganishii             0.3594126 0.0000000 0.2114668 0.2507088 0.2744450 0.2468068 0.2291450 0.2524455 0.2000367 0.1990174 0.1933726 0.2568528 0.1919719 0.2602293 0.2513638 0.2071833 0.1890982 0.2374635 0.2198893 0.2774478 0.4515361 
Naumovozyma_castellii               0.3493569 0.2114668 0.0000000 0.1675146 0.2027929 0.2231315 0.2067405 0.2658330 0.2218312 0.2305744 0.2132353 0.3005008 0.2272502 0.2313827 0.2334292 0.2216563 0.2479410 0.2568253 0.2292453 0.2388738 0.3791083 
Naumovozyma_dairenensis             0.3638935 0.2507088 0.1675146 0.0000000 0.2294470 0.2755977 0.2429148 0.2603432 0.2648158 0.1974850 0.2154467 0.2781236 0.2615051 0.2626188 0.2578245 0.2411808 0.2392569 0.2741559 0.2344929 0.2912367 0.4433110 
Tetrapisispora_blattae              0.3744434 0.2744450 0.2027929 0.2294470 0.0000000 0.2630799 0.2621159 0.2707119 0.3017584 0.2627624 0.2569358 0.3384627 0.2586307 0.2672721 0.2711411 0.2694400 0.2966167 0.2697961 0.2669859 0.2740997 0.4429537 
yHAB132_Kazachstania_martiniae      0.3160987 0.2468068 0.2231315 0.2755977 0.2630799 0.0000000 0.2026635 0.2295543 0.2592144 0.2197005 0.2061284 0.2347053 0.2476406 0.2666568 0.2884660 0.2449005 0.2259902 0.2454816 0.2303025 0.2850509 0.4174191 
yHAB133_Kazachstania_unispora       0.2992948 0.2291450 0.2067405 0.2429148 0.2621159 0.2026635 0.0000000 0.2376409 0.2677175 0.1018277 0.1719831 0.2876058 0.2599656 0.1669189 0.2435679 0.2382864 0.1252438 0.2386643 0.0885348 0.1754262 0.4147436 
yHAB134_Kazachstania_turicensis     0.3156666 0.2524455 0.2658330 0.2603432 0.2707119 0.2295543 0.2376409 0.0000000 0.2340013 0.2280748 0.1872357 0.2918027 0.2092642 0.2696172 0.2240819 0.2346300 0.2238584 0.1237328 0.2260986 0.2666834 0.4708847 
yHAB136_Kazachstania_bromeliacearum 0.3461293 0.2000367 0.2218312 0.2648158 0.3017584 0.2592144 0.2677175 0.2340013 0.0000000 0.2452942 0.2043282 0.2975922 0.2216263 0.2788599 0.2694728 0.2420951 0.2785591 0.2301016 0.2835898 0.3161711 0.4581514 
yHAB143_Kazachstania_siamensis      0.3295346 0.1990174 0.2305744 0.1974850 0.2627624 0.2197005 0.1018277 0.2280748 0.2452942 0.0000000 0.1595070 0.2485995 0.2309937 0.1684624 0.2666381 0.2181693 0.1322828 0.2163843 0.1081618 0.1688434 0.4127662 
yHAB147_Kazachstania_taianensis     0.3220501 0.1933726 0.2132353 0.2154467 0.2569358 0.2061284 0.1719831 0.1872357 0.2043282 0.1595070 0.0000000 0.2670606 0.2180782 0.1998804 0.2256529 0.2107429 0.1957393 0.2132924 0.1871220 0.1982547 0.4649308 
yHAB148_Kazachstania_intestinalis   0.3824246 0.2568528 0.3005008 0.2781236 0.3384627 0.2347053 0.2876058 0.2918027 0.2975922 0.2485995 0.2670606 0.0000000 0.2805158 0.3181154 0.2856417 0.2117798 0.2917044 0.2775793 0.3015218 0.3180068 0.4470562 
yHAB153_Kazachstania_rosinii        0.3487894 0.1919719 0.2272502 0.2615051 0.2586307 0.2476406 0.2599656 0.2092642 0.2216263 0.2309937 0.2180782 0.2805158 0.0000000 0.2921342 0.2306924 0.2141710 0.2574795 0.2230598 0.2525829 0.2945478 0.4819670 
yHAB154_Kazachstania_transvaalensis 0.3069302 0.2602293 0.2313827 0.2626188 0.2672721 0.2666568 0.1669189 0.2696172 0.2788599 0.1684624 0.1998804 0.3181154 0.2921342 0.0000000 0.2890966 0.2494049 0.2222228 0.3019511 0.1918323 0.0745853 0.3771732 
yHAB155_Kazachstania_spencerorum    0.3324785 0.2513638 0.2334292 0.2578245 0.2711411 0.2884660 0.2435679 0.2240819 0.2694728 0.2666381 0.2256529 0.2856417 0.2306924 0.2890966 0.0000000 0.2209577 0.2795906 0.2258555 0.2674303 0.2801285 0.4296448 
yHAB158_Kazachstania_viticola       0.2984670 0.2071833 0.2216563 0.2411808 0.2694400 0.2449005 0.2382864 0.2346300 0.2420951 0.2181693 0.2107429 0.2117798 0.2141710 0.2494049 0.2209577 0.0000000 0.2297143 0.2436481 0.2181698 0.2437608 0.3941428 
yHAB159_Kazachstania_solicola       0.3359833 0.1890982 0.2479410 0.2392569 0.2966167 0.2259902 0.1252438 0.2238584 0.2785591 0.1322828 0.1957393 0.2917044 0.2574795 0.2222228 0.2795906 0.2297143 0.0000000 0.2381918 0.0807105 0.2358779 0.4261220 
yHAB160_Kazachstania_kunashirensis  0.3415951 0.2374635 0.2568253 0.2741559 0.2697961 0.2454816 0.2386643 0.1237328 0.2301016 0.2163843 0.2132924 0.2775793 0.2230598 0.3019511 0.2258555 0.2436481 0.2381918 0.0000000 0.2429084 0.3011970 0.4899626 
yHAB164_Kazachstania_aerobia        0.3034634 0.2198893 0.2292453 0.2344929 0.2669859 0.2303025 0.0885348 0.2260986 0.2835898 0.1081618 0.1871220 0.3015218 0.2525829 0.1918323 0.2674303 0.2181698 0.0807105 0.2429084 0.0000000 0.1948671 0.4243619 
yHAB166_Kazachstania_yakushimaensis 0.3176840 0.2774478 0.2388738 0.2912367 0.2740997 0.2850509 0.1754262 0.2666834 0.3161711 0.1688434 0.1982547 0.3180068 0.2945478 0.0745853 0.2801285 0.2437608 0.2358779 0.3011970 0.1948671 0.0000000 0.4141406 
yHMPu5000035629_Yueomyces_sinensis  0.4970924 0.4515361 0.3791083 0.4433110 0.4429537 0.4174191 0.4147436 0.4708847 0.4581514 0.4127662 0.4649308 0.4470562 0.4819670 0.3771732 0.4296448 0.3941428 0.4261220 0.4899626 0.4243619 0.4141406 0.0000000 
