21
Kazachstania_africana               0.0000000 0.0493990 0.0508588 0.0568464 0.0641040 0.0379124 0.0664871 0.0393127 0.0349439 0.0610110 0.0877579 0.0771932 0.0419234 0.0819209 0.0349287 0.0411673 0.0628030 0.0326428 0.0614972 0.0964776 0.0900929 
Kazachstania_naganishii             0.0493990 0.0000000 0.0579908 0.0555928 0.0631938 0.0548564 0.0604772 0.0440195 0.0409788 0.0596941 0.0777730 0.0755701 0.0461475 0.0876828 0.0449061 0.0499983 0.0610078 0.0416069 0.0587993 0.1063119 0.0878144 
Naumovozyma_castellii               0.0508588 0.0579908 0.0000000 0.0275488 0.0577117 0.0458911 0.0652584 0.0475900 0.0340145 0.0621414 0.0928375 0.0806681 0.0382444 0.0849493 0.0437369 0.0421923 0.0660915 0.0400552 0.0638420 0.0947876 0.0757635 
Naumovozyma_dairenensis             0.0568464 0.0555928 0.0275488 0.0000000 0.0599521 0.0497981 0.0690008 0.0530060 0.0380175 0.0684362 0.0946482 0.0817124 0.0463162 0.0866573 0.0494284 0.0518885 0.0693138 0.0442123 0.0670100 0.1002557 0.0832812 
Tetrapisispora_blattae              0.0641040 0.0631938 0.0577117 0.0599521 0.0000000 0.0597261 0.0756066 0.0541836 0.0500998 0.0718571 0.0973394 0.0707704 0.0513490 0.0867541 0.0550943 0.0544660 0.0751808 0.0487944 0.0728046 0.1020384 0.0757189 
yHAB132_Kazachstania_martiniae      0.0379124 0.0548564 0.0458911 0.0497981 0.0597261 0.0000000 0.0552333 0.0336995 0.0276068 0.0505274 0.0792041 0.0715864 0.0367973 0.0795813 0.0403393 0.0376423 0.0544733 0.0242379 0.0523396 0.0938261 0.0900952 
yHAB133_Kazachstania_unispora       0.0664871 0.0604772 0.0652584 0.0690008 0.0756066 0.0552333 0.0000000 0.0517156 0.0556539 0.0185893 0.0747859 0.0750572 0.0627991 0.0640766 0.0657279 0.0604292 0.0086707 0.0532737 0.0070481 0.0775975 0.0856035 
yHAB134_Kazachstania_turicensis     0.0393127 0.0440195 0.0475900 0.0530060 0.0541836 0.0336995 0.0517156 0.0000000 0.0299185 0.0490367 0.0860308 0.0737114 0.0369547 0.0785819 0.0359321 0.0332392 0.0543224 0.0195986 0.0521370 0.0907459 0.0883269 
yHAB136_Kazachstania_bromeliacearum 0.0349439 0.0409788 0.0340145 0.0380175 0.0500998 0.0276068 0.0556539 0.0299185 0.0000000 0.0519945 0.0778746 0.0687345 0.0271995 0.0734320 0.0273657 0.0290372 0.0549034 0.0227441 0.0527927 0.0830825 0.0766958 
yHAB143_Kazachstania_siamensis      0.0610110 0.0596941 0.0621414 0.0684362 0.0718571 0.0505274 0.0185893 0.0490367 0.0519945 0.0000000 0.0739437 0.0760952 0.0599846 0.0588268 0.0623858 0.0568353 0.0170376 0.0459672 0.0153163 0.0725948 0.0932738 
yHAB147_Kazachstania_taianensis     0.0877579 0.0777730 0.0928375 0.0946482 0.0973394 0.0792041 0.0747859 0.0860308 0.0778746 0.0739437 0.0000000 0.1042466 0.0817266 0.0793494 0.0801598 0.0897161 0.0764690 0.0847590 0.0740996 0.0904494 0.1278217 
yHAB148_Kazachstania_intestinalis   0.0771932 0.0755701 0.0806681 0.0817124 0.0707704 0.0715864 0.0750572 0.0737114 0.0687345 0.0760952 0.1042466 0.0000000 0.0732900 0.0943400 0.0711821 0.0762957 0.0758546 0.0715910 0.0734351 0.1109617 0.0941495 
yHAB153_Kazachstania_rosinii        0.0419234 0.0461475 0.0382444 0.0463162 0.0513490 0.0367973 0.0627991 0.0369547 0.0271995 0.0599846 0.0817266 0.0732900 0.0000000 0.0778764 0.0303475 0.0366930 0.0620294 0.0285310 0.0597917 0.0900808 0.0737828 
yHAB154_Kazachstania_transvaalensis 0.0819209 0.0876828 0.0849493 0.0866573 0.0867541 0.0795813 0.0640766 0.0785819 0.0734320 0.0588268 0.0793494 0.0943400 0.0778764 0.0000000 0.0767389 0.0812625 0.0643979 0.0747422 0.0621028 0.0147754 0.1067711 
yHAB155_Kazachstania_spencerorum    0.0349287 0.0449061 0.0437369 0.0494284 0.0550943 0.0403393 0.0657279 0.0359321 0.0273657 0.0623858 0.0801598 0.0711821 0.0303475 0.0767389 0.0000000 0.0399426 0.0617996 0.0327592 0.0595626 0.0887935 0.0751388 
yHAB158_Kazachstania_viticola       0.0411673 0.0499983 0.0421923 0.0518885 0.0544660 0.0376423 0.0604292 0.0332392 0.0290372 0.0568353 0.0897161 0.0762957 0.0366930 0.0812625 0.0399426 0.0000000 0.0608051 0.0272283 0.0586107 0.0936109 0.0834650 
yHAB159_Kazachstania_solicola       0.0628030 0.0610078 0.0660915 0.0693138 0.0751808 0.0544733 0.0086707 0.0543224 0.0549034 0.0170376 0.0764690 0.0758546 0.0620294 0.0643979 0.0617996 0.0608051 0.0000000 0.0525064 0.0015453 0.0780597 0.0846106 
yHAB160_Kazachstania_kunashirensis  0.0326428 0.0416069 0.0400552 0.0442123 0.0487944 0.0242379 0.0532737 0.0195986 0.0227441 0.0459672 0.0847590 0.0715910 0.0285310 0.0747422 0.0327592 0.0272283 0.0525064 0.0000000 0.0503736 0.0880250 0.0807597 
yHAB164_Kazachstania_aerobia        0.0614972 0.0587993 0.0638420 0.0670100 0.0728046 0.0523396 0.0070481 0.0521370 0.0527927 0.0153163 0.0740996 0.0734351 0.0597917 0.0621028 0.0595626 0.0586107 0.0015453 0.0503736 0.0000000 0.0755884 0.0820541 
yHAB166_Kazachstania_yakushimaensis 0.0964776 0.1063119 0.0947876 0.1002557 0.1020384 0.0938261 0.0775975 0.0907459 0.0830825 0.0725948 0.0904494 0.1109617 0.0900808 0.0147754 0.0887935 0.0936109 0.0780597 0.0880250 0.0755884 0.0000000 0.1206135 
yHMPu5000035629_Yueomyces_sinensis  0.0900929 0.0878144 0.0757635 0.0832812 0.0757189 0.0900952 0.0856035 0.0883269 0.0766958 0.0932738 0.1278217 0.0941495 0.0737828 0.1067711 0.0751388 0.0834650 0.0846106 0.0807597 0.0820541 0.1206135 0.0000000 
