21
Kazachstania_africana               0.0000000 0.6282741 0.4696230 0.4343958 1.7973113 0.4411164 0.5092258 0.4248257 0.4937516 0.5184529 0.5749157 0.6176206 0.3598875 0.5845363 0.4490458 0.6227075 0.5369066 0.4915220 0.5729201 0.5530840 0.9715948 
Kazachstania_naganishii             0.6282741 0.0000000 0.4983586 0.4332398 1.9640541 0.4100682 0.4517178 0.4688241 0.3421569 0.4056490 0.4247902 0.4846530 0.5351119 0.6234922 0.4965726 0.6975337 0.4704424 0.5082432 0.4867602 0.6233979 0.9071391 
Naumovozyma_castellii               0.4696230 0.4983586 0.0000000 0.2105105 1.4806776 0.3396846 0.4068023 0.3240884 0.3219886 0.4032064 0.3958034 0.3527724 0.3107874 0.3577238 0.2985904 0.5152381 0.4401084 0.3537992 0.4865334 0.3049482 0.8181132 
Naumovozyma_dairenensis             0.4343958 0.4332398 0.2105105 0.0000000 1.4966120 0.3154447 0.3620982 0.3277052 0.2502523 0.3315553 0.4029727 0.3336561 0.2994766 0.4000111 0.2995981 0.5341534 0.4136243 0.3716361 0.4006172 0.3833875 0.8442147 
Tetrapisispora_blattae              1.7973113 1.9640541 1.4806776 1.4966120 0.0000000 1.7199594 1.6535563 1.5248039 1.6536361 1.6051091 1.8496749 1.7828342 1.6627675 1.6258200 1.5159205 2.0004237 1.5730189 1.5763405 1.6110337 1.5872568 1.6140977 
yHAB132_Kazachstania_martiniae      0.4411164 0.4100682 0.3396846 0.3154447 1.7199594 0.0000000 0.3683257 0.3382127 0.3446714 0.3689543 0.3903531 0.4504953 0.3412013 0.5265101 0.3302398 0.5240258 0.4210186 0.3669949 0.3935068 0.5182770 0.9583880 
yHAB133_Kazachstania_unispora       0.5092258 0.4517178 0.4068023 0.3620982 1.6535563 0.3683257 0.0000000 0.3358332 0.3163940 0.1502511 0.3202786 0.4014625 0.3640219 0.3614890 0.3898038 0.5947693 0.1458475 0.3929750 0.2055951 0.3504477 0.9388993 
yHAB134_Kazachstania_turicensis     0.4248257 0.4688241 0.3240884 0.3277052 1.5248039 0.3382127 0.3358332 0.0000000 0.3147926 0.3633704 0.3926756 0.4602737 0.3068528 0.4884752 0.3185310 0.4958594 0.4186369 0.1485924 0.4161155 0.4355216 0.8714606 
yHAB136_Kazachstania_bromeliacearum 0.4937516 0.3421569 0.3219886 0.2502523 1.6536361 0.3446714 0.3163940 0.3147926 0.0000000 0.2892910 0.3383547 0.4332741 0.3685908 0.4352319 0.3834691 0.5566144 0.3263141 0.3507490 0.3358008 0.4080898 0.9172580 
yHAB143_Kazachstania_siamensis      0.5184529 0.4056490 0.4032064 0.3315553 1.6051091 0.3689543 0.1502511 0.3633704 0.2892910 0.0000000 0.3128030 0.4154055 0.3566671 0.3762809 0.4214907 0.5730808 0.1864171 0.4099059 0.1966513 0.3628350 0.9203475 
yHAB147_Kazachstania_taianensis     0.5749157 0.4247902 0.3958034 0.4029727 1.8496749 0.3903531 0.3202786 0.3926756 0.3383547 0.3128030 0.0000000 0.4374651 0.3625559 0.4260800 0.4615431 0.6641864 0.3444666 0.4763689 0.3764174 0.4251498 1.0670541 
yHAB148_Kazachstania_intestinalis   0.6176206 0.4846530 0.3527724 0.3336561 1.7828342 0.4504953 0.4014625 0.4602737 0.4332741 0.4154055 0.4374651 0.0000000 0.3971037 0.3919602 0.4339155 0.5935452 0.4455995 0.5501002 0.4734509 0.3857361 0.8356262 
yHAB153_Kazachstania_rosinii        0.3598875 0.5351119 0.3107874 0.2994766 1.6627675 0.3412013 0.3640219 0.3068528 0.3685908 0.3566671 0.3625559 0.3971037 0.0000000 0.4568817 0.2683266 0.4728375 0.4312838 0.3329250 0.4203074 0.4584358 0.8549362 
yHAB154_Kazachstania_transvaalensis 0.5845363 0.6234922 0.3577238 0.4000111 1.6258200 0.5265101 0.3614890 0.4884752 0.4352319 0.3762809 0.4260800 0.3919602 0.4568817 0.0000000 0.4091869 0.5391570 0.4051630 0.5013217 0.4073955 0.0930143 0.9275634 
yHAB155_Kazachstania_spencerorum    0.4490458 0.4965726 0.2985904 0.2995981 1.5159205 0.3302398 0.3898038 0.3185310 0.3834691 0.4214907 0.4615431 0.4339155 0.2683266 0.4091869 0.0000000 0.4644337 0.4920940 0.3576626 0.4553080 0.4342261 0.8898863 
yHAB158_Kazachstania_viticola       0.6227075 0.6975337 0.5152381 0.5341534 2.0004237 0.5240258 0.5947693 0.4958594 0.5566144 0.5730808 0.6641864 0.5935452 0.4728375 0.5391570 0.4644337 0.0000000 0.6743192 0.4789802 0.6195711 0.5968089 1.0187193 
yHAB159_Kazachstania_solicola       0.5369066 0.4704424 0.4401084 0.4136243 1.5730189 0.4210186 0.1458475 0.4186369 0.3263141 0.1864171 0.3444666 0.4455995 0.4312838 0.4051630 0.4920940 0.6743192 0.0000000 0.4568902 0.1229742 0.4188503 1.0593886 
yHAB160_Kazachstania_kunashirensis  0.4915220 0.5082432 0.3537992 0.3716361 1.5763405 0.3669949 0.3929750 0.1485924 0.3507490 0.4099059 0.4763689 0.5501002 0.3329250 0.5013217 0.3576626 0.4789802 0.4568902 0.0000000 0.4190259 0.4478661 0.8153990 
yHAB164_Kazachstania_aerobia        0.5729201 0.4867602 0.4865334 0.4006172 1.6110337 0.3935068 0.2055951 0.4161155 0.3358008 0.1966513 0.3764174 0.4734509 0.4203074 0.4073955 0.4553080 0.6195711 0.1229742 0.4190259 0.0000000 0.4117807 1.0073835 
yHAB166_Kazachstania_yakushimaensis 0.5530840 0.6233979 0.3049482 0.3833875 1.5872568 0.5182770 0.3504477 0.4355216 0.4080898 0.3628350 0.4251498 0.3857361 0.4584358 0.0930143 0.4342261 0.5968089 0.4188503 0.4478661 0.4117807 0.0000000 0.8615417 
yHMPu5000035629_Yueomyces_sinensis  0.9715948 0.9071391 0.8181132 0.8442147 1.6140977 0.9583880 0.9388993 0.8714606 0.9172580 0.9203475 1.0670541 0.8356262 0.8549362 0.9275634 0.8898863 1.0187193 1.0593886 0.8153990 1.0073835 0.8615417 0.0000000 
