21
Kazachstania_africana               0.0000000 0.1029260 0.1001640 0.1295346 0.1315589 0.1947342 0.0846061 0.1187728 0.1027446 0.0851173 0.0909873 0.1009135 0.1001945 0.1313881 0.1300262 0.0942755 0.1068432 0.0817724 0.0898390 0.1160012 0.1690223 
Kazachstania_naganishii             0.1029260 0.0000000 0.1193824 0.1068571 0.1164629 0.1515165 0.0505396 0.1229936 0.0678025 0.0871253 0.0949062 0.1033709 0.0815938 0.1000278 0.1182606 0.0996692 0.0755404 0.1363250 0.0560889 0.0868595 0.1562888 
Naumovozyma_castellii               0.1001640 0.1193824 0.0000000 0.0830472 0.1282419 0.1776279 0.0816913 0.1936001 0.0805368 0.0889466 0.0890024 0.1192297 0.1238212 0.0934963 0.1137189 0.0924137 0.1048262 0.1504808 0.0743278 0.0862308 0.2338863 
Naumovozyma_dairenensis             0.1295346 0.1068571 0.0830472 0.0000000 0.1274935 0.1884153 0.0936195 0.2262155 0.0991108 0.0934951 0.1040869 0.1096676 0.1270833 0.1184675 0.1394646 0.0925900 0.1179928 0.1873053 0.0856182 0.1106229 0.2174185 
Tetrapisispora_blattae              0.1315589 0.1164629 0.1282419 0.1274935 0.0000000 0.1306671 0.1068894 0.1811303 0.1097729 0.1265790 0.1113498 0.1306863 0.0968543 0.1229169 0.1188348 0.0736147 0.0979684 0.1545328 0.1122525 0.1078985 0.2798483 
yHAB132_Kazachstania_martiniae      0.1947342 0.1515165 0.1776279 0.1884153 0.1306671 0.0000000 0.1224646 0.2284314 0.1291976 0.0994448 0.1440546 0.2116560 0.1796410 0.1708824 0.2259967 0.1805434 0.1160834 0.2465860 0.1138827 0.1515223 0.2854848 
yHAB133_Kazachstania_unispora       0.0846061 0.0505396 0.0816913 0.0936195 0.1068894 0.1224646 0.0000000 0.1530148 0.0410306 0.0359866 0.0741545 0.1069186 0.0950015 0.0884128 0.1179840 0.0815406 0.0245325 0.1211028 0.0054433 0.0747119 0.1790508 
yHAB134_Kazachstania_turicensis     0.1187728 0.1229936 0.1936001 0.2262155 0.1811303 0.2284314 0.1530148 0.0000000 0.1621282 0.1742156 0.1825661 0.2062948 0.1453836 0.1988139 0.1983816 0.1732540 0.1751528 0.0435278 0.1593722 0.1802787 0.2764205 
yHAB136_Kazachstania_bromeliacearum 0.1027446 0.0678025 0.0805368 0.0991108 0.1097729 0.1291976 0.0410306 0.1621282 0.0000000 0.0575309 0.0744417 0.1243031 0.0987315 0.1120301 0.1204577 0.0926875 0.0646124 0.1419195 0.0346899 0.0984660 0.1951698 
yHAB143_Kazachstania_siamensis      0.0851173 0.0871253 0.0889466 0.0934951 0.1265790 0.0994448 0.0359866 0.1742156 0.0575309 0.0000000 0.0629311 0.1085107 0.0903678 0.0939484 0.1278018 0.0750186 0.0602091 0.1330507 0.0299120 0.0792618 0.1844882 
yHAB147_Kazachstania_taianensis     0.0909873 0.0949062 0.0890024 0.1040869 0.1113498 0.1440546 0.0741545 0.1825661 0.0744417 0.0629311 0.0000000 0.0921453 0.0511470 0.1089109 0.0924878 0.0911464 0.1154221 0.1678038 0.0677371 0.0953451 0.0759194 
yHAB148_Kazachstania_intestinalis   0.1009135 0.1033709 0.1192297 0.1096676 0.1306863 0.2116560 0.1069186 0.2062948 0.1243031 0.1085107 0.0921453 0.0000000 0.1009861 0.1357423 0.1194510 0.0834882 0.1102098 0.1733231 0.1119675 0.1162214 0.1825594 
yHAB153_Kazachstania_rosinii        0.1001945 0.0815938 0.1238212 0.1270833 0.0968543 0.1796410 0.0950015 0.1453836 0.0987315 0.0903678 0.0511470 0.1009861 0.0000000 0.1147063 0.1052800 0.0687856 0.0801548 0.1570475 0.1003699 0.0939111 0.1209226 
yHAB154_Kazachstania_transvaalensis 0.1313881 0.1000278 0.0934963 0.1184675 0.1229169 0.1708824 0.0884128 0.1988139 0.1120301 0.0939484 0.1089109 0.1357423 0.1147063 0.0000000 0.1275977 0.1191296 0.1190836 0.1621932 0.0933433 0.0162273 0.2246748 
yHAB155_Kazachstania_spencerorum    0.1300262 0.1182606 0.1137189 0.1394646 0.1188348 0.2259967 0.1179840 0.1983816 0.1204577 0.1278018 0.0924878 0.1194510 0.1052800 0.1275977 0.0000000 0.0853160 0.1455910 0.1614140 0.1227059 0.1198829 0.2220120 
yHAB158_Kazachstania_viticola       0.0942755 0.0996692 0.0924137 0.0925900 0.0736147 0.1805434 0.0815406 0.1732540 0.0926875 0.0750186 0.0911464 0.0834882 0.0687856 0.1191296 0.0853160 0.0000000 0.0884432 0.1337494 0.0865967 0.1001615 0.1899358 
yHAB159_Kazachstania_solicola       0.1068432 0.0755404 0.1048262 0.1179928 0.0979684 0.1160834 0.0245325 0.1751528 0.0646124 0.0602091 0.1154221 0.1102098 0.0801548 0.1190836 0.1455910 0.0884432 0.0000000 0.1459692 0.0307557 0.1037551 0.1695270 
yHAB160_Kazachstania_kunashirensis  0.0817724 0.1363250 0.1504808 0.1873053 0.1545328 0.2465860 0.1211028 0.0435278 0.1419195 0.1330507 0.1678038 0.1733231 0.1570475 0.1621932 0.1614140 0.1337494 0.1459692 0.0000000 0.1268192 0.1440168 0.3055242 
yHAB164_Kazachstania_aerobia        0.0898390 0.0560889 0.0743278 0.0856182 0.1122525 0.1138827 0.0054433 0.1593722 0.0346899 0.0299120 0.0677371 0.1119675 0.1003699 0.0933433 0.1227059 0.0865967 0.0307557 0.1268192 0.0000000 0.0797896 0.1883081 
yHAB166_Kazachstania_yakushimaensis 0.1160012 0.0868595 0.0862308 0.1106229 0.1078985 0.1515223 0.0747119 0.1802787 0.0984660 0.0792618 0.0953451 0.1162214 0.0939111 0.0162273 0.1198829 0.1001615 0.1037551 0.1440168 0.0797896 0.0000000 0.1987553 
yHMPu5000035629_Yueomyces_sinensis  0.1690223 0.1562888 0.2338863 0.2174185 0.2798483 0.2854848 0.1790508 0.2764205 0.1951698 0.1844882 0.0759194 0.1825594 0.1209226 0.2246748 0.2220120 0.1899358 0.1695270 0.3055242 0.1883081 0.1987553 0.0000000 
