21
Kazachstania_africana               0.0000000 0.6245807 0.4970573 0.6068100 0.6756585 0.5853719 0.5696152 0.6190077 0.5497411 0.6296378 0.5462437 0.7067296 0.4940555 0.6596460 0.7111579 0.6157329 0.6845366 0.6905563 0.6544795 0.7450594 0.6713470 
Kazachstania_naganishii             0.6245807 0.0000000 0.5912623 0.5923906 0.8586667 0.5772574 0.5195001 0.7261031 0.4626279 0.6308482 0.5130302 0.7792577 0.6326471 0.6075018 0.6596238 0.5476077 0.5615028 0.7026969 0.5495266 0.6465474 0.7149840 
Naumovozyma_castellii               0.4970573 0.5912623 0.0000000 0.3322393 0.6421455 0.4483530 0.5348457 0.5148654 0.5054619 0.5949028 0.4661121 0.6313998 0.4344921 0.5327223 0.5718130 0.5370080 0.5916413 0.5122482 0.5731078 0.6067684 0.5818785 
Naumovozyma_dairenensis             0.6068100 0.5923906 0.3322393 0.0000000 0.6524596 0.5684091 0.5811128 0.6589490 0.5479798 0.6607783 0.5697526 0.5611021 0.4483377 0.5679572 0.5667197 0.4953799 0.6263824 0.5783385 0.6038531 0.7036315 0.5659378 
Tetrapisispora_blattae              0.6756585 0.8586667 0.6421455 0.6524596 0.0000000 0.7800984 0.8152719 0.7533544 0.6424786 0.8995098 0.8073406 0.8696922 0.7552536 0.8368748 0.9092556 0.8973446 0.8915846 0.8583508 0.8722764 0.9296592 0.4976143 
yHAB132_Kazachstania_martiniae      0.5853719 0.5772574 0.4483530 0.5684091 0.7800984 0.0000000 0.5080248 0.5767729 0.4216696 0.5575954 0.5500280 0.7755689 0.4981558 0.6266039 0.6450508 0.5839572 0.5336998 0.6246618 0.5314611 0.6607136 0.7470360 
yHAB133_Kazachstania_unispora       0.5696152 0.5195001 0.5348457 0.5811128 0.8152719 0.5080248 0.0000000 0.7034715 0.4289181 0.1893840 0.3974068 0.7129326 0.6410536 0.4934474 0.7709849 0.6535251 0.0882506 0.6878728 0.0892269 0.5012093 0.8288793 
yHAB134_Kazachstania_turicensis     0.6190077 0.7261031 0.5148654 0.6589490 0.7533544 0.5767729 0.7034715 0.0000000 0.6755880 0.7774678 0.6686673 0.8878233 0.4769487 0.6087992 0.5691706 0.5645835 0.7413443 0.3633071 0.7096118 0.7204617 0.7328727 
yHAB136_Kazachstania_bromeliacearum 0.5497411 0.4626279 0.5054619 0.5479798 0.6424786 0.4216696 0.4289181 0.6755880 0.0000000 0.5381819 0.3666942 0.6774513 0.5877357 0.5352796 0.6665811 0.5839365 0.4134408 0.6046815 0.4213002 0.5297355 0.6196936 
yHAB143_Kazachstania_siamensis      0.6296378 0.6308482 0.5949028 0.6607783 0.8995098 0.5575954 0.1893840 0.7774678 0.5381819 0.0000000 0.5345715 0.8313856 0.7062685 0.5569947 0.8325591 0.7151719 0.1975232 0.8049978 0.2074112 0.5769761 0.9019659 
yHAB147_Kazachstania_taianensis     0.5462437 0.5130302 0.4661121 0.5697526 0.8073406 0.5500280 0.3974068 0.6686673 0.3666942 0.5345715 0.0000000 0.6251032 0.6204894 0.4773970 0.7361030 0.6095959 0.4626023 0.5614744 0.4657907 0.5131031 0.7172090 
yHAB148_Kazachstania_intestinalis   0.7067296 0.7792577 0.6313998 0.5611021 0.8696922 0.7755689 0.7129326 0.8878233 0.6774513 0.8313856 0.6251032 0.0000000 0.7221956 0.7716960 0.8535772 0.8049287 0.8155961 0.7792691 0.7891645 0.8552067 0.8876170 
yHAB153_Kazachstania_rosinii        0.4940555 0.6326471 0.4344921 0.4483377 0.7552536 0.4981558 0.6410536 0.4769487 0.5877357 0.7062685 0.6204894 0.7221956 0.0000000 0.6694288 0.4728418 0.5443740 0.6941281 0.5215897 0.6682681 0.7230995 0.5894916 
yHAB154_Kazachstania_transvaalensis 0.6596460 0.6075018 0.5327223 0.5679572 0.8368748 0.6266039 0.4934474 0.6087992 0.5352796 0.5569947 0.4773970 0.7716960 0.6694288 0.0000000 0.8979459 0.6942791 0.4825535 0.6402590 0.4467552 0.2391383 0.7028852 
yHAB155_Kazachstania_spencerorum    0.7111579 0.6596238 0.5718130 0.5667197 0.9092556 0.6450508 0.7709849 0.5691706 0.6665811 0.8325591 0.7361030 0.8535772 0.4728418 0.8979459 0.0000000 0.6437755 0.7757346 0.5821353 0.7762315 0.8510583 0.8489449 
yHAB158_Kazachstania_viticola       0.6157329 0.5476077 0.5370080 0.4953799 0.8973446 0.5839572 0.6535251 0.5645835 0.5839365 0.7151719 0.6095959 0.8049287 0.5443740 0.6942791 0.6437755 0.0000000 0.6444689 0.6578163 0.6047008 0.7491658 0.7962613 
yHAB159_Kazachstania_solicola       0.6845366 0.5615028 0.5916413 0.6263824 0.8915846 0.5336998 0.0882506 0.7413443 0.4134408 0.1975232 0.4626023 0.8155961 0.6941281 0.4825535 0.7757346 0.6444689 0.0000000 0.7502767 0.0193430 0.4443291 0.8078790 
yHAB160_Kazachstania_kunashirensis  0.6905563 0.7026969 0.5122482 0.5783385 0.8583508 0.6246618 0.6878728 0.3633071 0.6046815 0.8049978 0.5614744 0.7792691 0.5215897 0.6402590 0.5821353 0.6578163 0.7502767 0.0000000 0.7254502 0.6599630 0.8352576 
yHAB164_Kazachstania_aerobia        0.6544795 0.5495266 0.5731078 0.6038531 0.8722764 0.5314611 0.0892269 0.7096118 0.4213002 0.2074112 0.4657907 0.7891645 0.6682681 0.4467552 0.7762315 0.6047008 0.0193430 0.7254502 0.0000000 0.4439807 0.7861761 
yHAB166_Kazachstania_yakushimaensis 0.7450594 0.6465474 0.6067684 0.7036315 0.9296592 0.6607136 0.5012093 0.7204617 0.5297355 0.5769761 0.5131031 0.8552067 0.7230995 0.2391383 0.8510583 0.7491658 0.4443291 0.6599630 0.4439807 0.0000000 0.8336564 
yHMPu5000035629_Yueomyces_sinensis  0.6713470 0.7149840 0.5818785 0.5659378 0.4976143 0.7470360 0.8288793 0.7328727 0.6196936 0.9019659 0.7172090 0.8876170 0.5894916 0.7028852 0.8489449 0.7962613 0.8078790 0.8352576 0.7861761 0.8336564 0.0000000 
