21
Kazachstania_africana               0.0000000 0.4285740 0.6646880 0.4741848 0.5700041 0.3613944 0.3796828 0.4121950 0.3704760 0.4419589 0.4061052 0.4219769 0.3973990 0.4356869 0.3845262 0.3965107 0.4073290 0.3894429 0.4079175 0.4346417 0.6850566 
Kazachstania_naganishii             0.4285740 0.0000000 0.6145791 0.4381739 0.5626502 0.3890183 0.4161295 0.4314044 0.3466869 0.4059566 0.3307101 0.3688500 0.4151276 0.4698797 0.4247580 0.3955650 0.3895723 0.3764728 0.4185784 0.4135067 0.6228864 
Naumovozyma_castellii               0.6646880 0.6145791 0.0000000 0.7660484 0.8000694 0.6338148 0.6773323 0.7295861 0.6783049 0.7087523 0.6479286 0.6367456 0.7417512 0.6977386 0.7253220 0.6675027 0.7066833 0.6948312 0.6850633 0.6964032 0.9489911 
Naumovozyma_dairenensis             0.4741848 0.4381739 0.7660484 0.0000000 0.5722439 0.4259525 0.4239455 0.5043690 0.4306772 0.4645877 0.4023850 0.4678524 0.4997956 0.5515163 0.4870861 0.4741501 0.4328828 0.4817416 0.4379730 0.5157596 0.6226317 
Tetrapisispora_blattae              0.5700041 0.5626502 0.8000694 0.5722439 0.0000000 0.4884188 0.5036654 0.5968309 0.5323513 0.5288376 0.5203148 0.5497541 0.5593868 0.6478862 0.5995567 0.5259116 0.5287660 0.5929855 0.5127600 0.6882677 0.3423747 
yHAB132_Kazachstania_martiniae      0.3613944 0.3890183 0.6338148 0.4259525 0.4884188 0.0000000 0.3115002 0.3660326 0.2944009 0.3186532 0.2902669 0.3210217 0.3693388 0.4043635 0.3723513 0.3490060 0.3143056 0.3539092 0.3093821 0.4044658 0.6257873 
yHAB133_Kazachstania_unispora       0.3796828 0.4161295 0.6773323 0.4239455 0.5036654 0.3115002 0.0000000 0.4309388 0.3525463 0.1021598 0.2255467 0.3768842 0.4110439 0.2976673 0.4021860 0.3496210 0.0884025 0.4065290 0.1061919 0.3214475 0.6116304 
yHAB134_Kazachstania_turicensis     0.4121950 0.4314044 0.7295861 0.5043690 0.5968309 0.3660326 0.4309388 0.0000000 0.3831823 0.4599989 0.4041163 0.3678090 0.3168531 0.5241386 0.3251244 0.4075114 0.4626207 0.1300748 0.4388221 0.5188868 0.6972050 
yHAB136_Kazachstania_bromeliacearum 0.3704760 0.3466869 0.6783049 0.4306772 0.5323513 0.2944009 0.3525463 0.3831823 0.0000000 0.3332501 0.2275117 0.3446706 0.3283631 0.4635020 0.3549327 0.3489342 0.3247993 0.3367305 0.3450647 0.4590196 0.6592974 
yHAB143_Kazachstania_siamensis      0.4419589 0.4059566 0.7087523 0.4645877 0.5288376 0.3186532 0.1021598 0.4599989 0.3332501 0.0000000 0.2430083 0.3677790 0.4614256 0.3328343 0.4369959 0.4117862 0.1327298 0.4440330 0.1431512 0.3633696 0.6640437 
yHAB147_Kazachstania_taianensis     0.4061052 0.3307101 0.6479286 0.4023850 0.5203148 0.2902669 0.2255467 0.4041163 0.2275117 0.2430083 0.0000000 0.3119788 0.3438253 0.3665010 0.3717204 0.3463266 0.2320434 0.3704361 0.2410109 0.3521085 0.6369322 
yHAB148_Kazachstania_intestinalis   0.4219769 0.3688500 0.6367456 0.4678524 0.5497541 0.3210217 0.3768842 0.3678090 0.3446706 0.3677790 0.3119788 0.0000000 0.4048627 0.4658251 0.4410348 0.3859247 0.3638017 0.3656306 0.3790840 0.4580982 0.6559323 
yHAB153_Kazachstania_rosinii        0.3973990 0.4151276 0.7417512 0.4997956 0.5593868 0.3693388 0.4110439 0.3168531 0.3283631 0.4614256 0.3438253 0.4048627 0.0000000 0.4786548 0.3210227 0.4280821 0.4266056 0.2806673 0.4215176 0.4901588 0.6127454 
yHAB154_Kazachstania_transvaalensis 0.4356869 0.4698797 0.6977386 0.5515163 0.6478862 0.4043635 0.2976673 0.5241386 0.4635020 0.3328343 0.3665010 0.4658251 0.4786548 0.0000000 0.4852223 0.4627042 0.3167685 0.5286712 0.3241542 0.2144586 0.7242026 
yHAB155_Kazachstania_spencerorum    0.3845262 0.4247580 0.7253220 0.4870861 0.5995567 0.3723513 0.4021860 0.3251244 0.3549327 0.4369959 0.3717204 0.4410348 0.3210227 0.4852223 0.0000000 0.4254838 0.4291717 0.3284969 0.4247714 0.5015804 0.6110800 
yHAB158_Kazachstania_viticola       0.3965107 0.3955650 0.6675027 0.4741501 0.5259116 0.3490060 0.3496210 0.4075114 0.3489342 0.4117862 0.3463266 0.3859247 0.4280821 0.4627042 0.4254838 0.0000000 0.3693290 0.3875868 0.3529159 0.4765303 0.6144317 
yHAB159_Kazachstania_solicola       0.4073290 0.3895723 0.7066833 0.4328828 0.5287660 0.3143056 0.0884025 0.4626207 0.3247993 0.1327298 0.2320434 0.3638017 0.4266056 0.3167685 0.4291717 0.3693290 0.0000000 0.4200968 0.0429860 0.3436715 0.6430249 
yHAB160_Kazachstania_kunashirensis  0.3894429 0.3764728 0.6948312 0.4817416 0.5929855 0.3539092 0.4065290 0.1300748 0.3367305 0.4440330 0.3704361 0.3656306 0.2806673 0.5286712 0.3284969 0.3875868 0.4200968 0.0000000 0.4258346 0.5272566 0.6847210 
yHAB164_Kazachstania_aerobia        0.4079175 0.4185784 0.6850633 0.4379730 0.5127600 0.3093821 0.1061919 0.4388221 0.3450647 0.1431512 0.2410109 0.3790840 0.4215176 0.3241542 0.4247714 0.3529159 0.0429860 0.4258346 0.0000000 0.3470806 0.6274920 
yHAB166_Kazachstania_yakushimaensis 0.4346417 0.4135067 0.6964032 0.5157596 0.6882677 0.4044658 0.3214475 0.5188868 0.4590196 0.3633696 0.3521085 0.4580982 0.4901588 0.2144586 0.5015804 0.4765303 0.3436715 0.5272566 0.3470806 0.0000000 0.7481574 
yHMPu5000035629_Yueomyces_sinensis  0.6850566 0.6228864 0.9489911 0.6226317 0.3423747 0.6257873 0.6116304 0.6972050 0.6592974 0.6640437 0.6369322 0.6559323 0.6127454 0.7242026 0.6110800 0.6144317 0.6430249 0.6847210 0.6274920 0.7481574 0.0000000 
