21
Kazachstania_africana               0.0000000 0.1035383 0.0706891 0.0715440 0.1007206 0.0859578 0.0866143 0.0943943 0.0884259 0.0773322 0.0864786 0.1068172 0.0899723 0.0980180 0.0857798 0.0989612 0.0819561 0.0870314 0.0803661 0.0797992 0.1272530 
Kazachstania_naganishii             0.1035383 0.0000000 0.1022022 0.1015617 0.1080787 0.1030297 0.0757362 0.1077816 0.0831674 0.0719683 0.0809609 0.1225545 0.1111387 0.0931125 0.1130461 0.1012841 0.0724174 0.1069163 0.0688415 0.0794501 0.1402459 
Naumovozyma_castellii               0.0706891 0.1022022 0.0000000 0.0807542 0.0921324 0.0924895 0.0866502 0.0848473 0.0829433 0.0814953 0.0797026 0.1005748 0.0903801 0.1041531 0.0802324 0.1039424 0.0825796 0.0823748 0.0798427 0.0912858 0.1187779 
Naumovozyma_dairenensis             0.0715440 0.1015617 0.0807542 0.0000000 0.1096826 0.0947173 0.0950002 0.0985738 0.0876662 0.0881975 0.0932479 0.1067356 0.0983154 0.1048860 0.0972427 0.1036136 0.0867546 0.0860900 0.0851030 0.0867376 0.1269018 
Tetrapisispora_blattae              0.1007206 0.1080787 0.0921324 0.1096826 0.0000000 0.0961108 0.0950032 0.0943291 0.1013537 0.0983190 0.0960868 0.1147193 0.1037804 0.1087790 0.1111540 0.1092266 0.0892885 0.1107959 0.0891854 0.1009897 0.1125670 
yHAB132_Kazachstania_martiniae      0.0859578 0.1030297 0.0924895 0.0947173 0.0961108 0.0000000 0.0958299 0.0885935 0.0920442 0.0884777 0.0795634 0.1101635 0.0771482 0.1103170 0.0870735 0.0941320 0.0952098 0.0968453 0.0925627 0.0957566 0.1331163 
yHAB133_Kazachstania_unispora       0.0866143 0.0757362 0.0866502 0.0950002 0.0950032 0.0958299 0.0000000 0.0911455 0.0706565 0.0257962 0.0532279 0.1080812 0.0985284 0.0747459 0.0863501 0.0922940 0.0185340 0.0898964 0.0176229 0.0618268 0.1336869 
yHAB134_Kazachstania_turicensis     0.0943943 0.1077816 0.0848473 0.0985738 0.0943291 0.0885935 0.0911455 0.0000000 0.0834970 0.0958565 0.0941785 0.1155205 0.0985556 0.1166161 0.0794258 0.0985521 0.0901478 0.0778971 0.0875520 0.1051745 0.1158173 
yHAB136_Kazachstania_bromeliacearum 0.0884259 0.0831674 0.0829433 0.0876662 0.1013537 0.0920442 0.0706565 0.0834970 0.0000000 0.0670474 0.0643914 0.1010659 0.0978743 0.0818705 0.0892636 0.0918490 0.0679393 0.0866479 0.0654450 0.0739758 0.1326746 
yHAB143_Kazachstania_siamensis      0.0773322 0.0719683 0.0814953 0.0881975 0.0983190 0.0884777 0.0257962 0.0958565 0.0670474 0.0000000 0.0488065 0.1037830 0.0924770 0.0677700 0.0842496 0.0907373 0.0268186 0.0864742 0.0239398 0.0518598 0.1272898 
yHAB147_Kazachstania_taianensis     0.0864786 0.0809609 0.0797026 0.0932479 0.0960868 0.0795634 0.0532279 0.0941785 0.0643914 0.0488065 0.0000000 0.1011388 0.0861973 0.0642357 0.0802990 0.0885157 0.0518742 0.0847434 0.0508534 0.0579595 0.1257953 
yHAB148_Kazachstania_intestinalis   0.1068172 0.1225545 0.1005748 0.1067356 0.1147193 0.1101635 0.1080812 0.1155205 0.1010659 0.1037830 0.1011388 0.0000000 0.1216352 0.1200356 0.1140608 0.1250130 0.1074748 0.1234268 0.1056732 0.1052315 0.1436260 
yHAB153_Kazachstania_rosinii        0.0899723 0.1111387 0.0903801 0.0983154 0.1037804 0.0771482 0.0985284 0.0985556 0.0978743 0.0924770 0.0861973 0.1216352 0.0000000 0.1099143 0.0896531 0.1039688 0.0955081 0.0893332 0.0939964 0.0994927 0.1276559 
yHAB154_Kazachstania_transvaalensis 0.0980180 0.0931125 0.1041531 0.1048860 0.1087790 0.1103170 0.0747459 0.1166161 0.0818705 0.0677700 0.0642357 0.1200356 0.1099143 0.0000000 0.1097514 0.1039757 0.0714984 0.0990270 0.0714996 0.0428758 0.1384495 
yHAB155_Kazachstania_spencerorum    0.0857798 0.1130461 0.0802324 0.0972427 0.1111540 0.0870735 0.0863501 0.0794258 0.0892636 0.0842496 0.0802990 0.1140608 0.0896531 0.1097514 0.0000000 0.1072538 0.0845395 0.0877399 0.0819716 0.0984962 0.1273299 
yHAB158_Kazachstania_viticola       0.0989612 0.1012841 0.1039424 0.1036136 0.1092266 0.0941320 0.0922940 0.0985521 0.0918490 0.0907373 0.0885157 0.1250130 0.1039688 0.1039757 0.1072538 0.0000000 0.0883616 0.1121908 0.0867525 0.0900007 0.1191701 
yHAB159_Kazachstania_solicola       0.0819561 0.0724174 0.0825796 0.0867546 0.0892885 0.0952098 0.0185340 0.0901478 0.0679393 0.0268186 0.0518742 0.1074748 0.0955081 0.0714984 0.0845395 0.0883616 0.0000000 0.0840760 0.0043444 0.0557546 0.1245448 
yHAB160_Kazachstania_kunashirensis  0.0870314 0.1069163 0.0823748 0.0860900 0.1107959 0.0968453 0.0898964 0.0778971 0.0866479 0.0864742 0.0847434 0.1234268 0.0893332 0.0990270 0.0877399 0.1121908 0.0840760 0.0000000 0.0852768 0.0903112 0.1285274 
yHAB164_Kazachstania_aerobia        0.0803661 0.0688415 0.0798427 0.0851030 0.0891854 0.0925627 0.0176229 0.0875520 0.0654450 0.0239398 0.0508534 0.1056732 0.0939964 0.0714996 0.0819716 0.0867525 0.0043444 0.0852768 0.0000000 0.0533654 0.1249780 
yHAB166_Kazachstania_yakushimaensis 0.0797992 0.0794501 0.0912858 0.0867376 0.1009897 0.0957566 0.0618268 0.1051745 0.0739758 0.0518598 0.0579595 0.1052315 0.0994927 0.0428758 0.0984962 0.0900007 0.0557546 0.0903112 0.0533654 0.0000000 0.1298145 
yHMPu5000035629_Yueomyces_sinensis  0.1272530 0.1402459 0.1187779 0.1269018 0.1125670 0.1331163 0.1336869 0.1158173 0.1326746 0.1272898 0.1257953 0.1436260 0.1276559 0.1384495 0.1273299 0.1191701 0.1245448 0.1285274 0.1249780 0.1298145 0.0000000 
