21
Kazachstania_africana               0.0000000 0.0335395 0.0413747 0.0525013 0.0569845 0.0427192 0.0366328 0.0352625 0.0270535 0.0286488 0.0227936 0.0537324 0.0492487 0.0375384 0.0330506 0.0410293 0.0367044 0.0334992 0.0345380 0.0352937 0.0503121 
Kazachstania_naganishii             0.0335395 0.0000000 0.0443828 0.0496449 0.0608850 0.0408584 0.0429956 0.0436390 0.0325274 0.0329362 0.0306097 0.0568476 0.0581012 0.0505110 0.0433124 0.0438833 0.0452060 0.0478896 0.0450087 0.0482184 0.0542944 
Naumovozyma_castellii               0.0413747 0.0443828 0.0000000 0.0188340 0.0534600 0.0406416 0.0386501 0.0496393 0.0355802 0.0350816 0.0348043 0.0588180 0.0578535 0.0427061 0.0411275 0.0437680 0.0510341 0.0435803 0.0486709 0.0325457 0.0411108 
Naumovozyma_dairenensis             0.0525013 0.0496449 0.0188340 0.0000000 0.0581940 0.0496340 0.0410222 0.0566734 0.0390313 0.0369902 0.0478723 0.0642881 0.0678045 0.0514173 0.0525653 0.0533588 0.0493962 0.0571966 0.0470261 0.0454295 0.0530600 
Tetrapisispora_blattae              0.0569845 0.0608850 0.0534600 0.0581940 0.0000000 0.0526375 0.0559667 0.0562813 0.0497878 0.0394779 0.0535278 0.0711111 0.0689020 0.0509647 0.0474444 0.0597804 0.0640737 0.0597950 0.0616022 0.0513675 0.0365730 
yHAB132_Kazachstania_martiniae      0.0427192 0.0408584 0.0406416 0.0496340 0.0526375 0.0000000 0.0321594 0.0386313 0.0287018 0.0324864 0.0381020 0.0579713 0.0625690 0.0406127 0.0372030 0.0325945 0.0369796 0.0448875 0.0348075 0.0305205 0.0457651 
yHAB133_Kazachstania_unispora       0.0366328 0.0429956 0.0386501 0.0410222 0.0559667 0.0321594 0.0000000 0.0384710 0.0287350 0.0284959 0.0324738 0.0529584 0.0579041 0.0368056 0.0329271 0.0433549 0.0206211 0.0325847 0.0186198 0.0347312 0.0507496 
yHAB134_Kazachstania_turicensis     0.0352625 0.0436390 0.0496393 0.0566734 0.0562813 0.0386313 0.0384710 0.0000000 0.0267845 0.0307648 0.0362408 0.0519571 0.0552030 0.0348497 0.0361683 0.0407553 0.0420832 0.0321258 0.0418969 0.0326677 0.0540336 
yHAB136_Kazachstania_bromeliacearum 0.0270535 0.0325274 0.0355802 0.0390313 0.0497878 0.0287018 0.0287350 0.0267845 0.0000000 0.0209614 0.0189458 0.0473876 0.0551071 0.0290673 0.0296166 0.0270541 0.0275200 0.0331954 0.0253885 0.0249863 0.0470106 
yHAB143_Kazachstania_siamensis      0.0286488 0.0329362 0.0350816 0.0369902 0.0394779 0.0324864 0.0284959 0.0307648 0.0209614 0.0000000 0.0307915 0.0503433 0.0558231 0.0327463 0.0371848 0.0329369 0.0314204 0.0351408 0.0292657 0.0330121 0.0474775 
yHAB147_Kazachstania_taianensis     0.0227936 0.0306097 0.0348043 0.0478723 0.0535278 0.0381020 0.0324738 0.0362408 0.0189458 0.0307915 0.0000000 0.0504471 0.0479951 0.0347828 0.0263394 0.0325580 0.0374781 0.0264658 0.0352736 0.0287184 0.0465128 
yHAB148_Kazachstania_intestinalis   0.0537324 0.0568476 0.0588180 0.0642881 0.0711111 0.0579713 0.0529584 0.0519571 0.0473876 0.0503433 0.0504471 0.0000000 0.0800318 0.0551417 0.0652106 0.0570913 0.0552690 0.0514670 0.0528721 0.0527121 0.0525953 
yHAB153_Kazachstania_rosinii        0.0492487 0.0581012 0.0578535 0.0678045 0.0689020 0.0625690 0.0579041 0.0552030 0.0551071 0.0558231 0.0479951 0.0800318 0.0000000 0.0576112 0.0459077 0.0592783 0.0651878 0.0464243 0.0648754 0.0550228 0.0595090 
yHAB154_Kazachstania_transvaalensis 0.0375384 0.0505110 0.0427061 0.0514173 0.0509647 0.0406127 0.0368056 0.0348497 0.0290673 0.0327463 0.0347828 0.0551417 0.0576112 0.0000000 0.0315709 0.0409965 0.0378549 0.0311442 0.0376884 0.0091462 0.0503801 
yHAB155_Kazachstania_spencerorum    0.0330506 0.0433124 0.0411275 0.0525653 0.0474444 0.0372030 0.0329271 0.0361683 0.0296166 0.0371848 0.0263394 0.0652106 0.0459077 0.0315709 0.0000000 0.0417599 0.0363589 0.0324640 0.0384913 0.0254812 0.0464420 
yHAB158_Kazachstania_viticola       0.0410293 0.0438833 0.0437680 0.0533588 0.0597804 0.0325945 0.0433549 0.0407553 0.0270541 0.0329369 0.0325580 0.0570913 0.0592783 0.0409965 0.0417599 0.0000000 0.0402810 0.0324760 0.0401018 0.0329474 0.0513421 
yHAB159_Kazachstania_solicola       0.0367044 0.0452060 0.0510341 0.0493962 0.0640737 0.0369796 0.0206211 0.0420832 0.0275200 0.0314204 0.0374781 0.0552690 0.0651878 0.0378549 0.0363589 0.0402810 0.0000000 0.0423195 0.0018151 0.0357334 0.0616072 
yHAB160_Kazachstania_kunashirensis  0.0334992 0.0478896 0.0435803 0.0571966 0.0597950 0.0448875 0.0325847 0.0321258 0.0331954 0.0351408 0.0264658 0.0514670 0.0464243 0.0311442 0.0324640 0.0324760 0.0423195 0.0000000 0.0400352 0.0330728 0.0470260 
yHAB164_Kazachstania_aerobia        0.0345380 0.0450087 0.0486709 0.0470261 0.0616022 0.0348075 0.0186198 0.0418969 0.0253885 0.0292657 0.0352736 0.0528721 0.0648754 0.0376884 0.0384913 0.0401018 0.0018151 0.0400352 0.0000000 0.0355768 0.0590815 
yHAB166_Kazachstania_yakushimaensis 0.0352937 0.0482184 0.0325457 0.0454295 0.0513675 0.0305205 0.0347312 0.0326677 0.0249863 0.0330121 0.0287184 0.0527121 0.0550228 0.0091462 0.0254812 0.0329474 0.0357334 0.0330728 0.0355768 0.0000000 0.0459102 
yHMPu5000035629_Yueomyces_sinensis  0.0503121 0.0542944 0.0411108 0.0530600 0.0365730 0.0457651 0.0507496 0.0540336 0.0470106 0.0474775 0.0465128 0.0525953 0.0595090 0.0503801 0.0464420 0.0513421 0.0616072 0.0470260 0.0590815 0.0459102 0.0000000 
