21
Kazachstania_africana               0.0000000 0.0623942 0.0798666 0.0736576 0.0989671 0.0576125 0.0617598 0.0737827 0.0583318 0.0612048 0.0748336 0.1112073 0.0541031 0.0765705 0.0656461 0.0589370 0.0667650 0.0771155 0.0642947 0.0845474 0.1201582 
Kazachstania_naganishii             0.0623942 0.0000000 0.0410386 0.0518661 0.1001161 0.0411610 0.0307552 0.0327944 0.0335405 0.0288366 0.0463997 0.0903603 0.0262792 0.0611244 0.0328413 0.0367656 0.0351219 0.0379683 0.0329427 0.0648940 0.0819309 
Naumovozyma_castellii               0.0798666 0.0410386 0.0000000 0.0460457 0.1127587 0.0492221 0.0454266 0.0532049 0.0530060 0.0409655 0.0563479 0.1108163 0.0403880 0.0684298 0.0363581 0.0459051 0.0455496 0.0539901 0.0479059 0.0693926 0.1082298 
Naumovozyma_dairenensis             0.0736576 0.0518661 0.0460457 0.0000000 0.1158039 0.0554534 0.0470607 0.0653715 0.0514906 0.0444222 0.0502580 0.1135310 0.0443271 0.0725843 0.0463529 0.0499789 0.0471819 0.0633742 0.0494184 0.0744858 0.0997912 
Tetrapisispora_blattae              0.0989671 0.1001161 0.1127587 0.1158039 0.0000000 0.1002188 0.0874386 0.0999754 0.0930933 0.0855283 0.0970662 0.1249787 0.0939317 0.1039990 0.1055713 0.0857617 0.0931030 0.0988154 0.0903373 0.1094000 0.1065620 
yHAB132_Kazachstania_martiniae      0.0576125 0.0411610 0.0492221 0.0554534 0.1002188 0.0000000 0.0358029 0.0565345 0.0428641 0.0382514 0.0407682 0.1128064 0.0500335 0.0626280 0.0364877 0.0336911 0.0405910 0.0651096 0.0382050 0.0586396 0.1099345 
yHAB133_Kazachstania_unispora       0.0617598 0.0307552 0.0454266 0.0470607 0.0874386 0.0358029 0.0000000 0.0516648 0.0431757 0.0055919 0.0323753 0.0988559 0.0371982 0.0463554 0.0352208 0.0419178 0.0036967 0.0502889 0.0018407 0.0473762 0.0908325 
yHAB134_Kazachstania_turicensis     0.0737827 0.0327944 0.0532049 0.0653715 0.0999754 0.0565345 0.0516648 0.0000000 0.0520611 0.0446934 0.0626129 0.1069528 0.0349890 0.0729946 0.0486916 0.0501764 0.0563906 0.0408831 0.0540484 0.0815309 0.0974925 
yHAB136_Kazachstania_bromeliacearum 0.0583318 0.0335405 0.0530060 0.0514906 0.0930933 0.0428641 0.0431757 0.0520611 0.0000000 0.0365988 0.0548917 0.0913001 0.0255016 0.0591719 0.0351720 0.0315095 0.0476404 0.0397161 0.0454210 0.0686257 0.0870977 
yHAB143_Kazachstania_siamensis      0.0612048 0.0288366 0.0409655 0.0444222 0.0855283 0.0382514 0.0055919 0.0446934 0.0365988 0.0000000 0.0300488 0.0932577 0.0306533 0.0437720 0.0333004 0.0393408 0.0093981 0.0483578 0.0074883 0.0497659 0.0844962 
yHAB147_Kazachstania_taianensis     0.0748336 0.0463997 0.0563479 0.0502580 0.0970662 0.0407682 0.0323753 0.0626129 0.0548917 0.0300488 0.0000000 0.1001275 0.0457397 0.0498204 0.0509425 0.0507381 0.0367043 0.0723254 0.0345448 0.0613644 0.0926471 
yHAB148_Kazachstania_intestinalis   0.1112073 0.0903603 0.1108163 0.1135310 0.1249787 0.1128064 0.0988559 0.1069528 0.0913001 0.0932577 0.1001275 0.0000000 0.0832469 0.1127736 0.1008748 0.0804990 0.0986365 0.1182774 0.0958526 0.1286982 0.1465089 
yHAB153_Kazachstania_rosinii        0.0541031 0.0262792 0.0403880 0.0443271 0.0939317 0.0500335 0.0371982 0.0349890 0.0255016 0.0306533 0.0457397 0.0832469 0.0000000 0.0557370 0.0323034 0.0292952 0.0416473 0.0384018 0.0394312 0.0622602 0.0933331 
yHAB154_Kazachstania_transvaalensis 0.0765705 0.0611244 0.0684298 0.0725843 0.1039990 0.0626280 0.0463554 0.0729946 0.0591719 0.0437720 0.0498204 0.1127736 0.0557370 0.0000000 0.0661706 0.0583989 0.0509480 0.0739014 0.0486675 0.0287550 0.1405480 
yHAB155_Kazachstania_spencerorum    0.0656461 0.0328413 0.0363581 0.0463529 0.1055713 0.0364877 0.0352208 0.0486916 0.0351720 0.0333004 0.0509425 0.1008748 0.0323034 0.0661706 0.0000000 0.0356878 0.0396773 0.0421402 0.0374558 0.0651194 0.0821851 
yHAB158_Kazachstania_viticola       0.0589370 0.0367656 0.0459051 0.0499789 0.0857617 0.0336911 0.0419178 0.0501764 0.0315095 0.0393408 0.0507381 0.0804990 0.0292952 0.0583989 0.0356878 0.0000000 0.0465622 0.0556259 0.0442534 0.0600607 0.0983890 
yHAB159_Kazachstania_solicola       0.0667650 0.0351219 0.0455496 0.0471819 0.0931030 0.0405910 0.0036967 0.0563906 0.0476404 0.0093981 0.0367043 0.0986365 0.0416473 0.0509480 0.0396773 0.0465622 0.0000000 0.0550695 0.0018394 0.0520313 0.0961579 
yHAB160_Kazachstania_kunashirensis  0.0771155 0.0379683 0.0539901 0.0633742 0.0988154 0.0651096 0.0502889 0.0408831 0.0397161 0.0483578 0.0723254 0.1182774 0.0384018 0.0739014 0.0421402 0.0556259 0.0550695 0.0000000 0.0526989 0.0773864 0.1031851 
yHAB164_Kazachstania_aerobia        0.0642947 0.0329427 0.0479059 0.0494184 0.0903373 0.0382050 0.0018407 0.0540484 0.0454210 0.0074883 0.0345448 0.0958526 0.0394312 0.0486675 0.0374558 0.0442534 0.0018394 0.0526989 0.0000000 0.0497213 0.0935607 
yHAB166_Kazachstania_yakushimaensis 0.0845474 0.0648940 0.0693926 0.0744858 0.1094000 0.0586396 0.0473762 0.0815309 0.0686257 0.0497659 0.0613644 0.1286982 0.0622602 0.0287550 0.0651194 0.0600607 0.0520313 0.0773864 0.0497213 0.0000000 0.1443938 
yHMPu5000035629_Yueomyces_sinensis  0.1201582 0.0819309 0.1082298 0.0997912 0.1065620 0.1099345 0.0908325 0.0974925 0.0870977 0.0844962 0.0926471 0.1465089 0.0933331 0.1405480 0.0821851 0.0983890 0.0961579 0.1031851 0.0935607 0.1443938 0.0000000 
