21
Kazachstania_africana               0.0000000 0.1351681 0.1327318 0.1024497 0.2016574 0.0686095 0.1117272 0.1779638 0.0859466 0.1174321 0.0786600 0.1341422 0.0592013 0.1490526 0.0800826 0.1102502 0.1053012 0.1231365 0.1126298 0.1368364 0.2662122 
Kazachstania_naganishii             0.1351681 0.0000000 0.1540249 0.1292911 0.2296942 0.1305314 0.1060778 0.1628600 0.0919986 0.1118311 0.0852516 0.1995224 0.1001976 0.1374248 0.1354918 0.1641796 0.0996328 0.1231594 0.1069419 0.1251137 0.2911874 
Naumovozyma_castellii               0.1327318 0.1540249 0.0000000 0.0656100 0.2154033 0.1285286 0.1507988 0.2054309 0.1244043 0.1637610 0.1334585 0.1631703 0.1197237 0.2074776 0.1282278 0.1428339 0.1443570 0.1567513 0.1519808 0.1956649 0.2774118 
Naumovozyma_dairenensis             0.1024497 0.1292911 0.0656100 0.0000000 0.2067289 0.1056877 0.1229013 0.1508233 0.1212814 0.1284742 0.0983198 0.1453263 0.0901155 0.1593171 0.1048007 0.1180639 0.1165543 0.1210389 0.1238713 0.1474155 0.2782990 
Tetrapisispora_blattae              0.2016574 0.2296942 0.2154033 0.2067289 0.0000000 0.2356223 0.2430919 0.2694707 0.2500777 0.2491904 0.2284172 0.2741979 0.2133814 0.2580663 0.2592282 0.2396581 0.2509667 0.2443006 0.2607813 0.2447525 0.1959212 
yHAB132_Kazachstania_martiniae      0.0686095 0.1305314 0.1285286 0.1056877 0.2356223 0.0000000 0.1037367 0.1632876 0.0804030 0.1154016 0.0643748 0.1134346 0.0679830 0.1607999 0.0792639 0.1149957 0.0974452 0.1149855 0.0922817 0.1484545 0.3255953 
yHAB133_Kazachstania_unispora       0.1117272 0.1060778 0.1507988 0.1229013 0.2430919 0.1037367 0.0000000 0.1816621 0.0769906 0.0399209 0.0778810 0.1373521 0.0970230 0.0877933 0.1160166 0.1446531 0.0055329 0.1191599 0.0225493 0.0763007 0.3417427 
yHAB134_Kazachstania_turicensis     0.1779638 0.1628600 0.2054309 0.1508233 0.2694707 0.1632876 0.1816621 0.0000000 0.1927026 0.1933003 0.1647700 0.2144576 0.1138932 0.2123941 0.1439801 0.1744899 0.1747358 0.0599623 0.1891037 0.1996387 0.3209939 
yHAB136_Kazachstania_bromeliacearum 0.0859466 0.0919986 0.1244043 0.1212814 0.2500777 0.0804030 0.0769906 0.1927026 0.0000000 0.0962363 0.0584814 0.1350608 0.0902657 0.1217524 0.0965035 0.1308629 0.0709257 0.1369037 0.0775987 0.1096724 0.2896932 
yHAB143_Kazachstania_siamensis      0.1174321 0.1118311 0.1637610 0.1284742 0.2491904 0.1154016 0.0399209 0.1933003 0.0962363 0.0000000 0.0835348 0.1459507 0.1026609 0.0922217 0.1368906 0.1509381 0.0458217 0.1248801 0.0466575 0.0804856 0.3257159 
yHAB147_Kazachstania_taianensis     0.0786600 0.0852516 0.1334585 0.0983198 0.2284172 0.0643748 0.0778810 0.1647700 0.0584814 0.0835348 0.0000000 0.1317361 0.0524005 0.1166763 0.0661019 0.1185311 0.0717294 0.1113033 0.0785045 0.1044275 0.2863690 
yHAB148_Kazachstania_intestinalis   0.1341422 0.1995224 0.1631703 0.1453263 0.2741979 0.1134346 0.1373521 0.2144576 0.1350608 0.1459507 0.1317361 0.0000000 0.1288003 0.1571973 0.1377600 0.1667453 0.1308868 0.1659721 0.1384444 0.1602499 0.3625518 
yHAB153_Kazachstania_rosinii        0.0592013 0.1001976 0.1197237 0.0901155 0.2133814 0.0679830 0.0970230 0.1138932 0.0902657 0.1026609 0.0524005 0.1288003 0.0000000 0.1371661 0.0345594 0.0852752 0.0907659 0.0771359 0.0977968 0.1248739 0.2962449 
yHAB154_Kazachstania_transvaalensis 0.1490526 0.1374248 0.2074776 0.1593171 0.2580663 0.1607999 0.0877933 0.2123941 0.1217524 0.0922217 0.1166763 0.1571973 0.1371661 0.0000000 0.1745293 0.2103271 0.0939870 0.1777725 0.1120368 0.0225712 0.3321640 
yHAB155_Kazachstania_spencerorum    0.0800826 0.1354918 0.1282278 0.1048007 0.2592282 0.0792639 0.1160166 0.1439801 0.0965035 0.1368906 0.0661019 0.1377600 0.0345594 0.1745293 0.0000000 0.0994507 0.1095342 0.1035733 0.1169578 0.1618947 0.3042806 
yHAB158_Kazachstania_viticola       0.1102502 0.1641796 0.1428339 0.1180639 0.2396581 0.1149957 0.1446531 0.1744899 0.1308629 0.1509381 0.1185311 0.1667453 0.0852752 0.2103271 0.0994507 0.0000000 0.1380272 0.1386154 0.1458239 0.1977926 0.2835062 
yHAB159_Kazachstania_solicola       0.1053012 0.0996328 0.1443570 0.1165543 0.2509667 0.0974452 0.0055329 0.1747358 0.0709257 0.0458217 0.0717294 0.1308868 0.0907659 0.0939870 0.1095342 0.1380272 0.0000000 0.1126686 0.0168637 0.0824787 0.3343609 
yHAB160_Kazachstania_kunashirensis  0.1231365 0.1231594 0.1567513 0.1210389 0.2443006 0.1149855 0.1191599 0.0599623 0.1369037 0.1248801 0.1113033 0.1659721 0.0771359 0.1777725 0.1035733 0.1386154 0.1126686 0.0000000 0.1201256 0.1655153 0.3275191 
yHAB164_Kazachstania_aerobia        0.1126298 0.1069419 0.1519808 0.1238713 0.2607813 0.0922817 0.0225493 0.1891037 0.0775987 0.0466575 0.0785045 0.1384444 0.0977968 0.1120368 0.1169578 0.1458239 0.0168637 0.1201256 0.0000000 0.1002401 0.3444956 
yHAB166_Kazachstania_yakushimaensis 0.1368364 0.1251137 0.1956649 0.1474155 0.2447525 0.1484545 0.0763007 0.1996387 0.1096724 0.0804856 0.1044275 0.1602499 0.1248739 0.0225712 0.1618947 0.1977926 0.0824787 0.1655153 0.1002401 0.0000000 0.3190186 
yHMPu5000035629_Yueomyces_sinensis  0.2662122 0.2911874 0.2774118 0.2782990 0.1959212 0.3255953 0.3417427 0.3209939 0.2896932 0.3257159 0.2863690 0.3625518 0.2962449 0.3321640 0.3042806 0.2835062 0.3343609 0.3275191 0.3444956 0.3190186 0.0000000 
