21
Kazachstania_africana               0.0000000 0.8729075 0.7677085 0.8688582 1.0860662 0.8506404 0.9392433 1.4260038 0.7992049 0.8780237 0.9715466 0.8774954 0.7260010 1.0471897 0.8021489 0.7895489 0.9656682 0.9119221 0.8005495 1.0674615 1.4111346 
Kazachstania_naganishii             0.8729075 0.0000000 0.7567615 0.8051761 1.0981134 0.8385944 0.7546695 1.2455187 0.5146338 0.7907750 0.7525694 0.7188164 0.6716380 0.8206278 0.8216729 0.8023039 0.7574165 0.9348677 0.6080198 0.8557939 1.3321957 
Naumovozyma_castellii               0.7677085 0.7567615 0.0000000 0.5528605 0.9911645 0.7662715 0.8767667 1.1947927 0.6164956 0.8848880 0.8929340 0.7266453 0.7031567 0.9648214 0.7588959 0.7386834 0.8912118 0.8853224 0.7489608 0.9867489 1.3003614 
Naumovozyma_dairenensis             0.8688582 0.8051761 0.5528605 0.0000000 1.1550003 0.8381427 0.8583357 1.2229416 0.6472002 0.8754892 0.8450860 0.7461005 0.6885155 0.9824425 0.7886221 0.7918565 0.8270489 0.9830027 0.7282396 0.9828174 1.2757749 
Tetrapisispora_blattae              1.0860662 1.0981134 0.9911645 1.1550003 0.0000000 1.1287650 1.1515186 1.5052429 1.0002484 1.1456472 1.3306360 1.0828071 1.0204748 1.2181080 1.0482711 1.1883233 1.2233319 1.1543194 1.0029844 1.2450715 1.1715276 
yHAB132_Kazachstania_martiniae      0.8506404 0.8385944 0.7662715 0.8381427 1.1287650 0.0000000 0.8386713 1.2941715 0.6688015 0.8475335 0.8875889 0.7789383 0.7387830 0.9615666 0.8617902 0.7790359 0.9094436 0.9683146 0.7271478 0.9608704 1.2775332 
yHAB133_Kazachstania_unispora       0.9392433 0.7546695 0.8767667 0.8583357 1.1515186 0.8386713 0.0000000 1.3049804 0.6431981 0.3907291 0.7687623 0.8783440 0.8054064 0.8078280 0.9195962 0.8136857 0.1660621 0.9648342 0.1444666 0.8285539 1.3979266 
yHAB134_Kazachstania_turicensis     1.4260038 1.2455187 1.1947927 1.2229416 1.5052429 1.2941715 1.3049804 0.0000000 1.1751222 1.2376470 1.2000144 1.2841872 1.0617029 1.4952083 1.2936795 1.3117591 1.3306543 0.7803803 1.0045797 1.3897472 1.7735491 
yHAB136_Kazachstania_bromeliacearum 0.7992049 0.5146338 0.6164956 0.6472002 1.0002484 0.6688015 0.6431981 1.1751222 0.0000000 0.6906619 0.6237062 0.6624024 0.5830313 0.7795877 0.6824840 0.6896660 0.6091220 0.7856715 0.4826196 0.7771708 1.3070023 
yHAB143_Kazachstania_siamensis      0.8780237 0.7907750 0.8848880 0.8754892 1.1456472 0.8475335 0.3907291 1.2376470 0.6906619 0.0000000 0.7097784 0.8680672 0.8097259 0.8634721 0.9295378 0.8539852 0.4133991 0.9551716 0.3485577 0.8323621 1.3994515 
yHAB147_Kazachstania_taianensis     0.9715466 0.7525694 0.8929340 0.8450860 1.3306360 0.8875889 0.7687623 1.2000144 0.6237062 0.7097784 0.0000000 0.8124298 0.7919663 0.7976004 0.8434239 0.8373936 0.7557843 0.9718103 0.6079587 0.8416429 1.5518041 
yHAB148_Kazachstania_intestinalis   0.8774954 0.7188164 0.7266453 0.7461005 1.0828071 0.7789383 0.8783440 1.2841872 0.6624024 0.8680672 0.8124298 0.0000000 0.6764363 0.8065394 0.7861643 0.7742370 0.8600272 0.9511151 0.6833920 0.7722597 1.2499801 
yHAB153_Kazachstania_rosinii        0.7260010 0.6716380 0.7031567 0.6885155 1.0204748 0.7387830 0.8054064 1.0617029 0.5830313 0.8097259 0.7919663 0.6764363 0.0000000 0.8536105 0.6137580 0.6812036 0.7790114 0.7113448 0.6184028 0.8676854 1.2507131 
yHAB154_Kazachstania_transvaalensis 1.0471897 0.8206278 0.9648214 0.9824425 1.2181080 0.9615666 0.8078280 1.4952083 0.7795877 0.8634721 0.7976004 0.8065394 0.8536105 0.0000000 0.9409728 1.0238630 0.7609152 1.0488509 0.5971244 0.2695800 1.4241950 
yHAB155_Kazachstania_spencerorum    0.8021489 0.8216729 0.7588959 0.7886221 1.0482711 0.8617902 0.9195962 1.2936795 0.6824840 0.9295378 0.8434239 0.7861643 0.6137580 0.9409728 0.0000000 0.8331069 0.9291645 0.8561331 0.7696050 0.9945106 1.3715312 
yHAB158_Kazachstania_viticola       0.7895489 0.8023039 0.7386834 0.7918565 1.1883233 0.7790359 0.8136857 1.3117591 0.6896660 0.8539852 0.8373936 0.7742370 0.6812036 1.0238630 0.8331069 0.0000000 0.8470853 0.9115438 0.6713562 0.9728585 1.3410025 
yHAB159_Kazachstania_solicola       0.9656682 0.7574165 0.8912118 0.8270489 1.2233319 0.9094436 0.1660621 1.3306543 0.6091220 0.4133991 0.7557843 0.8600272 0.7790114 0.7609152 0.9291645 0.8470853 0.0000000 1.0136825 0.0202656 0.7820586 1.4558314 
yHAB160_Kazachstania_kunashirensis  0.9119221 0.9348677 0.8853224 0.9830027 1.1543194 0.9683146 0.9648342 0.7803803 0.7856715 0.9551716 0.9718103 0.9511151 0.7113448 1.0488509 0.8561331 0.9115438 1.0136825 0.0000000 0.8054182 1.0258244 1.5577050 
yHAB164_Kazachstania_aerobia        0.8005495 0.6080198 0.7489608 0.7282396 1.0029844 0.7271478 0.1444666 1.0045797 0.4826196 0.3485577 0.6079587 0.6833920 0.6184028 0.5971244 0.7696050 0.6713562 0.0202656 0.8054182 0.0000000 0.6291410 1.2420076 
yHAB166_Kazachstania_yakushimaensis 1.0674615 0.8557939 0.9867489 0.9828174 1.2450715 0.9608704 0.8285539 1.3897472 0.7771708 0.8323621 0.8416429 0.7722597 0.8676854 0.2695800 0.9945106 0.9728585 0.7820586 1.0258244 0.6291410 0.0000000 1.4126384 
yHMPu5000035629_Yueomyces_sinensis  1.4111346 1.3321957 1.3003614 1.2757749 1.1715276 1.2775332 1.3979266 1.7735491 1.3070023 1.3994515 1.5518041 1.2499801 1.2507131 1.4241950 1.3715312 1.3410025 1.4558314 1.5577050 1.2420076 1.4126384 0.0000000 
