21
Kazachstania_africana               0.0000000 0.1330887 0.1126453 0.1239179 0.1494851 0.1100066 0.1184344 0.1162070 0.1112680 0.1142304 0.1107144 0.1065444 0.1190276 0.1094770 0.0980991 0.0970926 0.1210006 0.1300732 0.1137265 0.1087106 0.1668492 
Kazachstania_naganishii             0.1330887 0.0000000 0.1086089 0.1136619 0.1303795 0.0984012 0.0774776 0.1130374 0.0734607 0.0766408 0.0790685 0.0902504 0.1143096 0.0908278 0.1139469 0.1062524 0.0864793 0.1198221 0.0817676 0.0849742 0.1413476 
Naumovozyma_castellii               0.1126453 0.1086089 0.0000000 0.0646057 0.1195126 0.0834335 0.1083423 0.0981350 0.0950372 0.1037492 0.0806499 0.0982228 0.0957601 0.1132153 0.0779514 0.0852949 0.1107627 0.1101238 0.1054350 0.1121413 0.1380305 
Naumovozyma_dairenensis             0.1239179 0.1136619 0.0646057 0.0000000 0.1431691 0.0781287 0.1038748 0.1122616 0.1029301 0.1015695 0.0984929 0.1033041 0.1025114 0.1115158 0.0850424 0.0808619 0.1122620 0.1234113 0.1056854 0.1087043 0.1445206 
Tetrapisispora_blattae              0.1494851 0.1303795 0.1195126 0.1431691 0.0000000 0.1172472 0.1329408 0.1313496 0.1164892 0.1393862 0.1280404 0.1229640 0.1351226 0.1429049 0.1211858 0.1282888 0.1270342 0.1382677 0.1275578 0.1438240 0.0510089 
yHAB132_Kazachstania_martiniae      0.1100066 0.0984012 0.0834335 0.0781287 0.1172472 0.0000000 0.0897603 0.0960110 0.0857966 0.0877050 0.0737084 0.0698750 0.0846610 0.0991759 0.0740146 0.0710780 0.0982426 0.1076674 0.0978564 0.0980907 0.1306394 
yHAB133_Kazachstania_unispora       0.1184344 0.0774776 0.1083423 0.1038748 0.1329408 0.0897603 0.0000000 0.1069308 0.0722165 0.0204667 0.0620866 0.0806214 0.0976523 0.0744873 0.0950585 0.0786812 0.0269506 0.1087701 0.0270804 0.0657820 0.1495945 
yHAB134_Kazachstania_turicensis     0.1162070 0.1130374 0.0981350 0.1122616 0.1313496 0.0960110 0.1069308 0.0000000 0.1001039 0.1066048 0.0927315 0.0959093 0.0844503 0.1011505 0.0749065 0.0917222 0.1132510 0.0336063 0.1098712 0.0952512 0.1580977 
yHAB136_Kazachstania_bromeliacearum 0.1112680 0.0734607 0.0950372 0.1029301 0.1164892 0.0857966 0.0722165 0.1001039 0.0000000 0.0717011 0.0681762 0.0728448 0.0923704 0.0782861 0.0955444 0.0746916 0.0842733 0.1096181 0.0778200 0.0730465 0.1390144 
yHAB143_Kazachstania_siamensis      0.1142304 0.0766408 0.1037492 0.1015695 0.1393862 0.0877050 0.0204667 0.1066048 0.0717011 0.0000000 0.0615738 0.0843031 0.0977209 0.0764976 0.0939469 0.0758988 0.0384422 0.1182825 0.0357085 0.0694698 0.1596395 
yHAB147_Kazachstania_taianensis     0.1107144 0.0790685 0.0806499 0.0984929 0.1280404 0.0737084 0.0620866 0.0927315 0.0681762 0.0615738 0.0000000 0.0858269 0.0901264 0.0735957 0.0854865 0.0811323 0.0736157 0.1057283 0.0743946 0.0728929 0.1529466 
yHAB148_Kazachstania_intestinalis   0.1065444 0.0902504 0.0982228 0.1033041 0.1229640 0.0698750 0.0806214 0.0959093 0.0728448 0.0843031 0.0858269 0.0000000 0.1069534 0.0924325 0.0926347 0.0911063 0.0883500 0.1062901 0.0912774 0.0899564 0.1463970 
yHAB153_Kazachstania_rosinii        0.1190276 0.1143096 0.0957601 0.1025114 0.1351226 0.0846610 0.0976523 0.0844503 0.0923704 0.0977209 0.0901264 0.1069534 0.0000000 0.1110667 0.0684995 0.0785996 0.1044166 0.1037298 0.1067158 0.1070395 0.1507863 
yHAB154_Kazachstania_transvaalensis 0.1094770 0.0908278 0.1132153 0.1115158 0.1429049 0.0991759 0.0744873 0.1011505 0.0782861 0.0764976 0.0735957 0.0924325 0.1110667 0.0000000 0.1015688 0.0851165 0.0850785 0.1082327 0.0835971 0.0078655 0.1689702 
yHAB155_Kazachstania_spencerorum    0.0980991 0.1139469 0.0779514 0.0850424 0.1211858 0.0740146 0.0950585 0.0749065 0.0955444 0.0939469 0.0854865 0.0926347 0.0684995 0.1015688 0.0000000 0.0650064 0.1003068 0.0749520 0.0986770 0.0988734 0.1346558 
yHAB158_Kazachstania_viticola       0.0970926 0.1062524 0.0852949 0.0808619 0.1282888 0.0710780 0.0786812 0.0917222 0.0746916 0.0758988 0.0811323 0.0911063 0.0785996 0.0851165 0.0650064 0.0000000 0.0857337 0.0894478 0.0841542 0.0843183 0.1493009 
yHAB159_Kazachstania_solicola       0.1210006 0.0864793 0.1107627 0.1122620 0.1270342 0.0982426 0.0269506 0.1132510 0.0842733 0.0384422 0.0736157 0.0883500 0.1044166 0.0850785 0.1003068 0.0857337 0.0000000 0.1130994 0.0078944 0.0779641 0.1487336 
yHAB160_Kazachstania_kunashirensis  0.1300732 0.1198221 0.1101238 0.1234113 0.1382677 0.1076674 0.1087701 0.0336063 0.1096181 0.1182825 0.1057283 0.1062901 0.1037298 0.1082327 0.0749520 0.0894478 0.1130994 0.0000000 0.1132588 0.1053922 0.1647497 
yHAB164_Kazachstania_aerobia        0.1137265 0.0817676 0.1054350 0.1056854 0.1275578 0.0978564 0.0270804 0.1098712 0.0778200 0.0357085 0.0743946 0.0912774 0.1067158 0.0835971 0.0986770 0.0841542 0.0078944 0.1132588 0.0000000 0.0764914 0.1493600 
yHAB166_Kazachstania_yakushimaensis 0.1087106 0.0849742 0.1121413 0.1087043 0.1438240 0.0980907 0.0657820 0.0952512 0.0730465 0.0694698 0.0728929 0.0899564 0.1070395 0.0078655 0.0988734 0.0843183 0.0779641 0.1053922 0.0764914 0.0000000 0.1676619 
yHMPu5000035629_Yueomyces_sinensis  0.1668492 0.1413476 0.1380305 0.1445206 0.0510089 0.1306394 0.1495945 0.1580977 0.1390144 0.1596395 0.1529466 0.1463970 0.1507863 0.1689702 0.1346558 0.1493009 0.1487336 0.1647497 0.1493600 0.1676619 0.0000000 
