21
Kazachstania_africana               0.0000000 0.6146202 0.4494703 0.4222699 0.5043629 0.4473420 0.5464539 0.4896800 0.4625613 0.5561016 0.5279401 0.5732112 0.3955710 0.6599613 0.5060460 0.5020538 0.5137875 0.4427803 0.5176587 0.6770436 0.5113812 
Kazachstania_naganishii             0.6146202 0.0000000 0.5066430 0.5049278 0.6079712 0.5497042 0.5177260 0.5425739 0.3825071 0.5182620 0.4251634 0.5825723 0.4990919 0.5961001 0.5706533 0.5298127 0.4735272 0.5002118 0.4842632 0.5630079 0.5511959 
Naumovozyma_castellii               0.4494703 0.5066430 0.0000000 0.2457261 0.4392482 0.3436201 0.4572435 0.4221014 0.3193638 0.4634688 0.3944091 0.4459256 0.3561906 0.5056703 0.4123499 0.4387265 0.4216793 0.3878219 0.4182156 0.4970687 0.3931599 
Naumovozyma_dairenensis             0.4222699 0.5049278 0.2457261 0.0000000 0.4271492 0.3845963 0.4633749 0.4281449 0.3275663 0.4861575 0.4054590 0.4748169 0.3644382 0.5686780 0.4610400 0.4519435 0.4363856 0.4036530 0.4287061 0.5214508 0.4076756 
Tetrapisispora_blattae              0.5043629 0.6079712 0.4392482 0.4271492 0.0000000 0.4679084 0.5562552 0.5436303 0.4446560 0.5578652 0.5351063 0.5927281 0.4669915 0.6522457 0.5550659 0.5492974 0.5403116 0.4950251 0.5318077 0.6506078 0.3536665 
yHAB132_Kazachstania_martiniae      0.4473420 0.5497042 0.3436201 0.3845963 0.4679084 0.0000000 0.4912808 0.4386352 0.3346171 0.4517327 0.4744111 0.4722869 0.3476740 0.5693405 0.4529758 0.4221103 0.4305594 0.3901532 0.4355549 0.5224381 0.3930123 
yHAB133_Kazachstania_unispora       0.5464539 0.5177260 0.4572435 0.4633749 0.5562552 0.4912808 0.0000000 0.4729115 0.3691915 0.2215928 0.3959274 0.5201073 0.4780117 0.4968598 0.4996677 0.5002009 0.1244620 0.4813629 0.1360855 0.4818927 0.5160206 
yHAB134_Kazachstania_turicensis     0.4896800 0.5425739 0.4221014 0.4281449 0.5436303 0.4386352 0.4729115 0.0000000 0.4164471 0.5193257 0.4375264 0.5121876 0.3844234 0.5790531 0.4917990 0.4802917 0.4598803 0.2901871 0.4635915 0.5505538 0.5418158 
yHAB136_Kazachstania_bromeliacearum 0.4625613 0.3825071 0.3193638 0.3275663 0.4446560 0.3346171 0.3691915 0.4164471 0.0000000 0.3594853 0.2896833 0.3888578 0.3296085 0.4225730 0.3974831 0.4339454 0.3210737 0.3742868 0.3270428 0.4314941 0.3748950 
yHAB143_Kazachstania_siamensis      0.5561016 0.5182620 0.4634688 0.4861575 0.5578652 0.4517327 0.2215928 0.5193257 0.3594853 0.0000000 0.3848107 0.5072581 0.4534963 0.5153229 0.4995621 0.5176059 0.2028925 0.4675155 0.2175595 0.4927585 0.5300763 
yHAB147_Kazachstania_taianensis     0.5279401 0.4251634 0.3944091 0.4054590 0.5351063 0.4744111 0.3959274 0.4375264 0.2896833 0.3848107 0.0000000 0.4439991 0.4358929 0.4411978 0.4897445 0.4742038 0.3569878 0.4291984 0.3662354 0.4195976 0.4738627 
yHAB148_Kazachstania_intestinalis   0.5732112 0.5825723 0.4459256 0.4748169 0.5927281 0.4722869 0.5201073 0.5121876 0.3888578 0.5072581 0.4439991 0.0000000 0.4720245 0.5609602 0.5165978 0.5200474 0.4990610 0.4799731 0.5011598 0.5539581 0.5093168 
yHAB153_Kazachstania_rosinii        0.3955710 0.4990919 0.3561906 0.3644382 0.4669915 0.3476740 0.4780117 0.3844234 0.3296085 0.4534963 0.4358929 0.4720245 0.0000000 0.5459857 0.3062851 0.4267262 0.4204140 0.3234386 0.4273497 0.5018724 0.4211758 
yHAB154_Kazachstania_transvaalensis 0.6599613 0.5961001 0.5056703 0.5686780 0.6522457 0.5693405 0.4968598 0.5790531 0.4225730 0.5153229 0.4411978 0.5609602 0.5459857 0.0000000 0.5930858 0.5808441 0.4754506 0.5135068 0.4947206 0.2169374 0.6086509 
yHAB155_Kazachstania_spencerorum    0.5060460 0.5706533 0.4123499 0.4610400 0.5550659 0.4529758 0.4996677 0.4917990 0.3974831 0.4995621 0.4897445 0.5165978 0.3062851 0.5930858 0.0000000 0.5169900 0.4572747 0.3791825 0.4667065 0.5679785 0.5151453 
yHAB158_Kazachstania_viticola       0.5020538 0.5298127 0.4387265 0.4519435 0.5492974 0.4221103 0.5002009 0.4802917 0.4339454 0.5176059 0.4742038 0.5200474 0.4267262 0.5808441 0.5169900 0.0000000 0.4826309 0.4459410 0.4786256 0.5818976 0.5111554 
yHAB159_Kazachstania_solicola       0.5137875 0.4735272 0.4216793 0.4363856 0.5403116 0.4305594 0.1244620 0.4598803 0.3210737 0.2028925 0.3569878 0.4990610 0.4204140 0.4754506 0.4572747 0.4826309 0.0000000 0.4381131 0.0303774 0.4505864 0.4656315 
yHAB160_Kazachstania_kunashirensis  0.4427803 0.5002118 0.3878219 0.4036530 0.4950251 0.3901532 0.4813629 0.2901871 0.3742868 0.4675155 0.4291984 0.4799731 0.3234386 0.5135068 0.3791825 0.4459410 0.4381131 0.0000000 0.4408222 0.5065088 0.5013343 
yHAB164_Kazachstania_aerobia        0.5176587 0.4842632 0.4182156 0.4287061 0.5318077 0.4355549 0.1360855 0.4635915 0.3270428 0.2175595 0.3662354 0.5011598 0.4273497 0.4947206 0.4667065 0.4786256 0.0303774 0.4408222 0.0000000 0.4736588 0.4577296 
yHAB166_Kazachstania_yakushimaensis 0.6770436 0.5630079 0.4970687 0.5214508 0.6506078 0.5224381 0.4818927 0.5505538 0.4314941 0.4927585 0.4195976 0.5539581 0.5018724 0.2169374 0.5679785 0.5818976 0.4505864 0.5065088 0.4736588 0.0000000 0.5848995 
yHMPu5000035629_Yueomyces_sinensis  0.5113812 0.5511959 0.3931599 0.4076756 0.3536665 0.3930123 0.5160206 0.5418158 0.3748950 0.5300763 0.4738627 0.5093168 0.4211758 0.6086509 0.5151453 0.5111554 0.4656315 0.5013343 0.4577296 0.5848995 0.0000000 
