21
Kazachstania_africana               0.0000000 0.0861500 0.0638309 0.0744516 0.0903975 0.0625195 0.0813878 0.0913557 0.0759119 0.0640212 0.0677997 0.0604934 0.0838653 0.0874122 0.0797740 0.0594777 0.0747244 0.0847946 0.0724027 0.0849836 0.1281536 
Kazachstania_naganishii             0.0861500 0.0000000 0.0660564 0.0586740 0.0895813 0.0594201 0.0551331 0.0633482 0.0542629 0.0498226 0.0709771 0.0791349 0.0762124 0.0823065 0.0646991 0.0688169 0.0498828 0.0746160 0.0545333 0.0847706 0.1115948 
Naumovozyma_castellii               0.0638309 0.0660564 0.0000000 0.0374199 0.0702347 0.0480316 0.0586556 0.0592070 0.0455774 0.0528978 0.0738791 0.0651888 0.0521147 0.0743896 0.0509377 0.0523119 0.0534221 0.0650589 0.0556676 0.0768347 0.1113686 
Naumovozyma_dairenensis             0.0744516 0.0586740 0.0374199 0.0000000 0.0729978 0.0442117 0.0619953 0.0583371 0.0541641 0.0581157 0.0770520 0.0585691 0.0552458 0.0863983 0.0507816 0.0549805 0.0564189 0.0661402 0.0587032 0.0889265 0.1000819 
Tetrapisispora_blattae              0.0903975 0.0895813 0.0702347 0.0729978 0.0000000 0.0657698 0.0837523 0.0833596 0.0815482 0.0694299 0.0939142 0.0922723 0.0748962 0.1089941 0.0787207 0.0738750 0.0781937 0.0906588 0.0853162 0.1064399 0.0750928 
yHAB132_Kazachstania_martiniae      0.0625195 0.0594201 0.0480316 0.0442117 0.0657698 0.0000000 0.0526977 0.0550245 0.0487776 0.0340080 0.0574295 0.0648685 0.0541747 0.0742008 0.0563478 0.0442447 0.0473524 0.0472721 0.0495843 0.0718335 0.0878626 
yHAB133_Kazachstania_unispora       0.0813878 0.0551331 0.0586556 0.0619953 0.0837523 0.0526977 0.0000000 0.0645670 0.0514894 0.0396978 0.0723611 0.0669216 0.0751832 0.0758709 0.0687419 0.0627279 0.0332886 0.0607474 0.0311950 0.0735151 0.1031166 
yHAB134_Kazachstania_turicensis     0.0913557 0.0633482 0.0592070 0.0583371 0.0833596 0.0550245 0.0645670 0.0000000 0.0584374 0.0521698 0.0874395 0.0795245 0.0629590 0.0761543 0.0715243 0.0661428 0.0722361 0.0502572 0.0744702 0.0737421 0.0997839 
yHAB136_Kazachstania_bromeliacearum 0.0759119 0.0542629 0.0455774 0.0541641 0.0815482 0.0487776 0.0514894 0.0584374 0.0000000 0.0469898 0.0808282 0.0667728 0.0618559 0.0737441 0.0553025 0.0541390 0.0508685 0.0632221 0.0531686 0.0736490 0.1131557 
yHAB143_Kazachstania_siamensis      0.0640212 0.0498226 0.0528978 0.0581157 0.0694299 0.0340080 0.0396978 0.0521698 0.0469898 0.0000000 0.0564379 0.0679968 0.0676446 0.0548119 0.0668664 0.0455675 0.0308204 0.0557048 0.0287243 0.0525222 0.1001731 
yHAB147_Kazachstania_taianensis     0.0677997 0.0709771 0.0738791 0.0770520 0.0939142 0.0574295 0.0723611 0.0874395 0.0808282 0.0564379 0.0000000 0.0699488 0.0794753 0.0703526 0.0836518 0.0663734 0.0498623 0.0766283 0.0564881 0.0727184 0.1176533 
yHAB148_Kazachstania_intestinalis   0.0604934 0.0791349 0.0651888 0.0585691 0.0922723 0.0648685 0.0669216 0.0795245 0.0667728 0.0679968 0.0699488 0.0000000 0.0737883 0.0906953 0.0726981 0.0695490 0.0689967 0.0846636 0.0713393 0.0931758 0.1164980 
yHAB153_Kazachstania_rosinii        0.0838653 0.0762124 0.0521147 0.0552458 0.0748962 0.0541747 0.0751832 0.0629590 0.0618559 0.0676446 0.0794753 0.0737883 0.0000000 0.0821536 0.0663625 0.0665099 0.0718688 0.0689630 0.0742354 0.0895682 0.1182431 
yHAB154_Kazachstania_transvaalensis 0.0874122 0.0823065 0.0743896 0.0863983 0.1089941 0.0742008 0.0758709 0.0761543 0.0737441 0.0548119 0.0703526 0.0906953 0.0821536 0.0000000 0.0929437 0.0730258 0.0566508 0.0673022 0.0544042 0.0059184 0.1383556 
yHAB155_Kazachstania_spencerorum    0.0797740 0.0646991 0.0509377 0.0507816 0.0787207 0.0563478 0.0687419 0.0715243 0.0553025 0.0668664 0.0836518 0.0726981 0.0663625 0.0929437 0.0000000 0.0647150 0.0646834 0.0801302 0.0669664 0.0954308 0.1108665 
yHAB158_Kazachstania_viticola       0.0594777 0.0688169 0.0523119 0.0549805 0.0738750 0.0442447 0.0627279 0.0661428 0.0541390 0.0455675 0.0663734 0.0695490 0.0665099 0.0730258 0.0647150 0.0000000 0.0520875 0.0634860 0.0543902 0.0706142 0.0968035 
yHAB159_Kazachstania_solicola       0.0747244 0.0498828 0.0534221 0.0564189 0.0781937 0.0473524 0.0332886 0.0722361 0.0508685 0.0308204 0.0498623 0.0689967 0.0718688 0.0566508 0.0646834 0.0520875 0.0000000 0.0718468 0.0059788 0.0589666 0.1105987 
yHAB160_Kazachstania_kunashirensis  0.0847946 0.0746160 0.0650589 0.0661402 0.0906588 0.0472721 0.0607474 0.0502572 0.0632221 0.0557048 0.0766283 0.0846636 0.0689630 0.0673022 0.0801302 0.0634860 0.0718468 0.0000000 0.0649436 0.0649443 0.1032436 
yHAB164_Kazachstania_aerobia        0.0724027 0.0545333 0.0556676 0.0587032 0.0853162 0.0495843 0.0311950 0.0744702 0.0531686 0.0287243 0.0564881 0.0713393 0.0742354 0.0544042 0.0669664 0.0543902 0.0059788 0.0649436 0.0000000 0.0567125 0.1129871 
yHAB166_Kazachstania_yakushimaensis 0.0849836 0.0847706 0.0768347 0.0889265 0.1064399 0.0718335 0.0735151 0.0737421 0.0736490 0.0525222 0.0727184 0.0931758 0.0895682 0.0059184 0.0954308 0.0706142 0.0589666 0.0649443 0.0567125 0.0000000 0.1296838 
yHMPu5000035629_Yueomyces_sinensis  0.1281536 0.1115948 0.1113686 0.1000819 0.0750928 0.0878626 0.1031166 0.0997839 0.1131557 0.1001731 0.1176533 0.1164980 0.1182431 0.1383556 0.1108665 0.0968035 0.1105987 0.1032436 0.1129871 0.1296838 0.0000000 
