21
Kazachstania_africana               0.0000000 0.0415787 0.0299227 0.0290010 0.0526856 0.0320342 0.0281306 0.0383904 0.0345157 0.0301268 0.0396167 0.0356302 0.0313906 0.0385341 0.0344356 0.0316057 0.0294005 0.0341820 0.0313527 0.0367334 0.0422695 
Kazachstania_naganishii             0.0415787 0.0000000 0.0417346 0.0444155 0.0604590 0.0449690 0.0326629 0.0488213 0.0340189 0.0338323 0.0394503 0.0393232 0.0411430 0.0374817 0.0449008 0.0524385 0.0362375 0.0483316 0.0382529 0.0356162 0.0517443 
Naumovozyma_castellii               0.0299227 0.0417346 0.0000000 0.0220023 0.0602503 0.0369014 0.0305040 0.0417176 0.0353399 0.0293931 0.0402102 0.0395452 0.0352758 0.0458898 0.0396940 0.0432949 0.0318944 0.0373939 0.0328356 0.0435848 0.0463269 
Naumovozyma_dairenensis             0.0290010 0.0444155 0.0220023 0.0000000 0.0560412 0.0327124 0.0344710 0.0418595 0.0329930 0.0332904 0.0374478 0.0384738 0.0302696 0.0435229 0.0384338 0.0388720 0.0316481 0.0373600 0.0327048 0.0411514 0.0449936 
Tetrapisispora_blattae              0.0526856 0.0604590 0.0602503 0.0560412 0.0000000 0.0595851 0.0585490 0.0660570 0.0612568 0.0568505 0.0650642 0.0637865 0.0620534 0.0622262 0.0636449 0.0627025 0.0582641 0.0620045 0.0470683 0.0607005 0.0410201 
yHAB132_Kazachstania_martiniae      0.0320342 0.0449690 0.0369014 0.0327124 0.0595851 0.0000000 0.0299351 0.0430570 0.0324506 0.0324721 0.0354057 0.0347246 0.0336773 0.0406393 0.0374201 0.0406493 0.0319151 0.0367985 0.0332397 0.0405405 0.0448260 
yHAB133_Kazachstania_unispora       0.0281306 0.0326629 0.0305040 0.0344710 0.0585490 0.0299351 0.0000000 0.0441817 0.0258552 0.0110562 0.0303039 0.0319339 0.0363310 0.0279634 0.0373896 0.0408201 0.0109153 0.0392485 0.0115488 0.0275915 0.0491604 
yHAB134_Kazachstania_turicensis     0.0383904 0.0488213 0.0417176 0.0418595 0.0660570 0.0430570 0.0441817 0.0000000 0.0463806 0.0430643 0.0438912 0.0416159 0.0331591 0.0379456 0.0300544 0.0429337 0.0468211 0.0229437 0.0509950 0.0377228 0.0568043 
yHAB136_Kazachstania_bromeliacearum 0.0345157 0.0340189 0.0353399 0.0329930 0.0612568 0.0324506 0.0258552 0.0463806 0.0000000 0.0265230 0.0266461 0.0327074 0.0381330 0.0343760 0.0380274 0.0399821 0.0264391 0.0441624 0.0258127 0.0320483 0.0522640 
yHAB143_Kazachstania_siamensis      0.0301268 0.0338323 0.0293931 0.0332904 0.0568505 0.0324721 0.0110562 0.0430643 0.0265230 0.0000000 0.0302877 0.0320569 0.0354474 0.0288148 0.0367423 0.0406439 0.0146959 0.0407619 0.0163450 0.0259633 0.0467902 
yHAB147_Kazachstania_taianensis     0.0396167 0.0394503 0.0402102 0.0374478 0.0650642 0.0354057 0.0303039 0.0438912 0.0266461 0.0302877 0.0000000 0.0380326 0.0405194 0.0359298 0.0405874 0.0470774 0.0329653 0.0441729 0.0341593 0.0353120 0.0490074 
yHAB148_Kazachstania_intestinalis   0.0356302 0.0393232 0.0395452 0.0384738 0.0637865 0.0347246 0.0319339 0.0416159 0.0327074 0.0320569 0.0380326 0.0000000 0.0317437 0.0402693 0.0387665 0.0458915 0.0338451 0.0398554 0.0362854 0.0395903 0.0535474 
yHAB153_Kazachstania_rosinii        0.0313906 0.0411430 0.0352758 0.0302696 0.0620534 0.0336773 0.0363310 0.0331591 0.0381330 0.0354474 0.0405194 0.0317437 0.0000000 0.0432896 0.0297148 0.0410093 0.0331682 0.0295710 0.0358186 0.0419015 0.0544293 
yHAB154_Kazachstania_transvaalensis 0.0385341 0.0374817 0.0458898 0.0435229 0.0622262 0.0406393 0.0279634 0.0379456 0.0343760 0.0288148 0.0359298 0.0402693 0.0432896 0.0000000 0.0369933 0.0439940 0.0314490 0.0394593 0.0340291 0.0088511 0.0549228 
yHAB155_Kazachstania_spencerorum    0.0344356 0.0449008 0.0396940 0.0384338 0.0636449 0.0374201 0.0373896 0.0300544 0.0380274 0.0367423 0.0405874 0.0387665 0.0297148 0.0369933 0.0000000 0.0369832 0.0370394 0.0326323 0.0398915 0.0350134 0.0571661 
yHAB158_Kazachstania_viticola       0.0316057 0.0524385 0.0432949 0.0388720 0.0627025 0.0406493 0.0408201 0.0429337 0.0399821 0.0406439 0.0470774 0.0458915 0.0410093 0.0439940 0.0369832 0.0000000 0.0399215 0.0403157 0.0407454 0.0427916 0.0511813 
yHAB159_Kazachstania_solicola       0.0294005 0.0362375 0.0318944 0.0316481 0.0582641 0.0319151 0.0109153 0.0468211 0.0264391 0.0146959 0.0329653 0.0338451 0.0331682 0.0314490 0.0370394 0.0399215 0.0000000 0.0413889 0.0018353 0.0299081 0.0505979 
yHAB160_Kazachstania_kunashirensis  0.0341820 0.0483316 0.0373939 0.0373600 0.0620045 0.0367985 0.0392485 0.0229437 0.0441624 0.0407619 0.0441729 0.0398554 0.0295710 0.0394593 0.0326323 0.0403157 0.0413889 0.0000000 0.0448323 0.0399465 0.0526338 
yHAB164_Kazachstania_aerobia        0.0313527 0.0382529 0.0328356 0.0327048 0.0470683 0.0332397 0.0115488 0.0509950 0.0258127 0.0163450 0.0341593 0.0362854 0.0358186 0.0340291 0.0398915 0.0407454 0.0018353 0.0448323 0.0000000 0.0309430 0.0534627 
yHAB166_Kazachstania_yakushimaensis 0.0367334 0.0356162 0.0435848 0.0411514 0.0607005 0.0405405 0.0275915 0.0377228 0.0320483 0.0259633 0.0353120 0.0395903 0.0419015 0.0088511 0.0350134 0.0427916 0.0299081 0.0399465 0.0309430 0.0000000 0.0508381 
yHMPu5000035629_Yueomyces_sinensis  0.0422695 0.0517443 0.0463269 0.0449936 0.0410201 0.0448260 0.0491604 0.0568043 0.0522640 0.0467902 0.0490074 0.0535474 0.0544293 0.0549228 0.0571661 0.0511813 0.0505979 0.0526338 0.0534627 0.0508381 0.0000000 
