21
Kazachstania_africana               0.0000000 0.1763491 0.1611835 0.1531650 0.2101292 0.1279037 0.1623347 0.1762636 0.1287115 0.1517784 0.1659135 0.1678200 0.1590030 0.1822276 0.1535344 0.1566496 0.1684165 0.1435393 0.1712452 0.1913124 0.1864474 
Kazachstania_naganishii             0.1763491 0.0000000 0.2036960 0.2038885 0.2910959 0.1619309 0.1650369 0.2170263 0.1239750 0.1708924 0.1513192 0.1833914 0.1935772 0.1906168 0.2085573 0.2141151 0.1662151 0.1916876 0.1647970 0.2117329 0.2732146 
Naumovozyma_castellii               0.1611835 0.2036960 0.0000000 0.1240718 0.1975354 0.1560252 0.1899268 0.2069456 0.1547467 0.1874564 0.1953090 0.2108408 0.1890077 0.2180465 0.1952035 0.1731682 0.1924424 0.1916233 0.1932738 0.2234851 0.1807289 
Naumovozyma_dairenensis             0.1531650 0.2038885 0.1240718 0.0000000 0.1968597 0.1684347 0.2033531 0.2006357 0.1733465 0.1929113 0.1810897 0.2047764 0.1893509 0.2192368 0.1970827 0.1915915 0.2029757 0.1988353 0.2038147 0.2238595 0.1874593 
Tetrapisispora_blattae              0.2101292 0.2910959 0.1975354 0.1968597 0.0000000 0.2236945 0.2735504 0.2835579 0.2256274 0.2578970 0.2551232 0.2628060 0.2387240 0.2732224 0.2380026 0.2497805 0.2793116 0.2360888 0.2700570 0.2893355 0.1445658 
yHAB132_Kazachstania_martiniae      0.1279037 0.1619309 0.1560252 0.1684347 0.2236945 0.0000000 0.1547681 0.1574749 0.1018589 0.1628577 0.1429055 0.1489903 0.1468146 0.1424944 0.1596214 0.1488429 0.1603489 0.1266595 0.1626080 0.1626756 0.1929977 
yHAB133_Kazachstania_unispora       0.1623347 0.1650369 0.1899268 0.2033531 0.2735504 0.1547681 0.0000000 0.1923328 0.1351841 0.0816106 0.1344293 0.1833072 0.1906885 0.1705914 0.1905038 0.1913646 0.0451070 0.1819524 0.0426442 0.1739359 0.2415927 
yHAB134_Kazachstania_turicensis     0.1762636 0.2170263 0.2069456 0.2006357 0.2835579 0.1574749 0.1923328 0.0000000 0.1664865 0.1910589 0.1742313 0.2158891 0.1714009 0.1843139 0.1755605 0.2272601 0.1993225 0.1447223 0.1974258 0.1903971 0.2499822 
yHAB136_Kazachstania_bromeliacearum 0.1287115 0.1239750 0.1547467 0.1733465 0.2256274 0.1018589 0.1351841 0.1664865 0.0000000 0.1321736 0.1146525 0.1483032 0.1422375 0.1480112 0.1607710 0.1689878 0.1250332 0.1440195 0.1269617 0.1594003 0.2118669 
yHAB143_Kazachstania_siamensis      0.1517784 0.1708924 0.1874564 0.1929113 0.2578970 0.1628577 0.0816106 0.1910589 0.1321736 0.0000000 0.1520436 0.1814056 0.1895764 0.1781060 0.1784691 0.1949437 0.0735169 0.1649138 0.0697950 0.1926884 0.2513688 
yHAB147_Kazachstania_taianensis     0.1659135 0.1513192 0.1953090 0.1810897 0.2551232 0.1429055 0.1344293 0.1742313 0.1146525 0.1520436 0.0000000 0.1799978 0.1793559 0.1635934 0.1869348 0.1957443 0.1392882 0.1756840 0.1431057 0.1608036 0.2482491 
yHAB148_Kazachstania_intestinalis   0.1678200 0.1833914 0.2108408 0.2047764 0.2628060 0.1489903 0.1833072 0.2158891 0.1483032 0.1814056 0.1799978 0.0000000 0.2046561 0.2109808 0.2113477 0.2162942 0.1766589 0.1794494 0.1764966 0.2316846 0.2386878 
yHAB153_Kazachstania_rosinii        0.1590030 0.1935772 0.1890077 0.1893509 0.2387240 0.1468146 0.1906885 0.1714009 0.1422375 0.1895764 0.1793559 0.2046561 0.0000000 0.2101377 0.1532676 0.2125237 0.1972425 0.1189626 0.1983590 0.2274893 0.2063655 
yHAB154_Kazachstania_transvaalensis 0.1822276 0.1906168 0.2180465 0.2192368 0.2732224 0.1424944 0.1705914 0.1843139 0.1480112 0.1781060 0.1635934 0.2109808 0.2101377 0.0000000 0.2226205 0.2056220 0.1676536 0.1811693 0.1771792 0.0586934 0.2531472 
yHAB155_Kazachstania_spencerorum    0.1535344 0.2085573 0.1952035 0.1970827 0.2380026 0.1596214 0.1905038 0.1755605 0.1607710 0.1784691 0.1869348 0.2113477 0.1532676 0.2226205 0.0000000 0.2055188 0.2006624 0.1242336 0.2041949 0.2402287 0.2145276 
yHAB158_Kazachstania_viticola       0.1566496 0.2141151 0.1731682 0.1915915 0.2497805 0.1488429 0.1913646 0.2272601 0.1689878 0.1949437 0.1957443 0.2162942 0.2125237 0.2056220 0.2055188 0.0000000 0.1923936 0.1923384 0.1936000 0.2242259 0.2573203 
yHAB159_Kazachstania_solicola       0.1684165 0.1662151 0.1924424 0.2029757 0.2793116 0.1603489 0.0451070 0.1993225 0.1250332 0.0735169 0.1392882 0.1766589 0.1972425 0.1676536 0.2006624 0.1923936 0.0000000 0.1776676 0.0112487 0.1725734 0.2544926 
yHAB160_Kazachstania_kunashirensis  0.1435393 0.1916876 0.1916233 0.1988353 0.2360888 0.1266595 0.1819524 0.1447223 0.1440195 0.1649138 0.1756840 0.1794494 0.1189626 0.1811693 0.1242336 0.1923384 0.1776676 0.0000000 0.1842385 0.2017446 0.2239645 
yHAB164_Kazachstania_aerobia        0.1712452 0.1647970 0.1932738 0.2038147 0.2700570 0.1626080 0.0426442 0.1974258 0.1269617 0.0697950 0.1431057 0.1764966 0.1983590 0.1771792 0.2041949 0.1936000 0.0112487 0.1842385 0.0000000 0.1765619 0.2541931 
yHAB166_Kazachstania_yakushimaensis 0.1913124 0.2117329 0.2234851 0.2238595 0.2893355 0.1626756 0.1739359 0.1903971 0.1594003 0.1926884 0.1608036 0.2316846 0.2274893 0.0586934 0.2402287 0.2242259 0.1725734 0.2017446 0.1765619 0.0000000 0.2676727 
yHMPu5000035629_Yueomyces_sinensis  0.1864474 0.2732146 0.1807289 0.1874593 0.1445658 0.1929977 0.2415927 0.2499822 0.2118669 0.2513688 0.2482491 0.2386878 0.2063655 0.2531472 0.2145276 0.2573203 0.2544926 0.2239645 0.2541931 0.2676727 0.0000000 
