21
Kazachstania_africana               0.0000000 0.0443728 0.0438788 0.0504690 0.0592237 0.0436333 0.0545888 0.0401847 0.0484127 0.0509430 0.0461803 0.0481226 0.0390102 0.0440312 0.0625895 0.0405311 0.0540806 0.0366638 0.0556083 0.0452393 0.0619711 
Kazachstania_naganishii             0.0443728 0.0000000 0.0384357 0.0525274 0.0615042 0.0381865 0.0337106 0.0345910 0.0299195 0.0319819 0.0338828 0.0418495 0.0422461 0.0399768 0.0595810 0.0351380 0.0343678 0.0345025 0.0357764 0.0396769 0.0689942 
Naumovozyma_castellii               0.0438788 0.0384357 0.0000000 0.0181524 0.0578263 0.0299799 0.0406392 0.0346448 0.0360166 0.0343420 0.0365837 0.0337296 0.0360493 0.0340685 0.0478058 0.0253748 0.0423529 0.0368210 0.0409235 0.0324490 0.0625384 
Naumovozyma_dairenensis             0.0504690 0.0525274 0.0181524 0.0000000 0.0620984 0.0449345 0.0512197 0.0403367 0.0483829 0.0504758 0.0485419 0.0358507 0.0418388 0.0433737 0.0581712 0.0296945 0.0536749 0.0410817 0.0522093 0.0416308 0.0526676 
Tetrapisispora_blattae              0.0592237 0.0615042 0.0578263 0.0620984 0.0000000 0.0559277 0.0581970 0.0537385 0.0577423 0.0589206 0.0561047 0.0555944 0.0611931 0.0550988 0.0657863 0.0555217 0.0577559 0.0534780 0.0592614 0.0532046 0.0353459 
yHAB132_Kazachstania_martiniae      0.0436333 0.0381865 0.0299799 0.0449345 0.0559277 0.0000000 0.0337692 0.0452760 0.0311124 0.0295266 0.0305002 0.0466125 0.0377993 0.0308313 0.0570449 0.0325520 0.0308244 0.0450667 0.0294667 0.0310201 0.0580941 
yHAB133_Kazachstania_unispora       0.0545888 0.0337106 0.0406392 0.0512197 0.0581970 0.0337692 0.0000000 0.0410002 0.0299325 0.0129260 0.0337626 0.0464577 0.0457228 0.0262694 0.0672922 0.0354207 0.0102796 0.0423703 0.0089870 0.0277647 0.0672675 
yHAB134_Kazachstania_turicensis     0.0401847 0.0345910 0.0346448 0.0403367 0.0537385 0.0452760 0.0410002 0.0000000 0.0411014 0.0391634 0.0378144 0.0431073 0.0279476 0.0363961 0.0476353 0.0253231 0.0434086 0.0088567 0.0448952 0.0362878 0.0574061 
yHAB136_Kazachstania_bromeliacearum 0.0484127 0.0299195 0.0360166 0.0483829 0.0577423 0.0311124 0.0299325 0.0411014 0.0000000 0.0314787 0.0327868 0.0417644 0.0451116 0.0306123 0.0636442 0.0351257 0.0332975 0.0425523 0.0318970 0.0334962 0.0680790 
yHAB143_Kazachstania_siamensis      0.0509430 0.0319819 0.0343420 0.0504758 0.0589206 0.0295266 0.0129260 0.0391634 0.0314787 0.0000000 0.0309603 0.0490226 0.0435519 0.0282689 0.0622295 0.0308294 0.0171780 0.0389885 0.0158450 0.0279725 0.0706197 
yHAB147_Kazachstania_taianensis     0.0461803 0.0338828 0.0365837 0.0485419 0.0561047 0.0305002 0.0337626 0.0378144 0.0327868 0.0309603 0.0000000 0.0425342 0.0416856 0.0314613 0.0570094 0.0329125 0.0359480 0.0408186 0.0373654 0.0330498 0.0696086 
yHAB148_Kazachstania_intestinalis   0.0481226 0.0418495 0.0337296 0.0358507 0.0555944 0.0466125 0.0464577 0.0431073 0.0417644 0.0490226 0.0425342 0.0000000 0.0460976 0.0366868 0.0609829 0.0351637 0.0488990 0.0413861 0.0474857 0.0398545 0.0576326 
yHAB153_Kazachstania_rosinii        0.0390102 0.0422461 0.0360493 0.0418388 0.0611931 0.0377993 0.0457228 0.0279476 0.0451116 0.0435519 0.0416856 0.0460976 0.0000000 0.0442111 0.0305679 0.0280308 0.0482621 0.0264441 0.0497637 0.0424306 0.0653131 
yHAB154_Kazachstania_transvaalensis 0.0440312 0.0399768 0.0340685 0.0433737 0.0550988 0.0308313 0.0262694 0.0363961 0.0306123 0.0282689 0.0314613 0.0366868 0.0442111 0.0000000 0.0667883 0.0295130 0.0294613 0.0362357 0.0281044 0.0037659 0.0572741 
yHAB155_Kazachstania_spencerorum    0.0625895 0.0595810 0.0478058 0.0581712 0.0657863 0.0570449 0.0672922 0.0476353 0.0636442 0.0622295 0.0570094 0.0609829 0.0305679 0.0667883 0.0000000 0.0445855 0.0697058 0.0430124 0.0712511 0.0660399 0.0770358 
yHAB158_Kazachstania_viticola       0.0405311 0.0351380 0.0253748 0.0296945 0.0555217 0.0325520 0.0354207 0.0253231 0.0351257 0.0308294 0.0329125 0.0351637 0.0280308 0.0295130 0.0445855 0.0000000 0.0404510 0.0252223 0.0390403 0.0279567 0.0593284 
yHAB159_Kazachstania_solicola       0.0540806 0.0343678 0.0423529 0.0536749 0.0577559 0.0308244 0.0102796 0.0434086 0.0332975 0.0171780 0.0359480 0.0488990 0.0482621 0.0294613 0.0697058 0.0404510 0.0000000 0.0448060 0.0012507 0.0296421 0.0615609 
yHAB160_Kazachstania_kunashirensis  0.0366638 0.0345025 0.0368210 0.0410817 0.0534780 0.0450667 0.0423703 0.0088567 0.0425523 0.0389885 0.0408186 0.0413861 0.0264441 0.0362357 0.0430124 0.0252223 0.0448060 0.0000000 0.0462908 0.0361285 0.0585994 
yHAB164_Kazachstania_aerobia        0.0556083 0.0357764 0.0409235 0.0522093 0.0592614 0.0294667 0.0089870 0.0448952 0.0318970 0.0158450 0.0373654 0.0474857 0.0497637 0.0281044 0.0712511 0.0390403 0.0012507 0.0462908 0.0000000 0.0282780 0.0630554 
yHAB166_Kazachstania_yakushimaensis 0.0452393 0.0396769 0.0324490 0.0416308 0.0532046 0.0310201 0.0277647 0.0362878 0.0334962 0.0279725 0.0330498 0.0398545 0.0424306 0.0037659 0.0660399 0.0279567 0.0296421 0.0361285 0.0282780 0.0000000 0.0553734 
yHMPu5000035629_Yueomyces_sinensis  0.0619711 0.0689942 0.0625384 0.0526676 0.0353459 0.0580941 0.0672675 0.0574061 0.0680790 0.0706197 0.0696086 0.0576326 0.0653131 0.0572741 0.0770358 0.0593284 0.0615609 0.0585994 0.0630554 0.0553734 0.0000000 
