21
Kazachstania_africana               0.0000000 0.2151291 0.1529654 0.1361687 0.1978893 0.2256839 0.1675857 0.1519264 0.1526178 0.1431427 0.1502416 0.1549327 0.1705360 0.1663452 0.1944586 0.1805678 0.1658917 0.1786795 0.1655144 0.1597146 0.1966852 
Kazachstania_naganishii             0.2151291 0.0000000 0.2228390 0.2183047 0.2375455 0.2574927 0.1959087 0.2184895 0.1549491 0.1803570 0.1658051 0.1991315 0.2287536 0.1935098 0.2631865 0.2404140 0.1889049 0.2048686 0.1088413 0.1991073 0.2621096 
Naumovozyma_castellii               0.1529654 0.2228390 0.0000000 0.0969794 0.1527698 0.2275827 0.2091444 0.1676917 0.1623353 0.1802782 0.1518063 0.1625347 0.1911523 0.1772334 0.2047959 0.1891934 0.1869690 0.1739605 0.1839286 0.1856503 0.1978406 
Naumovozyma_dairenensis             0.1361687 0.2183047 0.0969794 0.0000000 0.1639682 0.2226390 0.1747685 0.1517243 0.1659620 0.1560575 0.1512698 0.1500390 0.1758431 0.1334902 0.1883414 0.1702568 0.1621321 0.1615620 0.1504469 0.1362866 0.2041364 
Tetrapisispora_blattae              0.1978893 0.2375455 0.1527698 0.1639682 0.0000000 0.2205970 0.2018315 0.1849405 0.1657800 0.1639561 0.1868192 0.1540771 0.2041020 0.2061546 0.2241240 0.1902254 0.1848600 0.1984737 0.1633038 0.2042819 0.1401919 
yHAB132_Kazachstania_martiniae      0.2256839 0.2574927 0.2275827 0.2226390 0.2205970 0.0000000 0.2283900 0.2176235 0.1936330 0.1893219 0.1999664 0.1821163 0.2175304 0.2327710 0.2328846 0.2171549 0.2063329 0.2099948 0.1770666 0.2352327 0.2861613 
yHAB133_Kazachstania_unispora       0.1675857 0.1959087 0.2091444 0.1747685 0.2018315 0.2283900 0.0000000 0.1540871 0.1493036 0.0612274 0.1346621 0.1620068 0.1801024 0.1218800 0.2232141 0.1961256 0.0364931 0.1842461 0.0301335 0.1262875 0.2439170 
yHAB134_Kazachstania_turicensis     0.1519264 0.2184895 0.1676917 0.1517243 0.1849405 0.2176235 0.1540871 0.0000000 0.1374959 0.1629324 0.1634890 0.1489480 0.1097442 0.1649181 0.1291663 0.1509303 0.1535226 0.1017127 0.1451129 0.1496753 0.1981347 
yHAB136_Kazachstania_bromeliacearum 0.1526178 0.1549491 0.1623353 0.1659620 0.1657800 0.1936330 0.1493036 0.1374959 0.0000000 0.1289934 0.1129733 0.1168586 0.1624538 0.1304012 0.1719916 0.1619791 0.1439896 0.1213538 0.1428393 0.1366764 0.2075638 
yHAB143_Kazachstania_siamensis      0.1431427 0.1803570 0.1802782 0.1560575 0.1639561 0.1893219 0.0612274 0.1629324 0.1289934 0.0000000 0.1059502 0.1394256 0.1802346 0.1081620 0.2126269 0.1813667 0.0592775 0.1604664 0.0600409 0.1212391 0.2126988 
yHAB147_Kazachstania_taianensis     0.1502416 0.1658051 0.1518063 0.1512698 0.1868192 0.1999664 0.1346621 0.1634890 0.1129733 0.1059502 0.0000000 0.1584303 0.1799280 0.1128328 0.2125868 0.1782105 0.1324857 0.1529681 0.1363297 0.1220996 0.2158793 
yHAB148_Kazachstania_intestinalis   0.1549327 0.1991315 0.1625347 0.1500390 0.1540771 0.1821163 0.1620068 0.1489480 0.1168586 0.1394256 0.1584303 0.0000000 0.1376717 0.1521726 0.1957164 0.1456380 0.1498737 0.1531405 0.1457388 0.1650145 0.2068520 
yHAB153_Kazachstania_rosinii        0.1705360 0.2287536 0.1911523 0.1758431 0.2041020 0.2175304 0.1801024 0.1097442 0.1624538 0.1802346 0.1799280 0.1376717 0.0000000 0.1689715 0.1669039 0.1711899 0.1783964 0.1296919 0.1803683 0.1770715 0.2278106 
yHAB154_Kazachstania_transvaalensis 0.1663452 0.1935098 0.1772334 0.1334902 0.2061546 0.2327710 0.1218800 0.1649181 0.1304012 0.1081620 0.1128328 0.1521726 0.1689715 0.0000000 0.1986966 0.1908538 0.1188767 0.1520930 0.1139355 0.0611363 0.2342468 
yHAB155_Kazachstania_spencerorum    0.1944586 0.2631865 0.2047959 0.1883414 0.2241240 0.2328846 0.2232141 0.1291663 0.1719916 0.2126269 0.2125868 0.1957164 0.1669039 0.1986966 0.0000000 0.2005667 0.1995736 0.1255543 0.1510844 0.1935682 0.2483712 
yHAB158_Kazachstania_viticola       0.1805678 0.2404140 0.1891934 0.1702568 0.1902254 0.2171549 0.1961256 0.1509303 0.1619791 0.1813667 0.1782105 0.1456380 0.1711899 0.1908538 0.2005667 0.0000000 0.1820688 0.1724903 0.1755561 0.2009117 0.2279918 
yHAB159_Kazachstania_solicola       0.1658917 0.1889049 0.1869690 0.1621321 0.1848600 0.2063329 0.0364931 0.1535226 0.1439896 0.0592775 0.1324857 0.1498737 0.1783964 0.1188767 0.1995736 0.1820688 0.0000000 0.1724373 0.0116836 0.1237367 0.2392156 
yHAB160_Kazachstania_kunashirensis  0.1786795 0.2048686 0.1739605 0.1615620 0.1984737 0.2099948 0.1842461 0.1017127 0.1213538 0.1604664 0.1529681 0.1531405 0.1296919 0.1520930 0.1255543 0.1724903 0.1724373 0.0000000 0.1674796 0.1628513 0.2399226 
yHAB164_Kazachstania_aerobia        0.1655144 0.1088413 0.1839286 0.1504469 0.1633038 0.1770666 0.0301335 0.1451129 0.1428393 0.0600409 0.1363297 0.1457388 0.1803683 0.1139355 0.1510844 0.1755561 0.0116836 0.1674796 0.0000000 0.1231268 0.2239071 
yHAB166_Kazachstania_yakushimaensis 0.1597146 0.1991073 0.1856503 0.1362866 0.2042819 0.2352327 0.1262875 0.1496753 0.1366764 0.1212391 0.1220996 0.1650145 0.1770715 0.0611363 0.1935682 0.2009117 0.1237367 0.1628513 0.1231268 0.0000000 0.2253146 
yHMPu5000035629_Yueomyces_sinensis  0.1966852 0.2621096 0.1978406 0.2041364 0.1401919 0.2861613 0.2439170 0.1981347 0.2075638 0.2126988 0.2158793 0.2068520 0.2278106 0.2342468 0.2483712 0.2279918 0.2392156 0.2399226 0.2239071 0.2253146 0.0000000 
