21
Kazachstania_africana               0.0000000 0.3717427 0.3901802 0.4016419 0.5268358 0.3229533 0.4399307 0.3876101 0.3325774 0.4480409 0.3521575 0.4108347 0.3254832 0.4390664 0.3542200 0.3629028 0.4358546 0.3469845 0.4301706 0.4580200 0.6247606 
Kazachstania_naganishii             0.3717427 0.0000000 0.3556785 0.3738292 0.5795580 0.2985451 0.4050683 0.3660069 0.2285891 0.4029507 0.2986088 0.4101905 0.3118303 0.4091304 0.3061785 0.3484649 0.4034549 0.3342403 0.4041417 0.4107397 0.6423875 
Naumovozyma_castellii               0.3901802 0.3556785 0.0000000 0.1885860 0.4738601 0.2843162 0.3761982 0.3573734 0.2760173 0.3731206 0.3139706 0.3851139 0.2688582 0.4520211 0.3068053 0.3085993 0.3604238 0.3154393 0.3536513 0.4493975 0.5612203 
Naumovozyma_dairenensis             0.4016419 0.3738292 0.1885860 0.0000000 0.4672968 0.3095006 0.3573741 0.3871844 0.2770659 0.3708325 0.3334483 0.4322139 0.2935424 0.4643593 0.3168581 0.3104796 0.3664473 0.3189310 0.3567956 0.4441607 0.5513442 
Tetrapisispora_blattae              0.5268358 0.5795580 0.4738601 0.4672968 0.0000000 0.4618556 0.5531626 0.4938650 0.4291956 0.5133434 0.4829153 0.5414637 0.4381300 0.5393362 0.4374697 0.4753891 0.5328034 0.4391962 0.5365401 0.5063197 0.3834203 
yHAB132_Kazachstania_martiniae      0.3229533 0.2985451 0.2843162 0.3095006 0.4618556 0.0000000 0.3553353 0.3011276 0.2281185 0.3539307 0.2673897 0.3514225 0.2314709 0.3941852 0.2667091 0.2765264 0.3493957 0.2479827 0.3441301 0.3822241 0.5299526 
yHAB133_Kazachstania_unispora       0.4399307 0.4050683 0.3761982 0.3573741 0.5531626 0.3553353 0.0000000 0.4202533 0.3013799 0.1144343 0.2635921 0.4367744 0.3398194 0.4119595 0.3577214 0.4127983 0.0612365 0.3736546 0.0611958 0.3832972 0.6013226 
yHAB134_Kazachstania_turicensis     0.3876101 0.3660069 0.3573734 0.3871844 0.4938650 0.3011276 0.4202533 0.0000000 0.2933315 0.4123462 0.3456503 0.3982760 0.2457245 0.4271825 0.2610028 0.3054830 0.4282657 0.1388783 0.4200437 0.4266571 0.5500857 
yHAB136_Kazachstania_bromeliacearum 0.3325774 0.2285891 0.2760173 0.2770659 0.4291956 0.2281185 0.3013799 0.2933315 0.0000000 0.3088356 0.1974578 0.3463635 0.2026459 0.3304335 0.2170926 0.2661980 0.2971499 0.2398705 0.2997466 0.3126370 0.5248769 
yHAB143_Kazachstania_siamensis      0.4480409 0.4029507 0.3731206 0.3708325 0.5133434 0.3539307 0.1144343 0.4123462 0.3088356 0.0000000 0.2682328 0.4374062 0.3477159 0.4016120 0.3619414 0.4055074 0.1013112 0.3789129 0.1011484 0.3753870 0.5829849 
yHAB147_Kazachstania_taianensis     0.3521575 0.2986088 0.3139706 0.3334483 0.4829153 0.2673897 0.2635921 0.3456503 0.1974578 0.2682328 0.0000000 0.3631626 0.2443205 0.3392175 0.2722647 0.3182024 0.2473202 0.2751878 0.2461768 0.3230182 0.5910866 
yHAB148_Kazachstania_intestinalis   0.4108347 0.4101905 0.3851139 0.4322139 0.5414637 0.3514225 0.4367744 0.3982760 0.3463635 0.4374062 0.3631626 0.0000000 0.3206663 0.4791436 0.3704362 0.3829040 0.4152658 0.3543511 0.4169502 0.4419009 0.6189853 
yHAB153_Kazachstania_rosinii        0.3254832 0.3118303 0.2688582 0.2935424 0.4381300 0.2314709 0.3398194 0.2457245 0.2026459 0.3477159 0.2443205 0.3206663 0.0000000 0.3449934 0.1659621 0.2400210 0.3421420 0.1844286 0.3312825 0.3343159 0.5342732 
yHAB154_Kazachstania_transvaalensis 0.4390664 0.4091304 0.4520211 0.4643593 0.5393362 0.3941852 0.4119595 0.4271825 0.3304335 0.4016120 0.3392175 0.4791436 0.3449934 0.0000000 0.3741202 0.3928817 0.4127731 0.3837799 0.3991349 0.0947861 0.6420033 
yHAB155_Kazachstania_spencerorum    0.3542200 0.3061785 0.3068053 0.3168581 0.4374697 0.2667091 0.3577214 0.2610028 0.2170926 0.3619414 0.2722647 0.3704362 0.1659621 0.3741202 0.0000000 0.2854642 0.3496625 0.1799860 0.3396759 0.3428349 0.5272520 
yHAB158_Kazachstania_viticola       0.3629028 0.3484649 0.3085993 0.3104796 0.4753891 0.2765264 0.4127983 0.3054830 0.2661980 0.4055074 0.3182024 0.3829040 0.2400210 0.3928817 0.2854642 0.0000000 0.4073229 0.2683980 0.4051320 0.3804211 0.5704537 
yHAB159_Kazachstania_solicola       0.4358546 0.4034549 0.3604238 0.3664473 0.5328034 0.3493957 0.0612365 0.4282657 0.2971499 0.1013112 0.2473202 0.4152658 0.3421420 0.4127731 0.3496625 0.4073229 0.0000000 0.3729659 0.0153266 0.3821197 0.5893975 
yHAB160_Kazachstania_kunashirensis  0.3469845 0.3342403 0.3154393 0.3189310 0.4391962 0.2479827 0.3736546 0.1388783 0.2398705 0.3789129 0.2751878 0.3543511 0.1844286 0.3837799 0.1799860 0.2683980 0.3729659 0.0000000 0.3648332 0.3593272 0.5117517 
yHAB164_Kazachstania_aerobia        0.4301706 0.4041417 0.3536513 0.3567956 0.5365401 0.3441301 0.0611958 0.4200437 0.2997466 0.1011484 0.2461768 0.4169502 0.3312825 0.3991349 0.3396759 0.4051320 0.0153266 0.3648332 0.0000000 0.3678443 0.5887497 
yHAB166_Kazachstania_yakushimaensis 0.4580200 0.4107397 0.4493975 0.4441607 0.5063197 0.3822241 0.3832972 0.4266571 0.3126370 0.3753870 0.3230182 0.4419009 0.3343159 0.0947861 0.3428349 0.3804211 0.3821197 0.3593272 0.3678443 0.0000000 0.6443841 
yHMPu5000035629_Yueomyces_sinensis  0.6247606 0.6423875 0.5612203 0.5513442 0.3834203 0.5299526 0.6013226 0.5500857 0.5248769 0.5829849 0.5910866 0.6189853 0.5342732 0.6420033 0.5272520 0.5704537 0.5893975 0.5117517 0.5887497 0.6443841 0.0000000 
