21
Kazachstania_africana               0.0000000 0.1109270 0.1024870 0.1111891 0.1557124 0.0827662 0.0974948 0.1493970 0.0903814 0.0890616 0.1108094 0.1026510 0.0915020 0.1920716 0.0982676 0.0867502 0.1120291 0.1193655 0.1115763 0.1946914 0.1666293 
Kazachstania_naganishii             0.1109270 0.0000000 0.1359914 0.1294504 0.1905894 0.1103607 0.0977114 0.1675785 0.1119813 0.0947180 0.1222397 0.1451386 0.1026910 0.2264652 0.1322129 0.1205532 0.1214246 0.1368969 0.1168357 0.2322693 0.2070665 
Naumovozyma_castellii               0.1024870 0.1359914 0.0000000 0.0637226 0.1543901 0.0788757 0.1296488 0.1269010 0.1210026 0.1188615 0.1267285 0.1164162 0.1182008 0.1878592 0.1221514 0.1139179 0.1353723 0.1134853 0.1312397 0.1939704 0.1515514 
Naumovozyma_dairenensis             0.1111891 0.1294504 0.0637226 0.0000000 0.1749098 0.0875646 0.1306622 0.1549027 0.1162155 0.1200204 0.1317006 0.1215124 0.1250787 0.2134664 0.1259563 0.1142866 0.1453460 0.1435075 0.1342994 0.2107615 0.1714860 
Tetrapisispora_blattae              0.1557124 0.1905894 0.1543901 0.1749098 0.0000000 0.1643860 0.1906304 0.2294400 0.1700687 0.1945464 0.1977009 0.1870302 0.1705681 0.2880897 0.1893295 0.1881003 0.2214711 0.2041402 0.2157772 0.2961236 0.1557372 
yHAB132_Kazachstania_martiniae      0.0827662 0.1103607 0.0788757 0.0875646 0.1643860 0.0000000 0.0859980 0.1279181 0.0790210 0.0822631 0.0962375 0.1013697 0.0944799 0.1850983 0.0971401 0.0576505 0.0963203 0.1151690 0.1033394 0.1923013 0.1503239 
yHAB133_Kazachstania_unispora       0.0974948 0.0977114 0.1296488 0.1306622 0.1906304 0.0859980 0.0000000 0.1518156 0.0635506 0.0383562 0.0816626 0.1193394 0.1077426 0.1877442 0.1240964 0.1102044 0.0257031 0.1429365 0.0222771 0.1941573 0.1840515 
yHAB134_Kazachstania_turicensis     0.1493970 0.1675785 0.1269010 0.1549027 0.2294400 0.1279181 0.1518156 0.0000000 0.1650206 0.1466607 0.1496907 0.1703447 0.1301218 0.2210299 0.1415080 0.1408779 0.1577925 0.0870324 0.1610033 0.2314452 0.2209054 
yHAB136_Kazachstania_bromeliacearum 0.0903814 0.1119813 0.1210026 0.1162155 0.1700687 0.0790210 0.0635506 0.1650206 0.0000000 0.0742697 0.0911079 0.0926584 0.1022808 0.1935984 0.1067732 0.0966815 0.0670575 0.1459319 0.0634176 0.2009948 0.2013828 
yHAB143_Kazachstania_siamensis      0.0890616 0.0947180 0.1188615 0.1200204 0.1945464 0.0822631 0.0383562 0.1466607 0.0742697 0.0000000 0.0892075 0.1217441 0.1064701 0.1830449 0.1180706 0.1087091 0.0535591 0.1421888 0.0533636 0.1893689 0.1886352 
yHAB147_Kazachstania_taianensis     0.1108094 0.1222397 0.1267285 0.1317006 0.1977009 0.0962375 0.0816626 0.1496907 0.0911079 0.0892075 0.0000000 0.1258604 0.1102436 0.1967548 0.1300833 0.1066837 0.0910413 0.1447425 0.0979318 0.1964386 0.2022265 
yHAB148_Kazachstania_intestinalis   0.1026510 0.1451386 0.1164162 0.1215124 0.1870302 0.1013697 0.1193394 0.1703447 0.0926584 0.1217441 0.1258604 0.0000000 0.1083247 0.2151356 0.1240795 0.1047868 0.1257882 0.1664600 0.1289599 0.2070720 0.2083008 
yHAB153_Kazachstania_rosinii        0.0915020 0.1026910 0.1182008 0.1250787 0.1705681 0.0944799 0.1077426 0.1301218 0.1022808 0.1064701 0.1102436 0.1083247 0.0000000 0.1870865 0.0981736 0.0918143 0.1261314 0.1016792 0.1152195 0.1862916 0.1922418 
yHAB154_Kazachstania_transvaalensis 0.1920716 0.2264652 0.1878592 0.2134664 0.2880897 0.1850983 0.1877442 0.2210299 0.1935984 0.1830449 0.1967548 0.2151356 0.1870865 0.0000000 0.2046341 0.1903449 0.1984823 0.2071765 0.1936048 0.0279056 0.2901931 
yHAB155_Kazachstania_spencerorum    0.0982676 0.1322129 0.1221514 0.1259563 0.1893295 0.0971401 0.1240964 0.1415080 0.1067732 0.1180706 0.1300833 0.1240795 0.0981736 0.2046341 0.0000000 0.0833713 0.1312838 0.1223298 0.1344935 0.1968479 0.1812780 
yHAB158_Kazachstania_viticola       0.0867502 0.1205532 0.1139179 0.1142866 0.1881003 0.0576505 0.1102044 0.1408779 0.0966815 0.1087091 0.1066837 0.1047868 0.0918143 0.1903449 0.0833713 0.0000000 0.1215067 0.1263463 0.1285885 0.1903994 0.1646651 
yHAB159_Kazachstania_solicola       0.1120291 0.1214246 0.1353723 0.1453460 0.2214711 0.0963203 0.0257031 0.1577925 0.0670575 0.0535591 0.0910413 0.1257882 0.1261314 0.1984823 0.1312838 0.1215067 0.0000000 0.1530433 0.0090185 0.2048264 0.2132525 
yHAB160_Kazachstania_kunashirensis  0.1193655 0.1368969 0.1134853 0.1435075 0.2041402 0.1151690 0.1429365 0.0870324 0.1459319 0.1421888 0.1447425 0.1664600 0.1016792 0.2071765 0.1223298 0.1263463 0.1530433 0.0000000 0.1487233 0.2169957 0.2156523 
yHAB164_Kazachstania_aerobia        0.1115763 0.1168357 0.1312397 0.1342994 0.2157772 0.1033394 0.0222771 0.1610033 0.0634176 0.0533636 0.0979318 0.1289599 0.1152195 0.1936048 0.1344935 0.1285885 0.0090185 0.1487233 0.0000000 0.2000042 0.2078454 
yHAB166_Kazachstania_yakushimaensis 0.1946914 0.2322693 0.1939704 0.2107615 0.2961236 0.1923013 0.1941573 0.2314452 0.2009948 0.1893689 0.1964386 0.2070720 0.1862916 0.0279056 0.1968479 0.1903994 0.2048264 0.2169957 0.2000042 0.0000000 0.2808907 
yHMPu5000035629_Yueomyces_sinensis  0.1666293 0.2070665 0.1515514 0.1714860 0.1557372 0.1503239 0.1840515 0.2209054 0.2013828 0.1886352 0.2022265 0.2083008 0.1922418 0.2901931 0.1812780 0.1646651 0.2132525 0.2156523 0.2078454 0.2808907 0.0000000 
