21
Kazachstania_africana               0.0000000 0.5478642 0.3575311 0.3872496 0.5115399 0.3811914 0.3894416 0.4641453 0.3961280 0.3713986 0.3804192 0.5617486 0.3372637 0.3844137 0.3825735 0.3330105 0.4015611 0.4434600 0.3838161 0.3844756 0.5304025 
Kazachstania_naganishii             0.5478642 0.0000000 0.5519178 0.5888237 0.6301056 0.4364189 0.4124405 0.6107445 0.4122231 0.3952796 0.4088776 0.6240331 0.4826896 0.4134703 0.5130420 0.5029348 0.4206766 0.6642412 0.4235789 0.4241507 0.5990459 
Naumovozyma_castellii               0.3575311 0.5519178 0.0000000 0.2076050 0.4689296 0.3390339 0.4190521 0.4510755 0.3821397 0.4370212 0.4084277 0.5066682 0.3721885 0.3867018 0.3665626 0.3269567 0.4390176 0.4224594 0.4340950 0.3928634 0.4689336 
Naumovozyma_dairenensis             0.3872496 0.5888237 0.2076050 0.0000000 0.5452584 0.3828553 0.4622732 0.5171620 0.4073306 0.4437352 0.4417442 0.5513755 0.3497481 0.3829061 0.3826195 0.3882043 0.4735302 0.4539889 0.4717161 0.3969347 0.5659050 
Tetrapisispora_blattae              0.5115399 0.6301056 0.4689296 0.5452584 0.0000000 0.4570682 0.5743462 0.5518718 0.5460466 0.5187123 0.5582656 0.6018475 0.5127609 0.4968294 0.5194334 0.4543387 0.5593196 0.5226821 0.5498188 0.5132314 0.4003739 
yHAB132_Kazachstania_martiniae      0.3811914 0.4364189 0.3390339 0.3828553 0.4570682 0.0000000 0.3788336 0.4105758 0.2942939 0.3530000 0.3210432 0.4047650 0.3337701 0.3494642 0.3690434 0.3165735 0.3794358 0.3983468 0.3752853 0.3596697 0.4402857 
yHAB133_Kazachstania_unispora       0.3894416 0.4124405 0.4190521 0.4622732 0.5743462 0.3788336 0.0000000 0.5821294 0.2744402 0.0641298 0.1751311 0.5682494 0.4490642 0.2719679 0.4183580 0.3979412 0.0390160 0.5715802 0.0392490 0.2794136 0.5261628 
yHAB134_Kazachstania_turicensis     0.4641453 0.6107445 0.4510755 0.5171620 0.5518718 0.4105758 0.5821294 0.0000000 0.4840935 0.5517144 0.5524651 0.5409384 0.3244371 0.4679243 0.3452301 0.4088327 0.5664286 0.1958312 0.5625828 0.4733758 0.5591344 
yHAB136_Kazachstania_bromeliacearum 0.3961280 0.4122231 0.3821397 0.4073306 0.5460466 0.2942939 0.2744402 0.4840935 0.0000000 0.2513100 0.2645540 0.4645816 0.3664497 0.2818790 0.3528239 0.3665673 0.2892900 0.4848508 0.2862164 0.2838228 0.5418132 
yHAB143_Kazachstania_siamensis      0.3713986 0.3952796 0.4370212 0.4437352 0.5187123 0.3530000 0.0641298 0.5517144 0.2513100 0.0000000 0.1581328 0.5130730 0.4343234 0.2194405 0.4278961 0.3907140 0.0571363 0.5253783 0.0684082 0.2237404 0.5034220 
yHAB147_Kazachstania_taianensis     0.3804192 0.4088776 0.4084277 0.4417442 0.5582656 0.3210432 0.1751311 0.5524651 0.2645540 0.1581328 0.0000000 0.4841520 0.4246558 0.2419697 0.4400398 0.4091421 0.1892519 0.5111031 0.1832593 0.2508570 0.5559681 
yHAB148_Kazachstania_intestinalis   0.5617486 0.6240331 0.5066682 0.5513755 0.6018475 0.4047650 0.5682494 0.5409384 0.4645816 0.5130730 0.4841520 0.0000000 0.4710212 0.4933215 0.5557120 0.4732172 0.5581709 0.5866480 0.5517043 0.4966838 0.6154024 
yHAB153_Kazachstania_rosinii        0.3372637 0.4826896 0.3721885 0.3497481 0.5127609 0.3337701 0.4490642 0.3244371 0.3664497 0.4343234 0.4246558 0.4710212 0.0000000 0.3765619 0.2771433 0.3362800 0.4629717 0.2934634 0.4639502 0.3814120 0.5077868 
yHAB154_Kazachstania_transvaalensis 0.3844137 0.4134703 0.3867018 0.3829061 0.4968294 0.3494642 0.2719679 0.4679243 0.2818790 0.2194405 0.2419697 0.4933215 0.3765619 0.0000000 0.3782132 0.3868743 0.2455947 0.4306045 0.2391720 0.0391054 0.4719439 
yHAB155_Kazachstania_spencerorum    0.3825735 0.5130420 0.3665626 0.3826195 0.5194334 0.3690434 0.4183580 0.3452301 0.3528239 0.4278961 0.4400398 0.5557120 0.2771433 0.3782132 0.0000000 0.3438433 0.4347180 0.2748675 0.4225343 0.3771335 0.5112613 
yHAB158_Kazachstania_viticola       0.3330105 0.5029348 0.3269567 0.3882043 0.4543387 0.3165735 0.3979412 0.4088327 0.3665673 0.3907140 0.4091421 0.4732172 0.3362800 0.3868743 0.3438433 0.0000000 0.3927346 0.4398435 0.3941409 0.3913899 0.5220063 
yHAB159_Kazachstania_solicola       0.4015611 0.4206766 0.4390176 0.4735302 0.5593196 0.3794358 0.0390160 0.5664286 0.2892900 0.0571363 0.1892519 0.5581709 0.4629717 0.2455947 0.4347180 0.3927346 0.0000000 0.5433347 0.0101619 0.2583076 0.5600959 
yHAB160_Kazachstania_kunashirensis  0.4434600 0.6642412 0.4224594 0.4539889 0.5226821 0.3983468 0.5715802 0.1958312 0.4848508 0.5253783 0.5111031 0.5866480 0.2934634 0.4306045 0.2748675 0.4398435 0.5433347 0.0000000 0.5370321 0.4287364 0.5682987 
yHAB164_Kazachstania_aerobia        0.3838161 0.4235789 0.4340950 0.4717161 0.5498188 0.3752853 0.0392490 0.5625828 0.2862164 0.0684082 0.1832593 0.5517043 0.4639502 0.2391720 0.4225343 0.3941409 0.0101619 0.5370321 0.0000000 0.2515711 0.5504133 
yHAB166_Kazachstania_yakushimaensis 0.3844756 0.4241507 0.3928634 0.3969347 0.5132314 0.3596697 0.2794136 0.4733758 0.2838228 0.2237404 0.2508570 0.4966838 0.3814120 0.0391054 0.3771335 0.3913899 0.2583076 0.4287364 0.2515711 0.0000000 0.5091139 
yHMPu5000035629_Yueomyces_sinensis  0.5304025 0.5990459 0.4689336 0.5659050 0.4003739 0.4402857 0.5261628 0.5591344 0.5418132 0.5034220 0.5559681 0.6154024 0.5077868 0.4719439 0.5112613 0.5220063 0.5600959 0.5682987 0.5504133 0.5091139 0.0000000 
