21
Kazachstania_africana               0.0000000 0.5836605 0.2796875 0.2946393 0.3344648 0.2582147 0.3123594 0.3358377 0.2877054 0.3141741 0.3641200 0.2858435 0.3084452 0.3126970 0.2941254 0.2796301 0.2886386 0.3165722 0.2886229 0.3250336 0.3513247 
Kazachstania_naganishii             0.5836605 0.0000000 0.4092619 0.4883759 0.4490910 0.3552196 0.4089216 0.5045816 0.3154172 0.3933577 0.4179048 0.3297187 0.4403074 0.4065515 0.4419067 0.3151521 0.4019992 0.5278742 0.3975828 0.4138571 0.4802045 
Naumovozyma_castellii               0.2796875 0.4092619 0.0000000 0.0799883 0.1912034 0.1294345 0.1496536 0.2360066 0.1818004 0.1584508 0.2021814 0.1832051 0.1781241 0.1519871 0.1593691 0.1412725 0.1454854 0.2113407 0.1346494 0.1370547 0.2324543 
Naumovozyma_dairenensis             0.2946393 0.4883759 0.0799883 0.0000000 0.1792977 0.1540086 0.1841134 0.2797586 0.2163723 0.2113440 0.2124025 0.1722582 0.2026643 0.1788159 0.1658908 0.1540246 0.1905602 0.2529450 0.1816940 0.1729496 0.2713042 
Tetrapisispora_blattae              0.3344648 0.4490910 0.1912034 0.1792977 0.0000000 0.2175519 0.1994496 0.2604966 0.2190822 0.2316181 0.2282901 0.2185658 0.2067963 0.2375717 0.2105360 0.1924338 0.2081768 0.2137301 0.2150451 0.2215612 0.2261660 
yHAB132_Kazachstania_martiniae      0.2582147 0.3552196 0.1294345 0.1540086 0.2175519 0.0000000 0.1583473 0.2111287 0.1227113 0.1504412 0.2072948 0.1026691 0.1435431 0.1735850 0.1395610 0.0915100 0.1331235 0.1765782 0.1289257 0.1595580 0.2269011 
yHAB133_Kazachstania_unispora       0.3123594 0.4089216 0.1496536 0.1841134 0.1994496 0.1583473 0.0000000 0.2380582 0.1604168 0.1023909 0.1515203 0.1961070 0.1616416 0.1390886 0.1822063 0.1388708 0.0345871 0.2309668 0.0404326 0.1349820 0.2025935 
yHAB134_Kazachstania_turicensis     0.3358377 0.5045816 0.2360066 0.2797586 0.2604966 0.2111287 0.2380582 0.0000000 0.2247813 0.2104419 0.2834775 0.2419511 0.2181893 0.2599440 0.1998987 0.2306464 0.2220394 0.1352146 0.2180730 0.2588890 0.3059648 
yHAB136_Kazachstania_bromeliacearum 0.2877054 0.3154172 0.1818004 0.2163723 0.2190822 0.1227113 0.1604168 0.2247813 0.0000000 0.1480594 0.2043875 0.1352046 0.2088843 0.1790519 0.1818002 0.0952723 0.1509746 0.2080527 0.1542081 0.1779642 0.2620050 
yHAB143_Kazachstania_siamensis      0.3141741 0.3933577 0.1584508 0.2113440 0.2316181 0.1504412 0.1023909 0.2104419 0.1480594 0.0000000 0.1898547 0.1856653 0.1807021 0.1590669 0.1591044 0.1340937 0.1040913 0.2074364 0.1041275 0.1502586 0.2132445 
yHAB147_Kazachstania_taianensis     0.3641200 0.4179048 0.2021814 0.2124025 0.2282901 0.2072948 0.1515203 0.2834775 0.2043875 0.1898547 0.0000000 0.2087834 0.2361782 0.1944009 0.2059866 0.1681525 0.1512348 0.2462327 0.1550018 0.2086192 0.2528879 
yHAB148_Kazachstania_intestinalis   0.2858435 0.3297187 0.1832051 0.1722582 0.2185658 0.1026691 0.1961070 0.2419511 0.1352046 0.1856653 0.2087834 0.0000000 0.1938312 0.2026422 0.1757052 0.1145623 0.1773035 0.2540720 0.1808965 0.1813366 0.2667048 
yHAB153_Kazachstania_rosinii        0.3084452 0.4403074 0.1781241 0.2026643 0.2067963 0.1435431 0.1616416 0.2181893 0.2088843 0.1807021 0.2361782 0.1938312 0.0000000 0.1972737 0.1391273 0.1597774 0.1603565 0.2220540 0.1639437 0.1919052 0.2150543 
yHAB154_Kazachstania_transvaalensis 0.3126970 0.4065515 0.1519871 0.1788159 0.2375717 0.1735850 0.1390886 0.2599440 0.1790519 0.1590669 0.1944009 0.2026422 0.1972737 0.0000000 0.2079178 0.1680618 0.1421795 0.2460361 0.1390874 0.0641485 0.2346629 
yHAB155_Kazachstania_spencerorum    0.2941254 0.4419067 0.1593691 0.1658908 0.2105360 0.1395610 0.1822063 0.1998987 0.1818002 0.1591044 0.2059866 0.1757052 0.1391273 0.2079178 0.0000000 0.1545725 0.1767790 0.1865598 0.1735001 0.1789789 0.2172771 
yHAB158_Kazachstania_viticola       0.2796301 0.3151521 0.1412725 0.1540246 0.1924338 0.0915100 0.1388708 0.2306464 0.0952723 0.1340937 0.1681525 0.1145623 0.1597774 0.1680618 0.1545725 0.0000000 0.1290514 0.2087006 0.1249075 0.1697656 0.2235987 
yHAB159_Kazachstania_solicola       0.2886386 0.4019992 0.1454854 0.1905602 0.2081768 0.1331235 0.0345871 0.2220394 0.1509746 0.1040913 0.1512348 0.1773035 0.1603565 0.1421795 0.1767790 0.1290514 0.0000000 0.2201290 0.0141828 0.1287171 0.2192043 
yHAB160_Kazachstania_kunashirensis  0.3165722 0.5278742 0.2113407 0.2529450 0.2137301 0.1765782 0.2309668 0.1352146 0.2080527 0.2074364 0.2462327 0.2540720 0.2220540 0.2460361 0.1865598 0.2087006 0.2201290 0.0000000 0.2200175 0.2484100 0.2892079 
yHAB164_Kazachstania_aerobia        0.2886229 0.3975828 0.1346494 0.1816940 0.2150451 0.1289257 0.0404326 0.2180730 0.1542081 0.1041275 0.1550018 0.1808965 0.1639437 0.1390874 0.1735001 0.1249075 0.0141828 0.2200175 0.0000000 0.1360197 0.2230961 
yHAB166_Kazachstania_yakushimaensis 0.3250336 0.4138571 0.1370547 0.1729496 0.2215612 0.1595580 0.1349820 0.2588890 0.1779642 0.1502586 0.2086192 0.1813366 0.1919052 0.0641485 0.1789789 0.1697656 0.1287171 0.2484100 0.1360197 0.0000000 0.2175209 
yHMPu5000035629_Yueomyces_sinensis  0.3513247 0.4802045 0.2324543 0.2713042 0.2261660 0.2269011 0.2025935 0.3059648 0.2620050 0.2132445 0.2528879 0.2667048 0.2150543 0.2346629 0.2172771 0.2235987 0.2192043 0.2892079 0.2230961 0.2175209 0.0000000 
