21
Kazachstania_africana               0.0000000 0.1789832 0.1914899 0.2221208 0.2164504 0.1762206 0.1878166 0.1706997 0.1738370 0.1753271 0.1738281 0.2249273 0.1653202 0.1758823 0.1580554 0.1317110 0.1931837 0.2498125 0.1969199 0.1841967 0.2366358 
Kazachstania_naganishii             0.1789832 0.0000000 0.1654054 0.1806843 0.2034225 0.1458281 0.1178831 0.1885913 0.0955255 0.1170671 0.1160313 0.1618017 0.2002595 0.1232155 0.2110002 0.1775961 0.1048982 0.2206596 0.1196837 0.1072024 0.2073588 
Naumovozyma_castellii               0.1914899 0.1654054 0.0000000 0.1155483 0.2009364 0.2003676 0.1659771 0.2207654 0.1322228 0.1819743 0.1588024 0.1554467 0.2041522 0.1596674 0.1997505 0.1898067 0.1535093 0.2566898 0.1531613 0.1607845 0.2558374 
Naumovozyma_dairenensis             0.2221208 0.1806843 0.1155483 0.0000000 0.2097023 0.1710224 0.1848190 0.2037759 0.1731075 0.1724477 0.1702652 0.1602117 0.2246253 0.1680052 0.1995839 0.2023489 0.1726877 0.2778070 0.1711163 0.1707342 0.2336351 
Tetrapisispora_blattae              0.2164504 0.2034225 0.2009364 0.2097023 0.0000000 0.2240455 0.2083612 0.2264965 0.2020852 0.2062853 0.1922948 0.1894610 0.2338972 0.2056446 0.2167919 0.2337610 0.1991730 0.2801396 0.1985485 0.1941176 0.2096537 
yHAB132_Kazachstania_martiniae      0.1762206 0.1458281 0.2003676 0.1710224 0.2240455 0.0000000 0.1466948 0.1841850 0.1272326 0.1499458 0.1286898 0.1857714 0.2061013 0.1525386 0.1688329 0.1828921 0.1469645 0.2265240 0.1447475 0.1433948 0.2276834 
yHAB133_Kazachstania_unispora       0.1878166 0.1178831 0.1659771 0.1848190 0.2083612 0.1466948 0.0000000 0.1714160 0.0915671 0.0599295 0.1227284 0.1451477 0.1966881 0.1166460 0.2094577 0.1933425 0.0484241 0.2388645 0.0552504 0.0988772 0.1941370 
yHAB134_Kazachstania_turicensis     0.1706997 0.1885913 0.2207654 0.2037759 0.2264965 0.1841850 0.1714160 0.0000000 0.1775287 0.1722267 0.1776436 0.1982986 0.1840224 0.1698870 0.1594186 0.1767145 0.1734846 0.2369682 0.1738813 0.1661127 0.2139358 
yHAB136_Kazachstania_bromeliacearum 0.1738370 0.0955255 0.1322228 0.1731075 0.2020852 0.1272326 0.0915671 0.1775287 0.0000000 0.0873291 0.0876658 0.1460799 0.1796000 0.1252248 0.1808387 0.1587703 0.0727791 0.2257557 0.0843712 0.1099794 0.1974423 
yHAB143_Kazachstania_siamensis      0.1753271 0.1170671 0.1819743 0.1724477 0.2062853 0.1499458 0.0599295 0.1722267 0.0873291 0.0000000 0.1274541 0.1558619 0.1867009 0.1281767 0.2021563 0.1796658 0.0506739 0.2476103 0.0585397 0.1131735 0.1900658 
yHAB147_Kazachstania_taianensis     0.1738281 0.1160313 0.1588024 0.1702652 0.1922948 0.1286898 0.1227284 0.1776436 0.0876658 0.1274541 0.0000000 0.1637353 0.1957073 0.1273530 0.2087476 0.1788349 0.1201527 0.2447954 0.1254115 0.1313327 0.1993525 
yHAB148_Kazachstania_intestinalis   0.2249273 0.1618017 0.1554467 0.1602117 0.1894610 0.1857714 0.1451477 0.1982986 0.1460799 0.1558619 0.1637353 0.0000000 0.1897114 0.1615648 0.2181906 0.1946077 0.1394814 0.2496695 0.1335545 0.1460306 0.2158290 
yHAB153_Kazachstania_rosinii        0.1653202 0.2002595 0.2041522 0.2246253 0.2338972 0.2061013 0.1966881 0.1840224 0.1796000 0.1867009 0.1957073 0.1897114 0.0000000 0.2039769 0.1397443 0.1773460 0.1785116 0.2513740 0.1749337 0.2130268 0.2418983 
yHAB154_Kazachstania_transvaalensis 0.1758823 0.1232155 0.1596674 0.1680052 0.2056446 0.1525386 0.1166460 0.1698870 0.1252248 0.1281767 0.1273530 0.1615648 0.2039769 0.0000000 0.1972916 0.1958085 0.1146031 0.2299870 0.1151282 0.0494336 0.1971029 
yHAB155_Kazachstania_spencerorum    0.1580554 0.2110002 0.1997505 0.1995839 0.2167919 0.1688329 0.2094577 0.1594186 0.1808387 0.2021563 0.2087476 0.2181906 0.1397443 0.1972916 0.0000000 0.1848256 0.2078026 0.2434233 0.2092302 0.1687347 0.2307465 
yHAB158_Kazachstania_viticola       0.1317110 0.1775961 0.1898067 0.2023489 0.2337610 0.1828921 0.1933425 0.1767145 0.1587703 0.1796658 0.1788349 0.1946077 0.1773460 0.1958085 0.1848256 0.0000000 0.1795065 0.2550181 0.1746238 0.2034198 0.2334977 
yHAB159_Kazachstania_solicola       0.1931837 0.1048982 0.1535093 0.1726877 0.1991730 0.1469645 0.0484241 0.1734846 0.0727791 0.0506739 0.1201527 0.1394814 0.1785116 0.1146031 0.2078026 0.1795065 0.0000000 0.2340132 0.0149099 0.1010117 0.1895950 
yHAB160_Kazachstania_kunashirensis  0.2498125 0.2206596 0.2566898 0.2778070 0.2801396 0.2265240 0.2388645 0.2369682 0.2257557 0.2476103 0.2447954 0.2496695 0.2513740 0.2299870 0.2434233 0.2550181 0.2340132 0.0000000 0.2432756 0.2430700 0.3124858 
yHAB164_Kazachstania_aerobia        0.1969199 0.1196837 0.1531613 0.1711163 0.1985485 0.1447475 0.0552504 0.1738813 0.0843712 0.0585397 0.1254115 0.1335545 0.1749337 0.1151282 0.2092302 0.1746238 0.0149099 0.2432756 0.0000000 0.0989429 0.1940630 
yHAB166_Kazachstania_yakushimaensis 0.1841967 0.1072024 0.1607845 0.1707342 0.1941176 0.1433948 0.0988772 0.1661127 0.1099794 0.1131735 0.1313327 0.1460306 0.2130268 0.0494336 0.1687347 0.2034198 0.1010117 0.2430700 0.0989429 0.0000000 0.1881460 
yHMPu5000035629_Yueomyces_sinensis  0.2366358 0.2073588 0.2558374 0.2336351 0.2096537 0.2276834 0.1941370 0.2139358 0.1974423 0.1900658 0.1993525 0.2158290 0.2418983 0.1971029 0.2307465 0.2334977 0.1895950 0.3124858 0.1940630 0.1881460 0.0000000 
