21
Kazachstania_africana               0.0000000 0.2306553 0.2035919 0.1886757 0.2990301 0.1920245 0.1794100 0.1883676 0.1781708 0.1761235 0.2294013 0.2595777 0.1592769 0.2547778 0.1943157 0.1682225 0.2075410 0.1384222 0.1887485 0.2251387 0.3006448 
Kazachstania_naganishii             0.2306553 0.0000000 0.2304927 0.2382084 0.3171739 0.2248869 0.1802203 0.2335652 0.1981327 0.2047013 0.2218277 0.2631494 0.2597233 0.2725728 0.2591438 0.2793990 0.2058041 0.2259634 0.1813901 0.2507027 0.3119003 
Naumovozyma_castellii               0.2035919 0.2304927 0.0000000 0.1789562 0.2826653 0.1685917 0.1572062 0.1859861 0.2260510 0.1966307 0.2310794 0.2645606 0.2184898 0.2640172 0.2314502 0.1918879 0.2006312 0.1873448 0.1900700 0.2635477 0.3146517 
Naumovozyma_dairenensis             0.1886757 0.2382084 0.1789562 0.0000000 0.2803085 0.2055457 0.2218469 0.2082732 0.2235239 0.2032531 0.2304089 0.2548003 0.2098905 0.2804014 0.2536315 0.2323845 0.2569837 0.1953405 0.2241523 0.2674216 0.3183696 
Tetrapisispora_blattae              0.2990301 0.3171739 0.2826653 0.2803085 0.0000000 0.3010877 0.2693353 0.3088032 0.3065276 0.2794110 0.3029383 0.2940618 0.3240916 0.3035273 0.3445220 0.3133682 0.3263356 0.2817781 0.2867681 0.3100271 0.1896392 
yHAB132_Kazachstania_martiniae      0.1920245 0.2248869 0.1685917 0.2055457 0.3010877 0.0000000 0.1460278 0.2005700 0.2086682 0.1710807 0.1783458 0.2228281 0.1676127 0.2557497 0.1958887 0.1751908 0.1879277 0.1592614 0.1769785 0.2489952 0.3142020 
yHAB133_Kazachstania_unispora       0.1794100 0.1802203 0.1572062 0.2218469 0.2693353 0.1460278 0.0000000 0.1659838 0.1558612 0.0879451 0.1630507 0.2661839 0.1586189 0.2701298 0.2164703 0.2153229 0.0492677 0.1525125 0.0471760 0.2532331 0.2823016 
yHAB134_Kazachstania_turicensis     0.1883676 0.2335652 0.1859861 0.2082732 0.3088032 0.2005700 0.1659838 0.0000000 0.2135481 0.1712147 0.2673612 0.2928080 0.1834972 0.2576778 0.2384128 0.1990703 0.1968257 0.1641353 0.1806042 0.2216148 0.3084230 
yHAB136_Kazachstania_bromeliacearum 0.1781708 0.1981327 0.2260510 0.2235239 0.3065276 0.2086682 0.1558612 0.2135481 0.0000000 0.1381638 0.1732648 0.2603999 0.2031738 0.2339121 0.2357832 0.1946784 0.1845675 0.1731687 0.1719413 0.2113503 0.3387118 
yHAB143_Kazachstania_siamensis      0.1761235 0.2047013 0.1966307 0.2032531 0.2794110 0.1710807 0.0879451 0.1712147 0.1381638 0.0000000 0.1640315 0.2907408 0.1654816 0.2799084 0.2118343 0.1639859 0.1231948 0.1838508 0.1040051 0.2428029 0.2857981 
yHAB147_Kazachstania_taianensis     0.2294013 0.2218277 0.2310794 0.2304089 0.3029383 0.1783458 0.1630507 0.2673612 0.1732648 0.1640315 0.0000000 0.2499124 0.1986683 0.2661005 0.2185253 0.2126665 0.2102130 0.2053227 0.1823549 0.2635206 0.3270609 
yHAB148_Kazachstania_intestinalis   0.2595777 0.2631494 0.2645606 0.2548003 0.2940618 0.2228281 0.2661839 0.2928080 0.2603999 0.2907408 0.2499124 0.0000000 0.2598008 0.2929430 0.3036136 0.2705206 0.3281809 0.2429939 0.2709937 0.3025378 0.2916726 
yHAB153_Kazachstania_rosinii        0.1592769 0.2597233 0.2184898 0.2098905 0.3240916 0.1676127 0.1586189 0.1834972 0.2031738 0.1654816 0.1986683 0.2598008 0.0000000 0.2981877 0.1831307 0.1916235 0.2159658 0.1399541 0.1870950 0.2708156 0.3284686 
yHAB154_Kazachstania_transvaalensis 0.2547778 0.2725728 0.2640172 0.2804014 0.3035273 0.2557497 0.2701298 0.2576778 0.2339121 0.2799084 0.2661005 0.2929430 0.2981877 0.0000000 0.3116405 0.2755878 0.3204700 0.2236423 0.2720681 0.1031563 0.3139059 
yHAB155_Kazachstania_spencerorum    0.1943157 0.2591438 0.2314502 0.2536315 0.3445220 0.1958887 0.2164703 0.2384128 0.2357832 0.2118343 0.2185253 0.3036136 0.1831307 0.3116405 0.0000000 0.2193458 0.2449765 0.1900840 0.2232216 0.2880699 0.3750965 
yHAB158_Kazachstania_viticola       0.1682225 0.2793990 0.1918879 0.2323845 0.3133682 0.1751908 0.2153229 0.1990703 0.1946784 0.1639859 0.2126665 0.2705206 0.1916235 0.2755878 0.2193458 0.0000000 0.2589286 0.1789145 0.2177682 0.2276958 0.3154907 
yHAB159_Kazachstania_solicola       0.2075410 0.2058041 0.2006312 0.2569837 0.3263356 0.1879277 0.0492677 0.1968257 0.1845675 0.1231948 0.2102130 0.3281809 0.2159658 0.3204700 0.2449765 0.2589286 0.0000000 0.1929247 0.0309977 0.3017383 0.3430558 
yHAB160_Kazachstania_kunashirensis  0.1384222 0.2259634 0.1873448 0.1953405 0.2817781 0.1592614 0.1525125 0.1641353 0.1731687 0.1838508 0.2053227 0.2429939 0.1399541 0.2236423 0.1900840 0.1789145 0.1929247 0.0000000 0.1715285 0.2138710 0.3112621 
yHAB164_Kazachstania_aerobia        0.1887485 0.1813901 0.1900700 0.2241523 0.2867681 0.1769785 0.0471760 0.1806042 0.1719413 0.1040051 0.1823549 0.2709937 0.1870950 0.2720681 0.2232216 0.2177682 0.0309977 0.1715285 0.0000000 0.2573641 0.2923882 
yHAB166_Kazachstania_yakushimaensis 0.2251387 0.2507027 0.2635477 0.2674216 0.3100271 0.2489952 0.2532331 0.2216148 0.2113503 0.2428029 0.2635206 0.3025378 0.2708156 0.1031563 0.2880699 0.2276958 0.3017383 0.2138710 0.2573641 0.0000000 0.3075748 
yHMPu5000035629_Yueomyces_sinensis  0.3006448 0.3119003 0.3146517 0.3183696 0.1896392 0.3142020 0.2823016 0.3084230 0.3387118 0.2857981 0.3270609 0.2916726 0.3284686 0.3139059 0.3750965 0.3154907 0.3430558 0.3112621 0.2923882 0.3075748 0.0000000 
