21
Kazachstania_africana               0.0000000 0.7931563 0.6745069 0.6724512 0.7732550 0.7131963 0.7140658 0.9557154 0.7332904 0.7069102 0.7128712 0.9140433 0.7265241 0.7888908 0.6444196 0.8881117 0.6238096 0.7285228 0.6599490 0.6351640 0.7513395 
Kazachstania_naganishii             0.7931563 0.0000000 0.6175169 0.6375116 0.7937755 0.8181365 0.6430098 0.9702478 0.5000599 0.7471151 0.6090761 1.0790189 0.7919380 0.6851340 0.6945413 0.9257961 0.6037496 0.8061966 0.6092364 0.6722465 0.8649953 
Naumovozyma_castellii               0.6745069 0.6175169 0.0000000 0.3602207 0.5283452 0.5516457 0.5768914 1.0670172 0.4901269 0.4840880 0.5598690 1.1220890 0.5824241 0.5931912 0.5730979 0.7164246 0.5149825 0.5557631 0.5348033 0.5628284 0.8831118 
Naumovozyma_dairenensis             0.6724512 0.6375116 0.3602207 0.0000000 0.5484848 0.5567678 0.5823948 0.9702745 0.4616773 0.5034643 0.5365267 0.9892331 0.5062175 0.6605681 0.4866874 0.6735624 0.4938704 0.5314072 0.5157152 0.5590847 0.8636808 
Tetrapisispora_blattae              0.7732550 0.7937755 0.5283452 0.5484848 0.0000000 0.6182311 0.7221818 1.0255950 0.6616101 0.6277805 0.7361759 0.9552591 0.6041261 0.6454208 0.5996982 0.6251388 0.6368674 0.6859857 0.6444084 0.6695300 0.8138359 
yHAB132_Kazachstania_martiniae      0.7131963 0.8181365 0.5516457 0.5567678 0.6182311 0.0000000 0.6764385 1.0083777 0.6097107 0.6333493 0.6868077 1.0359355 0.6345712 0.6747341 0.6127392 0.7521071 0.5973698 0.6059552 0.5922022 0.6117459 0.7612370 
yHAB133_Kazachstania_unispora       0.7140658 0.6430098 0.5768914 0.5823948 0.7221818 0.6764385 0.0000000 1.0068996 0.4082990 0.2601989 0.4050362 0.9511837 0.6228624 0.6066431 0.6394659 0.7842607 0.1262947 0.4986125 0.1522591 0.5339269 0.7709576 
yHAB134_Kazachstania_turicensis     0.9557154 0.9702478 1.0670172 0.9702745 1.0255950 1.0083777 1.0068996 0.0000000 0.9802558 0.9413305 0.9886270 1.3081244 1.0730857 1.1787780 1.0030893 1.1305140 0.8685209 0.9631850 0.9044028 0.9290304 1.2168912 
yHAB136_Kazachstania_bromeliacearum 0.7332904 0.5000599 0.4901269 0.4616773 0.6616101 0.6097107 0.4082990 0.9802558 0.0000000 0.4640915 0.3963030 1.0588503 0.6046850 0.5873879 0.5460765 0.7659418 0.3897606 0.4813139 0.4113078 0.4732958 0.8616542 
yHAB143_Kazachstania_siamensis      0.7069102 0.7471151 0.4840880 0.5034643 0.6277805 0.6333493 0.2601989 0.9413305 0.4640915 0.0000000 0.4503361 0.9685534 0.6804290 0.5919564 0.6146106 0.7743792 0.2342694 0.5635812 0.2194442 0.5239655 0.8551415 
yHAB147_Kazachstania_taianensis     0.7128712 0.6090761 0.5598690 0.5365267 0.7361759 0.6868077 0.4050362 0.9886270 0.3963030 0.4503361 0.0000000 1.0237180 0.6246692 0.5574011 0.5769304 0.7414111 0.3602829 0.5273683 0.3665719 0.4194620 0.7665433 
yHAB148_Kazachstania_intestinalis   0.9140433 1.0790189 1.1220890 0.9892331 0.9552591 1.0359355 0.9511837 1.3081244 1.0588503 0.9685534 1.0237180 0.0000000 0.9709558 1.0781128 0.8795104 1.0550288 0.8727536 1.0357949 0.9047803 0.9330935 1.1740545 
yHAB153_Kazachstania_rosinii        0.7265241 0.7919380 0.5824241 0.5062175 0.6041261 0.6345712 0.6228624 1.0730857 0.6046850 0.6804290 0.6246692 0.9709558 0.0000000 0.6668732 0.5340320 0.7846028 0.5333892 0.6387443 0.5494019 0.5979769 0.8577038 
yHAB154_Kazachstania_transvaalensis 0.7888908 0.6851340 0.5931912 0.6605681 0.6454208 0.6747341 0.6066431 1.1787780 0.5873879 0.5919564 0.5574011 1.0781128 0.6668732 0.0000000 0.7004983 0.8718688 0.5387948 0.6594011 0.5402430 0.3363751 0.8036559 
yHAB155_Kazachstania_spencerorum    0.6444196 0.6945413 0.5730979 0.4866874 0.5996982 0.6127392 0.6394659 1.0030893 0.5460765 0.6146106 0.5769304 0.8795104 0.5340320 0.7004983 0.0000000 0.7220449 0.5543192 0.5815633 0.5537037 0.6121269 0.8223574 
yHAB158_Kazachstania_viticola       0.8881117 0.9257961 0.7164246 0.6735624 0.6251388 0.7521071 0.7842607 1.1305140 0.7659418 0.7743792 0.7414111 1.0550288 0.7846028 0.8718688 0.7220449 0.0000000 0.7135454 0.7239717 0.7218608 0.7023111 0.9286712 
yHAB159_Kazachstania_solicola       0.6238096 0.6037496 0.5149825 0.4938704 0.6368674 0.5973698 0.1262947 0.8685209 0.3897606 0.2342694 0.3602829 0.8727536 0.5333892 0.5387948 0.5543192 0.7135454 0.0000000 0.4753736 0.0206627 0.4860172 0.8115696 
yHAB160_Kazachstania_kunashirensis  0.7285228 0.8061966 0.5557631 0.5314072 0.6859857 0.6059552 0.4986125 0.9631850 0.4813139 0.5635812 0.5273683 1.0357949 0.6387443 0.6594011 0.5815633 0.7239717 0.4753736 0.0000000 0.4933987 0.5811428 0.8366908 
yHAB164_Kazachstania_aerobia        0.6599490 0.6092364 0.5348033 0.5157152 0.6444084 0.5922022 0.1522591 0.9044028 0.4113078 0.2194442 0.3665719 0.9047803 0.5494019 0.5402430 0.5537037 0.7218608 0.0206627 0.4933987 0.0000000 0.4870800 0.8330411 
yHAB166_Kazachstania_yakushimaensis 0.6351640 0.6722465 0.5628284 0.5590847 0.6695300 0.6117459 0.5339269 0.9290304 0.4732958 0.5239655 0.4194620 0.9330935 0.5979769 0.3363751 0.6121269 0.7023111 0.4860172 0.5811428 0.4870800 0.0000000 0.7675496 
yHMPu5000035629_Yueomyces_sinensis  0.7513395 0.8649953 0.8831118 0.8636808 0.8138359 0.7612370 0.7709576 1.2168912 0.8616542 0.8551415 0.7665433 1.1740545 0.8577038 0.8036559 0.8223574 0.9286712 0.8115696 0.8366908 0.8330411 0.7675496 0.0000000 
