21
Kazachstania_africana               0.0000000 0.4356942 0.1098936 0.1225078 0.1696059 0.0908615 0.2534251 0.2460136 0.2538284 0.2598230 0.2090712 0.1725495 0.1267001 0.2548865 0.1573218 0.1537632 0.2283926 0.1418106 0.2350276 0.2525776 0.1244054 
Kazachstania_naganishii             0.4356942 0.0000000 0.3882145 0.3785320 0.3935090 0.4131487 0.4306862 0.4222148 0.3960616 0.4263937 0.3641389 0.3847730 0.4050950 0.4171757 0.4365377 0.4143623 0.4153580 0.5257291 0.4165086 0.4358903 0.4442059 
Naumovozyma_castellii               0.1098936 0.3882145 0.0000000 0.0981073 0.1558021 0.1209585 0.2721892 0.2483084 0.2318266 0.2561094 0.1945678 0.1289821 0.1209413 0.2482844 0.1395952 0.1670720 0.2495826 0.1737850 0.2563299 0.2502983 0.1563393 
Naumovozyma_dairenensis             0.1225078 0.3785320 0.0981073 0.0000000 0.1906504 0.1469221 0.2636265 0.2154190 0.2922766 0.2704001 0.1994083 0.1553544 0.0992543 0.2690320 0.1434825 0.1713846 0.2309757 0.1635628 0.2375441 0.2714438 0.1514494 
Tetrapisispora_blattae              0.1696059 0.3935090 0.1558021 0.1906504 0.0000000 0.1511397 0.2893596 0.1804761 0.2654316 0.3050424 0.2178072 0.1731772 0.1933383 0.3147024 0.1766227 0.2049858 0.2617918 0.1961200 0.2688635 0.3373620 0.1410368 
yHAB132_Kazachstania_martiniae      0.0908615 0.4131487 0.1209585 0.1469221 0.1511397 0.0000000 0.2744809 0.2276289 0.2458005 0.2524210 0.1990205 0.1492498 0.1264977 0.2537843 0.1427562 0.1264089 0.2487644 0.1304876 0.2556029 0.2728689 0.1220253 
yHAB133_Kazachstania_unispora       0.2534251 0.4306862 0.2721892 0.2636265 0.2893596 0.2744809 0.0000000 0.3449433 0.3272936 0.0938235 0.1864972 0.2864372 0.2770874 0.3201527 0.3355081 0.3261713 0.0459104 0.3165150 0.0546966 0.3184408 0.2519434 
yHAB134_Kazachstania_turicensis     0.2460136 0.4222148 0.2483084 0.2154190 0.1804761 0.2276289 0.3449433 0.0000000 0.3202629 0.3342660 0.3004192 0.2250516 0.2364317 0.3750111 0.2418469 0.2597782 0.3360468 0.2515062 0.3278826 0.3950644 0.2119177 
yHAB136_Kazachstania_bromeliacearum 0.2538284 0.3960616 0.2318266 0.2922766 0.2654316 0.2458005 0.3272936 0.3202629 0.0000000 0.3202717 0.3030450 0.2729615 0.2802905 0.3262101 0.2953890 0.2718924 0.3319701 0.3446697 0.3437972 0.3330096 0.3339601 
yHAB143_Kazachstania_siamensis      0.2598230 0.4263937 0.2561094 0.2704001 0.3050424 0.2524210 0.0938235 0.3342660 0.3202717 0.0000000 0.2068849 0.2796781 0.2877459 0.3200889 0.3078802 0.3285624 0.0930568 0.3327680 0.1031454 0.3308773 0.2639483 
yHAB147_Kazachstania_taianensis     0.2090712 0.3641389 0.1945678 0.1994083 0.2178072 0.1990205 0.1864972 0.3004192 0.3030450 0.2068849 0.0000000 0.1917456 0.2280478 0.2596344 0.2557961 0.2837850 0.1679195 0.2419827 0.1681703 0.2714320 0.2097612 
yHAB148_Kazachstania_intestinalis   0.1725495 0.3847730 0.1289821 0.1553544 0.1731772 0.1492498 0.2864372 0.2250516 0.2729615 0.2796781 0.1917456 0.0000000 0.1490201 0.2630158 0.1847873 0.1852717 0.2640960 0.1754880 0.2702248 0.2966619 0.1708848 
yHAB153_Kazachstania_rosinii        0.1267001 0.4050950 0.1209413 0.0992543 0.1933383 0.1264977 0.2770874 0.2364317 0.2802905 0.2877459 0.2280478 0.1490201 0.0000000 0.2370473 0.1532979 0.1661401 0.2481813 0.1412427 0.2610143 0.2749982 0.1455857 
yHAB154_Kazachstania_transvaalensis 0.2548865 0.4171757 0.2482844 0.2690320 0.3147024 0.2537843 0.3201527 0.3750111 0.3262101 0.3200889 0.2596344 0.2630158 0.2370473 0.0000000 0.2741670 0.3144573 0.2962470 0.3050167 0.3096290 0.0653791 0.2587528 
yHAB155_Kazachstania_spencerorum    0.1573218 0.4365377 0.1395952 0.1434825 0.1766227 0.1427562 0.3355081 0.2418469 0.2953890 0.3078802 0.2557961 0.1847873 0.1532979 0.2741670 0.0000000 0.1926414 0.3114911 0.1848296 0.3191875 0.3004912 0.1705982 
yHAB158_Kazachstania_viticola       0.1537632 0.4143623 0.1670720 0.1713846 0.2049858 0.1264089 0.3261713 0.2597782 0.2718924 0.3285624 0.2837850 0.1852717 0.1661401 0.3144573 0.1926414 0.0000000 0.3331668 0.1364025 0.3412817 0.3452618 0.1914055 
yHAB159_Kazachstania_solicola       0.2283926 0.4153580 0.2495826 0.2309757 0.2617918 0.2487644 0.0459104 0.3360468 0.3319701 0.0930568 0.1679195 0.2640960 0.2481813 0.2962470 0.3114911 0.3331668 0.0000000 0.2895475 0.0079271 0.2991264 0.2467129 
yHAB160_Kazachstania_kunashirensis  0.1418106 0.5257291 0.1737850 0.1635628 0.1961200 0.1304876 0.3165150 0.2515062 0.3446697 0.3327680 0.2419827 0.1754880 0.1412427 0.3050167 0.1848296 0.1364025 0.2895475 0.0000000 0.2985597 0.3308503 0.1608699 
yHAB164_Kazachstania_aerobia        0.2350276 0.4165086 0.2563299 0.2375441 0.2688635 0.2556029 0.0546966 0.3278826 0.3437972 0.1031454 0.1681703 0.2702248 0.2610143 0.3096290 0.3191875 0.3412817 0.0079271 0.2985597 0.0000000 0.3098469 0.2397799 
yHAB166_Kazachstania_yakushimaensis 0.2525776 0.4358903 0.2502983 0.2714438 0.3373620 0.2728689 0.3184408 0.3950644 0.3330096 0.3308773 0.2714320 0.2966619 0.2749982 0.0653791 0.3004912 0.3452618 0.2991264 0.3308503 0.3098469 0.0000000 0.2762952 
yHMPu5000035629_Yueomyces_sinensis  0.1244054 0.4442059 0.1563393 0.1514494 0.1410368 0.1220253 0.2519434 0.2119177 0.3339601 0.2639483 0.2097612 0.1708848 0.1455857 0.2587528 0.1705982 0.1914055 0.2467129 0.1608699 0.2397799 0.2762952 0.0000000 
