21
Kazachstania_africana               0.0000000 0.1125389 0.0899759 0.0943810 0.1699010 0.1177735 0.1119225 0.1188790 0.1252259 0.1041185 0.1185860 0.1307737 0.1251255 0.1205100 0.1161228 0.1181045 0.1111337 0.1080515 0.1107684 0.1161670 0.3800929 
Kazachstania_naganishii             0.1125389 0.0000000 0.0977654 0.1029654 0.1573803 0.0927197 0.0725428 0.1156685 0.0864667 0.0721887 0.0855006 0.1287445 0.1221745 0.1242748 0.1114593 0.1149442 0.0766522 0.1325638 0.0770024 0.1075260 0.3618467 
Naumovozyma_castellii               0.0899759 0.0977654 0.0000000 0.0705414 0.1249384 0.1045941 0.1018620 0.1188942 0.1093711 0.1073117 0.1030477 0.1153151 0.1197293 0.1106272 0.1086898 0.1111150 0.0970824 0.1091544 0.0967707 0.1054441 0.3148065 
Naumovozyma_dairenensis             0.0943810 0.1029654 0.0705414 0.0000000 0.1451664 0.1070087 0.0870099 0.1272444 0.0984398 0.0834968 0.1072110 0.1261039 0.1260805 0.1102910 0.1077982 0.1165574 0.0935037 0.1124183 0.0943830 0.0848708 0.3289369 
Tetrapisispora_blattae              0.1699010 0.1573803 0.1249384 0.1451664 0.0000000 0.1655146 0.1530877 0.1893630 0.1837155 0.1583931 0.1723291 0.1899376 0.1795315 0.1572819 0.1747781 0.1675867 0.1459904 0.1775981 0.1477302 0.1621687 0.3217513 
yHAB132_Kazachstania_martiniae      0.1177735 0.0927197 0.1045941 0.1070087 0.1655146 0.0000000 0.0987288 0.1252248 0.1174029 0.1014664 0.1286733 0.1369458 0.1378582 0.1193663 0.1326054 0.1106322 0.0839904 0.1307806 0.0866564 0.1136235 0.3533828 
yHAB133_Kazachstania_unispora       0.1119225 0.0725428 0.1018620 0.0870099 0.1530877 0.0987288 0.0000000 0.1256361 0.0780993 0.0269301 0.0909421 0.1159517 0.1244949 0.0997216 0.1088005 0.1088514 0.0257792 0.1147782 0.0226548 0.0831684 0.3428945 
yHAB134_Kazachstania_turicensis     0.1188790 0.1156685 0.1188942 0.1272444 0.1893630 0.1252248 0.1256361 0.0000000 0.1317008 0.1100650 0.1349684 0.1294555 0.1086231 0.1401842 0.1052605 0.1261208 0.1299652 0.0749824 0.1304496 0.1363674 0.3746548 
yHAB136_Kazachstania_bromeliacearum 0.1252259 0.0864667 0.1093711 0.0984398 0.1837155 0.1174029 0.0780993 0.1317008 0.0000000 0.0746550 0.0960437 0.1266977 0.1278210 0.1198763 0.1226494 0.1121518 0.0850473 0.1379452 0.0830186 0.1014535 0.3681051 
yHAB143_Kazachstania_siamensis      0.1041185 0.0721887 0.1073117 0.0834968 0.1583931 0.1014664 0.0269301 0.1100650 0.0746550 0.0000000 0.0991218 0.1137302 0.1194049 0.0923379 0.1072807 0.1115223 0.0439669 0.1114634 0.0420950 0.0758395 0.3526749 
yHAB147_Kazachstania_taianensis     0.1185860 0.0855006 0.1030477 0.1072110 0.1723291 0.1286733 0.0909421 0.1349684 0.0960437 0.0991218 0.0000000 0.1344728 0.1385976 0.1184639 0.1105965 0.1127048 0.0982734 0.1371133 0.0989818 0.1138013 0.3609126 
yHAB148_Kazachstania_intestinalis   0.1307737 0.1287445 0.1153151 0.1261039 0.1899376 0.1369458 0.1159517 0.1294555 0.1266977 0.1137302 0.1344728 0.0000000 0.1503273 0.1555502 0.1421176 0.1254897 0.1259435 0.1402212 0.1232945 0.1440480 0.3754239 
yHAB153_Kazachstania_rosinii        0.1251255 0.1221745 0.1197293 0.1260805 0.1795315 0.1378582 0.1244949 0.1086231 0.1278210 0.1194049 0.1385976 0.1503273 0.0000000 0.1399414 0.0940605 0.1120845 0.1244684 0.1184559 0.1255023 0.1358015 0.3946768 
yHAB154_Kazachstania_transvaalensis 0.1205100 0.1242748 0.1106272 0.1102910 0.1572819 0.1193663 0.0997216 0.1401842 0.1198763 0.0923379 0.1184639 0.1555502 0.1399414 0.0000000 0.1208226 0.1313278 0.0983529 0.1181967 0.1018539 0.0387199 0.3532989 
yHAB155_Kazachstania_spencerorum    0.1161228 0.1114593 0.1086898 0.1077982 0.1747781 0.1326054 0.1088005 0.1052605 0.1226494 0.1072807 0.1105965 0.1421176 0.0940605 0.1208226 0.0000000 0.1165172 0.1149237 0.1032690 0.1157759 0.1183104 0.3735546 
yHAB158_Kazachstania_viticola       0.1181045 0.1149442 0.1111150 0.1165574 0.1675867 0.1106322 0.1088514 0.1261208 0.1121518 0.1115223 0.1127048 0.1254897 0.1120845 0.1313278 0.1165172 0.0000000 0.1019680 0.1274518 0.1014861 0.1179112 0.3456553 
yHAB159_Kazachstania_solicola       0.1111337 0.0766522 0.0970824 0.0935037 0.1459904 0.0839904 0.0257792 0.1299652 0.0850473 0.0439669 0.0982734 0.1259435 0.1244684 0.0983529 0.1149237 0.1019680 0.0000000 0.1179421 0.0041222 0.0830291 0.3469623 
yHAB160_Kazachstania_kunashirensis  0.1080515 0.1325638 0.1091544 0.1124183 0.1775981 0.1307806 0.1147782 0.0749824 0.1379452 0.1114634 0.1371133 0.1402212 0.1184559 0.1181967 0.1032690 0.1274518 0.1179421 0.0000000 0.1167077 0.1144560 0.3878347 
yHAB164_Kazachstania_aerobia        0.1107684 0.0770024 0.0967707 0.0943830 0.1477302 0.0866564 0.0226548 0.1304496 0.0830186 0.0420950 0.0989818 0.1232945 0.1255023 0.1018539 0.1157759 0.1014861 0.0041222 0.1167077 0.0000000 0.0828179 0.3455680 
yHAB166_Kazachstania_yakushimaensis 0.1161670 0.1075260 0.1054441 0.0848708 0.1621687 0.1136235 0.0831684 0.1363674 0.1014535 0.0758395 0.1138013 0.1440480 0.1358015 0.0387199 0.1183104 0.1179112 0.0830291 0.1144560 0.0828179 0.0000000 0.3159287 
yHMPu5000035629_Yueomyces_sinensis  0.3800929 0.3618467 0.3148065 0.3289369 0.3217513 0.3533828 0.3428945 0.3746548 0.3681051 0.3526749 0.3609126 0.3754239 0.3946768 0.3532989 0.3735546 0.3456553 0.3469623 0.3878347 0.3455680 0.3159287 0.0000000 
