21
Kazachstania_africana               0.0000000 0.1045868 0.0813621 0.1016421 0.1361668 0.0829841 0.0797891 0.0944593 0.0853206 0.0737141 0.0895737 0.1093435 0.0876355 0.0921047 0.0776773 0.0678028 0.0761346 0.0820781 0.0789935 0.0972781 0.1477129 
Kazachstania_naganishii             0.1045868 0.0000000 0.1110369 0.1179655 0.1455033 0.0887864 0.0900292 0.1017597 0.0868463 0.0802525 0.0893586 0.1133912 0.0991851 0.0996416 0.1036139 0.0975135 0.0799476 0.0971490 0.0825971 0.0965518 0.1770684 
Naumovozyma_castellii               0.0813621 0.1110369 0.0000000 0.0594684 0.1359503 0.0875775 0.0947563 0.0911463 0.0752152 0.0814893 0.1036858 0.1218584 0.0804521 0.1030384 0.0982476 0.0816951 0.0895496 0.0897399 0.0921614 0.1017600 0.1383975 
Naumovozyma_dairenensis             0.1016421 0.1179655 0.0594684 0.0000000 0.1470827 0.1014980 0.1078999 0.0941293 0.0922629 0.0975976 0.1100827 0.1259931 0.0836584 0.1075160 0.1028633 0.0991777 0.1053725 0.0855417 0.1046953 0.1076163 0.1391955 
Tetrapisispora_blattae              0.1361668 0.1455033 0.1359503 0.1470827 0.0000000 0.1369686 0.1183273 0.1485010 0.1426378 0.1299919 0.1406587 0.1473361 0.1395641 0.1401984 0.1385893 0.1333074 0.1234503 0.1369368 0.1218580 0.1354139 0.1024336 
yHAB132_Kazachstania_martiniae      0.0829841 0.0887864 0.0875775 0.1014980 0.1369686 0.0000000 0.0828883 0.0891719 0.0823760 0.0786835 0.1013282 0.1065102 0.0837309 0.0922798 0.0908999 0.0717279 0.0719296 0.0819609 0.0718938 0.0936570 0.1508845 
yHAB133_Kazachstania_unispora       0.0797891 0.0900292 0.0947563 0.1078999 0.1183273 0.0828883 0.0000000 0.0965470 0.0749569 0.0348242 0.0770592 0.1104349 0.0843538 0.0614374 0.0870189 0.0836787 0.0171143 0.0790709 0.0190736 0.0652685 0.1372767 
yHAB134_Kazachstania_turicensis     0.0944593 0.1017597 0.0911463 0.0941293 0.1485010 0.0891719 0.0965470 0.0000000 0.0867876 0.0816383 0.1051025 0.1076069 0.0724135 0.1009026 0.0679535 0.0828352 0.0936490 0.0442570 0.0967352 0.1035341 0.1606426 
yHAB136_Kazachstania_bromeliacearum 0.0853206 0.0868463 0.0752152 0.0922629 0.1426378 0.0823760 0.0749569 0.0867876 0.0000000 0.0640940 0.0901350 0.1204676 0.0859926 0.0861599 0.0797646 0.0787377 0.0656261 0.0896036 0.0691367 0.0850613 0.1589863 
yHAB143_Kazachstania_siamensis      0.0737141 0.0802525 0.0814893 0.0975976 0.1299919 0.0786835 0.0348242 0.0816383 0.0640940 0.0000000 0.0668102 0.1007702 0.0760929 0.0651115 0.0719074 0.0700172 0.0344369 0.0758489 0.0353074 0.0648532 0.1383463 
yHAB147_Kazachstania_taianensis     0.0895737 0.0893586 0.1036858 0.1100827 0.1406587 0.1013282 0.0770592 0.1051025 0.0901350 0.0668102 0.0000000 0.1211466 0.0945684 0.0865714 0.0917099 0.0933011 0.0786225 0.0864977 0.0805847 0.0856064 0.1595108 
yHAB148_Kazachstania_intestinalis   0.1093435 0.1133912 0.1218584 0.1259931 0.1473361 0.1065102 0.1104349 0.1076069 0.1204676 0.1007702 0.1211466 0.0000000 0.1203277 0.1140800 0.1202888 0.1120397 0.1045312 0.1035851 0.1053539 0.1163582 0.1667069 
yHAB153_Kazachstania_rosinii        0.0876355 0.0991851 0.0804521 0.0836584 0.1395641 0.0837309 0.0843538 0.0724135 0.0859926 0.0760929 0.0945684 0.1203277 0.0000000 0.0880024 0.0662006 0.0780537 0.0795993 0.0665873 0.0818527 0.0893526 0.1499084 
yHAB154_Kazachstania_transvaalensis 0.0921047 0.0996416 0.1030384 0.1075160 0.1401984 0.0922798 0.0614374 0.1009026 0.0861599 0.0651115 0.0865714 0.1140800 0.0880024 0.0000000 0.1066948 0.0927254 0.0634202 0.0916886 0.0644057 0.0187706 0.1515015 
yHAB155_Kazachstania_spencerorum    0.0776773 0.1036139 0.0982476 0.1028633 0.1385893 0.0908999 0.0870189 0.0679535 0.0797646 0.0719074 0.0917099 0.1202888 0.0662006 0.1066948 0.0000000 0.0737550 0.0820645 0.0716081 0.0859303 0.1060271 0.1460201 
yHAB158_Kazachstania_viticola       0.0678028 0.0975135 0.0816951 0.0991777 0.1333074 0.0717279 0.0836787 0.0828352 0.0787377 0.0700172 0.0933011 0.1120397 0.0780537 0.0927254 0.0737550 0.0000000 0.0765015 0.0850793 0.0777329 0.0953923 0.1561983 
yHAB159_Kazachstania_solicola       0.0761346 0.0799476 0.0895496 0.1053725 0.1234503 0.0719296 0.0171143 0.0936490 0.0656261 0.0344369 0.0786225 0.1045312 0.0795993 0.0634202 0.0820645 0.0765015 0.0000000 0.0779205 0.0046463 0.0650194 0.1409907 
yHAB160_Kazachstania_kunashirensis  0.0820781 0.0971490 0.0897399 0.0855417 0.1369368 0.0819609 0.0790709 0.0442570 0.0896036 0.0758489 0.0864977 0.1035851 0.0665873 0.0916886 0.0716081 0.0850793 0.0779205 0.0000000 0.0792692 0.0910183 0.1398956 
yHAB164_Kazachstania_aerobia        0.0789935 0.0825971 0.0921614 0.1046953 0.1218580 0.0718938 0.0190736 0.0967352 0.0691367 0.0353074 0.0805847 0.1053539 0.0818527 0.0644057 0.0859303 0.0777329 0.0046463 0.0792692 0.0000000 0.0675395 0.1404696 
yHAB166_Kazachstania_yakushimaensis 0.0972781 0.0965518 0.1017600 0.1076163 0.1354139 0.0936570 0.0652685 0.1035341 0.0850613 0.0648532 0.0856064 0.1163582 0.0893526 0.0187706 0.1060271 0.0953923 0.0650194 0.0910183 0.0675395 0.0000000 0.1518032 
yHMPu5000035629_Yueomyces_sinensis  0.1477129 0.1770684 0.1383975 0.1391955 0.1024336 0.1508845 0.1372767 0.1606426 0.1589863 0.1383463 0.1595108 0.1667069 0.1499084 0.1515015 0.1460201 0.1561983 0.1409907 0.1398956 0.1404696 0.1518032 0.0000000 
