21
Kazachstania_africana               0.0000000 0.0596336 0.0527213 0.0479502 0.0728850 0.0441443 0.0587100 0.0747435 0.0610913 0.0567318 0.0620766 0.0419079 0.0417193 0.0648777 0.0448694 0.0360344 0.0756337 0.0545701 0.0808579 0.0646831 0.0666856 
Kazachstania_naganishii             0.0596336 0.0000000 0.0634106 0.0599572 0.0864725 0.0542582 0.0688837 0.0710375 0.0659559 0.0737517 0.0735404 0.0681346 0.0558400 0.0775308 0.0642573 0.0610973 0.0968823 0.0653649 0.0993385 0.0791268 0.0839214 
Naumovozyma_castellii               0.0527213 0.0634106 0.0000000 0.0222842 0.0926468 0.0552250 0.0600101 0.0621110 0.0724122 0.0626085 0.0603535 0.0628426 0.0453691 0.0767752 0.0485303 0.0444611 0.0798181 0.0539163 0.0850541 0.0707238 0.0836886 
Naumovozyma_dairenensis             0.0479502 0.0599572 0.0222842 0.0000000 0.0812851 0.0477855 0.0519886 0.0647728 0.0674888 0.0626940 0.0623332 0.0589471 0.0445355 0.0701476 0.0480226 0.0403105 0.0744151 0.0626212 0.0795527 0.0643418 0.0726595 
Tetrapisispora_blattae              0.0728850 0.0864725 0.0926468 0.0812851 0.0000000 0.0610500 0.0792975 0.0787182 0.0788241 0.0940622 0.0926520 0.0771659 0.0719071 0.0952810 0.0857179 0.0695899 0.1054512 0.0814599 0.0999022 0.0981341 0.0490342 
yHAB132_Kazachstania_martiniae      0.0441443 0.0542582 0.0552250 0.0477855 0.0610500 0.0000000 0.0555478 0.0564813 0.0544544 0.0660433 0.0660519 0.0545782 0.0385734 0.0632940 0.0506496 0.0448034 0.0815646 0.0502268 0.0868195 0.0650580 0.0665705 
yHAB133_Kazachstania_unispora       0.0587100 0.0688837 0.0600101 0.0519886 0.0792975 0.0555478 0.0000000 0.0717638 0.0413791 0.0225041 0.0639246 0.0686624 0.0468149 0.0524110 0.0695877 0.0493364 0.0302686 0.0726117 0.0346033 0.0470511 0.0763639 
yHAB134_Kazachstania_turicensis     0.0747435 0.0710375 0.0621110 0.0647728 0.0787182 0.0564813 0.0717638 0.0000000 0.0793682 0.0774539 0.0969677 0.0785042 0.0568741 0.0794791 0.0561968 0.0680387 0.0819872 0.0406931 0.0843716 0.0782856 0.0902207 
yHAB136_Kazachstania_bromeliacearum 0.0610913 0.0659559 0.0724122 0.0674888 0.0788241 0.0544544 0.0413791 0.0793682 0.0000000 0.0515981 0.0799571 0.0616991 0.0533230 0.0743124 0.0710196 0.0572651 0.0619935 0.0891215 0.0670643 0.0686951 0.0822510 
yHAB143_Kazachstania_siamensis      0.0567318 0.0737517 0.0626085 0.0626940 0.0940622 0.0660433 0.0225041 0.0774539 0.0515981 0.0000000 0.0735327 0.0664920 0.0539506 0.0688944 0.0752940 0.0559632 0.0382575 0.0731901 0.0428659 0.0630263 0.0778067 
yHAB147_Kazachstania_taianensis     0.0620766 0.0735404 0.0603535 0.0623332 0.0926520 0.0660519 0.0639246 0.0969677 0.0799571 0.0735327 0.0000000 0.0661830 0.0629877 0.0723389 0.0793570 0.0652400 0.0865304 0.0769035 0.0919014 0.0740806 0.0796363 
yHAB148_Kazachstania_intestinalis   0.0419079 0.0681346 0.0628426 0.0589471 0.0771659 0.0545782 0.0686624 0.0785042 0.0616991 0.0664920 0.0661830 0.0000000 0.0476757 0.0736781 0.0549289 0.0549572 0.0800283 0.0583078 0.0855393 0.0703104 0.0710745 
yHAB153_Kazachstania_rosinii        0.0417193 0.0558400 0.0453691 0.0445355 0.0719071 0.0385734 0.0468149 0.0568741 0.0533230 0.0539506 0.0629877 0.0476757 0.0000000 0.0675927 0.0452738 0.0392579 0.0714647 0.0484828 0.0765272 0.0646362 0.0609745 
yHAB154_Kazachstania_transvaalensis 0.0648777 0.0775308 0.0767752 0.0701476 0.0952810 0.0632940 0.0524110 0.0794791 0.0743124 0.0688944 0.0723389 0.0736781 0.0675927 0.0000000 0.0754556 0.0786176 0.0730706 0.0713141 0.0754470 0.0078050 0.0826611 
yHAB155_Kazachstania_spencerorum    0.0448694 0.0642573 0.0485303 0.0480226 0.0857179 0.0506496 0.0695877 0.0561968 0.0710196 0.0752940 0.0793570 0.0549289 0.0452738 0.0754556 0.0000000 0.0486613 0.0809089 0.0564314 0.0807113 0.0722574 0.0792165 
yHAB158_Kazachstania_viticola       0.0360344 0.0610973 0.0444611 0.0403105 0.0695899 0.0448034 0.0493364 0.0680387 0.0572651 0.0559632 0.0652400 0.0549572 0.0392579 0.0786176 0.0486613 0.0000000 0.0798853 0.0653201 0.0851468 0.0716043 0.0644303 
yHAB159_Kazachstania_solicola       0.0756337 0.0968823 0.0798181 0.0744151 0.1054512 0.0815646 0.0302686 0.0819872 0.0619935 0.0382575 0.0865304 0.0800283 0.0714647 0.0730706 0.0809089 0.0798853 0.0000000 0.0890415 0.0038352 0.0671906 0.1022260 
yHAB160_Kazachstania_kunashirensis  0.0545701 0.0653649 0.0539163 0.0626212 0.0814599 0.0502268 0.0726117 0.0406931 0.0891215 0.0731901 0.0769035 0.0583078 0.0484828 0.0713141 0.0564314 0.0653201 0.0890415 0.0000000 0.0914856 0.0702167 0.0791604 
yHAB164_Kazachstania_aerobia        0.0808579 0.0993385 0.0850541 0.0795527 0.0999022 0.0868195 0.0346033 0.0843716 0.0670643 0.0428659 0.0919014 0.0855393 0.0765272 0.0754470 0.0807113 0.0851468 0.0038352 0.0914856 0.0000000 0.0722426 0.1019799 
yHAB166_Kazachstania_yakushimaensis 0.0646831 0.0791268 0.0707238 0.0643418 0.0981341 0.0650580 0.0470511 0.0782856 0.0686951 0.0630263 0.0740806 0.0703104 0.0646362 0.0078050 0.0722574 0.0716043 0.0671906 0.0702167 0.0722426 0.0000000 0.0848862 
yHMPu5000035629_Yueomyces_sinensis  0.0666856 0.0839214 0.0836886 0.0726595 0.0490342 0.0665705 0.0763639 0.0902207 0.0822510 0.0778067 0.0796363 0.0710745 0.0609745 0.0826611 0.0792165 0.0644303 0.1022260 0.0791604 0.1019799 0.0848862 0.0000000 
