21
Kazachstania_africana               0.0000000 0.4010222 0.2678572 0.3027201 0.4772771 0.2829229 0.3196719 0.2705993 0.2824929 0.3235799 0.2865364 0.3837153 0.2687403 0.5600154 0.2851517 0.2715678 0.2956572 0.2783319 0.3092222 0.3392737 0.5135750 
Kazachstania_naganishii             0.4010222 0.0000000 0.3812925 0.4091074 0.5052388 0.4044920 0.4428487 0.3965308 0.3612679 0.4363836 0.3145256 0.4372568 0.3512970 0.5172725 0.4325572 0.3875362 0.4479285 0.4439566 0.4625049 0.3549953 0.6007195 
Naumovozyma_castellii               0.2678572 0.3812925 0.0000000 0.1523704 0.4589290 0.2757965 0.2818886 0.2600927 0.2734790 0.2751127 0.2231176 0.3055158 0.2881275 0.5226143 0.3515237 0.2845520 0.2648315 0.3370606 0.2742956 0.3454247 0.5388427 
Naumovozyma_dairenensis             0.3027201 0.4091074 0.1523704 0.0000000 0.4583599 0.2791772 0.3314545 0.2821837 0.3032456 0.2783783 0.2601020 0.3299750 0.3320323 0.6046830 0.3855710 0.3182595 0.3114476 0.3600125 0.3178144 0.4072327 0.5165866 
Tetrapisispora_blattae              0.4772771 0.5052388 0.4589290 0.4583599 0.0000000 0.4693803 0.5195454 0.5058172 0.5234279 0.4558038 0.4155954 0.5154247 0.4943457 0.7283716 0.5024391 0.4791811 0.5012418 0.4932990 0.5076432 0.4861419 0.4955709 
yHAB132_Kazachstania_martiniae      0.2829229 0.4044920 0.2757965 0.2791772 0.4693803 0.0000000 0.3108630 0.2618604 0.2885539 0.3103411 0.2459317 0.3674178 0.2918771 0.5543068 0.3189667 0.2943827 0.3023211 0.3262341 0.3129592 0.3269085 0.5182086 
yHAB133_Kazachstania_unispora       0.3196719 0.4428487 0.2818886 0.3314545 0.5195454 0.3108630 0.0000000 0.3273825 0.2869963 0.1665367 0.2660575 0.3693303 0.3358807 0.4965834 0.3253948 0.3838060 0.0707072 0.3742139 0.0845118 0.3288661 0.5804760 
yHAB134_Kazachstania_turicensis     0.2705993 0.3965308 0.2600927 0.2821837 0.5058172 0.2618604 0.3273825 0.0000000 0.2955816 0.2793040 0.2944948 0.3334051 0.2801663 0.5486183 0.3057550 0.3292652 0.3074307 0.1991334 0.3083868 0.3342192 0.5334758 
yHAB136_Kazachstania_bromeliacearum 0.2824929 0.3612679 0.2734790 0.3032456 0.5234279 0.2885539 0.2869963 0.2955816 0.0000000 0.2896055 0.2360822 0.3440941 0.3105333 0.5601558 0.3363824 0.3239230 0.3043624 0.3360066 0.3050746 0.3517771 0.5372985 
yHAB143_Kazachstania_siamensis      0.3235799 0.4363836 0.2751127 0.2783783 0.4558038 0.3103411 0.1665367 0.2793040 0.2896055 0.0000000 0.2376378 0.3332408 0.3046849 0.5264199 0.3703492 0.3199903 0.1580027 0.3596312 0.1623585 0.3469470 0.5204075 
yHAB147_Kazachstania_taianensis     0.2865364 0.3145256 0.2231176 0.2601020 0.4155954 0.2459317 0.2660575 0.2944948 0.2360822 0.2376378 0.0000000 0.3491166 0.2622588 0.4655210 0.3379776 0.3153340 0.2680838 0.3561185 0.2730763 0.2719484 0.5338850 
yHAB148_Kazachstania_intestinalis   0.3837153 0.4372568 0.3055158 0.3299750 0.5154247 0.3674178 0.3693303 0.3334051 0.3440941 0.3332408 0.3491166 0.0000000 0.4162467 0.5489315 0.4287428 0.4315144 0.3444860 0.4484690 0.3534823 0.3800581 0.6072132 
yHAB153_Kazachstania_rosinii        0.2687403 0.3512970 0.2881275 0.3320323 0.4943457 0.2918771 0.3358807 0.2801663 0.3105333 0.3046849 0.2622588 0.4162467 0.0000000 0.5397026 0.2544656 0.2926460 0.3391493 0.2887785 0.3488418 0.3557634 0.5187101 
yHAB154_Kazachstania_transvaalensis 0.5600154 0.5172725 0.5226143 0.6046830 0.7283716 0.5543068 0.4965834 0.5486183 0.5601558 0.5264199 0.4655210 0.5489315 0.5397026 0.0000000 0.5385803 0.5641535 0.4978505 0.6512250 0.5049003 0.2351255 0.8076069 
yHAB155_Kazachstania_spencerorum    0.2851517 0.4325572 0.3515237 0.3855710 0.5024391 0.3189667 0.3253948 0.3057550 0.3363824 0.3703492 0.3379776 0.4287428 0.2544656 0.5385803 0.0000000 0.3614373 0.3130870 0.3537604 0.3228148 0.3939230 0.5262758 
yHAB158_Kazachstania_viticola       0.2715678 0.3875362 0.2845520 0.3182595 0.4791811 0.2943827 0.3838060 0.3292652 0.3239230 0.3199903 0.3153340 0.4315144 0.2926460 0.5641535 0.3614373 0.0000000 0.3505140 0.3420112 0.3484495 0.3507150 0.5369450 
yHAB159_Kazachstania_solicola       0.2956572 0.4479285 0.2648315 0.3114476 0.5012418 0.3023211 0.0707072 0.3074307 0.3043624 0.1580027 0.2680838 0.3444860 0.3391493 0.4978505 0.3130870 0.3505140 0.0000000 0.3647965 0.0173984 0.3282468 0.5621412 
yHAB160_Kazachstania_kunashirensis  0.2783319 0.4439566 0.3370606 0.3600125 0.4932990 0.3262341 0.3742139 0.1991334 0.3360066 0.3596312 0.3561185 0.4484690 0.2887785 0.6512250 0.3537604 0.3420112 0.3647965 0.0000000 0.3657021 0.4044099 0.5882146 
yHAB164_Kazachstania_aerobia        0.3092222 0.4625049 0.2742956 0.3178144 0.5076432 0.3129592 0.0845118 0.3083868 0.3050746 0.1623585 0.2730763 0.3534823 0.3488418 0.5049003 0.3228148 0.3484495 0.0173984 0.3657021 0.0000000 0.3291919 0.5735904 
yHAB166_Kazachstania_yakushimaensis 0.3392737 0.3549953 0.3454247 0.4072327 0.4861419 0.3269085 0.3288661 0.3342192 0.3517771 0.3469470 0.2719484 0.3800581 0.3557634 0.2351255 0.3939230 0.3507150 0.3282468 0.4044099 0.3291919 0.0000000 0.5647721 
yHMPu5000035629_Yueomyces_sinensis  0.5135750 0.6007195 0.5388427 0.5165866 0.4955709 0.5182086 0.5804760 0.5334758 0.5372985 0.5204075 0.5338850 0.6072132 0.5187101 0.8076069 0.5262758 0.5369450 0.5621412 0.5882146 0.5735904 0.5647721 0.0000000 
