21
Kazachstania_africana               0.0000000 0.3221263 0.2040643 0.2124943 0.3530042 0.1197833 0.1667949 0.1957114 0.1837644 0.1690928 0.2873222 0.2823826 0.1611344 0.4107099 0.2036698 0.5221188 0.1663889 0.1740512 0.1671524 0.4154544 0.9226148 
Kazachstania_naganishii             0.3221263 0.0000000 0.3211976 0.2986008 0.4575843 0.2928947 0.2845010 0.3355653 0.2419242 0.2725127 0.2713181 0.3637151 0.3148792 0.4696262 0.3211507 0.6026204 0.2853201 0.3080157 0.2904077 0.4654489 0.9927322 
Naumovozyma_castellii               0.2040643 0.3211976 0.0000000 0.0861490 0.3116791 0.1532080 0.1216696 0.1720469 0.1671786 0.1419952 0.2733122 0.3015059 0.1925333 0.3758301 0.1750457 0.5055050 0.1355817 0.1654220 0.1402559 0.3989325 0.8458344 
Naumovozyma_dairenensis             0.2124943 0.2986008 0.0861490 0.0000000 0.3353168 0.1547349 0.1303075 0.1838850 0.1552153 0.1376887 0.2561680 0.2699458 0.1897390 0.3958352 0.1907187 0.4762226 0.1446483 0.1716825 0.1494674 0.4190313 0.8870097 
Tetrapisispora_blattae              0.3530042 0.4575843 0.3116791 0.3353168 0.0000000 0.3138342 0.3332375 0.3218140 0.3636453 0.3584647 0.4413531 0.4083376 0.3220309 0.5086805 0.3168835 0.6159446 0.3432684 0.3298447 0.3377535 0.5375151 0.6814709 
yHAB132_Kazachstania_martiniae      0.1197833 0.2928947 0.1532080 0.1547349 0.3138342 0.0000000 0.1402382 0.1344300 0.1403439 0.1430682 0.2905313 0.2453000 0.1353803 0.4467215 0.1400876 0.4334762 0.1444288 0.1219620 0.1395707 0.4523154 0.8856553 
yHAB133_Kazachstania_unispora       0.1667949 0.2845010 0.1216696 0.1303075 0.3332375 0.1402382 0.0000000 0.1884932 0.1110239 0.0254373 0.2580715 0.2828150 0.1894696 0.3248569 0.2010434 0.4973517 0.0168113 0.1756475 0.0210354 0.3504635 0.9112605 
yHAB134_Kazachstania_turicensis     0.1957114 0.3355653 0.1720469 0.1838850 0.3218140 0.1344300 0.1884932 0.0000000 0.1959417 0.2006174 0.3058846 0.2772172 0.1453107 0.4313662 0.1181028 0.4826948 0.2030910 0.0988952 0.1981297 0.4622595 0.8943207 
yHAB136_Kazachstania_bromeliacearum 0.1837644 0.2419242 0.1671786 0.1552153 0.3636453 0.1403439 0.1110239 0.1959417 0.0000000 0.1083916 0.2415428 0.2853122 0.2042682 0.3714224 0.2039883 0.5049073 0.1151804 0.1835850 0.1105095 0.3759899 0.9000380 
yHAB143_Kazachstania_siamensis      0.1690928 0.2725127 0.1419952 0.1376887 0.3584647 0.1430682 0.0254373 0.2006174 0.1083916 0.0000000 0.2573972 0.2642352 0.1970833 0.3292609 0.2192522 0.5031138 0.0254054 0.1875414 0.0296661 0.3422586 0.9335899 
yHAB147_Kazachstania_taianensis     0.2873222 0.2713181 0.2733122 0.2561680 0.4413531 0.2905313 0.2580715 0.3058846 0.2415428 0.2573972 0.0000000 0.3215401 0.2875843 0.5478055 0.3333118 0.6023129 0.2698967 0.3234135 0.2748309 0.5748006 0.9982513 
yHAB148_Kazachstania_intestinalis   0.2823826 0.3637151 0.3015059 0.2699458 0.4083376 0.2453000 0.2828150 0.2772172 0.2853122 0.2642352 0.3215401 0.0000000 0.2424058 0.5159247 0.2511134 0.5643124 0.2760051 0.2416920 0.2706104 0.5367884 0.8762999 
yHAB153_Kazachstania_rosinii        0.1611344 0.3148792 0.1925333 0.1897390 0.3220309 0.1353803 0.1894696 0.1453107 0.2042682 0.1970833 0.2875843 0.2424058 0.0000000 0.4495134 0.1321620 0.4823317 0.1911413 0.1284986 0.1919993 0.4577296 0.8460362 
yHAB154_Kazachstania_transvaalensis 0.4107099 0.4696262 0.3758301 0.3958352 0.5086805 0.4467215 0.3248569 0.4313662 0.3714224 0.3292609 0.5478055 0.5159247 0.4495134 0.0000000 0.4345312 0.7983053 0.3195775 0.4119904 0.3250851 0.0537990 0.9594657 
yHAB155_Kazachstania_spencerorum    0.2036698 0.3211507 0.1750457 0.1907187 0.3168835 0.1400876 0.2010434 0.1181028 0.2039883 0.2192522 0.3333118 0.2511134 0.1321620 0.4345312 0.0000000 0.4776596 0.2155618 0.1018420 0.2106233 0.4562361 0.9083441 
yHAB158_Kazachstania_viticola       0.5221188 0.6026204 0.5055050 0.4762226 0.6159446 0.4334762 0.4973517 0.4826948 0.5049073 0.5031138 0.6023129 0.5643124 0.4823317 0.7983053 0.4776596 0.0000000 0.4993877 0.4566110 0.4930678 0.8048466 1.0279082 
yHAB159_Kazachstania_solicola       0.1663889 0.2853201 0.1355817 0.1446483 0.3432684 0.1444288 0.0168113 0.2030910 0.1151804 0.0254054 0.2698967 0.2760051 0.1911413 0.3195775 0.2155618 0.4993877 0.0000000 0.1856406 0.0041687 0.3322714 0.9136688 
yHAB160_Kazachstania_kunashirensis  0.1740512 0.3080157 0.1654220 0.1716825 0.3298447 0.1219620 0.1756475 0.0988952 0.1835850 0.1875414 0.3234135 0.2416920 0.1284986 0.4119904 0.1018420 0.4566110 0.1856406 0.0000000 0.1807091 0.4329360 0.8673529 
yHAB164_Kazachstania_aerobia        0.1671524 0.2904077 0.1402559 0.1494674 0.3377535 0.1395707 0.0210354 0.1981297 0.1105095 0.0296661 0.2748309 0.2706104 0.1919993 0.3250851 0.2106233 0.4930678 0.0041687 0.1807091 0.0000000 0.3379518 0.9109556 
yHAB166_Kazachstania_yakushimaensis 0.4154544 0.4654489 0.3989325 0.4190313 0.5375151 0.4523154 0.3504635 0.4622595 0.3759899 0.3422586 0.5748006 0.5367884 0.4577296 0.0537990 0.4562361 0.8048466 0.3322714 0.4329360 0.3379518 0.0000000 1.0550575 
yHMPu5000035629_Yueomyces_sinensis  0.9226148 0.9927322 0.8458344 0.8870097 0.6814709 0.8856553 0.9112605 0.8943207 0.9000380 0.9335899 0.9982513 0.8762999 0.8460362 0.9594657 0.9083441 1.0279082 0.9136688 0.8673529 0.9109556 1.0550575 0.0000000 
