21
Kazachstania_africana               0.0000000 0.0142037 0.0125794 0.0140366 0.0124208 0.0098029 0.0125964 0.0105746 0.0104982 0.0091959 0.0092320 0.0131487 0.0126437 0.0183821 0.0085974 0.0093405 0.0101215 0.0101447 0.0099668 0.0177071 0.0170980 
Kazachstania_naganishii             0.0142037 0.0000000 0.0162970 0.0190657 0.0148467 0.0128323 0.0093485 0.0166584 0.0100668 0.0079491 0.0092090 0.0153871 0.0133007 0.0216069 0.0157021 0.0115981 0.0087130 0.0176465 0.0080074 0.0199942 0.0196615 
Naumovozyma_castellii               0.0125794 0.0162970 0.0000000 0.0071426 0.0098384 0.0097952 0.0124999 0.0176119 0.0104219 0.0105696 0.0120153 0.0172608 0.0160847 0.0195613 0.0105816 0.0126605 0.0106163 0.0158113 0.0112483 0.0189441 0.0186040 
Naumovozyma_dairenensis             0.0140366 0.0190657 0.0071426 0.0000000 0.0119339 0.0138407 0.0152607 0.0175485 0.0137724 0.0140738 0.0147486 0.0194307 0.0165052 0.0211358 0.0119319 0.0141952 0.0126648 0.0179321 0.0132937 0.0212189 0.0185320 
Tetrapisispora_blattae              0.0124208 0.0148467 0.0098384 0.0119339 0.0000000 0.0111249 0.0152549 0.0160803 0.0125184 0.0125391 0.0119356 0.0172397 0.0153188 0.0197501 0.0126067 0.0125822 0.0120310 0.0156665 0.0126305 0.0169923 0.0156558 
yHAB132_Kazachstania_martiniae      0.0098029 0.0128323 0.0097952 0.0138407 0.0111249 0.0000000 0.0125722 0.0134006 0.0071444 0.0092091 0.0072095 0.0123314 0.0126915 0.0140827 0.0092446 0.0086125 0.0093094 0.0129401 0.0099467 0.0148153 0.0178343 
yHAB133_Kazachstania_unispora       0.0125964 0.0093485 0.0124999 0.0152607 0.0152549 0.0125722 0.0000000 0.0176334 0.0098435 0.0045494 0.0091548 0.0134832 0.0134774 0.0189582 0.0133276 0.0105625 0.0059147 0.0164031 0.0045217 0.0217328 0.0190489 
yHAB134_Kazachstania_turicensis     0.0105746 0.0166584 0.0176119 0.0175485 0.0160803 0.0134006 0.0176334 0.0000000 0.0135261 0.0141637 0.0121251 0.0190587 0.0120217 0.0181812 0.0105553 0.0126290 0.0159359 0.0080016 0.0157056 0.0141637 0.0223646 
yHAB136_Kazachstania_bromeliacearum 0.0104982 0.0100668 0.0104219 0.0137724 0.0125184 0.0071444 0.0098435 0.0135261 0.0000000 0.0065233 0.0045953 0.0128631 0.0126446 0.0176479 0.0105931 0.0099980 0.0065937 0.0150624 0.0072335 0.0170519 0.0171126 
yHAB143_Kazachstania_siamensis      0.0091959 0.0079491 0.0105696 0.0140738 0.0125391 0.0092091 0.0045494 0.0141637 0.0065233 0.0000000 0.0058507 0.0106205 0.0119469 0.0155136 0.0099368 0.0085989 0.0045933 0.0137228 0.0032228 0.0182717 0.0162027 
yHAB147_Kazachstania_taianensis     0.0092320 0.0092090 0.0120153 0.0147486 0.0119356 0.0072095 0.0091548 0.0121251 0.0045953 0.0058507 0.0000000 0.0128734 0.0112658 0.0161801 0.0099752 0.0085877 0.0052075 0.0137682 0.0058618 0.0141793 0.0140092 
yHAB148_Kazachstania_intestinalis   0.0131487 0.0153871 0.0172608 0.0194307 0.0172397 0.0123314 0.0134832 0.0190587 0.0128631 0.0106205 0.0128734 0.0000000 0.0167622 0.0200103 0.0135864 0.0124900 0.0129079 0.0178986 0.0127171 0.0207059 0.0206365 
yHAB153_Kazachstania_rosinii        0.0126437 0.0133007 0.0160847 0.0165052 0.0153188 0.0126915 0.0134774 0.0120217 0.0126446 0.0119469 0.0112658 0.0167622 0.0000000 0.0211839 0.0085028 0.0112659 0.0115107 0.0115275 0.0121909 0.0176400 0.0203721 
yHAB154_Kazachstania_transvaalensis 0.0183821 0.0216069 0.0195613 0.0211358 0.0197501 0.0140827 0.0189582 0.0181812 0.0176479 0.0155136 0.0161801 0.0200103 0.0211839 0.0000000 0.0154138 0.0162422 0.0179027 0.0200458 0.0171490 0.0057493 0.0229007 
yHAB155_Kazachstania_spencerorum    0.0085974 0.0157021 0.0105816 0.0119319 0.0126067 0.0092446 0.0133276 0.0105553 0.0105931 0.0099368 0.0099752 0.0135864 0.0085028 0.0154138 0.0000000 0.0098891 0.0107261 0.0080390 0.0114026 0.0161794 0.0179195 
yHAB158_Kazachstania_viticola       0.0093405 0.0115981 0.0126605 0.0141952 0.0125822 0.0086125 0.0105625 0.0126290 0.0099980 0.0085989 0.0085877 0.0124900 0.0112659 0.0162422 0.0098891 0.0000000 0.0087772 0.0107439 0.0093962 0.0156176 0.0178719 
yHAB159_Kazachstania_solicola       0.0101215 0.0087130 0.0106163 0.0126648 0.0120310 0.0093094 0.0059147 0.0159359 0.0065937 0.0045933 0.0052075 0.0129079 0.0115107 0.0179027 0.0107261 0.0087772 0.0000000 0.0155074 0.0013002 0.0178748 0.0147972 
yHAB160_Kazachstania_kunashirensis  0.0101447 0.0176465 0.0158113 0.0179321 0.0156665 0.0129401 0.0164031 0.0080016 0.0150624 0.0137228 0.0137682 0.0178986 0.0115275 0.0200458 0.0080390 0.0107439 0.0155074 0.0000000 0.0152795 0.0172559 0.0201779 
yHAB164_Kazachstania_aerobia        0.0099668 0.0080074 0.0112483 0.0132937 0.0126305 0.0099467 0.0045217 0.0157056 0.0072335 0.0032228 0.0058618 0.0127171 0.0121909 0.0171490 0.0114026 0.0093962 0.0013002 0.0152795 0.0000000 0.0185051 0.0154772 
yHAB166_Kazachstania_yakushimaensis 0.0177071 0.0199942 0.0189441 0.0212189 0.0169923 0.0148153 0.0217328 0.0141637 0.0170519 0.0182717 0.0141793 0.0207059 0.0176400 0.0057493 0.0161794 0.0156176 0.0178748 0.0172559 0.0185051 0.0000000 0.0208540 
yHMPu5000035629_Yueomyces_sinensis  0.0170980 0.0196615 0.0186040 0.0185320 0.0156558 0.0178343 0.0190489 0.0223646 0.0171126 0.0162027 0.0140092 0.0206365 0.0203721 0.0229007 0.0179195 0.0178719 0.0147972 0.0201779 0.0154772 0.0208540 0.0000000 
