21
Kazachstania_africana               0.0000000 0.0088619 0.0064897 0.0061137 0.0100629 0.0043862 0.0093042 0.0062491 0.0079402 0.0089413 0.0099090 0.0091815 0.0061474 0.0131769 0.0062116 0.0057546 0.0082912 0.0076814 0.0086273 0.0138864 0.0100173 
Kazachstania_naganishii             0.0088619 0.0000000 0.0108963 0.0100818 0.0130951 0.0069156 0.0106155 0.0094430 0.0080691 0.0101971 0.0077529 0.0098809 0.0107691 0.0133971 0.0093615 0.0087675 0.0089649 0.0101575 0.0093844 0.0141805 0.0137003 
Naumovozyma_castellii               0.0064897 0.0108963 0.0000000 0.0043429 0.0087773 0.0072607 0.0094553 0.0085833 0.0106285 0.0103139 0.0105983 0.0127100 0.0091148 0.0170041 0.0092875 0.0090501 0.0087439 0.0093486 0.0090850 0.0169275 0.0104277 
Naumovozyma_dairenensis             0.0061137 0.0100818 0.0043429 0.0000000 0.0090274 0.0063990 0.0101384 0.0071848 0.0086061 0.0092314 0.0093497 0.0116168 0.0082398 0.0163132 0.0078281 0.0081491 0.0094087 0.0082426 0.0097674 0.0162400 0.0085508 
Tetrapisispora_blattae              0.0100629 0.0130951 0.0087773 0.0090274 0.0000000 0.0089269 0.0115391 0.0108114 0.0123086 0.0129485 0.0130708 0.0135809 0.0123400 0.0173588 0.0125699 0.0114966 0.0107824 0.0125635 0.0111435 0.0172806 0.0067859 
yHAB132_Kazachstania_martiniae      0.0043862 0.0069156 0.0072607 0.0063990 0.0089269 0.0000000 0.0077922 0.0057573 0.0051164 0.0075293 0.0071853 0.0076535 0.0040443 0.0117470 0.0060970 0.0047112 0.0059859 0.0071608 0.0066970 0.0116955 0.0085065 
yHAB133_Kazachstania_unispora       0.0093042 0.0106155 0.0094553 0.0101384 0.0115391 0.0077922 0.0000000 0.0117065 0.0096079 0.0064145 0.0101901 0.0126980 0.0108238 0.0121723 0.0123037 0.0095249 0.0019841 0.0123106 0.0019838 0.0114033 0.0150764 
yHAB134_Kazachstania_turicensis     0.0062491 0.0094430 0.0085833 0.0071848 0.0108114 0.0057573 0.0117065 0.0000000 0.0079700 0.0104589 0.0088518 0.0097869 0.0065505 0.0149246 0.0057386 0.0080516 0.0099030 0.0060880 0.0104710 0.0148575 0.0100425 
yHAB136_Kazachstania_bromeliacearum 0.0079402 0.0080691 0.0106285 0.0086061 0.0123086 0.0051164 0.0096079 0.0079700 0.0000000 0.0083131 0.0075788 0.0102820 0.0079920 0.0121666 0.0086260 0.0068337 0.0077755 0.0082605 0.0081341 0.0125633 0.0117875 
yHAB143_Kazachstania_siamensis      0.0089413 0.0101971 0.0103139 0.0092314 0.0129485 0.0075293 0.0064145 0.0104589 0.0083131 0.0000000 0.0101373 0.0102239 0.0112294 0.0133954 0.0111504 0.0089636 0.0047004 0.0116048 0.0050290 0.0133368 0.0143900 
yHAB147_Kazachstania_taianensis     0.0099090 0.0077529 0.0105983 0.0093497 0.0130708 0.0071853 0.0101901 0.0088518 0.0075788 0.0101373 0.0000000 0.0114614 0.0104606 0.0147985 0.0105640 0.0089301 0.0097023 0.0102362 0.0097014 0.0151597 0.0122321 
yHAB148_Kazachstania_intestinalis   0.0091815 0.0098809 0.0127100 0.0116168 0.0135809 0.0076535 0.0126980 0.0097869 0.0102820 0.0102239 0.0114614 0.0000000 0.0093080 0.0130441 0.0068580 0.0088237 0.0110177 0.0094162 0.0107059 0.0122243 0.0129566 
yHAB153_Kazachstania_rosinii        0.0061474 0.0107691 0.0091148 0.0082398 0.0123400 0.0040443 0.0108238 0.0065505 0.0079920 0.0112294 0.0104606 0.0093080 0.0000000 0.0127374 0.0058655 0.0072116 0.0100967 0.0069467 0.0096930 0.0126805 0.0107830 
yHAB154_Kazachstania_transvaalensis 0.0131769 0.0133971 0.0170041 0.0163132 0.0173588 0.0117470 0.0121723 0.0149246 0.0121666 0.0133954 0.0147985 0.0130441 0.0127374 0.0000000 0.0143924 0.0126186 0.0118804 0.0148597 0.0119006 0.0026308 0.0179028 
yHAB155_Kazachstania_spencerorum    0.0062116 0.0093615 0.0092875 0.0078281 0.0125699 0.0060970 0.0123037 0.0057386 0.0086260 0.0111504 0.0105640 0.0068580 0.0058655 0.0143924 0.0000000 0.0082702 0.0106398 0.0057213 0.0103288 0.0143283 0.0117424 
yHAB158_Kazachstania_viticola       0.0057546 0.0087675 0.0090501 0.0081491 0.0114966 0.0047112 0.0095249 0.0080516 0.0068337 0.0089636 0.0089301 0.0088237 0.0072116 0.0126186 0.0082702 0.0000000 0.0080642 0.0097668 0.0080633 0.0129062 0.0109986 
yHAB159_Kazachstania_solicola       0.0082912 0.0089649 0.0087439 0.0094087 0.0107824 0.0059859 0.0019841 0.0099030 0.0077755 0.0047004 0.0097023 0.0110177 0.0100967 0.0118804 0.0106398 0.0080642 0.0000000 0.0106454 0.0006567 0.0111119 0.0142857 
yHAB160_Kazachstania_kunashirensis  0.0076814 0.0101575 0.0093486 0.0082426 0.0125635 0.0071608 0.0123106 0.0060880 0.0082605 0.0116048 0.0102362 0.0094162 0.0069467 0.0148597 0.0057213 0.0097668 0.0106454 0.0000000 0.0103341 0.0147930 0.0117721 
yHAB164_Kazachstania_aerobia        0.0086273 0.0093844 0.0090850 0.0097674 0.0111435 0.0066970 0.0019838 0.0104710 0.0081341 0.0050290 0.0097014 0.0107059 0.0096930 0.0119006 0.0103288 0.0080633 0.0006567 0.0103341 0.0000000 0.0111313 0.0146571 
yHAB166_Kazachstania_yakushimaensis 0.0138864 0.0141805 0.0169275 0.0162400 0.0172806 0.0116955 0.0114033 0.0148575 0.0125633 0.0133368 0.0151597 0.0122243 0.0126805 0.0026308 0.0143283 0.0129062 0.0111119 0.0147930 0.0111313 0.0000000 0.0178216 
yHMPu5000035629_Yueomyces_sinensis  0.0100173 0.0137003 0.0104277 0.0085508 0.0067859 0.0085065 0.0150764 0.0100425 0.0117875 0.0143900 0.0122321 0.0129566 0.0107830 0.0179028 0.0117424 0.0109986 0.0142857 0.0117721 0.0146571 0.0178216 0.0000000 
