21
Kazachstania_africana               0.0000000 0.9809060 0.2998044 0.3578353 0.3361042 0.2745916 0.3027370 0.2185725 0.2388598 0.3350377 0.5032164 0.3793735 0.1734663 0.4234769 0.2623946 0.2144564 0.3361351 0.2489143 0.3326290 0.3483612 0.3702289 
Kazachstania_naganishii             0.9809060 0.0000000 1.0334389 1.2076978 1.0046597 0.9837129 0.9845035 0.9623061 0.9465972 1.0795540 0.9868924 0.9462138 0.9421727 1.0692793 0.8606314 0.8719168 0.9819569 0.9744877 0.9942463 1.0718668 1.0770955 
Naumovozyma_castellii               0.2998044 1.0334389 0.0000000 0.2861599 0.3814238 0.3063769 0.4037413 0.2707092 0.3159370 0.4175511 0.5549021 0.3850250 0.2343619 0.4933024 0.3065834 0.2933810 0.3971567 0.2961490 0.3991040 0.4299506 0.4777645 
Naumovozyma_dairenensis             0.3578353 1.2076978 0.2861599 0.0000000 0.3854606 0.3855017 0.3496310 0.3155282 0.2823545 0.3774560 0.5226828 0.3805328 0.2835611 0.4088251 0.3218514 0.3118415 0.3701840 0.3004463 0.3723449 0.3437370 0.3977384 
Tetrapisispora_blattae              0.3361042 1.0046597 0.3814238 0.3854606 0.0000000 0.3386388 0.3368973 0.2826099 0.2751702 0.3590271 0.4819837 0.3743350 0.3073416 0.3851422 0.3260343 0.2913228 0.3521243 0.2851902 0.3366414 0.3353148 0.2684586 
yHAB132_Kazachstania_martiniae      0.2745916 0.9837129 0.3063769 0.3855017 0.3386388 0.0000000 0.2620354 0.1987462 0.2089371 0.2911059 0.4407776 0.3626025 0.1694349 0.4141804 0.2322097 0.1737569 0.2655020 0.1959046 0.2529978 0.3286506 0.4525776 
yHAB133_Kazachstania_unispora       0.3027370 0.9845035 0.4037413 0.3496310 0.3368973 0.2620354 0.0000000 0.2884159 0.2376609 0.0770986 0.3959085 0.4215369 0.2365028 0.3318487 0.3057272 0.2641322 0.0532306 0.3006975 0.0534146 0.3117224 0.4448682 
yHAB134_Kazachstania_turicensis     0.2185725 0.9623061 0.2707092 0.3155282 0.2826099 0.1987462 0.2884159 0.0000000 0.2170219 0.3126048 0.4747144 0.3048433 0.1473765 0.4139507 0.1787352 0.1999355 0.3158493 0.1138758 0.3017155 0.3274511 0.3636181 
yHAB136_Kazachstania_bromeliacearum 0.2388598 0.9465972 0.3159370 0.2823545 0.2751702 0.2089371 0.2376609 0.2170219 0.0000000 0.2681542 0.3950399 0.3440933 0.2361060 0.3298167 0.2629694 0.1935542 0.2646962 0.2282299 0.2609488 0.2737140 0.4012503 
yHAB143_Kazachstania_siamensis      0.3350377 1.0795540 0.4175511 0.3774560 0.3590271 0.2911059 0.0770986 0.3126048 0.2681542 0.0000000 0.4422448 0.4587361 0.2611829 0.3548152 0.3172397 0.3052864 0.0913527 0.3224828 0.0916878 0.3294120 0.4415790 
yHAB147_Kazachstania_taianensis     0.5032164 0.9868924 0.5549021 0.5226828 0.4819837 0.4407776 0.3959085 0.4747144 0.3950399 0.4422448 0.0000000 0.5222753 0.4606064 0.5179408 0.4487587 0.4582294 0.4348425 0.4302264 0.4368046 0.4697609 0.4957099 
yHAB148_Kazachstania_intestinalis   0.3793735 0.9462138 0.3850250 0.3805328 0.3743350 0.3626025 0.4215369 0.3048433 0.3440933 0.4587361 0.5222753 0.0000000 0.3346533 0.4497757 0.2933393 0.2965484 0.4656427 0.3542613 0.4568409 0.4495423 0.5281634 
yHAB153_Kazachstania_rosinii        0.1734663 0.9421727 0.2343619 0.2835611 0.3073416 0.1694349 0.2365028 0.1473765 0.2361060 0.2611829 0.4606064 0.3346533 0.0000000 0.3800104 0.1699092 0.1638105 0.2414501 0.1557737 0.2292215 0.2886273 0.3858386 
yHAB154_Kazachstania_transvaalensis 0.4234769 1.0692793 0.4933024 0.4088251 0.3851422 0.4141804 0.3318487 0.4139507 0.3298167 0.3548152 0.5179408 0.4497757 0.3800104 0.0000000 0.4183093 0.4167105 0.3238149 0.4207072 0.3375819 0.0937141 0.5730414 
yHAB155_Kazachstania_spencerorum    0.2623946 0.8606314 0.3065834 0.3218514 0.3260343 0.2322097 0.3057272 0.1787352 0.2629694 0.3172397 0.4487587 0.2933393 0.1699092 0.4183093 0.0000000 0.2152329 0.3336556 0.2010772 0.3162487 0.3706483 0.4503775 
yHAB158_Kazachstania_viticola       0.2144564 0.8719168 0.2933810 0.3118415 0.2913228 0.1737569 0.2641322 0.1999355 0.1935542 0.3052864 0.4582294 0.2965484 0.1638105 0.4167105 0.2152329 0.0000000 0.3092921 0.2023370 0.2956249 0.3379969 0.4263147 
yHAB159_Kazachstania_solicola       0.3361351 0.9819569 0.3971567 0.3701840 0.3521243 0.2655020 0.0532306 0.3158493 0.2646962 0.0913527 0.4348425 0.4656427 0.2414501 0.3238149 0.3336556 0.3092921 0.0000000 0.3134389 0.0100777 0.3195432 0.4376404 
yHAB160_Kazachstania_kunashirensis  0.2489143 0.9744877 0.2961490 0.3004463 0.2851902 0.1959046 0.3006975 0.1138758 0.2282299 0.3224828 0.4302264 0.3542613 0.1557737 0.4207072 0.2010772 0.2023370 0.3134389 0.0000000 0.2960311 0.3343233 0.4207593 
yHAB164_Kazachstania_aerobia        0.3326290 0.9942463 0.3991040 0.3723449 0.3366414 0.2529978 0.0534146 0.3017155 0.2609488 0.0916878 0.4368046 0.4568409 0.2292215 0.3375819 0.3162487 0.2956249 0.0100777 0.2960311 0.0000000 0.3220810 0.4392613 
yHAB166_Kazachstania_yakushimaensis 0.3483612 1.0718668 0.4299506 0.3437370 0.3353148 0.3286506 0.3117224 0.3274511 0.2737140 0.3294120 0.4697609 0.4495423 0.2886273 0.0937141 0.3706483 0.3379969 0.3195432 0.3343233 0.3220810 0.0000000 0.4902955 
yHMPu5000035629_Yueomyces_sinensis  0.3702289 1.0770955 0.4777645 0.3977384 0.2684586 0.4525776 0.4448682 0.3636181 0.4012503 0.4415790 0.4957099 0.5281634 0.3858386 0.5730414 0.4503775 0.4263147 0.4376404 0.4207593 0.4392613 0.4902955 0.0000000 
