21
Kazachstania_africana               0.0000000 0.1383924 0.1183955 0.1145677 0.1784945 0.0934068 0.0958760 0.1073012 0.1165477 0.1316672 0.2495921 0.1402593 0.0966764 0.2663213 0.1087928 0.0895531 0.0969818 0.1079364 0.1004990 0.1864546 0.1991897 
Kazachstania_naganishii             0.1383924 0.0000000 0.1212494 0.1633181 0.2098963 0.1253518 0.1354493 0.1417761 0.1459258 0.1513752 0.2515043 0.1255177 0.1320522 0.2671884 0.1265987 0.1176287 0.1397737 0.1500242 0.1476112 0.2120428 0.1989038 
Naumovozyma_castellii               0.1183955 0.1212494 0.0000000 0.0875834 0.1741738 0.1250982 0.1269071 0.1011101 0.1051261 0.1528832 0.2880331 0.1385845 0.0934358 0.3048297 0.1129160 0.1180619 0.1340104 0.1245146 0.1399791 0.2011652 0.1936093 
Naumovozyma_dairenensis             0.1145677 0.1633181 0.0875834 0.0000000 0.1863621 0.1341370 0.1150830 0.1332481 0.0994635 0.1213465 0.2853932 0.1326736 0.1231644 0.2906191 0.1344084 0.1108069 0.1140515 0.1094831 0.1186852 0.2218911 0.2169669 
Tetrapisispora_blattae              0.1784945 0.2098963 0.1741738 0.1863621 0.0000000 0.1989157 0.1948485 0.1974224 0.1685366 0.1862154 0.2375847 0.2100441 0.1830617 0.3076499 0.1991950 0.1767924 0.1862206 0.1777141 0.1965634 0.2628507 0.1961736 
yHAB132_Kazachstania_martiniae      0.0934068 0.1253518 0.1250982 0.1341370 0.1989157 0.0000000 0.1110308 0.1052434 0.1280351 0.1459929 0.2587375 0.1340554 0.0702182 0.2895453 0.0881212 0.0837536 0.1194118 0.1072272 0.1231386 0.2059498 0.2097416 
yHAB133_Kazachstania_unispora       0.0958760 0.1354493 0.1269071 0.1150830 0.1948485 0.1110308 0.0000000 0.1059102 0.0783739 0.0657343 0.2348150 0.1135788 0.0949253 0.2513071 0.1015350 0.0990012 0.0199807 0.1089450 0.0251025 0.1708395 0.2063238 
yHAB134_Kazachstania_turicensis     0.1073012 0.1417761 0.1011101 0.1332481 0.1974224 0.1052434 0.1059102 0.0000000 0.1137329 0.1393062 0.2685906 0.1060218 0.0706856 0.2697578 0.0662079 0.0985722 0.1094319 0.0865793 0.1133074 0.1878157 0.1820464 
yHAB136_Kazachstania_bromeliacearum 0.1165477 0.1459258 0.1051261 0.0994635 0.1685366 0.1280351 0.0783739 0.1137329 0.0000000 0.1185036 0.2478473 0.1210198 0.1104138 0.2683054 0.1310668 0.1206764 0.0916369 0.1118186 0.0945417 0.1757058 0.2052253 
yHAB143_Kazachstania_siamensis      0.1316672 0.1513752 0.1528832 0.1213465 0.1862154 0.1459929 0.0657343 0.1393062 0.1185036 0.0000000 0.2300816 0.1355582 0.1287969 0.2719455 0.1436028 0.1276099 0.0685171 0.1265811 0.0743093 0.1884290 0.1893139 
yHAB147_Kazachstania_taianensis     0.2495921 0.2515043 0.2880331 0.2853932 0.2375847 0.2587375 0.2348150 0.2685906 0.2478473 0.2300816 0.0000000 0.2734950 0.2391794 0.3099102 0.2856048 0.2305448 0.2362300 0.2818153 0.2404746 0.3171209 0.2888614 
yHAB148_Kazachstania_intestinalis   0.1402593 0.1255177 0.1385845 0.1326736 0.2100441 0.1340554 0.1135788 0.1060218 0.1210198 0.1355582 0.2734950 0.0000000 0.1064237 0.2593780 0.1132568 0.0957543 0.1135332 0.1200417 0.1173788 0.2094604 0.1811644 
yHAB153_Kazachstania_rosinii        0.0966764 0.1320522 0.0934358 0.1231644 0.1830617 0.0702182 0.0949253 0.0706856 0.1104138 0.1287969 0.2391794 0.1064237 0.0000000 0.2677486 0.0713007 0.0831121 0.0954275 0.0807713 0.1033393 0.1727749 0.1834406 
yHAB154_Kazachstania_transvaalensis 0.2663213 0.2671884 0.3048297 0.2906191 0.3076499 0.2895453 0.2513071 0.2697578 0.2683054 0.2719455 0.3099102 0.2593780 0.2677486 0.0000000 0.2696925 0.2421417 0.2461785 0.2865584 0.2432441 0.1705895 0.2933857 
yHAB155_Kazachstania_spencerorum    0.1087928 0.1265987 0.1129160 0.1344084 0.1991950 0.0881212 0.1015350 0.0662079 0.1310668 0.1436028 0.2856048 0.1132568 0.0713007 0.2696925 0.0000000 0.0924275 0.1080945 0.0915550 0.1051469 0.1880775 0.1896576 
yHAB158_Kazachstania_viticola       0.0895531 0.1176287 0.1180619 0.1108069 0.1767924 0.0837536 0.0990012 0.0985722 0.1206764 0.1276099 0.2305448 0.0957543 0.0831121 0.2421417 0.0924275 0.0000000 0.0985939 0.1042253 0.1020840 0.2022736 0.1487757 
yHAB159_Kazachstania_solicola       0.0969818 0.1397737 0.1340104 0.1140515 0.1862206 0.1194118 0.0199807 0.1094319 0.0916369 0.0685171 0.2362300 0.1135332 0.0954275 0.2461785 0.1080945 0.0985939 0.0000000 0.1030188 0.0099142 0.1786101 0.1903003 
yHAB160_Kazachstania_kunashirensis  0.1079364 0.1500242 0.1245146 0.1094831 0.1777141 0.1072272 0.1089450 0.0865793 0.1118186 0.1265811 0.2818153 0.1200417 0.0807713 0.2865584 0.0915550 0.1042253 0.1030188 0.0000000 0.1132638 0.1852487 0.1889713 
yHAB164_Kazachstania_aerobia        0.1004990 0.1476112 0.1399791 0.1186852 0.1965634 0.1231386 0.0251025 0.1133074 0.0945417 0.0743093 0.2404746 0.1173788 0.1033393 0.2432441 0.1051469 0.1020840 0.0099142 0.1132638 0.0000000 0.1785852 0.1868876 
yHAB166_Kazachstania_yakushimaensis 0.1864546 0.2120428 0.2011652 0.2218911 0.2628507 0.2059498 0.1708395 0.1878157 0.1757058 0.1884290 0.3171209 0.2094604 0.1727749 0.1705895 0.1880775 0.2022736 0.1786101 0.1852487 0.1785852 0.0000000 0.2361351 
yHMPu5000035629_Yueomyces_sinensis  0.1991897 0.1989038 0.1936093 0.2169669 0.1961736 0.2097416 0.2063238 0.1820464 0.2052253 0.1893139 0.2888614 0.1811644 0.1834406 0.2933857 0.1896576 0.1487757 0.1903003 0.1889713 0.1868876 0.2361351 0.0000000 
