21
Kazachstania_africana               0.0000000 0.0738894 0.0744557 0.0870446 0.0710335 0.0672026 0.0748155 0.0921877 0.0801845 0.0721161 0.0622540 0.0840187 0.0671348 0.0596174 0.0761546 0.0642316 0.0811763 0.0814075 0.0807794 0.0593896 0.0844598 
Kazachstania_naganishii             0.0738894 0.0000000 0.0624667 0.0735430 0.0850648 0.0739482 0.0783541 0.0770121 0.0636388 0.0779172 0.0594374 0.0910637 0.0711954 0.0728865 0.0869332 0.0670489 0.0876206 0.0760603 0.0827799 0.0805652 0.0938215 
Naumovozyma_castellii               0.0744557 0.0624667 0.0000000 0.0418266 0.0749923 0.0571783 0.0564004 0.0701947 0.0463006 0.0557183 0.0500659 0.0880413 0.0662706 0.0593329 0.0635121 0.0488653 0.0632155 0.0728316 0.0647963 0.0625513 0.0863697 
Naumovozyma_dairenensis             0.0870446 0.0735430 0.0418266 0.0000000 0.0772294 0.0723405 0.0622286 0.0765963 0.0541985 0.0671204 0.0661125 0.0943069 0.0729396 0.0719340 0.0744759 0.0705791 0.0667375 0.0832662 0.0656450 0.0710053 0.0842316 
Tetrapisispora_blattae              0.0710335 0.0850648 0.0749923 0.0772294 0.0000000 0.0807025 0.0839237 0.0714591 0.0812146 0.0793315 0.0789230 0.0892933 0.0723445 0.0826076 0.0787301 0.0918725 0.0870111 0.0928248 0.0868378 0.0773001 0.0607690 
yHAB132_Kazachstania_martiniae      0.0672026 0.0739482 0.0571783 0.0723405 0.0807025 0.0000000 0.0658703 0.0828147 0.0672905 0.0683656 0.0640860 0.0884736 0.0642207 0.0696685 0.0684733 0.0634514 0.0714332 0.0744777 0.0710508 0.0713041 0.0852030 
yHAB133_Kazachstania_unispora       0.0748155 0.0783541 0.0564004 0.0622286 0.0839237 0.0658703 0.0000000 0.0793066 0.0584119 0.0280484 0.0632329 0.0931025 0.0704012 0.0536897 0.0749470 0.0709642 0.0179104 0.0712152 0.0236516 0.0577261 0.0917914 
yHAB134_Kazachstania_turicensis     0.0921877 0.0770121 0.0701947 0.0765963 0.0714591 0.0828147 0.0793066 0.0000000 0.0764829 0.0718301 0.0709910 0.0936976 0.0590542 0.0817424 0.0707392 0.0872631 0.0728757 0.0562180 0.0729674 0.0824238 0.0680866 
yHAB136_Kazachstania_bromeliacearum 0.0801845 0.0636388 0.0463006 0.0541985 0.0812146 0.0672905 0.0584119 0.0764829 0.0000000 0.0536339 0.0559189 0.0962686 0.0701870 0.0617273 0.0763394 0.0674163 0.0588290 0.0680653 0.0561912 0.0672464 0.0953023 
yHAB143_Kazachstania_siamensis      0.0721161 0.0779172 0.0557183 0.0671204 0.0793315 0.0683656 0.0280484 0.0718301 0.0536339 0.0000000 0.0514746 0.0941302 0.0695213 0.0513431 0.0676561 0.0712398 0.0329689 0.0710722 0.0341543 0.0526362 0.0931682 
yHAB147_Kazachstania_taianensis     0.0622540 0.0594374 0.0500659 0.0661125 0.0789230 0.0640860 0.0632329 0.0709910 0.0559189 0.0514746 0.0000000 0.0868046 0.0662931 0.0482736 0.0694544 0.0552273 0.0701839 0.0771111 0.0646585 0.0495551 0.0833846 
yHAB148_Kazachstania_intestinalis   0.0840187 0.0910637 0.0880413 0.0943069 0.0892933 0.0884736 0.0931025 0.0936976 0.0962686 0.0941302 0.0868046 0.0000000 0.0688293 0.0898280 0.0792017 0.0783806 0.0908667 0.0886164 0.0920295 0.0867028 0.0946785 
yHAB153_Kazachstania_rosinii        0.0671348 0.0711954 0.0662706 0.0729396 0.0723445 0.0642207 0.0704012 0.0590542 0.0701870 0.0695213 0.0662931 0.0688293 0.0000000 0.0753826 0.0603672 0.0651497 0.0650452 0.0592290 0.0683762 0.0770641 0.0752906 
yHAB154_Kazachstania_transvaalensis 0.0596174 0.0728865 0.0593329 0.0719340 0.0826076 0.0696685 0.0536897 0.0817424 0.0617273 0.0513431 0.0482736 0.0898280 0.0753826 0.0000000 0.0647690 0.0647743 0.0578489 0.0876644 0.0575027 0.0133138 0.0932173 
yHAB155_Kazachstania_spencerorum    0.0761546 0.0869332 0.0635121 0.0744759 0.0787301 0.0684733 0.0749470 0.0707392 0.0763394 0.0676561 0.0694544 0.0792017 0.0603672 0.0647690 0.0000000 0.0711363 0.0764352 0.0679278 0.0720043 0.0654098 0.0893499 
yHAB158_Kazachstania_viticola       0.0642316 0.0670489 0.0488653 0.0705791 0.0918725 0.0634514 0.0709642 0.0872631 0.0674163 0.0712398 0.0552273 0.0783806 0.0651497 0.0647743 0.0711363 0.0000000 0.0730070 0.0753040 0.0753988 0.0678213 0.0906127 
yHAB159_Kazachstania_solicola       0.0811763 0.0876206 0.0632155 0.0667375 0.0870111 0.0714332 0.0179104 0.0728757 0.0588290 0.0329689 0.0701839 0.0908667 0.0650452 0.0578489 0.0764352 0.0730070 0.0000000 0.0685335 0.0067862 0.0616540 0.0930546 
yHAB160_Kazachstania_kunashirensis  0.0814075 0.0760603 0.0728316 0.0832662 0.0928248 0.0744777 0.0712152 0.0562180 0.0680653 0.0710722 0.0771111 0.0886164 0.0592290 0.0876644 0.0679278 0.0753040 0.0685335 0.0000000 0.0711399 0.0915256 0.0952157 
yHAB164_Kazachstania_aerobia        0.0807794 0.0827799 0.0647963 0.0656450 0.0868378 0.0710508 0.0236516 0.0729674 0.0561912 0.0341543 0.0646585 0.0920295 0.0683762 0.0575027 0.0720043 0.0753988 0.0067862 0.0711399 0.0000000 0.0602004 0.0915916 
yHAB166_Kazachstania_yakushimaensis 0.0593896 0.0805652 0.0625513 0.0710053 0.0773001 0.0713041 0.0577261 0.0824238 0.0672464 0.0526362 0.0495551 0.0867028 0.0770641 0.0133138 0.0654098 0.0678213 0.0616540 0.0915256 0.0602004 0.0000000 0.0905147 
yHMPu5000035629_Yueomyces_sinensis  0.0844598 0.0938215 0.0863697 0.0842316 0.0607690 0.0852030 0.0917914 0.0680866 0.0953023 0.0931682 0.0833846 0.0946785 0.0752906 0.0932173 0.0893499 0.0906127 0.0930546 0.0952157 0.0915916 0.0905147 0.0000000 
