21
Kazachstania_africana               0.0000000 0.2149390 0.2202333 0.2374374 0.2545603 0.2128102 0.2064569 0.2272087 0.2238059 0.2019216 0.2044010 0.3591899 0.2136630 0.2256084 0.2484587 0.1963030 0.2275815 0.2021823 0.2252185 0.2456492 0.2539045 
Kazachstania_naganishii             0.2149390 0.0000000 0.2331830 0.2507284 0.2863310 0.2336137 0.1789270 0.2487773 0.1642849 0.1976470 0.1629687 0.3750861 0.2387080 0.2109736 0.2434129 0.2440474 0.1902697 0.2108976 0.1854164 0.2109720 0.2992908 
Naumovozyma_castellii               0.2202333 0.2331830 0.0000000 0.1042251 0.2035175 0.1703990 0.1932243 0.1790044 0.1947113 0.2079038 0.1784481 0.3676514 0.1982831 0.2157900 0.2077377 0.1478770 0.2227241 0.1669277 0.2142855 0.2290551 0.2097792 
Naumovozyma_dairenensis             0.2374374 0.2507284 0.1042251 0.0000000 0.1816202 0.1976306 0.2193248 0.2072966 0.2023420 0.2196469 0.1892604 0.4287548 0.2318443 0.2612040 0.2035273 0.2013511 0.2415815 0.1942118 0.2309322 0.2743530 0.2094610 
Tetrapisispora_blattae              0.2545603 0.2863310 0.2035175 0.1816202 0.0000000 0.2139039 0.2309419 0.2141325 0.2140362 0.2374814 0.2303012 0.4328123 0.2539343 0.2879800 0.2289921 0.2296734 0.2375485 0.2343741 0.2319566 0.2891762 0.1194869 
yHAB132_Kazachstania_martiniae      0.2128102 0.2336137 0.1703990 0.1976306 0.2139039 0.0000000 0.1806281 0.2155069 0.1971780 0.1972718 0.1786668 0.3577370 0.2317603 0.2074220 0.2005696 0.2049421 0.2023958 0.2148552 0.1927513 0.2278550 0.2452153 
yHAB133_Kazachstania_unispora       0.2064569 0.1789270 0.1932243 0.2193248 0.2309419 0.1806281 0.0000000 0.2038601 0.1252553 0.0658154 0.1101244 0.3345429 0.2165248 0.1389325 0.2377823 0.2052358 0.0307768 0.2121787 0.0285496 0.1423726 0.2502103 
yHAB134_Kazachstania_turicensis     0.2272087 0.2487773 0.1790044 0.2072966 0.2141325 0.2155069 0.2038601 0.0000000 0.1942605 0.2295471 0.1866000 0.4030020 0.2070125 0.2299534 0.1814127 0.1974363 0.2332311 0.1103973 0.2295015 0.2456876 0.2268935 
yHAB136_Kazachstania_bromeliacearum 0.2238059 0.1642849 0.1947113 0.2023420 0.2140362 0.1971780 0.1252553 0.1942605 0.0000000 0.1595063 0.1198742 0.3527304 0.2221025 0.2046415 0.2235943 0.2164066 0.1297999 0.2100670 0.1233140 0.1894159 0.2375960 
yHAB143_Kazachstania_siamensis      0.2019216 0.1976470 0.2079038 0.2196469 0.2374814 0.1972718 0.0658154 0.2295471 0.1595063 0.0000000 0.1275408 0.3333305 0.2313464 0.1369321 0.2499071 0.2170907 0.0777988 0.2389440 0.0769813 0.1370621 0.2511895 
yHAB147_Kazachstania_taianensis     0.2044010 0.1629687 0.1784481 0.1892604 0.2303012 0.1786668 0.1101244 0.1866000 0.1198742 0.1275408 0.0000000 0.3404203 0.2018007 0.1544917 0.2045521 0.2041329 0.1241875 0.1881176 0.1207911 0.1433828 0.2373414 
yHAB148_Kazachstania_intestinalis   0.3591899 0.3750861 0.3676514 0.4287548 0.4328123 0.3577370 0.3345429 0.4030020 0.3527304 0.3333305 0.3404203 0.0000000 0.4204309 0.3290445 0.3965389 0.3646455 0.3372078 0.3807122 0.3339348 0.3244399 0.4562419 
yHAB153_Kazachstania_rosinii        0.2136630 0.2387080 0.1982831 0.2318443 0.2539343 0.2317603 0.2165248 0.2070125 0.2221025 0.2313464 0.2018007 0.4204309 0.0000000 0.2308081 0.2053248 0.1611118 0.2291343 0.1931753 0.2283741 0.2487119 0.2786000 
yHAB154_Kazachstania_transvaalensis 0.2256084 0.2109736 0.2157900 0.2612040 0.2879800 0.2074220 0.1389325 0.2299534 0.2046415 0.1369321 0.1544917 0.3290445 0.2308081 0.0000000 0.2775771 0.2171457 0.1525764 0.2160984 0.1500985 0.0625580 0.2795658 
yHAB155_Kazachstania_spencerorum    0.2484587 0.2434129 0.2077377 0.2035273 0.2289921 0.2005696 0.2377823 0.1814127 0.2235943 0.2499071 0.2045521 0.3965389 0.2053248 0.2775771 0.0000000 0.1860013 0.2489560 0.2057811 0.2420699 0.2933142 0.2574782 
yHAB158_Kazachstania_viticola       0.1963030 0.2440474 0.1478770 0.2013511 0.2296734 0.2049421 0.2052358 0.1974363 0.2164066 0.2170907 0.2041329 0.3646455 0.1611118 0.2171457 0.1860013 0.0000000 0.2159689 0.2089490 0.2059434 0.2429529 0.2274898 
yHAB159_Kazachstania_solicola       0.2275815 0.1902697 0.2227241 0.2415815 0.2375485 0.2023958 0.0307768 0.2332311 0.1297999 0.0777988 0.1241875 0.3372078 0.2291343 0.1525764 0.2489560 0.2159689 0.0000000 0.2367270 0.0074486 0.1496657 0.2757522 
yHAB160_Kazachstania_kunashirensis  0.2021823 0.2108976 0.1669277 0.1942118 0.2343741 0.2148552 0.2121787 0.1103973 0.2100670 0.2389440 0.1881176 0.3807122 0.1931753 0.2160984 0.2057811 0.2089490 0.2367270 0.0000000 0.2322491 0.2441829 0.2289121 
yHAB164_Kazachstania_aerobia        0.2252185 0.1854164 0.2142855 0.2309322 0.2319566 0.1927513 0.0285496 0.2295015 0.1233140 0.0769813 0.1207911 0.3339348 0.2283741 0.1500985 0.2420699 0.2059434 0.0074486 0.2322491 0.0000000 0.1471749 0.2727467 
yHAB166_Kazachstania_yakushimaensis 0.2456492 0.2109720 0.2290551 0.2743530 0.2891762 0.2278550 0.1423726 0.2456876 0.1894159 0.1370621 0.1433828 0.3244399 0.2487119 0.0625580 0.2933142 0.2429529 0.1496657 0.2441829 0.1471749 0.0000000 0.2896094 
yHMPu5000035629_Yueomyces_sinensis  0.2539045 0.2992908 0.2097792 0.2094610 0.1194869 0.2452153 0.2502103 0.2268935 0.2375960 0.2511895 0.2373414 0.4562419 0.2786000 0.2795658 0.2574782 0.2274898 0.2757522 0.2289121 0.2727467 0.2896094 0.0000000 
