21
Kazachstania_africana               0.0000000 0.5757758 0.2870363 0.3780183 0.4430846 0.2192748 0.5178386 0.4483387 0.2396347 0.5506967 0.4627508 0.3079677 0.2188756 0.6721641 0.1671138 0.2259836 0.5451599 0.2399755 0.5473933 0.6855287 0.4455914 
Kazachstania_naganishii             0.5757758 0.0000000 0.7109754 0.7000613 0.7885091 0.5595406 0.7216379 0.8112368 0.5941172 0.7197201 0.5524426 0.5785997 0.5810120 0.8280788 0.6249612 0.6165394 0.7765949 0.5742065 0.7953690 0.8175271 0.8735392 
Naumovozyma_castellii               0.2870363 0.7109754 0.0000000 0.2465903 0.4296392 0.2527958 0.6243666 0.4082281 0.3290351 0.6914151 0.5526158 0.4023363 0.3062273 0.7755954 0.2985793 0.3055418 0.6556350 0.2615801 0.6725691 0.7094560 0.5046918 
Naumovozyma_dairenensis             0.3780183 0.7000613 0.2465903 0.0000000 0.4785334 0.3113300 0.6013069 0.4666462 0.3880467 0.6905467 0.5338647 0.4065589 0.4292331 0.6839709 0.4062446 0.3682158 0.5889271 0.3645498 0.5973966 0.6728082 0.4978064 
Tetrapisispora_blattae              0.4430846 0.7885091 0.4296392 0.4785334 0.0000000 0.4362297 0.7520483 0.5649599 0.4485368 0.7725842 0.6285978 0.4524384 0.4613572 0.6381834 0.4272266 0.3870444 0.7471230 0.3860003 0.7480378 0.6418411 0.3779131 
yHAB132_Kazachstania_martiniae      0.2192748 0.5595406 0.2527958 0.3113300 0.4362297 0.0000000 0.5530170 0.4091932 0.2332516 0.6020035 0.4634746 0.3148724 0.2314263 0.6240980 0.2299771 0.2366277 0.5859889 0.2126741 0.5875732 0.6803853 0.4887688 
yHAB133_Kazachstania_unispora       0.5178386 0.7216379 0.6243666 0.6013069 0.7520483 0.5530170 0.0000000 0.7671855 0.4943107 0.1133758 0.5495472 0.6525947 0.5544151 0.6732474 0.6059779 0.5788635 0.0409317 0.5771733 0.0393570 0.6779354 0.6461940 
yHAB134_Kazachstania_turicensis     0.4483387 0.8112368 0.4082281 0.4666462 0.5649599 0.4091932 0.7671855 0.0000000 0.4781759 0.8732949 0.6218712 0.5365210 0.4082739 0.8529259 0.4216128 0.4697748 0.7928116 0.3632529 0.7901420 0.8368766 0.6305401 
yHAB136_Kazachstania_bromeliacearum 0.2396347 0.5941172 0.3290351 0.3880467 0.4485368 0.2332516 0.4943107 0.4781759 0.0000000 0.5664667 0.4240177 0.3800360 0.2691612 0.6072133 0.2749373 0.2637425 0.5216560 0.2533239 0.5155142 0.6523969 0.5960311 
yHAB143_Kazachstania_siamensis      0.5506967 0.7197201 0.6914151 0.6905467 0.7725842 0.6020035 0.1133758 0.8732949 0.5664667 0.0000000 0.5959625 0.6926834 0.5718723 0.7430118 0.6499780 0.6031486 0.1500579 0.5941569 0.1509456 0.7139611 0.6366938 
yHAB147_Kazachstania_taianensis     0.4627508 0.5524426 0.5526158 0.5338647 0.6285978 0.4634746 0.5495472 0.6218712 0.4240177 0.5959625 0.0000000 0.5238719 0.4219724 0.6612310 0.4488913 0.4760827 0.5402194 0.4245553 0.5360525 0.6735049 0.7339366 
yHAB148_Kazachstania_intestinalis   0.3079677 0.5785997 0.4023363 0.4065589 0.4524384 0.3148724 0.6525947 0.5365210 0.3800360 0.6926834 0.5238719 0.0000000 0.3703424 0.6532261 0.2979001 0.3590390 0.6625499 0.3414477 0.6946634 0.6867024 0.5684104 
yHAB153_Kazachstania_rosinii        0.2188756 0.5810120 0.3062273 0.4292331 0.4613572 0.2314263 0.5544151 0.4082739 0.2691612 0.5718723 0.4219724 0.3703424 0.0000000 0.6425076 0.1719562 0.2963285 0.5893677 0.1286863 0.5961928 0.6827337 0.5327380 
yHAB154_Kazachstania_transvaalensis 0.6721641 0.8280788 0.7755954 0.6839709 0.6381834 0.6240980 0.6732474 0.8529259 0.6072133 0.7430118 0.6612310 0.6532261 0.6425076 0.0000000 0.6391011 0.6166964 0.6624065 0.6597528 0.6753685 0.0650341 0.6559939 
yHAB155_Kazachstania_spencerorum    0.1671138 0.6249612 0.2985793 0.4062446 0.4272266 0.2299771 0.6059779 0.4216128 0.2749373 0.6499780 0.4488913 0.2979001 0.1719562 0.6391011 0.0000000 0.2670384 0.6295614 0.1697147 0.6370946 0.6801200 0.5379193 
yHAB158_Kazachstania_viticola       0.2259836 0.6165394 0.3055418 0.3682158 0.3870444 0.2366277 0.5788635 0.4697748 0.2637425 0.6031486 0.4760827 0.3590390 0.2963285 0.6166964 0.2670384 0.0000000 0.6218596 0.2866084 0.6135918 0.6446185 0.5311472 
yHAB159_Kazachstania_solicola       0.5451599 0.7765949 0.6556350 0.5889271 0.7471230 0.5859889 0.0409317 0.7928116 0.5216560 0.1500579 0.5402194 0.6625499 0.5893677 0.6624065 0.6295614 0.6218596 0.0000000 0.6050125 0.0208911 0.6555706 0.6936316 
yHAB160_Kazachstania_kunashirensis  0.2399755 0.5742065 0.2615801 0.3645498 0.3860003 0.2126741 0.5771733 0.3632529 0.2533239 0.5941569 0.4245553 0.3414477 0.1286863 0.6597528 0.1697147 0.2866084 0.6050125 0.0000000 0.5965065 0.6892096 0.4674174 
yHAB164_Kazachstania_aerobia        0.5473933 0.7953690 0.6725691 0.5973966 0.7480378 0.5875732 0.0393570 0.7901420 0.5155142 0.1509456 0.5360525 0.6946634 0.5961928 0.6753685 0.6370946 0.6135918 0.0208911 0.5965065 0.0000000 0.6724714 0.6784926 
yHAB166_Kazachstania_yakushimaensis 0.6855287 0.8175271 0.7094560 0.6728082 0.6418411 0.6803853 0.6779354 0.8368766 0.6523969 0.7139611 0.6735049 0.6867024 0.6827337 0.0650341 0.6801200 0.6446185 0.6555706 0.6892096 0.6724714 0.0000000 0.6308689 
yHMPu5000035629_Yueomyces_sinensis  0.4455914 0.8735392 0.5046918 0.4978064 0.3779131 0.4887688 0.6461940 0.6305401 0.5960311 0.6366938 0.7339366 0.5684104 0.5327380 0.6559939 0.5379193 0.5311472 0.6936316 0.4674174 0.6784926 0.6308689 0.0000000 
