21
Kazachstania_africana               0.0000000 0.1631642 0.1232076 0.1281376 0.1268943 0.1335051 0.1521140 0.1154743 0.1158550 0.1425665 0.1247315 0.1512002 0.0974148 0.1377572 0.1100849 0.1075296 0.1425862 0.1149217 0.1462936 0.1431028 0.1261076 
Kazachstania_naganishii             0.1631642 0.0000000 0.1034996 0.1112244 0.1428284 0.1154387 0.1242692 0.1412459 0.0921398 0.1110253 0.0933412 0.1395929 0.1133501 0.0952910 0.1559956 0.1204123 0.1388084 0.1490656 0.1389092 0.0953235 0.1637356 
Naumovozyma_castellii               0.1232076 0.1034996 0.0000000 0.0624474 0.1069503 0.0772143 0.0986808 0.0864394 0.0965533 0.0955346 0.0845927 0.1005974 0.0866496 0.0935072 0.1163659 0.0913294 0.0948765 0.1048198 0.0975436 0.0917212 0.1273324 
Naumovozyma_dairenensis             0.1281376 0.1112244 0.0624474 0.0000000 0.1312542 0.0808312 0.1246858 0.1261364 0.0880827 0.1086012 0.0740872 0.1144043 0.0885833 0.1036745 0.1197010 0.0804903 0.1215690 0.1265810 0.1251777 0.1018089 0.1446943 
Tetrapisispora_blattae              0.1268943 0.1428284 0.1069503 0.1312542 0.0000000 0.1114952 0.1318129 0.1237787 0.1105653 0.1193749 0.1224797 0.1204423 0.1157435 0.1196080 0.1105686 0.1297413 0.1361099 0.1327479 0.1334218 0.1184312 0.0776275 
yHAB132_Kazachstania_martiniae      0.1335051 0.1154387 0.0772143 0.0808312 0.1114952 0.0000000 0.1071696 0.1040762 0.0780945 0.0944963 0.0768831 0.1207335 0.0980924 0.1051062 0.1001454 0.0905601 0.0990118 0.1042051 0.1023882 0.0978389 0.1390069 
yHAB133_Kazachstania_unispora       0.1521140 0.1242692 0.0986808 0.1246858 0.1318129 0.1071696 0.0000000 0.1085730 0.0697573 0.0305819 0.0607847 0.0996839 0.1060005 0.0684108 0.1184553 0.1137243 0.0310801 0.1193890 0.0289547 0.0724547 0.1424120 
yHAB134_Kazachstania_turicensis     0.1154743 0.1412459 0.0864394 0.1261364 0.1237787 0.1040762 0.1085730 0.0000000 0.0915559 0.0995379 0.1018020 0.1167031 0.0837120 0.0932276 0.0889655 0.1069101 0.1088291 0.0556228 0.1091724 0.0934809 0.1227340 
yHAB136_Kazachstania_bromeliacearum 0.1158550 0.0921398 0.0965533 0.0880827 0.1105653 0.0780945 0.0697573 0.0915559 0.0000000 0.0701681 0.0601654 0.0836316 0.0741606 0.0786870 0.1048814 0.0896251 0.0764480 0.1064007 0.0740748 0.0827364 0.1212791 
yHAB143_Kazachstania_siamensis      0.1425665 0.1110253 0.0955346 0.1086012 0.1193749 0.0944963 0.0305819 0.0995379 0.0701681 0.0000000 0.0525595 0.0973772 0.0846918 0.0653007 0.1024738 0.1141085 0.0394686 0.1095808 0.0373225 0.0513695 0.1285089 
yHAB147_Kazachstania_taianensis     0.1247315 0.0933412 0.0845927 0.0740872 0.1224797 0.0768831 0.0607847 0.1018020 0.0601654 0.0525595 0.0000000 0.0884109 0.0869064 0.0639512 0.1115757 0.0940451 0.0608612 0.1052129 0.0632603 0.0633855 0.1288839 
yHAB148_Kazachstania_intestinalis   0.1512002 0.1395929 0.1005974 0.1144043 0.1204423 0.1207335 0.0996839 0.1167031 0.0836316 0.0973772 0.0884109 0.0000000 0.1208332 0.0962677 0.1286637 0.1254131 0.1015362 0.1253343 0.1042430 0.0881882 0.1519161 
yHAB153_Kazachstania_rosinii        0.0974148 0.1133501 0.0866496 0.0885833 0.1157435 0.0980924 0.1060005 0.0837120 0.0741606 0.0846918 0.0869064 0.1208332 0.0000000 0.0868296 0.0939224 0.0847318 0.1184327 0.0898731 0.1152065 0.0841570 0.1396681 
yHAB154_Kazachstania_transvaalensis 0.1377572 0.0952910 0.0935072 0.1036745 0.1196080 0.1051062 0.0684108 0.0932276 0.0786870 0.0653007 0.0639512 0.0962677 0.0868296 0.0000000 0.1238361 0.1057800 0.0770141 0.1171353 0.0772021 0.0327444 0.1340130 
yHAB155_Kazachstania_spencerorum    0.1100849 0.1559956 0.1163659 0.1197010 0.1105686 0.1001454 0.1184553 0.0889655 0.1048814 0.1024738 0.1115757 0.1286637 0.0939224 0.1238361 0.0000000 0.1159402 0.1036066 0.0755844 0.1062040 0.1226064 0.1287067 
yHAB158_Kazachstania_viticola       0.1075296 0.1204123 0.0913294 0.0804903 0.1297413 0.0905601 0.1137243 0.1069101 0.0896251 0.1141085 0.0940451 0.1254131 0.0847318 0.1057800 0.1159402 0.0000000 0.1097514 0.1212689 0.1124967 0.1141810 0.1463107 
yHAB159_Kazachstania_solicola       0.1425862 0.1388084 0.0948765 0.1215690 0.1361099 0.0990118 0.0310801 0.1088291 0.0764480 0.0394686 0.0608612 0.1015362 0.1184327 0.0770141 0.1036066 0.1097514 0.0000000 0.1180866 0.0019656 0.0791277 0.1367083 
yHAB160_Kazachstania_kunashirensis  0.1149217 0.1490656 0.1048198 0.1265810 0.1327479 0.1042051 0.1193890 0.0556228 0.1064007 0.1095808 0.1052129 0.1253343 0.0898731 0.1171353 0.0755844 0.1212689 0.1180866 0.0000000 0.1208573 0.1085998 0.1525727 
yHAB164_Kazachstania_aerobia        0.1462936 0.1389092 0.0975436 0.1251777 0.1334218 0.1023882 0.0289547 0.1091724 0.0740748 0.0373225 0.0632603 0.1042430 0.1152065 0.0772021 0.1062040 0.1124967 0.0019656 0.1208573 0.0000000 0.0793223 0.1340033 
yHAB166_Kazachstania_yakushimaensis 0.1431028 0.0953235 0.0917212 0.1018089 0.1184312 0.0978389 0.0724547 0.0934809 0.0827364 0.0513695 0.0633855 0.0881882 0.0841570 0.0327444 0.1226064 0.1141810 0.0791277 0.1085998 0.0793223 0.0000000 0.1497696 
yHMPu5000035629_Yueomyces_sinensis  0.1261076 0.1637356 0.1273324 0.1446943 0.0776275 0.1390069 0.1424120 0.1227340 0.1212791 0.1285089 0.1288839 0.1519161 0.1396681 0.1340130 0.1287067 0.1463107 0.1367083 0.1525727 0.1340033 0.1497696 0.0000000 
