21
Kazachstania_africana               0.0000000 0.1810271 0.1551156 0.1701922 0.2056160 0.1610880 0.1666670 0.1566347 0.1510648 0.1577734 0.1543999 0.1868407 0.1312306 0.1890648 0.1411711 0.1543558 0.1698602 0.1463103 0.1723257 0.1840018 0.2126851 
Kazachstania_naganishii             0.1810271 0.0000000 0.1741298 0.1965727 0.2187796 0.1583026 0.1414322 0.1832319 0.1269472 0.1428913 0.1272357 0.1868492 0.1612208 0.1734803 0.1693910 0.1744264 0.1439902 0.1711757 0.1444540 0.1678298 0.2236204 
Naumovozyma_castellii               0.1551156 0.1741298 0.0000000 0.1121177 0.1909864 0.1613904 0.1667920 0.1645608 0.1488139 0.1601866 0.1470021 0.1893996 0.1428012 0.1936395 0.1530860 0.1629813 0.1660935 0.1614168 0.1642110 0.1917172 0.2026127 
Naumovozyma_dairenensis             0.1701922 0.1965727 0.1121177 0.0000000 0.2029252 0.1771593 0.1853814 0.1895350 0.1728425 0.1791263 0.1671918 0.2160674 0.1774735 0.2029347 0.1659618 0.1688691 0.1860000 0.1799048 0.1844087 0.2002098 0.2168602 
Tetrapisispora_blattae              0.2056160 0.2187796 0.1909864 0.2029252 0.0000000 0.2163023 0.2102583 0.1965655 0.1969011 0.2008920 0.1952677 0.2340690 0.1997250 0.2360452 0.2020436 0.2063754 0.2045131 0.1943667 0.2090070 0.2237196 0.1388954 
yHAB132_Kazachstania_martiniae      0.1610880 0.1583026 0.1613904 0.1771593 0.2163023 0.0000000 0.1607852 0.1637510 0.1285838 0.1521866 0.1413199 0.1747185 0.1321194 0.1754912 0.1415700 0.1545085 0.1624459 0.1538460 0.1605615 0.1646683 0.2184290 
yHAB133_Kazachstania_unispora       0.1666670 0.1414322 0.1667920 0.1853814 0.2102583 0.1607852 0.0000000 0.1671387 0.1112851 0.0484261 0.1066842 0.1809926 0.1556468 0.1414603 0.1598175 0.1671580 0.0343078 0.1645560 0.0372159 0.1356509 0.2146866 
yHAB134_Kazachstania_turicensis     0.1566347 0.1832319 0.1645608 0.1895350 0.1965655 0.1637510 0.1671387 0.0000000 0.1546321 0.1634229 0.1558405 0.1909284 0.1195613 0.1889676 0.1326079 0.1733062 0.1684656 0.0807809 0.1693104 0.1837815 0.2136502 
yHAB136_Kazachstania_bromeliacearum 0.1510648 0.1269472 0.1488139 0.1728425 0.1969011 0.1285838 0.1112851 0.1546321 0.0000000 0.1122134 0.0974184 0.1639481 0.1357676 0.1415119 0.1435921 0.1502148 0.1166820 0.1490439 0.1189000 0.1306038 0.2052434 
yHAB143_Kazachstania_siamensis      0.1577734 0.1428913 0.1601866 0.1791263 0.2008920 0.1521866 0.0484261 0.1634229 0.1122134 0.0000000 0.1024508 0.1759627 0.1530365 0.1425179 0.1568250 0.1572889 0.0470715 0.1609636 0.0502870 0.1337668 0.2077895 
yHAB147_Kazachstania_taianensis     0.1543999 0.1272357 0.1470021 0.1671918 0.1952677 0.1413199 0.1066842 0.1558405 0.0974184 0.1024508 0.0000000 0.1629647 0.1439028 0.1347238 0.1467425 0.1464699 0.1037774 0.1548899 0.1069517 0.1317777 0.2051930 
yHAB148_Kazachstania_intestinalis   0.1868407 0.1868492 0.1893996 0.2160674 0.2340690 0.1747185 0.1809926 0.1909284 0.1639481 0.1759627 0.1629647 0.0000000 0.1752931 0.1944612 0.1810882 0.1848556 0.1779894 0.1939541 0.1834696 0.1904508 0.2393919 
yHAB153_Kazachstania_rosinii        0.1312306 0.1612208 0.1428012 0.1774735 0.1997250 0.1321194 0.1556468 0.1195613 0.1357676 0.1530365 0.1439028 0.1752931 0.0000000 0.1851778 0.0997269 0.1451608 0.1582778 0.1103640 0.1576584 0.1772368 0.2047322 
yHAB154_Kazachstania_transvaalensis 0.1890648 0.1734803 0.1936395 0.2029347 0.2360452 0.1754912 0.1414603 0.1889676 0.1415119 0.1425179 0.1347238 0.1944612 0.1851778 0.0000000 0.1835729 0.1908562 0.1426285 0.1957751 0.1481622 0.0489266 0.2340964 
yHAB155_Kazachstania_spencerorum    0.1411711 0.1693910 0.1530860 0.1659618 0.2020436 0.1415700 0.1598175 0.1326079 0.1435921 0.1568250 0.1467425 0.1810882 0.0997269 0.1835729 0.0000000 0.1395235 0.1652569 0.1216656 0.1643633 0.1809165 0.2075417 
yHAB158_Kazachstania_viticola       0.1543558 0.1744264 0.1629813 0.1688691 0.2063754 0.1545085 0.1671580 0.1733062 0.1502148 0.1572889 0.1464699 0.1848556 0.1451608 0.1908562 0.1395235 0.0000000 0.1704884 0.1624569 0.1704039 0.1836918 0.2233739 
yHAB159_Kazachstania_solicola       0.1698602 0.1439902 0.1660935 0.1860000 0.2045131 0.1624459 0.0343078 0.1684656 0.1166820 0.0470715 0.1037774 0.1779894 0.1582778 0.1426285 0.1652569 0.1704884 0.0000000 0.1654863 0.0075347 0.1357319 0.2098394 
yHAB160_Kazachstania_kunashirensis  0.1463103 0.1711757 0.1614168 0.1799048 0.1943667 0.1538460 0.1645560 0.0807809 0.1490439 0.1609636 0.1548899 0.1939541 0.1103640 0.1957751 0.1216656 0.1624569 0.1654863 0.0000000 0.1648993 0.1928845 0.2133624 
yHAB164_Kazachstania_aerobia        0.1723257 0.1444540 0.1642110 0.1844087 0.2090070 0.1605615 0.0372159 0.1693104 0.1189000 0.0502870 0.1069517 0.1834696 0.1576584 0.1481622 0.1643633 0.1704039 0.0075347 0.1648993 0.0000000 0.1377436 0.2105008 
yHAB166_Kazachstania_yakushimaensis 0.1840018 0.1678298 0.1917172 0.2002098 0.2237196 0.1646683 0.1356509 0.1837815 0.1306038 0.1337668 0.1317777 0.1904508 0.1772368 0.0489266 0.1809165 0.1836918 0.1357319 0.1928845 0.1377436 0.0000000 0.2305751 
yHMPu5000035629_Yueomyces_sinensis  0.2126851 0.2236204 0.2026127 0.2168602 0.1388954 0.2184290 0.2146866 0.2136502 0.2052434 0.2077895 0.2051930 0.2393919 0.2047322 0.2340964 0.2075417 0.2233739 0.2098394 0.2133624 0.2105008 0.2305751 0.0000000 
