21
Kazachstania_africana               0.0000000 0.3267696 0.2293835 0.2594192 0.3403363 0.2338064 0.2895199 0.2908772 0.2559887 0.2915011 0.3075286 0.3492165 0.2321343 0.2755215 0.2466997 0.2265898 0.3165888 0.2765290 0.3070153 0.2653650 0.4186428 
Kazachstania_naganishii             0.3267696 0.0000000 0.3318973 0.3988669 0.4431383 0.3223223 0.2714461 0.3593331 0.2530289 0.2645651 0.2649289 0.4224442 0.3169270 0.2579444 0.3424023 0.3284671 0.2714450 0.3442886 0.2737708 0.2736757 0.5076245 
Naumovozyma_castellii               0.2293835 0.3318973 0.0000000 0.1873124 0.3462280 0.2530801 0.3147425 0.3181911 0.3103847 0.3078780 0.3368166 0.3804534 0.2525478 0.3003301 0.2778129 0.2533557 0.3297324 0.3024373 0.3296288 0.3162326 0.4435097 
Naumovozyma_dairenensis             0.2594192 0.3988669 0.1873124 0.0000000 0.3412857 0.2794603 0.3403470 0.3342119 0.3203901 0.3502569 0.3709519 0.4154160 0.2818011 0.3327966 0.2922608 0.2809443 0.3657811 0.3377876 0.3640158 0.3507143 0.4579445 
Tetrapisispora_blattae              0.3403363 0.4431383 0.3462280 0.3412857 0.0000000 0.3110780 0.3877572 0.3853746 0.3645405 0.3896624 0.4342438 0.4860265 0.3211512 0.3892715 0.3376733 0.3137422 0.3895810 0.3775636 0.3902350 0.3935102 0.2873560 
yHAB132_Kazachstania_martiniae      0.2338064 0.3223223 0.2530801 0.2794603 0.3110780 0.0000000 0.2992465 0.2769132 0.2440410 0.2894877 0.3141599 0.3556562 0.2278340 0.2798699 0.2322577 0.2183771 0.3162322 0.2640165 0.3095184 0.2870767 0.4415296 
yHAB133_Kazachstania_unispora       0.2895199 0.2714461 0.3147425 0.3403470 0.3877572 0.2992465 0.0000000 0.3345594 0.2159741 0.0599874 0.2275378 0.3868607 0.3030338 0.2116876 0.3144396 0.2658779 0.0652055 0.3444633 0.0627554 0.2049741 0.4606204 
yHAB134_Kazachstania_turicensis     0.2908772 0.3593331 0.3181911 0.3342119 0.3853746 0.2769132 0.3345594 0.0000000 0.3256800 0.3425945 0.3488225 0.3823572 0.2243797 0.3028440 0.2630606 0.2577224 0.3434308 0.1865338 0.3502541 0.3085105 0.4694160 
yHAB136_Kazachstania_bromeliacearum 0.2559887 0.2530289 0.3103847 0.3203901 0.3645405 0.2440410 0.2159741 0.3256800 0.0000000 0.2261690 0.2370661 0.3834983 0.2345131 0.2259790 0.2591382 0.2400668 0.2383784 0.3060172 0.2307064 0.2305706 0.4344464 
yHAB143_Kazachstania_siamensis      0.2915011 0.2645651 0.3078780 0.3502569 0.3896624 0.2894877 0.0599874 0.3425945 0.2261690 0.0000000 0.2252789 0.3851091 0.3125064 0.2115544 0.3324206 0.2722193 0.0813384 0.3377574 0.0834076 0.2054784 0.4734864 
yHAB147_Kazachstania_taianensis     0.3075286 0.2649289 0.3368166 0.3709519 0.4342438 0.3141599 0.2275378 0.3488225 0.2370661 0.2252789 0.0000000 0.4190074 0.3305869 0.2319025 0.3350568 0.3081446 0.2523989 0.3546200 0.2521109 0.2365303 0.5020457 
yHAB148_Kazachstania_intestinalis   0.3492165 0.4224442 0.3804534 0.4154160 0.4860265 0.3556562 0.3868607 0.3823572 0.3834983 0.3851091 0.4190074 0.0000000 0.3937572 0.3661131 0.4052021 0.3371214 0.3990477 0.4009640 0.4010648 0.3672492 0.5569318 
yHAB153_Kazachstania_rosinii        0.2321343 0.3169270 0.2525478 0.2818011 0.3211512 0.2278340 0.3030338 0.2243797 0.2345131 0.3125064 0.3305869 0.3937572 0.0000000 0.2746677 0.1489929 0.2348053 0.3042672 0.2174385 0.3053336 0.2858545 0.4117852 
yHAB154_Kazachstania_transvaalensis 0.2755215 0.2579444 0.3003301 0.3327966 0.3892715 0.2798699 0.2116876 0.3028440 0.2259790 0.2115544 0.2319025 0.3661131 0.2746677 0.0000000 0.2790075 0.2578946 0.2304508 0.3035916 0.2297710 0.0526006 0.4600056 
yHAB155_Kazachstania_spencerorum    0.2466997 0.3424023 0.2778129 0.2922608 0.3376733 0.2322577 0.3144396 0.2630606 0.2591382 0.3324206 0.3350568 0.4052021 0.1489929 0.2790075 0.0000000 0.2242100 0.3225563 0.2146704 0.3184742 0.2850838 0.4342520 
yHAB158_Kazachstania_viticola       0.2265898 0.3284671 0.2533557 0.2809443 0.3137422 0.2183771 0.2658779 0.2577224 0.2400668 0.2722193 0.3081446 0.3371214 0.2348053 0.2578946 0.2242100 0.0000000 0.2878276 0.2652858 0.2808818 0.2712347 0.4188554 
yHAB159_Kazachstania_solicola       0.3165888 0.2714450 0.3297324 0.3657811 0.3895810 0.3162322 0.0652055 0.3434308 0.2383784 0.0813384 0.2523989 0.3990477 0.3042672 0.2304508 0.3225563 0.2878276 0.0000000 0.3415756 0.0079969 0.2234160 0.4838918 
yHAB160_Kazachstania_kunashirensis  0.2765290 0.3442886 0.3024373 0.3377876 0.3775636 0.2640165 0.3444633 0.1865338 0.3060172 0.3377574 0.3546200 0.4009640 0.2174385 0.3035916 0.2146704 0.2652858 0.3415756 0.0000000 0.3458623 0.3079515 0.4623502 
yHAB164_Kazachstania_aerobia        0.3070153 0.2737708 0.3296288 0.3640158 0.3902350 0.3095184 0.0627554 0.3502541 0.2307064 0.0834076 0.2521109 0.4010648 0.3053336 0.2297710 0.3184742 0.2808818 0.0079969 0.3458623 0.0000000 0.2216742 0.4810340 
yHAB166_Kazachstania_yakushimaensis 0.2653650 0.2736757 0.3162326 0.3507143 0.3935102 0.2870767 0.2049741 0.3085105 0.2305706 0.2054784 0.2365303 0.3672492 0.2858545 0.0526006 0.2850838 0.2712347 0.2234160 0.3079515 0.2216742 0.0000000 0.4555013 
yHMPu5000035629_Yueomyces_sinensis  0.4186428 0.5076245 0.4435097 0.4579445 0.2873560 0.4415296 0.4606204 0.4694160 0.4344464 0.4734864 0.5020457 0.5569318 0.4117852 0.4600056 0.4342520 0.4188554 0.4838918 0.4623502 0.4810340 0.4555013 0.0000000 
