21
Kazachstania_africana               0.0000000 0.1251227 0.0966036 0.1035465 0.2284601 0.1264462 0.1153430 0.1024478 0.1286539 0.1056294 0.1264595 0.1532637 0.1356265 0.2218240 0.1083345 0.1352047 0.1230723 0.1313240 0.1325602 0.2210248 0.3854687 
Kazachstania_naganishii             0.1251227 0.0000000 0.1272324 0.1334241 0.2380060 0.1351288 0.0956582 0.0932018 0.1046911 0.1072464 0.1173553 0.1473080 0.1260209 0.1886629 0.1346503 0.1506557 0.1044655 0.1171464 0.1137191 0.1823998 0.4191585 
Naumovozyma_castellii               0.0966036 0.1272324 0.0000000 0.0540325 0.1995188 0.1102690 0.0973684 0.1146527 0.1142034 0.1100674 0.1256816 0.1190981 0.1198987 0.2066339 0.1395370 0.1611268 0.0887952 0.1352768 0.0963510 0.2097274 0.4162779 
Naumovozyma_dairenensis             0.1035465 0.1334241 0.0540325 0.0000000 0.2149767 0.1201980 0.1045367 0.1171505 0.1209362 0.0956196 0.0965309 0.1197915 0.1224448 0.1870801 0.1430220 0.1440865 0.1003661 0.1272033 0.0999179 0.1902684 0.4013634 
Tetrapisispora_blattae              0.2284601 0.2380060 0.1995188 0.2149767 0.0000000 0.2181983 0.1946247 0.2440346 0.2126479 0.2096908 0.2169843 0.2391421 0.2416852 0.2722058 0.2337194 0.2513288 0.1946474 0.2474568 0.1981757 0.2835216 0.3656083 
yHAB132_Kazachstania_martiniae      0.1264462 0.1351288 0.1102690 0.1201980 0.2181983 0.0000000 0.1024161 0.1041441 0.1168116 0.1190675 0.1038702 0.1387093 0.1133413 0.2031243 0.1374431 0.1409302 0.1024514 0.1337329 0.1115552 0.2061069 0.4311221 
yHAB133_Kazachstania_unispora       0.1153430 0.0956582 0.0973684 0.1045367 0.1946247 0.1024161 0.0000000 0.0970028 0.0555075 0.0413430 0.0798873 0.1294103 0.1004648 0.1554995 0.1264431 0.1406661 0.0184472 0.1103117 0.0298357 0.1497281 0.3916318 
yHAB134_Kazachstania_turicensis     0.1024478 0.0932018 0.1146527 0.1171505 0.2440346 0.1041441 0.0970028 0.0000000 0.1001625 0.0994850 0.1124447 0.1386470 0.1015089 0.2117435 0.1015669 0.1185957 0.1019994 0.0671105 0.1114388 0.2013249 0.4029597 
yHAB136_Kazachstania_bromeliacearum 0.1286539 0.1046911 0.1142034 0.1209362 0.2126479 0.1168116 0.0555075 0.1001625 0.0000000 0.0755653 0.0979275 0.1345988 0.1074524 0.1597570 0.1444591 0.1333030 0.0593702 0.1157623 0.0600398 0.1539238 0.4197571 
yHAB143_Kazachstania_siamensis      0.1056294 0.1072464 0.1100674 0.0956196 0.2096908 0.1190675 0.0413430 0.0994850 0.0755653 0.0000000 0.0766267 0.1370033 0.1343641 0.1711341 0.1294992 0.1458571 0.0492736 0.1239800 0.0612773 0.1651372 0.3926693 
yHAB147_Kazachstania_taianensis     0.1264595 0.1173553 0.1256816 0.0965309 0.2169843 0.1038702 0.0798873 0.1124447 0.0979275 0.0766267 0.0000000 0.1441966 0.1397730 0.1802375 0.1184661 0.1312118 0.0925971 0.1077560 0.0933648 0.1740030 0.4194678 
yHAB148_Kazachstania_intestinalis   0.1532637 0.1473080 0.1190981 0.1197915 0.2391421 0.1387093 0.1294103 0.1386470 0.1345988 0.1370033 0.1441966 0.0000000 0.1446115 0.1963463 0.1614053 0.1578857 0.1215958 0.1566116 0.1170704 0.1994145 0.4121389 
yHAB153_Kazachstania_rosinii        0.1356265 0.1260209 0.1198987 0.1224448 0.2416852 0.1133413 0.1004648 0.1015089 0.1074524 0.1343641 0.1397730 0.1446115 0.0000000 0.1946274 0.1522247 0.1479589 0.0960975 0.1368927 0.1055215 0.1976577 0.4052452 
yHAB154_Kazachstania_transvaalensis 0.2218240 0.1886629 0.2066339 0.1870801 0.2722058 0.2031243 0.1554995 0.2117435 0.1597570 0.1711341 0.1802375 0.1963463 0.1946274 0.0000000 0.2220968 0.1920428 0.1510043 0.2167602 0.1510350 0.0186284 0.4430231 
yHAB155_Kazachstania_spencerorum    0.1083345 0.1346503 0.1395370 0.1430220 0.2337194 0.1374431 0.1264431 0.1015669 0.1444591 0.1294992 0.1184661 0.1614053 0.1522247 0.2220968 0.0000000 0.1297770 0.1352783 0.1065643 0.1449939 0.2199218 0.3741579 
yHAB158_Kazachstania_viticola       0.1352047 0.1506557 0.1611268 0.1440865 0.2513288 0.1409302 0.1406661 0.1185957 0.1333030 0.1458571 0.1312118 0.1578857 0.1479589 0.1920428 0.1297770 0.0000000 0.1370107 0.1327657 0.1383094 0.1892882 0.3876650 
yHAB159_Kazachstania_solicola       0.1230723 0.1044655 0.0887952 0.1003661 0.1946474 0.1024514 0.0184472 0.1019994 0.0593702 0.0492736 0.0925971 0.1215958 0.0960975 0.1510043 0.1352783 0.1370107 0.0000000 0.1154486 0.0110632 0.1452705 0.3872208 
yHAB160_Kazachstania_kunashirensis  0.1313240 0.1171464 0.1352768 0.1272033 0.2474568 0.1337329 0.1103117 0.0671105 0.1157623 0.1239800 0.1077560 0.1566116 0.1368927 0.2167602 0.1065643 0.1327657 0.1154486 0.0000000 0.1165844 0.2029238 0.3995122 
yHAB164_Kazachstania_aerobia        0.1325602 0.1137191 0.0963510 0.0999179 0.1981757 0.1115552 0.0298357 0.1114388 0.0600398 0.0612773 0.0933648 0.1170704 0.1055215 0.1510350 0.1449939 0.1383094 0.0110632 0.1165844 0.0000000 0.1453106 0.4021164 
yHAB166_Kazachstania_yakushimaensis 0.2210248 0.1823998 0.2097274 0.1902684 0.2835216 0.2061069 0.1497281 0.2013249 0.1539238 0.1651372 0.1740030 0.1994145 0.1976577 0.0186284 0.2199218 0.1892882 0.1452705 0.2029238 0.1453106 0.0000000 0.4508780 
yHMPu5000035629_Yueomyces_sinensis  0.3854687 0.4191585 0.4162779 0.4013634 0.3656083 0.4311221 0.3916318 0.4029597 0.4197571 0.3926693 0.4194678 0.4121389 0.4052452 0.4430231 0.3741579 0.3876650 0.3872208 0.3995122 0.4021164 0.4508780 0.0000000 
