21
Kazachstania_africana               0.0000000 0.2824383 0.2600337 0.2209951 0.3634638 0.2328348 0.2221167 0.2263865 0.2593310 0.2234954 0.2445304 0.3254257 0.1997048 0.2702749 0.2634965 0.2281879 0.2384674 0.2384147 0.2394612 0.3070126 0.5674816 
Kazachstania_naganishii             0.2824383 0.0000000 0.2745508 0.2659204 0.3930260 0.2669349 0.2556781 0.2812564 0.2332351 0.2406090 0.2250929 0.2814231 0.2552002 0.2493272 0.3515256 0.2686330 0.2674890 0.3042256 0.2677781 0.2678913 0.6401837 
Naumovozyma_castellii               0.2600337 0.2745508 0.0000000 0.1785853 0.3880240 0.2297503 0.2837330 0.2830356 0.2718308 0.2528973 0.2716480 0.3493992 0.2475598 0.2949028 0.2802796 0.2305261 0.2855252 0.2762268 0.2885701 0.3299889 0.5800871 
Naumovozyma_dairenensis             0.2209951 0.2659204 0.1785853 0.0000000 0.3720471 0.2337647 0.2465892 0.2715193 0.2721239 0.2270015 0.2849401 0.3225874 0.2145086 0.2687068 0.2675701 0.2224013 0.2747422 0.2952781 0.2758502 0.3111861 0.6060247 
Tetrapisispora_blattae              0.3634638 0.3930260 0.3880240 0.3720471 0.0000000 0.3363979 0.3678008 0.3678279 0.3997199 0.3522480 0.3378735 0.3994398 0.3581776 0.4020527 0.4068139 0.3050576 0.3643650 0.3795055 0.3593555 0.4010272 0.4485166 
yHAB132_Kazachstania_martiniae      0.2328348 0.2669349 0.2297503 0.2337647 0.3363979 0.0000000 0.2418431 0.2377245 0.2466960 0.2414859 0.2189922 0.2878684 0.2115163 0.2667087 0.2439332 0.2001500 0.2657935 0.2550619 0.2643965 0.2772487 0.5324470 
yHAB133_Kazachstania_unispora       0.2221167 0.2556781 0.2837330 0.2465892 0.3678008 0.2418431 0.0000000 0.2311783 0.2152470 0.0718177 0.1930812 0.3066832 0.2547884 0.2333026 0.3354684 0.2342098 0.0706817 0.2809394 0.0706728 0.2472041 0.6054793 
yHAB134_Kazachstania_turicensis     0.2263865 0.2812564 0.2830356 0.2715193 0.3678279 0.2377245 0.2311783 0.0000000 0.2487959 0.2070784 0.2552367 0.3602601 0.2049889 0.2936656 0.2563829 0.2188025 0.2338485 0.1701729 0.2248342 0.2987648 0.6086402 
yHAB136_Kazachstania_bromeliacearum 0.2593310 0.2332351 0.2718308 0.2721239 0.3997199 0.2466960 0.2152470 0.2487959 0.0000000 0.2112428 0.2094738 0.3185872 0.2390215 0.2445445 0.3111639 0.2567197 0.2366619 0.2714763 0.2253388 0.2836828 0.6320042 
yHAB143_Kazachstania_siamensis      0.2234954 0.2406090 0.2528973 0.2270015 0.3522480 0.2414859 0.0718177 0.2070784 0.2112428 0.0000000 0.1798541 0.2983329 0.2295981 0.2121527 0.3129000 0.2324767 0.0822487 0.2568544 0.0878042 0.2344630 0.5691937 
yHAB147_Kazachstania_taianensis     0.2445304 0.2250929 0.2716480 0.2849401 0.3378735 0.2189922 0.1930812 0.2552367 0.2094738 0.1798541 0.0000000 0.2788210 0.2340686 0.1934280 0.3102999 0.2344562 0.2085327 0.2750045 0.2056293 0.2126481 0.5457889 
yHAB148_Kazachstania_intestinalis   0.3254257 0.2814231 0.3493992 0.3225874 0.3994398 0.2878684 0.3066832 0.3602601 0.3185872 0.2983329 0.2788210 0.0000000 0.2979428 0.2924622 0.3690446 0.2830441 0.3263275 0.3779450 0.3251469 0.3019613 0.6638271 
yHAB153_Kazachstania_rosinii        0.1997048 0.2552002 0.2475598 0.2145086 0.3581776 0.2115163 0.2547884 0.2049889 0.2390215 0.2295981 0.2340686 0.2979428 0.0000000 0.2833815 0.2078743 0.1696363 0.2537522 0.1961970 0.2573022 0.3010801 0.5521500 
yHAB154_Kazachstania_transvaalensis 0.2702749 0.2493272 0.2949028 0.2687068 0.4020527 0.2667087 0.2333026 0.2936656 0.2445445 0.2121527 0.1934280 0.2924622 0.2833815 0.0000000 0.3326525 0.2760302 0.2389467 0.3396582 0.2391500 0.0564015 0.6219629 
yHAB155_Kazachstania_spencerorum    0.2634965 0.3515256 0.2802796 0.2675701 0.4068139 0.2439332 0.3354684 0.2563829 0.3111639 0.3129000 0.3102999 0.3690446 0.2078743 0.3326525 0.0000000 0.2398120 0.3271036 0.2635131 0.3244887 0.3689303 0.6043941 
yHAB158_Kazachstania_viticola       0.2281879 0.2686330 0.2305261 0.2224013 0.3050576 0.2001500 0.2342098 0.2188025 0.2567197 0.2324767 0.2344562 0.2830441 0.1696363 0.2760302 0.2398120 0.0000000 0.2483517 0.2279898 0.2457085 0.3083998 0.4854539 
yHAB159_Kazachstania_solicola       0.2384674 0.2674890 0.2855252 0.2747422 0.3643650 0.2657935 0.0706817 0.2338485 0.2366619 0.0822487 0.2085327 0.3263275 0.2537522 0.2389467 0.3271036 0.2483517 0.0000000 0.2744030 0.0139664 0.2592293 0.5686279 
yHAB160_Kazachstania_kunashirensis  0.2384147 0.3042256 0.2762268 0.2952781 0.3795055 0.2550619 0.2809394 0.1701729 0.2714763 0.2568544 0.2750045 0.3779450 0.1961970 0.3396582 0.2635131 0.2279898 0.2744030 0.0000000 0.2720924 0.3592126 0.6078873 
yHAB164_Kazachstania_aerobia        0.2394612 0.2677781 0.2885701 0.2758502 0.3593555 0.2643965 0.0706728 0.2248342 0.2253388 0.0878042 0.2056293 0.3251469 0.2573022 0.2391500 0.3244887 0.2457085 0.0139664 0.2720924 0.0000000 0.2645740 0.5774850 
yHAB166_Kazachstania_yakushimaensis 0.3070126 0.2678913 0.3299889 0.3111861 0.4010272 0.2772487 0.2472041 0.2987648 0.2836828 0.2344630 0.2126481 0.3019613 0.3010801 0.0564015 0.3689303 0.3083998 0.2592293 0.3592126 0.2645740 0.0000000 0.6328044 
yHMPu5000035629_Yueomyces_sinensis  0.5674816 0.6401837 0.5800871 0.6060247 0.4485166 0.5324470 0.6054793 0.6086402 0.6320042 0.5691937 0.5457889 0.6638271 0.5521500 0.6219629 0.6043941 0.4854539 0.5686279 0.6078873 0.5774850 0.6328044 0.0000000 
