21
Kazachstania_africana               0.0000000 0.6346155 0.7049708 0.7170458 0.8133697 0.5954147 0.6747604 0.5490293 0.6371881 0.6485192 0.6621315 0.6412520 0.5417514 0.7468827 0.6045069 0.6773230 0.6387846 0.6143805 0.6699285 0.7655159 0.8018011 
Kazachstania_naganishii             0.6346155 0.0000000 0.4677924 0.4568568 0.7722552 0.3883545 0.3280665 0.4292430 0.3253473 0.3905887 0.2803884 0.3403055 0.3173588 0.4928443 0.4339867 0.5602538 0.3765275 0.5792805 0.3697543 0.5099854 0.7133994 
Naumovozyma_castellii               0.7049708 0.4677924 0.0000000 0.1525807 0.7347659 0.4417772 0.5543800 0.4689204 0.4908511 0.5740841 0.5031327 0.5259585 0.3790488 0.6569038 0.4792264 0.6118983 0.5435145 0.6233344 0.5428098 0.6468533 0.6401865 
Naumovozyma_dairenensis             0.7170458 0.4568568 0.1525807 0.0000000 0.7338118 0.3777365 0.4536386 0.4080099 0.4087989 0.5130390 0.4259193 0.4667060 0.3398263 0.5147150 0.4605569 0.5742622 0.4575851 0.5171147 0.4681537 0.5429753 0.6759203 
Tetrapisispora_blattae              0.8133697 0.7722552 0.7347659 0.7338118 0.0000000 0.7170091 0.7895273 0.6072717 0.6908768 0.7097133 0.7748781 0.6665463 0.6537429 0.6970499 0.6157309 0.7681313 0.7093192 0.8966884 0.7064117 0.7654106 0.5037932 
yHAB132_Kazachstania_martiniae      0.5954147 0.3883545 0.4417772 0.3777365 0.7170091 0.0000000 0.4436075 0.3514000 0.4155987 0.4013246 0.3928679 0.3716585 0.3058055 0.6266434 0.4781811 0.5045145 0.3996756 0.5318086 0.4194764 0.5313475 0.6414058 
yHAB133_Kazachstania_unispora       0.6747604 0.3280665 0.5543800 0.4536386 0.7895273 0.4436075 0.0000000 0.3915564 0.2359114 0.0823269 0.2768258 0.4284284 0.3655114 0.3646223 0.3991782 0.6579678 0.0680787 0.4912785 0.0733212 0.3284068 0.7020115 
yHAB134_Kazachstania_turicensis     0.5490293 0.4292430 0.4689204 0.4080099 0.6072717 0.3514000 0.3915564 0.0000000 0.3683877 0.3946790 0.4373502 0.4632635 0.2098443 0.5101136 0.2916699 0.4697396 0.4115611 0.3792200 0.4270434 0.5444895 0.6373952 
yHAB136_Kazachstania_bromeliacearum 0.6371881 0.3253473 0.4908511 0.4087989 0.6908768 0.4155987 0.2359114 0.3683877 0.0000000 0.2471333 0.2181828 0.3597014 0.3140080 0.4373221 0.4048004 0.6112072 0.2471985 0.4727996 0.2543250 0.4481632 0.6499597 
yHAB143_Kazachstania_siamensis      0.6485192 0.3905887 0.5740841 0.5130390 0.7097133 0.4013246 0.0823269 0.3946790 0.2471333 0.0000000 0.3359127 0.4023211 0.3398823 0.3619102 0.4155036 0.6631615 0.1187811 0.5616650 0.1308016 0.3168909 0.6526817 
yHAB147_Kazachstania_taianensis     0.6621315 0.2803884 0.5031327 0.4259193 0.7748781 0.3928679 0.2768258 0.4373502 0.2181828 0.3359127 0.0000000 0.3988986 0.3542638 0.4124934 0.4443091 0.7022246 0.3119460 0.5950142 0.3010452 0.4307877 0.8054456 
yHAB148_Kazachstania_intestinalis   0.6412520 0.3403055 0.5259585 0.4667060 0.6665463 0.3716585 0.4284284 0.4632635 0.3597014 0.4023211 0.3988986 0.0000000 0.3298441 0.5489108 0.5568465 0.5233194 0.4269770 0.5102389 0.4337473 0.5887532 0.5783160 
yHAB153_Kazachstania_rosinii        0.5417514 0.3173588 0.3790488 0.3398263 0.6537429 0.3058055 0.3655114 0.2098443 0.3140080 0.3398823 0.3542638 0.3298441 0.0000000 0.5137207 0.2281418 0.4786806 0.3672200 0.4061527 0.3733983 0.5580850 0.6526791 
yHAB154_Kazachstania_transvaalensis 0.7468827 0.4928443 0.6569038 0.5147150 0.6970499 0.6266434 0.3646223 0.5101136 0.4373221 0.3619102 0.4124934 0.5489108 0.5137207 0.0000000 0.5337732 0.5834090 0.3742176 0.6960577 0.3661316 0.1191303 0.7261472 
yHAB155_Kazachstania_spencerorum    0.6045069 0.4339867 0.4792264 0.4605569 0.6157309 0.4781811 0.3991782 0.2916699 0.4048004 0.4155036 0.4443091 0.5568465 0.2281418 0.5337732 0.0000000 0.5633944 0.3970319 0.5353290 0.3796361 0.5554378 0.6743588 
yHAB158_Kazachstania_viticola       0.6773230 0.5602538 0.6118983 0.5742622 0.7681313 0.5045145 0.6579678 0.4697396 0.6112072 0.6631615 0.7022246 0.5233194 0.4786806 0.5834090 0.5633944 0.0000000 0.6577720 0.5242160 0.6672530 0.6496489 0.6659176 
yHAB159_Kazachstania_solicola       0.6387846 0.3765275 0.5435145 0.4575851 0.7093192 0.3996756 0.0680787 0.4115611 0.2471985 0.1187811 0.3119460 0.4269770 0.3672200 0.3742176 0.3970319 0.6577720 0.0000000 0.4926239 0.0197391 0.3463243 0.6892630 
yHAB160_Kazachstania_kunashirensis  0.6143805 0.5792805 0.6233344 0.5171147 0.8966884 0.5318086 0.4912785 0.3792200 0.4727996 0.5616650 0.5950142 0.5102389 0.4061527 0.6960577 0.5353290 0.5242160 0.4926239 0.0000000 0.5064711 0.6598540 0.7266506 
yHAB164_Kazachstania_aerobia        0.6699285 0.3697543 0.5428098 0.4681537 0.7064117 0.4194764 0.0733212 0.4270434 0.2543250 0.1308016 0.3010452 0.4337473 0.3733983 0.3661316 0.3796361 0.6672530 0.0197391 0.5064711 0.0000000 0.3572774 0.6875464 
yHAB166_Kazachstania_yakushimaensis 0.7655159 0.5099854 0.6468533 0.5429753 0.7654106 0.5313475 0.3284068 0.5444895 0.4481632 0.3168909 0.4307877 0.5887532 0.5580850 0.1191303 0.5554378 0.6496489 0.3463243 0.6598540 0.3572774 0.0000000 0.7733822 
yHMPu5000035629_Yueomyces_sinensis  0.8018011 0.7133994 0.6401865 0.6759203 0.5037932 0.6414058 0.7020115 0.6373952 0.6499597 0.6526817 0.8054456 0.5783160 0.6526791 0.7261472 0.6743588 0.6659176 0.6892630 0.7266506 0.6875464 0.7733822 0.0000000 
