21
Kazachstania_africana               0.0000000 0.0360971 0.0343577 0.0319187 0.0705054 0.0309536 0.0321376 0.0327785 0.0344800 0.0299973 0.0343018 0.0421198 0.0328977 0.0351643 0.0276913 0.0439423 0.0326248 0.0371782 0.0312963 0.0361287 0.0813629 
Kazachstania_naganishii             0.0360971 0.0000000 0.0303232 0.0303987 0.0721307 0.0221074 0.0240743 0.0265982 0.0172173 0.0211697 0.0211805 0.0276088 0.0295558 0.0252143 0.0262864 0.0428789 0.0224606 0.0281224 0.0218471 0.0240009 0.0739682 
Naumovozyma_castellii               0.0343577 0.0303232 0.0000000 0.0195420 0.0743756 0.0242356 0.0270113 0.0276781 0.0263016 0.0261815 0.0257717 0.0343999 0.0254544 0.0246691 0.0231929 0.0376002 0.0283623 0.0278947 0.0296030 0.0245056 0.0740198 
Naumovozyma_dairenensis             0.0319187 0.0303987 0.0195420 0.0000000 0.0691237 0.0258718 0.0244927 0.0263626 0.0245412 0.0243001 0.0235696 0.0334573 0.0240246 0.0242481 0.0202191 0.0350204 0.0271044 0.0253643 0.0268395 0.0227044 0.0682203 
Tetrapisispora_blattae              0.0705054 0.0721307 0.0743756 0.0691237 0.0000000 0.0761684 0.0738460 0.0751463 0.0722327 0.0727338 0.0782060 0.0732052 0.0739195 0.0708825 0.0680838 0.0745412 0.0743879 0.0813788 0.0706487 0.0680591 0.0630635 
yHAB132_Kazachstania_martiniae      0.0309536 0.0221074 0.0242356 0.0258718 0.0761684 0.0000000 0.0237622 0.0216380 0.0206642 0.0239453 0.0221917 0.0295202 0.0232201 0.0242415 0.0208662 0.0360630 0.0230871 0.0243130 0.0231701 0.0227253 0.0756040 
yHAB133_Kazachstania_unispora       0.0321376 0.0240743 0.0270113 0.0244927 0.0738460 0.0237622 0.0000000 0.0226616 0.0173152 0.0070615 0.0177030 0.0328524 0.0266211 0.0156387 0.0213893 0.0395623 0.0110094 0.0283224 0.0116757 0.0184844 0.0710104 
yHAB134_Kazachstania_turicensis     0.0327785 0.0265982 0.0276781 0.0263626 0.0751463 0.0216380 0.0226616 0.0000000 0.0227409 0.0224537 0.0222674 0.0276084 0.0239505 0.0254917 0.0223172 0.0392719 0.0258098 0.0183444 0.0232354 0.0266168 0.0730943 
yHAB136_Kazachstania_bromeliacearum 0.0344800 0.0172173 0.0263016 0.0245412 0.0722327 0.0206642 0.0173152 0.0227409 0.0000000 0.0185127 0.0179616 0.0270025 0.0254036 0.0214617 0.0210056 0.0408592 0.0214006 0.0290210 0.0209150 0.0213190 0.0723346 
yHAB143_Kazachstania_siamensis      0.0299973 0.0211697 0.0261815 0.0243001 0.0727338 0.0239453 0.0070615 0.0224537 0.0185127 0.0000000 0.0175615 0.0300716 0.0248347 0.0179011 0.0208263 0.0387779 0.0091230 0.0290549 0.0111181 0.0194667 0.0721481 
yHAB147_Kazachstania_taianensis     0.0343018 0.0211805 0.0257717 0.0235696 0.0782060 0.0221917 0.0177030 0.0222674 0.0179616 0.0175615 0.0000000 0.0308176 0.0236237 0.0206010 0.0206940 0.0358683 0.0170573 0.0242817 0.0167342 0.0199568 0.0723952 
yHAB148_Kazachstania_intestinalis   0.0421198 0.0276088 0.0343999 0.0334573 0.0732052 0.0295202 0.0328524 0.0276084 0.0270025 0.0300716 0.0308176 0.0000000 0.0333601 0.0273578 0.0320107 0.0440604 0.0341841 0.0341866 0.0323057 0.0275419 0.0750343 
yHAB153_Kazachstania_rosinii        0.0328977 0.0295558 0.0254544 0.0240246 0.0739195 0.0232201 0.0266211 0.0239505 0.0254036 0.0248347 0.0236237 0.0333601 0.0000000 0.0264649 0.0129284 0.0355222 0.0291744 0.0261408 0.0269991 0.0258415 0.0683101 
yHAB154_Kazachstania_transvaalensis 0.0351643 0.0252143 0.0246691 0.0242481 0.0708825 0.0242415 0.0156387 0.0254917 0.0214617 0.0179011 0.0206010 0.0273578 0.0264649 0.0000000 0.0206342 0.0386495 0.0210998 0.0281931 0.0184672 0.0044575 0.0697650 
yHAB155_Kazachstania_spencerorum    0.0276913 0.0262864 0.0231929 0.0202191 0.0680838 0.0208662 0.0213893 0.0223172 0.0210056 0.0208263 0.0206940 0.0320107 0.0129284 0.0206342 0.0000000 0.0362400 0.0232081 0.0248475 0.0204875 0.0228409 0.0700724 
yHAB158_Kazachstania_viticola       0.0439423 0.0428789 0.0376002 0.0350204 0.0745412 0.0360630 0.0395623 0.0392719 0.0408592 0.0387779 0.0358683 0.0440604 0.0355222 0.0386495 0.0362400 0.0000000 0.0402921 0.0345369 0.0402182 0.0383745 0.0775959 
yHAB159_Kazachstania_solicola       0.0326248 0.0224606 0.0283623 0.0271044 0.0743879 0.0230871 0.0110094 0.0258098 0.0214006 0.0091230 0.0170573 0.0341841 0.0291744 0.0210998 0.0232081 0.0402921 0.0000000 0.0280797 0.0044315 0.0212040 0.0725153 
yHAB160_Kazachstania_kunashirensis  0.0371782 0.0281224 0.0278947 0.0253643 0.0813788 0.0243130 0.0283224 0.0183444 0.0290210 0.0290549 0.0242817 0.0341866 0.0261408 0.0281931 0.0248475 0.0345369 0.0280797 0.0000000 0.0274595 0.0275487 0.0707725 
yHAB164_Kazachstania_aerobia        0.0312963 0.0218471 0.0296030 0.0268395 0.0706487 0.0231701 0.0116757 0.0232354 0.0209150 0.0111181 0.0167342 0.0323057 0.0269991 0.0184672 0.0204875 0.0402182 0.0044315 0.0274595 0.0000000 0.0200147 0.0688115 
yHAB166_Kazachstania_yakushimaensis 0.0361287 0.0240009 0.0245056 0.0227044 0.0680591 0.0227253 0.0184844 0.0266168 0.0213190 0.0194667 0.0199568 0.0275419 0.0258415 0.0044575 0.0228409 0.0383745 0.0212040 0.0275487 0.0200147 0.0000000 0.0676682 
yHMPu5000035629_Yueomyces_sinensis  0.0813629 0.0739682 0.0740198 0.0682203 0.0630635 0.0756040 0.0710104 0.0730943 0.0723346 0.0721481 0.0723952 0.0750343 0.0683101 0.0697650 0.0700724 0.0775959 0.0725153 0.0707725 0.0688115 0.0676682 0.0000000 
