21
Kazachstania_africana               0.0000000 0.5850115 0.3249406 0.3308514 0.5099935 0.2997455 0.7157210 0.3517987 0.3838912 0.7090539 0.5701519 0.3908354 0.2938142 0.6695195 0.3153378 0.2520659 0.7236402 0.3093766 0.6941898 0.6641376 0.5573869 
Kazachstania_naganishii             0.5850115 0.0000000 0.5792184 0.5502946 0.7179821 0.6162954 0.7509513 0.6461009 0.4671686 0.7509786 0.6542994 0.6146704 0.5650873 0.6839908 0.5719942 0.6295748 0.7960079 0.5757851 0.7511085 0.6935275 0.7202433 
Naumovozyma_castellii               0.3249406 0.5792184 0.0000000 0.1679104 0.4209223 0.3205714 0.7320099 0.3695022 0.4238824 0.7135482 0.6075266 0.4422358 0.3519807 0.6629864 0.3622312 0.3549686 0.7545052 0.3192270 0.7125992 0.6485024 0.4565748 
Naumovozyma_dairenensis             0.3308514 0.5502946 0.1679104 0.0000000 0.4283423 0.3158983 0.6805351 0.3735087 0.4156951 0.6715106 0.5450210 0.4280624 0.3661241 0.6490774 0.3762666 0.3537409 0.7168517 0.3386218 0.6777898 0.6392887 0.4759693 
Tetrapisispora_blattae              0.5099935 0.7179821 0.4209223 0.4283423 0.0000000 0.5402977 0.8912378 0.6250052 0.5872988 0.8799818 0.7710475 0.5943197 0.5710697 0.7589400 0.5817263 0.5254724 0.9334387 0.5377555 0.8884921 0.7608068 0.3680017 
yHAB132_Kazachstania_martiniae      0.2997455 0.6162954 0.3205714 0.3158983 0.5402977 0.0000000 0.7039067 0.3721981 0.3821473 0.6740809 0.5666609 0.3865244 0.3405133 0.6268440 0.3804245 0.3765469 0.7181625 0.3560683 0.6938602 0.6275357 0.5789948 
yHAB133_Kazachstania_unispora       0.7157210 0.7509513 0.7320099 0.6805351 0.8912378 0.7039067 0.0000000 0.7684578 0.6575236 0.1129894 0.6961965 0.6868167 0.7633273 0.7350167 0.7035114 0.7972211 0.0956826 0.7164558 0.0940027 0.7555547 0.8897682 
yHAB134_Kazachstania_turicensis     0.3517987 0.6461009 0.3695022 0.3735087 0.6250052 0.3721981 0.7684578 0.0000000 0.4856324 0.7393811 0.6345631 0.4632268 0.2780162 0.6840745 0.3040498 0.4202805 0.7456471 0.1901922 0.7148466 0.6744617 0.6513775 
yHAB136_Kazachstania_bromeliacearum 0.3838912 0.4671686 0.4238824 0.4156951 0.5872988 0.3821473 0.6575236 0.4856324 0.0000000 0.6376000 0.5271616 0.4377544 0.4482216 0.5771932 0.4554073 0.4342796 0.6531781 0.4320990 0.6285142 0.5867833 0.6238012 
yHAB143_Kazachstania_siamensis      0.7090539 0.7509786 0.7135482 0.6715106 0.8799818 0.6740809 0.1129894 0.7393811 0.6376000 0.0000000 0.6738087 0.6592601 0.7041107 0.7130667 0.6892802 0.7573528 0.1419050 0.6880175 0.1328775 0.7254389 0.8809704 
yHAB147_Kazachstania_taianensis     0.5701519 0.6542994 0.6075266 0.5450210 0.7710475 0.5666609 0.6961965 0.6345631 0.5271616 0.6738087 0.0000000 0.6037911 0.6071096 0.6277930 0.6128234 0.6447374 0.7194084 0.6002125 0.7023338 0.6403731 0.7697927 
yHAB148_Kazachstania_intestinalis   0.3908354 0.6146704 0.4422358 0.4280624 0.5943197 0.3865244 0.6868167 0.4632268 0.4377544 0.6592601 0.6037911 0.0000000 0.4249344 0.6726917 0.4493696 0.4446344 0.7014796 0.4261107 0.6831426 0.6762929 0.6168763 
yHAB153_Kazachstania_rosinii        0.2938142 0.5650873 0.3519807 0.3661241 0.5710697 0.3405133 0.7633273 0.2780162 0.4482216 0.7041107 0.6071096 0.4249344 0.0000000 0.6405315 0.2190285 0.3222174 0.7845466 0.2322582 0.7510075 0.6389386 0.5892066 
yHAB154_Kazachstania_transvaalensis 0.6695195 0.6839908 0.6629864 0.6490774 0.7589400 0.6268440 0.7350167 0.6840745 0.5771932 0.7130667 0.6277930 0.6726917 0.6405315 0.0000000 0.6700514 0.7057614 0.7400461 0.6501434 0.7225101 0.0744513 0.8628494 
yHAB155_Kazachstania_spencerorum    0.3153378 0.5719942 0.3622312 0.3762666 0.5817263 0.3804245 0.7035114 0.3040498 0.4554073 0.6892802 0.6128234 0.4493696 0.2190285 0.6700514 0.0000000 0.3698361 0.7299724 0.2268008 0.6961232 0.6591061 0.6016909 
yHAB158_Kazachstania_viticola       0.2520659 0.6295748 0.3549686 0.3537409 0.5254724 0.3765469 0.7972211 0.4202805 0.4342796 0.7573528 0.6447374 0.4446344 0.3222174 0.7057614 0.3698361 0.0000000 0.8355489 0.3448665 0.7921416 0.7123645 0.5483862 
yHAB159_Kazachstania_solicola       0.7236402 0.7960079 0.7545052 0.7168517 0.9334387 0.7181625 0.0956826 0.7456471 0.6531781 0.1419050 0.7194084 0.7014796 0.7845466 0.7400461 0.7299724 0.8355489 0.0000000 0.7295784 0.0118479 0.7627842 0.9184289 
yHAB160_Kazachstania_kunashirensis  0.3093766 0.5757851 0.3192270 0.3386218 0.5377555 0.3560683 0.7164558 0.1901922 0.4320990 0.6880175 0.6002125 0.4261107 0.2322582 0.6501434 0.2268008 0.3448665 0.7295784 0.0000000 0.6965419 0.6358856 0.5996795 
yHAB164_Kazachstania_aerobia        0.6941898 0.7511085 0.7125992 0.6777898 0.8884921 0.6938602 0.0940027 0.7148466 0.6285142 0.1328775 0.7023338 0.6831426 0.7510075 0.7225101 0.6961232 0.7921416 0.0118479 0.6965419 0.0000000 0.7423600 0.8795850 
yHAB166_Kazachstania_yakushimaensis 0.6641376 0.6935275 0.6485024 0.6392887 0.7608068 0.6275357 0.7555547 0.6744617 0.5867833 0.7254389 0.6403731 0.6762929 0.6389386 0.0744513 0.6591061 0.7123645 0.7627842 0.6358856 0.7423600 0.0000000 0.8615326 
yHMPu5000035629_Yueomyces_sinensis  0.5573869 0.7202433 0.4565748 0.4759693 0.3680017 0.5789948 0.8897682 0.6513775 0.6238012 0.8809704 0.7697927 0.6168763 0.5892066 0.8628494 0.6016909 0.5483862 0.9184289 0.5996795 0.8795850 0.8615326 0.0000000 
