21
Kazachstania_africana               0.0000000 0.5184818 0.6173295 0.7230352 0.7482475 0.3836165 0.4279658 0.5104975 0.5328831 0.5060083 0.6031520 0.5591906 0.4088273 0.5992215 0.4344829 0.4080819 0.4158850 0.4360674 0.4343998 0.5446173 1.1614293 
Kazachstania_naganishii             0.5184818 0.0000000 0.6293020 0.7579283 0.6038589 0.4132362 0.4558775 0.6209764 0.4129000 0.5106764 0.5289688 0.4897089 0.4929726 0.5607928 0.5803797 0.5082999 0.4911104 0.6103877 0.5270487 0.4427630 1.0957987 
Naumovozyma_castellii               0.6173295 0.6293020 0.0000000 0.4195103 0.7866594 0.6128586 0.5832009 0.6045080 0.5751581 0.7798248 0.7303921 0.6843991 0.4923368 0.7069619 0.5372353 0.5228052 0.6023702 0.6338493 0.6577509 0.7327385 1.0468852 
Naumovozyma_dairenensis             0.7230352 0.7579283 0.4195103 0.0000000 0.5976459 0.6690577 0.7256018 0.7204414 0.6540215 0.7589122 0.7426468 0.8008400 0.5541700 0.7360301 0.6271017 0.6059449 0.6244041 0.7101034 0.6317833 0.6346900 0.9065200 
Tetrapisispora_blattae              0.7482475 0.6038589 0.7866594 0.5976459 0.0000000 0.6931428 0.7050335 0.7177957 0.6148401 0.7362630 0.7254661 0.6457730 0.7081885 0.7209285 0.7016620 0.6238094 0.5434076 0.7631645 0.5744481 0.6246640 0.7597008 
yHAB132_Kazachstania_martiniae      0.3836165 0.4132362 0.6128586 0.6690577 0.6931428 0.0000000 0.4450847 0.5937767 0.3948037 0.4961599 0.4585702 0.4974900 0.3925482 0.5684330 0.5674531 0.4809168 0.4644360 0.4473494 0.4939950 0.4588318 1.0964949 
yHAB133_Kazachstania_unispora       0.4279658 0.4558775 0.5832009 0.7256018 0.7050335 0.4450847 0.0000000 0.4921950 0.3393749 0.2141060 0.4457243 0.5941101 0.3915720 0.4030464 0.4756882 0.4855588 0.1486476 0.5110652 0.2040079 0.4123606 0.9502777 
yHAB134_Kazachstania_turicensis     0.5104975 0.6209764 0.6045080 0.7204414 0.7177957 0.5937767 0.4921950 0.0000000 0.4371643 0.5163291 0.5656036 0.6220057 0.4902843 0.6694907 0.5846968 0.4925301 0.5031256 0.4890840 0.5478811 0.6238858 0.9601940 
yHAB136_Kazachstania_bromeliacearum 0.5328831 0.4129000 0.5751581 0.6540215 0.6148401 0.3948037 0.3393749 0.4371643 0.0000000 0.4022759 0.4326015 0.4942501 0.3729331 0.4560750 0.4503587 0.3920728 0.3739001 0.4816315 0.4205054 0.4224846 0.8773569 
yHAB143_Kazachstania_siamensis      0.5060083 0.5106764 0.7798248 0.7589122 0.7362630 0.4961599 0.2141060 0.5163291 0.4022759 0.0000000 0.5117791 0.6295588 0.4408249 0.4606004 0.5105822 0.5892853 0.2183275 0.4519310 0.2403112 0.4043160 0.9917140 
yHAB147_Kazachstania_taianensis     0.6031520 0.5289688 0.7303921 0.7426468 0.7254661 0.4585702 0.4457243 0.5656036 0.4326015 0.5117791 0.0000000 0.5092539 0.5523578 0.5835869 0.6199789 0.5791462 0.5873803 0.5734640 0.6354886 0.5389643 0.9348042 
yHAB148_Kazachstania_intestinalis   0.5591906 0.4897089 0.6843991 0.8008400 0.6457730 0.4974900 0.5941101 0.6220057 0.4942501 0.6295588 0.5092539 0.0000000 0.4373650 0.7398935 0.6685449 0.5250055 0.5746389 0.5947922 0.6069951 0.5979937 0.9860082 
yHAB153_Kazachstania_rosinii        0.4088273 0.4929726 0.4923368 0.5541700 0.7081885 0.3925482 0.3915720 0.4902843 0.3729331 0.4408249 0.5523578 0.4373650 0.0000000 0.5229557 0.3271719 0.3309062 0.4132035 0.3666838 0.4345425 0.4572868 1.0577095 
yHAB154_Kazachstania_transvaalensis 0.5992215 0.5607928 0.7069619 0.7360301 0.7209285 0.5684330 0.4030464 0.6694907 0.4560750 0.4606004 0.5835869 0.7398935 0.5229557 0.0000000 0.6171467 0.5398603 0.4653904 0.6158991 0.4807429 0.1258016 0.8987086 
yHAB155_Kazachstania_spencerorum    0.4344829 0.5803797 0.5372353 0.6271017 0.7016620 0.5674531 0.4756882 0.5846968 0.4503587 0.5105822 0.6199789 0.6685449 0.3271719 0.6171467 0.0000000 0.4466523 0.4815814 0.4184413 0.5364160 0.6032463 1.0333872 
yHAB158_Kazachstania_viticola       0.4080819 0.5082999 0.5228052 0.6059449 0.6238094 0.4809168 0.4855588 0.4925301 0.3920728 0.5892853 0.5791462 0.5250055 0.3309062 0.5398603 0.4466523 0.0000000 0.4905740 0.4438752 0.4780617 0.4802414 1.0903002 
yHAB159_Kazachstania_solicola       0.4158850 0.4911104 0.6023702 0.6244041 0.5434076 0.4644360 0.1486476 0.5031256 0.3739001 0.2183275 0.5873803 0.5746389 0.4132035 0.4653904 0.4815814 0.4905740 0.0000000 0.4533386 0.0443297 0.4071793 0.9149423 
yHAB160_Kazachstania_kunashirensis  0.4360674 0.6103877 0.6338493 0.7101034 0.7631645 0.4473494 0.5110652 0.4890840 0.4816315 0.4519310 0.5734640 0.5947922 0.3666838 0.6158991 0.4184413 0.4438752 0.4533386 0.0000000 0.4910802 0.5229474 1.0444459 
yHAB164_Kazachstania_aerobia        0.4343998 0.5270487 0.6577509 0.6317833 0.5744481 0.4939950 0.2040079 0.5478811 0.4205054 0.2403112 0.6354886 0.6069951 0.4345425 0.4807429 0.5364160 0.4780617 0.0443297 0.4910802 0.0000000 0.4215233 0.9652797 
yHAB166_Kazachstania_yakushimaensis 0.5446173 0.4427630 0.7327385 0.6346900 0.6246640 0.4588318 0.4123606 0.6238858 0.4224846 0.4043160 0.5389643 0.5979937 0.4572868 0.1258016 0.6032463 0.4802414 0.4071793 0.5229474 0.4215233 0.0000000 0.9094411 
yHMPu5000035629_Yueomyces_sinensis  1.1614293 1.0957987 1.0468852 0.9065200 0.7597008 1.0964949 0.9502777 0.9601940 0.8773569 0.9917140 0.9348042 0.9860082 1.0577095 0.8987086 1.0333872 1.0903002 0.9149423 1.0444459 0.9652797 0.9094411 0.0000000 
