21
Kazachstania_africana               0.0000000 0.4432119 0.5389124 0.4981867 0.4902640 0.5505455 0.4529085 0.5468278 0.4512687 0.4656817 0.4305850 0.4680962 0.4568889 0.4030665 0.4698308 0.4707801 0.4539611 0.4811070 0.4803787 0.4200927 0.5518334 
Kazachstania_naganishii             0.4432119 0.0000000 0.3704518 0.3909514 0.4250372 0.4004342 0.2667460 0.4016129 0.2528015 0.2695834 0.2761639 0.3233292 0.2949341 0.2932657 0.3018905 0.3532119 0.2649437 0.3517628 0.2780096 0.2987304 0.4453119 
Naumovozyma_castellii               0.5389124 0.3704518 0.0000000 0.2354725 0.4310671 0.4728531 0.3745991 0.4054322 0.3152763 0.3392375 0.3801082 0.4125249 0.3490546 0.3975475 0.3514756 0.4504684 0.3698809 0.3811450 0.3934608 0.3759313 0.4673904 
Naumovozyma_dairenensis             0.4981867 0.3909514 0.2354725 0.0000000 0.4344214 0.5044994 0.3960770 0.3950183 0.3392994 0.3643762 0.3736080 0.4490216 0.3300088 0.4092046 0.3328100 0.4522435 0.3846587 0.3890063 0.4063649 0.3762762 0.5033094 
Tetrapisispora_blattae              0.4902640 0.4250372 0.4310671 0.4344214 0.0000000 0.4841215 0.4077148 0.4745575 0.3491042 0.4342946 0.3990089 0.4535048 0.4211704 0.4100205 0.3981500 0.4450521 0.4235929 0.4566160 0.4241330 0.3825029 0.3338467 
yHAB132_Kazachstania_martiniae      0.5505455 0.4004342 0.4728531 0.5044994 0.4841215 0.0000000 0.4134996 0.4934458 0.4074901 0.4184839 0.4207734 0.4502144 0.4364318 0.4149750 0.4275564 0.5253456 0.4158588 0.4681584 0.4196937 0.4030333 0.5404322 
yHAB133_Kazachstania_unispora       0.4529085 0.2667460 0.3745991 0.3960770 0.4077148 0.4134996 0.0000000 0.4503375 0.2836635 0.0945837 0.2515480 0.3479704 0.3331846 0.2906346 0.3358048 0.3599009 0.0896725 0.3830203 0.1007397 0.2507534 0.4671654 
yHAB134_Kazachstania_turicensis     0.5468278 0.4016129 0.4054322 0.3950183 0.4745575 0.4934458 0.4503375 0.0000000 0.4190119 0.4164154 0.4011466 0.4193709 0.3490010 0.4472561 0.3525195 0.4000001 0.4551408 0.2406879 0.4796055 0.4223927 0.4753686 
yHAB136_Kazachstania_bromeliacearum 0.4512687 0.2528015 0.3152763 0.3392994 0.3491042 0.4074901 0.2836635 0.4190119 0.0000000 0.2725692 0.2814080 0.3073131 0.3487637 0.2838260 0.3111054 0.3835218 0.2852943 0.3508176 0.3054538 0.2642533 0.4287302 
yHAB143_Kazachstania_siamensis      0.4656817 0.2695834 0.3392375 0.3643762 0.4342946 0.4184839 0.0945837 0.4164154 0.2725692 0.0000000 0.2232219 0.3618245 0.3490590 0.2803253 0.3216805 0.3598144 0.1018717 0.3787048 0.1186817 0.2576704 0.4787583 
yHAB147_Kazachstania_taianensis     0.4305850 0.2761639 0.3801082 0.3736080 0.3990089 0.4207734 0.2515480 0.4011466 0.2814080 0.2232219 0.0000000 0.3605206 0.3571635 0.2836370 0.3501144 0.3880809 0.2495495 0.3728193 0.2752362 0.2557159 0.4497804 
yHAB148_Kazachstania_intestinalis   0.4680962 0.3233292 0.4125249 0.4490216 0.4535048 0.4502144 0.3479704 0.4193709 0.3073131 0.3618245 0.3605206 0.0000000 0.3678011 0.3886625 0.3683485 0.3544934 0.3540680 0.3637860 0.3458299 0.3407340 0.4562729 
yHAB153_Kazachstania_rosinii        0.4568889 0.2949341 0.3490546 0.3300088 0.4211704 0.4364318 0.3331846 0.3490010 0.3487637 0.3490590 0.3571635 0.3678011 0.0000000 0.3457266 0.2435805 0.3780294 0.3410465 0.3121355 0.3503591 0.3221329 0.4269185 
yHAB154_Kazachstania_transvaalensis 0.4030665 0.2932657 0.3975475 0.4092046 0.4100205 0.4149750 0.2906346 0.4472561 0.2838260 0.2803253 0.2836370 0.3886625 0.3457266 0.0000000 0.3579560 0.3777026 0.2943471 0.3857545 0.3035871 0.1300519 0.4733334 
yHAB155_Kazachstania_spencerorum    0.4698308 0.3018905 0.3514756 0.3328100 0.3981500 0.4275564 0.3358048 0.3525195 0.3111054 0.3216805 0.3501144 0.3683485 0.2435805 0.3579560 0.0000000 0.3745907 0.3334797 0.3081346 0.3308614 0.3352608 0.4617993 
yHAB158_Kazachstania_viticola       0.4707801 0.3532119 0.4504684 0.4522435 0.4450521 0.5253456 0.3599009 0.4000001 0.3835218 0.3598144 0.3880809 0.3544934 0.3780294 0.3777026 0.3745907 0.0000000 0.3556438 0.3825708 0.3509165 0.3632137 0.5007080 
yHAB159_Kazachstania_solicola       0.4539611 0.2649437 0.3698809 0.3846587 0.4235929 0.4158588 0.0896725 0.4551408 0.2852943 0.1018717 0.2495495 0.3540680 0.3410465 0.2943471 0.3334797 0.3556438 0.0000000 0.3801575 0.0692556 0.2604534 0.4808777 
yHAB160_Kazachstania_kunashirensis  0.4811070 0.3517628 0.3811450 0.3890063 0.4566160 0.4681584 0.3830203 0.2406879 0.3508176 0.3787048 0.3728193 0.3637860 0.3121355 0.3857545 0.3081346 0.3825708 0.3801575 0.0000000 0.3903327 0.3609967 0.4690166 
yHAB164_Kazachstania_aerobia        0.4803787 0.2780096 0.3934608 0.4063649 0.4241330 0.4196937 0.1007397 0.4796055 0.3054538 0.1186817 0.2752362 0.3458299 0.3503591 0.3035871 0.3308614 0.3509165 0.0692556 0.3903327 0.0000000 0.2667194 0.4752026 
yHAB166_Kazachstania_yakushimaensis 0.4200927 0.2987304 0.3759313 0.3762762 0.3825029 0.4030333 0.2507534 0.4223927 0.2642533 0.2576704 0.2557159 0.3407340 0.3221329 0.1300519 0.3352608 0.3632137 0.2604534 0.3609967 0.2667194 0.0000000 0.4405562 
yHMPu5000035629_Yueomyces_sinensis  0.5518334 0.4453119 0.4673904 0.5033094 0.3338467 0.5404322 0.4671654 0.4753686 0.4287302 0.4787583 0.4497804 0.4562729 0.4269185 0.4733334 0.4617993 0.5007080 0.4808777 0.4690166 0.4752026 0.4405562 0.0000000 
