21
Kazachstania_africana               0.0000000 0.1665083 0.1063578 0.0943910 0.1185075 0.0895409 0.1144842 0.0697818 0.0816246 0.1030393 0.0698995 0.1248948 0.0998177 0.0758108 0.0752834 0.0892446 0.1087985 0.0741448 0.1038542 0.0774094 0.1464399 
Kazachstania_naganishii             0.1665083 0.0000000 0.1829309 0.1948760 0.2232369 0.1796444 0.1980262 0.1699357 0.1516330 0.1779697 0.1465124 0.1775592 0.1972135 0.1467374 0.1633329 0.1858719 0.1593216 0.1565034 0.1580377 0.1461515 0.2377994 
Naumovozyma_castellii               0.1063578 0.1829309 0.0000000 0.0454551 0.1109193 0.1049949 0.1375937 0.0855950 0.1084425 0.1381954 0.1017203 0.1352489 0.1161868 0.0886648 0.1125080 0.1241515 0.1337516 0.0913539 0.1394111 0.1044996 0.1293164 
Naumovozyma_dairenensis             0.0943910 0.1948760 0.0454551 0.0000000 0.1122942 0.1341529 0.1603498 0.0870046 0.1207181 0.1519309 0.1203447 0.1373446 0.1265711 0.0994677 0.1145076 0.1213262 0.1568274 0.0950915 0.1557654 0.1059937 0.1546151 
Tetrapisispora_blattae              0.1185075 0.2232369 0.1109193 0.1122942 0.0000000 0.0844823 0.1619523 0.1095290 0.1304197 0.1713655 0.1109290 0.1203262 0.1185764 0.1091433 0.1180265 0.1241506 0.1518142 0.1020487 0.1556230 0.1139542 0.0775124 
yHAB132_Kazachstania_martiniae      0.0895409 0.1796444 0.1049949 0.1341529 0.0844823 0.0000000 0.0960140 0.0859834 0.0761463 0.1010333 0.0729992 0.1063165 0.0897193 0.0581373 0.0776583 0.0662089 0.0878123 0.0834521 0.0914499 0.0771993 0.0920790 
yHAB133_Kazachstania_unispora       0.1144842 0.1980262 0.1375937 0.1603498 0.1619523 0.0960140 0.0000000 0.1083943 0.0973887 0.0483703 0.0727799 0.1431236 0.1369953 0.0736363 0.1030707 0.1224200 0.0330795 0.1123516 0.0288249 0.0910173 0.1666153 
yHAB134_Kazachstania_turicensis     0.0697818 0.1699357 0.0855950 0.0870046 0.1095290 0.0859834 0.1083943 0.0000000 0.1024548 0.1043240 0.0797517 0.1178107 0.0771909 0.0823028 0.0778342 0.0930894 0.1033242 0.0698880 0.1106778 0.0836108 0.1224958 
yHAB136_Kazachstania_bromeliacearum 0.0816246 0.1516330 0.1084425 0.1207181 0.1304197 0.0761463 0.0973887 0.1024548 0.0000000 0.0832433 0.0755469 0.1241417 0.1247868 0.0502923 0.0888126 0.1025395 0.0961072 0.0848922 0.1006290 0.0633065 0.1486336 
yHAB143_Kazachstania_siamensis      0.1030393 0.1779697 0.1381954 0.1519309 0.1713655 0.1010333 0.0483703 0.1043240 0.0832433 0.0000000 0.0603343 0.1344740 0.1376760 0.0806227 0.1171556 0.1142370 0.0450390 0.1000515 0.0484487 0.0879912 0.1721059 
yHAB147_Kazachstania_taianensis     0.0698995 0.1465124 0.1017203 0.1203447 0.1109290 0.0729992 0.0727799 0.0797517 0.0755469 0.0603343 0.0000000 0.0985065 0.1010615 0.0558735 0.0652045 0.0815264 0.0627242 0.0704369 0.0690302 0.0599117 0.1478044 
yHAB148_Kazachstania_intestinalis   0.1248948 0.1775592 0.1352489 0.1373446 0.1203262 0.1063165 0.1431236 0.1178107 0.1241417 0.1344740 0.0985065 0.0000000 0.1204456 0.1044972 0.1245952 0.1173584 0.1326057 0.1080337 0.1378933 0.1029654 0.1408009 
yHAB153_Kazachstania_rosinii        0.0998177 0.1972135 0.1161868 0.1265711 0.1185764 0.0897193 0.1369953 0.0771909 0.1247868 0.1376760 0.1010615 0.1204456 0.0000000 0.0819026 0.0844198 0.1096958 0.1367862 0.0729676 0.1412252 0.0924630 0.1448415 
yHAB154_Kazachstania_transvaalensis 0.0758108 0.1467374 0.0886648 0.0994677 0.1091433 0.0581373 0.0736363 0.0823028 0.0502923 0.0806227 0.0558735 0.1044972 0.0819026 0.0000000 0.0663864 0.0691107 0.0773385 0.0743669 0.0809573 0.0214603 0.1264243 
yHAB155_Kazachstania_spencerorum    0.0752834 0.1633329 0.1125080 0.1145076 0.1180265 0.0776583 0.1030707 0.0778342 0.0888126 0.1171556 0.0652045 0.1245952 0.0844198 0.0663864 0.0000000 0.0816418 0.1041402 0.0788241 0.1044916 0.0696774 0.1572199 
yHAB158_Kazachstania_viticola       0.0892446 0.1858719 0.1241515 0.1213262 0.1241506 0.0662089 0.1224200 0.0930894 0.1025395 0.1142370 0.0815264 0.1173584 0.1096958 0.0691107 0.0816418 0.0000000 0.1218461 0.0979518 0.1201875 0.0926244 0.1481506 
yHAB159_Kazachstania_solicola       0.1087985 0.1593216 0.1337516 0.1568274 0.1518142 0.0878123 0.0330795 0.1033242 0.0961072 0.0450390 0.0627242 0.1326057 0.1367862 0.0773385 0.1041402 0.1218461 0.0000000 0.1119474 0.0079088 0.0882500 0.1538525 
yHAB160_Kazachstania_kunashirensis  0.0741448 0.1565034 0.0913539 0.0950915 0.1020487 0.0834521 0.1123516 0.0698880 0.0848922 0.1000515 0.0704369 0.1080337 0.0729676 0.0743669 0.0788241 0.0979518 0.1119474 0.0000000 0.1168123 0.0844980 0.1416463 
yHAB164_Kazachstania_aerobia        0.1038542 0.1580377 0.1394111 0.1557654 0.1556230 0.0914499 0.0288249 0.1106778 0.1006290 0.0484487 0.0690302 0.1378933 0.1412252 0.0809573 0.1044916 0.1201875 0.0079088 0.1168123 0.0000000 0.0900928 0.1629077 
yHAB166_Kazachstania_yakushimaensis 0.0774094 0.1461515 0.1044996 0.1059937 0.1139542 0.0771993 0.0910173 0.0836108 0.0633065 0.0879912 0.0599117 0.1029654 0.0924630 0.0214603 0.0696774 0.0926244 0.0882500 0.0844980 0.0900928 0.0000000 0.1370405 
yHMPu5000035629_Yueomyces_sinensis  0.1464399 0.2377994 0.1293164 0.1546151 0.0775124 0.0920790 0.1666153 0.1224958 0.1486336 0.1721059 0.1478044 0.1408009 0.1448415 0.1264243 0.1572199 0.1481506 0.1538525 0.1416463 0.1629077 0.1370405 0.0000000 
