21
Kazachstania_africana               0.0000000 0.1806913 0.1933484 0.2530174 0.3178051 0.1658561 0.1860747 0.1988955 0.1661490 0.1806413 0.1901377 0.2717087 0.1778230 0.2516955 0.3101818 0.2051374 0.1930395 0.2261776 0.1925940 0.2366623 0.2928619 
Kazachstania_naganishii             0.1806913 0.0000000 0.2150194 0.2594651 0.3652688 0.1876941 0.2050114 0.2332387 0.1550695 0.1826987 0.1722544 0.2422280 0.2309819 0.2069968 0.3667410 0.2285437 0.1877821 0.2587060 0.1818105 0.1857148 0.3188804 
Naumovozyma_castellii               0.1933484 0.2150194 0.0000000 0.1480340 0.2955905 0.1686779 0.1958761 0.2172857 0.2140764 0.1774969 0.2151895 0.2197696 0.2095294 0.2542361 0.3515614 0.2548712 0.2027906 0.2544973 0.2001554 0.2327833 0.2636283 
Naumovozyma_dairenensis             0.2530174 0.2594651 0.1480340 0.0000000 0.3424924 0.2336050 0.2744921 0.2309251 0.2676890 0.2328184 0.2796118 0.2061285 0.2501488 0.3026373 0.3870349 0.2756516 0.2472753 0.2780128 0.2387352 0.3030393 0.2794463 
Tetrapisispora_blattae              0.3178051 0.3652688 0.2955905 0.3424924 0.0000000 0.3471664 0.2997980 0.3358458 0.3490361 0.3008902 0.3796166 0.3254245 0.3611596 0.3704093 0.4481753 0.3750593 0.2835314 0.3647539 0.2821854 0.3387762 0.3074069 
yHAB132_Kazachstania_martiniae      0.1658561 0.1876941 0.1686779 0.2336050 0.3471664 0.0000000 0.1770864 0.2103807 0.1382055 0.1595386 0.1725306 0.2576577 0.1986320 0.2136458 0.3418389 0.2330043 0.1713181 0.2280715 0.1648698 0.1855718 0.3046668 
yHAB133_Kazachstania_unispora       0.1860747 0.2050114 0.1958761 0.2744921 0.2997980 0.1770864 0.0000000 0.2248415 0.1599893 0.0742755 0.1972827 0.2436886 0.2045759 0.1869888 0.3580752 0.2373636 0.0516861 0.2404101 0.0494766 0.1729061 0.2581542 
yHAB134_Kazachstania_turicensis     0.1988955 0.2332387 0.2172857 0.2309251 0.3358458 0.2103807 0.2248415 0.0000000 0.2052729 0.1870604 0.2173404 0.2725629 0.1652957 0.2656331 0.2986884 0.2584816 0.2196204 0.1274015 0.2139990 0.2634651 0.3206225 
yHAB136_Kazachstania_bromeliacearum 0.1661490 0.1550695 0.2140764 0.2676890 0.3490361 0.1382055 0.1599893 0.2052729 0.0000000 0.1491310 0.1338727 0.2203055 0.1904055 0.1931001 0.3211202 0.1984862 0.1564993 0.2308960 0.1502135 0.1896402 0.2932021 
yHAB143_Kazachstania_siamensis      0.1806413 0.1826987 0.1774969 0.2328184 0.3008902 0.1595386 0.0742755 0.1870604 0.1491310 0.0000000 0.1710342 0.2306117 0.2047579 0.1815658 0.3412195 0.2200942 0.0631006 0.2286759 0.0655107 0.1738611 0.2678804 
yHAB147_Kazachstania_taianensis     0.1901377 0.1722544 0.2151895 0.2796118 0.3796166 0.1725306 0.1972827 0.2173404 0.1338727 0.1710342 0.0000000 0.2521838 0.1964058 0.2127037 0.3358082 0.2228020 0.1960754 0.2441624 0.1930318 0.2156333 0.3344803 
yHAB148_Kazachstania_intestinalis   0.2717087 0.2422280 0.2197696 0.2061285 0.3254245 0.2576577 0.2436886 0.2725629 0.2203055 0.2306117 0.2521838 0.0000000 0.2645470 0.2641785 0.3871057 0.2479161 0.2277895 0.2977304 0.2215957 0.2756161 0.2999889 
yHAB153_Kazachstania_rosinii        0.1778230 0.2309819 0.2095294 0.2501488 0.3611596 0.1986320 0.2045759 0.1652957 0.1904055 0.2047579 0.1964058 0.2645470 0.0000000 0.2998848 0.2583955 0.1741317 0.2273649 0.1730888 0.2215602 0.2797543 0.2953114 
yHAB154_Kazachstania_transvaalensis 0.2516955 0.2069968 0.2542361 0.3026373 0.3704093 0.2136458 0.1869888 0.2656331 0.1931001 0.1815658 0.2127037 0.2641785 0.2998848 0.0000000 0.4100537 0.3017255 0.1702326 0.3049663 0.1628221 0.0552908 0.3423018 
yHAB155_Kazachstania_spencerorum    0.3101818 0.3667410 0.3515614 0.3870349 0.4481753 0.3418389 0.3580752 0.2986884 0.3211202 0.3412195 0.3358082 0.3871057 0.2583955 0.4100537 0.0000000 0.2885390 0.3554019 0.3128661 0.3489556 0.3761747 0.4637129 
yHAB158_Kazachstania_viticola       0.2051374 0.2285437 0.2548712 0.2756516 0.3750593 0.2330043 0.2373636 0.2584816 0.1984862 0.2200942 0.2228020 0.2479161 0.1741317 0.3017255 0.2885390 0.0000000 0.2255337 0.2407625 0.2130752 0.2806540 0.3349241 
yHAB159_Kazachstania_solicola       0.1930395 0.1877821 0.2027906 0.2472753 0.2835314 0.1713181 0.0516861 0.2196204 0.1564993 0.0631006 0.1960754 0.2277895 0.2273649 0.1702326 0.3554019 0.2255337 0.0000000 0.2348515 0.0083147 0.1610681 0.2735503 
yHAB160_Kazachstania_kunashirensis  0.2261776 0.2587060 0.2544973 0.2780128 0.3647539 0.2280715 0.2404101 0.1274015 0.2308960 0.2286759 0.2441624 0.2977304 0.1730888 0.3049663 0.3128661 0.2407625 0.2348515 0.0000000 0.2351657 0.3070333 0.3498243 
yHAB164_Kazachstania_aerobia        0.1925940 0.1818105 0.2001554 0.2387352 0.2821854 0.1648698 0.0494766 0.2139990 0.1502135 0.0655107 0.1930318 0.2215957 0.2215602 0.1628221 0.3489556 0.2130752 0.0083147 0.2351657 0.0000000 0.1537152 0.2669850 
yHAB166_Kazachstania_yakushimaensis 0.2366623 0.1857148 0.2327833 0.3030393 0.3387762 0.1855718 0.1729061 0.2634651 0.1896402 0.1738611 0.2156333 0.2756161 0.2797543 0.0552908 0.3761747 0.2806540 0.1610681 0.3070333 0.1537152 0.0000000 0.3116968 
yHMPu5000035629_Yueomyces_sinensis  0.2928619 0.3188804 0.2636283 0.2794463 0.3074069 0.3046668 0.2581542 0.3206225 0.2932021 0.2678804 0.3344803 0.2999889 0.2953114 0.3423018 0.4637129 0.3349241 0.2735503 0.3498243 0.2669850 0.3116968 0.0000000 
