21
Kazachstania_africana               0.0000000 0.3393552 0.3426740 0.3582309 0.3265491 0.3310218 0.3523321 0.3335229 0.3327877 0.3434681 0.4732882 0.3848512 0.3455915 0.3902815 0.3631121 0.3276753 0.3406598 0.3244103 0.3448994 0.3960589 0.3437440 
Kazachstania_naganishii             0.3393552 0.0000000 0.1488001 0.1639495 0.1885604 0.1349658 0.1340897 0.1635933 0.1200977 0.1442180 0.2174793 0.1461341 0.3357736 0.2042033 0.1797416 0.1351977 0.1360436 0.1550904 0.1366509 0.1892130 0.1981914 
Naumovozyma_castellii               0.3426740 0.1488001 0.0000000 0.0575199 0.1309618 0.1087063 0.0933763 0.1098653 0.0916487 0.0863467 0.1854046 0.1487061 0.2750631 0.1786213 0.1243415 0.0865455 0.0817006 0.1057815 0.0854693 0.1674422 0.1409064 
Naumovozyma_dairenensis             0.3582309 0.1639495 0.0575199 0.0000000 0.1340132 0.1085308 0.1032651 0.0999136 0.1010013 0.0995562 0.1897468 0.1543174 0.2789658 0.1886855 0.1365950 0.1076890 0.0913053 0.0941104 0.0951954 0.1665105 0.1421445 
Tetrapisispora_blattae              0.3265491 0.1885604 0.1309618 0.1340132 0.0000000 0.1578448 0.1334914 0.1330239 0.1496296 0.1422362 0.2160352 0.1672653 0.3046731 0.1838296 0.1461389 0.1301024 0.1295283 0.1489342 0.1339192 0.1790376 0.0624821 
yHAB132_Kazachstania_martiniae      0.3310218 0.1349658 0.1087063 0.1085308 0.1578448 0.0000000 0.0949055 0.1021744 0.0623981 0.1104763 0.1633462 0.1049186 0.3008865 0.1540679 0.1099783 0.1079349 0.0936565 0.1010502 0.0897466 0.1433836 0.1647411 
yHAB133_Kazachstania_unispora       0.3523321 0.1340897 0.0933763 0.1032651 0.1334914 0.0949055 0.0000000 0.1059163 0.0740549 0.0290887 0.1831098 0.1081293 0.2885809 0.1539175 0.0942321 0.0836801 0.0158346 0.0940855 0.0126192 0.1432398 0.1349926 
yHAB134_Kazachstania_turicensis     0.3335229 0.1635933 0.1098653 0.0999136 0.1330239 0.1021744 0.1059163 0.0000000 0.0851851 0.1138850 0.1755501 0.1107799 0.2521655 0.1661093 0.0729186 0.0882984 0.1045769 0.0530755 0.1086605 0.1449787 0.1301497 
yHAB136_Kazachstania_bromeliacearum 0.3327877 0.1200977 0.0916487 0.1010013 0.1496296 0.0623981 0.0740549 0.0851851 0.0000000 0.0851781 0.1734980 0.0935593 0.2910823 0.1485295 0.0855587 0.1014262 0.0730991 0.0788181 0.0693698 0.1389797 0.1368540 
yHAB143_Kazachstania_siamensis      0.3434681 0.1442180 0.0863467 0.0995562 0.1422362 0.1104763 0.0290887 0.1138850 0.0851781 0.0000000 0.2007200 0.1179533 0.2885308 0.1504323 0.1187689 0.0908147 0.0323816 0.0978536 0.0290339 0.1397968 0.1342771 
yHAB147_Kazachstania_taianensis     0.4732882 0.2174793 0.1854046 0.1897468 0.2160352 0.1633462 0.1831098 0.1755501 0.1734980 0.2007200 0.0000000 0.1783745 0.3970100 0.2414370 0.1875564 0.2028507 0.1770340 0.1794166 0.1814889 0.2238242 0.2372732 
yHAB148_Kazachstania_intestinalis   0.3848512 0.1461341 0.1487061 0.1543174 0.1672653 0.1049186 0.1081293 0.1107799 0.0935593 0.1179533 0.1783745 0.0000000 0.3567081 0.1715326 0.1486189 0.1330549 0.1089276 0.1257957 0.1130572 0.1693316 0.1956867 
yHAB153_Kazachstania_rosinii        0.3455915 0.3357736 0.2750631 0.2789658 0.3046731 0.3008865 0.2885809 0.2521655 0.2910823 0.2885308 0.3970100 0.3567081 0.0000000 0.3447749 0.2884610 0.2790704 0.2801529 0.2848738 0.2786662 0.3371962 0.3007859 
yHAB154_Kazachstania_transvaalensis 0.3902815 0.2042033 0.1786213 0.1886855 0.1838296 0.1540679 0.1539175 0.1661093 0.1485295 0.1504323 0.2414370 0.1715326 0.3447749 0.0000000 0.1801983 0.1547329 0.1461510 0.1774354 0.1417435 0.0255586 0.1866478 
yHAB155_Kazachstania_spencerorum    0.3631121 0.1797416 0.1243415 0.1365950 0.1461389 0.1099783 0.0942321 0.0729186 0.0855587 0.1187689 0.1875564 0.1486189 0.2884610 0.1801983 0.0000000 0.0995400 0.1054624 0.0748599 0.1014802 0.1625156 0.1358954 
yHAB158_Kazachstania_viticola       0.3276753 0.1351977 0.0865455 0.1076890 0.1301024 0.1079349 0.0836801 0.0882984 0.1014262 0.0908147 0.2028507 0.1330549 0.2790704 0.1547329 0.0995400 0.0000000 0.0795586 0.1032797 0.0834800 0.1515245 0.1202268 
yHAB159_Kazachstania_solicola       0.3406598 0.1360436 0.0817006 0.0913053 0.1295283 0.0936565 0.0158346 0.1045769 0.0730991 0.0323816 0.1770340 0.1089276 0.2801529 0.1461510 0.1054624 0.0795586 0.0000000 0.1008643 0.0031123 0.1443941 0.1213901 
yHAB160_Kazachstania_kunashirensis  0.3244103 0.1550904 0.1057815 0.0941104 0.1489342 0.1010502 0.0940855 0.0530755 0.0788181 0.0978536 0.1794166 0.1257957 0.2848738 0.1774354 0.0748599 0.1032797 0.1008643 0.0000000 0.0968734 0.1483468 0.1381653 
yHAB164_Kazachstania_aerobia        0.3448994 0.1366509 0.0854693 0.0951954 0.1339192 0.0897466 0.0126192 0.1086605 0.0693698 0.0290339 0.1814889 0.1130572 0.2786662 0.1417435 0.1014802 0.0834800 0.0031123 0.0968734 0.0000000 0.1400287 0.1257272 
yHAB166_Kazachstania_yakushimaensis 0.3960589 0.1892130 0.1674422 0.1665105 0.1790376 0.1433836 0.1432398 0.1449787 0.1389797 0.1397968 0.2238242 0.1693316 0.3371962 0.0255586 0.1625156 0.1515245 0.1443941 0.1483468 0.1400287 0.0000000 0.1931024 
yHMPu5000035629_Yueomyces_sinensis  0.3437440 0.1981914 0.1409064 0.1421445 0.0624821 0.1647411 0.1349926 0.1301497 0.1368540 0.1342771 0.2372732 0.1956867 0.3007859 0.1866478 0.1358954 0.1202268 0.1213901 0.1381653 0.1257272 0.1931024 0.0000000 
