21
Kazachstania_africana               0.0000000 0.8374334 0.8247096 0.8094463 1.1796925 0.7367253 0.8693816 0.8502331 0.6431045 0.8653723 0.7456216 0.7962134 0.7086983 1.1639488 0.9171957 0.6821692 0.9002122 0.7865863 0.9793524 1.2608728 0.8588004 
Kazachstania_naganishii             0.8374334 0.0000000 1.1155502 1.0774849 1.1277271 0.8630713 1.0613761 0.9892773 0.8920812 0.9895979 0.8956978 1.0718243 1.1905908 1.4179261 1.1883521 0.9241901 1.1916947 0.8391078 1.1535952 1.6505313 1.1949801 
Naumovozyma_castellii               0.8247096 1.1155502 0.0000000 0.5531515 1.0463752 0.8319999 0.8081890 0.9714033 0.7722128 0.9105366 0.9404691 0.8949590 0.7738716 1.1110150 1.0556853 0.7678968 0.7964324 0.9116383 0.8651849 1.3939801 0.8286386 
Naumovozyma_dairenensis             0.8094463 1.0774849 0.5531515 0.0000000 0.9978911 0.8865600 0.9674345 0.9858571 0.8181274 0.9855499 1.0338248 0.9781942 0.8960141 1.1328027 1.0343921 0.9144476 0.9451092 0.9667535 0.9974131 1.4075548 0.9146308 
Tetrapisispora_blattae              1.1796925 1.1277271 1.0463752 0.9978911 0.0000000 0.8144579 1.6018053 1.3471610 1.2748479 1.4447503 1.1731739 1.3133485 1.2963953 1.1369807 0.9642345 1.2884553 1.5239782 1.4553992 1.5698974 1.1640190 0.9443560 
yHAB132_Kazachstania_martiniae      0.7367253 0.8630713 0.8319999 0.8865600 0.8144579 0.0000000 1.0323385 1.0371975 0.8744234 0.9946306 0.8354571 0.7647843 0.8626615 1.3307274 0.9191920 0.8490764 1.0151744 0.8666052 1.1683589 1.1455223 0.8372492 
yHAB133_Kazachstania_unispora       0.8693816 1.0613761 0.8081890 0.9674345 1.6018053 1.0323385 0.0000000 0.9660643 0.7881513 0.3592823 0.8400440 1.0272899 0.8500264 1.1979074 1.1571231 0.8873086 0.1769890 0.9990254 0.1786683 1.4032895 1.0658625 
yHAB134_Kazachstania_turicensis     0.8502331 0.9892773 0.9714033 0.9858571 1.3471610 1.0371975 0.9660643 0.0000000 0.9772579 0.9252985 0.8518014 1.1237848 0.9196865 1.3904521 1.2434878 0.9874195 0.9903748 0.5755031 1.0920257 1.8126155 1.2011357 
yHAB136_Kazachstania_bromeliacearum 0.6431045 0.8920812 0.7722128 0.8181274 1.2748479 0.8744234 0.7881513 0.9772579 0.0000000 0.8100054 0.7160359 0.9133613 0.8264549 0.9642779 1.0263804 0.7195973 0.7948278 0.7745799 0.7522267 1.2311193 0.8798069 
yHAB143_Kazachstania_siamensis      0.8653723 0.9895979 0.9105366 0.9855499 1.4447503 0.9946306 0.3592823 0.9252985 0.8100054 0.0000000 0.8106563 0.9979048 0.9268048 1.0171378 1.1591917 1.0819651 0.3660226 1.1086833 0.4143011 1.2447955 1.0987151 
yHAB147_Kazachstania_taianensis     0.7456216 0.8956978 0.9404691 1.0338248 1.1731739 0.8354571 0.8400440 0.8518014 0.7160359 0.8106563 0.0000000 0.9589009 0.8840616 1.0149569 1.0448182 0.8663249 0.8144024 0.8518858 0.8808142 1.1525495 1.0813367 
yHAB148_Kazachstania_intestinalis   0.7962134 1.0718243 0.8949590 0.9781942 1.3133485 0.7647843 1.0272899 1.1237848 0.9133613 0.9979048 0.9589009 0.0000000 0.9038797 1.3403418 1.0256428 0.9721217 1.0372786 0.8247806 1.0585606 1.4097044 0.9682061 
yHAB153_Kazachstania_rosinii        0.7086983 1.1905908 0.7738716 0.8960141 1.2963953 0.8626615 0.8500264 0.9196865 0.8264549 0.9268048 0.8840616 0.9038797 0.0000000 1.1640763 0.7673760 0.6540372 0.8498947 0.8361002 0.9342842 1.4387656 1.0027418 
yHAB154_Kazachstania_transvaalensis 1.1639488 1.4179261 1.1110150 1.1328027 1.1369807 1.3307274 1.1979074 1.3904521 0.9642779 1.0171378 1.0149569 1.3403418 1.1640763 0.0000000 1.4753576 1.1386869 1.1079769 1.0592814 1.1569924 0.4572534 1.3031230 
yHAB155_Kazachstania_spencerorum    0.9171957 1.1883521 1.0556853 1.0343921 0.9642345 0.9191920 1.1571231 1.2434878 1.0263804 1.1591917 1.0448182 1.0256428 0.7673760 1.4753576 0.0000000 0.9057916 1.2017207 0.9005506 1.2366730 1.6634604 1.0547931 
yHAB158_Kazachstania_viticola       0.6821692 0.9241901 0.7678968 0.9144476 1.2884553 0.8490764 0.8873086 0.9874195 0.7195973 1.0819651 0.8663249 0.9721217 0.6540372 1.1386869 0.9057916 0.0000000 0.8992844 0.7943224 0.9475121 1.2901945 1.0530238 
yHAB159_Kazachstania_solicola       0.9002122 1.1916947 0.7964324 0.9451092 1.5239782 1.0151744 0.1769890 0.9903748 0.7948278 0.3660226 0.8144024 1.0372786 0.8498947 1.1079769 1.2017207 0.8992844 0.0000000 1.0688105 0.1094920 1.2817286 1.1275450 
yHAB160_Kazachstania_kunashirensis  0.7865863 0.8391078 0.9116383 0.9667535 1.4553992 0.8666052 0.9990254 0.5755031 0.7745799 1.1086833 0.8518858 0.8247806 0.8361002 1.0592814 0.9005506 0.7943224 1.0688105 0.0000000 1.0823967 1.3557853 1.0374010 
yHAB164_Kazachstania_aerobia        0.9793524 1.1535952 0.8651849 0.9974131 1.5698974 1.1683589 0.1786683 1.0920257 0.7522267 0.4143011 0.8808142 1.0585606 0.9342842 1.1569924 1.2366730 0.9475121 0.1094920 1.0823967 0.0000000 1.3609954 1.1460571 
yHAB166_Kazachstania_yakushimaensis 1.2608728 1.6505313 1.3939801 1.4075548 1.1640190 1.1455223 1.4032895 1.8126155 1.2311193 1.2447955 1.1525495 1.4097044 1.4387656 0.4572534 1.6634604 1.2901945 1.2817286 1.3557853 1.3609954 0.0000000 1.3871620 
yHMPu5000035629_Yueomyces_sinensis  0.8588004 1.1949801 0.8286386 0.9146308 0.9443560 0.8372492 1.0658625 1.2011357 0.8798069 1.0987151 1.0813367 0.9682061 1.0027418 1.3031230 1.0547931 1.0530238 1.1275450 1.0374010 1.1460571 1.3871620 0.0000000 
