21
Kazachstania_africana               0.0000000 0.5602592 0.4740346 0.7035928 0.8217072 0.5442012 0.5077934 0.4752838 0.4912566 0.5360693 0.7553855 0.5513860 0.4889925 0.5751374 0.4980988 0.9471609 0.5414441 0.5626558 0.6786573 0.6171052 0.8425206 
Kazachstania_naganishii             0.5602592 0.0000000 0.5214207 0.7151338 0.7560781 0.4578514 0.4238369 0.4319837 0.3509543 0.5294119 0.6640824 0.5517234 0.4571246 0.5777325 0.4614908 0.9526504 0.4430763 0.5766722 0.5404178 0.5996073 0.8708640 
Naumovozyma_castellii               0.4740346 0.5214207 0.0000000 0.3754621 0.6945846 0.4066009 0.4969441 0.3124627 0.3954013 0.5534756 0.7614657 0.3319459 0.3591294 0.5162307 0.3893167 0.9743891 0.5479970 0.3496659 0.6419792 0.5718740 0.7200478 
Naumovozyma_dairenensis             0.7035928 0.7151338 0.3754621 0.0000000 0.6391374 0.5791908 0.7418878 0.5509953 0.5841996 0.7304910 0.9301579 0.5128054 0.6294313 0.7036274 0.5322119 1.0146615 0.7564169 0.5242247 0.9417131 0.8107643 0.7729189 
Tetrapisispora_blattae              0.8217072 0.7560781 0.6945846 0.6391374 0.0000000 0.7187320 0.8210291 0.7244367 0.7154824 0.9018317 0.7528839 0.7227677 0.7441358 0.6981530 0.6501519 1.1030714 0.8761407 0.5813583 1.0041690 0.8139172 0.6805275 
yHAB132_Kazachstania_martiniae      0.5442012 0.4578514 0.4066009 0.5791908 0.7187320 0.0000000 0.5100206 0.3727308 0.3866806 0.6218493 0.7238155 0.4397509 0.4807951 0.4926939 0.5575395 1.0512600 0.4984673 0.4540338 0.6042044 0.6152376 0.8369551 
yHAB133_Kazachstania_unispora       0.5077934 0.4238369 0.4969441 0.7418878 0.8210291 0.5100206 0.0000000 0.5108986 0.4651708 0.3439368 0.7069446 0.5323370 0.5585204 0.6024772 0.5381523 1.0010514 0.2112906 0.6082441 0.2775561 0.6170279 0.7310550 
yHAB134_Kazachstania_turicensis     0.4752838 0.4319837 0.3124627 0.5509953 0.7244367 0.3727308 0.5108986 0.0000000 0.3502788 0.5496755 0.6420446 0.3432138 0.2634323 0.4909513 0.3749418 1.0698289 0.4891278 0.2879386 0.6109572 0.5282778 0.8319511 
yHAB136_Kazachstania_bromeliacearum 0.4912566 0.3509543 0.3954013 0.5841996 0.7154824 0.3866806 0.4651708 0.3502788 0.0000000 0.5141461 0.6444581 0.4509766 0.3151085 0.5151678 0.4039805 0.9938879 0.4176319 0.4108408 0.5467384 0.5173754 0.8353344 
yHAB143_Kazachstania_siamensis      0.5360693 0.5294119 0.5534756 0.7304910 0.9018317 0.6218493 0.3439368 0.5496755 0.5141461 0.0000000 0.6732416 0.5854155 0.6809355 0.5301799 0.6493341 0.9300272 0.3013646 0.6301159 0.3739916 0.5719074 0.7997685 
yHAB147_Kazachstania_taianensis     0.7553855 0.6640824 0.7614657 0.9301579 0.7528839 0.7238155 0.7069446 0.6420446 0.6444581 0.6732416 0.0000000 0.6779299 0.7397948 0.7206334 0.7866398 0.9893413 0.6629510 0.7677825 0.7602229 0.7543357 0.9277213 
yHAB148_Kazachstania_intestinalis   0.5513860 0.5517234 0.3319459 0.5128054 0.7227677 0.4397509 0.5323370 0.3432138 0.4509766 0.5854155 0.6779299 0.0000000 0.3746379 0.4682066 0.4526011 0.9382260 0.5195597 0.4087030 0.6428851 0.5352438 0.7650149 
yHAB153_Kazachstania_rosinii        0.4889925 0.4571246 0.3591294 0.6294313 0.7441358 0.4807951 0.5585204 0.2634323 0.3151085 0.6809355 0.7397948 0.3746379 0.0000000 0.5388012 0.3646754 1.1796023 0.5368389 0.3469844 0.6442090 0.6168128 0.9327249 
yHAB154_Kazachstania_transvaalensis 0.5751374 0.5777325 0.5162307 0.7036274 0.6981530 0.4926939 0.6024772 0.4909513 0.5151678 0.5301799 0.7206334 0.4682066 0.5388012 0.0000000 0.6436789 0.9921825 0.5678385 0.5201893 0.6563017 0.1463362 0.8990221 
yHAB155_Kazachstania_spencerorum    0.4980988 0.4614908 0.3893167 0.5322119 0.6501519 0.5575395 0.5381523 0.3749418 0.4039805 0.6493341 0.7866398 0.4526011 0.3646754 0.6436789 0.0000000 1.0393232 0.5614202 0.3247718 0.7685544 0.7107397 0.7548711 
yHAB158_Kazachstania_viticola       0.9471609 0.9526504 0.9743891 1.0146615 1.1030714 1.0512600 1.0010514 1.0698289 0.9938879 0.9300272 0.9893413 0.9382260 1.1796023 0.9921825 1.0393232 0.0000000 0.8906438 1.0862205 1.0720594 1.0107359 1.0604374 
yHAB159_Kazachstania_solicola       0.5414441 0.4430763 0.5479970 0.7564169 0.8761407 0.4984673 0.2112906 0.4891278 0.4176319 0.3013646 0.6629510 0.5195597 0.5368389 0.5678385 0.5614202 0.8906438 0.0000000 0.5936324 0.1084711 0.5999203 0.7533119 
yHAB160_Kazachstania_kunashirensis  0.5626558 0.5766722 0.3496659 0.5242247 0.5813583 0.4540338 0.6082441 0.2879386 0.4108408 0.6301159 0.7677825 0.4087030 0.3469844 0.5201893 0.3247718 1.0862205 0.5936324 0.0000000 0.8096364 0.5863879 0.7401601 
yHAB164_Kazachstania_aerobia        0.6786573 0.5404178 0.6419792 0.9417131 1.0041690 0.6042044 0.2775561 0.6109572 0.5467384 0.3739916 0.7602229 0.6428851 0.6442090 0.6563017 0.7685544 1.0720594 0.1084711 0.8096364 0.0000000 0.6664003 0.9720935 
yHAB166_Kazachstania_yakushimaensis 0.6171052 0.5996073 0.5718740 0.8107643 0.8139172 0.6152376 0.6170279 0.5282778 0.5173754 0.5719074 0.7543357 0.5352438 0.6168128 0.1463362 0.7107397 1.0107359 0.5999203 0.5863879 0.6664003 0.0000000 0.9722774 
yHMPu5000035629_Yueomyces_sinensis  0.8425206 0.8708640 0.7200478 0.7729189 0.6805275 0.8369551 0.7310550 0.8319511 0.8353344 0.7997685 0.9277213 0.7650149 0.9327249 0.8990221 0.7548711 1.0604374 0.7533119 0.7401601 0.9720935 0.9722774 0.0000000 
