21
Kazachstania_africana               0.0000000 0.1800485 0.1717615 0.1799803 0.1891180 0.1933525 0.1792072 0.2148938 0.1919843 0.1637651 0.1429799 0.1865083 0.1559593 0.1714673 0.1977336 0.2039188 0.1896922 0.1875882 0.1898275 0.1644782 0.1994014 
Kazachstania_naganishii             0.1800485 0.0000000 0.1651190 0.1546302 0.2128015 0.1858964 0.1732553 0.1781588 0.1654225 0.1771112 0.1472024 0.1725894 0.1558931 0.1530630 0.1852452 0.2003357 0.1767322 0.1944925 0.1857351 0.1466971 0.2184380 
Naumovozyma_castellii               0.1717615 0.1651190 0.0000000 0.1410450 0.1685118 0.1373654 0.1730093 0.1720213 0.1480652 0.1813798 0.1563216 0.1529737 0.1513088 0.1481045 0.1696893 0.1332295 0.1861022 0.1594686 0.1883222 0.1408299 0.1822922 
Naumovozyma_dairenensis             0.1799803 0.1546302 0.1410450 0.0000000 0.1902066 0.1853829 0.1815920 0.1661157 0.1898987 0.1723647 0.1619479 0.1611499 0.1570244 0.1525302 0.1947224 0.1513928 0.1895636 0.1671318 0.1937572 0.1479982 0.2045692 
Tetrapisispora_blattae              0.1891180 0.2128015 0.1685118 0.1902066 0.0000000 0.1816455 0.1858803 0.1824744 0.1641154 0.2073280 0.1866371 0.1739509 0.1635125 0.1797235 0.1666364 0.1691521 0.2081283 0.1640636 0.2074762 0.1883381 0.1182294 
yHAB132_Kazachstania_martiniae      0.1933525 0.1858964 0.1373654 0.1853829 0.1816455 0.0000000 0.2032354 0.1932768 0.1621029 0.2054804 0.1695560 0.1484642 0.1438104 0.1660139 0.1718088 0.1603193 0.2079826 0.1603910 0.2163912 0.1521779 0.1900059 
yHAB133_Kazachstania_unispora       0.1792072 0.1732553 0.1730093 0.1815920 0.1858803 0.2032354 0.0000000 0.1806102 0.1755575 0.0795151 0.1472638 0.1816346 0.1609921 0.1426123 0.1717095 0.1927034 0.0432614 0.1806220 0.0421002 0.1389445 0.2060433 
yHAB134_Kazachstania_turicensis     0.2148938 0.1781588 0.1720213 0.1661157 0.1824744 0.1932768 0.1806102 0.0000000 0.2004149 0.2099974 0.1704183 0.1695993 0.1174300 0.1658603 0.1357103 0.1800377 0.1780912 0.1116527 0.1883947 0.1548717 0.1860720 
yHAB136_Kazachstania_bromeliacearum 0.1919843 0.1654225 0.1480652 0.1898987 0.1641154 0.1621029 0.1755575 0.2004149 0.0000000 0.2058572 0.1542493 0.1628706 0.1651183 0.1771224 0.1977431 0.1600128 0.1846519 0.2000677 0.1907153 0.1575187 0.1937627 
yHAB143_Kazachstania_siamensis      0.1637651 0.1771112 0.1813798 0.1723647 0.2073280 0.2054804 0.0795151 0.2099974 0.2058572 0.0000000 0.1705148 0.1702200 0.1702212 0.1440244 0.1973280 0.1856179 0.0956451 0.1903489 0.0919345 0.1396967 0.2173290 
yHAB147_Kazachstania_taianensis     0.1429799 0.1472024 0.1563216 0.1619479 0.1866371 0.1695560 0.1472638 0.1704183 0.1542493 0.1705148 0.0000000 0.1683581 0.1596171 0.1456154 0.1772929 0.1896515 0.1533286 0.1804299 0.1618741 0.1401193 0.1872531 
yHAB148_Kazachstania_intestinalis   0.1865083 0.1725894 0.1529737 0.1611499 0.1739509 0.1484642 0.1816346 0.1695993 0.1628706 0.1702200 0.1683581 0.0000000 0.1444244 0.1535006 0.1724189 0.1501152 0.1841408 0.1599149 0.1953712 0.1399154 0.1845167 
yHAB153_Kazachstania_rosinii        0.1559593 0.1558931 0.1513088 0.1570244 0.1635125 0.1438104 0.1609921 0.1174300 0.1651183 0.1702212 0.1596171 0.1444244 0.0000000 0.1480366 0.0983228 0.1321683 0.1657630 0.1090814 0.1801088 0.1478187 0.1686360 
yHAB154_Kazachstania_transvaalensis 0.1714673 0.1530630 0.1481045 0.1525302 0.1797235 0.1660139 0.1426123 0.1658603 0.1771224 0.1440244 0.1456154 0.1535006 0.1480366 0.0000000 0.1577453 0.1802764 0.1541143 0.1759667 0.1531696 0.0509183 0.2035487 
yHAB155_Kazachstania_spencerorum    0.1977336 0.1852452 0.1696893 0.1947224 0.1666364 0.1718088 0.1717095 0.1357103 0.1977431 0.1973280 0.1772929 0.1724189 0.0983228 0.1577453 0.0000000 0.1665200 0.1764825 0.1363590 0.1863774 0.1672546 0.1955792 
yHAB158_Kazachstania_viticola       0.2039188 0.2003357 0.1332295 0.1513928 0.1691521 0.1603193 0.1927034 0.1800377 0.1600128 0.1856179 0.1896515 0.1501152 0.1321683 0.1802764 0.1665200 0.0000000 0.1979038 0.1548903 0.2089481 0.1795146 0.1948177 
yHAB159_Kazachstania_solicola       0.1896922 0.1767322 0.1861022 0.1895636 0.2081283 0.2079826 0.0432614 0.1780912 0.1846519 0.0956451 0.1533286 0.1841408 0.1657630 0.1541143 0.1764825 0.1979038 0.0000000 0.1830735 0.0224367 0.1568012 0.2323415 
yHAB160_Kazachstania_kunashirensis  0.1875882 0.1944925 0.1594686 0.1671318 0.1640636 0.1603910 0.1806220 0.1116527 0.2000677 0.1903489 0.1804299 0.1599149 0.1090814 0.1759667 0.1363590 0.1548903 0.1830735 0.0000000 0.1931141 0.1707642 0.1780537 
yHAB164_Kazachstania_aerobia        0.1898275 0.1857351 0.1883222 0.1937572 0.2074762 0.2163912 0.0421002 0.1883947 0.1907153 0.0919345 0.1618741 0.1953712 0.1801088 0.1531696 0.1863774 0.2089481 0.0224367 0.1931141 0.0000000 0.1579400 0.2348038 
yHAB166_Kazachstania_yakushimaensis 0.1644782 0.1466971 0.1408299 0.1479982 0.1883381 0.1521779 0.1389445 0.1548717 0.1575187 0.1396967 0.1401193 0.1399154 0.1478187 0.0509183 0.1672546 0.1795146 0.1568012 0.1707642 0.1579400 0.0000000 0.1961561 
yHMPu5000035629_Yueomyces_sinensis  0.1994014 0.2184380 0.1822922 0.2045692 0.1182294 0.1900059 0.2060433 0.1860720 0.1937627 0.2173290 0.1872531 0.1845167 0.1686360 0.2035487 0.1955792 0.1948177 0.2323415 0.1780537 0.2348038 0.1961561 0.0000000 
