21
Kazachstania_africana               0.0000000 0.1229295 0.0976697 0.1016429 0.1484957 0.1166195 0.1190264 0.1371996 0.0982756 0.1256095 0.1073625 0.1239689 0.1020307 0.1224217 0.1012903 0.1022572 0.1221085 0.1261275 0.1231862 0.1181889 0.1571035 
Kazachstania_naganishii             0.1229295 0.0000000 0.1365855 0.1356689 0.1668702 0.1123047 0.1093205 0.1551103 0.1050465 0.1180800 0.1121852 0.1480850 0.1192091 0.1232130 0.1242456 0.1226540 0.1163014 0.1453158 0.1200152 0.1133595 0.1812227 
Naumovozyma_castellii               0.0976697 0.1365855 0.0000000 0.0693826 0.1465316 0.1169219 0.1280266 0.1381458 0.1124800 0.1231388 0.1086048 0.1446935 0.1104870 0.1351063 0.1179195 0.1088787 0.1237866 0.1229578 0.1256688 0.1251174 0.1577450 
Naumovozyma_dairenensis             0.1016429 0.1356689 0.0693826 0.0000000 0.1464493 0.1224643 0.1173109 0.1423238 0.1036793 0.1227852 0.1130452 0.1399933 0.1143024 0.1288328 0.1271332 0.1177931 0.1179088 0.1287918 0.1188935 0.1247433 0.1734949 
Tetrapisispora_blattae              0.1484957 0.1668702 0.1465316 0.1464493 0.0000000 0.1668218 0.1622383 0.1832304 0.1649120 0.1639005 0.1357124 0.1805311 0.1429300 0.1664702 0.1571165 0.1622820 0.1646581 0.1603613 0.1701949 0.1556826 0.1494735 
yHAB132_Kazachstania_martiniae      0.1166195 0.1123047 0.1169219 0.1224643 0.1668218 0.0000000 0.1039527 0.1397851 0.1050236 0.1065147 0.0997238 0.1408788 0.1018347 0.1278065 0.1135637 0.1162003 0.1079053 0.1186265 0.1098983 0.1143414 0.1809934 
yHAB133_Kazachstania_unispora       0.1190264 0.1093205 0.1280266 0.1173109 0.1622383 0.1039527 0.0000000 0.1488691 0.0888542 0.0384113 0.0818696 0.1370467 0.1118146 0.1045445 0.1196116 0.1267332 0.0233226 0.1430710 0.0250837 0.0919801 0.1773412 
yHAB134_Kazachstania_turicensis     0.1371996 0.1551103 0.1381458 0.1423238 0.1832304 0.1397851 0.1488691 0.0000000 0.1434781 0.1388164 0.1384535 0.1755347 0.1228783 0.1520735 0.1255993 0.1399070 0.1502868 0.0887584 0.1517659 0.1414457 0.2014817 
yHAB136_Kazachstania_bromeliacearum 0.0982756 0.1050465 0.1124800 0.1036793 0.1649120 0.1050236 0.0888542 0.1434781 0.0000000 0.0959067 0.0865685 0.1283505 0.1098903 0.1041557 0.1185707 0.1162379 0.0926133 0.1374947 0.0940064 0.0913162 0.1825981 
yHAB143_Kazachstania_siamensis      0.1256095 0.1180800 0.1231388 0.1227852 0.1639005 0.1065147 0.0384113 0.1388164 0.0959067 0.0000000 0.0885380 0.1455395 0.1098986 0.1055142 0.1122098 0.1165129 0.0398851 0.1333614 0.0411172 0.0930032 0.1768672 
yHAB147_Kazachstania_taianensis     0.1073625 0.1121852 0.1086048 0.1130452 0.1357124 0.0997238 0.0818696 0.1384535 0.0865685 0.0885380 0.0000000 0.1341819 0.0997847 0.0951697 0.1091097 0.1099046 0.0817719 0.1319505 0.0849200 0.0784093 0.1711156 
yHAB148_Kazachstania_intestinalis   0.1239689 0.1480850 0.1446935 0.1399933 0.1805311 0.1408788 0.1370467 0.1755347 0.1283505 0.1455395 0.1341819 0.0000000 0.1475132 0.1499633 0.1511509 0.1489578 0.1452207 0.1594872 0.1476098 0.1453645 0.2034490 
yHAB153_Kazachstania_rosinii        0.1020307 0.1192091 0.1104870 0.1143024 0.1429300 0.1018347 0.1118146 0.1228783 0.1098903 0.1098986 0.0997847 0.1475132 0.0000000 0.1274275 0.0721245 0.1040115 0.1155082 0.0937707 0.1172816 0.1175175 0.1628968 
yHAB154_Kazachstania_transvaalensis 0.1224217 0.1232130 0.1351063 0.1288328 0.1664702 0.1278065 0.1045445 0.1520735 0.1041557 0.1055142 0.0951697 0.1499633 0.1274275 0.0000000 0.1334102 0.1220063 0.1062467 0.1469574 0.1074657 0.0400776 0.1827655 
yHAB155_Kazachstania_spencerorum    0.1012903 0.1242456 0.1179195 0.1271332 0.1571165 0.1135637 0.1196116 0.1255993 0.1185707 0.1122098 0.1091097 0.1511509 0.0721245 0.1334102 0.0000000 0.1127186 0.1170142 0.0972830 0.1210333 0.1224690 0.1666256 
yHAB158_Kazachstania_viticola       0.1022572 0.1226540 0.1088787 0.1177931 0.1622820 0.1162003 0.1267332 0.1399070 0.1162379 0.1165129 0.1099046 0.1489578 0.1040115 0.1220063 0.1127186 0.0000000 0.1284982 0.1205628 0.1305979 0.1200915 0.1749633 
yHAB159_Kazachstania_solicola       0.1221085 0.1163014 0.1237866 0.1179088 0.1646581 0.1079053 0.0233226 0.1502868 0.0926133 0.0398851 0.0817719 0.1452207 0.1155082 0.1062467 0.1170142 0.1284982 0.0000000 0.1425044 0.0043805 0.0932703 0.1839842 
yHAB160_Kazachstania_kunashirensis  0.1261275 0.1453158 0.1229578 0.1287918 0.1603613 0.1186265 0.1430710 0.0887584 0.1374947 0.1333614 0.1319505 0.1594872 0.0937707 0.1469574 0.0972830 0.1205628 0.1425044 0.0000000 0.1450348 0.1363698 0.1874741 
yHAB164_Kazachstania_aerobia        0.1231862 0.1200152 0.1256688 0.1188935 0.1701949 0.1098983 0.0250837 0.1517659 0.0940064 0.0411172 0.0849200 0.1476098 0.1172816 0.1074657 0.1210333 0.1305979 0.0043805 0.1450348 0.0000000 0.0968053 0.1861319 
yHAB166_Kazachstania_yakushimaensis 0.1181889 0.1133595 0.1251174 0.1247433 0.1556826 0.1143414 0.0919801 0.1414457 0.0913162 0.0930032 0.0784093 0.1453645 0.1175175 0.0400776 0.1224690 0.1200915 0.0932703 0.1363698 0.0968053 0.0000000 0.1834457 
yHMPu5000035629_Yueomyces_sinensis  0.1571035 0.1812227 0.1577450 0.1734949 0.1494735 0.1809934 0.1773412 0.2014817 0.1825981 0.1768672 0.1711156 0.2034490 0.1628968 0.1827655 0.1666256 0.1749633 0.1839842 0.1874741 0.1861319 0.1834457 0.0000000 
