21
Kazachstania_africana               0.0000000 0.1582201 0.1716280 0.1759693 0.1492222 0.1596641 0.1573211 0.1988176 0.1442386 0.1559195 0.1458317 0.2077469 0.1282475 0.1816831 0.1082282 0.1440705 0.1496220 0.1500310 0.1544478 0.1897006 0.1533873 
Kazachstania_naganishii             0.1582201 0.0000000 0.1802943 0.1947640 0.1867127 0.1743929 0.1364173 0.2182024 0.1222081 0.1343612 0.1207264 0.2232633 0.1701699 0.1763726 0.1595903 0.1752323 0.1348972 0.1824171 0.1411686 0.1700753 0.1759096 
Naumovozyma_castellii               0.1716280 0.1802943 0.0000000 0.0865579 0.1561623 0.1492796 0.1987702 0.2152147 0.1704947 0.1761949 0.1617561 0.2750895 0.1429219 0.2130704 0.1482037 0.1659245 0.1885073 0.1727085 0.1931042 0.1906996 0.1669004 
Naumovozyma_dairenensis             0.1759693 0.1947640 0.0865579 0.0000000 0.1546332 0.1528434 0.2237898 0.2114977 0.1642761 0.1718662 0.1811513 0.2660199 0.1560113 0.2167961 0.1602923 0.1652591 0.1993112 0.1858207 0.2025291 0.1946570 0.1553349 
Tetrapisispora_blattae              0.1492222 0.1867127 0.1561623 0.1546332 0.0000000 0.1572886 0.2046968 0.2160485 0.1622219 0.1889237 0.1774014 0.2608913 0.1509732 0.2296718 0.1497303 0.1615126 0.1967120 0.1768199 0.2004758 0.2081667 0.0706527 
yHAB132_Kazachstania_martiniae      0.1596641 0.1743929 0.1492796 0.1528434 0.1572886 0.0000000 0.1940137 0.2218889 0.1432574 0.1741496 0.1482640 0.2439317 0.1512413 0.2021661 0.1690709 0.1759310 0.1856858 0.1861660 0.1979824 0.1972811 0.1451001 
yHAB133_Kazachstania_unispora       0.1573211 0.1364173 0.1987702 0.2237898 0.2046968 0.1940137 0.0000000 0.2004155 0.1207402 0.0523416 0.1225500 0.2253911 0.1769417 0.1647408 0.1577390 0.2055087 0.0417928 0.1883206 0.0497068 0.1747791 0.1977682 
yHAB134_Kazachstania_turicensis     0.1988176 0.2182024 0.2152147 0.2114977 0.2160485 0.2218889 0.2004155 0.0000000 0.2057562 0.1964491 0.1893535 0.2490806 0.1967743 0.2325369 0.1781735 0.1978120 0.2042924 0.1009334 0.2159236 0.2288586 0.2442555 
yHAB136_Kazachstania_bromeliacearum 0.1442386 0.1222081 0.1704947 0.1642761 0.1622219 0.1432574 0.1207402 0.2057562 0.0000000 0.0987592 0.0760332 0.2062687 0.1349480 0.1688345 0.1382661 0.1665670 0.1144327 0.1782803 0.1139453 0.1625679 0.1438200 
yHAB143_Kazachstania_siamensis      0.1559195 0.1343612 0.1761949 0.1718662 0.1889237 0.1741496 0.0523416 0.1964491 0.0987592 0.0000000 0.0935812 0.2156454 0.1686566 0.1659323 0.1574087 0.1971788 0.0441233 0.1958544 0.0506160 0.1510995 0.1700565 
yHAB147_Kazachstania_taianensis     0.1458317 0.1207264 0.1617561 0.1811513 0.1774014 0.1482640 0.1225500 0.1893535 0.0760332 0.0935812 0.0000000 0.2034280 0.1544560 0.1741868 0.1532516 0.1793128 0.1107607 0.1900995 0.1220784 0.1642729 0.1741200 
yHAB148_Kazachstania_intestinalis   0.2077469 0.2232633 0.2750895 0.2660199 0.2608913 0.2439317 0.2253911 0.2490806 0.2062687 0.2156454 0.2034280 0.0000000 0.2078160 0.2654218 0.2026575 0.2329757 0.2218525 0.2259787 0.2279248 0.2599923 0.2429997 
yHAB153_Kazachstania_rosinii        0.1282475 0.1701699 0.1429219 0.1560113 0.1509732 0.1512413 0.1769417 0.1967743 0.1349480 0.1686566 0.1544560 0.2078160 0.0000000 0.2168955 0.0962724 0.1303676 0.1857403 0.1278024 0.1870172 0.1931917 0.1353747 
yHAB154_Kazachstania_transvaalensis 0.1816831 0.1763726 0.2130704 0.2167961 0.2296718 0.2021661 0.1647408 0.2325369 0.1688345 0.1659323 0.1741868 0.2654218 0.2168955 0.0000000 0.2188646 0.2433258 0.1652707 0.2193278 0.1734464 0.0566331 0.2359263 
yHAB155_Kazachstania_spencerorum    0.1082282 0.1595903 0.1482037 0.1602923 0.1497303 0.1690709 0.1577390 0.1781735 0.1382661 0.1574087 0.1532516 0.2026575 0.0962724 0.2188646 0.0000000 0.1680222 0.1664864 0.1221637 0.1720242 0.1861264 0.1526361 
yHAB158_Kazachstania_viticola       0.1440705 0.1752323 0.1659245 0.1652591 0.1615126 0.1759310 0.2055087 0.1978120 0.1665670 0.1971788 0.1793128 0.2329757 0.1303676 0.2433258 0.1680222 0.0000000 0.2075602 0.1800108 0.2153699 0.2374241 0.1703352 
yHAB159_Kazachstania_solicola       0.1496220 0.1348972 0.1885073 0.1993112 0.1967120 0.1856858 0.0417928 0.2042924 0.1144327 0.0441233 0.1107607 0.2218525 0.1857403 0.1652707 0.1664864 0.2075602 0.0000000 0.2014744 0.0174837 0.1588484 0.1893920 
yHAB160_Kazachstania_kunashirensis  0.1500310 0.1824171 0.1727085 0.1858207 0.1768199 0.1861660 0.1883206 0.1009334 0.1782803 0.1958544 0.1900995 0.2259787 0.1278024 0.2193278 0.1221637 0.1800108 0.2014744 0.0000000 0.2055245 0.2041979 0.1721547 
yHAB164_Kazachstania_aerobia        0.1544478 0.1411686 0.1931042 0.2025291 0.2004758 0.1979824 0.0497068 0.2159236 0.1139453 0.0506160 0.1220784 0.2279248 0.1870172 0.1734464 0.1720242 0.2153699 0.0174837 0.2055245 0.0000000 0.1613068 0.2000094 
yHAB166_Kazachstania_yakushimaensis 0.1897006 0.1700753 0.1906996 0.1946570 0.2081667 0.1972811 0.1747791 0.2288586 0.1625679 0.1510995 0.1642729 0.2599923 0.1931917 0.0566331 0.1861264 0.2374241 0.1588484 0.2041979 0.1613068 0.0000000 0.2248599 
yHMPu5000035629_Yueomyces_sinensis  0.1533873 0.1759096 0.1669004 0.1553349 0.0706527 0.1451001 0.1977682 0.2442555 0.1438200 0.1700565 0.1741200 0.2429997 0.1353747 0.2359263 0.1526361 0.1703352 0.1893920 0.1721547 0.2000094 0.2248599 0.0000000 
