21
Kazachstania_africana               0.0000000 0.1123671 0.1590865 0.2024677 0.2261342 0.0768774 0.1602602 0.0958250 0.1001728 0.1627030 0.1236282 0.1325172 0.0976689 0.1568256 0.0986729 0.1001377 0.1527638 0.0770982 0.1526008 0.1538944 0.2797758 
Kazachstania_naganishii             0.1123671 0.0000000 0.1793922 0.1917847 0.2439853 0.0988518 0.1625082 0.1286749 0.0875550 0.1474073 0.1169251 0.1402187 0.1377929 0.1711371 0.1434456 0.1327808 0.1462848 0.1232980 0.1461313 0.1625577 0.2717012 
Naumovozyma_castellii               0.1590865 0.1793922 0.0000000 0.2141972 0.2318842 0.1363240 0.2010312 0.1789004 0.1647217 0.2112247 0.1859299 0.1993220 0.1576408 0.2095256 0.1530343 0.1674420 0.1867889 0.1709761 0.1865798 0.1997883 0.3058030 
Naumovozyma_dairenensis             0.2024677 0.1917847 0.2141972 0.0000000 0.2936499 0.1728121 0.2182205 0.1925420 0.1893853 0.2069118 0.1975834 0.2046024 0.1965140 0.2194607 0.1936156 0.1852303 0.2022609 0.1850638 0.2000350 0.2120356 0.3317810 
Tetrapisispora_blattae              0.2261342 0.2439853 0.2318842 0.2936499 0.0000000 0.2065810 0.2725226 0.2320419 0.2187450 0.2696433 0.2450230 0.2248680 0.2434918 0.3053015 0.2283004 0.2384269 0.2517400 0.2252953 0.2514460 0.2952674 0.1631074 
yHAB132_Kazachstania_martiniae      0.0768774 0.0988518 0.1363240 0.1728121 0.2065810 0.0000000 0.1366267 0.0630029 0.0832984 0.1423271 0.1093497 0.1153229 0.0686973 0.1461628 0.0684874 0.0863421 0.1271521 0.0620306 0.1270224 0.1382224 0.2595303 
yHAB133_Kazachstania_unispora       0.1602602 0.1625082 0.2010312 0.2182205 0.2725226 0.1366267 0.0000000 0.1675863 0.1283695 0.0487878 0.1097435 0.2090270 0.1449206 0.1364873 0.1492159 0.1540522 0.0400908 0.1530130 0.0400574 0.1263836 0.2734939 
yHAB134_Kazachstania_turicensis     0.0958250 0.1286749 0.1789004 0.1925420 0.2320419 0.0630029 0.1675863 0.0000000 0.1224024 0.1824536 0.1407173 0.1281936 0.0660291 0.1533003 0.0905079 0.1133027 0.1606851 0.0470481 0.1605131 0.1521720 0.2538691 
yHAB136_Kazachstania_bromeliacearum 0.1001728 0.0875550 0.1647217 0.1893853 0.2187450 0.0832984 0.1283695 0.1224024 0.0000000 0.1279379 0.1022594 0.1420039 0.1014893 0.1460653 0.1096497 0.1048055 0.1185779 0.1026199 0.1221670 0.1395560 0.2592728 
yHAB143_Kazachstania_siamensis      0.1627030 0.1474073 0.2112247 0.2069118 0.2696433 0.1423271 0.0487878 0.1824536 0.1279379 0.0000000 0.1269268 0.1955931 0.1639319 0.1312629 0.1645333 0.1477369 0.0486590 0.1644414 0.0515021 0.1206605 0.2654830 
yHAB147_Kazachstania_taianensis     0.1236282 0.1169251 0.1859299 0.1975834 0.2450230 0.1093497 0.1097435 0.1407173 0.1022594 0.1269268 0.0000000 0.1567009 0.1297807 0.1520109 0.1283873 0.1104526 0.1069230 0.1239754 0.1068181 0.1457158 0.2568274 
yHAB148_Kazachstania_intestinalis   0.1325172 0.1402187 0.1993220 0.2046024 0.2248680 0.1153229 0.2090270 0.1281936 0.1420039 0.1955931 0.1567009 0.0000000 0.1487823 0.2139682 0.1519763 0.1521282 0.1923067 0.1465383 0.1922845 0.2057121 0.2874624 
yHAB153_Kazachstania_rosinii        0.0976689 0.1377929 0.1576408 0.1965140 0.2434918 0.0686973 0.1449206 0.0660291 0.1014893 0.1639319 0.1297807 0.1487823 0.0000000 0.1611936 0.0516235 0.0921474 0.1409949 0.0629209 0.1408455 0.1563842 0.2705205 
yHAB154_Kazachstania_transvaalensis 0.1568256 0.1711371 0.2095256 0.2194607 0.3053015 0.1461628 0.1364873 0.1533003 0.1460653 0.1312629 0.1520109 0.2139682 0.1611936 0.0000000 0.1760959 0.1463440 0.1143441 0.1628849 0.1126194 0.0073399 0.2956156 
yHAB155_Kazachstania_spencerorum    0.0986729 0.1434456 0.1530343 0.1936156 0.2283004 0.0684874 0.1492159 0.0905079 0.1096497 0.1645333 0.1283873 0.1519763 0.0516235 0.1760959 0.0000000 0.0985285 0.1406805 0.0689613 0.1405316 0.1687491 0.2804858 
yHAB158_Kazachstania_viticola       0.1001377 0.1327808 0.1674420 0.1852303 0.2384269 0.0863421 0.1540522 0.1133027 0.1048055 0.1477369 0.1104526 0.1521282 0.0921474 0.1463440 0.0985285 0.0000000 0.1384707 0.1008476 0.1383251 0.1400533 0.2617555 
yHAB159_Kazachstania_solicola       0.1527638 0.1462848 0.1867889 0.2022609 0.2517400 0.1271521 0.0400908 0.1606851 0.1185779 0.0486590 0.1069230 0.1923067 0.1409949 0.1143441 0.1406805 0.1384707 0.0000000 0.1472877 0.0023680 0.1102755 0.2550764 
yHAB160_Kazachstania_kunashirensis  0.0770982 0.1232980 0.1709761 0.1850638 0.2252953 0.0620306 0.1530130 0.0470481 0.1026199 0.1644414 0.1239754 0.1465383 0.0629209 0.1628849 0.0689613 0.1008476 0.1472877 0.0000000 0.1471345 0.1616116 0.2646697 
yHAB164_Kazachstania_aerobia        0.1526008 0.1461313 0.1865798 0.2000350 0.2514460 0.1270224 0.0400574 0.1605131 0.1221670 0.0515021 0.1068181 0.1922845 0.1408455 0.1126194 0.1405316 0.1383251 0.0023680 0.1471345 0.0000000 0.1066563 0.2550764 
yHAB166_Kazachstania_yakushimaensis 0.1538944 0.1625577 0.1997883 0.2120356 0.2952674 0.1382224 0.1263836 0.1521720 0.1395560 0.1206605 0.1457158 0.2057121 0.1563842 0.0073399 0.1687491 0.1400533 0.1102755 0.1616116 0.1066563 0.0000000 0.2914412 
yHMPu5000035629_Yueomyces_sinensis  0.2797758 0.2717012 0.3058030 0.3317810 0.1631074 0.2595303 0.2734939 0.2538691 0.2592728 0.2654830 0.2568274 0.2874624 0.2705205 0.2956156 0.2804858 0.2617555 0.2550764 0.2646697 0.2550764 0.2914412 0.0000000 
