21
Kazachstania_africana               0.0000000 0.4640892 0.3844508 0.3634152 0.4180329 0.3130756 0.4930398 0.4191448 0.4326825 0.4978332 0.5099156 0.3537479 0.3456878 0.5664588 0.3418278 0.2560899 0.4887890 0.3809589 0.4980871 0.5814902 0.7773039 
Kazachstania_naganishii             0.4640892 0.0000000 0.5210545 0.4670259 0.6153056 0.4298198 0.5557998 0.5225922 0.4066985 0.5320359 0.5056049 0.4517697 0.4358112 0.5232929 0.4724749 0.4190040 0.5214815 0.5324955 0.5225670 0.5277740 0.9114915 
Naumovozyma_castellii               0.3844508 0.5210545 0.0000000 0.1745260 0.3696279 0.2617007 0.5160543 0.3509924 0.3765012 0.5094694 0.4170816 0.3596605 0.2672404 0.4857094 0.3031797 0.2727642 0.4952552 0.3176336 0.4924639 0.5148844 0.6846210 
Naumovozyma_dairenensis             0.3634152 0.4670259 0.1745260 0.0000000 0.4013119 0.2597409 0.5409588 0.3364974 0.3810835 0.5167901 0.4673429 0.3483899 0.3153913 0.4907151 0.2792183 0.2424797 0.5260350 0.3149930 0.5164227 0.5087482 0.6984312 
Tetrapisispora_blattae              0.4180329 0.6153056 0.3696279 0.4013119 0.0000000 0.3664693 0.5797544 0.4289976 0.4388258 0.5927112 0.5037148 0.4112161 0.3601371 0.6112466 0.3774880 0.3700737 0.5438719 0.3836203 0.5471267 0.6144924 0.5384175 
yHAB132_Kazachstania_martiniae      0.3130756 0.4298198 0.2617007 0.2597409 0.3664693 0.0000000 0.4422861 0.2842949 0.3321723 0.4343992 0.4230007 0.3006139 0.2666061 0.4337134 0.2449792 0.2166792 0.4036466 0.2890652 0.4118752 0.4858924 0.6898982 
yHAB133_Kazachstania_unispora       0.4930398 0.5557998 0.5160543 0.5409588 0.5797544 0.4422861 0.0000000 0.5359856 0.3934162 0.1018004 0.3759012 0.4545263 0.4680287 0.4136122 0.4834097 0.4360849 0.0457196 0.5323979 0.0541529 0.3874555 0.7849841 
yHAB134_Kazachstania_turicensis     0.4191448 0.5225922 0.3509924 0.3364974 0.4289976 0.2842949 0.5359856 0.0000000 0.4417783 0.5543176 0.4550575 0.4613886 0.2394477 0.5251576 0.2494362 0.2854220 0.5147421 0.1773966 0.5109869 0.5334702 0.6806357 
yHAB136_Kazachstania_bromeliacearum 0.4326825 0.4066985 0.3765012 0.3810835 0.4388258 0.3321723 0.3934162 0.4417783 0.0000000 0.4132806 0.3448056 0.4089909 0.3583918 0.4384203 0.3667686 0.2990964 0.3684076 0.4147521 0.3699606 0.4765549 0.7494192 
yHAB143_Kazachstania_siamensis      0.4978332 0.5320359 0.5094694 0.5167901 0.5927112 0.4343992 0.1018004 0.5543176 0.4132806 0.0000000 0.3735966 0.4843132 0.4629911 0.4173072 0.4714948 0.4119234 0.0741487 0.5073072 0.0781393 0.3801229 0.7946120 
yHAB147_Kazachstania_taianensis     0.5099156 0.5056049 0.4170816 0.4673429 0.5037148 0.4230007 0.3759012 0.4550575 0.3448056 0.3735966 0.0000000 0.4820269 0.3852605 0.3619057 0.4067060 0.3720523 0.3462126 0.4040585 0.3306106 0.3692178 0.6745692 
yHAB148_Kazachstania_intestinalis   0.3537479 0.4517697 0.3596605 0.3483899 0.4112161 0.3006139 0.4545263 0.4613886 0.4089909 0.4843132 0.4820269 0.0000000 0.2917488 0.5084933 0.3534785 0.2891583 0.4480612 0.4110069 0.4499868 0.5163129 0.7189713 
yHAB153_Kazachstania_rosinii        0.3456878 0.4358112 0.2672404 0.3153913 0.3601371 0.2666061 0.4680287 0.2394477 0.3583918 0.4629911 0.3852605 0.2917488 0.0000000 0.4274855 0.2084356 0.2146635 0.4429256 0.2345753 0.4442215 0.4328436 0.6447147 
yHAB154_Kazachstania_transvaalensis 0.5664588 0.5232929 0.4857094 0.4907151 0.6112466 0.4337134 0.4136122 0.5251576 0.4384203 0.4173072 0.3619057 0.5084933 0.4274855 0.0000000 0.4759087 0.4760564 0.4070438 0.4894617 0.4091297 0.1143213 0.7815066 
yHAB155_Kazachstania_spencerorum    0.3418278 0.4724749 0.3031797 0.2792183 0.3774880 0.2449792 0.4834097 0.2494362 0.3667686 0.4714948 0.4067060 0.3534785 0.2084356 0.4759087 0.0000000 0.2280521 0.4507131 0.2361353 0.4389357 0.4879872 0.6545491 
yHAB158_Kazachstania_viticola       0.2560899 0.4190040 0.2727642 0.2424797 0.3700737 0.2166792 0.4360849 0.2854220 0.2990964 0.4119234 0.3720523 0.2891583 0.2146635 0.4760564 0.2280521 0.0000000 0.4097247 0.2581858 0.4140556 0.4762162 0.7142393 
yHAB159_Kazachstania_solicola       0.4887890 0.5214815 0.4952552 0.5260350 0.5438719 0.4036466 0.0457196 0.5147421 0.3684076 0.0741487 0.3462126 0.4480612 0.4429256 0.4070438 0.4507131 0.4097247 0.0000000 0.5235119 0.0161689 0.3682625 0.7656553 
yHAB160_Kazachstania_kunashirensis  0.3809589 0.5324955 0.3176336 0.3149930 0.3836203 0.2890652 0.5323979 0.1773966 0.4147521 0.5073072 0.4040585 0.4110069 0.2345753 0.4894617 0.2361353 0.2581858 0.5235119 0.0000000 0.5278763 0.4875679 0.7173359 
yHAB164_Kazachstania_aerobia        0.4980871 0.5225670 0.4924639 0.5164227 0.5471267 0.4118752 0.0541529 0.5109869 0.3699606 0.0781393 0.3306106 0.4499868 0.4442215 0.4091297 0.4389357 0.4140556 0.0161689 0.5278763 0.0000000 0.3659913 0.7539182 
yHAB166_Kazachstania_yakushimaensis 0.5814902 0.5277740 0.5148844 0.5087482 0.6144924 0.4858924 0.3874555 0.5334702 0.4765549 0.3801229 0.3692178 0.5163129 0.4328436 0.1143213 0.4879872 0.4762162 0.3682625 0.4875679 0.3659913 0.0000000 0.7179790 
yHMPu5000035629_Yueomyces_sinensis  0.7773039 0.9114915 0.6846210 0.6984312 0.5384175 0.6898982 0.7849841 0.6806357 0.7494192 0.7946120 0.6745692 0.7189713 0.6447147 0.7815066 0.6545491 0.7142393 0.7656553 0.7173359 0.7539182 0.7179790 0.0000000 
