21
Kazachstania_africana               0.0000000 0.1395601 0.0767426 0.0775423 0.1055135 0.0644923 0.0807482 0.0742111 0.0627670 0.0845447 0.1170313 0.0653172 0.0680506 0.1090050 0.0754392 0.0742769 0.0809788 0.0664046 0.0851552 0.1186159 0.1596056 
Kazachstania_naganishii             0.1395601 0.0000000 0.1362293 0.1390484 0.1714919 0.1369495 0.1408161 0.1381002 0.1337085 0.1272440 0.1181164 0.1416188 0.1415954 0.1646528 0.1503020 0.1399309 0.1336375 0.1425481 0.1382535 0.1526719 0.2323704 
Naumovozyma_castellii               0.0767426 0.1362293 0.0000000 0.0585897 0.1126854 0.0733102 0.0822299 0.0700464 0.0525243 0.0827537 0.1024902 0.0745583 0.0865474 0.1164063 0.0725118 0.0767530 0.0835975 0.0714288 0.0835832 0.1075932 0.1465588 
Naumovozyma_dairenensis             0.0775423 0.1390484 0.0585897 0.0000000 0.1158206 0.0688293 0.0751801 0.0727371 0.0703594 0.0738846 0.1048741 0.0759476 0.0589928 0.1084229 0.0813703 0.0658366 0.0859999 0.0600180 0.0885314 0.1059216 0.1548856 
Tetrapisispora_blattae              0.1055135 0.1714919 0.1126854 0.1158206 0.0000000 0.1185115 0.1097942 0.1071208 0.1114922 0.1124164 0.1361730 0.1067439 0.1225002 0.1311867 0.1348427 0.1044812 0.1239782 0.1150416 0.1236584 0.1357020 0.1457089 
yHAB132_Kazachstania_martiniae      0.0644923 0.1369495 0.0733102 0.0688293 0.1185115 0.0000000 0.1014089 0.0655229 0.0586189 0.1011198 0.1110255 0.0803393 0.0448648 0.1249884 0.0847836 0.0708741 0.0926618 0.0486268 0.0968932 0.1231976 0.1569651 
yHAB133_Kazachstania_unispora       0.0807482 0.1408161 0.0822299 0.0751801 0.1097942 0.1014089 0.0000000 0.0807305 0.0649772 0.0331697 0.0990118 0.0797224 0.1040525 0.1019801 0.0987529 0.0830909 0.0381242 0.0853381 0.0417603 0.0861241 0.1514695 
yHAB134_Kazachstania_turicensis     0.0742111 0.1381002 0.0700464 0.0727371 0.1071208 0.0655229 0.0807305 0.0000000 0.0509219 0.0722149 0.0871576 0.0706492 0.0584217 0.0974459 0.0606782 0.0558077 0.0837961 0.0469035 0.0846733 0.0920717 0.1595631 
yHAB136_Kazachstania_bromeliacearum 0.0627670 0.1337085 0.0525243 0.0703594 0.1114922 0.0586189 0.0649772 0.0509219 0.0000000 0.0745541 0.1016236 0.0771980 0.0777936 0.1103519 0.0682178 0.0724821 0.0726314 0.0657127 0.0766538 0.0947337 0.1442099 
yHAB143_Kazachstania_siamensis      0.0845447 0.1272440 0.0827537 0.0738846 0.1124164 0.1011198 0.0331697 0.0722149 0.0745541 0.0000000 0.0943279 0.0709645 0.0923379 0.0880726 0.0840829 0.0808868 0.0367934 0.0685656 0.0382160 0.0815890 0.1475175 
yHAB147_Kazachstania_taianensis     0.1170313 0.1181164 0.1024902 0.1048741 0.1361730 0.1110255 0.0990118 0.0871576 0.1016236 0.0943279 0.0000000 0.0999427 0.1207763 0.1238397 0.1156376 0.0988108 0.1065007 0.1009253 0.1065391 0.1145460 0.2011983 
yHAB148_Kazachstania_intestinalis   0.0653172 0.1416188 0.0745583 0.0759476 0.1067439 0.0803393 0.0797224 0.0706492 0.0771980 0.0709645 0.0999427 0.0000000 0.0725619 0.1227088 0.0753222 0.0596756 0.0759595 0.0626939 0.0801322 0.1094912 0.1571846 
yHAB153_Kazachstania_rosinii        0.0680506 0.1415954 0.0865474 0.0589928 0.1225002 0.0448648 0.1040525 0.0584217 0.0777936 0.0923379 0.1207763 0.0725619 0.0000000 0.1069251 0.0818917 0.0662435 0.0926339 0.0425855 0.0926167 0.1127863 0.1500767 
yHAB154_Kazachstania_transvaalensis 0.1090050 0.1646528 0.1164063 0.1084229 0.1311867 0.1249884 0.1019801 0.0974459 0.1103519 0.0880726 0.1238397 0.1227088 0.1069251 0.0000000 0.1115728 0.1078968 0.0972942 0.0984003 0.0964098 0.0372319 0.1915437 
yHAB155_Kazachstania_spencerorum    0.0754392 0.1503020 0.0725118 0.0813703 0.1348427 0.0847836 0.0987529 0.0606782 0.0682178 0.0840829 0.1156376 0.0753222 0.0818917 0.1115728 0.0000000 0.0719318 0.0838034 0.0668001 0.0863914 0.0998627 0.1588687 
yHAB158_Kazachstania_viticola       0.0742769 0.1399309 0.0767530 0.0658366 0.1044812 0.0708741 0.0830909 0.0558077 0.0724821 0.0808868 0.0988108 0.0596756 0.0662435 0.1078968 0.0719318 0.0000000 0.0857394 0.0487386 0.0898689 0.0914452 0.1554652 
yHAB159_Kazachstania_solicola       0.0809788 0.1336375 0.0835975 0.0859999 0.1239782 0.0926618 0.0381242 0.0837961 0.0726314 0.0367934 0.1065007 0.0759595 0.0926339 0.0972942 0.0838034 0.0857394 0.0000000 0.0766412 0.0032707 0.0948360 0.1443022 
yHAB160_Kazachstania_kunashirensis  0.0664046 0.1425481 0.0714288 0.0600180 0.1150416 0.0486268 0.0853381 0.0469035 0.0657127 0.0685656 0.1009253 0.0626939 0.0425855 0.0984003 0.0668001 0.0487386 0.0766412 0.0000000 0.0807893 0.0994865 0.1548470 
yHAB164_Kazachstania_aerobia        0.0851552 0.1382535 0.0835832 0.0885314 0.1236584 0.0968932 0.0417603 0.0846733 0.0766538 0.0382160 0.1065391 0.0801322 0.0926167 0.0964098 0.0863914 0.0898689 0.0032707 0.0807893 0.0000000 0.0965290 0.1470674 
yHAB166_Kazachstania_yakushimaensis 0.1186159 0.1526719 0.1075932 0.1059216 0.1357020 0.1231976 0.0861241 0.0920717 0.0947337 0.0815890 0.1145460 0.1094912 0.1127863 0.0372319 0.0998627 0.0914452 0.0948360 0.0994865 0.0965290 0.0000000 0.1760190 
yHMPu5000035629_Yueomyces_sinensis  0.1596056 0.2323704 0.1465588 0.1548856 0.1457089 0.1569651 0.1514695 0.1595631 0.1442099 0.1475175 0.2011983 0.1571846 0.1500767 0.1915437 0.1588687 0.1554652 0.1443022 0.1548470 0.1470674 0.1760190 0.0000000 
