21
Kazachstania_africana               0.0000000 0.1727211 0.1699855 0.1785392 0.2138342 0.1611871 0.1752441 0.1651147 0.1410194 0.1882940 0.1584727 0.1789850 0.1398265 0.1777285 0.1486947 0.1445037 0.1727788 0.1812252 0.1724155 0.1824335 0.2401026 
Kazachstania_naganishii             0.1727211 0.0000000 0.1566437 0.1833246 0.2273410 0.1737743 0.1601965 0.1752874 0.1251132 0.1668998 0.1244315 0.1814468 0.1315940 0.1540384 0.1478208 0.1397629 0.1574221 0.1709478 0.1571114 0.1655978 0.2266406 
Naumovozyma_castellii               0.1699855 0.1566437 0.0000000 0.0975287 0.1826949 0.1544207 0.1477043 0.1524495 0.1245186 0.1571072 0.1290869 0.1853896 0.1121099 0.1496498 0.1225161 0.1415646 0.1531093 0.1468522 0.1528153 0.1530269 0.1873020 
Naumovozyma_dairenensis             0.1785392 0.1833246 0.0975287 0.0000000 0.2041303 0.1798848 0.1637703 0.1696334 0.1451049 0.1720157 0.1438845 0.1905976 0.1321863 0.1643677 0.1539913 0.1545695 0.1681265 0.1779779 0.1677797 0.1703010 0.2250594 
Tetrapisispora_blattae              0.2138342 0.2273410 0.1826949 0.2041303 0.0000000 0.2095129 0.2029919 0.1925760 0.2025679 0.1908543 0.2042892 0.2433719 0.1730009 0.1872698 0.2072725 0.1874975 0.2027882 0.1919749 0.2023219 0.1861122 0.1314626 
yHAB132_Kazachstania_martiniae      0.1611871 0.1737743 0.1544207 0.1798848 0.2095129 0.0000000 0.1563963 0.1644345 0.1261136 0.1684916 0.1453002 0.1893799 0.1332455 0.1672431 0.1392326 0.1348253 0.1460204 0.1564705 0.1448343 0.1664936 0.2184205 
yHAB133_Kazachstania_unispora       0.1752441 0.1601965 0.1477043 0.1637703 0.2029919 0.1563963 0.0000000 0.1504787 0.1079244 0.0390179 0.1140719 0.1735756 0.1300637 0.1292133 0.1455670 0.1440305 0.0263606 0.1501958 0.0264366 0.1298514 0.2178910 
yHAB134_Kazachstania_turicensis     0.1651147 0.1752874 0.1524495 0.1696334 0.1925760 0.1644345 0.1504787 0.0000000 0.1507760 0.1549702 0.1590411 0.1952399 0.1238474 0.1621186 0.1403667 0.1421054 0.1510589 0.0852401 0.1507606 0.1818764 0.2111285 
yHAB136_Kazachstania_bromeliacearum 0.1410194 0.1251132 0.1245186 0.1451049 0.2025679 0.1261136 0.1079244 0.1507760 0.0000000 0.1210820 0.0915760 0.1576179 0.1017836 0.1393190 0.1158717 0.1133245 0.1160981 0.1469838 0.1135524 0.1471424 0.2143837 
yHAB143_Kazachstania_siamensis      0.1882940 0.1668998 0.1571072 0.1720157 0.1908543 0.1684916 0.0390179 0.1549702 0.1210820 0.0000000 0.1237809 0.1904856 0.1409993 0.1347197 0.1548115 0.1583566 0.0546756 0.1546800 0.0570542 0.1485561 0.2133079 
yHAB147_Kazachstania_taianensis     0.1584727 0.1244315 0.1290869 0.1438845 0.2042892 0.1453002 0.1140719 0.1590411 0.0915760 0.1237809 0.0000000 0.1638378 0.1048300 0.1161429 0.1212222 0.1284503 0.1185703 0.1540679 0.1174715 0.1299223 0.2109147 
yHAB148_Kazachstania_intestinalis   0.1789850 0.1814468 0.1853896 0.1905976 0.2433719 0.1893799 0.1735756 0.1952399 0.1576179 0.1904856 0.1638378 0.0000000 0.1717353 0.1701761 0.1850021 0.1648766 0.1712274 0.1774037 0.1708654 0.1857776 0.2457044 
yHAB153_Kazachstania_rosinii        0.1398265 0.1315940 0.1121099 0.1321863 0.1730009 0.1332455 0.1300637 0.1238474 0.1017836 0.1409993 0.1048300 0.1717353 0.0000000 0.1359191 0.0727686 0.1190594 0.1358759 0.1335649 0.1356275 0.1464635 0.1946200 
yHAB154_Kazachstania_transvaalensis 0.1777285 0.1540384 0.1496498 0.1643677 0.1872698 0.1672431 0.1292133 0.1621186 0.1393190 0.1347197 0.1161429 0.1701761 0.1359191 0.0000000 0.1575987 0.1405545 0.1292470 0.1587387 0.1290178 0.0515202 0.2136568 
yHAB155_Kazachstania_spencerorum    0.1486947 0.1478208 0.1225161 0.1539913 0.2072725 0.1392326 0.1455670 0.1403667 0.1158717 0.1548115 0.1212222 0.1850021 0.0727686 0.1575987 0.0000000 0.1213263 0.1443201 0.1379806 0.1440405 0.1572214 0.2093970 
yHAB158_Kazachstania_viticola       0.1445037 0.1397629 0.1415646 0.1545695 0.1874975 0.1348253 0.1440305 0.1421054 0.1133245 0.1583566 0.1284503 0.1648766 0.1190594 0.1405545 0.1213263 0.0000000 0.1467364 0.1458427 0.1464519 0.1456112 0.2011349 
yHAB159_Kazachstania_solicola       0.1727788 0.1574221 0.1531093 0.1681265 0.2027882 0.1460204 0.0263606 0.1510589 0.1160981 0.0546756 0.1185703 0.1712274 0.1358759 0.1292470 0.1443201 0.1467364 0.0000000 0.1545253 0.0019190 0.1327041 0.2272516 
yHAB160_Kazachstania_kunashirensis  0.1812252 0.1709478 0.1468522 0.1779779 0.1919749 0.1564705 0.1501958 0.0852401 0.1469838 0.1546800 0.1540679 0.1774037 0.1335649 0.1587387 0.1379806 0.1458427 0.1545253 0.0000000 0.1517152 0.1682775 0.2173694 
yHAB164_Kazachstania_aerobia        0.1724155 0.1571114 0.1528153 0.1677797 0.2023219 0.1448343 0.0264366 0.1507606 0.1135524 0.0570542 0.1174715 0.1708654 0.1356275 0.1290178 0.1440405 0.1464519 0.0019190 0.1517152 0.0000000 0.1300798 0.2259295 
yHAB166_Kazachstania_yakushimaensis 0.1824335 0.1655978 0.1530269 0.1703010 0.1861122 0.1664936 0.1298514 0.1818764 0.1471424 0.1485561 0.1299223 0.1857776 0.1464635 0.0515202 0.1572214 0.1456112 0.1327041 0.1682775 0.1300798 0.0000000 0.2229751 
yHMPu5000035629_Yueomyces_sinensis  0.2401026 0.2266406 0.1873020 0.2250594 0.1314626 0.2184205 0.2178910 0.2111285 0.2143837 0.2133079 0.2109147 0.2457044 0.1946200 0.2136568 0.2093970 0.2011349 0.2272516 0.2173694 0.2259295 0.2229751 0.0000000 
