21
Kazachstania_africana               0.0000000 0.1368922 0.1014593 0.0960478 0.2516787 0.0948692 0.1220677 0.0966850 0.1070631 0.1188313 0.1121572 0.1174677 0.1138813 0.1406229 0.1012320 0.0911876 0.1237109 0.1065563 0.1287649 0.1497559 0.2422087 
Kazachstania_naganishii             0.1368922 0.0000000 0.1121704 0.1152185 0.2658262 0.1127369 0.0949427 0.1245220 0.0827277 0.0925178 0.0710606 0.1233435 0.1244701 0.1072417 0.1275487 0.1419873 0.1177817 0.1424578 0.1181799 0.1116671 0.2475804 
Naumovozyma_castellii               0.1014593 0.1121704 0.0000000 0.0312892 0.2301808 0.0952477 0.1053012 0.0989852 0.0969389 0.1086344 0.1031899 0.1083390 0.1008340 0.1298647 0.1041269 0.1134042 0.1171697 0.1082912 0.1245297 0.1281227 0.2309806 
Naumovozyma_dairenensis             0.0960478 0.1152185 0.0312892 0.0000000 0.2272925 0.0943436 0.1053284 0.0981775 0.0961908 0.1046519 0.1013102 0.1067088 0.0991465 0.1319356 0.0969934 0.1124748 0.1110619 0.1004619 0.1221004 0.1287769 0.2326567 
Tetrapisispora_blattae              0.2516787 0.2658262 0.2301808 0.2272925 0.0000000 0.2368731 0.2536122 0.2670747 0.2401402 0.2609302 0.2484222 0.2493860 0.2515209 0.2570702 0.2533473 0.2398202 0.2535206 0.2648741 0.2609100 0.2661283 0.1586903 
yHAB132_Kazachstania_martiniae      0.0948692 0.1127369 0.0952477 0.0943436 0.2368731 0.0000000 0.1090273 0.1021948 0.1061934 0.1126244 0.1018289 0.1157059 0.0950615 0.1224110 0.1028192 0.1164724 0.1249262 0.1029424 0.1323245 0.1264395 0.2486350 
yHAB133_Kazachstania_unispora       0.1220677 0.0949427 0.1053012 0.1053284 0.2536122 0.1090273 0.0000000 0.1258618 0.0794059 0.0423660 0.0751390 0.1360617 0.1240744 0.1098467 0.1233511 0.1296248 0.0548366 0.1292476 0.0612493 0.1044009 0.2411146 
yHAB134_Kazachstania_turicensis     0.0966850 0.1245220 0.0989852 0.0981775 0.2670747 0.1021948 0.1258618 0.0000000 0.1102870 0.1185708 0.1057268 0.1066976 0.0788962 0.1410930 0.0781803 0.1000715 0.1341273 0.0480312 0.1449724 0.1449747 0.2685608 
yHAB136_Kazachstania_bromeliacearum 0.1070631 0.0827277 0.0969389 0.0961908 0.2401402 0.1061934 0.0794059 0.1102870 0.0000000 0.0719872 0.0546357 0.1276192 0.1093913 0.1005375 0.1140225 0.1189171 0.0976346 0.1251304 0.1017591 0.0971227 0.2460523 
yHAB143_Kazachstania_siamensis      0.1188313 0.0925178 0.1086344 0.1046519 0.2609302 0.1126244 0.0423660 0.1185708 0.0719872 0.0000000 0.0652519 0.1266106 0.1140517 0.1045635 0.1186673 0.1237318 0.0716567 0.1323805 0.0747076 0.0953902 0.2450413 
yHAB147_Kazachstania_taianensis     0.1121572 0.0710606 0.1031899 0.1013102 0.2484222 0.1018289 0.0751390 0.1057268 0.0546357 0.0652519 0.0000000 0.1211846 0.1045839 0.0918204 0.1082734 0.1200139 0.0961309 0.1217186 0.1004341 0.0950390 0.2452459 
yHAB148_Kazachstania_intestinalis   0.1174677 0.1233435 0.1083390 0.1067088 0.2493860 0.1157059 0.1360617 0.1066976 0.1276192 0.1266106 0.1211846 0.0000000 0.1215687 0.1488086 0.1123755 0.1092304 0.1431720 0.1208384 0.1476378 0.1666040 0.2480815 
yHAB153_Kazachstania_rosinii        0.1138813 0.1244701 0.1008340 0.0991465 0.2515209 0.0950615 0.1240744 0.0788962 0.1093913 0.1140517 0.1045839 0.1215687 0.0000000 0.1396547 0.0776049 0.1138052 0.1352133 0.0961457 0.1401517 0.1400959 0.2467818 
yHAB154_Kazachstania_transvaalensis 0.1406229 0.1072417 0.1298647 0.1319356 0.2570702 0.1224110 0.1098467 0.1410930 0.1005375 0.1045635 0.0918204 0.1488086 0.1396547 0.0000000 0.1330495 0.1260192 0.1215418 0.1454415 0.1294320 0.0492335 0.2598083 
yHAB155_Kazachstania_spencerorum    0.1012320 0.1275487 0.1041269 0.0969934 0.2533473 0.1028192 0.1233511 0.0781803 0.1140225 0.1186673 0.1082734 0.1123755 0.0776049 0.1330495 0.0000000 0.1064622 0.1256192 0.0896569 0.1328773 0.1407342 0.2219616 
yHAB158_Kazachstania_viticola       0.0911876 0.1419873 0.1134042 0.1124748 0.2398202 0.1164724 0.1296248 0.1000715 0.1189171 0.1237318 0.1200139 0.1092304 0.1138052 0.1260192 0.1064622 0.0000000 0.1239336 0.1056278 0.1291841 0.1474976 0.2291442 
yHAB159_Kazachstania_solicola       0.1237109 0.1177817 0.1171697 0.1110619 0.2535206 0.1249262 0.0548366 0.1341273 0.0976346 0.0716567 0.0961309 0.1431720 0.1352133 0.1215418 0.1256192 0.1239336 0.0000000 0.1431243 0.0328534 0.1190750 0.2430762 
yHAB160_Kazachstania_kunashirensis  0.1065563 0.1424578 0.1082912 0.1004619 0.2648741 0.1029424 0.1292476 0.0480312 0.1251304 0.1323805 0.1217186 0.1208384 0.0961457 0.1454415 0.0896569 0.1056278 0.1431243 0.0000000 0.1546579 0.1491717 0.2518736 
yHAB164_Kazachstania_aerobia        0.1287649 0.1181799 0.1245297 0.1221004 0.2609100 0.1323245 0.0612493 0.1449724 0.1017591 0.0747076 0.1004341 0.1476378 0.1401517 0.1294320 0.1328773 0.1291841 0.0328534 0.1546579 0.0000000 0.1330010 0.2375334 
yHAB166_Kazachstania_yakushimaensis 0.1497559 0.1116671 0.1281227 0.1287769 0.2661283 0.1264395 0.1044009 0.1449747 0.0971227 0.0953902 0.0950390 0.1666040 0.1400959 0.0492335 0.1407342 0.1474976 0.1190750 0.1491717 0.1330010 0.0000000 0.2823656 
yHMPu5000035629_Yueomyces_sinensis  0.2422087 0.2475804 0.2309806 0.2326567 0.1586903 0.2486350 0.2411146 0.2685608 0.2460523 0.2450413 0.2452459 0.2480815 0.2467818 0.2598083 0.2219616 0.2291442 0.2430762 0.2518736 0.2375334 0.2823656 0.0000000 
