15
A5         0.0000000 0.2429257 0.2638282 0.2252937 0.2238595 0.2406165 0.2556767 0.2669138 0.2555106 0.2475972 0.2116723 0.2218358 0.2322282 0.2388547 0.2314724 
A          0.2429257 0.0000000 0.1992454 0.1982627 0.1830720 0.1935737 0.1989813 0.1984183 0.1968608 0.1998478 0.1697912 0.1791582 0.1966206 0.1848647 0.1807242 
A4         0.2638282 0.1992454 0.0000000 0.1689430 0.1749887 0.1802932 0.1886927 0.2014628 0.1937267 0.1863720 0.1514898 0.1655776 0.1774842 0.1687738 0.1576324 
A1         0.2252937 0.1982627 0.1689430 0.0000000 0.0679081 0.0768912 0.0862340 0.0884514 0.0906584 0.0862921 0.1235817 0.1220241 0.1336715 0.1321983 0.1337251 
A2         0.2238595 0.1830720 0.1749887 0.0679081 0.0000000 0.0120970 0.0475880 0.0539641 0.0496781 0.0455127 0.1202209 0.1257928 0.1397427 0.1383141 0.1398142 
A3         0.2406165 0.1935737 0.1802932 0.0768912 0.0120970 0.0000000 0.0562140 0.0626573 0.0583207 0.0519562 0.1298232 0.1355276 0.1447723 0.1482451 0.1496996 
H          0.2556767 0.1989813 0.1886927 0.0862340 0.0475880 0.0562140 0.0000000 0.0350226 0.0650419 0.0608121 0.1350442 0.1333490 0.1474400 0.1436726 0.1475168 
I          0.2669138 0.1984183 0.2014628 0.0884514 0.0539641 0.0626573 0.0350226 0.0000000 0.0759603 0.0717022 0.1422849 0.1481761 0.1624890 0.1587650 0.1625762 
G          0.2555106 0.1968608 0.1937267 0.0906584 0.0496781 0.0583207 0.0650419 0.0759603 0.0000000 0.0584291 0.1397603 0.1432547 0.1574984 0.1582011 0.1575821 
A0         0.2475972 0.1998478 0.1863720 0.0862921 0.0455127 0.0519562 0.0608121 0.0717022 0.0584291 0.0000000 0.1328063 0.1410797 0.1528029 0.1539852 0.1528835 
F          0.2116723 0.1697912 0.1514898 0.1235817 0.1202209 0.1298232 0.1350442 0.1422849 0.1397603 0.1328063 0.0000000 0.0925450 0.1037267 0.1091980 0.1060956 
E          0.2218358 0.1791582 0.1655776 0.1220241 0.1257928 0.1355276 0.1333490 0.1481761 0.1432547 0.1410797 0.0925450 0.0000000 0.0587201 0.0635586 0.0653039 
D          0.2322282 0.1966206 0.1774842 0.1336715 0.1397427 0.1447723 0.1474400 0.1624890 0.1574984 0.1528029 0.1037267 0.0587201 0.0000000 0.0525051 0.0542993 
B          0.2388547 0.1848647 0.1687738 0.1321983 0.1383141 0.1482451 0.1436726 0.1587650 0.1582011 0.1539852 0.1091980 0.0635586 0.0525051 0.0000000 0.0351656 
C          0.2314724 0.1807242 0.1576324 0.1337251 0.1398142 0.1496996 0.1475168 0.1625762 0.1575821 0.1528835 0.1060956 0.0653039 0.0542993 0.0351656 0.0000000 
