15
A4         0.0000000 0.1318704 0.1320607 0.1390293 0.1324709 0.1295403 0.1326475 0.1251065 0.1719436 0.1851446 0.1603742 0.1436188 0.1758892 0.1778637 0.1968161 
G          0.1318704 0.0000000 0.0496660 0.0581678 0.0810316 0.0784837 0.0811320 0.0696378 0.1781284 0.1814922 0.1590689 0.1518529 0.1696983 0.1840644 0.1981868 
H          0.1320607 0.0496660 0.0000000 0.0202479 0.0925540 0.0899196 0.0903797 0.0786845 0.1859128 0.1893439 0.1744066 0.1670587 0.1903726 0.1949653 0.2093898 
I          0.1390293 0.0581678 0.0202479 0.0000000 0.0970240 0.0943609 0.0948453 0.0830773 0.1908524 0.1943210 0.1792584 0.1718816 0.2004286 0.1974337 0.2196804 
A2         0.1324709 0.0810316 0.0925540 0.0970240 0.0000000 0.0182732 0.0414817 0.0350259 0.1663012 0.1691181 0.1599276 0.1477091 0.1727092 0.1875456 0.1906327 
A3         0.1295403 0.0784837 0.0899196 0.0943609 0.0182732 0.0000000 0.0434301 0.0369798 0.1630742 0.1713107 0.1567759 0.1446492 0.1697951 0.1791845 0.1872318 
A0         0.1326475 0.0811320 0.0903797 0.0948453 0.0414817 0.0434301 0.0000000 0.0225408 0.1741976 0.1796548 0.1625465 0.1503908 0.1758724 0.1852126 0.1939177 
A1         0.1251065 0.0696378 0.0786845 0.0830773 0.0350259 0.0369798 0.0225408 0.0000000 0.1686026 0.1744768 0.1493658 0.1402444 0.1677374 0.1795647 0.1855613 
B          0.1719436 0.1781284 0.1859128 0.1908524 0.1663012 0.1630742 0.1741976 0.1686026 0.0000000 0.0435713 0.1329453 0.1356501 0.1582227 0.1886088 0.1944786 
C          0.1851446 0.1814922 0.1893439 0.1943210 0.1691181 0.1713107 0.1796548 0.1744768 0.0435713 0.0000000 0.1504166 0.1482455 0.1712622 0.1997073 0.2133197 
F          0.1603742 0.1590689 0.1744066 0.1792584 0.1599276 0.1567759 0.1625465 0.1493658 0.1329453 0.1504166 0.0000000 0.0605311 0.0779787 0.1740104 0.1924523 
D          0.1436188 0.1518529 0.1670587 0.1718816 0.1477091 0.1446492 0.1503908 0.1402444 0.1356501 0.1482455 0.0605311 0.0000000 0.0804616 0.1666893 0.1799499 
E          0.1758892 0.1696983 0.1903726 0.2004286 0.1727092 0.1697951 0.1758724 0.1677374 0.1582227 0.1712622 0.0779787 0.0804616 0.0000000 0.1850188 0.2006289 
A          0.1778637 0.1840644 0.1949653 0.1974337 0.1875456 0.1791845 0.1852126 0.1795647 0.1886088 0.1997073 0.1740104 0.1666893 0.1850188 0.0000000 0.1759800 
A5         0.1968161 0.1981868 0.2093898 0.2196804 0.1906327 0.1872318 0.1939177 0.1855613 0.1944786 0.2133197 0.1924523 0.1799499 0.2006289 0.1759800 0.0000000 
