15
A5         0.0000000 0.2167599 0.2267531 0.2303239 0.2169287 0.2282003 0.2121696 0.2037958 0.2151620 0.2176247 0.2139038 0.2212963 0.2241886 0.1949399 0.2250291 
A          0.2167599 0.0000000 0.1778169 0.1663855 0.1570318 0.1747652 0.1597771 0.1495358 0.1601057 0.1599134 0.1631674 0.1708767 0.1685660 0.1511502 0.1888616 
A4         0.2267531 0.1778169 0.0000000 0.1508342 0.1310296 0.1463373 0.1414165 0.1265631 0.1416723 0.1416494 0.1453522 0.1473290 0.1499163 0.1423470 0.1622667 
A1         0.2303239 0.1663855 0.1508342 0.0000000 0.0456103 0.0586232 0.0831980 0.0786769 0.0880300 0.0879366 0.1441718 0.1392341 0.1417752 0.1344556 0.1586542 
A2         0.2169287 0.1570318 0.1310296 0.0456103 0.0000000 0.0287127 0.0700123 0.0654222 0.0745748 0.0700666 0.1298435 0.1249969 0.1274848 0.1202876 0.1438845 
A3         0.2282003 0.1747652 0.1463373 0.0586232 0.0287127 0.0000000 0.0880933 0.0788760 0.0882568 0.0881629 0.1445737 0.1396192 0.1421691 0.1348252 0.1566761 
G          0.2121696 0.1597771 0.1414165 0.0831980 0.0700123 0.0880933 0.0000000 0.0330260 0.0502450 0.0416270 0.1350317 0.1229886 0.1254757 0.1228741 0.1369753 
H          0.2037958 0.1495358 0.1265631 0.0786769 0.0654222 0.0788760 0.0330260 0.0000000 0.0415529 0.0372715 0.1251593 0.1086597 0.1110871 0.1085556 0.1269555 
I          0.2151620 0.1601057 0.1416723 0.0880300 0.0745748 0.0882568 0.0502450 0.0415529 0.0000000 0.0288165 0.1400963 0.1232285 0.1304666 0.1278380 0.1470538 
A0         0.2176247 0.1599134 0.1416494 0.0879366 0.0700666 0.0881629 0.0416270 0.0372715 0.0288165 0.0000000 0.1399335 0.1278103 0.1303174 0.1276926 0.1468787 
F          0.2139038 0.1631674 0.1453522 0.1441718 0.1298435 0.1445737 0.1350317 0.1251593 0.1400963 0.1399335 0.0000000 0.1101620 0.1125767 0.1077829 0.1331385 
B          0.2212963 0.1708767 0.1473290 0.1392341 0.1249969 0.1396192 0.1229886 0.1086597 0.1232285 0.1278103 0.1101620 0.0000000 0.0060241 0.0801873 0.0995652 
C          0.2241886 0.1685660 0.1499163 0.1417752 0.1274848 0.1421691 0.1254757 0.1110871 0.1304666 0.1303174 0.1125767 0.0060241 0.0000000 0.0780512 0.1019619 
D          0.1949399 0.1511502 0.1423470 0.1344556 0.1202876 0.1348252 0.1228741 0.1085556 0.1278380 0.1276926 0.1077829 0.0801873 0.0780512 0.0000000 0.0700229 
E          0.2250291 0.1888616 0.1622667 0.1586542 0.1438845 0.1566761 0.1369753 0.1269555 0.1470538 0.1468787 0.1331385 0.0995652 0.1019619 0.0700229 0.0000000 
