15
A5         0.0000000 0.2338921 0.2413197 0.2421905 0.2304998 0.2256559 0.2257082 0.2361340 0.2395168 0.2358942 0.2444912 0.2300779 0.2336480 0.2473556 0.2527041 
A          0.2338921 0.0000000 0.2080498 0.2112893 0.2042655 0.1987053 0.2018760 0.2102798 0.2420917 0.2404233 0.2125119 0.2072329 0.2081235 0.2240704 0.2267884 
D          0.2413197 0.2080498 0.0000000 0.0651500 0.1473881 0.1391199 0.1347630 0.1740361 0.1968963 0.1911169 0.1727013 0.1620627 0.1651482 0.1721622 0.1673236 
E          0.2421905 0.2112893 0.0651500 0.0000000 0.1403280 0.1344644 0.1372174 0.1749523 0.1898296 0.1840811 0.1637440 0.1531793 0.1611762 0.1706276 0.1633742 
F          0.2304998 0.2042655 0.1473881 0.1403280 0.0000000 0.0920040 0.0945074 0.1610752 0.1837466 0.1856071 0.1747359 0.1593511 0.1673685 0.1723824 0.1749225 
B          0.2256559 0.1987053 0.1391199 0.1344644 0.0920040 0.0000000 0.0100421 0.1652556 0.1877234 0.1871152 0.1762944 0.1609614 0.1689554 0.1739514 0.1764821 
C          0.2257082 0.2018760 0.1347630 0.1372174 0.0945074 0.0100421 0.0000000 0.1682168 0.1934605 0.1901944 0.1792970 0.1638660 0.1719169 0.1719381 0.1744698 
A4         0.2361340 0.2102798 0.1740361 0.1749523 0.1610752 0.1652556 0.1682168 0.0000000 0.1691058 0.1632013 0.1505489 0.1380074 0.1385375 0.1483073 0.1531563 
H          0.2395168 0.2420917 0.1968963 0.1898296 0.1837466 0.1877234 0.1934605 0.1691058 0.0000000 0.0310088 0.0836383 0.0722753 0.0839777 0.0906668 0.0884158 
A0         0.2358942 0.2404233 0.1911169 0.1840811 0.1856071 0.1871152 0.1901944 0.1632013 0.0310088 0.0000000 0.0833976 0.0676618 0.0814447 0.0927194 0.0950197 
G          0.2444912 0.2125119 0.1727013 0.1637440 0.1747359 0.1762944 0.1792970 0.1505489 0.0836383 0.0833976 0.0000000 0.0433568 0.0631888 0.0741455 0.0763781 
I          0.2300779 0.2072329 0.1620627 0.1531793 0.1593511 0.1609614 0.1638660 0.1380074 0.0722753 0.0676618 0.0433568 0.0000000 0.0522048 0.0630033 0.0652005 
A1         0.2336480 0.2081235 0.1651482 0.1611762 0.1673685 0.1689554 0.1719169 0.1385375 0.0839777 0.0814447 0.0631888 0.0522048 0.0000000 0.0565718 0.0631071 
A2         0.2473556 0.2240704 0.1721622 0.1706276 0.1723824 0.1739514 0.1719381 0.1483073 0.0906668 0.0927194 0.0741455 0.0630033 0.0565718 0.0000000 0.0224334 
A3         0.2527041 0.2267884 0.1673236 0.1633742 0.1749225 0.1764821 0.1744698 0.1531563 0.0884158 0.0950197 0.0763781 0.0652005 0.0631071 0.0224334 0.0000000 
