15
A5         0.0000000 0.1935243 0.1931598 0.2092921 0.2214564 0.2045862 0.2055117 0.2050170 0.2199702 0.2165551 0.2222094 0.2091055 0.2120451 0.2152164 0.2181972 
A          0.1935243 0.0000000 0.1503480 0.1601245 0.1712881 0.1532119 0.1574286 0.1723165 0.1685913 0.1624631 0.1702066 0.1634413 0.1558225 0.1592863 0.1570569 
B          0.1931598 0.1503480 0.0000000 0.0605914 0.1115440 0.0927709 0.0900822 0.1565813 0.1704239 0.1692624 0.1771573 0.1576950 0.1579748 0.1632723 0.1610186 
C          0.2092921 0.1601245 0.0605914 0.0000000 0.1068541 0.0812949 0.0923562 0.1613825 0.1753765 0.1742479 0.1821914 0.1649642 0.1652596 0.1706089 0.1633516 
F          0.2214564 0.1712881 0.1115440 0.1068541 0.0000000 0.0932749 0.0951253 0.1562535 0.1810208 0.1798913 0.1852745 0.1730655 0.1654049 0.1681658 0.1659080 
D          0.2045862 0.1532119 0.0927709 0.0812949 0.0932749 0.0000000 0.0790571 0.1518086 0.1654047 0.1537665 0.1589335 0.1575337 0.1603373 0.1606720 0.1584227 
E          0.2055117 0.1574286 0.0900822 0.0923562 0.0951253 0.0790571 0.0000000 0.1510188 0.1674889 0.1583358 0.1691050 0.1646816 0.1673692 0.1701306 0.1678774 
A4         0.2050170 0.1723165 0.1565813 0.1613825 0.1562535 0.1518086 0.1510188 0.0000000 0.1714324 0.1777158 0.1805543 0.1660664 0.1689148 0.1792313 0.1769801 
A1         0.2199702 0.1685913 0.1704239 0.1753765 0.1810208 0.1654047 0.1674889 0.1714324 0.0000000 0.0628690 0.0672970 0.0801266 0.0827328 0.0896352 0.0875079 
A2         0.2165551 0.1624631 0.1692624 0.1742479 0.1798913 0.1537665 0.1583358 0.1777158 0.0628690 0.0000000 0.0224057 0.0876570 0.0812681 0.0882198 0.0860744 
A3         0.2222094 0.1702066 0.1771573 0.1821914 0.1852745 0.1589335 0.1691050 0.1805543 0.0672970 0.0224057 0.0000000 0.0945757 0.0904633 0.0975227 0.0953625 
G          0.2091055 0.1634413 0.1576950 0.1649642 0.1730655 0.1575337 0.1646816 0.1660664 0.0801266 0.0876570 0.0945757 0.0000000 0.0606300 0.0672993 0.0652011 
A0         0.2120451 0.1558225 0.1579748 0.1652596 0.1654049 0.1603373 0.1673692 0.1689148 0.0827328 0.0812681 0.0904633 0.0606300 0.0000000 0.0435268 0.0414569 
H          0.2152164 0.1592863 0.1632723 0.1706089 0.1681658 0.1606720 0.1701306 0.1792313 0.0896352 0.0882198 0.0975227 0.0672993 0.0435268 0.0000000 0.0141767 
I          0.2181972 0.1570569 0.1610186 0.1633516 0.1659080 0.1584227 0.1678774 0.1769801 0.0875079 0.0860744 0.0953625 0.0652011 0.0414569 0.0141767 0.0000000 
