15
B          0.0000000 0.0181637 0.0828414 0.0826282 0.0962311 0.1575534 0.1846326 0.1596098 0.1643337 0.1696701 0.1772668 0.1784418 0.1858783 0.1658332 0.1746621 
C          0.0181637 0.0000000 0.0895129 0.0892818 0.1029914 0.1698591 0.1947334 0.1669435 0.1667306 0.1720835 0.1796973 0.1778684 0.1883401 0.1707789 0.1873476 
F          0.0828414 0.0895129 0.0000000 0.0830169 0.0854484 0.1536315 0.1780630 0.1506644 0.1504751 0.1681865 0.1758150 0.1668782 0.1742759 0.1666842 0.1729917 
D          0.0826282 0.0892818 0.0830169 0.0000000 0.0692937 0.1625128 0.1774483 0.1576013 0.1574020 0.1676665 0.1752675 0.1613151 0.1737278 0.1662154 0.1724920 
E          0.0962311 0.1029914 0.0854484 0.0692937 0.0000000 0.1580544 0.1831365 0.1555283 0.1553317 0.1756126 0.1833024 0.1618084 0.1742173 0.1588994 0.1704457 
A4         0.1575534 0.1698591 0.1536315 0.1625128 0.1580544 0.0000000 0.1793227 0.1641628 0.1639515 0.1744042 0.1821390 0.1782295 0.1857594 0.1903950 0.2122750 
G          0.1846326 0.1947334 0.1780630 0.1774483 0.1831365 0.1793227 0.0000000 0.0744992 0.0766752 0.0880128 0.0948605 0.0841033 0.0908322 0.2167278 0.2394010 
H          0.1596098 0.1669435 0.1506644 0.1576013 0.1555283 0.1641628 0.0744992 0.0000000 0.0369310 0.0627373 0.0692986 0.0587605 0.0652345 0.1905834 0.2105384 
I          0.1643337 0.1667306 0.1504751 0.1574020 0.1553317 0.1639515 0.0766752 0.0369310 0.0000000 0.0626699 0.0692234 0.0565580 0.0630136 0.1981310 0.2161498 
A2         0.1696701 0.1720835 0.1681865 0.1676665 0.1756126 0.1744042 0.0880128 0.0627373 0.0626699 0.0000000 0.0060350 0.0543570 0.0629973 0.2114631 0.2249200 
A3         0.1772668 0.1796973 0.1758150 0.1752675 0.1833024 0.1821390 0.0948605 0.0692986 0.0692234 0.0060350 0.0000000 0.0608814 0.0695875 0.2142027 0.2332486 
A0         0.1784418 0.1778684 0.1668782 0.1613151 0.1618084 0.1782295 0.0841033 0.0587605 0.0565580 0.0543570 0.0608814 0.0000000 0.0435048 0.2051549 0.2291261 
A1         0.1858783 0.1883401 0.1742759 0.1737278 0.1742173 0.1857594 0.0908322 0.0652345 0.0630136 0.0629973 0.0695875 0.0435048 0.0000000 0.2073912 0.2290164 
A          0.1658332 0.1707789 0.1666842 0.1662154 0.1588994 0.1903950 0.2167278 0.1905834 0.1981310 0.2114631 0.2142027 0.2051549 0.2073912 0.0000000 0.1962676 
A5         0.1746621 0.1873476 0.1729917 0.1724920 0.1704457 0.2122750 0.2394010 0.2105384 0.2161498 0.2249200 0.2332486 0.2291261 0.2290164 0.1962676 0.0000000 
