15
A5         0.0000000 0.2412526 0.2399844 0.2437058 0.2371105 0.2373200 0.2464140 0.2466051 0.2513321 0.2567868 0.2179620 0.2209091 0.2441434 0.2494021 0.2362613 
A4         0.2412526 0.0000000 0.1783204 0.1815413 0.1751341 0.1759889 0.1713268 0.1865710 0.1884774 0.2073516 0.2054561 0.2056169 0.2162777 0.2319130 0.2155721 
H          0.2399844 0.1783204 0.0000000 0.0142056 0.0627843 0.0585462 0.0673763 0.0762138 0.0804129 0.2090411 0.2057972 0.2059536 0.2178592 0.2249095 0.2053991 
I          0.2437058 0.1815413 0.0142056 0.0000000 0.0651599 0.0609011 0.0676156 0.0764869 0.0807013 0.2097311 0.2117424 0.2119042 0.2267618 0.2393015 0.2140662 
G          0.2371105 0.1751341 0.0627843 0.0651599 0.0000000 0.0475298 0.0583485 0.0627053 0.0668575 0.2086735 0.2005757 0.1980400 0.2178629 0.2328677 0.2164445 
A0         0.2373200 0.1759889 0.0585462 0.0609011 0.0475298 0.0000000 0.0223890 0.0348654 0.0347702 0.1979157 0.1947362 0.1948831 0.2145770 0.2295030 0.2131876 
A1         0.2464140 0.1713268 0.0673763 0.0676156 0.0583485 0.0223890 0.0000000 0.0454951 0.0496111 0.2095775 0.1958536 0.1960022 0.2158379 0.2362918 0.2197588 
A2         0.2466051 0.1865710 0.0762138 0.0764869 0.0627053 0.0348654 0.0454951 0.0000000 0.0284884 0.2177919 0.2251419 0.2253150 0.2404697 0.2531301 0.2388694 
A3         0.2513321 0.1884774 0.0804129 0.0807013 0.0668575 0.0347702 0.0496111 0.0284884 0.0000000 0.2277583 0.2297521 0.2299284 0.2422856 0.2548942 0.2435042 
A          0.2567868 0.2073516 0.2090411 0.2097311 0.2086735 0.1979157 0.2095775 0.2177919 0.2277583 0.0000000 0.2043037 0.2044578 0.2177659 0.2162170 0.2029731 
B          0.2179620 0.2054561 0.2057972 0.2117424 0.2005757 0.1947362 0.1958536 0.2251419 0.2297521 0.2043037 0.0000000 0.0141350 0.1129226 0.1144435 0.1051357 
C          0.2209091 0.2056169 0.2059536 0.2119042 0.1980400 0.1948831 0.1960022 0.2253150 0.2299284 0.2044578 0.0141350 0.0000000 0.1176456 0.1167874 0.1074502 
F          0.2441434 0.2162777 0.2178592 0.2267618 0.2178629 0.2145770 0.2158379 0.2404697 0.2422856 0.2177659 0.1129226 0.1176456 0.0000000 0.1057301 0.0919699 
D          0.2494021 0.2319130 0.2249095 0.2393015 0.2328677 0.2295030 0.2362918 0.2531301 0.2548942 0.2162170 0.1144435 0.1167874 0.1057301 0.0000000 0.0583069 
E          0.2362613 0.2155721 0.2053991 0.2140662 0.2164445 0.2131876 0.2197588 0.2388694 0.2435042 0.2029731 0.1051357 0.1074502 0.0919699 0.0583069 0.0000000 
