15
A5         0.0000000 0.2149220 0.1860616 0.2168677 0.2039780 0.1917066 0.1904360 0.1986525 0.1954783 0.2087831 0.1821625 0.1677592 0.1794807 0.1879749 0.1895037 
A4         0.2149220 0.0000000 0.1548177 0.1762052 0.1615350 0.1595887 0.1560606 0.1609566 0.1609216 0.2095732 0.1739405 0.1611434 0.1779180 0.1842951 0.1957025 
A1         0.1860616 0.1548177 0.0000000 0.0738633 0.0629593 0.0674983 0.0627578 0.0607339 0.0627532 0.2002059 0.1544137 0.1430189 0.1564221 0.1620869 0.1684378 
A2         0.2168677 0.1762052 0.0738633 0.0000000 0.0140602 0.0782403 0.0668825 0.0692184 0.0647426 0.2176385 0.1887890 0.1718190 0.1807418 0.1917526 0.1871639 
A3         0.2039780 0.1615350 0.0629593 0.0140602 0.0000000 0.0672915 0.0561231 0.0584073 0.0561190 0.2072405 0.1763819 0.1595284 0.1706920 0.1815496 0.1771116 
G          0.1917066 0.1595887 0.0674983 0.0782403 0.0672915 0.0000000 0.0584042 0.0606999 0.0627245 0.1950170 0.1796275 0.1625259 0.1713198 0.1822252 0.1834795 
A0         0.1904360 0.1560606 0.0627578 0.0668825 0.0561231 0.0584042 0.0000000 0.0389855 0.0368034 0.1884384 0.1683609 0.1516950 0.1626678 0.1701960 0.1716933 
H          0.1986525 0.1609566 0.0607339 0.0692184 0.0584073 0.0606999 0.0389855 0.0000000 0.0305656 0.1969502 0.1764550 0.1592914 0.1705714 0.1814161 0.1826691 
I          0.1954783 0.1609216 0.0627532 0.0647426 0.0561190 0.0627245 0.0368034 0.0305656 0.0000000 0.1910445 0.1708380 0.1540346 0.1626187 0.1733089 0.1746016 
A          0.2087831 0.2095732 0.2002059 0.2176385 0.2072405 0.1950170 0.1884384 0.1969502 0.1910445 0.0000000 0.1619065 0.1627436 0.1709618 0.1741712 0.1833197 
B          0.1821625 0.1739405 0.1544137 0.1887890 0.1763819 0.1796275 0.1683609 0.1764550 0.1708380 0.1619065 0.0000000 0.0905781 0.1120924 0.1220215 0.1211728 
F          0.1677592 0.1611434 0.1430189 0.1718190 0.1595284 0.1625259 0.1516950 0.1592914 0.1540346 0.1627436 0.0905781 0.0000000 0.0549846 0.0662004 0.0679983 
E          0.1794807 0.1779180 0.1564221 0.1807418 0.1706920 0.1713198 0.1626678 0.1705714 0.1626187 0.1709618 0.1120924 0.0549846 0.0000000 0.0640328 0.0570918 
C          0.1879749 0.1842951 0.1620869 0.1917526 0.1815496 0.1822252 0.1701960 0.1814161 0.1733089 0.1741712 0.1220215 0.0662004 0.0640328 0.0000000 0.0614958 
D          0.1895037 0.1957025 0.1684378 0.1871639 0.1771116 0.1834795 0.1716933 0.1826691 0.1746016 0.1833197 0.1211728 0.0679983 0.0570918 0.0614958 0.0000000 
