15
A5         0.0000000 0.2110217 0.1962753 0.1983058 0.1849673 0.2031890 0.1844381 0.2169796 0.2084105 0.2028036 0.2183740 0.2083381 0.2225971 0.2003542 0.1969788 
A          0.2110217 0.0000000 0.1780632 0.1852408 0.1880842 0.1869427 0.1869050 0.1902100 0.1780705 0.1777694 0.2070931 0.1901625 0.2146756 0.2003508 0.1944813 
B          0.1962753 0.1780632 0.0000000 0.0329701 0.1606151 0.1727460 0.1570553 0.1627445 0.1501790 0.1449898 0.1929445 0.1777642 0.1941806 0.1752869 0.1745317 
C          0.1983058 0.1852408 0.0329701 0.0000000 0.1727899 0.1825374 0.1666809 0.1724582 0.1655163 0.1602038 0.2028845 0.1875923 0.2041937 0.1793638 0.1842955 
F          0.1849673 0.1880842 0.1606151 0.1727899 0.0000000 0.0785031 0.0740619 0.1909546 0.1700142 0.1646865 0.1951543 0.1852860 0.1993196 0.1879444 0.1846503 
D          0.2031890 0.1869427 0.1727460 0.1825374 0.0785031 0.0000000 0.0717071 0.2063211 0.1854782 0.1800300 0.2102945 0.2057665 0.2227784 0.2030268 0.2048459 
E          0.1844381 0.1869050 0.1570553 0.1666809 0.0740619 0.0717071 0.0000000 0.1874567 0.1796890 0.1743032 0.1914497 0.1843066 0.1903557 0.1785900 0.1784209 
A4         0.2169796 0.1902100 0.1627445 0.1724582 0.1909546 0.2063211 0.1874567 0.0000000 0.1388117 0.1337578 0.1748017 0.1474205 0.1760549 0.1602470 0.1522908 
A2         0.2084105 0.1780705 0.1501790 0.1655163 0.1700142 0.1854782 0.1796890 0.1388117 0.0000000 0.0080801 0.1320638 0.1112389 0.1328435 0.1204775 0.1130600 
A3         0.2028036 0.1777694 0.1449898 0.1602038 0.1646865 0.1800300 0.1743032 0.1337578 0.0080801 0.0000000 0.1271276 0.1064336 0.1278733 0.1156129 0.1082631 
A1         0.2183740 0.2070931 0.1929445 0.2028845 0.1951543 0.2102945 0.1914497 0.1748017 0.1320638 0.1271276 0.0000000 0.0845607 0.0915998 0.0800620 0.0775963 
A0         0.2083381 0.1901625 0.1777642 0.1875923 0.1852860 0.2057665 0.1843066 0.1474205 0.1112389 0.1064336 0.0845607 0.0000000 0.0740295 0.0627621 0.0603943 
G          0.2225971 0.2146756 0.1941806 0.2041937 0.1993196 0.2227784 0.1903557 0.1760549 0.1328435 0.1278733 0.0915998 0.0740295 0.0000000 0.0413850 0.0391390 
H          0.2003542 0.2003508 0.1752869 0.1793638 0.1879444 0.2030268 0.1785900 0.1602470 0.1204775 0.1156129 0.0800620 0.0627621 0.0413850 0.0000000 0.0141261 
I          0.1969788 0.1944813 0.1745317 0.1842955 0.1846503 0.2048459 0.1784209 0.1522908 0.1130600 0.1082631 0.0775963 0.0603943 0.0391390 0.0141261 0.0000000 
