15
B          0.0000000 0.0243298 0.1224892 0.1182715 0.1175557 0.1989669 0.1997477 0.2136380 0.2107522 0.1864180 0.1859650 0.1852848 0.1858493 0.2596816 0.2543592 
C          0.0243298 0.0000000 0.1131225 0.1085935 0.1105930 0.1912201 0.1971103 0.2109487 0.2080747 0.1940464 0.1833812 0.1827118 0.1832675 0.2508617 0.2461012 
F          0.1224892 0.1131225 0.0000000 0.1068528 0.1015566 0.2006945 0.2142502 0.2339163 0.2309272 0.2110708 0.2053150 0.2045493 0.2051837 0.2463841 0.2892809 
D          0.1182715 0.1085935 0.1068528 0.0000000 0.0790958 0.1960227 0.1994944 0.2163064 0.2159628 0.1963812 0.1907193 0.1900115 0.1905987 0.2392332 0.2753941 
E          0.1175557 0.1105930 0.1015566 0.0790958 0.0000000 0.1922121 0.1928338 0.2119571 0.2090650 0.1871274 0.1866706 0.1886173 0.1891955 0.2202465 0.2625665 
A4         0.1989669 0.1912201 0.2006945 0.1960227 0.1922121 0.0000000 0.1576289 0.1780970 0.1753810 0.1571840 0.1499262 0.1422052 0.1426247 0.2231984 0.2457553 
A1         0.1997477 0.1971103 0.2142502 0.1994944 0.1928338 0.1576289 0.0000000 0.0786467 0.0763486 0.0650433 0.0628967 0.0583721 0.0585337 0.2051378 0.2463658 
A2         0.2136380 0.2109487 0.2339163 0.2163064 0.2119571 0.1780970 0.0786467 0.0000000 0.0060349 0.0806846 0.0763097 0.0738318 0.0740379 0.2273796 0.2633350 
A3         0.2107522 0.2080747 0.2309272 0.2159628 0.2090650 0.1753810 0.0763486 0.0060349 0.0000000 0.0783844 0.0740233 0.0715621 0.0717614 0.2243970 0.2667483 
G          0.1864180 0.1940464 0.2110708 0.1963812 0.1871274 0.1571840 0.0650433 0.0806846 0.0783844 0.0000000 0.0649230 0.0603930 0.0562492 0.2074341 0.2376474 
A0         0.1859650 0.1833812 0.2053150 0.1907193 0.1866706 0.1499262 0.0628967 0.0763097 0.0740233 0.0649230 0.0000000 0.0285331 0.0244047 0.1956611 0.2441590 
H          0.1852848 0.1827118 0.2045493 0.1900115 0.1886173 0.1422052 0.0583721 0.0738318 0.0715621 0.0603930 0.0285331 0.0000000 0.0243889 0.1982093 0.2359502 
I          0.1858493 0.1832675 0.2051837 0.1905987 0.1891955 0.1426247 0.0585337 0.0740379 0.0717614 0.0562492 0.0244047 0.0243889 0.0000000 0.1963047 0.2423630 
A          0.2596816 0.2508617 0.2463841 0.2392332 0.2202465 0.2231984 0.2051378 0.2273796 0.2243970 0.2074341 0.1956611 0.1982093 0.1963047 0.0000000 0.2206914 
A5         0.2543592 0.2461012 0.2892809 0.2753941 0.2625665 0.2457553 0.2463658 0.2633350 0.2667483 0.2376474 0.2441590 0.2359502 0.2423630 0.2206914 0.0000000 
