15
A5         0.0000000 0.1683291 0.2071961 0.1990103 0.2165516 0.2092384 0.2466936 0.2086471 0.1901398 0.2140983 0.2121331 0.2068149 0.1866828 0.1912287 0.2035373 
A          0.1683291 0.0000000 0.1822960 0.1899543 0.1861884 0.1692477 0.2103987 0.1728313 0.1431845 0.1507511 0.1511422 0.1512669 0.1424835 0.1386142 0.1582223 
B          0.2071961 0.1822960 0.0000000 0.0305272 0.1156565 0.0919992 0.1403724 0.2207476 0.1864394 0.2158239 0.2083139 0.2084771 0.1874966 0.1873255 0.1971137 
C          0.1990103 0.1899543 0.0305272 0.0000000 0.1178539 0.1032394 0.1426189 0.2205354 0.1940035 0.2182236 0.2107094 0.2029775 0.1950240 0.1949461 0.2047790 
F          0.2165516 0.1861884 0.1156565 0.1178539 0.0000000 0.0806306 0.1090868 0.2148238 0.2079683 0.2181992 0.2196074 0.2169830 0.1956803 0.1955956 0.2080385 
D          0.2092384 0.1692477 0.0919992 0.1032394 0.0806306 0.0000000 0.0918848 0.1886627 0.1860019 0.1959920 0.2024948 0.1973772 0.1717605 0.1713998 0.1862289 
E          0.2466936 0.2103987 0.1403724 0.1426189 0.1090868 0.0918848 0.0000000 0.2346127 0.2282575 0.2387309 0.2403131 0.2405064 0.2136144 0.2013523 0.2303595 
A4         0.2086471 0.1728313 0.2207476 0.2205354 0.2148238 0.1886627 0.2346127 0.0000000 0.1501996 0.1627900 0.1558320 0.1558147 0.1399007 0.1412277 0.1579629 
G          0.1901398 0.1431845 0.1864394 0.1940035 0.2079683 0.1860019 0.2282575 0.1501996 0.0000000 0.0766224 0.0743789 0.0699474 0.0761356 0.0746066 0.0877946 
A0         0.2140983 0.1507511 0.2158239 0.2182236 0.2181992 0.1959920 0.2387309 0.1627900 0.0766224 0.0000000 0.0456310 0.0370706 0.0876017 0.0906935 0.1041286 
H          0.2121331 0.1511422 0.2083139 0.2107094 0.2196074 0.2024948 0.2403131 0.1558320 0.0743789 0.0456310 0.0000000 0.0287524 0.0876050 0.0816326 0.0949576 
I          0.2068149 0.1512669 0.2084771 0.2029775 0.2169830 0.1973772 0.2405064 0.1558147 0.0699474 0.0370706 0.0287524 0.0000000 0.0831147 0.0816312 0.0949556 
A1         0.1866828 0.1424835 0.1874966 0.1950240 0.1956803 0.1717605 0.2136144 0.1399007 0.0761356 0.0876017 0.0876050 0.0831147 0.0000000 0.0502024 0.0608783 
A2         0.1912287 0.1386142 0.1873255 0.1949461 0.1955956 0.1713998 0.2013523 0.1412277 0.0746066 0.0906935 0.0816326 0.0816312 0.0502024 0.0000000 0.0416052 
A3         0.2035373 0.1582223 0.1971137 0.2047790 0.2080385 0.1862289 0.2303595 0.1579629 0.0877946 0.1041286 0.0949576 0.0949556 0.0608783 0.0416052 0.0000000 
