15
A5         0.0000000 0.1681028 0.1763066 0.1908966 0.1767066 0.1537556 0.1532553 0.1900520 0.1822739 0.1901285 0.1849482 0.1814995 0.1779398 0.1885074 0.1900002 
A          0.1681028 0.0000000 0.1852466 0.1971323 0.1829107 0.1802509 0.1772517 0.1905975 0.1889072 0.1937142 0.1969094 0.1832506 0.1844804 0.1976357 0.1941083 
A4         0.1763066 0.1852466 0.0000000 0.1796387 0.1738465 0.1661974 0.1676756 0.1817904 0.1797767 0.1796431 0.1877349 0.1790145 0.1647763 0.1858490 0.1848443 
G          0.1908966 0.1971323 0.1796387 0.0000000 0.0521291 0.0567006 0.0585541 0.0631062 0.0719895 0.0762935 0.1215272 0.1162451 0.1224450 0.1290862 0.1263919 
A0         0.1767066 0.1829107 0.1738465 0.0521291 0.0000000 0.0477866 0.0432776 0.0562270 0.0563235 0.0562395 0.1066491 0.1062262 0.1077989 0.1140750 0.1185107 
H          0.1537556 0.1802509 0.1661974 0.0567006 0.0477866 0.0000000 0.0183016 0.0630266 0.0609897 0.0652544 0.1190349 0.1137844 0.1153281 0.1218042 0.1239820 
I          0.1532553 0.1772517 0.1676756 0.0585541 0.0432776 0.0183016 0.0000000 0.0583405 0.0563157 0.0605399 0.1136188 0.1084557 0.1054441 0.1163367 0.1207758 
A1         0.1900520 0.1905975 0.1817904 0.0631062 0.0562270 0.0630266 0.0583405 0.0000000 0.0628583 0.0671075 0.1281601 0.1228292 0.1219237 0.1309804 0.1307377 
A2         0.1822739 0.1889072 0.1797767 0.0719895 0.0563235 0.0609897 0.0563157 0.0628583 0.0000000 0.0348668 0.1284024 0.1230589 0.1245545 0.1259802 0.1304533 
A3         0.1901285 0.1937142 0.1796431 0.0762935 0.0562395 0.0652544 0.0605399 0.0671075 0.0348668 0.0000000 0.1306509 0.1252888 0.1290464 0.1305278 0.1350067 
B          0.1849482 0.1969094 0.1877349 0.1215272 0.1066491 0.1190349 0.1136188 0.1281601 0.1284024 0.1306509 0.0000000 0.0369866 0.0986630 0.1094989 0.1207870 
C          0.1814995 0.1832506 0.1790145 0.1162451 0.1062262 0.1137844 0.1084557 0.1228292 0.1230589 0.1252888 0.0369866 0.0000000 0.0937048 0.1019977 0.1155439 
F          0.1779398 0.1844804 0.1647763 0.1224450 0.1077989 0.1153281 0.1054441 0.1219237 0.1245545 0.1290464 0.0986630 0.0937048 0.0000000 0.1035965 0.1125178 
D          0.1885074 0.1976357 0.1858490 0.1290862 0.1140750 0.1218042 0.1163367 0.1309804 0.1259802 0.1305278 0.1094989 0.1019977 0.1035965 0.0000000 0.0809883 
E          0.1900002 0.1941083 0.1848443 0.1263919 0.1185107 0.1239820 0.1207758 0.1307377 0.1304533 0.1350067 0.1207870 0.1155439 0.1125178 0.0809883 0.0000000 
