15
A5         0.0000000 0.3053868 0.2730442 0.2959818 0.2750993 0.3038738 0.3004446 0.2914529 0.3058912 0.3018898 0.3033500 0.2913347 0.2921061 0.2770425 0.2780610 
A          0.3053868 0.0000000 0.1673874 0.1917786 0.1824429 0.2098081 0.1914311 0.1743872 0.1808458 0.1803740 0.1871387 0.1768026 0.2110801 0.1558015 0.1706972 
A4         0.2730442 0.1673874 0.0000000 0.1453539 0.1294718 0.1517851 0.1375095 0.1244619 0.1278377 0.1251137 0.1256165 0.1161248 0.1353490 0.1063684 0.1062864 
A2         0.2959818 0.1917786 0.1453539 0.0000000 0.0350958 0.0835269 0.0701065 0.0718762 0.0858022 0.0833229 0.1717095 0.1615595 0.1773095 0.1480014 0.1557697 
A3         0.2750993 0.1824429 0.1294718 0.0350958 0.0000000 0.0738037 0.0584894 0.0645947 0.0738052 0.0714158 0.1549283 0.1450789 0.1628600 0.1320219 0.1419773 
A0         0.3038738 0.2098081 0.1517851 0.0835269 0.0738037 0.0000000 0.0434887 0.0827213 0.0901075 0.0876102 0.1756356 0.1655013 0.1869192 0.1598082 0.1627260 
A1         0.3004446 0.1914311 0.1375095 0.0701065 0.0584894 0.0434887 0.0000000 0.0693963 0.0697556 0.0673767 0.1658550 0.1558211 0.1689579 0.1425773 0.1453903 
G          0.2914529 0.1743872 0.1244619 0.0718762 0.0645947 0.0827213 0.0693963 0.0000000 0.0584453 0.0561405 0.1521571 0.1423600 0.1624404 0.1246941 0.1321011 
H          0.3058912 0.1808458 0.1278377 0.0858022 0.0738052 0.0901075 0.0697556 0.0584453 0.0000000 0.0141416 0.1581492 0.1482188 0.1737520 0.1279606 0.1427284 
I          0.3018898 0.1803740 0.1251137 0.0833229 0.0714158 0.0876102 0.0673767 0.0561405 0.0141416 0.0000000 0.1552233 0.1453539 0.1707211 0.1323832 0.1399072 
B          0.3033500 0.1871387 0.1256165 0.1717095 0.1549283 0.1756356 0.1658550 0.1521571 0.1581492 0.1552233 0.0000000 0.0162140 0.1228673 0.0922541 0.1013311 
C          0.2913347 0.1768026 0.1161248 0.1615595 0.1450789 0.1655013 0.1558211 0.1423600 0.1482188 0.1453539 0.0162140 0.0000000 0.1134332 0.0832027 0.0921834 
D          0.2921061 0.2110801 0.1353490 0.1773095 0.1628600 0.1869192 0.1689579 0.1624404 0.1737520 0.1707211 0.1228673 0.1134332 0.0000000 0.1014117 0.1105932 
E          0.2770425 0.1558015 0.1063684 0.1480014 0.1320219 0.1598082 0.1425773 0.1246941 0.1279606 0.1323832 0.0922541 0.0832027 0.1014117 0.0000000 0.0759584 
F          0.2780610 0.1706972 0.1062864 0.1557697 0.1419773 0.1627260 0.1453903 0.1321011 0.1427284 0.1399072 0.1013311 0.0921834 0.1105932 0.0759584 0.0000000 
