15
A          0.0000000 0.1649688 0.1645268 0.1645268 0.2033671 0.1877317 0.1869603 0.1841299 0.1684925 0.1973496 0.1900108 0.1892980 0.1656070 0.1814609 0.1802956 
A5         0.1649688 0.0000000 0.1895287 0.1895287 0.2124537 0.1957433 0.1916518 0.1888086 0.1705091 0.2020656 0.1947204 0.1967367 0.1589726 0.2040966 0.1905190 
B          0.1645268 0.1895287 0.0000000 0.0000010 0.1859108 0.1449313 0.1583924 0.1528761 0.1360121 0.1682962 0.1612375 0.1632458 0.1546158 0.1752080 0.1699376 
C          0.1645268 0.1895287 0.0000010 0.0000000 0.1859108 0.1449313 0.1583924 0.1528761 0.1360121 0.1682962 0.1612375 0.1632458 0.1546158 0.1752080 0.1699376 
A4         0.2033671 0.2124537 0.1859108 0.1859108 0.0000000 0.1711749 0.1719705 0.1617853 0.1516222 0.1689460 0.1724285 0.1643105 0.1580896 0.1767601 0.1865070 
A1         0.1877317 0.1957433 0.1449313 0.1449313 0.1711749 0.0000000 0.1042885 0.1042331 0.0833632 0.1016377 0.1019589 0.1039698 0.1324810 0.1623848 0.1572288 
A2         0.1869603 0.1916518 0.1583924 0.1583924 0.1719705 0.1042885 0.0000000 0.0162314 0.0567224 0.0832991 0.0835630 0.0855772 0.1360014 0.1583052 0.1584810 
A3         0.1841299 0.1888086 0.1528761 0.1528761 0.1617853 0.1042331 0.0162314 0.0000000 0.0566940 0.0832561 0.0835198 0.0855329 0.1334673 0.1556818 0.1534414 
G          0.1684925 0.1705091 0.1360121 0.1360121 0.1516222 0.0833632 0.0567224 0.0566940 0.0000000 0.0587054 0.0545394 0.0565542 0.1093202 0.1384535 0.1357685 
H          0.1973496 0.2020656 0.1682962 0.1682962 0.1689460 0.1016377 0.0832991 0.0832561 0.0587054 0.0000000 0.0265788 0.0265222 0.1260227 0.1534278 0.1506647 
I          0.1900108 0.1947204 0.1612375 0.1612375 0.1724285 0.1019589 0.0835630 0.0835198 0.0545394 0.0265788 0.0000000 0.0162261 0.1239790 0.1513816 0.1486214 
A0         0.1892980 0.1967367 0.1632458 0.1632458 0.1643105 0.1039698 0.0855772 0.0855329 0.0565542 0.0265222 0.0162261 0.0000000 0.1259972 0.1533962 0.1506338 
F          0.1656070 0.1589726 0.1546158 0.1546158 0.1580896 0.1324810 0.1360014 0.1334673 0.1093202 0.1260227 0.1239790 0.1259972 0.0000000 0.1040942 0.1039567 
D          0.1814609 0.2040966 0.1752080 0.1752080 0.1767601 0.1623848 0.1583052 0.1556818 0.1384535 0.1534278 0.1513816 0.1533962 0.1040942 0.0000000 0.0946272 
E          0.1802956 0.1905190 0.1699376 0.1699376 0.1865070 0.1572288 0.1584810 0.1534414 0.1357685 0.1506647 0.1486214 0.1506338 0.1039567 0.0946272 0.0000000 
