15
A4         0.0000000 0.1615812 0.1594034 0.1636568 0.1690652 0.1496798 0.1669713 0.1622072 0.2411005 0.2452532 0.2234037 0.2292824 0.2351264 0.2524623 0.2468070 
A0         0.1615812 0.0000000 0.0390850 0.0874953 0.0947661 0.0834617 0.1084048 0.1085604 0.2392448 0.2656654 0.2289688 0.2211652 0.2323208 0.2383279 0.2328207 
A1         0.1594034 0.0390850 0.0000000 0.0806966 0.0878676 0.0766633 0.0922945 0.0992791 0.2307656 0.2541486 0.2152133 0.2128360 0.2238689 0.2352657 0.2297831 
A2         0.1636568 0.0874953 0.0806966 0.0000000 0.0286824 0.0563146 0.0671386 0.0716050 0.2370265 0.2575335 0.2194869 0.2172946 0.2337681 0.2452590 0.2397401 
A3         0.1690652 0.0947661 0.0878676 0.0286824 0.0000000 0.0609317 0.0762826 0.0852951 0.2402545 0.2555302 0.2167174 0.2170990 0.2335550 0.2450333 0.2395203 
G          0.1496798 0.0834617 0.0766633 0.0563146 0.0609317 0.0000000 0.0412596 0.0434450 0.2116382 0.2315973 0.1995751 0.1946853 0.2055012 0.2112890 0.2059364 
H          0.1669713 0.1084048 0.0922945 0.0671386 0.0762826 0.0412596 0.0000000 0.0476715 0.2323096 0.2496598 0.2201286 0.2124033 0.2200315 0.2402614 0.2347606 
I          0.1622072 0.1085604 0.0992791 0.0716050 0.0852951 0.0434450 0.0476715 0.0000000 0.2333126 0.2509814 0.2238467 0.2216374 0.2273622 0.2443860 0.2388313 
A5         0.2411005 0.2392448 0.2307656 0.2370265 0.2402545 0.2116382 0.2323096 0.2333126 0.0000000 0.2062299 0.1942488 0.1891283 0.1742124 0.2080805 0.2055082 
A          0.2452532 0.2656654 0.2541486 0.2575335 0.2555302 0.2315973 0.2496598 0.2509814 0.2062299 0.0000000 0.2097491 0.1937066 0.2024849 0.2107114 0.2081328 
F          0.2234037 0.2289688 0.2152133 0.2194869 0.2167174 0.1995751 0.2201286 0.2238467 0.1942488 0.2097491 0.0000000 0.1197906 0.1293344 0.1439941 0.1416271 
E          0.2292824 0.2211652 0.2128360 0.2172946 0.2170990 0.1946853 0.2124033 0.2216374 0.1891283 0.1937066 0.1197906 0.0000000 0.0541000 0.0563748 0.0542323 
D          0.2351264 0.2323208 0.2238689 0.2337681 0.2335550 0.2055012 0.2200315 0.2273622 0.1742124 0.2024849 0.1293344 0.0541000 0.0000000 0.0694515 0.0672788 
B          0.2524623 0.2383279 0.2352657 0.2452590 0.2450333 0.2112890 0.2402614 0.2443860 0.2080805 0.2107114 0.1439941 0.0563748 0.0694515 0.0000000 0.0060241 
C          0.2468070 0.2328207 0.2297831 0.2397401 0.2395203 0.2059364 0.2347606 0.2388313 0.2055082 0.2081328 0.1416271 0.0542323 0.0672788 0.0060241 0.0000000 
