15
A5         0.0000000 0.2000511 0.2024815 0.1921047 0.1972994 0.2278048 0.2226897 0.1978110 0.1991930 0.2019987 0.1945472 0.1759736 0.2293230 0.2002791 0.2028542 
A          0.2000511 0.0000000 0.1974904 0.1572576 0.1621979 0.1832619 0.1783944 0.1675356 0.1639958 0.1666290 0.1722247 0.1407316 0.1754785 0.1509026 0.1557020 
F          0.2024815 0.1974904 0.0000000 0.1467962 0.1540202 0.1773286 0.1799765 0.1544014 0.1608074 0.1634173 0.1693659 0.1506109 0.1858193 0.1609085 0.1633428 
A2         0.1921047 0.1572576 0.1467962 0.0000000 0.0100576 0.0391610 0.0412968 0.0455634 0.0454417 0.0476050 0.1447203 0.1240459 0.1759774 0.1463745 0.1463962 
A3         0.1972994 0.1621979 0.1540202 0.0100576 0.0000000 0.0454938 0.0476483 0.0519468 0.0518083 0.0539922 0.1519447 0.1311615 0.1835141 0.1511658 0.1537152 
A0         0.2278048 0.1832619 0.1773286 0.0391610 0.0454938 0.0000000 0.0457026 0.0651113 0.0605989 0.0628210 0.1728127 0.1466448 0.1951397 0.1647598 0.1647848 
A1         0.2226897 0.1783944 0.1799765 0.0412968 0.0476483 0.0457026 0.0000000 0.0673368 0.0628055 0.0650355 0.1754524 0.1394281 0.1978874 0.1648360 0.1648610 
G          0.1978110 0.1675356 0.1544014 0.0455634 0.0519468 0.0651113 0.0673368 0.0000000 0.0454308 0.0475936 0.1548307 0.1291445 0.1815238 0.1516791 0.1517017 
H          0.1991930 0.1639958 0.1608074 0.0454417 0.0518083 0.0605989 0.0628055 0.0454308 0.0000000 0.0060049 0.1491543 0.1212147 0.1777870 0.1433755 0.1433966 
I          0.2019987 0.1666290 0.1634173 0.0476050 0.0539922 0.0628210 0.0650355 0.0475936 0.0060049 0.0000000 0.1492397 0.1236981 0.1804942 0.1434789 0.1435000 
A4         0.1945472 0.1722247 0.1693659 0.1447203 0.1519447 0.1728127 0.1754524 0.1548307 0.1491543 0.1492397 0.0000000 0.1361282 0.1731053 0.1460400 0.1484382 
E          0.1759736 0.1407316 0.1506109 0.1240459 0.1311615 0.1466448 0.1394281 0.1291445 0.1212147 0.1236981 0.1361282 0.0000000 0.0853335 0.0501319 0.0522700 
D          0.2293230 0.1754785 0.1858193 0.1759774 0.1835141 0.1951397 0.1978874 0.1815238 0.1777870 0.1804942 0.1731053 0.0853335 0.0000000 0.0719856 0.0741738 
B          0.2002791 0.1509026 0.1609085 0.1463745 0.1511658 0.1647598 0.1648360 0.1516791 0.1433755 0.1434789 0.1460400 0.0501319 0.0719856 0.0000000 0.0141621 
C          0.2028542 0.1557020 0.1633428 0.1463962 0.1537152 0.1647848 0.1648610 0.1517017 0.1433966 0.1435000 0.1484382 0.0522700 0.0741738 0.0141621 0.0000000 
