15
A5         0.0000000 0.2008010 0.1863033 0.1937385 0.2084490 0.1964060 0.1997157 0.1887517 0.1915085 0.1827923 0.1757059 0.1769952 0.1851336 0.1863744 0.1951714 
A          0.2008010 0.0000000 0.1783075 0.1833216 0.1953987 0.1944048 0.2075862 0.1659749 0.1814517 0.1753876 0.1732099 0.1669997 0.1697801 0.1893395 0.1870062 
B          0.1863033 0.1783075 0.0000000 0.0162973 0.1094831 0.1057634 0.1174619 0.1564301 0.1733770 0.1829947 0.1709567 0.1549089 0.1704839 0.1744416 0.1830357 
C          0.1937385 0.1833216 0.0162973 0.0000000 0.1140843 0.1103892 0.1197972 0.1662817 0.1756703 0.1852930 0.1732480 0.1597173 0.1753846 0.1743286 0.1829160 
F          0.2084490 0.1953987 0.1094831 0.1140843 0.0000000 0.1120273 0.1121079 0.1903284 0.1988071 0.1894527 0.1798276 0.1739356 0.1973666 0.1991775 0.1976191 
D          0.1964060 0.1944048 0.1057634 0.1103892 0.1120273 0.0000000 0.0964369 0.1876019 0.1852184 0.1808520 0.1688081 0.1705623 0.1864917 0.1828790 0.1891411 
E          0.1997157 0.2075862 0.1174619 0.1197972 0.1121079 0.0964369 0.0000000 0.1970081 0.1810600 0.1828065 0.1731826 0.1699253 0.1831813 0.1879720 0.1884071 
A4         0.1887517 0.1659749 0.1564301 0.1662817 0.1903284 0.1876019 0.1970081 0.0000000 0.1645516 0.1683752 0.1566118 0.1506811 0.1683348 0.1674002 0.1756273 
A1         0.1915085 0.1814517 0.1733770 0.1756703 0.1988071 0.1852184 0.1810600 0.1645516 0.0000000 0.0454541 0.0350069 0.0648320 0.0760091 0.0881460 0.0882229 
A2         0.1827923 0.1753876 0.1829947 0.1852930 0.1894527 0.1808520 0.1828065 0.1683752 0.0454541 0.0000000 0.0223219 0.0687775 0.0799498 0.0966362 0.0967218 
A3         0.1757059 0.1732099 0.1709567 0.1732480 0.1798276 0.1688081 0.1731826 0.1566118 0.0350069 0.0223219 0.0000000 0.0560014 0.0692002 0.0856081 0.0856821 
H          0.1769952 0.1669997 0.1549089 0.1597173 0.1739356 0.1705623 0.1699253 0.1506811 0.0648320 0.0687775 0.0560014 0.0000000 0.0263979 0.0585439 0.0585908 
I          0.1851336 0.1697801 0.1704839 0.1753846 0.1973666 0.1864917 0.1831813 0.1683348 0.0760091 0.0799498 0.0692002 0.0263979 0.0000000 0.0696579 0.0652723 
G          0.1863744 0.1893395 0.1744416 0.1743286 0.1991775 0.1828790 0.1879720 0.1674002 0.0881460 0.0966362 0.0856081 0.0585439 0.0696579 0.0000000 0.0546875 
A0         0.1951714 0.1870062 0.1830357 0.1829160 0.1976191 0.1891411 0.1884071 0.1756273 0.0882229 0.0967218 0.0856821 0.0585908 0.0652723 0.0546875 0.0000000 
