15
A5         0.0000000 0.2268684 0.2246066 0.2026099 0.2218627 0.2046956 0.2336132 0.2306625 0.2001953 0.2249006 0.2276535 0.2150882 0.2221357 0.2238554 0.2178511 
B          0.2268684 0.0000000 0.1280910 0.1182633 0.1299345 0.1047881 0.2057931 0.1981987 0.1746119 0.1951515 0.2011747 0.1888662 0.1821971 0.1891295 0.1890698 
C          0.2246066 0.1280910 0.0000000 0.0994382 0.1019388 0.0819959 0.2062845 0.1952095 0.1642261 0.1819939 0.1825829 0.1801149 0.1767938 0.1761219 0.1785522 
F          0.2026099 0.1182633 0.0994382 0.0000000 0.0945180 0.0680957 0.1822336 0.1815828 0.1568232 0.1794437 0.1801585 0.1654392 0.1641405 0.1685631 0.1685107 
D          0.2218627 0.1299345 0.1019388 0.0945180 0.0000000 0.0768917 0.2061556 0.2133970 0.1876131 0.2032137 0.2118791 0.1994455 0.2005314 0.2022991 0.1893396 
E          0.2046956 0.1047881 0.0819959 0.0680957 0.0768917 0.0000000 0.1884440 0.1775906 0.1582340 0.1785718 0.1844763 0.1722254 0.1708395 0.1726833 0.1726290 
A          0.2336132 0.2057931 0.2062845 0.1822336 0.2061556 0.1884440 0.0000000 0.2257533 0.1934147 0.1985816 0.2047237 0.1921099 0.1878128 0.1976909 0.1923937 
A4         0.2306625 0.1981987 0.1952095 0.1815828 0.2133970 0.1775906 0.2257533 0.0000000 0.1582273 0.1606712 0.1512234 0.1542944 0.1508195 0.1554616 0.1526277 
I          0.2001953 0.1746119 0.1642261 0.1568232 0.1876131 0.1582340 0.1934147 0.1582273 0.0000000 0.0676147 0.0746562 0.0682829 0.0566818 0.0631424 0.0543046 
G          0.2249006 0.1951515 0.1819939 0.1794437 0.2032137 0.1785718 0.1985816 0.1606712 0.0676147 0.0000000 0.0674447 0.0610392 0.0543743 0.0629639 0.0584664 
H          0.2276535 0.2011747 0.1825829 0.1801585 0.2118791 0.1844763 0.2047237 0.1512234 0.0746562 0.0674447 0.0000000 0.0330310 0.0634435 0.0699698 0.0631697 
A0         0.2150882 0.1888662 0.1801149 0.1654392 0.1994455 0.1722254 0.1921099 0.1542944 0.0682829 0.0610392 0.0330310 0.0000000 0.0570732 0.0635808 0.0590354 
A1         0.2221357 0.1821971 0.1767938 0.1641405 0.2005314 0.1708395 0.1878128 0.1508195 0.0566818 0.0543743 0.0634435 0.0570732 0.0000000 0.0478426 0.0434621 
A2         0.2238554 0.1891295 0.1761219 0.1685631 0.2022991 0.1726833 0.1976909 0.1554616 0.0631424 0.0629639 0.0699698 0.0635808 0.0478426 0.0000000 0.0307792 
A3         0.2178511 0.1890698 0.1785522 0.1685107 0.1893396 0.1726290 0.1923937 0.1526277 0.0543046 0.0584664 0.0631697 0.0590354 0.0434621 0.0307792 0.0000000 
