15
A5         0.0000000 0.2019562 0.2190045 0.2109289 0.2077546 0.1996126 0.1780850 0.1961121 0.2275388 0.2361547 0.2345897 0.2225256 0.2227185 0.2249376 0.2192661 
A          0.2019562 0.0000000 0.1974709 0.1896040 0.1973774 0.1868523 0.1681009 0.1860926 0.2018065 0.2048963 0.2217022 0.2149536 0.2212123 0.2024912 0.1969545 
B          0.2190045 0.1974709 0.0000000 0.0101096 0.1220822 0.1125628 0.1003257 0.2082933 0.2030036 0.2089956 0.2393429 0.2324986 0.2309181 0.2223657 0.2219818 
C          0.2109289 0.1896040 0.0101096 0.0000000 0.1149026 0.1077686 0.0956319 0.2003169 0.2002787 0.2062408 0.2310353 0.2243003 0.2280819 0.2142360 0.2138687 
F          0.2077546 0.1973774 0.1220822 0.1149026 0.0000000 0.1096982 0.0976324 0.2020890 0.2207098 0.2205411 0.2333949 0.2273475 0.2408450 0.2286202 0.2282266 
D          0.1996126 0.1868523 0.1125628 0.1077686 0.1096982 0.0000000 0.0525033 0.1764541 0.1810247 0.1942749 0.2035746 0.1997260 0.1955397 0.1924135 0.1920907 
E          0.1780850 0.1681009 0.1003257 0.0956319 0.0976324 0.0525033 0.0000000 0.1753790 0.1799196 0.1905823 0.2102225 0.1959761 0.2047022 0.1938614 0.1935377 
A4         0.1961121 0.1860926 0.2082933 0.2003169 0.2020890 0.1764541 0.1753790 0.0000000 0.1227508 0.1301271 0.1402562 0.1299600 0.1324027 0.1302933 0.1253452 
A0         0.2275388 0.2018065 0.2030036 0.2002787 0.2207098 0.1810247 0.1799196 0.1227508 0.0000000 0.0349025 0.0922489 0.0895059 0.0875705 0.0829691 0.0828450 
A1         0.2361547 0.2048963 0.2089956 0.2062408 0.2205411 0.1942749 0.1905823 0.1301271 0.0349025 0.0000000 0.1041214 0.1012652 0.1085311 0.0968816 0.0967344 
A2         0.2345897 0.2217022 0.2393429 0.2310353 0.2333949 0.2035746 0.2102225 0.1402562 0.0922489 0.1041214 0.0000000 0.0538101 0.0875908 0.0829339 0.0828099 
A3         0.2225256 0.2149536 0.2324986 0.2243003 0.2273475 0.1997260 0.1959761 0.1299600 0.0895059 0.1012652 0.0538101 0.0000000 0.0870931 0.0758633 0.0757515 
G          0.2227185 0.2212123 0.2309181 0.2280819 0.2408450 0.1955397 0.2047022 0.1324027 0.0875705 0.1085311 0.0875908 0.0870931 0.0000000 0.0608256 0.0607364 
H          0.2249376 0.2024912 0.2223657 0.2142360 0.2286202 0.1924135 0.1938614 0.1302933 0.0829691 0.0968816 0.0829339 0.0758633 0.0608256 0.0000000 0.0080430 
I          0.2192661 0.1969545 0.2219818 0.2138687 0.2282266 0.1920907 0.1935377 0.1253452 0.0828450 0.0967344 0.0828099 0.0757515 0.0607364 0.0080430 0.0000000 
