15
A5         0.0000000 0.2336064 0.2260239 0.1987767 0.1935751 0.2078532 0.2216426 0.2656659 0.2322761 0.2269430 0.2554421 0.2561639 0.2429112 0.2422106 0.2686119 
A          0.2336064 0.0000000 0.1873418 0.1771516 0.1721596 0.1872198 0.1895282 0.2192764 0.2088005 0.2012101 0.2204205 0.2210087 0.2190218 0.2209842 0.2521684 
F          0.2260239 0.1873418 0.0000000 0.1209325 0.1162436 0.1279746 0.1325189 0.2046280 0.1793810 0.1620600 0.1873691 0.1929331 0.1891958 0.1912690 0.2213781 
B          0.1987767 0.1771516 0.1209325 0.0000000 0.0080828 0.1118189 0.1210008 0.1713320 0.1521424 0.1400977 0.1726700 0.1731102 0.1740579 0.1637809 0.1953570 
C          0.1935751 0.1721596 0.1162436 0.0080828 0.0000000 0.1071658 0.1163079 0.1663252 0.1521336 0.1400891 0.1726608 0.1731010 0.1740487 0.1637718 0.1953478 
D          0.2078532 0.1872198 0.1279746 0.1118189 0.1071658 0.0000000 0.1013866 0.1895769 0.1599923 0.1551334 0.1808097 0.1732779 0.1772375 0.1717488 0.1960353 
E          0.2216426 0.1895282 0.1325189 0.1210008 0.1163079 0.1013866 0.0000000 0.1995943 0.1667383 0.1593662 0.1726095 0.1780484 0.1888987 0.1784883 0.2126675 
A4         0.2656659 0.2192764 0.2046280 0.1713320 0.1663252 0.1895769 0.1995943 0.0000000 0.1878007 0.1752317 0.1904401 0.1909350 0.1922057 0.1973406 0.2304403 
A0         0.2322761 0.2088005 0.1793810 0.1521424 0.1521336 0.1599923 0.1667383 0.1878007 0.0000000 0.0328097 0.0562950 0.0564190 0.0892978 0.0891191 0.1125838 
G          0.2269430 0.2012101 0.1620600 0.1400977 0.1400891 0.1551334 0.1593662 0.1752317 0.0328097 0.0000000 0.0456332 0.0478718 0.0804442 0.0802835 0.1057079 
H          0.2554421 0.2204205 0.1873691 0.1726700 0.1726608 0.1808097 0.1726095 0.1904401 0.0562950 0.0456332 0.0000000 0.0161767 0.1032930 0.1030827 0.1200961 
I          0.2561639 0.2210087 0.1929331 0.1731102 0.1731010 0.1732779 0.1780484 0.1909350 0.0564190 0.0478718 0.0161767 0.0000000 0.1035336 0.1033223 0.1250584 
A2         0.2429112 0.2190218 0.1891958 0.1740579 0.1740487 0.1772375 0.1888987 0.1922057 0.0892978 0.0804442 0.1032930 0.1035336 0.0000000 0.0624776 0.0871543 
A1         0.2422106 0.2209842 0.1912690 0.1637809 0.1637718 0.1717488 0.1784883 0.1973406 0.0891191 0.0802835 0.1030827 0.1033223 0.0624776 0.0000000 0.0646913 
A3         0.2686119 0.2521684 0.2213781 0.1953570 0.1953478 0.1960353 0.2126675 0.2304403 0.1125838 0.1057079 0.1200961 0.1250584 0.0871543 0.0646913 0.0000000 
