15
E          0.0000000 0.0904150 0.0900828 0.1141345 0.1116437 0.1952315 0.1907834 0.1962606 0.1871590 0.2175249 0.1855842 0.1822233 0.1826932 0.2505560 0.2739495 
F          0.0904150 0.0000000 0.0896660 0.1060911 0.1084997 0.2049038 0.1972304 0.2000038 0.1833103 0.2106219 0.1842533 0.1809246 0.1813876 0.2552835 0.2774866 
D          0.0900828 0.0896660 0.0000000 0.0944731 0.0898128 0.1748162 0.1859068 0.1912854 0.1773143 0.2069192 0.1757253 0.1724784 0.1729152 0.2234282 0.2626022 
B          0.1141345 0.1060911 0.0944731 0.0000000 0.0223291 0.2057046 0.1956616 0.2038459 0.1919678 0.2224727 0.1904121 0.1870198 0.1875027 0.2493418 0.2971345 
C          0.1116437 0.1084997 0.0898128 0.0223291 0.0000000 0.2026158 0.1874768 0.1955591 0.1838678 0.2139758 0.1849002 0.1789658 0.1794245 0.2551803 0.2994098 
A4         0.1952315 0.2049038 0.1748162 0.2057046 0.2026158 0.0000000 0.1591298 0.1643502 0.1532850 0.1666293 0.1536681 0.1431996 0.1460324 0.2814937 0.2979957 
A1         0.1907834 0.1972304 0.1859068 0.1956616 0.1874768 0.1591298 0.0000000 0.0607434 0.0945621 0.1206554 0.1018299 0.0968328 0.0970639 0.2880718 0.3049845 
A3         0.1962606 0.2000038 0.1912854 0.2038459 0.1955591 0.1643502 0.0607434 0.0000000 0.1037634 0.1227811 0.1039418 0.1034932 0.1037407 0.2957397 0.3145597 
A2         0.1871590 0.1833103 0.1773143 0.1919678 0.1838678 0.1532850 0.0945621 0.1037634 0.0000000 0.0898042 0.0718428 0.0671665 0.0673575 0.2777391 0.2972956 
G          0.2175249 0.2106219 0.2069192 0.2224727 0.2139758 0.1666293 0.1206554 0.1227811 0.0898042 0.0000000 0.0541891 0.0539670 0.0562527 0.3172089 0.3316273 
A0         0.1855842 0.1842533 0.1757253 0.1904121 0.1849002 0.1536681 0.1018299 0.1039418 0.0718428 0.0541891 0.0000000 0.0243978 0.0265279 0.2880705 0.2946441 
H          0.1822233 0.1809246 0.1724784 0.1870198 0.1789658 0.1431996 0.0968328 0.1034932 0.0671665 0.0539670 0.0243978 0.0000000 0.0060264 0.2780853 0.2858490 
I          0.1826932 0.1813876 0.1729152 0.1875027 0.1794245 0.1460324 0.0970639 0.1037407 0.0673575 0.0562527 0.0265279 0.0060264 0.0000000 0.2788518 0.2856090 
A          0.2505560 0.2552835 0.2234282 0.2493418 0.2551803 0.2814937 0.2880718 0.2957397 0.2777391 0.3172089 0.2880705 0.2780853 0.2788518 0.0000000 0.2147085 
A5         0.2739495 0.2774866 0.2626022 0.2971345 0.2994098 0.2979957 0.3049845 0.3145597 0.2972956 0.3316273 0.2946441 0.2858490 0.2856090 0.2147085 0.0000000 
