15
A          0.0000000 0.2389663 0.2149572 0.2175856 0.1820550 0.2220017 0.2171336 0.2585487 0.2623333 0.2654660 0.2576041 0.2666005 0.2782323 0.2649741 0.2610488 
A5         0.2389663 0.0000000 0.2065342 0.1951979 0.1656644 0.1968668 0.1947671 0.2318562 0.2455102 0.2485389 0.2409949 0.2497132 0.2638892 0.2454047 0.2356483 
B          0.2149572 0.2065342 0.0000000 0.0308956 0.0843753 0.1005326 0.1004179 0.2140765 0.2111433 0.2140433 0.2095593 0.2104477 0.2293139 0.2112670 0.2103450 
C          0.2175856 0.1951979 0.0308956 0.0000000 0.0817666 0.0955582 0.0908751 0.1976839 0.2023965 0.2052506 0.2008946 0.2042848 0.2203590 0.2050720 0.2016405 
F          0.1820550 0.1656644 0.0843753 0.0817666 0.0000000 0.0769637 0.0793856 0.1910955 0.1909414 0.1937365 0.1922247 0.1978695 0.2111855 0.1960946 0.1927460 
D          0.2220017 0.1968668 0.1005326 0.0955582 0.0769637 0.0000000 0.0483234 0.2177900 0.2156358 0.2185435 0.2167948 0.2147635 0.2258088 0.2130185 0.2069692 
E          0.2171336 0.1947671 0.1004179 0.0908751 0.0793856 0.0483234 0.0000000 0.2237876 0.2135071 0.2164129 0.2119042 0.2179627 0.2316925 0.2162215 0.2126990 
A4         0.2585487 0.2318562 0.2140765 0.1976839 0.1910955 0.2177900 0.2237876 0.0000000 0.1929489 0.1957432 0.1964855 0.1996565 0.2102105 0.2003816 0.1972390 
A2         0.2623333 0.2455102 0.2111433 0.2023965 0.1909414 0.2156358 0.2135071 0.1929489 0.0000000 0.0161945 0.0762555 0.0809433 0.0944719 0.0811988 0.0787716 
A3         0.2654660 0.2485389 0.2140433 0.2052506 0.1937365 0.2185435 0.2164129 0.1957432 0.0161945 0.0000000 0.0855037 0.0902876 0.1040200 0.0905765 0.0880913 
A1         0.2576041 0.2409949 0.2095593 0.2008946 0.1922247 0.2167948 0.2119042 0.1964855 0.0762555 0.0855037 0.0000000 0.0623981 0.0667386 0.0539756 0.0517157 
G          0.2666005 0.2497132 0.2104477 0.2042848 0.1978695 0.2147635 0.2179627 0.1996565 0.0809433 0.0902876 0.0623981 0.0000000 0.0582504 0.0432077 0.0433335 
A0         0.2782323 0.2638892 0.2293139 0.2203590 0.2111855 0.2258088 0.2316925 0.2102105 0.0944719 0.1040200 0.0667386 0.0582504 0.0000000 0.0390139 0.0347562 
H          0.2649741 0.2454047 0.2112670 0.2050720 0.1960946 0.2130185 0.2162215 0.2003816 0.0811988 0.0905765 0.0539756 0.0432077 0.0390139 0.0000000 0.0120789 
I          0.2610488 0.2356483 0.2103450 0.2016405 0.1927460 0.2069692 0.2126990 0.1972390 0.0787716 0.0880913 0.0517157 0.0433335 0.0347562 0.0120789 0.0000000 
