15
A5         0.0000000 0.1960719 0.2355112 0.2389838 0.2203728 0.2172097 0.2217832 0.2134385 0.2170591 0.2329749 0.2406242 0.2359641 0.2409982 0.2427993 0.2451940 
A          0.1960719 0.0000000 0.1725882 0.1705858 0.1475692 0.1622296 0.1617092 0.1588789 0.1650720 0.1825301 0.1897579 0.1828046 0.1798903 0.1964959 0.1936677 
B          0.2355112 0.1725882 0.0000000 0.0243433 0.0929616 0.1017984 0.1014985 0.1649520 0.1436249 0.1559357 0.1630417 0.1583377 0.1631490 0.1717165 0.1689861 
C          0.2389838 0.1705858 0.0243433 0.0000000 0.0955067 0.1043846 0.1040752 0.1679278 0.1517566 0.1618102 0.1689907 0.1692521 0.1611346 0.1827649 0.1826151 
F          0.2203728 0.1475692 0.0929616 0.0955067 0.0000000 0.0812420 0.0832141 0.1407277 0.1148859 0.1365356 0.1435347 0.1438617 0.1436268 0.1568502 0.1492505 
D          0.2172097 0.1622296 0.1017984 0.1043846 0.0812420 0.0000000 0.0604583 0.1326985 0.1363937 0.1535286 0.1582140 0.1609964 0.1607296 0.1743057 0.1715629 
E          0.2217832 0.1617092 0.1014985 0.1040752 0.0832141 0.0604583 0.0000000 0.1441964 0.1406919 0.1579620 0.1650603 0.1654431 0.1651688 0.1761944 0.1760399 
A4         0.2134385 0.1588789 0.1649520 0.1679278 0.1407277 0.1326985 0.1441964 0.0000000 0.1261266 0.1356977 0.1450127 0.1503206 0.1500751 0.1558596 0.1557391 
G          0.2170591 0.1650720 0.1436249 0.1517566 0.1148859 0.1363937 0.1406919 0.1261266 0.0000000 0.0656286 0.0677002 0.0745601 0.0722030 0.0748382 0.0725331 
H          0.2329749 0.1825301 0.1559357 0.1618102 0.1365356 0.1535286 0.1579620 0.1356977 0.0656286 0.0000000 0.0264259 0.0807030 0.0783341 0.0787474 0.0786921 
I          0.2406242 0.1897579 0.1630417 0.1689907 0.1435347 0.1582140 0.1650603 0.1450127 0.0677002 0.0264259 0.0000000 0.0827707 0.0803959 0.0786257 0.0785705 
A2         0.2359641 0.1828046 0.1583377 0.1692521 0.1438617 0.1609964 0.1654431 0.1503206 0.0745601 0.0807030 0.0827707 0.0000000 0.0349510 0.0787305 0.0786192 
A3         0.2409982 0.1798903 0.1631490 0.1611346 0.1436268 0.1607296 0.1651688 0.1500751 0.0722030 0.0783341 0.0803959 0.0349510 0.0000000 0.0763628 0.0762555 
A0         0.2427993 0.1964959 0.1717165 0.1827649 0.1568502 0.1743057 0.1761944 0.1558596 0.0748382 0.0787474 0.0786257 0.0787305 0.0763628 0.0000000 0.0350514 
A1         0.2451940 0.1936677 0.1689861 0.1826151 0.1492505 0.1715629 0.1760399 0.1557391 0.0725331 0.0786921 0.0785705 0.0786192 0.0762555 0.0350514 0.0000000 
