15
A4         0.0000000 0.1244120 0.1415346 0.1442455 0.1221314 0.1348839 0.1133420 0.1105357 0.2378622 0.2066485 0.1870112 0.2112788 0.2197747 0.1933730 0.2069179 
I          0.1244120 0.0000000 0.0326640 0.0348159 0.0870212 0.1173226 0.0941727 0.0914764 0.2457889 0.2272245 0.1993806 0.2287533 0.2298985 0.2136382 0.2169671 
H          0.1415346 0.0326640 0.0000000 0.0518942 0.1008695 0.1342702 0.1105583 0.1077242 0.2553429 0.2354513 0.2135790 0.2490829 0.2447823 0.2280137 0.2179094 
A0         0.1442455 0.0348159 0.0518942 0.0000000 0.1008101 0.1393736 0.1154637 0.1125843 0.2701287 0.2342716 0.2221717 0.2523257 0.2537810 0.2367068 0.2319387 
G          0.1221314 0.0870212 0.1008695 0.1008101 0.0000000 0.0783130 0.0520230 0.0560745 0.2423129 0.2158564 0.1987475 0.2234120 0.2294530 0.2043387 0.2075834 
A1         0.1348839 0.1173226 0.1342702 0.1393736 0.0783130 0.0000000 0.0564272 0.0583450 0.2554329 0.2365086 0.2109119 0.2418035 0.2339826 0.2227162 0.2254839 
A2         0.1133420 0.0941727 0.1105583 0.1154637 0.0520230 0.0564272 0.0000000 0.0222812 0.2352380 0.2143460 0.1784501 0.2139054 0.2143708 0.2009288 0.2036176 
A3         0.1105357 0.0914764 0.1077242 0.1125843 0.0560745 0.0583450 0.0222812 0.0000000 0.2395958 0.2106606 0.1909551 0.2208764 0.2159831 0.2025620 0.2052435 
A5         0.2378622 0.2457889 0.2553429 0.2701287 0.2423129 0.2554329 0.2352380 0.2395958 0.0000000 0.2092907 0.1972676 0.2240272 0.2335513 0.2038323 0.2115617 
A          0.2066485 0.2272245 0.2354513 0.2342716 0.2158564 0.2365086 0.2143460 0.2106606 0.2092907 0.0000000 0.1486011 0.1641325 0.1871381 0.1621665 0.1701963 
B          0.1870112 0.1993806 0.2135790 0.2221717 0.1987475 0.2109119 0.1784501 0.1909551 0.1972676 0.1486011 0.0000000 0.0481966 0.1246574 0.1184106 0.1164548 
C          0.2112788 0.2287533 0.2490829 0.2523257 0.2234120 0.2418035 0.2139054 0.2208764 0.2240272 0.1641325 0.0481966 0.0000000 0.1519478 0.1451530 0.1354290 
F          0.2197747 0.2298985 0.2447823 0.2537810 0.2294530 0.2339826 0.2143708 0.2159831 0.2335513 0.1871381 0.1246574 0.1519478 0.0000000 0.1021600 0.1024691 
D          0.1933730 0.2136382 0.2280137 0.2367068 0.2043387 0.2227162 0.2009288 0.2025620 0.2038323 0.1621665 0.1184106 0.1451530 0.1021600 0.0000000 0.0696478 
E          0.2069179 0.2169671 0.2179094 0.2319387 0.2075834 0.2254839 0.2036176 0.2052435 0.2115617 0.1701963 0.1164548 0.1354290 0.1024691 0.0696478 0.0000000 
