15
A5         0.0000000 0.2139687 0.2206316 0.2301789 0.1971692 0.1967075 0.1990956 0.2447884 0.2353407 0.2347649 0.2137290 0.2324288 0.2180382 0.2398909 0.2475364 
A          0.2139687 0.0000000 0.1791733 0.1859729 0.1575460 0.1380371 0.1515584 0.1656963 0.1783858 0.1830455 0.1556937 0.1783279 0.1648997 0.1848919 0.1921721 
B          0.2206316 0.1791733 0.0000000 0.0477243 0.1189477 0.1189567 0.1185244 0.1935197 0.1794971 0.1841884 0.1694479 0.1719150 0.1685294 0.1837954 0.1807763 
C          0.2301789 0.1859729 0.0477243 0.0000000 0.1157065 0.1157153 0.1176898 0.1842077 0.1781174 0.1827697 0.1681571 0.1732143 0.1672533 0.1875074 0.1844901 
F          0.1971692 0.1575460 0.1189477 0.1157065 0.0000000 0.0805184 0.0758915 0.1630773 0.1603413 0.1649370 0.1504109 0.1553537 0.1521207 0.1742387 0.1713035 
D          0.1967075 0.1380371 0.1189567 0.1157153 0.0805184 0.0000000 0.0539835 0.1555681 0.1554105 0.1599924 0.1430257 0.1504519 0.1400631 0.1617332 0.1588657 
E          0.1990956 0.1515584 0.1185244 0.1176898 0.0758915 0.0539835 0.0000000 0.1576901 0.1573748 0.1619486 0.1451569 0.1524192 0.1492204 0.1661378 0.1632559 
A4         0.2447884 0.1656963 0.1935197 0.1842077 0.1630773 0.1555681 0.1576901 0.0000000 0.1665246 0.1711700 0.1486108 0.1688897 0.1705208 0.1827202 0.1797247 
A2         0.2353407 0.1783858 0.1794971 0.1781174 0.1603413 0.1554105 0.1573748 0.1665246 0.0000000 0.0183348 0.0588160 0.0631875 0.0696502 0.0907507 0.0882875 
A3         0.2347649 0.1830455 0.1841884 0.1827697 0.1649370 0.1599924 0.1619486 0.1711700 0.0183348 0.0000000 0.0608426 0.0652139 0.0695114 0.0905633 0.0881061 
A0         0.2137290 0.1556937 0.1694479 0.1681571 0.1504109 0.1430257 0.1451569 0.1486108 0.0588160 0.0608426 0.0000000 0.0372302 0.0608777 0.0727447 0.0770307 
A1         0.2324288 0.1783279 0.1719150 0.1732143 0.1553537 0.1504519 0.1524192 0.1688897 0.0631875 0.0652139 0.0372302 0.0000000 0.0652514 0.0817390 0.0815348 
G          0.2180382 0.1648997 0.1685294 0.1672533 0.1521207 0.1400631 0.1492204 0.1705208 0.0696502 0.0695114 0.0608777 0.0652514 0.0000000 0.0610700 0.0653381 
H          0.2398909 0.1848919 0.1837954 0.1875074 0.1742387 0.1617332 0.1661378 0.1827202 0.0907507 0.0905633 0.0727447 0.0817390 0.0610700 0.0000000 0.0183669 
I          0.2475364 0.1921721 0.1807763 0.1844901 0.1713035 0.1588657 0.1632559 0.1797247 0.0882875 0.0881061 0.0770307 0.0815348 0.0653381 0.0183669 0.0000000 
