15
A          0.0000000 0.2237627 0.2415681 0.2146640 0.2319468 0.2319633 0.2228714 0.2369567 0.2401018 0.2457689 0.2276985 0.2260237 0.2160502 0.2229388 0.2430035 
A5         0.2237627 0.0000000 0.2024755 0.1672273 0.1801428 0.1680793 0.1675645 0.1854365 0.1857591 0.1858924 0.1845007 0.1827515 0.1737408 0.1799255 0.1927809 
A4         0.2415681 0.2024755 0.0000000 0.1399660 0.1479615 0.1479745 0.1425810 0.1548748 0.1675798 0.1627225 0.1445459 0.1549457 0.1392654 0.1425292 0.1650695 
G          0.2146640 0.1672273 0.1399660 0.0000000 0.0434067 0.0391846 0.0306221 0.0476873 0.0563478 0.0520796 0.0945251 0.0971729 0.0852302 0.0924985 0.1089230 
I          0.2319468 0.1801428 0.1479615 0.0434067 0.0000000 0.0457415 0.0434522 0.0586687 0.0674959 0.0631612 0.1087197 0.1114778 0.0991919 0.1066897 0.1211092 
H          0.2319633 0.1680793 0.1479745 0.0391846 0.0457415 0.0000000 0.0308220 0.0543540 0.0631322 0.0588154 0.0995380 0.1068490 0.0946558 0.1020904 0.1094540 
A0         0.2228714 0.1675645 0.1425810 0.0306221 0.0434522 0.0308220 0.0000000 0.0520098 0.0607285 0.0564377 0.0991818 0.1018645 0.0898142 0.0971547 0.1090556 
A1         0.2369567 0.1854365 0.1548748 0.0476873 0.0586687 0.0543540 0.0520098 0.0000000 0.0673920 0.0630644 0.1085429 0.1066555 0.0990328 0.1041792 0.1209082 
A2         0.2401018 0.1857591 0.1675798 0.0563478 0.0674959 0.0631322 0.0607285 0.0673920 0.0000000 0.0120989 0.1180412 0.1138696 0.1083845 0.1137096 0.1282720 
A3         0.2457689 0.1858924 0.1627225 0.0520796 0.0631612 0.0588154 0.0564377 0.0630644 0.0120989 0.0000000 0.1134512 0.1092786 0.1038518 0.1114219 0.1236067 
C          0.2276985 0.1845007 0.1445459 0.0945251 0.1087197 0.0995380 0.0991818 0.1085429 0.1180412 0.1134512 0.0000000 0.1061785 0.0940832 0.1037730 0.1153451 
F          0.2260237 0.1827515 0.1549457 0.0971729 0.1114778 0.1068490 0.1018645 0.1066555 0.1138696 0.1092786 0.1061785 0.0000000 0.0673646 0.0721760 0.0925945 
E          0.2160502 0.1737408 0.1392654 0.0852302 0.0991919 0.0946558 0.0898142 0.0990328 0.1083845 0.1038518 0.0940832 0.0673646 0.0000000 0.0455497 0.0650783 
B          0.2229388 0.1799255 0.1425292 0.0924985 0.1066897 0.1020904 0.0971547 0.1041792 0.1137096 0.1114219 0.1037730 0.0721760 0.0455497 0.0000000 0.0631154 
D          0.2430035 0.1927809 0.1650695 0.1089230 0.1211092 0.1094540 0.1090556 0.1209082 0.1282720 0.1236067 0.1153451 0.0925945 0.0650783 0.0631154 0.0000000 
