15
A5         0.0000000 0.2409288 0.2433557 0.2240541 0.1886973 0.1832571 0.2083686 0.2052482 0.2129360 0.2100845 0.2100558 0.2538873 0.2105995 0.2004283 0.2174768 
B          0.2409288 0.0000000 0.0121143 0.1629041 0.1281701 0.1257563 0.2202255 0.2152164 0.2194241 0.2270466 0.2216493 0.2357949 0.2090353 0.2093399 0.2028456 
C          0.2433557 0.0121143 0.0000000 0.1627653 0.1304020 0.1232438 0.2226328 0.2176209 0.2278088 0.2354945 0.2300410 0.2388668 0.2147295 0.2176421 0.2110330 
F          0.2240541 0.1629041 0.1627653 0.0000000 0.1086463 0.1063015 0.2118547 0.2039994 0.2219868 0.2296213 0.2242120 0.2524213 0.2216195 0.2253373 0.2237990 
D          0.1886973 0.1281701 0.1304020 0.1086463 0.0000000 0.0543991 0.1847529 0.1615734 0.1765957 0.1812861 0.1761794 0.2184506 0.1793926 0.1847603 0.1835520 
E          0.1832571 0.1257563 0.1232438 0.1063015 0.0543991 0.0000000 0.1740832 0.1640192 0.1710836 0.1783463 0.1732667 0.2098659 0.1789211 0.1791726 0.1780098 
A          0.2083686 0.2202255 0.2226328 0.2118547 0.1847529 0.1740832 0.0000000 0.1725251 0.1846571 0.1843992 0.1817351 0.2243843 0.1823531 0.1774988 0.1712975 
A4         0.2052482 0.2152164 0.2176209 0.2039994 0.1615734 0.1640192 0.1725251 0.0000000 0.1330154 0.1304090 0.1256323 0.1674041 0.1259437 0.1261099 0.1280692 
A1         0.2129360 0.2194241 0.2278088 0.2219868 0.1765957 0.1710836 0.1846571 0.1330154 0.0000000 0.0606332 0.0541303 0.0986640 0.0608793 0.0541091 0.0629425 
A2         0.2100845 0.2270466 0.2354945 0.2296213 0.1812861 0.1783463 0.1843992 0.1304090 0.0606332 0.0000000 0.0181854 0.1010154 0.0674823 0.0651557 0.0695505 
A3         0.2100558 0.2216493 0.2300410 0.2242120 0.1761794 0.1732667 0.1817351 0.1256323 0.0541303 0.0181854 0.0000000 0.0941557 0.0608938 0.0585991 0.0629574 
G          0.2538873 0.2357949 0.2388668 0.2524213 0.2184506 0.2098659 0.2243843 0.1674041 0.0986640 0.1010154 0.0941557 0.0000000 0.0741283 0.0764131 0.0783926 
A0         0.2105995 0.2090353 0.2147295 0.2216195 0.1793926 0.1789211 0.1823531 0.1259437 0.0608793 0.0674823 0.0608938 0.0741283 0.0000000 0.0245728 0.0265753 
H          0.2004283 0.2093399 0.2176421 0.2253373 0.1847603 0.1791726 0.1774988 0.1261099 0.0541091 0.0651557 0.0585991 0.0764131 0.0245728 0.0000000 0.0245215 
I          0.2174768 0.2028456 0.2110330 0.2237990 0.1835520 0.1780098 0.1712975 0.1280692 0.0629425 0.0695505 0.0629574 0.0783926 0.0265753 0.0245215 0.0000000 
