15
A          0.0000000 0.1848889 0.1989378 0.1989345 0.1983154 0.1863860 0.1985109 0.1737585 0.1981730 0.2154263 0.2459744 0.2161282 0.2440109 0.2367624 0.2434152 
A4         0.1848889 0.0000000 0.1900091 0.1900058 0.1969738 0.1699353 0.1761142 0.1673389 0.1807476 0.2062969 0.2314315 0.2149914 0.2382048 0.2309765 0.2486385 
A2         0.1989378 0.1900091 0.0000000 0.0080586 0.1032537 0.0889469 0.0923507 0.0800581 0.0941130 0.1945941 0.2524824 0.2274681 0.2640749 0.2455425 0.2651834 
A3         0.1989345 0.1900058 0.0080586 0.0000000 0.1010030 0.0867453 0.0901137 0.0778763 0.0918837 0.1945907 0.2524780 0.2274642 0.2640705 0.2455384 0.2651789 
A0         0.1983154 0.1969738 0.1032537 0.1010030 0.0000000 0.0670909 0.0905767 0.0805011 0.0924041 0.2176019 0.2538094 0.2204789 0.2580643 0.2448410 0.2646269 
A1         0.1863860 0.1699353 0.0889469 0.0867453 0.0670909 0.0000000 0.0786707 0.0667598 0.0804708 0.2050558 0.2500374 0.2276967 0.2533843 0.2431570 0.2627734 
G          0.1985109 0.1761142 0.0923507 0.0901137 0.0905767 0.0786707 0.0000000 0.0610045 0.0725420 0.2124900 0.2612183 0.2291781 0.2606990 0.2484603 0.2683933 
H          0.1737585 0.1673389 0.0800581 0.0778763 0.0805011 0.0667598 0.0610045 0.0000000 0.0541203 0.1939558 0.2413757 0.2167757 0.2502669 0.2320818 0.2459596 
I          0.1981730 0.1807476 0.0941130 0.0918837 0.0924041 0.0804708 0.0725420 0.0541203 0.0000000 0.2088326 0.2550628 0.2351669 0.2584114 0.2535429 0.2708159 
A5         0.2154263 0.2062969 0.1945941 0.1945907 0.2176019 0.2050558 0.2124900 0.1939558 0.2088326 0.0000000 0.2227844 0.2044790 0.2158294 0.2063724 0.2235782 
B          0.2459744 0.2314315 0.2524824 0.2524780 0.2538094 0.2500374 0.2612183 0.2413757 0.2550628 0.2227844 0.0000000 0.0544408 0.1124526 0.1073748 0.1244313 
C          0.2161282 0.2149914 0.2274681 0.2274642 0.2204789 0.2276967 0.2291781 0.2167757 0.2351669 0.2044790 0.0544408 0.0000000 0.0999264 0.0834601 0.0951964 
F          0.2440109 0.2382048 0.2640749 0.2640705 0.2580643 0.2533843 0.2606990 0.2502669 0.2584114 0.2158294 0.1124526 0.0999264 0.0000000 0.0925384 0.1137241 
D          0.2367624 0.2309765 0.2455425 0.2455384 0.2448410 0.2431570 0.2484603 0.2320818 0.2535429 0.2063724 0.1073748 0.0834601 0.0925384 0.0000000 0.0740304 
E          0.2434152 0.2486385 0.2651834 0.2651789 0.2646269 0.2627734 0.2683933 0.2459596 0.2708159 0.2235782 0.1244313 0.0951964 0.1137241 0.0740304 0.0000000 
