15
A5         0.0000000 0.2005215 0.1836039 0.1892512 0.1846932 0.1787998 0.2020708 0.1663406 0.1872579 0.1917770 0.1838663 0.1853772 0.1898962 0.1788553 0.1765519 
A          0.2005215 0.0000000 0.1680853 0.1914727 0.1869183 0.1810129 0.2104989 0.1583344 0.1766647 0.1652600 0.1603796 0.1575923 0.1639057 0.1604121 0.1581407 
F          0.1836039 0.1680853 0.0000000 0.0940697 0.0898286 0.0918523 0.1128537 0.1386449 0.1603984 0.1650561 0.1552768 0.1563867 0.1609431 0.1575094 0.1552489 
B          0.1892512 0.1914727 0.0940697 0.0000000 0.0244991 0.0871992 0.1059609 0.1509736 0.1704920 0.1699945 0.1601642 0.1636625 0.1730985 0.1624061 0.1601395 
C          0.1846932 0.1869183 0.0898286 0.0244991 0.0000000 0.0829786 0.0971063 0.1465183 0.1624549 0.1597459 0.1500345 0.1535719 0.1627776 0.1500954 0.1500116 
D          0.1787998 0.1810129 0.0918523 0.0871992 0.0829786 0.0000000 0.0917546 0.1507598 0.1777878 0.1747294 0.1648677 0.1686063 0.1728453 0.1621733 0.1599104 
E          0.2020708 0.2104989 0.1128537 0.1059609 0.0971063 0.0917546 0.0000000 0.1662404 0.1938562 0.1906826 0.1806085 0.1799297 0.1888084 0.1778311 0.1755388 
A4         0.1663406 0.1583344 0.1386449 0.1509736 0.1465183 0.1507598 0.1662404 0.0000000 0.1285595 0.1255820 0.1183591 0.1179726 0.1331318 0.1306045 0.1234474 
G          0.1872579 0.1766647 0.1603984 0.1704920 0.1624549 0.1777878 0.1938562 0.1285595 0.0000000 0.0855884 0.0787709 0.0740819 0.0833564 0.0765852 0.0743430 
A2         0.1917770 0.1652600 0.1650561 0.1699945 0.1597459 0.1747294 0.1906826 0.1255820 0.0855884 0.0000000 0.0141857 0.0670336 0.0739538 0.0673034 0.0651009 
A3         0.1838663 0.1603796 0.1552768 0.1601642 0.1500345 0.1648677 0.1806085 0.1183591 0.0787709 0.0141857 0.0000000 0.0604480 0.0672766 0.0606897 0.0585080 
A1         0.1853772 0.1575923 0.1563867 0.1636625 0.1535719 0.1686063 0.1799297 0.1179726 0.0740819 0.0670336 0.0604480 0.0000000 0.0648660 0.0560738 0.0539156 
A0         0.1898962 0.1639057 0.1609431 0.1730985 0.1627776 0.1728453 0.1888084 0.1331318 0.0833564 0.0739538 0.0672766 0.0648660 0.0000000 0.0329434 0.0328743 
H          0.1788553 0.1604121 0.1575094 0.1624061 0.1500954 0.1621733 0.1778311 0.1306045 0.0765852 0.0673034 0.0606897 0.0560738 0.0329434 0.0000000 0.0100673 
I          0.1765519 0.1581407 0.1552489 0.1601395 0.1500116 0.1599104 0.1755388 0.1234474 0.0743430 0.0651009 0.0585080 0.0539156 0.0328743 0.0100673 0.0000000 
