15
A5         0.0000000 0.2192473 0.2216332 0.2089557 0.2183823 0.2359633 0.2272744 0.2248068 0.2202333 0.2350757 0.2210613 0.2183947 0.2263419 0.2367609 0.2504025 
A          0.2192473 0.0000000 0.2068796 0.2054670 0.2181983 0.2221018 0.2188641 0.2014332 0.2002371 0.2158742 0.1930119 0.1904543 0.1966934 0.2037887 0.2064685 
D          0.2216332 0.2068796 0.0000000 0.0520520 0.0955507 0.1076747 0.1004723 0.1934608 0.2054431 0.2030491 0.1835558 0.1783974 0.1887856 0.1874366 0.1953694 
E          0.2089557 0.2054670 0.0520520 0.0000000 0.0811458 0.0905907 0.0836248 0.1914226 0.1854671 0.1855889 0.1742261 0.1691712 0.1743733 0.1785341 0.1914346 
F          0.2183823 0.2181983 0.0955507 0.0811458 0.0000000 0.0907164 0.0837398 0.2005763 0.1975942 0.2029327 0.1936217 0.1884067 0.1937889 0.1930738 0.2062923 
B          0.2359633 0.2221018 0.1076747 0.0905907 0.0907164 0.0000000 0.0060471 0.2124569 0.2112860 0.2165959 0.2104921 0.2051422 0.2079809 0.2041985 0.2202275 
C          0.2272744 0.2188641 0.1004723 0.0836248 0.0837398 0.0060471 0.0000000 0.2040101 0.2028974 0.2081472 0.2021413 0.1968551 0.1996541 0.1958575 0.2117022 
A4         0.2248068 0.2014332 0.1934608 0.1914226 0.2005763 0.2124569 0.2040101 0.0000000 0.1881804 0.1806550 0.1741523 0.1716327 0.1796993 0.1840592 0.1943102 
A0         0.2202333 0.2002371 0.2054431 0.1854671 0.1975942 0.2112860 0.2028974 0.1881804 0.0000000 0.0671308 0.0942821 0.0920108 0.0943515 0.0975114 0.1090572 
A1         0.2350757 0.2158742 0.2030491 0.1855889 0.2029327 0.2165959 0.2081472 0.1806550 0.0671308 0.0000000 0.0829175 0.0806798 0.0874410 0.0882249 0.1042128 
A2         0.2210613 0.1930119 0.1835558 0.1742261 0.1936217 0.2104921 0.2021413 0.1741523 0.0942821 0.0829175 0.0000000 0.0060309 0.0713055 0.0697160 0.0830352 
A3         0.2183947 0.1904543 0.1783974 0.1691712 0.1884067 0.2051422 0.1968551 0.1716327 0.0920108 0.0806798 0.0060309 0.0000000 0.0691144 0.0697200 0.0875069 
G          0.2263419 0.1966934 0.1887856 0.1743733 0.1937889 0.2079809 0.1996541 0.1796993 0.0943515 0.0874410 0.0713055 0.0691144 0.0000000 0.0540389 0.0713728 
H          0.2367609 0.2037887 0.1874366 0.1785341 0.1930738 0.2041985 0.1958575 0.1840592 0.0975114 0.0882249 0.0697160 0.0697200 0.0540389 0.0000000 0.0476841 
I          0.2504025 0.2064685 0.1953694 0.1914346 0.2062923 0.2202275 0.2117022 0.1943102 0.1090572 0.1042128 0.0830352 0.0875069 0.0713728 0.0476841 0.0000000 
