15
A4         0.0000000 0.1674872 0.1568557 0.1438873 0.1455511 0.1628678 0.1702781 0.1574307 0.1603110 0.1765701 0.1718937 0.1563643 0.1623741 0.2428669 0.2752496 
A2         0.1674872 0.0000000 0.0162138 0.0992129 0.1010060 0.1094115 0.1189585 0.1116841 0.1516576 0.1528522 0.1482241 0.1453019 0.1536072 0.2184044 0.2777055 
A3         0.1568557 0.0162138 0.0000000 0.0942416 0.0960402 0.1042928 0.1137356 0.1065455 0.1461273 0.1472685 0.1426799 0.1398054 0.1479873 0.2172875 0.2791783 
A0         0.1438873 0.0992129 0.0942416 0.0000000 0.0286625 0.0927367 0.1018829 0.0947653 0.1410140 0.1470561 0.1424741 0.1299708 0.1356366 0.2241120 0.2523571 
A1         0.1455511 0.1010060 0.0960402 0.0286625 0.0000000 0.0945541 0.1013547 0.0965725 0.1402613 0.1462605 0.1417051 0.1292796 0.1349068 0.2194975 0.2481688 
G          0.1628678 0.1094115 0.1042928 0.0927367 0.0945541 0.0000000 0.0569753 0.0525072 0.1471045 0.1576092 0.1529695 0.1378688 0.1490008 0.2375145 0.2696413 
H          0.1702781 0.1189585 0.1137356 0.1018829 0.1013547 0.0569753 0.0000000 0.0372304 0.1421855 0.1601460 0.1554960 0.1430181 0.1439932 0.2399966 0.2773344 
I          0.1574307 0.1116841 0.1065455 0.0947653 0.0965725 0.0525072 0.0372304 0.0000000 0.1491170 0.1548360 0.1502146 0.1378463 0.1485186 0.2251420 0.2642287 
F          0.1603110 0.1516576 0.1461273 0.1410140 0.1402613 0.1471045 0.1421855 0.1491170 0.0000000 0.1462189 0.1416654 0.1221607 0.1182778 0.2483879 0.2575997 
B          0.1765701 0.1528522 0.1472685 0.1470561 0.1462605 0.1576092 0.1601460 0.1548360 0.1462189 0.0000000 0.0120252 0.0916962 0.0990555 0.2552084 0.2823357 
C          0.1718937 0.1482241 0.1426799 0.1424741 0.1417051 0.1529695 0.1554960 0.1502146 0.1416654 0.0120252 0.0000000 0.0873561 0.0946658 0.2501715 0.2798766 
D          0.1563643 0.1453019 0.1398054 0.1299708 0.1292796 0.1378688 0.1430181 0.1378463 0.1221607 0.0916962 0.0873561 0.0000000 0.0630095 0.2390267 0.2532518 
E          0.1623741 0.1536072 0.1479873 0.1356366 0.1349068 0.1490008 0.1439932 0.1485186 0.1182778 0.0990555 0.0946658 0.0630095 0.0000000 0.2492867 0.2648656 
A          0.2428669 0.2184044 0.2172875 0.2241120 0.2194975 0.2375145 0.2399966 0.2251420 0.2483879 0.2552084 0.2501715 0.2390267 0.2492867 0.0000000 0.2189496 
A5         0.2752496 0.2777055 0.2791783 0.2523571 0.2481688 0.2696413 0.2773344 0.2642287 0.2575997 0.2823357 0.2798766 0.2532518 0.2648656 0.2189496 0.0000000 
