15
A          0.0000000 0.2267996 0.1752824 0.1748267 0.1935704 0.2006358 0.2020625 0.2103383 0.2069118 0.2076947 0.1989289 0.1884364 0.1778950 0.1910197 0.2069435 
A5         0.2267996 0.0000000 0.2169289 0.2163347 0.2390460 0.2765196 0.2827549 0.2920758 0.2913335 0.2894879 0.2786131 0.2704350 0.2421838 0.2539335 0.2545480 
B          0.1752824 0.2169289 0.0000000 0.0080580 0.1587304 0.1712238 0.1844750 0.1925832 0.1816954 0.1798639 0.1789848 0.1711291 0.1510691 0.1682239 0.1591699 
C          0.1748267 0.2163347 0.0080580 0.0000000 0.1558066 0.1733747 0.1839872 0.1920691 0.1812168 0.1793890 0.1785149 0.1706837 0.1506837 0.1734887 0.1587590 
A4         0.1935704 0.2390460 0.1587304 0.1558066 0.0000000 0.1534068 0.1482950 0.1609234 0.1505970 0.1486036 0.1479030 0.1380324 0.1263911 0.1411504 0.1414540 
A1         0.2006358 0.2765196 0.1712238 0.1733747 0.1534068 0.0000000 0.0740891 0.0786437 0.0806560 0.0742284 0.0695134 0.0607182 0.1107642 0.1421980 0.1277052 
A2         0.2020625 0.2827549 0.1844750 0.1839872 0.1482950 0.0740891 0.0000000 0.0121238 0.0780747 0.0716875 0.0670175 0.0606341 0.1133324 0.1449419 0.1379356 
A3         0.2103383 0.2920758 0.1925832 0.1920691 0.1609234 0.0786437 0.0121238 0.0000000 0.0826295 0.0762139 0.0714935 0.0650774 0.1181669 0.1525360 0.1454706 
G          0.2069118 0.2913335 0.1816954 0.1812168 0.1505970 0.0806560 0.0780747 0.0826295 0.0000000 0.0478311 0.0433558 0.0413230 0.1155330 0.1394467 0.1401841 
A0         0.2076947 0.2894879 0.1798639 0.1793890 0.1486036 0.0742284 0.0716875 0.0762139 0.0478311 0.0000000 0.0350407 0.0330042 0.1159205 0.1428564 0.1406721 
H          0.1989289 0.2786131 0.1789848 0.1785149 0.1479030 0.0695134 0.0670175 0.0714935 0.0433558 0.0350407 0.0000000 0.0224528 0.1107590 0.1373871 0.1301312 
I          0.1884364 0.2704350 0.1711291 0.1706837 0.1380324 0.0607182 0.0606341 0.0650774 0.0413230 0.0330042 0.0224528 0.0000000 0.1014326 0.1253917 0.1255377 
D          0.1778950 0.2421838 0.1510691 0.1506837 0.1263911 0.1107642 0.1133324 0.1181669 0.1155330 0.1159205 0.1107590 0.1014326 0.0000000 0.0944791 0.0876424 
E          0.1910197 0.2539335 0.1682239 0.1734887 0.1411504 0.1421980 0.1449419 0.1525360 0.1394467 0.1428564 0.1373871 0.1253917 0.0944791 0.0000000 0.0994333 
F          0.2069435 0.2545480 0.1591699 0.1587590 0.1414540 0.1277052 0.1379356 0.1454706 0.1401841 0.1406721 0.1301312 0.1255377 0.0876424 0.0994333 0.0000000 
