15
A5         0.0000000 0.2275430 0.2275433 0.2145658 0.2260553 0.2252312 0.2034674 0.2036792 0.1877020 0.1798308 0.1829989 0.1929443 0.2018124 0.2299731 0.1956517 
A1         0.2275430 0.0000000 0.0630432 0.0522644 0.0926855 0.0901628 0.0787290 0.0743485 0.1628543 0.1526923 0.1664924 0.1662733 0.1798699 0.2262629 0.1695265 
A2         0.2275433 0.0630432 0.0000000 0.0142143 0.0881575 0.0856578 0.0787382 0.0743570 0.1736077 0.1632624 0.1614819 0.1713044 0.1823632 0.2208420 0.1795811 
A3         0.2145658 0.0522644 0.0142143 0.0000000 0.0769953 0.0790188 0.0677412 0.0634010 0.1612642 0.1510683 0.1492573 0.1589742 0.1643905 0.2129666 0.1672704 
G          0.2260553 0.0926855 0.0881575 0.0769953 0.0000000 0.0996861 0.0835463 0.0836212 0.1788547 0.1710415 0.1743484 0.1771457 0.1742156 0.2283145 0.1828307 
A0         0.2252312 0.0901628 0.0856578 0.0790188 0.0996861 0.0000000 0.0370764 0.0329041 0.1790156 0.1685822 0.1692386 0.1766745 0.1878423 0.2293766 0.1748922 
H          0.2034674 0.0787290 0.0787382 0.0677412 0.0835463 0.0370764 0.0000000 0.0121231 0.1583449 0.1506063 0.1588517 0.1560702 0.1670477 0.2096522 0.1619682 
I          0.2036792 0.0743485 0.0743570 0.0634010 0.0836212 0.0329041 0.0121231 0.0000000 0.1610788 0.1532990 0.1540376 0.1587972 0.1696439 0.2098785 0.1621284 
B          0.1877020 0.1628543 0.1736077 0.1612642 0.1788547 0.1790156 0.1583449 0.1610788 0.0000000 0.0120884 0.1020931 0.1208608 0.1210255 0.1903551 0.1666833 
C          0.1798308 0.1526923 0.1632624 0.1510683 0.1710415 0.1685822 0.1506063 0.1532990 0.0120884 0.0000000 0.0950763 0.1136627 0.1162210 0.1874529 0.1590541 
F          0.1829989 0.1664924 0.1614819 0.1492573 0.1743484 0.1692386 0.1588517 0.1540376 0.1020931 0.0950763 0.0000000 0.0903169 0.0859187 0.1924669 0.1498758 
D          0.1929443 0.1662733 0.1713044 0.1589742 0.1771457 0.1766745 0.1560702 0.1587972 0.1208608 0.1136627 0.0903169 0.0000000 0.0924432 0.2054522 0.1620346 
E          0.2018124 0.1798699 0.1823632 0.1643905 0.1742156 0.1878423 0.1670477 0.1696439 0.1210255 0.1162210 0.0859187 0.0924432 0.0000000 0.2042777 0.1676220 
A          0.2299731 0.2262629 0.2208420 0.2129666 0.2283145 0.2293766 0.2096522 0.2098785 0.1903551 0.1874529 0.1924669 0.2054522 0.2042777 0.0000000 0.1969122 
A4         0.1956517 0.1695265 0.1795811 0.1672704 0.1828307 0.1748922 0.1619682 0.1621284 0.1666833 0.1590541 0.1498758 0.1620346 0.1676220 0.1969122 0.0000000 
