15
A5         0.0000000 0.2227728 0.2233455 0.1836708 0.2035162 0.2083996 0.2139435 0.1894945 0.2037871 0.2128125 0.2018222 0.2047882 0.2098099 0.2052860 0.1973540 
B          0.2227728 0.0000000 0.0140951 0.0775556 0.0895636 0.0936326 0.2063734 0.1997638 0.2214014 0.2017059 0.2119113 0.2102084 0.2089512 0.2096783 0.2017395 
C          0.2233455 0.0140951 0.0000000 0.0777266 0.0897657 0.0938430 0.2096006 0.1999350 0.2247124 0.2049120 0.2151778 0.2134778 0.2121939 0.2129367 0.2049465 
F          0.1836708 0.0775556 0.0777266 0.0000000 0.0673259 0.0647413 0.1780560 0.1716317 0.1976610 0.1809490 0.1858429 0.1840826 0.1830064 0.1785592 0.1709020 
D          0.2035162 0.0895636 0.0897657 0.0673259 0.0000000 0.0877975 0.1828119 0.1731241 0.1995828 0.1857544 0.1882312 0.1864545 0.1878345 0.1781937 0.1755393 
E          0.2083996 0.0936326 0.0938430 0.0647413 0.0877975 0.0000000 0.1896982 0.1779014 0.2134663 0.2030315 0.2080574 0.2063344 0.2050966 0.2005862 0.1926778 
A          0.2139435 0.2063734 0.2096006 0.1780560 0.1828119 0.1896982 0.0000000 0.1623746 0.1930207 0.1761450 0.1862842 0.1896452 0.1834385 0.1820248 0.1742979 
A4         0.1894945 0.1997638 0.1999350 0.1716317 0.1731241 0.1779014 0.1623746 0.0000000 0.1530507 0.1411981 0.1411851 0.1467026 0.1385465 0.1418058 0.1344417 
G          0.2037871 0.2214014 0.2247124 0.1976610 0.1995828 0.2134663 0.1930207 0.1530507 0.0000000 0.1150168 0.1103893 0.1224614 0.1147863 0.1154771 0.1107437 
A0         0.2128125 0.2017059 0.2049120 0.1809490 0.1857544 0.2030315 0.1761450 0.1411981 0.1150168 0.0000000 0.0522027 0.0654704 0.0607848 0.0589357 0.0524019 
H          0.2018222 0.2119113 0.2151778 0.1858429 0.1882312 0.2080574 0.1862842 0.1411851 0.1103893 0.0522027 0.0000000 0.0287470 0.0605980 0.0587548 0.0522419 
I          0.2047882 0.2102084 0.2134778 0.1840826 0.1864545 0.2063344 0.1896452 0.1467026 0.1224614 0.0654704 0.0287470 0.0000000 0.0739723 0.0721654 0.0655208 
A1         0.2098099 0.2089512 0.2121939 0.1830064 0.1878345 0.2050966 0.1834385 0.1385465 0.1147863 0.0607848 0.0605980 0.0739723 0.0000000 0.0434231 0.0370680 
A2         0.2052860 0.2096783 0.2129367 0.1785592 0.1781937 0.2005862 0.1820248 0.1418058 0.1154771 0.0589357 0.0587548 0.0721654 0.0434231 0.0000000 0.0060559 
A3         0.1973540 0.2017395 0.2049465 0.1709020 0.1755393 0.1926778 0.1742979 0.1344417 0.1107437 0.0524019 0.0522419 0.0655208 0.0370680 0.0060559 0.0000000 
