15
F          0.0000000 0.0593178 0.0552425 0.0735563 0.0664074 0.1896650 0.1559600 0.1572493 0.1635890 0.1554865 0.1692732 0.1813025 0.1778856 0.2331435 0.2018101 
B          0.0593178 0.0000000 0.0203114 0.0683945 0.0613795 0.1756868 0.1484346 0.1583944 0.1611686 0.1534318 0.1696289 0.1788462 0.1754868 0.2225764 0.1930503 
C          0.0552425 0.0203114 0.0000000 0.0665015 0.0617836 0.1799908 0.1629334 0.1677430 0.1705815 0.1598378 0.1763097 0.1828772 0.1794662 0.2275859 0.2060243 
D          0.0735563 0.0683945 0.0665015 0.0000000 0.0734416 0.1930651 0.1619063 0.1638707 0.1606316 0.1612972 0.1834689 0.1930922 0.1839864 0.2525022 0.2108793 
E          0.0664074 0.0613795 0.0617836 0.0734416 0.0000000 0.1977251 0.1714820 0.1738145 0.1766922 0.1658258 0.1818228 0.1920570 0.1941547 0.2510315 0.2127228 
A4         0.1896650 0.1756868 0.1799908 0.1930651 0.1977251 0.0000000 0.1414118 0.1357116 0.1436920 0.1649488 0.1629685 0.1766506 0.1744083 0.2416791 0.2249025 
A0         0.1559600 0.1484346 0.1629334 0.1619063 0.1714820 0.1414118 0.0000000 0.0245826 0.0266969 0.0906717 0.0883496 0.1107035 0.1029830 0.2361803 0.2096797 
H          0.1572493 0.1583944 0.1677430 0.1638707 0.1738145 0.1357116 0.0245826 0.0000000 0.0100967 0.0951404 0.0904620 0.1128409 0.1028004 0.2446815 0.2119391 
I          0.1635890 0.1611686 0.1705815 0.1606316 0.1766922 0.1436920 0.0266969 0.0100967 0.0000000 0.0976103 0.0952738 0.1178582 0.1077261 0.2480297 0.2120529 
G          0.1554865 0.1534318 0.1598378 0.1612972 0.1658258 0.1649488 0.0906717 0.0951404 0.0976103 0.0000000 0.0781596 0.0926830 0.0900055 0.2538420 0.2207537 
A1         0.1692732 0.1696289 0.1763097 0.1834689 0.1818228 0.1629685 0.0883496 0.0904620 0.0952738 0.0781596 0.0000000 0.0575955 0.0507521 0.2643727 0.2211884 
A2         0.1813025 0.1788462 0.1828772 0.1930922 0.1920570 0.1766506 0.1107035 0.1128409 0.1178582 0.0926830 0.0575955 0.0000000 0.0267687 0.2650705 0.2458554 
A3         0.1778856 0.1754868 0.1794662 0.1839864 0.1941547 0.1744083 0.1029830 0.1028004 0.1077261 0.0900055 0.0507521 0.0267687 0.0000000 0.2608557 0.2389387 
A          0.2331435 0.2225764 0.2275859 0.2525022 0.2510315 0.2416791 0.2361803 0.2446815 0.2480297 0.2538420 0.2643727 0.2650705 0.2608557 0.0000000 0.2537114 
A5         0.2018101 0.1930503 0.2060243 0.2108793 0.2127228 0.2249025 0.2096797 0.2119391 0.2120529 0.2207537 0.2211884 0.2458554 0.2389387 0.2537114 0.0000000 
