15
A5         0.0000000 0.1959135 0.2081475 0.1803783 0.1716124 0.1898236 0.1862838 0.1717838 0.1923409 0.1826253 0.1847903 0.1731656 0.1786460 0.1927417 0.1954091 
A          0.1959135 0.0000000 0.1914923 0.1878358 0.1785230 0.1914867 0.1828754 0.1709090 0.1913399 0.1849266 0.1870886 0.1747299 0.1801937 0.1947482 0.1863038 
F          0.2081475 0.1914923 0.0000000 0.1655697 0.1613402 0.1616021 0.1682524 0.1466646 0.1540972 0.1702701 0.1724369 0.1531906 0.1633431 0.1799915 0.1796842 
A4         0.1803783 0.1878358 0.1655697 0.0000000 0.1170205 0.1216795 0.1284713 0.1100275 0.1215917 0.1298555 0.1319978 0.1233981 0.1307714 0.1489921 0.1437300 
I          0.1716124 0.1785230 0.1613402 0.1170205 0.0000000 0.0328786 0.0348204 0.0692914 0.0825515 0.0874966 0.0873620 0.1150035 0.1222115 0.1328324 0.1302862 
H          0.1898236 0.1914867 0.1616021 0.1216795 0.0328786 0.0000000 0.0327929 0.0737842 0.0871331 0.0876316 0.0874966 0.1198351 0.1271009 0.1350707 0.1400663 
A0         0.1862838 0.1828754 0.1682524 0.1284713 0.0348204 0.0327929 0.0000000 0.0712603 0.0889531 0.0894607 0.0893226 0.1169448 0.1241487 0.1371116 0.1368844 
G          0.1717838 0.1709090 0.1466646 0.1100275 0.0692914 0.0737842 0.0712603 0.0000000 0.0670438 0.0652138 0.0672730 0.1081411 0.1152857 0.1328579 0.1254651 
A1         0.1923409 0.1913399 0.1540972 0.1215917 0.0825515 0.0871331 0.0889531 0.0670438 0.0000000 0.0584541 0.0605019 0.1268146 0.1341476 0.1474008 0.1495161 
A2         0.1826253 0.1849266 0.1702701 0.1298555 0.0874966 0.0876316 0.0894607 0.0652138 0.0584541 0.0000000 0.0060101 0.1228559 0.1301920 0.1434308 0.1430694 
A3         0.1847903 0.1870886 0.1724369 0.1319978 0.0873620 0.0874966 0.0893226 0.0672730 0.0605019 0.0060101 0.0000000 0.1249593 0.1323019 0.1455633 0.1403593 
B          0.1731656 0.1747299 0.1531906 0.1233981 0.1150035 0.1198351 0.1169448 0.1081411 0.1268146 0.1228559 0.1249593 0.0000000 0.0161512 0.1130523 0.1151437 
C          0.1786460 0.1801937 0.1633431 0.1307714 0.1222115 0.1271009 0.1241487 0.1152857 0.1341476 0.1301920 0.1323019 0.0161512 0.0000000 0.1202639 0.1223616 
D          0.1927417 0.1947482 0.1799915 0.1489921 0.1328324 0.1350707 0.1371116 0.1328579 0.1474008 0.1434308 0.1455633 0.1130523 0.1202639 0.0000000 0.0763079 
E          0.1954091 0.1863038 0.1796842 0.1437300 0.1302862 0.1400663 0.1368844 0.1254651 0.1495161 0.1430694 0.1403593 0.1151437 0.1223616 0.0763079 0.0000000 
