15
A          0.0000000 0.2527539 0.2655963 0.2366482 0.2487841 0.2403319 0.2509899 0.2470810 0.2366693 0.2442714 0.2397675 0.2310295 0.2370392 0.2483233 0.2687071 
A5         0.2527539 0.0000000 0.2260573 0.2271189 0.2191815 0.2261622 0.1946233 0.2008034 0.1987528 0.2178078 0.2145296 0.2060845 0.2106170 0.2132638 0.2408393 
G          0.2655963 0.2260573 0.0000000 0.0745994 0.0724027 0.0706274 0.0961121 0.0957135 0.0936542 0.1715339 0.1832940 0.1778347 0.1829607 0.1826012 0.1929264 
I          0.2366482 0.2271189 0.0745994 0.0000000 0.0393089 0.0395349 0.0883356 0.0879750 0.0859341 0.1748950 0.1737389 0.1785242 0.1785116 0.1783541 0.2040074 
H          0.2487841 0.2191815 0.0724027 0.0393089 0.0000000 0.0374203 0.0861031 0.0767679 0.0792036 0.1774993 0.1763581 0.1760740 0.1760619 0.1732695 0.1987408 
A0         0.2403319 0.2261622 0.0706274 0.0395349 0.0374203 0.0000000 0.0866296 0.0862742 0.0842200 0.1787001 0.1749166 0.1695563 0.1746214 0.1795595 0.2028957 
A1         0.2509899 0.1946233 0.0961121 0.0883356 0.0861031 0.0866296 0.0000000 0.0613056 0.0636603 0.1662760 0.1830513 0.1698489 0.1673949 0.1745811 0.1899129 
A2         0.2470810 0.2008034 0.0957135 0.0879750 0.0767679 0.0862742 0.0613056 0.0000000 0.0142012 0.1558951 0.1772782 0.1591921 0.1591831 0.1638740 0.1761832 
A3         0.2366693 0.1987528 0.0936542 0.0859341 0.0792036 0.0842200 0.0636603 0.0142012 0.0000000 0.1512905 0.1701247 0.1521488 0.1521409 0.1618182 0.1741063 
A4         0.2442714 0.2178078 0.1715339 0.1748950 0.1774993 0.1787001 0.1662760 0.1558951 0.1512905 0.0000000 0.1793260 0.1614840 0.1565628 0.1686761 0.1833672 
B          0.2397675 0.2145296 0.1832940 0.1737389 0.1763581 0.1749166 0.1830513 0.1772782 0.1701247 0.1793260 0.0000000 0.0264631 0.0925552 0.1176940 0.1310523 
C          0.2310295 0.2060845 0.1778347 0.1785242 0.1760740 0.1695563 0.1698489 0.1591921 0.1521488 0.1614840 0.0264631 0.0000000 0.0788178 0.0967057 0.1141492 
F          0.2370392 0.2106170 0.1829607 0.1785116 0.1760619 0.1746214 0.1673949 0.1591831 0.1521409 0.1565628 0.0925552 0.0788178 0.0000000 0.0895833 0.0975003 
D          0.2483233 0.2132638 0.1826012 0.1783541 0.1732695 0.1795595 0.1745811 0.1638740 0.1618182 0.1686761 0.1176940 0.0967057 0.0895833 0.0000000 0.0924371 
E          0.2687071 0.2408393 0.1929264 0.2040074 0.1987408 0.2028957 0.1899129 0.1761832 0.1741063 0.1833672 0.1310523 0.1141492 0.0975003 0.0924371 0.0000000 
