15
A5         0.0000000 0.2428542 0.2334783 0.2414699 0.2556891 0.2477156 0.2493584 0.2231134 0.2529465 0.2511076 0.2482915 0.2146937 0.2564932 0.2070595 0.2185926 
A          0.2428542 0.0000000 0.1985433 0.2037167 0.2208836 0.2257950 0.2248989 0.1911102 0.2223347 0.2209206 0.2242472 0.2035780 0.2282426 0.1858085 0.1969582 
B          0.2334783 0.1985433 0.0000000 0.0100486 0.0899408 0.1084601 0.0964349 0.1473440 0.1676585 0.1646362 0.1621194 0.1631790 0.1782056 0.1367751 0.1445317 
C          0.2414699 0.2037167 0.0100486 0.0000000 0.0966934 0.1153649 0.1032129 0.1545932 0.1750923 0.1670531 0.1645299 0.1704932 0.1857423 0.1438993 0.1517418 
F          0.2556891 0.2208836 0.0899408 0.0966934 0.0000000 0.1106164 0.1076700 0.1595243 0.1875618 0.1793845 0.1768269 0.1752342 0.1932431 0.1485432 0.1589331 
D          0.2477156 0.2257950 0.1084601 0.1153649 0.1106164 0.0000000 0.0892319 0.1794978 0.1852122 0.1820816 0.1795140 0.1804470 0.1885526 0.1535832 0.1591615 
E          0.2493584 0.2248989 0.0964349 0.1032129 0.1076700 0.0892319 0.0000000 0.1762795 0.1845480 0.1864491 0.1838777 0.1724563 0.1954309 0.1482337 0.1585957 
A4         0.2231134 0.1911102 0.1473440 0.1545932 0.1595243 0.1794978 0.1762795 0.0000000 0.1451411 0.1422504 0.1398062 0.1488117 0.1709591 0.1274726 0.1327835 
A1         0.2529465 0.2223347 0.1676585 0.1750923 0.1875618 0.1852122 0.1845480 0.1451411 0.0000000 0.0836402 0.0813714 0.0855169 0.1095977 0.0700133 0.0723400 
A2         0.2511076 0.2209206 0.1646362 0.1670531 0.1793845 0.1820816 0.1864491 0.1422504 0.0836402 0.0000000 0.0101351 0.0964317 0.1094627 0.0786112 0.0856810 
A3         0.2482915 0.2242472 0.1621194 0.1645299 0.1768269 0.1795140 0.1838777 0.1398062 0.0813714 0.0101351 0.0000000 0.0964361 0.1071059 0.0763712 0.0834117 
G          0.2146937 0.2035780 0.1631790 0.1704932 0.1752342 0.1804470 0.1724563 0.1488117 0.0855169 0.0964317 0.0964361 0.0000000 0.0833540 0.0433291 0.0499093 
A0         0.2564932 0.2282426 0.1782056 0.1857423 0.1932431 0.1885526 0.1954309 0.1709591 0.1095977 0.1094627 0.1071059 0.0833540 0.0000000 0.0547452 0.0615553 
H          0.2070595 0.1858085 0.1367751 0.1438993 0.1485432 0.1535832 0.1482337 0.1274726 0.0700133 0.0786112 0.0763712 0.0433291 0.0547452 0.0000000 0.0101171 
I          0.2185926 0.1969582 0.1445317 0.1517418 0.1589331 0.1591615 0.1585957 0.1327835 0.0723400 0.0856810 0.0834117 0.0499093 0.0615553 0.0101171 0.0000000 
