15
A5         0.0000000 0.2178924 0.1806473 0.1888124 0.1866688 0.1867016 0.1890352 0.1755644 0.1785673 0.1807937 0.2121128 0.2166672 0.1769596 0.1582290 0.1609588 
A          0.2178924 0.0000000 0.2069894 0.2126645 0.2104909 0.2073461 0.2182357 0.1955550 0.1987119 0.2061917 0.2335561 0.2382203 0.2000760 0.1928329 0.1855772 
A4         0.1806473 0.2069894 0.0000000 0.1593350 0.1572167 0.1475214 0.1595191 0.1371411 0.1470400 0.1517034 0.1798132 0.1972099 0.1465210 0.1403911 0.1278981 
A2         0.1888124 0.2126645 0.1593350 0.0000000 0.0141653 0.0836160 0.0970423 0.0786785 0.0833661 0.0899691 0.1954395 0.2054646 0.1658527 0.1577550 0.1552046 
A3         0.1866688 0.2104909 0.1572167 0.0141653 0.0000000 0.0815281 0.0904075 0.0766042 0.0812843 0.0878881 0.1933068 0.2084985 0.1661215 0.1556255 0.1530767 
A1         0.1867016 0.2073461 0.1475214 0.0836160 0.0815281 0.0000000 0.0631470 0.0456889 0.0522257 0.0542958 0.1908793 0.2059825 0.1563684 0.1528462 0.1454578 
G          0.1890352 0.2182357 0.1595191 0.0970423 0.0904075 0.0631470 0.0000000 0.0519303 0.0585068 0.0605740 0.2010214 0.2213445 0.1609828 0.1678169 0.1602956 
A0         0.1755644 0.1955550 0.1371411 0.0786785 0.0766042 0.0456889 0.0519303 0.0000000 0.0265302 0.0285620 0.1797219 0.1970875 0.1434783 0.1499368 0.1425948 
H          0.1785673 0.1987119 0.1470400 0.0833661 0.0812843 0.0522257 0.0585068 0.0265302 0.0000000 0.0265510 0.1827358 0.2002012 0.1462483 0.1527746 0.1453895 
I          0.1807937 0.2061917 0.1517034 0.0899691 0.0878881 0.0542958 0.0605740 0.0285620 0.0265510 0.0000000 0.1900089 0.2075648 0.1436299 0.1496272 0.1423015 
D          0.2121128 0.2335561 0.1798132 0.1954395 0.1933068 0.1908793 0.2010214 0.1797219 0.1827358 0.1900089 0.0000000 0.0851569 0.1609882 0.1598213 0.1572703 
E          0.2166672 0.2382203 0.1972099 0.2054646 0.2084985 0.2059825 0.2213445 0.1970875 0.2002012 0.2075648 0.0851569 0.0000000 0.1705563 0.1768301 0.1692722 
F          0.1769596 0.2000760 0.1465210 0.1658527 0.1661215 0.1563684 0.1609828 0.1434783 0.1462483 0.1436299 0.1609882 0.1705563 0.0000000 0.1103100 0.1011519 
B          0.1582290 0.1928329 0.1403911 0.1577550 0.1556255 0.1528462 0.1678169 0.1499368 0.1527746 0.1496272 0.1598213 0.1768301 0.1103100 0.0000000 0.0245044 
C          0.1609588 0.1855772 0.1278981 0.1552046 0.1530767 0.1454578 0.1602956 0.1425948 0.1453895 0.1423015 0.1572703 0.1692722 0.1011519 0.0245044 0.0000000 
