15
B          0.0000000 0.0080685 0.1359277 0.1211914 0.1189617 0.1668551 0.1411542 0.1452298 0.1482472 0.1437829 0.1585554 0.1503302 0.1560682 0.2138852 0.1940740 
C          0.0080685 0.0000000 0.1263839 0.1212250 0.1166575 0.1618869 0.1387912 0.1428706 0.1458724 0.1414112 0.1561511 0.1479564 0.1536696 0.2085947 0.1941322 
F          0.1359277 0.1263839 0.0000000 0.0968411 0.1083986 0.1563598 0.1628218 0.1570191 0.1601122 0.1556358 0.1636393 0.1602696 0.1685444 0.2327790 0.2177456 
D          0.1211914 0.1212250 0.0968411 0.0000000 0.0874026 0.1527480 0.1404561 0.1373327 0.1353473 0.1309350 0.1435062 0.1451150 0.1507794 0.2125794 0.1909499 
E          0.1189617 0.1166575 0.1083986 0.0874026 0.0000000 0.1580155 0.1449380 0.1416918 0.1446611 0.1402385 0.1480206 0.1471504 0.1479384 0.2159513 0.2014076 
A4         0.1668551 0.1618869 0.1563598 0.1527480 0.1580155 0.0000000 0.1347736 0.1363723 0.1345240 0.1348986 0.1450255 0.1417553 0.1522131 0.2230988 0.2111207 
G          0.1411542 0.1387912 0.1628218 0.1404561 0.1449380 0.1347736 0.0000000 0.0495278 0.0475768 0.0434467 0.0630866 0.0693080 0.0760720 0.2057388 0.1915518 
A0         0.1452298 0.1428706 0.1570191 0.1373327 0.1416918 0.1363723 0.0495278 0.0000000 0.0430921 0.0389946 0.0627753 0.0581407 0.0649445 0.1916541 0.1803209 
H          0.1482472 0.1458724 0.1601122 0.1353473 0.1446611 0.1345240 0.0475768 0.0430921 0.0000000 0.0120725 0.0651844 0.0605081 0.0695289 0.2002409 0.1887004 
I          0.1437829 0.1414112 0.1556358 0.1309350 0.1402385 0.1348986 0.0434467 0.0389946 0.0120725 0.0000000 0.0609885 0.0563446 0.0653256 0.2008420 0.1841417 
A1         0.1585554 0.1561511 0.1636393 0.1435062 0.1480206 0.1450255 0.0630866 0.0627753 0.0651844 0.0609885 0.0000000 0.0518102 0.0606838 0.2174515 0.2004391 
A2         0.1503302 0.1479564 0.1602696 0.1451150 0.1471504 0.1417553 0.0693080 0.0581407 0.0605081 0.0563446 0.0518102 0.0000000 0.0244122 0.2081875 0.1940184 
A3         0.1560682 0.1536696 0.1685444 0.1507794 0.1479384 0.1522131 0.0760720 0.0649445 0.0695289 0.0653256 0.0606838 0.0244122 0.0000000 0.2226701 0.2108001 
A          0.2138852 0.2085947 0.2327790 0.2125794 0.2159513 0.2230988 0.2057388 0.1916541 0.2002409 0.2008420 0.2174515 0.2081875 0.2226701 0.0000000 0.2219377 
A5         0.1940740 0.1941322 0.2177456 0.1909499 0.2014076 0.2111207 0.1915518 0.1803209 0.1887004 0.1841417 0.2004391 0.1940184 0.2108001 0.2219377 0.0000000 
