15
A          0.0000000 0.2260244 0.2322576 0.2256822 0.2325371 0.2313313 0.2365145 0.2313875 0.2690340 0.2478925 0.2499541 0.2492663 0.2501316 0.2643724 0.2579300 
A5         0.2260244 0.0000000 0.2021900 0.2065624 0.1939815 0.1931542 0.2008221 0.2117741 0.2277865 0.2071718 0.2143781 0.2100445 0.2161043 0.2244874 0.2265008 
F          0.2322576 0.2021900 0.0000000 0.1227819 0.1137306 0.1179489 0.1199435 0.1765059 0.1855452 0.1797104 0.1941352 0.1687688 0.1768230 0.1925161 0.1999951 
B          0.2256822 0.2065624 0.1227819 0.0000000 0.0583216 0.1192768 0.1145382 0.1907142 0.1860150 0.1702165 0.1791779 0.1692782 0.1748151 0.1902949 0.2003104 
C          0.2325371 0.1939815 0.1137306 0.0583216 0.0000000 0.1054313 0.1057205 0.1835346 0.1815721 0.1607520 0.1669789 0.1573395 0.1653177 0.1806683 0.1906228 
D          0.2313313 0.1931542 0.1179489 0.1192768 0.1054313 0.0000000 0.0515033 0.1852463 0.1889608 0.1725432 0.1768555 0.1695671 0.1751161 0.1881497 0.1955332 
E          0.2365145 0.2008221 0.1199435 0.1145382 0.1057205 0.0515033 0.0000000 0.1900959 0.1913599 0.1698990 0.1691347 0.1645275 0.1700287 0.1829747 0.1903223 
A4         0.2313875 0.2117741 0.1765059 0.1907142 0.1835346 0.1852463 0.1900959 0.0000000 0.1814110 0.1733800 0.1824319 0.1674421 0.1729838 0.1884905 0.1935355 
H          0.2690340 0.2277865 0.1855452 0.1860150 0.1815721 0.1889608 0.1913599 0.1814110 0.0000000 0.0563113 0.0697962 0.0719559 0.0676084 0.0787622 0.0786928 
G          0.2478925 0.2071718 0.1797104 0.1702165 0.1607520 0.1725432 0.1698990 0.1733800 0.0563113 0.0000000 0.0477403 0.0521093 0.0542813 0.0630412 0.0673481 
I          0.2499541 0.2143781 0.1941352 0.1791779 0.1669789 0.1768555 0.1691347 0.1824319 0.0697962 0.0477403 0.0000000 0.0633553 0.0699760 0.0789808 0.0878731 
A0         0.2492663 0.2100445 0.1687688 0.1692782 0.1573395 0.1695671 0.1645275 0.1674421 0.0719559 0.0521093 0.0633553 0.0000000 0.0477284 0.0542145 0.0650024 
A1         0.2501316 0.2161043 0.1768230 0.1748151 0.1653177 0.1751161 0.1700287 0.1729838 0.0676084 0.0542813 0.0699760 0.0477284 0.0000000 0.0499683 0.0585260 
A2         0.2643724 0.2244874 0.1925161 0.1902949 0.1806683 0.1881497 0.1829747 0.1884905 0.0787622 0.0630412 0.0789808 0.0542145 0.0499683 0.0000000 0.0456384 
A3         0.2579300 0.2265008 0.1999951 0.2003104 0.1906228 0.1955332 0.1903223 0.1935355 0.0786928 0.0673481 0.0878731 0.0650024 0.0585260 0.0456384 0.0000000 
