15
A5         0.0000000 0.2029539 0.2066533 0.1788761 0.1752128 0.1904743 0.1911089 0.1676896 0.2094327 0.1878034 0.1959043 0.2049317 0.1837904 0.1991984 0.1881057 
A          0.2029539 0.0000000 0.1668684 0.1582646 0.1473928 0.1772298 0.1677972 0.1499235 0.1853135 0.1695961 0.1802282 0.1758507 0.1632197 0.1861268 0.1679671 
E          0.2066533 0.1668684 0.0000000 0.1057624 0.0938137 0.1133704 0.1192484 0.1375967 0.1831552 0.1622840 0.1700926 0.1656255 0.1630559 0.1730288 0.1602198 
B          0.1788761 0.1582646 0.1057624 0.0000000 0.0181944 0.1021586 0.1105972 0.1263059 0.1760556 0.1527898 0.1605147 0.1536588 0.1487378 0.1635656 0.1533887 
C          0.1752128 0.1473928 0.0938137 0.0181944 0.0000000 0.0901688 0.1008466 0.1161681 0.1600683 0.1374039 0.1449247 0.1430075 0.1381710 0.1527443 0.1427598 
D          0.1904743 0.1772298 0.1133704 0.1021586 0.0901688 0.0000000 0.1040096 0.1343425 0.1959284 0.1693797 0.1773619 0.1677587 0.1677623 0.1803907 0.1699043 
F          0.1911089 0.1677972 0.1192484 0.1105972 0.1008466 0.1040096 0.0000000 0.1280214 0.1837520 0.1627899 0.1706280 0.1711747 0.1661565 0.1731721 0.1632836 
A4         0.1676896 0.1499235 0.1375967 0.1263059 0.1161681 0.1343425 0.1280214 0.0000000 0.1348718 0.1154326 0.1226889 0.1160638 0.1113927 0.1254642 0.1135856 
A0         0.2094327 0.1853135 0.1831552 0.1760556 0.1600683 0.1959284 0.1837520 0.1348718 0.0000000 0.0672942 0.0674464 0.1012913 0.0921994 0.1058627 0.0965744 
H          0.1878034 0.1695961 0.1622840 0.1527898 0.1374039 0.1693797 0.1627899 0.1154326 0.0672942 0.0000000 0.0162116 0.0783262 0.0695105 0.0827610 0.0782004 
I          0.1959043 0.1802282 0.1700926 0.1605147 0.1449247 0.1773619 0.1706280 0.1226889 0.0674464 0.0162116 0.0000000 0.0829579 0.0740760 0.0874256 0.0828238 
G          0.2049317 0.1758507 0.1656255 0.1536588 0.1430075 0.1677587 0.1711747 0.1160638 0.1012913 0.0783262 0.0829579 0.0000000 0.0607851 0.0763065 0.0717770 
A1         0.1837904 0.1632197 0.1630559 0.1487378 0.1381710 0.1677623 0.1661565 0.1113927 0.0921994 0.0695105 0.0740760 0.0607851 0.0000000 0.0562040 0.0562391 
A2         0.1991984 0.1861268 0.1730288 0.1635656 0.1527443 0.1803907 0.1731721 0.1254642 0.1058627 0.0827610 0.0874256 0.0763065 0.0562040 0.0000000 0.0541054 
A3         0.1881057 0.1679671 0.1602198 0.1533887 0.1427598 0.1699043 0.1632836 0.1135856 0.0965744 0.0782004 0.0828238 0.0717770 0.0562391 0.0541054 0.0000000 
