15
A5         0.0000000 0.1922454 0.1859645 0.2041987 0.2015057 0.2091359 0.2368952 0.2094611 0.2148326 0.2237980 0.2152369 0.2183064 0.2232513 0.2122437 0.2205379 
B          0.1922454 0.0000000 0.0945829 0.1033853 0.0920882 0.0965850 0.1752956 0.1600336 0.1724549 0.1807729 0.1878721 0.1883270 0.1773505 0.1725464 0.1803848 
F          0.1859645 0.0945829 0.0000000 0.0830956 0.0718316 0.0806556 0.1695028 0.1615756 0.1639572 0.1722354 0.1768948 0.1722489 0.1615747 0.1567842 0.1645428 
E          0.2041987 0.1033853 0.0830956 0.0000000 0.0716258 0.0848594 0.1855919 0.1816833 0.1836904 0.1870797 0.1994129 0.1999038 0.1862002 0.1813295 0.1944567 
C          0.2015057 0.0920882 0.0718316 0.0716258 0.0000000 0.0451903 0.1765993 0.1741634 0.1761747 0.1819703 0.1917650 0.1922341 0.1786672 0.1738238 0.1817315 
D          0.2091359 0.0965850 0.0806556 0.0848594 0.0451903 0.0000000 0.1969737 0.1791626 0.1811696 0.1923194 0.1968546 0.2025233 0.1887728 0.1838928 0.1918983 
A          0.2368952 0.1752956 0.1695028 0.1855919 0.1765993 0.1969737 0.0000000 0.1709592 0.1702529 0.1837854 0.1858154 0.1811862 0.1808914 0.1553987 0.1630770 
A4         0.2094611 0.1600336 0.1615756 0.1816833 0.1741634 0.1791626 0.1709592 0.0000000 0.1480226 0.1685326 0.1630304 0.1634173 0.1554677 0.1430404 0.1505888 
A0         0.2148326 0.1724549 0.1639572 0.1836904 0.1761747 0.1811696 0.1702529 0.1480226 0.0000000 0.0434987 0.0433778 0.0455752 0.0721300 0.0717036 0.0718474 
A1         0.2237980 0.1807729 0.1722354 0.1870797 0.1819703 0.1923194 0.1837854 0.1685326 0.0434987 0.0000000 0.0478585 0.0565268 0.0881506 0.0831434 0.0833123 
A2         0.2152369 0.1878721 0.1768948 0.1994129 0.1917650 0.1968546 0.1858154 0.1630304 0.0433778 0.0478585 0.0000000 0.0224334 0.0834029 0.0829035 0.0830714 
A3         0.2183064 0.1883270 0.1722489 0.1999038 0.1922341 0.2025233 0.1811862 0.1634173 0.0455752 0.0565268 0.0224334 0.0000000 0.0813114 0.0830829 0.0832515 
G          0.2232513 0.1773505 0.1615747 0.1862002 0.1786672 0.1887728 0.1808914 0.1554677 0.0721300 0.0881506 0.0834029 0.0813114 0.0000000 0.0631064 0.0653939 
H          0.2122437 0.1725464 0.1567842 0.1813295 0.1738238 0.1838928 0.1553987 0.1430404 0.0717036 0.0831434 0.0829035 0.0830829 0.0631064 0.0000000 0.0101232 
I          0.2205379 0.1803848 0.1645428 0.1944567 0.1817315 0.1918983 0.1630770 0.1505888 0.0718474 0.0833123 0.0830714 0.0832515 0.0653939 0.0101232 0.0000000 
