15
A5         0.0000000 0.2038204 0.2076283 0.2055538 0.2112426 0.2196393 0.1979804 0.1954521 0.1898435 0.2342201 0.2223599 0.2398667 0.2064887 0.2105612 0.2054884 
A4         0.2038204 0.0000000 0.1430585 0.1410017 0.1578233 0.1568736 0.1394940 0.1492066 0.1395929 0.1653788 0.1642742 0.1777998 0.1799715 0.1814447 0.1740278 
H          0.2076283 0.1430585 0.0000000 0.0121415 0.1386431 0.1374310 0.1205514 0.1303438 0.1206368 0.1833529 0.1622148 0.1858289 0.1680327 0.1721072 0.1772235 
I          0.2055538 0.1410017 0.0121415 0.0000000 0.1317582 0.1306111 0.1138280 0.1235551 0.1139088 0.1788369 0.1577659 0.1813102 0.1635504 0.1676407 0.1727448 
G          0.2112426 0.1578233 0.1386431 0.1317582 0.0000000 0.1134343 0.0993280 0.0973620 0.0880876 0.1897766 0.1788852 0.2007344 0.1792976 0.1832438 0.1783288 
A1         0.2196393 0.1568736 0.1374310 0.1306111 0.1134343 0.0000000 0.0629003 0.0740486 0.0651412 0.1849914 0.1772598 0.2038667 0.1851457 0.1865904 0.1867290 
A0         0.1979804 0.1394940 0.1205514 0.1138280 0.0993280 0.0629003 0.0000000 0.0541143 0.0476215 0.1699745 0.1642866 0.1853013 0.1666892 0.1711064 0.1712312 
A2         0.1954521 0.1492066 0.1303438 0.1235551 0.0973620 0.0740486 0.0541143 0.0000000 0.0183034 0.1680534 0.1643972 0.1855670 0.1701032 0.1767164 0.1768465 
A3         0.1898435 0.1395929 0.1206368 0.1139088 0.0880876 0.0651412 0.0476215 0.0183034 0.0000000 0.1651334 0.1594855 0.1829715 0.1598417 0.1688182 0.1689412 
A          0.2342201 0.1653788 0.1833529 0.1788369 0.1897766 0.1849914 0.1699745 0.1680534 0.1651334 0.0000000 0.1514043 0.1695547 0.1749069 0.1862700 0.1738461 
D          0.2223599 0.1642742 0.1622148 0.1577659 0.1788852 0.1772598 0.1642866 0.1643972 0.1594855 0.1514043 0.0000000 0.0736306 0.1221285 0.1260814 0.1168914 
E          0.2398667 0.1777998 0.1858289 0.1813102 0.2007344 0.2038667 0.1853013 0.1855670 0.1829715 0.1695547 0.0736306 0.0000000 0.1394481 0.1502958 0.1408480 
F          0.2064887 0.1799715 0.1680327 0.1635504 0.1792976 0.1851457 0.1666892 0.1701032 0.1598417 0.1749069 0.1221285 0.1394481 0.0000000 0.1283638 0.1145442 
B          0.2105612 0.1814447 0.1721072 0.1676407 0.1832438 0.1865904 0.1711064 0.1767164 0.1688182 0.1862700 0.1260814 0.1502958 0.1283638 0.0000000 0.0387213 
C          0.2054884 0.1740278 0.1772235 0.1727448 0.1783288 0.1867290 0.1712312 0.1768465 0.1689412 0.1738461 0.1168914 0.1408480 0.1145442 0.0387213 0.0000000 
