15
A5         0.0000000 0.2665774 0.2054606 0.1938150 0.2011920 0.2005404 0.2062885 0.2286228 0.1951642 0.2062832 0.2227573 0.2281469 0.2001068 0.2055363 0.2204401 
A          0.2665774 0.0000000 0.2287052 0.2281825 0.2173477 0.2347195 0.2224605 0.2530803 0.2275529 0.2579913 0.2408471 0.2462614 0.2145269 0.2254421 0.2305414 
A4         0.2054606 0.2287052 0.0000000 0.1719409 0.1687466 0.1753965 0.1686431 0.1821076 0.1705372 0.1938541 0.1971847 0.2023836 0.1629163 0.1652379 0.1775275 
B          0.1938150 0.2281825 0.1719409 0.0000000 0.0922920 0.1048987 0.0948165 0.1611335 0.1477655 0.1754102 0.1604821 0.1654442 0.1375072 0.1525240 0.1569222 
C          0.2011920 0.2173477 0.1687466 0.0922920 0.0000000 0.0858797 0.0740628 0.1608590 0.1378541 0.1597722 0.1528821 0.1577959 0.1325105 0.1449144 0.1494064 
D          0.2005404 0.2347195 0.1753965 0.1048987 0.0858797 0.0000000 0.0811065 0.1723948 0.1531362 0.1761280 0.1587068 0.1636803 0.1385742 0.1561070 0.1631146 
E          0.2062885 0.2224605 0.1686431 0.0948165 0.0740628 0.0811065 0.0000000 0.1557977 0.1424618 0.1699778 0.1548209 0.1597293 0.1347543 0.1496573 0.1492001 
F          0.2286228 0.2530803 0.1821076 0.1611335 0.1608590 0.1723948 0.1557977 0.0000000 0.1358700 0.1557893 0.1410194 0.1458799 0.1233580 0.1380929 0.1376740 
G          0.1951642 0.2275529 0.1705372 0.1477655 0.1378541 0.1531362 0.1424618 0.1358700 0.0000000 0.0519568 0.1206035 0.1253087 0.0947747 0.1089552 0.1109018 
A0         0.2062832 0.2579913 0.1938541 0.1754102 0.1597722 0.1761280 0.1699778 0.1557893 0.0519568 0.0000000 0.1472998 0.1472985 0.1252338 0.1400749 0.1419890 
H          0.2227573 0.2408471 0.1971847 0.1604821 0.1528821 0.1587068 0.1548209 0.1410194 0.1206035 0.1472998 0.0000000 0.0120420 0.0674820 0.0807293 0.0852068 
I          0.2281469 0.2462614 0.2023836 0.1654442 0.1577959 0.1636803 0.1597293 0.1458799 0.1253087 0.1472985 0.0120420 0.0000000 0.0718728 0.0851857 0.0896863 
A1         0.2001068 0.2145269 0.1629163 0.1375072 0.1325105 0.1385742 0.1347543 0.1233580 0.0947747 0.1252338 0.0674820 0.0718728 0.0000000 0.0455332 0.0454106 
A2         0.2055363 0.2254421 0.1652379 0.1525240 0.1449144 0.1561070 0.1496573 0.1380929 0.1089552 0.1400749 0.0807293 0.0851857 0.0455332 0.0000000 0.0306543 
A3         0.2204401 0.2305414 0.1775275 0.1569222 0.1494064 0.1631146 0.1492001 0.1376740 0.1109018 0.1419890 0.0852068 0.0896863 0.0454106 0.0306543 0.0000000 
