15
A          0.0000000 0.2029407 0.1589195 0.1615439 0.1613986 0.1638817 0.1559343 0.1507324 0.1591391 0.2243804 0.2026752 0.2212038 0.2055663 0.1908516 0.1983721 
A4         0.2029407 0.0000000 0.1774101 0.1730371 0.1728766 0.1805652 0.1741045 0.1631467 0.1775180 0.2443487 0.2347483 0.2518611 0.2249310 0.2309270 0.2281258 
G          0.1589195 0.1774101 0.0000000 0.0932558 0.1025783 0.1119445 0.0837166 0.0902551 0.0977304 0.2203003 0.2036121 0.2262821 0.2101590 0.2000735 0.2053010 
A0         0.1615439 0.1730371 0.0932558 0.0000000 0.0308426 0.0371770 0.0657446 0.0612204 0.0726984 0.2273932 0.2099334 0.2300793 0.2032406 0.1855074 0.1983850 
H          0.1613986 0.1728766 0.1025783 0.0308426 0.0000000 0.0182994 0.0722855 0.0677196 0.0793109 0.2261918 0.2124973 0.2353222 0.2082955 0.1904934 0.2002544 
I          0.1638817 0.1805652 0.1119445 0.0371770 0.0182994 0.0000000 0.0790320 0.0744128 0.0861474 0.2351703 0.2172565 0.2427879 0.2130062 0.1951704 0.2049412 
A3         0.1559343 0.1741045 0.0837166 0.0657446 0.0722855 0.0790320 0.0000000 0.0477670 0.0610357 0.2250634 0.1975922 0.2225801 0.1987456 0.1863263 0.1966085 
A1         0.1507324 0.1631467 0.0902551 0.0612204 0.0677196 0.0744128 0.0477670 0.0000000 0.0522507 0.2219080 0.1964583 0.2079645 0.2009162 0.1858685 0.1961207 
A2         0.1591391 0.1775180 0.0977304 0.0726984 0.0793109 0.0861474 0.0610357 0.0522507 0.0000000 0.2253681 0.2090203 0.2264640 0.2102946 0.1925070 0.2002025 
A5         0.2243804 0.2443487 0.2203003 0.2273932 0.2261918 0.2351703 0.2250634 0.2219080 0.2253681 0.0000000 0.2346279 0.2371718 0.2295979 0.2325864 0.2326054 
C          0.2026752 0.2347483 0.2036121 0.2099334 0.2124973 0.2172565 0.1975922 0.1964583 0.2090203 0.2346279 0.0000000 0.1236903 0.1288002 0.1269751 0.1222961 
F          0.2212038 0.2518611 0.2262821 0.2300793 0.2353222 0.2427879 0.2225801 0.2079645 0.2264640 0.2371718 0.1236903 0.0000000 0.1128765 0.1084272 0.1063102 
E          0.2055663 0.2249310 0.2101590 0.2032406 0.2082955 0.2130062 0.1987456 0.2009162 0.2102946 0.2295979 0.1288002 0.1128765 0.0000000 0.0736801 0.0714674 
B          0.1908516 0.2309270 0.2000735 0.1855074 0.1904934 0.1951704 0.1863263 0.1858685 0.1925070 0.2325864 0.1269751 0.1084272 0.0736801 0.0000000 0.0540988 
D          0.1983721 0.2281258 0.2053010 0.1983850 0.2002544 0.2049412 0.1966085 0.1961207 0.2002025 0.2326054 0.1222961 0.1063102 0.0714674 0.0540988 0.0000000 
