15
A          0.0000000 0.2400511 0.2136692 0.2195333 0.2245458 0.2397389 0.2278773 0.2397706 0.2295982 0.2220962 0.2185072 0.2100498 0.2123414 0.2074319 0.2157692 
A5         0.2400511 0.0000000 0.2035294 0.2093119 0.2073157 0.2168601 0.2200637 0.2131932 0.2062278 0.2040670 0.2060265 0.1879754 0.1985876 0.1854047 0.1935527 
B          0.2136692 0.2035294 0.0000000 0.0203174 0.1176541 0.1350297 0.1304915 0.1730554 0.1740356 0.1668722 0.1663815 0.1588923 0.1709546 0.1564189 0.1617705 
C          0.2195333 0.2093119 0.0203174 0.0000000 0.1225950 0.1353389 0.1355746 0.1785159 0.1795329 0.1723218 0.1718121 0.1642613 0.1764094 0.1617673 0.1671755 
F          0.2245458 0.2073157 0.1176541 0.1225950 0.0000000 0.0916615 0.1035900 0.1665618 0.1647517 0.1675944 0.1693860 0.1624288 0.1749683 0.1601163 0.1678826 
D          0.2397389 0.2168601 0.1350297 0.1353389 0.0916615 0.0000000 0.0880526 0.1854022 0.1829913 0.1808607 0.1832239 0.1711274 0.1889931 0.1712072 0.1791430 
E          0.2278773 0.2200637 0.1304915 0.1355746 0.1035900 0.0880526 0.0000000 0.1756735 0.1744375 0.1773526 0.1768404 0.1718229 0.1846525 0.1668804 0.1723340 
A4         0.2397706 0.2131932 0.1730554 0.1785159 0.1665618 0.1854022 0.1756735 0.0000000 0.1349798 0.1328770 0.1372947 0.1254847 0.1399243 0.1278561 0.1352524 
A2         0.2295982 0.2062278 0.1740356 0.1795329 0.1647517 0.1829913 0.1744375 0.1349798 0.0000000 0.0100637 0.0784607 0.0898186 0.1012911 0.0853754 0.0922895 
A3         0.2220962 0.2040670 0.1668722 0.1723218 0.1675944 0.1808607 0.1773526 0.1328770 0.0100637 0.0000000 0.0786445 0.0877494 0.0992153 0.0833065 0.0902147 
A1         0.2185072 0.2060265 0.1663815 0.1718121 0.1693860 0.1832239 0.1768404 0.1372947 0.0784607 0.0786445 0.0000000 0.0763583 0.0830913 0.0653665 0.0652793 
G          0.2100498 0.1879754 0.1588923 0.1642613 0.1624288 0.1711274 0.1718229 0.1254847 0.0898186 0.0877494 0.0763583 0.0000000 0.0718898 0.0565513 0.0631763 
A0         0.2123414 0.1985876 0.1709546 0.1764094 0.1749683 0.1889931 0.1846525 0.1399243 0.1012911 0.0992153 0.0830913 0.0718898 0.0000000 0.0349751 0.0413666 
H          0.2074319 0.1854047 0.1564189 0.1617673 0.1601163 0.1712072 0.1668804 0.1278561 0.0853754 0.0833065 0.0653665 0.0565513 0.0349751 0.0000000 0.0101138 
I          0.2157692 0.1935527 0.1617705 0.1671755 0.1678826 0.1791430 0.1723340 0.1352524 0.0922895 0.0902147 0.0652793 0.0631763 0.0413666 0.0101138 0.0000000 
