15
A5         0.0000000 0.2152675 0.1791955 0.1745172 0.1647874 0.1517919 0.1571389 0.1600099 0.1870233 0.1880378 0.1757537 0.1871762 0.1777734 0.1858417 0.1833977 
A          0.2152675 0.0000000 0.2354278 0.2249136 0.2071492 0.2164176 0.2008864 0.2224251 0.2199837 0.2328535 0.2248253 0.2352426 0.2213666 0.2383692 0.2358084 
D          0.1791955 0.2354278 0.0000000 0.0807141 0.1136767 0.1110237 0.1042723 0.2052653 0.1956548 0.1994516 0.1919758 0.2041120 0.1863280 0.1945909 0.1973577 
E          0.1745172 0.2249136 0.0807141 0.0000000 0.0998984 0.1041712 0.0951255 0.1978008 0.1821526 0.1833211 0.1812491 0.1958223 0.1858718 0.2043192 0.2045919 
F          0.1647874 0.2071492 0.1136767 0.0998984 0.0000000 0.0904156 0.0837807 0.1623392 0.1778894 0.1763571 0.1776063 0.1896899 0.1696093 0.1851891 0.1854321 
B          0.1517919 0.2164176 0.1110237 0.1041712 0.0904156 0.0000000 0.0182529 0.1744593 0.1729091 0.1713562 0.1643884 0.1837819 0.1639663 0.1769124 0.1771411 
C          0.1571389 0.2008864 0.1042723 0.0951255 0.0837807 0.0182529 0.0000000 0.1722657 0.1630141 0.1614206 0.1596210 0.1737507 0.1567863 0.1696410 0.1698585 
A4         0.1600099 0.2224251 0.2052653 0.1978008 0.1623392 0.1744593 0.1722657 0.0000000 0.2134974 0.2092943 0.2043106 0.2139947 0.1959927 0.2068133 0.2070935 
A2         0.1870233 0.2199837 0.1956548 0.1821526 0.1778894 0.1729091 0.1630141 0.2134974 0.0000000 0.0392169 0.0519026 0.0631565 0.0782909 0.0851090 0.0852026 
A3         0.1880378 0.2328535 0.1994516 0.1833211 0.1763571 0.1713562 0.1614206 0.2092943 0.0392169 0.0000000 0.0478497 0.0590701 0.0742175 0.0810284 0.0811173 
A0         0.1757537 0.2248253 0.1919758 0.1812491 0.1776063 0.1643884 0.1596210 0.2043106 0.0519026 0.0478497 0.0000000 0.0435029 0.0669582 0.0736366 0.0737153 
A1         0.1871762 0.2352426 0.2041120 0.1958223 0.1896899 0.1837819 0.1737507 0.2139947 0.0631565 0.0590701 0.0435029 0.0000000 0.0785174 0.0853574 0.0854516 
G          0.1777734 0.2213666 0.1863280 0.1858718 0.1696093 0.1639663 0.1567863 0.1959927 0.0782909 0.0742175 0.0669582 0.0785174 0.0000000 0.0517544 0.0518078 
H          0.1858417 0.2383692 0.1945909 0.2043192 0.1851891 0.1769124 0.1696410 0.2068133 0.0851090 0.0810284 0.0736366 0.0853574 0.0517544 0.0000000 0.0201837 
I          0.1833977 0.2358084 0.1973577 0.2045919 0.1854321 0.1771411 0.1698585 0.2070935 0.0852026 0.0811173 0.0737153 0.0854516 0.0518078 0.0201837 0.0000000 
