15
A5         0.0000000 0.2012669 0.2446812 0.2248410 0.2222539 0.2356409 0.2408819 0.2217628 0.2355484 0.2302026 0.2416779 0.2432413 0.2554964 0.2527352 0.2442382 
A          0.2012669 0.0000000 0.1866427 0.1640414 0.1616080 0.1709362 0.1762347 0.1761505 0.1781869 0.1706213 0.1664371 0.1850187 0.1815221 0.1840562 0.1838451 
A4         0.2446812 0.1866427 0.0000000 0.1566479 0.1542301 0.1663188 0.1607112 0.1480431 0.1580071 0.1555176 0.1712975 0.1797260 0.1740117 0.1714983 0.1712766 
H          0.2248410 0.1640414 0.1566479 0.0000000 0.0060077 0.0833182 0.0785764 0.0807825 0.0830555 0.0808110 0.1240139 0.1415911 0.1336505 0.1311231 0.1334326 
I          0.2222539 0.1616080 0.1542301 0.0060077 0.0000000 0.0811094 0.0763851 0.0785869 0.0808542 0.0786147 0.1169581 0.1440883 0.1361111 0.1335737 0.1358887 
A0         0.2356409 0.1709362 0.1663188 0.0833182 0.0811094 0.0000000 0.0456251 0.0807108 0.0828057 0.0805684 0.1337431 0.1541161 0.1485065 0.1410576 0.1482609 
A1         0.2408819 0.1762347 0.1607112 0.0785764 0.0763851 0.0456251 0.0000000 0.0804336 0.0780962 0.0758788 0.1284710 0.1511424 0.1430864 0.1405285 0.1428517 
G          0.2217628 0.1761505 0.1480431 0.0807825 0.0785869 0.0807108 0.0804336 0.0000000 0.0824735 0.0802458 0.1279887 0.1437639 0.1381778 0.1308506 0.1237160 
A2         0.2355484 0.1781869 0.1580071 0.0830555 0.0808542 0.0828057 0.0780962 0.0824735 0.0000000 0.0181426 0.1329985 0.1434687 0.1331950 0.1330162 0.1354391 
A3         0.2302026 0.1706213 0.1555176 0.0808110 0.0786147 0.0805684 0.0758788 0.0802458 0.0181426 0.0000000 0.1305897 0.1433752 0.1235892 0.1234243 0.1258185 
B          0.2416779 0.1664371 0.1712975 0.1240139 0.1169581 0.1337431 0.1284710 0.1279887 0.1329985 0.1305897 0.0000000 0.1141706 0.1066544 0.1088645 0.1133893 
F          0.2432413 0.1850187 0.1797260 0.1415911 0.1440883 0.1541161 0.1511424 0.1437639 0.1434687 0.1433752 0.1141706 0.0000000 0.1000507 0.1045189 0.1044139 
E          0.2554964 0.1815221 0.1740117 0.1336505 0.1361111 0.1485065 0.1430864 0.1381778 0.1331950 0.1235892 0.1066544 0.1000507 0.0000000 0.0522751 0.0587270 
C          0.2527352 0.1840562 0.1714983 0.1311231 0.1335737 0.1410576 0.1405285 0.1308506 0.1330162 0.1234243 0.1088645 0.1045189 0.0522751 0.0000000 0.0586969 
D          0.2442382 0.1838451 0.1712766 0.1334326 0.1358887 0.1482609 0.1428517 0.1237160 0.1354391 0.1258185 0.1133893 0.1044139 0.0587270 0.0586969 0.0000000 
