10
A          0.0000000 0.1996143 0.2182081 0.2307163 0.2187905 0.2229214 0.1856580 0.2035938 0.2239448 0.2027753 
A0         0.1996143 0.0000000 0.0564598 0.1288834 0.1066977 0.1178069 0.0995252 0.1104956 0.0414434 0.0288224 
A1         0.2182081 0.0564598 0.0000000 0.1355544 0.1086153 0.1243680 0.1037018 0.1146581 0.0672238 0.0563989 
A4         0.2307163 0.1288834 0.1355544 0.0000000 0.1355753 0.1396817 0.1331274 0.1444173 0.1455376 0.1311761 
B          0.2187905 0.1066977 0.1086153 0.1355753 0.0000000 0.0410305 0.0699370 0.0784587 0.1157685 0.1065773 
C          0.2229214 0.1178069 0.1243680 0.1396817 0.0410305 0.0000000 0.0851416 0.0869510 0.1269260 0.1176736 
D          0.1856580 0.0995252 0.1037018 0.1331274 0.0699370 0.0851416 0.0000000 0.0476276 0.1016629 0.0926165 
E          0.2035938 0.1104956 0.1146581 0.1444173 0.0784587 0.0869510 0.0476276 0.0000000 0.1219157 0.1081173 
H          0.2239448 0.0414434 0.0672238 0.1455376 0.1157685 0.1269260 0.1016629 0.1219157 0.0000000 0.0203393 
I          0.2027753 0.0288224 0.0563989 0.1311761 0.1065773 0.1176736 0.0926165 0.1081173 0.0203393 0.0000000 
