10
A          0.0000000 0.1637579 0.1627359 0.1683412 0.1915630 0.1900997 0.1951613 0.1858105 0.1584612 0.1639628 
A0         0.1637579 0.0000000 0.0742340 0.1551888 0.1767267 0.1653530 0.1673554 0.1759922 0.0656689 0.0615135 
A1         0.1627359 0.0742340 0.0000000 0.1540392 0.1755749 0.1642958 0.1713158 0.1748504 0.0696293 0.0676617 
A4         0.1683412 0.1551888 0.1540392 0.0000000 0.1911698 0.1771386 0.1844299 0.1673248 0.1543662 0.1474290 
B          0.1915630 0.1767267 0.1755749 0.1911698 0.0000000 0.0995608 0.0817643 0.0790209 0.1761792 0.1735278 
C          0.1900997 0.1653530 0.1642958 0.1771386 0.0995608 0.0000000 0.0907813 0.0877724 0.1568257 0.1622578 
D          0.1951613 0.1673554 0.1713158 0.1844299 0.0817643 0.0907813 0.0000000 0.0702372 0.1644061 0.1616299 
E          0.1858105 0.1759922 0.1748504 0.1673248 0.0790209 0.0877724 0.0702372 0.0000000 0.1754494 0.1728109 
H          0.1584612 0.0656689 0.0696293 0.1543662 0.1761792 0.1568257 0.1644061 0.1754494 0.0000000 0.0307209 
I          0.1639628 0.0615135 0.0676617 0.1474290 0.1735278 0.1622578 0.1616299 0.1728109 0.0307209 0.0000000 
