10
A          0.0000000 0.2140668 0.1891348 0.1758066 0.2219334 0.2301466 0.1864375 0.1635266 0.2154525 0.2132108 
A0         0.2140668 0.0000000 0.0328058 0.1535001 0.1980028 0.2087019 0.1847841 0.1687059 0.1065143 0.1090096 
A1         0.1891348 0.0328058 0.0000000 0.1282782 0.1710422 0.1813353 0.1583187 0.1429214 0.0831422 0.0810378 
A4         0.1758066 0.1535001 0.1282782 0.0000000 0.1613549 0.1585483 0.1383475 0.1281535 0.1556082 0.1534152 
B          0.2219334 0.1980028 0.1710422 0.1613549 0.0000000 0.0162045 0.1598225 0.1473380 0.1930752 0.1987267 
C          0.2301466 0.2087019 0.1813353 0.1585483 0.0162045 0.0000000 0.1649350 0.1547517 0.2037284 0.2094736 
D          0.1864375 0.1847841 0.1583187 0.1383475 0.1598225 0.1649350 0.0000000 0.0719519 0.1894016 0.1871740 
E          0.1635266 0.1687059 0.1429214 0.1281535 0.1473380 0.1547517 0.0719519 0.0000000 0.1758600 0.1736502 
H          0.2154525 0.1065143 0.0831422 0.1556082 0.1930752 0.2037284 0.1894016 0.1758600 0.0000000 0.0223480 
I          0.2132108 0.1090096 0.0810378 0.1534152 0.1987267 0.2094736 0.1871740 0.1736502 0.0223480 0.0000000 
