10
A          0.0000000 0.1541769 0.1669689 0.1697887 0.1907266 0.1826207 0.1910135 0.2016716 0.1719566 0.1697337 
A0         0.1541769 0.0000000 0.0586733 0.0994693 0.1347961 0.1297545 0.1349866 0.1300262 0.0369802 0.0328376 
A1         0.1669689 0.0586733 0.0000000 0.1229090 0.1544442 0.1444043 0.1546456 0.1395868 0.0760878 0.0717830 
A4         0.1697887 0.0994693 0.1229090 0.0000000 0.1595438 0.1494248 0.1403273 0.1526865 0.1275675 0.1230230 
B          0.1907266 0.1347961 0.1544442 0.1595438 0.0000000 0.0161319 0.1199033 0.1294989 0.1592434 0.1594730 
C          0.1826207 0.1297545 0.1444043 0.1494248 0.0161319 0.0000000 0.1103820 0.1198409 0.1491472 0.1493609 
D          0.1910135 0.1349866 0.1546456 0.1403273 0.1199033 0.1103820 0.0000000 0.0829919 0.1570690 0.1547911 
E          0.2016716 0.1300262 0.1395868 0.1526865 0.1294989 0.1198409 0.0829919 0.0000000 0.1494684 0.1472053 
H          0.1719566 0.0369802 0.0760878 0.1275675 0.1592434 0.1491472 0.1570690 0.1494684 0.0000000 0.0202699 
I          0.1697337 0.0328376 0.0717830 0.1230230 0.1594730 0.1493609 0.1547911 0.1472053 0.0202699 0.0000000 
