10
A          0.0000000 0.1886857 0.1872118 0.2026444 0.1641313 0.1641313 0.1808937 0.1797925 0.1966824 0.1893727 
A0         0.1886857 0.0000000 0.1039034 0.1639295 0.1629014 0.1629014 0.1530807 0.1503449 0.0265490 0.0162449 
A1         0.1872118 0.1039034 0.0000000 0.1708082 0.1447167 0.1447167 0.1620865 0.1569613 0.1015834 0.1018917 
A4         0.2026444 0.1639295 0.1708082 0.0000000 0.1854783 0.1854783 0.1763208 0.1860411 0.1685670 0.1719968 
B          0.1641313 0.1629014 0.1447167 0.1854783 0.0000000 0.0000010 0.1748343 0.1695976 0.1679329 0.1608927 
C          0.1641313 0.1629014 0.1447167 0.1854783 0.0000010 0.0000000 0.1748343 0.1695976 0.1679329 0.1608927 
D          0.1808937 0.1530807 0.1620865 0.1763208 0.1748343 0.1748343 0.0000000 0.0945753 0.1531161 0.1510661 
E          0.1797925 0.1503449 0.1569613 0.1860411 0.1695976 0.1695976 0.0945753 0.0000000 0.1503795 0.1483323 
H          0.1966824 0.0265490 0.1015834 0.1685670 0.1679329 0.1679329 0.1531161 0.1503795 0.0000000 0.0266051 
I          0.1893727 0.0162449 0.1018917 0.1719968 0.1608927 0.1608927 0.1510661 0.1483323 0.0266051 0.0000000 
