10
A          0.0000000 0.1742633 0.1918788 0.1877973 0.1813870 0.1738144 0.1741736 0.1612873 0.1747715 0.1775638 
A0         0.1742633 0.0000000 0.0970375 0.1681068 0.1773987 0.1750078 0.1761887 0.1784447 0.0266728 0.0329846 
A1         0.1918788 0.0970375 0.0000000 0.1921399 0.2242197 0.2163022 0.2083338 0.2111097 0.1017708 0.1110780 
A4         0.1877973 0.1681068 0.1921399 0.0000000 0.2040777 0.1988448 0.1910347 0.1934970 0.1632484 0.1733818 
B          0.1813870 0.1773987 0.2242197 0.2040777 0.0000000 0.0224583 0.1352433 0.1295181 0.1754825 0.1858920 
C          0.1738144 0.1750078 0.2163022 0.1988448 0.0224583 0.0000000 0.1257368 0.1199663 0.1730865 0.1834755 
D          0.1741736 0.1761887 0.2083338 0.1910347 0.1352433 0.1257368 0.0000000 0.0808573 0.1718689 0.1794779 
E          0.1612873 0.1784447 0.2111097 0.1934970 0.1295181 0.1199663 0.0808573 0.0000000 0.1765187 0.1870028 
H          0.1747715 0.0266728 0.1017708 0.1632484 0.1754825 0.1730865 0.1718689 0.1765187 0.0000000 0.0162478 
I          0.1775638 0.0329846 0.1110780 0.1733818 0.1858920 0.1834755 0.1794779 0.1870028 0.0162478 0.0000000 
