10
A          0.0000000 0.1914354 0.1730083 0.1858635 0.1744016 0.1744016 0.1761717 0.1787813 0.2017424 0.1986837 
A0         0.1914354 0.0000000 0.0542323 0.1425637 0.1160448 0.1137444 0.1561859 0.1537544 0.0455644 0.0454612 
A1         0.1730083 0.0542323 0.0000000 0.1277166 0.1040947 0.1018282 0.1385589 0.1385499 0.0672920 0.0627783 
A4         0.1858635 0.1425637 0.1277166 0.0000000 0.1310442 0.1286953 0.1635587 0.1561400 0.1517531 0.1519825 
B          0.1744016 0.1160448 0.1040947 0.1310442 0.0000000 0.0020003 0.1517978 0.1493683 0.1279535 0.1228996 
C          0.1744016 0.1137444 0.1018282 0.1286953 0.0020003 0.0000000 0.1493805 0.1469557 0.1256242 0.1205876 
D          0.1761717 0.1561859 0.1385589 0.1635587 0.1517978 0.1493805 0.0000000 0.0610917 0.1612477 0.1584049 
E          0.1787813 0.1537544 0.1385499 0.1561400 0.1493683 0.1469557 0.0610917 0.0000000 0.1612396 0.1558651 
H          0.2017424 0.0455644 0.0672920 0.1517531 0.1279535 0.1256242 0.1612477 0.1612396 0.0000000 0.0162069 
I          0.1986837 0.0454612 0.0627783 0.1519825 0.1228996 0.1205876 0.1584049 0.1558651 0.0162069 0.0000000 
