10
A          0.0000000 0.2101041 0.2129058 0.2109637 0.2480018 0.2514268 0.2520715 0.2449037 0.2316165 0.2351791 
A0         0.2101041 0.0000000 0.0306405 0.1105333 0.1475111 0.1497922 0.1587647 0.1349190 0.0673808 0.0741945 
A1         0.2129058 0.0306405 0.0000000 0.1103374 0.1520721 0.1543552 0.1608406 0.1370012 0.0715976 0.0784397 
A4         0.2109637 0.1105333 0.1103374 0.0000000 0.1396254 0.1418854 0.1439663 0.1275561 0.1172759 0.1246590 
B          0.2480018 0.1475111 0.1520721 0.1396254 0.0000000 0.0142396 0.1292098 0.1061363 0.1541774 0.1595784 
C          0.2514268 0.1497922 0.1543552 0.1418854 0.0142396 0.0000000 0.1267527 0.1057636 0.1564587 0.1618746 
D          0.2520715 0.1587647 0.1608406 0.1439663 0.1292098 0.1267527 0.0000000 0.0781391 0.1556236 0.1634630 
E          0.2449037 0.1349190 0.1370012 0.1275561 0.1061363 0.1057636 0.0781391 0.0000000 0.1414371 0.1491274 
H          0.2316165 0.0673808 0.0715976 0.1172759 0.1541774 0.1564587 0.1556236 0.1414371 0.0000000 0.0223142 
I          0.2351791 0.0741945 0.0784397 0.1246590 0.1595784 0.1618746 0.1634630 0.1491274 0.0223142 0.0000000 
