10
A          0.0000000 0.1868783 0.1987036 0.1878261 0.2260488 0.2199380 0.1875000 0.1791199 0.2008511 0.2005131 
A0         0.1868783 0.0000000 0.0629899 0.1629119 0.2019872 0.1910303 0.1602644 0.1644903 0.0648428 0.0455624 
A1         0.1987036 0.0629899 0.0000000 0.1768011 0.2115505 0.2056017 0.1765143 0.1708793 0.0829448 0.0808038 
A4         0.1878261 0.1629119 0.1768011 0.0000000 0.1710266 0.1629236 0.1559121 0.1504988 0.1712656 0.1713706 
B          0.2260488 0.2019872 0.2115505 0.1710266 0.0000000 0.0183009 0.1139561 0.1089457 0.2084353 0.1978590 
C          0.2199380 0.1910303 0.2056017 0.1629236 0.0183009 0.0000000 0.1066986 0.1040171 0.1973216 0.1920554 
D          0.1875000 0.1602644 0.1765143 0.1559121 0.1139561 0.1066986 0.0000000 0.0788028 0.1784576 0.1660785 
E          0.1791199 0.1644903 0.1708793 0.1504988 0.1089457 0.1040171 0.0788028 0.0000000 0.1778509 0.1703389 
H          0.2008511 0.0648428 0.0829448 0.1712656 0.2084353 0.1973216 0.1784576 0.1778509 0.0000000 0.0759406 
I          0.2005131 0.0455624 0.0808038 0.1713706 0.1978590 0.1920554 0.1660785 0.1703389 0.0759406 0.0000000 
