10
A          0.0000000 0.2185565 0.2092260 0.1663751 0.1948689 0.1948689 0.1863259 0.1830348 0.2103307 0.1993898 
A0         0.2185565 0.0000000 0.0624932 0.1714672 0.1720490 0.1720490 0.1708149 0.1731247 0.0430236 0.0346069 
A1         0.2092260 0.0624932 0.0000000 0.1674737 0.1756761 0.1756761 0.1746031 0.1692112 0.0606054 0.0497407 
A4         0.1663751 0.1714672 0.1674737 0.0000000 0.1633829 0.1633829 0.1523754 0.1447192 0.1689965 0.1587070 
B          0.1948689 0.1720490 0.1756761 0.1633829 0.0000000 0.0040263 0.1045786 0.0880843 0.1773872 0.1619275 
C          0.1948689 0.1720490 0.1756761 0.1633829 0.0040263 0.0000000 0.1045786 0.0880843 0.1773872 0.1619275 
D          0.1863259 0.1708149 0.1746031 0.1523754 0.1045786 0.1045786 0.0000000 0.0500666 0.1760929 0.1657328 
E          0.1830348 0.1731247 0.1692112 0.1447192 0.0880843 0.0880843 0.0500666 0.0000000 0.1733201 0.1630106 
H          0.2103307 0.0430236 0.0606054 0.1689965 0.1773872 0.1773872 0.1760929 0.1733201 0.0000000 0.0161161 
I          0.1993898 0.0346069 0.0497407 0.1587070 0.1619275 0.1619275 0.1657328 0.1630106 0.0161161 0.0000000 
