10
A          0.0000000 0.2031335 0.2087838 0.2054107 0.1454150 0.1455101 0.1657413 0.1568274 0.2063980 0.2093867 
A0         0.2031335 0.0000000 0.0945536 0.1748189 0.1791843 0.1793049 0.1927004 0.1807351 0.0223736 0.0286160 
A1         0.2087838 0.0945536 0.0000000 0.1833404 0.1819599 0.1820827 0.2007637 0.1912537 0.0925380 0.0995202 
A4         0.2054107 0.1748189 0.1833404 0.0000000 0.1638102 0.1689461 0.1897387 0.1778822 0.1727981 0.1859166 
B          0.1454150 0.1791843 0.1819599 0.1638102 0.0000000 0.0040157 0.0652781 0.0671782 0.1822854 0.1903120 
C          0.1455101 0.1793049 0.1820827 0.1689461 0.0040157 0.0000000 0.0675411 0.0672195 0.1824087 0.1904416 
D          0.1657413 0.1927004 0.2007637 0.1897387 0.0652781 0.0675411 0.0000000 0.0804125 0.1906940 0.2040944 
E          0.1568274 0.1807351 0.1912537 0.1778822 0.0671782 0.0672195 0.0804125 0.0000000 0.1787375 0.1918263 
H          0.2063980 0.0223736 0.0925380 0.1727981 0.1822854 0.1824087 0.1906940 0.1787375 0.0000000 0.0245375 
I          0.2093867 0.0286160 0.0995202 0.1859166 0.1903120 0.1904416 0.2040944 0.1918263 0.0245375 0.0000000 
