10
A          0.0000000 0.1905961 0.1980009 0.1743818 0.1880289 0.1897037 0.1839179 0.1893775 0.1950601 0.2078809 
A0         0.1905961 0.0000000 0.0455502 0.1688657 0.1767978 0.1814082 0.1891860 0.1757226 0.0740804 0.0740427 
A1         0.1980009 0.0455502 0.0000000 0.1760769 0.1865659 0.1964561 0.1963935 0.1828328 0.0783467 0.0783067 
A4         0.1743818 0.1688657 0.1760769 0.0000000 0.1535232 0.1707370 0.1555043 0.1476481 0.1706994 0.1806563 
B          0.1880289 0.1767978 0.1865659 0.1535232 0.0000000 0.1254975 0.0607094 0.0583575 0.1787298 0.1887931 
C          0.1897037 0.1814082 0.1964561 0.1707370 0.1254975 0.0000000 0.1347134 0.1177260 0.1885402 0.1986672 
D          0.1839179 0.1891860 0.1963935 0.1555043 0.0607094 0.1347134 0.0000000 0.0646669 0.1884818 0.1986199 
E          0.1893775 0.1757226 0.1828328 0.1476481 0.0583575 0.1177260 0.0646669 0.0000000 0.1750800 0.1800047 
H          0.1950601 0.0740804 0.0783467 0.1706994 0.1787298 0.1885402 0.1884818 0.1750800 0.0000000 0.0244045 
I          0.2078809 0.0740427 0.0783067 0.1806563 0.1887931 0.1986672 0.1986199 0.1800047 0.0244045 0.0000000 
