10
A          0.0000000 0.1933603 0.1968548 0.1765345 0.1970435 0.1945606 0.1863777 0.1607759 0.1967591 0.1941167 
A0         0.1933603 0.0000000 0.0601937 0.1487100 0.1243171 0.1220397 0.1924012 0.1664562 0.0327762 0.0306841 
A1         0.1968548 0.0601937 0.0000000 0.1470888 0.1273016 0.1250069 0.1985432 0.1722531 0.0648754 0.0626908 
A4         0.1765345 0.1487100 0.1470888 0.0000000 0.1645656 0.1621780 0.1909928 0.1653012 0.1492609 0.1516311 
B          0.1970435 0.1243171 0.1273016 0.1645656 0.0000000 0.0019991 0.2037146 0.1822995 0.1248452 0.1224638 
C          0.1945606 0.1220397 0.1250069 0.1621780 0.0019991 0.0000000 0.2012313 0.1798723 0.1225572 0.1201813 
D          0.1863777 0.1924012 0.1985432 0.1909928 0.2037146 0.2012313 0.0000000 0.0969713 0.2009224 0.1982802 
E          0.1607759 0.1664562 0.1722531 0.1653012 0.1822995 0.1798723 0.0969713 0.0000000 0.1746011 0.1720519 
H          0.1967591 0.0327762 0.0648754 0.1492609 0.1248452 0.1225572 0.2009224 0.1746011 0.0000000 0.0020041 
I          0.1941167 0.0306841 0.0626908 0.1516311 0.1224638 0.1201813 0.1982802 0.1720519 0.0020041 0.0000000 
