10
A          0.0000000 0.2043965 0.1855498 0.2130631 0.1926644 0.1872557 0.1901359 0.1809113 0.2071319 0.2071643 
A0         0.2043965 0.0000000 0.0691676 0.1704401 0.1650602 0.1599073 0.1674515 0.1580625 0.0495256 0.0473819 
A1         0.1855498 0.0691676 0.0000000 0.1446051 0.1524687 0.1474080 0.1474840 0.1407090 0.0735755 0.0713503 
A4         0.2130631 0.1704401 0.1446051 0.0000000 0.1865385 0.1811312 0.1686796 0.1641196 0.1631121 0.1705046 
B          0.1926644 0.1650602 0.1524687 0.1865385 0.0000000 0.0040247 0.0948971 0.0905607 0.1651429 0.1701126 
C          0.1872557 0.1599073 0.1474080 0.1811312 0.0040247 0.0000000 0.0924903 0.0881660 0.1599868 0.1649224 
D          0.1901359 0.1674515 0.1474840 0.1686796 0.0948971 0.0924903 0.0000000 0.0567976 0.1649971 0.1725156 
E          0.1809113 0.1580625 0.1407090 0.1641196 0.0905607 0.0881660 0.0567976 0.0000000 0.1556229 0.1630862 
H          0.2071319 0.0495256 0.0735755 0.1631121 0.1651429 0.1599868 0.1649971 0.1556229 0.0000000 0.0263325 
I          0.2071643 0.0473819 0.0713503 0.1705046 0.1701126 0.1649224 0.1725156 0.1630862 0.0263325 0.0000000 
