10
A          0.0000000 0.2507248 0.2516415 0.2326175 0.2268513 0.2338403 0.2325628 0.2377827 0.2708416 0.2515919 
A0         0.2507248 0.0000000 0.0477547 0.1680011 0.1698210 0.1578349 0.1701249 0.1650559 0.0720419 0.0634300 
A1         0.2516415 0.0477547 0.0000000 0.1735998 0.1754143 0.1658839 0.1757312 0.1706123 0.0676865 0.0700666 
A4         0.2326175 0.1680011 0.1735998 0.0000000 0.1914525 0.1842486 0.1859305 0.1908043 0.1821232 0.1831968 
B          0.2268513 0.1698210 0.1754143 0.1914525 0.0000000 0.0583613 0.1195016 0.1147424 0.1867372 0.1798900 
C          0.2338403 0.1578349 0.1658839 0.1842486 0.0583613 0.0000000 0.1056080 0.1059116 0.1822979 0.1676315 
D          0.2325628 0.1701249 0.1757312 0.1859305 0.1195016 0.1056080 0.0000000 0.0515175 0.1897223 0.1775629 
E          0.2377827 0.1650559 0.1706123 0.1908043 0.1147424 0.1059116 0.0515175 0.0000000 0.1921339 0.1697869 
H          0.2708416 0.0720419 0.0676865 0.1821232 0.1867372 0.1822979 0.1897223 0.1921339 0.0000000 0.0698801 
I          0.2515919 0.0634300 0.0700666 0.1831968 0.1798900 0.1676315 0.1775629 0.1697869 0.0698801 0.0000000 
