10
A          0.0000000 0.2094849 0.1911435 0.1671488 0.1868548 0.1765380 0.2107241 0.1555694 0.1805689 0.1801106 
A0         0.2094849 0.0000000 0.0434553 0.1515914 0.1753940 0.1652770 0.1866347 0.1595893 0.0900166 0.0875277 
A1         0.1911435 0.0434553 0.0000000 0.1373360 0.1656265 0.1556096 0.1687087 0.1423881 0.0696899 0.0673176 
A4         0.1671488 0.1515914 0.1373360 0.0000000 0.1254606 0.1159830 0.1351708 0.1062379 0.1276726 0.1249610 
B          0.1868548 0.1753940 0.1656265 0.1254606 0.0000000 0.0162018 0.1227167 0.0921493 0.1579257 0.1550155 
C          0.1765380 0.1652770 0.1556096 0.1159830 0.0162018 0.0000000 0.1132965 0.0831099 0.1480125 0.1451623 
D          0.2107241 0.1866347 0.1687087 0.1351708 0.1227167 0.1132965 0.0000000 0.1012902 0.1734848 0.1704716 
E          0.1555694 0.1595893 0.1423881 0.1062379 0.0921493 0.0831099 0.1012902 0.0000000 0.1277897 0.1322128 
H          0.1805689 0.0900166 0.0696899 0.1276726 0.1579257 0.1480125 0.1734848 0.1277897 0.0000000 0.0141323 
I          0.1801106 0.0875277 0.0673176 0.1249610 0.1550155 0.1451623 0.1704716 0.1322128 0.0141323 0.0000000 
