10
A          0.0000000 0.1591396 0.1587140 0.1502366 0.1573491 0.1474196 0.1376021 0.1764248 0.1659915 0.1659403 
A0         0.1591396 0.0000000 0.1009143 0.1773027 0.1419080 0.1322113 0.1204394 0.1629528 0.0671633 0.0670971 
A1         0.1587140 0.1009143 0.0000000 0.1872079 0.1437388 0.1363725 0.1223088 0.1671628 0.0984641 0.0961467 
A4         0.1502366 0.1773027 0.1872079 0.0000000 0.1727968 0.1626480 0.1401890 0.1924224 0.1849769 0.1897849 
B          0.1573491 0.1419080 0.1437388 0.1727968 0.0000000 0.0161833 0.0477552 0.1093465 0.1467376 0.1490274 
C          0.1474196 0.1322113 0.1363725 0.1626480 0.0161833 0.0000000 0.0392256 0.1068446 0.1369843 0.1392554 
D          0.1376021 0.1204394 0.1223088 0.1401890 0.0477552 0.0392256 0.0000000 0.0977787 0.1251510 0.1274027 
E          0.1764248 0.1629528 0.1671628 0.1924224 0.1093465 0.1068446 0.0977787 0.0000000 0.1581925 0.1654705 
H          0.1659915 0.0671633 0.0984641 0.1849769 0.1467376 0.1369843 0.1251510 0.1581925 0.0000000 0.0326246 
I          0.1659403 0.0670971 0.0961467 0.1897849 0.1490274 0.1392554 0.1274027 0.1654705 0.0326246 0.0000000 
