10
A          0.0000000 0.1827774 0.1720259 0.1915142 0.1806818 0.1751726 0.1806241 0.1777707 0.2011801 0.2008939 
A0         0.1827774 0.0000000 0.0456516 0.1605545 0.1704688 0.1650498 0.1829954 0.1731862 0.0433167 0.0348657 
A1         0.1720259 0.0456516 0.0000000 0.1501197 0.1673216 0.1619481 0.1747616 0.1650606 0.0673270 0.0585654 
A4         0.1915142 0.1605545 0.1501197 0.0000000 0.1712420 0.1738683 0.1870229 0.1822106 0.1734698 0.1682314 
B          0.1806818 0.1704688 0.1673216 0.1712420 0.0000000 0.0121392 0.0807467 0.0877722 0.1988614 0.1883524 
C          0.1751726 0.1650498 0.1619481 0.1738683 0.0121392 0.0000000 0.0805481 0.0830836 0.1905954 0.1802159 
D          0.1806241 0.1829954 0.1747616 0.1870229 0.0807467 0.0805481 0.0000000 0.0785271 0.2040886 0.1935127 
E          0.1777707 0.1731862 0.1650606 0.1822106 0.0877722 0.0830836 0.0785271 0.0000000 0.1965496 0.1860558 
H          0.2011801 0.0433167 0.0673270 0.1734698 0.1988614 0.1905954 0.2040886 0.1965496 0.0000000 0.0161355 
I          0.2008939 0.0348657 0.0585654 0.1682314 0.1883524 0.1802159 0.1935127 0.1860558 0.0161355 0.0000000 
