10
A          0.0000000 0.2073570 0.2125626 0.1992804 0.2060071 0.2034070 0.2084856 0.2159952 0.2201189 0.2098054 
A0         0.2073570 0.0000000 0.0500093 0.1132569 0.1686252 0.1660046 0.1484791 0.1579752 0.0369705 0.0286421 
A1         0.2125626 0.0500093 0.0000000 0.1199263 0.1682100 0.1655972 0.1481211 0.1526858 0.0540973 0.0455937 
A4         0.1992804 0.1132569 0.1199263 0.0000000 0.1678034 0.1651979 0.1477689 0.1474603 0.1174233 0.1082727 
B          0.2060071 0.1686252 0.1682100 0.1678034 0.0000000 0.0415111 0.1407808 0.1018761 0.1702923 0.1605039 
C          0.2034070 0.1660046 0.1655972 0.1651979 0.0415111 0.0000000 0.1334605 0.1041118 0.1676784 0.1579224 
D          0.2084856 0.1484791 0.1481211 0.1477689 0.1407808 0.1334605 0.0000000 0.1352086 0.1550934 0.1454703 
E          0.2159952 0.1579752 0.1526858 0.1474603 0.1018761 0.1041118 0.1352086 0.0000000 0.1572856 0.1476571 
H          0.2201189 0.0369705 0.0540973 0.1174233 0.1702923 0.1676784 0.1550934 0.1572856 0.0000000 0.0181958 
I          0.2098054 0.0286421 0.0455937 0.1082727 0.1605039 0.1579224 0.1454703 0.1476571 0.0181958 0.0000000 
