10
A          0.0000000 0.1889649 0.1880860 0.1429624 0.1695895 0.1849610 0.1545852 0.1688120 0.1790960 0.1919687 
A0         0.1889649 0.0000000 0.0243809 0.1371913 0.2002647 0.2108697 0.1739034 0.2010612 0.0693349 0.0803615 
A1         0.1880860 0.0243809 0.0000000 0.1365886 0.1993197 0.2098650 0.1781397 0.2001199 0.0647092 0.0756321 
A4         0.1429624 0.1371913 0.1365886 0.0000000 0.1479521 0.1602719 0.1306091 0.1491255 0.1227614 0.1346431 
B          0.1695895 0.2002647 0.1993197 0.1479521 0.0000000 0.0266005 0.1166920 0.1407288 0.1902491 0.2033470 
C          0.1849610 0.2108697 0.2098650 0.1602719 0.0266005 0.0000000 0.1190736 0.1456617 0.2007561 0.2140141 
D          0.1545852 0.1739034 0.1781397 0.1306091 0.1166920 0.1190736 0.0000000 0.0789808 0.1710829 0.1838116 
E          0.1688120 0.2010612 0.2001199 0.1491255 0.1407288 0.1456617 0.0789808 0.0000000 0.1911251 0.2041210 
H          0.1790960 0.0693349 0.0647092 0.1227614 0.1902491 0.2007561 0.1710829 0.1911251 0.0000000 0.0141130 
I          0.1919687 0.0803615 0.0756321 0.1346431 0.2033470 0.2140141 0.1838116 0.2041210 0.0141130 0.0000000 
