10
A          0.0000000 0.2099135 0.2221178 0.2207544 0.1781096 0.1730709 0.1883105 0.1905450 0.2217911 0.2224076 
A0         0.2099135 0.0000000 0.0892574 0.1889341 0.1529182 0.1529053 0.1609088 0.1675882 0.0563500 0.0564772 
A1         0.2221178 0.0892574 0.0000000 0.1985144 0.1645874 0.1645740 0.1727023 0.1793416 0.1033190 0.1035663 
A4         0.2207544 0.1889341 0.1985144 0.0000000 0.1724455 0.1673860 0.1909167 0.2009409 0.1916322 0.1921501 
B          0.1781096 0.1529182 0.1645874 0.1724455 0.0000000 0.0080805 0.1123279 0.1214949 0.1737082 0.1741681 
C          0.1730709 0.1529053 0.1645740 0.1673860 0.0080805 0.0000000 0.1076414 0.1167695 0.1736943 0.1741542 
D          0.1883105 0.1609088 0.1727023 0.1909167 0.1123279 0.1076414 0.0000000 0.1016625 0.1820135 0.1743787 
E          0.1905450 0.1675882 0.1793416 0.2009409 0.1214949 0.1167695 0.1016625 0.0000000 0.1736012 0.1791053 
H          0.2217911 0.0563500 0.1033190 0.1916322 0.1737082 0.1736943 0.1820135 0.1736012 0.0000000 0.0161666 
I          0.2224076 0.0564772 0.1035663 0.1921501 0.1741681 0.1741542 0.1743787 0.1791053 0.0161666 0.0000000 
