10
A          0.0000000 0.1610343 0.1566113 0.1627471 0.1828554 0.1713933 0.1844417 0.1850022 0.1660197 0.1586364 
A0         0.1610343 0.0000000 0.0609379 0.1553057 0.1688317 0.1574464 0.1802054 0.1810557 0.0368285 0.0305774 
A1         0.1566113 0.0609379 0.0000000 0.1508507 0.1769843 0.1679519 0.1884397 0.1782018 0.0674942 0.0609330 
A4         0.1627471 0.1553057 0.1508507 0.0000000 0.1848683 0.1736294 0.2021779 0.1977768 0.1603079 0.1528977 
B          0.1828554 0.1688317 0.1769843 0.1848683 0.0000000 0.0609546 0.0721010 0.0949141 0.1615023 0.1564354 
C          0.1713933 0.1574464 0.1679519 0.1736294 0.0609546 0.0000000 0.0606559 0.0829542 0.1551464 0.1473496 
D          0.1844417 0.1802054 0.1884397 0.2021779 0.0721010 0.0606559 0.0000000 0.0967354 0.1778642 0.1727317 
E          0.1850022 0.1810557 0.1782018 0.1977768 0.0949141 0.0829542 0.0967354 0.0000000 0.1811584 0.1735422 
H          0.1660197 0.0368285 0.0674942 0.1603079 0.1615023 0.1551464 0.1778642 0.1811584 0.0000000 0.0182319 
I          0.1586364 0.0305774 0.0609330 0.1528977 0.1564354 0.1473496 0.1727317 0.1735422 0.0182319 0.0000000 
