10
A          0.0000000 0.2279675 0.2225254 0.2627484 0.1988362 0.1989564 0.2186732 0.2036612 0.2216640 0.2246069 
A0         0.2279675 0.0000000 0.0586304 0.2170497 0.1762419 0.1763428 0.1633802 0.1395309 0.0498283 0.0349723 
A1         0.2225254 0.0586304 0.0000000 0.2032568 0.1681760 0.1682706 0.1604705 0.1367864 0.0478826 0.0585951 
A4         0.2627484 0.2170497 0.2032568 0.0000000 0.1642712 0.1643633 0.1539948 0.1351886 0.1978737 0.2081508 
B          0.1988362 0.1762419 0.1681760 0.1642712 0.0000000 0.0141479 0.1042263 0.0875040 0.1531438 0.1704284 
C          0.1989564 0.1763428 0.1682706 0.1643633 0.0141479 0.0000000 0.1019946 0.0853201 0.1532273 0.1705245 
D          0.2186732 0.1633802 0.1604705 0.1539948 0.1042263 0.1019946 0.0000000 0.0585576 0.1554098 0.1576795 
E          0.2036612 0.1395309 0.1367864 0.1351886 0.0875040 0.0853201 0.0585576 0.0000000 0.1319295 0.1365635 
H          0.2216640 0.0498283 0.0478826 0.1978737 0.1531438 0.1532273 0.1554098 0.1319295 0.0000000 0.0475187 
I          0.2246069 0.0349723 0.0585951 0.2081508 0.1704284 0.1705245 0.1576795 0.1365635 0.0475187 0.0000000 
