10
A          0.0000000 0.1866680 0.1806248 0.1674170 0.1856232 0.1882474 0.2046515 0.1759319 0.1711093 0.1806132 
A0         0.1866680 0.0000000 0.0785856 0.1544311 0.1980482 0.2007395 0.2237611 0.2122067 0.0328406 0.0719636 
A1         0.1806248 0.0785856 0.0000000 0.1359753 0.1814058 0.1840278 0.2088932 0.2057122 0.0630386 0.0671763 
A4         0.1674170 0.1544311 0.1359753 0.0000000 0.1783522 0.1809933 0.2160150 0.1968684 0.1389742 0.1384573 
B          0.1856232 0.1980482 0.1814058 0.1783522 0.0000000 0.0120951 0.0871031 0.0780227 0.1820353 0.1890088 
C          0.1882474 0.2007395 0.1840278 0.1809933 0.0120951 0.0000000 0.0893723 0.0758528 0.1846681 0.1916539 
D          0.2046515 0.2237611 0.2088932 0.2160150 0.0871031 0.0893723 0.0000000 0.1005167 0.2123879 0.2302831 
E          0.1759319 0.2122067 0.2057122 0.1968684 0.0780227 0.0758528 0.1005167 0.0000000 0.1959723 0.2030358 
H          0.1711093 0.0328406 0.0630386 0.1389742 0.1820353 0.1846681 0.2123879 0.1959723 0.0000000 0.0586964 
I          0.1806132 0.0719636 0.0671763 0.1384573 0.1890088 0.1916539 0.2302831 0.2030358 0.0586964 0.0000000 
