10
A          0.0000000 0.1630296 0.1689114 0.1749319 0.2031873 0.2042548 0.1749146 0.1723673 0.1662919 0.1709460 
A0         0.1630296 0.0000000 0.0763118 0.1505327 0.1500152 0.1477339 0.1123262 0.1045131 0.0350647 0.0392132 
A1         0.1689114 0.0763118 0.0000000 0.1459821 0.1454818 0.1455976 0.1172229 0.1117194 0.0786660 0.0740705 
A4         0.1749319 0.1505327 0.1459821 0.0000000 0.1818344 0.1871105 0.1491114 0.1666387 0.1507622 0.1474183 
B          0.2031873 0.1500152 0.1454818 0.1818344 0.0000000 0.0121090 0.1224469 0.1360946 0.1576737 0.1524080 
C          0.2042548 0.1477339 0.1455976 0.1871105 0.0121090 0.0000000 0.1202260 0.1338239 0.1553770 0.1501240 
D          0.1749146 0.1123262 0.1172229 0.1491114 0.1224469 0.1202260 0.0000000 0.0763475 0.1148366 0.1099817 
E          0.1723673 0.1045131 0.1117194 0.1666387 0.1360946 0.1338239 0.0763475 0.0000000 0.1093937 0.1068056 
H          0.1662919 0.0350647 0.0786660 0.1507622 0.1576737 0.1553770 0.1148366 0.1093937 0.0000000 0.0413962 
I          0.1709460 0.0392132 0.0740705 0.1474183 0.1524080 0.1501240 0.1099817 0.1068056 0.0413962 0.0000000 
