10
A          0.0000000 0.1580353 0.1659075 0.1536976 0.1849067 0.1876831 0.1485642 0.1606026 0.1552995 0.1679765 
A0         0.1580353 0.0000000 0.0853099 0.1452197 0.1711898 0.1738956 0.1527589 0.1650462 0.0202195 0.0388546 
A1         0.1659075 0.0853099 0.0000000 0.1506680 0.1807936 0.1835305 0.1472814 0.1696279 0.0763090 0.0920189 
A4         0.1536976 0.1452197 0.1506680 0.0000000 0.1820471 0.1848070 0.1455868 0.1603025 0.1405193 0.1504006 
B          0.1849067 0.1711898 0.1807936 0.1820471 0.0000000 0.0020120 0.0947357 0.1201199 0.1633708 0.1913354 
C          0.1876831 0.1738956 0.1835305 0.1848070 0.0020120 0.0000000 0.0971092 0.1226350 0.1660412 0.1941185 
D          0.1485642 0.1527589 0.1472814 0.1455868 0.0947357 0.0971092 0.0000000 0.0821156 0.1451772 0.1673989 
E          0.1606026 0.1650462 0.1696279 0.1603025 0.1201199 0.1226350 0.0821156 0.0000000 0.1572312 0.1749732 
H          0.1552995 0.0202195 0.0763090 0.1405193 0.1633708 0.1660412 0.1451772 0.1572312 0.0000000 0.0263664 
I          0.1679765 0.0388546 0.0920189 0.1504006 0.1913354 0.1941185 0.1673989 0.1749732 0.0263664 0.0000000 
