10
A          0.0000000 0.1923935 0.1668190 0.1920164 0.1585767 0.1789479 0.1638843 0.1737733 0.1886876 0.1877310 
A0         0.1923935 0.0000000 0.0996102 0.2039038 0.1160142 0.1448005 0.1457470 0.1373324 0.0328911 0.0243897 
A1         0.1668190 0.0996102 0.0000000 0.1890383 0.1070276 0.1306869 0.1216261 0.1234241 0.0980345 0.0975898 
A4         0.1920164 0.2039038 0.1890383 0.0000000 0.1649998 0.1772307 0.1762860 0.1889499 0.2055544 0.2071843 
B          0.1585767 0.1160142 0.1070276 0.1649998 0.0000000 0.0946552 0.0741375 0.0786898 0.1145399 0.1139991 
C          0.1789479 0.1448005 0.1306869 0.1772307 0.0946552 0.0000000 0.1022228 0.1136965 0.1386248 0.1428002 
D          0.1638843 0.1457470 0.1216261 0.1762860 0.0741375 0.1022228 0.0000000 0.0788157 0.1395323 0.1437345 
E          0.1737733 0.1373324 0.1234241 0.1889499 0.0786898 0.1136965 0.0788157 0.0000000 0.1311625 0.1353306 
H          0.1886876 0.0328911 0.0980345 0.2055544 0.1145399 0.1386248 0.1395323 0.1311625 0.0000000 0.0329894 
I          0.1877310 0.0243897 0.0975898 0.2071843 0.1139991 0.1428002 0.1437345 0.1353306 0.0329894 0.0000000 
