10
A          0.0000000 0.1803946 0.1562228 0.1511039 0.1948638 0.1923981 0.1898142 0.1998053 0.1828723 0.1852637 
A0         0.1803946 0.0000000 0.0915759 0.1170043 0.1892862 0.1868363 0.1689564 0.1686856 0.0650175 0.0628043 
A1         0.1562228 0.0915759 0.0000000 0.0956241 0.1676973 0.1653083 0.1503311 0.1622824 0.0893727 0.0915474 
A4         0.1511039 0.1170043 0.0956241 0.0000000 0.1595593 0.1571968 0.1425465 0.1519838 0.1147660 0.1169921 
B          0.1948638 0.1892862 0.1676973 0.1595593 0.0000000 0.0020058 0.0975881 0.1066876 0.1792764 0.1867722 
C          0.1923981 0.1868363 0.1653083 0.1571968 0.0020058 0.0000000 0.0953509 0.1044349 0.1768442 0.1843267 
D          0.1898142 0.1689564 0.1503311 0.1425465 0.0975881 0.0953509 0.0000000 0.0613338 0.1615740 0.1589762 
E          0.1998053 0.1686856 0.1622824 0.1519838 0.1066876 0.1044349 0.0613338 0.0000000 0.1662912 0.1636813 
H          0.1828723 0.0650175 0.0893727 0.1147660 0.1792764 0.1768442 0.1615740 0.1662912 0.0000000 0.0100832 
I          0.1852637 0.0628043 0.0915474 0.1169921 0.1867722 0.1843267 0.1589762 0.1636813 0.0100832 0.0000000 
