10
A          0.0000000 0.2119619 0.2055466 0.1830348 0.1742484 0.1746513 0.1962494 0.1656500 0.1939688 0.1996800 
A0         0.2119619 0.0000000 0.0739632 0.1729912 0.2185466 0.2132443 0.2328515 0.1906743 0.0872445 0.0874351 
A1         0.2055466 0.0739632 0.0000000 0.1592483 0.2096273 0.2043353 0.2214096 0.1921294 0.0791082 0.0837732 
A4         0.1830348 0.1729912 0.1592483 0.0000000 0.1924378 0.1872787 0.1960335 0.1810900 0.1609803 0.1663464 
B          0.1742484 0.2185466 0.2096273 0.1924378 0.0000000 0.0120545 0.1098343 0.0851093 0.1980522 0.2012169 
C          0.1746513 0.2132443 0.2043353 0.1872787 0.0120545 0.0000000 0.1052620 0.0806540 0.1928518 0.1959851 
D          0.1962494 0.2328515 0.2214096 0.1960335 0.1098343 0.1052620 0.0000000 0.0780056 0.2042926 0.2100148 
E          0.1656500 0.1906743 0.1921294 0.1810900 0.0851093 0.0806540 0.0780056 0.0000000 0.1809249 0.1864476 
H          0.1939688 0.0872445 0.0791082 0.1609803 0.1980522 0.1928518 0.2042926 0.1809249 0.0000000 0.0080737 
I          0.1996800 0.0874351 0.0837732 0.1663464 0.2012169 0.1959851 0.2100148 0.1864476 0.0080737 0.0000000 
