10
A          0.0000000 0.2422168 0.2403530 0.2371893 0.2275977 0.2300374 0.2374148 0.2224293 0.2306676 0.2398850 
A0         0.2422168 0.0000000 0.0372360 0.2115753 0.1702520 0.1731018 0.1782246 0.1575818 0.0456978 0.0544917 
A1         0.2403530 0.0372360 0.0000000 0.2154846 0.1682177 0.1710646 0.1812683 0.1604942 0.0479672 0.0568174 
A4         0.2371893 0.2115753 0.2154846 0.0000000 0.2044705 0.2127553 0.2271244 0.2101655 0.2038195 0.2042223 
B          0.2275977 0.1702520 0.1682177 0.2044705 0.0000000 0.0585482 0.1183023 0.1085504 0.1623488 0.1705984 
C          0.2300374 0.1731018 0.1710646 0.2127553 0.0585482 0.0000000 0.1181791 0.1038318 0.1651530 0.1734557 
D          0.2374148 0.1782246 0.1812683 0.2271244 0.1183023 0.1181791 0.0000000 0.0717601 0.1808752 0.1919707 
E          0.2224293 0.1575818 0.1604942 0.2101655 0.1085504 0.1038318 0.0717601 0.0000000 0.1651027 0.1758971 
H          0.2306676 0.0456978 0.0479672 0.2038195 0.1623488 0.1651530 0.1808752 0.1651027 0.0000000 0.0080745 
I          0.2398850 0.0544917 0.0568174 0.2042223 0.1705984 0.1734557 0.1919707 0.1758971 0.0080745 0.0000000 
