6
F          0.0000000 0.0970992 0.1285298 0.1262806 0.1210048 0.1217315 
E          0.0970992 0.0000000 0.0738540 0.0717260 0.0714914 0.0741230 
B          0.1285298 0.0738540 0.0000000 0.0649587 0.0647499 0.0673144 
A          0.1262806 0.0717260 0.0649587 0.0000000 0.0540314 0.0565061 
C          0.1210048 0.0714914 0.0647499 0.0540314 0.0000000 0.0182454 
D          0.1217315 0.0741230 0.0673144 0.0565061 0.0182454 0.0000000 
