6
F          0.0000000 0.0885609 0.0953990 0.0954198 0.1188453 0.1000470 
E          0.0885609 0.0000000 0.0853476 0.0853658 0.1037112 0.0879370 
A          0.0953990 0.0853476 0.0000000 0.0080430 0.0518456 0.0349751 
B          0.0954198 0.0853658 0.0080430 0.0000000 0.0518562 0.0391988 
C          0.1188453 0.1037112 0.0518456 0.0518562 0.0000000 0.0585122 
D          0.1000470 0.0879370 0.0349751 0.0391988 0.0585122 0.0000000 
