6
F          0.0000000 0.0761409 0.0873706 0.0880165 0.0901155 0.1015571 
A          0.0761409 0.0000000 0.0182422 0.0720700 0.0833334 0.0946804 
B          0.0873706 0.0182422 0.0000000 0.0810817 0.0947389 0.1062546 
E          0.0880165 0.0720700 0.0810817 0.0000000 0.0700771 0.0812623 
C          0.0901155 0.0833334 0.0947389 0.0700771 0.0000000 0.0183636 
D          0.1015571 0.0946804 0.1062546 0.0812623 0.0183636 0.0000000 
