6
F          0.0000000 0.0904007 0.1027982 0.0967449 0.1116803 0.1065910 
E          0.0904007 0.0000000 0.0751877 0.0717274 0.0885227 0.0836581 
D          0.1027982 0.0751877 0.0000000 0.0835521 0.0982683 0.0932821 
C          0.0967449 0.0717274 0.0835521 0.0000000 0.0654605 0.0586392 
A          0.1116803 0.0885227 0.0982683 0.0654605 0.0000000 0.0141768 
B          0.1065910 0.0836581 0.0932821 0.0586392 0.0141768 0.0000000 
