6
F          0.0000000 0.1052009 0.1005537 0.1057289 0.1199513 0.1173361 
A          0.1052009 0.0000000 0.0040129 0.0851162 0.1077394 0.1031946 
B          0.1005537 0.0040129 0.0000000 0.0805805 0.1030658 0.0985478 
E          0.1057289 0.0851162 0.0805805 0.0000000 0.1059948 0.1034529 
C          0.1199513 0.1077394 0.1030658 0.1059948 0.0000000 0.0434443 
D          0.1173361 0.1031946 0.0985478 0.1034529 0.0434443 0.0000000 
