6
F          0.0000000 0.1627206 0.1848592 0.1848592 0.1708654 0.1628151 
D          0.1627206 0.0000000 0.0583272 0.0583272 0.0762627 0.0650863 
A          0.1848592 0.0583272 0.0000000 0.0000010 0.0849726 0.0735164 
B          0.1848592 0.0583272 0.0000010 0.0000000 0.0849726 0.0735164 
C          0.1708654 0.0762627 0.0849726 0.0849726 0.0000000 0.0543835 
E          0.1628151 0.0650863 0.0735164 0.0735164 0.0543835 0.0000000 
