6
C          0.0000000 0.0244417 0.0456538 0.0564964 0.1601216 0.1396781 
D          0.0244417 0.0000000 0.0432976 0.0518918 0.1591116 0.1339679 
A          0.0456538 0.0432976 0.0000000 0.0434469 0.1619245 0.1317277 
B          0.0564964 0.0518918 0.0434469 0.0000000 0.1672487 0.1417365 
E          0.1601216 0.1591116 0.1619245 0.1672487 0.0000000 0.1133853 
F          0.1396781 0.1339679 0.1317277 0.1417365 0.1133853 0.0000000 
