6
F          0.0000000 0.1277849 0.1180117 0.1153330 0.1230650 0.1279802 
E          0.1277849 0.0000000 0.0875128 0.0872580 0.0945406 0.0992296 
C          0.1180117 0.0875128 0.0000000 0.0243977 0.0586606 0.0587441 
D          0.1153330 0.0872580 0.0243977 0.0000000 0.0563380 0.0607422 
A          0.1230650 0.0945406 0.0586606 0.0563380 0.0000000 0.0162122 
B          0.1279802 0.0992296 0.0587441 0.0607422 0.0162122 0.0000000 
