6
A          0.0000000 0.0203074 0.1067577 0.1179448 0.1060231 0.1155801 
B          0.0203074 0.0000000 0.0971397 0.1128071 0.1010151 0.1104666 
E          0.1067577 0.0971397 0.0000000 0.1089380 0.0857762 0.0950879 
F          0.1179448 0.1128071 0.1089380 0.0000000 0.0831962 0.0879219 
C          0.1060231 0.1010151 0.0857762 0.0831962 0.0000000 0.0203006 
D          0.1155801 0.1104666 0.0950879 0.0879219 0.0203006 0.0000000 
