6
F          0.0000000 0.1329264 0.1399745 0.1293771 0.1324683 0.1324268 
A          0.1329264 0.0000000 0.0141605 0.1010269 0.1015460 0.1015155 
B          0.1399745 0.0141605 0.0000000 0.1077708 0.1083274 0.1082946 
E          0.1293771 0.1010269 0.1077708 0.0000000 0.0244254 0.0285523 
C          0.1324683 0.1015460 0.1083274 0.0244254 0.0000000 0.0080513 
D          0.1324268 0.1015155 0.1082946 0.0285523 0.0080513 0.0000000 
