6
F          0.0000000 0.1036399 0.1154872 0.1157938 0.0834542 0.0926340 
E          0.1036399 0.0000000 0.1113899 0.1186801 0.0860884 0.0952583 
C          0.1154872 0.1113899 0.0000000 0.0391112 0.0741018 0.0785903 
D          0.1157938 0.1186801 0.0391112 0.0000000 0.0721043 0.0765945 
A          0.0834542 0.0860884 0.0741018 0.0721043 0.0000000 0.0372582 
B          0.0926340 0.0952583 0.0785903 0.0765945 0.0372582 0.0000000 
