6
F          0.0000000 0.1240697 0.1243009 0.1152694 0.1163497 0.1255140 
C          0.1240697 0.0000000 0.0539430 0.1121209 0.1157384 0.1319099 
E          0.1243009 0.0539430 0.0000000 0.1217930 0.1229286 0.1320833 
D          0.1152694 0.1121209 0.1217930 0.0000000 0.0809742 0.0897602 
A          0.1163497 0.1157384 0.1229286 0.0809742 0.0000000 0.0264854 
B          0.1255140 0.1319099 0.1320833 0.0897602 0.0264854 0.0000000 
