6
F          0.0000000 0.1902505 0.1927340 0.1746379 0.1849632 0.1824815 
A          0.1902505 0.0000000 0.0245083 0.0763864 0.0854071 0.0831874 
B          0.1927340 0.0245083 0.0000000 0.0763533 0.0853696 0.0831509 
E          0.1746379 0.0763864 0.0763533 0.0000000 0.0285899 0.0265221 
C          0.1849632 0.0854071 0.0853696 0.0285899 0.0000000 0.0060473 
D          0.1824815 0.0831874 0.0831509 0.0265221 0.0060473 0.0000000 
