6
F          0.0000000 0.1107378 0.1007551 0.0961136 0.0895073 0.0918316 
E          0.1107378 0.0000000 0.0831593 0.0786067 0.0720720 0.0721231 
A          0.1007551 0.0831593 0.0000000 0.0060421 0.0456176 0.0477890 
B          0.0961136 0.0786067 0.0060421 0.0000000 0.0392232 0.0413720 
C          0.0895073 0.0720720 0.0456176 0.0392232 0.0000000 0.0100699 
D          0.0918316 0.0721231 0.0477890 0.0413720 0.0100699 0.0000000 
