6
F          0.0000000 0.1138306 0.1136754 0.1110770 0.1193080 0.1190533 
A          0.1138306 0.0000000 0.0120873 0.0875953 0.0883627 0.0927236 
B          0.1136754 0.0120873 0.0000000 0.0874797 0.0882450 0.0925999 
E          0.1110770 0.0875953 0.0874797 0.0000000 0.0858706 0.0902129 
C          0.1193080 0.0883627 0.0882450 0.0858706 0.0000000 0.0141290 
D          0.1190533 0.0927236 0.0925999 0.0902129 0.0141290 0.0000000 
