6
F          0.0000000 0.1142383 0.1191058 0.1239551 0.1096369 0.1138248 
E          0.1142383 0.0000000 0.1016233 0.1063133 0.0924131 0.0875262 
C          0.1191058 0.1016233 0.0000000 0.0183214 0.0925181 0.0899071 
D          0.1239551 0.1063133 0.0183214 0.0000000 0.0971542 0.0945095 
A          0.1096369 0.0924131 0.0925181 0.0971542 0.0000000 0.0478020 
B          0.1138248 0.0875262 0.0899071 0.0945095 0.0478020 0.0000000 
