6
F          0.0000000 0.0966689 0.0920810 0.0969990 0.1090669 0.1093175 
A          0.0966689 0.0000000 0.0060116 0.0763458 0.0924901 0.0926984 
B          0.0920810 0.0060116 0.0000000 0.0740580 0.0901325 0.0903348 
E          0.0969990 0.0763458 0.0740580 0.0000000 0.0500263 0.0544442 
C          0.1090669 0.0924901 0.0901325 0.0500263 0.0000000 0.0202850 
D          0.1093175 0.0926984 0.0903348 0.0544442 0.0202850 0.0000000 
