6
F          0.0000000 0.1281032 0.1150171 0.1172659 0.1303305 0.1233447 
E          0.1281032 0.0000000 0.0952061 0.0974005 0.1035485 0.1012002 
A          0.1150171 0.0952061 0.0000000 0.0101003 0.0720956 0.0677722 
B          0.1172659 0.0974005 0.0101003 0.0000000 0.0786870 0.0699124 
C          0.1303305 0.1035485 0.0720956 0.0786870 0.0000000 0.0607547 
D          0.1233447 0.1012002 0.0677722 0.0699124 0.0607547 0.0000000 
