6
F          0.0000000 0.0893127 0.1109719 0.1036691 0.1254346 0.1251559 
E          0.0893127 0.0000000 0.0967624 0.0919390 0.1133174 0.1130687 
A          0.1109719 0.0967624 0.0000000 0.0100922 0.0837950 0.0813506 
B          0.1036691 0.0919390 0.0100922 0.0000000 0.0767856 0.0743847 
C          0.1254346 0.1133174 0.0837950 0.0767856 0.0000000 0.0369806 
D          0.1251559 0.1130687 0.0813506 0.0743847 0.0369806 0.0000000 
