6
D          0.0000000 0.0791221 0.0768838 0.1311664 0.1527902 0.1555119 
A          0.0791221 0.0000000 0.0265652 0.1091087 0.1372615 0.1374877 
B          0.0768838 0.0265652 0.0000000 0.1137755 0.1420719 0.1423071 
F          0.1311664 0.1091087 0.1137755 0.0000000 0.0758233 0.0781479 
C          0.1527902 0.1372615 0.1420719 0.0758233 0.0000000 0.0412852 
E          0.1555119 0.1374877 0.1423071 0.0781479 0.0412852 0.0000000 
