6
F          0.0000000 0.0854741 0.0854741 0.1066652 0.1020349 0.1091694 
A          0.0854741 0.0000000 0.0000010 0.0829623 0.0740633 0.0808570 
B          0.0854741 0.0000010 0.0000000 0.0829623 0.0740633 0.0808570 
E          0.1066652 0.0829623 0.0829623 0.0000000 0.0307453 0.0370914 
C          0.1020349 0.0740633 0.0740633 0.0307453 0.0000000 0.0141836 
D          0.1091694 0.0808570 0.0808570 0.0370914 0.0141836 0.0000000 
