6
F          0.0000000 0.0650204 0.0739290 0.0966696 0.0920928 0.0971720 
C          0.0650204 0.0000000 0.0243670 0.0785014 0.0761665 0.0833140 
E          0.0739290 0.0243670 0.0000000 0.0830778 0.0852340 0.0925236 
D          0.0966696 0.0785014 0.0830778 0.0000000 0.0966860 0.1041535 
A          0.0920928 0.0761665 0.0852340 0.0966860 0.0000000 0.0308074 
B          0.0971720 0.0833140 0.0925236 0.1041535 0.0308074 0.0000000 
