15
Candida_glabrata                   0.0000000 0.1599884 0.0749076 0.2162608 0.0906286 0.0778194 0.1488305 0.1436708 0.1643477 0.1722595 0.1507537 0.1484565 0.1680226 0.2412710 0.2370079 
Nakaseomyces_bacillisporus         0.1599884 0.0000000 0.1633050 0.1865614 0.1583810 0.1608121 0.1495977 0.1373262 0.1482667 0.1508411 0.1464375 0.1365100 0.1573675 0.1954645 0.1986609 
Nakaseomyces_bracarensis           0.0749076 0.1633050 0.0000000 0.1990795 0.0648195 0.0434615 0.1392157 0.1301781 0.1447336 0.1590590 0.1387949 0.1386579 0.1486866 0.2131091 0.2201411 
Nakaseomyces_castellii             0.2162608 0.1865614 0.1990795 0.0000000 0.2083409 0.1907152 0.2048442 0.1958531 0.2082149 0.2210984 0.2041096 0.1992312 0.2173795 0.2603665 0.2632914 
Nakaseomyces_delphensis            0.0906286 0.1583810 0.0648195 0.2083409 0.0000000 0.0411600 0.1428510 0.1377746 0.1425372 0.1509703 0.1411989 0.1473944 0.1528772 0.2101635 0.2255674 
Nakaseomyces_nivariensis           0.0778194 0.1608121 0.0434615 0.1907152 0.0411600 0.0000000 0.1390816 0.1355846 0.1369347 0.1490445 0.1326131 0.1397200 0.1471588 0.2088181 0.2160327 
Saccharomyces_arboricola           0.1488305 0.1495977 0.1392157 0.2048442 0.1428510 0.1390816 0.0000000 0.0361693 0.0361584 0.0459476 0.0321166 0.0337081 0.0371906 0.1918398 0.1850356 
Saccharomyces_cerevisiae           0.1436708 0.1373262 0.1301781 0.1958531 0.1377746 0.1355846 0.0361693 0.0000000 0.0352818 0.0383162 0.0234570 0.0170758 0.0371801 0.1769143 0.1811689 
Saccharomyces_eubayanus            0.1643477 0.1482667 0.1447336 0.2082149 0.1425372 0.1369347 0.0361584 0.0352818 0.0000000 0.0367483 0.0302046 0.0326284 0.0170995 0.1778422 0.1823328 
Saccharomyces_kudriavzevii         0.1722595 0.1508411 0.1590590 0.2210984 0.1509703 0.1490445 0.0459476 0.0383162 0.0367483 0.0000000 0.0334326 0.0398862 0.0393671 0.1839078 0.1866055 
Saccharomyces_mikatae              0.1507537 0.1464375 0.1387949 0.2041096 0.1411989 0.1326131 0.0321166 0.0234570 0.0302046 0.0334326 0.0000000 0.0243724 0.0321165 0.1795599 0.1849372 
Saccharomyces_paradoxus            0.1484565 0.1365100 0.1386579 0.1992312 0.1473944 0.1397200 0.0337081 0.0170758 0.0326284 0.0398862 0.0243724 0.0000000 0.0377909 0.1669545 0.1779037 
Saccharomyces_uvarum               0.1680226 0.1573675 0.1486866 0.2173795 0.1528772 0.1471588 0.0371906 0.0371801 0.0170995 0.0393671 0.0321165 0.0377909 0.0000000 0.1911266 0.1938502 
Tetrapisispora_blattae             0.2412710 0.1954645 0.2131091 0.2603665 0.2101635 0.2088181 0.1918398 0.1769143 0.1778422 0.1839078 0.1795599 0.1669545 0.1911266 0.0000000 0.1005499 
yHMPu5000035629_Yueomyces_sinensis 0.2370079 0.1986609 0.2201411 0.2632914 0.2255674 0.2160327 0.1850356 0.1811689 0.1823328 0.1866055 0.1849372 0.1779037 0.1938502 0.1005499 0.0000000 
