15
Candida_glabrata                   0.0000000 1.0727958 0.2292525 0.7117283 0.2537528 0.2141972 0.4708755 0.4789696 0.4651781 0.4862917 0.4789560 0.4719757 0.4704836 0.5471975 0.5289573 
Nakaseomyces_bacillisporus         1.0727958 0.0000000 1.0281045 1.0366573 0.9627612 0.9998609 0.8931350 0.9231084 0.9231832 0.9293641 0.9196168 0.9215839 0.9200100 0.9721610 0.9380297 
Nakaseomyces_bracarensis           0.2292525 1.0281045 0.0000000 0.7099932 0.1541264 0.1109699 0.4280150 0.4312225 0.4342319 0.4414701 0.4215757 0.4243497 0.4332013 0.5173190 0.4815647 
Nakaseomyces_castellii             0.7117283 1.0366573 0.7099932 0.0000000 0.7060081 0.6828807 0.6836774 0.6893788 0.6973236 0.6882438 0.7016832 0.6879551 0.6837599 0.7245849 0.7817153 
Nakaseomyces_delphensis            0.2537528 0.9627612 0.1541264 0.7060081 0.0000000 0.1046953 0.4068804 0.4285651 0.4101356 0.4240687 0.4231018 0.4121801 0.4066295 0.4894067 0.4950763 
Nakaseomyces_nivariensis           0.2141972 0.9998609 0.1109699 0.6828807 0.1046953 0.0000000 0.4168378 0.4344075 0.4104583 0.4265587 0.4218290 0.4175520 0.4103830 0.4921597 0.4864710 
Saccharomyces_arboricola           0.4708755 0.8931350 0.4280150 0.6836774 0.4068804 0.4168378 0.0000000 0.0943499 0.0936560 0.0833580 0.0860519 0.0848175 0.0814593 0.4393936 0.4595638 
Saccharomyces_cerevisiae           0.4789696 0.9231084 0.4312225 0.6893788 0.4285651 0.4344075 0.0943499 0.0000000 0.0890460 0.0753764 0.0537275 0.0386033 0.0819622 0.4599006 0.4616442 
Saccharomyces_eubayanus            0.4651781 0.9231832 0.4342319 0.6973236 0.4101356 0.4104583 0.0936560 0.0890460 0.0000000 0.0691865 0.0783369 0.0834003 0.0228392 0.4322649 0.4626208 
Saccharomyces_kudriavzevii         0.4862917 0.9293641 0.4414701 0.6882438 0.4240687 0.4265587 0.0833580 0.0753764 0.0691865 0.0000000 0.0684507 0.0637380 0.0598379 0.4538431 0.4709303 
Saccharomyces_mikatae              0.4789560 0.9196168 0.4215757 0.7016832 0.4231018 0.4218290 0.0860519 0.0537275 0.0783369 0.0684507 0.0000000 0.0470476 0.0701588 0.4583880 0.4640593 
Saccharomyces_paradoxus            0.4719757 0.9215839 0.4243497 0.6879551 0.4121801 0.4175520 0.0848175 0.0386033 0.0834003 0.0637380 0.0470476 0.0000000 0.0752128 0.4480490 0.4581597 
Saccharomyces_uvarum               0.4704836 0.9200100 0.4332013 0.6837599 0.4066295 0.4103830 0.0814593 0.0819622 0.0228392 0.0598379 0.0701588 0.0752128 0.0000000 0.4388782 0.4725529 
Tetrapisispora_blattae             0.5471975 0.9721610 0.5173190 0.7245849 0.4894067 0.4921597 0.4393936 0.4599006 0.4322649 0.4538431 0.4583880 0.4480490 0.4388782 0.0000000 0.3520227 
yHMPu5000035629_Yueomyces_sinensis 0.5289573 0.9380297 0.4815647 0.7817153 0.4950763 0.4864710 0.4595638 0.4616442 0.4626208 0.4709303 0.4640593 0.4581597 0.4725529 0.3520227 0.0000000 
