15
Candida_glabrata                   0.0000000 0.3763687 0.1952479 0.5836393 0.2057857 0.1882406 0.3315209 0.3155641 0.3180816 0.3334658 0.3274689 0.3063574 0.3240244 0.6555698 0.7253570 
Nakaseomyces_bacillisporus         0.3763687 0.0000000 0.3798600 0.3148308 0.4513758 0.3939271 0.2577016 0.2895185 0.2880111 0.2820651 0.2743649 0.2820754 0.2888040 0.6379695 0.6683737 
Nakaseomyces_bracarensis           0.1952479 0.3798600 0.0000000 0.5554912 0.1027036 0.0680902 0.3233671 0.3129386 0.3159091 0.3160937 0.3251696 0.3037754 0.3131698 0.6460083 0.7952051 
Nakaseomyces_castellii             0.5836393 0.3148308 0.5554912 0.0000000 0.6011805 0.5671436 0.4153803 0.4208434 0.4200316 0.4204674 0.4118468 0.4065894 0.4160864 0.7808873 0.8141296 
Nakaseomyces_delphensis            0.2057857 0.4513758 0.1027036 0.6011805 0.0000000 0.0940244 0.3766365 0.3817171 0.3868535 0.3857671 0.3796719 0.3717425 0.3832720 0.6858480 0.8398917 
Nakaseomyces_nivariensis           0.1882406 0.3939271 0.0680902 0.5671436 0.0940244 0.0000000 0.3473223 0.3422911 0.3455677 0.3457665 0.3437396 0.3329168 0.3529322 0.6264188 0.7525293 
Saccharomyces_arboricola           0.3315209 0.2577016 0.3233671 0.4153803 0.3766365 0.3473223 0.0000000 0.0584999 0.0450125 0.0456317 0.0517175 0.0398036 0.0564933 0.6454019 0.7007900 
Saccharomyces_cerevisiae           0.3155641 0.2895185 0.3129386 0.4208434 0.3817171 0.3422911 0.0584999 0.0000000 0.0284199 0.0340922 0.0343029 0.0168354 0.0340534 0.6582506 0.7120722 
Saccharomyces_eubayanus            0.3180816 0.2880111 0.3159091 0.4200316 0.3868535 0.3455677 0.0450125 0.0284199 0.0000000 0.0166264 0.0223912 0.0223393 0.0110203 0.6746784 0.7314185 
Saccharomyces_kudriavzevii         0.3334658 0.2820651 0.3160937 0.4204674 0.3857671 0.3457665 0.0456317 0.0340922 0.0166264 0.0000000 0.0339271 0.0279173 0.0278215 0.6795291 0.7277132 
Saccharomyces_mikatae              0.3274689 0.2743649 0.3251696 0.4118468 0.3796719 0.3437396 0.0517175 0.0343029 0.0223912 0.0339271 0.0000000 0.0280882 0.0394792 0.6573146 0.7440167 
Saccharomyces_paradoxus            0.3063574 0.2820754 0.3037754 0.4065894 0.3717425 0.3329168 0.0398036 0.0168354 0.0223393 0.0279173 0.0280882 0.0000000 0.0336475 0.6455277 0.6975631 
Saccharomyces_uvarum               0.3240244 0.2888040 0.3131698 0.4160864 0.3832720 0.3529322 0.0564933 0.0340534 0.0110203 0.0278215 0.0394792 0.0336475 0.0000000 0.6649440 0.7516708 
Tetrapisispora_blattae             0.6555698 0.6379695 0.6460083 0.7808873 0.6858480 0.6264188 0.6454019 0.6582506 0.6746784 0.6795291 0.6573146 0.6455277 0.6649440 0.0000000 0.5126023 
yHMPu5000035629_Yueomyces_sinensis 0.7253570 0.6683737 0.7952051 0.8141296 0.8398917 0.7525293 0.7007900 0.7120722 0.7314185 0.7277132 0.7440167 0.6975631 0.7516708 0.5126023 0.0000000 
