15
Candida_glabrata                   0.0000000 0.3676336 0.1114755 0.3105934 0.1536575 0.1203816 0.2916052 0.2868515 0.3022532 0.3064107 0.2929223 0.2856179 0.2944992 0.3185280 0.3012053 
Nakaseomyces_bacillisporus         0.3676336 0.0000000 0.3694675 0.4058323 0.4048703 0.3780051 0.3869725 0.4077601 0.3958959 0.4162858 0.4041020 0.3991254 0.3868397 0.4338910 0.4172546 
Nakaseomyces_bracarensis           0.1114755 0.3694675 0.0000000 0.2832340 0.0587865 0.0248027 0.2273844 0.2321645 0.2374890 0.2448993 0.2308498 0.2252718 0.2302756 0.2813227 0.2418762 
Nakaseomyces_castellii             0.3105934 0.4058323 0.2832340 0.0000000 0.3180604 0.2865478 0.2136490 0.2146831 0.2222468 0.2373533 0.2299597 0.2209395 0.2150223 0.2834445 0.2527363 
Nakaseomyces_delphensis            0.1536575 0.4048703 0.0587865 0.3180604 0.0000000 0.0527137 0.2791926 0.2711185 0.2846931 0.2852099 0.2765052 0.2699430 0.2770399 0.2810570 0.2741205 
Nakaseomyces_nivariensis           0.1203816 0.3780051 0.0248027 0.2865478 0.0527137 0.0000000 0.2429306 0.2477561 0.2504111 0.2419876 0.2471844 0.2408413 0.2431402 0.2745571 0.2614073 
Saccharomyces_arboricola           0.2916052 0.3869725 0.2273844 0.2136490 0.2791926 0.2429306 0.0000000 0.0323500 0.0250476 0.0223209 0.0246932 0.0196754 0.0199230 0.2364625 0.1946116 
Saccharomyces_cerevisiae           0.2868515 0.4077601 0.2321645 0.2146831 0.2711185 0.2477561 0.0323500 0.0000000 0.0381766 0.0348751 0.0171982 0.0122468 0.0328984 0.2253655 0.2005794 
Saccharomyces_eubayanus            0.3022532 0.3958959 0.2374890 0.2222468 0.2846931 0.2504111 0.0250476 0.0381766 0.0000000 0.0326309 0.0303032 0.0278533 0.0048517 0.2291750 0.1956231 
Saccharomyces_kudriavzevii         0.3064107 0.4162858 0.2448993 0.2373533 0.2852099 0.2419876 0.0223209 0.0348751 0.0326309 0.0000000 0.0271928 0.0271870 0.0326888 0.2352626 0.2072122 
Saccharomyces_mikatae              0.2929223 0.4041020 0.2308498 0.2299597 0.2765052 0.2471844 0.0246932 0.0171982 0.0303032 0.0271928 0.0000000 0.0097470 0.0251066 0.2300370 0.1968594 
Saccharomyces_paradoxus            0.2856179 0.3991254 0.2252718 0.2209395 0.2699430 0.2408413 0.0196754 0.0122468 0.0278533 0.0271870 0.0097470 0.0000000 0.0226577 0.2244106 0.1880526 
Saccharomyces_uvarum               0.2944992 0.3868397 0.2302756 0.2150223 0.2770399 0.2431402 0.0199230 0.0328984 0.0048517 0.0326888 0.0251066 0.0226577 0.0000000 0.2286881 0.1886636 
Tetrapisispora_blattae             0.3185280 0.4338910 0.2813227 0.2834445 0.2810570 0.2745571 0.2364625 0.2253655 0.2291750 0.2352626 0.2300370 0.2244106 0.2286881 0.0000000 0.1788379 
yHMPu5000035629_Yueomyces_sinensis 0.3012053 0.4172546 0.2418762 0.2527363 0.2741205 0.2614073 0.1946116 0.2005794 0.1956231 0.2072122 0.1968594 0.1880526 0.1886636 0.1788379 0.0000000 
