15
Candida_glabrata                   0.0000000 0.2704335 0.1124213 0.3306328 0.1312809 0.1035296 0.2887513 0.2703561 0.2860790 0.2845548 0.2770995 0.2751998 0.2854712 0.2895226 0.2973368 
Nakaseomyces_bacillisporus         0.2704335 0.0000000 0.2913582 0.3221487 0.3032432 0.2660525 0.3198422 0.3049852 0.2962968 0.3090835 0.3015522 0.3084522 0.3030327 0.2972780 0.3282427 
Nakaseomyces_bracarensis           0.1124213 0.2913582 0.0000000 0.3382135 0.0749158 0.0550926 0.3078760 0.2979356 0.2756226 0.3032339 0.2929133 0.2963959 0.2785954 0.3203031 0.3179827 
Nakaseomyces_castellii             0.3306328 0.3221487 0.3382135 0.0000000 0.3314303 0.3289271 0.3137002 0.3009478 0.3251089 0.3241103 0.3105666 0.3013106 0.3342273 0.3570679 0.3355130 
Nakaseomyces_delphensis            0.1312809 0.3032432 0.0749158 0.3314303 0.0000000 0.0601036 0.3322747 0.3244556 0.2996696 0.3372135 0.3148490 0.3227017 0.3026576 0.3443936 0.3173645 
Nakaseomyces_nivariensis           0.1035296 0.2660525 0.0550926 0.3289271 0.0601036 0.0000000 0.3223360 0.3074362 0.2925133 0.3251001 0.3079913 0.3055506 0.2954918 0.3349243 0.3125287 
Saccharomyces_arboricola           0.2887513 0.3198422 0.3078760 0.3137002 0.3322747 0.3223360 0.0000000 0.0463560 0.0680919 0.0555008 0.0584401 0.0504745 0.0700730 0.3139165 0.3161669 
Saccharomyces_cerevisiae           0.2703561 0.3049852 0.2979356 0.3009478 0.3244556 0.3074362 0.0463560 0.0000000 0.0543043 0.0378616 0.0250032 0.0121222 0.0497226 0.2965231 0.3240792 
Saccharomyces_eubayanus            0.2860790 0.2962968 0.2756226 0.3251089 0.2996696 0.2925133 0.0680919 0.0543043 0.0000000 0.0589582 0.0501410 0.0492839 0.0142270 0.3044294 0.3369940 
Saccharomyces_kudriavzevii         0.2845548 0.3090835 0.3032339 0.3241103 0.3372135 0.3251001 0.0555008 0.0378616 0.0589582 0.0000000 0.0380161 0.0377512 0.0543480 0.2966703 0.3369441 
Saccharomyces_mikatae              0.2770995 0.3015522 0.2929133 0.3105666 0.3148490 0.3079913 0.0584401 0.0250032 0.0501410 0.0380161 0.0000000 0.0249329 0.0455593 0.2992233 0.3163835 
Saccharomyces_paradoxus            0.2751998 0.3084522 0.2963959 0.3013106 0.3227017 0.3055506 0.0504745 0.0121222 0.0492839 0.0377512 0.0249329 0.0000000 0.0447792 0.3005925 0.3290664 
Saccharomyces_uvarum               0.2854712 0.3030327 0.2785954 0.3342273 0.3026576 0.2954918 0.0700730 0.0497226 0.0142270 0.0543480 0.0455593 0.0447792 0.0000000 0.3100658 0.3344601 
Tetrapisispora_blattae             0.2895226 0.2972780 0.3203031 0.3570679 0.3443936 0.3349243 0.3139165 0.2965231 0.3044294 0.2966703 0.2992233 0.3005925 0.3100658 0.0000000 0.2393179 
yHMPu5000035629_Yueomyces_sinensis 0.2973368 0.3282427 0.3179827 0.3355130 0.3173645 0.3125287 0.3161669 0.3240792 0.3369940 0.3369441 0.3163835 0.3290664 0.3344601 0.2393179 0.0000000 
