15
Candida_glabrata                   0.0000000 0.3221612 0.1023612 0.2503209 0.0755855 0.0875186 0.2250881 0.2325367 0.2006804 0.1912840 0.2420519 0.2301734 0.2006804 0.3430612 0.3592303 
Nakaseomyces_bacillisporus         0.3221612 0.0000000 0.3556403 0.1876748 0.3111473 0.3342389 0.2485020 0.2348232 0.2102179 0.2043236 0.2439675 0.2329929 0.2102179 0.4449179 0.4343248 
Nakaseomyces_bracarensis           0.1023612 0.3556403 0.0000000 0.2553250 0.0677508 0.0274416 0.2101615 0.2160731 0.2002794 0.1929054 0.2269184 0.2131426 0.2002794 0.3524633 0.3594389 
Nakaseomyces_castellii             0.2503209 0.1876748 0.2553250 0.0000000 0.2134245 0.2547350 0.1986100 0.1852016 0.1744113 0.1477958 0.1985051 0.1926925 0.1744113 0.3472164 0.3332238 
Nakaseomyces_delphensis            0.0755855 0.3111473 0.0677508 0.2134245 0.0000000 0.0431505 0.1938090 0.2029964 0.1911377 0.1723340 0.2107248 0.2101810 0.1911377 0.3435013 0.3064856 
Nakaseomyces_nivariensis           0.0875186 0.3342389 0.0274416 0.2547350 0.0431505 0.0000000 0.2231708 0.2341454 0.2171911 0.1983726 0.2409740 0.2398395 0.2171911 0.3714635 0.3630099 
Saccharomyces_arboricola           0.2250881 0.2485020 0.2101615 0.1986100 0.1938090 0.2231708 0.0000000 0.0263740 0.0338615 0.0446622 0.0157845 0.0158209 0.0338615 0.3682572 0.2995660 
Saccharomyces_cerevisiae           0.2325367 0.2348232 0.2160731 0.1852016 0.2029964 0.2341454 0.0263740 0.0000000 0.0270291 0.0329830 0.0208618 0.0051917 0.0270291 0.3822454 0.2926183 
Saccharomyces_eubayanus            0.2006804 0.2102179 0.2002794 0.1744113 0.1911377 0.2171911 0.0338615 0.0270291 0.0000000 0.0389767 0.0278924 0.0216504 0.0000010 0.3437810 0.2708167 
Saccharomyces_kudriavzevii         0.1912840 0.2043236 0.1929054 0.1477958 0.1723340 0.1983726 0.0446622 0.0329830 0.0389767 0.0000000 0.0386167 0.0275258 0.0389767 0.3863768 0.3041232 
Saccharomyces_mikatae              0.2420519 0.2439675 0.2269184 0.1985051 0.2107248 0.2409740 0.0157845 0.0208618 0.0278924 0.0386167 0.0000000 0.0104246 0.0278924 0.3931010 0.3114933 
Saccharomyces_paradoxus            0.2301734 0.2329929 0.2131426 0.1926925 0.2101810 0.2398395 0.0158209 0.0051917 0.0216504 0.0275258 0.0104246 0.0000000 0.0216504 0.3888870 0.3011999 
Saccharomyces_uvarum               0.2006804 0.2102179 0.2002794 0.1744113 0.1911377 0.2171911 0.0338615 0.0270291 0.0000010 0.0389767 0.0278924 0.0216504 0.0000000 0.3437810 0.2708167 
Tetrapisispora_blattae             0.3430612 0.4449179 0.3524633 0.3472164 0.3435013 0.3714635 0.3682572 0.3822454 0.3437810 0.3863768 0.3931010 0.3888870 0.3437810 0.0000000 0.1273523 
yHMPu5000035629_Yueomyces_sinensis 0.3592303 0.4343248 0.3594389 0.3332238 0.3064856 0.3630099 0.2995660 0.2926183 0.2708167 0.3041232 0.3114933 0.3011999 0.2708167 0.1273523 0.0000000 
