15
Candida_glabrata                   0.0000000 0.6775839 0.0747211 0.3767668 0.0495112 0.0441594 0.1347908 0.1366526 0.1316134 0.1205425 0.1659838 0.1355583 0.1330728 0.2490878 0.3311128 
Nakaseomyces_bacillisporus         0.6775839 0.0000000 0.7413855 0.8971972 0.7741831 0.7740960 0.7514778 0.7478960 0.7615888 0.7464838 0.7140630 0.7637416 0.7877307 0.7223959 0.8244594 
Nakaseomyces_bracarensis           0.0747211 0.7413855 0.0000000 0.4388235 0.0259315 0.0084667 0.1247732 0.1346713 0.1255455 0.1146276 0.1494802 0.1294888 0.1269163 0.2565896 0.3426047 
Nakaseomyces_castellii             0.3767668 0.8971972 0.4388235 0.0000000 0.4154650 0.4229764 0.3985502 0.3902761 0.3960686 0.3908349 0.3860749 0.3919755 0.4103642 0.4138763 0.6003265 
Nakaseomyces_delphensis            0.0495112 0.7741831 0.0259315 0.4154650 0.0000000 0.0259397 0.1269103 0.1312911 0.1277053 0.1165920 0.1272400 0.1316999 0.1291258 0.2347570 0.3533850 
Nakaseomyces_nivariensis           0.0441594 0.7740960 0.0084667 0.4229764 0.0259397 0.0000000 0.1240593 0.1339284 0.1248260 0.1139477 0.1240919 0.1287620 0.1261839 0.2274516 0.3402081 
Saccharomyces_arboricola           0.1347908 0.7514778 0.1247732 0.3985502 0.1269103 0.1240593 0.0000000 0.0172561 0.0306713 0.0171962 0.0172512 0.0215262 0.0309413 0.1678734 0.3156938 
Saccharomyces_cerevisiae           0.1366526 0.7478960 0.1346713 0.3902761 0.1312911 0.1339284 0.0172561 0.0000000 0.0219239 0.0172384 0.0172935 0.0129215 0.0310198 0.1796625 0.3121086 
Saccharomyces_eubayanus            0.1316134 0.7615888 0.1255455 0.3960686 0.1277053 0.1248260 0.0306713 0.0219239 0.0000000 0.0218462 0.0219178 0.0174681 0.0086208 0.1926833 0.3117536 
Saccharomyces_kudriavzevii         0.1205425 0.7464838 0.1146276 0.3908349 0.1165920 0.1139477 0.0171962 0.0172384 0.0218462 0.0000000 0.0085982 0.0128767 0.0220352 0.1830604 0.3213906 
Saccharomyces_mikatae              0.1659838 0.7140630 0.1494802 0.3860749 0.1272400 0.1240919 0.0172512 0.0172935 0.0219178 0.0085982 0.0000000 0.0129178 0.0221081 0.1877538 0.3208347 
Saccharomyces_paradoxus            0.1355583 0.7637416 0.1294888 0.3919755 0.1316999 0.1287620 0.0215262 0.0129215 0.0174681 0.0128767 0.0129178 0.0000000 0.0264818 0.1771680 0.3207353 
Saccharomyces_uvarum               0.1330728 0.7877307 0.1269163 0.4103642 0.1291258 0.1261839 0.0309413 0.0310198 0.0086208 0.0220352 0.0221081 0.0264818 0.0000000 0.1925709 0.3196802 
Tetrapisispora_blattae             0.2490878 0.7223959 0.2565896 0.4138763 0.2347570 0.2274516 0.1678734 0.1796625 0.1926833 0.1830604 0.1877538 0.1771680 0.1925709 0.0000000 0.2417721 
yHMPu5000035629_Yueomyces_sinensis 0.3311128 0.8244594 0.3426047 0.6003265 0.3533850 0.3402081 0.3156938 0.3121086 0.3117536 0.3213906 0.3208347 0.3207353 0.3196802 0.2417721 0.0000000 
