15
Candida_glabrata                   0.0000000 0.1914443 0.1402454 0.2484245 0.1208568 0.1032481 0.1716308 0.1818995 0.1646070 0.1623157 0.1583743 0.1726552 0.1567903 0.2183432 0.3243506 
Nakaseomyces_bacillisporus         0.1914443 0.0000000 0.1995576 0.1996708 0.2003000 0.1893061 0.1670432 0.1607366 0.1618656 0.1626924 0.1610442 0.1643138 0.1647959 0.2322569 0.2851772 
Nakaseomyces_bracarensis           0.1402454 0.1995576 0.0000000 0.2616042 0.0842102 0.0637678 0.1958535 0.1931742 0.1873544 0.1668564 0.1785092 0.1977002 0.1796389 0.2486618 0.3538030 
Nakaseomyces_castellii             0.2484245 0.1996708 0.2616042 0.0000000 0.2380592 0.2464436 0.2320014 0.2244050 0.2377858 0.2147724 0.2431696 0.2454021 0.2352222 0.2828564 0.3744133 
Nakaseomyces_delphensis            0.1208568 0.2003000 0.0842102 0.2380592 0.0000000 0.0479015 0.1816629 0.1803715 0.1772280 0.1657606 0.1645895 0.1778260 0.1753977 0.2341242 0.3131215 
Nakaseomyces_nivariensis           0.1032481 0.1893061 0.0637678 0.2464436 0.0479015 0.0000000 0.1676157 0.1683806 0.1633830 0.1611987 0.1459926 0.1678824 0.1652130 0.2165503 0.3286904 
Saccharomyces_arboricola           0.1716308 0.1670432 0.1958535 0.2320014 0.1816629 0.1676157 0.0000000 0.0563903 0.0401061 0.0557135 0.0644404 0.0554118 0.0323356 0.2059565 0.2801255 
Saccharomyces_cerevisiae           0.1818995 0.1607366 0.1931742 0.2244050 0.1803715 0.1683806 0.0563903 0.0000000 0.0598541 0.0671576 0.0562313 0.0328576 0.0590311 0.2003375 0.2851255 
Saccharomyces_eubayanus            0.1646070 0.1618656 0.1873544 0.2377858 0.1772280 0.1633830 0.0401061 0.0598541 0.0000000 0.0516163 0.0522374 0.0569004 0.0105407 0.2101869 0.2772598 
Saccharomyces_kudriavzevii         0.1623157 0.1626924 0.1668564 0.2147724 0.1657606 0.1611987 0.0557135 0.0671576 0.0516163 0.0000000 0.0592841 0.0683963 0.0511783 0.1938336 0.2724274 
Saccharomyces_mikatae              0.1583743 0.1610442 0.1785092 0.2431696 0.1645895 0.1459926 0.0644404 0.0562313 0.0522374 0.0592841 0.0000000 0.0492999 0.0592444 0.2064052 0.2683396 
Saccharomyces_paradoxus            0.1726552 0.1643138 0.1977002 0.2454021 0.1778260 0.1678824 0.0554118 0.0328576 0.0569004 0.0683963 0.0492999 0.0000000 0.0561062 0.2234403 0.2793463 
Saccharomyces_uvarum               0.1567903 0.1647959 0.1796389 0.2352222 0.1753977 0.1652130 0.0323356 0.0590311 0.0105407 0.0511783 0.0592444 0.0561062 0.0000000 0.2174340 0.2867439 
Tetrapisispora_blattae             0.2183432 0.2322569 0.2486618 0.2828564 0.2341242 0.2165503 0.2059565 0.2003375 0.2101869 0.1938336 0.2064052 0.2234403 0.2174340 0.0000000 0.2300351 
yHMPu5000035629_Yueomyces_sinensis 0.3243506 0.2851772 0.3538030 0.3744133 0.3131215 0.3286904 0.2801255 0.2851255 0.2772598 0.2724274 0.2683396 0.2793463 0.2867439 0.2300351 0.0000000 
