15
Candida_glabrata                   0.0000000 0.3542381 0.1084378 0.3475734 0.0873068 0.1035661 0.3463579 0.3357119 0.3138213 0.3224436 0.3293841 0.3292166 0.3230854 0.3806764 0.3353222 
Nakaseomyces_bacillisporus         0.3542381 0.0000000 0.3709783 0.3414234 0.3717574 0.3366025 0.3653410 0.3871594 0.3540863 0.3529967 0.3698310 0.3651203 0.3582989 0.3755694 0.4171651 
Nakaseomyces_bracarensis           0.1084378 0.3709783 0.0000000 0.3205073 0.0409187 0.0350126 0.3504992 0.3384822 0.3177040 0.3133555 0.3273850 0.3318504 0.3270667 0.3382723 0.3155172 
Nakaseomyces_castellii             0.3475734 0.3414234 0.3205073 0.0000000 0.3470711 0.3085903 0.3862649 0.3828852 0.3617967 0.3623646 0.3664330 0.3765650 0.3479845 0.4271733 0.4324485 
Nakaseomyces_delphensis            0.0873068 0.3717574 0.0409187 0.3470711 0.0000000 0.0306509 0.3413549 0.3423833 0.3086727 0.3173263 0.3312902 0.3357851 0.3179534 0.3502284 0.3148947 
Nakaseomyces_nivariensis           0.1035661 0.3366025 0.0350126 0.3085903 0.0306509 0.0000000 0.3282868 0.3163049 0.2961000 0.2916638 0.3055509 0.3096995 0.3051734 0.3124413 0.2932224 
Saccharomyces_arboricola           0.3463579 0.3653410 0.3504992 0.3862649 0.3413549 0.3282868 0.0000000 0.0552031 0.0298519 0.0345327 0.0446372 0.0565850 0.0399757 0.3687431 0.3812564 
Saccharomyces_cerevisiae           0.3357119 0.3871594 0.3384822 0.3828852 0.3423833 0.3163049 0.0552031 0.0000000 0.0556310 0.0396641 0.0251118 0.0247743 0.0611188 0.3578530 0.3664814 
Saccharomyces_eubayanus            0.3138213 0.3540863 0.3177040 0.3617967 0.3086727 0.2961000 0.0298519 0.0556310 0.0000000 0.0347673 0.0449870 0.0455220 0.0096668 0.3493288 0.3455759 
Saccharomyces_kudriavzevii         0.3224436 0.3529967 0.3133555 0.3623646 0.3173263 0.2916638 0.0345327 0.0396641 0.0347673 0.0000000 0.0293982 0.0406862 0.0400184 0.3395775 0.3355634 
Saccharomyces_mikatae              0.3293841 0.3698310 0.3273850 0.3664330 0.3312902 0.3055509 0.0446372 0.0251118 0.0449870 0.0293982 0.0000000 0.0248306 0.0503394 0.3306882 0.3492179 
Saccharomyces_paradoxus            0.3292166 0.3651203 0.3318504 0.3765650 0.3357851 0.3096995 0.0565850 0.0247743 0.0455220 0.0406862 0.0248306 0.0000000 0.0509331 0.3424038 0.3616129 
Saccharomyces_uvarum               0.3230854 0.3582989 0.3270667 0.3479845 0.3179534 0.3051734 0.0399757 0.0611188 0.0096668 0.0400184 0.0503394 0.0509331 0.0000000 0.3587163 0.3551903 
Tetrapisispora_blattae             0.3806764 0.3755694 0.3382723 0.4271733 0.3502284 0.3124413 0.3687431 0.3578530 0.3493288 0.3395775 0.3306882 0.3424038 0.3587163 0.0000000 0.2576740 
yHMPu5000035629_Yueomyces_sinensis 0.3353222 0.4171651 0.3155172 0.4324485 0.3148947 0.2932224 0.3812564 0.3664814 0.3455759 0.3355634 0.3492179 0.3616129 0.3551903 0.2576740 0.0000000 
