15
Candida_glabrata                   0.0000000 0.2309176 0.0947180 0.2912733 0.1116029 0.0987155 0.2034993 0.2018738 0.1924218 0.1933186 0.1952612 0.1967783 0.1936613 0.2904807 0.1944491 
Nakaseomyces_bacillisporus         0.2309176 0.0000000 0.2200790 0.2984211 0.2362562 0.2114777 0.2556642 0.2654652 0.2538297 0.2522301 0.2531907 0.2542638 0.2589476 0.2878924 0.2713056 
Nakaseomyces_bracarensis           0.0947180 0.2200790 0.0000000 0.2744565 0.0709175 0.0434874 0.1603224 0.1628896 0.1566537 0.1603651 0.1555551 0.1543668 0.1591077 0.2488999 0.1723893 
Nakaseomyces_castellii             0.2912733 0.2984211 0.2744565 0.0000000 0.2897903 0.2787465 0.2918421 0.2875463 0.2901801 0.2811260 0.2802217 0.2872187 0.2932887 0.3595582 0.3087223 
Nakaseomyces_delphensis            0.1116029 0.2362562 0.0709175 0.2897903 0.0000000 0.0681496 0.1885786 0.1922214 0.1795675 0.1855132 0.1811084 0.1887978 0.1820181 0.2668086 0.1992388 
Nakaseomyces_nivariensis           0.0987155 0.2114777 0.0434874 0.2787465 0.0681496 0.0000000 0.1648514 0.1740808 0.1578635 0.1572607 0.1602456 0.1688097 0.1603396 0.2519200 0.1751297 
Saccharomyces_arboricola           0.2034993 0.2556642 0.1603224 0.2918421 0.1885786 0.1648514 0.0000000 0.0547754 0.0354556 0.0459057 0.0485437 0.0451779 0.0384457 0.2547438 0.1924884 
Saccharomyces_cerevisiae           0.2018738 0.2654652 0.1628896 0.2875463 0.1922214 0.1740808 0.0547754 0.0000000 0.0521866 0.0350177 0.0401711 0.0145496 0.0520520 0.2889518 0.1884262 
Saccharomyces_eubayanus            0.1924218 0.2538297 0.1566537 0.2901801 0.1795675 0.1578635 0.0354556 0.0521866 0.0000000 0.0351987 0.0356885 0.0426653 0.0097050 0.2696840 0.2000286 
Saccharomyces_kudriavzevii         0.1933186 0.2522301 0.1603651 0.2811260 0.1855132 0.1572607 0.0459057 0.0350177 0.0351987 0.0000000 0.0247894 0.0246290 0.0351162 0.2654952 0.1788608 
Saccharomyces_mikatae              0.1952612 0.2531907 0.1555551 0.2802217 0.1811084 0.1602456 0.0485437 0.0401711 0.0356885 0.0247894 0.0000000 0.0296623 0.0408124 0.2720448 0.1820794 
Saccharomyces_paradoxus            0.1967783 0.2542638 0.1543668 0.2872187 0.1887978 0.1688097 0.0451779 0.0145496 0.0426653 0.0246290 0.0296623 0.0000000 0.0425631 0.2748911 0.1893282 
Saccharomyces_uvarum               0.1936613 0.2589476 0.1591077 0.2932887 0.1820181 0.1603396 0.0384457 0.0520520 0.0097050 0.0351162 0.0408124 0.0425631 0.0000000 0.2679373 0.2020675 
Tetrapisispora_blattae             0.2904807 0.2878924 0.2488999 0.3595582 0.2668086 0.2519200 0.2547438 0.2889518 0.2696840 0.2654952 0.2720448 0.2748911 0.2679373 0.0000000 0.2215431 
yHMPu5000035629_Yueomyces_sinensis 0.1944491 0.2713056 0.1723893 0.3087223 0.1992388 0.1751297 0.1924884 0.1884262 0.2000286 0.1788608 0.1820794 0.1893282 0.2020675 0.2215431 0.0000000 
