15
Candida_glabrata                   0.0000000 0.0718174 0.0310963 0.0848412 0.0287497 0.0263104 0.0877238 0.0908497 0.0886456 0.0858771 0.0912210 0.0883297 0.0904184 0.0945594 0.1043058 
Nakaseomyces_bacillisporus         0.0718174 0.0000000 0.0665032 0.0581321 0.0609698 0.0617738 0.0700678 0.0691121 0.0699628 0.0694026 0.0691912 0.0673121 0.0698851 0.0914781 0.0982588 
Nakaseomyces_bracarensis           0.0310963 0.0665032 0.0000000 0.0850729 0.0206753 0.0112113 0.0812629 0.0827045 0.0814057 0.0794189 0.0824212 0.0799970 0.0831063 0.0899003 0.0912559 
Nakaseomyces_castellii             0.0848412 0.0581321 0.0850729 0.0000000 0.0816096 0.0775077 0.0923305 0.0920440 0.0928610 0.0940341 0.0932559 0.0930893 0.0900669 0.1014378 0.0988202 
Nakaseomyces_delphensis            0.0287497 0.0609698 0.0206753 0.0816096 0.0000000 0.0121640 0.0752794 0.0778153 0.0766625 0.0752767 0.0793411 0.0764032 0.0783863 0.0911845 0.0976611 
Nakaseomyces_nivariensis           0.0263104 0.0617738 0.0112113 0.0775077 0.0121640 0.0000000 0.0739825 0.0761776 0.0756912 0.0729443 0.0765974 0.0736063 0.0773688 0.0932075 0.0931839 
Saccharomyces_arboricola           0.0877238 0.0700678 0.0812629 0.0923305 0.0752794 0.0739825 0.0000000 0.0118079 0.0095978 0.0072256 0.0091414 0.0099385 0.0096167 0.0989258 0.0938713 
Saccharomyces_cerevisiae           0.0908497 0.0691121 0.0827045 0.0920440 0.0778153 0.0761776 0.0118079 0.0000000 0.0118292 0.0087900 0.0085540 0.0050962 0.0118349 0.1070528 0.1033968 
Saccharomyces_eubayanus            0.0886456 0.0699628 0.0814057 0.0928610 0.0766625 0.0756912 0.0095978 0.0118292 0.0000000 0.0095145 0.0125434 0.0108059 0.0025183 0.1048095 0.0975540 
Saccharomyces_kudriavzevii         0.0858771 0.0694026 0.0794189 0.0940341 0.0752767 0.0729443 0.0072256 0.0087900 0.0095145 0.0000000 0.0080701 0.0062826 0.0095187 0.1043050 0.0973302 
Saccharomyces_mikatae              0.0912210 0.0691912 0.0824212 0.0932559 0.0793411 0.0765974 0.0091414 0.0085540 0.0125434 0.0080701 0.0000000 0.0067937 0.0107154 0.1022658 0.0978859 
Saccharomyces_paradoxus            0.0883297 0.0673121 0.0799970 0.0930893 0.0764032 0.0736063 0.0099385 0.0050962 0.0108059 0.0062826 0.0067937 0.0000000 0.0108110 0.1033924 0.0986932 
Saccharomyces_uvarum               0.0904184 0.0698851 0.0831063 0.0900669 0.0783863 0.0773688 0.0096167 0.0118349 0.0025183 0.0095187 0.0107154 0.0108110 0.0000000 0.1022518 0.0950568 
Tetrapisispora_blattae             0.0945594 0.0914781 0.0899003 0.1014378 0.0911845 0.0932075 0.0989258 0.1070528 0.1048095 0.1043050 0.1022658 0.1033924 0.1022518 0.0000000 0.0246749 
yHMPu5000035629_Yueomyces_sinensis 0.1043058 0.0982588 0.0912559 0.0988202 0.0976611 0.0931839 0.0938713 0.1033968 0.0975540 0.0973302 0.0978859 0.0986932 0.0950568 0.0246749 0.0000000 
