15
Candida_glabrata                   0.0000000 0.2555719 0.0617186 0.2292311 0.0429794 0.0232902 0.1215185 0.1327732 0.1439017 0.1237162 0.1121537 0.1326929 0.1171630 0.1474348 0.1523395 
Nakaseomyces_bacillisporus         0.2555719 0.0000000 0.1986283 0.1314551 0.2493463 0.2387165 0.2016535 0.1756552 0.2259502 0.2279213 0.2007259 0.1823068 0.2159638 0.2347593 0.1922578 
Nakaseomyces_bracarensis           0.0617186 0.1986283 0.0000000 0.2098807 0.0804889 0.0592858 0.1532775 0.1349435 0.1674037 0.1696714 0.1233733 0.1420207 0.1681023 0.1482694 0.1943064 
Nakaseomyces_castellii             0.2292311 0.1314551 0.2098807 0.0000000 0.2281841 0.2164070 0.1776917 0.1836759 0.2029582 0.2154889 0.1915189 0.1905314 0.2158692 0.2159293 0.1954101 
Nakaseomyces_delphensis            0.0429794 0.2493463 0.0804889 0.2281841 0.0000000 0.0220625 0.1242790 0.1228115 0.1547868 0.1496709 0.1003906 0.1296721 0.1283602 0.1493165 0.1667896 
Nakaseomyces_nivariensis           0.0232902 0.2387165 0.0592858 0.2164070 0.0220625 0.0000000 0.1287095 0.1272182 0.1588527 0.1498015 0.1050429 0.1271369 0.1328503 0.1400159 0.1539748 
Saccharomyces_arboricola           0.1215185 0.2016535 0.1532775 0.1776917 0.1242790 0.1287095 0.0000000 0.0486491 0.0224923 0.0228337 0.0228728 0.0480146 0.0235830 0.2078224 0.1121718 
Saccharomyces_cerevisiae           0.1327732 0.1756552 0.1349435 0.1836759 0.1228115 0.1272182 0.0486491 0.0000000 0.0585821 0.0620057 0.0359453 0.0111750 0.0467750 0.1590873 0.1230271 
Saccharomyces_eubayanus            0.1439017 0.2259502 0.1674037 0.2029582 0.1547868 0.1588527 0.0224923 0.0585821 0.0000000 0.0530974 0.0464078 0.0636709 0.0339272 0.2091435 0.1214755 
Saccharomyces_kudriavzevii         0.1237162 0.2279213 0.1696714 0.2154889 0.1496709 0.1498015 0.0228337 0.0620057 0.0530974 0.0000000 0.0350643 0.0550010 0.0419125 0.2238328 0.1247761 
Saccharomyces_mikatae              0.1121537 0.2007259 0.1233733 0.1915189 0.1003906 0.1050429 0.0228728 0.0359453 0.0464078 0.0350643 0.0000000 0.0354841 0.0361544 0.1921552 0.1148002 
Saccharomyces_paradoxus            0.1326929 0.1823068 0.1420207 0.1905314 0.1296721 0.1271369 0.0480146 0.0111750 0.0636709 0.0550010 0.0354841 0.0000000 0.0461842 0.1675201 0.1214886 
Saccharomyces_uvarum               0.1171630 0.2159638 0.1681023 0.2158692 0.1283602 0.1328503 0.0235830 0.0467750 0.0339272 0.0419125 0.0361544 0.0461842 0.0000000 0.1811179 0.1115286 
Tetrapisispora_blattae             0.1474348 0.2347593 0.1482694 0.2159293 0.1493165 0.1400159 0.2078224 0.1590873 0.2091435 0.2238328 0.1921552 0.1675201 0.1811179 0.0000000 0.1881650 
yHMPu5000035629_Yueomyces_sinensis 0.1523395 0.1922578 0.1943064 0.1954101 0.1667896 0.1539748 0.1121718 0.1230271 0.1214755 0.1247761 0.1148002 0.1214886 0.1115286 0.1881650 0.0000000 
