15
Candida_glabrata                   0.0000000 0.2767591 0.1618234 0.6173545 0.1553864 0.1337845 0.2078911 0.2262801 0.2193060 0.2460083 0.2196882 0.2257891 0.2131497 0.2224003 0.2541711 
Nakaseomyces_bacillisporus         0.2767591 0.0000000 0.2305364 0.5451042 0.2907079 0.2421095 0.1841954 0.1987959 0.2049540 0.1978219 0.1924385 0.1793287 0.1964441 0.2705272 0.2935896 
Nakaseomyces_bracarensis           0.1618234 0.2305364 0.0000000 0.5088611 0.0782296 0.0358407 0.1956955 0.2131300 0.2132947 0.2287830 0.1942005 0.1906236 0.2156611 0.2428787 0.2624980 
Nakaseomyces_castellii             0.6173545 0.5451042 0.5088611 0.0000000 0.5324778 0.5127235 0.6190576 0.6144741 0.6190725 0.5997045 0.6487024 0.6112731 0.5431272 0.6123722 0.5732577 
Nakaseomyces_delphensis            0.1553864 0.2907079 0.0782296 0.5324778 0.0000000 0.0618145 0.2342531 0.2516745 0.2522840 0.2883122 0.2384456 0.2292206 0.2702737 0.2761660 0.2934053 
Nakaseomyces_nivariensis           0.1337845 0.2421095 0.0358407 0.5127235 0.0618145 0.0000000 0.2178089 0.2357790 0.2358669 0.2474873 0.2281336 0.2248880 0.2338015 0.2493098 0.2688178 
Saccharomyces_arboricola           0.2078911 0.1841954 0.1956955 0.6190576 0.2342531 0.2178089 0.0000000 0.0316994 0.0270431 0.0460037 0.0363468 0.0317023 0.0224546 0.1879458 0.2201200 
Saccharomyces_cerevisiae           0.2262801 0.1987959 0.2131300 0.6144741 0.2516745 0.2357790 0.0316994 0.0000000 0.0500886 0.0501484 0.0408676 0.0179991 0.0495026 0.1987049 0.2255328 
Saccharomyces_eubayanus            0.2193060 0.2049540 0.2132947 0.6190725 0.2522840 0.2358669 0.0270431 0.0500886 0.0000000 0.0606831 0.0548174 0.0500853 0.0044254 0.1859193 0.2240187 
Saccharomyces_kudriavzevii         0.2460083 0.1978219 0.2287830 0.5997045 0.2883122 0.2474873 0.0460037 0.0501484 0.0606831 0.0000000 0.0598493 0.0509204 0.0553240 0.2009029 0.2260572 
Saccharomyces_mikatae              0.2196882 0.1924385 0.1942005 0.6487024 0.2384456 0.2281336 0.0363468 0.0408676 0.0548174 0.0598493 0.0000000 0.0320524 0.0541727 0.2057016 0.2372303 
Saccharomyces_paradoxus            0.2257891 0.1793287 0.1906236 0.6112731 0.2292206 0.2248880 0.0317023 0.0179991 0.0500853 0.0509204 0.0320524 0.0000000 0.0453725 0.1805695 0.2152866 
Saccharomyces_uvarum               0.2131497 0.1964441 0.2156611 0.5431272 0.2702737 0.2338015 0.0224546 0.0495026 0.0044254 0.0553240 0.0541727 0.0453725 0.0000000 0.1856675 0.2230346 
Tetrapisispora_blattae             0.2224003 0.2705272 0.2428787 0.6123722 0.2761660 0.2493098 0.1879458 0.1987049 0.1859193 0.2009029 0.2057016 0.1805695 0.1856675 0.0000000 0.1399294 
yHMPu5000035629_Yueomyces_sinensis 0.2541711 0.2935896 0.2624980 0.5732577 0.2934053 0.2688178 0.2201200 0.2255328 0.2240187 0.2260572 0.2372303 0.2152866 0.2230346 0.1399294 0.0000000 
