15
Candida_glabrata                   0.0000000 0.0016915 0.0005823 0.0019462 0.0007505 0.0005825 0.0014303 0.0014281 0.0013485 0.0015164 0.0013437 0.0013437 0.0014324 0.0024569 0.0021968 
Nakaseomyces_bacillisporus         0.0016915 0.0000000 0.0020334 0.0013439 0.0019513 0.0018638 0.0012708 0.0012620 0.0016092 0.0014479 0.0011775 0.0011775 0.0016934 0.0023020 0.0022051 
Nakaseomyces_bracarensis           0.0005823 0.0020334 0.0000000 0.0020472 0.0004981 0.0003314 0.0016891 0.0015160 0.0016075 0.0016969 0.0014314 0.0014314 0.0016916 0.0028261 0.0023800 
Nakaseomyces_castellii             0.0019462 0.0013439 0.0020472 0.0000000 0.0021256 0.0021180 0.0015270 0.0015164 0.0020395 0.0017056 0.0014318 0.0014318 0.0021238 0.0026400 0.0023884 
Nakaseomyces_delphensis            0.0007505 0.0019513 0.0004981 0.0021256 0.0000000 0.0001657 0.0016066 0.0014338 0.0015250 0.0016143 0.0013490 0.0013490 0.0016093 0.0029171 0.0025561 
Nakaseomyces_nivariensis           0.0005825 0.0018638 0.0003314 0.0021180 0.0001657 0.0000000 0.0015199 0.0013473 0.0014380 0.0015269 0.0012628 0.0012628 0.0015222 0.0028273 0.0023810 
Saccharomyces_arboricola           0.0014303 0.0012708 0.0016891 0.0015270 0.0016066 0.0015199 0.0000000 0.0004154 0.0008356 0.0004991 0.0003322 0.0003322 0.0009189 0.0025702 0.0020526 
Saccharomyces_cerevisiae           0.0014281 0.0012620 0.0015160 0.0015164 0.0014338 0.0013473 0.0004154 0.0000000 0.0007500 0.0005005 0.0000819 0.0000819 0.0008331 0.0025003 0.0019684 
Saccharomyces_eubayanus            0.0013485 0.0016092 0.0016075 0.0020395 0.0015250 0.0014380 0.0008356 0.0007500 0.0000000 0.0008357 0.0006664 0.0006664 0.0000819 0.0026678 0.0021367 
Saccharomyces_kudriavzevii         0.0015164 0.0014479 0.0016969 0.0017056 0.0016143 0.0015269 0.0004991 0.0005005 0.0008357 0.0000000 0.0004170 0.0004170 0.0009190 0.0027503 0.0022306 
Saccharomyces_mikatae              0.0013437 0.0011775 0.0014314 0.0014318 0.0013490 0.0012628 0.0003322 0.0000819 0.0006664 0.0004170 0.0000000 0.0000010 0.0007496 0.0024136 0.0018824 
Saccharomyces_paradoxus            0.0013437 0.0011775 0.0014314 0.0014318 0.0013490 0.0012628 0.0003322 0.0000819 0.0006664 0.0004170 0.0000010 0.0000000 0.0007496 0.0024136 0.0018824 
Saccharomyces_uvarum               0.0014324 0.0016934 0.0016916 0.0021238 0.0016093 0.0015222 0.0009189 0.0008331 0.0000819 0.0009190 0.0007496 0.0007496 0.0000000 0.0027528 0.0022214 
Tetrapisispora_blattae             0.0024569 0.0023020 0.0028261 0.0026400 0.0029171 0.0028273 0.0025702 0.0025003 0.0026678 0.0027503 0.0024136 0.0024136 0.0027528 0.0000000 0.0011809 
yHMPu5000035629_Yueomyces_sinensis 0.0021968 0.0022051 0.0023800 0.0023884 0.0025561 0.0023810 0.0020526 0.0019684 0.0021367 0.0022306 0.0018824 0.0018824 0.0022214 0.0011809 0.0000000 
