15
Candida_glabrata                   0.0000000 0.2895496 0.0967216 0.2169632 0.1142206 0.1131470 0.1755188 0.1711165 0.1906225 0.1841347 0.1771286 0.1650617 0.1807115 0.3405061 0.3135402 
Nakaseomyces_bacillisporus         0.2895496 0.0000000 0.2544937 0.1922809 0.2666024 0.2341384 0.2348036 0.2165125 0.2294263 0.2347222 0.2234244 0.2141646 0.2238880 0.3026821 0.2777611 
Nakaseomyces_bracarensis           0.0967216 0.2544937 0.0000000 0.2051666 0.0708367 0.0549843 0.1656494 0.1626915 0.1869717 0.1673642 0.1717476 0.1611667 0.1775278 0.3110343 0.2935071 
Nakaseomyces_castellii             0.2169632 0.1922809 0.2051666 0.0000000 0.2228169 0.1980569 0.1840403 0.1624124 0.1950447 0.1857935 0.1715862 0.1595092 0.1937560 0.3368363 0.3035244 
Nakaseomyces_delphensis            0.1142206 0.2666024 0.0708367 0.2228169 0.0000000 0.0501687 0.1956754 0.1971159 0.2084965 0.1870942 0.1909372 0.1929537 0.1984704 0.3438643 0.3375489 
Nakaseomyces_nivariensis           0.1131470 0.2341384 0.0549843 0.1980569 0.0501687 0.0000000 0.1830775 0.1741058 0.1997752 0.1761778 0.1850817 0.1701239 0.1904880 0.3388358 0.3313858 
Saccharomyces_arboricola           0.1755188 0.2348036 0.1656494 0.1840403 0.1956754 0.1830775 0.0000000 0.0508566 0.0679748 0.0364913 0.0498380 0.0529560 0.0655139 0.2763006 0.3154259 
Saccharomyces_cerevisiae           0.1711165 0.2165125 0.1626915 0.1624124 0.1971159 0.1741058 0.0508566 0.0000000 0.0526809 0.0397885 0.0416247 0.0117449 0.0588915 0.2925764 0.3185451 
Saccharomyces_eubayanus            0.1906225 0.2294263 0.1869717 0.1950447 0.2084965 0.1997752 0.0679748 0.0526809 0.0000000 0.0546531 0.0641166 0.0574661 0.0192933 0.3044858 0.3087071 
Saccharomyces_kudriavzevii         0.1841347 0.2347222 0.1673642 0.1857935 0.1870942 0.1761778 0.0364913 0.0397885 0.0546531 0.0000000 0.0441127 0.0399261 0.0510761 0.2859764 0.3160577 
Saccharomyces_mikatae              0.1771286 0.2234244 0.1717476 0.1715862 0.1909372 0.1850817 0.0498380 0.0416247 0.0641166 0.0441127 0.0000000 0.0289082 0.0643408 0.3049005 0.3213897 
Saccharomyces_paradoxus            0.1650617 0.2141646 0.1611667 0.1595092 0.1929537 0.1701239 0.0529560 0.0117449 0.0574661 0.0399261 0.0289082 0.0000000 0.0625041 0.2945292 0.3049527 
Saccharomyces_uvarum               0.1807115 0.2238880 0.1775278 0.1937560 0.1984704 0.1904880 0.0655139 0.0588915 0.0192933 0.0510761 0.0643408 0.0625041 0.0000000 0.2960584 0.3162672 
Tetrapisispora_blattae             0.3405061 0.3026821 0.3110343 0.3368363 0.3438643 0.3388358 0.2763006 0.2925764 0.3044858 0.2859764 0.3049005 0.2945292 0.2960584 0.0000000 0.2726491 
yHMPu5000035629_Yueomyces_sinensis 0.3135402 0.2777611 0.2935071 0.3035244 0.3375489 0.3313858 0.3154259 0.3185451 0.3087071 0.3160577 0.3213897 0.3049527 0.3162672 0.2726491 0.0000000 
