15
Candida_glabrata                   0.0000000 0.0605466 0.0296168 0.0660392 0.0318010 0.0296062 0.0583324 0.0574304 0.0577835 0.0594244 0.0580652 0.0601023 0.0572723 0.0545278 0.0577646 
Nakaseomyces_bacillisporus         0.0605466 0.0000000 0.0576966 0.0767434 0.0613577 0.0585805 0.0689062 0.0649495 0.0678788 0.0713421 0.0667621 0.0675722 0.0673317 0.0713563 0.0750467 
Nakaseomyces_bracarensis           0.0296168 0.0576966 0.0000000 0.0667313 0.0209042 0.0171203 0.0558965 0.0522258 0.0528802 0.0543461 0.0521169 0.0548093 0.0493764 0.0569078 0.0643624 
Nakaseomyces_castellii             0.0660392 0.0767434 0.0667313 0.0000000 0.0644481 0.0663506 0.0665024 0.0663919 0.0651913 0.0678256 0.0646291 0.0671825 0.0667287 0.0681824 0.0800995 
Nakaseomyces_delphensis            0.0318010 0.0613577 0.0209042 0.0644481 0.0000000 0.0172738 0.0625773 0.0595552 0.0593547 0.0594682 0.0575038 0.0621755 0.0586337 0.0578639 0.0658471 
Nakaseomyces_nivariensis           0.0296062 0.0585805 0.0171203 0.0663506 0.0172738 0.0000000 0.0569757 0.0548909 0.0593156 0.0588771 0.0548713 0.0556795 0.0577165 0.0528708 0.0631509 
Saccharomyces_arboricola           0.0583324 0.0689062 0.0558965 0.0665024 0.0625773 0.0569757 0.0000000 0.0105321 0.0072550 0.0132933 0.0088565 0.0129862 0.0129914 0.0537020 0.0642214 
Saccharomyces_cerevisiae           0.0574304 0.0649495 0.0522258 0.0663919 0.0595552 0.0548909 0.0105321 0.0000000 0.0096788 0.0148353 0.0064126 0.0039833 0.0121009 0.0496193 0.0640961 
Saccharomyces_eubayanus            0.0577835 0.0678788 0.0528802 0.0651913 0.0593547 0.0593156 0.0072550 0.0096788 0.0000000 0.0147436 0.0063977 0.0121209 0.0055850 0.0536196 0.0655145 
Saccharomyces_kudriavzevii         0.0594244 0.0713421 0.0543461 0.0678256 0.0594682 0.0588771 0.0132933 0.0148353 0.0147436 0.0000000 0.0106211 0.0173394 0.0155799 0.0558187 0.0694850 
Saccharomyces_mikatae              0.0580652 0.0667621 0.0521169 0.0646291 0.0575038 0.0548713 0.0088565 0.0064126 0.0063977 0.0106211 0.0000000 0.0072212 0.0104516 0.0522686 0.0667845 
Saccharomyces_paradoxus            0.0601023 0.0675722 0.0548093 0.0671825 0.0621755 0.0556795 0.0129862 0.0039833 0.0121209 0.0173394 0.0072212 0.0000000 0.0145475 0.0487568 0.0667699 
Saccharomyces_uvarum               0.0572723 0.0673317 0.0493764 0.0667287 0.0586337 0.0577165 0.0129914 0.0121009 0.0055850 0.0155799 0.0104516 0.0145475 0.0000000 0.0535241 0.0635471 
Tetrapisispora_blattae             0.0545278 0.0713563 0.0569078 0.0681824 0.0578639 0.0528708 0.0537020 0.0496193 0.0536196 0.0558187 0.0522686 0.0487568 0.0535241 0.0000000 0.0428187 
yHMPu5000035629_Yueomyces_sinensis 0.0577646 0.0750467 0.0643624 0.0800995 0.0658471 0.0631509 0.0642214 0.0640961 0.0655145 0.0694850 0.0667845 0.0667699 0.0635471 0.0428187 0.0000000 
