15
Candida_glabrata                   0.0000000 0.5739985 0.1969526 0.5695434 0.1961212 0.1550783 0.3585529 0.3595027 0.3667912 0.3562086 0.3372429 0.3827330 0.3629782 0.5087965 0.5308440 
Nakaseomyces_bacillisporus         0.5739985 0.0000000 0.5073484 0.5003984 0.4953516 0.4810674 0.5950359 0.6333451 0.6075287 0.6029905 0.5825259 0.6441590 0.5891980 0.6847989 0.6277959 
Nakaseomyces_bracarensis           0.1969526 0.5073484 0.0000000 0.5238105 0.1234140 0.0741408 0.3359891 0.3397551 0.3306059 0.3463100 0.3210991 0.3681723 0.3251203 0.5956868 0.5734634 
Nakaseomyces_castellii             0.5695434 0.5003984 0.5238105 0.0000000 0.5742873 0.5083380 0.6022097 0.6116925 0.5966593 0.6211386 0.6085525 0.6401753 0.6051468 0.7778928 0.6516620 
Nakaseomyces_delphensis            0.1961212 0.4953516 0.1234140 0.5742873 0.0000000 0.1124293 0.3902813 0.3978117 0.4092223 0.3783565 0.3838097 0.4177394 0.4015500 0.6260230 0.5810180 
Nakaseomyces_nivariensis           0.1550783 0.4810674 0.0741408 0.5083380 0.1124293 0.0000000 0.3615278 0.3698139 0.3696052 0.3680913 0.3446134 0.3924261 0.3617899 0.6116817 0.5552108 
Saccharomyces_arboricola           0.3585529 0.5950359 0.3359891 0.6022097 0.3902813 0.3615278 0.0000000 0.0545773 0.0653714 0.0462288 0.0507055 0.0832963 0.0501712 0.5645503 0.4486579 
Saccharomyces_cerevisiae           0.3595027 0.6333451 0.3397551 0.6116925 0.3978117 0.3698139 0.0545773 0.0000000 0.0499890 0.0427456 0.0354028 0.0469943 0.0461536 0.5655751 0.4719239 
Saccharomyces_eubayanus            0.3667912 0.6075287 0.3306059 0.5966593 0.4092223 0.3696052 0.0653714 0.0499890 0.0000000 0.0532645 0.0460296 0.0782158 0.0138600 0.5761988 0.4636326 
Saccharomyces_kudriavzevii         0.3562086 0.6029905 0.3463100 0.6211386 0.3783565 0.3680913 0.0462288 0.0427456 0.0532645 0.0000000 0.0389450 0.0552094 0.0385492 0.5816503 0.4546139 
Saccharomyces_mikatae              0.3372429 0.5825259 0.3210991 0.6085525 0.3838097 0.3446134 0.0507055 0.0354028 0.0460296 0.0389450 0.0000000 0.0551216 0.0352529 0.5436862 0.4549738 
Saccharomyces_paradoxus            0.3827330 0.6441590 0.3681723 0.6401753 0.4177394 0.3924261 0.0832963 0.0469943 0.0782158 0.0552094 0.0551216 0.0000000 0.0663058 0.5532514 0.4619171 
Saccharomyces_uvarum               0.3629782 0.5891980 0.3251203 0.6051468 0.4015500 0.3617899 0.0501712 0.0461536 0.0138600 0.0385492 0.0352529 0.0663058 0.0000000 0.5653770 0.4480984 
Tetrapisispora_blattae             0.5087965 0.6847989 0.5956868 0.7778928 0.6260230 0.6116817 0.5645503 0.5655751 0.5761988 0.5816503 0.5436862 0.5532514 0.5653770 0.0000000 0.3726878 
yHMPu5000035629_Yueomyces_sinensis 0.5308440 0.6277959 0.5734634 0.6516620 0.5810180 0.5552108 0.4486579 0.4719239 0.4636326 0.4546139 0.4549738 0.4619171 0.4480984 0.3726878 0.0000000 
