15
Candida_glabrata                   0.0000000 0.2513745 0.0686765 0.2432734 0.0921178 0.0641573 0.2193015 0.2026102 0.1864677 0.2071389 0.2152134 0.2083692 0.1991053 0.3781657 0.4202181 
Nakaseomyces_bacillisporus         0.2513745 0.0000000 0.2498252 0.2946331 0.2748282 0.2406536 0.2219240 0.1894313 0.2135607 0.2056011 0.2110849 0.1952557 0.2103677 0.3888166 0.5866849 
Nakaseomyces_bracarensis           0.0686765 0.2498252 0.0000000 0.2617803 0.0581843 0.0199343 0.1918009 0.1822456 0.1672953 0.1864219 0.1956541 0.1878237 0.1792198 0.3368417 0.4581916 
Nakaseomyces_castellii             0.2432734 0.2946331 0.2617803 0.0000000 0.2448442 0.2496229 0.2268763 0.2157256 0.2424798 0.2454289 0.2301034 0.2213665 0.2390496 0.4236059 0.5071840 
Nakaseomyces_delphensis            0.0921178 0.2748282 0.0581843 0.2448442 0.0000000 0.0372040 0.2228614 0.2068370 0.1966036 0.2178441 0.2170630 0.2126721 0.2093279 0.3644528 0.4506676 
Nakaseomyces_nivariensis           0.0641573 0.2406536 0.0199343 0.2496229 0.0372040 0.0000000 0.1880826 0.1718952 0.1635669 0.1826120 0.1825375 0.1774655 0.1755035 0.3384375 0.4518516 
Saccharomyces_arboricola           0.2193015 0.2219240 0.1918009 0.2268763 0.2228614 0.1880826 0.0000000 0.0418594 0.0422235 0.0202110 0.0495068 0.0462134 0.0417059 0.3465344 0.4753732 
Saccharomyces_cerevisiae           0.2026102 0.1894313 0.1822456 0.2157256 0.2068370 0.1718952 0.0418594 0.0000000 0.0426892 0.0331817 0.0329768 0.0039740 0.0421602 0.3282034 0.4560765 
Saccharomyces_eubayanus            0.1864677 0.2135607 0.1672953 0.2424798 0.1966036 0.1635669 0.0422235 0.0426892 0.0000000 0.0334665 0.0374135 0.0471340 0.0079978 0.3428168 0.4433847 
Saccharomyces_kudriavzevii         0.2071389 0.2056011 0.1864219 0.2454289 0.2178441 0.1826120 0.0202110 0.0331817 0.0334665 0.0000000 0.0408944 0.0374674 0.0330597 0.3468839 0.4696690 
Saccharomyces_mikatae              0.2152134 0.2110849 0.1956541 0.2301034 0.2170630 0.1825375 0.0495068 0.0329768 0.0374135 0.0408944 0.0000000 0.0372341 0.0369617 0.3330756 0.4389113 
Saccharomyces_paradoxus            0.2083692 0.1952557 0.1878237 0.2213665 0.2126721 0.1774655 0.0462134 0.0039740 0.0471340 0.0374674 0.0372341 0.0000000 0.0465480 0.3344166 0.4630421 
Saccharomyces_uvarum               0.1991053 0.2103677 0.1792198 0.2390496 0.2093279 0.1755035 0.0417059 0.0421602 0.0079978 0.0330597 0.0369617 0.0465480 0.0000000 0.3469172 0.4605180 
Tetrapisispora_blattae             0.3781657 0.3888166 0.3368417 0.4236059 0.3644528 0.3384375 0.3465344 0.3282034 0.3428168 0.3468839 0.3330756 0.3344166 0.3469172 0.0000000 0.3997010 
yHMPu5000035629_Yueomyces_sinensis 0.4202181 0.5866849 0.4581916 0.5071840 0.4506676 0.4518516 0.4753732 0.4560765 0.4433847 0.4696690 0.4389113 0.4630421 0.4605180 0.3997010 0.0000000 
