15
Candida_glabrata                   0.0000000 0.3462500 0.1247959 0.3941088 0.1569923 0.1302422 0.3521292 0.3375047 0.3383554 0.3349704 0.3418649 0.3355334 0.3353652 0.3975251 0.4589986 
Nakaseomyces_bacillisporus         0.3462500 0.0000000 0.3512222 0.3286490 0.3914575 0.3565733 0.3247405 0.3217881 0.3195214 0.3420509 0.3327731 0.3184517 0.3190998 0.3998809 0.4696743 
Nakaseomyces_bracarensis           0.1247959 0.3512222 0.0000000 0.4192740 0.0993844 0.0483581 0.3470409 0.3289177 0.3295232 0.3472669 0.3453268 0.3376835 0.3310926 0.3832065 0.4590351 
Nakaseomyces_castellii             0.3941088 0.3286490 0.4192740 0.0000000 0.4480402 0.4186074 0.3704374 0.3693645 0.3651294 0.3661330 0.3585553 0.3766702 0.3646491 0.3965911 0.4766120 
Nakaseomyces_delphensis            0.1569923 0.3914575 0.0993844 0.4480402 0.0000000 0.0854175 0.3799219 0.3679981 0.3662793 0.3696201 0.3796163 0.3699101 0.3650577 0.4111720 0.4749258 
Nakaseomyces_nivariensis           0.1302422 0.3565733 0.0483581 0.4186074 0.0854175 0.0000000 0.3563730 0.3350011 0.3414144 0.3524298 0.3519125 0.3384810 0.3406984 0.3720717 0.4532036 
Saccharomyces_arboricola           0.3521292 0.3247405 0.3470409 0.3704374 0.3799219 0.3563730 0.0000000 0.0537412 0.0493206 0.0509466 0.0452510 0.0506739 0.0493703 0.3374045 0.4174965 
Saccharomyces_cerevisiae           0.3375047 0.3217881 0.3289177 0.3693645 0.3679981 0.3350011 0.0537412 0.0000000 0.0538093 0.0537530 0.0377939 0.0273616 0.0539412 0.3390065 0.4202467 
Saccharomyces_eubayanus            0.3383554 0.3195214 0.3295232 0.3651294 0.3662793 0.3414144 0.0493206 0.0538093 0.0000000 0.0525974 0.0454013 0.0534161 0.0121208 0.3206922 0.4052679 
Saccharomyces_kudriavzevii         0.3349704 0.3420509 0.3472669 0.3661330 0.3696201 0.3524298 0.0509466 0.0537530 0.0525974 0.0000000 0.0450078 0.0517857 0.0505188 0.3461114 0.4199094 
Saccharomyces_mikatae              0.3418649 0.3327731 0.3453268 0.3585553 0.3796163 0.3519125 0.0452510 0.0377939 0.0454013 0.0450078 0.0000000 0.0375459 0.0467753 0.3350389 0.4164921 
Saccharomyces_paradoxus            0.3355334 0.3184517 0.3376835 0.3766702 0.3699101 0.3384810 0.0506739 0.0273616 0.0534161 0.0517857 0.0375459 0.0000000 0.0534701 0.3342245 0.4138843 
Saccharomyces_uvarum               0.3353652 0.3190998 0.3310926 0.3646491 0.3650577 0.3406984 0.0493703 0.0539412 0.0121208 0.0505188 0.0467753 0.0534701 0.0000000 0.3222652 0.4092096 
Tetrapisispora_blattae             0.3975251 0.3998809 0.3832065 0.3965911 0.4111720 0.3720717 0.3374045 0.3390065 0.3206922 0.3461114 0.3350389 0.3342245 0.3222652 0.0000000 0.2542124 
yHMPu5000035629_Yueomyces_sinensis 0.4589986 0.4696743 0.4590351 0.4766120 0.4749258 0.4532036 0.4174965 0.4202467 0.4052679 0.4199094 0.4164921 0.4138843 0.4092096 0.2542124 0.0000000 
