15
Candida_glabrata                   0.0000000 0.0146801 0.0061548 0.0099097 0.0042475 0.0042513 0.0119669 0.0106838 0.0126188 0.0126206 0.0119523 0.0113179 0.0132708 0.0075033 0.0146767 
Nakaseomyces_bacillisporus         0.0146801 0.0000000 0.0175499 0.0165905 0.0179732 0.0166586 0.0162327 0.0155035 0.0169120 0.0169153 0.0168088 0.0161556 0.0175901 0.0128565 0.0176300 
Nakaseomyces_bracarensis           0.0061548 0.0175499 0.0000000 0.0107369 0.0042732 0.0030457 0.0132037 0.0126027 0.0138573 0.0138595 0.0138764 0.0132394 0.0145107 0.0109008 0.0162764 
Nakaseomyces_castellii             0.0099097 0.0165905 0.0107369 0.0000000 0.0117832 0.0105224 0.0132132 0.0119289 0.0138666 0.0138688 0.0131967 0.0125627 0.0145198 0.0104815 0.0147528 
Nakaseomyces_delphensis            0.0042475 0.0179732 0.0042732 0.0117832 0.0000000 0.0011993 0.0126076 0.0113220 0.0132613 0.0132633 0.0125920 0.0119569 0.0139149 0.0106864 0.0166537 
Nakaseomyces_nivariensis           0.0042513 0.0166586 0.0030457 0.0105224 0.0011993 0.0000000 0.0126067 0.0113214 0.0132603 0.0132623 0.0125912 0.0119562 0.0139138 0.0094130 0.0166517 
Saccharomyces_arboricola           0.0119669 0.0162327 0.0132037 0.0132132 0.0126076 0.0126067 0.0000000 0.0011980 0.0005986 0.0005986 0.0011982 0.0005986 0.0011994 0.0102049 0.0128439 
Saccharomyces_cerevisiae           0.0106838 0.0155035 0.0126027 0.0119289 0.0113220 0.0113214 0.0011980 0.0000000 0.0018003 0.0018003 0.0011968 0.0005979 0.0024046 0.0089126 0.0120772 
Saccharomyces_eubayanus            0.0126188 0.0169120 0.0138573 0.0138666 0.0132613 0.0132603 0.0005986 0.0018003 0.0000000 0.0011995 0.0018006 0.0011995 0.0005986 0.0108599 0.0135094 
Saccharomyces_kudriavzevii         0.0126206 0.0169153 0.0138595 0.0138688 0.0132633 0.0132623 0.0005986 0.0018003 0.0011995 0.0000000 0.0018007 0.0011995 0.0018025 0.0108613 0.0135115 
Saccharomyces_mikatae              0.0119523 0.0168088 0.0138764 0.0131967 0.0125920 0.0125912 0.0011982 0.0011968 0.0018006 0.0018007 0.0000000 0.0005980 0.0024051 0.0101926 0.0133619 
Saccharomyces_paradoxus            0.0113179 0.0161556 0.0132394 0.0125627 0.0119569 0.0119562 0.0005986 0.0005979 0.0011995 0.0011995 0.0005980 0.0000000 0.0018024 0.0095525 0.0127199 
Saccharomyces_uvarum               0.0132708 0.0175901 0.0145107 0.0145198 0.0139149 0.0139138 0.0011994 0.0024046 0.0005986 0.0018025 0.0024051 0.0018024 0.0000000 0.0115153 0.0141747 
Tetrapisispora_blattae             0.0075033 0.0128565 0.0109008 0.0104815 0.0106864 0.0094130 0.0102049 0.0089126 0.0108599 0.0108613 0.0101926 0.0095525 0.0115153 0.0000000 0.0125280 
yHMPu5000035629_Yueomyces_sinensis 0.0146767 0.0176300 0.0162764 0.0147528 0.0166537 0.0166517 0.0128439 0.0120772 0.0135094 0.0135115 0.0133619 0.0127199 0.0141747 0.0125280 0.0000000 
