15
Candida_glabrata                   0.0000000 0.3093095 0.0533265 0.1984850 0.0616236 0.0707407 0.2040448 0.1998848 0.1942361 0.1877630 0.2038907 0.2055609 0.1936475 0.2455000 0.2309392 
Nakaseomyces_bacillisporus         0.3093095 0.0000000 0.2963900 0.2927639 0.3145425 0.2983144 0.2750400 0.2901225 0.2679421 0.2682891 0.2816519 0.2691790 0.2673048 0.3468798 0.3673120 
Nakaseomyces_bracarensis           0.0533265 0.2963900 0.0000000 0.2013089 0.0303954 0.0225247 0.1957340 0.2209572 0.1959560 0.1985659 0.2141126 0.2073035 0.2036823 0.2348513 0.2490029 
Nakaseomyces_castellii             0.1984850 0.2927639 0.2013089 0.0000000 0.2132744 0.2200521 0.1903298 0.1880436 0.1709310 0.1765881 0.1803102 0.1817765 0.1704365 0.2740223 0.2568547 
Nakaseomyces_delphensis            0.0616236 0.3145425 0.0303954 0.2132744 0.0000000 0.0384172 0.2096920 0.2141575 0.2099304 0.2023965 0.2286794 0.2216414 0.2179536 0.2504564 0.2534200 
Nakaseomyces_nivariensis           0.0707407 0.2983144 0.0225247 0.2200521 0.0384172 0.0000000 0.1972829 0.2165230 0.1975038 0.2133044 0.2288691 0.2086997 0.2051320 0.2501287 0.2577110 
Saccharomyces_arboricola           0.2040448 0.2750400 0.1957340 0.1903298 0.2096920 0.1972829 0.0000000 0.0301809 0.0147712 0.0225889 0.0343405 0.0224542 0.0148072 0.2498020 0.2528033 
Saccharomyces_cerevisiae           0.1998848 0.2901225 0.2209572 0.1880436 0.2141575 0.2165230 0.0301809 0.0000000 0.0378093 0.0304399 0.0340794 0.0148063 0.0300967 0.2744647 0.2568505 
Saccharomyces_eubayanus            0.1942361 0.2679421 0.1959560 0.1709310 0.2099304 0.1975038 0.0147712 0.0378093 0.0000000 0.0301832 0.0342399 0.0223894 0.0073332 0.2488480 0.2518290 
Saccharomyces_kudriavzevii         0.1877630 0.2682891 0.1985659 0.1765881 0.2023965 0.2133044 0.0225889 0.0304399 0.0301832 0.0000000 0.0263152 0.0304269 0.0225255 0.2393863 0.2389465 
Saccharomyces_mikatae              0.2038907 0.2816519 0.2141126 0.1803102 0.2286794 0.2288691 0.0343405 0.0340794 0.0342399 0.0263152 0.0000000 0.0263640 0.0264999 0.2457327 0.2367217 
Saccharomyces_paradoxus            0.2055609 0.2691790 0.2073035 0.1817765 0.2216414 0.2086997 0.0224542 0.0148063 0.0223894 0.0304269 0.0263640 0.0000000 0.0224457 0.2619976 0.2590941 
Saccharomyces_uvarum               0.1936475 0.2673048 0.2036823 0.1704365 0.2179536 0.2051320 0.0148072 0.0300967 0.0073332 0.0225255 0.0264999 0.0224457 0.0000000 0.2409528 0.2438444 
Tetrapisispora_blattae             0.2455000 0.3468798 0.2348513 0.2740223 0.2504564 0.2501287 0.2498020 0.2744647 0.2488480 0.2393863 0.2457327 0.2619976 0.2409528 0.0000000 0.1541813 
yHMPu5000035629_Yueomyces_sinensis 0.2309392 0.3673120 0.2490029 0.2568547 0.2534200 0.2577110 0.2528033 0.2568505 0.2518290 0.2389465 0.2367217 0.2590941 0.2438444 0.1541813 0.0000000 
