15
Candida_glabrata                   0.0000000 0.9647241 0.4088108 1.4776553 0.5886450 0.5571928 1.2424904 1.2244477 1.2162474 1.2618754 1.2447491 1.2364749 1.2159980 1.8692490 2.4409114 
Nakaseomyces_bacillisporus         0.9647241 0.0000000 0.9435068 0.8145926 0.9919361 0.9694754 0.8667438 0.8559274 0.8623985 0.8724401 0.8619014 0.8578013 0.8599558 1.6771308 1.8493284 
Nakaseomyces_bracarensis           0.4088108 0.9435068 0.0000000 0.9726720 0.2110988 0.1558514 0.8695808 0.8679636 0.8559891 0.8680102 0.8492584 0.8274795 0.8503964 1.3130386 1.9536157 
Nakaseomyces_castellii             1.4776553 0.8145926 0.9726720 0.0000000 1.3967777 1.3837035 1.1786133 1.1898845 1.1739428 1.1919946 1.1803527 1.1733052 1.1610939 2.1669467 2.4211006 
Nakaseomyces_delphensis            0.5886450 0.9919361 0.2110988 1.3967777 0.0000000 0.1976555 1.1806157 1.1761377 1.1478593 1.1835533 1.1442228 1.1523368 1.1390229 1.8152953 2.3547508 
Nakaseomyces_nivariensis           0.5571928 0.9694754 0.1558514 1.3837035 0.1976555 0.0000000 1.1882849 1.1993853 1.1587401 1.1971817 1.1617987 1.1888274 1.1429091 1.8075037 2.3792832 
Saccharomyces_arboricola           1.2424904 0.8667438 0.8695808 1.1786133 1.1806157 1.1882849 0.0000000 0.0752419 0.0739574 0.0750157 0.0591455 0.0721649 0.0713296 1.7075058 2.0668145 
Saccharomyces_cerevisiae           1.2244477 0.8559274 0.8679636 1.1898845 1.1761377 1.1993853 0.0752419 0.0000000 0.0889875 0.0639295 0.0566831 0.0454877 0.0838978 1.6940518 2.1377692 
Saccharomyces_eubayanus            1.2162474 0.8623985 0.8559891 1.1739428 1.1478593 1.1587401 0.0739574 0.0889875 0.0000000 0.0743872 0.0612034 0.0809430 0.0147029 1.7152839 2.0972550 
Saccharomyces_kudriavzevii         1.2618754 0.8724401 0.8680102 1.1919946 1.1835533 1.1971817 0.0750157 0.0639295 0.0743872 0.0000000 0.0559257 0.0527255 0.0665470 1.7080447 2.1590341 
Saccharomyces_mikatae              1.2447491 0.8619014 0.8492584 1.1803527 1.1442228 1.1617987 0.0591455 0.0566831 0.0612034 0.0559257 0.0000000 0.0507960 0.0561924 1.7209978 2.1280513 
Saccharomyces_paradoxus            1.2364749 0.8578013 0.8274795 1.1733052 1.1523368 1.1888274 0.0721649 0.0454877 0.0809430 0.0527255 0.0507960 0.0000000 0.0777890 1.6710795 2.1064674 
Saccharomyces_uvarum               1.2159980 0.8599558 0.8503964 1.1610939 1.1390229 1.1429091 0.0713296 0.0838978 0.0147029 0.0665470 0.0561924 0.0777890 0.0000000 1.7083692 2.0886082 
Tetrapisispora_blattae             1.8692490 1.6771308 1.3130386 2.1669467 1.8152953 1.8075037 1.7075058 1.6940518 1.7152839 1.7080447 1.7209978 1.6710795 1.7083692 0.0000000 1.5471840 
yHMPu5000035629_Yueomyces_sinensis 2.4409114 1.8493284 1.9536157 2.4211006 2.3547508 2.3792832 2.0668145 2.1377692 2.0972550 2.1590341 2.1280513 2.1064674 2.0886082 1.5471840 0.0000000 
