15
Candida_glabrata                   0.0000000 0.0988150 0.0297092 0.0946626 0.0228137 0.0261196 0.0866854 0.0954171 0.1135980 0.0907803 0.0950444 0.0954171 0.1135980 0.0966938 0.0727069 
Nakaseomyces_bacillisporus         0.0988150 0.0000000 0.0922159 0.0409971 0.0877117 0.0914390 0.1086126 0.1049362 0.1227673 0.1046938 0.1091866 0.1049362 0.1227673 0.1214447 0.1061929 
Nakaseomyces_bracarensis           0.0297092 0.0922159 0.0000000 0.0880568 0.0064341 0.0032068 0.0799619 0.0886588 0.1068124 0.0840535 0.0883085 0.0886588 0.1068124 0.0848177 0.0615832 
Nakaseomyces_castellii             0.0946626 0.0409971 0.0880568 0.0000000 0.0836055 0.0873167 0.1046069 0.1098869 0.1276430 0.1089366 0.1094465 0.1098869 0.1276430 0.1154397 0.1059075 
Nakaseomyces_delphensis            0.0228137 0.0877117 0.0064341 0.0836055 0.0000000 0.0031817 0.0756238 0.0841826 0.1020681 0.0796595 0.0838520 0.0841826 0.1020681 0.0857692 0.0694262 
Nakaseomyces_nivariensis           0.0261196 0.0914390 0.0032068 0.0873167 0.0031817 0.0000000 0.0792946 0.0879106 0.1058940 0.0833498 0.0875659 0.0879106 0.1058940 0.0893950 0.0658152 
Saccharomyces_arboricola           0.0866854 0.1086126 0.0799619 0.1046069 0.0756238 0.0792946 0.0000000 0.0129816 0.0234104 0.0096553 0.0129340 0.0129816 0.0234104 0.1128480 0.1147994 
Saccharomyces_cerevisiae           0.0954171 0.1049362 0.0886588 0.1098869 0.0841826 0.0879106 0.0129816 0.0000000 0.0235249 0.0162287 0.0064471 0.0000010 0.0235249 0.1174979 0.1164455 
Saccharomyces_eubayanus            0.1135980 0.1227673 0.1068124 0.1276430 0.1020681 0.1058940 0.0234104 0.0235249 0.0000000 0.0267527 0.0268002 0.0235249 0.0000010 0.1267738 0.1301513 
Saccharomyces_kudriavzevii         0.0907803 0.1046938 0.0840535 0.1089366 0.0796595 0.0833498 0.0096553 0.0162287 0.0267527 0.0000000 0.0161706 0.0162287 0.0267527 0.1245494 0.1161734 
Saccharomyces_mikatae              0.0950444 0.1091866 0.0883085 0.1094465 0.0838520 0.0875659 0.0129340 0.0064471 0.0268002 0.0161706 0.0000000 0.0064471 0.0268002 0.1218011 0.1207311 
Saccharomyces_paradoxus            0.0954171 0.1049362 0.0886588 0.1098869 0.0841826 0.0879106 0.0129816 0.0000010 0.0235249 0.0162287 0.0064471 0.0000000 0.0235249 0.1174979 0.1164455 
Saccharomyces_uvarum               0.1135980 0.1227673 0.1068124 0.1276430 0.1020681 0.1058940 0.0234104 0.0235249 0.0000010 0.0267527 0.0268002 0.0235249 0.0000000 0.1267738 0.1301513 
Tetrapisispora_blattae             0.0966938 0.1214447 0.0848177 0.1154397 0.0857692 0.0893950 0.1128480 0.1174979 0.1267738 0.1245494 0.1218011 0.1174979 0.1267738 0.0000000 0.0732495 
yHMPu5000035629_Yueomyces_sinensis 0.0727069 0.1061929 0.0615832 0.1059075 0.0694262 0.0658152 0.1147994 0.1164455 0.1301513 0.1161734 0.1207311 0.1164455 0.1301513 0.0732495 0.0000000 
