6
Candida_glabrata           0.0000000 0.0000010 0.0106428 0.0053013 0.0053013 0.0106428 
Nakaseomyces_bacillisporus 0.0000010 0.0000000 0.0106428 0.0053013 0.0053013 0.0106428 
Saccharomyces_arboricola   0.0106428 0.0106428 0.0000000 0.0053094 0.0053094 0.0000010 
Saccharomyces_cerevisiae   0.0053013 0.0053013 0.0053094 0.0000000 0.0000010 0.0053094 
Saccharomyces_eubayanus    0.0053013 0.0053013 0.0053094 0.0000010 0.0000000 0.0053094 
Saccharomyces_kudriavzevii 0.0106428 0.0106428 0.0000010 0.0053094 0.0053094 0.0000000 
