12
Candida_glabrata                   0.0000000 0.2984069 0.1280961 0.2693839 0.1530289 0.1147854 0.2819276 0.2891966 0.2819276 0.2896731 0.5886157 0.7199882 
Nakaseomyces_bacillisporus         0.2984069 0.0000000 0.2856862 0.2089115 0.2912455 0.2925724 0.2771145 0.2844129 0.2771145 0.2833157 0.5319358 0.7675431 
Nakaseomyces_bracarensis           0.1280961 0.2856862 0.0000000 0.2564276 0.0375130 0.0201860 0.2602293 0.2674854 0.2602293 0.2676965 0.5629686 0.7228275 
Nakaseomyces_castellii             0.2693839 0.2089115 0.2564276 0.0000000 0.2843945 0.2684676 0.2300760 0.2371046 0.2300760 0.2341837 0.4848472 0.6457844 
Nakaseomyces_delphensis            0.1530289 0.2912455 0.0375130 0.2843945 0.0000000 0.0288789 0.2705148 0.2776905 0.2705148 0.2780241 0.5282702 0.6810681 
Nakaseomyces_nivariensis           0.1147854 0.2925724 0.0201860 0.2684676 0.0288789 0.0000000 0.2586328 0.2656612 0.2586328 0.2658434 0.5374515 0.7006032 
Saccharomyces_arboricola           0.2819276 0.2771145 0.2602293 0.2300760 0.2705148 0.2586328 0.0000000 0.0039378 0.0000010 0.0039172 0.4485968 0.6849838 
Saccharomyces_cerevisiae           0.2891966 0.2844129 0.2674854 0.2371046 0.2776905 0.2656612 0.0039378 0.0000000 0.0039378 0.0079008 0.4570815 0.6982110 
Saccharomyces_eubayanus            0.2819276 0.2771145 0.2602293 0.2300760 0.2705148 0.2586328 0.0000010 0.0039378 0.0000000 0.0039172 0.4485968 0.6849838 
Saccharomyces_kudriavzevii         0.2896731 0.2833157 0.2676965 0.2341837 0.2780241 0.2658434 0.0039172 0.0079008 0.0039172 0.0000000 0.4540180 0.6861846 
Tetrapisispora_blattae             0.5886157 0.5319358 0.5629686 0.4848472 0.5282702 0.5374515 0.4485968 0.4570815 0.4485968 0.4540180 0.0000000 0.3979071 
yHMPu5000035629_Yueomyces_sinensis 0.7199882 0.7675431 0.7228275 0.6457844 0.6810681 0.7006032 0.6849838 0.6982110 0.6849838 0.6861846 0.3979071 0.0000000 
