15
Candida_glabrata                   0.0000000 0.1342761 0.0725766 0.1466166 0.0848234 0.0605217 0.0834237 0.0836795 0.0767474 0.0837281 0.0834789 0.0773795 0.0767474 0.3476526 0.3587661 
Nakaseomyces_bacillisporus         0.1342761 0.0000000 0.1702189 0.1450275 0.1637860 0.1515513 0.1394550 0.1183725 0.1203316 0.1252140 0.1312082 0.1249493 0.1203316 0.2986231 0.3369857 
Nakaseomyces_bracarensis           0.0725766 0.1702189 0.0000000 0.1589620 0.0701821 0.0391641 0.1275536 0.1280525 0.1202783 0.1281127 0.1325282 0.1213893 0.1202783 0.3435735 0.3551089 
Nakaseomyces_castellii             0.1466166 0.1450275 0.1589620 0.0000000 0.1702846 0.1547059 0.1620210 0.1766390 0.1677956 0.1628367 0.1622799 0.1695249 0.1677956 0.4001018 0.3975052 
Nakaseomyces_delphensis            0.0848234 0.1637860 0.0701821 0.1702846 0.0000000 0.0382863 0.1428698 0.1350527 0.1282032 0.1396397 0.1275482 0.1283357 0.1282032 0.3841848 0.4322153 
Nakaseomyces_nivariensis           0.0605217 0.1515513 0.0391641 0.1547059 0.0382863 0.0000000 0.1151427 0.1155679 0.1080019 0.1156260 0.1083000 0.1089746 0.1080019 0.3387145 0.3871931 
Saccharomyces_arboricola           0.0834237 0.1394550 0.1275536 0.1620210 0.1428698 0.1151427 0.0000000 0.0210346 0.0155863 0.0104099 0.0157720 0.0156828 0.0155863 0.3496126 0.3386269 
Saccharomyces_cerevisiae           0.0836795 0.1183725 0.1280525 0.1766390 0.1350527 0.1155679 0.0210346 0.0000000 0.0156130 0.0155755 0.0156701 0.0051375 0.0156130 0.3550582 0.3523625 
Saccharomyces_eubayanus            0.0767474 0.1203316 0.1202783 0.1677956 0.1282032 0.1080019 0.0155863 0.0156130 0.0000000 0.0156238 0.0210386 0.0103477 0.0000010 0.3571711 0.3407323 
Saccharomyces_kudriavzevii         0.0837281 0.1252140 0.1281127 0.1628367 0.1396397 0.1156260 0.0104099 0.0155755 0.0156238 0.0000000 0.0103812 0.0103230 0.0156238 0.3245184 0.3256417 
Saccharomyces_mikatae              0.0834789 0.1312082 0.1325282 0.1622799 0.1275482 0.1083000 0.0157720 0.0156701 0.0210386 0.0103812 0.0000000 0.0103853 0.0210386 0.3257350 0.3440122 
Saccharomyces_paradoxus            0.0773795 0.1249493 0.1213893 0.1695249 0.1283357 0.1089746 0.0156828 0.0051375 0.0103477 0.0103230 0.0103853 0.0000000 0.0103477 0.3443625 0.3429797 
Saccharomyces_uvarum               0.0767474 0.1203316 0.1202783 0.1677956 0.1282032 0.1080019 0.0155863 0.0156130 0.0000010 0.0156238 0.0210386 0.0103477 0.0000000 0.3571711 0.3407323 
Tetrapisispora_blattae             0.3476526 0.2986231 0.3435735 0.4001018 0.3841848 0.3387145 0.3496126 0.3550582 0.3571711 0.3245184 0.3257350 0.3443625 0.3571711 0.0000000 0.3943648 
yHMPu5000035629_Yueomyces_sinensis 0.3587661 0.3369857 0.3551089 0.3975052 0.4322153 0.3871931 0.3386269 0.3523625 0.3407323 0.3256417 0.3440122 0.3429797 0.3407323 0.3943648 0.0000000 
