15
Candida_glabrata                   0.0000000 0.9619421 0.7846609 0.8921210 0.8030498 0.7396099 1.0566957 1.0508661 1.0771765 1.0969736 1.1037459 1.0116115 1.0229635 0.9518961 0.9870245 
Nakaseomyces_bacillisporus         0.9619421 0.0000000 1.1072443 0.9724643 1.2430130 1.2127887 1.1567343 1.1339943 0.9956286 1.0465569 1.0786188 1.0990186 0.9861189 0.9738926 0.9929062 
Nakaseomyces_bracarensis           0.7846609 1.1072443 0.0000000 1.1118831 0.4182351 0.4099326 1.0799422 1.1806721 1.1770855 1.1934726 1.1528013 1.1774098 1.1202236 1.1003032 1.1929616 
Nakaseomyces_castellii             0.8921210 0.9724643 1.1118831 0.0000000 1.1782603 1.1318958 0.9660433 1.0659560 0.9800131 0.9785881 0.9919831 1.0560125 0.9399838 0.9199636 0.9941124 
Nakaseomyces_delphensis            0.8030498 1.2430130 0.4182351 1.1782603 0.0000000 0.3665907 1.2002766 1.2000929 1.2463033 1.2843293 1.2642875 1.2321976 1.1995402 1.2761918 1.3103881 
Nakaseomyces_nivariensis           0.7396099 1.2127887 0.4099326 1.1318958 0.3665907 0.0000000 1.1627350 1.1382109 1.2112968 1.2059920 1.1451056 1.1262158 1.2071984 1.2215645 1.1586880 
Saccharomyces_arboricola           1.0566957 1.1567343 1.0799422 0.9660433 1.2002766 1.1627350 0.0000000 0.3272467 0.2457148 0.2835947 0.2699453 0.2754049 0.2535292 0.9438347 0.8406476 
Saccharomyces_cerevisiae           1.0508661 1.1339943 1.1806721 1.0659560 1.2000929 1.1382109 0.3272467 0.0000000 0.4096290 0.3174599 0.2485203 0.1192067 0.4053672 0.9767839 0.8496326 
Saccharomyces_eubayanus            1.0771765 0.9956286 1.1770855 0.9800131 1.2463033 1.2112968 0.2457148 0.4096290 0.0000000 0.3018255 0.3721004 0.3741740 0.0834065 0.8997048 0.8483863 
Saccharomyces_kudriavzevii         1.0969736 1.0465569 1.1934726 0.9785881 1.2843293 1.2059920 0.2835947 0.3174599 0.3018255 0.0000000 0.3053417 0.2803754 0.3047031 0.9741560 0.9244786 
Saccharomyces_mikatae              1.1037459 1.0786188 1.1528013 0.9919831 1.2642875 1.1451056 0.2699453 0.2485203 0.3721004 0.3053417 0.0000000 0.1908752 0.3461618 1.0000422 0.8608694 
Saccharomyces_paradoxus            1.0116115 1.0990186 1.1774098 1.0560125 1.2321976 1.1262158 0.2754049 0.1192067 0.3741740 0.2803754 0.1908752 0.0000000 0.3572303 0.9702227 0.8285086 
Saccharomyces_uvarum               1.0229635 0.9861189 1.1202236 0.9399838 1.1995402 1.2071984 0.2535292 0.4053672 0.0834065 0.3047031 0.3461618 0.3572303 0.0000000 0.8942363 0.8012983 
Tetrapisispora_blattae             0.9518961 0.9738926 1.1003032 0.9199636 1.2761918 1.2215645 0.9438347 0.9767839 0.8997048 0.9741560 1.0000422 0.9702227 0.8942363 0.0000000 0.6089418 
yHMPu5000035629_Yueomyces_sinensis 0.9870245 0.9929062 1.1929616 0.9941124 1.3103881 1.1586880 0.8406476 0.8496326 0.8483863 0.9244786 0.8608694 0.8285086 0.8012983 0.6089418 0.0000000 
