15
Candida_glabrata                   0.0000000 0.2868313 0.1294891 0.3897389 0.1540250 0.1331018 0.2861331 0.2981034 0.2823849 0.2838002 0.3022900 0.2907385 0.2823849 0.3588452 0.4089301 
Nakaseomyces_bacillisporus         0.2868313 0.0000000 0.2574906 0.2293804 0.2682842 0.2912483 0.2104734 0.2067066 0.1902357 0.2261110 0.2088273 0.2066053 0.1902357 0.3610249 0.3840145 
Nakaseomyces_bracarensis           0.1294891 0.2574906 0.0000000 0.3700936 0.0686232 0.0728831 0.2752685 0.2796907 0.2721275 0.2919082 0.2839002 0.2803493 0.2721275 0.3718311 0.3925623 
Nakaseomyces_castellii             0.3897389 0.2293804 0.3700936 0.0000000 0.3787925 0.4102381 0.3340376 0.3374605 0.3010906 0.3257460 0.3369582 0.3268542 0.3010906 0.4863827 0.4747223 
Nakaseomyces_delphensis            0.1540250 0.2682842 0.0686232 0.3787925 0.0000000 0.0677548 0.2948729 0.2993821 0.2912326 0.3141875 0.3035722 0.3000307 0.2912326 0.3715795 0.3826147 
Nakaseomyces_nivariensis           0.1331018 0.2912483 0.0728831 0.4102381 0.0677548 0.0000000 0.2923946 0.2968815 0.2888258 0.2959153 0.2876710 0.2975302 0.2888258 0.3653386 0.4062838 
Saccharomyces_arboricola           0.2861331 0.2104734 0.2752685 0.3340376 0.2948729 0.2923946 0.0000000 0.0275266 0.0501525 0.0443656 0.0442104 0.0219407 0.0501525 0.3457636 0.3350111 
Saccharomyces_cerevisiae           0.2981034 0.2067066 0.2796907 0.3374605 0.2993821 0.2968815 0.0275266 0.0000000 0.0445685 0.0388115 0.0274588 0.0054300 0.0445685 0.3146037 0.3743108 
Saccharomyces_eubayanus            0.2823849 0.1902357 0.2721275 0.3010906 0.2912326 0.2888258 0.0501525 0.0445685 0.0000000 0.0501007 0.0499564 0.0502644 0.0000010 0.3192907 0.3245860 
Saccharomyces_kudriavzevii         0.2838002 0.2261110 0.2919082 0.3257460 0.3141875 0.2959153 0.0443656 0.0388115 0.0501007 0.0000000 0.0331249 0.0444637 0.0501007 0.3010168 0.2991261 
Saccharomyces_mikatae              0.3022900 0.2088273 0.2839002 0.3369582 0.3035722 0.2876710 0.0442104 0.0274588 0.0499564 0.0331249 0.0000000 0.0330303 0.0499564 0.3155639 0.3017032 
Saccharomyces_paradoxus            0.2907385 0.2066053 0.2803493 0.3268542 0.3000307 0.2975302 0.0219407 0.0054300 0.0502644 0.0444637 0.0330303 0.0000000 0.0502644 0.3225329 0.3141814 
Saccharomyces_uvarum               0.2823849 0.1902357 0.2721275 0.3010906 0.2912326 0.2888258 0.0501525 0.0445685 0.0000010 0.0501007 0.0499564 0.0502644 0.0000000 0.3192907 0.3245860 
Tetrapisispora_blattae             0.3588452 0.3610249 0.3718311 0.4863827 0.3715795 0.3653386 0.3457636 0.3146037 0.3192907 0.3010168 0.3155639 0.3225329 0.3192907 0.0000000 0.1943752 
yHMPu5000035629_Yueomyces_sinensis 0.4089301 0.3840145 0.3925623 0.4747223 0.3826147 0.4062838 0.3350111 0.3743108 0.3245860 0.2991261 0.3017032 0.3141814 0.3245860 0.1943752 0.0000000 
