15
Candida_glabrata                   0.0000000 0.6465100 0.2856878 0.6057871 0.3051895 0.2410143 0.6196964 0.5873652 0.6000518 0.6301277 0.6201874 0.6069464 0.5984097 0.7621704 0.8438257 
Nakaseomyces_bacillisporus         0.6465100 0.0000000 0.6140922 0.5253849 0.6503409 0.5966582 0.5806085 0.5894888 0.5764127 0.5995450 0.6579330 0.6042561 0.5622174 0.8057746 0.9185260 
Nakaseomyces_bracarensis           0.2856878 0.6140922 0.0000000 0.6203627 0.1822008 0.1154801 0.5526030 0.5401161 0.5539678 0.5651124 0.6256211 0.5662174 0.5427239 0.7256406 0.8596968 
Nakaseomyces_castellii             0.6057871 0.5253849 0.6203627 0.0000000 0.5946518 0.5677927 0.6628983 0.6494662 0.6748574 0.6871442 0.7188384 0.6651434 0.6759477 0.8725058 0.8636848 
Nakaseomyces_delphensis            0.3051895 0.6503409 0.1822008 0.5946518 0.0000000 0.1413323 0.5173496 0.5481641 0.5358071 0.5301580 0.5989333 0.5512547 0.5414282 0.7398088 0.9107998 
Nakaseomyces_nivariensis           0.2410143 0.5966582 0.1154801 0.5677927 0.1413323 0.0000000 0.5618461 0.5458270 0.5398254 0.5877009 0.6100407 0.5653176 0.5459371 0.7298292 0.8200584 
Saccharomyces_arboricola           0.6196964 0.5806085 0.5526030 0.6628983 0.5173496 0.5618461 0.0000000 0.1318429 0.1259649 0.1148199 0.1836120 0.1221681 0.1256937 0.7547023 0.7934589 
Saccharomyces_cerevisiae           0.5873652 0.5894888 0.5401161 0.6494662 0.5481641 0.5458270 0.1318429 0.0000000 0.1643219 0.1298367 0.1275660 0.0469157 0.1665796 0.7465769 0.7834804 
Saccharomyces_eubayanus            0.6000518 0.5764127 0.5539678 0.6748574 0.5358071 0.5398254 0.1259649 0.1643219 0.0000000 0.1381563 0.1747358 0.1468294 0.0604226 0.7824459 0.7848642 
Saccharomyces_kudriavzevii         0.6301277 0.5995450 0.5651124 0.6871442 0.5301580 0.5877009 0.1148199 0.1298367 0.1381563 0.0000000 0.1889573 0.1193634 0.1364477 0.7519060 0.7887456 
Saccharomyces_mikatae              0.6201874 0.6579330 0.6256211 0.7188384 0.5989333 0.6100407 0.1836120 0.1275660 0.1747358 0.1889573 0.0000000 0.1279045 0.1705607 0.7779563 0.8104315 
Saccharomyces_paradoxus            0.6069464 0.6042561 0.5662174 0.6651434 0.5512547 0.5653176 0.1221681 0.0469157 0.1468294 0.1193634 0.1279045 0.0000000 0.1519246 0.7339376 0.8197534 
Saccharomyces_uvarum               0.5984097 0.5622174 0.5427239 0.6759477 0.5414282 0.5459371 0.1256937 0.1665796 0.0604226 0.1364477 0.1705607 0.1519246 0.0000000 0.7293287 0.7846502 
Tetrapisispora_blattae             0.7621704 0.8057746 0.7256406 0.8725058 0.7398088 0.7298292 0.7547023 0.7465769 0.7824459 0.7519060 0.7779563 0.7339376 0.7293287 0.0000000 0.6490159 
yHMPu5000035629_Yueomyces_sinensis 0.8438257 0.9185260 0.8596968 0.8636848 0.9107998 0.8200584 0.7934589 0.7834804 0.7848642 0.7887456 0.8104315 0.8197534 0.7846502 0.6490159 0.0000000 
