15
Candida_glabrata                   0.0000000 0.2913171 0.1815176 0.4045803 0.2824532 0.2240918 0.2528825 0.2437468 0.2537292 0.2679215 0.2607228 0.2668773 0.2731517 0.6373599 0.7405744 
Nakaseomyces_bacillisporus         0.2913171 0.0000000 0.2413156 0.4877957 0.2702828 0.2593052 0.3396582 0.3322021 0.3200801 0.3310318 0.3463182 0.3387496 0.3174680 0.5851771 0.9086685 
Nakaseomyces_bracarensis           0.1815176 0.2413156 0.0000000 0.4952733 0.1363710 0.0710821 0.2862460 0.2807542 0.2843632 0.3110004 0.2929740 0.2795375 0.3093314 0.5944021 0.7258249 
Nakaseomyces_castellii             0.4045803 0.4877957 0.4952733 0.0000000 0.5125878 0.5485359 0.5268879 0.4805620 0.4843799 0.5075228 0.4876528 0.4950850 0.5113199 0.7280519 0.9558281 
Nakaseomyces_delphensis            0.2824532 0.2702828 0.1363710 0.5125878 0.0000000 0.0915836 0.3112664 0.3005866 0.3091734 0.2968669 0.3087496 0.2982329 0.3185513 0.4627115 0.6502220 
Nakaseomyces_nivariensis           0.2240918 0.2593052 0.0710821 0.5485359 0.0915836 0.0000000 0.3035652 0.3105040 0.3189735 0.3338259 0.3240670 0.2901627 0.3360945 0.5416217 0.6618269 
Saccharomyces_arboricola           0.2528825 0.3396582 0.2862460 0.5268879 0.3112664 0.3035652 0.0000000 0.0778587 0.0719838 0.0617350 0.0704343 0.0905574 0.0666707 0.5495533 0.6551909 
Saccharomyces_cerevisiae           0.2437468 0.3322021 0.2807542 0.4805620 0.3005866 0.3105040 0.0778587 0.0000000 0.0272536 0.0652209 0.0276717 0.0157288 0.0433207 0.5401693 0.5698230 
Saccharomyces_eubayanus            0.2537292 0.3200801 0.2843632 0.4843799 0.3091734 0.3189735 0.0719838 0.0272536 0.0000000 0.0537371 0.0469847 0.0387933 0.0205899 0.5243097 0.5834962 
Saccharomyces_kudriavzevii         0.2679215 0.3310318 0.3110004 0.5075228 0.2968669 0.3338259 0.0617350 0.0652209 0.0537371 0.0000000 0.0623100 0.0774784 0.0551157 0.5435945 0.6448777 
Saccharomyces_mikatae              0.2607228 0.3463182 0.2929740 0.4876528 0.3087496 0.3240670 0.0704343 0.0276717 0.0469847 0.0623100 0.0000000 0.0393412 0.0520098 0.5561804 0.6248291 
Saccharomyces_paradoxus            0.2668773 0.3387496 0.2795375 0.4950850 0.2982329 0.2901627 0.0905574 0.0157288 0.0387933 0.0774784 0.0393412 0.0000000 0.0551822 0.5360068 0.5943080 
Saccharomyces_uvarum               0.2731517 0.3174680 0.3093314 0.5113199 0.3185513 0.3360945 0.0666707 0.0433207 0.0205899 0.0551157 0.0520098 0.0551822 0.0000000 0.5179305 0.6161070 
Tetrapisispora_blattae             0.6373599 0.5851771 0.5944021 0.7280519 0.4627115 0.5416217 0.5495533 0.5401693 0.5243097 0.5435945 0.5561804 0.5360068 0.5179305 0.0000000 0.7487961 
yHMPu5000035629_Yueomyces_sinensis 0.7405744 0.9086685 0.7258249 0.9558281 0.6502220 0.6618269 0.6551909 0.5698230 0.5834962 0.6448777 0.6248291 0.5943080 0.6161070 0.7487961 0.0000000 
