15
Candida_glabrata                   0.0000000 0.1951716 0.0245995 0.2293375 0.0302831 0.0245606 0.1159999 0.1102683 0.1171972 0.1127727 0.1097325 0.1063675 0.1130421 0.3167106 0.3451315 
Nakaseomyces_bacillisporus         0.1951716 0.0000000 0.1995606 0.1657728 0.2010209 0.2031294 0.1782333 0.1805543 0.1759699 0.1781773 0.1783119 0.1780474 0.1736072 0.2963593 0.3455158 
Nakaseomyces_bracarensis           0.0245995 0.1995606 0.0000000 0.2412138 0.0210245 0.0053895 0.1160103 0.1163746 0.1240932 0.1188737 0.1158055 0.1123900 0.1198573 0.3088438 0.3310092 
Nakaseomyces_castellii             0.2293375 0.1657728 0.2412138 0.0000000 0.2524967 0.2382333 0.2386207 0.2455881 0.2652105 0.2477242 0.2448044 0.2406755 0.2599951 0.3458482 0.4063134 
Nakaseomyces_delphensis            0.0302831 0.2010209 0.0210245 0.2524967 0.0000000 0.0149180 0.1157750 0.1125480 0.1259143 0.1189219 0.1155503 0.1117999 0.1216717 0.2978523 0.3329870 
Nakaseomyces_nivariensis           0.0245606 0.2031294 0.0053895 0.2382333 0.0149180 0.0000000 0.1196875 0.1200660 0.1282625 0.1225597 0.1194771 0.1160346 0.1239798 0.3068305 0.3276433 
Saccharomyces_arboricola           0.1159999 0.1782333 0.1160103 0.2386207 0.1157750 0.1196875 0.0000000 0.0164457 0.0151477 0.0136338 0.0136133 0.0136002 0.0120381 0.3017159 0.3206825 
Saccharomyces_cerevisiae           0.1102683 0.1805543 0.1163746 0.2455881 0.1125480 0.1200660 0.0164457 0.0000000 0.0092759 0.0136685 0.0136480 0.0081714 0.0124502 0.3107356 0.3044487 
Saccharomyces_eubayanus            0.1171972 0.1759699 0.1240932 0.2652105 0.1259143 0.1282625 0.0151477 0.0092759 0.0000000 0.0156040 0.0155771 0.0155599 0.0030037 0.3211525 0.3263932 
Saccharomyces_kudriavzevii         0.1127727 0.1781773 0.1188737 0.2477242 0.1189219 0.1225597 0.0136338 0.0136685 0.0156040 0.0000000 0.0108614 0.0108510 0.0124066 0.3172177 0.3157969 
Saccharomyces_mikatae              0.1097325 0.1783119 0.1158055 0.2448044 0.1155503 0.1194771 0.0136133 0.0136480 0.0155771 0.0108614 0.0000000 0.0054109 0.0123855 0.3038147 0.3068961 
Saccharomyces_paradoxus            0.1063675 0.1780474 0.1123900 0.2406755 0.1117999 0.1160346 0.0136002 0.0081714 0.0155599 0.0108510 0.0054109 0.0000000 0.0123720 0.3013587 0.3022832 
Saccharomyces_uvarum               0.1130421 0.1736072 0.1198573 0.2599951 0.1216717 0.1239798 0.0120381 0.0124502 0.0030037 0.0124066 0.0123855 0.0123720 0.0000000 0.3153409 0.3323579 
Tetrapisispora_blattae             0.3167106 0.2963593 0.3088438 0.3458482 0.2978523 0.3068305 0.3017159 0.3107356 0.3211525 0.3172177 0.3038147 0.3013587 0.3153409 0.0000000 0.3085108 
yHMPu5000035629_Yueomyces_sinensis 0.3451315 0.3455158 0.3310092 0.4063134 0.3329870 0.3276433 0.3206825 0.3044487 0.3263932 0.3157969 0.3068961 0.3022832 0.3323579 0.3085108 0.0000000 
