15
Candida_glabrata                   0.0000000 0.2605860 0.1920406 0.3232785 0.1877387 0.1605835 0.1731346 0.1716715 0.1929554 0.1802247 0.1820364 0.1720520 0.1830495 0.4934978 0.6600075 
Nakaseomyces_bacillisporus         0.2605860 0.0000000 0.2535291 0.3069887 0.2470039 0.2363142 0.2119544 0.2035895 0.2251220 0.2372818 0.2176391 0.2133729 0.2205455 0.4368317 0.6804859 
Nakaseomyces_bracarensis           0.1920406 0.2535291 0.0000000 0.3672700 0.0937256 0.0509113 0.2145131 0.2083606 0.2063382 0.2249995 0.2047180 0.2177332 0.2116331 0.4752837 0.6746782 
Nakaseomyces_castellii             0.3232785 0.3069887 0.3672700 0.0000000 0.3977440 0.3636467 0.3149190 0.3044460 0.3594042 0.3236170 0.2994635 0.3073571 0.3374772 0.5045257 0.6699902 
Nakaseomyces_delphensis            0.1877387 0.2470039 0.0937256 0.3977440 0.0000000 0.0600678 0.2163675 0.2038011 0.1977479 0.2310774 0.2087572 0.2133417 0.2071433 0.5008529 0.6541616 
Nakaseomyces_nivariensis           0.1605835 0.2363142 0.0509113 0.3636467 0.0600678 0.0000000 0.1871542 0.1794007 0.1775660 0.1973101 0.1756377 0.1886448 0.1827120 0.4749377 0.6522319 
Saccharomyces_arboricola           0.1731346 0.2119544 0.2145131 0.3149190 0.2163675 0.1871542 0.0000000 0.0259262 0.0472532 0.0262143 0.0260607 0.0259488 0.0400852 0.4147942 0.5915622 
Saccharomyces_cerevisiae           0.1716715 0.2035895 0.2083606 0.3044460 0.2038011 0.1794007 0.0259262 0.0000000 0.0504856 0.0262118 0.0095847 0.0063793 0.0332301 0.4235455 0.6093772 
Saccharomyces_eubayanus            0.1929554 0.2251220 0.2063382 0.3594042 0.1977479 0.1775660 0.0472532 0.0504856 0.0000000 0.0655049 0.0540576 0.0505392 0.0159901 0.4670196 0.6251734 
Saccharomyces_kudriavzevii         0.1802247 0.2372818 0.2249995 0.3236170 0.2310774 0.1973101 0.0262143 0.0262118 0.0655049 0.0000000 0.0227584 0.0194543 0.0476546 0.4392313 0.6311058 
Saccharomyces_mikatae              0.1820364 0.2176391 0.2047180 0.2994635 0.2087572 0.1756377 0.0260607 0.0095847 0.0540576 0.0227584 0.0000000 0.0095471 0.0435812 0.4283562 0.6123740 
Saccharomyces_paradoxus            0.1720520 0.2133729 0.2177332 0.3073571 0.2133417 0.1886448 0.0259488 0.0063793 0.0505392 0.0194543 0.0095471 0.0000000 0.0332611 0.4332019 0.6221113 
Saccharomyces_uvarum               0.1830495 0.2205455 0.2116331 0.3374772 0.2071433 0.1827120 0.0400852 0.0332301 0.0159901 0.0476546 0.0435812 0.0332611 0.0000000 0.4634144 0.6239860 
Tetrapisispora_blattae             0.4934978 0.4368317 0.4752837 0.5045257 0.5008529 0.4749377 0.4147942 0.4235455 0.4670196 0.4392313 0.4283562 0.4332019 0.4634144 0.0000000 0.4186607 
yHMPu5000035629_Yueomyces_sinensis 0.6600075 0.6804859 0.6746782 0.6699902 0.6541616 0.6522319 0.5915622 0.6093772 0.6251734 0.6311058 0.6123740 0.6221113 0.6239860 0.4186607 0.0000000 
