15
Candida_glabrata                   0.0000000 0.3477912 0.0731703 0.4077574 0.1060073 0.0808467 0.3063209 0.2992441 0.3143964 0.2936205 0.2916761 0.2911703 0.3059254 0.5963779 0.4482929 
Nakaseomyces_bacillisporus         0.3477912 0.0000000 0.3733720 0.3880526 0.3754600 0.3603013 0.4037093 0.4033576 0.3963854 0.4062033 0.3921993 0.3928740 0.4012757 0.6613477 0.5461043 
Nakaseomyces_bracarensis           0.0731703 0.3733720 0.0000000 0.4180720 0.0838312 0.0429311 0.2942744 0.2922094 0.3154334 0.2919690 0.2909683 0.2822222 0.3044897 0.6179200 0.4728445 
Nakaseomyces_castellii             0.4077574 0.3880526 0.4180720 0.0000000 0.4613001 0.4146936 0.4639552 0.4692747 0.4437312 0.4556715 0.4440949 0.4500501 0.4520173 0.6454284 0.5795203 
Nakaseomyces_delphensis            0.1060073 0.3754600 0.0838312 0.4613001 0.0000000 0.0868191 0.3252253 0.3265721 0.3317998 0.3146460 0.3178068 0.3181746 0.3225213 0.6211164 0.4792350 
Nakaseomyces_nivariensis           0.0808467 0.3603013 0.0429311 0.4146936 0.0868191 0.0000000 0.2944716 0.3033968 0.3093495 0.2865129 0.2975881 0.2842957 0.3036969 0.5918232 0.4624281 
Saccharomyces_arboricola           0.3063209 0.4037093 0.2942744 0.4639552 0.3252253 0.2944716 0.0000000 0.0591245 0.0863505 0.0570158 0.0579311 0.0498389 0.0740692 0.6606236 0.5570085 
Saccharomyces_cerevisiae           0.2992441 0.4033576 0.2922094 0.4692747 0.3265721 0.3033968 0.0591245 0.0000000 0.0856798 0.0571780 0.0500671 0.0232005 0.0764029 0.6553789 0.5416724 
Saccharomyces_eubayanus            0.3143964 0.3963854 0.3154334 0.4437312 0.3317998 0.3093495 0.0863505 0.0856798 0.0000000 0.0954847 0.0915902 0.0761124 0.0452690 0.6391856 0.5512003 
Saccharomyces_kudriavzevii         0.2936205 0.4062033 0.2919690 0.4556715 0.3146460 0.2865129 0.0570158 0.0571780 0.0954847 0.0000000 0.0543407 0.0463249 0.0774152 0.6579380 0.5332774 
Saccharomyces_mikatae              0.2916761 0.3921993 0.2909683 0.4440949 0.3178068 0.2975881 0.0579311 0.0500671 0.0915902 0.0543407 0.0000000 0.0396752 0.0676943 0.6350796 0.5301113 
Saccharomyces_paradoxus            0.2911703 0.3928740 0.2822222 0.4500501 0.3181746 0.2842957 0.0498389 0.0232005 0.0761124 0.0463249 0.0396752 0.0000000 0.0609634 0.6454560 0.5249794 
Saccharomyces_uvarum               0.3059254 0.4012757 0.3044897 0.4520173 0.3225213 0.3036969 0.0740692 0.0764029 0.0452690 0.0774152 0.0676943 0.0609634 0.0000000 0.6563302 0.5363427 
Tetrapisispora_blattae             0.5963779 0.6613477 0.6179200 0.6454284 0.6211164 0.5918232 0.6606236 0.6553789 0.6391856 0.6579380 0.6350796 0.6454560 0.6563302 0.0000000 0.6032835 
yHMPu5000035629_Yueomyces_sinensis 0.4482929 0.5461043 0.4728445 0.5795203 0.4792350 0.4624281 0.5570085 0.5416724 0.5512003 0.5332774 0.5301113 0.5249794 0.5363427 0.6032835 0.0000000 
