15
Candida_glabrata                   0.0000000 0.8050620 0.4790475 1.3753496 0.4858517 0.4613492 0.5668708 0.5136337 0.5701380 0.5598926 0.5403220 0.5353922 0.5327111 0.6562626 0.8712977 
Nakaseomyces_bacillisporus         0.8050620 0.0000000 0.7268020 1.3713294 0.7144599 0.6749582 0.7162563 0.6717549 0.7591215 0.7573598 0.7290695 0.7486972 0.7711568 0.7705256 1.0500981 
Nakaseomyces_bracarensis           0.4790475 0.7268020 0.0000000 1.4504215 0.1166569 0.0880213 0.5798471 0.5389718 0.5861736 0.6049277 0.5898592 0.5709435 0.5696921 0.6548409 0.9545856 
Nakaseomyces_castellii             1.3753496 1.3713294 1.4504215 0.0000000 1.4502266 1.4562283 1.2211640 1.2047714 1.2052835 1.2032555 1.2271996 1.2642951 1.2107870 1.2874690 1.5546720 
Nakaseomyces_delphensis            0.4858517 0.7144599 0.1166569 1.4502266 0.0000000 0.1069049 0.5633084 0.5066512 0.5422121 0.5617275 0.5573339 0.5561282 0.5298993 0.6608791 1.0023275 
Nakaseomyces_nivariensis           0.4613492 0.6749582 0.0880213 1.4562283 0.1069049 0.0000000 0.5020568 0.4654139 0.5026580 0.5455910 0.5159468 0.5195290 0.5052295 0.5623010 0.8675045 
Saccharomyces_arboricola           0.5668708 0.7162563 0.5798471 1.2211640 0.5633084 0.5020568 0.0000000 0.1259216 0.1394020 0.1424524 0.1337027 0.1420525 0.1235520 0.5992449 0.8500176 
Saccharomyces_cerevisiae           0.5136337 0.6717549 0.5389718 1.2047714 0.5066512 0.4654139 0.1259216 0.0000000 0.1153985 0.1132922 0.0635672 0.0580944 0.1230100 0.5855729 0.8465992 
Saccharomyces_eubayanus            0.5701380 0.7591215 0.5861736 1.2052835 0.5422121 0.5026580 0.1394020 0.1153985 0.0000000 0.1184253 0.1531982 0.1634119 0.0310798 0.6307574 0.9007443 
Saccharomyces_kudriavzevii         0.5598926 0.7573598 0.6049277 1.2032555 0.5617275 0.5455910 0.1424524 0.1132922 0.1184253 0.0000000 0.1301638 0.1453467 0.1174440 0.6028720 0.9040621 
Saccharomyces_mikatae              0.5403220 0.7290695 0.5898592 1.2271996 0.5573339 0.5159468 0.1337027 0.0635672 0.1531982 0.1301638 0.0000000 0.1078709 0.1444859 0.5775904 0.8451678 
Saccharomyces_paradoxus            0.5353922 0.7486972 0.5709435 1.2642951 0.5561282 0.5195290 0.1420525 0.0580944 0.1634119 0.1453467 0.1078709 0.0000000 0.1636003 0.6604498 0.8681771 
Saccharomyces_uvarum               0.5327111 0.7711568 0.5696921 1.2107870 0.5298993 0.5052295 0.1235520 0.1230100 0.0310798 0.1174440 0.1444859 0.1636003 0.0000000 0.6089213 0.9121106 
Tetrapisispora_blattae             0.6562626 0.7705256 0.6548409 1.2874690 0.6608791 0.5623010 0.5992449 0.5855729 0.6307574 0.6028720 0.5775904 0.6604498 0.6089213 0.0000000 0.7125151 
yHMPu5000035629_Yueomyces_sinensis 0.8712977 1.0500981 0.9545856 1.5546720 1.0023275 0.8675045 0.8500176 0.8465992 0.9007443 0.9040621 0.8451678 0.8681771 0.9121106 0.7125151 0.0000000 
