15
Candida_glabrata                   0.0000000 0.1135408 0.0209751 0.1328229 0.0339973 0.0298754 0.1117792 0.1096327 0.1147655 0.1300974 0.1004483 0.1050892 0.1147655 0.2718533 0.1451915 
Nakaseomyces_bacillisporus         0.1135408 0.0000000 0.1081103 0.1145012 0.1137729 0.1096357 0.1309545 0.1284222 0.1336494 0.1498340 0.1241263 0.1238840 0.1336494 0.2713941 0.1324428 
Nakaseomyces_bracarensis           0.0209751 0.1081103 0.0000000 0.1260817 0.0166015 0.0124071 0.1207521 0.1184366 0.1235890 0.1392404 0.1092899 0.1139172 0.1235890 0.2632787 0.1388658 
Nakaseomyces_castellii             0.1328229 0.1145012 0.1260817 0.0000000 0.1318995 0.1276887 0.1241370 0.1386440 0.1440905 0.1612816 0.1329940 0.1339626 0.1440905 0.3075772 0.1711347 
Nakaseomyces_delphensis            0.0339973 0.1137729 0.0166015 0.1318995 0.0000000 0.0082904 0.1267158 0.1242566 0.1294897 0.1455725 0.1150158 0.1196941 0.1294897 0.2597676 0.1432352 
Nakaseomyces_nivariensis           0.0298754 0.1096357 0.0124071 0.1276887 0.0082904 0.0000000 0.1224958 0.1201143 0.1253435 0.1412905 0.1108451 0.1155354 0.1253435 0.2457174 0.1403424 
Saccharomyces_arboricola           0.1117792 0.1309545 0.1207521 0.1241370 0.1267158 0.1224958 0.0000000 0.0208542 0.0166458 0.0309626 0.0337112 0.0166711 0.0166458 0.2671128 0.1861903 
Saccharomyces_cerevisiae           0.1096327 0.1284222 0.1184366 0.1386440 0.1242566 0.1201143 0.0208542 0.0000000 0.0123875 0.0175388 0.0124306 0.0041038 0.0123875 0.2745877 0.1882497 
Saccharomyces_eubayanus            0.1147655 0.1336494 0.1235890 0.1440905 0.1294897 0.1253435 0.0166458 0.0123875 0.0000000 0.0219031 0.0250340 0.0082515 0.0000010 0.2809220 0.1940305 
Saccharomyces_kudriavzevii         0.1300974 0.1498340 0.1392404 0.1612816 0.1455725 0.1412905 0.0309626 0.0175388 0.0219031 0.0000000 0.0309947 0.0219387 0.0219031 0.3054943 0.2138296 
Saccharomyces_mikatae              0.1004483 0.1241263 0.1092899 0.1329940 0.1150158 0.1108451 0.0337112 0.0124306 0.0250340 0.0309947 0.0000000 0.0165922 0.0250340 0.2711433 0.1784849 
Saccharomyces_paradoxus            0.1050892 0.1238840 0.1139172 0.1339626 0.1196941 0.1155354 0.0166711 0.0041038 0.0082515 0.0219387 0.0165922 0.0000000 0.0082515 0.2697326 0.1835102 
Saccharomyces_uvarum               0.1147655 0.1336494 0.1235890 0.1440905 0.1294897 0.1253435 0.0166458 0.0123875 0.0000010 0.0219031 0.0250340 0.0082515 0.0000000 0.2809220 0.1940305 
Tetrapisispora_blattae             0.2718533 0.2713941 0.2632787 0.3075772 0.2597676 0.2457174 0.2671128 0.2745877 0.2809220 0.3054943 0.2711433 0.2697326 0.2809220 0.0000000 0.2719654 
yHMPu5000035629_Yueomyces_sinensis 0.1451915 0.1324428 0.1388658 0.1711347 0.1432352 0.1403424 0.1861903 0.1882497 0.1940305 0.2138296 0.1784849 0.1835102 0.1940305 0.2719654 0.0000000 
