15
Candida_glabrata                   0.0000000 0.6682628 0.1837688 0.8851827 0.2634530 0.2488223 0.4946125 0.5086859 0.5580865 0.5201193 0.5283387 0.5141076 0.4488087 0.4563707 0.5255520 
Nakaseomyces_bacillisporus         0.6682628 0.0000000 0.5353088 0.8225358 0.5262440 0.6052652 0.4619578 0.4576624 0.5385956 0.5403101 0.4594102 0.4844935 0.5034046 0.5285133 0.4350347 
Nakaseomyces_bracarensis           0.1837688 0.5353088 0.0000000 0.8729228 0.0844919 0.0765481 0.4029161 0.3915072 0.3655251 0.3862061 0.3868879 0.3569122 0.3710805 0.4014486 0.4361527 
Nakaseomyces_castellii             0.8851827 0.8225358 0.8729228 0.0000000 0.9466675 0.9372969 0.8002110 0.8118992 0.8817261 0.8056926 0.7979166 0.8171201 0.8269693 0.9179690 0.8761332 
Nakaseomyces_delphensis            0.2634530 0.5262440 0.0844919 0.9466675 0.0000000 0.1100643 0.4417655 0.4659181 0.5050236 0.4174582 0.4677697 0.4462033 0.4047070 0.4959190 0.4574981 
Nakaseomyces_nivariensis           0.2488223 0.6052652 0.0765481 0.9372969 0.1100643 0.0000000 0.4524535 0.4569990 0.5084981 0.3994552 0.4468867 0.4494972 0.4131993 0.4480131 0.5139672 
Saccharomyces_arboricola           0.4946125 0.4619578 0.4029161 0.8002110 0.4417655 0.4524535 0.0000000 0.1069712 0.1101354 0.1051259 0.0896118 0.0875219 0.0599584 0.4287835 0.4399500 
Saccharomyces_cerevisiae           0.5086859 0.4576624 0.3915072 0.8118992 0.4659181 0.4569990 0.1069712 0.0000000 0.1302418 0.1041835 0.0755588 0.0468830 0.1030731 0.4493961 0.4420963 
Saccharomyces_eubayanus            0.5580865 0.5385956 0.3655251 0.8817261 0.5050236 0.5084981 0.1101354 0.1302418 0.0000000 0.0919092 0.1208867 0.1096982 0.0213664 0.4321273 0.4960064 
Saccharomyces_kudriavzevii         0.5201193 0.5403101 0.3862061 0.8056926 0.4174582 0.3994552 0.1051259 0.1041835 0.0919092 0.0000000 0.0884283 0.0875328 0.0957081 0.4193501 0.4470667 
Saccharomyces_mikatae              0.5283387 0.4594102 0.3868879 0.7979166 0.4677697 0.4468867 0.0896118 0.0755588 0.1208867 0.0884283 0.0000000 0.0560469 0.0969647 0.4625114 0.4705826 
Saccharomyces_paradoxus            0.5141076 0.4844935 0.3569122 0.8171201 0.4462033 0.4494972 0.0875219 0.0468830 0.1096982 0.0875328 0.0560469 0.0000000 0.0723180 0.4488390 0.4358619 
Saccharomyces_uvarum               0.4488087 0.5034046 0.3710805 0.8269693 0.4047070 0.4131993 0.0599584 0.1030731 0.0213664 0.0957081 0.0969647 0.0723180 0.0000000 0.3954809 0.3970843 
Tetrapisispora_blattae             0.4563707 0.5285133 0.4014486 0.9179690 0.4959190 0.4480131 0.4287835 0.4493961 0.4321273 0.4193501 0.4625114 0.4488390 0.3954809 0.0000000 0.3629509 
yHMPu5000035629_Yueomyces_sinensis 0.5255520 0.4350347 0.4361527 0.8761332 0.4574981 0.5139672 0.4399500 0.4420963 0.4960064 0.4470667 0.4705826 0.4358619 0.3970843 0.3629509 0.0000000 
