15
Candida_glabrata                   0.0000000 0.1888618 0.1106900 0.2900608 0.1246226 0.1125720 0.1961195 0.1813530 0.1847927 0.1926705 0.1870153 0.1746563 0.1824055 0.2161244 0.2100682 
Nakaseomyces_bacillisporus         0.1888618 0.0000000 0.1865276 0.2596080 0.1865658 0.1962990 0.1663281 0.1549250 0.1637151 0.1630402 0.1618668 0.1516785 0.1615075 0.1857071 0.2040006 
Nakaseomyces_bracarensis           0.1106900 0.1865276 0.0000000 0.2814769 0.0465427 0.0299726 0.1643525 0.1551018 0.1656087 0.1680371 0.1687652 0.1547895 0.1633620 0.1920071 0.2009491 
Nakaseomyces_castellii             0.2900608 0.2596080 0.2814769 0.0000000 0.2950974 0.2983341 0.2658800 0.2536142 0.2722660 0.2718904 0.2757406 0.2602754 0.2692386 0.2941303 0.2825559 
Nakaseomyces_delphensis            0.1246226 0.1865658 0.0465427 0.2950974 0.0000000 0.0336759 0.1690237 0.1477597 0.1616431 0.1639975 0.1591586 0.1538437 0.1594601 0.1918109 0.1963087 
Nakaseomyces_nivariensis           0.1125720 0.1962990 0.0299726 0.2983341 0.0336759 0.0000000 0.1671287 0.1580126 0.1644572 0.1668423 0.1675758 0.1538302 0.1622488 0.1900672 0.2006684 
Saccharomyces_arboricola           0.1961195 0.1663281 0.1643525 0.2658800 0.1690237 0.1671287 0.0000000 0.0392038 0.0335531 0.0478186 0.0354707 0.0371594 0.0317424 0.1166351 0.1416495 
Saccharomyces_cerevisiae           0.1813530 0.1549250 0.1551018 0.2536142 0.1477597 0.1580126 0.0392038 0.0000000 0.0373955 0.0463531 0.0319784 0.0191978 0.0355638 0.1235366 0.1531371 
Saccharomyces_eubayanus            0.1847927 0.1637151 0.1656087 0.2722660 0.1616431 0.1644572 0.0335531 0.0373955 0.0000000 0.0459608 0.0336743 0.0353656 0.0051673 0.1254871 0.1420258 
Saccharomyces_kudriavzevii         0.1926705 0.1630402 0.1680371 0.2718904 0.1639975 0.1668423 0.0478186 0.0463531 0.0459608 0.0000000 0.0430113 0.0405312 0.0440725 0.1317580 0.1543113 
Saccharomyces_mikatae              0.1870153 0.1618668 0.1687652 0.2757406 0.1591586 0.1675758 0.0354707 0.0319784 0.0336743 0.0430113 0.0000000 0.0264505 0.0318569 0.1283124 0.1478590 
Saccharomyces_paradoxus            0.1746563 0.1516785 0.1547895 0.2602754 0.1538437 0.1538302 0.0371594 0.0191978 0.0353656 0.0405312 0.0264505 0.0000000 0.0335497 0.1273262 0.1404398 
Saccharomyces_uvarum               0.1824055 0.1615075 0.1633620 0.2692386 0.1594601 0.1622488 0.0317424 0.0355638 0.0051673 0.0440725 0.0318569 0.0335497 0.0000000 0.1192355 0.1402085 
Tetrapisispora_blattae             0.2161244 0.1857071 0.1920071 0.2941303 0.1918109 0.1900672 0.1166351 0.1235366 0.1254871 0.1317580 0.1283124 0.1273262 0.1192355 0.0000000 0.1265080 
yHMPu5000035629_Yueomyces_sinensis 0.2100682 0.2040006 0.2009491 0.2825559 0.1963087 0.2006684 0.1416495 0.1531371 0.1420258 0.1543113 0.1478590 0.1404398 0.1402085 0.1265080 0.0000000 
