14
Candida_glabrata                   0.0000000 0.0646949 0.0412505 0.0769934 0.0490503 0.0376157 0.0731324 0.0728250 0.0731717 0.0730477 0.0728250 0.0653465 0.0850831 0.0860208 
Nakaseomyces_bacillisporus         0.0646949 0.0000000 0.0928337 0.0880247 0.0799877 0.0761534 0.1001899 0.1003919 0.1043468 0.1041734 0.1003919 0.0964253 0.0927603 0.1015467 
Nakaseomyces_bracarensis           0.0412505 0.0928337 0.0000000 0.0771652 0.0337379 0.0337963 0.0893494 0.0930784 0.0855548 0.0933389 0.0930784 0.0855452 0.1100658 0.1070097 
Nakaseomyces_castellii             0.0769934 0.0880247 0.0771652 0.0000000 0.0881243 0.0724315 0.0800326 0.0801943 0.0878693 0.0799417 0.0801943 0.0800671 0.0968348 0.1134817 
Nakaseomyces_delphensis            0.0490503 0.0799877 0.0337379 0.0881243 0.0000000 0.0297612 0.0845027 0.0923045 0.0845486 0.0922543 0.0923045 0.0845393 0.1054865 0.1066941 
Nakaseomyces_nivariensis           0.0376157 0.0761534 0.0337963 0.0724315 0.0297612 0.0000000 0.0806669 0.0884646 0.0885648 0.0884163 0.0884646 0.0807019 0.1090014 0.1102025 
Saccharomyces_arboricola           0.0731324 0.1001899 0.0893494 0.0800326 0.0845027 0.0806669 0.0000000 0.0221419 0.0297335 0.0147430 0.0221419 0.0297335 0.0801111 0.0972435 
Saccharomyces_cerevisiae           0.0728250 0.1003919 0.0930784 0.0801943 0.0923045 0.0884646 0.0221419 0.0000000 0.0297614 0.0221900 0.0000010 0.0222767 0.0802045 0.0971096 
Saccharomyces_eubayanus            0.0731717 0.1043468 0.0855548 0.0878693 0.0845486 0.0885648 0.0297335 0.0297614 0.0000000 0.0222134 0.0297614 0.0073596 0.0961961 0.0970471 
Saccharomyces_kudriavzevii         0.0730477 0.1041734 0.0933389 0.0799417 0.0922543 0.0884163 0.0147430 0.0221900 0.0222134 0.0000000 0.0221900 0.0222133 0.0843886 0.0851385 
Saccharomyces_mikatae              0.0728250 0.1003919 0.0930784 0.0801943 0.0923045 0.0884646 0.0221419 0.0000010 0.0297614 0.0221900 0.0000000 0.0222767 0.0802045 0.0971096 
Saccharomyces_uvarum               0.0653465 0.0964253 0.0855452 0.0800671 0.0845393 0.0807019 0.0297335 0.0222767 0.0073596 0.0222133 0.0222767 0.0000000 0.0883246 0.0891056 
Tetrapisispora_blattae             0.0850831 0.0927603 0.1100658 0.0968348 0.1054865 0.1090014 0.0801111 0.0802045 0.0961961 0.0843886 0.0802045 0.0883246 0.0000000 0.0720369 
yHMPu5000035629_Yueomyces_sinensis 0.0860208 0.1015467 0.1070097 0.1134817 0.1066941 0.1102025 0.0972435 0.0971096 0.0970471 0.0851385 0.0971096 0.0891056 0.0720369 0.0000000 
