15
Candida_glabrata                   0.0000000 0.2041736 0.1240470 0.2059902 0.1096165 0.1250392 0.1684050 0.1588693 0.1740565 0.1733394 0.1593400 0.1635536 0.1608325 0.2156920 0.2642372 
Nakaseomyces_bacillisporus         0.2041736 0.0000000 0.2379574 0.1651557 0.2223792 0.2237882 0.1785425 0.1789869 0.1822408 0.1868164 0.1717362 0.1740611 0.1757022 0.2420614 0.2761289 
Nakaseomyces_bracarensis           0.1240470 0.2379574 0.0000000 0.2429178 0.0296983 0.0324594 0.2266537 0.2181437 0.2295509 0.2290705 0.2195641 0.2228928 0.2254190 0.2613215 0.3027795 
Nakaseomyces_castellii             0.2059902 0.1651557 0.2429178 0.0000000 0.2384008 0.2409251 0.2127058 0.1981238 0.1995070 0.1978910 0.1986822 0.2026616 0.1943333 0.2540437 0.2911629 
Nakaseomyces_delphensis            0.1096165 0.2223792 0.0296983 0.2384008 0.0000000 0.0416440 0.2179749 0.2154511 0.2194006 0.2223811 0.2076251 0.2142585 0.2133130 0.2439942 0.2814844 
Nakaseomyces_nivariensis           0.1250392 0.2237882 0.0324594 0.2409251 0.0416440 0.0000000 0.2044967 0.2025769 0.2070222 0.2132105 0.2040375 0.2072573 0.2096119 0.2478911 0.2962635 
Saccharomyces_arboricola           0.1684050 0.1785425 0.2266537 0.2127058 0.2179749 0.2044967 0.0000000 0.0201479 0.0249613 0.0223613 0.0200070 0.0178811 0.0201928 0.2414888 0.2843708 
Saccharomyces_cerevisiae           0.1588693 0.1789869 0.2181437 0.1981238 0.2154511 0.2025769 0.0201479 0.0000000 0.0250058 0.0156411 0.0066202 0.0065993 0.0156394 0.2350033 0.2794656 
Saccharomyces_eubayanus            0.1740565 0.1822408 0.2295509 0.1995070 0.2194006 0.2070222 0.0249613 0.0250058 0.0000000 0.0247640 0.0204428 0.0272612 0.0089020 0.2353427 0.2821425 
Saccharomyces_kudriavzevii         0.1733394 0.1868164 0.2290705 0.1978910 0.2223811 0.2132105 0.0223613 0.0156411 0.0247640 0.0000000 0.0133238 0.0133854 0.0201799 0.2368543 0.2774706 
Saccharomyces_mikatae              0.1593400 0.1717362 0.2195641 0.1986822 0.2076251 0.2040375 0.0200070 0.0066202 0.0204428 0.0133238 0.0000000 0.0088238 0.0111603 0.2270376 0.2709819 
Saccharomyces_paradoxus            0.1635536 0.1740611 0.2228928 0.2026616 0.2142585 0.2072573 0.0178811 0.0065993 0.0272612 0.0133854 0.0088238 0.0000000 0.0178649 0.2320532 0.2813497 
Saccharomyces_uvarum               0.1608325 0.1757022 0.2254190 0.1943333 0.2133130 0.2096119 0.0201928 0.0156394 0.0089020 0.0201799 0.0111603 0.0178649 0.0000000 0.2341266 0.2784814 
Tetrapisispora_blattae             0.2156920 0.2420614 0.2613215 0.2540437 0.2439942 0.2478911 0.2414888 0.2350033 0.2353427 0.2368543 0.2270376 0.2320532 0.2341266 0.0000000 0.0885203 
yHMPu5000035629_Yueomyces_sinensis 0.2642372 0.2761289 0.3027795 0.2911629 0.2814844 0.2962635 0.2843708 0.2794656 0.2821425 0.2774706 0.2709819 0.2813497 0.2784814 0.0885203 0.0000000 
