15
Candida_glabrata                   0.0000000 0.3038796 0.1498735 0.3681424 0.1825166 0.1777363 0.2609918 0.2576068 0.2370959 0.2421757 0.2643125 0.2536101 0.2417753 0.3269891 0.4158817 
Nakaseomyces_bacillisporus         0.3038796 0.0000000 0.3129002 0.2829711 0.3458092 0.3805183 0.2966233 0.2826060 0.2817240 0.2791034 0.2920826 0.2771851 0.2893547 0.3209556 0.3992588 
Nakaseomyces_bracarensis           0.1498735 0.3129002 0.0000000 0.3738674 0.1039847 0.0879699 0.2794341 0.3023011 0.2521209 0.2938394 0.3149304 0.3066516 0.2465149 0.3746596 0.4426510 
Nakaseomyces_castellii             0.3681424 0.2829711 0.3738674 0.0000000 0.4120215 0.4691493 0.2728439 0.2877344 0.2654463 0.3035333 0.2961839 0.2799239 0.2609477 0.2687489 0.3788489 
Nakaseomyces_delphensis            0.1825166 0.3458092 0.1039847 0.4120215 0.0000000 0.0739256 0.3317122 0.3351457 0.3112696 0.3248634 0.3496767 0.3466484 0.3009141 0.3908748 0.4820854 
Nakaseomyces_nivariensis           0.1777363 0.3805183 0.0879699 0.4691493 0.0739256 0.0000000 0.3708354 0.3723682 0.3313476 0.3665830 0.3755019 0.3858462 0.3200223 0.4059893 0.4936277 
Saccharomyces_arboricola           0.2609918 0.2966233 0.2794341 0.2728439 0.3317122 0.3708354 0.0000000 0.0603028 0.0569092 0.0578385 0.0600688 0.0567729 0.0538239 0.2525449 0.3161788 
Saccharomyces_cerevisiae           0.2576068 0.2826060 0.3023011 0.2877344 0.3351457 0.3723682 0.0603028 0.0000000 0.0674111 0.0479497 0.0259265 0.0171485 0.0609108 0.2396536 0.3280640 
Saccharomyces_eubayanus            0.2370959 0.2817240 0.2521209 0.2654463 0.3112696 0.3313476 0.0569092 0.0674111 0.0000000 0.0546164 0.0663617 0.0671052 0.0141951 0.2540540 0.3259418 
Saccharomyces_kudriavzevii         0.2421757 0.2791034 0.2938394 0.3035333 0.3248634 0.3665830 0.0578385 0.0479497 0.0546164 0.0000000 0.0512944 0.0478205 0.0518040 0.2465602 0.3129018 
Saccharomyces_mikatae              0.2643125 0.2920826 0.3149304 0.2961839 0.3496767 0.3755019 0.0600688 0.0259265 0.0663617 0.0512944 0.0000000 0.0317360 0.0632493 0.2610072 0.3364407 
Saccharomyces_paradoxus            0.2536101 0.2771851 0.3066516 0.2799239 0.3466484 0.3858462 0.0567729 0.0171485 0.0671052 0.0478205 0.0317360 0.0000000 0.0639564 0.2429266 0.3372694 
Saccharomyces_uvarum               0.2417753 0.2893547 0.2465149 0.2609477 0.3009141 0.3200223 0.0538239 0.0609108 0.0141951 0.0518040 0.0632493 0.0639564 0.0000000 0.2389501 0.3179051 
Tetrapisispora_blattae             0.3269891 0.3209556 0.3746596 0.2687489 0.3908748 0.4059893 0.2525449 0.2396536 0.2540540 0.2465602 0.2610072 0.2429266 0.2389501 0.0000000 0.2331236 
yHMPu5000035629_Yueomyces_sinensis 0.4158817 0.3992588 0.4426510 0.3788489 0.4820854 0.4936277 0.3161788 0.3280640 0.3259418 0.3129018 0.3364407 0.3372694 0.3179051 0.2331236 0.0000000 
