15
Candida_glabrata                   0.0000000 0.3358044 0.2026760 0.7183079 0.1879122 0.2033701 0.5932509 0.5294686 0.6089778 0.5939067 0.6135890 0.5429147 0.6089778 0.4957465 0.4328765 
Nakaseomyces_bacillisporus         0.3358044 0.0000000 0.3337262 0.4631764 0.3802464 0.3232701 0.4337766 0.4237636 0.4163959 0.3816478 0.3954857 0.4055685 0.4163959 0.2544654 0.3172444 
Nakaseomyces_bracarensis           0.2026760 0.3337262 0.0000000 0.6347310 0.0977805 0.0592519 0.4261184 0.4137203 0.4036778 0.4221056 0.4460313 0.3986454 0.4036778 0.4280515 0.4181772 
Nakaseomyces_castellii             0.7183079 0.4631764 0.6347310 0.0000000 0.6169415 0.5750873 0.7227793 0.6784424 0.6731240 0.6541426 0.6413858 0.6509648 0.6731240 0.6382391 0.5763422 
Nakaseomyces_delphensis            0.1879122 0.3802464 0.0977805 0.6169415 0.0000000 0.0744325 0.4774310 0.4640927 0.4855150 0.4801400 0.5036837 0.4483720 0.4855150 0.4382448 0.4218684 
Nakaseomyces_nivariensis           0.2033701 0.3232701 0.0592519 0.5750873 0.0744325 0.0000000 0.4681102 0.4321077 0.4492523 0.4404935 0.4543837 0.4166505 0.4492523 0.4211611 0.4248361 
Saccharomyces_arboricola           0.5932509 0.4337766 0.4261184 0.7227793 0.4774310 0.4681102 0.0000000 0.0536225 0.0460365 0.0468518 0.0649746 0.0464048 0.0460365 0.2867617 0.3426352 
Saccharomyces_cerevisiae           0.5294686 0.4237636 0.4137203 0.6784424 0.4640927 0.4321077 0.0536225 0.0000000 0.0537854 0.0280021 0.0452503 0.0109206 0.0537854 0.2719374 0.2836528 
Saccharomyces_eubayanus            0.6089778 0.4163959 0.4036778 0.6731240 0.4855150 0.4492523 0.0460365 0.0537854 0.0000000 0.0346597 0.0524529 0.0465503 0.0000010 0.2701595 0.3342503 
Saccharomyces_kudriavzevii         0.5939067 0.3816478 0.4221056 0.6541426 0.4801400 0.4404935 0.0468518 0.0280021 0.0346597 0.0000000 0.0273410 0.0218244 0.0346597 0.2688018 0.3014073 
Saccharomyces_mikatae              0.6135890 0.3954857 0.4460313 0.6413858 0.5036837 0.4543837 0.0649746 0.0452503 0.0524529 0.0273410 0.0000000 0.0385846 0.0524529 0.2860000 0.3212129 
Saccharomyces_paradoxus            0.5429147 0.4055685 0.3986454 0.6509648 0.4483720 0.4166505 0.0464048 0.0109206 0.0465503 0.0218244 0.0385846 0.0000000 0.0465503 0.2829960 0.2972025 
Saccharomyces_uvarum               0.6089778 0.4163959 0.4036778 0.6731240 0.4855150 0.4492523 0.0460365 0.0537854 0.0000010 0.0346597 0.0524529 0.0465503 0.0000000 0.2701595 0.3342503 
Tetrapisispora_blattae             0.4957465 0.2544654 0.4280515 0.6382391 0.4382448 0.4211611 0.2867617 0.2719374 0.2701595 0.2688018 0.2860000 0.2829960 0.2701595 0.0000000 0.1657883 
yHMPu5000035629_Yueomyces_sinensis 0.4328765 0.3172444 0.4181772 0.5763422 0.4218684 0.4248361 0.3426352 0.2836528 0.3342503 0.3014073 0.3212129 0.2972025 0.3342503 0.1657883 0.0000000 
