15
Candida_glabrata                   0.0000000 0.3500896 0.1065078 0.4219268 0.1424869 0.1541180 0.2558030 0.2974327 0.2481683 0.2710419 0.2789654 0.2795600 0.2526015 0.4615086 0.4686671 
Nakaseomyces_bacillisporus         0.3500896 0.0000000 0.3762381 0.3667657 0.3546118 0.3687008 0.3401697 0.3589821 0.3493520 0.3890060 0.3494226 0.3581034 0.3614203 0.6698978 0.6452800 
Nakaseomyces_bracarensis           0.1065078 0.3762381 0.0000000 0.4234824 0.1040006 0.1019092 0.2550881 0.3004385 0.2673910 0.2757373 0.2790219 0.2820991 0.2627393 0.4100290 0.4243332 
Nakaseomyces_castellii             0.4219268 0.3667657 0.4234824 0.0000000 0.4091060 0.4462318 0.5086023 0.5345054 0.4599476 0.5396118 0.5225859 0.5150097 0.4703876 0.7485872 0.6425151 
Nakaseomyces_delphensis            0.1424869 0.3546118 0.1040006 0.4091060 0.0000000 0.0689224 0.2725483 0.3154754 0.2912265 0.2840396 0.2832011 0.2671035 0.2942988 0.4342965 0.4461377 
Nakaseomyces_nivariensis           0.1541180 0.3687008 0.1019092 0.4462318 0.0689224 0.0000000 0.2659146 0.3028958 0.2745999 0.2887117 0.2737632 0.2700617 0.2766454 0.4270435 0.4538796 
Saccharomyces_arboricola           0.2558030 0.3401697 0.2550881 0.5086023 0.2725483 0.2659146 0.0000000 0.0950072 0.0510579 0.0636588 0.0540132 0.0674504 0.0562571 0.4838867 0.4927697 
Saccharomyces_cerevisiae           0.2974327 0.3589821 0.3004385 0.5345054 0.3154754 0.3028958 0.0950072 0.0000000 0.1068859 0.1282080 0.1200461 0.0458982 0.0835525 0.4957735 0.5277035 
Saccharomyces_eubayanus            0.2481683 0.3493520 0.2673910 0.4599476 0.2912265 0.2745999 0.0510579 0.1068859 0.0000000 0.0913444 0.0844264 0.0945973 0.0305082 0.5024111 0.5116104 
Saccharomyces_kudriavzevii         0.2710419 0.3890060 0.2757373 0.5396118 0.2840396 0.2887117 0.0636588 0.1282080 0.0913444 0.0000000 0.0814820 0.1028338 0.0968350 0.4880752 0.5166016 
Saccharomyces_mikatae              0.2789654 0.3494226 0.2790219 0.5225859 0.2832011 0.2737632 0.0540132 0.1200461 0.0844264 0.0814820 0.0000000 0.0911728 0.0898287 0.4976881 0.5089670 
Saccharomyces_paradoxus            0.2795600 0.3581034 0.2820991 0.5150097 0.2671035 0.2700617 0.0674504 0.0458982 0.0945973 0.1028338 0.0911728 0.0000000 0.0883643 0.4613846 0.4947297 
Saccharomyces_uvarum               0.2526015 0.3614203 0.2627393 0.4703876 0.2942988 0.2766454 0.0562571 0.0835525 0.0305082 0.0968350 0.0898287 0.0883643 0.0000000 0.4971692 0.5102328 
Tetrapisispora_blattae             0.4615086 0.6698978 0.4100290 0.7485872 0.4342965 0.4270435 0.4838867 0.4957735 0.5024111 0.4880752 0.4976881 0.4613846 0.4971692 0.0000000 0.3097984 
yHMPu5000035629_Yueomyces_sinensis 0.4686671 0.6452800 0.4243332 0.6425151 0.4461377 0.4538796 0.4927697 0.5277035 0.5116104 0.5166016 0.5089670 0.4947297 0.5102328 0.3097984 0.0000000 
