15
Candida_glabrata                   0.0000000 0.7464727 0.2033766 0.7666772 0.2090294 0.1844567 0.5105988 0.5132342 0.5060885 0.5467139 0.5112937 0.5276608 0.5025466 0.5711048 0.5926238 
Nakaseomyces_bacillisporus         0.7464727 0.0000000 0.7084302 0.7101395 0.8224823 0.7633052 0.6124232 0.5869658 0.5952779 0.6123454 0.5962281 0.5912289 0.5856296 0.6842732 0.7198972 
Nakaseomyces_bracarensis           0.2033766 0.7084302 0.0000000 0.8010326 0.0931813 0.0599660 0.5038664 0.5121831 0.5007281 0.5272741 0.5113053 0.5162431 0.4992460 0.5942488 0.5958072 
Nakaseomyces_castellii             0.7666772 0.7101395 0.8010326 0.0000000 0.8165136 0.7811284 0.5747676 0.5365916 0.5675259 0.5784015 0.5520269 0.5434177 0.5664152 0.6467934 0.6531124 
Nakaseomyces_delphensis            0.2090294 0.8224823 0.0931813 0.8165136 0.0000000 0.1062467 0.5507123 0.5653228 0.5559016 0.5689567 0.5672052 0.5706272 0.5541450 0.6368011 0.6420308 
Nakaseomyces_nivariensis           0.1844567 0.7633052 0.0599660 0.7811284 0.1062467 0.0000000 0.5194385 0.5248859 0.5147755 0.5463232 0.5262973 0.5392938 0.5088535 0.6084701 0.6180166 
Saccharomyces_arboricola           0.5105988 0.6124232 0.5038664 0.5747676 0.5507123 0.5194385 0.0000000 0.0685584 0.0601202 0.0661541 0.0670755 0.0771538 0.0523543 0.3916346 0.4084227 
Saccharomyces_cerevisiae           0.5132342 0.5869658 0.5121831 0.5365916 0.5653228 0.5248859 0.0685584 0.0000000 0.0644736 0.0600265 0.0412917 0.0266677 0.0527327 0.3959798 0.4190935 
Saccharomyces_eubayanus            0.5060885 0.5952779 0.5007281 0.5675259 0.5559016 0.5147755 0.0601202 0.0644736 0.0000000 0.0674257 0.0614548 0.0770376 0.0229630 0.3919042 0.4124741 
Saccharomyces_kudriavzevii         0.5467139 0.6123454 0.5272741 0.5784015 0.5689567 0.5463232 0.0661541 0.0600265 0.0674257 0.0000000 0.0598190 0.0606203 0.0572390 0.4154295 0.4248612 
Saccharomyces_mikatae              0.5112937 0.5962281 0.5113053 0.5520269 0.5672052 0.5262973 0.0670755 0.0412917 0.0614548 0.0598190 0.0000000 0.0490041 0.0536208 0.3962689 0.4213447 
Saccharomyces_paradoxus            0.5276608 0.5912289 0.5162431 0.5434177 0.5706272 0.5392938 0.0771538 0.0266677 0.0770376 0.0606203 0.0490041 0.0000000 0.0649209 0.4009216 0.4091985 
Saccharomyces_uvarum               0.5025466 0.5856296 0.4992460 0.5664152 0.5541450 0.5088535 0.0523543 0.0527327 0.0229630 0.0572390 0.0536208 0.0649209 0.0000000 0.3900203 0.4084833 
Tetrapisispora_blattae             0.5711048 0.6842732 0.5942488 0.6467934 0.6368011 0.6084701 0.3916346 0.3959798 0.3919042 0.4154295 0.3962689 0.4009216 0.3900203 0.0000000 0.1944894 
yHMPu5000035629_Yueomyces_sinensis 0.5926238 0.7198972 0.5958072 0.6531124 0.6420308 0.6180166 0.4084227 0.4190935 0.4124741 0.4248612 0.4213447 0.4091985 0.4084833 0.1944894 0.0000000 
