15
Candida_glabrata                   0.0000000 0.1293973 0.0903493 0.1012750 0.1217959 0.1989993 0.1110668 0.1186729 0.1091632 0.1092951 0.1144731 0.1172194 0.1031795 0.1517857 0.1746608 
Nakaseomyces_bacillisporus         0.1293973 0.0000000 0.1537711 0.0865776 0.1678178 0.2541843 0.0917176 0.0923911 0.0837298 0.0913494 0.0853704 0.0902713 0.0828890 0.1261738 0.1467972 
Nakaseomyces_bracarensis           0.0903493 0.1537711 0.0000000 0.1315577 0.0699221 0.1427418 0.1248651 0.1370362 0.1180245 0.1268671 0.1261286 0.1305115 0.1188655 0.1723824 0.1893260 
Nakaseomyces_castellii             0.1012750 0.0865776 0.1315577 0.0000000 0.1474539 0.2439435 0.0685172 0.0721287 0.0690824 0.0709606 0.0707035 0.0726410 0.0684119 0.1069206 0.1386204 
Nakaseomyces_delphensis            0.1217959 0.1678178 0.0699221 0.1474539 0.0000000 0.0816916 0.1408528 0.1443732 0.1303534 0.1434350 0.1432158 0.1407889 0.1285715 0.1620987 0.2132245 
Nakaseomyces_nivariensis           0.1989993 0.2541843 0.1427418 0.2439435 0.0816916 0.0000000 0.2364634 0.2531186 0.2212952 0.2416354 0.2362809 0.2449399 0.2231620 0.2597251 0.3136484 
Saccharomyces_arboricola           0.1110668 0.0917176 0.1248651 0.0685172 0.1408528 0.2364634 0.0000000 0.0242064 0.0214147 0.0253896 0.0179661 0.0148355 0.0163369 0.1017831 0.1224275 
Saccharomyces_cerevisiae           0.1186729 0.0923911 0.1370362 0.0721287 0.1443732 0.2531186 0.0242064 0.0000000 0.0307939 0.0377345 0.0224381 0.0130795 0.0252171 0.0939233 0.1403959 
Saccharomyces_eubayanus            0.1091632 0.0837298 0.1180245 0.0690824 0.1303534 0.2212952 0.0214147 0.0307939 0.0000000 0.0305562 0.0264432 0.0277736 0.0057422 0.1026892 0.1171486 
Saccharomyces_kudriavzevii         0.1092951 0.0913494 0.1268671 0.0709606 0.1434350 0.2416354 0.0253896 0.0377345 0.0305562 0.0000000 0.0258005 0.0288358 0.0275187 0.1112716 0.1226761 
Saccharomyces_mikatae              0.1144731 0.0853704 0.1261286 0.0707035 0.1432158 0.2362809 0.0179661 0.0224381 0.0264432 0.0258005 0.0000000 0.0145799 0.0243618 0.0984190 0.1324721 
Saccharomyces_paradoxus            0.1172194 0.0902713 0.1305115 0.0726410 0.1407889 0.2449399 0.0148355 0.0130795 0.0277736 0.0288358 0.0145799 0.0000000 0.0210898 0.0953939 0.1312380 
Saccharomyces_uvarum               0.1031795 0.0828890 0.1188655 0.0684119 0.1285715 0.2231620 0.0163369 0.0252171 0.0057422 0.0275187 0.0243618 0.0210898 0.0000000 0.0995380 0.1223821 
Tetrapisispora_blattae             0.1517857 0.1261738 0.1723824 0.1069206 0.1620987 0.2597251 0.1017831 0.0939233 0.1026892 0.1112716 0.0984190 0.0953939 0.0995380 0.0000000 0.1177228 
yHMPu5000035629_Yueomyces_sinensis 0.1746608 0.1467972 0.1893260 0.1386204 0.2132245 0.3136484 0.1224275 0.1403959 0.1171486 0.1226761 0.1324721 0.1312380 0.1223821 0.1177228 0.0000000 
