15
Candida_glabrata                   0.0000000 0.3818144 0.1617695 0.4856754 0.1755869 0.1704569 0.4134716 0.4140018 0.3870383 0.4108422 0.4020932 0.4054630 0.4365349 0.5326827 0.7175023 
Nakaseomyces_bacillisporus         0.3818144 0.0000000 0.3433395 0.3781288 0.3715730 0.3495975 0.3710692 0.3415858 0.3638216 0.3448025 0.3310342 0.3338878 0.3938062 0.4548288 0.5811516 
Nakaseomyces_bracarensis           0.1617695 0.3433395 0.0000000 0.4899774 0.0632061 0.0508335 0.4599951 0.4625759 0.4442400 0.4325177 0.4501805 0.4537458 0.4766914 0.5723194 0.7676619 
Nakaseomyces_castellii             0.4856754 0.3781288 0.4899774 0.0000000 0.5043426 0.4955301 0.4494787 0.4598258 0.4597563 0.4606971 0.4509939 0.4510475 0.5088339 0.5977357 0.6129615 
Nakaseomyces_delphensis            0.1755869 0.3715730 0.0632061 0.5043426 0.0000000 0.0499739 0.4785546 0.4812091 0.4689615 0.4616507 0.4683690 0.4720774 0.4956737 0.5975234 0.7636769 
Nakaseomyces_nivariensis           0.1704569 0.3495975 0.0508335 0.4955301 0.0499739 0.0000000 0.4509798 0.4650226 0.4504134 0.4347024 0.4525188 0.4561177 0.4831449 0.5812640 0.7590217 
Saccharomyces_arboricola           0.4134716 0.3710692 0.4599951 0.4494787 0.4785546 0.4509798 0.0000000 0.0664290 0.0540103 0.0646557 0.0664632 0.0607713 0.0561752 0.4848408 0.6073066 
Saccharomyces_cerevisiae           0.4140018 0.3415858 0.4625759 0.4598258 0.4812091 0.4650226 0.0664290 0.0000000 0.0536487 0.0536882 0.0103532 0.0051627 0.0674613 0.5007882 0.6288371 
Saccharomyces_eubayanus            0.3870383 0.3638216 0.4442400 0.4597563 0.4689615 0.4504134 0.0540103 0.0536487 0.0000000 0.0582637 0.0536771 0.0481809 0.0328592 0.4981460 0.6263979 
Saccharomyces_kudriavzevii         0.4108422 0.3448025 0.4325177 0.4606971 0.4616507 0.4347024 0.0646557 0.0536882 0.0582637 0.0000000 0.0537166 0.0482247 0.0720737 0.5047659 0.6677513 
Saccharomyces_mikatae              0.4020932 0.3310342 0.4501805 0.4509939 0.4683690 0.4525188 0.0664632 0.0103532 0.0536771 0.0537166 0.0000000 0.0051658 0.0674964 0.4949988 0.6181209 
Saccharomyces_paradoxus            0.4054630 0.3338878 0.4537458 0.4510475 0.4720774 0.4561177 0.0607713 0.0051627 0.0481809 0.0482247 0.0051658 0.0000000 0.0617241 0.4915958 0.6179845 
Saccharomyces_uvarum               0.4365349 0.3938062 0.4766914 0.5088339 0.4956737 0.4831449 0.0561752 0.0674613 0.0328592 0.0720737 0.0674964 0.0617241 0.0000000 0.5244449 0.6345477 
Tetrapisispora_blattae             0.5326827 0.4548288 0.5723194 0.5977357 0.5975234 0.5812640 0.4848408 0.5007882 0.4981460 0.5047659 0.4949988 0.4915958 0.5244449 0.0000000 0.3941068 
yHMPu5000035629_Yueomyces_sinensis 0.7175023 0.5811516 0.7676619 0.6129615 0.7636769 0.7590217 0.6073066 0.6288371 0.6263979 0.6677513 0.6181209 0.6179845 0.6345477 0.3941068 0.0000000 
