15
Candida_glabrata                   0.0000000 0.2148654 0.0596051 0.2203463 0.0601838 0.0441674 0.1848787 0.1826804 0.1744378 0.1797380 0.1854868 0.1802753 0.1772237 0.2343142 0.2147452 
Nakaseomyces_bacillisporus         0.2148654 0.0000000 0.1873771 0.2177507 0.1872274 0.2172232 0.2249863 0.2237481 0.2286530 0.2242524 0.2290071 0.2209478 0.2315444 0.3144451 0.2952765 
Nakaseomyces_bracarensis           0.0596051 0.1873771 0.0000000 0.2063715 0.0493633 0.0492380 0.1682351 0.1660344 0.1500975 0.1630816 0.1634738 0.1638330 0.1534597 0.2628292 0.2300411 
Nakaseomyces_castellii             0.2203463 0.2177507 0.2063715 0.0000000 0.2226342 0.2240459 0.2172060 0.2180616 0.2147262 0.2152159 0.2239077 0.2196258 0.2070109 0.3470580 0.3437261 
Nakaseomyces_delphensis            0.0601838 0.1872274 0.0493633 0.2226342 0.0000000 0.0398898 0.1704201 0.1679693 0.1528435 0.1649927 0.1666901 0.1657258 0.1589026 0.2364459 0.2018869 
Nakaseomyces_nivariensis           0.0441674 0.2172232 0.0492380 0.2240459 0.0398898 0.0000000 0.1941873 0.1918396 0.1738334 0.1890820 0.1874958 0.1893425 0.1801714 0.2379978 0.2070884 
Saccharomyces_arboricola           0.1848787 0.2249863 0.1682351 0.2172060 0.1704201 0.1941873 0.0000000 0.0195025 0.0426446 0.0138679 0.0251699 0.0198077 0.0367703 0.2809828 0.2712916 
Saccharomyces_cerevisiae           0.1826804 0.2237481 0.1660344 0.2180616 0.1679693 0.1918396 0.0195025 0.0000000 0.0423198 0.0054894 0.0223009 0.0027399 0.0364941 0.2790820 0.2709202 
Saccharomyces_eubayanus            0.1744378 0.2286530 0.1500975 0.2147262 0.1528435 0.1738334 0.0426446 0.0423198 0.0000000 0.0365288 0.0424765 0.0452713 0.0083006 0.2811219 0.2790596 
Saccharomyces_kudriavzevii         0.1797380 0.2242524 0.1630816 0.2152159 0.1649927 0.1890820 0.0138679 0.0054894 0.0365288 0.0000000 0.0166517 0.0082600 0.0307523 0.2766417 0.2683424 
Saccharomyces_mikatae              0.1854868 0.2290071 0.1634738 0.2239077 0.1666901 0.1874958 0.0251699 0.0223009 0.0424765 0.0166517 0.0000000 0.0251650 0.0425138 0.2932371 0.2853348 
Saccharomyces_paradoxus            0.1802753 0.2209478 0.1638330 0.2196258 0.1657258 0.1893425 0.0198077 0.0027399 0.0452713 0.0082600 0.0251650 0.0000000 0.0394160 0.2810053 0.2665998 
Saccharomyces_uvarum               0.1772237 0.2315444 0.1534597 0.2070109 0.1589026 0.1801714 0.0367703 0.0364941 0.0083006 0.0307523 0.0425138 0.0394160 0.0000000 0.2854876 0.2727672 
Tetrapisispora_blattae             0.2343142 0.3144451 0.2628292 0.3470580 0.2364459 0.2379978 0.2809828 0.2790820 0.2811219 0.2766417 0.2932371 0.2810053 0.2854876 0.0000000 0.1325552 
yHMPu5000035629_Yueomyces_sinensis 0.2147452 0.2952765 0.2300411 0.3437261 0.2018869 0.2070884 0.2712916 0.2709202 0.2790596 0.2683424 0.2853348 0.2665998 0.2727672 0.1325552 0.0000000 
