15
Candida_glabrata                   0.0000000 0.4225701 0.1621845 0.4590581 0.1775854 0.1587700 0.3876917 0.3799528 0.3927422 0.3921423 0.3942992 0.4000692 0.3907460 0.3878024 0.3385068 
Nakaseomyces_bacillisporus         0.4225701 0.0000000 0.4114333 0.4670274 0.4419717 0.4080954 0.3968153 0.3919354 0.4071071 0.4064141 0.4093781 0.4095551 0.3975936 0.4244854 0.3710303 
Nakaseomyces_bracarensis           0.1621845 0.4114333 0.0000000 0.4915711 0.1089646 0.0786766 0.4180492 0.4260739 0.4121955 0.4149932 0.4357711 0.4338264 0.4162651 0.3877861 0.3405459 
Nakaseomyces_castellii             0.4590581 0.4670274 0.4915711 0.0000000 0.5287230 0.5195544 0.4811467 0.5117786 0.4804407 0.5313231 0.4829640 0.4973293 0.4754071 0.5086573 0.5021733 
Nakaseomyces_delphensis            0.1775854 0.4419717 0.1089646 0.5287230 0.0000000 0.0764325 0.4250141 0.4308673 0.4221134 0.4121588 0.4490530 0.4475102 0.4176206 0.4193964 0.3665979 
Nakaseomyces_nivariensis           0.1587700 0.4080954 0.0786766 0.5195544 0.0764325 0.0000000 0.4037310 0.4049951 0.4058908 0.4119473 0.4324367 0.4314360 0.4015626 0.4107530 0.3602688 
Saccharomyces_arboricola           0.3876917 0.3968153 0.4180492 0.4811467 0.4250141 0.4037310 0.0000000 0.0566437 0.0333906 0.0625366 0.0507759 0.0543691 0.0420104 0.3263570 0.3367225 
Saccharomyces_cerevisiae           0.3799528 0.3919354 0.4260739 0.5117786 0.4308673 0.4049951 0.0566437 0.0000000 0.0623421 0.0865137 0.0689327 0.0513389 0.0712880 0.3378253 0.3425368 
Saccharomyces_eubayanus            0.3927422 0.4071071 0.4121955 0.4804407 0.4221134 0.4058908 0.0333906 0.0623421 0.0000000 0.0633268 0.0450224 0.0485264 0.0190840 0.3347655 0.3447190 
Saccharomyces_kudriavzevii         0.3921423 0.4064141 0.4149932 0.5313231 0.4121588 0.4119473 0.0625366 0.0865137 0.0633268 0.0000000 0.0805168 0.0771338 0.0707811 0.3261109 0.3403898 
Saccharomyces_mikatae              0.3942992 0.4093781 0.4357711 0.4829640 0.4490530 0.4324367 0.0507759 0.0689327 0.0450224 0.0805168 0.0000000 0.0454621 0.0510509 0.3390374 0.3442858 
Saccharomyces_paradoxus            0.4000692 0.4095551 0.4338264 0.4973293 0.4475102 0.4314360 0.0543691 0.0513389 0.0485264 0.0771338 0.0454621 0.0000000 0.0574673 0.3446772 0.3593844 
Saccharomyces_uvarum               0.3907460 0.3975936 0.4162651 0.4754071 0.4176206 0.4015626 0.0420104 0.0712880 0.0190840 0.0707811 0.0510509 0.0574673 0.0000000 0.3290022 0.3569019 
Tetrapisispora_blattae             0.3878024 0.4244854 0.3877861 0.5086573 0.4193964 0.4107530 0.3263570 0.3378253 0.3347655 0.3261109 0.3390374 0.3446772 0.3290022 0.0000000 0.2792726 
yHMPu5000035629_Yueomyces_sinensis 0.3385068 0.3710303 0.3405459 0.5021733 0.3665979 0.3602688 0.3367225 0.3425368 0.3447190 0.3403898 0.3442858 0.3593844 0.3569019 0.2792726 0.0000000 
