15
Candida_glabrata                   0.0000000 0.0865457 0.0351678 0.1146751 0.0360424 0.0307554 0.0770058 0.0773007 0.0694068 0.0879912 0.0836832 0.0740075 0.0728064 0.0687405 0.0762211 
Nakaseomyces_bacillisporus         0.0865457 0.0000000 0.0779181 0.0973670 0.0876406 0.0828013 0.0806313 0.0808004 0.0850724 0.0900202 0.0845861 0.0810479 0.0836098 0.0841700 0.0923087 
Nakaseomyces_bracarensis           0.0351678 0.0779181 0.0000000 0.1077338 0.0299548 0.0145697 0.0696874 0.0703382 0.0646971 0.0765703 0.0724039 0.0671055 0.0710717 0.0723265 0.0760499 
Nakaseomyces_castellii             0.1146751 0.0973670 0.1077338 0.0000000 0.1101609 0.1121897 0.1203570 0.1163885 0.1164362 0.1194476 0.1168273 0.1173802 0.1171662 0.1076291 0.1244507 
Nakaseomyces_delphensis            0.0360424 0.0876406 0.0299548 0.1101609 0.0000000 0.0290005 0.0916316 0.0846971 0.0777584 0.0904130 0.0830337 0.0813452 0.0778708 0.0666394 0.0714352 
Nakaseomyces_nivariensis           0.0307554 0.0828013 0.0145697 0.1121897 0.0290005 0.0000000 0.0758791 0.0744399 0.0709705 0.0828807 0.0774751 0.0711442 0.0739680 0.0708239 0.0784367 
Saccharomyces_arboricola           0.0770058 0.0806313 0.0696874 0.1203570 0.0916316 0.0758791 0.0000000 0.0213109 0.0279167 0.0249174 0.0266178 0.0205667 0.0311830 0.0817738 0.0945150 
Saccharomyces_cerevisiae           0.0773007 0.0808004 0.0703382 0.1163885 0.0846971 0.0744399 0.0213109 0.0000000 0.0276188 0.0189309 0.0135041 0.0034909 0.0306499 0.0777241 0.0838941 
Saccharomyces_eubayanus            0.0694068 0.0850724 0.0646971 0.1164362 0.0777584 0.0709705 0.0279167 0.0276188 0.0000000 0.0284855 0.0324078 0.0301499 0.0070549 0.0872892 0.0932473 
Saccharomyces_kudriavzevii         0.0879912 0.0900202 0.0765703 0.1194476 0.0904130 0.0828807 0.0249174 0.0189309 0.0284855 0.0000000 0.0243752 0.0212496 0.0330294 0.0899889 0.0948702 
Saccharomyces_mikatae              0.0836832 0.0845861 0.0724039 0.1168273 0.0830337 0.0774751 0.0266178 0.0135041 0.0324078 0.0243752 0.0000000 0.0156992 0.0331011 0.0813668 0.0862420 
Saccharomyces_paradoxus            0.0740075 0.0810479 0.0671055 0.1173802 0.0813452 0.0711442 0.0205667 0.0034909 0.0301499 0.0212496 0.0156992 0.0000000 0.0337553 0.0765572 0.0831552 
Saccharomyces_uvarum               0.0728064 0.0836098 0.0710717 0.1171662 0.0778708 0.0739680 0.0311830 0.0306499 0.0070549 0.0330294 0.0331011 0.0337553 0.0000000 0.0896182 0.0937714 
Tetrapisispora_blattae             0.0687405 0.0841700 0.0723265 0.1076291 0.0666394 0.0708239 0.0817738 0.0777241 0.0872892 0.0899889 0.0813668 0.0765572 0.0896182 0.0000000 0.0692032 
yHMPu5000035629_Yueomyces_sinensis 0.0762211 0.0923087 0.0760499 0.1244507 0.0714352 0.0784367 0.0945150 0.0838941 0.0932473 0.0948702 0.0862420 0.0831552 0.0937714 0.0692032 0.0000000 
