15
Candida_glabrata                   0.0000000 0.2947009 0.0728082 0.3535673 0.0859152 0.0659478 0.1892667 0.1834067 0.1881880 0.1831727 0.1856855 0.1883841 0.1869731 0.2356596 0.2377439 
Nakaseomyces_bacillisporus         0.2947009 0.0000000 0.2985650 0.3527364 0.3217948 0.2936123 0.2066154 0.1985819 0.2037182 0.1983303 0.2020406 0.2006532 0.2053829 0.2313522 0.2516789 
Nakaseomyces_bracarensis           0.0728082 0.2985650 0.0000000 0.3541356 0.0383287 0.0115741 0.1632220 0.1576240 0.1620783 0.1574316 0.1597538 0.1622174 0.1609996 0.2055099 0.2116218 
Nakaseomyces_castellii             0.3535673 0.3527364 0.3541356 0.0000000 0.3632489 0.3528138 0.3129402 0.3074274 0.3155183 0.3072224 0.3089797 0.3080865 0.3154933 0.3347407 0.3410402 
Nakaseomyces_delphensis            0.0859152 0.3217948 0.0383287 0.3632489 0.0000000 0.0321912 0.1750486 0.1694122 0.1739490 0.1733946 0.1715782 0.1741102 0.1728239 0.2236809 0.2294573 
Nakaseomyces_nivariensis           0.0659478 0.2936123 0.0115741 0.3528138 0.0321912 0.0000000 0.1566308 0.1510654 0.1554652 0.1508823 0.1531711 0.1555924 0.1544153 0.2033486 0.2085519 
Saccharomyces_arboricola           0.1892667 0.2066154 0.1632220 0.3129402 0.1750486 0.1566308 0.0000000 0.0057198 0.0057133 0.0086052 0.0071610 0.0071868 0.0071445 0.1187553 0.1234877 
Saccharomyces_cerevisiae           0.1834067 0.1985819 0.1576240 0.3074274 0.1694122 0.1510654 0.0057198 0.0000000 0.0042956 0.0028533 0.0042889 0.0028588 0.0057299 0.1136780 0.1162889 
Saccharomyces_eubayanus            0.1881880 0.2037182 0.1620783 0.3155183 0.1739490 0.1554652 0.0057133 0.0042956 0.0000000 0.0071808 0.0057366 0.0057475 0.0014210 0.1175443 0.1202895 
Saccharomyces_kudriavzevii         0.1831727 0.1983303 0.1574316 0.3072224 0.1733946 0.1508823 0.0086052 0.0028533 0.0071808 0.0000000 0.0071695 0.0057349 0.0086205 0.1135539 0.1161577 
Saccharomyces_mikatae              0.1856855 0.2020406 0.1597538 0.3089797 0.1715782 0.1531711 0.0071610 0.0042889 0.0057366 0.0071695 0.0000000 0.0042888 0.0071737 0.1191070 0.1218973 
Saccharomyces_paradoxus            0.1883841 0.2006532 0.1622174 0.3080865 0.1741102 0.1555924 0.0071868 0.0028588 0.0057475 0.0057349 0.0042888 0.0000000 0.0071875 0.1176103 0.1203609 
Saccharomyces_uvarum               0.1869731 0.2053829 0.1609996 0.3154933 0.1728239 0.1544153 0.0071445 0.0057299 0.0014210 0.0086205 0.0071737 0.0071875 0.0000000 0.1178672 0.1206287 
Tetrapisispora_blattae             0.2356596 0.2313522 0.2055099 0.3347407 0.2236809 0.2033486 0.1187553 0.1136780 0.1175443 0.1135539 0.1191070 0.1176103 0.1178672 0.0000000 0.0500706 
yHMPu5000035629_Yueomyces_sinensis 0.2377439 0.2516789 0.2116218 0.3410402 0.2294573 0.2085519 0.1234877 0.1162889 0.1202895 0.1161577 0.1218973 0.1203609 0.1206287 0.0500706 0.0000000 
