15
Candida_glabrata                   0.0000000 0.7297319 0.1901490 0.8748388 0.2562918 0.2427956 0.6452775 0.6831489 0.6770598 0.6529941 0.6606415 0.7221833 0.6651636 0.9201615 1.3769990 
Nakaseomyces_bacillisporus         0.7297319 0.0000000 0.7104575 0.8701091 0.6870767 0.6569871 0.7141614 0.7288158 0.7159282 0.6870361 0.7271739 0.7594849 0.6856080 0.9158324 1.2232814 
Nakaseomyces_bracarensis           0.1901490 0.7104575 0.0000000 0.8883857 0.1003870 0.0906266 0.6086935 0.6221696 0.6027262 0.6065919 0.6282990 0.6596134 0.5945386 0.8693858 1.4412749 
Nakaseomyces_castellii             0.8748388 0.8701091 0.8883857 0.0000000 0.8496804 0.8965958 0.8635677 0.9492934 0.8656472 0.9048005 0.9089457 0.9877951 0.8622433 0.9793882 1.5245936 
Nakaseomyces_delphensis            0.2562918 0.6870767 0.1003870 0.8496804 0.0000000 0.0924183 0.6001045 0.6237633 0.6035097 0.5885626 0.6229951 0.6498839 0.5852351 0.8304292 1.4376348 
Nakaseomyces_nivariensis           0.2427956 0.6569871 0.0906266 0.8965958 0.0924183 0.0000000 0.5663764 0.5792136 0.5747857 0.5583713 0.5858287 0.6150064 0.5569068 0.8126024 1.4545292 
Saccharomyces_arboricola           0.6452775 0.7141614 0.6086935 0.8635677 0.6001045 0.5663764 0.0000000 0.1700809 0.0989908 0.0832776 0.1434525 0.1453194 0.0858567 0.7854586 1.2773564 
Saccharomyces_cerevisiae           0.6831489 0.7288158 0.6221696 0.9492934 0.6237633 0.5792136 0.1700809 0.0000000 0.2066694 0.1625292 0.1485624 0.0789330 0.1773792 0.7266055 1.2887954 
Saccharomyces_eubayanus            0.6770598 0.7159282 0.6027262 0.8656472 0.6035097 0.5747857 0.0989908 0.2066694 0.0000000 0.1328214 0.1930607 0.1802262 0.0320167 0.8010657 1.2439793 
Saccharomyces_kudriavzevii         0.6529941 0.6870361 0.6065919 0.9048005 0.5885626 0.5583713 0.0832776 0.1625292 0.1328214 0.0000000 0.1563037 0.1578886 0.1243586 0.7765190 1.2581215 
Saccharomyces_mikatae              0.6606415 0.7271739 0.6282990 0.9089457 0.6229951 0.5858287 0.1434525 0.1485624 0.1930607 0.1563037 0.0000000 0.1388990 0.1644558 0.7937030 1.2804177 
Saccharomyces_paradoxus            0.7221833 0.7594849 0.6596134 0.9877951 0.6498839 0.6150064 0.1453194 0.0789330 0.1802262 0.1578886 0.1388990 0.0000000 0.1605316 0.7890537 1.2920420 
Saccharomyces_uvarum               0.6651636 0.6856080 0.5945386 0.8622433 0.5852351 0.5569068 0.0858567 0.1773792 0.0320167 0.1243586 0.1644558 0.1605316 0.0000000 0.7487093 1.2646403 
Tetrapisispora_blattae             0.9201615 0.9158324 0.8693858 0.9793882 0.8304292 0.8126024 0.7854586 0.7266055 0.8010657 0.7765190 0.7937030 0.7890537 0.7487093 0.0000000 1.2582875 
yHMPu5000035629_Yueomyces_sinensis 1.3769990 1.2232814 1.4412749 1.5245936 1.4376348 1.4545292 1.2773564 1.2887954 1.2439793 1.2581215 1.2804177 1.2920420 1.2646403 1.2582875 0.0000000 
