15
Candida_glabrata                   0.0000000 0.1132663 0.0519574 0.1404857 0.0525933 0.0523665 0.0953545 0.1099738 0.1090200 0.1161495 0.1062350 0.1099738 0.1088510 0.1336664 0.1391418 
Nakaseomyces_bacillisporus         0.1132663 0.0000000 0.1212079 0.0909631 0.1068180 0.1159871 0.0668615 0.0713268 0.0804048 0.0867198 0.0615688 0.0713268 0.0808901 0.1531727 0.1225159 
Nakaseomyces_bracarensis           0.0519574 0.1212079 0.0000000 0.1425038 0.0211877 0.0211055 0.1145476 0.1093129 0.1278723 0.1301277 0.1154032 0.1093129 0.1287099 0.1317642 0.1333885 
Nakaseomyces_castellii             0.1404857 0.0909631 0.1425038 0.0000000 0.1384253 0.1367360 0.1001693 0.1118132 0.1140923 0.1162448 0.1009729 0.1118132 0.1202379 0.1457772 0.1480174 
Nakaseomyces_delphensis            0.0525933 0.1068180 0.0211877 0.1384253 0.0000000 0.0166815 0.0942928 0.0987798 0.1076574 0.1146043 0.0950262 0.0987798 0.1083358 0.1288054 0.1219720 
Nakaseomyces_nivariensis           0.0523665 0.1159871 0.0211055 0.1367360 0.0166815 0.0000000 0.1021264 0.1066731 0.1156563 0.1230878 0.1029190 0.1066731 0.1216506 0.1379784 0.1307604 
Saccharomyces_arboricola           0.0953545 0.0668615 0.1145476 0.1001693 0.0942928 0.1021264 0.0000000 0.0209597 0.0208279 0.0255049 0.0168514 0.0209597 0.0253601 0.1210809 0.1075912 
Saccharomyces_cerevisiae           0.1099738 0.0713268 0.1093129 0.1118132 0.0987798 0.1066731 0.0209597 0.0000000 0.0251878 0.0341338 0.0166257 0.0000010 0.0298165 0.1260620 0.1030061 
Saccharomyces_eubayanus            0.1090200 0.0804048 0.1278723 0.1140923 0.1076574 0.1156563 0.0208279 0.0251878 0.0000000 0.0296335 0.0210965 0.0251878 0.0041568 0.1289917 0.0975419 
Saccharomyces_kudriavzevii         0.1161495 0.0867198 0.1301277 0.1162448 0.1146043 0.1230878 0.0255049 0.0341338 0.0296335 0.0000000 0.0346343 0.0341338 0.0343586 0.1309731 0.1074578 
Saccharomyces_mikatae              0.1062350 0.0615688 0.1154032 0.1009729 0.0950262 0.1029190 0.0168514 0.0166257 0.0210965 0.0346343 0.0000000 0.0166257 0.0256905 0.1220224 0.0989408 
Saccharomyces_paradoxus            0.1099738 0.0713268 0.1093129 0.1118132 0.0987798 0.1066731 0.0209597 0.0000010 0.0251878 0.0341338 0.0166257 0.0000000 0.0298165 0.1260620 0.1030061 
Saccharomyces_uvarum               0.1088510 0.0808901 0.1287099 0.1202379 0.1083358 0.1216506 0.0253601 0.0298165 0.0041568 0.0343586 0.0256905 0.0298165 0.0000000 0.1353757 0.1035346 
Tetrapisispora_blattae             0.1336664 0.1531727 0.1317642 0.1457772 0.1288054 0.1379784 0.1210809 0.1260620 0.1289917 0.1309731 0.1220224 0.1260620 0.1353757 0.0000000 0.1052760 
yHMPu5000035629_Yueomyces_sinensis 0.1391418 0.1225159 0.1333885 0.1480174 0.1219720 0.1307604 0.1075912 0.1030061 0.0975419 0.1074578 0.0989408 0.1030061 0.1035346 0.1052760 0.0000000 
