13
Candida_glabrata                   0.0000000 0.1194208 0.0205950 0.1201091 0.0205950 0.0293321 0.0763386 0.0817040 0.0771533 0.0771533 0.0763386 0.1833107 0.1708876 
Nakaseomyces_bacillisporus         0.1194208 0.0000000 0.1214641 0.0890561 0.1214641 0.1243125 0.0658622 0.0701993 0.0659163 0.0659163 0.0658622 0.1644102 0.1646337 
Nakaseomyces_bracarensis           0.0205950 0.1214641 0.0000000 0.1031606 0.0000010 0.0081707 0.0794929 0.0847445 0.0803231 0.0803231 0.0794929 0.1909416 0.1922342 
Nakaseomyces_castellii             0.1201091 0.0890561 0.1031606 0.0000000 0.1031606 0.1014725 0.0782313 0.0834526 0.0790434 0.0790434 0.0782313 0.1802182 0.1939756 
Nakaseomyces_delphensis            0.0205950 0.1214641 0.0000010 0.1031606 0.0000000 0.0081707 0.0794929 0.0847445 0.0803231 0.0803231 0.0794929 0.1909416 0.1922342 
Nakaseomyces_nivariensis           0.0293321 0.1243125 0.0081707 0.1014725 0.0081707 0.0000000 0.0782193 0.0833749 0.0790213 0.0790213 0.0782193 0.1876737 0.1888130 
Saccharomyces_arboricola           0.0763386 0.0658622 0.0794929 0.0782313 0.0794929 0.0782193 0.0000000 0.0080259 0.0040101 0.0040101 0.0000010 0.1405061 0.1397428 
Saccharomyces_cerevisiae           0.0817040 0.0701993 0.0847445 0.0834526 0.0847445 0.0833749 0.0080259 0.0000000 0.0039963 0.0039963 0.0080259 0.1499219 0.1495481 
Saccharomyces_eubayanus            0.0771533 0.0659163 0.0803231 0.0790434 0.0803231 0.0790213 0.0040101 0.0039963 0.0000000 0.0000010 0.0040101 0.1455821 0.1450272 
Saccharomyces_kudriavzevii         0.0771533 0.0659163 0.0803231 0.0790434 0.0803231 0.0790213 0.0040101 0.0039963 0.0000010 0.0000000 0.0040101 0.1455821 0.1450272 
Saccharomyces_mikatae              0.0763386 0.0658622 0.0794929 0.0782313 0.0794929 0.0782193 0.0000010 0.0080259 0.0040101 0.0040101 0.0000000 0.1405061 0.1397428 
Tetrapisispora_blattae             0.1833107 0.1644102 0.1909416 0.1802182 0.1909416 0.1876737 0.1405061 0.1499219 0.1455821 0.1455821 0.1405061 0.0000000 0.0249361 
yHMPu5000035629_Yueomyces_sinensis 0.1708876 0.1646337 0.1922342 0.1939756 0.1922342 0.1888130 0.1397428 0.1495481 0.1450272 0.1450272 0.1397428 0.0249361 0.0000000 
