15
Candida_glabrata                   0.0000000 0.4832437 0.0736682 0.4198327 0.0856193 0.0725282 0.3205195 0.3098514 0.3199931 0.3365622 0.3134624 0.3146699 0.3101009 0.4091692 0.5550116 
Nakaseomyces_bacillisporus         0.4832437 0.0000000 0.4553008 0.3206390 0.4455645 0.4348068 0.3322708 0.3134204 0.3477756 0.3395708 0.3169585 0.3181574 0.3279546 0.4799523 0.5991861 
Nakaseomyces_bracarensis           0.0736682 0.4553008 0.0000000 0.4104986 0.0645554 0.0579736 0.3146485 0.3043380 0.3088544 0.3300628 0.3078080 0.3089432 0.3045856 0.4308687 0.5210153 
Nakaseomyces_castellii             0.4198327 0.3206390 0.4104986 0.0000000 0.3767092 0.3753440 0.3538812 0.3347980 0.3545304 0.3609973 0.3383693 0.3396797 0.3350049 0.4574298 0.5033666 
Nakaseomyces_delphensis            0.0856193 0.4455645 0.0645554 0.3767092 0.0000000 0.0434585 0.3084687 0.2982050 0.3079856 0.3237021 0.3109069 0.3027339 0.2984584 0.4343166 0.5260655 
Nakaseomyces_nivariensis           0.0725282 0.4348068 0.0579736 0.3753440 0.0434585 0.0000000 0.2730125 0.2628324 0.2725871 0.2875512 0.2660849 0.2669841 0.2631127 0.4094863 0.5131878 
Saccharomyces_arboricola           0.3205195 0.3322708 0.3146485 0.3538812 0.3084687 0.2730125 0.0000000 0.0179963 0.0242876 0.0302162 0.0243881 0.0119487 0.0180244 0.3761948 0.4499787 
Saccharomyces_cerevisiae           0.3098514 0.3134204 0.3043380 0.3347980 0.2982050 0.2628324 0.0179963 0.0000000 0.0305433 0.0241263 0.0182515 0.0059610 0.0119905 0.3657355 0.4381799 
Saccharomyces_eubayanus            0.3199931 0.3477756 0.3088544 0.3545304 0.3079856 0.2725871 0.0242876 0.0305433 0.0000000 0.0304903 0.0372710 0.0243321 0.0181539 0.3599897 0.4525776 
Saccharomyces_kudriavzevii         0.3365622 0.3395708 0.3300628 0.3609973 0.3237021 0.2875512 0.0302162 0.0241263 0.0304903 0.0000000 0.0306579 0.0180201 0.0241636 0.3883111 0.4752746 
Saccharomyces_mikatae              0.3134624 0.3169585 0.3078080 0.3383693 0.3109069 0.2660849 0.0243881 0.0182515 0.0372710 0.0306579 0.0000000 0.0121155 0.0182804 0.3708021 0.4433766 
Saccharomyces_paradoxus            0.3146699 0.3181574 0.3089432 0.3396797 0.3027339 0.2669841 0.0119487 0.0059610 0.0243321 0.0180201 0.0121155 0.0000000 0.0059711 0.3709191 0.4442754 
Saccharomyces_uvarum               0.3101009 0.3279546 0.3045856 0.3350049 0.2984584 0.2631127 0.0180244 0.0119905 0.0181539 0.0241636 0.0182804 0.0059711 0.0000000 0.3612423 0.4551319 
Tetrapisispora_blattae             0.4091692 0.4799523 0.4308687 0.4574298 0.4343166 0.4094863 0.3761948 0.3657355 0.3599897 0.3883111 0.3708021 0.3709191 0.3612423 0.0000000 0.3043416 
yHMPu5000035629_Yueomyces_sinensis 0.5550116 0.5991861 0.5210153 0.5033666 0.5260655 0.5131878 0.4499787 0.4381799 0.4525776 0.4752746 0.4433766 0.4442754 0.4551319 0.3043416 0.0000000 
