15
Candida_glabrata                   0.0000000 1.1440845 0.2527040 1.0654989 0.2950772 0.3199104 0.4878722 0.4822978 0.5477912 0.5330539 0.4730179 0.4844204 0.5375195 1.2763943 1.6704687 
Nakaseomyces_bacillisporus         1.1440845 0.0000000 0.9151086 1.3148948 0.8392080 0.9079633 0.9165360 0.9351751 0.9756871 0.8868051 0.9629721 0.9183054 0.9507662 1.0309557 1.2670420 
Nakaseomyces_bracarensis           0.2527040 0.9151086 0.0000000 1.0433393 0.1668218 0.1387035 0.4061100 0.4504301 0.4375121 0.4459185 0.4422415 0.4525589 0.4486801 1.0831702 1.7668213 
Nakaseomyces_castellii             1.0654989 1.3148948 1.0433393 0.0000000 1.1398587 1.0246319 0.7826829 0.7647585 0.8220306 0.7920278 0.8147378 0.7687038 0.7807055 1.0932417 1.4933542 
Nakaseomyces_delphensis            0.2950772 0.8392080 0.1668218 1.1398587 0.0000000 0.1101296 0.4361930 0.4853056 0.4410013 0.4506449 0.4566390 0.5000493 0.4700221 1.0430191 1.5960211 
Nakaseomyces_nivariensis           0.3199104 0.9079633 0.1387035 1.0246319 0.1101296 0.0000000 0.4330380 0.4481394 0.4488136 0.4560190 0.4513875 0.4696978 0.4540770 1.0791588 1.7174438 
Saccharomyces_arboricola           0.4878722 0.9165360 0.4061100 0.7826829 0.4361930 0.4330380 0.0000000 0.0913097 0.0891071 0.0699913 0.0649149 0.0689176 0.0874861 1.1922616 1.5201145 
Saccharomyces_cerevisiae           0.4822978 0.9351751 0.4504301 0.7647585 0.4853056 0.4481394 0.0913097 0.0000000 0.0961141 0.0982029 0.0652375 0.0431362 0.0885272 1.1283437 1.3959892 
Saccharomyces_eubayanus            0.5477912 0.9756871 0.4375121 0.8220306 0.4410013 0.4488136 0.0891071 0.0961141 0.0000000 0.0745980 0.0758830 0.0744648 0.0178336 1.1533799 1.2908399 
Saccharomyces_kudriavzevii         0.5330539 0.8868051 0.4459185 0.7920278 0.4506449 0.4560190 0.0699913 0.0982029 0.0745980 0.0000000 0.0715525 0.0754659 0.0734063 1.1322691 1.3678710 
Saccharomyces_mikatae              0.4730179 0.9629721 0.4422415 0.8147378 0.4566390 0.4513875 0.0649149 0.0652375 0.0758830 0.0715525 0.0000000 0.0504878 0.0690083 1.1531181 1.3760657 
Saccharomyces_paradoxus            0.4844204 0.9183054 0.4525589 0.7687038 0.5000493 0.4696978 0.0689176 0.0431362 0.0744648 0.0754659 0.0504878 0.0000000 0.0619405 1.1426736 1.4331947 
Saccharomyces_uvarum               0.5375195 0.9507662 0.4486801 0.7807055 0.4700221 0.4540770 0.0874861 0.0885272 0.0178336 0.0734063 0.0690083 0.0619405 0.0000000 1.1526805 1.3019682 
Tetrapisispora_blattae             1.2763943 1.0309557 1.0831702 1.0932417 1.0430191 1.0791588 1.1922616 1.1283437 1.1533799 1.1322691 1.1531181 1.1426736 1.1526805 0.0000000 0.8144266 
yHMPu5000035629_Yueomyces_sinensis 1.6704687 1.2670420 1.7668213 1.4933542 1.5960211 1.7174438 1.5201145 1.3959892 1.2908399 1.3678710 1.3760657 1.4331947 1.3019682 0.8144266 0.0000000 
