15
Candida_glabrata                   0.0000000 0.2227576 0.0609985 0.3266448 0.0572281 0.0491461 0.2005968 0.2032794 0.2120263 0.2061210 0.1976838 0.1998135 0.2011488 0.3742499 0.5476024 
Nakaseomyces_bacillisporus         0.2227576 0.0000000 0.2035047 0.1804851 0.2071577 0.2073938 0.2487072 0.2294196 0.2379555 0.2556912 0.2362909 0.2360110 0.2395883 0.4365678 0.5878863 
Nakaseomyces_bracarensis           0.0609985 0.2035047 0.0000000 0.3094296 0.0288302 0.0368987 0.2090402 0.1906849 0.1891596 0.2029994 0.1872677 0.1871802 0.1808301 0.3179202 0.4916005 
Nakaseomyces_castellii             0.3266448 0.1804851 0.3094296 0.0000000 0.3021135 0.3241893 0.3335348 0.3385789 0.3496789 0.3492879 0.3392684 0.3467692 0.3661552 0.4387234 0.5773032 
Nakaseomyces_delphensis            0.0572281 0.2071577 0.0288302 0.3021135 0.0000000 0.0368755 0.1963175 0.1876593 0.2061366 0.1965228 0.1918205 0.1940099 0.2023210 0.3316651 0.5159319 
Nakaseomyces_nivariensis           0.0491461 0.2073938 0.0368987 0.3241893 0.0368755 0.0000000 0.1895085 0.1826903 0.2010419 0.2012382 0.1890825 0.1889919 0.1924086 0.3267741 0.5345156 
Saccharomyces_arboricola           0.2005968 0.2487072 0.2090402 0.3335348 0.1963175 0.1895085 0.0000000 0.0324250 0.0399070 0.0283744 0.0364851 0.0322332 0.0472909 0.4086559 0.5298243 
Saccharomyces_cerevisiae           0.2032794 0.2294196 0.1906849 0.3385789 0.1876593 0.1826903 0.0324250 0.0000000 0.0214193 0.0250046 0.0141242 0.0070103 0.0286549 0.4046652 0.5276816 
Saccharomyces_eubayanus            0.2120263 0.2379555 0.1891596 0.3496789 0.2061366 0.2010419 0.0399070 0.0214193 0.0000000 0.0250596 0.0213442 0.0141255 0.0142214 0.3885481 0.5369097 
Saccharomyces_kudriavzevii         0.2061210 0.2556912 0.2029994 0.3492879 0.1965228 0.2012382 0.0283744 0.0250046 0.0250596 0.0000000 0.0216046 0.0176704 0.0323199 0.4061149 0.5407965 
Saccharomyces_mikatae              0.1976838 0.2362909 0.1872677 0.3392684 0.1918205 0.1890825 0.0364851 0.0141242 0.0213442 0.0216046 0.0000000 0.0069863 0.0285539 0.4028138 0.5327019 
Saccharomyces_paradoxus            0.1998135 0.2360110 0.1871802 0.3467692 0.1940099 0.1889919 0.0322332 0.0070103 0.0141255 0.0176704 0.0069863 0.0000000 0.0212630 0.4021766 0.5233079 
Saccharomyces_uvarum               0.2011488 0.2395883 0.1808301 0.3661552 0.2023210 0.1924086 0.0472909 0.0286549 0.0142214 0.0323199 0.0285539 0.0212630 0.0000000 0.4002455 0.5119838 
Tetrapisispora_blattae             0.3742499 0.4365678 0.3179202 0.4387234 0.3316651 0.3267741 0.4086559 0.4046652 0.3885481 0.4061149 0.4028138 0.4021766 0.4002455 0.0000000 0.2822112 
yHMPu5000035629_Yueomyces_sinensis 0.5476024 0.5878863 0.4916005 0.5773032 0.5159319 0.5345156 0.5298243 0.5276816 0.5369097 0.5407965 0.5327019 0.5233079 0.5119838 0.2822112 0.0000000 
