15
Candida_glabrata                   0.0000000 0.5679710 0.2705454 0.7256807 0.2697841 0.2552205 0.4647733 0.4777436 0.4531289 0.4666661 0.4743583 0.4822193 0.4503830 0.5188710 0.5128801 
Nakaseomyces_bacillisporus         0.5679710 0.0000000 0.5479375 0.5667212 0.5906400 0.5904774 0.4749647 0.4697454 0.4554796 0.4672550 0.4802736 0.4725467 0.4529145 0.5224801 0.5862821 
Nakaseomyces_bracarensis           0.2705454 0.5479375 0.0000000 0.6967097 0.1407601 0.1105570 0.4567027 0.4550112 0.4414172 0.4545975 0.4695439 0.4549772 0.4391519 0.4910979 0.5414507 
Nakaseomyces_castellii             0.7256807 0.5667212 0.6967097 0.0000000 0.6799259 0.6813607 0.6918269 0.6783099 0.6866387 0.6935251 0.6748872 0.7012865 0.6758029 0.7589409 0.7841426 
Nakaseomyces_delphensis            0.2697841 0.5906400 0.1407601 0.6799259 0.0000000 0.1181243 0.4504937 0.4402704 0.4340777 0.4459580 0.4591107 0.4531202 0.4317989 0.5354411 0.5555848 
Nakaseomyces_nivariensis           0.2552205 0.5904774 0.1105570 0.6813607 0.1181243 0.0000000 0.4524197 0.4450932 0.4358493 0.4460346 0.4707783 0.4598891 0.4335719 0.5286714 0.5499441 
Saccharomyces_arboricola           0.4647733 0.4749647 0.4567027 0.6918269 0.4504937 0.4524197 0.0000000 0.0509508 0.0668973 0.0576844 0.0506354 0.0428189 0.0687998 0.4135827 0.4590681 
Saccharomyces_cerevisiae           0.4777436 0.4697454 0.4550112 0.6783099 0.4402704 0.4450932 0.0509508 0.0000000 0.0715090 0.0532440 0.0442212 0.0375712 0.0687153 0.4069748 0.4506099 
Saccharomyces_eubayanus            0.4531289 0.4554796 0.4414172 0.6866387 0.4340777 0.4358493 0.0668973 0.0715090 0.0000000 0.0582025 0.0564236 0.0644011 0.0104569 0.3976057 0.4511622 
Saccharomyces_kudriavzevii         0.4666661 0.4672550 0.4545975 0.6935251 0.4459580 0.4460346 0.0576844 0.0532440 0.0582025 0.0000000 0.0504341 0.0507823 0.0533384 0.4294315 0.4793906 
Saccharomyces_mikatae              0.4743583 0.4802736 0.4695439 0.6748872 0.4591107 0.4707783 0.0506354 0.0442212 0.0564236 0.0504341 0.0000000 0.0438601 0.0537657 0.4146483 0.4623340 
Saccharomyces_paradoxus            0.4822193 0.4725467 0.4549772 0.7012865 0.4531202 0.4598891 0.0428189 0.0375712 0.0644011 0.0507823 0.0438601 0.0000000 0.0640114 0.4081779 0.4539659 
Saccharomyces_uvarum               0.4503830 0.4529145 0.4391519 0.6758029 0.4317989 0.4335719 0.0687998 0.0687153 0.0104569 0.0533384 0.0537657 0.0640114 0.0000000 0.4118965 0.4532487 
Tetrapisispora_blattae             0.5188710 0.5224801 0.4910979 0.7589409 0.5354411 0.5286714 0.4135827 0.4069748 0.3976057 0.4294315 0.4146483 0.4081779 0.4118965 0.0000000 0.2960696 
yHMPu5000035629_Yueomyces_sinensis 0.5128801 0.5862821 0.5414507 0.7841426 0.5555848 0.5499441 0.4590681 0.4506099 0.4511622 0.4793906 0.4623340 0.4539659 0.4532487 0.2960696 0.0000000 
