15
Candida_glabrata                   0.0000000 0.6493283 0.2048474 0.6330609 0.2423407 0.2125905 0.4539835 0.4549924 0.4832363 0.4821602 0.4816044 0.4541051 0.4706754 0.5489536 0.5321872 
Nakaseomyces_bacillisporus         0.6493283 0.0000000 0.6638231 0.6451386 0.6679901 0.6633251 0.5617531 0.5514983 0.5660854 0.5716040 0.5803738 0.5673059 0.5539095 0.6458497 0.6326421 
Nakaseomyces_bracarensis           0.2048474 0.6638231 0.0000000 0.6332505 0.1126518 0.0795637 0.4220231 0.4372078 0.4483316 0.4463524 0.4502580 0.4338966 0.4391435 0.5349549 0.5327046 
Nakaseomyces_castellii             0.6330609 0.6451386 0.6332505 0.0000000 0.6390785 0.6252727 0.4938413 0.4792032 0.4966007 0.4941928 0.4697745 0.4858827 0.4974971 0.5581032 0.5964876 
Nakaseomyces_delphensis            0.2423407 0.6679901 0.1126518 0.6390785 0.0000000 0.0717474 0.4420695 0.4572514 0.4611972 0.4674560 0.4719878 0.4648020 0.4573055 0.5251698 0.5303987 
Nakaseomyces_nivariensis           0.2125905 0.6633251 0.0795637 0.6252727 0.0717474 0.0000000 0.4396060 0.4439910 0.4663655 0.4534634 0.4630432 0.4464559 0.4632687 0.5294402 0.5204544 
Saccharomyces_arboricola           0.4539835 0.5617531 0.4220231 0.4938413 0.4420695 0.4396060 0.0000000 0.0678704 0.0811683 0.0654332 0.0777682 0.0599978 0.0773248 0.4165492 0.4167808 
Saccharomyces_cerevisiae           0.4549924 0.5514983 0.4372078 0.4792032 0.4572514 0.4439910 0.0678704 0.0000000 0.0891606 0.0738499 0.0614627 0.0290503 0.0871333 0.4215445 0.4124120 
Saccharomyces_eubayanus            0.4832363 0.5660854 0.4483316 0.4966007 0.4611972 0.4663655 0.0811683 0.0891606 0.0000000 0.0911531 0.0882594 0.0766529 0.0217660 0.4246328 0.4313512 
Saccharomyces_kudriavzevii         0.4821602 0.5716040 0.4463524 0.4941928 0.4674560 0.4534634 0.0654332 0.0738499 0.0911531 0.0000000 0.0889619 0.0639073 0.0899974 0.4185169 0.4165760 
Saccharomyces_mikatae              0.4816044 0.5803738 0.4502580 0.4697745 0.4719878 0.4630432 0.0777682 0.0614627 0.0882594 0.0889619 0.0000000 0.0561348 0.0883531 0.4219139 0.4148460 
Saccharomyces_paradoxus            0.4541051 0.5673059 0.4338966 0.4858827 0.4648020 0.4464559 0.0599978 0.0290503 0.0766529 0.0639073 0.0561348 0.0000000 0.0747212 0.4263416 0.4203849 
Saccharomyces_uvarum               0.4706754 0.5539095 0.4391435 0.4974971 0.4573055 0.4632687 0.0773248 0.0871333 0.0217660 0.0899974 0.0883531 0.0747212 0.0000000 0.4245531 0.4401816 
Tetrapisispora_blattae             0.5489536 0.6458497 0.5349549 0.5581032 0.5251698 0.5294402 0.4165492 0.4215445 0.4246328 0.4185169 0.4219139 0.4263416 0.4245531 0.0000000 0.2593300 
yHMPu5000035629_Yueomyces_sinensis 0.5321872 0.6326421 0.5327046 0.5964876 0.5303987 0.5204544 0.4167808 0.4124120 0.4313512 0.4165760 0.4148460 0.4203849 0.4401816 0.2593300 0.0000000 
