15
Candida_glabrata                   0.0000000 0.4661807 0.2012168 0.5337706 0.2058367 0.1892281 0.3943082 0.4166135 0.3979486 0.4461016 0.3874056 0.3668202 0.4268079 0.5032699 0.6244343 
Nakaseomyces_bacillisporus         0.4661807 0.0000000 0.4251229 0.7658577 0.4810294 0.4646425 0.6387203 0.5643413 0.5945612 0.5688852 0.5556283 0.5905605 0.6361188 0.3766934 0.6203515 
Nakaseomyces_bracarensis           0.2012168 0.4251229 0.0000000 0.5242042 0.0749863 0.0317691 0.3711099 0.3835852 0.3881640 0.3836141 0.3792971 0.3482656 0.4018751 0.4181265 0.6005081 
Nakaseomyces_castellii             0.5337706 0.7658577 0.5242042 0.0000000 0.5608043 0.5086656 0.6686124 0.6785505 0.6825538 0.6733133 0.6759551 0.6476634 0.6769980 0.8594144 0.8717539 
Nakaseomyces_delphensis            0.2058367 0.4810294 0.0749863 0.5608043 0.0000000 0.0675165 0.4527622 0.4658997 0.4236318 0.4435450 0.4553038 0.4270281 0.4568230 0.4624624 0.6495762 
Nakaseomyces_nivariensis           0.1892281 0.4646425 0.0317691 0.5086656 0.0675165 0.0000000 0.3899231 0.4023404 0.3970218 0.4024219 0.3985239 0.3599569 0.4211983 0.3828940 0.5641611 
Saccharomyces_arboricola           0.3943082 0.6387203 0.3711099 0.6686124 0.4527622 0.3899231 0.0000000 0.0705757 0.0570999 0.0506606 0.0998021 0.0499106 0.0565847 0.5541609 0.8111657 
Saccharomyces_cerevisiae           0.4166135 0.5643413 0.3835852 0.6785505 0.4658997 0.4023404 0.0705757 0.0000000 0.0568757 0.0707752 0.0576588 0.0306944 0.0828691 0.5250536 0.8194112 
Saccharomyces_eubayanus            0.3979486 0.5945612 0.3881640 0.6825538 0.4236318 0.3970218 0.0570999 0.0568757 0.0000000 0.0574220 0.0871223 0.0628418 0.0308897 0.5537146 0.8014496 
Saccharomyces_kudriavzevii         0.4461016 0.5688852 0.3836141 0.6733133 0.4435450 0.4024219 0.0506606 0.0707752 0.0574220 0.0000000 0.1158560 0.0638571 0.0569006 0.5625181 0.7933020 
Saccharomyces_mikatae              0.3874056 0.5556283 0.3792971 0.6759551 0.4553038 0.3985239 0.0998021 0.0576588 0.0871223 0.1158560 0.0000000 0.0638858 0.1071394 0.5370749 0.7976332 
Saccharomyces_paradoxus            0.3668202 0.5905605 0.3482656 0.6476634 0.4270281 0.3599569 0.0499106 0.0306944 0.0628418 0.0638571 0.0638858 0.0000000 0.0759288 0.5299120 0.7783762 
Saccharomyces_uvarum               0.4268079 0.6361188 0.4018751 0.6769980 0.4568230 0.4211983 0.0565847 0.0828691 0.0308897 0.0569006 0.1071394 0.0759288 0.0000000 0.5651498 0.8457503 
Tetrapisispora_blattae             0.5032699 0.3766934 0.4181265 0.8594144 0.4624624 0.3828940 0.5541609 0.5250536 0.5537146 0.5625181 0.5370749 0.5299120 0.5651498 0.0000000 0.5167241 
yHMPu5000035629_Yueomyces_sinensis 0.6244343 0.6203515 0.6005081 0.8717539 0.6495762 0.5641611 0.8111657 0.8194112 0.8014496 0.7933020 0.7976332 0.7783762 0.8457503 0.5167241 0.0000000 
