15
Candida_glabrata                   0.0000000 0.1866358 0.1656164 0.2217704 0.1960382 0.1667140 0.2340486 0.2295917 0.2391761 0.2334288 0.2281129 0.2358768 0.2357039 0.2937045 0.4361603 
Nakaseomyces_bacillisporus         0.1866358 0.0000000 0.1629564 0.1657688 0.1929126 0.1816421 0.1778603 0.1641442 0.1709937 0.1837475 0.1648608 0.1623829 0.1758930 0.3133800 0.4765337 
Nakaseomyces_bracarensis           0.1656164 0.1629564 0.0000000 0.2293054 0.0903256 0.0806637 0.2183635 0.2036553 0.2169581 0.2138371 0.2094844 0.2106402 0.2178723 0.3189346 0.4733484 
Nakaseomyces_castellii             0.2217704 0.1657688 0.2293054 0.0000000 0.2415879 0.2386437 0.1831012 0.1773260 0.1782876 0.1785034 0.1782578 0.1765532 0.1837403 0.3288052 0.4825236 
Nakaseomyces_delphensis            0.1960382 0.1929126 0.0903256 0.2415879 0.0000000 0.0892477 0.2308807 0.2260083 0.2245417 0.2368539 0.2343198 0.2356351 0.2265222 0.3270196 0.4447720 
Nakaseomyces_nivariensis           0.1667140 0.1816421 0.0806637 0.2386437 0.0892477 0.0000000 0.2073394 0.1939482 0.1977691 0.2157958 0.2033612 0.2035851 0.1938954 0.2712097 0.4391274 
Saccharomyces_arboricola           0.2340486 0.1778603 0.2183635 0.1831012 0.2308807 0.2073394 0.0000000 0.0340513 0.0489456 0.0362774 0.0383512 0.0318177 0.0495417 0.3157651 0.4524503 
Saccharomyces_cerevisiae           0.2295917 0.1641442 0.2036553 0.1773260 0.2260083 0.1939482 0.0340513 0.0000000 0.0467628 0.0379871 0.0276465 0.0102058 0.0470002 0.2990781 0.4547375 
Saccharomyces_eubayanus            0.2391761 0.1709937 0.2169581 0.1782876 0.2245417 0.1977691 0.0489456 0.0467628 0.0000000 0.0557218 0.0623469 0.0510271 0.0185648 0.3027173 0.4539851 
Saccharomyces_kudriavzevii         0.2334288 0.1837475 0.2138371 0.1785034 0.2368539 0.2157958 0.0362774 0.0379871 0.0557218 0.0000000 0.0514338 0.0422590 0.0579290 0.3195218 0.4631836 
Saccharomyces_mikatae              0.2281129 0.1648608 0.2094844 0.1782578 0.2343198 0.2033612 0.0383512 0.0276465 0.0623469 0.0514338 0.0000000 0.0254722 0.0652508 0.3072248 0.4534766 
Saccharomyces_paradoxus            0.2358768 0.1623829 0.2106402 0.1765532 0.2356351 0.2035851 0.0318177 0.0102058 0.0510271 0.0422590 0.0254722 0.0000000 0.0512869 0.3097560 0.4590558 
Saccharomyces_uvarum               0.2357039 0.1758930 0.2178723 0.1837403 0.2265222 0.1938954 0.0495417 0.0470002 0.0185648 0.0579290 0.0652508 0.0512869 0.0000000 0.3077175 0.4583115 
Tetrapisispora_blattae             0.2937045 0.3133800 0.3189346 0.3288052 0.3270196 0.2712097 0.3157651 0.2990781 0.3027173 0.3195218 0.3072248 0.3097560 0.3077175 0.0000000 0.3119627 
yHMPu5000035629_Yueomyces_sinensis 0.4361603 0.4765337 0.4733484 0.4825236 0.4447720 0.4391274 0.4524503 0.4547375 0.4539851 0.4631836 0.4534766 0.4590558 0.4583115 0.3119627 0.0000000 
