15
Candida_glabrata                   0.0000000 0.5866715 0.2429452 0.6518102 0.2717343 0.2440313 0.4806344 0.4425975 0.4641272 0.4702978 0.4536671 0.4466122 0.4717131 0.5167111 0.5760401 
Nakaseomyces_bacillisporus         0.5866715 0.0000000 0.4900093 0.4615284 0.5620916 0.4975310 0.5008481 0.5197555 0.5125194 0.5210567 0.5028428 0.5242732 0.5176892 0.5021552 0.5322170 
Nakaseomyces_bracarensis           0.2429452 0.4900093 0.0000000 0.5958093 0.1072889 0.0482431 0.4343808 0.3984965 0.4297618 0.4317242 0.4280142 0.4261809 0.4288113 0.4583078 0.5404984 
Nakaseomyces_castellii             0.6518102 0.4615284 0.5958093 0.0000000 0.6573176 0.6024318 0.5727507 0.5862411 0.5878663 0.5798566 0.5709937 0.5860495 0.5795166 0.5659909 0.6223661 
Nakaseomyces_delphensis            0.2717343 0.5620916 0.1072889 0.6573176 0.0000000 0.1083910 0.4727813 0.4457223 0.4658368 0.4769899 0.4727193 0.4710365 0.4660486 0.4844778 0.5777005 
Nakaseomyces_nivariensis           0.2440313 0.4975310 0.0482431 0.6024318 0.1083910 0.0000000 0.4254879 0.3996599 0.4266222 0.4267516 0.4234360 0.4155610 0.4255931 0.4658539 0.5518359 
Saccharomyces_arboricola           0.4806344 0.5008481 0.4343808 0.5727507 0.4727813 0.4254879 0.0000000 0.0618798 0.0598584 0.0825993 0.0689981 0.0632891 0.0598344 0.4645284 0.4721621 
Saccharomyces_cerevisiae           0.4425975 0.5197555 0.3984965 0.5862411 0.4457223 0.3996599 0.0618798 0.0000000 0.0731549 0.0851121 0.0664600 0.0398816 0.0709925 0.4539740 0.4763784 
Saccharomyces_eubayanus            0.4641272 0.5125194 0.4297618 0.5878663 0.4658368 0.4266222 0.0598584 0.0731549 0.0000000 0.0808072 0.0717356 0.0782739 0.0206804 0.4617110 0.4764510 
Saccharomyces_kudriavzevii         0.4702978 0.5210567 0.4317242 0.5798566 0.4769899 0.4267516 0.0825993 0.0851121 0.0808072 0.0000000 0.0922647 0.0882008 0.0804736 0.4721241 0.4867004 
Saccharomyces_mikatae              0.4536671 0.5028428 0.4280142 0.5709937 0.4727193 0.4234360 0.0689981 0.0664600 0.0717356 0.0922647 0.0000000 0.0671200 0.0625118 0.4544051 0.4904019 
Saccharomyces_paradoxus            0.4466122 0.5242732 0.4261809 0.5860495 0.4710365 0.4155610 0.0632891 0.0398816 0.0782739 0.0882008 0.0671200 0.0000000 0.0759791 0.4720648 0.4975908 
Saccharomyces_uvarum               0.4717131 0.5176892 0.4288113 0.5795166 0.4660486 0.4255931 0.0598344 0.0709925 0.0206804 0.0804736 0.0625118 0.0759791 0.0000000 0.4504572 0.4682128 
Tetrapisispora_blattae             0.5167111 0.5021552 0.4583078 0.5659909 0.4844778 0.4658539 0.4645284 0.4539740 0.4617110 0.4721241 0.4544051 0.4720648 0.4504572 0.0000000 0.3039927 
yHMPu5000035629_Yueomyces_sinensis 0.5760401 0.5322170 0.5404984 0.6223661 0.5777005 0.5518359 0.4721621 0.4763784 0.4764510 0.4867004 0.4904019 0.4975908 0.4682128 0.3039927 0.0000000 
