15
Candida_glabrata                   0.0000000 0.2428317 0.0518918 0.1909616 0.0611723 0.0673995 0.1396680 0.1300340 0.1357631 0.1371751 0.1294280 0.1300340 0.1357631 0.3045076 0.3954543 
Nakaseomyces_bacillisporus         0.2428317 0.0000000 0.2495283 0.2204726 0.2474492 0.2590765 0.2913081 0.2899776 0.2871957 0.2984778 0.2871776 0.2858830 0.2871957 0.4299493 0.5212068 
Nakaseomyces_bracarensis           0.0518918 0.2495283 0.0000000 0.1861326 0.0176454 0.0267798 0.1263343 0.1169353 0.1224396 0.1221585 0.1163885 0.1169353 0.1224396 0.2827630 0.3719016 
Nakaseomyces_castellii             0.1909616 0.2204726 0.1861326 0.0000000 0.1764357 0.1835394 0.2103003 0.2075352 0.2098838 0.2161372 0.2026816 0.2030842 0.2076965 0.3383968 0.4557858 
Nakaseomyces_delphensis            0.0611723 0.2474492 0.0176454 0.1764357 0.0000000 0.0337416 0.1273839 0.1226233 0.1281249 0.1278386 0.1227821 0.1226233 0.1281249 0.2834730 0.3713199 
Nakaseomyces_nivariensis           0.0673995 0.2590765 0.0267798 0.1835394 0.0337416 0.0000000 0.1440729 0.1363422 0.1388808 0.1417471 0.1338893 0.1363422 0.1388808 0.2953965 0.3820897 
Saccharomyces_arboricola           0.1396680 0.2913081 0.1263343 0.2103003 0.1273839 0.1440729 0.0000000 0.0145364 0.0159057 0.0179941 0.0143689 0.0105554 0.0141276 0.3017817 0.3953959 
Saccharomyces_cerevisiae           0.1300340 0.2899776 0.1169353 0.2075352 0.1226233 0.1363422 0.0145364 0.0000000 0.0183137 0.0147604 0.0163590 0.0036209 0.0164819 0.2890318 0.3891478 
Saccharomyces_eubayanus            0.1357631 0.2871957 0.1224396 0.2098838 0.1281249 0.1388808 0.0159057 0.0183137 0.0000000 0.0199920 0.0125339 0.0142043 0.0017418 0.2920259 0.3886619 
Saccharomyces_kudriavzevii         0.1371751 0.2984778 0.1221585 0.2161372 0.1278386 0.1417471 0.0179941 0.0147604 0.0199920 0.0000000 0.0180288 0.0107164 0.0181635 0.3051531 0.3869849 
Saccharomyces_mikatae              0.1294280 0.2871776 0.1163885 0.2026816 0.1227821 0.1338893 0.0143689 0.0163590 0.0125339 0.0180288 0.0000000 0.0123278 0.0107365 0.2898517 0.3885774 
Saccharomyces_paradoxus            0.1300340 0.2858830 0.1169353 0.2030842 0.1226233 0.1363422 0.0105554 0.0036209 0.0142043 0.0107164 0.0123278 0.0000000 0.0124198 0.2913940 0.3851234 
Saccharomyces_uvarum               0.1357631 0.2871957 0.1224396 0.2076965 0.1281249 0.1388808 0.0141276 0.0164819 0.0017418 0.0181635 0.0107365 0.0124198 0.0000000 0.2920259 0.3886619 
Tetrapisispora_blattae             0.3045076 0.4299493 0.2827630 0.3383968 0.2834730 0.2953965 0.3017817 0.2890318 0.2920259 0.3051531 0.2898517 0.2913940 0.2920259 0.0000000 0.3047946 
yHMPu5000035629_Yueomyces_sinensis 0.3954543 0.5212068 0.3719016 0.4557858 0.3713199 0.3820897 0.3953959 0.3891478 0.3886619 0.3869849 0.3885774 0.3851234 0.3886619 0.3047946 0.0000000 
