15
Candida_glabrata                   0.0000000 0.1707753 0.0662748 0.1982667 0.0712737 0.0517581 0.3152159 0.3040296 0.3042143 0.3154458 0.3223110 0.3205685 0.3071643 0.3013022 0.2905793 
Nakaseomyces_bacillisporus         0.1707753 0.0000000 0.1816547 0.2153820 0.1802031 0.1756853 0.2852623 0.2804165 0.2722405 0.2891023 0.2952457 0.2942983 0.2836563 0.3041531 0.2724224 
Nakaseomyces_bracarensis           0.0662748 0.1816547 0.0000000 0.2079124 0.0562798 0.0391888 0.3258386 0.3057530 0.3079555 0.3253392 0.3309504 0.3202731 0.3169966 0.3144980 0.2803285 
Nakaseomyces_castellii             0.1982667 0.2153820 0.2079124 0.0000000 0.2157897 0.2057017 0.3311137 0.3130083 0.3037564 0.3253490 0.3112851 0.3322007 0.2997398 0.3017357 0.2812584 
Nakaseomyces_delphensis            0.0712737 0.1802031 0.0562798 0.2157897 0.0000000 0.0328130 0.3140438 0.3126952 0.3109212 0.3225185 0.3216941 0.3356086 0.3096689 0.3465072 0.3026603 
Nakaseomyces_nivariensis           0.0517581 0.1756853 0.0391888 0.2057017 0.0328130 0.0000000 0.3100096 0.2974773 0.2999426 0.3110049 0.3149509 0.3168620 0.3002631 0.3275487 0.2880948 
Saccharomyces_arboricola           0.3152159 0.2852623 0.3258386 0.3311137 0.3140438 0.3100096 0.0000000 0.0879741 0.0728003 0.0638769 0.0850746 0.1003055 0.0736282 0.4039940 0.3503322 
Saccharomyces_cerevisiae           0.3040296 0.2804165 0.3057530 0.3130083 0.3126952 0.2974773 0.0879741 0.0000000 0.0762213 0.0739775 0.0569063 0.0350334 0.0831289 0.4468597 0.3549023 
Saccharomyces_eubayanus            0.3042143 0.2722405 0.3079555 0.3037564 0.3109212 0.2999426 0.0728003 0.0762213 0.0000000 0.0717225 0.0850247 0.0870664 0.0374610 0.4309743 0.3399469 
Saccharomyces_kudriavzevii         0.3154458 0.2891023 0.3253392 0.3253490 0.3225185 0.3110049 0.0638769 0.0739775 0.0717225 0.0000000 0.0704284 0.0877657 0.0786301 0.4308847 0.3285404 
Saccharomyces_mikatae              0.3223110 0.2952457 0.3309504 0.3112851 0.3216941 0.3149509 0.0850746 0.0569063 0.0850247 0.0704284 0.0000000 0.0709659 0.0991987 0.4188281 0.3694261 
Saccharomyces_paradoxus            0.3205685 0.2942983 0.3202731 0.3322007 0.3356086 0.3168620 0.1003055 0.0350334 0.0870664 0.0877657 0.0709659 0.0000000 0.0982793 0.4470233 0.3612241 
Saccharomyces_uvarum               0.3071643 0.2836563 0.3169966 0.2997398 0.3096689 0.3002631 0.0736282 0.0831289 0.0374610 0.0786301 0.0991987 0.0982793 0.0000000 0.4265602 0.3516524 
Tetrapisispora_blattae             0.3013022 0.3041531 0.3144980 0.3017357 0.3465072 0.3275487 0.4039940 0.4468597 0.4309743 0.4308847 0.4188281 0.4470233 0.4265602 0.0000000 0.3207745 
yHMPu5000035629_Yueomyces_sinensis 0.2905793 0.2724224 0.2803285 0.2812584 0.3026603 0.2880948 0.3503322 0.3549023 0.3399469 0.3285404 0.3694261 0.3612241 0.3516524 0.3207745 0.0000000 
