15
Candida_glabrata                   0.0000000 0.5741577 0.4897962 0.5995975 0.5113938 0.4831338 0.5013967 0.4915080 0.4929182 0.5287412 0.5154959 0.5033447 0.4925108 0.4924687 0.5304806 
Nakaseomyces_bacillisporus         0.5741577 0.0000000 0.6252265 0.4122223 0.6174623 0.5707319 0.3932884 0.4043894 0.3696482 0.3909518 0.3941951 0.3817679 0.3678180 0.3856237 0.4215905 
Nakaseomyces_bracarensis           0.4897962 0.6252265 0.0000000 0.6260489 0.2438074 0.2149035 0.6126175 0.5982214 0.5898550 0.5935449 0.6058963 0.5969937 0.5876060 0.6207837 0.6328061 
Nakaseomyces_castellii             0.5995975 0.4122223 0.6260489 0.0000000 0.6712399 0.6408349 0.4813278 0.4777851 0.4640683 0.4896992 0.4740173 0.4742212 0.4620125 0.4539719 0.5546365 
Nakaseomyces_delphensis            0.5113938 0.6174623 0.2438074 0.6712399 0.0000000 0.1592955 0.6506692 0.6152437 0.5973403 0.6283224 0.6243218 0.6140886 0.5947002 0.6331575 0.6337483 
Nakaseomyces_nivariensis           0.4831338 0.5707319 0.2149035 0.6408349 0.1592955 0.0000000 0.6025929 0.5767086 0.5622823 0.5853099 0.5827126 0.5661918 0.5597483 0.5493562 0.5483608 
Saccharomyces_arboricola           0.5013967 0.3932884 0.6126175 0.4813278 0.6506692 0.6025929 0.0000000 0.0609929 0.0462650 0.0636146 0.0569693 0.0532164 0.0532664 0.3154899 0.3775517 
Saccharomyces_cerevisiae           0.4915080 0.4043894 0.5982214 0.4777851 0.6152437 0.5767086 0.0609929 0.0000000 0.0532241 0.0608497 0.0327837 0.0226655 0.0532121 0.3378544 0.3839024 
Saccharomyces_eubayanus            0.4929182 0.3696482 0.5898550 0.4640683 0.5973403 0.5622823 0.0462650 0.0532241 0.0000000 0.0538651 0.0495265 0.0391339 0.0063879 0.3123512 0.3606214 
Saccharomyces_kudriavzevii         0.5287412 0.3909518 0.5935449 0.4896992 0.6283224 0.5853099 0.0636146 0.0608497 0.0538651 0.0000000 0.0399427 0.0431288 0.0505519 0.3310120 0.3889941 
Saccharomyces_mikatae              0.5154959 0.3941951 0.6058963 0.4740173 0.6243218 0.5827126 0.0569693 0.0327837 0.0495265 0.0399427 0.0000000 0.0160841 0.0462693 0.3186288 0.3925708 
Saccharomyces_paradoxus            0.5033447 0.3817679 0.5969937 0.4742212 0.6140886 0.5661918 0.0532164 0.0226655 0.0391339 0.0431288 0.0160841 0.0000000 0.0359057 0.3210943 0.3811993 
Saccharomyces_uvarum               0.4925108 0.3678180 0.5876060 0.4620125 0.5947002 0.5597483 0.0532664 0.0532121 0.0063879 0.0505519 0.0462693 0.0359057 0.0000000 0.3083565 0.3601949 
Tetrapisispora_blattae             0.4924687 0.3856237 0.6207837 0.4539719 0.6331575 0.5493562 0.3154899 0.3378544 0.3123512 0.3310120 0.3186288 0.3210943 0.3083565 0.0000000 0.2018160 
yHMPu5000035629_Yueomyces_sinensis 0.5304806 0.4215905 0.6328061 0.5546365 0.6337483 0.5483608 0.3775517 0.3839024 0.3606214 0.3889941 0.3925708 0.3811993 0.3601949 0.2018160 0.0000000 
