15
Candida_glabrata                   0.0000000 0.1797079 0.0493878 0.1765929 0.0664005 0.0526963 0.1639034 0.1513857 0.1568316 0.1628201 0.1575526 0.1480481 0.1566449 0.1563166 0.1622994 
Nakaseomyces_bacillisporus         0.1797079 0.0000000 0.1759684 0.1484978 0.1836913 0.1799103 0.1891440 0.1960634 0.1978940 0.1971807 0.2019519 0.1951312 0.1961216 0.1892816 0.2046280 
Nakaseomyces_bracarensis           0.0493878 0.1759684 0.0000000 0.1774399 0.0379434 0.0176528 0.1401075 0.1363442 0.1405538 0.1510563 0.1413743 0.1362556 0.1389858 0.1385700 0.1405744 
Nakaseomyces_castellii             0.1765929 0.1484978 0.1774399 0.0000000 0.1847260 0.1698774 0.1849182 0.1783090 0.1857870 0.1862049 0.1864491 0.1831544 0.1833029 0.2027968 0.1856747 
Nakaseomyces_delphensis            0.0664005 0.1836913 0.0379434 0.1847260 0.0000000 0.0338642 0.1661274 0.1607885 0.1726273 0.1726458 0.1654420 0.1634294 0.1707903 0.1550440 0.1566438 
Nakaseomyces_nivariensis           0.0526963 0.1799103 0.0176528 0.1698774 0.0338642 0.0000000 0.1467913 0.1437627 0.1504418 0.1534400 0.1496273 0.1461548 0.1487803 0.1422086 0.1396632 
Saccharomyces_arboricola           0.1639034 0.1891440 0.1401075 0.1849182 0.1661274 0.1467913 0.0000000 0.0207517 0.0208219 0.0281299 0.0211328 0.0225335 0.0190885 0.1214387 0.1152218 
Saccharomyces_cerevisiae           0.1513857 0.1960634 0.1363442 0.1783090 0.1607885 0.1437627 0.0207517 0.0000000 0.0303229 0.0280059 0.0225652 0.0119807 0.0285494 0.1128386 0.1083077 
Saccharomyces_eubayanus            0.1568316 0.1978940 0.1405538 0.1857870 0.1726273 0.1504418 0.0208219 0.0303229 0.0000000 0.0282903 0.0290538 0.0302390 0.0033620 0.1219532 0.1191039 
Saccharomyces_kudriavzevii         0.1628201 0.1971807 0.1510563 0.1862049 0.1726458 0.1534400 0.0281299 0.0280059 0.0282903 0.0000000 0.0264984 0.0261221 0.0301000 0.1249185 0.1210387 
Saccharomyces_mikatae              0.1575526 0.2019519 0.1413743 0.1864491 0.1654420 0.1496273 0.0211328 0.0225652 0.0290538 0.0264984 0.0000000 0.0244269 0.0289689 0.1143976 0.1153065 
Saccharomyces_paradoxus            0.1480481 0.1951312 0.1362556 0.1831544 0.1634294 0.1461548 0.0225335 0.0119807 0.0302390 0.0261221 0.0244269 0.0000000 0.0284709 0.1086192 0.1060446 
Saccharomyces_uvarum               0.1566449 0.1961216 0.1389858 0.1833029 0.1707903 0.1487803 0.0190885 0.0285494 0.0033620 0.0301000 0.0289689 0.0284709 0.0000000 0.1176414 0.1171532 
Tetrapisispora_blattae             0.1563166 0.1892816 0.1385700 0.2027968 0.1550440 0.1422086 0.1214387 0.1128386 0.1219532 0.1249185 0.1143976 0.1086192 0.1176414 0.0000000 0.0705263 
yHMPu5000035629_Yueomyces_sinensis 0.1622994 0.2046280 0.1405744 0.1856747 0.1566438 0.1396632 0.1152218 0.1083077 0.1191039 0.1210387 0.1153065 0.1060446 0.1171532 0.0705263 0.0000000 
