15
Candida_glabrata                   0.0000000 0.2835816 0.1147757 0.3644650 0.1231304 0.1108580 0.2287974 0.2370620 0.2393672 0.2378323 0.2514802 0.2308369 0.2365541 0.3250410 0.3075390 
Nakaseomyces_bacillisporus         0.2835816 0.0000000 0.3297987 0.2974721 0.3408239 0.3323412 0.2923255 0.2994117 0.2928418 0.2922943 0.3091294 0.2948090 0.2856767 0.3533323 0.3454913 
Nakaseomyces_bracarensis           0.1147757 0.3297987 0.0000000 0.3702993 0.0387634 0.0318620 0.2059711 0.2146952 0.2119275 0.2087873 0.2209317 0.2042203 0.2101350 0.3057011 0.2931760 
Nakaseomyces_castellii             0.3644650 0.2974721 0.3702993 0.0000000 0.3707324 0.3584642 0.3091827 0.3029778 0.3072023 0.2940890 0.3052524 0.2944063 0.3055241 0.3887345 0.3816468 
Nakaseomyces_delphensis            0.1231304 0.3408239 0.0387634 0.3707324 0.0000000 0.0298483 0.2341195 0.2371547 0.2435461 0.2431604 0.2506613 0.2361716 0.2407541 0.3154105 0.3014927 
Nakaseomyces_nivariensis           0.1108580 0.3323412 0.0318620 0.3584642 0.0298483 0.0000000 0.2284001 0.2332728 0.2318915 0.2314249 0.2413873 0.2271275 0.2291210 0.3074260 0.2995435 
Saccharomyces_arboricola           0.2287974 0.2923255 0.2059711 0.3091827 0.2341195 0.2284001 0.0000000 0.0215717 0.0259993 0.0172779 0.0309216 0.0194665 0.0283362 0.2453920 0.2388393 
Saccharomyces_cerevisiae           0.2370620 0.2994117 0.2146952 0.3029778 0.2371547 0.2332728 0.0215717 0.0000000 0.0237367 0.0128695 0.0262633 0.0042425 0.0260479 0.2374399 0.2382493 
Saccharomyces_eubayanus            0.2393672 0.2928418 0.2119275 0.3072023 0.2435461 0.2318915 0.0259993 0.0237367 0.0000000 0.0194652 0.0329196 0.0171960 0.0105587 0.2577808 0.2563948 
Saccharomyces_kudriavzevii         0.2378323 0.2922943 0.2087873 0.2940890 0.2431604 0.2314249 0.0172779 0.0128695 0.0194652 0.0000000 0.0264633 0.0107521 0.0217588 0.2377784 0.2376039 
Saccharomyces_mikatae              0.2514802 0.3091294 0.2209317 0.3052524 0.2506613 0.2413873 0.0309216 0.0262633 0.0329196 0.0264633 0.0000000 0.0196208 0.0375912 0.2490511 0.2476389 
Saccharomyces_paradoxus            0.2308369 0.2948090 0.2042203 0.2944063 0.2361716 0.2271275 0.0194665 0.0042425 0.0171960 0.0107521 0.0196208 0.0000000 0.0216575 0.2326929 0.2313063 
Saccharomyces_uvarum               0.2365541 0.2856767 0.2101350 0.3055241 0.2407541 0.2291210 0.0283362 0.0260479 0.0105587 0.0217588 0.0375912 0.0216575 0.0000000 0.2520264 0.2505574 
Tetrapisispora_blattae             0.3250410 0.3533323 0.3057011 0.3887345 0.3154105 0.3074260 0.2453920 0.2374399 0.2577808 0.2377784 0.2490511 0.2326929 0.2520264 0.0000000 0.1305096 
yHMPu5000035629_Yueomyces_sinensis 0.3075390 0.3454913 0.2931760 0.3816468 0.3014927 0.2995435 0.2388393 0.2382493 0.2563948 0.2376039 0.2476389 0.2313063 0.2505574 0.1305096 0.0000000 
