15
Candida_glabrata                   0.0000000 0.1999552 0.0757332 0.2531083 0.0899539 0.0821022 0.1974565 0.1862773 0.2027882 0.1861806 0.1949666 0.2029180 0.2021511 0.2119240 0.1747192 
Nakaseomyces_bacillisporus         0.1999552 0.0000000 0.2097726 0.2380106 0.2055808 0.1968001 0.2776438 0.2394420 0.2827544 0.2522201 0.2596198 0.2488145 0.2819526 0.2185889 0.2298087 
Nakaseomyces_bracarensis           0.0757332 0.2097726 0.0000000 0.2374810 0.0618939 0.0403949 0.1787670 0.1482498 0.1925040 0.1552741 0.1480296 0.1536573 0.1857869 0.2207583 0.1891616 
Nakaseomyces_castellii             0.2531083 0.2380106 0.2374810 0.0000000 0.2869948 0.2557739 0.2898974 0.2505750 0.2897786 0.2626525 0.2711760 0.2489085 0.2889454 0.2757990 0.3410021 
Nakaseomyces_delphensis            0.0899539 0.2055808 0.0618939 0.2869948 0.0000000 0.0291305 0.1906560 0.1702310 0.1887030 0.1579800 0.1699182 0.1887112 0.1820929 0.2225138 0.1808503 
Nakaseomyces_nivariensis           0.0821022 0.1968001 0.0403949 0.2557739 0.0291305 0.0000000 0.1768997 0.1435092 0.1783846 0.1296673 0.1433131 0.1488170 0.1849643 0.2303383 0.1760449 
Saccharomyces_arboricola           0.1974565 0.2776438 0.1787670 0.2898974 0.1906560 0.1768997 0.0000000 0.0435258 0.0390499 0.0647957 0.0391016 0.0542624 0.0490492 0.2636899 0.2195681 
Saccharomyces_cerevisiae           0.1862773 0.2394420 0.1482498 0.2505750 0.1702310 0.1435092 0.0435258 0.0000000 0.0441938 0.0340202 0.0190951 0.0240902 0.0441878 0.2661903 0.2078183 
Saccharomyces_eubayanus            0.2027882 0.2827544 0.1925040 0.2897786 0.1887030 0.1783846 0.0390499 0.0441938 0.0000000 0.0546548 0.0397072 0.0551163 0.0094248 0.2742989 0.2352467 
Saccharomyces_kudriavzevii         0.1861806 0.2522201 0.1552741 0.2626525 0.1579800 0.1296673 0.0647957 0.0340202 0.0546548 0.0000000 0.0340319 0.0289178 0.0598278 0.2561276 0.2089023 
Saccharomyces_mikatae              0.1949666 0.2596198 0.1480296 0.2711760 0.1699182 0.1433131 0.0391016 0.0190951 0.0397072 0.0340319 0.0000000 0.0240388 0.0448335 0.2729713 0.1993604 
Saccharomyces_paradoxus            0.2029180 0.2488145 0.1536573 0.2489085 0.1887112 0.1488170 0.0542624 0.0240902 0.0551163 0.0289178 0.0240388 0.0000000 0.0603346 0.2655360 0.2223923 
Saccharomyces_uvarum               0.2021511 0.2819526 0.1857869 0.2889454 0.1820929 0.1849643 0.0490492 0.0441878 0.0094248 0.0598278 0.0448335 0.0603346 0.0000000 0.2734227 0.2345234 
Tetrapisispora_blattae             0.2119240 0.2185889 0.2207583 0.2757990 0.2225138 0.2303383 0.2636899 0.2661903 0.2742989 0.2561276 0.2729713 0.2655360 0.2734227 0.0000000 0.1546387 
yHMPu5000035629_Yueomyces_sinensis 0.1747192 0.2298087 0.1891616 0.3410021 0.1808503 0.1760449 0.2195681 0.2078183 0.2352467 0.2089023 0.1993604 0.2223923 0.2345234 0.1546387 0.0000000 
