15
Candida_glabrata                   0.0000000 0.3153570 0.1272111 0.3120332 0.1391073 0.1205968 0.2731923 0.2610165 0.2657590 0.2706395 0.2807610 0.2515534 0.2635220 0.2916988 0.2955568 
Nakaseomyces_bacillisporus         0.3153570 0.0000000 0.3094696 0.2743125 0.3016763 0.3079926 0.2539973 0.2534032 0.2532771 0.2482315 0.2672267 0.2528834 0.2515586 0.3087617 0.2994825 
Nakaseomyces_bracarensis           0.1272111 0.3094696 0.0000000 0.3259330 0.0433995 0.0499344 0.2612378 0.2481971 0.2582546 0.2514730 0.2663938 0.2463677 0.2555512 0.2720636 0.2880708 
Nakaseomyces_castellii             0.3120332 0.2743125 0.3259330 0.0000000 0.3169194 0.3241382 0.2764342 0.2695944 0.2734007 0.2715688 0.2882965 0.2707423 0.2770225 0.3102468 0.3390269 
Nakaseomyces_delphensis            0.1391073 0.3016763 0.0433995 0.3169194 0.0000000 0.0455332 0.2525693 0.2411338 0.2473585 0.2387863 0.2531446 0.2441418 0.2446907 0.2625007 0.2804240 
Nakaseomyces_nivariensis           0.1205968 0.3079926 0.0499344 0.3241382 0.0455332 0.0000000 0.2518277 0.2402002 0.2540269 0.2449584 0.2522532 0.2360106 0.2482301 0.2599865 0.2832780 
Saccharomyces_arboricola           0.2731923 0.2539973 0.2612378 0.2764342 0.2525693 0.2518277 0.0000000 0.0327747 0.0331507 0.0245369 0.0401047 0.0375125 0.0268308 0.2252698 0.2645601 
Saccharomyces_cerevisiae           0.2610165 0.2534032 0.2481971 0.2695944 0.2411338 0.2402002 0.0327747 0.0000000 0.0371637 0.0284672 0.0250042 0.0204198 0.0351492 0.2217688 0.2453313 
Saccharomyces_eubayanus            0.2657590 0.2532771 0.2582546 0.2734007 0.2473585 0.2540269 0.0331507 0.0371637 0.0000000 0.0309645 0.0446559 0.0420084 0.0100427 0.2212218 0.2518524 
Saccharomyces_kudriavzevii         0.2706395 0.2482315 0.2514730 0.2715688 0.2387863 0.2449584 0.0245369 0.0284672 0.0309645 0.0000000 0.0378623 0.0352992 0.0289378 0.2239014 0.2483657 
Saccharomyces_mikatae              0.2807610 0.2672267 0.2663938 0.2882965 0.2531446 0.2522532 0.0401047 0.0250042 0.0446559 0.0378623 0.0000000 0.0292722 0.0426064 0.2294066 0.2641312 
Saccharomyces_paradoxus            0.2515534 0.2528834 0.2463677 0.2707423 0.2441418 0.2360106 0.0375125 0.0204198 0.0420084 0.0352992 0.0292722 0.0000000 0.0399698 0.2238403 0.2549484 
Saccharomyces_uvarum               0.2635220 0.2515586 0.2555512 0.2770225 0.2446907 0.2482301 0.0268308 0.0351492 0.0100427 0.0289378 0.0426064 0.0399698 0.0000000 0.2297154 0.2556455 
Tetrapisispora_blattae             0.2916988 0.3087617 0.2720636 0.3102468 0.2625007 0.2599865 0.2252698 0.2217688 0.2212218 0.2239014 0.2294066 0.2238403 0.2297154 0.0000000 0.1674320 
yHMPu5000035629_Yueomyces_sinensis 0.2955568 0.2994825 0.2880708 0.3390269 0.2804240 0.2832780 0.2645601 0.2453313 0.2518524 0.2483657 0.2641312 0.2549484 0.2556455 0.1674320 0.0000000 
