15
Candida_glabrata                   0.0000000 0.1001516 0.0514625 0.1237253 0.0686065 0.0528973 0.1073086 0.1042069 0.1014884 0.1048574 0.1008234 0.1034227 0.1013356 0.1247866 0.1147635 
Nakaseomyces_bacillisporus         0.1001516 0.0000000 0.1097495 0.1102232 0.1286307 0.1084449 0.1142242 0.1071202 0.1095956 0.1080622 0.1098494 0.1079580 0.1061167 0.1282959 0.1184168 
Nakaseomyces_bracarensis           0.0514625 0.1097495 0.0000000 0.1268757 0.0466294 0.0284559 0.1133477 0.1080895 0.1063177 0.1057610 0.1030255 0.1113836 0.1029189 0.1278832 0.1135667 
Nakaseomyces_castellii             0.1237253 0.1102232 0.1268757 0.0000000 0.1352400 0.1256107 0.1299649 0.1259169 0.1198780 0.1265858 0.1191099 0.1304866 0.1165174 0.1531425 0.1336778 
Nakaseomyces_delphensis            0.0686065 0.1286307 0.0466294 0.1352400 0.0000000 0.0404207 0.1244108 0.1194622 0.1124438 0.1126826 0.1134327 0.1190620 0.1097197 0.1472250 0.1280913 
Nakaseomyces_nivariensis           0.0528973 0.1084449 0.0284559 0.1256107 0.0404207 0.0000000 0.1090197 0.1092754 0.1043876 0.1042363 0.1019591 0.1099311 0.1017986 0.1255980 0.1132844 
Saccharomyces_arboricola           0.1073086 0.1142242 0.1133477 0.1299649 0.1244108 0.1090197 0.0000000 0.0353736 0.0326619 0.0298984 0.0284113 0.0360422 0.0323922 0.1289062 0.1242605 
Saccharomyces_cerevisiae           0.1042069 0.1071202 0.1080895 0.1259169 0.1194622 0.1092754 0.0353736 0.0000000 0.0347614 0.0337688 0.0257396 0.0160672 0.0375431 0.1286773 0.1182179 
Saccharomyces_eubayanus            0.1014884 0.1095956 0.1063177 0.1198780 0.1124438 0.1043876 0.0326619 0.0347614 0.0000000 0.0329298 0.0283871 0.0369516 0.0058117 0.1209953 0.1161253 
Saccharomyces_kudriavzevii         0.1048574 0.1080622 0.1057610 0.1265858 0.1126826 0.1042363 0.0298984 0.0337688 0.0329298 0.0000000 0.0276313 0.0337344 0.0307953 0.1237591 0.1195334 
Saccharomyces_mikatae              0.1008234 0.1098494 0.1030255 0.1191099 0.1134327 0.1019591 0.0284113 0.0257396 0.0283871 0.0276313 0.0000000 0.0232450 0.0294980 0.1236105 0.1156220 
Saccharomyces_paradoxus            0.1034227 0.1079580 0.1113836 0.1304866 0.1190620 0.1099311 0.0360422 0.0160672 0.0369516 0.0337344 0.0232450 0.0000000 0.0377918 0.1291713 0.1201838 
Saccharomyces_uvarum               0.1013356 0.1061167 0.1029189 0.1165174 0.1097197 0.1017986 0.0323922 0.0375431 0.0058117 0.0307953 0.0294980 0.0377918 0.0000000 0.1187129 0.1133983 
Tetrapisispora_blattae             0.1247866 0.1282959 0.1278832 0.1531425 0.1472250 0.1255980 0.1289062 0.1286773 0.1209953 0.1237591 0.1236105 0.1291713 0.1187129 0.0000000 0.0940750 
yHMPu5000035629_Yueomyces_sinensis 0.1147635 0.1184168 0.1135667 0.1336778 0.1280913 0.1132844 0.1242605 0.1182179 0.1161253 0.1195334 0.1156220 0.1201838 0.1133983 0.0940750 0.0000000 
