15
Candida_glabrata                   0.0000000 1.0329118 0.4077718 0.9645003 0.4370472 0.4041083 0.8301037 0.8150260 0.8391054 0.8228812 0.8371708 0.8415608 0.8351191 1.1451190 1.3502812 
Nakaseomyces_bacillisporus         1.0329118 0.0000000 0.9080296 0.5813700 0.9224326 0.9184674 0.7658752 0.7735903 0.7524576 0.7393945 0.7575785 0.7678287 0.7441367 1.1225411 1.3074586 
Nakaseomyces_bracarensis           0.4077718 0.9080296 0.0000000 0.9592936 0.1878462 0.1208320 0.7594308 0.7554598 0.7689987 0.7681417 0.7738633 0.7988582 0.7722631 1.1587487 1.2714981 
Nakaseomyces_castellii             0.9645003 0.5813700 0.9592936 0.0000000 0.9930278 1.0218361 0.8043481 0.7803131 0.7859412 0.7703052 0.7859561 0.8037096 0.7773786 1.1930465 1.4542057 
Nakaseomyces_delphensis            0.4370472 0.9224326 0.1878462 0.9930278 0.0000000 0.1410329 0.7661234 0.7583126 0.8206098 0.7820394 0.7761518 0.7961470 0.8136494 1.1929143 1.3149917 
Nakaseomyces_nivariensis           0.4041083 0.9184674 0.1208320 1.0218361 0.1410329 0.0000000 0.7632975 0.7627454 0.7969104 0.7804420 0.7843538 0.8002839 0.8022772 1.1606097 1.2543575 
Saccharomyces_arboricola           0.8301037 0.7658752 0.7594308 0.8043481 0.7661234 0.7632975 0.0000000 0.0712140 0.0940881 0.0897108 0.0786209 0.0860636 0.0882974 1.0131827 1.2400557 
Saccharomyces_cerevisiae           0.8150260 0.7735903 0.7554598 0.7803131 0.7583126 0.7627454 0.0712140 0.0000000 0.0789099 0.0599535 0.0457056 0.0362381 0.0760416 0.9944844 1.2009198 
Saccharomyces_eubayanus            0.8391054 0.7524576 0.7689987 0.7859412 0.8206098 0.7969104 0.0940881 0.0789099 0.0000000 0.0753389 0.0852361 0.0915302 0.0202726 0.9954880 1.2271676 
Saccharomyces_kudriavzevii         0.8228812 0.7393945 0.7681417 0.7703052 0.7820394 0.7804420 0.0897108 0.0599535 0.0753389 0.0000000 0.0626841 0.0756769 0.0753621 1.0038480 1.1913263 
Saccharomyces_mikatae              0.8371708 0.7575785 0.7738633 0.7859561 0.7761518 0.7843538 0.0786209 0.0457056 0.0852361 0.0626841 0.0000000 0.0598945 0.0878156 1.0112126 1.2171308 
Saccharomyces_paradoxus            0.8415608 0.7678287 0.7988582 0.8037096 0.7961470 0.8002839 0.0860636 0.0362381 0.0915302 0.0756769 0.0598945 0.0000000 0.0934983 1.0068289 1.1977816 
Saccharomyces_uvarum               0.8351191 0.7441367 0.7722631 0.7773786 0.8136494 0.8022772 0.0882974 0.0760416 0.0202726 0.0753621 0.0878156 0.0934983 0.0000000 0.9977939 1.2347419 
Tetrapisispora_blattae             1.1451190 1.1225411 1.1587487 1.1930465 1.1929143 1.1606097 1.0131827 0.9944844 0.9954880 1.0038480 1.0112126 1.0068289 0.9977939 0.0000000 0.5029900 
yHMPu5000035629_Yueomyces_sinensis 1.3502812 1.3074586 1.2714981 1.4542057 1.3149917 1.2543575 1.2400557 1.2009198 1.2271676 1.1913263 1.2171308 1.1977816 1.2347419 0.5029900 0.0000000 
