15
Candida_glabrata                   0.0000000 0.1480316 0.1571518 0.2505324 0.1592651 0.1213195 0.2099702 0.2063794 0.2140177 0.2166302 0.2009433 0.2066249 0.2202289 0.3150417 0.2360489 
Nakaseomyces_bacillisporus         0.1480316 0.0000000 0.1717846 0.1999295 0.1982959 0.1659436 0.2786719 0.2600073 0.2452997 0.2602314 0.2553103 0.2498026 0.2638664 0.3292121 0.2845279 
Nakaseomyces_bracarensis           0.1571518 0.1717846 0.0000000 0.2503737 0.0701460 0.0433555 0.2496018 0.2415089 0.2434720 0.2823704 0.2410022 0.2522104 0.2629701 0.3150690 0.3350201 
Nakaseomyces_castellii             0.2505324 0.1999295 0.2503737 0.0000000 0.2394721 0.2266301 0.3105441 0.2999567 0.2943838 0.3274781 0.2894990 0.3002707 0.3060676 0.3607262 0.3644078 
Nakaseomyces_delphensis            0.1592651 0.1982959 0.0701460 0.2394721 0.0000000 0.0464352 0.2578157 0.2496604 0.2653587 0.2635620 0.2491180 0.2605836 0.2713309 0.3257197 0.3173530 
Nakaseomyces_nivariensis           0.1213195 0.1659436 0.0433555 0.2266301 0.0464352 0.0000000 0.2141041 0.2054813 0.2205413 0.2456551 0.2050724 0.2162968 0.2398903 0.3016372 0.2873881 
Saccharomyces_arboricola           0.2099702 0.2786719 0.2496018 0.3105441 0.2578157 0.2141041 0.0000000 0.0247861 0.0467621 0.0516494 0.0164135 0.0248050 0.0511570 0.3014082 0.2695588 
Saccharomyces_cerevisiae           0.2063794 0.2600073 0.2415089 0.2999567 0.2496604 0.2054813 0.0247861 0.0000000 0.0333765 0.0384800 0.0163740 0.0081565 0.0376560 0.3212118 0.2721007 
Saccharomyces_eubayanus            0.2140177 0.2452997 0.2434720 0.2943838 0.2653587 0.2205413 0.0467621 0.0333765 0.0000000 0.0388858 0.0418959 0.0249626 0.0123647 0.3264215 0.2933246 
Saccharomyces_kudriavzevii         0.2166302 0.2602314 0.2823704 0.3274781 0.2635620 0.2456551 0.0516494 0.0384800 0.0388858 0.0000000 0.0426571 0.0298568 0.0336693 0.3494918 0.2945227 
Saccharomyces_mikatae              0.2009433 0.2553103 0.2410022 0.2894990 0.2491180 0.2050724 0.0164135 0.0163740 0.0418959 0.0426571 0.0000000 0.0163862 0.0462162 0.3036698 0.2612169 
Saccharomyces_paradoxus            0.2066249 0.2498026 0.2522104 0.3002707 0.2605836 0.2162968 0.0248050 0.0081565 0.0249626 0.0298568 0.0163862 0.0000000 0.0292095 0.3215375 0.2723991 
Saccharomyces_uvarum               0.2202289 0.2638664 0.2629701 0.3060676 0.2713309 0.2398903 0.0511570 0.0376560 0.0123647 0.0336693 0.0462162 0.0292095 0.0000000 0.3248082 0.2917384 
Tetrapisispora_blattae             0.3150417 0.3292121 0.3150690 0.3607262 0.3257197 0.3016372 0.3014082 0.3212118 0.3264215 0.3494918 0.3036698 0.3215375 0.3248082 0.0000000 0.2665187 
yHMPu5000035629_Yueomyces_sinensis 0.2360489 0.2845279 0.3350201 0.3644078 0.3173530 0.2873881 0.2695588 0.2721007 0.2933246 0.2945227 0.2612169 0.2723991 0.2917384 0.2665187 0.0000000 
