15
Candida_glabrata                   0.0000000 0.2051610 0.0838700 0.2677655 0.0943250 0.0843001 0.1954561 0.1778753 0.1969070 0.1854752 0.1831177 0.1772976 0.1876483 0.2772294 0.2232295 
Nakaseomyces_bacillisporus         0.2051610 0.0000000 0.1878516 0.2505611 0.1862327 0.1851179 0.2115379 0.1978537 0.2138561 0.2069035 0.2093438 0.1970316 0.2146460 0.2975509 0.3176890 
Nakaseomyces_bracarensis           0.0838700 0.1878516 0.0000000 0.2480677 0.0590070 0.0446674 0.1829920 0.1592792 0.1753945 0.1704408 0.1736260 0.1694883 0.1759438 0.2600469 0.2427935 
Nakaseomyces_castellii             0.2677655 0.2505611 0.2480677 0.0000000 0.2465763 0.2503930 0.3263885 0.2981131 0.3131433 0.3147819 0.3083481 0.3007252 0.3195065 0.3410813 0.3346586 
Nakaseomyces_delphensis            0.0943250 0.1862327 0.0590070 0.2465763 0.0000000 0.0459667 0.2022853 0.1787824 0.1906455 0.1808252 0.1880001 0.1803046 0.1863522 0.2706652 0.2444117 
Nakaseomyces_nivariensis           0.0843001 0.1851179 0.0446674 0.2503930 0.0459667 0.0000000 0.1831941 0.1595383 0.1701159 0.1650953 0.1726465 0.1660222 0.1699443 0.2673363 0.2305504 
Saccharomyces_arboricola           0.1954561 0.2115379 0.1829920 0.3263885 0.2022853 0.1831941 0.0000000 0.0470930 0.0623962 0.0459020 0.0620375 0.0418423 0.0578760 0.2933666 0.2726944 
Saccharomyces_cerevisiae           0.1778753 0.1978537 0.1592792 0.2981131 0.1787824 0.1595383 0.0470930 0.0000000 0.0497589 0.0293094 0.0452687 0.0184928 0.0483314 0.2684262 0.2803043 
Saccharomyces_eubayanus            0.1969070 0.2138561 0.1753945 0.3131433 0.1906455 0.1701159 0.0623962 0.0497589 0.0000000 0.0567619 0.0667582 0.0555611 0.0222487 0.2797675 0.3010089 
Saccharomyces_kudriavzevii         0.1854752 0.2069035 0.1704408 0.3147819 0.1808252 0.1650953 0.0459020 0.0293094 0.0567619 0.0000000 0.0549402 0.0274898 0.0518017 0.2882540 0.2914080 
Saccharomyces_mikatae              0.1831177 0.2093438 0.1736260 0.3083481 0.1880001 0.1726465 0.0620375 0.0452687 0.0667582 0.0549402 0.0000000 0.0402550 0.0647170 0.2671324 0.2816289 
Saccharomyces_paradoxus            0.1772976 0.1970316 0.1694883 0.3007252 0.1803046 0.1660222 0.0418423 0.0184928 0.0555611 0.0274898 0.0402550 0.0000000 0.0485125 0.2718075 0.2755249 
Saccharomyces_uvarum               0.1876483 0.2146460 0.1759438 0.3195065 0.1863522 0.1699443 0.0578760 0.0483314 0.0222487 0.0518017 0.0647170 0.0485125 0.0000000 0.2766959 0.3054610 
Tetrapisispora_blattae             0.2772294 0.2975509 0.2600469 0.3410813 0.2706652 0.2673363 0.2933666 0.2684262 0.2797675 0.2882540 0.2671324 0.2718075 0.2766959 0.0000000 0.2178900 
yHMPu5000035629_Yueomyces_sinensis 0.2232295 0.3176890 0.2427935 0.3346586 0.2444117 0.2305504 0.2726944 0.2803043 0.3010089 0.2914080 0.2816289 0.2755249 0.3054610 0.2178900 0.0000000 
