15
Candida_glabrata                   0.0000000 0.4284700 0.1830471 0.6187084 0.1901791 0.1710971 0.3667193 0.3664435 0.3615877 0.3747841 0.3814415 0.3733824 0.3625498 0.5064060 0.4924161 
Nakaseomyces_bacillisporus         0.4284700 0.0000000 0.3644872 0.4526012 0.3913762 0.3562664 0.2921352 0.3003574 0.2944799 0.3029085 0.3023698 0.2999002 0.2941352 0.4181255 0.5028750 
Nakaseomyces_bracarensis           0.1830471 0.3644872 0.0000000 0.5631330 0.1001595 0.0756011 0.3180746 0.3163095 0.3127364 0.3293447 0.3241438 0.3191165 0.3133372 0.4567388 0.4383772 
Nakaseomyces_castellii             0.6187084 0.4526012 0.5631330 0.0000000 0.5903741 0.5694144 0.4813901 0.4960656 0.4713867 0.4902608 0.4917062 0.4949880 0.4696309 0.6434538 0.6737649 
Nakaseomyces_delphensis            0.1901791 0.3913762 0.1001595 0.5903741 0.0000000 0.0774115 0.3550274 0.3549168 0.3490014 0.3728663 0.3637864 0.3624753 0.3531270 0.4727173 0.4662209 
Nakaseomyces_nivariensis           0.1710971 0.3562664 0.0756011 0.5694144 0.0774115 0.0000000 0.3285514 0.3286975 0.3195807 0.3413900 0.3366895 0.3338953 0.3253491 0.4497657 0.4383870 
Saccharomyces_arboricola           0.3667193 0.2921352 0.3180746 0.4813901 0.3550274 0.3285514 0.0000000 0.0390803 0.0397326 0.0463632 0.0415840 0.0334958 0.0382816 0.3824723 0.4488860 
Saccharomyces_cerevisiae           0.3664435 0.3003574 0.3163095 0.4960656 0.3549168 0.3286975 0.0390803 0.0000000 0.0451131 0.0467572 0.0298444 0.0167879 0.0427405 0.3941040 0.4524056 
Saccharomyces_eubayanus            0.3615877 0.2944799 0.3127364 0.4713867 0.3490014 0.3195807 0.0397326 0.0451131 0.0000000 0.0496292 0.0436527 0.0413911 0.0141398 0.3974193 0.4578808 
Saccharomyces_kudriavzevii         0.3747841 0.3029085 0.3293447 0.4902608 0.3728663 0.3413900 0.0463632 0.0467572 0.0496292 0.0000000 0.0469541 0.0412279 0.0493083 0.4076240 0.4738685 
Saccharomyces_mikatae              0.3814415 0.3023698 0.3241438 0.4917062 0.3637864 0.3366895 0.0415840 0.0298444 0.0436527 0.0469541 0.0000000 0.0267086 0.0445311 0.4111055 0.4616335 
Saccharomyces_paradoxus            0.3733824 0.2999002 0.3191165 0.4949880 0.3624753 0.3338953 0.0334958 0.0167879 0.0413911 0.0412279 0.0267086 0.0000000 0.0376870 0.3913277 0.4557713 
Saccharomyces_uvarum               0.3625498 0.2941352 0.3133372 0.4696309 0.3531270 0.3253491 0.0382816 0.0427405 0.0141398 0.0493083 0.0445311 0.0376870 0.0000000 0.3949424 0.4481362 
Tetrapisispora_blattae             0.5064060 0.4181255 0.4567388 0.6434538 0.4727173 0.4497657 0.3824723 0.3941040 0.3974193 0.4076240 0.4111055 0.3913277 0.3949424 0.0000000 0.3275568 
yHMPu5000035629_Yueomyces_sinensis 0.4924161 0.5028750 0.4383772 0.6737649 0.4662209 0.4383870 0.4488860 0.4524056 0.4578808 0.4738685 0.4616335 0.4557713 0.4481362 0.3275568 0.0000000 
