15
Candida_glabrata                   0.0000000 0.1584778 0.0430677 0.1699937 0.0522008 0.0476373 0.0934453 0.0988862 0.0920519 0.0922882 0.0983608 0.0954520 0.0914257 0.1530993 0.2225523 
Nakaseomyces_bacillisporus         0.1584778 0.0000000 0.1430345 0.1823205 0.1577859 0.1393362 0.1551335 0.1535196 0.1429314 0.1552864 0.1547873 0.1499085 0.1446621 0.1455716 0.2619897 
Nakaseomyces_bracarensis           0.0430677 0.1430345 0.0000000 0.1800383 0.0264307 0.0243663 0.0938433 0.0940237 0.0908891 0.0931381 0.0956330 0.0954942 0.0927955 0.1463995 0.2267685 
Nakaseomyces_castellii             0.1699937 0.1823205 0.1800383 0.0000000 0.1797726 0.1785683 0.1733602 0.1676598 0.1712872 0.1759714 0.1711135 0.1709798 0.1745801 0.2252076 0.3168182 
Nakaseomyces_delphensis            0.0522008 0.1577859 0.0264307 0.1797726 0.0000000 0.0308369 0.1124865 0.1100416 0.1130305 0.1123705 0.1073562 0.1144013 0.1132523 0.1597950 0.2199062 
Nakaseomyces_nivariensis           0.0476373 0.1393362 0.0243663 0.1785683 0.0308369 0.0000000 0.0976467 0.0993566 0.0987638 0.0930025 0.1031584 0.1008199 0.1004675 0.1403090 0.2240816 
Saccharomyces_arboricola           0.0934453 0.1551335 0.0938433 0.1733602 0.1124865 0.0976467 0.0000000 0.0163533 0.0178037 0.0149842 0.0175771 0.0177398 0.0194893 0.1315811 0.2253948 
Saccharomyces_cerevisiae           0.0988862 0.1535196 0.0940237 0.1676598 0.1100416 0.0993566 0.0163533 0.0000000 0.0205500 0.0205696 0.0121124 0.0134979 0.0221856 0.1294027 0.2297362 
Saccharomyces_eubayanus            0.0920519 0.1429314 0.0908891 0.1712872 0.1130305 0.0987638 0.0178037 0.0205500 0.0000000 0.0221565 0.0219543 0.0193601 0.0080036 0.1380569 0.2255654 
Saccharomyces_kudriavzevii         0.0922882 0.1552864 0.0931381 0.1759714 0.1123705 0.0930025 0.0149842 0.0205696 0.0221565 0.0000000 0.0220369 0.0221340 0.0208335 0.1307318 0.2302332 
Saccharomyces_mikatae              0.0983608 0.1547873 0.0956330 0.1711135 0.1073562 0.1031584 0.0175771 0.0121124 0.0219543 0.0220369 0.0000000 0.0177207 0.0235292 0.1344189 0.2190436 
Saccharomyces_paradoxus            0.0954520 0.1499085 0.0954942 0.1709798 0.1144013 0.1008199 0.0177398 0.0134979 0.0193601 0.0221340 0.0177207 0.0000000 0.0180462 0.1319667 0.2230891 
Saccharomyces_uvarum               0.0914257 0.1446621 0.0927955 0.1745801 0.1132523 0.1004675 0.0194893 0.0221856 0.0080036 0.0208335 0.0235292 0.0180462 0.0000000 0.1410904 0.2304035 
Tetrapisispora_blattae             0.1530993 0.1455716 0.1463995 0.2252076 0.1597950 0.1403090 0.1315811 0.1294027 0.1380569 0.1307318 0.1344189 0.1319667 0.1410904 0.0000000 0.2688508 
yHMPu5000035629_Yueomyces_sinensis 0.2225523 0.2619897 0.2267685 0.3168182 0.2199062 0.2240816 0.2253948 0.2297362 0.2255654 0.2302332 0.2190436 0.2230891 0.2304035 0.2688508 0.0000000 
