15
Candida_glabrata                   0.0000000 0.1563905 0.0553067 0.1774213 0.0744408 0.0552270 0.1284187 0.1250149 0.1216232 0.1285780 0.1216360 0.1250489 0.1216232 0.1716936 0.1749939 
Nakaseomyces_bacillisporus         0.1563905 0.0000000 0.1381129 0.1147311 0.1407904 0.1480576 0.0918117 0.0885511 0.0917249 0.0986246 0.0820231 0.0885727 0.0917249 0.1710466 0.1669527 
Nakaseomyces_bracarensis           0.0553067 0.1381129 0.0000000 0.1453836 0.0336602 0.0182168 0.1141303 0.1174309 0.1140666 0.1142730 0.1140776 0.1174621 0.1140666 0.1828165 0.1778977 
Nakaseomyces_castellii             0.1774213 0.1147311 0.1453836 0.0000000 0.1520643 0.1486000 0.1150130 0.1182685 0.1148238 0.1254405 0.1149605 0.1182996 0.1148238 0.1934140 0.1944727 
Nakaseomyces_delphensis            0.0744408 0.1407904 0.0336602 0.1520643 0.0000000 0.0305749 0.1347410 0.1313253 0.1279222 0.1383981 0.1279364 0.1313614 0.1279222 0.1863290 0.1920853 
Nakaseomyces_nivariensis           0.0552270 0.1480576 0.0182168 0.1486000 0.0305749 0.0000000 0.1239844 0.1272909 0.1239133 0.1241379 0.1239265 0.1273254 0.1239133 0.1823659 0.1880911 
Saccharomyces_arboricola           0.1284187 0.0918117 0.1141303 0.1150130 0.1347410 0.1239844 0.0000000 0.0090833 0.0121150 0.0091135 0.0090850 0.0030198 0.0121150 0.1450684 0.1295129 
Saccharomyces_cerevisiae           0.1250149 0.0885511 0.1174309 0.1182685 0.1313253 0.1272909 0.0090833 0.0000000 0.0151685 0.0182864 0.0060505 0.0060505 0.0151685 0.1416148 0.1261311 
Saccharomyces_eubayanus            0.1216232 0.0917249 0.1140666 0.1148238 0.1279222 0.1239133 0.0121150 0.0151685 0.0000000 0.0213411 0.0151715 0.0090787 0.0000010 0.1348712 0.1260555 
Saccharomyces_kudriavzevii         0.1285780 0.0986246 0.1142730 0.1254405 0.1383981 0.1241379 0.0091135 0.0182864 0.0213411 0.0000000 0.0182900 0.0121608 0.0213411 0.1419664 0.1331268 
Saccharomyces_mikatae              0.1216360 0.0820231 0.1140776 0.1149605 0.1279364 0.1239265 0.0090850 0.0060505 0.0151715 0.0182900 0.0000000 0.0060516 0.0151715 0.1381912 0.1227752 
Saccharomyces_paradoxus            0.1250489 0.0885727 0.1174621 0.1182996 0.1313614 0.1273254 0.0030198 0.0060505 0.0090787 0.0121608 0.0060516 0.0000000 0.0090787 0.1416550 0.1261652 
Saccharomyces_uvarum               0.1216232 0.0917249 0.1140666 0.1148238 0.1279222 0.1239133 0.0121150 0.0151685 0.0000010 0.0213411 0.0151715 0.0090787 0.0000000 0.1348712 0.1260555 
Tetrapisispora_blattae             0.1716936 0.1710466 0.1828165 0.1934140 0.1863290 0.1823659 0.1450684 0.1416148 0.1348712 0.1419664 0.1381912 0.1416550 0.1348712 0.0000000 0.1465196 
yHMPu5000035629_Yueomyces_sinensis 0.1749939 0.1669527 0.1778977 0.1944727 0.1920853 0.1880911 0.1295129 0.1261311 0.1260555 0.1331268 0.1227752 0.1261652 0.1260555 0.1465196 0.0000000 
