15
Candida_glabrata                   0.0000000 0.7122365 0.5031133 0.7272223 0.5325856 0.4892770 0.7326259 0.7452171 0.7215814 0.7571802 0.7930456 0.7146749 0.7440759 0.6698606 0.8708811 
Nakaseomyces_bacillisporus         0.7122365 0.0000000 0.8749566 0.7371357 0.8285905 0.8495311 0.6579475 0.6495142 0.6468398 0.6681033 0.6641851 0.6824157 0.6371546 0.7186184 0.9125938 
Nakaseomyces_bracarensis           0.5031133 0.8749566 0.0000000 1.0567980 0.1342302 0.1209370 0.7631819 0.6834152 0.7842228 0.7130151 0.7610298 0.7276272 0.7353449 0.7550778 0.9975129 
Nakaseomyces_castellii             0.7272223 0.7371357 1.0567980 0.0000000 1.0275201 0.9594738 0.7512246 0.7903743 0.7495392 0.7734957 0.8217351 0.7925990 0.7850969 0.6008462 0.7324707 
Nakaseomyces_delphensis            0.5325856 0.8285905 0.1342302 1.0275201 0.0000000 0.1075267 0.7262171 0.6738497 0.7566508 0.6558667 0.7210631 0.6995729 0.7315441 0.8226537 1.0088815 
Nakaseomyces_nivariensis           0.4892770 0.8495311 0.1209370 0.9594738 0.1075267 0.0000000 0.7415181 0.6132134 0.7145056 0.5962926 0.6700679 0.6554320 0.6735806 0.7810623 0.9970994 
Saccharomyces_arboricola           0.7326259 0.6579475 0.7631819 0.7512246 0.7262171 0.7415181 0.0000000 0.1104725 0.1122359 0.0978041 0.1005835 0.0725283 0.1267903 0.6921945 0.8245072 
Saccharomyces_cerevisiae           0.7452171 0.6495142 0.6834152 0.7903743 0.6738497 0.6132134 0.1104725 0.0000000 0.1450934 0.1161451 0.1079365 0.0560855 0.1539506 0.6620183 0.8055314 
Saccharomyces_eubayanus            0.7215814 0.6468398 0.7842228 0.7495392 0.7566508 0.7145056 0.1122359 0.1450934 0.0000000 0.1343071 0.1346349 0.0926590 0.0213099 0.6621504 0.8653101 
Saccharomyces_kudriavzevii         0.7571802 0.6681033 0.7130151 0.7734957 0.6558667 0.5962926 0.0978041 0.1161451 0.1343071 0.0000000 0.0947710 0.0802697 0.1152376 0.7082901 0.8452546 
Saccharomyces_mikatae              0.7930456 0.6641851 0.7610298 0.8217351 0.7210631 0.6700679 0.1005835 0.1079365 0.1346349 0.0947710 0.0000000 0.0620877 0.1223333 0.6994389 0.8471861 
Saccharomyces_paradoxus            0.7146749 0.6824157 0.7276272 0.7925990 0.6995729 0.6554320 0.0725283 0.0560855 0.0926590 0.0802697 0.0620877 0.0000000 0.0935464 0.6902671 0.8694823 
Saccharomyces_uvarum               0.7440759 0.6371546 0.7353449 0.7850969 0.7315441 0.6735806 0.1267903 0.1539506 0.0213099 0.1152376 0.1223333 0.0935464 0.0000000 0.6855005 0.8511361 
Tetrapisispora_blattae             0.6698606 0.7186184 0.7550778 0.6008462 0.8226537 0.7810623 0.6921945 0.6620183 0.6621504 0.7082901 0.6994389 0.6902671 0.6855005 0.0000000 0.8421810 
yHMPu5000035629_Yueomyces_sinensis 0.8708811 0.9125938 0.9975129 0.7324707 1.0088815 0.9970994 0.8245072 0.8055314 0.8653101 0.8452546 0.8471861 0.8694823 0.8511361 0.8421810 0.0000000 
