15
Candida_glabrata                   0.0000000 0.1533593 0.0687826 0.1806715 0.0833658 0.0667474 0.1771899 0.1708488 0.1630674 0.1668893 0.1847695 0.1785139 0.1581559 0.2641568 0.2112959 
Nakaseomyces_bacillisporus         0.1533593 0.0000000 0.1774493 0.1607319 0.1603510 0.1682024 0.1833151 0.1691672 0.1774533 0.1749389 0.1780241 0.1683900 0.1667992 0.2959558 0.2411954 
Nakaseomyces_bracarensis           0.0687826 0.1774493 0.0000000 0.1903513 0.0554671 0.0297243 0.2002519 0.1889384 0.1794213 0.1828001 0.2101670 0.2023034 0.1672171 0.2708493 0.2266725 
Nakaseomyces_castellii             0.1806715 0.1607319 0.1903513 0.0000000 0.1796878 0.1844401 0.2241204 0.2072760 0.1992911 0.2158557 0.2210155 0.2183962 0.1872829 0.2564377 0.2587723 
Nakaseomyces_delphensis            0.0833658 0.1603510 0.0554671 0.1796878 0.0000000 0.0393912 0.1823822 0.1968999 0.1641169 0.1755814 0.2012326 0.2003475 0.1615643 0.2716236 0.2384550 
Nakaseomyces_nivariensis           0.0667474 0.1682024 0.0297243 0.1844401 0.0393912 0.0000000 0.1921865 0.1907272 0.1725305 0.1803394 0.2074772 0.2012680 0.1676043 0.2679666 0.2382182 
Saccharomyces_arboricola           0.1771899 0.1833151 0.2002519 0.2241204 0.1823822 0.1921865 0.0000000 0.0521225 0.0649828 0.0420692 0.0494444 0.0545128 0.0597757 0.2811246 0.2370435 
Saccharomyces_cerevisiae           0.1708488 0.1691672 0.1889384 0.2072760 0.1968999 0.1907272 0.0521225 0.0000000 0.0814137 0.0467431 0.0283887 0.0171222 0.0764749 0.2775205 0.2341803 
Saccharomyces_eubayanus            0.1630674 0.1774533 0.1794213 0.1992911 0.1641169 0.1725305 0.0649828 0.0814137 0.0000000 0.0563733 0.0796113 0.0742973 0.0219181 0.2529836 0.2009906 
Saccharomyces_kudriavzevii         0.1668893 0.1749389 0.1828001 0.2158557 0.1755814 0.1803394 0.0420692 0.0467431 0.0563733 0.0000000 0.0374257 0.0422685 0.0536225 0.2778834 0.2235539 
Saccharomyces_mikatae              0.1847695 0.1780241 0.2101670 0.2210155 0.2012326 0.2074772 0.0494444 0.0283887 0.0796113 0.0374257 0.0000000 0.0284082 0.0666600 0.2809205 0.2456431 
Saccharomyces_paradoxus            0.1785139 0.1683900 0.2023034 0.2183962 0.2003475 0.2012680 0.0545128 0.0171222 0.0742973 0.0422685 0.0284082 0.0000000 0.0769674 0.2842684 0.2464836 
Saccharomyces_uvarum               0.1581559 0.1667992 0.1672171 0.1872829 0.1615643 0.1676043 0.0597757 0.0764749 0.0219181 0.0536225 0.0666600 0.0769674 0.0000000 0.2536360 0.1969209 
Tetrapisispora_blattae             0.2641568 0.2959558 0.2708493 0.2564377 0.2716236 0.2679666 0.2811246 0.2775205 0.2529836 0.2778834 0.2809205 0.2842684 0.2536360 0.0000000 0.2611597 
yHMPu5000035629_Yueomyces_sinensis 0.2112959 0.2411954 0.2266725 0.2587723 0.2384550 0.2382182 0.2370435 0.2341803 0.2009906 0.2235539 0.2456431 0.2464836 0.1969209 0.2611597 0.0000000 
