15
Candida_glabrata                   0.0000000 0.1560278 0.0490780 0.2008751 0.0679230 0.0531732 0.1834006 0.1765942 0.1881009 0.1920024 0.1760682 0.1753458 0.1881009 0.1943709 0.1833155 
Nakaseomyces_bacillisporus         0.1560278 0.0000000 0.1724322 0.1481790 0.1786110 0.1754286 0.1731015 0.1688488 0.1701564 0.1813944 0.1659746 0.1653138 0.1701564 0.2057002 0.1497471 
Nakaseomyces_bracarensis           0.0490780 0.1724322 0.0000000 0.1911050 0.0257270 0.0127543 0.1541344 0.1601250 0.1661231 0.1532434 0.1623993 0.1589474 0.1661231 0.1825876 0.1824922 
Nakaseomyces_castellii             0.2008751 0.1481790 0.1911050 0.0000000 0.2062697 0.1898759 0.2089007 0.2046946 0.2173573 0.2185670 0.2012710 0.2004068 0.2173573 0.2315708 0.2051095 
Nakaseomyces_delphensis            0.0679230 0.1786110 0.0257270 0.2062697 0.0000000 0.0304696 0.1577134 0.1636313 0.1596177 0.1568243 0.1659206 0.1624582 0.1596177 0.1791962 0.1801121 
Nakaseomyces_nivariensis           0.0531732 0.1754286 0.0127543 0.1898759 0.0304696 0.0000000 0.1728711 0.1730036 0.1847318 0.1718924 0.1755193 0.1717544 0.1847318 0.1787731 0.1841139 
Saccharomyces_arboricola           0.1834006 0.1731015 0.1541344 0.2089007 0.1577134 0.1728711 0.0000000 0.0303053 0.0258832 0.0258310 0.0258009 0.0258914 0.0258832 0.2732772 0.2101008 
Saccharomyces_cerevisiae           0.1765942 0.1688488 0.1601250 0.2046946 0.1636313 0.1730036 0.0303053 0.0000000 0.0435922 0.0393581 0.0169965 0.0041346 0.0435922 0.2547198 0.1868866 
Saccharomyces_eubayanus            0.1881009 0.1701564 0.1661231 0.2173573 0.1596177 0.1847318 0.0258832 0.0435922 0.0000000 0.0345292 0.0342488 0.0391128 0.0000010 0.2687349 0.2056806 
Saccharomyces_kudriavzevii         0.1920024 0.1813944 0.1532434 0.2185670 0.1568243 0.1718924 0.0258310 0.0393581 0.0345292 0.0000000 0.0346832 0.0348723 0.0345292 0.2631961 0.2193167 
Saccharomyces_mikatae              0.1760682 0.1659746 0.1623993 0.2012710 0.1659206 0.1755193 0.0258009 0.0169965 0.0342488 0.0346832 0.0000000 0.0127057 0.0342488 0.2585013 0.1891728 
Saccharomyces_paradoxus            0.1753458 0.1653138 0.1589474 0.2004068 0.1624582 0.1717544 0.0258914 0.0041346 0.0391128 0.0348723 0.0127057 0.0000000 0.0391128 0.2567942 0.1883966 
Saccharomyces_uvarum               0.1881009 0.1701564 0.1661231 0.2173573 0.1596177 0.1847318 0.0258832 0.0435922 0.0000010 0.0345292 0.0342488 0.0391128 0.0000000 0.2687349 0.2056806 
Tetrapisispora_blattae             0.1943709 0.2057002 0.1825876 0.2315708 0.1791962 0.1787731 0.2732772 0.2547198 0.2687349 0.2631961 0.2585013 0.2567942 0.2687349 0.0000000 0.1418911 
yHMPu5000035629_Yueomyces_sinensis 0.1833155 0.1497471 0.1824922 0.2051095 0.1801121 0.1841139 0.2101008 0.1868866 0.2056806 0.2193167 0.1891728 0.1883966 0.2056806 0.1418911 0.0000000 
