15
Candida_glabrata                   0.0000000 0.2590017 0.0908548 0.2923827 0.1165996 0.0956611 0.2772585 0.2695756 0.2720130 0.2803403 0.2702069 0.2709529 0.2754277 0.3100573 0.2866697 
Nakaseomyces_bacillisporus         0.2590017 0.0000000 0.2410357 0.1881712 0.2545218 0.2337207 0.2335958 0.2312692 0.2373027 0.2414317 0.2250689 0.2300543 0.2338619 0.2264795 0.2681908 
Nakaseomyces_bracarensis           0.0908548 0.2410357 0.0000000 0.2723377 0.0542137 0.0220524 0.2270309 0.2386745 0.2365267 0.2481913 0.2317694 0.2394924 0.2363705 0.2807422 0.2728860 
Nakaseomyces_castellii             0.2923827 0.1881712 0.2723377 0.0000000 0.2811082 0.2641064 0.2771739 0.2710023 0.2781228 0.2826237 0.2716703 0.2696077 0.2744328 0.2968337 0.3060991 
Nakaseomyces_delphensis            0.1165996 0.2545218 0.0542137 0.2811082 0.0000000 0.0423446 0.2540796 0.2425184 0.2544824 0.2522671 0.2426945 0.2433604 0.2543071 0.2897294 0.2881433 
Nakaseomyces_nivariensis           0.0956611 0.2337207 0.0220524 0.2641064 0.0423446 0.0000000 0.2293905 0.2217738 0.2400607 0.2309692 0.2219459 0.2225428 0.2398996 0.2700103 0.2582273 
Saccharomyces_arboricola           0.2772585 0.2335958 0.2270309 0.2771739 0.2540796 0.2293905 0.0000000 0.0254660 0.0275941 0.0290052 0.0197597 0.0255346 0.0248002 0.2596515 0.2981780 
Saccharomyces_cerevisiae           0.2695756 0.2312692 0.2386745 0.2710023 0.2425184 0.2217738 0.0254660 0.0000000 0.0360477 0.0083465 0.0054320 0.0054411 0.0332319 0.2537983 0.2918340 
Saccharomyces_eubayanus            0.2720130 0.2373027 0.2365267 0.2781228 0.2544824 0.2400607 0.0275941 0.0360477 0.0000000 0.0397708 0.0304206 0.0361435 0.0027054 0.2608225 0.3046761 
Saccharomyces_kudriavzevii         0.2803403 0.2414317 0.2481913 0.2826237 0.2522671 0.2309692 0.0290052 0.0083465 0.0397708 0.0000000 0.0083540 0.0083683 0.0368853 0.2643905 0.3034039 
Saccharomyces_mikatae              0.2702069 0.2250689 0.2317694 0.2716703 0.2426945 0.2219459 0.0197597 0.0054320 0.0304206 0.0083540 0.0000000 0.0054458 0.0276178 0.2473836 0.2849446 
Saccharomyces_paradoxus            0.2709529 0.2300543 0.2394924 0.2696077 0.2433604 0.2225428 0.0255346 0.0054411 0.0361435 0.0083683 0.0054458 0.0000000 0.0333198 0.2520101 0.2884183 
Saccharomyces_uvarum               0.2754277 0.2338619 0.2363705 0.2744328 0.2543071 0.2398996 0.0248002 0.0332319 0.0027054 0.0368853 0.0276178 0.0333198 0.0000000 0.2573952 0.3011362 
Tetrapisispora_blattae             0.3100573 0.2264795 0.2807422 0.2968337 0.2897294 0.2700103 0.2596515 0.2537983 0.2608225 0.2643905 0.2473836 0.2520101 0.2573952 0.0000000 0.1113712 
yHMPu5000035629_Yueomyces_sinensis 0.2866697 0.2681908 0.2728860 0.3060991 0.2881433 0.2582273 0.2981780 0.2918340 0.3046761 0.3034039 0.2849446 0.2884183 0.3011362 0.1113712 0.0000000 
