15
Candida_glabrata                   0.0000000 0.1373004 0.0514258 0.2057086 0.0584134 0.0383176 0.1684177 0.1187061 0.1659582 0.1339411 0.1298075 0.1381749 0.1822878 0.1079519 0.2214095 
Nakaseomyces_bacillisporus         0.1373004 0.0000000 0.1168991 0.2034975 0.1272351 0.1027549 0.2046230 0.1680648 0.1856495 0.1771107 0.1742229 0.1823303 0.2019382 0.1322647 0.2065767 
Nakaseomyces_bracarensis           0.0514258 0.1168991 0.0000000 0.1825911 0.0439552 0.0123156 0.1832615 0.1349326 0.1671195 0.1350500 0.1459699 0.1539110 0.1829238 0.1113495 0.1917795 
Nakaseomyces_castellii             0.2057086 0.2034975 0.1825911 0.0000000 0.1925328 0.1673392 0.2143973 0.2125153 0.2339581 0.2127072 0.2213304 0.2178974 0.2236694 0.2275149 0.2538654 
Nakaseomyces_delphensis            0.0584134 0.1272351 0.0439552 0.1925328 0.0000000 0.0311781 0.1700624 0.1361890 0.1688975 0.1509446 0.1474017 0.1554417 0.1696057 0.1269712 0.1876643 
Nakaseomyces_nivariensis           0.0383176 0.1027549 0.0123156 0.1673392 0.0311781 0.0000000 0.1683175 0.1205276 0.1519571 0.1351641 0.1312288 0.1392583 0.1678535 0.0970344 0.1763682 
Saccharomyces_arboricola           0.1684177 0.2046230 0.1832615 0.2143973 0.1700624 0.1683175 0.0000000 0.0461623 0.0470568 0.0674275 0.0398271 0.0394008 0.0416503 0.2129396 0.2646557 
Saccharomyces_cerevisiae           0.1187061 0.1680648 0.1349326 0.2125153 0.1361890 0.1205276 0.0461623 0.0000000 0.0399805 0.0315609 0.0127420 0.0186960 0.0537966 0.1604179 0.2440050 
Saccharomyces_eubayanus            0.1659582 0.1856495 0.1671195 0.2339581 0.1688975 0.1519571 0.0470568 0.0399805 0.0000000 0.0613151 0.0324984 0.0394543 0.0248934 0.1945708 0.2770801 
Saccharomyces_kudriavzevii         0.1339411 0.1771107 0.1350500 0.2127072 0.1509446 0.1351641 0.0674275 0.0315609 0.0613151 0.0000000 0.0326516 0.0383091 0.0615324 0.1751268 0.2441536 
Saccharomyces_mikatae              0.1298075 0.1742229 0.1459699 0.2213304 0.1474017 0.1312288 0.0398271 0.0127420 0.0324984 0.0326516 0.0000000 0.0125240 0.0459521 0.1722584 0.2585109 
Saccharomyces_paradoxus            0.1381749 0.1823303 0.1539110 0.2178974 0.1554417 0.1392583 0.0394008 0.0186960 0.0394543 0.0383091 0.0125240 0.0000000 0.0531293 0.1657860 0.2515717 
Saccharomyces_uvarum               0.1822878 0.2019382 0.1829238 0.2236694 0.1696057 0.1678535 0.0416503 0.0537966 0.0248934 0.0615324 0.0459521 0.0531293 0.0000000 0.2105080 0.2536083 
Tetrapisispora_blattae             0.1079519 0.1322647 0.1113495 0.2275149 0.1269712 0.0970344 0.2129396 0.1604179 0.1945708 0.1751268 0.1722584 0.1657860 0.2105080 0.0000000 0.1324521 
yHMPu5000035629_Yueomyces_sinensis 0.2214095 0.2065767 0.1917795 0.2538654 0.1876643 0.1763682 0.2646557 0.2440050 0.2770801 0.2441536 0.2585109 0.2515717 0.2536083 0.1324521 0.0000000 
