15
Candida_glabrata                   0.0000000 0.2952643 0.1058753 0.3801624 0.1095527 0.0931816 0.2623333 0.2319947 0.2457095 0.2686971 0.2418201 0.2524794 0.2453406 0.7586710 0.5377680 
Nakaseomyces_bacillisporus         0.2952643 0.0000000 0.3066795 0.2345990 0.3017557 0.2984255 0.2614416 0.2571428 0.2707537 0.2751275 0.2555373 0.2560571 0.2591953 0.6935509 0.5101196 
Nakaseomyces_bracarensis           0.1058753 0.3066795 0.0000000 0.4058380 0.0520470 0.0322599 0.3067267 0.2828644 0.2912034 0.3039228 0.2803875 0.2974028 0.2897003 0.7808594 0.5865963 
Nakaseomyces_castellii             0.3801624 0.2345990 0.4058380 0.0000000 0.3995222 0.3833834 0.3404911 0.3286599 0.3528057 0.3551383 0.3293265 0.3282270 0.3471026 0.7214167 0.5853608 
Nakaseomyces_delphensis            0.1095527 0.3017557 0.0520470 0.3995222 0.0000000 0.0384822 0.2918601 0.2707114 0.2788335 0.2868065 0.2634562 0.2902912 0.2772505 0.7862484 0.5963669 
Nakaseomyces_nivariensis           0.0931816 0.2984255 0.0322599 0.3833834 0.0384822 0.0000000 0.2833019 0.2602456 0.2681447 0.2880954 0.2551736 0.2743943 0.2665006 0.7715313 0.5758514 
Saccharomyces_arboricola           0.2623333 0.2614416 0.3067267 0.3404911 0.2918601 0.2833019 0.0000000 0.0295632 0.0352741 0.0496212 0.0322745 0.0299568 0.0325310 0.7137110 0.4685129 
Saccharomyces_cerevisiae           0.2319947 0.2571428 0.2828644 0.3286599 0.2707114 0.2602456 0.0295632 0.0000000 0.0266892 0.0520080 0.0293719 0.0238920 0.0294638 0.6871468 0.4530852 
Saccharomyces_eubayanus            0.2457095 0.2707537 0.2912034 0.3528057 0.2788335 0.2681447 0.0352741 0.0266892 0.0000000 0.0520435 0.0350412 0.0404742 0.0078910 0.7225306 0.4567368 
Saccharomyces_kudriavzevii         0.2686971 0.2751275 0.3039228 0.3551383 0.2868065 0.2880954 0.0496212 0.0520080 0.0520435 0.0000000 0.0534281 0.0576560 0.0549848 0.7479590 0.4790830 
Saccharomyces_mikatae              0.2418201 0.2555373 0.2803875 0.3293265 0.2634562 0.2551736 0.0322745 0.0293719 0.0350412 0.0534281 0.0000000 0.0349295 0.0378736 0.7067579 0.4603353 
Saccharomyces_paradoxus            0.2524794 0.2560571 0.2974028 0.3282270 0.2902912 0.2743943 0.0299568 0.0238920 0.0404742 0.0576560 0.0349295 0.0000000 0.0409949 0.7008332 0.4553155 
Saccharomyces_uvarum               0.2453406 0.2591953 0.2897003 0.3471026 0.2772505 0.2665006 0.0325310 0.0294638 0.0078910 0.0549848 0.0378736 0.0409949 0.0000000 0.7188642 0.4601861 
Tetrapisispora_blattae             0.7586710 0.6935509 0.7808594 0.7214167 0.7862484 0.7715313 0.7137110 0.6871468 0.7225306 0.7479590 0.7067579 0.7008332 0.7188642 0.0000000 0.5055691 
yHMPu5000035629_Yueomyces_sinensis 0.5377680 0.5101196 0.5865963 0.5853608 0.5963669 0.5758514 0.4685129 0.4530852 0.4567368 0.4790830 0.4603353 0.4553155 0.4601861 0.5055691 0.0000000 
