15
Candida_glabrata                   0.0000000 0.2995471 0.1317245 0.3547311 0.1495029 0.1253199 0.2469085 0.2492441 0.2346617 0.2547886 0.2399119 0.2407477 0.2376542 0.3650626 0.6287613 
Nakaseomyces_bacillisporus         0.2995471 0.0000000 0.2620182 0.2660586 0.2872147 0.2439869 0.2380669 0.2430867 0.2411545 0.2615960 0.2379053 0.2395661 0.2384906 0.3742307 0.6531941 
Nakaseomyces_bracarensis           0.1317245 0.2620182 0.0000000 0.3697438 0.0514841 0.0319737 0.2487411 0.2516644 0.2494390 0.2511512 0.2390766 0.2448709 0.2526472 0.3930424 0.6198307 
Nakaseomyces_castellii             0.3547311 0.2660586 0.3697438 0.0000000 0.3781536 0.3527398 0.2942528 0.3056611 0.2830966 0.2849868 0.2870369 0.2958895 0.2941583 0.4149948 0.7671808 
Nakaseomyces_delphensis            0.1495029 0.2872147 0.0514841 0.3781536 0.0000000 0.0434326 0.2565505 0.2685035 0.2578223 0.2561273 0.2534483 0.2615518 0.2620927 0.4079550 0.6031452 
Nakaseomyces_nivariensis           0.1253199 0.2439869 0.0319737 0.3527398 0.0434326 0.0000000 0.2292913 0.2420366 0.2318664 0.2336576 0.2276391 0.2353777 0.2329777 0.3837496 0.5969140 
Saccharomyces_arboricola           0.2469085 0.2380669 0.2487411 0.2942528 0.2565505 0.2292913 0.0000000 0.0333336 0.0355609 0.0431950 0.0541751 0.0367293 0.0356539 0.3460188 0.6359308 
Saccharomyces_cerevisiae           0.2492441 0.2430867 0.2516644 0.3056611 0.2685035 0.2420366 0.0333336 0.0000000 0.0408097 0.0484821 0.0433761 0.0139510 0.0409197 0.3457276 0.6261021 
Saccharomyces_eubayanus            0.2346617 0.2411545 0.2494390 0.2830966 0.2578223 0.2318664 0.0355609 0.0408097 0.0000000 0.0467683 0.0430330 0.0366174 0.0069038 0.3342616 0.6556577 
Saccharomyces_kudriavzevii         0.2547886 0.2615960 0.2511512 0.2849868 0.2561273 0.2336576 0.0431950 0.0484821 0.0467683 0.0000000 0.0622100 0.0482447 0.0543573 0.3540138 0.6260290 
Saccharomyces_mikatae              0.2399119 0.2379053 0.2390766 0.2870369 0.2534483 0.2276391 0.0541751 0.0433761 0.0430330 0.0622100 0.0000000 0.0357736 0.0466695 0.3481572 0.6581205 
Saccharomyces_paradoxus            0.2407477 0.2395661 0.2448709 0.2958895 0.2615518 0.2353777 0.0367293 0.0139510 0.0366174 0.0482447 0.0357736 0.0000000 0.0367154 0.3448562 0.6293200 
Saccharomyces_uvarum               0.2376542 0.2384906 0.2526472 0.2941583 0.2620927 0.2329777 0.0356539 0.0409197 0.0069038 0.0543573 0.0466695 0.0367154 0.0000000 0.3385436 0.6565573 
Tetrapisispora_blattae             0.3650626 0.3742307 0.3930424 0.4149948 0.4079550 0.3837496 0.3460188 0.3457276 0.3342616 0.3540138 0.3481572 0.3448562 0.3385436 0.0000000 0.6011875 
yHMPu5000035629_Yueomyces_sinensis 0.6287613 0.6531941 0.6198307 0.7671808 0.6031452 0.5969140 0.6359308 0.6261021 0.6556577 0.6260290 0.6581205 0.6293200 0.6565573 0.6011875 0.0000000 
