15
Candida_glabrata                   0.0000000 0.1825953 0.0756494 0.1757549 0.0559693 0.0560601 0.1143857 0.1233214 0.1061814 0.1187100 0.1236733 0.1190473 0.1092528 0.1384003 0.2072226 
Nakaseomyces_bacillisporus         0.1825953 0.0000000 0.1790116 0.1994225 0.2022496 0.1928896 0.2076074 0.2237827 0.2106586 0.2112711 0.2255735 0.2188968 0.2091021 0.2371974 0.2748851 
Nakaseomyces_bracarensis           0.0756494 0.1790116 0.0000000 0.1686900 0.0361452 0.0250839 0.1428625 0.1304946 0.1486181 0.1432582 0.1381102 0.1347347 0.1428415 0.1173674 0.1863209 
Nakaseomyces_castellii             0.1757549 0.1994225 0.1686900 0.0000000 0.1838832 0.1727516 0.2156677 0.2107359 0.2174769 0.2234204 0.2155964 0.2154316 0.2199519 0.2301416 0.2798371 
Nakaseomyces_delphensis            0.0559693 0.2022496 0.0361452 0.1838832 0.0000000 0.0213126 0.1394758 0.1256422 0.1359486 0.1438958 0.1344882 0.1298570 0.1388276 0.1313264 0.2029581 
Nakaseomyces_nivariensis           0.0560601 0.1928896 0.0250839 0.1727516 0.0213126 0.0000000 0.1344610 0.1176552 0.1275829 0.1388398 0.1303646 0.1218543 0.1305218 0.1194078 0.1988338 
Saccharomyces_arboricola           0.1143857 0.2076074 0.1428625 0.2156677 0.1394758 0.1344610 0.0000000 0.0361088 0.0249508 0.0105824 0.0438559 0.0323941 0.0288805 0.1643936 0.2133808 
Saccharomyces_cerevisiae           0.1233214 0.2237827 0.1304946 0.2107359 0.1256422 0.1176552 0.0361088 0.0000000 0.0364022 0.0398648 0.0216284 0.0035184 0.0479497 0.1609791 0.2272464 
Saccharomyces_eubayanus            0.1061814 0.2106586 0.1486181 0.2174769 0.1359486 0.1275829 0.0249508 0.0364022 0.0000000 0.0286195 0.0510205 0.0361062 0.0106381 0.1743997 0.2221650 
Saccharomyces_kudriavzevii         0.1187100 0.2112711 0.1432582 0.2234204 0.1438958 0.1388398 0.0105824 0.0398648 0.0286195 0.0000000 0.0510467 0.0361253 0.0252077 0.1748594 0.2240616 
Saccharomyces_mikatae              0.1236733 0.2255735 0.1381102 0.2155964 0.1344882 0.1303646 0.0438559 0.0216284 0.0510205 0.0510467 0.0000000 0.0179646 0.0627339 0.1466739 0.2109447 
Saccharomyces_paradoxus            0.1190473 0.2188968 0.1347347 0.2154316 0.1298570 0.1218543 0.0323941 0.0035184 0.0361062 0.0361253 0.0179646 0.0000000 0.0475607 0.1563076 0.2223550 
Saccharomyces_uvarum               0.1092528 0.2091021 0.1428415 0.2199519 0.1388276 0.1305218 0.0288805 0.0479497 0.0106381 0.0252077 0.0627339 0.0475607 0.0000000 0.1772181 0.2218462 
Tetrapisispora_blattae             0.1384003 0.2371974 0.1173674 0.2301416 0.1313264 0.1194078 0.1643936 0.1609791 0.1743997 0.1748594 0.1466739 0.1563076 0.1772181 0.0000000 0.1390117 
yHMPu5000035629_Yueomyces_sinensis 0.2072226 0.2748851 0.1863209 0.2798371 0.2029581 0.1988338 0.2133808 0.2272464 0.2221650 0.2240616 0.2109447 0.2223550 0.2218462 0.1390117 0.0000000 
