15
Candida_glabrata                   0.0000000 0.4296997 0.0833229 0.4021593 0.0911550 0.0844946 0.3261593 0.2873143 0.3132348 0.3095463 0.3130022 0.3031055 0.3161690 0.7011423 0.7361173 
Nakaseomyces_bacillisporus         0.4296997 0.0000000 0.4033616 0.3796572 0.4180563 0.4311233 0.3116612 0.2807460 0.2964994 0.2570783 0.2770235 0.2958685 0.3026102 0.8606469 0.7318730 
Nakaseomyces_bracarensis           0.0833229 0.4033616 0.0000000 0.4217942 0.0704395 0.0340773 0.3276028 0.2842124 0.3251641 0.2960490 0.2980002 0.2965712 0.3280329 0.6962012 0.7375549 
Nakaseomyces_castellii             0.4021593 0.3796572 0.4217942 0.0000000 0.4451420 0.4356410 0.3800681 0.3556904 0.3626837 0.3642170 0.3441479 0.3726318 0.3770448 0.7120124 0.7263088 
Nakaseomyces_delphensis            0.0911550 0.4180563 0.0704395 0.4451420 0.0000000 0.0531414 0.3086641 0.2841391 0.3118565 0.2973834 0.3071944 0.2961717 0.3147222 0.6744777 0.7555598 
Nakaseomyces_nivariensis           0.0844946 0.4311233 0.0340773 0.4356410 0.0531414 0.0000000 0.3464117 0.3163715 0.3360113 0.3281566 0.3303751 0.3291261 0.3389221 0.6861598 0.7565873 
Saccharomyces_arboricola           0.3261593 0.3116612 0.3276028 0.3800681 0.3086641 0.3464117 0.0000000 0.0531594 0.0579812 0.0366709 0.0598101 0.0531534 0.0641195 0.7360566 0.7133806 
Saccharomyces_cerevisiae           0.2873143 0.2807460 0.2842124 0.3556904 0.2841391 0.3163715 0.0531594 0.0000000 0.0819559 0.0348220 0.0477484 0.0114857 0.0878982 0.7515677 0.7146510 
Saccharomyces_eubayanus            0.3132348 0.2964994 0.3251641 0.3626837 0.3118565 0.3360113 0.0579812 0.0819559 0.0000000 0.0599340 0.0790833 0.0819263 0.0057109 0.6946115 0.6779302 
Saccharomyces_kudriavzevii         0.3095463 0.2570783 0.2960490 0.3642170 0.2973834 0.3281566 0.0366709 0.0348220 0.0599340 0.0000000 0.0409907 0.0348231 0.0657358 0.7270468 0.7123289 
Saccharomyces_mikatae              0.3130022 0.2770235 0.2980002 0.3441479 0.3071944 0.3303751 0.0598101 0.0477484 0.0790833 0.0409907 0.0000000 0.0477450 0.0849100 0.7327979 0.6759547 
Saccharomyces_paradoxus            0.3031055 0.2958685 0.2965712 0.3726318 0.2961717 0.3291261 0.0531534 0.0114857 0.0819263 0.0348231 0.0477450 0.0000000 0.0878623 0.7381010 0.7064152 
Saccharomyces_uvarum               0.3161690 0.3026102 0.3280329 0.3770448 0.3147222 0.3389221 0.0641195 0.0878982 0.0057109 0.0657358 0.0849100 0.0878623 0.0000000 0.6990481 0.6984376 
Tetrapisispora_blattae             0.7011423 0.8606469 0.6962012 0.7120124 0.6744777 0.6861598 0.7360566 0.7515677 0.6946115 0.7270468 0.7327979 0.7381010 0.6990481 0.0000000 0.6215197 
yHMPu5000035629_Yueomyces_sinensis 0.7361173 0.7318730 0.7375549 0.7263088 0.7555598 0.7565873 0.7133806 0.7146510 0.6779302 0.7123289 0.6759547 0.7064152 0.6984376 0.6215197 0.0000000 
