15
Candida_glabrata                   0.0000000 0.3621028 0.2461570 0.5440175 0.2748162 0.2620840 0.3928596 0.3844482 0.4002100 0.4106040 0.4047582 0.3918280 0.4005472 1.1382258 0.7925114 
Nakaseomyces_bacillisporus         0.3621028 0.0000000 0.3618116 0.4620563 0.3547272 0.3342421 0.2929776 0.3163743 0.3249386 0.3476072 0.3334461 0.3286541 0.3098902 1.2691951 0.8134981 
Nakaseomyces_bracarensis           0.2461570 0.3618116 0.0000000 0.5168434 0.1756871 0.1066306 0.3692862 0.3700126 0.3570748 0.4024786 0.3736542 0.3839964 0.3694168 1.1563680 0.7172531 
Nakaseomyces_castellii             0.5440175 0.4620563 0.5168434 0.0000000 0.5348669 0.5348079 0.5544180 0.5572663 0.5554799 0.5932403 0.5814969 0.5768411 0.5654692 1.4992431 0.9794123 
Nakaseomyces_delphensis            0.2748162 0.3547272 0.1756871 0.5348669 0.0000000 0.0874396 0.3991295 0.3912270 0.3970534 0.4095150 0.4025653 0.4055347 0.3929569 1.1828943 0.7208587 
Nakaseomyces_nivariensis           0.2620840 0.3342421 0.1066306 0.5348079 0.0874396 0.0000000 0.3690291 0.3749809 0.3532882 0.4090649 0.3897272 0.3888294 0.3636079 1.1401514 0.7467573 
Saccharomyces_arboricola           0.3928596 0.2929776 0.3692862 0.5544180 0.3991295 0.3690291 0.0000000 0.0562879 0.0711018 0.1069731 0.1032122 0.0611461 0.0759616 1.2356270 0.7450386 
Saccharomyces_cerevisiae           0.3844482 0.3163743 0.3700126 0.5572663 0.3912270 0.3749809 0.0562879 0.0000000 0.0707653 0.0976537 0.0717794 0.0367131 0.0658613 1.2045612 0.7671470 
Saccharomyces_eubayanus            0.4002100 0.3249386 0.3570748 0.5554799 0.3970534 0.3532882 0.0711018 0.0707653 0.0000000 0.1165542 0.1145250 0.0799899 0.0365341 1.1877017 0.7801763 
Saccharomyces_kudriavzevii         0.4106040 0.3476072 0.4024786 0.5932403 0.4095150 0.4090649 0.1069731 0.0976537 0.1165542 0.0000000 0.1306051 0.0919540 0.1264070 1.1912117 0.7954602 
Saccharomyces_mikatae              0.4047582 0.3334461 0.3736542 0.5814969 0.4025653 0.3897272 0.1032122 0.0717794 0.1145250 0.1306051 0.0000000 0.0767794 0.1088678 1.1600682 0.7635884 
Saccharomyces_paradoxus            0.3918280 0.3286541 0.3839964 0.5768411 0.4055347 0.3888294 0.0611461 0.0367131 0.0799899 0.0919540 0.0767794 0.0000000 0.0848721 1.1985213 0.7539407 
Saccharomyces_uvarum               0.4005472 0.3098902 0.3694168 0.5654692 0.3929569 0.3636079 0.0759616 0.0658613 0.0365341 0.1264070 0.1088678 0.0848721 0.0000000 1.2050216 0.7740658 
Tetrapisispora_blattae             1.1382258 1.2691951 1.1563680 1.4992431 1.1828943 1.1401514 1.2356270 1.2045612 1.1877017 1.1912117 1.1600682 1.1985213 1.2050216 0.0000000 1.1683272 
yHMPu5000035629_Yueomyces_sinensis 0.7925114 0.8134981 0.7172531 0.9794123 0.7208587 0.7467573 0.7450386 0.7671470 0.7801763 0.7954602 0.7635884 0.7539407 0.7740658 1.1683272 0.0000000 
