6
F          0.0000000 0.2044586 0.2108444 0.2175140 0.2352427 0.2088041 
E          0.2044586 0.0000000 0.0879353 0.0771742 0.0923924 0.0816678 
C          0.2108444 0.0879353 0.0000000 0.0388586 0.0598068 0.0477591 
D          0.2175140 0.0771742 0.0388586 0.0000000 0.0450166 0.0358585 
A          0.2352427 0.0923924 0.0598068 0.0450166 0.0000000 0.0164501 
B          0.2088041 0.0816678 0.0477591 0.0358585 0.0164501 0.0000000 
