6
D          0.0000000 0.0592303 0.1488884 0.1885225 0.1797756 0.1849053 
E          0.0592303 0.0000000 0.1355149 0.1687404 0.1681914 0.1732145 
F          0.1488884 0.1355149 0.0000000 0.1063740 0.1032284 0.1078061 
C          0.1885225 0.1687404 0.1063740 0.0000000 0.0828839 0.0873555 
A          0.1797756 0.1681914 0.1032284 0.0828839 0.0000000 0.0079926 
B          0.1849053 0.1732145 0.1078061 0.0873555 0.0079926 0.0000000 
