6
C          0.0000000 0.0287256 0.0539838 0.0371250 0.1312612 0.1376798 
D          0.0287256 0.0000000 0.0540706 0.0371843 0.1387602 0.1403777 
A          0.0539838 0.0540706 0.0000000 0.0202179 0.1367202 0.1268780 
B          0.0371250 0.0371843 0.0202179 0.0000000 0.1182315 0.1178735 
E          0.1312612 0.1387602 0.1367202 0.1182315 0.0000000 0.1156444 
F          0.1376798 0.1403777 0.1268780 0.1178735 0.1156444 0.0000000 
