6
F          0.0000000 0.1475737 0.1400524 0.1428809 0.1402916 0.1556882 
E          0.1475737 0.0000000 0.0784579 0.0831742 0.0830973 0.0834731 
A          0.1400524 0.0784579 0.0000000 0.0040224 0.0807425 0.0811050 
B          0.1428809 0.0831742 0.0040224 0.0000000 0.0831991 0.0858688 
C          0.1402916 0.0830973 0.0807425 0.0831991 0.0000000 0.0435676 
D          0.1556882 0.0834731 0.0811050 0.0858688 0.0435676 0.0000000 
