6
F          0.0000000 0.1130982 0.1109136 0.1233339 0.1262972 0.1210135 
A          0.1130982 0.0000000 0.0182032 0.0939910 0.0943732 0.0828158 
B          0.1109136 0.0182032 0.0000000 0.0918476 0.0922208 0.0806862 
E          0.1233339 0.0939910 0.0918476 0.0000000 0.0245481 0.0182811 
C          0.1262972 0.0943732 0.0922208 0.0245481 0.0000000 0.0183494 
D          0.1210135 0.0828158 0.0806862 0.0182811 0.0183494 0.0000000 
