6
F          0.0000000 0.1484310 0.1519624 0.1634934 0.1330114 0.1387991 
D          0.1484310 0.0000000 0.0266695 0.0717439 0.0411794 0.0542578 
E          0.1519624 0.0266695 0.0000000 0.0721773 0.0456820 0.0589368 
B          0.1634934 0.0717439 0.0721773 0.0000000 0.0454550 0.0542983 
A          0.1330114 0.0411794 0.0456820 0.0454550 0.0000000 0.0307052 
C          0.1387991 0.0542578 0.0589368 0.0542983 0.0307052 0.0000000 
