6
F          0.0000000 0.1381290 0.1443880 0.1470078 0.1320550 0.1222976 
E          0.1381290 0.0000000 0.1275803 0.1206438 0.1133058 0.1039315 
C          0.1443880 0.1275803 0.0000000 0.0242495 0.0497329 0.0411988 
D          0.1470078 0.1206438 0.0242495 0.0000000 0.0519177 0.0433520 
A          0.1320550 0.1133058 0.0497329 0.0519177 0.0000000 0.0121451 
B          0.1222976 0.1039315 0.0411988 0.0433520 0.0121451 0.0000000 
