6
F          0.0000000 0.1302727 0.1398750 0.1456861 0.1338139 0.1360363 
A          0.1302727 0.0000000 0.0100673 0.1103369 0.1012732 0.1011955 
B          0.1398750 0.0100673 0.0000000 0.1219940 0.1128206 0.1127328 
E          0.1456861 0.1103369 0.1219940 0.0000000 0.0369617 0.0369357 
C          0.1338139 0.1012732 0.1128206 0.0369617 0.0000000 0.0161933 
D          0.1360363 0.1011955 0.1127328 0.0369357 0.0161933 0.0000000 
