6
E          0.0000000 0.0161227 0.0181663 0.1138146 0.1198838 0.1104718 
C          0.0161227 0.0000000 0.0140497 0.1114484 0.1128848 0.1035553 
D          0.0181663 0.0140497 0.0000000 0.1138326 0.1199029 0.1104890 
F          0.1138146 0.1114484 0.1138326 0.0000000 0.1167348 0.1119931 
A          0.1198838 0.1128848 0.1199029 0.1167348 0.0000000 0.0588753 
B          0.1104718 0.1035553 0.1104890 0.1119931 0.0588753 0.0000000 
