6
F          0.0000000 0.1336306 0.1286194 0.1267097 0.1138913 0.1138032 
A          0.1336306 0.0000000 0.0040233 0.1298510 0.1192501 0.1168519 
B          0.1286194 0.0040233 0.0000000 0.1249161 0.1143419 0.1119623 
E          0.1267097 0.1298510 0.1249161 0.0000000 0.0941259 0.0895523 
C          0.1138913 0.1192501 0.1143419 0.0941259 0.0000000 0.0204054 
D          0.1138032 0.1168519 0.1119623 0.0895523 0.0204054 0.0000000 
